Time = 1000
Temperature
   1.0292907   0.032393312

Pressure
    23.63409    0.12736247

CM Mom
-1.1906664e-16 1.8532703e-17 
1.2588429e-18  1.6842436e-17 
-6.4940789e-18 7.4979193e-17 
1.4073525e-16  2.5753015e-17 

CM Pos
7.5030446      0.01489002    
7.4999687      0.016958891   
7.4989523      0.012133114   
12.991526      0.019955764   

Stress
20.5459      -0.00666061  -0.002082     0.102231     0.0663007    0.050462    
-0.00666061  20.521       -0.0107666    0.0663007    0.105581     0.0928908   
-0.002082    -0.0107666   20.5983       0.050462     0.0928908    0.0932879   

Stress Spherical
0            0            0             0            0            0           
0            0            0             0            0            0           
0            0            0             0            0            0           

Inertia
149.988      -56.3032     -56.2607      0.421463     0.202706     0.188435    
-56.3032     150.05       -56.2571      0.202706     0.540584     0.146802    
-56.2607     -56.2571     150.037       0.188435     0.146802     0.48192     

Bond Length
0.6211365     0.0040153758

BB bond length
0.6211365     0.0040153758

Water EE distance
0             0           

PEG EE distance
5.9546986     0.48396145  

BBB P2(x)
0.47866531    0.050153681 

BBB first bond length
0.62086806    0.0035320078

BBB second bond length
0.62138652    0.0047534293

BBB <phi**2>/<phi>**2
1.2115595     0.027345365 

Time = 2000
Temperature
1.0186143     0.0057577036

Pressure
23.571608     0.067269987 

CM Mom
-1.2697791e-16 1.8262652e-17 
1.4160952e-18  1.8451308e-17 
-4.8769372e-17 1.789185e-17  
1.3815854e-16  2.0252368e-17 

CM Pos
7.5002217      0.018817314   
7.4950658      0.015285049   
7.4946437      0.010713801   
12.984593      0.0078767139  

Stress
20.5342      -0.00635752  -0.0100344    0.0604719    0.11292      0.0599649   
-0.00635752  20.4974      0.0341797     0.11292      0.102486     0.0654492   
-0.0100344   0.0341797    20.5419       0.0599649    0.0654492    0.0925646   

Stress Spherical
0            0            0             0            0            0           
0            0            0             0            0            0           
0            0            0             0            0            0           

Inertia
149.801      -56.211      -56.1825      0.276526     0.126931     0.141417    
-56.211      149.883      -56.2047      0.126931     0.352706     0.165767    
-56.1825     -56.2047     149.886       0.141417     0.165767     0.232261    

Bond Length
0.6191755     0.0072511421

BB bond length
0.6191755     0.0072511421

Water EE distance
0             0           

PEG EE distance
6.5130244     0.42937542  

BBB P2(x)
0.49011873    0.026611262 

BBB first bond length
0.61952352    0.0069733432

BBB second bond length
0.61888681    0.0073221482

BBB <phi**2>/<phi>**2
1.2240369     0.019361106 

Time = 3000
Temperature
1.0126645     0.0046554795

Pressure
23.567846     0.079992702 

CM Mom
-1.3890379e-16 2.6534314e-17 
-4.2444367e-18 2.3843372e-17 
-8.4743029e-17 1.858949e-17  
1.6583571e-16  2.4704668e-17 

CM Pos
7.4953188      0.013877133   
7.4990772      0.0092796136  
7.5029638      0.011626781   
12.98887       0.010194843   

Stress
20.5049      0.0163922    -0.0112318    0.115531     0.0509134    0.0760265   
0.0163922    20.5735      0.0410426     0.0509134    0.0908746    0.0694264   
-0.0112318   0.0410426    20.5373       0.0760265    0.0694264    0.140527    

Stress Spherical
0            0            0             0            0            0           
0            0            0             0            0            0           
0            0            0             0            0            0           

Inertia
149.995      -56.2174     -56.2227      0.17895      0.108254     0.149974    
-56.2174     149.956      -56.2777      0.108254     0.346835     0.0669048   
-56.2227     -56.2777     149.896       0.149974     0.0669048    0.186464    

Bond Length
0.62014949    0.0058000038

BB bond length
0.62014949    0.0058000038

Water EE distance
0             0           

PEG EE distance
6.7374555     0.13365022  

BBB P2(x)
0.50673367    0.018250574 

BBB first bond length
0.6199338     0.0059724406

BBB second bond length
0.61979648    0.0058458466

BBB <phi**2>/<phi>**2
1.2349587     0.023104635 

Time = 4000
Temperature
1.0063795     0.0076890864

Pressure
23.545094     0.071446557 

CM Mom
-1.4048965e-16 2.2537965e-17 
-7.9949859e-18 9.7969649e-18 
-8.4864404e-17 9.4368062e-18 
1.6529675e-16  1.9318537e-17 

CM Pos
7.4965074      0.017349438   
7.4992258      0.010881438   
7.5004381      0.010195447   
12.988176      0.019855863   

Stress
20.5203      0.048703     -0.00392447   0.100523     0.112865     0.0408822   
0.048703     20.5027      -0.0311975    0.112865     0.0949323    0.0637124   
-0.00392447  -0.0311975   20.5809       0.0408822    0.0637124    0.121584    

Stress Spherical
0            0            0             0            0            0           
0            0            0             0            0            0           
0            0            0             0            0            0           

Inertia
149.988      -56.2227     -56.2401      0.253421     0.226245     0.212998    
-56.2227     149.929      -56.2277      0.226245     0.408616     0.175154    
-56.2401     -56.2277     149.915       0.212998     0.175154     0.355404    

Bond Length
0.62276424    0.0064598314

BB bond length
0.62276424    0.0064598314

Water EE distance
0             0           

PEG EE distance
6.6581973     0.50564058  

BBB P2(x)
0.50887706    0.017476105 

BBB first bond length
0.62291675    0.0063228591

BBB second bond length
0.6234902     0.0066889709

BBB <phi**2>/<phi>**2
1.2236951     0.015875631 

Time = 5000
Temperature
1.0108594     0.0096993887

Pressure
23.535231     0.053260326 

CM Mom
-1.5184659e-16 2.331785e-17  
1.4636558e-18  1.7995979e-17 
-7.4964797e-17 1.4776448e-17 
1.7123452e-16  2.1069178e-17 

CM Pos
7.4973988      0.015235868   
7.5023459      0.0074361096  
7.5028153      0.018041154   
12.991872      0.017125946   

Stress
20.4559      -0.0434038   0.0178487     0.128009     0.0735612    0.0873135   
-0.0434038   20.4922      -0.0205822    0.0735612    0.106937     0.078399    
0.0178487    -0.0205822   20.586        0.0873135    0.078399     0.0872705   

Stress Spherical
0            0            0             0            0            0           
0            0            0             0            0            0           
0            0            0             0            0            0           

Inertia
150.055      -56.2365     -56.2503      0.276099     0.134161     0.205952    
-56.2365     149.995      -56.27        0.134161     0.445466     0.156619    
-56.2503     -56.27       149.975       0.205952     0.156619     0.271766    

Bond Length
0.62563708    0.0063122138

BB bond length
0.62563708    0.0063122138

Water EE distance
0             0           

PEG EE distance
7.8046503     0.29816673  

BBB P2(x)
0.51616312    0.024218133 

BBB first bond length
0.62573847    0.0062834006

BBB second bond length
0.62680395    0.0060262056

BBB <phi**2>/<phi>**2
1.2233788     0.017686159 

Time = 6000
Temperature
1.0121552     0.0053248625

Pressure
23.509894     0.08645262  

CM Mom
-1.4694482e-16 1.866492e-17  
1.3206442e-17  1.9661833e-17 
-4.4237923e-17 1.4701705e-17 
1.5576238e-16  2.0331554e-17 

CM Pos
7.5051247      0.016329594   
7.4964029      0.014036086   
7.498358       0.010447805   
12.990332      0.013152793   

Stress
20.4688      -0.0138914   0.00113676    0.0811785    0.0805475    0.0819938   
-0.0138914   20.4972      0.00383142    0.0805475    0.114369     0.053657    
0.00113676   0.00383142   20.4804       0.0819938    0.053657     0.125744    

Stress Spherical
0            0            0             0            0            0           
0            0            0             0            0            0           
0            0            0             0            0            0           

Inertia
149.91       -56.2575     -56.2407      0.310096     0.163135     0.174847    
-56.2575     150.027      -56.2263      0.163135     0.257973     0.135908    
-56.2407     -56.2263     149.986       0.174847     0.135908     0.271487    

Bond Length
0.62037913    0.0062423796

BB bond length
0.62037913    0.0062423796

Water EE distance
0             0           

PEG EE distance
6.7726806     0.42426772  

BBB P2(x)
0.51508851    0.028096844 

BBB first bond length
0.62076257    0.006155307 

BBB second bond length
0.62022228    0.0063577798

BBB <phi**2>/<phi>**2
1.2333896     0.022371564 

Time = 7000
Temperature
1.0132676     0.0066118317

Pressure
23.554155     0.07111767  

CM Mom
-1.3943891e-16 1.9341075e-17 
3.4589658e-17  2.3098336e-17 
-3.7433738e-17 1.7705398e-17 
1.5067908e-16  2.3618767e-17 

CM Pos
7.5012618      0.015740399   
7.507546       0.017134354   
7.5001409      0.01190538    
12.995562      0.01853253    

Stress
20.4677      0.0277806    0.0240578     0.0944336    0.0972846    0.0550736   
0.0277806    20.5713      -0.0286777    0.0972846    0.134084     0.0643728   
0.0240578    -0.0286777   20.5302       0.0550736    0.0643728    0.090884    

Stress Spherical
0            0            0             0            0            0           
0            0            0             0            0            0           
0            0            0             0            0            0           

Inertia
150.118      -56.2846     -56.268       0.33052      0.247619     0.179587    
-56.2846     150.017      -56.2964      0.247619     0.311906     0.170589    
-56.268      -56.2964     150.134       0.179587     0.170589     0.428638    

Bond Length
0.6228371     0.0058054145

BB bond length
0.6228371     0.0058054145

Water EE distance
0             0           

PEG EE distance
6.2794164     0.46276981  

BBB P2(x)
0.52388281    0.026307647 

BBB first bond length
0.62265528    0.0063170943

BBB second bond length
0.62320778    0.0062137818

BBB <phi**2>/<phi>**2
1.229783      0.015615449 

Time = 8000
Temperature
1.0102382     0.0079685899

Pressure
23.531947     0.058092419 

CM Mom
-1.0948579e-16 3.8613466e-17 
7.5931678e-17  1.8755925e-17 
-3.0434363e-17 1.9821928e-17 
1.4186434e-16  2.8092907e-17 

CM Pos
7.4965074      0.011213131   
7.4943229      0.01285742    
7.4993981      0.010501543   
12.984749      0.012328018   

Stress
20.4475      -0.0146807   0.0306547     0.0816799    0.0912937    0.0808067   
-0.0146807   20.4951      -0.00631303   0.0912937    0.11183      0.0645819   
0.0306547    -0.00631303  20.5871       0.0808067    0.0645819    0.0835206   

Stress Spherical
0            0            0             0            0            0           
0            0            0             0            0            0           
0            0            0             0            0            0           

Inertia
149.905      -56.189      -56.2238      0.29534      0.150344     0.149095    
-56.189      149.913      -56.2298      0.150344     0.205428     0.145413    
-56.2238     -56.2298     149.844       0.149095     0.145413     0.241871    

Bond Length
0.62113556    0.0048458598

BB bond length
0.62113556    0.0048458598

Water EE distance
0             0           

PEG EE distance
7.7016826     0.48202404  

BBB P2(x)
0.52764966    0.027347073 

BBB first bond length
0.62106392    0.0048716496

BBB second bond length
0.62186487    0.0051557231

BBB <phi**2>/<phi>**2
1.2203515     0.03813911  

Time = 9000
Temperature
1.0072314     0.005715612 

Pressure
23.52363      0.098326703 

CM Mom
-1.4405683e-16 2.7047464e-17 
7.4384723e-17  1.6945296e-17 
-1.5555604e-17 2.545947e-17  
1.6623426e-16  2.3674796e-17 

CM Pos
7.5012618      0.013341885   
7.4969972      0.012788562   
7.4961294      0.012589374   
12.987151      0.0157453     

Stress
20.5254      -0.00562728  0.0324455     0.151069     0.0629529    0.0589507   
-0.00562728  20.546       -0.0154022    0.0629529    0.124534     0.0554685   
0.0324455    -0.0154022   20.4603       0.0589507    0.0554685    0.0593436   

Stress Spherical
0            0            0             0            0            0           
0            0            0             0            0            0           
0            0            0             0            0            0           

Inertia
149.887      -56.2419     -56.2419      0.217024     0.164023     0.213821    
-56.2419     149.935      -56.1754      0.164023     0.29671      0.156465    
-56.2419     -56.1754     149.959       0.213821     0.156465     0.343601    

Bond Length
0.61961765    0.0061889977

BB bond length
0.61961765    0.0061889977

Water EE distance
0             0           

PEG EE distance
7.5045063     0.19660965  

BBB P2(x)
0.53931236    0.028369985 

BBB first bond length
0.61950211    0.0062007102

BBB second bond length
0.61960535    0.0067986048

BBB <phi**2>/<phi>**2
1.2349296     0.02269051  

Time = 10000
Temperature
1.0121483     0.0073960249

Pressure
23.520061     0.071706577 

CM Mom
-1.3732515e-16 1.2372769e-17 
1.1133461e-16  3.0476369e-17 
-4.9699415e-18 1.6943566e-17 
1.7994565e-16  1.6335105e-17 

CM Pos
7.4951702      0.016888457   
7.5011573      0.019922729   
7.5066782      0.012041804   
12.992139      0.017627805   

Stress
20.5131      -0.00986775  0.00465577    0.142594     0.0472467    0.067174    
-0.00986775  20.4681      0.00423349    0.0472467    0.0817368    0.0466378   
0.00465577   0.00423349   20.4957       0.067174     0.0466378    0.075057    

Stress Spherical
0            0            0             0            0            0           
0            0            0             0            0            0           
0            0            0             0            0            0           

Inertia
150.121      -56.2418     -56.2785      0.38396      0.200858     0.199786    
-56.2418     149.998      -56.3044      0.200858     0.27794      0.220344    
-56.2785     -56.3044     149.919       0.199786     0.220344     0.38586     

Bond Length
0.6215068     0.0055378489

BB bond length
0.6215068     0.0055378489

Water EE distance
0             0           

PEG EE distance
7.0557651     0.24558097  

BBB P2(x)
0.52877411    0.021808849 

BBB first bond length
0.62120991    0.0055266547

BBB second bond length
0.62179338    0.0057216222

BBB <phi**2>/<phi>**2
1.2322892     0.018963692 

Time = 11000
Temperature
1.0138914     0.0064289834

Pressure
23.559906     0.097586367 

CM Mom
-1.307297e-16  2.0010935e-17 
1.052793e-16   1.0344003e-17 
-4.9429997e-19 1.7178866e-17 
1.6956654e-16  1.4965456e-17 

CM Pos
7.4979931      0.0093683931  
7.5081402      0.015977027   
7.5115811      0.012345035   
13.000622      0.015917099   

Stress
20.5475      0.0303168    -0.00423829   0.0949379    0.07515      0.0368387   
0.0303168    20.4973      -0.00363407   0.07515      0.13993      0.06056     
-0.00423829  -0.00363407  20.536        0.0368387    0.06056      0.126943    

Stress Spherical
0            0            0             0            0            0           
0            0            0             0            0            0           
0            0            0             0            0            0           

Inertia
150.283      -56.2669     -56.3142      0.316993     0.186231     0.138944    
-56.2669     150.119      -56.4067      0.186231     0.274642     0.179405    
-56.3142     -56.4067     150.086       0.138944     0.179405     0.321356    

Bond Length
0.62286278    0.0047685057

BB bond length
0.62286278    0.0047685057

Water EE distance
0             0           

PEG EE distance
6.0224746     0.40608695  

BBB P2(x)
0.52452262    0.026924642 

BBB first bond length
0.62275267    0.0050468226

BBB second bond length
0.62257842    0.0046719952

BBB <phi**2>/<phi>**2
1.2212174     0.024258696 

Time = 12000
Temperature
1.0046948     0.0092667315

Pressure
23.464522     0.078121246 

CM Mom
-1.2842287e-16 2.499893e-17  
9.8368443e-17  1.6574202e-17 
9.0337581e-18  1.3069619e-17 
1.6423887e-16  1.8613234e-17 

CM Pos
7.4993303      0.013801368   
7.5050202      0.018652361   
7.4974666      0.0098876881  
12.991451      0.011627165   

Stress
20.4407      0.0259031    0.0113586     0.0569733    0.0693089    0.0760291   
0.0259031    20.4612      0.0320865     0.0693089    0.15587      0.0880251   
0.0113586    0.0320865    20.4752       0.0760291    0.0880251    0.128698    

Stress Spherical
0            0            0             0            0            0           
0            0            0             0            0            0           
0            0            0             0            0            0           

Inertia
150.025      -56.3117     -56.1579      0.29123      0.15914      0.198651    
-56.3117     149.918      -56.277       0.15914      0.225038     0.0909968   
-56.1579     -56.277      150.029       0.198651     0.0909968    0.338406    

Bond Length
0.61994075    0.0051858248

BB bond length
0.61994075    0.0051858248

Water EE distance
0             0           

PEG EE distance
6.6590858     0.402936    

BBB P2(x)
0.51811716    0.020394589 

BBB first bond length
0.61956046    0.0051328569

BBB second bond length
0.61953664    0.0051892638

BBB <phi**2>/<phi>**2
1.22238       0.020604441 

Time = 13000
Temperature
1.0097116     0.0061941378

Pressure
23.522989     0.086540581 

CM Mom
-1.3247239e-16 1.6018099e-17 
9.8853671e-17  1.3097679e-17 
3.5597021e-17  2.4340863e-17 
1.7164458e-16  1.2119195e-17 

CM Pos
7.4911587      0.0094247731  
7.5024944      0.0098597425  
7.5089068      0.011279865   
12.991873      0.01073041    

Stress
20.4758      0.0138082    9.27155e-05   0.133805     0.0481572    0.0630007   
0.0138082    20.5101      -0.0238589    0.0481572    0.141773     0.0447117   
9.27155e-05  -0.0238589   20.5217       0.0630007    0.0447117    0.12685     

Stress Spherical
0            0            0             0            0            0           
0            0            0             0            0            0           
0            0            0             0            0            0           

Inertia
150.166      -56.2181     -56.2375      0.219215     0.155398     0.13533     
-56.2181     149.985      -56.3244      0.155398     0.265577     0.136124    
-56.2375     -56.3244     149.877       0.13533      0.136124     0.226947    

Bond Length
0.62019456    0.0034670502

BB bond length
0.62019456    0.0034670502

Water EE distance
0             0           

PEG EE distance
6.7948304     0.36366787  

BBB P2(x)
0.5293123     0.028288847 

BBB first bond length
0.6200143     0.0030744132

BBB second bond length
0.62011777    0.0037596736

BBB <phi**2>/<phi>**2
1.2314956     0.025376362 

Time = 14000
Temperature
1.006204      0.0085150628

Pressure
23.545196     0.064502074 

CM Mom
-1.3589758e-16 2.1667065e-17 
1.0749121e-16  1.4909019e-17 
1.8538173e-17  3.0905209e-17 
1.7805755e-16  1.7565806e-17 

CM Pos
7.5025989      0.012071098   
7.4987801      0.015489475   
7.4944951      0.018880554   
12.988022      0.013424296   

Stress
20.5076      0.00130892   -0.00716344   0.0901262    0.070397     0.0551078   
0.00130892   20.5518      -0.013687     0.070397     0.0707125    0.0437459   
-0.00716344  -0.013687    20.5464       0.0551078    0.0437459    0.113077    

Stress Spherical
0            0            0             0            0            0           
0            0            0             0            0            0           
0            0            0             0            0            0           

Inertia
149.884      -56.2516     -56.2215      0.248583     0.20364      0.151579    
-56.2516     149.917      -56.184       0.20364      0.285797     0.137082    
-56.2215     -56.184      149.991       0.151579     0.137082     0.365553    

Bond Length
0.62097184    0.0044583247

BB bond length
0.62097184    0.0044583247

Water EE distance
0             0           

PEG EE distance
7.1170344     0.37818579  

BBB P2(x)
0.49870426    0.021754404 

BBB first bond length
0.62137916    0.0039800169

BBB second bond length
0.62148067    0.0046889676

BBB <phi**2>/<phi>**2
1.2319587     0.018952303 

Time = 15000
Temperature
1.0109086     0.009139159 

Pressure
23.519329     0.11607301  

CM Mom
-1.5859551e-16 1.2161174e-17 
1.1403649e-16  1.392579e-17  
6.1640278e-17  2.583965e-17  
2.0706204e-16  9.5498975e-18 

CM Pos
7.4978446      0.012597262   
7.4987801      0.017970048   
7.4953866      0.014890761   
12.985791      0.011879923   

Stress
20.5136      -0.00571182  0.0151908     0.127937     0.0652974    0.0497419   
-0.00571182  20.5069      -0.00885629   0.0652974    0.128997     0.04062     
0.0151908    -0.00885629  20.4653       0.0497419    0.04062      0.102726    

Stress Spherical
0            0            0             0            0            0           
0            0            0             0            0            0           
0            0            0             0            0            0           

Inertia
149.906      -56.2097     -56.1832      0.156358     0.209909     0.206262    
-56.2097     149.891      -56.2059      0.209909     0.306542     0.126796    
-56.1832     -56.2059     149.939       0.206262     0.126796     0.298935    

Bond Length
0.61941295    0.0044776446

BB bond length
0.61941295    0.0044776446

Water EE distance
0             0           

PEG EE distance
7.6508651     0.49304465  

BBB P2(x)
0.51699281    0.024653761 

BBB first bond length
0.61974662    0.0047609081

BBB second bond length
0.61914407    0.0040865759

BBB <phi**2>/<phi>**2
1.2180115     0.016997071 

Time = 16000
Temperature
1.0130115     0.0091467859

Pressure
23.585163     0.079588006 

CM Mom
-1.5480826e-16 1.5441432e-17 
1.0101919e-16  1.7877885e-17 
6.0133598e-17  2.5658894e-17 
1.9704021e-16  1.3345954e-17 

CM Pos
7.5006675      0.016913926   
7.4972944      0.011744842   
7.4961294      0.019575676   
12.986998      0.0088659713  

Stress
20.5473      -0.00127305  -0.0476123    0.117081     0.0432864    0.0382414   
-0.00127305  20.5895      0.00741145    0.0432864    0.107498     0.0701543   
-0.0476123   0.00741145   20.5277       0.0382414    0.0701543    0.073777    

Stress Spherical
0            0            0             0            0            0           
0            0            0             0            0            0           
0            0            0             0            0            0           

Inertia
149.917      -56.2387     -56.2691      0.403396     0.142162     0.113701    
-56.2387     149.953      -56.1815      0.142162     0.204856     0.173105    
-56.2691     -56.1815     149.973       0.113701     0.173105     0.224144    

Bond Length
0.62153397    0.0039749648

BB bond length
0.62153397    0.0039749648

Water EE distance
0             0           

PEG EE distance
6.2029974     0.66784499  

BBB P2(x)
0.50880211    0.01971093  

BBB first bond length
0.62100621    0.0046427577

BBB second bond length
0.62152619    0.0040453717

BBB <phi**2>/<phi>**2
1.2192348     0.02280812  

Time = 17000
Temperature
1.0144263     0.0061411019

Pressure
23.519797     0.063265327 

CM Mom
-1.6914695e-16 1.2180383e-17 
7.65078e-17    2.8226459e-17 
3.457598e-17   1.6421537e-17 
1.9099518e-16  1.9880484e-17 

CM Pos
7.4975474      0.0094306266  
7.498483       0.020762609   
7.4924151      0.016561136   
12.983736      0.011397436   

Stress
20.5369      0.0163137    0.0122456     0.101788     0.0837462    0.0793342   
0.0163137    20.468       0.00863744    0.0837462    0.109212     0.0707652   
0.0122456    0.00863744   20.4508       0.0793342    0.0707652    0.12768     

Stress Spherical
0            0            0             0            0            0           
0            0            0             0            0            0           
0            0            0             0            0            0           

Inertia
149.865      -56.2319     -56.1568      0.317383     0.23834      0.123608    
-56.2319     149.865      -56.1919      0.23834      0.143614     0.176378    
-56.1568     -56.1919     149.951       0.123608     0.176378     0.440097    

Bond Length
0.62136427    0.0073762604

BB bond length
0.62136427    0.0073762604

Water EE distance
0             0           

PEG EE distance
5.7758408     0.58938405  

BBB P2(x)
0.51901346    0.017593954 

BBB first bond length
0.62178548    0.0074730355

BBB second bond length
0.62193558    0.00676138  

BBB <phi**2>/<phi>**2
1.2239383     0.016395691 

Time = 18000
Temperature
1.0094376     0.0055557106

Pressure
23.529483     0.11365265  

CM Mom
-1.9584458e-16 1.2781535e-17 
4.8263526e-17  1.3711163e-17 
7.2987597e-18  1.8655573e-17 
2.0307892e-16  1.4003164e-17 

CM Pos
7.497696       0.012483727   
7.499523       0.014423131   
7.5002895      0.011388927   
12.988959      0.0083248801  

Stress
20.4986      -0.0160058   -0.0129926    0.0905095    0.0670333    0.0583804   
-0.0160058   20.5581      -0.00536329   0.0670333    0.15479      0.0403543   
-0.0129926   -0.00536329  20.4728       0.0583804    0.0403543    0.147427    

Stress Spherical
0            0            0             0            0            0           
0            0            0             0            0            0           
0            0            0             0            0            0           

Inertia
150.017      -56.2314     -56.2526      0.207099     0.13784      0.0854185   
-56.2314     149.98       -56.2396      0.13784      0.220735     0.143358    
-56.2526     -56.2396     149.964       0.0854185    0.143358     0.250824    

Bond Length
0.62077641    0.0051102191

BB bond length
0.62077641    0.0051102191

Water EE distance
0             0           

PEG EE distance
6.9316457     0.47844901  

BBB P2(x)
0.52857206    0.026679525 

BBB first bond length
0.620906      0.005163117 

BBB second bond length
0.62087381    0.0050383457

BBB <phi**2>/<phi>**2
1.227086      0.024923716 

Time = 19000
Temperature
1.0136933     0.006417177 

Pressure
23.538064     0.063452305 

CM Mom
-2.0071713e-16 3.0809755e-17 
3.1085915e-17  6.0728663e-18 
2.1237579e-17  1.9991116e-17 
2.0518002e-16  3.1490615e-17 

CM Pos
7.4962103      0.022824324   
7.4953629      0.010934055   
7.5051924      0.0093128569  
12.988537      0.013904435   

Stress
20.4937      0.0418379    0.0248927     0.065034     0.0529405    0.0543419   
0.0418379    20.4673      -0.0107677    0.0529405    0.120723     0.0591175   
0.0248927    -0.0107677   20.5561       0.0543419    0.0591175    0.102947    

Stress Spherical
0            0            0             0            0            0           
0            0            0             0            0            0           
0            0            0             0            0            0           

Inertia
150.036      -56.1407     -56.2529      0.214217     0.200843     0.191237    
-56.1407     150.041      -56.299       0.200843     0.35066      0.0932156   
-56.2529     -56.299      149.886       0.191237     0.0932156    0.36611     

Bond Length
0.6200756     0.004678027 

BB bond length
0.6200756     0.004678027 

Water EE distance
0             0           

PEG EE distance
6.5351128     0.33144132  

BBB P2(x)
0.50323509    0.025427509 

BBB first bond length
0.61968494    0.0050142241

BBB second bond length
0.62028307    0.0053318775

BBB <phi**2>/<phi>**2
1.2195878     0.021789882 

Time = 20000
Temperature
1.015424      0.006415061 

Pressure
23.53544      0.09665696  

CM Mom
-2.196663e-16  2.2597658e-17 
4.9657697e-17  2.076754e-17  
4.2491653e-17  1.4581968e-17 
2.3072275e-16  2.1125848e-17 

CM Pos
7.4938331      0.012219227   
7.4864485      0.016109116   
7.4961294      0.015339829   
12.976781      0.014311978   

Stress
20.4882      -0.00944045  0.0356134     0.076495     0.0719886    0.0739738   
-0.00944045  20.4796      0.0150766     0.0719886    0.112691     0.0880283   
0.0356134    0.0150766    20.5259       0.0739738    0.0880283    0.120237    

Stress Spherical
0            0            0             0            0            0           
0            0            0             0            0            0           
0            0            0             0            0            0           

Inertia
149.75       -56.1071     -56.1679      0.314024     0.158265     0.119883    
-56.1071     149.859      -56.1567      0.158265     0.202575     0.160324    
-56.1679     -56.1567     149.698       0.119883     0.160324     0.374435    

Bond Length
0.62055419    0.0042642943

BB bond length
0.62055419    0.0042642943

Water EE distance
0             0           

PEG EE distance
6.7628653     0.22509026  

BBB P2(x)
0.52882471    0.039035563 

BBB first bond length
0.61994025    0.0043507455

BBB second bond length
0.62084939    0.0039431806

BBB <phi**2>/<phi>**2
1.2292333     0.020431897 

Time = 21000
Temperature
1.0120248     0.0058900856

Pressure
23.480221     0.073287609 

CM Mom
-1.9809264e-16 1.9154123e-17 
6.2696645e-17  1.6978565e-17 
4.7747508e-17  1.3510438e-17 
2.1411371e-16  2.1080593e-17 

CM Pos
7.5011132      0.012607771   
7.5050202      0.012901981   
7.5072725      0.0081715531  
12.998131      0.011739148   

Stress
20.4152      -0.0118002   0.0193725     0.110566     0.0954939    0.0706547   
-0.0118002   20.4583      0.0114374     0.0954939    0.124289     0.0808485   
0.0193725    0.0114374    20.485        0.0706547    0.0808485    0.0706791   

Stress Spherical
0            0            0             0            0            0           
0            0            0             0            0            0           
0            0            0             0            0            0           

Inertia
150.186      -56.271      -56.3194      0.320465     0.139477     0.132151    
-56.271      150.123      -56.3449      0.139477     0.247483     0.148577    
-56.3194     -56.3449     150.101       0.132151     0.148577     0.241573    

Bond Length
0.62386648    0.0028399701

BB bond length
0.62386648    0.0028399701

Water EE distance
0             0           

PEG EE distance
7.8245751     0.55047748  

BBB P2(x)
0.52379344    0.028376939 

BBB first bond length
0.62452678    0.0033557238

BBB second bond length
0.62404856    0.0025601841

BBB <phi**2>/<phi>**2
1.2190254     0.020310551 

Time = 22000
Temperature
1.013983      0.0093267436

Pressure
23.532761     0.085310953 

CM Mom
-1.8753268e-16 1.4554161e-17 
4.4236823e-17  3.6835115e-17 
4.0899611e-17  1.2657944e-17 
2.0062403e-16  1.664491e-17  

CM Pos
7.4954674      0.010038349   
7.4950658      0.021274591   
7.5007352      0.011912794   
12.98536       0.013882024   

Stress
20.5444      0.0135155    -0.0342049    0.115973     0.0448894    0.0882628   
0.0135155    20.4776      0.0153024     0.0448894    0.091934     0.0362479   
-0.0342049   0.0153024    20.4766       0.0882628    0.0362479    0.0997044   

Stress Spherical
0            0            0             0            0            0           
0            0            0             0            0            0           
0            0            0             0            0            0           

Inertia
149.926      -56.1764     -56.1827      0.38956      0.158308     0.136066    
-56.1764     149.94       -56.2042      0.158308     0.221357     0.152751    
-56.1827     -56.2042     149.855       0.136066     0.152751     0.299073    

Bond Length
0.61996755    0.0061025864

BB bond length
0.61996755    0.0061025864

Water EE distance
0             0           

PEG EE distance
8.0194734     0.23766146  

BBB P2(x)
0.50779294    0.019583315 

BBB first bond length
0.62032068    0.0059365652

BBB second bond length
0.61979439    0.0066446307

BBB <phi**2>/<phi>**2
1.2265462     0.025090778 

Time = 23000
Temperature
1.0125206     0.0066120994

Pressure
23.490909     0.092291304 

CM Mom
-1.6356106e-16 1.9311122e-17 
1.5577391e-17  2.9645608e-17 
3.8337114e-17  2.0919826e-17 
1.7284094e-16  1.6734339e-17 

CM Pos
7.4978446      0.013849268   
7.4962543      0.016345807   
7.503261       0.011074472   
12.988874      0.012566127   

Stress
20.3973      0.0238083    -0.0220971    0.134323     0.0753442    0.116541    
0.0238083    20.4577      0.00935802    0.0753442    0.0940986    0.0440231   
-0.0220971   0.00935802   20.5311       0.116541     0.0440231    0.113563    

Stress Spherical
0            0            0             0            0            0           
0            0            0             0            0            0           
0            0            0             0            0            0           

Inertia
149.983      -56.2264     -56.2493      0.255028     0.194126     0.130412    
-56.2264     150.019      -56.2266      0.194126     0.223588     0.139497    
-56.2493     -56.2266     149.926       0.130412     0.139497     0.392376    

Bond Length
0.62012018    0.0068607296

BB bond length
0.62012018    0.0068607296

Water EE distance
0             0           

PEG EE distance
7.4890129     0.27204914  

BBB P2(x)
0.50879213    0.029682944 

BBB first bond length
0.62036076    0.0075647609

BBB second bond length
0.62001434    0.0068817677

BBB <phi**2>/<phi>**2
1.2167921     0.017432308 

Time = 24000
Temperature
1.0072907     0.0059667354

Pressure
23.540405     0.077498137 

CM Mom
-1.6236077e-16 2.1127504e-17 
-1.3647133e-17 1.5937708e-17 
5.4810389e-17  1.186147e-17  
1.7312203e-16  2.0525182e-17 

CM Pos
7.5017075      0.011680765   
7.500563       0.010464694   
7.5008838      0.01167604    
12.99221       0.013080034   

Stress
20.5153      -0.022886    -0.00949863   0.113238     0.0703294    0.0921491   
-0.022886    20.5313      0.0223456     0.0703294    0.131069     0.0739748   
-0.00949863  0.0223456    20.535        0.0921491    0.0739748    0.114623    

Stress Spherical
0            0            0             0            0            0           
0            0            0             0            0            0           
0            0            0             0            0            0           

Inertia
150.03       -56.2492     -56.2791      0.26972      0.123477     0.12343     
-56.2492     150.047      -56.2645      0.123477     0.266497     0.180566    
-56.2791     -56.2645     150.038       0.12343      0.180566     0.191282    

Bond Length
0.62086132    0.0036735468

BB bond length
0.62086132    0.0036735468

Water EE distance
0             0           

PEG EE distance
7.3613724     0.35146246  

BBB P2(x)
0.50768017    0.017284149 

BBB first bond length
0.62118646    0.0037691512

BBB second bond length
0.62078615    0.0041062992

BBB <phi**2>/<phi>**2
1.2203997     0.018425373 

Time = 25000
Temperature
1.0064131     0.0066524894

Pressure
23.475156     0.05773785  

CM Mom
-1.6190826e-16 1.0258712e-17 
-3.7981647e-17 3.0557835e-17 
2.6910482e-17  1.6293596e-17 
1.7180105e-16  1.3037137e-17 

CM Pos
7.4948731      0.013112418   
7.5008601      0.0099277915  
7.4986552      0.01190538    
12.987149      0.015412847   

Stress
20.4631      0.0267977    0.029021      0.0969331    0.0829542    0.0793769   
0.0267977    20.489       0.0108501     0.0829542    0.0976069    0.0822996   
0.029021     0.0108501    20.4416       0.0793769    0.0822996    0.0633597   

Stress Spherical
0            0            0             0            0            0           
0            0            0             0            0            0           
0            0            0             0            0            0           

Inertia
149.998      -56.2195     -56.2297      0.252689     0.139473     0.14597     
-56.2195     149.907      -56.2352      0.139473     0.327615     0.109442    
-56.2297     -56.2352     149.951       0.14597      0.109442     0.291575    

Bond Length
0.61924297    0.0032099069

BB bond length
0.61924297    0.0032099069

Water EE distance
0             0           

PEG EE distance
7.9733429     0.33210814  

BBB P2(x)
0.50053008    0.014129459 

BBB first bond length
0.6191928     0.0038820173

BBB second bond length
0.61914334    0.0037468089

BBB <phi**2>/<phi>**2
1.2236502     0.014786991 

Time = 26000
Temperature
1.009777      0.0049135709

Pressure
23.490432     0.13235048  

CM Mom
-1.7620433e-16 4.097077e-17  
-9.907168e-18  2.2962378e-17 
3.6355653e-17  1.7746628e-17 
1.8290881e-16  3.9154005e-17 

CM Pos
7.4941302      0.010962282   
7.5045745      0.0055591185  
7.4947923      0.010173773   
12.986636      0.0093569375  

Stress
20.4454      0.0222652    0.00900681    0.101719     0.0678096    0.0961412   
0.0222652    20.4618      -0.019304     0.0678096    0.138243     0.0955336   
0.00900681   -0.019304    20.5022       0.0961412    0.0955336    0.214815    

Stress Spherical
0            0            0             0            0            0           
0            0            0             0            0            0           
0            0            0             0            0            0           

Inertia
150.016      -56.2289     -56.1526      0.219951     0.105        0.0922711   
-56.2289     149.83       -56.2164      0.105        0.178897     0.140337    
-56.1526     -56.2164     149.983       0.0922711    0.140337     0.176765    

Bond Length
0.62042484    0.002372204 

BB bond length
0.62042484    0.002372204 

Water EE distance
0             0           

PEG EE distance
7.9700957     0.29438552  

BBB P2(x)
0.48991981    0.034721727 

BBB first bond length
0.62005217    0.0021359268

BBB second bond length
0.62035206    0.0021029976

BBB <phi**2>/<phi>**2
1.2153253     0.020003898 

Time = 27000
Temperature
1.0195124     0.0093663945

Pressure
23.523565     0.11721838  

CM Mom
-1.5623013e-16 1.2632459e-17 
-1.0920785e-17 9.4777214e-18 
2.0087053e-17  1.3734144e-17 
1.5872801e-16  1.3193179e-17 

CM Pos
7.5045304      0.013652621   
7.4961058      0.016518428   
7.5017752      0.0086070216  
12.991789      0.013136127   

Stress
20.5058      0.0423667    -0.0213597    0.178601     0.0665212    0.0605392   
0.0423667    20.4762      -0.00899386   0.0665212    0.115895     0.0760038   
-0.0213597   -0.00899386  20.4394       0.0605392    0.0760038    0.141613    

Stress Spherical
0            0            0             0            0            0           
0            0            0             0            0            0           
0            0            0             0            0            0           

Inertia
149.985      -56.2541     -56.2515      0.302115     0.198218     0.127128    
-56.2541     150.092      -56.2613      0.198218     0.259711     0.196213    
-56.2515     -56.2613     150.026       0.127128     0.196213     0.311264    

Bond Length
0.6198546     0.0062761315

BB bond length
0.6198546     0.0062761315

Water EE distance
0             0           

PEG EE distance
7.412527      0.25228578  

BBB P2(x)
0.49505621    0.025735626 

BBB first bond length
0.62051959    0.006614247 

BBB second bond length
0.62009485    0.0069835465

BBB <phi**2>/<phi>**2
1.2237144     0.024756921 

Time = 28000
Temperature
1.0065499     0.0083681305

Pressure
23.52383      0.085403268 

CM Mom
-1.7768077e-16 2.8284764e-17 
2.4096986e-17  2.6008635e-17 
2.8411252e-17  1.8686699e-17 
1.8432729e-16  2.8415512e-17 

CM Pos
7.5012618      0.0079788361  
7.4867456      0.011078458   
7.4910779      0.021055571   
12.978331      0.0088747259  

Stress
20.4866      -0.00543977  0.0335919     0.132135     0.0651204    0.0489587   
-0.00543977  20.5314      -0.0042884    0.0651204    0.10827      0.0441933   
0.0335919    -0.0042884   20.5205       0.0489587    0.0441933    0.116891    

Stress Spherical
0            0            0             0            0            0           
