Time = 1000
Temperature
    1.112163    0.14698959

Pressure
   23.726371      0.797119

CM Mom
3.5849258e-17  1.2629557e-17 
1.6086255e-17  3.0059416e-17 
-3.9826105e-17 1.4392597e-16 
1.195863e-16   1.0298996e-16 

CM Pos
7.4929305      0.011808095   
7.5060034      0.014106118   
7.5050529      0.016242028   
12.992708      0.0068346718  

Stress
20.3547      0.0130439    0.029049      0.398652     0.0624019    0.0632463   
0.0130439    20.4201      0.0108188     0.0624019    0.375883     0.0713966   
0.029049     0.0108188    20.4176       0.0632463    0.0713966    0.362558    

Stress Spherical
0            0            0             0            0            0           
0            0            0             0            0            0           
0            0            0             0            0            0           

Inertia
150.32       -56.238      -56.1824      1.39648      0.210192     0.149647    
-56.238      150.085      -56.3203      0.210192     1.16539      0.0964555   
-56.1824     -56.3203     150.129       0.149647     0.0964555    1.55906     

Bond Length
0.61876055    0.0048833688

BB bond length
0.61876055    0.0048833688

Water EE distance
0             0           

PEG EE distance
6.9229882     0.1364514   

BBB P2(x)
0.4798883     0.066118642 

BBB first bond length
0.61872868    0.0049189466

BBB second bond length
0.6186958     0.0047874009

BBB <phi**2>/<phi>**2
1.2215824     0.018315617 

Time = 2000
Temperature
1.0139721     0.0042567778

Pressure
23.156209     0.058603644 

CM Mom
1.330376e-17   1.3417197e-17 
1.9606394e-17  1.2706806e-17 
-9.9842592e-18 4.5636181e-17 
5.1626963e-17  2.0491167e-17 

CM Pos
7.5027306      0.013576475   
7.505261       0.0096458415  
7.508468       0.016398065   
12.999898      0.013714963   

Stress
20.101       0.000123807  -0.00138054   0.0844121    0.10036      0.079812    
0.000123807  20.153       -0.0231854    0.10036      0.115501     0.083237    
-0.00138054  -0.0231854   20.1097       0.079812     0.083237     0.0839755   

Stress Spherical
0            0            0             0            0            0           
0            0            0             0            0            0           
0            0            0             0            0            0           

Inertia
150.07       -56.2756     -56.3428      0.252709     0.120362     0.155728    
-56.2756     150.044      -56.363       0.120362     0.28021      0.144066    
-56.3428     -56.363      149.989       0.155728     0.144066     0.313788    

Bond Length
0.61829527    0.0015936255

BB bond length
0.61829527    0.0015936255

Water EE distance
0             0           

PEG EE distance
6.9508926     0.070279005 

BBB P2(x)
0.51120914    0.0074426503

BBB first bond length
0.61834175    0.001714545 

BBB second bond length
0.6181351     0.0017274733

BBB <phi**2>/<phi>**2
1.2248033     0.0076734166

