Time = 500
Temperature
   1.0426974   0.045056665

Pressure
   21.179575    0.24858027

CM Mom
-1.0218702e-16 2.103206e-17  
-1.3058254e-17 1.8105543e-17 
1.339879e-17   3.1697875e-17 
1.1023096e-16  2.0402955e-17 

CM Pos
7.5236993      0.017894532   
7.5042547      0.016564088   
7.4775133      0.020647235   
12.993589      0.027525957   

Stress
18.0015      0.0154113    0.0399188     0.0948638    0.0613542    0.0245759   
0.0154113    18.0997      0.00389477    0.0613542    0.165926     0.110588    
0.0399188    0.00389477   18.0551       0.0245759    0.110588     0.143838    

Stress Spherical
0            0            0             0            0            0           
0            0            0             0            0            0           
0            0            0             0            0            0           

Inertia
148.924      -56.5117     -56.1344      0.834869     0.220109     0.323639    
-56.5117     149.198      -56.1448      0.220109     1.03928      0.221515    
-56.1344     -56.1448     149.482       0.323639     0.221515     0.732531    

Bond Length
0.61204728    0.0025193911

BB bond length
0.61204728    0.0025193911

Water EE distance
0             0           

PEG EE distance
3.765606      0.087233053 

Time = 1000
Temperature
1.0105805     0.0085769788

Pressure
21.039968     0.043515734 

CM Mom
-1.0702032e-16 1.7999394e-17 
-4.3747591e-17 1.0887955e-17 
1.7389528e-17  5.5434369e-17 
1.278347e-16   2.9041028e-17 

CM Pos
7.519254       0.008413555   
7.509589       0.0069248176  
7.4792914      0.0077052257  
12.995114      0.010329207   

Stress
17.9728      0.103167     -0.00362416   0.0785632    0.0548435    0.0740436   
0.103167     18.1003      -0.0195254    0.0548435    0.0799839    0.0607823   
-0.00362416  -0.0195254   17.9534       0.0740436    0.0607823    0.0890754   

Stress Spherical
0            0            0             0            0            0           
0            0            0             0            0            0           
0            0            0             0            0            0           

Inertia
149.296      -56.4833     -56.1558      0.302915     0.110973     0.143329    
-56.4833     149.329      -56.1924      0.110973     0.269385     0.0822813   
-56.1558     -56.1924     149.776       0.143329     0.0822813    0.251103    

Bond Length
0.61494425    0.0021018285

BB bond length
0.61494425    0.0021018285

Water EE distance
0             0           

PEG EE distance
3.7300867     0.11355853  

