Time = 1000
Temperature
   1.1666432    0.25693012

Pressure
   23.924802     1.1242931

CM Mom
-4.1658059e-18 2.4476566e-17 
8.6747767e-17  1.8764365e-17 
1.5103341e-16  4.8296593e-16 
3.6366107e-16  3.6374654e-16 

CM Pos
7.5017561      0.019233188   
7.493668       0.028781765   
7.4889848      0.039653491   
12.981415      0.04394569    

Stress
20.4724      -0.0202197   -0.0341558    0.340187     0.0395902    0.0996676   
-0.0202197   20.4265      0.0429835     0.0395902    0.389073     0.0682218   
-0.0341558   0.0429835    20.3862       0.0996676    0.0682218    0.405779    

Stress Spherical
0            0            0             0            0            0           
0            0            0             0            0            0           
0            0            0             0            0            0           

Inertia
149.929      -56.2389     -56.1704      0.782922     0.311337     0.43258     
-56.2389     149.996      -56.1011      0.311337     0.86237      0.451968    
-56.1704     -56.1011     150.095       0.43258      0.451968     0.942064    

Bond Length
0.62107576    0.011039671 

BB bond length
0.62107576    0.011039671 

Water EE distance
0             0           

PEG EE distance
7.0196226     0.11285407  

BBB P2(x)
0.48105779    0.069061787 

BBB first bond length
0.62114501    0.011141354 

BBB second bond length
0.62116639    0.011271259 

BBB <phi**2>/<phi>**2
1.221661      0.015750899 

Time = 2000
Temperature
1.0152078     0.0078019716

Pressure
23.163615     0.11341465  

CM Mom
2.9943917e-19  1.6487031e-17 
5.7366371e-17  1.7772918e-17 
1.9120752e-17  4.4318872e-17 
7.6451733e-17  1.9067957e-17 

CM Pos
7.502201       0.018237223   
7.5040486      0.0082952247  
7.4978825      0.015497319   
12.992787      0.01108307    

Stress
20.1369      0.0373376    0.035136      0.125659     0.0992688    0.0879699   
0.0373376    20.1243      -0.018876     0.0992688    0.11471      0.0621271   
0.035136     -0.018876    20.1018       0.0879699    0.0621271    0.12928     

Stress Spherical
0            0            0             0            0            0           
0            0            0             0            0            0           
0            0            0             0            0            0           

Inertia
149.926      -56.2882     -56.2568      0.360552     0.161888     0.203273    
-56.2882     149.88       -56.2814      0.161888     0.244921     0.111479    
-56.2568     -56.2814     149.973       0.203273     0.111479     0.267561    

Bond Length
0.61970808    0.0015583249

BB bond length
0.61970808    0.0015583249

Water EE distance
0             0           

PEG EE distance
7.3837971     0.14737861  

BBB P2(x)
0.51983912    0.0055865129

BBB first bond length
0.61969431    0.0016834061

BBB second bond length
0.61969628    0.0016672717

BBB <phi**2>/<phi>**2
1.2307881     0.0050990598

