Time = 500
Temperature
   1.0389223   0.040464342

Pressure
   23.203328    0.15516492

CM Mom
-4.6170892e-17 2.9535625e-17 
-1.9349288e-17 1.2346456e-17 
-1.1611769e-17 1.4735043e-17 
5.6998999e-17  2.5179418e-17 

CM Pos
7.5079074      0.020386426   
7.5067734      0.0064056478  
7.5063391      0.011515494   
13.002536      0.0092396475  

Stress
20.1191      -0.0430307   -0.00660414   0.163316     0.0900889    0.0370847   
-0.0430307   20.0554      -0.000614674  0.0900889    0.0887941    0.0371916   
-0.00660414  -0.000614674 20.0991       0.0370847    0.0371916    0.103038    

Stress Spherical
0            0            0             0            0            0           
0            0            0             0            0            0           
0            0            0             0            0            0           

Inertia
149.982      -56.3637     -56.3496      0.205163     0.195627     0.266384    
-56.3637     149.921      -56.3918      0.195627     0.434373     0.0983951   
-56.3496     -56.3918     149.971       0.266384     0.0983951    0.240508    

Bond Length
0.61754964    0.0051467927

BB bond length
0.61754964    0.0051467927

Water EE distance
0             0           

PEG EE distance
3.891059      0.25019819  

Time = 1000
Temperature
1.0197904     0.0057395691

Pressure
23.211802     0.078637282 

CM Mom
-6.7239323e-17 7.3012914e-18 
-1.8597059e-18 1.2758714e-17 
-1.9364112e-17 3.6341529e-17 
7.8889993e-17  1.4585036e-17 

CM Pos
7.4945543      0.0081804444  
7.5014321      0.0098147391  
7.5004044      0.01473556    
12.98831       0.0085894234  

Stress
20.1975      -0.0159544   0.0420008     0.136168     0.0772134    0.0188522   
-0.0159544   20.1384      -0.0220867    0.0772134    0.0654221    0.0307905   
0.0420008    -0.0220867   20.1349       0.0188522    0.0307905    0.0862448   

Stress Spherical
0            0            0             0            0            0           
0            0            0             0            0            0           
0            0            0             0            0            0           

Inertia
149.835      -56.2139     -56.2122      0.144802     0.0880174    0.247078    
-56.2139     149.638      -56.3049      0.0880174    0.263358     0.165582    
-56.2122     -56.3049     149.753       0.247078     0.165582     0.0511396   

Bond Length
0.61392285    0.0063904297

BB bond length
0.61392285    0.0063904297

Water EE distance
0             0           

PEG EE distance
3.2681685     0.17911959  

