Time = 1000
Temperature
    1.038811   0.047223738

Pressure
   23.609327    0.17211584

CM Mom
1.8806009e-17  1.7546086e-17 
-2.8848661e-18 2.686337e-17  
-3.351851e-17  1.1982298e-16 
1.0776498e-16  7.2520625e-17 

CM Pos
7.4895512      0.015530992   
7.50702        0.028463887   
7.5074009      0.013183264   
12.992719      0.016235541   

Stress
20.513       -0.0201309   -0.00544075   0.142637     0.0715574    0.0642481   
-0.0201309   20.4753      0.00381928    0.0715574    0.103389     0.0755141   
-0.00544075  0.00381928   20.5079       0.0642481    0.0755141    0.131541    

Stress Spherical
0            0            0             0            0            0           
0            0            0             0            0            0           
0            0            0             0            0            0           

Inertia
150.248      -56.1939     -56.2159      0.746172     0.147277     0.249169    
-56.1939     149.983      -56.3772      0.147277     0.228676     0.213956    
-56.2159     -56.3772     149.99        0.249169     0.213956     0.689893    

Bond Length
0.61916589    0.0032345095

BB bond length
0.61916589    0.0032345095

Water EE distance
0             0           

PEG EE distance
7.3371142     0.3675481   

BBB P2(x)
0.48602698    0.058462234 

BBB first bond length
0.61922156    0.0032987722

BBB second bond length
0.61943745    0.0032413643

BBB <phi**2>/<phi>**2
1.2241081     0.012978663 

Time = 2000
Temperature
1.0075657     0.0080268591

Pressure
23.443561     0.049078166 

CM Mom
2.7632672e-17  9.1839531e-18 
-6.5568634e-18 1.3392967e-17 
-8.4834123e-17 2.2861688e-17 
9.106e-17      2.2312222e-17 

CM Pos
7.5018706      0.0094060832  
7.5074653      0.010712458   
7.5039871      0.020841135   
12.998091      0.01353239    

Stress
20.3832      -0.0140785   -0.00992846   0.0926098    0.0509027    0.0887483   
-0.0140785   20.4572      -0.0239744    0.0509027    0.132488     0.0815402   
-0.00992846  -0.0239744   20.4392       0.0887483    0.0815402    0.0431541   

Stress Spherical
0            0            0             0            0            0           
0            0            0             0            0            0           
0            0            0             0            0            0           

Inertia
150.097      -56.3584     -56.2862      0.288861     0.0919027    0.202291    
-56.3584     150.033      -56.3396      0.0919027    0.288645     0.168077    
-56.2862     -56.3396     150.06        0.202291     0.168077     0.33917     

Bond Length
0.62131946    0.0042260521

BB bond length
0.62131946    0.0042260521

Water EE distance
0             0           

PEG EE distance
7.9423371     0.14568211  

BBB P2(x)
0.52112729    0.0123587   

BBB first bond length
0.62126595    0.0040380811

BBB second bond length
0.62107093    0.0043128353

BBB <phi**2>/<phi>**2
1.2256889     0.017604941 

Time = 3000
Temperature
1.0122664     0.0068455335

Pressure
23.505337     0.071436859 

CM Mom
2.8975272e-17  2.6601342e-17 
-1.0237649e-17 2.3833372e-17 
-1.141516e-16  1.8820695e-17 
1.2387144e-16  1.6146548e-17 

CM Pos
7.4879185      0.012695471   
7.5007861      0.016530761   
7.5032449      0.009643166   
12.985751      0.013911222   

Stress
20.4155      0.020277     0.0273633     0.0872144    0.0658645    0.0622885   
0.020277     20.4785      0.0153244     0.0658645    0.13731      0.056244    
0.0273633    0.0153244    20.5287       0.0622885    0.056244     0.124731    

Stress Spherical
0            0            0             0            0            0           
0            0            0             0            0            0           
0            0            0             0            0            0           

Inertia
150.003      -56.1652     -56.2055      0.331079     0.175683     0.0923127   
-56.1652     149.823      -56.2712      0.175683     0.258618     0.156728    
-56.2055     -56.2712     149.783       0.0923127    0.156728     0.371158    

Bond Length
0.61921337    0.0033089948

BB bond length
0.61921337    0.0033089948

Water EE distance
0             0           

PEG EE distance
7.7468679     0.29007013  

BBB P2(x)
0.50858919    0.012776702 

BBB first bond length
0.61954827    0.0027944312

BBB second bond length
0.61929924    0.003466517 

BBB <phi**2>/<phi>**2
1.2340379     0.0092321759

Time = 4000
Temperature
1.0086414     0.0091550716

Pressure
23.473086     0.055499818 

CM Mom
3.3305867e-17  1.295317e-17  
-7.5111844e-18 2.1391352e-17 
-1.1751435e-16 2.4940618e-17 
1.2520643e-16  2.3368361e-17 

CM Pos
7.4983084      0.014015126   
7.5012314      0.0072547097  
7.5047292      0.0088820687  
12.992857      0.0081315522  

Stress
20.4421      0.0162441    -0.0114207    0.0730514    0.0719288    0.0762009   
0.0162441    20.4242      -0.0215388    0.0719288    0.0730614    0.0316532   
-0.0114207   -0.0215388   20.4922       0.0762009    0.0316532    0.134785    

Stress Spherical
0            0            0             0            0            0           
0            0            0             0            0            0           
0            0            0             0            0            0           

Inertia
150.057      -56.2367     -56.2704      0.168052     0.112326     0.134816    
-56.2367     150.009      -56.2902      0.112326     0.239172     0.109344    
-56.2704     -56.2902     149.95        0.134816     0.109344     0.207978    

Bond Length
0.62018151    0.0027226539

BB bond length
0.62018151    0.0027226539

Water EE distance
0             0           

PEG EE distance
7.53657       0.40906591  

BBB P2(x)
0.52490316    0.01799832  

BBB first bond length
0.62001211    0.0031268141

BBB second bond length
0.62031091    0.0029965904

BBB <phi**2>/<phi>**2
1.2278248     0.012996429 

Time = 5000
Temperature
1.0145695     0.0070700272

Pressure
23.49236      0.094058883 

CM Mom
2.5387591e-17  2.1079497e-17 
-4.2904968e-18 1.5468491e-17 
-1.1018189e-16 1.7206196e-17 
1.1649105e-16  1.4577226e-17 

CM Pos
7.502019       0.012769008   
7.5004892      0.019079613   
7.5036902      0.0092502096  
12.993978      0.011617811   

Stress
20.4588      0.0192505    0.0163023     0.142278     0.0669272    0.0874097   
0.0192505    20.4581      -0.0253372    0.0669272    0.109119     0.080961    
0.0163023    -0.0253372   20.4462       0.0874097    0.080961     0.122846    

Stress Spherical
0            0            0             0            0            0           
0            0            0             0            0            0           
0            0            0             0            0            0           

Inertia
150.016      -56.2523     -56.2813      0.352641     0.203531     0.176036    
-56.2523     150.049      -56.2726      0.203531     0.234986     0.171672    
-56.2813     -56.2726     149.996       0.176036     0.171672     0.285835    

Bond Length
0.61843983    0.0053714425

BB bond length
0.61843983    0.0053714425

Water EE distance
0             0           

PEG EE distance
7.3366478     0.12430376  

BBB P2(x)
0.51516684    0.018417222 

BBB first bond length
0.61812799    0.0053300096

BBB second bond length
0.61789446    0.0050977759

BBB <phi**2>/<phi>**2
1.2317894     0.012053435 

Time = 6000
Temperature
1.0102964     0.0075532554

Pressure
23.484997     0.058143684 

CM Mom
4.9719585e-17  2.0609605e-17 
-1.7785979e-17 2.2543509e-17 
-1.1534589e-16 3.2911021e-17 
1.3146716e-16  2.8732208e-17 

CM Pos
7.4978631      0.011328174   
7.4976691      0.0087622039  
7.500128       0.011870423   
12.987886      0.0090416211  

Stress
20.4775      -0.0314418   0.00644077    0.130244     0.0827005    0.0780166   
-0.0314418   20.4184      -0.00690751   0.0827005    0.0867946    0.0836255   
0.00644077   -0.00690751  20.4835       0.0780166    0.0836255    0.102176    

Stress Spherical
0            0            0             0            0            0           
0            0            0             0            0            0           
0            0            0             0            0            0           

Inertia
149.944      -56.2514     -56.295       0.272927     0.101546     0.118816    
-56.2514     149.949      -56.2264      0.101546     0.233181     0.163778    
-56.295      -56.2264     149.922       0.118816     0.163778     0.138938    

Bond Length
0.62160477    0.0033508587

BB bond length
0.62160477    0.0033508587

Water EE distance
0             0           

PEG EE distance
7.0377362     0.20871891  

BBB P2(x)
0.51118527    0.016187107 

BBB first bond length
0.62172706    0.0035828566

BBB second bond length
0.62126451    0.0034229109

BBB <phi**2>/<phi>**2
1.2202794     0.010721837 

Time = 7000
Temperature
1.0105452     0.0091117487

Pressure
23.458994     0.076419908 

CM Mom
3.4580217e-17  1.7430257e-17 
-3.4312576e-17 2.6443725e-17 
-1.3546457e-16 1.3892768e-17 
1.4698389e-16  1.7765767e-17 

CM Pos
7.4937071      0.013109529   
7.5030125      0.010609134   
7.4987921      0.013008309   
12.987807      0.0073525224  

Stress
20.4401      0.0277681    0.00529744    0.127413     0.0756471    0.0631618   
0.0277681    20.421       0.0105283     0.0756471    0.0992275    0.0870498   
0.00529744   0.0105283    20.438        0.0631618    0.0870498    0.123144    

Stress Spherical
0            0            0             0            0            0           
0            0            0             0            0            0           
0            0            0             0            0            0           

Inertia
150.026      -56.2312     -56.192       0.241502     0.100673     0.133551    
-56.2312     149.888      -56.2372      0.100673     0.319582     0.0899263   
-56.192      -56.2372     149.927       0.133551     0.0899263    0.171126    

Bond Length
0.62058905    0.0031285547

BB bond length
0.62058905    0.0031285547

Water EE distance
0             0           

PEG EE distance
7.0824672     0.36886602  

BBB P2(x)
0.52694873    0.017593539 

BBB first bond length
0.62041202    0.0032663455

BBB second bond length
0.62095163    0.0032621535

BBB <phi**2>/<phi>**2
1.2313527     0.0090101419

Time = 8000
Temperature
1.0066562     0.0049689198

Pressure
23.512969     0.10262334  

CM Mom
2.5942922e-18  1.68238e-17   
-3.818987e-17  9.9004082e-18 
-1.4233988e-16 1.4956907e-17 
1.486068e-16   1.5704291e-17 

CM Pos
7.4941524      0.014768268   
7.5027156      0.010420568   
7.4976047      0.010416338   
12.987202      0.013086522   

Stress
20.5119      0.056988     -0.0421324    0.1457       0.0569057    0.0758797   
0.056988     20.4851      0.0299082     0.0569057    0.0872965    0.0628785   
-0.0421324   0.0299082    20.499        0.0758797    0.0628785    0.123349    

Stress Spherical
0            0            0             0            0            0           
0            0            0             0            0            0           
0            0            0             0            0            0           

Inertia
149.985      -56.2688     -56.1843      0.187588     0.146374     0.176728    
-56.2688     149.866      -56.2253      0.146374     0.321304     0.100433    
-56.1843     -56.2253     149.926       0.176728     0.100433     0.289789    

Bond Length
0.62046657    0.0038100277

BB bond length
0.62046657    0.0038100277

Water EE distance
0             0           

PEG EE distance
6.5359397     0.12361284  

BBB P2(x)
0.49950736    0.025880861 

BBB first bond length
0.62008656    0.0036129803

BBB second bond length
0.62060683    0.0040751568

BBB <phi**2>/<phi>**2
1.2248435     0.019588678 

Time = 9000
Temperature
1.0112762     0.0064973301

Pressure
23.498897     0.072417578 

CM Mom
2.8228102e-17  2.3047167e-17 
-6.6681768e-17 1.5491046e-17 
-1.489812e-16  2.5464441e-17 
1.6776775e-16  2.6687943e-17 

CM Pos
7.4990505      0.012940389   
7.4939585      0.0088060936  
7.4971594      0.01545064    
12.984718      0.012297541   

Stress
20.4881      0.0173207    -0.0153848    0.134703     0.0597106    0.0861612   
0.0173207    20.4926      -0.000604011  0.0597106    0.0899686    0.0514789   
-0.0153848   -0.000604011 20.4315       0.0861612    0.0514789    0.098306    

Stress Spherical
0            0            0             0            0            0           
0            0            0             0            0            0           
0            0            0             0            0            0           

Inertia
149.848      -56.2081     -56.1892      0.317047     0.140909     0.162339    
-56.2081     149.931      -56.1801      0.140909     0.342513     0.18794     
-56.1892     -56.1801     149.867       0.162339     0.18794      0.200196    

Bond Length
0.61819234    0.0041688814

BB bond length
0.61819234    0.0041688814

Water EE distance
0             0           

PEG EE distance
6.7200839     0.21723044  

BBB P2(x)
0.52340753    0.026532318 

BBB first bond length
0.61805407    0.0042969849

BBB second bond length
0.61841185    0.0043156233

BBB <phi**2>/<phi>**2
1.2254656     0.012586173 

Time = 10000
Temperature
1.0085655     0.0087663678

Pressure
23.452451     0.070851893 

CM Mom
1.48731e-17    1.2993916e-17 
-6.1113625e-17 1.4956306e-17 
-1.716921e-16  8.9051556e-18 
1.8382406e-16  1.071508e-17  

CM Pos
7.5000895      0.011535341   
7.4988565      0.014050449   
7.5059166      0.012998144   
12.993203      0.011895496   

Stress
20.4405      -0.0142265   -0.0304504    0.117497     0.0582192    0.0670389   
-0.0142265   20.4494      0.0175559     0.0582192    0.1507       0.100899    
-0.0304504   0.0175559    20.4074       0.0670389    0.100899     0.095618    

Stress Spherical
0            0            0             0            0            0           
0            0            0             0            0            0           
0            0            0             0            0            0           

Inertia
150.055      -56.2575     -56.3257      0.176842     0.134552     0.141222    
-56.2575     150.084      -56.2557      0.134552     0.360371     0.0888467   
-56.3257     -56.2557     149.969       0.141222     0.0888467    0.282441    

Bond Length
0.61535373    0.0036854007

BB bond length
0.61535373    0.0036854007

Water EE distance
0             0           

PEG EE distance
6.9748683     0.24487472  

BBB P2(x)
0.50765379    0.016882292 

BBB first bond length
0.61560925    0.0033626919

BBB second bond length
0.61589132    0.0035941225

BBB <phi**2>/<phi>**2
1.2133363     0.015835345 

Time = 11000
Temperature
1.009949      0.0080031182

Pressure
23.500736     0.067435783 

CM Mom
2.6815742e-17  9.3142296e-18 
-5.5873957e-17 1.4760722e-17 
-1.5932074e-16 2.1086505e-17 
1.7181532e-16  2.1280338e-17 

CM Pos
7.5043939      0.015244655   
7.4964817      0.0090052313  
7.4999795      0.012724071   
12.990887      0.013904035   

Stress
20.4243      -0.0142862   -0.0235111    0.150798     0.0787516    0.0789812   
-0.0142862   20.527       -0.000349478  0.0787516    0.0974105    0.0946594   
-0.0235111   -0.000349478 20.4784       0.0789812    0.0946594    0.0616072   

Stress Spherical
0            0            0             0            0            0           
0            0            0             0            0            0           
0            0            0             0            0            0           

Inertia
149.934      -56.241      -56.2916      0.205015     0.123405     0.198678    
-56.241      150.046      -56.2258      0.123405     0.350197     0.098456    
-56.2916     -56.2258     149.981       0.198678     0.098456     0.269807    

Bond Length
0.62333049    0.0018677694

BB bond length
0.62333049    0.0018677694

Water EE distance
0             0           

PEG EE distance
6.8889727     0.28414078  

BBB P2(x)
0.51387672    0.010901897 

BBB first bond length
0.62303555    0.0026391779

BBB second bond length
0.62352636    0.0017282856

BBB <phi**2>/<phi>**2
1.2206062     0.012382464 

Time = 12000
Temperature
1.0093518     0.0043770399

Pressure
23.500555     0.081882825 

CM Mom
3.6126466e-17  9.7599426e-18 
-3.0301256e-17 1.1864329e-17 
-1.7004973e-16 1.4252043e-17 
1.770674e-16   1.5049065e-17 

CM Pos
7.4957851      0.015474148   
7.4988565      0.011856495   
7.5069556      0.019933432   
12.991329      0.013022736   

Stress
20.5087      -0.0405609   0.0328801     0.110312     0.0591612    0.0675215   
-0.0405609   20.4656      -0.0320018    0.0591612    0.0922258    0.0700593   
0.0328801    -0.0320018   20.4602       0.0675215    0.0700593    0.135522    

Stress Spherical
0            0            0             0            0            0           
0            0            0             0            0            0           
0            0            0             0            0            0           

Inertia
150.081      -56.2081     -56.2852      0.234156     0.150993     0.207341    
-56.2081     150.028      -56.3104      0.150993     0.392812     0.0997411   
-56.2852     -56.3104     149.901       0.207341     0.0997411    0.318914    

Bond Length
0.61934505    0.0044033056

BB bond length
0.61934505    0.0044033056

Water EE distance
0             0           

PEG EE distance
7.3672976     0.25713311  

BBB P2(x)
0.51034368    0.013864802 

BBB first bond length
0.61910631    0.004512651 

BBB second bond length
0.61931038    0.0044953042

BBB <phi**2>/<phi>**2
1.2225282     0.011625238 

Time = 13000
Temperature
1.0072559     0.0075291302

Pressure
23.469114     0.077842357 

CM Mom
4.2984065e-17  1.4788825e-17 
-4.5944733e-17 2.1236067e-17 
-1.8674949e-16 1.7070051e-17 
1.9875775e-16  1.7039468e-17 

CM Pos
7.4987537      0.0086661353  
7.5028641      0.010599785   
7.5115568      0.0089660034  
12.997996      0.011850969   

Stress
20.4827      0.0219388    -0.0313948    0.124217     0.057871     0.0383198   
0.0219388    20.4704      -0.0180214    0.057871     0.134888     0.0654043   
-0.0313948   -0.0180214   20.4059       0.0383198    0.0654043    0.0920037   

Stress Spherical
0            0            0             0            0            0           
0            0            0             0            0            0           
0            0            0             0            0            0           

Inertia
150.229      -56.2672     -56.3071      0.225814     0.115016     0.11894     
-56.2672     150.149      -56.3359      0.115016     0.222987     0.127196    
-56.3071     -56.3359     150.013       0.11894      0.127196     0.165162    

Bond Length
0.61968071    0.0040480951

BB bond length
0.61968071    0.0040480951

Water EE distance
0             0           

PEG EE distance
7.1175467     0.11198362  

BBB P2(x)
0.52317169    0.017704665 

BBB first bond length
0.61966585    0.0041056961

BBB second bond length
0.61938425    0.0043955974

BBB <phi**2>/<phi>**2
1.2233631     0.013782232 

Time = 14000
Temperature
1.0098799     0.0094264556

Pressure
23.48575      0.050024161 

CM Mom
6.0040314e-17  1.5297611e-17 
-7.7512375e-17 2.8935966e-17 
-2.0366182e-16 3.2920575e-17 
2.2858691e-16  3.1531584e-17 

CM Pos
7.4990505      0.011517183   
7.5046452      0.017771577   
7.4981984      0.009966716   
12.99149       0.013054801   

Stress
20.4683      -0.00625514  -0.000904677  0.0562989    0.0622414    0.0607344   
-0.00625514  20.5176      0.0108042     0.0622414    0.118603     0.074483    
-0.000904677 0.0108042    20.3994       0.0607344    0.074483     0.0960655   

Stress Spherical
0            0            0             0            0            0           
0            0            0             0            0            0           
0            0            0             0            0            0           

Inertia
150.067      -56.2782     -56.2035      0.335842     0.170418     0.0795416   
-56.2782     149.958      -56.3053      0.170418     0.0905721    0.203216    
-56.2035     -56.3053     150.04        0.0795416    0.203216     0.272794    

Bond Length
0.62051576    0.0037926545

BB bond length
0.62051576    0.0037926545

Water EE distance
0             0           

PEG EE distance
6.654645      0.14663032  

BBB P2(x)
0.51763771    0.022099112 

BBB first bond length
0.62044296    0.0036346049

BBB second bond length
0.62073332    0.0039170814

BBB <phi**2>/<phi>**2
1.2262613     0.014870639 

Time = 15000
Temperature
1.0098128     0.0056481837

Pressure
23.47368      0.095921523 

CM Mom
9.4126171e-17  2.4866355e-17 
-8.7115321e-17 1.4877489e-17 
-2.0398982e-16 1.5487019e-17 
2.4254833e-16  1.7620753e-17 

CM Pos
7.4966757      0.011912108   
7.5019735      0.020080983   
7.5030965      0.014913742   
12.991403      0.02039971    

Stress
20.4704      0.0190167    -0.02881      0.0954194    0.0367604    0.0459028   
0.0190167    20.4335      0.0279688     0.0367604    0.0665712    0.0469312   
-0.02881     0.0279688    20.4459       0.0459028    0.0469312    0.138742    

Stress Spherical
0            0            0             0            0            0           
0            0            0             0            0            0           
0            0            0             0            0            0           

Inertia
150.071      -56.2428     -56.2671      0.416017     0.233287     0.155353    
-56.2428     149.996      -56.2645      0.233287     0.314174     0.19525     
-56.2671     -56.2645     149.958       0.155353     0.19525      0.443158    

Bond Length
0.62170542    0.00384382  

BB bond length
0.62170542    0.00384382  

Water EE distance
0             0           

PEG EE distance
6.9534722     0.16007898  

BBB P2(x)
0.51637809    0.016227365 

BBB first bond length
0.6216019     0.0038822233

BBB second bond length
0.62146199    0.004056096 

BBB <phi**2>/<phi>**2
1.2329408     0.014412514 

Time = 16000
Temperature
1.0091237     0.005942148 

Pressure
23.503028     0.098591007 

CM Mom
8.5911142e-17  1.4358445e-17 
-7.5124615e-17 2.3173035e-17 
-1.7839755e-16 2.2157563e-17 
2.1391117e-16  1.8062148e-17 

CM Pos
7.497121       0.015424953   
7.5003408      0.017935078   
7.4964173      0.014437117   
12.986871      0.012708043   

Stress
20.4906      0.00149979   -9.09386e-05  0.133562     0.0695115    0.0589488   
0.00149979   20.4841      -0.00609859   0.0695115    0.121317     0.0821122   
-9.09386e-05 -0.00609859  20.4693       0.0589488    0.0821122    0.128592    

Stress Spherical
0            0            0             0            0            0           
0            0            0             0            0            0           
0            0            0             0            0            0           

Inertia
149.955      -56.2336     -56.1868      0.307695     0.181234     0.164983    
-56.2336     149.888      -56.2256      0.181234     0.332728     0.138599    
-56.1868     -56.2256     149.936       0.164983     0.138599     0.317866    

Bond Length
0.61921386    0.0030069336

BB bond length
0.61921386    0.0030069336

Water EE distance
0             0           

PEG EE distance
7.2638407     0.25161339  

BBB P2(x)
0.51737653    0.018811776 

BBB first bond length
0.61957832    0.0031770903

BBB second bond length
0.62013923    0.002839986 

BBB <phi**2>/<phi>**2
1.223084      0.0073395394

Time = 17000
Temperature
1.0093392     0.0072841276

Pressure
23.518896     0.08328062  

CM Mom
9.4249624e-17  1.6688324e-17 
-1.0690112e-16 2.1036489e-17 
-1.8395773e-16 1.5446407e-17 
2.3445476e-16  1.1911207e-17 

CM Pos
7.5033549      0.0095916254  
7.4973723      0.01417533    
7.4998311      0.012629357   
12.990715      0.012653439   

Stress
20.4952      -0.00928134  0.00907478    0.0864277    0.0842778    0.0900594   
-0.00928134  20.5191      -0.0176637    0.0842778    0.0719496    0.0741692   
0.00907478   -0.0176637   20.4754       0.0900594    0.0741692    0.123287    

Stress Spherical
0            0            0             0            0            0           
0            0            0             0            0            0           
0            0            0             0            0            0           

Inertia
149.954      -56.2441     -56.2706      0.277331     0.151034     0.218221    
-56.2441     150.041      -56.2177      0.151034     0.310675     0.15975     
-56.2706     -56.2177     149.992       0.218221     0.15975      0.283901    

Bond Length
0.61919812    0.0029477283

BB bond length
0.61919812    0.0029477283

Water EE distance
0             0           

PEG EE distance
7.7201602     0.19966285  

BBB P2(x)
0.52114462    0.027157651 

BBB first bond length
0.61926245    0.0031107619

BBB second bond length
0.6193052     0.0029363206

BBB <phi**2>/<phi>**2
1.2330053     0.016734074 

Time = 18000
Temperature
1.0053241     0.0064080722

Pressure
23.47192      0.073102122 

CM Mom
1.0220923e-16  2.2860548e-17 
-1.3852163e-16 1.8219467e-17 
-1.9518437e-16 1.6804917e-17 
2.6183668e-16  1.7618805e-17 

CM Pos
7.5024643      0.010266149   
7.5012314      0.011638961   
7.506065       0.020229636   
12.99603       0.017679398   

Stress
20.4531      0.0124674    -0.0012259    0.104517     0.066722     0.0675606   
0.0124674    20.47        0.00971619    0.066722     0.0861783    0.0770885   
-0.0012259   0.00971619   20.4617       0.0675606    0.0770885    0.0783698   

Stress Spherical
0            0            0             0            0            0           
0            0            0             0            0            0           
0            0            0             0            0            0           

Inertia
150.101      -56.3362     -56.3149      0.357013     0.151099     0.153216    
-56.3362     150.132      -56.3496      0.151099     0.35805      0.2174      
-56.3149     -56.3496     150.038       0.153216     0.2174       0.280684    

Bond Length
0.61939372    0.0027288477

BB bond length
0.61939372    0.0027288477

Water EE distance
0             0           

PEG EE distance
7.7912229     0.21871629  

BBB P2(x)
0.52165994    0.016112157 

BBB first bond length
0.61964433    0.0028736965

BBB second bond length
0.619411      0.0023868334

BBB <phi**2>/<phi>**2
1.2274408     0.015590675 

Time = 19000
Temperature
1.0140798     0.009596918 

Pressure
23.467492     0.04801261  

CM Mom
1.0793475e-16  1.5157754e-17 
-1.4206263e-16 1.7607237e-17 
-1.7973205e-16 1.8291082e-17 
2.5451164e-16  1.5279763e-17 

CM Pos
7.5011285      0.0070264004  
7.4978176      0.013361699   
7.4952299      0.013707587   
12.98703       0.01108249    

Stress
20.4201      0.0172002    0.00536625    0.124293     0.0736408    0.0756968   
0.0172002    20.4648      0.0174651     0.0736408    0.107917     0.0827712   
0.00536625   0.0174651    20.4079       0.0756968    0.0827712    0.0863633   

Stress Spherical
0            0            0             0            0            0           
0            0            0             0            0            0           
0            0            0             0            0            0           

Inertia
149.888      -56.2404     -56.2034      0.30464      0.0741147    0.106671    
-56.2404     149.961      -56.1893      0.0741147    0.205432     0.166205    
-56.2034     -56.1893     149.977       0.106671     0.166205     0.173136    

Bond Length
0.61771676    0.0028487655

BB bond length
0.61771676    0.0028487655

Water EE distance
0             0           

PEG EE distance
7.3154212     0.25560774  

BBB P2(x)
0.51102664    0.021981248 

BBB first bond length
0.61804965    0.0032789217

BBB second bond length
0.61769644    0.0029864258

BBB <phi**2>/<phi>**2
1.2251493     0.014970866 

Time = 20000
Temperature
1.0071944     0.006745849 

Pressure
23.522061     0.06566483  

CM Mom
1.054451e-16   1.5672518e-17 
-1.5038518e-16 2.2994112e-17 
-1.9335726e-16 2.1195428e-17 
2.6818084e-16  2.0592256e-17 

CM Pos
7.4987537      0.021534148   
7.5050905      0.013575159   
7.5014638      0.012844697   
12.993473      0.010707302   

Stress
20.5139      0.00583302   -0.0321126    0.0826853    0.0649776    0.0692027   
0.00583302   20.4725      0.0276541     0.0649776    0.0998752    0.0988346   
-0.0321126   0.0276541    20.5321       0.0692027    0.0988346    0.0939587   

Stress Spherical
0            0            0             0            0            0           
0            0            0             0            0            0           
0            0            0             0            0            0           

Inertia
150.08       -56.2436     -56.2989      0.298578     0.129506     0.198082    
-56.2436     150.013      -56.3376      0.129506     0.391612     0.142329    
-56.2989     -56.3376     150.025       0.198082     0.142329     0.245493    

Bond Length
0.6173178     0.0043512212

BB bond length
0.6173178     0.0043512212

Water EE distance
0             0           

PEG EE distance
6.4848151     0.24203358  

BBB P2(x)
0.50209025    0.020522485 

BBB first bond length
0.61699859    0.0041824104

BBB second bond length
0.61719576    0.0043195321

BBB <phi**2>/<phi>**2
1.2218836     0.01275303  

Time = 21000
Temperature
1.009089      0.0081232443

Pressure
23.468506     0.088034287 

CM Mom
9.496576e-17   1.1578855e-17 
-1.3683999e-16 1.9717589e-17 
-1.9661087e-16 1.7812061e-17 
2.587288e-16   1.7292894e-17 

CM Pos
7.5058781      0.011351488   
7.497966       0.011008618   
7.5020575      0.014302202   
12.993802      0.011912126   

Stress
20.4188      -0.00119646  -0.00790415   0.1187       0.0422157    0.0704702   
-0.00119646  20.5068      0.0147599     0.0422157    0.0749212    0.0795786   
-0.00790415  0.0147599    20.4151       0.0704702    0.0795786    0.0932499   

Stress Spherical
0            0            0             0            0            0           
0            0            0             0            0            0           
0            0            0             0            0            0           

Inertia
149.985      -56.3226     -56.3024      0.269037     0.0967026    0.108095    
-56.3226     150.113      -56.2501      0.0967026    0.251108     0.160361    
-56.3024     -56.2501     150.034       0.108095     0.160361     0.271353    

Bond Length
0.62129057    0.0028661252

BB bond length
0.62129057    0.0028661252

Water EE distance
0             0           

PEG EE distance
6.7986391     0.12282049  

BBB P2(x)
0.51155752    0.021213665 

BBB first bond length
0.62113951    0.0027122646

BBB second bond length
0.62101409    0.0030002586

BBB <phi**2>/<phi>**2
1.225589      0.015357343 

Time = 22000
Temperature
1.0087113     0.0088679731

Pressure
23.47749      0.1266819   

CM Mom
8.8596478e-17  1.3551727e-17 
-1.4016428e-16 1.363396e-17  
-1.8077103e-16 2.1432356e-17 
2.4629649e-16  1.8451099e-17 

CM Pos
7.4987537      0.012048188   
7.4960364      0.011653148   
7.4904802      0.014452369   
12.981894      0.0091086566  

Stress
20.4315      0.00399423   -0.0316833    0.13763      0.0568717    0.0538571   
0.00399423   20.462       0.0410713     0.0568717    0.113846     0.0835124   
-0.0316833   0.0410713    20.4776       0.0538571    0.0835124    0.138846    

Stress Spherical
0            0            0             0            0            0           
0            0            0             0            0            0           
0            0            0             0            0            0           

Inertia
149.778      -56.2129     -56.1461      0.267631     0.0978433    0.11415     
-56.2129     149.822      -56.1317      0.0978433    0.191342     0.140738    
-56.1461     -56.1317     149.889       0.11415      0.140738     0.245192    

Bond Length
0.61941926    0.0034789498

BB bond length
0.61941926    0.0034789498

Water EE distance
0             0           

PEG EE distance
6.9093088     0.22544714  

BBB P2(x)
0.49786165    0.020369309 

BBB first bond length
0.61952216    0.0035474972

BBB second bond length
0.6196459     0.0036203058

BBB <phi**2>/<phi>**2
1.2142704     0.0091157215

Time = 23000
Temperature
1.0134457     0.0047416908

Pressure
23.490277     0.050889801 

CM Mom
9.9669596e-17  2.0925826e-17 
-1.1079737e-16 2.4805225e-17 
-1.5771379e-16 2.1188869e-17 
2.1892876e-16  2.561406e-17  

CM Pos
7.4980115      0.011268703   
7.4988565      0.010580022   
7.5062135      0.0104964     
12.992169      0.012694539   

Stress
20.4451      0.0265685    -0.00627466   0.0722629    0.0408722    0.0473843   
0.0265685    20.5085      -0.00275978   0.0408722    0.102605     0.103365    
-0.00627466  -0.00275978  20.4134       0.0473843    0.103365     0.0766275   

Stress Spherical
0            0            0             0            0            0           
0            0            0             0            0            0           
0            0            0             0            0            0           

Inertia
150.043      -56.2195     -56.2772      0.237492     0.154302     0.148402    
-56.2195     150.051      -56.2638      0.154302     0.172321     0.130027    
-56.2772     -56.2638     149.911       0.148402     0.130027     0.267606    

Bond Length
0.62102537    0.0048186021

BB bond length
0.62102537    0.0048186021

Water EE distance
0             0           

PEG EE distance
7.0000071     0.17971634  

BBB P2(x)
0.51106393    0.017062153 

BBB first bond length
0.62080091    0.0050692532

BBB second bond length
0.6214343     0.0046541136

BBB <phi**2>/<phi>**2
1.2238819     0.012526693 

Time = 24000
Temperature
1.0097939     0.0069516676

Pressure
23.47402      0.094168642 

CM Mom
9.2688819e-17  1.7005432e-17 
-9.9152441e-17 1.4791486e-17 
-1.7148969e-16 2.1991025e-17 
2.1998209e-16  2.0750757e-17 

CM Pos
7.5023159      0.021511629   
7.5093948      0.0093685338  
7.4906287      0.014750356   
12.991765      0.0090704348  

Stress
20.4169      0.0263891    -0.0593973    0.123816     0.0675288    0.0605501   
0.0263891    20.5078      -0.0167034    0.0675288    0.125871     0.0786327   
-0.0593973   -0.0167034   20.4263       0.0605501    0.0786327    0.146525    

Stress Spherical
0            0            0             0            0            0           
0            0            0             0            0            0           
0            0            0             0            0            0           

Inertia
149.97       -56.3218     -56.2165      0.245384     0.17759      0.111053    
-56.3218     149.861      -56.2758      0.17759      0.189583     0.153234    
-56.2165     -56.2758     150.147       0.111053     0.153234     0.35345     

Bond Length
0.62106743    0.0046162414

BB bond length
0.62106743    0.0046162414

Water EE distance
0             0           

PEG EE distance
6.9714022     0.35618344  

BBB P2(x)
0.50426076    0.019521158 

BBB first bond length
0.62137215    0.0049050176

BBB second bond length
0.62138399    0.0043705402

BBB <phi**2>/<phi>**2
1.2307262     0.019152327 

Time = 25000
Temperature
1.0087744     0.0060885612

Pressure
23.476107     0.093100858 

CM Mom
1.0871089e-16  2.0620743e-17 
-1.0659393e-16 1.2799248e-17 
-1.6516792e-16 1.5476185e-17 
2.2595307e-16  1.5314198e-17 

CM Pos
7.5036517      0.012771596   
7.500044       0.014243549   
7.4943393      0.012542713   
12.989265      0.0094346168  

Stress
20.4598      0.0245845    -0.00435423   0.122184     0.0644855    0.0653742   
0.0245845    20.4643      0.00219294    0.0644855    0.10459      0.0671022   
-0.00435423  0.00219294   20.4422       0.0653742    0.0671022    0.0700594   

Stress Spherical
0            0            0             0            0            0           
0            0            0             0            0            0           
0            0            0             0            0            0           

Inertia
149.903      -56.2899     -56.2429      0.146364     0.210457     0.069419    
-56.2899     149.967      -56.1745      0.210457     0.177572     0.0684035   
-56.2429     -56.1745     150.058       0.069419     0.0684035    0.341207    

Bond Length
0.61994155    0.0042926685

BB bond length
0.61994155    0.0042926685

Water EE distance
0             0           

PEG EE distance
7.1625141     0.30196911  

BBB P2(x)
0.51718723    0.016233099 

BBB first bond length
0.61990286    0.0046699365

BBB second bond length
0.61996095    0.0047252725

BBB <phi**2>/<phi>**2
1.2187242     0.012728697 

Time = 26000
Temperature
1.0131718     0.0073013304

Pressure
23.521176     0.06969275  

CM Mom
1.2079745e-16  1.9467933e-17 
-9.087232e-17  2.0469223e-17 
-1.7612459e-16 2.1239998e-17 
2.3362414e-16  2.3206945e-17 

CM Pos
7.5029096      0.0078385588  
7.4994502      0.017156609   
7.4937456      0.0099224094  
12.988148      0.0090978495  

Stress
20.4799      0.0070277    0.0156695     0.128857     0.0881093    0.0904689   
0.0070277    20.5022      0.0177497     0.0881093    0.103983     0.0675714   
0.0156695    0.0177497    20.48         0.0904689    0.0675714    0.088107    

Stress Spherical
0            0            0             0            0            0           
0            0            0             0            0            0           
0            0            0             0            0            0           

Inertia
149.888      -56.2775     -56.2074      0.218724     0.113113     0.136884    
-56.2775     149.926      -56.1915      0.113113     0.22204      0.13856     
-56.2074     -56.1915     150.044       0.136884     0.13856      0.179785    

Bond Length
0.6184491     0.0026786409

BB bond length
0.6184491     0.0026786409

Water EE distance
0             0           

PEG EE distance
7.4661322     0.27537117  

BBB P2(x)
0.49992666    0.017574031 

BBB first bond length
0.61852606    0.0032076106

BBB second bond length
0.61841581    0.0028156253

BBB <phi**2>/<phi>**2
1.2119947     0.014094837 

Time = 27000
Temperature
1.01051       0.0073106398

Pressure
23.509007     0.10991317  

CM Mom
1.2654102e-16  1.4445354e-17 
-1.0610891e-16 1.2023076e-17 
-1.6065318e-16 1.3645237e-17 
2.312166e-16   1.2628281e-17 

CM Pos
7.4986052      0.0084485946  
7.4936616      0.012902027   
7.5014638      0.019896373   
12.986774      0.018454926   

Stress
20.4991      -0.0205868   0.00491975    0.11689      0.0706565    0.0460384   
-0.0205868   20.5104      0.00486398    0.0706565    0.119276     0.0815545   
0.00491975   0.00486398   20.44         0.0460384    0.0815545    0.120369    

Stress Spherical
0            0            0             0            0            0           
0            0            0             0            0            0           
0            0            0             0            0            0           

Inertia
149.922      -56.1737     -56.2543      0.366683     0.155215     0.200601    
-56.1737     150.006      -56.24        0.155215     0.306991     0.246054    
-56.2543     -56.24       149.892       0.200601     0.246054     0.226389    

Bond Length
0.62427372    0.0022679478

BB bond length
0.62427372    0.0022679478

Water EE distance
0             0           

PEG EE distance
7.5055837     0.20381673  

BBB P2(x)
0.51567514    0.019857791 

BBB first bond length
0.62398191    0.0022463124

BBB second bond length
0.62418685    0.0021676862

BBB <phi**2>/<phi>**2
1.2272525     0.0099838106

Time = 28000
Temperature
1.0160313     0.0079187128

Pressure
23.520106     0.078185844 

CM Mom
1.3372964e-16  1.593749e-17  
-1.1236092e-16 1.2689793e-17 
-1.5465219e-16 1.4432351e-17 
2.3414097e-16  1.5074085e-17 

CM Pos
7.5006832      0.010179949   
7.5079106      0.006743212   
7.5042839      0.018715892   
12.997832      0.010089922   

Stress
20.4921      -0.015217    -0.0569394    0.11959      0.0757203    0.0650891   
-0.015217    20.4665      -0.0226817    0.0757203    0.125349     0.0662671   
-0.0569394   -0.0226817   20.4745       0.0650891    0.0662671    0.0995581   

Stress Spherical
0            0            0             0            0            0           
