Time = 1000
Temperature
   1.0411551   0.051703815

Pressure
   23.679077    0.18253983

CM Mom
-1.1539291e-17 1.3789538e-17 
-7.2112335e-18 2.1861972e-17 
-3.779947e-17  1.4482754e-16 
1.2928714e-16  8.0882058e-17 

CM Pos
7.5028094      0.012274254   
7.5092118      0.017469657   
7.5011392      0.012732011   
12.997995      0.015588238   

Stress
20.5647      -0.0235247   0.0128896     0.15703      0.0853889    0.0545576   
-0.0235247   20.5462      0.0580501     0.0853889    0.113761     0.0513576   
0.0128896    0.0580501    20.5698       0.0545576    0.0513576    0.128929    

Stress Spherical
0            0            0             0            0            0           
0            0            0             0            0            0           
0            0            0             0            0            0           

Inertia
150.202      -56.3297     -56.3068      0.848196     0.172293     0.158804    
-56.3297     150.1        -56.3211      0.172293     0.520081     0.183457    
-56.3068     -56.3211     150.221       0.158804     0.183457     0.811053    

Bond Length
0.61751008    0.0034014557

BB bond length
0.61751008    0.0034014557

Water EE distance
0             0           

PEG EE distance
6.5990178     0.28297861  

BBB P2(x)
0.47124497    0.043784908 

BBB first bond length
0.61704361    0.0031907541

BBB second bond length
0.61763328    0.0036438304

BBB <phi**2>/<phi>**2
1.2152734     0.021060744 

Time = 2000
Temperature
1.0105931     0.0058061058

Pressure
23.496064     0.042672894 

CM Mom
2.2821617e-17  2.5373784e-17 
5.3147397e-18  1.9378543e-17 
-1.4394739e-17 3.4019306e-17 
4.7635732e-17  2.5764087e-17 

CM Pos
7.4971714      0.015600522   
7.4976391      0.010516347   
7.5006941      0.010667026   
12.987798      0.012272103   

Stress
20.4849      0.031993     -0.0121611    0.0985379    0.0909168    0.0809478   
0.031993     20.4458      0.0207898     0.0909168    0.074468     0.0386105   
-0.0121611   0.0207898    20.4756       0.0809478    0.0386105    0.139336    

Stress Spherical
0            0            0             0            0            0           
0            0            0             0            0            0           
0            0            0             0            0            0           

Inertia
149.865      -56.2188     -56.2247      0.328386     0.194177     0.168123    
-56.2188     149.867      -56.2171      0.194177     0.450218     0.141802    
-56.2247     -56.2171     149.822       0.168123     0.141802     0.492352    

Bond Length
0.61796977    0.0043591727

BB bond length
0.61796977    0.0043591727

Water EE distance
0             0           

PEG EE distance
7.3056518     0.31840297  

BBB P2(x)
0.52480265    0.012307271 

BBB first bond length
0.61814238    0.0042318746

BBB second bond length
0.61800421    0.0046526477

BBB <phi**2>/<phi>**2
1.2234997     0.01527917  

