Time = 1000
Temperature
   1.1871775    0.30335418

Pressure
   23.915295      1.344552

CM Mom
3.9588331e-17  2.9166166e-17 
7.5942263e-18  2.5328022e-17 
-1.3250598e-16 4.1179556e-16 
2.7442596e-16  3.3902934e-16 

CM Pos
7.4989565      0.015695578   
7.4902086      0.013992255   
7.4963941      0.033637446   
12.982076      0.027904388   

Stress
20.3668      -0.00421387  0.0695502     0.47681      0.0672       0.0660652   
-0.00421387  20.3526      -0.00832464   0.0672       0.466013     0.0933223   
0.0695502    -0.00832464  20.3535       0.0660652    0.0933223    0.435893    

Stress Spherical
0            0            0             0            0            0           
0            0            0             0            0            0           
0            0            0             0            0            0           

Inertia
150.013      -56.1601     -56.1966      1.39873      0.168523     0.300212    
-56.1601     150.125      -56.1113      0.168523     1.28629      0.326328    
-56.1966     -56.1113     150.018       0.300212     0.326328     1.58965     

Bond Length
0.61942483    0.0099092955

BB bond length
0.61942483    0.0099092955

Water EE distance
0             0           

PEG EE distance
7.1131587     0.14191873  

BBB P2(x)
0.46972037    0.059454276 

BBB first bond length
0.61941558    0.0099517697

BBB second bond length
0.61935169    0.0098586781

BBB <phi**2>/<phi>**2
1.2203998     0.010773807 

Time = 2000
Temperature
1.0135946     0.0057883183

Pressure
23.03887      0.10443098  

CM Mom
5.8869867e-17  1.2075789e-17 
9.9726875e-19  8.4725754e-18 
2.6398258e-17  4.0622207e-17 
7.4561982e-17  2.1721131e-17 

CM Pos
7.5038507      0.014742419   
7.498069       0.015083863   
7.496839       0.016289733   
12.989686      0.013703298   

Stress
19.9235      0.0280709    0.00358118    0.158921     0.0714764    0.0332077   
0.0280709    19.9994      0.00638456    0.0714764    0.107363     0.0800438   
0.00358118   0.00638456   20.0813       0.0332077    0.0800438    0.0777403   

Stress Spherical
0            0            0             0            0            0           
0            0            0             0            0            0           
0            0            0             0            0            0           

Inertia
149.828      -56.2629     -56.2206      0.452181     0.133359     0.150749    
-56.2629     149.909      -56.1908      0.133359     0.31617      0.215718    
-56.2206     -56.1908     149.92        0.150749     0.215718     0.252579    

Bond Length
0.61663723    0.0019076259

BB bond length
0.61663723    0.0019076259

Water EE distance
0             0           

PEG EE distance
7.2387379     0.11745246  

BBB P2(x)
0.51287211    0.0061278599

BBB first bond length
0.6166794     0.0017543066

BBB second bond length
0.61672854    0.0018282905

BBB <phi**2>/<phi>**2
1.220874      0.0055948825

