Time = 500
Temperature
   1.0365628   0.026015453

Pressure
   22.896378    0.12227474

CM Mom
5.1586065e-18  1.8807913e-17 
2.380359e-17   1.9013487e-17 
2.8871069e-17  1.2655743e-17 
4.3700303e-17  1.9810663e-17 

CM Pos
7.4779923      0.017775893   
7.5131462      0.016287552   
7.5076265      0.015546565   
12.989723      0.010674842   

Stress
19.8609      0.00631246   0.00475175    0.139647     0.0717161    0.0233149   
0.00631246   19.7868      0.052515      0.0717161    0.0775302    0.050768    
0.00475175   0.052515     19.7244       0.0233149    0.050768     0.133603    

Stress Spherical
0            0            0             0            0            0           
0            0            0             0            0            0           
0            0            0             0            0            0           

Inertia
149.932      -56.1632     -56.1642      0.0487703    0.227553     0.0503591   
-56.1632     149.375      -56.4287      0.227553     0.189861     0.0636996   
-56.1642     -56.4287     149.465       0.0503591    0.0636996    0.471652    

Bond Length
0.61532493    0.0029054333

BB bond length
0.61532493    0.0029054333

Water EE distance
0             0           

PEG EE distance
3.5432007     0.13719799  

Time = 1000
Temperature
1.00706       0.007382424 

Pressure
22.725281     0.093468744 

CM Mom
1.2045349e-17  9.3995559e-18 
4.5517552e-17  2.5321718e-17 
2.3252431e-17  2.8103824e-17 
6.1766207e-17  2.1492212e-17 

CM Pos
7.4833325      0.011203248   
7.5155196      0.016560861   
7.4999129      0.011627325   
12.989706      0.0085244035  

Stress
19.6967      0.0219976    -0.0582181    0.0719163    0.0545608    0.0486603   
0.0219976    19.7046      -0.0297102    0.0545608    0.0924618    0.0644174   
-0.0582181   -0.0297102   19.7227       0.0486603    0.0644174    0.129168    

Stress Spherical
0            0            0             0            0            0           
0            0            0             0            0            0           
0            0            0             0            0            0           

Inertia
149.939      -56.2715     -56.1423      0.137131     0.222329     0.1003      
-56.2715     149.461      -56.3498      0.222329     0.0739043    0.0700801   
-56.1423     -56.3498     149.646       0.1003       0.0700801    0.349261    

Bond Length
0.61407443    0.0043845948

BB bond length
0.61407443    0.0043845948

Water EE distance
0             0           

PEG EE distance
3.9988499     0.15263369  

