Time = 1000
Temperature
   1.0518261   0.066085009

Pressure
   23.578649    0.29526583

CM Mom
3.3326175e-17  7.9758477e-18 
-1.1583576e-18 1.6986098e-17 
-1.2739079e-16 1.8030624e-16 
1.6384768e-16  1.5282935e-16 

CM Pos
7.499763       0.0072048395  
7.5055808      0.028975017   
7.497063       0.02199582    
12.991816      0.015065884   

Stress
20.4152      -0.00909608  0.0373334     0.127767     0.0434908    0.0822149   
-0.00909608  20.4416      0.00722438    0.0434908    0.0993588    0.11875     
0.0373334    0.00722438   20.423        0.0822149    0.11875      0.172926    

Stress Spherical
0            0            0             0            0            0           
0            0            0             0            0            0           
0            0            0             0            0            0           

Inertia
150.093      -56.2636     -56.2177      1.13003      0.260306     0.198758    
-56.2636     149.995      -56.2904      0.260306     0.625954     0.195743    
-56.2177     -56.2904     150.119       0.198758     0.195743     1.29023     

Bond Length
0.61907114    0.0048382968

BB bond length
0.61907114    0.0048382968

Water EE distance
0             0           

PEG EE distance
6.0784564     0.26389605  

BBB P2(x)
0.48123957    0.052633134 

BBB first bond length
0.61888673    0.0048846164

BBB second bond length
0.61900843    0.0047660036

BBB <phi**2>/<phi>**2
1.2176413     0.012927009 

Time = 2000
Temperature
1.014294      0.010665122 

Pressure
23.438281     0.090506594 

CM Mom
9.5561069e-18  2.3538077e-17 
4.1994578e-18  1.1870751e-17 
-3.3866522e-17 2.7733166e-17 
4.8942396e-17  1.8017274e-17 

CM Pos
7.5096997      0.014471368   
7.4978688      0.021016528   
7.5004741      0.015924439   
12.995056      0.01262187    

Stress
20.4096      -0.0260701   -0.0104936    0.0943303    0.0727577    0.0556036   
-0.0260701   20.413       -0.0173347    0.0727577    0.116336     0.0663238   
-0.0104936   -0.0173347   20.3735       0.0556036    0.0663238    0.154342    

Stress Spherical
0            0            0             0            0            0           
0            0            0             0            0            0           
0            0            0             0            0            0           

Inertia
149.892      -56.3101     -56.3029      0.364211     0.190635     0.1747      
-56.3101     150.085      -56.2222      0.190635     0.275859     0.104781    
-56.3029     -56.2222     150.025       0.1747       0.104781     0.539659    

Bond Length
0.62057373    0.0022226341

BB bond length
0.62057373    0.0022226341

Water EE distance
0             0           

PEG EE distance
6.6195664     0.19306253  

BBB P2(x)
0.51553601    0.011501932 

BBB first bond length
0.61999541    0.0024652791

BBB second bond length
0.62065529    0.002302637 

BBB <phi**2>/<phi>**2
1.2253033     0.008976977 

