Time = 500
Temperature
   1.0363909   0.037788728

Pressure
   23.260286    0.16151469

CM Mom
1.0443344e-18  2.0625755e-17 
5.5149862e-17  1.4447248e-17 
-2.6568483e-17 2.5621343e-17 
6.6976498e-17  2.3520818e-17 

CM Pos
7.5012696      0.024908147   
7.4823061      0.0067012402  
7.5036503      0.036062875   
12.983048      0.033930677   

Stress
20.1067      -0.0336087   -0.00983987   0.0983494    0.0843664    0.0422251   
-0.0336087   20.1933      -0.0493146    0.0843664    0.0662429    0.0826177   
-0.00983987  -0.0493146   20.1671       0.0422251    0.0826177    0.0905714   

Stress Spherical
0            0            0             0            0            0           
0            0            0             0            0            0           
0            0            0             0            0            0           

Inertia
149.563      -56.1087     -56.2477      0.616452     0.255423     0.432436    
-56.1087     149.87       -56.1191      0.255423     0.70699      0.33516     
-56.2477     -56.1191     149.565       0.432436     0.33516      0.349128    

Bond Length
0.61254119    0.0046817008

BB bond length
0.61254119    0.0046817008

Water EE distance
0             0           

PEG EE distance
4.1347184     0.16103786  

Time = 1000
Temperature
1.0122138     0.0064936154

Pressure
23.196237     0.045493125 

CM Mom
-9.4198745e-18 1.2310313e-17 
2.0340911e-17  8.5185731e-18 
-2.9756393e-17 9.2876566e-18 
3.8800033e-17  1.3887315e-17 

CM Pos
7.4977087      0.031576939   
7.4873506      0.0092227123  
7.5098817      0.012213125   
12.987503      0.019091389   

Stress
20.1629      -0.0173849   0.0151748     0.0472563    0.0304405    0.032561    
-0.0173849   20.2598      0.0266428     0.0304405    0.0389949    0.0651019   
0.0151748    0.0266428    20.0696       0.032561     0.0651019    0.0763256   

Stress Spherical
0            0            0             0            0            0           
0            0            0             0            0            0           
0            0            0             0            0            0           

Inertia
149.712      -56.1479     -56.2229      0.0678021    0.21201      0.326534    
-56.1479     149.939      -56.2016      0.21201      0.576724     0.0616867   
-56.2229     -56.2016     149.569       0.326534     0.0616867    0.250956    

Bond Length
0.61471109    0.003859402 

BB bond length
0.61471109    0.003859402 

Water EE distance
0             0           

PEG EE distance
3.8540524     0.36148923  

