Time = 1000
Temperature
   1.0289964   0.047545818

Pressure
   23.484605    0.17373304

CM Mom
-3.7481542e-17 2.8613237e-17 
-1.8270867e-17 2.1203529e-17 
1.1709212e-17  3.4800451e-17 
6.2344249e-17  2.164184e-17  

CM Pos
7.4990428      0.0058594587  
7.5020401      0.034541      
7.497982       0.013413438   
12.989882      0.019155037   

Stress
20.4171      0.0312781    -0.0195664    0.129089     0.0744697    0.076012    
0.0312781    20.396       -0.0184661    0.0744697    0.0587206    0.0704359   
-0.0195664   -0.0184661   20.3806       0.076012     0.0704359    0.124326    

Stress Spherical
0            0            0             0            0            0           
0            0            0             0            0            0           
0            0            0             0            0            0           

Inertia
149.943      -56.2325     -56.2202      0.780944     0.280304     0.17548     
-56.2325     149.911      -56.2385      0.280304     0.301037     0.235378    
-56.2202     -56.2385     149.934       0.17548      0.235378     0.748431    

Bond Length
0.57150511    0.0038796299

BB bond length
0.57150511    0.0038796299

Water EE distance
0             0           

PEG EE distance
2.2670852     0.11992155  

Time = 2000
Temperature
1.0062507     0.0058143004

Pressure
23.373304     0.076170586 

CM Mom
-3.870044e-17  3.2632567e-17 
-5.9354821e-20 1.3775001e-17 
2.2230505e-17  2.3777878e-17 
5.6262637e-17  2.54256e-17   

CM Pos
7.4947461      0.013039167   
7.5023365      0.016676707   
7.498871       0.0080663715  
12.988057      0.014713509   

Stress
20.3131      -0.0182534   0.0281052     0.075808     0.0634816    0.0910604   
-0.0182534   20.3609      0.0295646     0.0634816    0.113998     0.0557445   
0.0281052    0.0295646    20.3905       0.0910604    0.0557445    0.140671    

Stress Spherical
0            0            0             0            0            0           
0            0            0             0            0            0           
0            0            0             0            0            0           

Inertia
149.942      -56.2092     -56.1811      0.452086     0.143574     0.120876    
-56.2092     149.823      -56.2088      0.143574     0.320739     0.166675    
-56.1811     -56.2088     149.856       0.120876     0.166675     0.435049    

Bond Length
0.57099339    0.0047878614

BB bond length
0.57099339    0.0047878614

Water EE distance
0             0           

PEG EE distance
2.264979      0.069807687 

Time = 3000
Temperature
1.0108147     0.0079204169

Pressure
23.385222     0.083028284 

CM Mom
-4.8646828e-17 1.1796443e-17 
-1.2376783e-18 1.8907662e-17 
1.8247015e-17  1.7536621e-17 
5.8013486e-17  1.181624e-17  

CM Pos
7.4972649      0.019676107   
7.5004103      0.019552997   
7.5036122      0.017420314   
12.991158      0.014793093   

Stress
20.3347      0.00561662   0.0102484     0.105164     0.0571357    0.0588848   
0.00561662   20.3221      -0.000104711  0.0571357    0.0940655    0.0728192   
0.0102484    -0.000104711 20.4024       0.0588848    0.0728192    0.113393    

Stress Spherical
0            0            0             0            0            0           
0            0            0             0            0            0           
0            0            0             0            0            0           

Inertia
150.02       -56.2358     -56.2741      0.375275     0.171866     0.208821    
-56.2358     149.969      -56.2279      0.171866     0.441028     0.168624    
-56.2741     -56.2279     149.897       0.208821     0.168624     0.315783    

Bond Length
0.57079771    0.0036616615

BB bond length
0.57079771    0.0036616615

Water EE distance
0             0           

PEG EE distance
2.2510134     0.067004629 

