Time = 1000
Temperature
   1.0308864   0.053255778

Pressure
   23.630074    0.22730341

CM Mom
-3.9601141e-17 1.5791577e-17 
2.6034999e-17  1.9373087e-17 
-3.8799638e-17 5.5475982e-17 
8.2412759e-17  2.5727334e-17 

CM Pos
7.505596       0.026057739   
7.5026268      0.011010797   
7.4938809      0.027578085   
12.991617      0.033009236   

Stress
20.5495      0.00599542   0.0488006     0.143753     0.0757137    0.0547163   
0.00599542   20.5229      -0.0161553    0.0757137    0.127475     0.0392425   
0.0488006    -0.0161553   20.5591       0.0547163    0.0392425    0.142261    

Stress Spherical
0            0            0             0            0            0           
0            0            0             0            0            0           
0            0            0             0            0            0           

Inertia
149.934      -56.3187     -56.2651      0.810866     0.256568     0.411941    
-56.3187     149.992      -56.2485      0.256568     1.12304      0.258788    
-56.2651     -56.2485     150.118       0.411941     0.258788     0.799166    

Bond Length
0.62060014    0.0049308   

BB bond length
0.62060014    0.0049308   

Water EE distance
0             0           

PEG EE distance
7.4456222     0.24226746  

BBB P2(x)
0.47955139    0.046095376 

BBB first bond length
0.62047161    0.0053385051

BBB second bond length
0.62090287    0.0051040309

BBB <phi**2>/<phi>**2
1.2134205     0.014249351 

Time = 2000
Temperature
1.0039059     0.0069940004

Pressure
23.439558     0.055369653 

CM Mom
-3.8094315e-17 1.69641e-17   
2.3670803e-18  2.5745337e-17 
-6.1593259e-17 2.0658583e-17 
7.9615476e-17  1.7007809e-17 

CM Pos
7.5070806      0.010796543   
7.5041113      0.016127139   
7.4931386      0.026190611   
12.992908      0.0216507     

Stress
20.4847      -0.0165897   0.00468502    0.0674309    0.0899281    0.102788    
-0.0165897   20.4206      -0.0170471    0.0899281    0.135134     0.0790098   
0.00468502   -0.0170471   20.397        0.102788     0.0790098    0.0699461   

Stress Spherical
0            0            0             0            0            0           
0            0            0             0            0            0           
0            0            0             0            0            0           

Inertia
149.886      -56.3096     -56.235       0.613061     0.0912713    0.26264     
-56.3096     149.927      -56.2394      0.0912713    0.56106      0.250611    
-56.235      -56.2394     150.101       0.26264      0.250611     0.293844    

Bond Length
0.62092201    0.0025992916

BB bond length
0.62092201    0.0025992916

Water EE distance
0             0           

PEG EE distance
7.1182143     0.21826529  

BBB P2(x)
0.5207723     0.014042363 

BBB first bond length
0.62075237    0.0023084371

BBB second bond length
0.62065509    0.0030091162

BBB <phi**2>/<phi>**2
1.222617      0.0094611214

