Time = 500
Temperature
   1.0366287   0.045720228

Pressure
   23.170568    0.23759716

CM Mom
-5.5368942e-17 1.34218e-17   
7.082586e-17   1.553143e-17  
3.9088965e-17  3.4034475e-17 
1.0525635e-16  1.052545e-17  

CM Pos
7.5004152      0.0065952851  
7.5017012      0.016926956   
7.4943261      0.019736842   
12.988345      0.017131218   

Stress
20.0734      -0.0368115   -0.000463035  0.135003     0.0974199    0.0502217   
-0.0368115   20.0633      -0.00372764   0.0974199    0.111416     0.051935    
-0.000463035 -0.00372764  20.0592       0.0502217    0.051935     0.166999    

Stress Spherical
0            0            0             0            0            0           
0            0            0             0            0            0           
0            0            0             0            0            0           

Inertia
149.699      -56.2406     -56.2385      0.479903     0.103909     0.0782241   
-56.2406     149.615      -56.1376      0.103909     0.074085     0.266873    
-56.2385     -56.1376     149.677       0.0782241    0.266873     0.207119    

Bond Length
0.61584454    0.0056972912

BB bond length
0.61584454    0.0056972912

Water EE distance
0             0           

PEG EE distance
3.5656548     0.15121218  

Time = 1000
Temperature
1.003931      0.0011277691

Pressure
23.016529     0.070924068 

CM Mom
-7.6769561e-17 1.6781569e-17 
7.4293797e-17  1.1869736e-17 
2.0893003e-17  1.1022797e-17 
1.1091754e-16  9.5374849e-18 

CM Pos
7.5042728      0.013649852   
7.4930958      0.012342216   
7.4892816      0.013578708   
12.982691      0.014083967   

Stress
19.9869      -0.0356826   -0.00339047   0.0932113    0.0587088    0.0588798   
-0.0356826   20.0379      0.00559919    0.0587088    0.110527     0.053494    
-0.00339047  0.00559919   20.0028       0.0588798    0.053494     0.0839656   

Stress Spherical
0            0            0             0            0            0           
0            0            0             0            0            0           
0            0            0             0            0            0           

Inertia
149.496      -56.2353     -56.2032      0.283732     0.11563      0.214916    
-56.2353     149.623      -56.0872      0.11563      0.343001     0.131307    
-56.2032     -56.0872     149.687       0.214916     0.131307     0.180922    

Bond Length
0.61716831    0.0039255826

BB bond length
0.61716831    0.0039255826

Water EE distance
0             0           

PEG EE distance
3.851094      0.27447779  

