Time = 1000
Temperature
   1.1366481     0.1974979

Pressure
   23.728606    0.95362037

CM Mom
-7.6583505e-18 1.918151e-17  
9.5712199e-17  3.7790948e-17 
-2.3652996e-17 2.1292466e-16 
1.9933538e-16  1.3106237e-16 

CM Pos
7.4949721      0.019737947   
7.5050772      0.019733473   
7.4956764      0.021448711   
12.987953      0.016628561   

Stress
20.3868      -0.00207923  0.0329435     0.442508     0.0808613    0.0690715   
-0.00207923  20.2998      0.0118141     0.0808613    0.346078     0.0931817   
0.0329435    0.0118141    20.2987       0.0690715    0.0931817    0.353742    

Stress Spherical
0            0            0             0            0            0           
0            0            0             0            0            0           
0            0            0             0            0            0           

Inertia
150.169      -56.2097     -56.1919      1.34639      0.0906578    0.250749    
-56.2097     150.016      -56.2386      0.0906578    1.55876      0.210784    
-56.1919     -56.2386     150.144       0.250749     0.210784     1.30129     

Bond Length
0.62024037    0.0078643763

BB bond length
0.62024037    0.0078643763

Water EE distance
0             0           

PEG EE distance
7.0304084     0.18584781  

BBB P2(x)
0.48125285    0.064930279 

BBB first bond length
0.6202635     0.0078603194

BBB second bond length
0.62033707    0.0079446671

BBB <phi**2>/<phi>**2
1.2174673     0.0128104   

Time = 2000
Temperature
1.009708      0.0097352551

Pressure
23.033921     0.087247228 

CM Mom
6.4352468e-18  1.6547239e-17 
1.5238872e-16  2.7569111e-17 
-3.9296573e-18 7.1467265e-17 
1.6931219e-16  2.7458993e-17 

CM Pos
7.5065608      0.013960394   
7.5032943      0.011378262   
7.5002822      0.017208913   
12.996244      0.019509664   

Stress
20.008       -0.00266186  0.0170739     0.149808     0.0809438    0.0630958   
-0.00266186  19.9874      0.0180507     0.0809438    0.10064      0.0512567   
0.0170739    0.0180507    20.045        0.0630958    0.0512567    0.11646     

Stress Spherical
0            0            0             0            0            0           
0            0            0             0            0            0           
0            0            0             0            0            0           

Inertia
149.915      -56.3374     -56.325       0.245223     0.180772     0.176649    
-56.3374     149.992      -56.2903      0.180772     0.36935      0.20129     
-56.325      -56.2903     150.023       0.176649     0.20129      0.353033    

Bond Length
0.61808737    0.0018560286

BB bond length
0.61808737    0.0018560286

Water EE distance
0             0           

PEG EE distance
7.1222467     0.14190772  

BBB P2(x)
0.51796897    0.0054120539

BBB first bond length
0.61801835    0.0020295123

BBB second bond length
0.61789867    0.0018341836

BBB <phi**2>/<phi>**2
1.2309663     0.0031134079

