Time = 500
Temperature
   1.0351764   0.051496759

Pressure
    20.49103    0.22600578

CM Mom
-6.7168274e-18 1.6002008e-17 
-4.5729257e-18 1.2708277e-17 
-2.2722067e-18 1.2859582e-17 
2.4143235e-17  8.4396639e-18 

CM Pos
7.52374        0.015098071   
7.5123985      0.0092290072  
7.5054733      0.029921546   
13.014456      0.0084027519  

Stress
17.361       0.00701702   -0.0162599    0.0693013    0.0328142    0.0975205   
0.00701702   17.367       0.0169896     0.0328142    0.221969     0.0601192   
-0.0162599   0.0169896    17.4294       0.0975205    0.0601192    0.0852632   

Stress Spherical
0            0            0             0            0            0           
0            0            0             0            0            0           
0            0            0             0            0            0           

Inertia
149.442      -56.4985     -56.4459      0.173519     0.140706     0.229446    
-56.4985     149.649      -56.3459      0.140706     0.273675     0.22018     
-56.4459     -56.3459     149.668       0.229446     0.22018      0.816837    

Bond Length
0.61458111    0.0030588918

BB bond length
0.61458111    0.0030588918

Water EE distance
0             0           

PEG EE distance
3.7412111     0.11606944  

Time = 1000
Temperature
1.0095485     0.010404985 

Pressure
20.385182     0.092573271 

CM Mom
1.7252651e-18  1.466561e-17  
-2.5694469e-17 2.7357435e-17 
1.7655661e-19  9.6323776e-18 
3.2948872e-17  2.5176921e-17 

CM Pos
7.5198878      0.016825448   
7.5150655      0.014619395   
7.5001394      0.029009652   
13.01069       0.016970103   

Stress
17.3375      0.018549     0.00683014    0.0898093    0.0521157    0.0506135   
0.018549     17.3617      0.00734175    0.0521157    0.0977787    0.0721452   
0.00683014   0.00734175   17.3713       0.0506135    0.0721452    0.167971    

Stress Spherical
0            0            0             0            0            0           
0            0            0             0            0            0           
0            0            0             0            0            0           

Inertia
149.674      -56.5278     -56.5001      0.43894      0.176159     0.31079     
-56.5278     149.782      -56.3347      0.176159     0.489897     0.210463    
-56.5001     -56.3347     149.823       0.31079      0.210463     0.649863    

Bond Length
0.61435693    0.0020951313

BB bond length
0.61435693    0.0020951313

Water EE distance
0             0           

PEG EE distance
3.6995407     0.051044233 

