Time = 1000
Temperature
   1.1169533    0.14984824

Pressure
   23.707388    0.77234376

CM Mom
2.2718605e-18  1.4294425e-17 
2.3346165e-17  2.9824436e-17 
1.116225e-16   2.8531416e-16 
2.0779223e-16  2.2875789e-16 

CM Pos
7.5041574      0.037782384   
7.4986929      0.018283621   
7.4979888      0.017988405   
12.990928      0.022015      

Stress
20.4008      0.021534     -0.0379328    0.389357     0.0857184    0.107422    
0.021534     20.3743      0.0553382     0.0857184    0.282973     0.0598927   
-0.0379328   0.0553382    20.3243       0.107422     0.0598927    0.386063    

Stress Spherical
0            0            0             0            0            0           
0            0            0             0            0            0           
0            0            0             0            0            0           

Inertia
150.075      -56.3112     -56.2549      1.54126      0.387042     0.193992    
-56.3112     150.148      -56.2396      0.387042     1.09914      0.190281    
-56.2549     -56.2396     150.185       0.193992     0.190281     0.861838    

Bond Length
0.61953744    0.0061867067

BB bond length
0.61953744    0.0061867067

Water EE distance
0             0           

PEG EE distance
7.0089005     0.23857565  

BBB P2(x)
0.48063539    0.060588377 

BBB first bond length
0.61953839    0.0066381648

BBB second bond length
0.61970303    0.0063156086

BBB <phi**2>/<phi>**2
1.2215772     0.013208631 

Time = 2000
Temperature
1.0143256     0.008472455 

Pressure
23.15471      0.1253354   

CM Mom
3.942694e-17   1.9446177e-17 
2.9745619e-17  1.9278629e-17 
-2.3099128e-17 3.7735503e-17 
6.5897355e-17  2.835809e-17  

CM Pos
7.5046031      0.0099996799  
7.5031506      0.009063893   
7.501555       0.010813317   
12.995765      0.0076978644  

Stress
20.1404      -0.0585092   0.00371355    0.13278      0.070254     0.0973474   
-0.0585092   20.1187      -0.0610819    0.070254     0.134045     0.0510333   
0.00371355   -0.0610819   20.1031       0.0973474    0.0510333    0.144664    

Stress Spherical
0            0            0             0            0            0           
0            0            0             0            0            0           
0            0            0             0            0            0           

Inertia
149.946      -56.3451     -56.2888      0.334504     0.122148     0.0858381   
-56.3451     149.968      -56.3276      0.122148     0.31981      0.14674     
-56.2888     -56.3276     149.99        0.0858381    0.14674      0.28358     

Bond Length
0.61834981    0.0018143447

BB bond length
0.61834981    0.0018143447

Water EE distance
0             0           

PEG EE distance
7.2028754     0.13785775  

BBB P2(x)
0.51036012    0.0089275915

BBB first bond length
0.61834774    0.0018845857

BBB second bond length
0.61823366    0.0018411082

BBB <phi**2>/<phi>**2
1.2234567     0.006688362 

Time = 3000
Temperature
1.0113424     0.0074159761

Pressure
23.101915     0.050749717 

CM Mom
4.6724773e-17  2.2102439e-17 
3.2769781e-17  1.6303825e-17 
-4.9789502e-17 2.331383e-17  
7.7543367e-17  3.1952322e-17 

CM Pos
7.4994025      0.017432403   
7.5019619      0.0089954299  
7.503338       0.018429755   
12.993111      0.018233378   

Stress
20.0984      0.00719091   -0.0188677    0.0613896    0.0715       0.0739786   
0.00719091   20.0375      0.0222608     0.0715       0.119087     0.0434679   
-0.0188677   0.0222608    20.0947       0.0739786    0.0434679    0.0794552   

Stress Spherical
0            0            0             0            0            0           
0            0            0             0            0            0           
0            0            0             0            0            0           

Inertia
150.047      -56.2807     -56.2873      0.341822     0.181265     0.237789    
-56.2807     149.98       -56.2807      0.181265     0.452832     0.184234    
-56.2873     -56.2807     149.974       0.237789     0.184234     0.366598    

Bond Length
0.61934761    0.0018497809

BB bond length
0.61934761    0.0018497809

Water EE distance
0             0           

PEG EE distance
6.8211856     0.094175883 

BBB P2(x)
0.51004795    0.0072503754

BBB first bond length
0.6193232     0.0018639239

BBB second bond length
0.61932747    0.0020961755

BBB <phi**2>/<phi>**2
1.2265593     0.0098565414

Time = 4000
Temperature
1.0087597     0.0068591398

Pressure
23.056061     0.10373692  

CM Mom
6.5417239e-17  1.3246134e-17 
5.4465815e-17  1.2389659e-17 
-5.2588499e-17 1.4220575e-17 
1.0169506e-16  1.4170185e-17 

CM Pos
7.4999969      0.013190099   
7.5059738      0.0084786583  
7.5027437      0.011119338   
12.995425      0.0081604527  

Stress
20.0406      0.0201533    -0.0208899    0.134845     0.0921479    0.0524902   
0.0201533    20.034       0.00252762    0.0921479    0.0768446    0.0684925   
-0.0208899   0.00252762   20.0417       0.0524902    0.0684925    0.132854    

Stress Spherical
0            0            0             0            0            0           
0            0            0             0            0            0           
0            0            0             0            0            0           

Inertia
150.084      -56.3019     -56.2268      0.181685     0.12346      0.126251    
-56.3019     149.986      -56.3003      0.12346      0.219817     0.130504    
-56.2268     -56.3003     150.035       0.126251     0.130504     0.227974    

Bond Length
0.61802843    0.001885702 

BB bond length
0.61802843    0.001885702 

Water EE distance
0             0           

PEG EE distance
6.6470605     0.19746497  

BBB P2(x)
0.51313815    0.010837906 

BBB first bond length
0.61812927    0.0017016425

BBB second bond length
0.61787518    0.001823139 

BBB <phi**2>/<phi>**2
1.226707      0.01075058  

Time = 5000
Temperature
1.009468      0.005683744 

Pressure
23.067728     0.07236335  

CM Mom
5.8459648e-17  9.8374678e-18 
4.3013031e-17  2.0167508e-17 
-1.0779336e-16 1.5132859e-17 
1.3215728e-16  1.241058e-17  

CM Pos
7.4992539      0.016130571   
7.4970585      0.012158854   
7.5012578      0.011019611   
12.988992      0.012974303   

Stress
20.1062      0.017105     -0.0330316    0.0892162    0.0645561    0.070275    
0.017105     20.0104      -0.0154338    0.0645561    0.112362     0.070481    
-0.0330316   -0.0154338   20.0282       0.070275     0.070481     0.103259    

Stress Spherical
0            0            0             0            0            0           
0            0            0             0            0            0           
0            0            0             0            0            0           

Inertia
149.951      -56.2145     -56.2353      0.278078     0.20957      0.110445    
-56.2145     149.975      -56.2206      0.20957      0.229798     0.14464     
-56.2353     -56.2206     149.916       0.110445     0.14464      0.35042     

Bond Length
0.61765264    0.0024920635

BB bond length
0.61765264    0.0024920635

Water EE distance
0             0           

PEG EE distance
6.7440879     0.26399922  

BBB P2(x)
0.50679155    0.01030641  

BBB first bond length
0.61754028    0.0025577488

BBB second bond length
0.61745192    0.0026128394

BBB <phi**2>/<phi>**2
1.2241552     0.0072801524

Time = 6000
Temperature
1.0064362     0.0081961638

Pressure
23.102228     0.052212504 

CM Mom
6.4636536e-17  1.9659475e-17 
3.9500349e-17  8.622293e-18  
-1.3679897e-16 2.6237576e-17 
1.5834475e-16  2.2984958e-17 

CM Pos
7.4988082      0.015179308   
7.4995845      0.01733397    
7.4950171      0.014264487   
12.986601      0.0098892549  

Stress
20.111       -0.0180953   0.0102621     0.105951     0.0761939    0.0695618   
-0.0180953   20.0429      -0.0313971    0.0761939    0.0773473    0.0510385   
0.0102621    -0.0313971   20.1217       0.0695618    0.0510385    0.115588    

Stress Spherical
0            0            0             0            0            0           
0            0            0             0            0            0           
0            0            0             0            0            0           

Inertia
149.911      -56.2454     -56.224       0.327865     0.108722     0.161137    
-56.2454     149.887      -56.1935      0.108722     0.264084     0.178252    
-56.224      -56.1935     149.976       0.161137     0.178252     0.240588    

Bond Length
0.61921434    0.0019042281

BB bond length
0.61921434    0.0019042281

Water EE distance
0             0           

PEG EE distance
7.0930763     0.09146641  

BBB P2(x)
0.50293997    0.0070978605

BBB first bond length
0.61908111    0.0021918709

BBB second bond length
0.61927356    0.0018930537

BBB <phi**2>/<phi>**2
1.2261081     0.0080964366

Time = 7000
Temperature
1.0098416     0.0084413367

Pressure
23.109726     0.082347746 

CM Mom
6.1180905e-17  2.3264743e-17 
5.3504062e-17  2.1000418e-17 
-1.3566936e-16 1.8591995e-17 
1.6142711e-16  1.6768473e-17 

CM Pos
7.5090608      0.010662189   
7.4906692      0.011651643   
7.4979888      0.010333039   
12.989079      0.011309432   

Stress
20.1307      -0.0165788   -0.024101     0.0907312    0.0802013    0.0928371   
-0.0165788   20.0116      -0.00712213   0.0802013    0.124436     0.108662    
-0.024101    -0.00712213  20.1252       0.0928371    0.108662     0.12308     

Stress Spherical
0            0            0             0            0            0           
0            0            0             0            0            0           
0            0            0             0            0            0           

Inertia
149.817      -56.256      -56.3113      0.23999      0.0914992    0.117042    
-56.256      150.094      -56.1881      0.0914992    0.258259     0.153098    
-56.3113     -56.1881     149.979       0.117042     0.153098     0.178742    

Bond Length
0.6174279     0.0016928919

BB bond length
0.6174279     0.0016928919

Water EE distance
0             0           

PEG EE distance
7.4201493     0.11712464  

BBB P2(x)
0.51293143    0.011380501 

BBB first bond length
0.61746193    0.0018302975

BBB second bond length
0.61733636    0.0015432083

BBB <phi**2>/<phi>**2
1.2281586     0.011141836 

Time = 8000
Temperature
1.0058351     0.0095221034

Pressure
23.128481     0.10497343  

CM Mom
6.0978271e-17  1.3215469e-17 
3.32616e-17    1.7031705e-17 
-1.2425425e-16 1.6475291e-17 
1.444731e-16   1.1291041e-17 

CM Pos
7.5083178      0.0094957179  
7.4975042      0.010553962   
7.5017035      0.0087162017  
12.994736      0.0087603525  

Stress
20.1474      0.020975     0.0405669     0.115577     0.0722753    0.0831169   
0.020975     20.1199      -0.00104682   0.0722753    0.113255     0.0650728   
0.0405669    -0.00104682  20.0924       0.0831169    0.0650728    0.166505    

Stress Spherical
0            0            0             0            0            0           
0            0            0             0            0            0           
0            0            0             0            0            0           

Inertia
149.968      -56.3053     -56.3198      0.133816     0.191853     0.146019    
-56.3053     150.141      -56.2382      0.191853     0.146152     0.0859754   
-56.3198     -56.2382     150.084       0.146019     0.0859754    0.276607    

Bond Length
0.61738296    0.0013937099

BB bond length
0.61738296    0.0013937099

Water EE distance
0             0           

PEG EE distance
7.3179388     0.10009563  

BBB P2(x)
0.51736649    0.014019511 

BBB first bond length
0.61737294    0.0015177404

BBB second bond length
0.61750813    0.001462245 

BBB <phi**2>/<phi>**2
1.2289017     0.0085703906

Time = 9000
Temperature
1.0098615     0.0091887778

Pressure
23.113792     0.084276994 

CM Mom
5.3507361e-17  2.6785742e-17 
4.5759995e-17  1.7384962e-17 
-1.178959e-16  1.6216191e-17 
1.4105624e-16  1.5565071e-17 

CM Pos
7.4999969      0.013795536   
7.495424       0.013658015   
7.5000691      0.0090578013  
12.987791      0.011267728   

Stress
20.1395      0.0138305    -0.0092518    0.113174     0.049448     0.0610742   
0.0138305    20.0547      0.0274276     0.049448     0.11088      0.0554513   
-0.0092518   0.0274276    20.0854       0.0610742    0.0554513    0.119347    

Stress Spherical
0            0            0             0            0            0           
0            0            0             0            0            0           
0            0            0             0            0            0           

Inertia
149.922      -56.1992     -56.2593      0.233525     0.1817       0.0906142   
-56.1992     150          -56.2326      0.1817       0.117665     0.126488    
-56.2593     -56.2326     149.941       0.0906142    0.126488     0.335591    

Bond Length
0.61817541    0.0026423802

BB bond length
0.61817541    0.0026423802

Water EE distance
0             0           

PEG EE distance
7.2741787     0.12213418  

BBB P2(x)
0.50413877    0.0088788604

BBB first bond length
0.61823718    0.0027247909

BBB second bond length
0.61805285    0.0026670907

BBB <phi**2>/<phi>**2
1.2203998     0.011306084 

Time = 10000
Temperature
1.0110525     0.0078212889

Pressure
23.112808     0.086650533 

CM Mom
4.7796985e-17  2.1806235e-17 
6.7106906e-17  1.2700392e-17 
-1.1106464e-16 2.0303735e-17 
1.4081767e-16  1.8511618e-17 

CM Pos
7.4933104      0.010658047   
7.4976528      0.013143147   
7.4918967      0.018725088   
12.980495      0.020120812   

Stress
20.1284      -0.0153763   0.0146527     0.12543      0.0435616    0.0765683   
-0.0153763   20.0433      0.018307      0.0435616    0.113026     0.0467225   
0.0146527    0.018307     20.0942       0.0765683    0.0467225    0.126889    

Stress Spherical
0            0            0             0            0            0           
0            0            0             0            0            0           
0            0            0             0            0            0           

Inertia
149.837      -56.2288     -56.1648      0.417596     0.15568      0.197108    
-56.2288     149.759      -56.1995      0.15568      0.334702     0.212665    
-56.1648     -56.1995     149.838       0.197108     0.212665     0.332771    

Bond Length
0.61862705    0.0018941566

BB bond length
0.61862705    0.0018941566

Water EE distance
0             0           

PEG EE distance
7.2353597     0.097533338 

BBB P2(x)
0.5032142     0.0087035012

BBB first bond length
0.61834233    0.0019253545

BBB second bond length
0.61871046    0.0019392991

BBB <phi**2>/<phi>**2
1.2208194     0.0064465603

Time = 11000
Temperature
1.0078751     0.0061074047

Pressure
23.098254     0.10408567  

CM Mom
6.9651235e-17  2.6507169e-17 
6.4840406e-17  1.6730819e-17 
-9.6866134e-17 1.4044823e-17 
1.3923565e-16  1.5227015e-17 

CM Pos
7.5051975      0.013831498   
7.5003274      0.016252611   
7.4973945      0.013523994   
12.992077      0.019933703   

Stress
20.1319      -0.0126363   0.0257862     0.15248      0.0449913    0.0646334   
-0.0126363   20.019       0.00405659    0.0449913    0.136831     0.0533232   
0.0257862    0.00405659   20.0999       0.0646334    0.0533232    0.0907993   

Stress Spherical
0            0            0             0            0            0           
0            0            0             0            0            0           
0            0            0             0            0            0           

Inertia
149.97       -56.2643     -56.2293      0.427184     0.177052     0.167328    
-56.2643     150.056      -56.2061      0.177052     0.350478     0.178907    
-56.2293     -56.2061     150.087       0.167328     0.178907     0.408983    

Bond Length
0.61673021    0.0018693024

BB bond length
0.61673021    0.0018693024

Water EE distance
0             0           

PEG EE distance
7.1101549     0.12264752  

BBB P2(x)
0.5103927     0.0082209172

BBB first bond length
0.61686723    0.0020680156

BBB second bond length
0.61675375    0.0016649806

BBB <phi**2>/<phi>**2
1.2272985     0.004483651 

Time = 12000
Temperature
1.0103185     0.011252984 

Pressure
23.110969     0.074916621 

CM Mom
1.0271763e-16  1.4137289e-17 
3.6972516e-17  1.7436402e-17 
-1.1393286e-16 1.803717e-17  
1.5959554e-16  1.6033337e-17 

CM Pos
7.5054947      0.0094455959  
7.4994359      0.019130433   
7.5028923      0.013866571   
12.994911      0.017825861   

Stress
20.1269      -0.0202783   0.0166042     0.104045     0.0975213    0.0406703   
-0.0202783   20.0568      0.00639281    0.0975213    0.129138     0.0982107   
0.0166042    0.00639281   20.0833       0.0406703    0.0982107    0.0765236   

Stress Spherical
0            0            0             0            0            0           
0            0            0             0            0            0           
0            0            0             0            0            0           

Inertia
150.04       -56.3055     -56.303       0.365799     0.182085     0.124667    
-56.3055     150.135      -56.233       0.182085     0.22636      0.226318    
-56.303      -56.233      150.078       0.124667     0.226318     0.384065    

Bond Length
0.61743486    0.0020409202

BB bond length
0.61743486    0.0020409202

Water EE distance
0             0           

PEG EE distance
7.0336989     0.27862416  

BBB P2(x)
0.50791657    0.010909406 

BBB first bond length
0.61757581    0.0018929752

BBB second bond length
0.61728445    0.0020402578

BBB <phi**2>/<phi>**2
1.2263394     0.0045710509

Time = 13000
Temperature
1.0128846     0.0088571825

Pressure
23.101138     0.073050635 

CM Mom
1.2544008e-16  1.0322476e-17 
4.6379203e-17  1.6451123e-17 
-1.0278554e-16 2.1479539e-17 
1.7051928e-16  1.4589402e-17 

CM Pos
7.4988082      0.0094397505  
7.4972071      0.011238825   
7.4981374      0.01168948    
12.987013      0.01245378    

Stress
20.06        -0.0110256   0.00117853    0.114843     0.0919591    0.111561    
-0.0110256   20.0937      0.019123      0.0919591    0.135193     0.0582341   
0.00117853   0.019123     20.0607       0.111561     0.0582341    0.132417    

Stress Spherical
0            0            0             0            0            0           
0            0            0             0            0            0           
0            0            0             0            0            0           

Inertia
149.943      -56.2393     -56.2591      0.30533      0.137048     0.119589    
-56.2393     149.959      -56.2176      0.137048     0.195235     0.168984    
-56.2591     -56.2176     149.934       0.119589     0.168984     0.259884    

Bond Length
0.61819487    0.0020121594

BB bond length
0.61819487    0.0020121594

Water EE distance
0             0           

PEG EE distance
6.8043415     0.12499118  

BBB P2(x)
0.5117647     0.01072822  

BBB first bond length
0.61822606    0.0018348768

BBB second bond length
0.6181775     0.0020108104

BBB <phi**2>/<phi>**2
1.2235621     0.009224489 

Time = 14000
Temperature
1.0124972     0.0032724668

Pressure
23.162672     0.093498456 

CM Mom
1.0902264e-16  1.3430103e-17 
5.0219583e-17  1.909619e-17  
-1.3552309e-16 1.9903484e-17 
1.8259554e-16  1.9351993e-17 

CM Pos
7.5028201      0.011651643   
7.4973557      0.013734585   
7.503338       0.009634214   
12.992423      0.0091178772  

Stress
20.1174      -0.0433893   -0.00312342   0.116155     0.0941019    0.07056     
-0.0433893   20.1821      0.027246      0.0941019    0.138961     0.0930989   
-0.00312342  0.027246     20.103        0.07056      0.0930989    0.0989298   

Stress Spherical
0            0            0             0            0            0           
0            0            0             0            0            0           
0            0            0             0            0            0           

Inertia
150.009      -56.2182     -56.3276      0.216967     0.13741      0.123451    
-56.2182     150.075      -56.2684      0.13741      0.275256     0.151954    
-56.3276     -56.2684     150.002       0.123451     0.151954     0.199269    

Bond Length
0.61849337    0.0019905344

BB bond length
0.61849337    0.0019905344

Water EE distance
0             0           

PEG EE distance
7.2394777     0.1844321   

BBB P2(x)
0.5110219     0.013048925 

BBB first bond length
0.61828966    0.0018558992

BBB second bond length
0.61852884    0.0020230088

BBB <phi**2>/<phi>**2
1.2281707     0.0047470308

Time = 15000
Temperature
1.0111468     0.012687185 

Pressure
23.087444     0.088531487 

CM Mom
1.0511321e-16  2.4229363e-17 
3.4287415e-17  2.2786578e-17 
-1.4742569e-16 1.6127719e-17 
1.8711386e-16  1.7707113e-17 

CM Pos
7.509358       0.012325675   
7.4914121      0.017202919   
7.5086872      0.020855377   
12.995874      0.015208378   

Stress
20.0815      0.00729627   0.0270936     0.099995     0.0681005    0.0584128   
0.00729627   20.0088      -0.00630052   0.0681005    0.124231     0.098696    
0.0270936    -0.00630052  20.0986       0.0584128    0.098696     0.105516    

Stress Spherical
0            0            0             0            0            0           
0            0            0             0            0            0           
0            0            0             0            0            0           

Inertia
150.012      -56.278      -56.3954      0.323082     0.22377      0.186138    
-56.278      150.278      -56.229       0.22377      0.325641     0.176272    
-56.3954     -56.229      150.017       0.186138     0.176272     0.435171    

Bond Length
0.61841048    0.002177081 

BB bond length
0.61841048    0.002177081 

Water EE distance
0             0           

PEG EE distance
7.4354529     0.18276902  

BBB P2(x)
0.51503814    0.0097434096

BBB first bond length
0.61862365    0.0023070281

BBB second bond length
0.61812701    0.0023781714

BBB <phi**2>/<phi>**2
1.2297914     0.0063803389

Time = 16000
Temperature
1.0196194     0.0080743127

Pressure
23.078708     0.085988272 

CM Mom
1.3733332e-16  1.3786216e-17 
1.5253881e-18  1.6657081e-17 
-1.4201782e-16 4.0351497e-17 
2.0107429e-16  2.6395434e-17 

CM Pos
7.5053461      0.010531973   
7.5041907      0.015878811   
7.5037838      0.015556433   
12.998091      0.010833566   

Stress
20.0617      -0.0215149   -0.00890977   0.140222     0.0889473    0.0566243   
-0.0215149   20.0125      0.0101851     0.0889473    0.0981985    0.0963409   
-0.00890977  0.0101851    20.0125       0.0566243    0.0963409    0.0813825   

Stress Spherical
0            0            0             0            0            0           
0            0            0             0            0            0           
0            0            0             0            0            0           

Inertia
150.137      -56.3441     -56.3102      0.320966     0.187213     0.119396    
-56.3441     150.137      -56.3277      0.187213     0.197769     0.171097    
-56.3102     -56.3277     150.154       0.119396     0.171097     0.279325    

Bond Length
0.61766773    0.0028689822

BB bond length
0.61766773    0.0028689822

Water EE distance
0             0           

PEG EE distance
7.4023548     0.14812753  

BBB P2(x)
0.5019297     0.012088035 

BBB first bond length
0.61740126    0.0028052869

BBB second bond length
0.61750802    0.002982375 

BBB <phi**2>/<phi>**2
1.2206809     0.0077167596

Time = 17000
Temperature
1.0098506     0.0079093537

Pressure
23.084635     0.074566032 

CM Mom
1.3272499e-16  1.8725434e-17 
1.3620303e-17  2.072087e-17  
-1.4509829e-16 1.6710755e-17 
1.9856596e-16  2.2039815e-17 

CM Pos
7.5072777      0.014024888   
7.5043393      0.0085215162  
7.4917481      0.014712504   
12.99234       0.014024372   

Stress
20.078       0.0200567    0.0237907     0.0974111    0.0756712    0.0660144   
0.0200567    20.028       0.0214547     0.0756712    0.119462     0.0654644   
0.0237907    0.0214547    20.0862       0.0660144    0.0654644    0.0861676   

Stress Spherical
0            0            0             0            0            0           
0            0            0             0            0            0           
0            0            0             0            0            0           

Inertia
149.966      -56.3346     -56.2209      0.286432     0.150362     0.190004    
-56.3346     149.987      -56.2382      0.150362     0.312379     0.20512     
-56.2209     -56.2382     150.188       0.190004     0.20512      0.22923     

Bond Length
0.61920321    0.0014596472

BB bond length
0.61920321    0.0014596472

Water EE distance
0             0           

PEG EE distance
7.1825271     0.1031811   

BBB P2(x)
0.51389507    0.0084688956

BBB first bond length
0.61919224    0.0013995424

BBB second bond length
0.61890082    0.0012666151

BBB <phi**2>/<phi>**2
1.2270773     0.011041919 

Time = 18000
Temperature
1.0119651     0.0067228345

Pressure
23.111825     0.063199482 

CM Mom
1.2187901e-16  1.3778743e-17 
6.9366944e-18  2.8485519e-17 
-1.3082788e-16 2.0845738e-17 
1.8174408e-16  2.0578061e-17 

CM Pos
7.5041574      0.01335313    
7.4933438      0.013123814   
7.499029       0.015287285   
12.988395      0.013953811   

Stress
20.1304      0.00811872   0.00629188    0.0883879    0.0647225    0.0764522   
0.00811872   20.0774      0.00159774    0.0647225    0.121794     0.0712089   
0.00629188   0.00159774   20.0469       0.0764522    0.0712089    0.116211    

Stress Spherical
0            0            0             0            0            0           
0            0            0             0            0            0           
0            0            0             0            0            0           

Inertia
149.868      -56.2367     -56.2421      0.197201     0.17893      0.203633    
-56.2367     150.015      -56.1893      0.17893      0.318687     0.13891     
-56.2421     -56.1893     149.934       0.203633     0.13891      0.319424    

Bond Length
0.61813759    0.0021459207

BB bond length
0.61813759    0.0021459207

Water EE distance
0             0           

PEG EE distance
7.1457459     0.095848283 

BBB P2(x)
0.51904047    0.011222185 

BBB first bond length
0.6183354     0.0022567116

BBB second bond length
0.6182877     0.0022526329

BBB <phi**2>/<phi>**2
1.2327132     0.0060959596

Time = 19000
Temperature
1.0107804     0.0053447129

Pressure
23.094562     0.066219146 

CM Mom
1.1813056e-16  1.8063176e-17 
7.0440599e-18  1.0997272e-17 
-1.5669761e-16 2.7571117e-17 
1.9796423e-16  2.4002866e-17 

CM Pos
7.5013342      0.011402648   
7.5032992      0.013293474   
7.5011092      0.01557629    
12.993712      0.012711782   

Stress
20.041       0.00565249   -0.0233113    0.0922761    0.0794225    0.0739354   
0.00565249   20.0865      0.0087618     0.0794225    0.105094     0.106427    
-0.0233113   0.0087618    20.0861       0.0739354    0.106427     0.118009    

Stress Spherical
0            0            0             0            0            0           
0            0            0             0            0            0           
0            0            0             0            0            0           

Inertia
150.061      -56.2942     -56.2602      0.276873     0.170199     0.136642    
-56.2942     150.023      -56.2406      0.170199     0.262299     0.132372    
-56.2602     -56.2406     150.064       0.136642     0.132372     0.306833    

Bond Length
0.6187807     0.001554219 

BB bond length
0.6187807     0.001554219 

Water EE distance
0             0           

PEG EE distance
7.136616      0.16250977  

BBB P2(x)
0.50632835    0.0055142251

BBB first bond length
0.61890643    0.0017922149

BBB second bond length
0.61885493    0.0015045822

BBB <phi**2>/<phi>**2
1.2270647     0.0068582823

Time = 20000
Temperature
1.0108375     0.0065680425

Pressure
23.09922      0.067888128 

CM Mom
1.066078e-16   1.3886439e-17 
2.9319868e-17  2.7303069e-17 
-1.6250539e-16 2.2161645e-17 
1.9961537e-16  1.4697372e-17 

CM Pos
7.4956878      0.012737936   
7.4969099      0.012858694   
7.4942741      0.010612375   
12.98281       0.015325941   

Stress
20.099       0.0288901    0.00572251    0.066667     0.05537      0.0766532   
0.0288901    20.0532      -0.0192973    0.05537      0.124008     0.0548357   
0.00572251   -0.0192973   20.0749       0.0766532    0.0548357    0.101833    

Stress Spherical
0            0            0             0            0            0           
0            0            0             0            0            0           
0            0            0             0            0            0           

Inertia
149.85       -56.1644     -56.1945      0.271504     0.15924      0.202359    
-56.1644     149.829      -56.1484      0.15924      0.30277      0.174052    
-56.1945     -56.1484     149.864       0.202359     0.174052     0.338775    

Bond Length
0.61810711    0.0019197353

BB bond length
0.61810711    0.0019197353

Water EE distance
0             0           

PEG EE distance
7.2835013     0.15081842  

BBB P2(x)
0.51018244    0.011896139 

BBB first bond length
0.61808556    0.0020887954

BBB second bond length
0.61791589    0.001850623 

BBB <phi**2>/<phi>**2
1.2289026     0.0058089415

Time = 21000
Temperature
1.0091539     0.0059928836

Pressure
23.135119     0.081343377 

CM Mom
1.2015291e-16  3.3653367e-17 
5.8673555e-17  1.4924274e-17 
-1.6559342e-16 1.8532283e-17 
2.1451256e-16  3.1362094e-17 

CM Pos
7.5040088      0.013748243   
7.5034478      0.015601783   
7.5106189      0.016533424   
13.000833      0.017865568   

Stress
20.1232      0.0261804    0.00349363    0.153652     0.0737833    0.0570676   
0.0261804    20.093       -0.0114997    0.0737833    0.136833     0.0663446   
0.00349363   -0.0114997   20.1338       0.0570676    0.0663446    0.123995    

Stress Spherical
0            0            0             0            0            0           
0            0            0             0            0            0           
0            0            0             0            0            0           

Inertia
150.209      -56.2715     -56.3321      0.279192     0.23838      0.168782    
-56.2715     150.221      -56.3494      0.23838      0.329842     0.185577    
-56.3321     -56.3494     150.102       0.168782     0.185577     0.381078    

Bond Length
0.6176066     0.0021757725

BB bond length
0.6176066     0.0021757725

Water EE distance
0             0           

PEG EE distance
7.2060251     0.16072966  

BBB P2(x)
0.50912547    0.0081040397

BBB first bond length
0.61761663    0.0021397572

BBB second bond length
0.61754705    0.0024821072

BBB <phi**2>/<phi>**2
1.2274205     0.008601133 

Time = 22000
Temperature
1.004742      0.010850593 

Pressure
23.047705     0.090212449 

CM Mom
1.3614997e-16  3.0686865e-17 
3.9999922e-17  1.5096859e-17 
-1.9779786e-16 4.7242112e-18 
2.452324e-16   1.7714046e-17 

CM Pos
7.4912302      0.010887587   
7.5024077      0.010894682   
7.4997719      0.010979467   
12.986587      0.011870283   

Stress
20.0163      -0.0196807   0.042816      0.153387     0.0607706    0.0835117   
-0.0196807   20.0292      0.00423208    0.0607706    0.0888092    0.0765497   
0.042816     0.00423208   20.0817       0.0835117    0.0765497    0.146922    

Stress Spherical
0            0            0             0            0            0           
0            0            0             0            0            0           
0            0            0             0            0            0           

Inertia
150.015      -56.214      -56.1882      0.234312     0.174252     0.125426    
-56.214      149.859      -56.2949      0.174252     0.251858     0.105541    
-56.1882     -56.2949     149.893       0.125426     0.105541     0.253763    

Bond Length
0.61849538    0.0022271998

BB bond length
0.61849538    0.0022271998

Water EE distance
0             0           

PEG EE distance
7.3144623     0.12956054  

BBB P2(x)
0.51185046    0.0067571865

BBB first bond length
0.61839028    0.002020929 

BBB second bond length
0.61849079    0.0020776102

BBB <phi**2>/<phi>**2
1.224082      0.0095667935

Time = 23000
Temperature
1.0134291     0.0083498266

Pressure
23.135567     0.10077727  

CM Mom
1.0744693e-16  2.1645485e-17 
5.236387e-17   2.2573797e-17 
-1.7897287e-16 2.972597e-17  
2.1740537e-16  3.0244813e-17 

CM Pos
7.4995511      0.0060921248  
7.5035964      0.01160893    
7.5000691      0.01525186    
12.992249      0.011273182   

Stress
20.0691      -0.0369207   0.0726318     0.132584     0.065982     0.0934022   
-0.0369207   20.0815      0.0334516     0.065982     0.17011      0.06413     
0.0726318    0.0334516    20.1623       0.0934022    0.06413      0.10573     

Stress Spherical
0            0            0             0            0            0           
0            0            0             0            0            0           
0            0            0             0            0            0           

Inertia
150.063      -56.2451     -56.2257      0.244755     0.143903     0.137881    
-56.2451     150.006      -56.2502      0.143903     0.260301     0.185223    
-56.2257     -56.2502     150.055       0.137881     0.185223     0.24154     

Bond Length
0.61825738    0.001362419 

BB bond length
0.61825738    0.001362419 

Water EE distance
0             0           

PEG EE distance
7.2312767     0.19009336  

BBB P2(x)
0.499021      0.011179625 

BBB first bond length
0.61810799    0.0015949746

BBB second bond length
0.61824588    0.0014317891

BBB <phi**2>/<phi>**2
1.2267963     0.009074308 

Time = 24000
Temperature
1.006752      0.0086298853

Pressure
23.064335     0.082589387 

CM Mom
9.7170359e-17  1.1119237e-17 
7.1623957e-17  1.1258102e-17 
-1.7380462e-16 2.0405602e-17 
2.1250461e-16  1.6990491e-17 

CM Pos
7.5047517      0.0078569415  
7.495424       0.0070151986  
7.5014064      0.012439788   
12.991301      0.0123041     

Stress
20.0427      0.0344974    -0.014377     0.130037     0.0605612    0.046181    
0.0344974    20.0738      -0.00341372   0.0605612    0.128938     0.0796566   
-0.014377    -0.00341372  20.0425       0.046181     0.0796566    0.100418    

Stress Spherical
0            0            0             0            0            0           
0            0            0             0            0            0           
0            0            0             0            0            0           

Inertia
149.966      -56.2433     -56.2994      0.250583     0.104267     0.177693    
-56.2433     150.11       -56.2053      0.104267     0.32039      0.114623    
-56.2994     -56.2053     149.995       0.177693     0.114623     0.194053    

Bond Length
0.61794806    0.0020156559

BB bond length
0.61794806    0.0020156559

Water EE distance
0             0           

PEG EE distance
7.1617635     0.072481486 

BBB P2(x)
0.50504023    0.010082071 

BBB first bond length
0.61788044    0.0020882456

BBB second bond length
0.61783843    0.0021769154

BBB <phi**2>/<phi>**2
1.2237705     0.010377982 

Time = 25000
Temperature
1.0090534     0.0066444234

Pressure
23.123698     0.078995367 

CM Mom
8.5105551e-17  2.3035362e-17 
7.970483e-17   3.6522973e-17 
-1.2452067e-16 3.1577529e-17 
1.7794812e-16  1.7244566e-17 

CM Pos
7.5031172      0.015419583   
7.5040421      0.01978459    
7.4962058      0.018152128   
12.992349      0.018758725   

Stress
20.076       0.0511238    -0.00062569   0.123111     0.0564401    0.0850663   
0.0511238    20.1292      0.0282886     0.0564401    0.104584     0.107159    
-0.00062569  0.0282886    20.1113       0.0850663    0.107159     0.132532    

Stress Spherical
0            0            0             0            0            0           
0            0            0             0            0            0           
0            0            0             0            0            0           

Inertia
150.008      -56.2645     -56.2304      0.416161     0.258381     0.125508    
-56.2645     149.988      -56.2541      0.258381     0.32678      0.198573    
-56.2304     -56.2541     150.1         0.125508     0.198573     0.486198    

Bond Length
0.61905812    0.0022905   

BB bond length
0.61905812    0.0022905   

Water EE distance
0             0           

PEG EE distance
7.351963      0.14558179  

BBB P2(x)
0.50696915    0.010018759 

BBB first bond length
0.61905768    0.0023979097

BBB second bond length
0.61891636    0.0022762576

BBB <phi**2>/<phi>**2
1.2224553     0.0072642905

Time = 26000
Temperature
1.0062357     0.0076062076

Pressure
23.1195       0.088736691 

CM Mom
9.2065753e-17  1.3431997e-17 
2.5268709e-17  2.6785612e-17 
-1.250487e-16  1.5584891e-17 
1.6011912e-16  1.5950932e-17 

CM Pos
7.4956878      0.011670577   
7.5018133      0.013276855   
7.4953142      0.012162486   
12.986247      0.010812333   

Stress
20.0942      0.0157505    -0.0154734    0.136404     0.0701164    0.063941    
0.0157505    20.1683      -0.068635     0.0701164    0.081863     0.0880983   
-0.0154734   -0.068635    20.0667       0.063941     0.0880983    0.151637    

Stress Spherical
0            0            0             0            0            0           
0            0            0             0            0            0           
0            0            0             0            0            0           

Inertia
149.966      -56.1989     -56.1902      0.248689     0.126957     0.12968     
-56.1989     149.884      -56.2516      0.126957     0.198071     0.124777    
-56.1902     -56.2516     149.976       0.12968      0.124777     0.296212    

Bond Length
0.61734549    0.0019448869

BB bond length
0.61734549    0.0019448869

Water EE distance
0             0           

PEG EE distance
7.6380008     0.10543008  

BBB P2(x)
0.51237906    0.0078397833

BBB first bond length
0.61746467    0.0018482506

BBB second bond length
0.61750876    0.0020991117

BBB <phi**2>/<phi>**2
1.2267853     0.0080719767

Time = 27000
Temperature
1.011476      0.0052237934

Pressure
23.113657     0.053680185 

CM Mom
1.0796823e-16  3.2227542e-17 
5.8288633e-17  1.9982923e-17 
-9.4458864e-17 9.5346931e-18 
1.5735439e-16  2.7306028e-17 

CM Pos
7.503563       0.0099941585  
7.5044879      0.012392665   
7.4956114      0.015091785   
12.992512      0.0099441477  

Stress
20.0803      -0.0286619   -0.0141722    0.130116     0.0579645    0.0809146   
-0.0286619   20.1189      0.00278905    0.0579645    0.0725969    0.0434122   
-0.0141722   0.00278905   20.0655       0.0809146    0.0434122    0.11056     

Stress Spherical
0            0            0             0            0            0           
0            0            0             0            0            0           
0            0            0             0            0            0           

Inertia
149.995      -56.2798     -56.2586      0.344941     0.128035     0.123999    
-56.2798     149.995      -56.2563      0.128035     0.242606     0.172357    
-56.2586     -56.2563     150.11        0.123999     0.172357     0.263776    

Bond Length
0.6178806     0.0016009913

BB bond length
0.6178806     0.0016009913

Water EE distance
0             0           

PEG EE distance
7.3728148     0.1783126   

BBB P2(x)
0.50641291    0.0076154536

BBB first bond length
0.6178776     0.001536195 

BBB second bond length
0.61774753    0.0016304757

BBB <phi**2>/<phi>**2
1.2290741     0.0069471597

Time = 28000
Temperature
1.0128382     0.0056817706

Pressure
23.119643     0.055311632 

CM Mom
1.1253353e-16  1.2804635e-17 
3.0822574e-17  1.5118754e-17 
-6.0738108e-17 1.7463181e-17 
1.3295665e-16  1.7971417e-17 

CM Pos
7.5005912      0.010016226   
7.4975042      0.012489384   
7.4948685      0.012696269   
12.986332      0.0095932124  

Stress
20.0407      -0.013745    0.00603133    0.100297     0.0420586    0.0923299   
-0.013745    20.1588      0.0144005     0.0420586    0.102484     0.0859185   
0.00603133   0.0144005    20.0709       0.0923299    0.0859185    0.0957624   

Stress Spherical
0            0            0             0            0            0           
