Time = 1000
Temperature
   1.0801421    0.10324742

Pressure
   23.733943    0.53389332

CM Mom
2.8842308e-17  2.0257772e-17 
-2.5300549e-17 1.7968009e-17 
4.339944e-17   1.8331354e-16 
1.3329312e-16  1.4115783e-16 

CM Pos
7.4982369      0.030735822   
7.5043663      0.025943951   
7.5008494      0.0076720489  
12.992394      0.03439529    

Stress
20.5134      0.00495671   -0.0301322    0.229759     0.0719343    0.0930148   
0.00495671   20.5093      0.0163146     0.0719343    0.243568     0.0999725   
-0.0301322   0.0163146    20.4685       0.0930148    0.0999725    0.322098    

Stress Spherical
0            0            0             0            0            0           
0            0            0             0            0            0           
0            0            0             0            0            0           

Inertia
150.122      -56.2951     -56.2571      1.44642      0.454963     0.272586    
-56.2951     150.076      -56.2786      0.454963     1.64276      0.274134    
-56.2571     -56.2786     150.115       0.272586     0.274134     1.84677     

Bond Length
0.61903831    0.0045187172

BB bond length
0.61903831    0.0045187172

Water EE distance
0             0           

PEG EE distance
6.9759144     0.16655488  

BBB P2(x)
0.47225131    0.071058577 

BBB first bond length
0.61901244    0.0045112407

BBB second bond length
0.61923415    0.0043321348

BBB <phi**2>/<phi>**2
1.2180051     0.018714092 

Time = 2000
Temperature
1.0102198     0.0061069743

Pressure
23.308043     0.065986804 

CM Mom
-6.5944877e-18 1.2270674e-17 
-2.9609812e-17 1.480747e-17  
3.8565678e-17  1.937642e-17  
5.2468414e-17  1.9997037e-17 

CM Pos
7.4974953      0.011960754   
7.4966542      0.011280283   
7.5066334      0.01598785    
12.990851      0.010726679   

Stress
20.3097      -0.0361814   -0.0301392    0.0999549    0.0669383    0.0924991   
-0.0361814   20.2866      -0.00698886   0.0669383    0.11398      0.0527138   
-0.0301392   -0.00698886  20.2458       0.0924991    0.0527138    0.0880703   

Stress Spherical
0            0            0             0            0            0           
0            0            0             0            0            0           
0            0            0             0            0            0           

Inertia
149.931      -56.1926     -56.2609      0.336279     0.150826     0.179759    
-56.1926     149.956      -56.2883      0.150826     0.45711      0.13815     
-56.2609     -56.2883     149.789       0.179759     0.13815      0.426113    

Bond Length
0.62120921    0.0025020715

BB bond length
0.62120921    0.0025020715

Water EE distance
0             0           

PEG EE distance
7.1963179     0.17349523  

BBB P2(x)
0.52116839    0.014778038 

BBB first bond length
0.62134836    0.0023870527

BBB second bond length
0.62111204    0.0025564894

BBB <phi**2>/<phi>**2
1.2285872     0.014728739 

Time = 3000
Temperature
1.0107017     0.005064335 

Pressure
23.299569     0.042948741 

CM Mom
-1.0262483e-17 2.6792451e-17 
-2.8882786e-17 1.4652868e-17 
4.5670189e-17  1.8209299e-17 
6.3273713e-17  1.6907328e-17 

CM Pos
7.4998683      0.014919648   
7.4920566      0.010862072   
7.4993663      0.011805269   
12.985368      0.01168913    

Stress
20.2935      0.0152271    0.0242924     0.0944486    0.0674316    0.0344541   
0.0152271    20.2682      0.0137309     0.0674316    0.0615781    0.0878042   
0.0242924    0.0137309    20.2506       0.0344541    0.0878042    0.0996486   

Stress Spherical
0            0            0             0            0            0           
0            0            0             0            0            0           
0            0            0             0            0            0           

Inertia
149.793      -56.1924     -56.2508      0.20445      0.177673     0.137963    
-56.1924     149.943      -56.1774      0.177673     0.263689     0.1201      
-56.2508     -56.1774     149.803       0.137963     0.1201       0.332973    

Bond Length
0.61863665    0.0018715074

BB bond length
0.61863665    0.0018715074

Water EE distance
0             0           

PEG EE distance
7.0059372     0.14200117  

BBB P2(x)
0.52382278    0.014673885 

BBB first bond length
0.61889975    0.0019996167

BBB second bond length
0.61865552    0.0018984152

BBB <phi**2>/<phi>**2
1.2308873     0.005478912 

Time = 4000
Temperature
1.011123      0.0070775228

Pressure
23.344198     0.081762309 

CM Mom
-5.8776836e-18 1.5639636e-17 
-1.5899219e-17 2.0047204e-17 
3.7123425e-17  1.2222636e-17 
4.7653779e-17  1.3801442e-17 

CM Pos
7.5090635      0.0059987389  
7.5014001      0.017797731   
7.5002561      0.0089773063  
12.996583      0.011819723   

Stress
20.3447      0.0712654    0.0186664     0.106311     0.0771388    0.0552927   
0.0712654    20.3068      -0.026364     0.0771388    0.126183     0.0607538   
0.0186664    -0.026364    20.2909       0.0552927    0.0607538    0.0913499   

Stress Spherical
0            0            0             0            0            0           
0            0            0             0            0            0           
0            0            0             0            0            0           

Inertia
149.961      -56.313      -56.3419      0.273907     0.154604     0.115407    
-56.313      150.111      -56.285       0.154604     0.164597     0.141286    
-56.3419     -56.285      150.089       0.115407     0.141286     0.288181    

Bond Length
0.61869107    0.0022035959

BB bond length
0.61869107    0.0022035959

Water EE distance
0             0           

PEG EE distance
7.4483948     0.28049931  

BBB P2(x)
0.51183596    0.011704251 

BBB first bond length
0.61841508    0.0024657826

BBB second bond length
0.61878002    0.0022129065

BBB <phi**2>/<phi>**2
1.2245271     0.011042348 

Time = 5000
Temperature
1.0120763     0.0060978243

Pressure
23.356024     0.051654753 

CM Mom
-2.3589289e-17 1.4413749e-17 
1.1606628e-17  1.3183642e-17 
6.4507152e-17  1.8686558e-17 
7.2120412e-17  1.9538148e-17 

CM Pos
7.4982369      0.010703985   
7.5065909      0.011674116   
7.491061       0.015121729   
12.988024      0.013518761   

Stress
20.3262      0.0122712    -0.0158255    0.108132     0.0467088    0.0607113   
0.0122712    20.3339      -0.0190271    0.0467088    0.0975004    0.0873348   
-0.0158255   -0.0190271   20.3091       0.0607113    0.0873348    0.120911    

Stress Spherical
0            0            0             0            0            0           
0            0            0             0            0            0           
0            0            0             0            0            0           

Inertia
149.913      -56.2982     -56.1629      0.255687     0.146214     0.12314     
-56.2982     149.806      -56.2009      0.146214     0.278069     0.118108    
-56.1629     -56.2009     150.012       0.12314      0.118108     0.279311    

Bond Length
0.61838136    0.0028089106

BB bond length
0.61838136    0.0028089106

Water EE distance
0             0           

PEG EE distance
7.8146945     0.15846366  

BBB P2(x)
0.52096692    0.014997949 

BBB first bond length
0.61849738    0.0026562705

BBB second bond length
0.61814952    0.0028607282

BBB <phi**2>/<phi>**2
1.2281099     0.011217274 

Time = 6000
Temperature
1.0107834     0.0066131608

Pressure
23.370802     0.066171461 

CM Mom
-2.501734e-17  8.735542e-18  
1.4002652e-18  1.6754888e-17 
7.4117047e-17  2.1059246e-17 
8.0501108e-17  2.1006287e-17 

CM Pos
7.4946775      0.009196371   
7.5043663      0.013625902   
7.503074       0.016355091   
12.99162       0.013289754   

Stress
20.356       0.00394827   0.0187359     0.101532     0.0571969    0.068029    
0.00394827   20.3624      0.0352178     0.0571969    0.0735401    0.0682918   
0.0187359    0.0352178    20.3068       0.068029     0.0682918    0.110857    

Stress Spherical
0            0            0             0            0            0           
0            0            0             0            0            0           
0            0            0             0            0            0           

Inertia
150.054      -56.2631     -56.2218      0.314068     0.168928     0.171603    
-56.2631     149.934      -56.2472      0.168928     0.286044     0.177906    
-56.2218     -56.2472     149.953       0.171603     0.177906     0.270424    

Bond Length
0.61793       0.0014700906

BB bond length
0.61793       0.0014700906

Water EE distance
0             0           

PEG EE distance
7.6736705     0.16888165  

BBB P2(x)
0.50883899    0.0072484206

BBB first bond length
0.61771889    0.0014521144

BBB second bond length
0.61817259    0.0012980147

BBB <phi**2>/<phi>**2
1.2233717     0.0094851668

Time = 7000
Temperature
1.0073275     0.005612232 

Pressure
23.269104     0.082620595 

CM Mom
-2.7983625e-17 2.0960362e-17 
-1.838114e-17  1.4982669e-17 
7.6841835e-17  1.6022463e-17 
8.7880452e-17  1.4939203e-17 

CM Pos
7.4980886      0.0072292214  
7.4844929      0.010716307   
7.5047054      0.015768282   
12.983059      0.012972546   

Stress
20.3247      0.019408     -0.0501614    0.112357     0.0562644    0.0777865   
0.019408     20.2448      -0.00320697   0.0562644    0.0618494    0.112973    
-0.0501614   -0.00320697  20.1817       0.0777865    0.112973     0.14264     

Stress Spherical
0            0            0             0            0            0           
0            0            0             0            0            0           
0            0            0             0            0            0           

Inertia
149.784      -56.1513     -56.2718      0.305539     0.118451     0.148271    
-56.1513     150.009      -56.1934      0.118451     0.221366     0.202959    
-56.2718     -56.1934     149.702       0.148271     0.202959     0.144616    

Bond Length
0.62007118    0.0033899944

BB bond length
0.62007118    0.0033899944

Water EE distance
0             0           

PEG EE distance
7.6397193     0.1116586   

BBB P2(x)
0.50898637    0.016406319 

BBB first bond length
0.62013952    0.0034389355

BBB second bond length
0.61979611    0.0034813918

BBB <phi**2>/<phi>**2
1.2276939     0.0092420579

Time = 8000
Temperature
1.0145511     0.0081913142

Pressure
23.318837     0.092482965 

CM Mom
-4.4143413e-17 2.0221854e-17 
1.0025378e-17  2.2859672e-17 
1.0932209e-16  2.3135813e-17 
1.2335361e-16  1.5846424e-17 

CM Pos
7.5041693      0.01222       
7.497989       0.0089527714  
7.4990697      0.014804208   
12.9911        0.014666095   

Stress
20.2834      -0.0329116   0.00755934    0.119364     0.0629122    0.0494025   
-0.0329116   20.291       -0.022907     0.0629122    0.111099     0.0512182   
0.00755934   -0.022907    20.261        0.0494025    0.0512182    0.136311    

Stress Spherical
0            0            0             0            0            0           
0            0            0             0            0            0           
0            0            0             0            0            0           

Inertia
149.928      -56.2513     -56.2566      0.242031     0.150648     0.203481    
-56.2513     150.03       -56.2017      0.150648     0.343382     0.166373    
-56.2566     -56.2017     150.004       0.203481     0.166373     0.209072    

Bond Length
0.61971561    0.0018115861

BB bond length
0.61971561    0.0018115861

Water EE distance
0             0           

PEG EE distance
7.725413      0.22131529  

BBB P2(x)
0.51588644    0.0079276811

BBB first bond length
0.62008303    0.0017140835

BBB second bond length
0.619557      0.0020220712

BBB <phi**2>/<phi>**2
1.2293783     0.0095421075

Time = 9000
Temperature
1.0078702     0.0073717787

Pressure
23.289256     0.083107145 

CM Mom
-3.6389058e-17 1.3438923e-17 
5.1673835e-17  1.2574243e-17 
1.3962531e-16  1.766395e-17  
1.5446269e-16  1.6780441e-17 

CM Pos
7.5012031      0.011400537   
7.5025866      0.0095253356  
7.5007011      0.012655049   
12.992983      0.012279571   

Stress
20.3277      -0.0184272   0.0224309     0.10656      0.0956192    0.0595528   
-0.0184272   20.2515      -0.0264338    0.0956192    0.129146     0.0841393   
0.0224309    -0.0264338   20.2276       0.0595528    0.0841393    0.128654    

Stress Spherical
0            0            0             0            0            0           
0            0            0             0            0            0           
0            0            0             0            0            0           

Inertia
150.037      -56.3        -56.2797      0.230746     0.154658     0.192427    
-56.3        150.03       -56.2991      0.154658     0.305049     0.128452    
-56.2797     -56.2991     150.059       0.192427     0.128452     0.168863    

Bond Length
0.61916196    0.0024457702

BB bond length
0.61916196    0.0024457702

Water EE distance
0             0           

PEG EE distance
7.8380787     0.1280249   

BBB P2(x)
0.51935062    0.0095271579

BBB first bond length
0.61910569    0.0026499014

BBB second bond length
0.61899276    0.0024628092

BBB <phi**2>/<phi>**2
1.2242466     0.010286542 

Time = 10000
Temperature
1.00836       0.0053578422

Pressure
23.303041     0.064015787 

CM Mom
-6.119948e-17  2.075993e-17  
6.2124986e-17  2.9920405e-17 
1.4663857e-16  9.4500304e-18 
1.7374091e-16  1.8367544e-17 

CM Pos
7.4994234      0.013850054   
7.4990272      0.014733465   
7.5045571      0.010959845   
12.992132      0.013254248   

Stress
20.2487      0.0332003    0.0141604     0.0924902    0.0481253    0.0468827   
0.0332003    20.3133      -0.0241273    0.0481253    0.106006     0.0748677   
0.0141604    -0.0241273   20.2817       0.0468827    0.0748677    0.0983422   

Stress Spherical
0            0            0             0            0            0           
0            0            0             0            0            0           
0            0            0             0            0            0           

Inertia
150.048      -56.2562     -56.2486      0.259338     0.154745     0.134035    
-56.2562     150.032      -56.282       0.154745     0.256032     0.143635    
-56.2486     -56.282      149.963       0.134035     0.143635     0.228961    

Bond Length
0.61826955    0.0024533751

BB bond length
0.61826955    0.0024533751

Water EE distance
0             0           

PEG EE distance
7.5855717     0.16024116  

BBB P2(x)
0.52023171    0.0069347609

BBB first bond length
0.61806701    0.0025553184

BBB second bond length
0.61814016    0.0024575009

BBB <phi**2>/<phi>**2
1.2238875     0.004712776 

Time = 11000
Temperature
1.0131557     0.0083346096

Pressure
23.351463     0.12342484  

CM Mom
-5.486954e-17  1.8690083e-17 
4.6651266e-17  1.8716775e-17 
1.6166059e-16  1.833982e-17  
1.7888122e-16  1.8937935e-17 

CM Pos
7.4986818      0.018088868   
7.5014001      0.0090468657  
7.4965484      0.0099367214  
12.988451      0.011022133   

Stress
20.3189      0.0180024    0.00759723    0.153246     0.0475567    0.0827476   
0.0180024    20.3234      0.0278211     0.0475567    0.124252     0.0455031   
0.00759723   0.0278211    20.3036       0.0827476    0.0455031    0.124609    

Stress Spherical
0            0            0             0            0            0           
0            0            0             0            0            0           
0            0            0             0            0            0           

Inertia
149.982      -56.2436     -56.1864      0.194902     0.12644      0.183968    
-56.2436     149.941      -56.2301      0.12644      0.301837     0.132309    
-56.1864     -56.2301     150.014       0.183968     0.132309     0.273058    

Bond Length
0.61851743    0.0018437344

BB bond length
0.61851743    0.0018437344

Water EE distance
0             0           

PEG EE distance
7.497764      0.1568759   

BBB P2(x)
0.51210175    0.014888969 

BBB first bond length
0.61855519    0.0019057565

BBB second bond length
0.61862108    0.0018751225

BBB <phi**2>/<phi>**2
1.2272195     0.011809547 

Time = 12000
Temperature
1.0096139     0.0069129597

Pressure
23.34045      0.10240139  

CM Mom
-3.3209955e-17 1.822341e-17  
2.8985559e-17  2.3989199e-17 
1.4725878e-16  1.876489e-17  
1.5648439e-16  2.0013569e-17 

CM Pos
7.5025379      0.015832319   
7.5030315      0.01577665    
7.488688       0.005674647   
12.987085      0.012764689   

Stress
20.3139      0.0188176    -0.0134162    0.134727     0.0827605    0.0854678   
0.0188176    20.3149      0.0321655     0.0827605    0.151126     0.07564     
-0.0134162   0.0321655    20.3159       0.0854678    0.07564      0.129934    

Stress Spherical
0            0            0             0            0            0           
0            0            0             0            0            0           
0            0            0             0            0            0           

Inertia
149.873      -56.2665     -56.1871      0.182892     0.195165     0.174444    
-56.2665     149.853      -56.1669      0.195165     0.250304     0.0641787   
-56.1871     -56.1669     150.087       0.174444     0.0641787    0.342042    

Bond Length
0.61994565    0.0024012792

BB bond length
0.61994565    0.0024012792

Water EE distance
0             0           

PEG EE distance
8.0043665     0.16632636  

BBB P2(x)
0.51158328    0.0085556017

BBB first bond length
0.62003174    0.0025698792

BBB second bond length
0.619944      0.0024298962

BBB <phi**2>/<phi>**2
1.2230933     0.0099320144

Time = 13000
Temperature
1.0122245     0.0064769732

Pressure
23.294667     0.063281864 

CM Mom
-1.4760072e-17 1.7434387e-17 
1.7702206e-17  1.5118904e-17 
1.4264264e-16  2.2582801e-17 
1.4663492e-16  2.0466345e-17 

CM Pos
7.4949741      0.015212368   
7.4982856      0.020065099   
7.5041122      0.0092142918  
12.988881      0.017714798   

Stress
20.282       0.00781042   0.0136026     0.0743752    0.0648714    0.0755785   
0.00781042   20.2305      0.00605004    0.0648714    0.091407     0.0774157   
0.0136026    0.00605004   20.2713       0.0755785    0.0774157    0.0741259   

Stress Spherical
0            0            0             0            0            0           
0            0            0             0            0            0           
0            0            0             0            0            0           

Inertia
150.043      -56.1805     -56.2114      0.381561     0.211896     0.146608    
-56.1805     149.986      -56.2584      0.211896     0.288819     0.144449    
-56.2114     -56.2584     149.908       0.146608     0.144449     0.377272    

Bond Length
0.61886057    0.0022918918

BB bond length
0.61886057    0.0022918918

Water EE distance
0             0           

PEG EE distance
7.6879542     0.099026982 

BBB P2(x)
0.51327466    0.015889485 

BBB first bond length
0.61869953    0.0025013904

BBB second bond length
0.61882859    0.0023134686

BBB <phi**2>/<phi>**2
1.2293089     0.0081986573

Time = 14000
Temperature
1.0135563     0.0086225306

Pressure
23.321447     0.085169579 

CM Mom
2.608349e-17   2.3526498e-17 
1.8252639e-17  1.9868278e-17 
1.5437852e-16  4.2873401e-17 
1.6121939e-16  4.0508207e-17 

CM Pos
7.497792       0.013084879   
7.4927982      0.012574842   
7.5008494      0.013145256   
12.985451      0.014913804   

Stress
20.3273      -0.00131216  0.00660861    0.121967     0.0397992    0.0539566   
-0.00131216  20.2684      -0.00295649   0.0397992    0.0840229    0.0728183   
0.00660861   -0.00295649  20.2566       0.0539566    0.0728183    0.142611    

Stress Spherical
0            0            0             0            0            0           
0            0            0             0            0            0           
0            0            0             0            0            0           

Inertia
149.91       -56.167      -56.2422      0.308015     0.19164      0.167721    
-56.167      149.96       -56.225       0.19164      0.365061     0.157848    
-56.2422     -56.225      149.883       0.167721     0.157848     0.278549    

Bond Length
0.61936298    0.0021606976

BB bond length
0.61936298    0.0021606976

Water EE distance
0             0           

PEG EE distance
7.6488138     0.15843995  

BBB P2(x)
0.51401449    0.012063041 

BBB first bond length
0.61916049    0.0023644128

BBB second bond length
0.61901648    0.002206338 

BBB <phi**2>/<phi>**2
1.226636      0.0084460385

Time = 15000
Temperature
1.0121186     0.0054478336

Pressure
23.287209     0.073899516 

CM Mom
1.4913065e-17  2.129475e-17  
2.436338e-17   1.7360803e-17 
1.63877e-16    2.5651383e-17 
1.6886249e-16  2.3873872e-17 

CM Pos
7.4998683      0.013560367   
7.5006586      0.0095380276  
7.5018875      0.00782674    
12.991784      0.010805224   

Stress
20.2563      0.0227553    0.009282      0.116729     0.0627314    0.092786    
0.0227553    20.281       0.0305465     0.0627314    0.097224     0.0547701   
0.009282     0.0305465    20.2252       0.092786     0.0547701    0.113553    

Stress Spherical
0            0            0             0            0            0           
0            0            0             0            0            0           
0            0            0             0            0            0           

Inertia
150.058      -56.2639     -56.2807      0.191374     0.182252     0.115467    
-56.2639     150.023      -56.303       0.182252     0.167332     0.0736134   
-56.2807     -56.303      150.015       0.115467     0.0736134    0.352476    

Bond Length
0.61964047    0.0027118038

BB bond length
0.61964047    0.0027118038

Water EE distance
0             0           

PEG EE distance
7.5433236     0.12571     

BBB P2(x)
0.51580484    0.0079944497

BBB first bond length
0.6195847     0.0027692076

BBB second bond length
0.61976241    0.002983372 

BBB <phi**2>/<phi>**2
1.2271536     0.011025549 

Time = 16000
Temperature
1.009593      0.0065317049

Pressure
23.320409     0.093229813 

CM Mom
-3.7586796e-17 1.8074986e-17 
3.6421646e-17  3.195441e-17  
1.4401052e-16  1.6206513e-17 
1.5698826e-16  2.1058521e-17 

CM Pos
7.5001649      0.017331257   
7.4959127      0.01109845    
7.4989214      0.010720412   
12.987503      0.017826116   

Stress
20.3125      -0.00144858  -0.0400881    0.12685      0.0875826    0.0736289   
-0.00144858  20.2623      0.0173339     0.0875826    0.0901895    0.0652819   
-0.0400881   0.0173339    20.31         0.0736289    0.0652819    0.173043    

Stress Spherical
0            0            0             0            0            0           
0            0            0             0            0            0           
0            0            0             0            0            0           

Inertia
149.934      -56.1745     -56.2507      0.24898      0.175709     0.175998    
-56.1745     149.988      -56.185       0.175709     0.288566     0.142667    
-56.2507     -56.185      149.956       0.175998     0.142667     0.407288    

Bond Length
0.62032258    0.0029182488

BB bond length
0.62032258    0.0029182488

Water EE distance
0             0           

PEG EE distance
7.6507857     0.13392108  

BBB P2(x)
0.51361169    0.0087925137

BBB first bond length
0.62046216    0.0033156367

BBB second bond length
0.62020014    0.0027891325

BBB <phi**2>/<phi>**2
1.225719      0.006918365 

Time = 17000
Temperature
1.0049564     0.0058085907

Pressure
23.313453     0.13703275  

CM Mom
-4.7764892e-17 1.4336303e-17 
3.8567325e-17  1.5127985e-17 
1.5870775e-16  2.0054663e-17 
1.7159751e-16  1.8653186e-17 

CM Pos
7.5012031      0.01492628    
7.5024383      0.014305504   
7.5087098      0.010241934   
12.997526      0.014076424   

Stress
20.2822      0.0206728    -0.0481403    0.13545      0.0440786    0.114472    
0.0206728    20.2872      -0.00089252   0.0440786    0.109834     0.0720817   
-0.0481403   -0.00089252  20.3361       0.114472     0.0720817    0.189004    

Stress Spherical
0            0            0             0            0            0           
0            0            0             0            0            0           
0            0            0             0            0            0           

Inertia
150.177      -56.2568     -56.3429      0.302528     0.188805     0.150985    
-56.2568     150.147      -56.3488      0.188805     0.233201     0.192858    
-56.3429     -56.3488     150.05        0.150985     0.192858     0.302979    

Bond Length
0.6189924     0.0026915691

BB bond length
0.6189924     0.0026915691

Water EE distance
0             0           

PEG EE distance
7.140207      0.38055749  

BBB P2(x)
0.51819171    0.011143424 

BBB first bond length
0.61891606    0.0026313857

BBB second bond length
0.61870082    0.0026934278

BBB <phi**2>/<phi>**2
1.2243416     0.0095922644

Time = 18000
Temperature
1.0114982     0.0072512475

Pressure
23.322641     0.098708079 

CM Mom
-5.3595683e-17 2.4143286e-17 
-5.0955658e-18 2.4430914e-17 
1.5898588e-16  2.4808684e-17 
1.7123425e-16  2.5476285e-17 

CM Pos
7.5013514      0.0071126629  
7.5057011      0.0090017743  
7.4989214      0.019878423   
12.993844      0.013454209   

Stress
20.2505      -0.0319095   0.0500541     0.134449     0.0656847    0.0866352   
-0.0319095   20.316       0.0416018     0.0656847    0.133972     0.0919492   
0.0500541    0.0416018    20.3078       0.0866352    0.0919492    0.0866629   

Stress Spherical
0            0            0             0            0            0           
0            0            0             0            0            0           
0            0            0             0            0            0           

Inertia
150.07       -56.328      -56.2143      0.482205     0.098022     0.139339    
-56.328      149.983      -56.282       0.098022     0.222233     0.157059    
-56.2143     -56.282      150.093       0.139339     0.157059     0.1311      

Bond Length
0.61831646    0.0021060581

BB bond length
0.61831646    0.0021060581

Water EE distance
0             0           

PEG EE distance
6.7647172     0.15224586  

BBB P2(x)
0.51591197    0.0096903504

BBB first bond length
0.61843281    0.002194007 

BBB second bond length
0.61840892    0.0022059082

BBB <phi**2>/<phi>**2
1.2293054     0.0088862963

Time = 19000
Temperature
1.0089631     0.0041966898

Pressure
23.317372     0.065391913 

CM Mom
-5.3263043e-17 1.78407e-17   
-2.6959462e-17 2.2200822e-17 
1.5116278e-16  1.6312829e-17 
1.6510211e-16  1.5248564e-17 

CM Pos
7.4903765      0.016623875   
7.5073325      0.015356278   
7.492989       0.0090273944  
12.985037      0.0083659176  

Stress
20.2349      0.0255989    -0.0104513    0.097276     0.0714697    0.0642634   
0.0255989    20.3191      -0.0515122    0.0714697    0.0786208    0.102787    
-0.0104513   -0.0515122   20.3272       0.0642634    0.102787     0.102261    

Stress Spherical
0            0            0             0            0            0           
0            0            0             0            0            0           
0            0            0             0            0            0           

Inertia
150.006      -56.2508     -56.1119      0.267561     0.15545      0.138452    
-56.2508     149.756      -56.2653      0.15545      0.178984     0.161936    
-56.1119     -56.2653     149.966       0.138452     0.161936     0.233906    

Bond Length
0.61960374    0.0023335056

BB bond length
0.61960374    0.0023335056

Water EE distance
0             0           

PEG EE distance
7.1223964     0.23613074  

BBB P2(x)
0.50658184    0.0078590205

BBB first bond length
0.61956935    0.0025194662

BBB second bond length
0.6192843     0.0023254204

BBB <phi**2>/<phi>**2
1.2235791     0.0031624074

Time = 20000
Temperature
1.0097257     0.0046569873

Pressure
23.326391     0.070357599 

CM Mom
-5.2705544e-17 2.9920667e-17 
-7.3401066e-18 2.1408326e-17 
1.5900372e-16  1.7031029e-17 
1.7170258e-16  1.6606489e-17 

CM Pos
7.5037243      0.022278008   
7.5002136      0.015701883   
7.4925441      0.014051081   
12.988379      0.015565729   

Stress
20.2356      -0.00926031  0.0193598     0.117657     0.0691423    0.0539988   
-0.00926031  20.3243      -0.0584445    0.0691423    0.0935027    0.0571627   
0.0193598    -0.0584445   20.3415       0.0539988    0.0571627    0.112757    

Stress Spherical
0            0            0             0            0            0           
0            0            0             0            0            0           
0            0            0             0            0            0           

Inertia
149.909      -56.2701     -56.1926      0.266492     0.179149     0.239848    
-56.2701     149.93       -56.2157      0.179149     0.486635     0.141299    
-56.1926     -56.2157     150.049       0.239848     0.141299     0.346215    

Bond Length
0.61887835    0.0024215726

BB bond length
0.61887835    0.0024215726

Water EE distance
0             0           

PEG EE distance
7.3603759     0.21880147  

BBB P2(x)
0.51274237    0.011848574 

BBB first bond length
0.61862929    0.0023024574

BBB second bond length
0.61849927    0.0025043934

BBB <phi**2>/<phi>**2
1.2284481     0.0096495378

Time = 21000
Temperature
1.0051849     0.0069541956

Pressure
23.286145     0.068860792 

CM Mom
-3.8975261e-17 1.3604478e-17 
-5.7080875e-18 1.5306161e-17 
1.6097164e-16  1.5099567e-17 
1.6710442e-16  1.3674489e-17 

CM Pos
7.4957156      0.012528403   
7.497989       0.010821497   
7.4977349      0.015183422   
12.985455      0.0093337867  

Stress
20.2745      0.018955     0.0188991     0.142195     0.0619305    0.0615999   
0.018955     20.2916      0.00962642    0.0619305    0.140357     0.0818909   
0.0188991    0.00962642   20.2555       0.0615999    0.0818909    0.122048    

Stress Spherical
0            0            0             0            0            0           
0            0            0             0            0            0           
0            0            0             0            0            0           

Inertia
149.945      -56.2005     -56.2213      0.306529     0.139363     0.129302    
-56.2005     149.891      -56.2542      0.139363     0.236288     0.184153    
-56.2213     -56.2542     149.914       0.129302     0.184153     0.228934    

Bond Length
0.6201943     0.0021433537

BB bond length
0.6201943     0.0021433537

Water EE distance
0             0           

PEG EE distance
6.9374364     0.18370187  

BBB P2(x)
0.51895862    0.010642644 

BBB first bond length
0.61992761    0.0023184534

BBB second bond length
0.62018835    0.0021109126

BBB <phi**2>/<phi>**2
1.2280568     0.004853127 

Time = 22000
Temperature
1.0161435     0.0087008122

Pressure
23.334629     0.071188365 

CM Mom
-2.6305502e-17 2.3138189e-17 
-4.5736326e-17 2.4843758e-17 
1.4870419e-16  2.8240711e-17 
1.617619e-16   2.6075677e-17 

CM Pos
7.4928978      0.014757332   
7.5027349      0.015458352   
7.5029257      0.011730504   
12.989557      0.021126286   

Stress
20.2582      0.0237419    0.0104433     0.129128     0.0717112    0.0477151   
0.0237419    20.2727      0.0274863     0.0717112    0.105598     0.0589014   
0.0104433    0.0274863    20.3377       0.0477151    0.0589014    0.0826586   

Stress Spherical
0            0            0             0            0            0           
0            0            0             0            0            0           
0            0            0             0            0            0           

Inertia
150.112      -56.1726     -56.2074      0.34835      0.206315     0.156533    
-56.1726     149.935      -56.2726      0.206315     0.327862     0.183975    
-56.2074     -56.2726     149.933       0.156533     0.183975     0.410141    

Bond Length
0.61994469    0.0026762079

BB bond length
0.61994469    0.0026762079

Water EE distance
0             0           

PEG EE distance
7.3263488     0.11669792  

BBB P2(x)
0.51788756    0.011015551 

BBB first bond length
0.6200975     0.0026677721

BBB second bond length
0.62000062    0.0027674043

BBB <phi**2>/<phi>**2
1.2269186     0.010092876 

Time = 23000
Temperature
1.01452       0.0095452331

Pressure
23.292354     0.080942692 

CM Mom
-5.9458925e-17 1.8554274e-17 
-6.6588134e-17 2.1277722e-17 
1.4836548e-16  2.1743067e-17 
1.7528993e-16  2.2909832e-17 

CM Pos
7.5014997      0.0081354092  
7.4963576      0.012567844   
7.5078199      0.010086121   
12.993671      0.0079426185  

Stress
20.3354      0.0259384    0.0345834     0.0878248    0.102416     0.0841795   
0.0259384    20.1972      0.0262806     0.102416     0.0886117    0.0499661   
0.0345834    0.0262806    20.2236       0.0841795    0.0499661    0.0903876   

Stress Spherical
0            0            0             0            0            0           
0            0            0             0            0            0           
0            0            0             0            0            0           

Inertia
150.07       -56.2293     -56.3269      0.233316     0.116642     0.0791563   
-56.2293     150.13       -56.2757      0.116642     0.159969     0.191017    
-56.3269     -56.2757     149.949       0.0791563    0.191017     0.195385    

Bond Length
0.61856382    0.0009846003

BB bond length
0.61856382    0.0009846003

Water EE distance
0             0           

PEG EE distance
7.5523764     0.12246126  

BBB P2(x)
0.51796976    0.0083471142

BBB first bond length
0.61850041    0.00098416326

BBB second bond length
0.61847048    0.0013543201

BBB <phi**2>/<phi>**2
1.2233017     0.0070180255

Time = 24000
Temperature
1.0139437     0.00656778  

Pressure
23.28171      0.065031148 

CM Mom
-3.2552565e-17 1.8961606e-17 
-9.7546413e-17 3.1925074e-17 
1.4626467e-16  1.931152e-17  
1.8226691e-16  2.2333543e-17 

CM Pos
7.4957156      0.011193175   
7.499917       0.0082054041  
7.4983281      0.013122647   
12.986902      0.013067223   

Stress
20.2255      -0.0182433   -0.0185955    0.121989     0.0870372    0.057706    
-0.0182433   20.2782      0.0379221     0.0870372    0.0476241    0.0497668   
-0.0185955   0.0379221    20.2259       0.057706     0.0497668    0.101715    

Stress Spherical
0            0            0             0            0            0           
0            0            0             0            0            0           
0            0            0             0            0            0           

Inertia
149.965      -56.216      -56.2085      0.244565     0.103565     0.164589    
-56.216      149.877      -56.236       0.103565     0.265781     0.138902    
-56.2085     -56.236      149.903       0.164589     0.138902     0.171836    

Bond Length
0.61841028    0.0016867744

BB bond length
0.61841028    0.0016867744

Water EE distance
0             0           

PEG EE distance
7.2231306     0.16378361  

BBB P2(x)
0.52070737    0.0091401892

BBB first bond length
0.61832968    0.0017837889

BBB second bond length
0.61819097    0.0021042054

BBB <phi**2>/<phi>**2
1.2312407     0.011171299 

Time = 25000
Temperature
1.0107834     0.00522156  

Pressure
23.324541     0.083426973 

CM Mom
-1.6927773e-17 1.8402387e-17 
-1.4223868e-16 2.2151037e-17 
1.4949262e-16  2.5404485e-17 
2.099815e-16   1.5776809e-17 

CM Pos
7.5007581      0.009195175   
7.4997687      0.01168165    
7.4966967      0.0064985868  
12.988787      0.0067641841  

Stress
20.2506      -0.0139788   -0.00659804   0.0821796    0.0795327    0.0563459   
-0.0139788   20.3018      0.0158115     0.0795327    0.127619     0.0967689   
-0.00659804  0.0158115    20.3341       0.0563459    0.0967689    0.0964549   

Stress Spherical
0            0            0             0            0            0           
0            0            0             0            0            0           
0            0            0             0            0            0           

Inertia
149.954      -56.2681     -56.231       0.20485      0.0788593    0.0945301   
-56.2681     149.964      -56.2725      0.0788593    0.208273     0.148877    
-56.231      -56.2725     150           0.0945301    0.148877     0.166216    

Bond Length
0.61937066    0.0019962733

BB bond length
0.61937066    0.0019962733

Water EE distance
0             0           

PEG EE distance
7.3996616     0.18147675  

BBB P2(x)
0.5194137     0.0087460266

BBB first bond length
0.61950903    0.0020274466

BBB second bond length
0.61916064    0.0021668889

BBB <phi**2>/<phi>**2
1.2277979     0.012111261 

Time = 26000
Temperature
1.0077193     0.0085664944

Pressure
23.340796     0.061311005 

CM Mom
-1.6642368e-17 2.4224599e-17 
-1.5408015e-16 1.3654266e-17 
1.2549532e-16  1.3537091e-17 
2.0157089e-16  9.6142919e-18 

CM Pos
7.4936393      0.012475622   
7.50229        0.010509049   
7.4989214      0.012813956   
12.987423      0.008828292   

Stress
20.3252      -0.0162044   -0.00963753   0.103444     0.0733572    0.0676582   
-0.0162044   20.3775      0.0177355     0.0733572    0.0932506    0.0665073   
-0.00963753  0.0177355    20.2601       0.0676582    0.0665073    0.133135    

Stress Spherical
0            0            0             0            0            0           
0            0            0             0            0            0           
0            0            0             0            0            0           

Inertia
150.02       -56.1808     -56.2182      0.238974     0.133878     0.121705    
-56.1808     149.874      -56.2807      0.133878     0.240122     0.133494    
-56.2182     -56.2807     149.926       0.121705     0.133494     0.17636     

Bond Length
0.61948214    0.0022222854

BB bond length
0.61948214    0.0022222854

Water EE distance
0             0           

PEG EE distance
7.2854611     0.23297212  

BBB P2(x)
0.51371262    0.011025165 

BBB first bond length
0.61947089    0.0023241262

BBB second bond length
0.61952143    0.0021544148

BBB <phi**2>/<phi>**2
1.2290596     0.0082410106

Time = 27000
Temperature
1.0164996     0.0064588659

Pressure
23.32874      0.079718473 

CM Mom
-3.142412e-17  2.6178007e-17 
-1.6518409e-16 1.6611073e-17 
1.0828709e-16  1.6935776e-17 
2.0264816e-16  1.3457828e-17 

CM Pos
7.4970504      0.010724514   
7.4969508      0.0085981015  
7.5024808      0.0114966     
12.988356      0.013202319   

Stress
20.2887      -0.00682906  0.020909      0.0447713    0.060388     0.0629616   
-0.00682906  20.305       -0.0129754    0.060388     0.160471     0.0614531   
0.020909     -0.0129754   20.2539       0.0629616    0.0614531    0.101372    

Stress Spherical
0            0            0             0            0            0           
0            0            0             0            0            0           
0            0            0             0            0            0           

Inertia
150.002      -56.2191     -56.2233      0.256114     0.130747     0.150331    
-56.2191     150.001      -56.2735      0.130747     0.258615     0.159316    
-56.2233     -56.2735     149.932       0.150331     0.159316     0.2992      

Bond Length
0.61960578    0.001299869 

BB bond length
0.61960578    0.001299869 

Water EE distance
0             0           

PEG EE distance
6.8904822     0.10392585  

BBB P2(x)
0.51990419    0.014814873 

BBB first bond length
0.61945478    0.0015651074

BBB second bond length
0.61963409    0.0011722362

BBB <phi**2>/<phi>**2
1.2289354     0.011344799 

Time = 28000
Temperature
1.0123147     0.0056603721

Pressure
23.381128     0.050023288 

CM Mom
-5.5135735e-17 1.717388e-17  
-1.6156934e-16 2.0396478e-17 
9.7806159e-17  2.2559004e-17 
1.9903567e-16  1.7757043e-17 

CM Pos
7.4986818      0.013638003   
7.5006586      0.012244276   
7.4964001      0.0099223227  
12.987936      0.0087857583  

Stress
20.3618      0.0161297    0.0351323     0.0598623    0.0668681    0.0727982   
0.0161297    20.3279      -0.0197978    0.0668681    0.12605      0.0396196   
0.0351323    -0.0197978   20.3527       0.0727982    0.0396196    0.112733    

Stress Spherical
0            0            0             0            0            0           
