Time = 1000
Temperature
   1.0739334   0.096796417

Pressure
   23.703629    0.50917527

CM Mom
6.2105123e-18  1.1225881e-17 
-4.5879124e-17 2.0010187e-17 
-5.457856e-17  1.6320097e-16 
1.5684228e-16  8.7657111e-17 

CM Pos
7.5014865      0.010124638   
7.4968715      0.052477216   
7.5071073      0.014632627   
12.993621      0.03058513    

Stress
20.4885      0.0144962    0.0111194     0.244013     0.087736     0.0432695   
0.0144962    20.4193      -0.00818745   0.087736     0.266673     0.0735453   
0.0111194    -0.00818745  20.5434       0.0432695    0.0735453    0.226882    

Stress Spherical
0            0            0             0            0            0           
0            0            0             0            0            0           
0            0            0             0            0            0           

Inertia
150.114      -56.2214     -56.2814      1.79968      0.353233     0.137561    
-56.2214     150.193      -56.2855      0.353233     0.954461     0.462146    
-56.2814     -56.2855     150.02        0.137561     0.462146     1.71492     

Bond Length
0.61908278    0.0042087389

BB bond length
0.61908278    0.0042087389

Water EE distance
0             0           

PEG EE distance
6.887138      0.25650399  

BBB P2(x)
0.47502516    0.056446293 

BBB first bond length
0.61917203    0.0040511005

BBB second bond length
0.61894788    0.0041193677

BBB <phi**2>/<phi>**2
1.2211624     0.015275202 

Time = 2000
Temperature
1.0112346     0.0051722236

Pressure
23.339395     0.092938016 

CM Mom
1.3489116e-17  1.7550799e-17 
-5.8129265e-17 3.128867e-17  
-1.5967993e-17 5.0538512e-17 
7.7891752e-17  3.9874454e-17 

CM Pos
7.4989665      0.0085103469  
7.4952409      0.014767906   
7.4956931      0.0099891702  
12.984561      0.010425176   

Stress
20.2727      0.0282998    0.0206315     0.0973436    0.0672619    0.0522785   
0.0282998    20.2781      -0.0114851    0.0672619    0.156842     0.0833542   
0.0206315    -0.0114851   20.3718       0.0522785    0.0833542    0.0898024   

Stress Spherical
0            0            0             0            0            0           
0            0            0             0            0            0           
0            0            0             0            0            0           

Inertia
149.748      -56.2172     -56.1913      0.392298     0.120121     0.0838669   
-56.2172     149.822      -56.1738      0.120121     0.335041     0.179154    
-56.1913     -56.1738     149.803       0.0838669    0.179154     0.309491    

Bond Length
0.61975274    0.0017750183

BB bond length
0.61975274    0.0017750183

Water EE distance
0             0           

PEG EE distance
7.3207472     0.068632602 

BBB P2(x)
0.50160644    0.015364296 

BBB first bond length
0.61961241    0.0018575988

BBB second bond length
0.61991675    0.002025992 

BBB <phi**2>/<phi>**2
1.2237271     0.012970464 

