Time = 1000
Temperature
   1.1137082    0.14772029

Pressure
   23.718647    0.78416671

CM Mom
-1.5072861e-17 1.5883084e-17 
1.0303382e-16  1.4621348e-17 
3.0948661e-17  1.4923785e-16 
1.7348801e-16  6.6639936e-17 

CM Pos
7.4937105      0.015939523   
7.494817       0.018858964   
7.5007236      0.020970354   
12.9842        0.021034722   

Stress
20.3887      0.0126973    0.0219929     0.357416     0.0620334    0.0793628   
0.0126973    20.4047      -0.0300341    0.0620334    0.364374     0.0728061   
0.0219929    -0.0300341   20.3531       0.0793628    0.0728061    0.345881    

Stress Spherical
0            0            0             0            0            0           
0            0            0             0            0            0           
0            0            0             0            0            0           

Inertia
150.062      -56.1464     -56.2053      0.871005     0.158839     0.163171    
-56.1464     150.012      -56.2246      0.158839     1.16936      0.25882     
-56.2053     -56.2246     149.957       0.163171     0.25882      1.16957     

Bond Length
0.61965519    0.0059035559

BB bond length
0.61965519    0.0059035559

Water EE distance
0             0           

PEG EE distance
6.280978      0.19298515  

BBB P2(x)
0.47584612    0.062066025 

BBB first bond length
0.61948258    0.0062679491

BBB second bond length
0.61992975    0.006163736 

BBB <phi**2>/<phi>**2
1.2197504     0.015527524 

Time = 2000
Temperature
1.0088326     0.0068977694

Pressure
23.203457     0.10017724  

CM Mom
2.6292581e-17  2.7008717e-17 
1.0812678e-16  2.8029805e-17 
-2.3404613e-17 4.2571983e-17 
1.234781e-16   3.1798577e-17 

CM Pos
7.5012765      0.0073356159  
7.5043116      0.011495225   
7.5030973      0.01315334    
12.995403      0.013085924   

Stress
20.2547      -0.0134611   0.0460125     0.148742     0.0871917    0.0952954   
-0.0134611   20.1613      0.010776      0.0871917    0.150308     0.0662937   
0.0460125    0.010776     20.1275       0.0952954    0.0662937    0.1189      

Stress Spherical
0            0            0             0            0            0           
0            0            0             0            0            0           
0            0            0             0            0            0           

Inertia
149.974      -56.2893     -56.2915      0.308784     0.127822     0.156292    
-56.2893     149.915      -56.3008      0.127822     0.266374     0.164968    
-56.2915     -56.3008     149.96        0.156292     0.164968     0.29101     

Bond Length
0.61913301    0.0011405953

BB bond length
0.61913301    0.0011405953

Water EE distance
0             0           

PEG EE distance
6.6216939     0.33863106  

BBB P2(x)
0.52300658    0.0082954156

BBB first bond length
0.61913749    0.0013643996

BBB second bond length
0.61924927    0.0011658104

BBB <phi**2>/<phi>**2
1.2286652     0.0069697839

Time = 3000
Temperature
1.0097195     0.0079903578

Pressure
23.213798     0.10365124  

CM Mom
4.4237628e-17  1.4227076e-17 
1.3112869e-16  1.1336835e-17 
-1.2023481e-17 2.9839569e-17 
1.4293088e-16  9.4000802e-18 

CM Pos
7.5054304      0.019240797   
7.502383       0.009509665   
7.4995368      0.019974875   
12.994652      0.012826364   

Stress
20.2421      -0.00263345  0.00253329    0.121477     0.0441767    0.0669963   
-0.00263345  20.1901      0.0320656     0.0441767    0.174141     0.083508    
0.00253329   0.0320656    20.1343       0.0669963    0.083508     0.0712581   

Stress Spherical
0            0            0             0            0            0           
0            0            0             0            0            0           
0            0            0             0            0            0           

Inertia
149.991      -56.2883     -56.2909      0.500357     0.129284     0.148986    
-56.2883     150.006      -56.2225      0.129284     0.390557     0.182948    
-56.2909     -56.2225     150.065       0.148986     0.182948     0.176018    

Bond Length
0.6187082     0.0018240722

BB bond length
0.6187082     0.0018240722

Water EE distance
0             0           

PEG EE distance
7.1604976     0.091730974 

BBB P2(x)
0.51673795    0.010274903 

BBB first bond length
0.61884797    0.0016421147

BBB second bond length
0.61853476    0.0015941905

BBB <phi**2>/<phi>**2
1.2291034     0.0051503654

Time = 4000
Temperature
1.0117117     0.007462068 

Pressure
23.144996     0.067630676 

CM Mom
2.6156288e-17  2.3852243e-17 
1.0578056e-16  1.610826e-17  
6.2453476e-18  1.543319e-17  
1.130187e-16   1.4354295e-17 

CM Pos
7.495194       0.01494176    
7.4964489      0.013008646   
7.5032457      0.0064050143  
12.987442      0.012063671   

Stress
20.0835      -0.0634072   0.02541       0.123122     0.0841784    0.0948199   
-0.0634072   20.0916      0.043092      0.0841784    0.107734     0.0491398   
0.02541      0.043092     20.1671       0.0948199    0.0491398    0.0766434   

Stress Spherical
0            0            0             0            0            0           
0            0            0             0            0            0           
0            0            0             0            0            0           

Inertia
149.955      -56.1621     -56.2603      0.297173     0.141958     0.170852    
-56.1621     149.928      -56.2421      0.141958     0.24713      0.17927     
-56.2603     -56.2421     149.858       0.170852     0.17927      0.246145    

Bond Length
0.61890394    0.0014096296

BB bond length
0.61890394    0.0014096296

Water EE distance
0             0           

PEG EE distance
7.2047646     0.063591558 

BBB P2(x)
0.51452393    0.010317865 

BBB first bond length
0.61899569    0.0017107376

BBB second bond length
0.61884026    0.0018894449

BBB <phi**2>/<phi>**2
1.2303304     0.0066948434

Time = 5000
Temperature
1.0107792     0.0064366604

Pressure
23.146811     0.046441304 

CM Mom
-7.5929109e-18 1.6399887e-17 
1.1417421e-16  2.3970735e-17 
1.0851604e-17  1.7025175e-17 
1.1728509e-16  2.4264738e-17 

CM Pos
7.5020183      0.0097733176  
7.4963005      0.015644062   
7.4979049      0.017675843   
12.988225      0.0057878706  

Stress
20.0936      -0.0513271   0.00769299    0.0994745    0.0522112    0.0720807   
-0.0513271   20.0987      -0.0102149    0.0522112    0.0910248    0.0514185   
0.00769299   -0.0102149   20.1638       0.0720807    0.0514185    0.0954728   

Stress Spherical
0            0            0             0            0            0           
0            0            0             0            0            0           
0            0            0             0            0            0           

Inertia
149.884      -56.2193     -56.2112      0.159781     0.0996787    0.181849    
-56.2193     149.952      -56.22        0.0996787    0.352808     0.0708947   
-56.2112     -56.22       149.961       0.181849     0.0708947    0.149882    

Bond Length
0.61854779    0.0017743696

BB bond length
0.61854779    0.0017743696

Water EE distance
0             0           

PEG EE distance
7.1888364     0.16904788  

BBB P2(x)
0.50924406    0.0098798376

BBB first bond length
0.61866521    0.0019406335

BBB second bond length
0.61865752    0.0017502629

BBB <phi**2>/<phi>**2
1.2274902     0.011819476 

Time = 6000
Temperature
1.0045306     0.0080264422

Pressure
23.173457     0.10687978  

CM Mom
-1.2730341e-17 1.2425954e-17 
1.0026376e-16  1.8501315e-17 
-1.7214167e-17 1.5785665e-17 
1.0446705e-16  1.8540104e-17 

CM Pos
7.50276        0.012381057   
7.489773       0.016655257   
7.4967181      0.014596033   
12.984196      0.014099361   

Stress
20.1265      -0.0164182   -0.00472038   0.12914      0.0560192    0.0745353   
-0.0164182   20.1698      0.00402205    0.0560192    0.0976451    0.069828    
-0.00472038  0.00402205   20.1958       0.0745353    0.069828     0.154008    

Stress Spherical
0            0            0             0            0            0           
0            0            0             0            0            0           
0            0            0             0            0            0           

Inertia
149.772      -56.2469     -56.2258      0.425219     0.141718     0.118876    
-56.2469     149.944      -56.1413      0.141718     0.159885     0.263011    
-56.2258     -56.1413     149.868       0.118876     0.263011     0.248378    

Bond Length
0.6188159     0.002446307 

BB bond length
0.6188159     0.002446307 

Water EE distance
0             0           

PEG EE distance
7.2247618     0.083894184 

BBB P2(x)
0.51374708    0.0053482388

BBB first bond length
0.61887053    0.0024571836

BBB second bond length
0.61871345    0.0026026222

BBB <phi**2>/<phi>**2
1.2313219     0.0058808767

Time = 7000
Temperature
1.0072007     0.0045505089

Pressure
23.17837      0.071529848 

CM Mom
-2.4557549e-17 1.4010038e-17 
1.157735e-16   1.9859311e-17 
-2.6702835e-18 1.8849776e-17 
1.2074566e-16  1.9498172e-17 

CM Pos
7.5020183      0.012305276   
7.5087622      0.011341024   
7.4989434      0.023552689   
12.996019      0.016513729   

Stress
20.116       -0.0881398   -0.00712355   0.145922     0.0502938    0.103078    
-0.0881398   20.2203      0.072159      0.0502938    0.0997946    0.0798899   
-0.00712355  0.072159     20.1466       0.103078     0.0798899    0.129774    

Stress Spherical
0            0            0             0            0            0           
0            0            0             0            0            0           
0            0            0             0            0            0           

Inertia
150.101      -56.3187     -56.2632      0.257413     0.134609     0.205847    
-56.3187     149.988      -56.3099      0.134609     0.449687     0.21069     
-56.2632     -56.3099     150.129       0.205847     0.21069      0.251061    

Bond Length
0.61891658    0.0014787462

BB bond length
0.61891658    0.0014787462

Water EE distance
0             0           

PEG EE distance
7.4511431     0.1344538   

BBB P2(x)
0.5091847     0.011131149 

BBB first bond length
0.61897489    0.0014088476

BBB second bond length
0.61908532    0.0012015103

BBB <phi**2>/<phi>**2
1.2281643     0.0099960979

Time = 8000
Temperature
1.0107736     0.012446045 

Pressure
23.214804     0.094687053 

CM Mom
-5.099164e-17  1.1203224e-17 
1.047915e-16   1.7663627e-17 
5.8256238e-18  2.4940508e-17 
1.2001231e-16  1.6490428e-17 

CM Pos
7.4984578      0.012486376   
7.4982291      0.0097744435  
7.5051742      0.0090980604  
12.991467      0.0088952248  

Stress
20.1868      -0.00691704  -0.0104235    0.0914512    0.0634559    0.0642991   
-0.00691704  20.1664      0.0327049     0.0634559    0.103561     0.0863129   
-0.0104235   0.0327049    20.2067       0.0642991    0.0863129    0.113547    

Stress Spherical
0            0            0             0            0            0           
0            0            0             0            0            0           
0            0            0             0            0            0           

Inertia
150.031      -56.2221     -56.2944      0.191571     0.166101     0.102522    
-56.2221     150.029      -56.2626      0.166101     0.165299     0.1093      
-56.2944     -56.2626     149.93        0.102522     0.1093       0.306158    

Bond Length
0.61817159    0.0010164843

BB bond length
0.61817159    0.0010164843

Water EE distance
0             0           

PEG EE distance
7.4274411     0.11650985  

BBB P2(x)
0.51002598    0.009665518 

BBB first bond length
0.61817277    0.0011037178

BBB second bond length
0.61821396    0.0010940908

BBB <phi**2>/<phi>**2
1.2308014     0.0069565258

Time = 9000
Temperature
1.0067079     0.010334305 

Pressure
23.166922     0.052987134 

CM Mom
-5.2719947e-17 1.4678562e-17 
1.059955e-16   1.2487138e-17 
-3.6070444e-18 1.2809832e-17 
1.1987042e-16  1.3928856e-17 

CM Pos
7.5005347      0.011605741   
7.501938       0.015271023   
7.5045808      0.012831487   
12.994468      0.012808092   

Stress
20.1219      -0.0453093   -0.0323661    0.113151     0.0831295    0.0844216   
-0.0453093   20.2072      0.0254366     0.0831295    0.0879898    0.0776993   
-0.0323661   0.0254366    20.1238       0.0844216    0.0776993    0.0911665   

Stress Spherical
0            0            0             0            0            0           
0            0            0             0            0            0           
0            0            0             0            0            0           

Inertia
150.079      -56.2686     -56.3103      0.3723       0.151946     0.128125    
-56.2686     150.065      -56.3018      0.151946     0.256566     0.164605    
-56.3103     -56.3018     150.046       0.128125     0.164605     0.297182    

Bond Length
0.61772576    0.0020914383

BB bond length
0.61772576    0.0020914383

Water EE distance
0             0           

PEG EE distance
7.4435602     0.13543503  

BBB P2(x)
0.50742657    0.01511824  

BBB first bond length
0.61780871    0.0021368058

BBB second bond length
0.61746203    0.0021184791

BBB <phi**2>/<phi>**2
1.2261244     0.011198247 

Time = 10000
Temperature
1.0097098     0.009234585 

Pressure
23.161844     0.076240751 

CM Mom
-5.2017753e-17 1.5513032e-17 
1.2260835e-16  1.9630279e-17 
-6.6974635e-18 1.4141904e-17 
1.3510116e-16  1.8899316e-17 

CM Pos
7.4954907      0.01155252    
7.4997127      0.012377501   
7.5010204      0.013342726   
12.98821       0.015589026   

Stress
20.0807      -0.0226738   -0.0152509    0.0999185    0.0577833    0.0764839   
-0.0226738   20.1271      0.00553753    0.0577833    0.120825     0.0893581   
-0.0152509   0.00553753   20.2029       0.0764839    0.0893581    0.107807    

Stress Spherical
0            0            0             0            0            0           
0            0            0             0            0            0           
0            0            0             0            0            0           

Inertia
150          -56.1808     -56.2623      0.377911     0.148644     0.144267    
-56.1808     149.932      -56.2617      0.148644     0.286426     0.188193    
-56.2623     -56.2617     149.945       0.144267     0.188193     0.234677    

Bond Length
0.6183061     0.0024559476

BB bond length
0.6183061     0.0024559476

Water EE distance
0             0           

PEG EE distance
7.2691908     0.10023937  

BBB P2(x)
0.49901065    0.01040476  

BBB first bond length
0.61821134    0.0024906218

BBB second bond length
0.61805109    0.0026058595

BBB <phi**2>/<phi>**2
1.2216298     0.0082188621

Time = 11000
Temperature
1.0081856     0.0063648935

Pressure
23.218557     0.10701423  

CM Mom
-3.2086774e-17 2.7509985e-17 
1.0771228e-16  1.8280136e-17 
1.0886466e-17  2.4840196e-17 
1.1893322e-16  1.7688933e-17 

CM Pos
7.4999413      0.018732502   
7.5010479      0.010464954   
7.5017621      0.017277903   
12.991992      0.013180752   

Stress
20.207       -0.0184334   0.00464881    0.124974     0.0615994    0.0663389   
-0.0184334   20.1934      0.0236571     0.0615994    0.118213     0.0824777   
0.00464881   0.0236571    20.1941       0.0663389    0.0824777    0.148925    

Stress Spherical
0            0            0             0            0            0           
0            0            0             0            0            0           
0            0            0             0            0            0           

Inertia
150.04       -56.279      -56.2532      0.368059     0.174544     0.168716    
-56.279      150.015      -56.2895      0.174544     0.354068     0.188567    
-56.2532     -56.2895     150.016       0.168716     0.188567     0.277977    

Bond Length
0.61873307    0.002278481 

BB bond length
0.61873307    0.002278481 

Water EE distance
0             0           

PEG EE distance
6.8178783     0.10511677  

BBB P2(x)
0.51174334    0.012544983 

BBB first bond length
0.61868819    0.0021888388

BBB second bond length
0.61865727    0.0022820098

BBB <phi**2>/<phi>**2
1.2274349     0.0071824537

Time = 12000
Temperature
1.0130408     0.0093633397

Pressure
23.183673     0.067554431 

CM Mom
-7.3757333e-17 2.164144e-17  
1.183127e-16   2.8518082e-17 
-9.6721085e-18 1.522455e-17  
1.4188509e-16  3.0226346e-17 

CM Pos
7.5003864      0.012957791   
7.5100974      0.014626911   
7.5076963      0.016615567   
13.000896      0.015252087   

Stress
20.1634      -0.0181847   -0.0200446    0.1055       0.0527402    0.0758539   
-0.0181847   20.1429      -0.0317846    0.0527402    0.100184     0.0504237   
-0.0200446   -0.0317846   20.1399       0.0758539    0.0504237    0.108558    

Stress Spherical
0            0            0             0            0            0           
0            0            0             0            0            0           
0            0            0             0            0            0           

Inertia
150.247      -56.3529     -56.3241      0.357491     0.152656     0.172279    
-56.3529     150.104      -56.3922      0.152656     0.282789     0.22551     
-56.3241     -56.3922     150.156       0.172279     0.22551      0.229029    

Bond Length
0.61787926    0.0024076813

BB bond length
0.61787926    0.0024076813

Water EE distance
0             0           

PEG EE distance
7.0833294     0.19380839  

BBB P2(x)
0.50575628    0.010751757 

BBB first bond length
0.61785465    0.002414011 

BBB second bond length
0.6180098     0.0024032877

BBB <phi**2>/<phi>**2
1.2280001     0.0081321454

Time = 13000
Temperature
1.0104723     0.0070149251

Pressure
23.154269     0.14051754  

CM Mom
-1.1564475e-16 2.3987399e-17 
1.443235e-16   1.5954682e-17 
-8.4702407e-18 1.7148767e-17 
1.8721361e-16  1.8703417e-17 

CM Pos
7.4943039      0.0099474164  
7.5089106      0.012363268   
7.4924159      0.013971225   
12.987879      0.0076118184  

Stress
20.0822      0.0596965    0.0512044     0.120585     0.076344     0.0514513   
0.0596965    20.1431      0.00532378    0.076344     0.152906     0.0633148   
0.0512044    0.00532378   20.1559       0.0514513    0.0633148    0.180773    

Stress Spherical
0            0            0             0            0            0           
0            0            0             0            0            0           
0            0            0             0            0            0           

Inertia
150.008      -56.252      -56.1633      0.213386     0.107992     0.107301    
-56.252      149.79       -56.2868      0.107992     0.221753     0.0945157   
-56.1633     -56.2868     150.023       0.107301     0.0945157    0.200558    

Bond Length
0.61894752    0.0023463282

BB bond length
0.61894752    0.0023463282

Water EE distance
0             0           

PEG EE distance
7.1963309     0.086630963 

BBB P2(x)
0.51717866    0.0059559031

BBB first bond length
0.61895895    0.002237839 

BBB second bond length
0.6190389     0.0022573619

BBB <phi**2>/<phi>**2
1.2238785     0.006956502 

Time = 14000
Temperature
1.0098616     0.0058107515

Pressure
23.170461     0.062329312 

CM Mom
-1.3869772e-16 2.0243961e-17 
1.631174e-16   1.2583366e-17 
1.558935e-17   1.6354837e-17 
2.1615004e-16  1.4218634e-17 

CM Pos
7.4999413      0.011741485   
7.5077237      0.010780905   
7.5004269      0.013617021   
12.995067      0.01089665    

Stress
20.1548      0.0116919    -0.00020808   0.0930494    0.0375241    0.0705057   
0.0116919    20.1204      -0.0283957    0.0375241    0.156518     0.0708073   
-0.00020808  -0.0283957   20.1599       0.0705057    0.0708073    0.06514     

Stress Spherical
0            0            0             0            0            0           
0            0            0             0            0            0           
0            0            0             0            0            0           

Inertia
150.106      -56.2748     -56.2546      0.206139     0.135504     0.142682    
-56.2748     149.981      -56.3087      0.135504     0.227404     0.105361    
-56.2546     -56.3087     150.089       0.142682     0.105361     0.257742    

Bond Length
0.61965427    0.0023148243

BB bond length
0.61965427    0.0023148243

Water EE distance
0             0           

PEG EE distance
7.4013743     0.11736903  

BBB P2(x)
0.51774973    0.011947022 

BBB first bond length
0.61975599    0.0020508797

BBB second bond length
0.61984455    0.002175434 

BBB <phi**2>/<phi>**2
1.2254687     0.0085072663

Time = 15000
Temperature
1.0041998     0.0084911071

Pressure
23.188087     0.099328748 

CM Mom
-1.6882807e-16 1.9593244e-17 
1.7358176e-16  1.1701499e-17 
-3.5268879e-18 2.0432063e-17 
2.4358118e-16  1.5889612e-17 

CM Pos
7.4994963      0.013662201   
7.5054984      0.013850191   
7.4950862      0.013636402   
12.990445      0.01351541    

Stress
20.1521      0.0247958    -0.00345069   0.111966     0.0506729    0.0660817   
0.0247958    20.1692      -0.00217135   0.0506729    0.107688     0.0709571   
-0.00345069  -0.00217135  20.2176       0.0660817    0.0709571    0.121564    

Stress Spherical
0            0            0             0            0            0           
0            0            0             0            0            0           
0            0            0             0            0            0           

Inertia
150.002      -56.2921     -56.2306      0.290852     0.147183     0.222567    
-56.2921     149.908      -56.251       0.147183     0.305345     0.12743     
-56.2306     -56.251      150.073       0.222567     0.12743      0.271722    

Bond Length
0.61877519    0.0017481475

BB bond length
0.61877519    0.0017481475

Water EE distance
0             0           

PEG EE distance
7.4331101     0.077674197 

BBB P2(x)
0.51828467    0.010756858 

BBB first bond length
0.61861817    0.0018502258

BBB second bond length
0.61878155    0.0019012799

BBB <phi**2>/<phi>**2
1.2292089     0.0089245874

Time = 16000
Temperature
1.0043226     0.0085096631

Pressure
23.157393     0.10748871  

CM Mom
-1.4503009e-16 2.8879915e-17 
1.6357233e-16  7.8771478e-18 
-8.8939449e-18 2.4067865e-17 
2.2127168e-16  1.9568814e-17 

CM Pos
7.5024633      0.014880507   
7.4992676      0.010552914   
7.4910807      0.013031465   
12.986246      0.013078399   

Stress
20.1667      -0.0122077   0.0323672     0.0819395    0.0655425    0.130116    
-0.0122077   20.1256      -0.000600125  0.0655425    0.113463     0.0553975   
0.0323672    -0.000600125 20.1535       0.130116     0.0553975    0.13447     

Stress Spherical
0            0            0             0            0            0           
0            0            0             0            0            0           
0            0            0             0            0            0           

Inertia
149.849      -56.3031     -56.217       0.19157      0.120505     0.156184    
-56.3031     149.915      -56.1719      0.120505     0.360991     0.130626    
-56.217      -56.1719     150.032       0.156184     0.130626     0.272994    

Bond Length
0.61900993    0.0024628516

BB bond length
0.61900993    0.0024628516

Water EE distance
0             0           

PEG EE distance
7.3596273     0.15070511  

BBB P2(x)
0.51080436    0.011114693 

BBB first bond length
0.6189689     0.0027435648

BBB second bond length
0.61873662    0.0026135349

BBB <phi**2>/<phi>**2
1.2257888     0.0070814052

Time = 17000
Temperature
1.0032362     0.0050490492

Pressure
23.172716     0.086665072 

CM Mom
-1.2745879e-16 1.9362189e-17 
1.4785369e-16  1.5679549e-17 
-1.9887744e-17 1.3175734e-17 
1.97613e-16    1.5665927e-17 

CM Pos
7.4993479      0.0119937     
7.5008995      0.010686586   
7.5022072      0.01429205    
12.991808      0.014213077   

Stress
20.1998      0.00787733   0.0122874     0.0833735    0.0742027    0.0903701   
0.00787733   20.1724      -0.00576212   0.0742027    0.120928     0.0558912   
0.0122874    -0.00576212  20.1293       0.0903701    0.0558912    0.135021    

Stress Spherical
0            0            0             0            0            0           
0            0            0             0            0            0           
0            0            0             0            0            0           

Inertia
150.044      -56.237      -56.2841      0.273678     0.134428     0.137919    
-56.237      150.036      -56.2751      0.134428     0.316521     0.140229    
-56.2841     -56.2751     150.014       0.137919     0.140229     0.252241    

Bond Length
0.61724403    0.0012171812

BB bond length
0.61724403    0.0012171812

Water EE distance
0             0           

PEG EE distance
7.6622603     0.092861835 

BBB P2(x)
0.5111114     0.011262896 

BBB first bond length
0.61728294    0.001191835 

BBB second bond length
0.61724216    0.0011874612

BBB <phi**2>/<phi>**2
1.2252951     0.0052371942

Time = 18000
Temperature
1.0076799     0.0042807125

Pressure
23.14267      0.092892387 

CM Mom
-1.1176306e-16 2.4279744e-17 
1.6471168e-16  6.6405219e-18 
-7.3938921e-18 2.0484809e-17 
2.0114898e-16  1.6367865e-17 

CM Pos
7.5030567      0.0086006526  
7.5008995      0.014018404   
7.5022072      0.010449169   
12.993948      0.012610512   

Stress
20.1068      -0.0418903   -0.0624161    0.16594      0.089725     0.0722151   
-0.0418903   20.1818      0.0294679     0.089725     0.158139     0.0670159   
-0.0624161   0.0294679    20.0828       0.0722151    0.0670159    0.11581     

Stress Spherical
0            0            0             0            0            0           
0            0            0             0            0            0           
0            0            0             0            0            0           

Inertia
150.04       -56.3168     -56.3329      0.302545     0.133608     0.143057    
-56.3168     150.084      -56.2579      0.133608     0.253161     0.122645    
-56.3329     -56.2579     150.09        0.143057     0.122645     0.303732    

Bond Length
0.61807886    0.0016915848

BB bond length
0.61807886    0.0016915848

Water EE distance
0             0           

PEG EE distance
7.4306581     0.23634945  

BBB P2(x)
0.51381896    0.0086412219

BBB first bond length
0.61823957    0.0017197555

BBB second bond length
0.61819091    0.0018059645

BBB <phi**2>/<phi>**2
1.2276046     0.0086174946

Time = 19000
Temperature
1.0050615     0.01069062  

Pressure
23.192306     0.090731534 

CM Mom
-9.2837198e-17 1.8036307e-17 
1.7957262e-16  2.3275887e-17 
-2.2221206e-17 3.4617444e-17 
2.0725014e-16  2.1718054e-17 

CM Pos
7.4990512      0.006500515   
7.5043116      0.00777122    
7.496273       0.012198393   
12.99018       0.0058742624  

Stress
20.2101      0.00311924   -0.0311636    0.135516     0.0792674    0.0734525   
0.00311924   20.1829      0.0157927     0.0792674    0.0890308    0.0891357   
-0.0311636   0.0157927    20.1509       0.0734525    0.0891357    0.0910329   

Stress Spherical
0            0            0             0            0            0           
0            0            0             0            0            0           
0            0            0             0            0            0           

Inertia
150.007      -56.2897     -56.2533      0.224966     0.0686208    0.0782997   
-56.2897     149.944      -56.2475      0.0686208    0.256564     0.138625    
-56.2533     -56.2475     150.074       0.0782997    0.138625     0.110281    

Bond Length
0.61807033    0.0012286023

BB bond length
0.61807033    0.0012286023

Water EE distance
0             0           

PEG EE distance
7.167387      0.1261455   

BBB P2(x)
0.50777669    0.0071988775

BBB first bond length
0.61785807    0.0014384223

BBB second bond length
0.61821779    0.0012380282

BBB <phi**2>/<phi>**2
1.2234731     0.0061733591

Time = 20000
Temperature
1.0081459     0.0049707722

Pressure
23.220263     0.087786682 

CM Mom
-9.9640897e-17 2.1139257e-17 
1.6914348e-16  2.1893155e-17 
-2.0325448e-17 1.9078587e-17 
1.9962497e-16  1.9773482e-17 

CM Pos
7.4957874      0.01323258    
7.5081688      0.013677496   
7.4964214      0.013199274   
12.990615      0.014583416   

Stress
20.1566      -0.0504424   -0.0430214    0.0979327    0.0716483    0.0775151   
-0.0504424   20.2032      0.0500027     0.0716483    0.129692     0.0613817   
-0.0430214   0.0500027    20.2403       0.0775151    0.0613817    0.127723    

Stress Spherical
0            0            0             0            0            0           
0            0            0             0            0            0           
0            0            0             0            0            0           

Inertia
150.057      -56.2539     -56.1946      0.325834     0.167913     0.203305    
-56.2539     149.868      -56.3021      0.167913     0.328183     0.122069    
-56.1946     -56.3021     150.07        0.203305     0.122069     0.396032    

Bond Length
0.61887728    0.0010948377

BB bond length
0.61887728    0.0010948377

Water EE distance
0             0           

PEG EE distance
7.3012863     0.10675609  

BBB P2(x)
0.509533      0.011932065 

BBB first bond length
0.61867736    0.0012834534

BBB second bond length
0.61890508    0.0010969899

BBB <phi**2>/<phi>**2
1.2265127     0.010651326 

Time = 21000
Temperature
1.0104019     0.0092779678

Pressure
23.25502      0.083531863 

CM Mom
-8.9294389e-17 2.5247597e-17 
1.8070167e-16  1.2567366e-17 
2.4248727e-18  1.9963638e-17 
2.0403587e-16  1.3991185e-17 

CM Pos
7.4983094      0.011779848   
7.4954104      0.014599048   
7.4995368      0.013652532   
12.986502      0.013378807   

Stress
20.1758      0.0215578    0.0144356     0.116399     0.096931     0.0767161   
0.0215578    20.2526      -0.00103041   0.096931     0.112715     0.074195    
0.0144356    -0.00103041  20.2556       0.0767161    0.074195     0.0865284   

Stress Spherical
0            0            0             0            0            0           
0            0            0             0            0            0           
0            0            0             0            0            0           

Inertia
149.944      -56.2297     -56.2369      0.377733     0.147212     0.161173    
-56.2297     149.95       -56.2381      0.147212     0.244034     0.194827    
-56.2369     -56.2381     149.918       0.161173     0.194827     0.219275    

Bond Length
0.61699322    0.0012439064

BB bond length
0.61699322    0.0012439064

Water EE distance
0             0           

PEG EE distance
7.1354538     0.061689922 

BBB P2(x)
0.50856471    0.010679284 

BBB first bond length
0.61703652    0.00099288415

BBB second bond length
0.61714049    0.0013475956

BBB <phi**2>/<phi>**2
1.2274359     0.0079974946

Time = 22000
Temperature
1.0110682     0.0056252672

Pressure
23.186393     0.086754493 

CM Mom
-1.0881443e-16 2.7611957e-17 
1.920817e-16   1.6872703e-17 
1.9843411e-17  1.3015367e-17 
2.2392154e-16  1.4330825e-17 

CM Pos
7.5006831      0.014405554   
7.5031248      0.012661411   
7.4909323      0.0080014558  
12.987361      0.0084918431  

Stress
20.1546      0.0327035    -0.057061     0.111205     0.068172     0.0659539   
0.0327035    20.2003      0.00773184    0.068172     0.142563     0.0984254   
-0.057061    0.00773184   20.1173       0.0659539    0.0984254    0.120367    

Stress Spherical
0            0            0             0            0            0           
0            0            0             0            0            0           
0            0            0             0            0            0           

Inertia
149.926      -56.2858     -56.1967      0.15677      0.111019     0.135447    
-56.2858     149.861      -56.2042      0.111019     0.265769     0.114547    
-56.1967     -56.2042     150.056       0.135447     0.114547     0.135936    

Bond Length
0.61892687    0.0023219361

BB bond length
0.61892687    0.0023219361

Water EE distance
0             0           

PEG EE distance
7.0756548     0.10009208  

BBB P2(x)
0.50820646    0.0088794429

BBB first bond length
0.61895249    0.0024170535

BBB second bond length
0.61878805    0.0023443189

BBB <phi**2>/<phi>**2
1.2245641     0.0077680089

Time = 23000
Temperature
1.008259      0.0059964175

Pressure
23.141249     0.083556384 

CM Mom
-1.1576993e-16 1.6294039e-17 
1.6894254e-16  1.8949314e-17 
2.892361e-18   1.9931342e-17 
2.0630833e-16  2.0281224e-17 

CM Pos
7.5067656      0.006459759   
7.4967456      0.013901739   
7.5004269      0.010175997   
12.992663      0.013569348   

Stress
20.1454      -0.0069817   -0.0220056    0.152096     0.07343      0.0656343   
-0.0069817   20.0905      -0.0356918    0.07343      0.127989     0.0701524   
-0.0220056   -0.0356918   20.1261       0.0656343    0.0701524    0.0987446   

Stress Spherical
0            0            0             0            0            0           
0            0            0             0            0            0           
0            0            0             0            0            0           

Inertia
149.957      -56.2696     -56.3379      0.297015     0.160019     0.125202    
-56.2696     150.108      -56.2789      0.160019     0.165794     0.183731    
-56.3379     -56.2789     150.053       0.125202     0.183731     0.26232     

Bond Length
0.61938206    0.0017804966

BB bond length
0.61938206    0.0017804966

Water EE distance
0             0           

PEG EE distance
6.7251279     0.15346562  

BBB P2(x)
0.50205319    0.010123267 

BBB first bond length
0.61921842    0.0018954211

BBB second bond length
0.619533      0.0017625353

BBB <phi**2>/<phi>**2
1.2261853     0.0077965931

Time = 24000
Temperature
1.007947      0.0069605875

Pressure
23.193779     0.10375062  

CM Mom
-1.3133238e-16 3.2526536e-17 
1.4856384e-16  2.1269597e-17 
-1.6259151e-17 1.9184074e-17 
2.0219204e-16  2.409452e-17  

CM Pos
7.4986061      0.015446562   
7.5006028      0.0094399792  
7.5047292      0.010218084   
12.992666      0.01255996    

Stress
20.206       -0.013743    -0.0408328    0.163461     0.0569335    0.0831669   
-0.013743    20.1898      -0.0645256    0.0569335    0.0842487    0.0509336   
-0.0408328   -0.0645256   20.1266       0.0831669    0.0509336    0.139412    

Stress Spherical
0            0            0             0            0            0           
0            0            0             0            0            0           
0            0            0             0            0            0           

Inertia
150.088      -56.2257     -56.2445      0.167436     0.175707     0.128485    
-56.2257     150.052      -56.3113      0.175707     0.225616     0.0975083   
-56.2445     -56.3113     149.988       0.128485     0.0975083    0.336912    

Bond Length
0.61880507    0.0018503329

BB bond length
0.61880507    0.0018503329

Water EE distance
0             0           

PEG EE distance
7.1289332     0.14779413  

BBB P2(x)
0.50782032    0.0095805805

BBB first bond length
0.61892061    0.0017313227

BBB second bond length
0.61886577    0.0018880126

BBB <phi**2>/<phi>**2
1.2218902     0.0079344712

Time = 25000
Temperature
1.0119607     0.0056913804

Pressure
23.225796     0.071104472 

CM Mom
-1.4550279e-16 1.8753693e-17 
1.5030944e-16  1.8507817e-17 
-2.0657604e-17 2.3401742e-17 
2.1275239e-16  1.30011e-17   

CM Pos
7.5046886      0.013199274   
7.5007511      0.01291611    
7.5042841      0.018283601   
12.996011      0.01640176    

Stress
20.1896      -0.00217565  0.000280328   0.125315     0.0723059    0.0534733   
-0.00217565  20.1521      -0.0563543    0.0723059    0.119176     0.0848385   
0.000280328  -0.0563543   20.2406       0.0534733    0.0848385    0.072834    

Stress Spherical
0            0            0             0            0            0           
0            0            0             0            0            0           
0            0            0             0            0            0           

Inertia
150.087      -56.2866     -56.2982      0.419242     0.135677     0.179226    
-56.2866     150.121      -56.255       0.135677     0.326723     0.206417    
-56.2982     -56.255      150.069       0.179226     0.206417     0.224923    

Bond Length
0.61904097    0.0022920338

BB bond length
0.61904097    0.0022920338

Water EE distance
0             0           

PEG EE distance
7.1563442     0.15732419  

BBB P2(x)
0.52104473    0.0067330832

BBB first bond length
0.61900214    0.0023684754

BBB second bond length
0.61897137    0.0021433921

BBB <phi**2>/<phi>**2
1.2276749     0.0081836157

Time = 26000
Temperature
1.0073823     0.005550211 

Pressure
23.210908     0.072568835 

CM Mom
-1.7115069e-16 1.981295e-17  
1.0645393e-16  2.1834235e-17 
-1.8082987e-17 2.2056006e-17 
2.0543666e-16  1.0174679e-17 

CM Pos
7.4960841      0.011433794   
7.5003061      0.013565202   
7.4941961      0.017083832   
12.98496       0.016462458   

Stress
20.22        0.0811836    0.0131807     0.132545     0.051156     0.0673251   
0.0811836    20.1611      -0.0347721    0.051156     0.100645     0.0657203   
0.0131807    -0.0347721   20.1977       0.0673251    0.0657203    0.105267    

Stress Spherical
0            0            0             0            0            0           
0            0            0             0            0            0           
0            0            0             0            0            0           

Inertia
149.927      -56.2366     -56.2096      0.345654     0.156815     0.161093    
-56.2366     149.851      -56.2341      0.156815     0.309459     0.160476    
-56.2096     -56.2341     149.946       0.161093     0.160476     0.35589     

Bond Length
0.61821758    0.001818358 

BB bond length
0.61821758    0.001818358 

Water EE distance
0             0           

PEG EE distance
7.2914833     0.1190989   

BBB P2(x)
0.51161529    0.006489951 

BBB first bond length
0.61815736    0.0018671086

BBB second bond length
0.6183112     0.0018312593

BBB <phi**2>/<phi>**2
1.2286038     0.0057768215

Time = 27000
Temperature
1.007279      0.0082827515

Pressure
23.147668     0.14056579  

CM Mom
-1.9100357e-16 1.9780344e-17 
9.4335742e-17  2.7369112e-17 
-2.1132778e-17 1.1008774e-17 
2.1538946e-16  2.6402554e-17 

CM Pos
7.500238       0.010937974   
7.4967456      0.013726487   
7.4952346      0.0099518405  
12.985898      0.012545108   

Stress
20.139       0.0146656    0.0492687     0.183186     0.0788167    0.0472329   
0.0146656    20.1612      0.0154938     0.0788167    0.122455     0.0882353   
0.0492687    0.0154938    20.0898       0.0472329    0.0882353    0.122443    

Stress Spherical
0            0            0             0            0            0           
0            0            0             0            0            0           
0            0            0             0            0            0           

Inertia
149.878      -56.252      -56.1861      0.231405     0.176364     0.156212    
-56.252      149.928      -56.2001      0.176364     0.256811     0.103345    
-56.1861     -56.2001     149.963       0.156212     0.103345     0.247557    

Bond Length
0.61914831    0.0025863081

BB bond length
0.61914831    0.0025863081

Water EE distance
0             0           

PEG EE distance
7.463325      0.11018915  

BBB P2(x)
0.51166985    0.010272334 

BBB first bond length
0.61904081    0.0024444494

BBB second bond length
0.61923801    0.0026366809

BBB <phi**2>/<phi>**2
1.228179      0.0095005232

Time = 28000
Temperature
1.0144148     0.0096508754

Pressure
23.174623     0.076965074 

CM Mom
-1.8384445e-16 1.7785444e-17 
9.648487e-17   2.7221644e-17 
-3.9767939e-17 8.9321439e-18 
2.1330808e-16  1.8066251e-17 

CM Pos
7.505282       0.010443902   
7.5000094      0.011205338   
7.4952346      0.016101628   
12.990697      0.01497828    

Stress
20.119       0.0144151    0.00565356    0.100161     0.0759558    0.0471868   
0.0144151    20.1268      -0.03043      0.0759558    0.172423     0.0545341   
0.00565356   -0.03043     20.161        0.0471868    0.0545341    0.117986    

Stress Spherical
0            0            0             0            0            0           
