Time = 1000
Temperature
   1.0799966     0.2264439

Pressure
   23.637596    0.67889459

CM Mom
-2.0821178e-17 2.6542119e-17 
-6.8314459e-17 1.9112524e-17 
-2.6612365e-17 8.3711909e-17 
1.0871874e-16  4.5456533e-17 

CM Pos
7.4961993      0.015911296   
7.5013918      0.010704328   
7.5000894      0.017670323   
12.989061      0.013972753   

Stress
20.3924      0.00834541   0.0126654     0.146614     0.0798741    0.0734096   
0.00834541   20.3847      -0.010919     0.0798741    0.146816     0.078718    
0.0126654    -0.010919    20.4167       0.0734096    0.078718     0.151919    

Stress Spherical
0            0            0             0            0            0           
0            0            0             0            0            0           
0            0            0             0            0            0           

Inertia
149.921      -56.2367     -56.2175      0.390289     0.176305     0.183017    
-56.2367     149.826      -56.2451      0.176305     0.524128     0.178283    
-56.2175     -56.2451     149.858       0.183017     0.178283     0.624166    

Bond Length
0.57364505    0.01658978  

BB bond length
0.57364505    0.01658978  

Water EE distance
0             0           

PEG EE distance
2.2769822     0.20511419  

Time = 2000
Temperature
1.0113237     0.0070457096

Pressure
23.412206     0.089421834 

CM Mom
-2.7005354e-17 1.4442026e-17 
-8.9268856e-17 2.5821287e-17 
-3.381218e-17  4.2736466e-17 
1.0805788e-16  2.9439644e-17 

CM Pos
7.4921841      0.014222114   
7.5024289      0.013551056   
7.498593       0.015524427   
12.986476      0.015204213   

Stress
20.3845      0.0155292    -0.014119     0.117967     0.0697782    0.0758537   
0.0155292    20.3696      -0.00465176   0.0697782    0.112106     0.0817417   
-0.014119    -0.00465176  20.3814       0.0758537    0.0817417    0.113387    

Stress Spherical
0            0            0             0            0            0           
0            0            0             0            0            0           
0            0            0             0            0            0           

Inertia
149.944      -56.2034     -56.1631      0.292873     0.162769     0.173906    
-56.2034     149.77       -56.2522      0.162769     0.278299     0.174852    
-56.1631     -56.2522     149.824       0.173906     0.174852     0.285783    

Bond Length
0.56894       0.0030466036

BB bond length
0.56894       0.0030466036

Water EE distance
0             0           

PEG EE distance
2.2129574     0.090945215 

Time = 3000
Temperature
1.0131278     0.0078535618

Pressure
23.404334     0.084212496 

CM Mom
-1.886898e-17  1.5917298e-17 
-9.689447e-17  2.0193139e-17 
-5.4538609e-17 3.5409829e-17 
1.1857524e-16  2.3956805e-17 

CM Pos
7.4954585      0.01520005    
7.5017474      0.013866295   
7.5009488      0.014702527   
12.989332      0.01561142    

Stress
20.3642      -0.000740486 -0.00186422   0.121595     0.0684258    0.0634031   
-0.000740486 20.3663      0.00543058    0.0684258    0.109428     0.0764199   
-0.00186422  0.00543058   20.3653       0.0634031    0.0764199    0.113975    

Stress Spherical
0            0            0             0            0            0           
0            0            0             0            0            0           
0            0            0             0            0            0           

Inertia
149.967      -56.2317     -56.2282      0.299251     0.159195     0.200818    
-56.2317     149.856      -56.2856      0.159195     0.33876      0.164893    
-56.2282     -56.2856     149.865       0.200818     0.164893     0.276002    

Bond Length
0.57019863    0.0030656578

BB bond length
0.57019863    0.0030656578

Water EE distance
0             0           

PEG EE distance
2.2040045     0.05516164  

