Time = 500
Temperature
   1.0298485   0.041121222

Pressure
   23.263905    0.17481083

CM Mom
2.5548307e-17  1.554061e-17  
4.6275765e-18  2.924732e-17  
-3.4984654e-17 8.4476412e-18 
5.5024436e-17  6.216659e-18  

CM Pos
7.4715942      0.017764545   
7.5084954      0.010886609   
7.4921875      0.008039298   
12.974418      0.0089307589  

Stress
20.1363      0.011174     0.00981779    0.139548     0.0557612    0.0415445   
0.011174     20.1827      0.00671214    0.0557612    0.107592     0.0508077   
0.00981779   0.00671214   20.2178       0.0415445    0.0508077    0.165905    

Stress Spherical
0            0            0             0            0            0           
0            0            0             0            0            0           
0            0            0             0            0            0           

Inertia
149.798      -56.0784     -56.0082      0.0596892    0.16447      0.18789     
-56.0784     149.257      -56.2575      0.16447      0.488659     0.0477103   
-56.0082     -56.2575     149.487       0.18789      0.0477103    0.244223    

Bond Length
0.61151498    0.0083743321

BB bond length
0.61151498    0.0083743321

Water EE distance
0             0           

PEG EE distance
3.5100171     0.4186792   

Time = 1000
Temperature
1.0145326     0.0069370593

Pressure
23.17473      0.10737998  

CM Mom
1.9285046e-17  9.3139254e-18 
-9.3265323e-18 4.3178245e-17 
-2.3885718e-17 2.1578846e-17 
5.4201873e-17  2.2546359e-17 

CM Pos
7.486431       0.0096336398  
7.5203648      0.020225986   
7.4918907      0.017317788   
12.989678      0.0050217845  

Stress
20.1031      -0.00801556  0.013785      0.119966     0.0438327    0.0451735   
-0.00801556  20.0782      0.0486865     0.0438327    0.152349     0.0928534   
0.013785     0.0486865    20.2256       0.0451735    0.0928534    0.0851672   

Stress Spherical
0            0            0             0            0            0           
0            0            0             0            0            0           
0            0            0             0            0            0           

Inertia
149.989      -56.3303     -56.0815      0.117137     0.20425      0.105508    
-56.3303     149.498      -56.2865      0.20425      0.236195     0.0765705   
-56.0815     -56.2865     149.886       0.105508     0.0765705    0.338933    

Bond Length
0.61833806    0.0036120972

BB bond length
0.61833806    0.0036120972

Water EE distance
0             0           

PEG EE distance
4.1009839     0.15736148  

