Time = 1000
Temperature
   1.1203597    0.17159366

Pressure
   23.853361    0.87853049

CM Mom
-2.7521995e-17 1.4374057e-17 
-2.6891435e-17 2.0124929e-17 
5.0410912e-17  1.5639047e-16 
1.2660975e-16  1.1428669e-16 

CM Pos
7.4991632      0.010750739   
7.5001396      0.027969429   
7.5028783      0.01601872    
12.991659      0.026183685   

Stress
20.5075      0.000257258  0.0521101     0.327548     0.0869158    0.0723411   
0.000257258  20.4992      0.00858749    0.0869158    0.407041     0.073003    
0.0521101    0.00858749   20.4711       0.0723411    0.073003     0.402711    

Stress Spherical
0            0            0             0            0            0           
0            0            0             0            0            0           
0            0            0             0            0            0           

Inertia
150.17       -56.2258     -56.2743      0.856518     0.289054     0.182858    
-56.2258     150.154      -56.2479      0.289054     1.00823      0.262637    
-56.2743     -56.2479     150.118       0.182858     0.262637     0.817779    

Bond Length
0.61843338    0.0061709779

BB bond length
0.61843338    0.0061709779

Water EE distance
0             0           

PEG EE distance
7.4293889     0.21225648  

BBB P2(x)
0.47872825    0.065713624 

BBB first bond length
0.61822243    0.006315891 

BBB second bond length
0.61838553    0.006289798 

BBB <phi**2>/<phi>**2
1.2182633     0.015169558 

Time = 2000
Temperature
1.0193822     0.010650117 

Pressure
23.302902     0.12773412  

CM Mom
-1.4053111e-17 1.548389e-17  
-3.2714925e-17 2.4261723e-17 
-4.7469053e-17 4.1068658e-17 
7.2784464e-17  2.7175463e-17 

CM Pos
7.5042007      0.013810965   
7.5019176      0.015254292   
7.500804       0.012971649   
12.994396      0.01080313    

Stress
20.3022      -0.0405296   -0.00710544   0.148778     0.0816055    0.0814226   
-0.0405296   20.2356      -0.0238385    0.0816055    0.143455     0.0652503   
-0.00710544  -0.0238385   20.1973       0.0814226    0.0652503    0.16264     

Stress Spherical
0            0            0             0            0            0           
0            0            0             0            0            0           
0            0            0             0            0            0           

Inertia
149.904      -56.3151     -56.2803      0.208655     0.104062     0.205286    
-56.3151     149.932      -56.3166      0.104062     0.401345     0.18099     
-56.2803     -56.3166     149.972       0.205286     0.18099      0.30314     

Bond Length
0.61887962    0.0020821466

BB bond length
0.61887962    0.0020821466

Water EE distance
0             0           

PEG EE distance
7.2904022     0.35490513  

BBB P2(x)
0.52084498    0.0055914679

BBB first bond length
0.61888673    0.0022067027

BBB second bond length
0.61909637    0.0020074086

BBB <phi**2>/<phi>**2
1.2265507     0.0087636654

