Time = 500
Temperature
   1.0380441   0.048329002

Pressure
   20.378827    0.19708621

CM Mom
-7.9309485e-18 5.1706995e-18 
-4.3304626e-18 8.2357934e-18 
-7.3656283e-18 1.1648406e-17 
1.6798905e-17  9.1625283e-18 

CM Pos
7.5131418      0.02691558    
7.4959686      0.012598434   
7.5082932      0.037064265   
13.000516      0.012815066   

Stress
17.2226      -0.0115585   -0.0562829    0.0539829    0.0397958    0.0503179   
-0.0115585   17.2861      -0.0301415    0.0397958    0.110606     0.0463094   
-0.0562829   -0.0301415   17.2955       0.0503179    0.0463094    0.0761703   

Stress Spherical
0            0            0             0            0            0           
0            0            0             0            0            0           
0            0            0             0            0            0           

Inertia
149.098      -56.3231     -56.4277      0.403752     0.235569     0.115584    
-56.3231     149.389      -56.3409      0.235569     0.324097     0.222901    
-56.4277     -56.3409     149.228       0.115584     0.222901     1.16365     

Bond Length
0.61126457    0.0027910706

BB bond length
0.61126457    0.0027910706

Water EE distance
0             0           

PEG EE distance
3.7561691     0.074368109 

Time = 1000
Temperature
1.0120133     0.0058926904

Pressure
20.277942     0.095959111 

CM Mom
-2.9907086e-18 1.5037372e-17 
-6.7849402e-18 2.0088262e-17 
-3.3525684e-17 1.4824077e-17 
4.1580502e-17  1.7303966e-17 

CM Pos
7.5250066      0.018815999   
7.4790614      0.0068543919  
7.5121493      0.024915958   
12.999821      0.012402059   

Stress
17.2209      -0.00800611  0.000553111   0.122571     0.0646139    0.0432357   
-0.00800611  17.2377      0.00762495    0.0646139    0.0785293    0.0560201   
0.000553111  0.00762495   17.277        0.0432357    0.0560201    0.0868394   

Stress Spherical
0            0            0             0            0            0           
0            0            0             0            0            0           
0            0            0             0            0            0           

Inertia
149.065      -56.2807     -56.526       0.205798     0.121571     0.118841    
-56.2807     149.907      -56.1881      0.121571     0.283265     0.154146    
-56.526      -56.1881     149.169       0.118841     0.154146     0.502088    

Bond Length
0.61491002    0.003179271 

BB bond length
0.61491002    0.003179271 

Water EE distance
0             0           

PEG EE distance
3.6381992     0.18127896  

