Time = 1000
Temperature
    1.085176    0.23266221

Pressure
   23.555658    0.66406469

CM Mom
-1.7073226e-17 2.0210962e-17 
-1.7813317e-17 1.5401942e-17 
-1.8793077e-17 7.5859197e-17 
6.9689749e-17  5.0056454e-17 

CM Pos
7.5037299      0.015497575   
7.5049745      0.058770739   
7.500137       0.032169237   
12.995646      0.024107141   

Stress
20.2974      0.000278155  -0.00444195   0.139812     0.0598315    0.0745268   
0.000278155  20.3125      0.00986625    0.0598315    0.132049     0.0720151   
-0.00444195  0.00986625   20.3001       0.0745268    0.0720151    0.147878    

Stress Spherical
0            0            0             0            0            0           
0            0            0             0            0            0           
0            0            0             0            0            0           

Inertia
149.976      -56.3093     -56.2689      0.299104     0.510347     0.211365    
-56.3093     149.939      -56.2973      0.510347     0.689349     0.27963     
-56.2689     -56.2973     150.03        0.211365     0.27963      0.665913    

Bond Length
0.57405123    0.017331564 

BB bond length
0.57405123    0.017331564 

Water EE distance
0             0           

PEG EE distance
2.271577      0.23593322  

Time = 2000
Temperature
1.0094665     0.007275965 

Pressure
23.31739      0.080517842 

CM Mom
-2.5176516e-17 1.7223043e-17 
-1.7677345e-17 2.2485597e-17 
5.4172421e-18  2.697331e-17  
4.7268655e-17  1.6466965e-17 

CM Pos
7.5078229      0.013755027   
7.5044555      0.020252131   
7.4983723      0.016907121   
12.996559      0.013885005   

Stress
20.292       0.0160268    0.00831911    0.107401     0.0791969    0.066952    
0.0160268    20.2837      0.0103286     0.0791969    0.124438     0.0696534   
0.00831911   0.0103286    20.3002       0.066952     0.0696534    0.117343    

Stress Spherical
0            0            0             0            0            0           
0            0            0             0            0            0           
0            0            0             0            0            0           

Inertia
149.997      -56.3431     -56.2756      0.223226     0.236689     0.136916    
-56.3431     150.015      -56.2743      0.236689     0.276647     0.154993    
-56.2756     -56.2743     150.124       0.136916     0.154993     0.339799    

Bond Length
0.56977107    0.0028783111

BB bond length
0.56977107    0.0028783111

Water EE distance
0             0           

PEG EE distance
2.2608827     0.08477095  

Time = 3000
Temperature
1.0097004     0.0098971263

Pressure
23.314695     0.091167102 

CM Mom
-9.4182056e-18 1.6056584e-17 
-2.5167968e-17 1.9644255e-17 
1.6982433e-17  2.2015904e-17 
4.2979151e-17  1.7080268e-17 

CM Pos
7.5082677      0.012109451   
7.5072583      0.016939867   
7.4990841      0.016386145   
12.998835      0.015954379   

Stress
20.2959      -0.0075366   0.00249592    0.117967     0.0645695    0.074959    
-0.0075366   20.2986      -0.00703159   0.0645695    0.121497     0.0719827   
0.00249592   -0.00703159  20.2712       0.074959     0.0719827    0.12552     

Stress Spherical
0            0            0             0            0            0           
0            0            0             0            0            0           
0            0            0             0            0            0           

Inertia
150.039      -56.3687     -56.2922      0.314779     0.191882     0.190076    
-56.3687     150.032      -56.3042      0.191882     0.322739     0.182069    
-56.2922     -56.3042     150.176       0.190076     0.182069     0.300073    

Bond Length
0.57028747    0.0032640657

BB bond length
0.57028747    0.0032640657

Water EE distance
0             0           

PEG EE distance
2.2656207     0.07415251  

