Time = 1000
Temperature
   1.0497169   0.053427575

Pressure
   23.699068    0.25110671

CM Mom
1.8335418e-18  1.0739064e-17 
-4.0546739e-17 1.9541811e-17 
-6.4360556e-17 1.0418635e-16 
1.0338201e-16  8.0335841e-17 

CM Pos
7.491499       0.011624822   
7.5006406      0.018304626   
7.498643       0.016540002   
12.985083      0.013079717   

Stress
20.5556      0.0133252    0.0597012     0.112093     0.0520531    0.0602796   
0.0133252    20.5467      0.00396176    0.0520531    0.113601     0.0591167   
0.0597012    0.00396176   20.5567       0.0602796    0.0591167    0.160545    

Stress Spherical
0            0            0             0            0            0           
0            0            0             0            0            0           
0            0            0             0            0            0           

Inertia
150.002      -56.1921     -56.1836      0.755025     0.182741     0.176164    
-56.1921     149.891      -56.2011      0.182741     0.547305     0.168855    
-56.1836     -56.2011     149.921       0.176164     0.168855     0.923134    

Bond Length
0.61881285    0.0043590109

BB bond length
0.61881285    0.0043590109

Water EE distance
0             0           

PEG EE distance
6.6642466     0.50528767  

BBB P2(x)
0.47359713    0.068619607 

BBB first bond length
0.61870344    0.0045594376

BBB second bond length
0.61841548    0.0043073954

BBB <phi**2>/<phi>**2
1.2231711     0.022261712 

Time = 2000
Temperature
1.0035863     0.0079543834

Pressure
23.474862     0.076893256 

CM Mom
2.9080928e-18  1.1330058e-17 
-7.5476506e-17 1.5927035e-17 
1.5795982e-17  2.5651611e-17 
8.2570923e-17  1.3295171e-17 

CM Pos
7.4981723      0.01272226    
7.5004923      0.0084943174  
7.5027953      0.016957539   
12.991239      0.011524528   

Stress
20.4353      0.016072     0.024927      0.0797038    0.0632631    0.0577592   
0.016072     20.4393      0.022059      0.0632631    0.171068     0.108872    
0.024927     0.022059     20.5267       0.0577592    0.108872     0.107688    

Stress Spherical
0            0            0             0            0            0           
0            0            0             0            0            0           
0            0            0             0            0            0           

Inertia
149.948      -56.2352     -56.2889      0.185083     0.11925      0.155007    
-56.2352     149.911      -56.2817      0.11925      0.19891      0.137271    
-56.2889     -56.2817     149.887       0.155007     0.137271     0.264477    

Bond Length
0.61996372    0.0036758145

BB bond length
0.61996372    0.0036758145

Water EE distance
0             0           

PEG EE distance
7.6147734     0.13099744  

BBB P2(x)
0.50234788    0.020316132 

BBB first bond length
0.61966755    0.0033217   

BBB second bond length
0.6202375     0.003795128 

BBB <phi**2>/<phi>**2
1.2264864     0.011259091 

