Time = 1000
Temperature
   1.0457646   0.056743015

Pressure
    23.58617    0.26396743

CM Mom
-1.1142725e-16 1.4235533e-17 
1.2925064e-17  1.9370948e-17 
7.2278037e-17  1.9164157e-16 
2.2211104e-16  7.6014894e-17 

CM Pos
7.4978648      0.0095411615  
7.4993678      0.014908539   
7.5011477      0.020177598   
12.98946       0.018838655   

Stress
20.4596      -0.0173259   0.00600436    0.101693     0.0885676    0.0686104   
-0.0173259   20.4908      0.00114346    0.0885676    0.150287     0.0861286   
0.00600436   0.00114346   20.4231       0.0686104    0.0861286    0.134155    

Stress Spherical
0            0            0             0            0            0           
0            0            0             0            0            0           
0            0            0             0            0            0           

Inertia
150.046      -56.2328     -56.2704      0.698921     0.167928     0.186122    
-56.2328     150.032      -56.2385      0.167928     0.640693     0.225171    
-56.2704     -56.2385     149.993       0.186122     0.225171     0.683514    

Bond Length
0.61904882    0.0038618667

BB bond length
0.61904882    0.0038618667

Water EE distance
0             0           

PEG EE distance
6.495583      0.26250568  

BBB P2(x)
0.46510465    0.051974915 

BBB first bond length
0.61893055    0.0038726843

BBB second bond length
0.619263      0.0038436112

BBB <phi**2>/<phi>**2
1.2138161     0.016087938 

Time = 2000
Temperature
1.0148818     0.0077962289

Pressure
23.400257     0.063420819 

CM Mom
-1.3431516e-16 2.0651676e-17 
-6.6199907e-19 2.1254144e-17 
3.2686685e-17  1.3059581e-17 
1.4072246e-16  1.8851844e-17 

CM Pos
7.507225       0.0084425947  
7.4963964      0.013296308   
7.5001077      0.012987245   
12.992547      0.011481052   

Stress
20.3309      0.000648973  0.0475985     0.120736     0.0490775    0.0523998   
0.000648973  20.3736      -0.0318209    0.0490775    0.0966232    0.0774521   
0.0475985    -0.0318209   20.3885       0.0523998    0.0774521    0.146914    

Stress Spherical
0            0            0             0            0            0           
0            0            0             0            0            0           
0            0            0             0            0            0           

Inertia
149.884      -56.3034     -56.3166      0.229882     0.159726     0.144117    
-56.3034     150.04       -56.1911      0.159726     0.259572     0.136173    
-56.3166     -56.1911     149.987       0.144117     0.136173     0.349584    

Bond Length
0.61804501    0.0027986717

BB bond length
0.61804501    0.0027986717

Water EE distance
0             0           

PEG EE distance
7.0290621     0.15747423  

BBB P2(x)
0.50876423    0.011795678 

BBB first bond length
0.61797766    0.0027244911

BBB second bond length
0.61793724    0.0026051972

BBB <phi**2>/<phi>**2
1.2222457     0.00796638  

