Time = 1000
Temperature
   1.0491733   0.068220524

Pressure
   23.710355    0.30713018

CM Mom
-3.0633952e-17 1.3559422e-17 
8.73548e-18    2.2456191e-17 
-1.00883e-17   5.2214246e-17 
6.3243449e-17  2.3048939e-17 

CM Pos
7.5013289      0.012451312   
7.496108       0.012362828   
7.5042132      0.013836947   
12.99135       0.010928827   

Stress
20.553       -0.0301218   0.0057871     0.113395     0.060994     0.074885    
-0.0301218   20.6115      -0.00462371   0.060994     0.13291      0.0513463   
0.0057871    -0.00462371  20.5259       0.074885     0.0513463    0.186761    

Stress Spherical
0            0            0             0            0            0           
0            0            0             0            0            0           
0            0            0             0            0            0           

Inertia
150.042      -56.2489     -56.2776      0.613024     0.17886      0.195012    
-56.2489     150.117      -56.2352      0.17886      0.59563      0.143505    
-56.2776     -56.2352     150.026       0.195012     0.143505     0.810366    

Bond Length
0.61865088    0.0046183638

BB bond length
0.61865088    0.0046183638

Water EE distance
0             0           

PEG EE distance
6.6119843     0.24547868  

BBB P2(x)
0.47892419    0.066205439 

BBB first bond length
0.61864068    0.0047731383

BBB second bond length
0.61827147    0.0046958151

BBB <phi**2>/<phi>**2
1.220685      0.019077129 

Time = 2000
Temperature
1.0096047     0.0062751223

Pressure
23.522016     0.096181395 

CM Mom
-1.9346922e-17 2.5562497e-17 
-1.869135e-17  1.7100245e-17 
5.2773157e-17  2.2793891e-17 
6.6938659e-17  2.2210652e-17 

CM Pos
7.4988099      0.013253391   
7.5039614      0.011742534   
7.4978416      0.012451312   
12.990746      0.013956806   

Stress
20.5404      -0.0158399   0.0316355     0.0890333    0.0629408    0.0825391   
-0.0158399   20.4573      0.028727      0.0629408    0.103034     0.0887335   
0.0316355    0.028727     20.4837       0.0825391    0.0887335    0.131744    

Stress Spherical
0            0            0             0            0            0           
0            0            0             0            0            0           
0            0            0             0            0            0           

Inertia
149.925      -56.2445     -56.1922      0.154086     0.169594     0.145234    
-56.2445     149.856      -56.2563      0.169594     0.236588     0.134628    
-56.1922     -56.2563     149.947       0.145234     0.134628     0.269866    

Bond Length
0.61934398    0.001291412 

BB bond length
0.61934398    0.001291412 

Water EE distance
0             0           

PEG EE distance
7.1507079     0.32939246  

BBB P2(x)
0.51945907    0.010944712 

BBB first bond length
0.61907025    0.0010501888

BBB second bond length
0.61951976    0.0015136717

BBB <phi**2>/<phi>**2
1.2232238     0.0092120904

Time = 3000
Temperature
1.0126919     0.006808607 

Pressure
23.487687     0.12297362  

CM Mom
-9.5086769e-18 1.0305289e-17 
-3.2620136e-17 1.6177147e-17 
4.0540469e-17  1.1867383e-17 
5.7053082e-17  7.1900954e-18 

CM Pos
7.4956982      0.012262968   
7.5058877      0.013805969   
7.4935444      0.017901893   
12.987589      0.015585631   

Stress
20.4161      0.0245       0.0646931     0.111934     0.0931352    0.0769706   
0.0245       20.5145      0.0319244     0.0931352    0.138448     0.0696554   
0.0646931    0.0319244    20.42         0.0769706    0.0696554    0.11533     

Stress Spherical
0            0            0             0            0            0           
0            0            0             0            0            0           
0            0            0             0            0            0           

Inertia
149.945      -56.2413     -56.1668      0.483971     0.111803     0.159484    
-56.2413     149.798      -56.2611      0.111803     0.271134     0.210429    
-56.1668     -56.2611     150.015       0.159484     0.210429     0.182426    

Bond Length
0.62057741    0.0038420803

BB bond length
0.62057741    0.0038420803

Water EE distance
0             0           

PEG EE distance
7.3344068     0.20344805  

BBB P2(x)
0.51590198    0.014594457 

BBB first bond length
0.62080426    0.0044272551

BBB second bond length
0.62043029    0.0040293548

BBB <phi**2>/<phi>**2
1.2272541     0.012136073 

Time = 4000
Temperature
1.0084315     0.0050831053

Pressure
23.49214      0.07538914  

CM Mom
-3.6415107e-17 1.1429878e-17 
-4.449995e-17  2.5435621e-17 
7.0764791e-17  1.2383074e-17 
9.4188817e-17  1.9323081e-17 

CM Pos
7.5054779      0.01037771    
7.500257       0.012507614   
7.4914699      0.014246625   
12.988781      0.014049685   

Stress
20.4516      0.0238363    -0.0150196    0.0911701    0.0912908    0.0502009   
0.0238363    20.4492      0.0278201     0.0912908    0.0765269    0.0767704   
-0.0150196   0.0278201    20.5015       0.0502009    0.0767704    0.118966    

Stress Spherical
0            0            0             0            0            0           
0            0            0             0            0            0           
0            0            0             0            0            0           

Inertia
149.808      -56.2874     -56.2416      0.378397     0.128772     0.164673    
-56.2874     149.898      -56.1935      0.128772     0.310484     0.164774    
-56.2416     -56.1935     150.055       0.164673     0.164774     0.325479    

Bond Length
0.61958504    0.003849182 

BB bond length
0.61958504    0.003849182 

Water EE distance
0             0           

PEG EE distance
7.0073641     0.06832819  

BBB P2(x)
0.52049081    0.011290728 

BBB first bond length
0.61937315    0.0039306257

BBB second bond length
0.61963683    0.0036582797

BBB <phi**2>/<phi>**2
1.2238912     0.013647505 

Time = 5000
Temperature
1.0081306     0.0083198321

Pressure
23.455639     0.064667644 

CM Mom
-5.3965032e-17 1.4134051e-17 
-7.0831417e-17 2.2300417e-17 
5.4452118e-17  1.0722245e-17 
1.062591e-16   2.0381327e-17 

CM Pos
7.4933273      0.0063578301  
7.5026278      0.0071509998  
7.5006569      0.0084655874  
12.98843       0.0092219425  

Stress
20.4391      -0.0307228   -0.0151708    0.0893159    0.0645897    0.0630283   
-0.0307228   20.3828      0.000171878   0.0645897    0.0987403    0.09959     
-0.0151708   0.000171878  20.4736       0.0630283    0.09959      0.128772    

Stress Spherical
0            0            0             0            0            0           
0            0            0             0            0            0           
0            0            0             0            0            0           

Inertia
150.016      -56.2095     -56.2203      0.192492     0.108942     0.0930953   
-56.2095     149.871      -56.2369      0.108942     0.206917     0.0713615   
-56.2203     -56.2369     149.896       0.0930953    0.0713615    0.185986    

Bond Length
0.62000391    0.0037712326

BB bond length
0.62000391    0.0037712326

Water EE distance
0             0           

PEG EE distance
7.5318678     0.39004426  

BBB P2(x)
0.50008339    0.017547512 

BBB first bond length
0.61979606    0.0038082972

BBB second bond length
0.62010767    0.0039798068

BBB <phi**2>/<phi>**2
1.2198305     0.0076870446

Time = 6000
Temperature
1.012161      0.0067879177

Pressure
23.512085     0.12206692  

CM Mom
-4.1429371e-17 6.0529657e-18 
-6.9740716e-17 2.5084062e-17 
6.350524e-17   2.1944438e-17 
1.0680499e-16  1.8793013e-17 

CM Pos
7.4965873      0.01562903    
7.510333       0.0082780664  
7.5013978      0.019472227   
12.995201      0.018648368   

Stress
20.4777      0.00575858   -0.0429935    0.152472     0.0934457    0.0667393   
0.00575858   20.4624      -0.0202567    0.0934457    0.137917     0.0607219   
-0.0429935   -0.0202567   20.4885       0.0667393    0.0607219    0.171891    

Stress Spherical
0            0            0             0            0            0           
0            0            0             0            0            0           
0            0            0             0            0            0           

Inertia
150.149      -56.2832     -56.2206      0.349971     0.178262     0.213846    
-56.2832     149.926      -56.3096      0.178262     0.41777      0.151051    
-56.2206     -56.3096     150.068       0.213846     0.151051     0.293776    

Bond Length
0.61952382    0.0035784853

BB bond length
0.61952382    0.0035784853

Water EE distance
0             0           

PEG EE distance
7.5896021     0.29251067  

BBB P2(x)
0.50846417    0.013470471 

BBB first bond length
0.6195471     0.00347906  

BBB second bond length
0.61949868    0.0037462862

BBB <phi**2>/<phi>**2
1.2240396     0.0086700386

Time = 7000
Temperature
1.0120429     0.0068058409

Pressure
23.509538     0.078505625 

CM Mom
-3.5729957e-17 1.2112801e-17 
-6.2877223e-17 2.17327e-17   
6.3672628e-17  1.3722182e-17 
9.8480485e-17  1.9831821e-17 

CM Pos
7.5060706      0.010528941   
7.5079622      0.023326063   
7.4920627      0.01038934    
12.99392       0.01974368    

Stress
20.4543      0.0578245    -0.00164892   0.0902432    0.0609196    0.0766404   
0.0578245    20.4552      -0.00201784   0.0609196    0.110237     0.0497239   
-0.00164892  -0.00201784  20.5125       0.0766404    0.0497239    0.112703    

Stress Spherical
0            0            0             0            0            0           
0            0            0             0            0            0           
0            0            0             0            0            0           

Inertia
149.972      -56.3618     -56.2358      0.465025     0.258638     0.109079    
-56.3618     149.939      -56.2477      0.258638     0.267393     0.204457    
-56.2358     -56.2477     150.187       0.109079     0.204457     0.504865    

Bond Length
0.61926012    0.0040540823

BB bond length
0.61926012    0.0040540823

Water EE distance
0             0           

PEG EE distance
7.5499504     0.13625757  

BBB P2(x)
0.51111901    0.01513697  

BBB first bond length
0.61912069    0.0039986189

BBB second bond length
0.61913442    0.0040135575

BBB <phi**2>/<phi>**2
1.2245578     0.008818001 

Time = 8000
Temperature
1.0097092     0.0075048784

Pressure
23.493472     0.069918267 

CM Mom
-6.1301354e-17 1.8580684e-17 
-7.1510844e-17 1.0448591e-17 
4.2665389e-17  1.5294491e-17 
1.0613013e-16  1.0803852e-17 

CM Pos
7.500588       0.01614794    
7.5008497      0.013875769   
7.4981379      0.014525166   
12.990151      0.016875595   

Stress
20.4377      0.0132045    0.0401002     0.0896004    0.0409176    0.0727688   
0.0132045    20.4924      0.0058361     0.0409176    0.0845818    0.0578095   
0.0401002    0.0058361    20.4647       0.0727688    0.0578095    0.0857252   

Stress Spherical
0            0            0             0            0            0           
0            0            0             0            0            0           
0            0            0             0            0            0           

Inertia
149.972      -56.2807     -56.2527      0.261163     0.228611     0.14836     
-56.2807     149.962      -56.2555      0.228611     0.253863     0.159283    
-56.2527     -56.2555     150.006       0.14836      0.159283     0.408027    

Bond Length
0.61948531    0.003824581 

BB bond length
0.61948531    0.003824581 

Water EE distance
0             0           

PEG EE distance
7.4222361     0.21487238  

BBB P2(x)
0.52334679    0.011301844 

BBB first bond length
0.61965546    0.0036494756

BBB second bond length
0.619812      0.0037466483

BBB <phi**2>/<phi>**2
1.2227005     0.011023336 

Time = 9000
Temperature
1.0088253     0.0078672113

Pressure
23.506302     0.10000189  

CM Mom
-6.5318277e-17 2.3683204e-17 
-1.0173791e-16 2.7954992e-17 
4.7169673e-17  1.5871238e-17 
1.3458575e-16  1.7972307e-17 

CM Pos
7.499699       0.013903433   
7.507814       0.0093528009  
7.4991752      0.011986811   
12.994255      0.012087238   

Stress
20.4844      -0.0495928   0.0380519     0.11146      0.0820856    0.0461551   
-0.0495928   20.4962      -0.0156391    0.0820856    0.0987973    0.0738765   
0.0380519    -0.0156391   20.4606       0.0461551    0.0738765    0.125021    

Stress Spherical
0            0            0             0            0            0           
0            0            0             0            0            0           
0            0            0             0            0            0           

Inertia
150.086      -56.3424     -56.2145      0.21514      0.146241     0.17159     
-56.3424     149.958      -56.347       0.146241     0.253069     0.110411    
-56.2145     -56.347      150.082       0.17159      0.110411     0.293653    

Bond Length
0.61891248    0.0026739236

BB bond length
0.61891248    0.0026739236

Water EE distance
0             0           

PEG EE distance
7.3396333     0.2453182   

BBB P2(x)
0.52116122    0.019563743 

BBB first bond length
0.61886736    0.0028449479

BBB second bond length
0.61876719    0.0025600592

BBB <phi**2>/<phi>**2
1.2322641     0.0099308977

Time = 10000
Temperature
1.0098057     0.0062202443

Pressure
23.483461     0.081228279 

CM Mom
-8.5974013e-17 1.906768e-17  
-1.0598802e-16 1.3713703e-17 
6.2604205e-17  1.9647074e-17 
1.5212762e-16  1.8415102e-17 

CM Pos
7.5001435      0.013077444   
7.496108       0.014213451   
7.4979897      0.011222422   
12.987071      0.011345928   

Stress
20.4446      -0.0419653   0.031071      0.0932635    0.0664265    0.0460783   
-0.0419653   20.4508      0.0033233     0.0664265    0.10881      0.0581004   
0.031071     0.0033233    20.4685       0.0460783    0.0581004    0.139958    

Stress Spherical
0            0            0             0            0            0           
0            0            0             0            0            0           
0            0            0             0            0            0           

Inertia
149.889      -56.2144     -56.2502      0.340049     0.125653     0.101067    
-56.2144     149.961      -56.2009      0.125653     0.173709     0.168118    
-56.2502     -56.2009     149.923       0.101067     0.168118     0.215518    

Bond Length
0.61981384    0.0023051564

BB bond length
0.61981384    0.0023051564

Water EE distance
0             0           

PEG EE distance
6.992215      0.18608507  

BBB P2(x)
0.50462108    0.013140652 

BBB first bond length
0.61985491    0.0024288323

BBB second bond length
0.61981914    0.0022307536

BBB <phi**2>/<phi>**2
1.226145      0.010094916 

Time = 11000
Temperature
1.0085776     0.0068016777

Pressure
23.469649     0.09732945  

CM Mom
-7.2276912e-17 1.1930416e-17 
-1.2672307e-16 1.9315455e-17 
4.7664574e-17  2.211548e-17  
1.5551554e-16  1.9339913e-17 

CM Pos
7.4991063      0.015050041   
7.5044059      0.012002371   
7.5005088      0.012972931   
12.992716      0.014167478   

Stress
20.4525      0.0209009    0.0261843     0.12006      0.080415     0.0479561   
0.0209009    20.4823      0.012436      0.080415     0.118919     0.0906841   
0.0261843    0.012436     20.3987       0.0479561    0.0906841    0.155341    

Stress Spherical
0            0            0             0            0            0           
0            0            0             0            0            0           
0            0            0             0            0            0           

Inertia
150.073      -56.2899     -56.2256      0.314335     0.119738     0.135692    
-56.2899     149.997      -56.3176      0.119738     0.283722     0.172499    
-56.2256     -56.3176     150.044       0.135692     0.172499     0.270746    

Bond Length
0.61967062    0.0026238703

BB bond length
0.61967062    0.0026238703

Water EE distance
0             0           

PEG EE distance
6.8481369     0.21634127  

BBB P2(x)
0.49444518    0.016729736 

BBB first bond length
0.61973571    0.0024666193

BBB second bond length
0.61944137    0.0024746283

BBB <phi**2>/<phi>**2
1.2228422     0.0081728603

Time = 12000
Temperature
1.0024409     0.0059273414

Pressure
23.467022     0.10528624  

CM Mom
-5.945802e-17  1.6606671e-17 
-1.5013565e-16 1.5623951e-17 
6.4904808e-17  2.1080198e-17 
1.7624679e-16  1.3781782e-17 

CM Pos
7.5004399      0.015391205   
7.5035169      0.0085904572  
7.4968043      0.014041716   
12.990835      0.01189385    

Stress
20.4867      0.0343233    -0.000121281  0.134027     0.0730685    0.0875586   
0.0343233    20.4444      -0.00141604   0.0730685    0.147139     0.0437147   
-0.000121281 -0.00141604  20.4499       0.0875586    0.0437147    0.0826827   

Stress Spherical
0            0            0             0            0            0           
0            0            0             0            0            0           
0            0            0             0            0            0           

Inertia
150.032      -56.2539     -56.2416      0.248046     0.134759     0.188149    
-56.2539     149.962      -56.2454      0.134759     0.242022     0.162318    
-56.2416     -56.2454     150.07        0.188149     0.162318     0.286829    

Bond Length
0.62078784    0.0013869863

BB bond length
0.62078784    0.0013869863

Water EE distance
0             0           

PEG EE distance
7.0013956     0.21684405  

BBB P2(x)
0.50404202    0.012703574 

BBB first bond length
0.62098538    0.0013504507

BBB second bond length
0.621143      0.0016949993

BBB <phi**2>/<phi>**2
1.2208361     0.0098971043

Time = 13000
Temperature
1.0104272     0.010947141 

Pressure
23.470622     0.11357864  

CM Mom
-6.4212495e-17 2.0794489e-17 
-1.5903262e-16 1.5171219e-17 
4.5717324e-17  2.029774e-17  
1.7984713e-16  1.5306097e-17 

CM Pos
7.4968836      0.015313977   
7.5012942      0.012708751   
7.4988788      0.013502858   
12.988698      0.01306682    

Stress
20.4204      3.94969e-05  0.01424       0.10572      0.0612198    0.0598158   
3.94969e-05  20.4602      -0.0411337    0.0612198    0.129222     0.0277213   
0.01424      -0.0411337   20.4392       0.0598158    0.0277213    0.0795997   

Stress Spherical
0            0            0             0            0            0           
0            0            0             0            0            0           
0            0            0             0            0            0           

Inertia
150.016      -56.2396     -56.199       0.25509      0.220681     0.132213    
-56.2396     149.941      -56.2739      0.220681     0.268389     0.105309    
-56.199      -56.2739     149.973       0.132213     0.105309     0.383902    

Bond Length
0.62012271    0.0026732974

BB bond length
0.62012271    0.0026732974

Water EE distance
0             0           

PEG EE distance
7.006325      0.23812415  

BBB P2(x)
0.51227232    0.018713778 

BBB first bond length
0.62012629    0.0028607874

BBB second bond length
0.62019192    0.002805183 

BBB <phi**2>/<phi>**2
1.2215272     0.0082085785

Time = 14000
Temperature
1.0068951     0.0077269855

Pressure
23.484357     0.070547152 

CM Mom
-8.7043328e-17 1.7340448e-17 
-1.708539e-16  9.5129059e-18 
4.2543104e-17  1.5652153e-17 
1.9781585e-16  9.0871868e-18 

CM Pos
7.5085896      0.010097832   
7.5015906      0.0093528009  
7.4959153      0.014626845   
12.993914      0.011236823   

Stress
20.5039      -0.00123345  0.00168277    0.0837101    0.0512288    0.0458329   
-0.00123345  20.4592      -0.030682     0.0512288    0.107381     0.0628772   
0.00168277   -0.030682    20.4297       0.0458329    0.0628772    0.073344    

Stress Spherical
0            0            0             0            0            0           
0            0            0             0            0            0           
0            0            0             0            0            0           

Inertia
149.98       -56.323      -56.2734      0.224556     0.14743      0.135321    
-56.323      150.053      -56.2738      0.14743      0.264908     0.149318    
-56.2734     -56.2738     150.145       0.135321     0.149318     0.255544    

Bond Length
0.62003691    0.0037769845

BB bond length
0.62003691    0.0037769845

Water EE distance
0             0           

PEG EE distance
7.0681315     0.15663698  

BBB P2(x)
0.51194936    0.010767018 

BBB first bond length
0.619729      0.0037080727

BBB second bond length
0.6203599     0.0037360295

BBB <phi**2>/<phi>**2
1.2272585     0.010174944 

Time = 15000
Temperature
1.0116365     0.0074605882

Pressure
23.464418     0.090077022 

CM Mom
-9.5431143e-17 1.3588301e-17 
-1.6895559e-16 1.2708267e-17 
5.1614732e-17  1.6206147e-17 
2.0199325e-16  1.1166101e-17 

CM Pos
7.5014771      0.016879223   
7.4987752      0.011250755   
7.4945817      0.017219848   
12.987418      0.014894638   

Stress
20.3729      -0.00834377  -0.0141456    0.140922     0.0636492    0.0702174   
-0.00834377  20.4819      -0.0512756    0.0636492    0.0815904    0.0741927   
-0.0141456   -0.0512756   20.4356       0.0702174    0.0741927    0.116537    

Stress Spherical
0            0            0             0            0            0           
0            0            0             0            0            0           
0            0            0             0            0            0           

Inertia
149.914      -56.2874     -56.2006      0.293133     0.177693     0.203792    
-56.2874     149.931      -56.185       0.177693     0.347274     0.161974    
-56.2006     -56.185      149.988       0.203792     0.161974     0.31588     

Bond Length
0.61986364    0.0026096295

BB bond length
0.61986364    0.0026096295

Water EE distance
0             0           

PEG EE distance
7.0437922     0.26339918  

BBB P2(x)
0.51657966    0.013952386 

BBB first bond length
0.61963048    0.0025005064

BBB second bond length
0.61981461    0.0023708199

BBB <phi**2>/<phi>**2
1.22366       0.0056112012

Time = 16000
Temperature
1.01231       0.0071509551

Pressure
23.530838     0.084462853 

CM Mom
-1.0988993e-16 2.227635e-17  
-1.5067826e-16 3.0042276e-17 
3.9430026e-17  1.0708098e-17 
1.9239684e-16  2.8833212e-17 

CM Pos
7.5100714      0.015229871   
7.4956635      0.017734305   
7.503176       0.010829124   
12.995546      0.015137328   

Stress
20.5086      -0.0279682   0.00584555    0.101171     0.0874476    0.0632839   
-0.0279682   20.5284      -0.0306488    0.0874476    0.0528176    0.0525356   
0.00584555   -0.0306488   20.4466       0.0632839    0.0525356    0.0923178   

Stress Spherical
0            0            0             0            0            0           
0            0            0             0            0            0           
0            0            0             0            0            0           

Inertia
149.974      -56.3115     -56.3301      0.245741     0.154956     0.149053    
-56.3115     150.181      -56.2495      0.154956     0.277211     0.125482    
-56.3301     -56.2495     150.061       0.149053     0.125482     0.446296    

Bond Length
0.61907856    0.0040412228

BB bond length
0.61907856    0.0040412228

Water EE distance
0             0           

PEG EE distance
7.3034609     0.25068252  

BBB P2(x)
0.52083669    0.01624305  

BBB first bond length
0.61895769    0.0042742488

BBB second bond length
0.61927361    0.003821513 

BBB <phi**2>/<phi>**2
1.2237652     0.011521566 

Time = 17000
Temperature
1.0115461     0.0036867393

Pressure
23.486839     0.087961623 

CM Mom
-1.2147198e-16 2.8432674e-17 
-9.5717116e-17 2.1632737e-17 
4.7022436e-17  1.0292433e-17 
1.6486408e-16  1.8179084e-17 

CM Pos
7.498069       0.022366938   
7.5024796      0.014212679   
7.4928035      0.012380576   
12.98657       0.014488236   

Stress
20.4558      0.00562777   0.0260688     0.108103     0.087108     0.0901511   
0.00562777   20.4249      0.00913227    0.087108     0.116865     0.0846206   
0.0260688    0.00913227   20.4777       0.0901511    0.0846206    0.126833    

Stress Spherical
0            0            0             0            0            0           
0            0            0             0            0            0           
0            0            0             0            0            0           

Inertia
149.932      -56.2559     -56.1578      0.330895     0.105649     0.232259    
-56.2559     149.846      -56.2201      0.105649     0.324661     0.146872    
-56.1578     -56.2201     150.024       0.232259     0.146872     0.198691    

Bond Length
0.6191078     0.003443276 

BB bond length
0.6191078     0.003443276 

Water EE distance
0             0           

PEG EE distance
7.3581077     0.15896951  

BBB P2(x)
0.50987065    0.011744797 

BBB first bond length
0.619087      0.0036930093

BBB second bond length
0.61913886    0.0034881994

BBB <phi**2>/<phi>**2
1.2249519     0.01376942  

Time = 18000
Temperature
1.0147354     0.0083037833

Pressure
23.50179      0.1180262   

CM Mom
-1.1828158e-16 2.22938e-17   
-5.8849607e-17 1.6558863e-17 
7.2477614e-17  1.8921823e-17 
1.5358343e-16  1.5753939e-17 

CM Pos
7.5093305      0.007936834   
7.5004051      0.01126928    
7.4993233      0.016699404   
12.995627      0.01083005    

Stress
20.4372      0.0182834    -0.00465885   0.073299     0.064667     0.0765971   
0.0182834    20.4933      -0.00154552   0.064667     0.130147     0.0457605   
-0.00465885  -0.00154552  20.4441       0.0765971    0.0457605    0.167636    

Stress Spherical
0            0            0             0            0            0           
0            0            0             0            0            0           
0            0            0             0            0            0           

Inertia
150.008      -56.3572     -56.3188      0.292053     0.123986     0.118427    
-56.3572     150.107      -56.2586      0.123986     0.230476     0.188455    
-56.3188     -56.2586     150.141       0.118427     0.188455     0.181822    

Bond Length
0.61955252    0.0033881097

BB bond length
0.61955252    0.0033881097

Water EE distance
0             0           

PEG EE distance
6.9024113     0.39853985  

BBB P2(x)
0.51067348    0.013034593 

BBB first bond length
0.61929311    0.0035337563

BBB second bond length
0.61917704    0.0032755608

BBB <phi**2>/<phi>**2
1.2265808     0.01307085  

Time = 19000
Temperature
1.0087607     0.0079513214

Pressure
23.478775     0.1000504   

CM Mom
-1.340548e-16  2.4064562e-17 
-6.194075e-17  1.5790971e-17 
6.4459946e-17  2.2150269e-17 
1.6320754e-16  2.5393299e-17 

CM Pos
7.5059224      0.014740488   
7.5039614      0.010848368   
7.4988788      0.011746274   
12.995451      0.014365968   

Stress
20.4677      0.0295115    0.0646137     0.137888     0.0508812    0.044504    
0.0295115    20.4698      0.0196304     0.0508812    0.14381      0.0876533   
0.0646137    0.0196304    20.4218       0.044504     0.0876533    0.150621    

Stress Spherical
0            0            0             0            0            0           
0            0            0             0            0            0           
0            0            0             0            0            0           

Inertia
150.04       -56.2966     -56.2646      0.237686     0.174272     0.190521    
-56.2966     150.067      -56.2797      0.174272     0.276756     0.13587     
-56.2646     -56.2797     150.148       0.190521     0.13587      0.311172    

Bond Length
0.61885377    0.0021285212

BB bond length
0.61885377    0.0021285212

Water EE distance
0             0           

PEG EE distance
6.5682374     0.17933643  

BBB P2(x)
0.50450025    0.014524324 

BBB first bond length
0.61852967    0.0024849497

BBB second bond length
0.61877742    0.0021913853

BBB <phi**2>/<phi>**2
1.2238969     0.013815476 

Time = 20000
Temperature
1.012833      0.0090822588

Pressure
23.482134     0.099399412 

CM Mom
-1.3303812e-16 1.9025669e-17 
-6.0138543e-17 1.1518493e-17 
7.9901675e-17  2.2371284e-17 
1.6788118e-16  2.2607556e-17 

CM Pos
7.4979208      0.011013082   
7.497738       0.011738794   
7.4981379      0.012685406   
12.98681       0.012642996   

Stress
20.5172      -0.0179879   0.0144775     0.104705     0.0744369    0.0745669   
-0.0179879   20.4295      -0.0177005    0.0744369    0.144082     0.0583179   
0.0144775    -0.0177005   20.386        0.0745669    0.0583179    0.129384    

Stress Spherical
0            0            0             0            0            0           
0            0            0             0            0            0           
0            0            0             0            0            0           

Inertia
149.95       -56.1678     -56.2089      0.272985     0.157581     0.121953    
-56.1678     149.939      -56.2128      0.157581     0.258598     0.184864    
-56.2089     -56.2128     149.949       0.121953     0.184864     0.228443    

Bond Length
0.62038878    0.0029852999

BB bond length
0.62038878    0.0029852999

Water EE distance
0             0           

PEG EE distance
7.1043631     0.41081746  

BBB P2(x)
0.50694142    0.01106593  

BBB first bond length
0.62024483    0.0029586495

BBB second bond length
0.62017527    0.0033674641

BBB <phi**2>/<phi>**2
1.2313967     0.014875064 

Time = 21000
Temperature
1.0092545     0.008032422 

Pressure
23.502542     0.080916097 

CM Mom
-1.2370794e-16 1.6195961e-17 
-4.7497322e-17 2.0538779e-17 
9.4612432e-17  1.9100732e-17 
1.6557261e-16  1.2077317e-17 

CM Pos
7.4991063      0.014439507   
7.4998124      0.017379133   
7.4991752      0.011052883   
12.989295      0.01627323    

Stress
20.5377      -0.0304748   0.0124585     0.121369     0.0627325    0.096254    
-0.0304748   20.4411      0.0109605     0.0627325    0.0678356    0.0676036   
0.0124585    0.0109605    20.4474       0.096254     0.0676036    0.138472    

Stress Spherical
0            0            0             0            0            0           
0            0            0             0            0            0           
0            0            0             0            0            0           

Inertia
149.99       -56.2299     -56.2662      0.359758     0.16679      0.187982    
-56.2299     149.94       -56.2299      0.16679      0.354533     0.173903    
-56.2662     -56.2299     149.995       0.187982     0.173903     0.320703    

Bond Length
0.62028277    0.0041841766

BB bond length
0.62028277    0.0041841766

Water EE distance
0             0           

PEG EE distance
7.2161029     0.17687911  

BBB P2(x)
0.5035264     0.01399728  

BBB first bond length
0.62032877    0.0042359576

BBB second bond length
0.62002278    0.004256683 

BBB <phi**2>/<phi>**2
1.2188501     0.013107078 

Time = 22000
Temperature
1.0066285     0.010155344 

Pressure
23.487396     0.10665632  

CM Mom
-1.001264e-16  1.202092e-17  
-1.5453793e-17 1.2430771e-17 
1.2716786e-16  2.2837047e-17 
1.6375457e-16  2.0994669e-17 

CM Pos
7.4998472      0.0058917995  
7.498627       0.016582635   
7.5022869      0.0079534151  
12.99083       0.011481142   

Stress
20.4465      -0.000138206 -0.0288452    0.17692      0.0584283    0.0535074   
-0.000138206 20.5099      -0.0383787    0.0584283    0.155346     0.063936    
-0.0288452   -0.0383787   20.448        0.0535074    0.063936     0.114594    

Stress Spherical
0            0            0             0            0            0           
0            0            0             0            0            0           
0            0            0             0            0            0           

Inertia
150.012      -56.2271     -56.2636      0.286763     0.154211     0.091903    
-56.2271     150.036      -56.2766      0.154211     0.128757     0.176421    
-56.2636     -56.2766     150.002       0.091903     0.176421     0.254311    

Bond Length
0.61927054    0.0021105849

BB bond length
0.61927054    0.0021105849

Water EE distance
0             0           

PEG EE distance
7.158034      0.17611595  

BBB P2(x)
0.50236581    0.01449393  

BBB first bond length
0.61905451    0.0019147162

BBB second bond length
0.61946144    0.0020685228

BBB <phi**2>/<phi>**2
1.2216231     0.011439164 

Time = 23000
Temperature
1.0078116     0.0058448944

Pressure
23.472927     0.10272669  

CM Mom
-8.9009907e-17 1.7798193e-17 
-2.662594e-18  1.5439227e-17 
1.5704753e-16  1.1342682e-17 
1.8173875e-16  1.5767365e-17 

CM Pos
7.5026625      0.01678007    
7.5063322      0.0094462377  
7.5016942      0.0083309451  
12.996564      0.011707054   

Stress
20.4812      0.0124877    -0.0168992    0.119669     0.104766     0.0756131   
0.0124877    20.4075      -0.00847724   0.104766     0.125788     0.076272    
-0.0168992   -0.00847724  20.4616       0.0756131    0.076272     0.117473    

Stress Spherical
0            0            0             0            0            0           
0            0            0             0            0            0           
0            0            0             0            0            0           

Inertia
150.112      -56.3579     -56.2665      0.162527     0.145245     0.204871    
-56.3579     150.049      -56.3256      0.145245     0.318725     0.106431    
-56.2665     -56.3256     150.134       0.204871     0.106431     0.265421    

Bond Length
0.61957404    0.0026905042

BB bond length
0.61957404    0.0026905042

Water EE distance
0             0           

PEG EE distance
7.1989365     0.23263446  

BBB P2(x)
0.50706176    0.011490332 

BBB first bond length
0.61969066    0.0028022362

BBB second bond length
0.61953903    0.0028875259

BBB <phi**2>/<phi>**2
1.2208351     0.0094026604

Time = 24000
Temperature
1.0094304     0.0060136988

Pressure
23.459655     0.10599486  

CM Mom
-9.2146976e-17 1.5351423e-17 
-7.0465108e-19 1.7729411e-17 
1.6472755e-16  2.1138288e-17 
1.8997762e-16  2.3066338e-17 

CM Pos
7.5017735      0.005964026   
7.4980343      0.010908918   
7.510733       0.0071433196  
12.996475      0.0084610578  

Stress
20.457       -0.0115009   0.0086523     0.0901985    0.0448974    0.0505261   
-0.0115009   20.3887      0.00926905    0.0448974    0.0989989    0.0653111   
0.0086523    0.00926905   20.4502       0.0505261    0.0653111    0.131935    

Stress Spherical
0            0            0             0            0            0           
0            0            0             0            0            0           
0            0            0             0            0            0           

Inertia
150.123      -56.2747     -56.372       0.245596     0.164801     0.0915673   
-56.2747     150.188      -56.2942      0.164801     0.15168      0.137136    
-56.372      -56.2942     150.011       0.0915673    0.137136     0.219655    

Bond Length
0.62013656    0.004379387 

BB bond length
0.62013656    0.004379387 

Water EE distance
0             0           

PEG EE distance
6.9639847     0.18987402  

BBB P2(x)
0.51525597    0.015921551 

BBB first bond length
0.62019646    0.0045650011

BBB second bond length
0.61992596    0.004470242 

BBB <phi**2>/<phi>**2
1.2297915     0.011388077 

Time = 25000
Temperature
1.0149681     0.0056341802

Pressure
23.502153     0.088528045 

CM Mom
-9.6487709e-17 1.6798254e-17 
1.6426322e-18  2.3954038e-17 
1.6862623e-16  1.9000166e-17 
1.9679242e-16  1.5398311e-17 

CM Pos
7.5020698      0.015296044   
7.5041096      0.010403068   
7.4982861      0.017127156   
12.992971      0.018856038   

Stress
20.4458      0.0150448    0.0408654     0.113997     0.0585542    0.108878    
0.0150448    20.5304      0.0124494     0.0585542    0.102646     0.0624892   
0.0408654    0.0124494    20.3974       0.108878     0.0624892    0.149591    

Stress Spherical
0            0            0             0            0            0           
0            0            0             0            0            0           
0            0            0             0            0            0           

Inertia
150.024      -56.3319     -56.2322      0.366172     0.164397     0.218526    
-56.3319     149.981      -56.2792      0.164397     0.413631     0.186685    
-56.2322     -56.2792     150.093       0.218526     0.186685     0.329235    

Bond Length
0.61908201    0.0035515263

BB bond length
0.61908201    0.0035515263

Water EE distance
0             0           

PEG EE distance
6.7090942     0.19395727  

BBB P2(x)
0.51842727    0.014090079 

BBB first bond length
0.61901251    0.0039232852

BBB second bond length
0.61906279    0.0035012616

BBB <phi**2>/<phi>**2
1.2229417     0.0098813388

Time = 26000
Temperature
1.0171767     0.0083187197

Pressure
23.505459     0.08454989  

CM Mom
-9.3143632e-17 1.7093332e-17 
2.0396085e-17  1.6764899e-17 
1.5746457e-16  1.7865952e-17 
1.8570564e-16  1.710787e-17  

CM Pos
7.5057743      0.016527595   
7.4980343      0.018731407   
7.4942853      0.017089296   
12.989305      0.018404483   

Stress
20.4488      -0.00981435  0.00253616    0.12974      0.0447071    0.0874202   
-0.00981435  20.4882      -0.0628396    0.0447071    0.0815661    0.0564216   
0.00253616   -0.0628396   20.4266       0.0874202    0.0564216    0.125666    

Stress Spherical
0            0            0             0            0            0           
0            0            0             0            0            0           
0            0            0             0            0            0           

Inertia
149.872      -56.3037     -56.2486      0.389891     0.234684     0.158598    
-56.3037     149.991      -56.1533      0.234684     0.335489     0.175435    
-56.2486     -56.1533     150.055       0.158598     0.175435     0.429918    

Bond Length
0.6190377     0.0029553483

BB bond length
0.6190377     0.0029553483

Water EE distance
0             0           

PEG EE distance
7.5306845     0.26336202  

BBB P2(x)
0.49336971    0.012980802 

BBB first bond length
0.61890096    0.0027191533

BBB second bond length
0.61906356    0.0030387491

BBB <phi**2>/<phi>**2
1.2205694     0.0086363078

Time = 27000
Temperature
1.009119      0.0096552012

Pressure
23.515184     0.11832927  

CM Mom
-9.7338362e-17 1.9115273e-17 
1.6175718e-17  1.5018378e-17 
1.2663594e-16  2.4072037e-17 
1.6239817e-16  2.3881282e-17 

CM Pos
7.5008844      0.012365492   
7.494478       0.018402657   
7.503176       0.0093961309  
12.989553      0.014920374   

Stress
20.4826      -0.00188738  -0.00431321   0.0902725    0.0564409    0.061773    
-0.00188738  20.4857      -0.0269754    0.0564409    0.140316     0.0747818   
-0.00431321  -0.0269754   20.4969       0.061773     0.0747818    0.141207    

Stress Spherical
0            0            0             0            0            0           
0            0            0             0            0            0           
0            0            0             0            0            0           

Inertia
149.947      -56.186      -56.2734      0.38348      0.168041     0.152156    
-56.186      150.05       -56.211       0.168041     0.216293     0.174765    
-56.2734     -56.211      149.939       0.152156     0.174765     0.320909    

Bond Length
0.61912356    0.0018163036

BB bond length
0.61912356    0.0018163036

Water EE distance
0             0           

PEG EE distance
7.0620934     0.20972534  

BBB P2(x)
0.50770074    0.012564843 

BBB first bond length
0.61899095    0.0019400466

BBB second bond length
0.61907182    0.0021216913

BBB <phi**2>/<phi>**2
1.2195618     0.0090005229

Time = 28000
Temperature
1.0107122     0.0067486738

Pressure
23.477036     0.077433909 

CM Mom
-6.6934313e-17 1.8592116e-17 
6.7553282e-18  1.8792665e-17 
1.0271606e-16  3.6603852e-17 
1.2685242e-16  3.1993137e-17 

CM Pos
7.5004399      0.01731141    
7.4934408      0.013828216   
7.5012497      0.0073791759  
12.987584      0.014265796   

Stress
20.4395      0.0344567    -0.0180814    0.0699599    0.0756538    0.0626548   
0.0344567    20.4556      0.00311708    0.0756538    0.100277     0.0696654   
-0.0180814   0.00311708   20.4415       0.0626548    0.0696654    0.115426    

Stress Spherical
0            0            0             0            0            0           
