Time = 1000
Temperature
   1.0712126   0.085780718

Pressure
   23.565406    0.45107793

CM Mom
9.5038654e-19  2.5211664e-17 
6.5977225e-18  1.2148792e-17 
-3.4477011e-17 1.9581132e-16 
1.7499255e-16  9.8671159e-17 

CM Pos
7.4976382      0.014654669   
7.491757       0.047171621   
7.5056288      0.012572706   
12.987579      0.029425022   

Stress
20.3809      -0.0317398   0.0164496     0.25463      0.0546393    0.0801234   
-0.0317398   20.342       0.0263221     0.0546393    0.161794     0.0353848   
0.0164496    0.0263221    20.36         0.0801234    0.0353848    0.214917    

Stress Spherical
0            0            0             0            0            0           
0            0            0             0            0            0           
0            0            0             0            0            0           

Inertia
150.045      -56.1107     -56.218       0.541545     0.45011      0.151167    
-56.1107     150.108      -56.2356      0.45011      0.975452     0.302518    
-56.218      -56.2356     149.901       0.151167     0.302518     0.419936    

Bond Length
0.62003606    0.0048600587

BB bond length
0.62003606    0.0048600587

Water EE distance
0             0           

PEG EE distance
5.9862399     0.13930255  

BBB P2(x)
0.4719701     0.057021209 

BBB first bond length
0.61977516    0.0047428692

BBB second bond length
0.62006758    0.0049119994

BBB <phi**2>/<phi>**2
1.2245544     0.011893301 

Time = 2000
Temperature
1.0115661     0.0072709597

Pressure
23.318812     0.090013662 

CM Mom
3.9670459e-18  1.8820211e-17 
-4.2573578e-18 2.5154433e-17 
-1.3522321e-17 5.2506924e-17 
5.4267926e-17  3.1868962e-17 

CM Pos
7.497341       0.017160744   
7.5024543      0.022534275   
7.5036974      0.018677787   
12.992434      0.015204288   

Stress
20.2588      0.0344215    0.0472302     0.131343     0.0543344    0.05459     
0.0344215    20.2955      -0.0145888    0.0543344    0.115273     0.0670492   
0.0472302    -0.0145888   20.3241       0.05459      0.0670492    0.119181    

Stress Spherical
0            0            0             0            0            0           
0            0            0             0            0            0           
0            0            0             0            0            0           

Inertia
149.983      -56.2321     -56.2555      0.304738     0.268849     0.112705    
-56.2321     149.912      -56.2939      0.268849     0.369032     0.145633    
-56.2555     -56.2939     149.893       0.112705     0.145633     0.289721    

Bond Length
0.61909554    0.0017618519

BB bond length
0.61909554    0.0017618519

Water EE distance
0             0           

PEG EE distance
6.9457361     0.29263651  

BBB P2(x)
0.50743953    0.0081048004

BBB first bond length
0.61918815    0.0015878415

BBB second bond length
0.61903405    0.0018642692

BBB <phi**2>/<phi>**2
1.2327936     0.011638293 

Time = 3000
Temperature
1.009601      0.0050127429

Pressure
23.292007     0.086415547 

CM Mom
-1.6385027e-19 1.0797148e-17 
-2.0836751e-17 1.5805294e-17 
-2.5387994e-17 9.3096035e-18 
3.7766723e-17  1.0270169e-17 

CM Pos
7.5025411      0.0088348269  
7.5009685      0.01063522    
7.4964173      0.010677684   
12.990347      0.010653769   

Stress
20.2786      0.0324024    0.0853568     0.134407     0.0617826    0.0784285   
0.0324024    20.2533      -0.00295633   0.0617826    0.115464     0.0476698   
0.0853568    -0.00295633  20.2837       0.0784285    0.0476698    0.121792    

Stress Spherical
0            0            0             0            0            0           
0            0            0             0            0            0           
0            0            0             0            0            0           

Inertia
149.92       -56.2876     -56.2364      0.270511     0.126332     0.0787683   
-56.2876     149.936      -56.199       0.126332     0.205518     0.131655    
-56.2364     -56.199      150.018       0.0787683    0.131655     0.208572    

Bond Length
0.61913655    0.0037087501

BB bond length
0.61913655    0.0037087501

Water EE distance
0             0           

PEG EE distance
7.0614648     0.16949331  

BBB P2(x)
0.50259348    0.015218645 

BBB first bond length
0.61919862    0.0039981481

BBB second bond length
0.61932805    0.0038400586

BBB <phi**2>/<phi>**2
1.2253489     0.008626925 

Time = 4000
Temperature
1.0144241     0.0071580837

Pressure
23.280563     0.10615678  

CM Mom
-1.9138316e-18 1.9414006e-17 
-1.8540373e-18 1.1912195e-17 
-2.255766e-17  1.8008666e-17 
3.2810358e-17  1.6809065e-17 

CM Pos
7.4979353      0.008999446   
7.4991857      0.012345035   
7.5045888      0.0070942966  
12.991377      0.0091639827  

Stress
20.2591      0.0130514    0.0204151     0.129823     0.0848658    0.0954553   
0.0130514    20.2288      -0.00674501   0.0848658    0.153515     0.0278228   
0.0204151    -0.00674501  20.2502       0.0954553    0.0278228    0.128119    

Stress Spherical
0            0            0             0            0            0           
0            0            0             0            0            0           
0            0            0             0            0            0           

Inertia
149.992      -56.2615     -56.3047      0.202007     0.133003     0.0991319   
-56.2615     149.985      -56.258       0.133003     0.138027     0.198513    
-56.3047     -56.258      149.923       0.0991319    0.198513     0.203005    

Bond Length
0.61932046    0.0021650751

BB bond length
0.61932046    0.0021650751

Water EE distance
0             0           

PEG EE distance
7.270346      0.27853886  

BBB P2(x)
0.50475033    0.010282098 

BBB first bond length
0.61900557    0.002079315 

BBB second bond length
0.61913762    0.0022946029

BBB <phi**2>/<phi>**2
1.2222721     0.014014105 

Time = 5000
Temperature
1.0094592     0.0064177321

Pressure
23.238698     0.1111606   

CM Mom
5.0018318e-18  1.5968148e-17 
-1.3918613e-17 5.3129779e-18 
-4.2027869e-18 1.5456649e-17 
2.6822018e-17  6.2535051e-18 

CM Pos
7.4943695      0.0090141509  
7.4957685      0.011555366   
7.5031031      0.012124924   
12.986491      0.0094260833  

Stress
20.1751      0.00647892   -0.0302687    0.14452      0.0521111    0.0539374   
0.00647892   20.2426      -0.0127931    0.0521111    0.12916      0.090497    
-0.0302687   -0.0127931   20.2393       0.0539374    0.090497     0.140069    

Stress Spherical
0            0            0             0            0            0           
0            0            0             0            0            0           
0            0            0             0            0            0           

Inertia
149.943      -56.1969     -56.2268      0.293708     0.131892     0.0888097   
-56.1969     149.912      -56.2449      0.131892     0.207407     0.166824    
-56.2268     -56.2449     149.831       0.0888097    0.166824     0.240813    

Bond Length
0.62050265    0.002794073 

BB bond length
0.62050265    0.002794073 

Water EE distance
0             0           

PEG EE distance
7.2579686     0.10882589  

BBB P2(x)
0.50272661    0.011876295 

BBB first bond length
0.62041584    0.002715695 

BBB second bond length
0.62038882    0.0029905604

BBB <phi**2>/<phi>**2
1.2331912     0.011413852 

Time = 6000
Temperature
1.0156439     0.0079040661

Pressure
23.319909     0.11695046  

CM Mom
-6.5732549e-18 1.5741139e-17 
-2.0402382e-17 1.9078778e-17 
1.9517564e-17  1.7547095e-17 
3.799397e-17   1.7791632e-17 

CM Pos
7.495261       0.015780317   
7.5036429      0.0087696243  
7.4986459      0.014126225   
12.988981      0.01385638    

Stress
20.2001      -0.0159893   -0.0268109    0.147271     0.101532     0.0879532   
-0.0159893   20.3761      0.0759433     0.101532     0.154187     0.0946561   
-0.0268109   0.0759433    20.2689       0.0879532    0.0946561    0.127773    

Stress Spherical
0            0            0             0            0            0           
0            0            0             0            0            0           
0            0            0             0            0            0           

Inertia
150.019      -56.2656     -56.2212      0.238755     0.179956     0.170868    
-56.2656     149.88       -56.2434      0.179956     0.314834     0.12472     
-56.2212     -56.2434     149.985       0.170868     0.12472      0.30234     

Bond Length
0.6196775     0.0020111616

BB bond length
0.6196775     0.0020111616

Water EE distance
0             0           

PEG EE distance
7.5539785     0.21383475  

BBB P2(x)
0.51439492    0.01158709  

BBB first bond length
0.61985242    0.0020357232

BBB second bond length
0.61949042    0.001958276 

BBB <phi**2>/<phi>**2
1.2271233     0.0091931211

Time = 7000
Temperature
1.0124042     0.011261983 

Pressure
23.279075     0.039838191 

CM Mom
8.8193232e-18  2.9828284e-17 
-7.6784194e-18 1.8207231e-17 
-3.0567972e-18 1.8497109e-17 
3.9122737e-17  1.3374114e-17 

CM Pos
7.4960038      0.0094153999  
7.5014143      0.0075889022  
7.5045888      0.022901564   
12.991559      0.014137041   

Stress
20.268       0.0246042    0.0189325     0.114446     0.0724589    0.0700003   
0.0246042    20.2702      0.0082896     0.0724589    0.0488434    0.0660413   
0.0189325    0.0082896    20.2136       0.0700003    0.0660413    0.107392    

Stress Spherical
0            0            0             0            0            0           
0            0            0             0            0            0           
0            0            0             0            0            0           

Inertia
150.07       -56.2071     -56.2338      0.315508     0.0988575    0.227659    
-56.2071     149.964      -56.3177      0.0988575    0.374126     0.160741    
-56.2338     -56.3177     149.932       0.227659     0.160741     0.24536     

Bond Length
0.61732002    0.0025074128

BB bond length
0.61732002    0.0025074128

Water EE distance
0             0           

PEG EE distance
7.128808      0.25115279  

BBB P2(x)
0.50459269    0.016293422 

BBB first bond length
0.61726801    0.0022797819

BBB second bond length
0.61756773    0.0025722941

BBB <phi**2>/<phi>**2
1.2249136     0.0087394422

Time = 8000
Temperature
1.0030245     0.0079120394

Pressure
23.269031     0.066361882 

CM Mom
3.2762356e-17  2.3521272e-17 
-2.8671048e-17 1.9446749e-17 
-1.3603009e-17 2.9927361e-17 
5.5823121e-17  2.8129969e-17 

CM Pos
7.506404       0.0094388155  
7.4936884      0.012953206   
7.5019145      0.014138721   
12.991557      0.0094370334  

Stress
20.2688      0.00805755   0.026366      0.0744915    0.0577534    0.0570431   
0.00805755   20.3293      -0.0237335    0.0577534    0.0764972    0.0577734   
0.026366     -0.0237335   20.2076       0.0570431    0.0577734    0.137993    

Stress Spherical
0            0            0             0            0            0           
0            0            0             0            0            0           
0            0            0             0            0            0           

Inertia
149.909      -56.255      -56.2838      0.21134      0.132086     0.127847    
-56.255      150.091      -56.2342      0.132086     0.2785       0.113312    
-56.2838     -56.2342     149.985       0.127847     0.113312     0.246441    

Bond Length
0.61776414    0.0014734168

BB bond length
0.61776414    0.0014734168

Water EE distance
0             0           

PEG EE distance
7.5998168     0.1938356   

BBB P2(x)
0.51932304    0.014779608 

BBB first bond length
0.6175475     0.0014600373

BBB second bond length
0.61784429    0.0018418166

BBB <phi**2>/<phi>**2
1.225928      0.008930833 

Time = 9000
Temperature
1.0091482     0.008427572 

Pressure
23.296258     0.092229257 

CM Mom
3.3576384e-17  1.4713715e-17 
-2.8991051e-17 1.8726349e-17 
-9.4123182e-18 1.617995e-17  
5.1531879e-17  1.5161533e-17 

CM Pos
7.505364       0.012579727   
7.4999285      0.0095700374  
7.5081546      0.014875187   
12.99816       0.010257598   

Stress
20.2929      0.00349668   -0.00134906   0.115461     0.074135     0.074324    
0.00349668   20.2952      -0.0147304    0.074135     0.124913     0.078033    
-0.00134906  -0.0147304   20.2444       0.074324     0.078033     0.108351    

Stress Spherical
0            0            0             0            0            0           
0            0            0             0            0            0           
0            0            0             0            0            0           

Inertia
150.119      -56.3153     -56.3567      0.305616     0.103634     0.1247      
-56.3153     150.193      -56.2703      0.103634     0.211421     0.170288    
-56.3567     -56.2703     150.07        0.1247       0.170288     0.218253    

Bond Length
0.61866515    0.0028462153

BB bond length
0.61866515    0.0028462153

Water EE distance
0             0           

PEG EE distance
7.3318333     0.23132154  

BBB P2(x)
0.50395345    0.013814963 

BBB first bond length
0.61867056    0.0029271723

BBB second bond length
0.6186839     0.0027244795

BBB <phi**2>/<phi>**2
1.222846      0.0051724   

Time = 10000
Temperature
1.0148917     0.00731625  

Pressure
23.289032     0.071512117 

CM Mom
1.1632888e-17  1.7496691e-17 
-1.3122867e-17 9.098741e-18  
-1.2929601e-17 1.5435594e-17 
3.0373055e-17  1.3392709e-17 

CM Pos
7.5006096      0.016828225   
7.4984428      0.015715838   
7.495823       0.019285415   
12.98744       0.021544232   

Stress
20.2293      -0.00569818  -0.0135494    0.0872662    0.0640779    0.0825477   
-0.00569818  20.2863      -0.0495191    0.0640779    0.113237     0.107984    
-0.0135494   -0.0495191   20.2436       0.0825477    0.107984     0.113424    

Stress Spherical
0            0            0             0            0            0           
0            0            0             0            0            0           
0            0            0             0            0            0           

Inertia
149.885      -56.2486     -56.2318      0.433384     0.235867     0.212284    
-56.2486     149.941      -56.2358      0.235867     0.455625     0.250702    
-56.2318     -56.2358     149.979       0.212284     0.250702     0.404446    

Bond Length
0.61913717    0.0019480142

BB bond length
0.61913717    0.0019480142

Water EE distance
0             0           

PEG EE distance
7.044477      0.30455159  

BBB P2(x)
0.5112491     0.0086151042

BBB first bond length
0.61935402    0.0020812382

BBB second bond length
0.61914843    0.0022411426

BBB <phi**2>/<phi>**2
1.2274891     0.012204885 

Time = 11000
Temperature
1.0096346     0.0070203786

Pressure
23.305944     0.089872044 

CM Mom
1.3979507e-17  2.0678234e-17 
-4.7221317e-17 1.6160172e-17 
-2.3855334e-17 1.4587339e-17 
5.9754752e-17  1.8034884e-17 

CM Pos
7.5056611      0.016531786   
7.4950256      0.013620246   
7.5074117      0.012960021   
12.995077      0.014014715   

Stress
20.3009      -0.0089514   0.0228672     0.151567     0.0966463    0.0570848   
-0.0089514   20.3094      0.0254228     0.0966463    0.0639961    0.0680764   
0.0228672    0.0254228    20.2468       0.0570848    0.0680764    0.0965924   

Stress Spherical
0            0            0             0            0            0           
0            0            0             0            0            0           
0            0            0             0            0            0           

Inertia
150.026      -56.2951     -56.3811      0.308319     0.166867     0.130554    
-56.2951     150.164      -56.2666      0.166867     0.314998     0.18814     
-56.3811     -56.2666     150.008       0.130554     0.18814      0.318006    

Bond Length
0.61964828    0.0026372707

BB bond length
0.61964828    0.0026372707

Water EE distance
0             0           

PEG EE distance
6.8612736     0.17113322  

BBB P2(x)
0.50442439    0.013372271 

BBB first bond length
0.61988102    0.00285163  

BBB second bond length
0.61975293    0.0026139358

BBB <phi**2>/<phi>**2
1.221255      0.0055992314

Time = 12000
Temperature
1.0053945     0.0072953049

Pressure
23.272243     0.089332858 

CM Mom
1.0159541e-18  2.4879674e-17 
-4.8062837e-17 1.6378238e-17 
-2.3187425e-17 1.9259999e-17 
6.0769772e-17  2.0345817e-17 

CM Pos
7.4982324      0.010918903   
7.5051286      0.015514395   
7.5013202      0.0046415905  
12.993092      0.013925794   

Stress
20.3028      0.0408288    0.00404737    0.112237     0.0440262    0.0769049   
0.0408288    20.2451      0.0316907     0.0440262    0.110219     0.0583159   
0.00404737   0.0316907    20.2462       0.0769049    0.0583159    0.10457     

Stress Spherical
0            0            0             0            0            0           
0            0            0             0            0            0           
0            0            0             0            0            0           

Inertia
150.091      -56.3031     -56.2313      0.288669     0.182475     0.109395    
-56.3031     149.996      -56.2614      0.182475     0.233144     0.205051    
-56.2313     -56.2614     150.046       0.109395     0.205051     0.336883    

Bond Length
0.61717887    0.0020527344

BB bond length
0.61717887    0.0020527344

Water EE distance
0             0           

PEG EE distance
6.8573347     0.16232197  

BBB P2(x)
0.5150636     0.013305883 

BBB first bond length
0.6171396     0.0020165803

BBB second bond length
0.61723374    0.0022502153

BBB <phi**2>/<phi>**2
1.225802      0.0089165326

Time = 13000
Temperature
1.0067987     0.0062056725

Pressure
23.265642     0.079587233 

CM Mom
2.3130036e-17  2.0777826e-17 
-4.6392169e-17 1.4410084e-17 
-3.2275204e-19 1.4744507e-17 
5.848339e-17   1.1126464e-17 

CM Pos
7.4958553      0.012625268   
7.5033457      0.014293994   
7.5047374      0.016021866   
12.992679      0.0067759672  

Stress
20.2222      0.0384506    -0.0413428    0.133988     0.090249     0.0388299   
0.0384506    20.2596      -0.0249682    0.090249     0.0789202    0.0486947   
-0.0413428   -0.0249682   20.2799       0.0388299    0.0486947    0.104057    

Stress Spherical
0            0            0             0            0            0           
0            0            0             0            0            0           
0            0            0             0            0            0           

Inertia
150.102      -56.2907     -56.2386      0.198469     0.157036     0.176497    
-56.2907     149.981      -56.3344      0.157036     0.304865     0.109369    
-56.2386     -56.3344     149.97        0.176497     0.109369     0.304298    

Bond Length
0.61952521    0.0016249372

BB bond length
0.61952521    0.0016249372

Water EE distance
0             0           

PEG EE distance
7.3831462     0.2166545   

BBB P2(x)
0.51806811    0.011180875 

BBB first bond length
0.61940002    0.0015309486

BBB second bond length
0.619309      0.0018459878

BBB <phi**2>/<phi>**2
1.2297542     0.0098873747

Time = 14000
Temperature
1.005768      0.0064353248

Pressure
23.248025     0.072906861 

CM Mom
1.9708493e-17  2.5214363e-17 
-4.7701322e-17 3.2695789e-17 
2.5474868e-17  1.1161663e-17 
6.6597735e-17  2.6587834e-17 

CM Pos
7.5071469      0.010337356   
7.5051286      0.0095411615  
7.4932972      0.012835942   
12.993611      0.012479207   

Stress
20.236       0.0362277    0.0293521     0.144974     0.0528436    0.0627475   
0.0362277    20.2035      0.0151521     0.0528436    0.0962846    0.0497879   
0.0293521    0.0151521    20.2786       0.0627475    0.0497879    0.11771     

Stress Spherical
0            0            0             0            0            0           
0            0            0             0            0            0           
0            0            0             0            0            0           

Inertia
149.967      -56.3224     -56.2445      0.191881     0.154819     0.116618    
-56.3224     149.996      -56.215       0.154819     0.31791      0.13858     
-56.2445     -56.215      150.16        0.116618     0.13858      0.216523    

Bond Length
0.62097639    0.0017804815

BB bond length
0.62097639    0.0017804815

Water EE distance
0             0           

PEG EE distance
7.2033228     0.16653402  

BBB P2(x)
0.51113888    0.012338858 

BBB first bond length
0.62122874    0.0017535826

BBB second bond length
0.62102524    0.0020010717

BBB <phi**2>/<phi>**2
1.2273595     0.011616376 

Time = 15000
Temperature
1.0123476     0.0067804912

Pressure
23.240087     0.098013543 

CM Mom
1.2550491e-17  2.017392e-17  
-1.0486142e-16 2.2460566e-17 
8.4486807e-17  1.9444421e-17 
1.3794406e-16  2.3504013e-17 

CM Pos
7.505364       0.014023499   
7.5012657      0.014614698   
7.4913658      0.013991982   
12.989245      0.012919327   

Stress
20.2137      -0.00482238  -0.00753202   0.133566     0.0726514    0.107726    
-0.00482238  20.1786      0.00421181    0.0726514    0.0892984    0.063559    
-0.00753202  0.00421181   20.2429       0.107726     0.063559     0.133378    

Stress Spherical
0            0            0             0            0            0           
0            0            0             0            0            0           
0            0            0             0            0            0           

Inertia
149.858      -56.3151     -56.2266      0.236923     0.179017     0.185993    
-56.3151     149.934      -56.1582      0.179017     0.319834     0.123951    
-56.2266     -56.1582     150.092       0.185993     0.123951     0.252413    

Bond Length
0.61936203    0.0035901638

BB bond length
0.61936203    0.0035901638

Water EE distance
0             0           

PEG EE distance
7.1793595     0.074890924 

BBB P2(x)
0.50674511    0.0055448708

BBB first bond length
0.61932031    0.0036222728

BBB second bond length
0.61919428    0.0035187524

BBB <phi**2>/<phi>**2
1.225358      0.0088634782

Time = 16000
Temperature
1.0096155     0.0067132605

Pressure
23.288487     0.059936126 

CM Mom
2.9022116e-17  1.2411102e-17 
-8.4029895e-17 1.7747762e-17 
9.5025458e-17  1.7894741e-17 
1.3217857e-16  1.5849639e-17 

CM Pos
7.5038782      0.012331616   
7.5021571      0.012610397   
7.4932972      0.01420725    
12.990011      0.013878783   

Stress
20.2444      0.0221754    -0.0146043    0.106638     0.0839655    0.0692747   
0.0221754    20.2763      -0.016264     0.0839655    0.0997218    0.0517681   
-0.0146043   -0.016264    20.2842       0.0692747    0.0517681    0.0636542   

Stress Spherical
0            0            0             0            0            0           
0            0            0             0            0            0           
0            0            0             0            0            0           

Inertia
149.931      -56.3101     -56.1822      0.326483     0.112211     0.144666    
-56.3101     149.957      -56.1745      0.112211     0.335107     0.189401    
-56.1822     -56.1745     150.088       0.144666     0.189401     0.272433    

Bond Length
0.61928785    0.002317439 

BB bond length
0.61928785    0.002317439 

Water EE distance
0             0           

PEG EE distance
7.2221037     0.16015435  

BBB P2(x)
0.50480677    0.011586996 

BBB first bond length
0.61915984    0.0023520901

BBB second bond length
0.61946408    0.0027005299

BBB <phi**2>/<phi>**2
1.2204779     0.013036911 

Time = 17000
Temperature
1.0097429     0.0047050455

Pressure
23.266253     0.055812213 

CM Mom
2.558401e-17   2.1573475e-17 
-9.1278483e-17 2.8021009e-17 
9.9956911e-17  1.9429643e-17 
1.4270067e-16  1.5566296e-17 

CM Pos
7.5093755      0.01525035    
7.50394        0.018403957   
7.4993887      0.006751526   
12.997738      0.0094034348  

Stress
20.2547      -0.00107302  -0.0376219    0.0886436    0.0699731    0.0927594   
-0.00107302  20.2702      0.000965669   0.0699731    0.117391     0.0613042   
-0.0376219   0.000965669  20.2122       0.0927594    0.0613042    0.0763925   

Stress Spherical
0            0            0             0            0            0           
0            0            0             0            0            0           
0            0            0             0            0            0           

Inertia
150.061      -56.3624     -56.3075      0.285909     0.141333     0.127927    
-56.3624     150.146      -56.3147      0.141333     0.302512     0.141925    
-56.3075     -56.3147     150.196       0.127927     0.141925     0.215714    

Bond Length
0.61992529    0.0030736476

BB bond length
0.61992529    0.0030736476

Water EE distance
0             0           

PEG EE distance
7.122827      0.11756915  

BBB P2(x)
0.50971186    0.010145697 

BBB first bond length
0.61962107    0.0032325591

BBB second bond length
0.61981958    0.0028539387

BBB <phi**2>/<phi>**2
1.2215384     0.0092910425

Time = 18000
Temperature
1.0120274     0.0064673525

Pressure
23.308572     0.064153757 

CM Mom
1.7936793e-17  1.2791239e-17 
-9.7260392e-17 1.6993397e-17 
9.5618728e-17  1.2685201e-17 
1.392153e-16   1.2516319e-17 

CM Pos
7.505364       0.012526974   
7.5055743      0.011566822   
7.506966       0.0085658887  
13.000728      0.010745344   

Stress
20.2745      0.00390339   0.0239585     0.0498172    0.0480349    0.061034    
0.00390339   20.2819      -0.0115448    0.0480349    0.12284      0.0754196   
0.0239585    -0.0115448   20.2872       0.061034     0.0754196    0.0774172   

Stress Spherical
0            0            0             0            0            0           
0            0            0             0            0            0           
0            0            0             0            0            0           

Inertia
150.202      -56.3331     -56.3123      0.126271     0.154404     0.134115    
-56.3331     150.193      -56.3759      0.154404     0.186873     0.0866295   
-56.3123     -56.3759     150.17        0.134115     0.0866295    0.335937    

Bond Length
0.61940452    0.0023926544

BB bond length
0.61940452    0.0023926544

Water EE distance
0             0           

PEG EE distance
7.0566414     0.17535318  

BBB P2(x)
0.50371881    0.013300097 

BBB first bond length
0.61936199    0.00249636  

BBB second bond length
0.61981453    0.0022501366

BBB <phi**2>/<phi>**2
1.2259353     0.0085559479

Time = 19000
Temperature
1.0073359     0.0047171021

Pressure
23.304859     0.067077067 

CM Mom
4.6460898e-18  1.0816966e-17 
-1.1340253e-16 3.0122878e-17 
9.0566311e-17  1.5281315e-17 
1.4655724e-16  2.9374552e-17 

CM Pos
7.4974896      0.011330632   
7.5009685      0.0083571877  
7.5007259      0.017033571   
12.989924      0.011453588   

Stress
20.2796      -0.0590986   0.00722608    0.126633     0.0615109    0.0543868   
-0.0590986   20.2949      -0.0343049    0.0615109    0.0654186    0.0707589   
0.00722608   -0.0343049   20.3          0.0543868    0.0707589    0.0964849   

Stress Spherical
0            0            0             0            0            0           
0            0            0             0            0            0           
0            0            0             0            0            0           

Inertia
150.034      -56.2346     -56.2452      0.241146     0.142686     0.148787    
-56.2346     149.995      -56.2538      0.142686     0.242059     0.173521    
-56.2452     -56.2538     149.983       0.148787     0.173521     0.313421    

Bond Length
0.61910048    0.0017996761

BB bond length
0.61910048    0.0017996761

Water EE distance
0             0           

PEG EE distance
7.2190625     0.17072835  

BBB P2(x)
0.51342929    0.0085797138

BBB first bond length
0.61893367    0.001951517 

BBB second bond length
0.61915337    0.0019554133

BBB <phi**2>/<phi>**2
1.2273889     0.0044484365

Time = 20000
Temperature
1.0099687     0.0083943025

Pressure
23.29845      0.084857924 

CM Mom
1.0997762e-17  1.3417711e-17 
-1.3843554e-16 2.8874482e-17 
1.2356826e-16  2.5807077e-17 
1.8856908e-16  2.5998839e-17 

CM Pos
7.5034325      0.0070568594  
7.5002257      0.01285742    
7.5001316      0.011489272   
12.992578      0.011262623   

Stress
20.2474      -0.00624638  0.0439536     0.0972466    0.0519201    0.085479    
-0.00624638  20.253       0.0296898     0.0519201    0.0807875    0.0703518   
0.0439536    0.0296898    20.3312       0.085479     0.0703518    0.122514    

Stress Spherical
0            0            0             0            0            0           
0            0            0             0            0            0           
0            0            0             0            0            0           

Inertia
150.016      -56.2738     -56.2586      0.319279     0.146702     0.184342    
-56.2738     150.061      -56.2754      0.146702     0.247128     0.142369    
-56.2586     -56.2754     150.057       0.184342     0.142369     0.187706    

Bond Length
0.62031546    0.0026270145

BB bond length
0.62031546    0.0026270145

Water EE distance
0             0           

PEG EE distance
7.4459373     0.09795611  

BBB P2(x)
0.5091559     0.015214982 

BBB first bond length
0.62034632    0.0030725819

BBB second bond length
0.62034699    0.0024804332

BBB <phi**2>/<phi>**2
1.2292375     0.010277935 

Time = 21000
Temperature
1.0135129     0.0045680481

Pressure
23.259809     0.11757348  

CM Mom
3.8249965e-17  8.7789364e-18 
-1.5875716e-16 1.7600266e-17 
1.1561561e-16  1.9160597e-17 
2.0089088e-16  2.0753017e-17 

CM Pos
7.5029868      0.017657782   
7.5055743      0.01111923    
7.5041431      0.013438324   
12.997737      0.0088741975  

Stress
20.2609      0.0163441    0.00311723    0.105645     0.0657046    0.0716239   
0.0163441    20.23        -0.032406     0.0657046    0.120138     0.0575179   
0.00311723   -0.032406    20.193        0.0716239    0.0575179    0.171427    

Stress Spherical
0            0            0             0            0            0           
0            0            0             0            0            0           
0            0            0             0            0            0           

Inertia
150.138      -56.293      -56.3322      0.334103     0.14079      0.114056    
-56.293      150.101      -56.2957      0.14079      0.207633     0.148117    
-56.3322     -56.2957     150.116       0.114056     0.148117     0.229622    

Bond Length
0.61877993    0.0020520914

BB bond length
0.61877993    0.0020520914

Water EE distance
0             0           

PEG EE distance
7.4846192     0.20119443  

BBB P2(x)
0.51678054    0.016089198 

BBB first bond length
0.61862635    0.0020744709

BBB second bond length
0.61880217    0.0023141502

BBB <phi**2>/<phi>**2
1.2272905     0.01611122  

Time = 22000
Temperature
1.0110191     0.010970846 

Pressure
23.329639     0.092471861 

CM Mom
1.2983347e-17  2.1719255e-17 
-1.4297819e-16 2.3248307e-17 
1.2063998e-16  2.2494417e-17 
1.904683e-16   2.013386e-17  

CM Pos
7.5044725      0.012939566   
7.4956199      0.0085607331  
7.5114232      0.010168347   
12.997043      0.011212996   

Stress
20.2976      -0.0203156   -0.0146852    0.0729894    0.0778942    0.0466959   
-0.0203156   20.311       0.0287807     0.0778942    0.121197     0.0727128   
-0.0146852   0.0287807    20.3072       0.0466959    0.0727128    0.133594    

Stress Spherical
0            0            0             0            0            0           
0            0            0             0            0            0           
0            0            0             0            0            0           

Inertia
150.1        -56.2456     -56.3818      0.209786     0.111627     0.158889    
-56.2456     150.241      -56.2944      0.111627     0.295063     0.111536    
-56.3818     -56.2944     149.984       0.158889     0.111536     0.223154    

Bond Length
0.61918968    0.002451319 

BB bond length
0.61918968    0.002451319 

Water EE distance
0             0           

PEG EE distance
7.1490414     0.18868929  

BBB P2(x)
0.50488978    0.0093265207

BBB first bond length
0.61936455    0.0026807946

BBB second bond length
0.61918148    0.0025692365

BBB <phi**2>/<phi>**2
1.2205406     0.010451556 

Time = 23000
Temperature
1.0098017     0.0073621864

Pressure
23.27379      0.091554249 

CM Mom
9.1739655e-19  2.8040684e-17 
-1.6601359e-16 1.5920694e-17 
1.1218437e-16  1.9893291e-17 
2.0351703e-16  1.2766926e-17 

CM Pos
7.4954095      0.010103011   
7.4994828      0.018077212   
7.5035488      0.015696162   
12.989503      0.012245623   

Stress
20.3         0.0166104    -0.0115886    0.0608336    0.0753509    0.0765484   
0.0166104    20.2367      -0.0011605    0.0753509    0.142458     0.0631335   
-0.0115886   -0.0011605   20.2226       0.0765484    0.0631335    0.12747     

Stress Spherical
0            0            0             0            0            0           
0            0            0             0            0            0           
0            0            0             0            0            0           

Inertia
150.062      -56.2067     -56.2429      0.268722     0.156512     0.166453    
-56.2067     149.99       -56.2819      0.156512     0.328425     0.194237    
-56.2429     -56.2819     149.936       0.166453     0.194237     0.263654    

Bond Length
0.62057685    0.0031861527

BB bond length
0.62057685    0.0031861527

Water EE distance
0             0           

PEG EE distance
6.9211066     0.24783374  

BBB P2(x)
0.49555954    0.011350769 

BBB first bond length
0.62053066    0.0032813674

BBB second bond length
0.62041631    0.0031680365

BBB <phi**2>/<phi>**2
1.2225165     0.008664027 

Time = 24000
Temperature
1.0094045     0.0086697666

Pressure
23.343176     0.096319646 

CM Mom
3.1521245e-17  2.8069505e-17 
-1.6303267e-16 1.1013524e-17 
9.9247076e-17  1.8311125e-17 
1.9613646e-16  1.4078476e-17 

CM Pos
7.4977867      0.011038535   
7.5057229      0.014263074   
7.5007259      0.0076396356  
12.992835      0.014291292   

Stress
20.3358      -0.00440523  0.00227402    0.131633     0.0859818    0.0671121   
-0.00440523  20.3051      0.0322115     0.0859818    0.107869     0.0770906   
0.00227402   0.0322115    20.33         0.0671121    0.0770906    0.145068    

Stress Spherical
0            0            0             0            0            0           
0            0            0             0            0            0           
0            0            0             0            0            0           

Inertia
150.121      -56.3003     -56.2498      0.209107     0.190621     0.123587    
-56.3003     149.959      -56.2414      0.190621     0.167534     0.13277     
-56.2498     -56.2414     150.046       0.123587     0.13277      0.351662    

Bond Length
0.61848012    0.0025416206

BB bond length
0.61848012    0.0025416206

Water EE distance
0             0           

PEG EE distance
6.8814333     0.19099529  

BBB P2(x)
0.5113095     0.019536175 

BBB first bond length
0.61870188    0.0024276546

BBB second bond length
0.61827035    0.0027092793

BBB <phi**2>/<phi>**2
1.2303058     0.010435469 

Time = 25000
Temperature
1.0114918     0.00506003  

Pressure
23.322394     0.10237529  

CM Mom
1.3390086e-17  7.6422508e-18 
-1.526969e-16  1.3979285e-17 
9.1836976e-17  1.7245137e-17 
1.7942816e-16  1.692409e-17  

CM Pos
7.4988267      0.0098563837  
7.5005228      0.014946986   
7.5066688      0.0062753701  
12.993864      0.013445961   

Stress
20.2637      -0.0051367   -0.0130935    0.150846     0.0478819    0.0452311   
-0.0051367   20.3354      -0.00487591   0.0478819    0.141794     0.062586    
-0.0130935   -0.00487591  20.2907       0.0452311    0.062586     0.111349    

Stress Spherical
0            0            0             0            0            0           
0            0            0             0            0            0           
0            0            0             0            0            0           

Inertia
150.144      -56.2382     -56.321       0.298782     0.220398     0.158742    
-56.2382     150.123      -56.2927      0.220398     0.216487     0.147776    
-56.321      -56.2927     150.018       0.158742     0.147776     0.31128     

Bond Length
0.61725204    0.0022695437

BB bond length
0.61725204    0.0022695437

Water EE distance
0             0           

PEG EE distance
6.9466468     0.19726405  

BBB P2(x)
0.51193623    0.011932282 

BBB first bond length
0.61727157    0.0023113075

BBB second bond length
0.61720865    0.0022047804

BBB <phi**2>/<phi>**2
1.2255477     0.010972806 

Time = 26000
Temperature
1.0084003     0.0090268421

Pressure
23.273848     0.068412009 

CM Mom
-1.9996331e-17 1.2804704e-17 
-1.2719138e-16 2.3493496e-17 
1.0557834e-16  1.2534174e-17 
1.6786187e-16  2.0486339e-17 

CM Pos
7.4998668      0.013424355   
7.5011171      0.018172816   
7.5031031      0.0073989102  
12.992759      0.0090053986  

Stress
20.2556      0.0147725    -0.00491443   0.0929425    0.052749     0.0971599   
0.0147725    20.2597      -0.0101187    0.052749     0.0637614    0.0349334   
-0.00491443  -0.0101187   20.2566       0.0971599    0.0349334    0.0676644   

Stress Spherical
0            0            0             0            0            0           
0            0            0             0            0            0           
0            0            0             0            0            0           

Inertia
150.087      -56.2395     -56.3048      0.333448     0.147023     0.122907    
-56.2395     150.042      -56.2911      0.147023     0.189619     0.180716    
-56.3048     -56.2911     150.04        0.122907     0.180716     0.232596    

Bond Length
0.61836695    0.0031928998

BB bond length
0.61836695    0.0031928998

Water EE distance
0             0           

PEG EE distance
6.721215      0.3415521   

BBB P2(x)
0.51151935    0.012742585 

BBB first bond length
0.61861338    0.0030601013

BBB second bond length
0.61845563    0.0031247063

BBB <phi**2>/<phi>**2
1.2295718     0.010007422 

Time = 27000
Temperature
1.0112842     0.0061428787

Pressure
23.292174     0.083235393 

CM Mom
-6.5217905e-17 1.489375e-17  
-1.5017922e-16 2.2653482e-17 
7.7029145e-17  3.1269532e-17 
1.8357273e-16  2.7468173e-17 

CM Pos
7.5003125      0.011139064   
7.5036429      0.012416352   
7.5017659      0.0098653379  
12.993694      0.011072324   

Stress
20.253       -0.0513945   0.0249222     0.129489     0.0677047    0.074376    
-0.0513945   20.3033      0.0167445     0.0677047    0.118546     0.0614933   
0.0249222    0.0167445    20.2447       0.074376     0.0614933    0.151723    

Stress Spherical
0            0            0             0            0            0           
0            0            0             0            0            0           
0            0            0             0            0            0           

Inertia
150.097      -56.3033     -56.2533      0.230818     0.145567     0.135275    
-56.3033     150.034      -56.2889      0.145567     0.321117     0.119751    
-56.2533     -56.2889     150.074       0.135275     0.119751     0.262224    

Bond Length
0.6200492     0.0017791417

BB bond length
0.6200492     0.0017791417

Water EE distance
0             0           

PEG EE distance
6.6006113     0.11699686  

BBB P2(x)
0.50409735    0.010842616 

BBB first bond length
0.62035294    0.0018716406

BBB second bond length
0.61994469    0.0016750859

BBB <phi**2>/<phi>**2
1.221054      0.010945383 

Time = 28000
Temperature
1.0086396     0.0050983298

Pressure
23.26287      0.071917643 

CM Mom
-7.1084075e-17 1.8770124e-17 
-1.6800701e-16 1.3122979e-17 
1.034478e-16   2.3960885e-17 
2.1140853e-16  1.9642684e-17 

CM Pos
7.5044725      0.010016335   
7.4979971      0.0083307324  
7.5081546      0.014407818   
12.996527      0.010189661   

Stress
20.3197      -0.0350485   0.0096608     0.0832071    0.0849712    0.0479924   
-0.0350485   20.2104      0.0143255     0.0849712    0.121846     0.0633211   
0.0096608    0.0143255    20.2067       0.0479924    0.0633211    0.100957    

Stress Spherical
0            0            0             0            0            0           
