Time = 1000
Temperature
    1.186778    0.30416751

Pressure
   23.817635     1.3217386

CM Mom
-7.030121e-18  2.55799e-17   
-6.3117075e-18 2.7398465e-17 
-2.0736913e-16 4.3645026e-16 
2.5131733e-16  4.1451738e-16 

CM Pos
7.4924685      0.032910796   
7.5040453      0.019191023   
7.4992047      0.011846552   
12.987941      0.028649871   

Stress
20.263       0.0241437    0.0278655     0.466189     0.0772333    0.0593982   
0.0241437    20.3008      0.017072      0.0772333    0.412873     0.066836    
0.0278655    0.017072     20.2335       0.0593982    0.066836     0.397916    

Stress Spherical
0            0            0             0            0            0           
0            0            0             0            0            0           
0            0            0             0            0            0           

Inertia
150.27       -56.2335     -56.1866      1.8214       0.306152     0.302554    
-56.2335     150.11       -56.2918      0.306152     2.12586      0.188513    
-56.1866     -56.2918     150.17        0.302554     0.188513     2.1891      

Bond Length
0.61974143    0.0098172935

BB bond length
0.61974143    0.0098172935

Water EE distance
0             0           

PEG EE distance
7.6019565     0.2043398   

BBB P2(x)
0.47785119    0.062173608 

BBB first bond length
0.61977336    0.010085195 

BBB second bond length
0.61976596    0.0098200243

BBB <phi**2>/<phi>**2
1.2193584     0.014740772 

Time = 2000
Temperature
1.0104986     0.0073937557

Pressure
22.905484     0.117049    

CM Mom
1.76723e-17    1.5253906e-17 
-4.4223169e-18 2.3149624e-17 
-6.7191794e-17 2.4638456e-17 
7.7363496e-17  1.5399156e-17 

CM Pos
7.5007845      0.019003378   
7.5018178      0.015963593   
7.5011352      0.011465327   
12.992551      0.020787469   

Stress
19.9598      0.00978197   -0.0382321    0.143808     0.0484859    0.101475    
0.00978197   19.834       -0.0373252    0.0484859    0.108352     0.0842827   
-0.0382321   -0.0373252   19.8497       0.101475     0.0842827    0.131516    

Stress Spherical
0            0            0             0            0            0           
0            0            0             0            0            0           
0            0            0             0            0            0           

Inertia
149.963      -56.3114     -56.2587      0.433519     0.299645     0.155966    
-56.3114     149.949      -56.2611      0.299645     0.501589     0.192639    
-56.2587     -56.2611     149.954       0.155966     0.192639     0.627821    

Bond Length
0.61611582    0.0015075356

BB bond length
0.61611582    0.0015075356

Water EE distance
0             0           

PEG EE distance
7.3251041     0.08808563  

BBB P2(x)
0.5167689     0.004623711 

BBB first bond length
0.61611199    0.001607964 

BBB second bond length
0.61595842    0.0014795691

BBB <phi**2>/<phi>**2
1.2275198     0.006195192 

