Time = 1000
Temperature
   1.0996166    0.13220771

Pressure
   23.701814    0.65805745

CM Mom
7.4509833e-18  2.4603688e-17 
1.9126155e-17  2.323173e-17  
-1.3740988e-16 1.9731994e-16 
1.7759941e-16  1.6685763e-16 

CM Pos
7.505536       0.01526002    
7.4993575      0.0096265852  
7.4917973      0.035600797   
12.988518      0.021544996   

Stress
20.4402      -0.0270815   0.0261888     0.296551     0.0549622    0.0463433   
-0.0270815   20.3862      0.0206809     0.0549622    0.309268     0.0515181   
0.0261888    0.0206809    20.4039       0.0463433    0.0515181    0.261796    

Stress Spherical
0            0            0             0            0            0           
0            0            0             0            0            0           
0            0            0             0            0            0           

Inertia
149.959      -56.2949     -56.244       0.666132     0.120545     0.268436    
-56.2949     150.055      -56.1623      0.120545     0.845266     0.324216    
-56.244      -56.1623     150.187       0.268436     0.324216     1.41086     

Bond Length
0.62100429    0.0057286244

BB bond length
0.62100429    0.0057286244

Water EE distance
0             0           

PEG EE distance
6.6507301     0.28249048  

BBB P2(x)
0.46920139    0.065052226 

BBB first bond length
0.62095542    0.0058445283

BBB second bond length
0.62096106    0.0055321628

BBB <phi**2>/<phi>**2
1.2200674     0.015750488 

Time = 2000
Temperature
1.0179374     0.010132268 

Pressure
23.240945     0.11558339  

CM Mom
1.2832455e-18  1.4456477e-17 
1.5306638e-17  1.9055592e-17 
1.9806926e-17  2.6471431e-17 
3.9561728e-17  1.8329372e-17 

CM Pos
7.4981124      0.01636145    
7.4980212      0.016469549   
7.5075352      0.016428676   
12.992526      0.013136944   

Stress
20.2042      -0.00836928  0.00291825    0.152002     0.103464     0.0575268   
-0.00836928  20.184       0.0557169     0.103464     0.15025      0.0696771   
0.00291825   0.0557169    20.1931       0.0575268    0.0696771    0.106672    

Stress Spherical
0            0            0             0            0            0           
0            0            0             0            0            0           
0            0            0             0            0            0           

Inertia
149.951      -56.2232     -56.2884      0.455748     0.207291     0.139266    
-56.2232     149.973      -56.2779      0.207291     0.293865     0.161373    
-56.2884     -56.2779     149.826       0.139266     0.161373     0.537739    

Bond Length
0.61935538    0.0022740253

BB bond length
0.61935538    0.0022740253

Water EE distance
0             0           

PEG EE distance
7.127261      0.078274681 

BBB P2(x)
0.51242311    0.012031848 

BBB first bond length
0.61930832    0.0022958944

BBB second bond length
0.61914687    0.0022739764

BBB <phi**2>/<phi>**2
1.2244568     0.011845624 

Time = 3000
Temperature
1.0098374     0.0079692233

Pressure
23.227144     0.096805277 

CM Mom
-1.8848407e-17 1.5241234e-17 
2.5667657e-17  2.8930651e-17 
5.2555099e-18  3.1321543e-17 
5.4280936e-17  1.2066826e-17 

CM Pos
7.4944007      0.016391736   
7.5000998      0.0080352722  
7.511247       0.012710518   
12.993719      0.010982037   

Stress
20.2106      0.00142549   -0.0232807    0.114443     0.0367378    0.0798987   
0.00142549   20.2014      -0.0336411    0.0367378    0.118948     0.0534569   
-0.0232807   -0.0336411   20.2007       0.0798987    0.0534569    0.147478    

Stress Spherical
0            0            0             0            0            0           
0            0            0             0            0            0           
0            0            0             0            0            0           

Inertia
150.105      -56.2273     -56.2654      0.177382     0.156018     0.114051    
-56.2273     150.063      -56.3867      0.156018     0.292656     0.140472    
-56.2654     -56.3867     149.845       0.114051     0.140472     0.347767    

Bond Length
0.61883937    0.0022164186

BB bond length
0.61883937    0.0022164186

Water EE distance
0             0           

PEG EE distance
7.1024729     0.07255765  

BBB P2(x)
0.51833788    0.0056428238

BBB first bond length
0.61887492    0.0023107479

BBB second bond length
0.61889435    0.0021716149

BBB <phi**2>/<phi>**2
1.2310859     0.0038713479

Time = 4000
Temperature
1.0093511     0.0068656102

Pressure
23.185179     0.076735752 

CM Mom
-5.7643026e-18 1.7504309e-17 
2.941602e-17   4.4532259e-17 
-2.8098983e-18 1.5677491e-17 
5.2430782e-17  2.6320045e-17 

CM Pos
7.4941037      0.010899209   
7.5063356      0.014401663   
7.5035265      0.015586601   
12.992694      0.0072789592  

Stress
20.2106      -0.0317635   -0.0210194    0.108985     0.0643399    0.0919194   
-0.0317635   20.1616      -0.024152     0.0643399    0.094723     0.0469654   
-0.0210194   -0.024152    20.1189       0.0919194    0.0469654    0.123065    

Stress Spherical
0            0            0             0            0            0           
0            0            0             0            0            0           
0            0            0             0            0            0           

Inertia
150.109      -56.2566     -56.239       0.245044     0.192781     0.0571546   
-56.2566     149.94       -56.2891      0.192781     0.161598     0.12471     
-56.239      -56.2891     149.964       0.0571546    0.12471      0.304516    

Bond Length
0.61990413    0.0025673623

BB bond length
0.61990413    0.0025673623

Water EE distance
0             0           

PEG EE distance
6.8746399     0.086718797 

BBB P2(x)
0.51409492    0.0046079828

BBB first bond length
0.61994867    0.0025377189

BBB second bond length
0.61996156    0.0023380276

BBB <phi**2>/<phi>**2
1.2297157     0.0068175067

Time = 5000
Temperature
1.0090975     0.0067532991

Pressure
23.191167     0.075582143 

CM Mom
-1.5537408e-17 1.2890374e-17 
-2.2935781e-17 1.4924313e-17 
-3.726879e-17  2.1003396e-17 
5.1109941e-17  1.9345212e-17 

CM Pos
7.5043482      0.012820172   
7.4981697      0.0093241523  
7.4972907      0.02105198    
12.990293      0.012236157   

Stress
20.153       -0.0163809   0.0650644     0.111029     0.0510399    0.0592491   
-0.0163809   20.2277      -0.0248057    0.0510399    0.107883     0.0735362   
0.0650644    -0.0248057   20.1307       0.0592491    0.0735362    0.112176    

Stress Spherical
0            0            0             0            0            0           
0            0            0             0            0            0           
0            0            0             0            0            0           

Inertia
149.884      -56.2607     -56.2472      0.358327     0.141125     0.174319    
-56.2607     150.004      -56.2071      0.141125     0.310751     0.12528     
-56.2472     -56.2071     149.999       0.174319     0.12528      0.214082    

Bond Length
0.61766255    0.002476394 

BB bond length
0.61766255    0.002476394 

Water EE distance
0             0           

PEG EE distance
7.2376207     0.13559695  

BBB P2(x)
0.51206176    0.0105342   

BBB first bond length
0.61753462    0.0025049725

BBB second bond length
0.61745779    0.0024366815

BBB <phi**2>/<phi>**2
1.2268021     0.0098863738

Time = 6000
Temperature
1.0095728     0.0058063722

Pressure
23.1906       0.10090385  

CM Mom
-1.6304993e-18 1.6010207e-17 
-1.8492224e-17 3.04458e-17   
-2.4994853e-17 2.1845118e-17 
4.4195683e-17  2.6011303e-17 

CM Pos
7.5068722      0.010524681   
7.5033662      0.012640957   
7.4940244      0.019095093   
12.992857      0.018689749   

Stress
20.189       -0.0538837   0.00441272    0.140251     0.0766189    0.143967    
-0.0538837   20.1511      -0.00407564   0.0766189    0.138934     0.0615804   
0.00441272   -0.00407564  20.1653       0.143967     0.0615804    0.127085    

Stress Spherical
0            0            0             0            0            0           
0            0            0             0            0            0           
0            0            0             0            0            0           

Inertia
149.929      -56.3172     -56.2828      0.399417     0.187999     0.199239    
-56.3172     149.991      -56.2569      0.187999     0.382354     0.216326    
-56.2828     -56.2569     150.137       0.199239     0.216326     0.326063    

Bond Length
0.61836701    0.0021411037

BB bond length
0.61836701    0.0021411037

Water EE distance
0             0           

PEG EE distance
6.9415387     0.12234527  

BBB P2(x)
0.51896449    0.0095719196

BBB first bond length
0.61834387    0.002093026 

BBB second bond length
0.61835458    0.0021698094

BBB <phi**2>/<phi>**2
1.2268007     0.0066535662

Time = 7000
Temperature
1.0121804     0.0048039574

Pressure
23.205107     0.077449535 

CM Mom
-3.6780053e-17 3.5851994e-17 
-5.7185607e-18 1.8086628e-17 
-3.6024144e-17 1.8935007e-17 
6.4686617e-17  2.1676732e-17 

CM Pos
7.5083569      0.0132339     
7.506781       0.016681665   
7.5060505      0.01653567    
13.002634      0.014913799   

Stress
20.1822      -0.0428353   -0.0279975    0.0990065    0.085693     0.06928     
-0.0428353   20.1954      0.0204192     0.085693     0.0725589    0.0679879   
-0.0279975   0.0204192    20.1479       0.06928      0.0679879    0.119934    

Stress Spherical
0            0            0             0            0            0           
0            0            0             0            0            0           
0            0            0             0            0            0           

Inertia
150.175      -56.3728     -56.3274      0.365064     0.144622     0.195699    
-56.3728     150.205      -56.3453      0.144622     0.336832     0.182903    
-56.3274     -56.3453     150.227       0.195699     0.182903     0.226076    

Bond Length
0.6196507     0.0029233836

BB bond length
0.6196507     0.0029233836

Water EE distance
0             0           

PEG EE distance
7.057128      0.12715094  

BBB P2(x)
0.5144232     0.0091656871

BBB first bond length
0.61969177    0.0028359942

BBB second bond length
0.61974169    0.0029546033

BBB <phi**2>/<phi>**2
1.2294552     0.00896231  

Time = 8000
Temperature
1.0112883     0.0055181328

Pressure
23.218752     0.14073556  

CM Mom
-5.771418e-17  5.3133467e-18 
-1.5965706e-18 9.0806079e-18 
-3.3117404e-17 1.0943663e-17 
6.7864511e-17  7.4228752e-18 

CM Pos
7.5003395      0.019668312   
7.5054448      0.0088896669  
7.5005571      0.0139444     
12.994059      0.015724663   

Stress
20.1293      0.0413187    -0.00674812   0.136109     0.109768     0.0659819   
0.0413187    20.2268      -0.0100918    0.109768     0.17456      0.0850127   
-0.00674812  -0.0100918   20.2183       0.0659819    0.0850127    0.155612    

Stress Spherical
0            0            0             0            0            0           
0            0            0             0            0            0           
0            0            0             0            0            0           

Inertia
150.076      -56.2736     -56.2561      0.25348      0.173945     0.25254     
-56.2736     150.004      -56.26        0.173945     0.451512     0.149684    
-56.2561     -56.26       150.073       0.25254      0.149684     0.294671    

Bond Length
0.6190462     0.0022922487

BB bond length
0.6190462     0.0022922487

Water EE distance
0             0           

PEG EE distance
7.0813042     0.18575687  

BBB P2(x)
0.50836543    0.0095094009

BBB first bond length
0.61914244    0.0025518633

BBB second bond length
0.61909299    0.0023811322

BBB <phi**2>/<phi>**2
1.2244458     0.011323129 

Time = 9000
Temperature
1.0118972     0.0072763585

Pressure
23.199205     0.13023883  

CM Mom
-7.3181533e-17 3.0617274e-17 
2.184869e-17   3.7464219e-17 
-3.3611225e-17 9.4032648e-18 
9.342254e-17   2.5773085e-17 

CM Pos
7.500488       0.010239101   
7.5064841      0.010536194   
7.4996663      0.011296468   
12.994225      0.0088154655  

Stress
20.1265      0.00192884   0.00181517    0.183639     0.0654111    0.055027    
0.00192884   20.2072      0.00622909    0.0654111    0.116153     0.0594282   
0.00181517   0.00622909   20.1766       0.055027     0.0594282    0.138073    

Stress Spherical
0            0            0             0            0            0           
0            0            0             0            0            0           
0            0            0             0            0            0           

Inertia
150.084      -56.2609     -56.2491      0.185493     0.127465     0.123778    
-56.2609     149.989      -56.2685      0.127465     0.222126     0.125714    
-56.2491     -56.2685     150.087       0.123778     0.125714     0.193331    

Bond Length
0.61796048    0.0016555754

BB bond length
0.61796048    0.0016555754

Water EE distance
0             0           

PEG EE distance
7.0143077     0.057121291 

BBB P2(x)
0.50677694    0.013093439 

BBB first bond length
0.61798055    0.0017547233

BBB second bond length
0.61776262    0.0015844371

BBB <phi**2>/<phi>**2
1.2262466     0.0089506588

Time = 10000
Temperature
1.0082292     0.0039822349

Pressure
23.201036     0.05232219  

CM Mom
-8.4328543e-17 1.0295669e-17 
1.6673538e-17  9.4179982e-18 
-2.8473984e-17 1.7658546e-17 
9.2691103e-17  1.0721985e-17 

CM Pos
7.4952915      0.012298004   
7.5012876      0.011071778   
7.503378       0.012156482   
12.99037       0.010142016   

Stress
20.1957      0.0138673    0.024284      0.060196     0.0675947    0.0830847   
0.0138673    20.1955      0.0271526     0.0675947    0.111952     0.0576967   
0.024284     0.0271526    20.1576       0.0830847    0.0576967    0.109059    

Stress Spherical
0            0            0             0            0            0           
0            0            0             0            0            0           
0            0            0             0            0            0           

Inertia
150.056      -56.2075     -56.2298      0.283716     0.0969706    0.152019    
-56.2075     149.976      -56.263       0.0969706    0.273854     0.160456    
-56.2298     -56.263      149.925       0.152019     0.160456     0.190121    

Bond Length
0.61853165    0.0021896274

BB bond length
0.61853165    0.0021896274

Water EE distance
0             0           

PEG EE distance
7.052038      0.14832407  

BBB P2(x)
0.50898334    0.009418148 

BBB first bond length
0.61839969    0.0021585585

BBB second bond length
0.61846058    0.0018967832

BBB <phi**2>/<phi>**2
1.2195669     0.0097759294

Time = 11000
Temperature
1.0126588     0.01021258  

Pressure
23.274379     0.095301437 

CM Mom
-7.9959574e-17 1.1053499e-17 
1.6880956e-17  2.9220799e-17 
-3.1471521e-17 1.3998e-17    
9.3565769e-17  9.2942229e-18 

CM Pos
7.5019727      0.019717005   
7.4984666      0.009933126   
7.5023387      0.020790677   
12.992007      0.018831179   

Stress
20.2515      -0.0343376   -0.0577382    0.155737     0.071392     0.0708365   
-0.0343376   20.2258      0.0374103     0.071392     0.122696     0.0471056   
-0.0577382   0.0374103    20.2516       0.0708365    0.0471056    0.100864    

Stress Spherical
0            0            0             0            0            0           
0            0            0             0            0            0           
0            0            0             0            0            0           

Inertia
150.002      -56.2544     -56.2656      0.408611     0.163946     0.266012    
-56.2544     150.051      -56.2184      0.163946     0.399201     0.226352    
-56.2656     -56.2184     149.992       0.266012     0.226352     0.388174    

Bond Length
0.61939499    0.0019181359

BB bond length
0.61939499    0.0019181359

Water EE distance
0             0           

PEG EE distance
6.8293534     0.11745945  

BBB P2(x)
0.50189264    0.010367928 

BBB first bond length
0.61963297    0.001967445 

BBB second bond length
0.61931386    0.0020999272

BBB <phi**2>/<phi>**2
1.2226207     0.009109599 

Time = 12000
Temperature
1.0078648     0.008251304 

Pressure
23.189002     0.060126673 

CM Mom
-7.7421655e-17 1.2435047e-17 
2.6941013e-17  2.0250496e-17 
-2.5316557e-17 1.1301363e-17 
8.8130635e-17  1.6919926e-17 

CM Pos
7.5019727      0.0074175964  
7.4962396      0.013146999   
7.5004086      0.013978346   
12.989596      0.012373483   

Stress
20.2198      -0.0269484   0.0136302     0.0956427    0.0544207    0.066922    
-0.0269484   20.1398      -0.0193335    0.0544207    0.121204     0.0727363   
0.0136302    -0.0193335   20.1563       0.066922     0.0727363    0.0935943   

Stress Spherical
0            0            0             0            0            0           
0            0            0             0            0            0           
0            0            0             0            0            0           

Inertia
149.926      -56.2478     -56.2858      0.284854     0.10847      0.147062    
-56.2478     150.027      -56.2423      0.10847      0.266457     0.201073    
-56.2858     -56.2423     149.949       0.147062     0.201073     0.282576    

Bond Length
0.61940809    0.0027476517

BB bond length
0.61940809    0.0027476517

Water EE distance
0             0           

PEG EE distance
6.9336767     0.092557721 

BBB P2(x)
0.51769533    0.014793697 

BBB first bond length
0.61960627    0.002632953 

BBB second bond length
0.61922859    0.0025576785

BBB <phi**2>/<phi>**2
1.2287701     0.0096818309

Time = 13000
Temperature
1.0097313     0.0076196123

Pressure
23.15819      0.12930618  

CM Mom
-6.1919961e-17 1.8559491e-17 
5.8950722e-18  2.1927618e-17 
-2.5219442e-17 1.0586469e-17 
7.0667824e-17  2.117217e-17  

CM Pos
7.5047936      0.022275066   
7.5052963      0.012997764   
7.49833        0.014784586   
12.995272      0.012300307   

Stress
20.149       -0.0137099   -0.0347535    0.132485     0.0787329    0.0801212   
-0.0137099   20.102       -0.00387687   0.0787329    0.170225     0.0722213   
-0.0347535   -0.00387687  20.1558       0.0801212    0.0722213    0.160341    

Stress Spherical
0            0            0             0            0            0           
0            0            0             0            0            0           
0            0            0             0            0            0           

Inertia
150.047      -56.3479     -56.28        0.302703     0.202236     0.163097    
-56.3479     150.059      -56.2598      0.202236     0.300565     0.174748    
-56.28       -56.2598     150.146       0.163097     0.174748     0.391069    

Bond Length
0.6192117     0.0019410141

BB bond length
0.6192117     0.0019410141

Water EE distance
0             0           

PEG EE distance
7.1826677     0.17748761  

BBB P2(x)
0.51327929    0.01162226  

BBB first bond length
0.61924545    0.001849164 

BBB second bond length
0.61911793    0.0020150748

BBB <phi**2>/<phi>**2
1.2276807     0.0084395697

Time = 14000
Temperature
1.0096701     0.008895933 

Pressure
23.181087     0.094262358 

CM Mom
-6.0805535e-17 1.778631e-17  
2.7403652e-17  2.1047784e-17 
-3.4720981e-17 1.5463242e-17 
7.8437963e-17  2.235575e-17  

CM Pos
7.4932129      0.014578134   
7.5026238      0.018451038   
7.503675       0.016043087   
12.99012       0.018088513   

Stress
20.1641      -0.0101964   -0.0478837    0.0719004    0.0878132    0.0763944   
-0.0101964   20.1671      0.0197241     0.0878132    0.149414     0.0626619   
-0.0478837   0.0197241    20.1448       0.0763944    0.0626619    0.116853    

Stress Spherical
0            0            0             0            0            0           
0            0            0             0            0            0           
0            0            0             0            0            0           

Inertia
150.084      -56.232      -56.209       0.344821     0.222445     0.162084    
-56.232      149.943      -56.2709      0.222445     0.333754     0.17107     
-56.209      -56.2709     149.925       0.162084     0.17107      0.452473    

Bond Length
0.61844164    0.0023044695

BB bond length
0.61844164    0.0023044695

Water EE distance
0             0           

PEG EE distance
6.9321521     0.16585663  

BBB P2(x)
0.50960689    0.0085838033

BBB first bond length
0.61849585    0.002395005 

BBB second bond length
0.61844939    0.0026174908

BBB <phi**2>/<phi>**2
1.2254871     0.0068378386

Time = 15000
Temperature
1.0142341     0.0090094132

Pressure
23.235387     0.07297643  

CM Mom
-1.1052697e-16 1.3425476e-17 
5.3825981e-17  2.6422304e-17 
-1.7602661e-17 2.4730282e-17 
1.2921618e-16  1.4712168e-17 

CM Pos
7.500191       0.010890104   
7.5015845      0.01643203    
7.5030811      0.011675504   
12.993197      0.014716788   

Stress
20.1977      0.0310177    -0.00161946   0.114135     0.0861264    0.0822962   
0.0310177    20.141       0.0238657     0.0861264    0.0887822    0.0969541   
-0.00161946  0.0238657    20.2592       0.0822962    0.0969541    0.120578    

Stress Spherical
0            0            0             0            0            0           
0            0            0             0            0            0           
0            0            0             0            0            0           

Inertia
150.041      -56.2476     -56.2977      0.362313     0.185321     0.104311    
-56.2476     150.044      -56.2687      0.185321     0.206196     0.199868    
-56.2977     -56.2687     150.004       0.104311     0.199868     0.369741    

Bond Length
0.61880819    0.0013644098

BB bond length
0.61880819    0.0013644098

Water EE distance
0             0           

PEG EE distance
7.1260082     0.13829167  

BBB P2(x)
0.51983718    0.011325729 

BBB first bond length
0.61881655    0.0015212351

BBB second bond length
0.61890401    0.0012800019

BBB <phi**2>/<phi>**2
1.2273999     0.008104059 

Time = 16000
Temperature
1.0104188     0.0054147738

Pressure
23.17973      0.073949429 

CM Mom
-6.4594076e-17 2.8758341e-17 
6.6932613e-17  1.1347644e-17 
-2.8913683e-17 1.794154e-17  
1.0115725e-16  2.3093107e-17 

CM Pos
7.4985578      0.012588534   
7.4917855      0.012026131   
7.4929851      0.011788241   
12.98077       0.0094728992  

Stress
20.1569      -0.043165    -0.0276768    0.110251     0.0787205    0.0512441   
-0.043165    20.1424      -0.00566689   0.0787205    0.102903     0.0612673   
-0.0276768   -0.00566689  20.1659       0.0512441    0.0612673    0.0871545   

Stress Spherical
0            0            0             0            0            0           
0            0            0             0            0            0           
0            0            0             0            0            0           

Inertia
149.737      -56.1732     -56.1826      0.284101     0.123887     0.0930348   
-56.1732     149.862      -56.1592      0.123887     0.214262     0.155799    
-56.1826     -56.1592     149.82        0.0930348    0.155799     0.276092    

Bond Length
0.61939316    0.0021107256

BB bond length
0.61939316    0.0021107256

Water EE distance
0             0           

PEG EE distance
7.2395169     0.1046975   

BBB P2(x)
0.51709612    0.0086786601

BBB first bond length
0.61947252    0.0020240165

BBB second bond length
0.61930868    0.0022023404

BBB <phi**2>/<phi>**2
1.2228133     0.0074834439

Time = 17000
Temperature
1.0075479     0.0077030142

Pressure
23.255974     0.082382228 

CM Mom
-5.1985866e-17 2.7630783e-17 
8.0700511e-17  1.5242903e-17 
-5.7373794e-18 2.1796887e-17 
1.0177133e-16  1.9013867e-17 

CM Pos
7.5047936      0.014764444   
7.5066325      0.0091052646  
7.4996663      0.016658524   
12.9968        0.015020713   

Stress
20.2137      -0.00308972  0.0292681     0.125239     0.0558107    0.0624641   
-0.00308972  20.2589      -0.018374     0.0558107    0.0721656    0.0885293   
0.0292681    -0.018374    20.2471       0.0624641    0.0885293    0.1278      

Stress Spherical
0            0            0             0            0            0           
0            0            0             0            0            0           
0            0            0             0            0            0           

Inertia
150.077      -56.2984     -56.2751      0.272027     0.153219     0.185029    
-56.2984     150.07       -56.2743      0.153219     0.373049     0.139195    
-56.2751     -56.2743     150.174       0.185029     0.139195     0.29909     

Bond Length
0.61783013    0.0013849485

BB bond length
0.61783013    0.0013849485

Water EE distance
0             0           

PEG EE distance
7.4937471     0.10107497  

BBB P2(x)
0.51140034    0.016394024 

BBB first bond length
0.6177545     0.0012708073

BBB second bond length
0.61783303    0.001525555 

BBB <phi**2>/<phi>**2
1.2247022     0.0052754636

Time = 18000
Temperature
1.0072716     0.0098483801

Pressure
23.155565     0.084612147 

CM Mom
-5.7596872e-17 9.3441512e-18 
8.545547e-17   1.9206425e-17 
-4.9676519e-17 2.2537714e-17 
1.1717937e-16  1.7914695e-17 

CM Pos
7.4993002      0.013132739   
7.4959426      0.008062659   
7.4996663      0.016737731   
12.987456      0.012243243   

Stress
20.1122      -0.0349279   0.0193355     0.124882     0.0697653    0.0529545   
-0.0349279   20.1819      0.00402564    0.0697653    0.101516     0.0864707   
0.0193355    0.00402564   20.1268       0.0529545    0.0864707    0.120059    

Stress Spherical
0            0            0             0            0            0           
0            0            0             0            0            0           
0            0            0             0            0            0           

Inertia
149.911      -56.2022     -56.2569      0.213749     0.156194     0.177927    
-56.2022     149.974      -56.2209      0.156194     0.30688      0.120301    
-56.2569     -56.2209     149.906       0.177927     0.120301     0.292682    

Bond Length
0.6193796     0.0016955291

BB bond length
0.6193796     0.0016955291

Water EE distance
0             0           

PEG EE distance
7.5223227     0.12952445  

BBB P2(x)
0.51774814    0.0087491304

BBB first bond length
0.61937485    0.0015985035

BBB second bond length
0.6191841     0.0017770334

BBB <phi**2>/<phi>**2
1.225085      0.0056931222

Time = 19000
Temperature
1.0119613     0.005267734 

Pressure
23.243178     0.055107409 

CM Mom
-5.4916644e-17 1.278471e-17  
5.6041373e-17  1.8398316e-17 
-5.176169e-17  2.1127571e-17 
9.8074586e-17  1.2862441e-17 

CM Pos
7.4997456      0.012117433   
7.499209       0.0097370103  
7.4966968      0.0094707583  
12.987876      0.013405032   

Stress
20.2406      -0.00835901  0.0467499     0.0665096    0.0714508    0.0885514   
-0.00835901  20.2208      -0.000241695  0.0714508    0.091683     0.115292    
0.0467499    -0.000241695 20.1802       0.0885514    0.115292     0.0938106   

Stress Spherical
0            0            0             0            0            0           
0            0            0             0            0            0           
0            0            0             0            0            0           

Inertia
149.945      -56.2364     -56.2124      0.267778     0.122744     0.18363     
-56.2364     149.941      -56.2244      0.122744     0.270303     0.137151    
-56.2124     -56.2244     149.977       0.18363      0.137151     0.27382     

Bond Length
0.61882543    0.0029322899

BB bond length
0.61882543    0.0029322899

Water EE distance
0             0           

PEG EE distance
8.0747758     0.25344741  

BBB P2(x)
0.52863076    0.01080943  

BBB first bond length
0.61898226    0.0028297586

BBB second bond length
0.61868617    0.0030913423

BBB <phi**2>/<phi>**2
1.2295571     0.005890384 

Time = 20000
Temperature
1.0092543     0.010300321 

Pressure
23.211779     0.10597455  

CM Mom
-6.9196906e-17 2.0315726e-17 
4.6907829e-17  2.6314922e-17 
-4.8242174e-17 1.5822639e-17 
1.0114238e-16  2.1015295e-17 

CM Pos
7.4991517      0.01193413    
7.5041085      0.013115943   
7.5064959      0.012405084   
12.996026      0.013208684   

Stress
20.1804      -0.0100654   0.0291649     0.12898      0.0587787    0.0932468   
-0.0100654   20.2557      0.0262844     0.0587787    0.131936     0.0638779   
0.0291649    0.0262844    20.1357       0.0932468    0.0638779    0.105475    

Stress Spherical
0            0            0             0            0            0           
0            0            0             0            0            0           
0            0            0             0            0            0           

Inertia
150.136      -56.2608     -56.2793      0.277062     0.191303     0.137175    
-56.2608     150.098      -56.331       0.191303     0.186966     0.159706    
-56.2793     -56.331      150.043       0.137175     0.159706     0.288297    

Bond Length
0.61901742    0.0033703489

BB bond length
0.61901742    0.0033703489

Water EE distance
0             0           

PEG EE distance
7.818326      0.15403311  

BBB P2(x)
0.51822763    0.010642479 

BBB first bond length
0.61914583    0.0034545161

BBB second bond length
0.61914192    0.0034153274

BBB <phi**2>/<phi>**2
1.2251107     0.0089924402

Time = 21000
Temperature
1.0102826     0.0073281652

Pressure
23.147727     0.048224445 

CM Mom
-8.43214e-17   1.7876814e-17 
4.55831e-17    1.6073821e-17 
-2.8442253e-17 2.21886e-17   
1.0268102e-16  2.2886013e-17 

CM Pos
7.4995971      0.014820326   
7.5000998      0.011276938   
7.5075352      0.01424391    
12.994571      0.014273683   

Stress
20.0611      -0.0119298   -0.00692295   0.0918026    0.0511987    0.0647601   
-0.0119298   20.1504      0.00682139    0.0511987    0.10973      0.0463388   
-0.00692295  0.00682139   20.1589       0.0647601    0.0463388    0.120634    

Stress Spherical
0            0            0             0            0            0           
0            0            0             0            0            0           
0            0            0             0            0            0           

Inertia
150.099      -56.2386     -56.295       0.276851     0.155715     0.162355    
-56.2386     150.093      -56.2872      0.155715     0.320452     0.121748    
-56.295      -56.2872     149.978       0.162355     0.121748     0.321237    

Bond Length
0.61885096    0.002466626 

BB bond length
0.61885096    0.002466626 

Water EE distance
0             0           

PEG EE distance
7.3255553     0.18062079  

BBB P2(x)
0.51307406    0.011563196 

BBB first bond length
0.61859186    0.0025124345

BBB second bond length
0.61886035    0.0026233465

BBB <phi**2>/<phi>**2
1.2252057     0.007594037 

Time = 22000
Temperature
1.0111022     0.0078981554

Pressure
23.172951     0.050786498 

CM Mom
-9.8584354e-17 2.5760725e-17 
2.8493215e-17  1.7147827e-17 
-4.7809068e-17 2.1985977e-17 
1.1763135e-16  2.0502607e-17 

CM Pos
7.5021211      0.016019024   
7.4981697      0.013675438   
7.5119893      0.022282487   
12.997502      0.015294089   

Stress
20.1451      -0.00431441  -0.0341273    0.11774      0.089348     0.0483356   
-0.00431441  20.1672      -0.0185626    0.089348     0.111501     0.0643565   
-0.0341273   -0.0185626   20.1263       0.0483356    0.0643565    0.0870248   

Stress Spherical
0            0            0             0            0            0           
0            0            0             0            0            0           
0            0            0             0            0            0           

Inertia
150.16       -56.2473     -56.329       0.409879     0.108114     0.158014    
-56.2473     150.236      -56.3372      0.108114     0.383426     0.18341     
-56.329      -56.3372     150.018       0.158014     0.18341      0.253335    

Bond Length
0.61758346    0.001289252 

BB bond length
0.61758346    0.001289252 

Water EE distance
0             0           

PEG EE distance
6.9772463     0.1636691   

BBB P2(x)
0.5123184     0.0079923037

BBB first bond length
0.61752185    0.0014037761

BBB second bond length
0.61747832    0.0012640346

BBB <phi**2>/<phi>**2
1.2289776     0.011909084 

Time = 23000
Temperature
1.0072817     0.0058116784

Pressure
23.156644     0.08550506  

CM Mom
-1.2501479e-16 2.1352844e-17 
5.1826525e-17  1.3917393e-17 
-5.1050973e-17 1.4871806e-17 
1.4610044e-16  2.1127153e-17 

CM Pos
7.4952915      0.0095772266  
7.5027723      0.013113422   
7.5054566      0.0095990675  
12.992426      0.0099695257  

Stress
20.1775      -0.0438107   -0.0044366    0.0986255    0.0773635    0.0548893   
-0.0438107   20.0889      -0.024351     0.0773635    0.168476     0.0486527   
-0.0044366   -0.024351    20.1577       0.0548893    0.0486527    0.0766139   

Stress Spherical
0            0            0             0            0            0           
0            0            0             0            0            0           
0            0            0             0            0            0           

Inertia
150.138      -56.246      -56.2708      0.264644     0.111492     0.0910124   
-56.246      150.02       -56.3198      0.111492     0.12997      0.147628    
-56.2708     -56.3198     149.997       0.0910124    0.147628     0.246294    

Bond Length
0.61905302    0.0027525162

BB bond length
0.61905302    0.0027525162

Water EE distance
0             0           

PEG EE distance
7.5890513     0.22121457  

BBB P2(x)
0.51386895    0.011128236 

BBB first bond length
0.61881553    0.0027284808

BBB second bond length
0.61907061    0.0026700617

BBB <phi**2>/<phi>**2
1.225246      0.007298515 

Time = 24000
Temperature
1.0074101     0.0084597759

Pressure
23.19233      0.08133828  

CM Mom
-1.0148374e-16 1.864739e-17  
4.1164406e-17  3.036171e-17  
-4.9215528e-17 1.5763509e-17 
1.247768e-16   1.9089922e-17 

CM Pos
7.4985578      0.013903237   
7.5081172      0.017467254   
7.4934305      0.011566434   
12.990455      0.020441104   

Stress
20.1453      0.0377895    0.0118363     0.157309     0.0865659    0.0613218   
0.0377895    20.2514      -9.9105e-05   0.0865659    0.0807742    0.0516501   
0.0118363    -9.9105e-05  20.1333       0.0613218    0.0516501    0.129987    

Stress Spherical
0            0            0             0            0            0           
0            0            0             0            0            0           
0            0            0             0            0            0           

Inertia
150.046      -56.3158     -56.2131      0.372126     0.240679     0.188201    
-56.3158     149.885      -56.2803      0.240679     0.338261     0.192578    
-56.2131     -56.2803     150.128       0.188201     0.192578     0.440086    

Bond Length
0.6187724     0.0024000388

BB bond length
0.6187724     0.0024000388

Water EE distance
0             0           

PEG EE distance
7.2773503     0.10234173  

BBB P2(x)
0.51003629    0.008353321 

BBB first bond length
0.61874645    0.0025110699

BBB second bond length
0.6186549     0.0021951913

BBB <phi**2>/<phi>**2
1.2254164     0.0076379672

Time = 25000
Temperature
1.0148887     0.0081919126

Pressure
23.17163      0.075146664 

CM Mom
-1.1335143e-16 1.6484487e-17 
3.711879e-17   2.2061952e-17 
-3.3017129e-17 1.0278426e-17 
1.2586469e-16  1.8403168e-17 

CM Pos
7.5013788      0.013309473   
7.4845104      0.014228425   
7.498627       0.016628724   
12.981465      0.014767456   

Stress
20.1612      0.0240472    -0.0247802    0.165177     0.0752004    0.0624917   
0.0240472    20.1089      -0.046165     0.0752004    0.0888908    0.0302593   
-0.0247802   -0.046165    20.1306       0.0624917    0.0302593    0.108001    

Stress Spherical
0            0            0             0            0            0           
0            0            0             0            0            0           
0            0            0             0            0            0           

Inertia
149.758      -56.1292     -56.2023      0.332191     0.15024      0.197624    
-56.1292     150.013      -56.1075      0.15024      0.327964     0.137657    
-56.2023     -56.1075     149.8         0.197624     0.137657     0.285938    

Bond Length
0.61918662    0.0017505769

BB bond length
0.61918662    0.0017505769

Water EE distance
0             0           

PEG EE distance
7.2193445     0.15098947  

BBB P2(x)
0.5140382     0.0072233423

BBB first bond length
0.61901902    0.0017490874

BBB second bond length
0.6191685     0.0016359511

BBB <phi**2>/<phi>**2
1.2257245     0.0073306832

Time = 26000
Temperature
1.0159428     0.01029383  

Pressure
23.224768     0.10149455  

CM Mom
-1.0740608e-16 2.358138e-17  
2.5380569e-17  1.2429987e-17 
-3.6306081e-17 2.5161287e-17 
1.2005039e-16  2.0735269e-17 

CM Pos
7.502715       0.011482271   
7.504554       0.011059825   
7.5005571      0.0098495546  
12.994912      0.0059983611  

Stress
20.1835      0.0562376    0.0658116     0.130215     0.0739576    0.0458774   
0.0562376    20.1692      -0.0274436    0.0739576    0.127876     0.0877363   
0.0658116    -0.0274436   20.1979       0.0458774    0.0877363    0.137294    

Stress Spherical
0            0            0             0            0            0           
0            0            0             0            0            0           
0            0            0             0            0            0           

Inertia
150.053      -56.3492     -56.2643      0.241177     0.141147     0.111725    
-56.3492     150.038      -56.3155      0.141147     0.185443     0.13235     
-56.2643     -56.3155     150.083       0.111725     0.13235      0.198722    

Bond Length
0.61831706    0.0021356005

BB bond length
0.61831706    0.0021356005

Water EE distance
0             0           

PEG EE distance
7.1128794     0.1795254   

BBB P2(x)
0.51419631    0.0050512426

BBB first bond length
0.61840927    0.0022260301

BBB second bond length
0.61821789    0.0021973383

BBB <phi**2>/<phi>**2
1.2267242     0.0046569907

Time = 27000
Temperature
1.0044353     0.0071041318

Pressure
23.150668     0.062688208 

CM Mom
-1.2428278e-16 2.321526e-17  
2.6331808e-17  1.5888625e-17 
-7.7601875e-18 2.0107171e-17 
1.3003443e-16  2.2057571e-17 

CM Pos
7.5009334      0.010398254   
7.4928248      0.015155657   
7.4980331      0.0077717029  
12.985655      0.0094111937  

Stress
20.1664      0.0423223    0.02457       0.0556593    0.0641996    0.090129    
0.0423223    20.1813      -0.0247801    0.0641996    0.136971     0.102863    
0.02457      -0.0247801   20.084        0.090129     0.102863     0.137673    

Stress Spherical
0            0            0             0            0            0           
0            0            0             0            0            0           
0            0            0             0            0            0           

Inertia
149.845      -56.2158     -56.1762      0.205921     0.142925     0.102665    
-56.2158     149.995      -56.1916      0.142925     0.164948     0.133011    
-56.1762     -56.1916     149.907       0.102665     0.133011     0.274843    

Bond Length
0.6189298     0.0027663451

BB bond length
0.6189298     0.0027663451

Water EE distance
0             0           

PEG EE distance
7.2555885     0.13684804  

BBB P2(x)
0.50994572    0.0084446474

BBB first bond length
0.61884428    0.0026453401

BBB second bond length
0.61880288    0.0028543636

BBB <phi**2>/<phi>**2
1.2253787     0.0087271912

Time = 28000
Temperature
1.0073143     0.0073178964

Pressure
23.141518     0.097777506 

CM Mom
-1.3016357e-16 2.4002993e-17 
3.0356682e-17  1.4660011e-17 
4.479134e-18   1.8047565e-17 
1.3581473e-16  2.3564327e-17 

CM Pos
7.5000426      0.013533661   
7.4969819      0.0087534809  
7.4959545      0.014625688   
12.986342      0.0097363526  

Stress
20.1252      0.0079628    0.00205768    0.138261     0.0926528    0.0549217   
0.0079628    20.1511      -0.0273686    0.0926528    0.0979856    0.0782088   
0.00205768   -0.0273686   20.1022       0.0549217    0.0782088    0.142937    

Stress Spherical
0            0            0             0            0            0           
