Time = 1000
Temperature
   1.0732237    0.10065897

Pressure
   23.708472    0.51394719

CM Mom
2.5316437e-17  1.6633296e-17 
-1.2731523e-17 1.2575296e-17 
8.6556581e-17  6.8293149e-17 
9.6612272e-17  6.3717212e-17 

CM Pos
7.5018958      0.014265356   
7.497169       0.014209794   
7.5045422      0.012888862   
12.992483      0.0094399029  

Stress
20.4967      0.00151692   0.00422842    0.23066      0.0602375    0.0640427   
0.00151692   20.5079      0.000558899   0.0602375    0.230054     0.0873305   
0.00422842   0.000558899  20.4675       0.0640427    0.0873305    0.299924    

Stress Spherical
0            0            0             0            0            0           
0            0            0             0            0            0           
0            0            0             0            0            0           

Inertia
150.083      -56.2557     -56.2759      1.0136       0.0716125    0.166267    
-56.2557     150.188      -56.2237      0.0716125    1.43111      0.122329    
-56.2759     -56.2237     150.054       0.166267     0.122329     1.09236     

Bond Length
0.61974254    0.0045061317

BB bond length
0.61974254    0.0045061317

Water EE distance
0             0           

PEG EE distance
6.7680822     0.12318153  

BBB P2(x)
0.47521673    0.058264403 

BBB first bond length
0.61991655    0.0048808292

BBB second bond length
0.61966854    0.0043867814

BBB <phi**2>/<phi>**2
1.2219758     0.014274455 

Time = 2000
Temperature
1.0121691     0.007314397 

Pressure
23.371221     0.11887175  

CM Mom
3.595196e-17   1.5888133e-17 
1.1862018e-17  1.9877006e-17 
3.0705308e-17  4.0889251e-17 
6.3612838e-17  2.5474157e-17 

CM Pos
7.504564       0.015251027   
7.5010231      0.010833404   
7.5042458      0.014090999   
12.996076      0.0090586372  

Stress
20.2991      -0.0361743   -0.0171954    0.170586     0.0481085    0.0610386   
-0.0361743   20.3519      0.0384087     0.0481085    0.0708274    0.0470921   
-0.0171954   0.0384087    20.3585       0.0610386    0.0470921    0.124443    

Stress Spherical
0            0            0             0            0            0           
0            0            0             0            0            0           
0            0            0             0            0            0           

Inertia
149.945      -56.2764     -56.3496      0.247021     0.164735     0.125791    
-56.2764     150.004      -56.3127      0.164735     0.344804     0.212588    
-56.3496     -56.3127     149.967       0.125791     0.212588     0.40134     

Bond Length
0.61905676    0.0020792788

BB bond length
0.61905676    0.0020792788

Water EE distance
0             0           

PEG EE distance
6.7768354     0.21909609  

BBB P2(x)
0.50848835    0.011579549 

BBB first bond length
0.61908735    0.0019741215

BBB second bond length
0.6192352     0.0020764882

BBB <phi**2>/<phi>**2
1.2292042     0.008062553 

Time = 3000
Temperature
1.0104737     0.0099724421

Pressure
23.341461     0.068349386 

CM Mom
4.9564507e-17  1.8598553e-17 
1.9116073e-17  2.2720495e-17 
4.5905799e-17  1.4535074e-17 
7.5056691e-17  1.9217067e-17 

CM Pos
7.4967075      0.020160095   
7.5039878      0.0098339806  
7.4954998      0.012177927   
12.9882        0.016750281   

Stress
20.3163      -0.01935     -0.000400648  0.0933319    0.0525304    0.081774    
-0.01935     20.338       0.00238707    0.0525304    0.0697942    0.0634333   
-0.000400648 0.00238707   20.2812       0.081774     0.0634333    0.0982022   

Stress Spherical
0            0            0             0            0            0           
0            0            0             0            0            0           
0            0            0             0            0            0           

Inertia
149.949      -56.2588     -56.2094      0.270522     0.147409     0.244706    
-56.2588     149.831      -56.236       0.147409     0.506887     0.105593    
-56.2094     -56.236      149.985       0.244706     0.105593     0.349672    

Bond Length
0.61807876    0.0023504711

BB bond length
0.61807876    0.0023504711

Water EE distance
0             0           

PEG EE distance
6.9500138     0.13645672  

BBB P2(x)
0.5102216     0.01003331  

BBB first bond length
0.61797175    0.0022997237

BBB second bond length
0.61826951    0.0025924398

BBB <phi**2>/<phi>**2
1.2263637     0.0054404179

Time = 4000
Temperature
1.0118386     0.0053303794

Pressure
23.357796     0.061174761 

CM Mom
2.4039198e-17  2.4429582e-17 
2.2421425e-17  1.6992503e-17 
6.1191458e-17  1.468991e-17  
7.5962628e-17  1.24908e-17   

CM Pos
7.5023405      0.017849977   
7.4918325      0.014314563   
7.4959445      0.013485402   
12.984699      0.012290358   

Stress
20.3272      -0.00585356  0.0361447     0.0674798    0.0597962    0.0756818   
-0.00585356  20.3115      0.053736      0.0597962    0.085824     0.0796618   
0.0361447    0.053736     20.3335       0.0756818    0.0796618    0.128094    

Stress Spherical
0            0            0             0            0            0           
0            0            0             0            0            0           
0            0            0             0            0            0           

Inertia
149.778      -56.1808     -56.218       0.279535     0.180394     0.151146    
-56.1808     149.92       -56.1166      0.180394     0.321473     0.176154    
-56.218      -56.1166     149.874       0.151146     0.176154     0.274983    

Bond Length
0.61927229    0.002490438 

BB bond length
0.61927229    0.002490438 

Water EE distance
0             0           

PEG EE distance
6.7154611     0.17005252  

BBB P2(x)
0.50744928    0.0074411976

BBB first bond length
0.61924978    0.0024333964

BBB second bond length
0.61910904    0.0027054554

BBB <phi**2>/<phi>**2
1.2246361     0.0078989963

Time = 5000
Temperature
1.0101748     0.0077406711

Pressure
23.335098     0.071871701 

CM Mom
-5.7170616e-18 1.8564158e-17 
6.1171434e-17  1.7546256e-17 
8.1467236e-17  3.1950231e-17 
1.0774684e-16  2.1805401e-17 

CM Pos
7.497004       0.012599187   
7.4982066      0.012987368   
7.5063211      0.011554803   
12.99128       0.011676071   

Stress
20.3472      -0.0334118   0.0352533     0.0895373    0.060877     0.0892028   
-0.0334118   20.303       -0.0347399    0.060877     0.122756     0.0724575   
0.0352533    -0.0347399   20.2689       0.0892028    0.0724575    0.0688104   

Stress Spherical
0            0            0             0            0            0           
0            0            0             0            0            0           
0            0            0             0            0            0           

Inertia
150.037      -56.2505     -56.268       0.290952     0.145398     0.0932861   
-56.2505     150.03       -56.2874      0.145398     0.180804     0.153834    
-56.268      -56.2874     149.898       0.0932861    0.153834     0.26554     

Bond Length
0.61937443    0.0020794566

BB bond length
0.61937443    0.0020794566

Water EE distance
0             0           

PEG EE distance
6.8191337     0.19312748  

BBB P2(x)
0.50868478    0.0070518177

BBB first bond length
0.61938562    0.0019822749

BBB second bond length
0.61935761    0.002234903 

BBB <phi**2>/<phi>**2
1.2286424     0.011140474 

Time = 6000
Temperature
1.0111628     0.0070290088

Pressure
23.328754     0.076093501 

CM Mom
-2.0853848e-17 2.3864492e-17 
6.2456217e-17  2.3952769e-17 
1.1005392e-16  1.9507095e-17 
1.3327001e-16  1.4505446e-17 

CM Pos
7.4937428      0.012039099   
7.5017643      0.013021163   
7.4950551      0.019768257   
12.98495       0.016589242   

Stress
20.3082      -0.0307386   0.0116049     0.0956171    0.0535742    0.0480257   
-0.0307386   20.262       0.0137407     0.0535742    0.0777091    0.112803    
0.0116049    0.0137407    20.321        0.0480257    0.112803     0.125159    

Stress Spherical
0            0            0             0            0            0           
0            0            0             0            0            0           
0            0            0             0            0            0           

Inertia
149.92       -56.1897     -56.1752      0.454732     0.198802     0.149878    
-56.1897     149.788      -56.1756      0.198802     0.327487     0.189536    
-56.1752     -56.1756     149.887       0.149878     0.189536     0.294283    

Bond Length
0.61923583    0.0014938376

BB bond length
0.61923583    0.0014938376

Water EE distance
0             0           

PEG EE distance
7.1722347     0.23586816  

BBB P2(x)
0.51617292    0.014581885 

BBB first bond length
0.61933976    0.0014804837

BBB second bond length
0.61906832    0.0015537237

BBB <phi**2>/<phi>**2
1.2280056     0.010578235 

Time = 7000
Temperature
1.0083582     0.010809008 

Pressure
23.325682     0.056058349 

CM Mom
-3.2953677e-17 1.7048968e-17 
5.4127213e-17  7.9082874e-18 
1.0371051e-16  2.310266e-17  
1.2389323e-16  1.7577765e-17 

CM Pos
7.4964111      0.017146746   
7.4958349      0.0086384834  
7.4969822      0.018257114   
12.984174      0.019900078   

Stress
20.3133      -0.0416164   -0.00786368   0.0513205    0.0703758    0.0598495   
-0.0416164   20.2826      0.0171734     0.0703758    0.0883941    0.0738141   
-0.00786368  0.0171734    20.3113       0.0598495    0.0738141    0.100962    

Stress Spherical
0            0            0             0            0            0           
0            0            0             0            0            0           
0            0            0             0            0            0           

Inertia
149.852      -56.1926     -56.2065      0.3122       0.171813     0.248646    
-56.1926     149.852      -56.2024      0.171813     0.451196     0.198801    
-56.2065     -56.2024     149.844       0.248646     0.198801     0.23792     

Bond Length
0.62059882    0.0034855019

BB bond length
0.62059882    0.0034855019

Water EE distance
0             0           

PEG EE distance
7.2480023     0.081857022 

BBB P2(x)
0.51432214    0.0081729996

BBB first bond length
0.62046156    0.003405013 

BBB second bond length
0.62038448    0.0036468413

BBB <phi**2>/<phi>**2
1.2260171     0.0070351619

Time = 8000
Temperature
1.0057702     0.0082823274

Pressure
23.280795     0.064096111 

CM Mom
-2.4317192e-17 2.3118429e-17 
4.7186399e-17  1.3588389e-17 
1.04529e-16    2.8604466e-17 
1.2060504e-16  2.7128177e-17 

CM Pos
7.4986346      0.012192354   
7.5010231      0.014449018   
7.4928316      0.01644618    
12.986062      0.014991158   

Stress
20.2241      0.0446631    0.00858753    0.117322     0.0650158    0.0664812   
0.0446631    20.2991      0.03423       0.0650158    0.117686     0.0903683   
0.00858753   0.03423      20.2726       0.0664812    0.0903683    0.062995    

Stress Spherical
0            0            0             0            0            0           
0            0            0             0            0            0           
0            0            0             0            0            0           

Inertia
149.9        -56.2223     -56.2405      0.267584     0.143374     0.176919    
-56.2223     149.847      -56.2178      0.143374     0.365356     0.133778    
-56.2405     -56.2178     149.983       0.176919     0.133778     0.328449    

Bond Length
0.61911479    0.0028883771

BB bond length
0.61911479    0.0028883771

Water EE distance
0             0           

PEG EE distance
7.0014409     0.10363131  

BBB P2(x)
0.50833731    0.012774798 

BBB first bond length
0.61914596    0.0030765313

BBB second bond length
0.61925888    0.0029296336

BBB <phi**2>/<phi>**2
1.2224547     0.010216926 

Time = 9000
Temperature
1.0115475     0.0039848502

Pressure
23.307376     0.075894686 

CM Mom
-2.8178808e-17 2.057436e-17  
7.6817581e-17  1.8239931e-17 
8.5736998e-17  1.1873805e-17 
1.2100796e-16  1.7316991e-17 

CM Pos
7.4973005      0.0065358457  
7.4968725      0.0098874629  
7.4952034      0.012752604   
12.984255      0.010297537   

Stress
20.2792      0.0631003    0.00136467    0.127473     0.0834813    0.0641731   
0.0631003    20.3192      0.0324313     0.0834813    0.113038     0.056718    
0.00136467   0.0324313    20.2251       0.0641731    0.056718     0.129507    

Stress Spherical
0            0            0             0            0            0           
0            0            0             0            0            0           
0            0            0             0            0            0           

Inertia
149.842      -56.2103     -56.1814      0.279157     0.0687288    0.0944553   
-56.2103     149.86       -56.1587      0.0687288    0.210487     0.169855    
-56.1814     -56.1587     149.896       0.0944553    0.169855     0.11309     

Bond Length
0.61877582    0.0018121876

BB bond length
0.61877582    0.0018121876

Water EE distance
0             0           

PEG EE distance
7.1515913     0.17330012  

BBB P2(x)
0.51401717    0.0092873127

BBB first bond length
0.61867799    0.002229472 

BBB second bond length
0.61891779    0.0018242939

BBB <phi**2>/<phi>**2
1.2226185     0.0072607078

Time = 10000
Temperature
1.0095055     0.011707805 

Pressure
23.348636     0.058961368 

CM Mom
-3.5600318e-17 2.0284252e-17 
3.439508e-17   1.1585761e-17 
1.0082181e-16  2.0258016e-17 
1.1439495e-16  2.2029606e-17 

CM Pos
7.5057499      0.0067296528  
7.5011714      0.012987368   
7.5051352      0.011657043   
12.997354      0.0076778127  

Stress
20.3359      0.0144261    0.060213      0.130832     0.10033      0.0607691   
0.0144261    20.3133      0.0106578     0.10033      0.0866714    0.0865933   
0.060213     0.0106578    20.3165       0.0607691    0.0865933    0.131445    

Stress Spherical
0            0            0             0            0            0           
0            0            0             0            0            0           
0            0            0             0            0            0           

Inertia
150.063      -56.2913     -56.298       0.228847     0.111754     0.13514     
-56.2913     150.154      -56.2717      0.111754     0.204452     0.11881     
-56.298      -56.2717     150.088       0.13514      0.11881      0.234443    

Bond Length
0.61937598    0.002273845 

BB bond length
0.61937598    0.002273845 

Water EE distance
0             0           

PEG EE distance
6.9654946     0.10087069  

BBB P2(x)
0.51400629    0.013484634 

BBB first bond length
0.61908174    0.0022388384

BBB second bond length
0.61956344    0.0022233929

BBB <phi**2>/<phi>**2
1.2291808     0.0080004944

Time = 11000
Temperature
1.0105584     0.011278455 

Pressure
23.345428     0.07439872  

CM Mom
-2.9272134e-17 2.2715629e-17 
1.904078e-17   2.6955772e-17 
1.2968429e-16  2.8598997e-17 
1.3950756e-16  2.5210725e-17 

CM Pos
7.5075288      0.0092869583  
7.4987996      0.0091089781  
7.5033563      0.0088892169  
12.99598       0.010013895   

Stress
20.3141      -0.00440992  0.0354966     0.110735     0.0814356    0.0848325   
-0.00440992  20.342       -0.004757     0.0814356    0.0987389    0.0532058   
0.0354966    -0.004757    20.2906       0.0848325    0.0532058    0.0916861   

Stress Spherical
0            0            0             0            0            0           
0            0            0             0            0            0           
0            0            0             0            0            0           

Inertia
150.037      -56.2699     -56.3258      0.181025     0.156558     0.158304    
-56.2699     150.162      -56.2353      0.156558     0.230461     0.0860591   
-56.3258     -56.2353     150.105       0.158304     0.0860591    0.231298    

Bond Length
0.62003961    0.0020913186

BB bond length
0.62003961    0.0020913186

Water EE distance
0             0           

PEG EE distance
6.8853591     0.091840166 

BBB P2(x)
0.51267758    0.0094763647

BBB first bond length
0.62013515    0.0019030553

BBB second bond length
0.62024345    0.0019278034

BBB <phi**2>/<phi>**2
1.2306145     0.008948197 

Time = 12000
Temperature
1.0038713     0.0068961165

Pressure
23.280017     0.10506202  

CM Mom
5.9126316e-18  2.4847445e-17 
-4.4907035e-18 1.6187312e-17 
1.2477748e-16  1.1302281e-17 
1.2842774e-16  1.1748546e-17 

CM Pos
7.5079735      0.015726993   
7.5038396      0.017391058   
7.4972787      0.013865415   
12.995653      0.014753156   

Stress
20.2383      -0.00275401  -0.0240061    0.161618     0.0520447    0.0682464   
-0.00275401  20.292       -0.0416598    0.0520447    0.111264     0.113872    
-0.0240061   -0.0416598   20.2803       0.0682464    0.113872     0.144224    

Stress Spherical
0            0            0             0            0            0           
0            0            0             0            0            0           
0            0            0             0            0            0           

Inertia
149.986      -56.3555     -56.3039      0.34514      0.107638     0.217797    
-56.3555     150.073      -56.2638      0.107638     0.363411     0.217877    
-56.3039     -56.2638     150.175       0.217797     0.217877     0.219665    

Bond Length
0.61919443    0.0028638416

BB bond length
0.61919443    0.0028638416

Water EE distance
0             0           

PEG EE distance
6.843118      0.16872651  

BBB P2(x)
0.51747162    0.010532116 

BBB first bond length
0.6193368     0.0027419568

BBB second bond length
0.61906774    0.0029533291

BBB <phi**2>/<phi>**2
1.2340868     0.0064242119

Time = 13000
Temperature
1.0069541     0.0062544645

Pressure
23.353183     0.04246768  

CM Mom
-1.5232652e-17 1.8166333e-17 
-2.4750436e-17 2.207476e-17  
1.0348778e-16  1.3984805e-17 
1.1099655e-16  1.5715898e-17 

CM Pos
7.5082699      0.018263733   
7.4993925      0.012755188   
7.4965375      0.012100997   
12.992827      0.013312686   

Stress
20.3747      0.0279509    -0.0327911    0.0904335    0.0815585    0.051024    
0.0279509    20.2903      -0.0124552    0.0815585    0.0650907    0.0685737   
-0.0327911   -0.0124552   20.3373       0.051024     0.0685737    0.107776    

Stress Spherical
0            0            0             0            0            0           
0            0            0             0            0            0           
0            0            0             0            0            0           

Inertia
149.913      -56.3153     -56.2671      0.264215     0.199402     0.188472    
-56.3153     150.069      -56.1949      0.199402     0.319058     0.139605    
-56.2671     -56.1949     150.098       0.188472     0.139605     0.352932    

Bond Length
0.62033829    0.0019691463

BB bond length
0.62033829    0.0019691463

Water EE distance
0             0           

PEG EE distance
7.4316314     0.24156041  

BBB P2(x)
0.5155233     0.0056794929

BBB first bond length
0.62010174    0.0020231864

BBB second bond length
0.62009867    0.0020127372

BBB <phi**2>/<phi>**2
1.226008      0.0044143832

Time = 14000
Temperature
1.0126541     0.006430057 

Pressure
23.376863     0.081167631 

CM Mom
4.1543121e-17  2.3167423e-17 
-2.0980022e-17 1.9697688e-17 
1.2523994e-16  1.4855008e-17 
1.3736084e-16  1.1332908e-17 

CM Pos
7.5038229      0.014927004   
7.5026537      0.015628883   
7.4980199      0.012299122   
12.992993      0.014692716   

Stress
20.3402      0.0557447    0.0122383     0.11303      0.0596435    0.0770809   
0.0557447    20.3338      0.0212033     0.0596435    0.101143     0.0601216   
0.0122383    0.0212033    20.3481       0.0770809    0.0601216    0.061965    

Stress Spherical
0            0            0             0            0            0           
0            0            0             0            0            0           
0            0            0             0            0            0           

Inertia
149.992      -56.2848     -56.245       0.35251      0.134492     0.135623    
-56.2848     150          -56.3016      0.134492     0.227695     0.18983     
-56.245      -56.3016     150.089       0.135623     0.18983      0.197223    

Bond Length
0.6196348     0.0029310238

BB bond length
0.6196348     0.0029310238

Water EE distance
0             0           

PEG EE distance
7.464638      0.08523655  

BBB P2(x)
0.51737086    0.0076227087

BBB first bond length
0.61935557    0.0030255197

BBB second bond length
0.61961664    0.0029221481

BBB <phi**2>/<phi>**2
1.2227826     0.0097308132

Time = 15000
Temperature
1.0064133     0.0062426343

Pressure
23.32904      0.096617733 

CM Mom
4.7432438e-17  2.0535469e-17 
9.169571e-19   2.0682746e-17 
1.2245423e-16  3.0423077e-17 
1.3539457e-16  2.625015e-17  

CM Pos
7.5035264      0.0090848227  
7.5054702      0.013715635   
7.4931281      0.0092822248  
12.99162       0.01107136    

Stress
20.3134      -0.000741164 0.00817329    0.0958018    0.080988     0.0444355   
-0.000741164 20.2951      0.00343861    0.080988     0.139729     0.0831582   
0.00817329   0.00343861   20.3262       0.0444355    0.0831582    0.180192    

Stress Spherical
0            0            0             0            0            0           
0            0            0             0            0            0           
0            0            0             0            0            0           

Inertia
149.958      -56.2462     -56.2331      0.291555     0.124956     0.105186    
-56.2462     149.955      -56.2284      0.124956     0.175345     0.153455    
-56.2331     -56.2284     150.147       0.105186     0.153455     0.242434    

Bond Length
0.61907634    0.0016561346

BB bond length
0.61907634    0.0016561346

Water EE distance
0             0           

PEG EE distance
7.3528098     0.29099153  

BBB P2(x)
0.50991806    0.008870204 

BBB first bond length
0.61900777    0.0016695714

BBB second bond length
0.61937247    0.001775635 

BBB <phi**2>/<phi>**2
1.2302096     0.0073040268

Time = 16000
Temperature
1.0132514     0.0074859153

Pressure
23.333511     0.084036668 

CM Mom
4.6057414e-17  2.5978923e-17 
-8.7334473e-18 2.473648e-17  
1.3423506e-16  2.5058683e-17 
1.460097e-16   2.850459e-17  

CM Pos
7.5010064      0.0065777372  
7.5071008      0.012451823   
7.5048387      0.012184241   
12.997864      0.011714442   

Stress
20.2655      0.0181548    -0.0149177    0.119018     0.0686483    0.0647618   
0.0181548    20.3133      0.00429102    0.0686483    0.105101     0.0425658   
-0.0149177   0.00429102   20.3078       0.0647618    0.0425658    0.0891018   

Stress Spherical
0            0            0             0            0            0           
0            0            0             0            0            0           
0            0            0             0            0            0           

Inertia
150.15       -56.3074     -56.2819      0.257842     0.135352     0.117046    
-56.3074     150.078      -56.3503      0.135352     0.222294     0.124958    
-56.2819     -56.3503     150.13        0.117046     0.124958     0.283542    

Bond Length
0.61906277    0.0045545778

BB bond length
0.61906277    0.0045545778

Water EE distance
0             0           

PEG EE distance
7.4543182     0.13762645  

BBB P2(x)
0.51080524    0.010076261 

BBB first bond length
0.61898746    0.0048188787

BBB second bond length
0.61884121    0.0045815123

BBB <phi**2>/<phi>**2
1.2277916     0.00982996  

Time = 17000
Temperature
1.0114913     0.005411523 

Pressure
23.301407     0.07334673  

CM Mom
8.5208163e-17  1.6265222e-17 
-1.0218051e-17 2.2318095e-17 
1.3032723e-16  1.3727158e-17 
1.5822594e-16  1.6299269e-17 

CM Pos
7.4999687      0.017403688   
7.502209       0.0072696115  
7.5083964      0.0096569804  
12.996501      0.010332891   

Stress
20.2737      0.034354     0.0236054     0.104819     0.066267     0.0909029   
0.034354     20.2149      -0.0138658    0.066267     0.090145     0.0571114   
0.0236054    -0.0138658   20.3176       0.0909029    0.0571114    0.120468    

Stress Spherical
0            0            0             0            0            0           
0            0            0             0            0            0           
0            0            0             0            0            0           

Inertia
150.127      -56.2759     -56.333       0.185077     0.17371      0.136724    
-56.2759     150.129      -56.3314      0.17371      0.220069     0.11609     
-56.333      -56.3314     150.024       0.136724     0.11609      0.247825    

Bond Length
0.61898758    0.0021412209

BB bond length
0.61898758    0.0021412209

Water EE distance
0             0           

PEG EE distance
7.8188403     0.17632269  

BBB P2(x)
0.51940997    0.0067179524

BBB first bond length
0.61883258    0.0022920155

BBB second bond length
0.6189774     0.0022309981

BBB <phi**2>/<phi>**2
1.2293064     0.0089086635

Time = 18000
Temperature
1.0066391     0.0076464891

Pressure
23.285867     0.095356552 

CM Mom
7.0795781e-17  1.4511715e-17 
1.1695797e-18  2.6818699e-17 
1.4594224e-16  2.1661068e-17 
1.6499141e-16  2.2122759e-17 

CM Pos
7.5044158      0.0096341991  
7.5007266      0.010445117   
7.5057281      0.011324298   
12.996668      0.0076940731  

Stress
20.2858      -0.0131073   -0.0206587    0.140691     0.0445099    0.0607522   
-0.0131073   20.2264      0.0164401     0.0445099    0.0871636    0.0807346   
-0.0206587   0.0164401    20.291        0.0607522    0.0807346    0.0889181   

Stress Spherical
0            0            0             0            0            0           
0            0            0             0            0            0           
0            0            0             0            0            0           

Inertia
150.084      -56.2853     -56.3318      0.169301     0.0878527    0.106292    
-56.2853     150.133      -56.287       0.0878527    0.189335     0.109354    
-56.3318     -56.287      150.061       0.106292     0.109354     0.189121    

Bond Length
0.61933507    0.0026801294

BB bond length
0.61933507    0.0026801294

Water EE distance
0             0           

PEG EE distance
7.8688125     0.15692618  

BBB P2(x)
0.51629419    0.010862219 

BBB first bond length
0.61915898    0.0029903294

BBB second bond length
0.61936869    0.0024131111

BBB <phi**2>/<phi>**2
1.2251745     0.011022881 

Time = 19000
Temperature
1.0108938     0.0058185863

Pressure
23.363649     0.057762953 

CM Mom
6.640684e-17   1.9144481e-17 
1.8752225e-17  1.5439206e-17 
1.1890161e-16  1.4506031e-17 
1.3932026e-16  1.7443503e-17 

CM Pos
7.5057499      0.012278558   
7.5035431      0.009021716   
7.5040975      0.01530568    
12.998126      0.010298605   

Stress
20.3205      0.00831351   -0.0881992    0.10134      0.0806956    0.0792046   
0.00831351   20.3013      -0.0206364    0.0806956    0.0921805    0.0668108   
-0.0881992   -0.0206364   20.3765       0.0792046    0.0668108    0.140746    

Stress Spherical
0            0            0             0            0            0           
0            0            0             0            0            0           
0            0            0             0            0            0           

Inertia
150.098      -56.2926     -56.3214      0.233149     0.133102     0.149783    
-56.2926     150.151      -56.3313      0.133102     0.288915     0.144818    
-56.3214     -56.3313     150.121       0.149783     0.144818     0.229079    

Bond Length
0.61973806    0.0030236406

BB bond length
0.61973806    0.0030236406

Water EE distance
0             0           

PEG EE distance
7.1069487     0.13325753  

BBB P2(x)
0.51164144    0.0099958636

BBB first bond length
0.61968084    0.0030128566

BBB second bond length
0.62006094    0.0030208205

BBB <phi**2>/<phi>**2
1.2236391     0.0089753949

Time = 20000
Temperature
1.0149808     0.0051858486

Pressure
23.346744     0.085509115 

CM Mom
6.3298841e-17  1.8150326e-17 
4.3555051e-17  1.345939e-17  
1.4902816e-16  9.3042145e-18 
1.6881837e-16  1.4515323e-17 

CM Pos
7.507677       0.01089711    
7.5062114      0.013647375   
7.4990575      0.01939627    
12.997875      0.014193147   

Stress
20.3074      0.0201117    -0.0238354    0.125213     0.0597342    0.0688223   
0.0201117    20.3114      0.0127329     0.0597342    0.114969     0.0793753   
-0.0238354   0.0127329    20.292        0.0688223    0.0793753    0.0765699   

Stress Spherical
0            0            0             0            0            0           
0            0            0             0            0            0           
0            0            0             0            0            0           

Inertia
150.052      -56.3349     -56.2954      0.352776     0.164646     0.170302    
-56.3349     150.079      -56.3165      0.164646     0.271975     0.19534     
-56.2954     -56.3165     150.179       0.170302     0.19534      0.300439    

Bond Length
0.61932973    0.0016234365

BB bond length
0.61932973    0.0016234365

Water EE distance
0             0           

PEG EE distance
7.442946      0.15848705  

BBB P2(x)
0.52769088    0.010216308 

BBB first bond length
0.61931109    0.0018165397

BBB second bond length
0.6192996     0.0016621664

BBB <phi**2>/<phi>**2
1.2285042     0.012841254 

Time = 21000
Temperature
1.0108691     0.0063629829

Pressure
23.35114      0.078886032 

CM Mom
1.0839143e-16  3.7372664e-17 
7.2059991e-17  1.266914e-17  
1.5558976e-16  1.6547895e-17 
2.0600512e-16  2.3290867e-17 

CM Pos
7.5024887      0.011336904   
7.5059149      0.014341401   
7.5003916      0.011304878   
12.99547       0.01393748    

Stress
20.33        -0.0235728   -0.0326803    0.0776816    0.077508     0.0621004   
-0.0235728   20.3803      0.0249973     0.077508     0.116529     0.0686277   
-0.0326803   0.0249973    20.2507       0.0621004    0.0686277    0.0940334   

Stress Spherical
0            0            0             0            0            0           
0            0            0             0            0            0           
0            0            0             0            0            0           

Inertia
150.111      -56.327      -56.2881      0.249191     0.163155     0.134712    
-56.327      150.048      -56.3235      0.163155     0.218129     0.170711    
-56.2881     -56.3235     150.13        0.134712     0.170711     0.278227    

Bond Length
0.61972052    0.0026903168

BB bond length
0.61972052    0.0026903168

Water EE distance
0             0           

PEG EE distance
7.1535629     0.21649595  

BBB P2(x)
0.52549905    0.010342957 

BBB first bond length
0.61969465    0.0025622331

BBB second bond length
0.61983842    0.0025863983

BBB <phi**2>/<phi>**2
1.2268055     0.0073325045

Time = 22000
Temperature
1.0105219     0.0086097619

Pressure
23.320667     0.08157968  

CM Mom
9.7260677e-17  1.249374e-17  
6.5550227e-17  2.5286641e-17 
1.726972e-16   2.2215376e-17 
2.1082529e-16  2.0555295e-17 

CM Pos
7.5035264      0.014761209   
7.5030984      0.0044692598  
7.4920904      0.018217956   
12.989658      0.012592315   

Stress
20.2959      0.00620392   -0.0361991    0.101615     0.0984786    0.0822      
0.00620392   20.2652      -0.00467515   0.0984786    0.0824495    0.061679    
-0.0361991   -0.00467515  20.3116       0.0822       0.061679     0.100963    

Stress Spherical
0            0            0             0            0            0           
0            0            0             0            0            0           
0            0            0             0            0            0           

Inertia
149.915      -56.3021     -56.2346      0.250713     0.15662      0.190627    
-56.3021     149.924      -56.176       0.15662      0.345738     0.148658    
-56.2346     -56.176      150.086       0.190627     0.148658     0.223695    

Bond Length
0.62044508    0.00226816  

BB bond length
0.62044508    0.00226816  

Water EE distance
0             0           

PEG EE distance
7.3052879     0.099114636 

BBB P2(x)
0.5228507     0.015201368 

BBB first bond length
0.62034788    0.0023675169

BBB second bond length
0.62040533    0.0021470548

BBB <phi**2>/<phi>**2
1.2242816     0.0099822593

Time = 23000
Temperature
1.0116615     0.007698596 

Pressure
23.321873     0.056646557 

CM Mom
1.1097019e-16  1.3521998e-17 
5.192753e-17   2.5392842e-17 
1.5969385e-16  2.2175479e-17 
2.0384159e-16  1.6762362e-17 

CM Pos
7.4949287      0.023717759   
7.4928701      0.011836623   
7.4938692      0.009850725   
12.979819      0.015212413   

Stress
20.3203      -0.0472388   0.00667054    0.0916754    0.100168     0.0525069   
-0.0472388   20.2433      -0.000321798  0.100168     0.105533     0.0853187   
0.00667054   -0.000321798 20.3024       0.0525069    0.0853187    0.0775704   

Stress Spherical
0            0            0             0            0            0           
0            0            0             0            0            0           
0            0            0             0            0            0           

Inertia
149.801      -56.1617     -56.1698      0.253369     0.251685     0.204516    
-56.1617     149.838      -56.1528      0.251685     0.356056     0.163886    
-56.1698     -56.1528     149.81        0.204516     0.163886     0.407849    

Bond Length
0.62017859    0.0027491419

BB bond length
0.62017859    0.0027491419

Water EE distance
0             0           

PEG EE distance
7.3717248     0.11059986  

BBB P2(x)
0.52085929    0.0064873309

BBB first bond length
0.62008331    0.0027097552

BBB second bond length
0.619948      0.0023877503

BBB <phi**2>/<phi>**2
1.2258726     0.0054129262

Time = 24000
Temperature
1.0065089     0.0068100093

Pressure
23.32169      0.084608533 

CM Mom
1.1393693e-16  1.3115757e-17 
4.7378403e-17  1.8932553e-17 
1.6279308e-16  2.3908198e-17 
2.0544146e-16  2.4975874e-17 

CM Pos
7.5042676      0.016979978   
7.491536       0.01504504    
7.5008363      0.0069291408  
12.988464      0.0069467542  

Stress
20.3434      0.0058689    0.0166509     0.109015     0.0879188    0.0616086   
0.0058689    20.2481      0.00293188    0.0879188    0.105221     0.0588165   
0.0166509    0.00293188   20.3203       0.0616086    0.0588165    0.126433    

Stress Spherical
0            0            0             0            0            0           
0            0            0             0            0            0           
0            0            0             0            0            0           

Inertia
149.874      -56.2111     -56.3128      0.180698     0.134809     0.148002    
-56.2111     150.075      -56.216       0.134809     0.287785     0.0959443   
-56.3128     -56.216      149.924       0.148002     0.0959443    0.183634    

Bond Length
0.61949201    0.0024100791

BB bond length
0.61949201    0.0024100791

Water EE distance
0             0           

PEG EE distance
7.393551      0.23151428  

BBB P2(x)
0.52315182    0.0077490233

BBB first bond length
0.61939018    0.0025359109

BBB second bond length
0.6193476     0.0027315862

BBB <phi**2>/<phi>**2
1.2284727     0.0081285466

Time = 25000
Temperature
1.0084887     0.013304203 

Pressure
23.277735     0.10636642  

CM Mom
1.0691149e-16  2.6713949e-17 
5.1818088e-17  2.7762958e-17 
1.4552847e-16  1.9277253e-17 
1.9174964e-16  1.9540226e-17 

CM Pos
7.5035264      0.011363041   
7.4933148      0.019113248   
7.5046905      0.0089789906  
12.991286      0.010990148   

Stress
20.2776      0.0301035    -0.0117381    0.121461     0.0395787    0.0691617   
0.0301035    20.2593      -0.0478486    0.0395787    0.113095     0.0721971   
-0.0117381   -0.0478486   20.2253       0.0691617    0.0721971    0.120026    

Stress Spherical
0            0            0             0            0            0           
0            0            0             0            0            0           
0            0            0             0            0            0           

Inertia
149.964      -56.2298     -56.2998      0.293049     0.167952     0.144071    
-56.2298     150.129      -56.2452      0.167952     0.214068     0.14764     
-56.2998     -56.2452     149.958       0.144071     0.14764      0.241039    

Bond Length
0.61960541    0.0025857006

BB bond length
0.61960541    0.0025857006

Water EE distance
0             0           

PEG EE distance
7.1321903     0.17311277  

BBB P2(x)
0.51443838    0.0082775039

BBB first bond length
0.61968992    0.0027360206

BBB second bond length
0.61946965    0.0027011954

BBB <phi**2>/<phi>**2
1.2225772     0.0064098009

Time = 26000
Temperature
1.0094268     0.0072228761

Pressure
23.363499     0.088405153 

CM Mom
1.3483048e-16  1.8252567e-17 
8.702178e-17   2.5329793e-17 
1.5586159e-16  1.7905128e-17 
2.250388e-16   2.6415355e-17 

CM Pos
7.5015993      0.0065375266  
7.4977619      0.015816857   
7.4992057      0.020044225   
12.98957       0.016890413   

Stress
20.3275      -0.00669625  0.0118004     0.0853897    0.0664617    0.0655959   
-0.00669625  20.3702      -0.0340037    0.0664617    0.1274       0.0386576   
0.0118004    -0.0340037   20.3133       0.0655959    0.0386576    0.119157    

Stress Spherical
0            0            0             0            0            0           
0            0            0             0            0            0           
0            0            0             0            0            0           

Inertia
149.945      -56.2675     -56.2698      0.393456     0.175298     0.166865    
-56.2675     150.01       -56.2531      0.175298     0.208032     0.221967    
-56.2698     -56.2531     149.983       0.166865     0.221967     0.227388    

Bond Length
0.6176291     0.0034395153

BB bond length
0.6176291     0.0034395153

Water EE distance
0             0           

PEG EE distance
7.0830334     0.16824295  

BBB P2(x)
0.51363801    0.004778896 

BBB first bond length
0.61743375    0.0035266985

BBB second bond length
0.61784193    0.0034444599

BBB <phi**2>/<phi>**2
1.2245002     0.0069024481

Time = 27000
Temperature
1.0149891     0.010138281 

Pressure
23.396759     0.057117395 

CM Mom
1.3724856e-16  1.282304e-17  
1.0049334e-16  2.5771348e-17 
1.9077343e-16  2.2701876e-17 
2.5756049e-16  1.8361564e-17 

CM Pos
7.5033781      0.015291317   
7.5016161      0.0097080429  
7.4963893      0.013862245   
12.991196      0.01092747    

Stress
20.387       0.00760135   -0.00254738   0.127543     0.0422753    0.0880907   
0.00760135   20.3416      0.00812973    0.0422753    0.10564      0.0744484   
-0.00254738  0.00812973   20.3322       0.0880907    0.0744484    0.100799    

Stress Spherical
0            0            0             0            0            0           
0            0            0             0            0            0           
0            0            0             0            0            0           

Inertia
149.987      -56.2841     -56.2665      0.311728     0.135421     0.169135    
-56.2841     150.012      -56.2476      0.135421     0.248671     0.151516    
-56.2665     -56.2476     150.1         0.169135     0.151516     0.224122    

Bond Length
0.61849442    0.0020553225

BB bond length
0.61849442    0.0020553225

Water EE distance
0             0           

PEG EE distance
7.0343111     0.23590084  

BBB P2(x)
0.50895735    0.0088490939

BBB first bond length
0.61845369    0.0019603839

BBB second bond length
0.6186588     0.0020792549

BBB <phi**2>/<phi>**2
1.2248477     0.0088524979

Time = 28000
Temperature
1.0122868     0.005291234 

Pressure
23.351824     0.080294446 

CM Mom
1.2654776e-16  1.3921957e-17 
8.2768887e-17  1.1917562e-17 
2.0940579e-16  1.9734062e-17 
2.5871609e-16  2.2518416e-17 

CM Pos
7.5014511      0.0070843778  
7.4967243      0.016807634   
7.4925351      0.013199664   
12.98503       0.015274856   

Stress
20.3385      0.0259622    -0.0140062    0.125994     0.0513798    0.0917508   
0.0259622    20.3021      -0.0892054    0.0513798    0.132167     0.0745279   
-0.0140062   -0.0892054   20.3097       0.0917508    0.0745279    0.0784186   

Stress Spherical
0            0            0             0            0            0           
