Time = 1000
Temperature
   1.0242872   0.032838041

Pressure
   23.624295     0.1378851

CM Mom
9.1367591e-18  1.8191749e-17 
3.1273038e-17  2.0099765e-17 
-4.6907773e-17 1.9719454e-17 
6.2947223e-17  2.0573449e-17 

CM Pos
7.4962202      0.0092648276  
7.4966026      0.028876165   
7.4971273      0.023013985   
12.984632      0.008779044   

Stress
20.5631      0.0536165    0.0362015     0.131604     0.0679743    0.0482772   
0.0536165    20.5429      0.0122998     0.0679743    0.125595     0.081144    
0.0362015    0.0122998    20.5566       0.0482772    0.081144     0.0855441   

Stress Spherical
0            0            0             0            0            0           
0            0            0             0            0            0           
0            0            0             0            0            0           

Inertia
149.853      -56.174      -56.1998      0.252729     0.232195     0.174266    
-56.174      149.869      -56.1989      0.232195     0.237492     0.146661    
-56.1998     -56.1989     149.851       0.174266     0.146661     0.471015    

Bond Length
0.57040808    0.0050861709

BB bond length
0.57040808    0.0050861709

Water EE distance
0             0           

PEG EE distance
2.2312011     0.13108027  

Time = 2000
Temperature
1.0126841     0.0092731122

Pressure
23.576578     0.045974183 

CM Mom
4.0341615e-17  2.544782e-17  
2.7896603e-17  1.5278998e-17 
-2.5247532e-17 2.2423143e-17 
5.9352272e-17  3.007073e-17  

CM Pos
7.5037825      0.0078811876  
7.4958612      0.016899362   
7.4993515      0.0087018984  
12.989816      0.0082410983  

Stress
20.5261      -0.0191701   -0.0236367    0.0605047    0.0674389    0.0717736   
-0.0191701   20.5882      0.012293      0.0674389    0.0667068    0.0467263   
-0.0236367   0.012293     20.5094       0.0717736    0.0467263    0.0788154   

Stress Spherical
0            0            0             0            0            0           
0            0            0             0            0            0           
0            0            0             0            0            0           

Inertia
149.919      -56.2615     -56.2946      0.207697     0.111346     0.118972    
-56.2615     150.039      -56.2619      0.111346     0.187549     0.115924    
-56.2946     -56.2619     149.966       0.118972     0.115924     0.199628    

Bond Length
0.56781822    0.0028390203

BB bond length
0.56781822    0.0028390203

Water EE distance
0             0           

PEG EE distance
2.2617942     0.13709601  

Time = 3000
Temperature
1.0125524     0.0059449978

Pressure
23.583021     0.13655628  

CM Mom
3.7150657e-17  1.4247401e-17 
6.118107e-18   1.6885945e-17 
-3.5487408e-18 2.2427325e-17 
4.7580486e-17  1.2545992e-17 

CM Pos
7.4974064      0.014095178   
7.5078719      0.017215807   
7.5015757      0.012484608   
12.994357      0.014966431   

Stress
20.5632      0.00257931   -0.0086966    0.113368     0.098168     0.0632644   
0.00257931   20.5521      -0.0153509    0.098168     0.179961     0.0769591   
-0.0086966   -0.0153509   20.5289       0.0632644    0.0769591    0.184743    

Stress Spherical
0            0            0             0            0            0           
0            0            0             0            0            0           
0            0            0             0            0            0           

Inertia
150.133      -56.2681     -56.2247      0.294352     0.135948     0.150728    
-56.2681     149.984      -56.3353      0.135948     0.255611     0.195628    
-56.2247     -56.3353     150.048       0.150728     0.195628     0.374769    

Bond Length
0.56883936    0.0036119449

BB bond length
0.56883936    0.0036119449

Water EE distance
0             0           

PEG EE distance
2.3052039     0.15523956  

