Time = 1000
Temperature
   1.0562837   0.084219082

Pressure
   23.705248    0.45877842

CM Mom
4.2746658e-17  1.7045567e-17 
3.0709164e-18  2.4297996e-17 
1.1048252e-16  1.2455036e-16 
1.5753883e-16  7.495563e-17  

CM Pos
7.4995196      0.013615133   
7.5015899      0.01779786    
7.4949471      0.0071132187  
12.988119      0.013587609   

Stress
20.5669      -0.00965325  -0.00187556   0.21688      0.0667088    0.0635617   
-0.00965325  20.5361      0.0323259     0.0667088    0.289119     0.0477513   
-0.00187556  0.0323259    20.509        0.0635617    0.0477513    0.218402    

Stress Spherical
0            0            0             0            0            0           
0            0            0             0            0            0           
0            0            0             0            0            0           

Inertia
150.008      -56.2633     -56.2141      1.08754      0.210323     0.111977    
-56.2633     149.985      -56.1978      0.210323     1.01496      0.123049    
-56.2141     -56.1978     150.072       0.111977     0.123049     1.18733     

Bond Length
0.61902641    0.0058859499

BB bond length
0.61902641    0.0058859499

Water EE distance
0             0           

PEG EE distance
7.0936112     0.13040888  

BBB P2(x)
0.48019725    0.049648401 

BBB first bond length
0.61908355    0.0058961179

BBB second bond length
0.61924042    0.005911836 

BBB <phi**2>/<phi>**2
1.221869      0.0095873158

Time = 2000
Temperature
1.0117724     0.0063290054

Pressure
23.440233     0.070515847 

CM Mom
5.1539351e-17  2.449703e-17  
2.7350841e-17  1.2101333e-17 
2.5198701e-17  5.6581779e-17 
8.1072569e-17  3.7611577e-17 

CM Pos
7.5001124      0.0089420124  
7.5002561      0.011306384   
7.500282       0.0091351719  
12.990764      0.009643333   

Stress
20.4302      -0.0183295   -0.0128413    0.118981     0.0738054    0.0967525   
-0.0183295   20.3958      0.026765      0.0738054    0.0767749    0.0663331   
-0.0128413   0.026765     20.3915       0.0967525    0.0663331    0.142839    

Stress Spherical
0            0            0             0            0            0           
0            0            0             0            0            0           
0            0            0             0            0            0           

Inertia
149.902      -56.2465     -56.2977      0.404608     0.11961      0.145939    
-56.2465     149.923      -56.2885      0.11961      0.426075     0.138675    
-56.2977     -56.2885     149.904       0.145939     0.138675     0.356793    

Bond Length
0.61824254    0.0030953546

BB bond length
0.61824254    0.0030953546

Water EE distance
0             0           

PEG EE distance
7.6104276     0.16106827  

BBB P2(x)
0.51355471    0.01277778  

BBB first bond length
0.61843904    0.0028433918

BBB second bond length
0.61815093    0.0031373003

BBB <phi**2>/<phi>**2
1.2233146     0.0074630606

Time = 3000
Temperature
1.0114949     0.0042024639

Pressure
23.454095     0.095807158 

CM Mom
2.8206515e-17  1.4288751e-17 
5.6873977e-18  1.6248507e-17 
2.9952275e-17  1.1638633e-17 
4.7108853e-17  1.0463692e-17 

CM Pos
7.5024834      0.018943675   
7.4998115      0.010607902   
7.4952434      0.013793807   
12.988984      0.00737374    

Stress
20.4488      0.0514237    -0.0249272    0.10529      0.089809     0.0639702   
0.0514237    20.4498      0.000235924   0.089809     0.115807     0.0679438   
-0.0249272   0.000235924  20.3629       0.0639702    0.0679438    0.118917    

Stress Spherical
0            0            0             0            0            0           
0            0            0             0            0            0           
0            0            0             0            0            0           

Inertia
149.876      -56.2407     -56.1804      0.301797     0.143279     0.138914    
-56.2407     149.933      -56.2028      0.143279     0.232625     0.125308    
-56.1804     -56.2028     149.97        0.138914     0.125308     0.277183    

Bond Length
0.61839775    0.002703447 

BB bond length
0.61839775    0.002703447 

Water EE distance
0             0           

PEG EE distance
7.7790654     0.18795681  

BBB P2(x)
0.51459131    0.011963932 

BBB first bond length
0.6182018     0.0026212262

BBB second bond length
0.61834698    0.0025093965

BBB <phi**2>/<phi>**2
1.233791      0.012638512 

Time = 4000
Temperature
1.0120737     0.0075626476

Pressure
23.362584     0.062975466 

CM Mom
3.6969045e-18  2.2267026e-17 
1.4056025e-17  1.2595602e-17 
1.4982307e-17  1.6822539e-17 
3.4015168e-17  1.4701845e-17 

CM Pos
7.4978895      0.013234804   
7.5015899      0.016938034   
7.503394       0.019372392   
12.992061      0.017407525   

Stress
20.2863      0.024632     0.0159093     0.148471     0.0552462    0.0743721   
0.024632     20.3287      0.0112073     0.0552462    0.0851802    0.0550755   
0.0159093    0.0112073    20.3668       0.0743721    0.0550755    0.0998934   

Stress Spherical
0            0            0             0            0            0           
0            0            0             0            0            0           
0            0            0             0            0            0           

Inertia
150.024      -56.2471     -56.2736      0.391482     0.216499     0.177854    
-56.2471     149.969      -56.3087      0.216499     0.271434     0.208334    
-56.2736     -56.3087     149.927       0.177854     0.208334     0.349759    

Bond Length
0.62007297    0.0027829385

BB bond length
0.62007297    0.0027829385

Water EE distance
0             0           

PEG EE distance
7.4125739     0.33618766  

BBB P2(x)
0.53375124    0.010573408 

BBB first bond length
0.62033751    0.0029047577

BBB second bond length
0.62014684    0.0028842773

BBB <phi**2>/<phi>**2
1.2266119     0.0042386499

Time = 5000
Temperature
1.0074284     0.0067344317

Pressure
23.413652     0.075414927 

CM Mom
6.9610364e-18  1.1628495e-17 
4.2908442e-18  8.6084229e-18 
-5.238104e-19  1.0708696e-17 
1.7815172e-17  8.5886203e-18 

CM Pos
7.4949256      0.013898487   
7.4990706      0.014065761   
7.496429       0.017385903   
12.984873      0.013091647   

Stress
20.3923      -0.0175901   0.00780109    0.102103     0.0212636    0.0492012   
-0.0175901   20.382       -0.0265799    0.0212636    0.0952926    0.0645384   
0.00780109   -0.0265799   20.4025       0.0492012    0.0645384    0.0769487   

Stress Spherical
0            0            0             0            0            0           
0            0            0             0            0            0           
0            0            0             0            0            0           

Inertia
149.872      -56.1906     -56.1658      0.278379     0.168455     0.141891    
-56.1906     149.807      -56.2258      0.168455     0.333377     0.139501    
-56.1658     -56.2258     149.863       0.141891     0.139501     0.337238    

Bond Length
0.61963343    0.0024363007

BB bond length
0.61963343    0.0024363007

Water EE distance
0             0           

PEG EE distance
7.3886708     0.15928682  

BBB P2(x)
0.51887129    0.01285209  

BBB first bond length
0.61945089    0.0023272002

BBB second bond length
0.61970942    0.0025004592

BBB <phi**2>/<phi>**2
1.2260148     0.006652858 

Time = 6000
Temperature
1.0136072     0.0064468678

Pressure
23.399175     0.088071041 

CM Mom
1.2617106e-17  3.5791583e-17 
-5.2780359e-18 1.9633564e-17 
-2.409048e-17  1.0474906e-17 
4.7818407e-17  1.6032407e-17 

CM Pos
7.5026316      0.013825612   
7.5014417      0.0093078297  
7.4952434      0.012854326   
12.989996      0.015475618   

Stress
20.3701      -0.0157692   0.0421115     0.182748     0.0796177    0.060638    
-0.0157692   20.4186      -0.0426211    0.0796177    0.122646     0.0975779   
0.0421115    -0.0426211   20.289        0.060638     0.0975779    0.106759    

Stress Spherical
0            0            0             0            0            0           
0            0            0             0            0            0           
0            0            0             0            0            0           

Inertia
149.934      -56.244      -56.2395      0.223709     0.131572     0.19565     
-56.244      149.945      -56.2713      0.131572     0.363022     0.149303    
-56.2395     -56.2713     150.04        0.19565      0.149303     0.24266     

Bond Length
0.61884181    0.0018148225

BB bond length
0.61884181    0.0018148225

Water EE distance
0             0           

PEG EE distance
7.5625309     0.16457365  

BBB P2(x)
0.51411225    0.011148158 

BBB first bond length
0.61890362    0.0018830759

BBB second bond length
0.61922768    0.0017380607

BBB <phi**2>/<phi>**2
1.2246435     0.0069205003

Time = 7000
Temperature
1.0038148     0.0087869303

Pressure
23.407421     0.13524227  

CM Mom
-1.7433748e-17 1.7290545e-17 
-4.8966161e-17 1.8359606e-17 
-3.1468384e-17 1.783568e-17  
6.4009827e-17  2.3425867e-17 

CM Pos
7.5014461      0.007705987   
7.4965513      0.0086104559  
7.499541       0.016834644   
12.988973      0.0096310802  

Stress
20.4264      0.0243642    0.0143713     0.185054     0.0701906    0.0704536   
0.0243642    20.352       -0.0240392    0.0701906    0.140062     0.0511904   
0.0143713    -0.0240392   20.4122       0.0704536    0.0511904    0.107133    

Stress Spherical
0            0            0             0            0            0           
0            0            0             0            0            0           
0            0            0             0            0            0           

Inertia
149.932      -56.2528     -56.2283      0.266254     0.0897809    0.155942    
-56.2528     150.001      -56.2419      0.0897809    0.265782     0.127069    
-56.2283     -56.2419     149.956       0.155942     0.127069     0.144749    

Bond Length
0.61960997    0.0027822398

BB bond length
0.61960997    0.0027822398

Water EE distance
0             0           

PEG EE distance
7.6632593     0.10718531  

BBB P2(x)
0.52358741    0.01044413  

BBB first bond length
0.61972158    0.003083013 

BBB second bond length
0.61961237    0.0027011907

BBB <phi**2>/<phi>**2
1.2301817     0.0091585042

Time = 8000
Temperature
1.0121532     0.0099559598

Pressure
23.4015       0.083727093 

CM Mom
5.1993032e-18  2.5577044e-17 
-6.5506394e-17 2.2924598e-17 
-3.5618559e-17 2.0533386e-17 
8.2140033e-17  2.1003795e-17 

CM Pos
7.5014461      0.013967838   
7.5007007      0.0099410254  
7.5029494      0.013399709   
12.993335      0.013352299   

Stress
20.3311      -0.0175544   0.00608347    0.0786411    0.0632343    0.0799097   
-0.0175544   20.4123      0.0165326     0.0632343    0.113299     0.0452306   
0.00608347   0.0165326    20.3545       0.0799097    0.0452306    0.124939    

Stress Spherical
0            0            0             0            0            0           
0            0            0             0            0            0           
0            0            0             0            0            0           

Inertia
150.04       -56.2884     -56.2857      0.250071     0.136919     0.183239    
-56.2884     150.031      -56.2884      0.136919     0.310753     0.141746    
-56.2857     -56.2884     150.018       0.183239     0.141746     0.248255    

Bond Length
0.61956728    0.002926004 

BB bond length
0.61956728    0.002926004 

Water EE distance
0             0           

PEG EE distance
7.9354354     0.18639854  

BBB P2(x)
0.52516546    0.0098062213

BBB first bond length
0.61938425    0.0029624405

BBB second bond length
0.61956002    0.0030402861

BBB <phi**2>/<phi>**2
1.2271706     0.0063897487

Time = 9000
Temperature
1.0054298     0.0086567687

Pressure
23.388331     0.062567403 

CM Mom
2.3016123e-17  2.0320708e-17 
-4.7615537e-17 1.3781159e-17 
-4.056833e-17  4.4976631e-17 
7.9906711e-17  2.6142632e-17 

CM Pos
7.499075       0.013742766   
7.5049983      0.014825873   
7.4976145      0.010176814   
12.991369      0.013506357   

Stress
20.3538      0.0351954    0.0145262     0.0842116    0.0732289    0.0832762   
0.0351954    20.3714      0.00225979    0.0732289    0.0919932    0.0659734   
0.0145262    0.00225979   20.3936       0.0832762    0.0659734    0.108666    

Stress Spherical
0            0            0             0            0            0           
0            0            0             0            0            0           
0            0            0             0            0            0           

Inertia
150.034      -56.2703     -56.2201      0.329094     0.159778     0.0972172   
-56.2703     149.927      -56.2926      0.159778     0.274262     0.174434    
-56.2201     -56.2926     150.037       0.0972172    0.174434     0.266235    

Bond Length
0.62092468    0.0019890351

BB bond length
0.62092468    0.0019890351

Water EE distance
0             0           

PEG EE distance
7.6940115     0.25274844  

BBB P2(x)
0.51455988    0.0089339597

BBB first bond length
0.62082069    0.0020548169

BBB second bond length
0.62106558    0.00204048  

BBB <phi**2>/<phi>**2
1.2279005     0.010130006 

Time = 10000
Temperature
1.0054099     0.0068575021

Pressure
23.39249      0.064664336 

CM Mom
2.2362954e-17  1.5297761e-17 
-1.9510618e-17 2.034113e-17  
-5.233648e-17  1.379865e-17  
6.4483849e-17  1.7317395e-17 

CM Pos
7.5005569      0.020003183   
7.49092        0.017080059   
7.5007266      0.0089174193  
12.98591       0.0072389673  

Stress
20.3346      -0.00117727  0.0494335     0.135974     0.0396296    0.0669218   
-0.00117727  20.38        0.0367584     0.0396296    0.0865494    0.0541733   
0.0494335    0.0367584    20.4168       0.0669218    0.0541733    0.141125    

Stress Spherical
0            0            0             0            0            0           
0            0            0             0            0            0           
0            0            0             0            0            0           

Inertia
149.887      -56.17       -56.2567      0.277381     0.143554     0.1393      
-56.17       150.006      -56.2024      0.143554     0.213056     0.0947513   
-56.2567     -56.2024     149.877       0.1393       0.0947513    0.281893    

Bond Length
0.61986942    0.0031614177

BB bond length
0.61986942    0.0031614177

Water EE distance
0             0           

PEG EE distance
7.3170894     0.16827494  

BBB P2(x)
0.51165146    0.010233276 

BBB first bond length
0.61996081    0.0031865902

BBB second bond length
0.61976897    0.0033092221

BBB <phi**2>/<phi>**2
1.2218828     0.010396631 

Time = 11000
Temperature
1.0135785     0.0083610899

Pressure
23.343182     0.090397685 

CM Mom
-5.8330034e-18 9.0607505e-18 
-3.1274792e-17 1.2323893e-17 
-5.9871645e-17 2.7302549e-17 
7.0951244e-17  2.3282527e-17 

CM Pos
7.5048545      0.01258237    
7.4924019      0.017636723   
7.4990964      0.015354871   
12.988301      0.010700887   

Stress
20.2829      -0.0310147   -0.0123517    0.0863733    0.0834503    0.0788561   
-0.0310147   20.3045      0.0161897     0.0834503    0.140972     0.0910971   
-0.0123517   0.0161897    20.3226       0.0788561    0.0910971    0.127386    

Stress Spherical
0            0            0             0            0            0           
0            0            0             0            0            0           
0            0            0             0            0            0           

Inertia
149.868      -56.2097     -56.2615      0.345094     0.154794     0.129675    
-56.2097     150.049      -56.1665      0.154794     0.260094     0.141024    
-56.2615     -56.1665     149.929       0.129675     0.141024     0.243304    

Bond Length
0.61873587    0.0022007814

BB bond length
0.61873587    0.0022007814

Water EE distance
0             0           

PEG EE distance
7.6599612     0.12135484  

BBB P2(x)
0.51241286    0.011379269 

BBB first bond length
0.61870297    0.0025399719

BBB second bond length
0.61886674    0.0022955214

BBB <phi**2>/<phi>**2
1.224371      0.012955336 

Time = 12000
Temperature
1.0074968     0.0093743484

Pressure
23.395836     0.079687371 

CM Mom
4.3497994e-18  7.9903377e-18 
-2.1631361e-17 2.0301943e-17 
-4.9197731e-17 2.2192166e-17 
5.9586457e-17  1.8033693e-17 

CM Pos
7.4965558      0.010395649   
7.5061838      0.026393584   
7.5057651      0.013387412   
12.995322      0.01541014    

Stress
20.3423      -0.0338998   -0.000520912  0.168424     0.0580825    0.0913251   
-0.0338998   20.3601      0.0269511     0.0580825    0.101196     0.0517845   
-0.000520912 0.0269511    20.4203       0.0913251    0.0517845    0.127606    

Stress Spherical
0            0            0             0            0            0           
0            0            0             0            0            0           
0            0            0             0            0            0           

Inertia
150.17       -56.3013     -56.2438      0.429347     0.171799     0.101926    
-56.3013     150.039      -56.3508      0.171799     0.267264     0.211586    
-56.2438     -56.3508     150.012       0.101926     0.211586     0.381126    

Bond Length
0.6193562     0.0028401435

BB bond length
0.6193562     0.0028401435

Water EE distance
0             0           

PEG EE distance
7.6093594     0.19448984  

BBB P2(x)
0.51734107    0.01175086  

BBB first bond length
0.61941189    0.0030049363

BBB second bond length
0.61928421    0.0028920227

BBB <phi**2>/<phi>**2
1.2301402     0.0088769297

Time = 13000
Temperature
1.0088131     0.011625465 

Pressure
23.380027     0.088525535 

CM Mom
-6.7729966e-18 1.4539878e-17 
4.4833399e-18  1.957142e-17  
-4.3064193e-17 1.6721618e-17 
5.0608505e-17  1.527543e-17  

CM Pos
7.4972967      0.015819806   
7.4941802      0.011896048   
7.5039868      0.0099244432  
12.987772      0.016768581   

Stress
20.4117      -0.022141    -0.0121253    0.164193     0.0681035    0.0539699   
-0.022141    20.3567      0.0321245     0.0681035    0.120126     0.0547212   
-0.0121253   0.0321245    20.2951       0.0539699    0.0547212    0.0910489   

Stress Spherical
0            0            0             0            0            0           
0            0            0             0            0            0           
0            0            0             0            0            0           

Inertia
149.959      -56.189      -56.23        0.308141     0.172294     0.180893    
-56.189      150.027      -56.2065      0.172294     0.317367     0.168152    
-56.23       -56.2065     149.856       0.180893     0.168152     0.320755    

Bond Length
0.61914625    0.0010904938

BB bond length
0.61914625    0.0010904938

Water EE distance
0             0           

PEG EE distance
7.4446617     0.43381869  

BBB P2(x)
0.51268745    0.011283195 

BBB first bond length
0.61935784    0.0012127959

BBB second bond length
0.61895675    0.0011994059

BBB <phi**2>/<phi>**2
1.2203412     0.0088890325

Time = 14000
Temperature
1.0124113     0.0078559472

Pressure
23.405648     0.089714365 

CM Mom
-2.0521494e-17 2.6190697e-17 
2.0740725e-17  1.6100532e-17 
-1.4852057e-17 2.351467e-17  
4.8538372e-17  1.4630069e-17 

CM Pos
7.4995196      0.0091843215  
7.5072211      0.0090676103  
7.5048759      0.012858597   
12.997097      0.011447508   

Stress
20.3953      0.0144992    -0.0275342    0.0828408    0.0560319    0.0898495   
0.0144992    20.3759      -0.0262029    0.0560319    0.11969      0.0742114   
-0.0275342   -0.0262029   20.3368       0.0898495    0.0742114    0.115948    

Stress Spherical
0            0            0             0            0            0           
0            0            0             0            0            0           
0            0            0             0            0            0           

Inertia
150.162      -56.2665     -56.2578      0.251986     0.103333     0.157361    
-56.2665     150.053      -56.3515      0.103333     0.250785     0.140564    
-56.2578     -56.3515     150.079       0.157361     0.140564     0.192598    

Bond Length
0.61871503    0.0034782906

BB bond length
0.61871503    0.0034782906

Water EE distance
0             0           

PEG EE distance
7.1153044     0.12307816  

BBB P2(x)
0.51400482    0.0099522362

BBB first bond length
0.61860649    0.0035039004

BBB second bond length
0.61846539    0.0031940437

BBB <phi**2>/<phi>**2
1.226874      0.011946537 

Time = 15000
Temperature
1.0041359     0.0074407254

Pressure
23.390392     0.10012883  

CM Mom
-3.743767e-17  1.0103718e-17 
-2.4931757e-17 3.1281118e-17 
1.1459252e-18  1.814152e-17  
5.5465405e-17  1.8915121e-17 

CM Pos
7.5045581      0.013807333   
7.4972923      0.016884142   
7.5010229      0.01271778    
12.992057      0.015062408   

Stress
20.3663      0.0102642    -0.00821351   0.13116      0.0539171    0.0373112   
0.0102642    20.3957      0.016097      0.0539171    0.118935     0.0896908   
-0.00821351  0.016097     20.3745       0.0373112    0.0896908    0.148793    

Stress Spherical
0            0            0             0            0            0           
0            0            0             0            0            0           
0            0            0             0            0            0           

Inertia
149.971      -56.2455     -56.2953      0.301332     0.12064      0.187351    
-56.2455     150.08       -56.2082      0.12064      0.372265     0.144716    
-56.2953     -56.2082     150.02        0.187351     0.144716     0.307886    

Bond Length
0.62023024    0.0027223831

BB bond length
0.62023024    0.0027223831

Water EE distance
0             0           

PEG EE distance
6.9678197     0.31475343  

BBB P2(x)
0.51298835    0.014984599 

BBB first bond length
0.62007049    0.0028267997

BBB second bond length
0.62021408    0.0027259406

BBB <phi**2>/<phi>**2
1.2248822     0.0086110649

Time = 16000
Temperature
1.0097773     0.0075956833

Pressure
23.362207     0.084894036 

CM Mom
-4.3935908e-17 1.4206244e-17 
-9.0311192e-18 2.3796294e-17 
1.4222333e-17  1.2115573e-17 
5.3178632e-17  1.7352264e-17 

CM Pos
7.4935919      0.011306384   
7.4975887      0.014586947   
7.4989482      0.016158372   
12.9847        0.011715788   

Stress
20.3202      -0.0372476   -0.0114764    0.121624     0.106197     0.0606106   
-0.0372476   20.3252      0.0260088     0.106197     0.122926     0.0793415   
-0.0114764   0.0260088    20.356        0.0606106    0.0793415    0.0867523   

Stress Spherical
0            0            0             0            0            0           
0            0            0             0            0            0           
0            0            0             0            0            0           

Inertia
149.943      -56.2094     -56.2141      0.349694     0.130162     0.158378    
-56.2094     149.883      -56.1928      0.130162     0.263789     0.193083    
-56.2141     -56.1928     149.863       0.158378     0.193083     0.207417    

Bond Length
0.62043381    0.0036000848

BB bond length
0.62043381    0.0036000848

Water EE distance
0             0           

PEG EE distance
6.6113452     0.21164566  

BBB P2(x)
0.5167626     0.0091618159

BBB first bond length
0.62044951    0.0035165103

BBB second bond length
0.62083345    0.0035817468

BBB <phi**2>/<phi>**2
1.2247853     0.0091822309

Time = 17000
Temperature
1.0138631     0.0079898453

Pressure
23.414511     0.10488217  

CM Mom
-2.6907306e-17 2.125884e-17  
1.3169502e-17  2.3030383e-17 
1.3116854e-17  1.8825019e-17 
4.6214148e-17  1.6445712e-17 

CM Pos
7.4974449      0.017096123   
7.5005525      0.010674972   
7.4958362      0.014167657   
12.98684       0.010811418   

Stress
20.4314      0.0324376    -0.0230473    0.175476     0.0965873    0.071658    
0.0324376    20.32        -0.0171073    0.0965873    0.0946697    0.0808011   
-0.0230473   -0.0171073   20.3701       0.071658     0.0808011    0.129056    

Stress Spherical
0            0            0             0            0            0           
0            0            0             0            0            0           
0            0            0             0            0            0           

Inertia
149.953      -56.2485     -56.1484      0.248965     0.170519     0.17163     
-56.2485     149.897      -56.1884      0.170519     0.237666     0.149077    
-56.1484     -56.1884     149.956       0.17163      0.149077     0.261195    

Bond Length
0.61846258    0.0027491236

BB bond length
0.61846258    0.0027491236

Water EE distance
0             0           

PEG EE distance
6.5383959     0.17625084  

BBB P2(x)
0.52165772    0.0091817314

BBB first bond length
0.61841025    0.003025965 

BBB second bond length
0.61883454    0.0028469289

BBB <phi**2>/<phi>**2
1.2287474     0.013193769 

Time = 18000
Temperature
1.0071451     0.0055723516

Pressure
23.395931     0.064005149 

CM Mom
-6.1673687e-17 1.470766e-17  
1.0191578e-17  2.6875287e-17 
-1.4171741e-17 2.1644214e-17 
7.3518718e-17  1.0507929e-17 

CM Pos
7.4965558      0.011247963   
7.502479       0.011962321   
7.5023567      0.011969662   
12.991194      0.013632396   

Stress
20.4158      0.00795014   0.0185837     0.154896     0.0706106    0.0599492   
0.00795014   20.3567      0.0396789     0.0706106    0.118794     0.0813932   
0.0185837    0.0396789    20.3538       0.0599492    0.0813932    0.117149    

Stress Spherical
0            0            0             0            0            0           
0            0            0             0            0            0           
0            0            0             0            0            0           

Inertia
150.06       -56.2229     -56.2063      0.288183     0.120327     0.164531    
-56.2229     149.97       -56.2652      0.120327     0.302604     0.16132     
-56.2063     -56.2652     149.968       0.164531     0.16132      0.200779    

Bond Length
0.61852085    0.0028047204

BB bond length
0.61852085    0.0028047204

Water EE distance
0             0           

PEG EE distance
6.6352531     0.17267864  

BBB P2(x)
0.51924968    0.0098277329

BBB first bond length
0.618406      0.0031434205

BBB second bond length
0.61866481    0.0028331349

BBB <phi**2>/<phi>**2
1.224952      0.00883429  

Time = 19000
Temperature
1.0056769     0.0063514803

Pressure
23.342794     0.094269905 

CM Mom
-5.3492689e-17 2.7278608e-17 
-1.960193e-18  2.3117328e-17 
-1.5851143e-17 2.0061787e-17 
6.8174255e-17  1.2241255e-17 

CM Pos
7.5032244      0.012162587   
7.4940321      0.012940315   
7.4985037      0.013627225   
12.987949      0.01200646    

Stress
20.3392      0.0545814    0.00684068    0.142327     0.0642186    0.0849747   
0.0545814    20.3179      0.0216527     0.0642186    0.104658     0.0653248   
0.00684068   0.0216527    20.3229       0.0849747    0.0653248    0.0791129   

Stress Spherical
0            0            0             0            0            0           
0            0            0             0            0            0           
0            0            0             0            0            0           

Inertia
149.887      -56.2834     -56.273       0.236122     0.189294     0.116732    
-56.2834     150.018      -56.2115      0.189294     0.275862     0.15862     
-56.273      -56.2115     149.941       0.116732     0.15862      0.395371    

Bond Length
0.61881222    0.0014834973

BB bond length
0.61881222    0.0014834973

Water EE distance
0             0           

PEG EE distance
6.8987182     0.08464706  

BBB P2(x)
0.51965836    0.008404561 

BBB first bond length
0.61868292    0.0014163659

BBB second bond length
0.61848176    0.0014912917

BBB <phi**2>/<phi>**2
1.2227404     0.0072254115

Time = 20000
Temperature
1.0124639     0.0074412084

Pressure
23.418206     0.053145863 

CM Mom
-8.8748741e-17 2.0505823e-17 
1.1661071e-17  1.9844389e-17 
-1.1007353e-17 1.3976034e-17 
9.3349962e-17  2.0709518e-17 

CM Pos
7.5054473      0.014967398   
7.4971441      0.0088964618  
7.4937615      0.0099011814  
12.98829       0.010128195   

Stress
20.3937      0.00967417   0.0242362     0.115669     0.0719539    0.0831573   
0.00967417   20.3937      -0.0299935    0.0719539    0.133778     0.06526     
0.0242362    -0.0299935   20.3577       0.0831573    0.06526      0.0857409   

Stress Spherical
0            0            0             0            0            0           
0            0            0             0            0            0           
0            0            0             0            0            0           

Inertia
149.867      -56.3102     -56.2092      0.207634     0.119542     0.169328    
-56.3102     149.979      -56.2305      0.119542     0.228927     0.117653    
-56.2092     -56.2305     150.038       0.169328     0.117653     0.271612    

Bond Length
0.62007921    0.0029545355

BB bond length
0.62007921    0.0029545355

Water EE distance
0             0           

PEG EE distance
7.0360191     0.2000879   

BBB P2(x)
0.51316673    0.013492388 

BBB first bond length
0.61979737    0.0030657907

BBB second bond length
0.62003018    0.0031170331

BBB <phi**2>/<phi>**2
1.2240455     0.0069247015

Time = 21000
Temperature
1.0122736     0.0098146309

Pressure
23.478823     0.094203694 

CM Mom
-6.8429203e-17 1.7653128e-17 
9.9587729e-18  1.3213034e-17 
1.2372853e-17  2.4450792e-17 
7.5380285e-17  1.8349154e-17 

CM Pos
7.5038172      0.010640974   
7.4984778      0.0071147622  
7.5051723      0.013222353   
12.994701      0.011325269   

Stress
20.451       -0.0328723   -0.00285879   0.136524     0.0519695    0.0617897   
-0.0328723   20.4326      0.0221538     0.0519695    0.12657      0.0685926   
-0.00285879  0.0221538    20.4452       0.0617897    0.0685926    0.138267    

Stress Spherical
0            0            0             0            0            0           
0            0            0             0            0            0           
0            0            0             0            0            0           

Inertia
150.072      -56.2653     -56.287       0.268968     0.140996     0.100539    
-56.2653     150.145      -56.2764      0.140996     0.262787     0.144722    
-56.287      -56.2764     150.042       0.100539     0.144722     0.219084    

Bond Length
0.61872887    0.001642178 

BB bond length
0.61872887    0.001642178 

Water EE distance
0             0           

PEG EE distance
7.4317057     0.41322084  

BBB P2(x)
0.51594081    0.011731058 

BBB first bond length
0.61849089    0.0015145571

BBB second bond length
0.61862789    0.0017972241

BBB <phi**2>/<phi>**2
1.2247117     0.010624148 

Time = 22000
Temperature
1.0102635     0.0051252729

Pressure
23.342638     0.079232977 

CM Mom
-9.548609e-17  1.8138814e-17 
1.9938386e-17  3.6324923e-17 
5.0769916e-17  2.2185972e-17 
1.1639301e-16  2.619388e-17  

CM Pos
7.495963       0.013410358   
7.4968477      0.012956427   
7.5022085      0.01013898    
12.987516      0.014137471   

Stress
20.2773      0.00524607   0.0113646     0.103883     0.06251      0.0496811   
0.00524607   20.3206      0.0230816     0.06251      0.154653     0.0626285   
0.0113646    0.0230816    20.3403       0.0496811    0.0626285    0.120655    

Stress Spherical
0            0            0             0            0            0           
0            0            0             0            0            0           
0            0            0             0            0            0           

Inertia
150.003      -56.2286     -56.2374      0.30614      0.165562     0.121474    
-56.2286     149.963      -56.2076      0.165562     0.305849     0.14549     
-56.2374     -56.2076     149.887       0.121474     0.14549      0.318036    

Bond Length
0.61878539    0.0032515673

BB bond length
0.61878539    0.0032515673

Water EE distance
0             0           

PEG EE distance
7.5527034     0.12913269  

BBB P2(x)
0.51207002    0.0056220364

BBB first bond length
0.61888355    0.0034643886

BBB second bond length
0.61873265    0.0031454802

BBB <phi**2>/<phi>**2
1.2286211     0.01167145  

Time = 23000
Temperature
1.0070419     0.0051091592

Pressure
23.380025     0.09047155  

CM Mom
-1.1846903e-16 2.0463979e-17 
4.3599452e-17  6.4820102e-18 
6.9012997e-17  1.4585959e-17 
1.4477475e-16  2.0308376e-17 

CM Pos
7.5001124      0.010728327   
7.4971441      0.0092117785  
7.5025049      0.01766223    
12.99026       0.0099808804  

Stress
20.3546      0.0155328    -0.00930962   0.105815     0.0382074    0.077726    
0.0155328    20.364       -0.0219701    0.0382074    0.105547     0.0616595   
-0.00930962  -0.0219701   20.3608       0.077726     0.0616595    0.0691487   

Stress Spherical
0            0            0             0            0            0           
0            0            0             0            0            0           
0            0            0             0            0            0           

Inertia
150.009      -56.228      -56.2641      0.265794     0.11699      0.109004    
-56.228      150.042      -56.2779      0.11699      0.265418     0.125443    
-56.2641     -56.2779     149.951       0.109004     0.125443     0.268737    

Bond Length
0.61933427    0.0017426887

BB bond length
0.61933427    0.0017426887

Water EE distance
0             0           

PEG EE distance
7.1215479     0.3441936   

BBB P2(x)
0.50697752    0.016023744 

BBB first bond length
0.61924081    0.0018191879

BBB second bond length
0.61941314    0.0020189819

BBB <phi**2>/<phi>**2
1.2247702     0.0099145661

Time = 24000
Temperature
1.0115844     0.0068070851

Pressure
23.481862     0.090765445 

CM Mom
-1.1381445e-16 2.1822668e-17 
3.8444708e-17  1.0719642e-17 
1.095923e-16   1.825373e-17  
1.6509566e-16  1.0486016e-17 

CM Pos
7.5055955      0.010669828   
7.5052947      0.021723662   
7.5016157      0.013669864   
12.997616      0.020188192   

Stress
20.4699      0.0321675    0.0187693     0.133726     0.0698675    0.0556504   
0.0321675    20.4289      -0.0486007    0.0698675    0.0993445    0.0304301   
0.0187693    -0.0486007   20.4453       0.0556504    0.0304301    0.0933764   

Stress Spherical
0            0            0             0            0            0           
0            0            0             0            0            0           
0            0            0             0            0            0           

Inertia
150.097      -56.3076     -56.3081      0.464095     0.212038     0.156357    
-56.3076     150.093      -56.2873      0.212038     0.250821     0.252095    
-56.3081     -56.2873     150.152       0.156357     0.252095     0.452553    

Bond Length
0.61712824    0.0022087033

BB bond length
0.61712824    0.0022087033

Water EE distance
0             0           

PEG EE distance
6.8866924     0.2131268   

BBB P2(x)
0.51002006    0.01275777  

BBB first bond length
0.61710574    0.0024839351

BBB second bond length
0.61683212    0.0024252416

BBB <phi**2>/<phi>**2
1.2300834     0.010920156 

Time = 25000
Temperature
1.0109846     0.0094839435

Pressure
23.410286     0.062601211 

CM Mom
-1.4111113e-16 2.1155545e-17 
3.4651144e-17  2.3131967e-17 
1.1631635e-16  1.1670039e-17 
1.8819876e-16  1.8509699e-17 

CM Pos
7.5001124      0.014383793   
7.4941802      0.0082828622  
7.5010229      0.014402103   
12.987684      0.017396909   

Stress
20.3762      -0.00709184  -0.0242934    0.0682564    0.0698874    0.0815881   
-0.00709184  20.3777      0.00696054    0.0698874    0.108218     0.0840393   
-0.0242934   0.00696054   20.3808       0.0815881    0.0840393    0.104065    

Stress Spherical
0            0            0             0            0            0           
0            0            0             0            0            0           
0            0            0             0            0            0           

Inertia
149.908      -56.2185     -56.2404      0.267484     0.173412     0.202105    
-56.2185     149.994      -56.2027      0.173412     0.375852     0.130762    
-56.2404     -56.2027     149.883       0.202105     0.130762     0.364478    

Bond Length
0.61916211    0.0027688212

BB bond length
0.61916211    0.0027688212

Water EE distance
0             0           

PEG EE distance
6.3397442     0.22944001  

BBB P2(x)
0.50746662    0.007599558 

BBB first bond length
0.61928384    0.0028750673

BBB second bond length
0.61930034    0.0027658313

BBB <phi**2>/<phi>**2
1.2176505     0.011004342 

Time = 26000
Temperature
1.0117926     0.006451212 

Pressure
23.377246     0.069730899 

CM Mom
-1.3367839e-16 1.4076093e-17 
7.5915146e-18  3.0291134e-17 
1.2810506e-16  1.4357615e-17 
1.881495e-16   1.6125891e-17 

CM Pos
7.4983341      0.013456133   
7.50322        0.014059514   
7.5057651      0.012274919   
12.994617      0.016784835   

Stress
20.322       -0.0175951   -0.000865354  0.105859     0.050398     0.0695606   
-0.0175951   20.35        -0.0166447    0.050398     0.103886     0.0534666   
-0.000865354 -0.0166447   20.3563       0.0695606    0.0534666    0.139443    

Stress Spherical
0            0            0             0            0            0           
0            0            0             0            0            0           
0            0            0             0            0            0           

Inertia
150.138      -56.25       -56.2846      0.363887     0.121682     0.202742    
-56.25       150.06       -56.2953      0.121682     0.283549     0.212531    
-56.2846     -56.2953     150.017       0.202742     0.212531     0.324794    

Bond Length
0.61803871    0.0023804274

BB bond length
0.61803871    0.0023804274

Water EE distance
0             0           

PEG EE distance
6.1424463     0.25534764  

BBB P2(x)
0.51926829    0.010646441 

BBB first bond length
0.61819802    0.0023154975

BBB second bond length
0.6181739     0.0023359276

BBB <phi**2>/<phi>**2
1.2274714     0.01010478  

Time = 27000
Temperature
1.0080926     0.0076863806

Pressure
23.397342     0.072102288 

CM Mom
-1.246313e-16  1.5895334e-17 
1.1110182e-17  1.9459999e-17 
1.3004537e-16  1.7207069e-17 
1.8220742e-16  1.7207178e-17 

CM Pos
7.5002606      0.010090127   
7.5005525      0.012477208   
7.5005784      0.014272672   
12.991194      0.014828844   

Stress
20.4024      0.0276315    -0.0127831    0.105593     0.0764119    0.0467776   
0.0276315    20.3506      0.00202878    0.0764119    0.123323     0.0672158   
-0.0127831   0.00202878   20.3689       0.0467776    0.0672158    0.0936581   

Stress Spherical
0            0            0             0            0            0           
0            0            0             0            0            0           
0            0            0             0            0            0           

Inertia
150.036      -56.2571     -56.2851      0.237301     0.152964     0.183263    
-56.2571     150.022      -56.261       0.152964     0.341386     0.115125    
-56.2851     -56.261      150.021       0.183263     0.115125     0.326737    

Bond Length
0.62034383    0.0025121236

BB bond length
0.62034383    0.0025121236

Water EE distance
0             0           

PEG EE distance
6.8984185     0.087752757 

BBB P2(x)
0.50888771    0.016475297 

BBB first bond length
0.62044345    0.0024670326

BBB second bond length
0.62024609    0.0022618055

BBB <phi**2>/<phi>**2
1.2267451     0.010651948 

Time = 28000
Temperature
1.0132804     0.0071402037

Pressure
23.417781     0.089167888 

CM Mom
-1.4238649e-16 1.5225155e-17 
2.6392202e-17  1.8229454e-17 
1.3115147e-16  1.4147614e-17 
1.9646145e-16  1.8394037e-17 

CM Pos
7.4986304      0.01834292    
7.4980332      0.012675403   
7.5025049      0.0095867777  
12.989914      0.016541309   

Stress
20.423       -0.00591502  -0.000608278  0.114595     0.0610014    0.0492768   
-0.00591502  20.3513      0.0584727     0.0610014    0.126724     0.0546831   
-0.000608278 0.0584727    20.3622       0.0492768    0.0546831    0.102691    

Stress Spherical
0            0            0             0            0            0           
