Time = 500
Temperature
   1.0294625    0.04177859

Pressure
   22.751277    0.12826147

CM Mom
2.5059602e-17  2.3199229e-17 
-8.8255815e-18 2.3945252e-17 
3.7555648e-17  1.7921486e-17 
5.7774174e-17  1.4532895e-17 

CM Pos
7.4720556      0.031609018   
7.4815109      0.016208514   
7.4928152      0.017583251   
12.959453      0.032267107   

Stress
19.7107      0.0645769    0.059166      0.0778985    0.0464768    0.0848708   
0.0645769    19.6224      -0.0237083    0.0464768    0.111496     0.0894118   
0.059166     -0.0237083   19.6656       0.0848708    0.0894118    0.062686    

Stress Spherical
0            0            0             0            0            0           
0            0            0             0            0            0           
0            0            0             0            0            0           

Inertia
149.167      -55.8825     -55.9661      0.352707     0.385015     0.320815    
-55.8825     149.032      -56.0858      0.385015     0.742743     0.2116      
-55.9661     -56.0858     148.825       0.320815     0.2116       0.660772    

Bond Length
0.6108766     0.0077478325

BB bond length
0.6108766     0.0077478325

Water EE distance
0             0           

PEG EE distance
3.547789      0.11938836  

Time = 1000
Temperature
1.0072327     0.009053027 

Pressure
22.651919     0.064162793 

CM Mom
2.2696234e-17  2.2536164e-17 
-1.6581994e-17 2.532631e-17  
5.3123634e-17  6.4979857e-18 
6.8967282e-17  6.8731773e-18 

CM Pos
7.4848102      0.013912643   
7.490706       0.015429868   
7.4877726      0.011587122   
12.969202      0.0130522     

Stress
19.6815      0.00213769   -0.00314579   0.072897     0.0532171    0.0334294   
0.00213769   19.592       -0.032975     0.0532171    0.097179     0.0812273   
-0.00314579  -0.032975    19.627        0.0334294    0.0812273    0.0986566   

Stress Spherical
0            0            0             0            0            0           
0            0            0             0            0            0           
0            0            0             0            0            0           

Inertia
149.288      -56.0846     -55.9307      0.17695      0.212816     0.154437    
-56.0846     149.194      -56.0553      0.212816     0.167566     0.183917    
-55.9307     -56.0553     149.225       0.154437     0.183917     0.382924    

Bond Length
0.61499184    0.0040877216

BB bond length
0.61499184    0.0040877216

Water EE distance
0             0           

PEG EE distance
3.7022816     0.13394924  

