Time = 1000
Temperature
   1.1491063    0.21587855

Pressure
   23.803764     1.0527033

CM Mom
-1.5564293e-17 2.1921134e-17 
-2.8977976e-17 3.7185857e-17 
-1.1645519e-17 1.7597175e-16 
1.3525811e-16  1.2550783e-16 

CM Pos
7.5006717      0.0096981687  
7.4923304      0.016414817   
7.4929919      0.02820089    
12.982332      0.015373062   

Stress
20.3659      -0.0807328   -0.0374907    0.419706     0.0775327    0.0636117   
-0.0807328   20.4325      -0.04152      0.0775327    0.388458     0.0571559   
-0.0374907   -0.04152     20.3015       0.0636117    0.0571559    0.466499    

Stress Spherical
0            0            0             0            0            0           
0            0            0             0            0            0           
0            0            0             0            0            0           

Inertia
149.908      -56.2129     -56.2228      1.1359       0.146443     0.236342    
-56.2129     150.054      -56.0943      0.146443     1.1205       0.200271    
-56.2228     -56.0943     150.036       0.236342     0.200271     1.65971     

Bond Length
0.61996635    0.0091038652

BB bond length
0.61996635    0.0091038652

Water EE distance
0             0           

PEG EE distance
6.8505151     0.20714301  

BBB P2(x)
0.47127043    0.064492842 

BBB first bond length
0.61994286    0.0092366543

BBB second bond length
0.61995664    0.009275894 

BBB <phi**2>/<phi>**2
1.2195417     0.016242625 

Time = 2000
Temperature
1.0088288     0.0090276181

Pressure
23.115848     0.10140642  

CM Mom
-2.4582037e-17 1.4462424e-17 
-1.3857717e-17 3.4836637e-17 
-2.3026817e-17 5.9905133e-17 
7.6831904e-17  2.0851465e-17 

CM Pos
7.4960654      0.011441308   
7.4981253      0.01310698    
7.4949235      0.010510989   
12.984107      0.011846921   

Stress
20.0848      0.0136379    -0.0493834    0.140507     0.0824835    0.0795687   
0.0136379    20.1089      -0.0207824    0.0824835    0.143221     0.0875285   
-0.0493834   -0.0207824   20.1013       0.0795687    0.0875285    0.142015    

Stress Spherical
0            0            0             0            0            0           
0            0            0             0            0            0           
0            0            0             0            0            0           

Inertia
149.781      -56.2448     -56.1801      0.298433     0.163544     0.159702    
-56.2448     149.732      -56.2189      0.163544     0.412511     0.154731    
-56.1801     -56.2189     149.769       0.159702     0.154731     0.347501    

Bond Length
0.61710785    0.0023372132

BB bond length
0.61710785    0.0023372132

Water EE distance
0             0           

PEG EE distance
6.6055664     0.14436972  

BBB P2(x)
0.51656743    0.0098056955

BBB first bond length
0.61709287    0.0024557679

BBB second bond length
0.61705404    0.0022022651

BBB <phi**2>/<phi>**2
1.2244097     0.0080156943

