Time = 500
Temperature
   1.0369784   0.047868813

Pressure
   20.027518    0.19131007

CM Mom
-3.6004388e-17 1.6171547e-17 
-8.6808825e-18 1.408353e-17  
1.2418728e-17  4.6754075e-17 
5.7066084e-17  3.0251758e-17 

CM Pos
7.4470417      0.011978299   
7.5124339      0.050169239   
7.5222995      0.025231213   
12.980107      0.013963569   

Stress
16.9218      -0.0526615   -0.00668735   0.1777       0.022743     0.0510468   
-0.0526615   16.9353      0.00649841    0.022743     0.128494     0.0653808   
-0.00668735  0.00649841   16.8936       0.0510468    0.0653808    0.0712952   

Stress Spherical
0            0            0             0            0            0           
0            0            0             0            0            0           
0            0            0             0            0            0           

Inertia
149.541      -56.0377     -56.1378      0.421732     0.334718     0.232148    
-56.0377     148.474      -56.3805      0.334718     0.755454     0.225651    
-56.1378     -56.3805     148.374       0.232148     0.225651     0.50884     

Bond Length
0.61184449    0.0029172688

BB bond length
0.61184449    0.0029172688

Water EE distance
0             0           

PEG EE distance
3.729502      0.087553927 

Time = 1000
Temperature
1.0123816     0.010543828 

Pressure
19.805778     0.085715853 

CM Mom
-5.7264654e-17 8.587685e-18  
-2.8628489e-17 3.3978322e-17 
1.6496802e-17  7.3436205e-18 
7.2674872e-17  1.9275422e-17 

CM Pos
7.4461527      0.0086596044  
7.5322877      0.025788838   
7.4929633      0.016955416   
12.974041      0.018014683   

Stress
16.7324      -0.0313277   0.0231754     0.0967065    0.120307     0.0726742   
-0.0313277   16.8045      -0.0600053    0.120307     0.062278     0.0690536   
0.0231754    -0.0600053   16.7699       0.0726742    0.0690536    0.0937218   

Stress Spherical
0            0            0             0            0            0           
0            0            0             0            0            0           
0            0            0             0            0            0           

Inertia
149.747      -56.0442     -55.863       0.174732     0.23765      0.157722    
-56.0442     148.443      -56.4095      0.23765      0.32578      0.196047    
-55.863      -56.4095     149.019       0.157722     0.196047     0.235252    

Bond Length
0.61392282    0.0016540616

BB bond length
0.61392282    0.0016540616

Water EE distance
0             0           

PEG EE distance
3.5868983     0.052971509 

