Time = 500
Temperature
   1.0451132   0.060119428

Pressure
   19.342479    0.28885378

CM Mom
-6.8599726e-19 1.1915323e-17 
1.2921756e-16  2.3276135e-17 
1.1408582e-18  1.2590479e-17 
1.3044571e-16  2.2915968e-17 

CM Pos
7.4762237      0.011476063   
7.50914        0.021490241   
7.4770911      0.021510714   
12.968746      0.025822411   

Stress
16.1667      -0.0268376   -0.0223634    0.168426     0.0673539    0.116934    
-0.0268376   16.2566      -0.0955096    0.0673539    0.125935     0.0544982   
-0.0223634   -0.0955096   16.2111       0.116934     0.0544982    0.121372    

Stress Spherical
0            0            0             0            0            0           
0            0            0             0            0            0           
0            0            0             0            0            0           

Inertia
148.814      -56.0803     -55.8877      0.737831     0.238378     0.140923    
-56.0803     148.219      -56.1429      0.238378     0.583254     0.207339    
-55.8877     -56.1429     148.74        0.140923     0.207339     0.383576    

Bond Length
0.61384856    0.0030040813

BB bond length
0.61384856    0.0030040813

Water EE distance
0             0           

PEG EE distance
3.8619897     0.085178445 

Time = 1000
Temperature
1.0121733     0.0036717475

Pressure
19.199661     0.078879634 

CM Mom
-1.1720424e-17 2.1405518e-17 
1.4110736e-16  1.6549106e-17 
-7.1899321e-18 3.1040004e-17 
1.4672501e-16  1.6360698e-17 

CM Pos
7.4750369      0.0078725146  
7.5088433      0.017964841   
7.4975638      0.010722566   
12.979705      0.011255185   

Stress
16.174       -0.0188207   -0.0763584    0.0897264    0.0464376    0.0567383   
-0.0188207   16.1964      0.0305054     0.0464376    0.156941     0.0482711   
-0.0763584   0.0305054    16.1316       0.0567383    0.0482711    0.0895637   

Stress Spherical
0            0            0             0            0            0           
0            0            0             0            0            0           
0            0            0             0            0            0           

Inertia
149.443      -56.1423     -56.1188      0.464162     0.176808     0.160157    
-56.1423     148.732      -56.2838      0.176808     0.43267      0.104179    
-56.1188     -56.2838     148.986       0.160157     0.104179     0.407947    

Bond Length
0.61116996    0.002533221 

BB bond length
0.61116996    0.002533221 

Water EE distance
0             0           

PEG EE distance
3.7241516     0.073235367 

