Time = 1000
Temperature
   1.0820531    0.11310297

Pressure
   23.762352    0.59824364

CM Mom
-1.59729e-17   1.5813233e-17 
-3.4407475e-17 4.0621101e-17 
-7.0378603e-17 1.7579273e-16 
1.3949758e-16  1.4048416e-16 

CM Pos
7.5053616      0.02789713    
7.4933297      0.014167527   
7.4928378      0.016267602   
12.985527      0.019553114   

Stress
20.5544      -0.0251605   -2.34807e-05  0.294591     0.0588654    0.0690957   
-0.0251605   20.5278      -0.00154048   0.0588654    0.262134     0.0814975   
-2.34807e-05 -0.00154048  20.475        0.0690957    0.0814975    0.332034    

Stress Spherical
0            0            0             0            0            0           
0            0            0             0            0            0           
0            0            0             0            0            0           

Inertia
149.87       -56.2469     -56.2546      1.25397      0.285279     0.192535    
-56.2469     150.069      -56.149       0.285279     1.34315      0.159322    
-56.2546     -56.149      150.103       0.192535     0.159322     1.65315     

Bond Length
0.61754327    0.0052244285

BB bond length
0.61754327    0.0052244285

Water EE distance
0             0           

PEG EE distance
6.6952035     0.13278592  

BBB P2(x)
0.47290189    0.057925252 

BBB first bond length
0.61722408    0.005230442 

BBB second bond length
0.61768238    0.0048531918

BBB <phi**2>/<phi>**2
1.2208007     0.014179941 

Time = 2000
Temperature
1.0143153     0.0055764981

Pressure
23.266707     0.096670443 

CM Mom
-8.9988866e-18 2.4603076e-17 
2.3173546e-18  1.8446212e-17 
-3.8480817e-18 4.5966637e-17 
4.7325035e-17  3.0331579e-17 

CM Pos
7.5062513      0.0069169062  
7.5103819      0.01051011    
7.5078141      0.014214008   
13.004509      0.0058748198  

Stress
20.2435      -0.0137782   0.0273624     0.132945     0.060064     0.0778146   
-0.0137782   20.2319      0.0133856     0.060064     0.148305     0.0796948   
0.0273624    0.0133856    20.2041       0.0778146    0.0796948    0.16555     

Stress Spherical
0            0            0             0            0            0           
0            0            0             0            0            0           
0            0            0             0            0            0           

Inertia
150.15       -56.3734     -56.3659      0.149152     0.136328     0.12389     
-56.3734     150.105      -56.3443      0.136328     0.154083     0.120397    
-56.3659     -56.3443     150.147       0.12389      0.120397     0.448995    

Bond Length
0.61822762    0.0019356666

BB bond length
0.61822762    0.0019356666

Water EE distance
0             0           

PEG EE distance
6.7843588     0.10128854  

BBB P2(x)
0.50886575    0.0073871782

BBB first bond length
0.61834919    0.0017539393

BBB second bond length
0.61825579    0.0021371623

BBB <phi**2>/<phi>**2
1.2240082     0.0054976325

