Time = 1000
Temperature
   1.9592195     1.8931878

Pressure
   29.094568     2.0739731

CM Mom
1.2449243e-18  3.0203727e-17 
3.7597768e-17  1.0571628e-16 
-2.4277663e-16 8.9315705e-16 
6.0641962e-16  7.0882197e-16 

CM Pos
10.003947      0.022255296   
9.997576       0.01018827    
10.005674      0.016840681   
17.324679      0.019356016   

Stress
23.1205      -0.15472     0.031637      3.75779      0.296678     0.0853361   
-0.15472     23.1971      0.0159776     0.296678     3.72085      0.159347    
0.031637     0.0159776    23.3581       0.0853361    0.159347     3.50257     

Stress Spherical
0            0            0             0            0            0           
0            0            0             0            0            0           
0            0            0             0            0            0           

Inertia
267.531      -99.9875     -100.152      3.14536      0.310119     0.308106    
-99.9875     267.709      -100.031      0.310119     2.26193      0.213139    
-100.152     -100.031     267.456       0.308106     0.213139     2.62539     

Bond Length
0.62489881    0.055526137 

BB bond length
0.62489881    0.055526137 

Water EE distance
0             0           

PEG EE distance
9.1988676     0.045484455 

BBB P2(x)
0.1498994     0.045465878 

BBB first bond length
0.62537402    0.056468524 

BBB second bond length
0.62531619    0.056143488 

BBB <phi**2>/<phi>**2
1.1419002     0.01705669  

Time = 2000
Temperature
1.0176985     0.0051778958

Pressure
27.749483     0.080989034 

CM Mom
2.3289853e-18  1.4877728e-17 
5.6400126e-17  1.1670913e-17 
3.756094e-17   6.997641e-17  
9.3481791e-17  3.3356143e-17 

CM Pos
10.003613      0.009631698   
9.9998292      0.0094473649  
9.9989983      0.0086821709  
17.321924      0.0065696538  

Stress
24.6594      -0.0116458   0.0162721     0.107228     0.0578971    0.0731318   
-0.0116458   24.7187      -0.0155991    0.0578971    0.176328     0.0257239   
0.0162721    -0.0155991   24.724        0.0731318    0.0257239    0.106202    

Stress Spherical
0            0            0             0            0            0           
0            0            0             0            0            0           
0            0            0             0            0            0           

Inertia
266.875      -100.006     -100.068      0.477461     0.123417     0.155009    
-100.006     266.96       -100.006      0.123417     0.24563      0.123529    
-100.068     -100.006     266.98        0.155009     0.123529     0.527459    

Bond Length
0.59794395    0.00064979084

BB bond length
0.59794395    0.00064979084

Water EE distance
0             0           

PEG EE distance
9.0268102     0.10886414  

BBB P2(x)
0.095437837   0.008572056 

BBB first bond length
0.59809589    0.00063936214

BBB second bond length
0.59817764    0.00063485033

BBB <phi**2>/<phi>**2
1.1244231     0.0032618133

Time = 3000
Temperature
1.0127409     0.0060312118

Pressure
27.746723     0.079528542 

CM Mom
2.8438057e-17  2.6167381e-17 
6.3126273e-17  1.9160091e-17 
1.683216e-18   3.3888554e-17 
8.0948486e-17  2.107369e-17  

CM Pos
9.9952677      0.0066557521  
10.000246      0.011521454   
9.9953264      0.0097177179  
17.315223      0.013874317   

Stress
24.672       -0.017964    0.0155304     0.115953     0.0648934    0.0743859   
-0.017964    24.7602      -0.0272709    0.0648934    0.0661253    0.0775966   
0.0155304    -0.0272709   24.7063       0.0743859    0.0775966    0.0804774   

Stress Spherical
0            0            0             0            0            0           
0            0            0             0            0            0           
0            0            0             0            0            0           

Inertia
266.65       -99.9336     -99.9174      0.396293     0.162308     0.149089    
-99.9336     266.616      -99.9996      0.162308     0.200788     0.250838    
-99.9174     -99.9996     266.705       0.149089     0.250838     0.257151    

Bond Length
0.59771456    0.00058776372

BB bond length
0.59771456    0.00058776372

Water EE distance
0             0           

PEG EE distance
8.6070824     0.082877182 

BBB P2(x)
0.085810482   0.0017490693

BBB first bond length
0.59781838    0.00059016548

BBB second bond length
0.59787098    0.00064496782

BBB <phi**2>/<phi>**2
1.1225809     0.0013566207

Time = 4000
Temperature
1.0108409     0.0056094592

Pressure
27.744196     0.04268712  

CM Mom
4.3903111e-17  1.4514562e-17 
6.0344288e-17  1.2639357e-17 
-1.4178031e-17 1.8666066e-17 
7.8934885e-17  1.6064387e-17 

CM Pos
9.9918462      0.0073966519  
10.002917      0.0094962591  
10.001502      0.014957164   
17.31836       0.012769977   

Stress
24.6922      -0.0397423   0.0013738     0.0754804    0.0610586    0.0499618   
-0.0397423   24.6849      0.00956793    0.0610586    0.0675961    0.0347092   
0.0013738    0.00956793   24.7708       0.0499618    0.0347092    0.0737191   

Stress Spherical
0            0            0             0            0            0           
0            0            0             0            0            0           
0            0            0             0            0            0           

Inertia
266.776      -99.9462     -99.9533      0.426258     0.104863     0.187173    
-99.9462     266.594      -100.077      0.104863     0.338945     0.22082     
-99.9533     -100.077     266.621       0.187173     0.22082      0.211999    

Bond Length
0.59748856    0.00044071946

BB bond length
0.59748856    0.00044071946

Water EE distance
0             0           

PEG EE distance
8.1951108     0.15423826  

BBB P2(x)
0.076090511   0.003032315 

BBB first bond length
0.59761387    0.00041297971

BBB second bond length
0.5976251     0.00043348224

BBB <phi**2>/<phi>**2
1.1190959     0.0011611142

Time = 5000
Temperature
1.0133653     0.0040267101

Pressure
27.73691      0.055784238 

CM Mom
5.3176375e-17  1.2184467e-17 
5.3140126e-17  1.628931e-17  
-3.9237468e-17 1.1410755e-17 
8.6461654e-17  1.6111157e-17 

CM Pos
9.9946001      0.01171447    
9.9924855      0.012123188   
9.9993321      0.0095864011  
17.312677      0.005732219   

Stress
24.6997      -0.0116233   -0.0226076    0.0742255    0.0559773    0.0606927   
-0.0116233   24.7141      0.0292275     0.0559773    0.0748334    0.0672728   
-0.0226076   0.0292275    24.6895       0.0606927    0.0672728    0.103141    

Stress Spherical
0            0            0             0            0            0           
0            0            0             0            0            0           
0            0            0             0            0            0           

Inertia
266.541      -99.8846     -99.9196      0.251067     0.145295     0.142713    
-99.8846     266.626      -99.9145      0.145295     0.238443     0.110802    
-99.9196     -99.9145     266.501       0.142713     0.110802     0.255121    

Bond Length
0.59782484    0.00047582388

BB bond length
0.59782484    0.00047582388

Water EE distance
0             0           

PEG EE distance
7.849959      0.063062293 

BBB P2(x)
0.071271907   0.004353358 

BBB first bond length
0.59791511    0.00047951741

BBB second bond length
0.59799776    0.00045987095

BBB <phi**2>/<phi>**2
1.1182322     0.0017042338

Time = 6000
Temperature
1.0094564     0.0034277255

Pressure
27.720437     0.086270628 

CM Mom
5.1981482e-17  1.1659808e-17 
5.7865384e-17  1.9692538e-17 
-1.5272631e-17 9.6320635e-18 
8.1618636e-17  1.5448381e-17 

CM Pos
10.002111      0.011085244   
9.9957401      0.013626134   
9.9981638      0.011838361   
17.318216      0.013295005   

Stress
24.6868      -0.0150145   0.0122715     0.135504     0.0511724    0.0411284   
-0.0150145   24.7159      -0.020671     0.0511724    0.129058     0.0711579   
0.0122715    -0.020671    24.6864       0.0411284    0.0711579    0.110515    

Stress Spherical
0            0            0             0            0            0           
0            0            0             0            0            0           
0            0            0             0            0            0           

Inertia
266.563      -99.9646     -99.9598      0.382517     0.225641     0.179271    
-99.9646     266.716      -99.9134      0.225641     0.244151     0.214979    
-99.9598     -99.9134     266.69        0.179271     0.214979     0.386858    

Bond Length
0.59773784    0.00058019748

BB bond length
0.59773784    0.00058019748

Water EE distance
0             0           

PEG EE distance
7.6062657     0.060181025 

BBB P2(x)
0.066010152   0.005311129 

BBB first bond length
0.59787309    0.00061470703

BBB second bond length
0.5978781     0.00055998889

BBB <phi**2>/<phi>**2
1.1164172     0.0020387125

Time = 7000
Temperature
1.0118769     0.0066932559

Pressure
27.754316     0.079530973 

CM Mom
4.7560984e-17  1.3054985e-17 
3.5793297e-17  1.4640514e-17 
4.6093295e-19  1.2604759e-17 
6.245382e-17   1.3660067e-17 

CM Pos
10.007368      0.0080026518  
9.9964911      0.010892266   
9.9998328      0.0090127681  
17.322648      0.0064214746  

Stress
24.6734      0.00154958   -0.017284     0.0869374    0.0553912    0.0526537   
0.00154958   24.7457      -0.0572964    0.0553912    0.0725574    0.0408744   
-0.017284    -0.0572964   24.7499       0.0526537    0.0408744    0.114825    

Stress Spherical
0            0            0             0            0            0           
0            0            0             0            0            0           
0            0            0             0            0            0           

Inertia
266.647      -100.064     -100.045      0.210769     0.137013     0.121324    
-100.064     266.833      -99.9747      0.137013     0.234195     0.11241     
-100.045     -99.9747     266.784       0.121324     0.11241      0.203065    

Bond Length
0.59765124    0.00053184713

BB bond length
0.59765124    0.00053184713

Water EE distance
0             0           

PEG EE distance
7.3282012     0.06588765  

BBB P2(x)
0.064177557   0.0026646086

BBB first bond length
0.5977225     0.00055308337

BBB second bond length
0.59777624    0.00058253587

BBB <phi**2>/<phi>**2
1.11605       0.0011400445

Time = 8000
Temperature
1.0140396     0.0038270992

Pressure
27.760654     0.056770948 

CM Mom
2.5881038e-17  1.6150391e-17 
3.3317114e-17  1.662017e-17  
3.652025e-18   2.3607586e-17 
5.1032448e-17  1.6830569e-17 

CM Pos
10.000191      0.010561156   
9.9940711      0.009580951   
10.002921      0.0073650431  
17.318887      0.0101194     

Stress
24.6533      0.0160552    0.0140827     0.0981789    0.0591157    0.0933587   
0.0160552    24.7542      -0.0411445    0.0591157    0.0686999    0.044899    
0.0140827    -0.0411445   24.761        0.0933587    0.044899     0.0619223   

Stress Spherical
0            0            0             0            0            0           
0            0            0             0            0            0           
0            0            0             0            0            0           

Inertia
266.611      -99.9353     -100.05       0.189941     0.190267     0.137173    
-99.9353     266.693      -99.9337      0.190267     0.249891     0.0871655   
-100.05      -99.9337     266.524       0.137173     0.0871655    0.416083    

Bond Length
0.59765551    0.00045568184

BB bond length
0.59765551    0.00045568184

Water EE distance
0             0           

PEG EE distance
7.0500578     0.1103391   

BBB P2(x)
0.060934364   0.0028037716

BBB first bond length
0.59770626    0.00041847684

BBB second bond length
0.59778112    0.00043406664

BBB <phi**2>/<phi>**2
1.1155498     0.0019484881

Time = 9000
Temperature
1.0134493     0.0052197137

Pressure
27.753161     0.04789763  

CM Mom
5.4912807e-17  1.4897009e-17 
4.9554375e-17  1.6425328e-17 
2.0151789e-17  2.9426709e-17 
8.448262e-17   9.8730609e-18 

CM Pos
10.003863      0.011302681   
10.002583      0.0086343128  
10.000417      0.0099475515  
17.324477      0.0094555844  

Stress
24.7271      0.00660836   0.0573452     0.0985488    0.081015     0.0592615   
0.00660836   24.6869      0.0029035     0.081015     0.0919774    0.0762345   
0.0573452    0.0029035    24.7374       0.0592615    0.0762345    0.107076    

Stress Spherical
0            0            0             0            0            0           
0            0            0             0            0            0           
0            0            0             0            0            0           

Inertia
266.721      -100.088     -100.027      0.304135     0.117365     0.176407    
-100.088     266.712      -100.039      0.117365     0.267106     0.205104    
-100.027     -100.039     266.762       0.176407     0.205104     0.238243    

Bond Length
0.5976916     0.00049280161

BB bond length
0.5976916     0.00049280161

Water EE distance
0             0           

PEG EE distance
6.7698357     0.090672585 

BBB P2(x)
0.057129801   0.0037530845

BBB first bond length
0.59782483    0.000542949 

BBB second bond length
0.59779101    0.00045635885

BBB <phi**2>/<phi>**2
1.1140415     0.0016666167

Time = 10000
Temperature
1.0100538     0.0051470092

Pressure
27.798383     0.050845083 

CM Mom
4.5847136e-17  2.0085462e-17 
5.4036629e-17  1.3775926e-17 
-7.3415443e-18 2.2324999e-17 
7.5868045e-17  2.0284544e-17 

CM Pos
9.997354       0.011574222   
10.003835      0.0082020612  
9.9966617      0.0093911741  
17.319273      0.010015261   

Stress
24.7441      -0.0325021   -0.0203314    0.103909     0.0578114    0.0781082   
-0.0325021   24.7908      -0.029477     0.0578114    0.0683735    0.0582528   
-0.0203314   -0.029477    24.7826       0.0781082    0.0582528    0.0732051   

Stress Spherical
0            0            0             0            0            0           
0            0            0             0            0            0           
0            0            0             0            0            0           

Inertia
266.702      -100.01      -99.9355      0.264187     0.151789     0.173998    
-100.01      266.487      -99.9774      0.151789     0.262194     0.168578    
-99.9355     -99.9774     266.666       0.173998     0.168578     0.275613    

Bond Length
0.59715154    0.00059059629

BB bond length
0.59715154    0.00059059629

Water EE distance
0             0           

PEG EE distance
6.595093      0.078562056 

BBB P2(x)
0.059091803   0.0032833391

BBB first bond length
0.59726775    0.00061996415

BBB second bond length
0.59728823    0.00058594023

BBB <phi**2>/<phi>**2
1.1144552     0.0010670399

Time = 11000
Temperature
1.0138532     0.0079977284

Pressure
27.726043     0.081387507 

CM Mom
2.1533907e-17  1.4647684e-17 
3.8758207e-17  1.6271746e-17 
-2.2269779e-17 1.2910398e-17 
5.3683418e-17  1.5031442e-17 

CM Pos
9.9977713      0.014674429   
9.9903992      0.0087082009  
9.9946588      0.013023791   
17.310606      0.010421682   

Stress
24.7029      0.00528311   -0.0270847    0.130013     0.0495117    0.042747    
0.00528311   24.7218      -0.020127     0.0495117    0.148032     0.0466277   
-0.0270847   -0.020127    24.6417       0.042747     0.0466277    0.0975588   

Stress Spherical
0            0            0             0            0            0           
0            0            0             0            0            0           
0            0            0             0            0            0           

Inertia
266.448      -99.8875     -99.9252      0.328602     0.137465     0.232503    
-99.8875     266.536      -99.8838      0.137465     0.336395     0.128213    
-99.9252     -99.8838     266.438       0.232503     0.128213     0.315647    

Bond Length
0.59790342    0.00059300308

BB bond length
0.59790342    0.00059300308

Water EE distance
0             0           

PEG EE distance
6.4273154     0.024638132 

BBB P2(x)
0.061006163   0.0019781038

BBB first bond length
0.59804705    0.00061459921

BBB second bond length
0.59797285    0.00059549959

BBB <phi**2>/<phi>**2
1.1151457     0.0018049561

Time = 12000
Temperature
1.0092957     0.0045790213

Pressure
27.759568     0.058759265 

CM Mom
1.8803806e-17  1.7914009e-17 
3.4380271e-17  2.2939477e-17 
-2.7014652e-17 1.8157942e-17 
5.5275449e-17  1.9668362e-17 

CM Pos
9.9930145      0.0055881395  
9.9973257      0.012588744   
10.002587      0.0084451161  
17.31643       0.0099804512  

Stress
24.7884      -0.00157143  -0.0180467    0.0882824    0.0409818    0.0692048   
-0.00157143  24.7214      -0.0142837    0.0409818    0.084361     0.05489     
-0.0180467   -0.0142837   24.6981       0.0692048    0.05489      0.0890784   

Stress Spherical
0            0            0             0            0            0           
0            0            0             0            0            0           
0            0            0             0            0            0           

Inertia
266.697      -99.839      -99.9805      0.351788     0.155746     0.126227    
-99.839      266.629      -99.9955      0.155746     0.171033     0.176398    
-99.9805     -99.9955     266.478       0.126227     0.176398     0.313685    

Bond Length
0.5976147     0.00036057521

BB bond length
0.5976147     0.00036057521

Water EE distance
0             0           

PEG EE distance
6.2294706     0.066543724 

BBB P2(x)
0.056828083   0.002491661 

BBB first bond length
0.59776863    0.00036969079

BBB second bond length
0.59771469    0.00035591715

BBB <phi**2>/<phi>**2
1.1142381     0.0016434257

Time = 13000
Temperature
1.0109547     0.0049380376

Pressure
27.7623       0.052431705 

CM Mom
3.3426556e-17  2.3523235e-17 
3.6793104e-17  2.784773e-17  
-3.3452151e-17 2.0393805e-17 
6.5648158e-17  3.2018415e-17 

CM Pos
10.000442      0.0091435643  
10.001164      0.0077909973  
9.9964113      0.007864396   
17.319368      0.0080517464  

Stress
24.7414      -0.0337602   -0.00534909   0.0927615    0.0487463    0.0374892   
-0.0337602   24.7317      -0.025941     0.0487463    0.0777414    0.045796    
-0.00534909  -0.025941    24.728        0.0374892    0.045796     0.110474    

Stress Spherical
0            0            0             0            0            0           
0            0            0             0            0            0           
0            0            0             0            0            0           

Inertia
266.66       -99.9958     -99.9682      0.161034     0.149634     0.17909     
-99.9958     266.625      -99.9635      0.149634     0.270397     0.114471    
-99.9682     -99.9635     266.74        0.17909      0.114471     0.256126    

Bond Length
0.59740539    0.00056609286

BB bond length
0.59740539    0.00056609286

Water EE distance
0             0           

PEG EE distance
6.1434352     0.032963806 

BBB P2(x)
0.057312314   0.0040630542

BBB first bond length
0.59753732    0.00053183888

BBB second bond length
0.59756382    0.00056531506

BBB <phi**2>/<phi>**2
1.1141257     0.001191549 

Time = 14000
Temperature
1.010285      0.0043559832

Pressure
27.797309     0.053248067 

CM Mom
2.1955927e-17  2.0913014e-17 
3.3657486e-17  1.5166782e-17 
-2.6594442e-17 2.0262722e-17 
5.7369973e-17  1.0430867e-17 

CM Pos
9.9992734      0.0099195085  
10.009593      0.011541987   
10.000751      0.0096331439  
17.326071      0.0060853184  

Stress
24.7213      0.0180037    -0.00622852   0.0838568    0.0552996    0.0441204   
0.0180037    24.7967      -0.0231099    0.0552996    0.087984     0.0346708   
-0.00622852  -0.0231099   24.7942       0.0441204    0.0346708    0.0967603   

Stress Spherical
0            0            0             0            0            0           
0            0            0             0            0            0           
0            0            0             0            0            0           

Inertia
266.879      -100.097     -99.9813      0.19555      0.139388     0.122653    
-100.097     266.671      -100.067      0.139388     0.211721     0.123956    
-99.9813     -100.067     266.858       0.122653     0.123956     0.301717    

Bond Length
0.59723672    0.00048399382

BB bond length
0.59723672    0.00048399382

Water EE distance
0             0           

PEG EE distance
6.0667369     0.062415801 

BBB P2(x)
0.056798776   0.0035867027

BBB first bond length
0.59737874    0.00052691917

BBB second bond length
0.5973865     0.00046299208

BBB <phi**2>/<phi>**2
1.1144238     0.0015536464

Time = 15000
Temperature
1.0111066     0.0048927713

Pressure
27.765956     0.038869961 

CM Mom
2.2077299e-17  1.3661104e-17 
3.0984654e-17  8.4373027e-18 
-5.5137078e-17 2.0092378e-17 
6.9269288e-17  1.8730627e-17 

CM Pos
9.9929311      0.010557529   
9.9984105      0.0089511277  
10.000667      0.0088332595  
17.3159        0.010470937   

Stress
24.7685      0.0315823    -0.0118052    0.0710671    0.0467059    0.0722026   
0.0315823    24.7139      0.0135455     0.0467059    0.041009     0.0561927   
-0.0118052   0.0135455    24.7283       0.0722026    0.0561927    0.0824114   

Stress Spherical
0            0            0             0            0            0           
0            0            0             0            0            0           
0            0            0             0            0            0           

Inertia
266.64       -99.9365     -99.9304      0.271911     0.172515     0.144208    
-99.9365     266.566      -99.9585      0.172515     0.233838     0.142171    
-99.9304     -99.9585     266.525       0.144208     0.142171     0.340432    

Bond Length
0.59720552    0.00036701905

BB bond length
0.59720552    0.00036701905

Water EE distance
0             0           

PEG EE distance
5.9147749     0.023128046 

BBB P2(x)
0.055829194   0.0040040337

BBB first bond length
0.59735403    0.00039008993

BBB second bond length
0.59732278    0.00044908831

BBB <phi**2>/<phi>**2
1.1134915     0.0012221036

Time = 16000
Temperature
1.0089589     0.0043244494

Pressure
27.751745     0.067380554 

CM Mom
2.0446951e-17  1.4037975e-17 
5.0331909e-17  2.6960181e-17 
-5.622664e-17  8.9128222e-18 
8.2307198e-17  1.8484957e-17 

CM Pos
9.995685       0.0096659816  
10.001164      0.0078887105  
10.002003      0.0086080594  
17.319851      0.0080188284  

Stress
24.7232      0.00406536   0.000862054   0.0944743    0.0753709    0.0554266   
0.00406536   24.7279      0.0161355     0.0753709    0.109727     0.0672814   
0.000862054  0.0161355    24.7364       0.0554266    0.0672814    0.0847817   

Stress Spherical
0            0            0             0            0            0           
0            0            0             0            0            0           
0            0            0             0            0            0           

Inertia
266.692      -99.934      -100.021      0.266346     0.113791     0.115256    
-99.934      266.636      -100.055      0.113791     0.182798     0.102547    
-100.021     -100.055     266.644       0.115256     0.102547     0.274994    

Bond Length
0.59747719    0.00053552549

BB bond length
0.59747719    0.00053552549

Water EE distance
0             0           

PEG EE distance
5.9248712     0.030805395 

BBB P2(x)
0.054810325   0.0032882652

BBB first bond length
0.59767687    0.00051551857

BBB second bond length
0.5976361     0.00050543453

BBB <phi**2>/<phi>**2
1.1136077     0.0014940465

Time = 17000
Temperature
1.0152693     0.0042219714

Pressure
27.808762     0.061004422 

CM Mom
1.0610954e-17  1.7878598e-17 
5.4583611e-17  1.8627469e-17 
-2.7051495e-17 2.0413571e-17 
6.7936741e-17  1.7078826e-17 

CM Pos
9.9957684      0.0089215139  
10.002583      0.007839562   
10.000083      0.0060067732  
17.319608      0.0095845147  

Stress
24.7594      -0.00599627  0.000602882   0.0916034    0.0421842    0.0594691   
-0.00599627  24.774       -0.0139701    0.0421842    0.0903906    0.0585883   
0.000602882  -0.0139701   24.7684       0.0594691    0.0585883    0.0902766   

Stress Spherical
0            0            0             0            0            0           
0            0            0             0            0            0           
0            0            0             0            0            0           

Inertia
266.717      -99.937      -99.9663      0.255595     0.176388     0.0913418   
-99.937      266.634      -100.007      0.176388     0.172256     0.173969    
-99.9663     -100.007     266.695       0.0913418    0.173969     0.283406    

Bond Length
0.5972084     0.00048599786

BB bond length
0.5972084     0.00048599786

Water EE distance
0             0           

PEG EE distance
5.9106146     0.026637386 

BBB P2(x)
0.053113705   0.0017147678

BBB first bond length
0.59734842    0.00050278565

BBB second bond length
0.59736408    0.00050356415

BBB <phi**2>/<phi>**2
1.1129884     0.00077017738

Time = 18000
Temperature
1.0126775     0.0043035196

Pressure
27.756536     0.040587345 

CM Mom
1.8021552e-17  1.424784e-17  
1.0924574e-17  1.733374e-17  
-1.835486e-17  1.7975548e-17 
3.8265128e-17  1.1974277e-17 

CM Pos
10.009788      0.01125854    
10.007924      0.0069665807  
9.995994       0.011894701   
17.328431      0.0092494631  

Stress
24.6955      0.0131285    -0.044902     0.082945     0.0462354    0.0605809   
0.0131285    24.7669      0.00448655    0.0462354    0.084264     0.0576536   
-0.044902    0.00448655   24.7061       0.0605809    0.0576536    0.080797    

Stress Spherical
0            0            0             0            0            0           
0            0            0             0            0            0           
0            0            0             0            0            0           

Inertia
266.754      -100.155     -100.044      0.297556     0.115068     0.146366    
-100.155     266.832      -99.9975      0.115068     0.265965     0.15584     
-100.044     -99.9975     267.07        0.146366     0.15584      0.255393    

Bond Length
0.5976174     0.00067040394

BB bond length
0.5976174     0.00067040394

Water EE distance
0             0           

PEG EE distance
5.7884521     0.036489335 

BBB P2(x)
0.053728888   0.0043041626

BBB first bond length
0.59769666    0.00064741539

BBB second bond length
0.59773968    0.00074288577

BBB <phi**2>/<phi>**2
1.1130916     0.001778007 

Time = 19000
Temperature
1.0137841     0.0054139049

Pressure
27.742402     0.074159037 

CM Mom
2.0612968e-17  2.5512472e-17 
-2.0489859e-17 1.4584652e-17 
-1.9648078e-17 2.4801298e-17 
4.8148794e-17  1.977807e-17  

CM Pos
10.003696      0.012036712   
10.001749      0.0096041829  
10.001335      0.0097734564  
17.324428      0.011207705   

Stress
24.6762      0.00627578   0.00799175    0.0876182    0.0424015    0.0640446   
0.00627578   24.7572      0.0208737     0.0424015    0.0791068    0.0518172   
0.00799175   0.0208737    24.6826       0.0640446    0.0518172    0.088146    

Stress Spherical
0            0            0             0            0            0           
0            0            0             0            0            0           
0            0            0             0            0            0           

Inertia
266.745      -100.072     -100.087      0.219504     0.191381     0.143591    
-100.072     266.854      -100.09       0.191381     0.326763     0.161229    
-100.087     -100.09      266.825       0.143591     0.161229     0.323672    

Bond Length
0.59763428    0.00061758725

BB bond length
0.59763428    0.00061758725

Water EE distance
0             0           

PEG EE distance
5.7214079     0.036381283 

BBB P2(x)
0.052866251   0.002173787 

BBB first bond length
0.59775651    0.00062548033

BBB second bond length
0.59774676    0.00061554748

BBB <phi**2>/<phi>**2
1.1134259     0.001269587 

Time = 20000
Temperature
1.0114603     0.0041406098

Pressure
27.771468     0.05827352  

CM Mom
1.7476308e-17  2.4589907e-17 
-1.531664e-17  2.0303043e-17 
-5.1201197e-18 2.000947e-17  
4.1312172e-17  1.6637211e-17 

CM Pos
10.002528      0.0091644856  
10.003084      0.0062722048  
9.9989148      0.0088083899  
17.323127      0.0062219878  

Stress
24.7488      -0.00887794  -0.01398      0.0980551    0.0740524    0.0729667   
-0.00887794  24.7464      0.0362954     0.0740524    0.080962     0.0234395   
-0.01398     0.0362954    24.729        0.0729667    0.0234395    0.078972    

Stress Spherical
0            0            0             0            0            0           
0            0            0             0            0            0           
0            0            0             0            0            0           

Inertia
266.763      -100.074     -100.003      0.106856     0.150481     0.118499    
-100.074     266.753      -100.007      0.150481     0.257788     0.0870912   
-100.003     -100.007     266.836       0.118499     0.0870912    0.242629    

Bond Length
0.59739824    0.00034760366

BB bond length
0.59739824    0.00034760366

Water EE distance
0             0           

PEG EE distance
5.6541218     0.02147772  

BBB P2(x)
0.052487132   0.0020357367

BBB first bond length
0.59751597    0.00037998386

BBB second bond length
0.59750127    0.0003104497

BBB <phi**2>/<phi>**2
1.1129728     0.00082046651

Time = 21000
Temperature
1.0093634     0.0046546066

Pressure
27.782239     0.045088484 

CM Mom
1.6706156e-17  2.1298768e-17 
-1.302344e-17  2.305239e-17  
4.0640852e-18  1.4472019e-17 
3.8782175e-17  1.2476172e-17 

CM Pos
9.999023       0.0086145292  
9.9927358      0.0056235452  
10.002503      0.0095747706  
17.317201      0.0068296502  

Stress
24.7511      -0.0132901   -0.0388236    0.0845622    0.0608224    0.0625173   
-0.0132901   24.7827      -0.047514     0.0608224    0.0814457    0.0566454   
-0.0388236   -0.047514    24.7416       0.0625173    0.0566454    0.0854666   

Stress Spherical
0            0            0             0            0            0           
0            0            0             0            0            0           
0            0            0             0            0            0           

Inertia
266.613      -99.9331     -100.026      0.204588     0.140798     0.102541    
-99.9331     266.724      -99.945       0.140798     0.200961     0.0931557   
-100.026     -99.945      266.548       0.102541     0.0931557    0.293898    

Bond Length
0.59735684    0.00031914995

BB bond length
0.59735684    0.00031914995

Water EE distance
0             0           

PEG EE distance
5.6289538     0.047804758 

BBB P2(x)
0.051377859   0.0023043715

BBB first bond length
0.5974455     0.00035759784

BBB second bond length
0.59747472    0.00032646363

BBB <phi**2>/<phi>**2
1.1129131     0.0012692607

Time = 22000
Temperature
1.0147431     0.0071044001

Pressure
27.807057     0.077078835 

CM Mom
2.1153174e-17  1.57936e-17   
-3.6325686e-18 1.3875799e-17 
-6.7108595e-18 2.7924615e-17 
4.0351009e-17  9.9621183e-18 

CM Pos
9.9961857      0.0065731014  
10.000497      0.012276175   
10.006008      0.0078444463  
17.322069      0.0068870293  

Stress
24.7666      0.0264299    0.00933519    0.0927414    0.0850427    0.0425189   
0.0264299    24.7898      -0.0330426    0.0850427    0.123742     0.0525783   
0.00933519   -0.0330426   24.7451       0.0425189    0.0525783    0.0724104   

Stress Spherical
0            0            0             0            0            0           
0            0            0             0            0            0           
0            0            0             0            0            0           

Inertia
266.856      -100.002     -100.053      0.33917      0.132117     0.0788207   
-100.002     266.747      -100.054      0.132117     0.138015     0.215247    
-100.053     -100.054     266.628       0.0788207    0.215247     0.147497    

Bond Length
0.59724495    0.00043107152

BB bond length
0.59724495    0.00043107152

Water EE distance
0             0           

PEG EE distance
5.6571801     0.051808891 

BBB P2(x)
0.049926443   0.0029481889

BBB first bond length
0.59737569    0.00046430826

BBB second bond length
0.59737712    0.00049109156

BBB <phi**2>/<phi>**2
1.1125395     0.0018231188

Time = 23000
Temperature
1.0138283     0.0038008285

Pressure
27.782635     0.030508402 

CM Mom
5.8652618e-17  2.4515003e-17 
-1.8134121e-17 2.2040025e-17 
-9.9057734e-18 1.6272455e-17 
6.8016814e-17  2.4338327e-17 

CM Pos
9.9996072      0.011720414   
9.9999127      0.010132064   
10.004423      0.0098702414  
17.322792      0.0085630745  

Stress
24.7076      -0.0211331   0.0249119     0.0514264    0.0636839    0.0599906   
-0.0211331   24.7553      -0.0253612    0.0636839    0.076784     0.0622933   
0.0249119    -0.0253612   24.7734       0.0599906    0.0622933    0.0993291   

Stress Spherical
0            0            0             0            0            0           
0            0            0             0            0            0           
0            0            0             0            0            0           

Inertia
266.807      -99.9175     -100.091      0.258975     0.103634     0.194402    
-99.9175     266.806      -100.044      0.103634     0.306979     0.179888    
-100.091     -100.044     266.721       0.194402     0.179888     0.180265    

Bond Length
0.59757152    0.00056798615

BB bond length
0.59757152    0.00056798615

Water EE distance
0             0           

PEG EE distance
5.5430272     0.037374277 

BBB P2(x)
0.052688894   0.0021466318

BBB first bond length
0.5977479     0.00054832309

BBB second bond length
0.59774391    0.00055372762

BBB <phi**2>/<phi>**2
1.1132435     0.0012831575

Time = 24000
Temperature
1.0139402     0.0035982609

Pressure
27.773208     0.058453994 

CM Mom
5.250559e-17   1.3087197e-17 
-1.0560924e-17 3.0048744e-17 
-1.1391298e-18 1.108999e-17  
6.0449151e-17  2.0316435e-17 

CM Pos
9.9994403      0.0049658935  
9.9952394      0.020560438   
10.006008      0.01172962    
17.320919      0.012912188   

Stress
24.7099      -0.0316458   -0.0112227    0.0681546    0.0304252    0.0523506   
-0.0316458   24.7335      -0.00923961   0.0304252    0.0994442    0.0425125   
-0.0112227   -0.00923961  24.7638       0.0523506    0.0425125    0.0683365   

Stress Spherical
0            0            0             0            0            0           
0            0            0             0            0            0           
0            0            0             0            0            0           

Inertia
266.687      -99.9224     -100.055      0.410607     0.200708     0.199648    
-99.9224     266.774      -100.003      0.200708     0.304801     0.241108    
-100.055     -100.003     266.552       0.199648     0.241108     0.390483    

Bond Length
0.59748197    0.00036854132

BB bond length
0.59748197    0.00036854132

Water EE distance
0             0           

PEG EE distance
5.5149889     0.022767554 

BBB P2(x)
0.051812643   0.0034066033

BBB first bond length
0.59763232    0.00042888029

BBB second bond length
0.59757969    0.00037698526

BBB <phi**2>/<phi>**2
1.1124637     0.0011171317

Time = 25000
Temperature
1.0114294     0.0060120874

Pressure
27.78512      0.054233847 

CM Mom
5.0089051e-17  1.2021436e-17 
1.6178515e-17  3.4107839e-17 
-8.5564443e-18 1.7546976e-17 
6.5043153e-17  1.5133221e-17 

CM Pos
9.9960188      0.0084677633  
9.9997458      0.008497729   
9.9959106      0.013163408   
17.315708      0.010777178   

Stress
24.7506      -0.0327615   -0.00656542   0.051451     0.0499054    0.0535447   
-0.0327615   24.7608      0.0271554     0.0499054    0.0916906    0.0424478   
-0.00656542  0.0271554    24.754        0.0535447    0.0424478    0.0605567   

Stress Spherical
0            0            0             0            0            0           
0            0            0             0            0            0           
0            0            0             0            0            0           

Inertia
266.551      -99.9126     -99.8831      0.291063     0.159891     0.190188    
-99.9126     266.479      -99.9694      0.159891     0.367671     0.156379    
-99.8831     -99.9694     266.577       0.190188     0.156379     0.302517    

Bond Length
0.59748463    0.00034284461

BB bond length
0.59748463    0.00034284461

Water EE distance
0             0           

PEG EE distance
5.6070781     0.056242635 

BBB P2(x)
0.053097681   0.0026919591

BBB first bond length
0.59762936    0.00032256012

BBB second bond length
0.59761084    0.00034789465

BBB <phi**2>/<phi>**2
1.1125957     0.0010996565

Time = 26000
Temperature
1.0089059     0.0045006712

Pressure
27.770434     0.062766167 

CM Mom
3.165127e-17   2.9608903e-17 
3.8023957e-17  1.7702016e-17 
-1.0410947e-17 1.5090674e-17 
5.9524795e-17  2.0750608e-17 

CM Pos
9.9979382      0.0060206698  
9.999245       0.0095094504  
9.9994156      0.0083489101  
17.318547      0.01016841    

Stress
24.7342      0.0333378    0.00229244    0.0769534    0.0652021    0.0695509   
0.0333378    24.7609      0.0160955     0.0652021    0.093979     0.0474887   
0.00229244   0.0160955    24.7489       0.0695509    0.0474887    0.0803095   

Stress Spherical
0            0            0             0            0            0           
0            0            0             0            0            0           
0            0            0             0            0            0           

Inertia
266.672      -99.9659     -99.968       0.334929     0.154836     0.116602    
-99.9659     266.649      -99.989       0.154836     0.25536      0.177939    
-99.968      -99.989      266.685       0.116602     0.177939     0.272917    

Bond Length
0.5972508     0.00014866498

BB bond length
0.5972508     0.00014866498

Water EE distance
0             0           

PEG EE distance
5.6902593     0.015256754 

BBB P2(x)
0.052928537   0.0023817424

BBB first bond length
0.59731708    0.00021609872

BBB second bond length
0.5973472     0.00017739028

BBB <phi**2>/<phi>**2
1.1130041     0.0011800425

Time = 27000
Temperature
1.0120782     0.0029927698

Pressure
27.740916     0.061727749 

CM Mom
6.5955104e-17  1.1680487e-17 
4.6089357e-17  2.7757933e-17 
-1.2694939e-17 1.7714301e-17 
8.5303073e-17  2.407457e-17  

CM Pos
10.000525      0.0099387966  
9.9957401      0.0084286072  
9.9999163      0.0067924646  
17.318308      0.0086185289  

Stress
24.7087      -0.0147793   -0.0504621    0.0970796    0.0487147    0.0775815   
-0.0147793   24.6869      0.0428061     0.0487147    0.0971173    0.0558972   
-0.0504621   0.0428061    24.7313       0.0775815    0.0558972    0.0797357   

Stress Spherical
0            0            0             0            0            0           
0            0            0             0            0            0           
0            0            0             0            0            0           

Inertia
266.571      -99.974      -100.032      0.162716     0.135371     0.148143    
-99.974      266.71       -99.9364      0.135371     0.283871     0.0972887   
-100.032     -99.9364     266.629       0.148143     0.0972887    0.275077    

Bond Length
0.59744805    0.00044381347

BB bond length
0.59744805    0.00044381347

Water EE distance
0             0           

PEG EE distance
5.6089698     0.052603049 

BBB P2(x)
0.054417332   0.0023777788

BBB first bond length
0.59755492    0.00041340934

BBB second bond length
0.59757158    0.00046416258

BBB <phi**2>/<phi>**2
1.1128647     0.0011461975

Time = 28000
Temperature
1.0124243     0.0041206447

Pressure
27.812836     0.060400844 

CM Mom
6.5451668e-17  1.9115669e-17 
3.8012666e-17  1.9873485e-17 
-2.7763914e-17 2.65561e-17   
8.7212498e-17  1.8954933e-17 

CM Pos
9.9979382      0.010636391   
10.001832      0.013137724   
9.9953264      0.0078904759  
17.317687      0.0063603788  

Stress
24.7732      0.0502483    -0.0166089    0.0998546    0.0459046    0.0690105   
0.0502483    24.8028      0.0415233     0.0459046    0.116595     0.0687829   
-0.0166089   0.0415233    24.7636       0.0690105    0.0687829    0.0613154   

Stress Spherical
