Time = 1000
Temperature
   1.1296959    0.19742432

Pressure
   23.860564    0.93646998

CM Mom
1.8662972e-17  2.4546977e-17 
7.989153e-18   3.0652799e-17 
-3.7611369e-17 3.1043936e-16 
2.1671522e-16  2.2973028e-16 

CM Pos
7.5009427      0.018533435   
7.4881087      0.041771579   
7.506483       0.023233633   
12.987895      0.0200876     

Stress
20.4985      -0.0274686   0.0137028     0.366278     0.0686716    0.0666707   
-0.0274686   20.4678      0.00466131    0.0686716    0.435443     0.0907502   
0.0137028    0.00466131   20.4501       0.0666707    0.0907502    0.317005    

Stress Spherical
0            0            0             0            0            0           
0            0            0             0            0            0           
0            0            0             0            0            0           

Inertia
150.051      -56.175      -56.2626      1.05709      0.384551     0.119171    
-56.175      150.227      -56.1628      0.384551     1.34428      0.182399    
-56.2626     -56.1628     149.976       0.119171     0.182399     0.528774    

Bond Length
0.61845509    0.0078006416

BB bond length
0.61845509    0.0078006416

Water EE distance
0             0           

PEG EE distance
7.2407061     0.15134532  

BBB P2(x)
0.46718386    0.063870867 

BBB first bond length
0.61827426    0.0079224198

BBB second bond length
0.61837619    0.0079887794

BBB <phi**2>/<phi>**2
1.2200121     0.016745588 

Time = 2000
Temperature
1.0098519     0.0081709369

Pressure
23.217405     0.098223313 

CM Mom
2.3565781e-17  1.8250186e-17 
-7.1772963e-18 1.5514917e-17 
-4.6334784e-17 4.7199908e-17 
6.9931533e-17  2.5786931e-17 

CM Pos
7.5037581      0.010202744   
7.5024819      0.017371551   
7.4977405      0.010439938   
12.992696      0.010139814   

Stress
20.1622      -0.0270434   -0.00993652   0.107514     0.0962311    0.0839044   
-0.0270434   20.1871      -0.000685085  0.0962311    0.145099     0.0984186   
-0.00993652  -0.000685085 20.216        0.0839044    0.0984186    0.0791421   

Stress Spherical
0            0            0             0            0            0           
0            0            0             0            0            0           
0            0            0             0            0            0           

Inertia
149.89       -56.3068     -56.2703      0.210262     0.197323     0.0756266   
-56.3068     149.898      -56.2958      0.197323     0.270594     0.154446    
-56.2703     -56.2958     149.969       0.0756266    0.154446     0.278687    

Bond Length
0.61813816    0.0011362639

BB bond length
0.61813816    0.0011362639

Water EE distance
0             0           

PEG EE distance
7.4277292     0.069272833 

BBB P2(x)
0.50972818    0.0085886142

BBB first bond length
0.61813524    0.0014014489

BBB second bond length
0.61810393    0.0011848009

BBB <phi**2>/<phi>**2
1.2212282     0.0054200368

