Time = 500
Temperature
   1.0371693   0.043454566

Pressure
   22.728217    0.17588349

CM Mom
-2.9835734e-18 1.9697359e-17 
-6.5185262e-17 2.9047591e-17 
2.7102164e-17  1.788785e-17  
7.6456966e-17  2.6431107e-17 

CM Pos
7.5084192      0.026072079   
7.519337       0.005961959   
7.5134639      0.022256276   
13.014201      0.026759775   

Stress
19.6731      -0.0699945   0.0614687     0.174385     0.0557541    0.0773466   
-0.0699945   19.5989      0.04847       0.0557541    0.0873732    0.0664687   
0.0614687    0.04847      19.5883       0.0773466    0.0664687    0.0921471   

Stress Spherical
0            0            0             0            0            0           
0            0            0             0            0            0           
0            0            0             0            0            0           

Inertia
150.019      -56.4418     -56.4141      0.254077     0.176051     0.328243    
-56.4418     149.853      -56.4066      0.176051     0.831629     0.163556    
-56.4141     -56.4066     150.009       0.328243     0.163556     0.597684    

Bond Length
0.6136758     0.0060451351

BB bond length
0.6136758     0.0060451351

Water EE distance
0             0           

PEG EE distance
3.5509491     0.14351594  

Time = 1000
Temperature
1.0082286     0.0092933337

Pressure
22.613434     0.12125055  

CM Mom
-9.8958479e-18 1.3892307e-17 
-6.4352101e-17 2.3015386e-17 
7.9688195e-18  1.2773736e-17 
6.7801622e-17  2.4319444e-17 

CM Pos
7.5164279      0.012929303   
7.5142945      0.0084105874  
7.5042687      0.015165303   
13.010597      0.014210207   

Stress
19.6131      -0.0206716   -0.0201033    0.0939954    0.0578515    0.0986201   
-0.0206716   19.614       0.0318813     0.0578515    0.156668     0.0759678   
-0.0201033   0.0318813    19.549        0.0986201    0.0759678    0.14357     

Stress Spherical
0            0            0             0            0            0           
0            0            0             0            0            0           
0            0            0             0            0            0           

Inertia
149.86       -56.4213     -56.4106      0.209936     0.186576     0.119592    
-56.4213     149.896      -56.364       0.186576     0.352161     0.135086    
-56.4106     -56.364      150.079       0.119592     0.135086     0.365903    

Bond Length
0.61562189    0.003454175 

BB bond length
0.61562189    0.003454175 

Water EE distance
0             0           

PEG EE distance
3.5645465     0.15187222  

