Time = 1000
Temperature
   1.0452805   0.050706843

Pressure
   23.688721    0.21183099

CM Mom
-1.5149438e-17 1.6077211e-17 
-8.3011408e-18 1.1241516e-17 
2.5615637e-17  1.0132723e-16 
8.396405e-17   6.7503115e-17 

CM Pos
7.5037832      0.024220358   
7.4996615      0.039000175   
7.5003966      0.017434971   
12.992666      0.025840845   

Stress
20.5314      0.0217921    0.0239758     0.113326     0.0389271    0.0786207   
0.0217921    20.5664      -0.034762     0.0389271    0.101308     0.0835848   
0.0239758    -0.034762    20.5747       0.0786207    0.0835848    0.12751     

Stress Spherical
0            0            0             0            0            0           
0            0            0             0            0            0           
0            0            0             0            0            0           

Inertia
150          -56.2516     -56.2815      0.318333     0.502596     0.130374    
-56.2516     150.043      -56.2887      0.502596     0.532775     0.219974    
-56.2815     -56.2887     150.043       0.130374     0.219974     0.416404    

Bond Length
0.61909999    0.0036706632

BB bond length
0.61909999    0.0036706632

Water EE distance
0             0           

PEG EE distance
6.6103981     0.37058118  

BBB P2(x)
0.47160506    0.065022869 

BBB first bond length
0.61874898    0.0038320808

BBB second bond length
0.61937465    0.0035745518

BBB <phi**2>/<phi>**2
1.2134791     0.017817749 

Time = 2000
Temperature
1.0138521     0.0037013213

Pressure
23.495323     0.11766758  

CM Mom
-1.4636056e-17 1.7614275e-17 
3.2872924e-18  2.4211276e-17 
3.3046293e-17  1.8471853e-17 
4.7630028e-17  1.6914973e-17 

CM Pos
7.5043767      0.016280637   
7.4963974      0.011798751   
7.4953521      0.014354935   
12.988158      0.017549151   

Stress
20.4119      -0.0126864   -0.00325681   0.132266     0.0731411    0.0715614   
-0.0126864   20.4291      -0.000971219  0.0731411    0.153525     0.0373177   
-0.00325681  -0.000971219 20.5338       0.0715614    0.0373177    0.171944    

Stress Spherical
0            0            0             0            0            0           
0            0            0             0            0            0           
0            0            0             0            0            0           

Inertia
149.794      -56.238      -56.2976      0.300866     0.199264     0.173293    
-56.238      149.924      -56.1665      0.199264     0.382822     0.157406    
-56.2976     -56.1665     149.94        0.173293     0.157406     0.401001    

Bond Length
0.61923204    0.0025632032

BB bond length
0.61923204    0.0025632032

Water EE distance
0             0           

PEG EE distance
7.0792348     0.24710078  

BBB P2(x)
0.49340827    0.014733012 

BBB first bond length
0.61921896    0.0026677175

BBB second bond length
0.61964184    0.0030064363

BBB <phi**2>/<phi>**2
1.22228       0.019879663 

