Time = 1000
Temperature
    1.030609     0.0412028

Pressure
   23.414012    0.16282322

CM Mom
-1.2886051e-16 1.770046e-17  
2.6111919e-17  3.3934757e-17 
2.3109707e-17  9.7725677e-17 
1.6507805e-16  3.9816347e-17 

CM Pos
7.4936099      0.02564082    
7.4965754      0.016529362   
7.5021175      0.026883486   
12.985981      0.023523027   

Stress
20.3592      -0.0581758   -0.0154523    0.0970637    0.0771105    0.0692526   
-0.0581758   20.3424      0.0114624     0.0771105    0.142584     0.0722026   
-0.0154523   0.0114624    20.2741       0.0692526    0.0722026    0.099218    

Stress Spherical
0            0            0             0            0            0           
0            0            0             0            0            0           
0            0            0             0            0            0           

Inertia
149.938      -56.1925     -56.2206      0.540618     0.172259     0.430112    
-56.1925     149.912      -56.1995      0.172259     0.318191     0.216145    
-56.2206     -56.1995     149.793       0.430112     0.216145     0.438816    

Bond Length
0.56839051    0.003976671 

BB bond length
0.56839051    0.003976671 

Water EE distance
0             0           

PEG EE distance
2.2543104     0.060352298 

Time = 2000
Temperature
1.0127245     0.0084485734

Pressure
23.331071     0.05891958  

CM Mom
-1.1888195e-16 1.9849677e-17 
8.2720396e-17  2.5520045e-17 
4.042957e-17   2.458698e-17  
1.5509803e-16  1.4301565e-17 

CM Pos
7.5011729      0.011006817   
7.4919783      0.012757647   
7.5105703      0.013070973   
12.992549      0.0107933     

Stress
20.2488      -0.0136701   0.023718      0.0645594    0.0612488    0.0856137   
-0.0136701   20.3234      0.0232823     0.0612488    0.0951299    0.0847239   
0.023718     0.0232823    20.3155       0.0856137    0.0847239    0.138231    

Stress Spherical
0            0            0             0            0            0           
0            0            0             0            0            0           
0            0            0             0            0            0           

Inertia
149.926      -56.1971     -56.3646      0.339122     0.147186     0.129057    
-56.1971     150.088      -56.2563      0.147186     0.231516     0.132843    
-56.3646     -56.2563     149.803       0.129057     0.132843     0.158712    

Bond Length
0.56935345    0.0042910956

BB bond length
0.56935345    0.0042910956

Water EE distance
0             0           

PEG EE distance
2.2214957     0.090856346 

Time = 3000
Temperature
1.0085937     0.0081714901

Pressure
23.304724     0.097593045 

CM Mom
-1.0368964e-16 1.0398592e-17 
8.2537371e-17  2.9368739e-17 
1.9141332e-17  1.4736652e-17 
1.3665679e-16  2.1049841e-17 

CM Pos
7.4965757      0.013733074   
7.5036936      0.008007909   
7.5090873      0.015158727   
12.995797      0.013977278   

Stress
20.2846      0.0160551    -0.0309719    0.155138     0.0601952    0.0542828   
0.0160551    20.2856      0.023569      0.0601952    0.129833     0.0663665   
-0.0309719   0.023569     20.2756       0.0542828    0.0663665    0.0956488   

Stress Spherical
0            0            0             0            0            0           
0            0            0             0            0            0           
0            0            0             0            0            0           

Inertia
150.136      -56.2037     -56.3153      0.346086     0.142716     0.179719    
-56.2037     150.018      -56.3602      0.142716     0.313702     0.187538    
-56.3153     -56.3602     149.936       0.179719     0.187538     0.227518    

Bond Length
0.56897481    0.0028733229

BB bond length
0.56897481    0.0028733229

Water EE distance
0             0           

PEG EE distance
2.2074077     0.076176533 

