Time = 1000
Temperature
   1.0222782   0.037435532

Pressure
   23.582159    0.13369679

CM Mom
-8.2279374e-19 1.7409563e-17 
-5.9498958e-18 1.7425782e-17 
-6.1204884e-18 9.7197355e-17 
8.9342094e-17  4.6320681e-17 

CM Pos
7.4933065      0.032107631   
7.5042154      0.018226404   
7.4969226      0.020932821   
12.987233      0.01786113    

Stress
20.5573      0.0253454    -0.0411775    0.103851     0.056445     0.0764242   
0.0253454    20.4869      0.0259768     0.056445     0.108207     0.077662    
-0.0411775   0.0259768    20.5064       0.0764242    0.077662     0.105832    

Stress Spherical
0            0            0             0            0            0           
0            0            0             0            0            0           
0            0            0             0            0            0           

Inertia
149.992      -56.2311     -56.1632      0.333058     0.359123     0.179618    
-56.2311     149.816      -56.2137      0.359123     0.295755     0.0945273   
-56.1632     -56.2137     149.925       0.179618     0.0945273    0.472207    

Bond Length
0.56916866    0.0046985037

BB bond length
0.56916866    0.0046985037

Water EE distance
0             0           

PEG EE distance
2.2370715     0.14860774  

Time = 2000
Temperature
1.0131401     0.0076058469

Pressure
23.55919      0.066254043 

CM Mom
-1.3662764e-17 3.3842955e-17 
1.9649686e-18  1.6495023e-17 
-6.9375226e-19 1.6530071e-17 
4.0724631e-17  1.4939632e-17 

CM Pos
7.4984942      0.025547874   
7.5006581      0.015232222   
7.4976637      0.013157514   
12.988574      0.015896185   

Stress
20.4856      0.000600713  -0.0170704    0.152421     0.0793359    0.0846014   
0.000600713  20.5373      -0.0294438    0.0793359    0.104186     0.0789222   
-0.0170704   -0.0294438   20.541        0.0846014    0.0789222    0.0853378   

Stress Spherical
0            0            0             0            0            0           
0            0            0             0            0            0           
0            0            0             0            0            0           

Inertia
149.93       -56.223      -56.2018      0.452445     0.187955     0.193262    
-56.223      149.897      -56.2187      0.187955     0.274677     0.200859    
-56.2018     -56.2187     149.931       0.193262     0.200859     0.291076    

Bond Length
0.56691599    0.004348936 

BB bond length
0.56691599    0.004348936 

Water EE distance
0             0           

PEG EE distance
2.1929652     0.13750453  

Time = 3000
Temperature
1.0062193     0.0060974983

Pressure
23.504194     0.066876805 

CM Mom
-1.6819961e-18 1.8537874e-17 
1.5983043e-17  2.7422404e-17 
6.7108429e-18  1.8363916e-17 
3.9313091e-17  1.3808603e-17 

CM Pos
7.4934547      0.010611033   
7.4962114      0.018032514   
7.5015174      0.016239541   
12.985316      0.0087931466  

Stress
20.4796      -0.00895545  -0.00954119   0.0752214    0.0676846    0.0555459   
-0.00895545  20.4693      0.0192379     0.0676846    0.0951614    0.0664029   
-0.00954119  0.0192379    20.5121       0.0555459    0.0664029    0.108075    

Stress Spherical
0            0            0             0            0            0           
0            0            0             0            0            0           
0            0            0             0            0            0           

Inertia
149.933      -56.1172     -56.1587      0.316222     0.127653     0.156189    
-56.1172     149.892      -56.2221      0.127653     0.263627     0.131138    
-56.1587     -56.2221     149.814       0.156189     0.131138     0.248695    

Bond Length
0.56967594    0.0037274335

BB bond length
0.56967594    0.0037274335

Water EE distance
0             0           

PEG EE distance
2.2579541     0.17875628  

