Time = 1000
Temperature
   2.0058346     1.9705794

Pressure
   29.084104     1.0820537

CM Mom
-7.5696203e-17 1.0332172e-16 
6.1027649e-17  3.1254947e-17 
6.9333134e-17  7.4446006e-16 
5.1698333e-16  5.5934125e-16 

CM Pos
10.004489      0.050884841   
10.00382       0.015676544   
9.9855671      0.010600179   
17.317029      0.034795743   

Stress
23.0294      0.0164819    0.0216262     4.92916      0.0920531    0.0479993   
0.0164819    22.9624      0.00458832    0.0920531    5.04274      0.0730193   
0.0216262    0.00458832   23.2284       0.0479993    0.0730193    4.74684     

Stress Spherical
0            0            0             0            0            0           
0            0            0             0            0            0           
0            0            0             0            0            0           

Inertia
267.483      -100.103     -99.8607      1.82208      0.56729      0.537348    
-100.103     267.553      -99.8509      0.56729      3.0838       0.250577    
-99.8607     -99.8509     267.937       0.537348     0.250577     2.69165     

Bond Length
0.6280395     0.06236086  

BB bond length
0.6280395     0.06236086  

Water EE distance
0             0           

PEG EE distance
9.8086421     0.062948847 

BBB P2(x)
0.17019076    0.045542358 

BBB first bond length
0.6285112     0.06323321  

BBB second bond length
0.62850657    0.063003604 

BBB <phi**2>/<phi>**2
1.1479275     0.018274843 

Time = 2000
Temperature
1.0208851     0.0064958916

Pressure
28.236098     0.049670555 

CM Mom
-4.0188274e-17 9.0297971e-18 
3.3110562e-17  1.8756443e-17 
-1.2195526e-17 7.4369023e-17 
8.9846777e-17  2.7418739e-17 

CM Pos
9.9919749      0.0072806655  
10.005155      0.0072447279  
9.9933258      0.013657874   
17.315008      0.0055676252  

Stress
25.2095      -0.0277711   0.0185782     0.0988261    0.0734199    0.0510383   
-0.0277711   25.148       -0.0185342    0.0734199    0.0985928    0.081325    
0.0185782    -0.0185342   25.1732       0.0510383    0.081325     0.0998968   

Stress Spherical
0            0            0             0            0            0           
0            0            0             0            0            0           
0            0            0             0            0            0           

Inertia
266.936      -100.023     -99.7973      0.500746     0.145897     0.167983    
-100.023     266.671      -99.9948      0.145897     0.444202     0.0895626   
-99.7973     -99.9948     266.964       0.167983     0.0895626    0.291716    

Bond Length
0.59703909    0.00041475055

BB bond length
0.59703909    0.00041475055

Water EE distance
0             0           

PEG EE distance
9.6907472     0.048774669 

BBB P2(x)
0.11233581    0.0071623193

BBB first bond length
0.59717144    0.00038619673

BBB second bond length
0.59718368    0.000373713 

BBB <phi**2>/<phi>**2
1.128978      0.0023200396

Time = 3000
Temperature
1.0110819     0.0050144186

Pressure
28.178053     0.063511175 

CM Mom
-5.2353988e-17 1.4500801e-17 
2.9827316e-17  2.1117293e-17 
-5.0441443e-17 2.868611e-17  
8.6150796e-17  1.5234652e-17 

CM Pos
9.9950617      0.0080752175  
9.9921406      0.0089345027  
9.9880699      0.0089247598  
17.306237      0.0076078077  

Stress
25.1204      0.0213022    0.0111252     0.085227     0.0524155    0.0488448   
0.0213022    25.1086      -0.00287309   0.0524155    0.0886643    0.043145    
0.0111252    -0.00287309  25.2156       0.0488448    0.043145     0.073978    

Stress Spherical
0            0            0             0            0            0           
0            0            0             0            0            0           
0            0            0             0            0            0           

Inertia
266.446      -99.9204     -99.8615      0.293812     0.128763     0.175017    
-99.9204     266.487      -99.8031      0.128763     0.279899     0.0871418   
-99.8615     -99.8031     266.614       0.175017     0.0871418    0.258402    

Bond Length
0.59675543    0.00054601962

BB bond length
0.59675543    0.00054601962

Water EE distance
0             0           

PEG EE distance
9.4940616     0.04586042  

BBB P2(x)
0.096018014   0.0027527549

BBB first bond length
0.59686518    0.00052555283

BBB second bond length
0.59693574    0.00052122345

BBB <phi**2>/<phi>**2
1.124983      0.0011262904

Time = 4000
Temperature
1.0146086     0.0047091543

Pressure
28.188174     0.06155162  

CM Mom
-4.2151241e-17 1.5496501e-17 
3.4005993e-17  1.8086132e-17 
-7.4300957e-17 2.3203011e-17 
9.531981e-17   2.1760749e-17 

CM Pos
10.009077      0.0096721584  
10.004905      0.011094248   
10.002836      0.0091728185  
17.330226      0.007292987   

Stress
25.15        0.025315     -0.00995597   0.0693529    0.0502583    0.0496965   
0.025315     25.1228      -0.0123237    0.0502583    0.0728394    0.0551239   
-0.00995597  -0.0123237   25.1705       0.0496965    0.0551239    0.104218    

Stress Spherical
0            0            0             0            0            0           
0            0            0             0            0            0           
0            0            0             0            0            0           

Inertia
266.947      -100.126     -100.09       0.269134     0.140258     0.129009    
-100.126     266.995      -100.089      0.140258     0.236555     0.106773    
-100.09      -100.089     267.054       0.129009     0.106773     0.252047    

Bond Length
0.59670945    0.00033165118

BB bond length
0.59670945    0.00033165118

Water EE distance
0             0           

PEG EE distance
9.2402911     0.093755088 

BBB P2(x)
0.085631231   0.0051181534

BBB first bond length
0.59681598    0.00031426445

BBB second bond length
0.59681076    0.00033193377

BBB <phi**2>/<phi>**2
1.121432      0.0016372713

Time = 5000
Temperature
1.0086413     0.0049673054

Pressure
28.239084     0.045994347 

CM Mom
-5.8480261e-17 2.9090539e-17 
2.153665e-17   1.7649503e-17 
-8.2122025e-17 2.1322319e-17 
1.0822921e-16  2.2948639e-17 

CM Pos
9.994728       0.012142884   
9.9966457      0.011100833   
9.990239       0.012306571   
17.309903      0.008037026   

Stress
25.2202      -0.0267641   0.00485115    0.0864692    0.0682335    0.0489975   
-0.0267641   25.2049      -0.0421099    0.0682335    0.0424126    0.0441806   
0.00485115   -0.0421099   25.2246       0.0489975    0.0441806    0.113173    

Stress Spherical
0            0            0             0            0            0           
0            0            0             0            0            0           
0            0            0             0            0            0           

Inertia
266.453      -99.9121     -99.8832      0.216539     0.167519     0.179506    
-99.9121     266.421      -99.8682      0.167519     0.359005     0.155522    
-99.8832     -99.8682     266.549       0.179506     0.155522     0.319648    

Bond Length
0.59625982    0.00052000946

BB bond length
0.59625982    0.00052000946

Water EE distance
0             0           

PEG EE distance
8.9689297     0.064987276 

BBB P2(x)
0.07672948    0.0033735433

BBB first bond length
0.59637249    0.00045836041

BBB second bond length
0.59639351    0.00048724726

BBB <phi**2>/<phi>**2
1.1197037     0.0018085039

Time = 6000
Temperature
1.0134043     0.0050301893

Pressure
28.26278      0.067126887 

CM Mom
-5.7120472e-17 1.3211583e-17 
3.084964e-17   1.3813178e-17 
-8.2727431e-17 2.4266926e-17 
1.0769252e-16  2.0367375e-17 

CM Pos
10.001736      0.0065949707  
9.9943932      0.0094076872  
9.9950778      0.01124752    
17.315436      0.010728949   

Stress
25.2229      0.0114512    -0.0176769    0.0720335    0.0667738    0.0696261   
0.0114512    25.2293      -0.00856643   0.0667738    0.072586     0.077475    
-0.0176769   -0.00856643  25.2258       0.0696261    0.077475     0.121974    

Stress Spherical
0            0            0             0            0            0           
0            0            0             0            0            0           
0            0            0             0            0            0           

Inertia
266.464      -99.9458     -99.9667      0.28109      0.149624     0.170691    
-99.9458     266.643      -99.8882      0.149624     0.307695     0.151364    
-99.9667     -99.8882     266.587       0.170691     0.151364     0.236601    

Bond Length
0.59632216    0.00034756421

BB bond length
0.59632216    0.00034756421

Water EE distance
0             0           

PEG EE distance
8.6669779     0.12574103  

BBB P2(x)
0.073656122   0.0019309836

BBB first bond length
0.59641751    0.00035909886

BBB second bond length
0.59649751    0.00038392448

BBB <phi**2>/<phi>**2
1.1181838     0.0010538284

Time = 7000
Temperature
1.011556      0.0037970716

Pressure
28.267947     0.06519549  

CM Mom
-5.3791841e-17 1.0049503e-17 
1.3074517e-17  8.1763038e-18 
-6.8940529e-17 1.880237e-17  
8.9799802e-17  1.6573194e-17 

CM Pos
10.003571      0.0089500694  
9.9948103      0.012441844   
10.00584       0.0071382674  
17.322951      0.012014088   

Stress
25.2762      -0.0178698   -0.0173863    0.0835481    0.0624672    0.0502585   
-0.0178698   25.1935      0.0300478     0.0624672    0.0799364    0.0500667   
-0.0173863   0.0300478    25.2403       0.0502585    0.0500667    0.0948069   

Stress Spherical
0            0            0             0            0            0           
0            0            0             0            0            0           
0            0            0             0            0            0           

Inertia
266.654      -99.9685     -100.097      0.334723     0.142592     0.118113    
-99.9685     266.859      -99.9751      0.142592     0.240282     0.162481    
-100.097     -99.9751     266.564       0.118113     0.162481     0.338788    

Bond Length
0.59607825    0.00046618129

BB bond length
0.59607825    0.00046618129

Water EE distance
0             0           

PEG EE distance
8.337211      0.046041475 

BBB P2(x)
0.072198467   0.002063534 

BBB first bond length
0.59616514    0.00049433097

BBB second bond length
0.59618887    0.00043778052

BBB <phi**2>/<phi>**2
1.1179469     0.0019434712

Time = 8000
Temperature
1.0137477     0.007094161 

Pressure
28.273898     0.058828161 

CM Mom
-6.9015496e-17 1.6164428e-17 
2.1420177e-17  9.9950112e-18 
-8.5013593e-17 1.8019902e-17 
1.130255e-16   1.8984626e-17 

CM Pos
10.001569      0.0089857705  
9.9991485      0.012979565   
10.004171      0.011590376   
17.323339      0.0095300127  

Stress
25.267       -0.0589717   0.00539021    0.0873888    0.0562107    0.0395808   
-0.0589717   25.2198      -0.00751744   0.0562107    0.0618133    0.0597651   
0.00539021   -0.00751744  25.2214       0.0395808    0.0597651    0.0932164   

Stress Spherical
0            0            0             0            0            0           
0            0            0             0            0            0           
0            0            0             0            0            0           

Inertia
266.722      -100.061     -100.012      0.183038     0.177175     0.164315    
-100.061     266.812      -100.058      0.177175     0.331026     0.130525    
-100.012     -100.058     266.68        0.164315     0.130525     0.362113    

Bond Length
0.5962619     0.00062991427

BB bond length
0.5962619     0.00062991427

Water EE distance
0             0           

PEG EE distance
8.1502481     0.068623363 

BBB P2(x)
0.066252553   0.0016565834

BBB first bond length
0.59636186    0.00062158394

BBB second bond length
0.59642315    0.00062307804

BBB <phi**2>/<phi>**2
1.1166787     0.0013374053

Time = 9000
Temperature
1.0103886     0.005215229 

Pressure
28.248958     0.07566643  

CM Mom
-7.8142834e-17 2.0737594e-17 
2.2348952e-17  1.6404774e-17 
-9.9521563e-17 1.8354408e-17 
1.3029199e-16  2.3882304e-17 

CM Pos
9.9999839      0.0075435896  
10.002319      0.0059467846  
10.002086      0.0097277676  
17.323046      0.0053667465  

Stress
25.2089      -0.00920804  0.00153844    0.0941867    0.0687678    0.0576462   
-0.00920804  25.2343      0.00357883    0.0687678    0.107622     0.0604053   
0.00153844   0.00357883   25.2204       0.0576462    0.0604053    0.10469     

Stress Spherical
0            0            0             0            0            0           
0            0            0             0            0            0           
0            0            0             0            0            0           

Inertia
266.761      -100.035     -100.062      0.209947     0.126364     0.148907    
-100.035     266.745      -100.048      0.126364     0.207343     0.140214    
-100.062     -100.048     266.711       0.148907     0.140214     0.191785    

Bond Length
0.59599577    0.00045677113

BB bond length
0.59599577    0.00045677113

Water EE distance
0             0           

PEG EE distance
7.9022866     0.093097644 

BBB P2(x)
0.064906135   0.0026935864

BBB first bond length
0.59611741    0.00046127813

BBB second bond length
0.59611845    0.00048206107

BBB <phi**2>/<phi>**2
1.1158324     0.0015219236

Time = 10000
Temperature
1.0101572     0.0046671965

Pressure
28.255372     0.061601453 

CM Mom
-8.9394419e-17 3.209679e-17  
1.566124e-17   1.5567243e-17 
-1.1007778e-16 1.8330659e-17 
1.4635513e-16  2.3291341e-17 

CM Pos
10.008577      0.014031898   
10.007408      0.010178117   
10.005339      0.0076594156  
17.332828      0.0080113042  

Stress
25.2646      -0.0195019   -0.0129782    0.0739557    0.0466854    0.0411721   
-0.0195019   25.2148      -0.00165439   0.0466854    0.0662802    0.0728901   
-0.0129782   -0.00165439  25.2055       0.0411721    0.0728901    0.0945646   

Stress Spherical
0            0            0             0            0            0           
0            0            0             0            0            0           
0            0            0             0            0            0           

Inertia
266.914      -100.168     -100.161      0.213111     0.247355     0.12986     
-100.168     266.943      -100.14       0.247355     0.287729     0.13682     
-100.161     -100.14      267.016       0.12986      0.13682      0.40041     

Bond Length
0.59610576    0.00052277065

BB bond length
0.59610576    0.00052277065

Water EE distance
0             0           

PEG EE distance
7.6566759     0.07602267  

BBB P2(x)
0.064705083   0.0026868181

BBB first bond length
0.59624549    0.00051666075

BBB second bond length
0.59621702    0.00045034394

BBB <phi**2>/<phi>**2
1.1166197     0.00098991775

Time = 11000
Temperature
1.0133396     0.0049221903

Pressure
28.281601     0.056687984 

CM Mom
-1.3385926e-16 1.5723312e-17 
-1.5064865e-17 1.840941e-17  
-1.2925348e-16 1.5292845e-17 
1.8831312e-16  1.4487255e-17 

CM Pos
9.9991496      0.0070868929  
10.006657      0.012262662   
10.001669      0.006685116   
17.324829      0.010527215   

Stress
25.2197      -0.0334995   0.0199389     0.0675318    0.0838163    0.0663007   
-0.0334995   25.2582      -0.0578297    0.0838163    0.0723606    0.0552059   
0.0199389    -0.0578297   25.2571       0.0663007    0.0552059    0.0669726   

Stress Spherical
0            0            0             0            0            0           
0            0            0             0            0            0           
0            0            0             0            0            0           

Inertia
266.807      -100.112     -99.9834      0.292261     0.190743     0.155667    
-100.112     266.663      -100.156      0.190743     0.185648     0.200689    
-99.9834     -100.156     266.747       0.155667     0.200689     0.31418     

Bond Length
0.59629061    0.00061562841

BB bond length
0.59629061    0.00061562841

Water EE distance
0             0           

PEG EE distance
7.4233272     0.065771045 

BBB P2(x)
0.061730155   0.0035488881

BBB first bond length
0.59641516    0.00061963866

BBB second bond length
0.59635264    0.00062537217

BBB <phi**2>/<phi>**2
1.1155288     0.001478185 

Time = 12000
Temperature
1.0106534     0.0052356396

Pressure
28.267833     0.071714845 

CM Mom
-1.4675704e-16 3.0141757e-17 
-2.3980734e-17 1.6911246e-17 
-1.2414788e-16 1.5210684e-17 
1.9592594e-16  2.3755178e-17 

CM Pos
9.9978982      0.010004656   
10.002319      0.0078266087  
9.9968297      0.011232968   
17.31881       0.0079303902  

Stress
25.2432      0.0180185    -0.0225899    0.10677      0.051076     0.0575902   
0.0180185    25.2269      0.00617178    0.051076     0.0805001    0.0621569   
-0.0225899   0.00617178   25.2477       0.0575902    0.0621569    0.130859    

Stress Spherical
0            0            0             0            0            0           
0            0            0             0            0            0           
0            0            0             0            0            0           

Inertia
266.592      -100.023     -99.9875      0.205823     0.0886732    0.160503    
-100.023     266.532      -99.9958      0.0886732    0.266486     0.0800923   
-99.9875     -99.9958     266.655       0.160503     0.0800923    0.230548    

Bond Length
0.59601942    0.00050387496

BB bond length
0.59601942    0.00050387496

Water EE distance
0             0           

PEG EE distance
7.2620068     0.057335837 

BBB P2(x)
0.060927135   0.0028539351

BBB first bond length
0.59611152    0.00051416064

BBB second bond length
0.59613313    0.00055031601

BBB <phi**2>/<phi>**2
1.1154745     0.0017643357

Time = 13000
Temperature
1.0121467     0.0069707844

Pressure
28.311548     0.065914825 

CM Mom
-1.4901038e-16 1.3433872e-17 
-1.4140373e-17 1.5265275e-17 
-1.2546023e-16 8.5265027e-18 
1.9622406e-16  1.1252962e-17 

CM Pos
10.000735      0.0085165227  
10.005489      0.007391197   
10.001919      0.0072634377  
17.325212      0.010008821   

Stress
25.2542      0.0255359    -0.0367243    0.0709356    0.0386165    0.034814    
0.0255359    25.297       0.00475881    0.0386165    0.0755112    0.0763642   
-0.0367243   0.00475881   25.2844       0.034814     0.0763642    0.0952217   

Stress Spherical
0            0            0             0            0            0           
0            0            0             0            0            0           
0            0            0             0            0            0           

Inertia
266.79       -100.045     -100.052      0.266078     0.129043     0.182182    
-100.045     266.717      -100.073      0.129043     0.323478     0.115988    
-100.052     -100.073     266.767       0.182182     0.115988     0.268957    

Bond Length
0.59616656    0.00046190894

BB bond length
0.59616656    0.00046190894

Water EE distance
0             0           

PEG EE distance
7.0569588     0.061609077 

BBB P2(x)
0.059768003   0.0020227721

BBB first bond length
0.59627153    0.00047521263

BBB second bond length
0.59627679    0.00043967193

BBB <phi**2>/<phi>**2
1.1142667     0.0011793459

Time = 14000
Temperature
1.0131984     0.006327565 

Pressure
28.286226     0.051472044 

CM Mom
-1.4729964e-16 1.2727852e-17 
-1.8237137e-18 1.1626651e-17 
-1.4549152e-16 1.2112393e-17 
2.0792076e-16  9.0077212e-18 

CM Pos
9.995312       0.010721611   
9.9983143      0.0069825118  
9.9892378      0.012373127   
17.310622      0.0096066501  

Stress
25.2559      0.0216841    -0.00841925   0.0961839    0.0661631    0.0498463   
0.0216841    25.2616      -0.0256605    0.0661631    0.0897965    0.0662702   
-0.00841925  -0.0256605   25.2326       0.0498463    0.0662702    0.0657658   

Stress Spherical
0            0            0             0            0            0           
0            0            0             0            0            0           
0            0            0             0            0            0           

Inertia
266.384      -99.9293     -99.8407      0.153896     0.172282     0.161739    
-99.9293     266.325      -99.8693      0.172282     0.380387     0.145956    
-99.8407     -99.8693     266.491       0.161739     0.145956     0.25481     

Bond Length
0.5962292     0.00027895013

BB bond length
0.5962292     0.00027895013

Water EE distance
0             0           

PEG EE distance
6.9153727     0.029541665 

BBB P2(x)
0.059075284   0.0032438625

BBB first bond length
0.59636255    0.00026099162

BBB second bond length
0.596347      0.00031985848

BBB <phi**2>/<phi>**2
1.1144347     0.0013139348

Time = 15000
Temperature
1.0129253     0.0056622265

Pressure
28.295757     0.061947869 

CM Mom
-1.548352e-16  2.2811543e-17 
1.8856841e-18  2.058321e-17  
-1.4640762e-16 1.4606508e-17 
2.1513694e-16  1.6916505e-17 

CM Pos
9.9999005      0.0061538509  
10.009577      0.010353042   
10.001752      0.012429251   
17.326999      0.0099245696  

Stress
25.3071      0.0103481    0.0135617     0.0917898    0.0551299    0.061698    
0.0103481    25.2413      -0.0163787    0.0551299    0.0469808    0.0589035   
0.0135617    -0.0163787   25.2328       0.061698     0.0589035    0.0940906   

Stress Spherical
0            0            0             0            0            0           
0            0            0             0            0            0           
0            0            0             0            0            0           

Inertia
266.883      -100.105     -100.01       0.301734     0.14055      0.184759    
-100.105     266.68       -100.123      0.14055      0.386479     0.135813    
-100.01      -100.123     266.842       0.184759     0.135813     0.175629    

Bond Length
0.59609195    0.00034538671

BB bond length
0.59609195    0.00034538671

Water EE distance
0             0           

PEG EE distance
6.8017349     0.044079573 

BBB P2(x)
0.059192401   0.0019578966

BBB first bond length
0.59622744    0.00035258117

BBB second bond length
0.59619738    0.00031197078

BBB <phi**2>/<phi>**2
1.1146484     0.00086392233

Time = 16000
Temperature
1.0122476     0.0050779493

Pressure
28.284117     0.071377078 

CM Mom
-1.5665639e-16 1.5009589e-17 
2.8058684e-17  1.796352e-17  
-1.2781041e-16 1.4499731e-17 
2.0544367e-16  1.4667415e-17 

CM Pos
9.9988159      0.0056730488  
10.004655      0.010207138   
10.002086      0.0061623277  
17.32372       0.006800779   

Stress
25.2358      -0.0239209   -0.0226561    0.132796     0.0507122    0.0455865   
-0.0239209   25.2474      -0.0271894    0.0507122    0.109763     0.063922    
-0.0226561   -0.0271894   25.2692       0.0455865    0.063922     0.0691208   

Stress Spherical
0            0            0             0            0            0           
0            0            0             0            0            0           
0            0            0             0            0            0           

Inertia
266.795      -100.044     -100.002      0.232115     0.103414     0.0965718   
-100.044     266.672      -100.066      0.103414     0.132366     0.136556    
-100.002     -100.066     266.745       0.0965718    0.136556     0.245707    

Bond Length
0.59620769    0.00048644239

BB bond length
0.59620769    0.00048644239

Water EE distance
0             0           

PEG EE distance
6.7128731     0.059516548 

BBB P2(x)
0.061158208   0.0031945109

BBB first bond length
0.59636079    0.00048964701

BBB second bond length
0.59630327    0.00047218262

BBB <phi**2>/<phi>**2
1.1155043     0.0013126647

Time = 17000
Temperature
1.0118146     0.0042903754

Pressure
28.286256     0.056047064 

CM Mom
-1.518326e-16  9.8678149e-18 
3.6416964e-17  2.490749e-17  
-9.6041493e-17 2.7910477e-17 
1.8646492e-16  1.8190252e-17 

CM Pos
9.9963131      0.0078101396  
10.003737      0.0087975148  
10.001752      0.0094446063  
17.321553      0.0097150054  

Stress
25.2281      0.0268167    0.00863617    0.0836566    0.0745334    0.0586409   
0.0268167    25.2346      0.0121309     0.0745334    0.103726     0.0646981   
0.00863617   0.0121309    25.3          0.0586409    0.0646981    0.084218    

Stress Spherical
0            0            0             0            0            0           
0            0            0             0            0            0           
0            0            0             0            0            0           

Inertia
266.787      -100.007     -99.959       0.256379     0.166093     0.140002    
-100.007     266.624      -100.085      0.166093     0.311482     0.130759    
-99.959      -100.085     266.664       0.140002     0.130759     0.301918    

Bond Length
0.59606441    0.0006105141

BB bond length
0.59606441    0.0006105141

Water EE distance
0             0           

PEG EE distance
6.6871222     0.047124138 

BBB P2(x)
0.060198484   0.0018730169

BBB first bond length
0.59617989    0.00063371144

BBB second bond length
0.59617885    0.00064757025

BBB <phi**2>/<phi>**2
1.11455       0.00066099443

Time = 18000
Temperature
1.0114227     0.0060254468

Pressure
28.261917     0.066577188 

CM Mom
-1.5377582e-16 1.6682336e-17 
7.174836e-18   9.1027864e-18 
-6.6616276e-17 1.7253626e-17 
1.6891744e-16  1.6185135e-17 

CM Pos
9.9940606      0.01086509    
10.00357       0.008223399   
10.00609       0.012972861   
17.322667      0.0069371661  

Stress
25.2357      -0.0167498   0.0362746     0.0904415    0.0574343    0.0353235   
-0.0167498   25.1963      -0.0245489    0.0574343    0.109737     0.0577322   
0.0362746    -0.0245489   25.2613       0.0353235    0.0577322    0.106989    

Stress Spherical
0            0            0             0            0            0           
0            0            0             0            0            0           
0            0            0             0            0            0           

Inertia
266.888      -100.018     -100.039      0.287411     0.129771     0.155935    
-100.018     266.68       -100.119      0.129771     0.325818     0.142247    
-100.039     -100.119     266.615       0.155935     0.142247     0.219318    

Bond Length
0.59636696    0.00043363705

BB bond length
0.59636696    0.00043363705

Water EE distance
0             0           

PEG EE distance
6.6695656     0.02952982  

BBB P2(x)
0.057857035   0.002724301 

BBB first bond length
0.59648869    0.00047109705

BBB second bond length
0.59650717    0.00040531737

BBB <phi**2>/<phi>**2
1.1140151     0.0014570119

Time = 19000
Temperature
1.0120639     0.0052245966

Pressure
28.285001     0.053315639 

CM Mom
-1.5829691e-16 1.8488469e-17 
-3.9371341e-18 1.1355369e-17 
-7.8361656e-17 1.2274662e-17 
1.7779324e-16  1.4998788e-17 

CM Pos
9.9963965      0.0098870899  
10.001484      0.005887974   
9.9950778      0.014477923   
17.316451      0.0094664599  

Stress
25.3012      0.0215674    0.0136484     0.0946599    0.0646858    0.055694    
0.0215674    25.2227      -0.0217663    0.0646858    0.0763969    0.0654943   
0.0136484    -0.0217663   25.2328       0.055694     0.0654943    0.0538137   

Stress Spherical
0            0            0             0            0            0           
0            0            0             0            0            0           
0            0            0             0            0            0           

Inertia
266.637      -100.016     -99.8975      0.393703     0.098505     0.169854    
-100.016     266.504      -99.9574      0.098505     0.29476      0.188481    
-99.8975     -99.9574     266.602       0.169854     0.188481     0.144484    

Bond Length
0.59630205    0.0004041863

BB bond length
0.59630205    0.0004041863

Water EE distance
0             0           

PEG EE distance
6.5489184     0.036511584 

BBB P2(x)
0.053062748   0.0040437807

BBB first bond length
0.59639237    0.00037612121

BBB second bond length
0.59642859    0.0003770684

BBB <phi**2>/<phi>**2
1.1127542     0.0012354724

Time = 20000
Temperature
1.0120445     0.005303272 

Pressure
28.244184     0.036946816 

CM Mom
-1.796016e-16  1.6374642e-17 
-4.0059355e-18 2.6647495e-17 
-9.1627438e-17 1.8807482e-17 
2.0437316e-16  1.5229002e-17 

CM Pos
9.9963131      0.011243806   
10.001151      0.0057733785  
10.003671      0.0075863715  
17.321167      0.010064058   

Stress
25.189       -0.024731    0.0125726     0.0542582    0.0581297    0.043354    
-0.024731    25.231       0.00751356    0.0581297    0.0824782    0.0583876   
0.0125726    0.00751356   25.2145       0.043354     0.0583876    0.0790875   

Stress Spherical
0            0            0             0            0            0           
0            0            0             0            0            0           
0            0            0             0            0            0           

Inertia
266.798      -99.9448     -100.031      0.205893     0.148376     0.151206    
-99.9448     266.66       -100.068      0.148376     0.33661      0.110349    
-100.031     -100.068     266.585       0.151206     0.110349     0.267661    

Bond Length
0.59629337    0.00032179214

BB bond length
0.59629337    0.00032179214

Water EE distance
0             0           

PEG EE distance
6.5446555     0.0359894   

BBB P2(x)
0.057525342   0.0029726156

BBB first bond length
0.59637913    0.00033182408

BBB second bond length
0.5964715     0.00033507668

BBB <phi**2>/<phi>**2
1.1141488     0.0012636673

Time = 21000
Temperature
1.0090266     0.0036620952

Pressure
28.29767      0.043101509 

CM Mom
-1.9032188e-16 2.4981741e-17 
-3.3323016e-17 1.1158826e-17 
-9.4347828e-17 1.9580249e-17 
2.1604447e-16  2.6289415e-17 

CM Pos
9.991808       0.01342115    
10.00649       0.0090012486  
10.007091      0.012151765   
17.323634      0.0070167992  

Stress
25.2564      -0.000515321 0.0116957     0.095794     0.0731689    0.060589    
-0.000515321 25.2847      0.00977535    0.0731689    0.053131     0.0632059   
0.0116957    0.00977535   25.2809       0.060589     0.0632059    0.0511596   

Stress Spherical
0            0            0             0            0            0           
0            0            0             0            0            0           
0            0            0             0            0            0           

Inertia
266.965      -99.9601     -100.017      0.326413     0.177155     0.0941871   
-99.9601     266.66       -100.181      0.177155     0.213539     0.175918    
-100.017     -100.181     266.623       0.0941871    0.175918     0.255981    

Bond Length
0.59586362    0.00049222527

BB bond length
0.59586362    0.00049222527

Water EE distance
0             0           

PEG EE distance
6.4797498     0.040995093 

BBB P2(x)
0.058517267   0.0033262536

BBB first bond length
0.59600089    0.00052182893

BBB second bond length
0.59596926    0.00054286939

BBB <phi**2>/<phi>**2
1.114602      0.0015416763

Time = 22000
Temperature
1.0087641     0.0034382244

Pressure
28.271812     0.039963952 

CM Mom
-2.0264939e-16 2.6046813e-17 
-3.8781161e-17 1.3876371e-17 
-9.169679e-17  1.4332674e-17 
2.2686799e-16  2.4215459e-17 

CM Pos
9.9948114      0.0067899687  
10.001401      0.007607901   
10.003504      0.017293593   
17.320351      0.014389083   

Stress
25.2572      0.0059834    0.0365543     0.102931     0.069502     0.0359996   
0.0059834    25.2343      0.00345253    0.069502     0.086082     0.0347287   
0.0365543    0.00345253   25.2553       0.0359996    0.0347287    0.0453513   

Stress Spherical
0            0            0             0            0            0           
0            0            0             0            0            0           
0            0            0             0            0            0           

Inertia
266.769      -99.9236     -100.034      0.460162     0.133294     0.236506    
-99.9236     266.63       -100.064      0.133294     0.433695     0.252736    
-100.034     -100.064     266.55        0.236506     0.252736     0.24478     

Bond Length
0.59610413    0.00039229641

BB bond length
0.59610413    0.00039229641

Water EE distance
0             0           

PEG EE distance
6.4713356     0.029814792 

BBB P2(x)
0.056841804   0.0022547691

BBB first bond length
0.59624461    0.00039193508

BBB second bond length
0.59622215    0.0003754913

BBB <phi**2>/<phi>**2
1.1140331     0.0013143164

Time = 23000
Temperature
1.0131246     0.0054658826

Pressure
28.255945     0.03587602  

CM Mom
-2.0841039e-16 3.2929997e-17 
-6.1470733e-17 1.8817917e-17 
-1.0452227e-16 2.1468459e-17 
2.4354965e-16  2.6859034e-17 

CM Pos
10.004322      0.011248757   
9.9952275      0.0077708295  
10.001001      0.006135728   
17.320832      0.008108461   

Stress
25.2027      -0.0259264   -0.00282893   0.0821741    0.0394033    0.0622802   
-0.0259264   25.2528      -0.0250242    0.0394033    0.0618309    0.0732412   
-0.00282893  -0.0250242   25.2046       0.0622802    0.0732412    0.0685528   

Stress Spherical
0            0            0             0            0            0           
0            0            0             0            0            0           
0            0            0             0            0            0           

Inertia
266.567      -99.9782     -100.05       0.179185     0.122843     0.14454     
-99.9782     266.773      -99.9362      0.122843     0.287517     0.132364    
-100.05      -99.9362     266.627       0.14454      0.132364     0.285529    

Bond Length
0.59618216    0.00050122613

BB bond length
0.59618216    0.00050122613

Water EE distance
0             0           

PEG EE distance
6.3434057     0.041878662 

BBB P2(x)
0.054295075   0.0036310787

BBB first bond length
0.59628229    0.00047307448

BBB second bond length
0.59621904    0.0005079391

BBB <phi**2>/<phi>**2
1.1131496     0.0013970854

Time = 24000
Temperature
1.0132789     0.0047399323

Pressure
28.257011     0.037475036 

CM Mom
-2.2102819e-16 1.753939e-17  
-2.3551196e-17 2.0002568e-17 
-1.2786529e-16 2.9830718e-17 
2.5822219e-16  2.6010739e-17 

CM Pos
9.9920583      0.014788278   
9.9903887      0.0085893548  
9.9984148      0.0055565264  
17.309464      0.012635026   

Stress
25.233       0.00598966   -0.0121121    0.0714759    0.0553309    0.0646481   
0.00598966   25.2168      -0.0298419    0.0553309    0.0866392    0.0397673   
-0.0121121   -0.0298419   25.212        0.0646481    0.0397673    0.0770275   

Stress Spherical
0            0            0             0            0            0           
0            0            0             0            0            0           
0            0            0             0            0            0           

Inertia
266.409      -99.8096     -99.9069      0.192317     0.210065     0.17648     
-99.8096     266.494      -99.868       0.210065     0.309599     0.0927509   
-99.9069     -99.868      266.3         0.17648      0.0927509    0.452029    

Bond Length
0.59605506    0.00045638127

BB bond length
0.59605506    0.00045638127

Water EE distance
0             0           

PEG EE distance
6.2428696     0.035623805 

BBB P2(x)
0.054294682   0.0038171346

BBB first bond length
0.59615412    0.00047200033

BBB second bond length
0.59619249    0.00045428733

BBB <phi**2>/<phi>**2
1.1138215     0.0019400487

Time = 25000
Temperature
1.0127569     0.0040835537

Pressure
28.29065      0.035076136 

CM Mom
-2.2711101e-16 2.844148e-17  
-1.3578037e-17 1.8146727e-17 
-1.7290741e-16 1.6533195e-17 
2.8735615e-16  2.2332943e-17 

CM Pos
10.007909      0.013855194   
9.9909727      0.011892691   
10.004004      0.0080562332  
17.322188      0.0094967984  

Stress
25.2244      0.0150672    0.0350841     0.0965544    0.0645927    0.0583697   
0.0150672    25.2723      0.018613      0.0645927    0.063738     0.0658179   
0.0350841    0.018613     25.2706       0.0583697    0.0658179    0.0809506   

Stress Spherical
0            0            0             0            0            0           
0            0            0             0            0            0           
0            0            0             0            0            0           

Inertia
266.543      -100.017     -100.09       0.248838     0.181769     0.164769    
-100.017     266.865      -99.9497      0.181769     0.269088     0.15984     
-100.09      -99.9497     266.619       0.164769     0.15984      0.336522    

Bond Length
0.59619358    0.00061282412

BB bond length
0.59619358    0.00061282412

Water EE distance
0             0           

PEG EE distance
6.2664367     0.01811459  

BBB P2(x)
0.053889753   0.0025007245

BBB first bond length
0.59631725    0.00060043003

BBB second bond length
0.59632774    0.00060586796

BBB <phi**2>/<phi>**2
1.1133432     0.0011964721

Time = 26000
Temperature
1.0098206     0.0055710617

Pressure
28.286692     0.068607046 

CM Mom
-2.6251978e-16 1.7223842e-17 
-1.3564028e-17 2.2979035e-17 
-1.8846989e-16 1.2896633e-17 
3.2443405e-16  1.8843582e-17 

CM Pos
10.007159      0.0057703638  
10.00015       0.010400329   
9.9911567      0.011007648   
17.31963       0.010842185   

Stress
25.2722      -0.00507845  0.0129438     0.105633     0.0384455    0.078032    
-0.00507845  25.23        0.0184195     0.0384455    0.0974496    0.0451308   
0.0129438    0.0184195    25.2797       0.078032     0.0451308    0.0527507   

Stress Spherical
0            0            0             0            0            0           
0            0            0             0            0            0           
0            0            0             0            0            0           

Inertia
266.502      -100.102     -99.9475      0.361682     0.153965     0.11041     
-100.102     266.586      -99.9034      0.153965     0.23399      0.185359    
-99.9475     -99.9034     266.806       0.11041      0.185359     0.264229    

Bond Length
0.59620446    0.00045988923

BB bond length
0.59620446    0.00045988923

Water EE distance
0             0           

PEG EE distance
6.2467667     0.023996711 

BBB P2(x)
0.051185958   0.0034083048

BBB first bond length
0.59634338    0.00047036563

BBB second bond length
0.59627505    0.00044509125

BBB <phi**2>/<phi>**2
1.111625      0.0015083123

Time = 27000
Temperature
1.0106453     0.0027440162

Pressure
28.264639     0.044134936 

CM Mom
-2.5726951e-16 1.8179955e-17 
9.7809662e-19  1.8277373e-17 
-1.7380504e-16 1.6705578e-17 
3.1125105e-16  2.1521646e-17 

CM Pos
10.001402      0.0086237245  
10.001985      0.0097609811  
9.9907395      0.012142597   
17.317126      0.0099438313  

Stress
25.2221      -0.0170978   0.0228035     0.0834702    0.0482583    0.0676579   
-0.0170978   25.2195      0.0200934     0.0482583    0.0810845    0.0791578   
0.0228035    0.0200934    25.2667       0.0676579    0.0791578    0.0610261   

Stress Spherical
0            0            0             0            0            0           
0            0            0             0            0            0           
0            0            0             0            0            0           

Inertia
266.538      -100.017     -99.9337      0.280628     0.141405     0.135323    
-100.017     266.484      -99.9646      0.141405     0.248672     0.179957    
-99.9337     -99.9646     266.737       0.135323     0.179957     0.256516    

Bond Length
0.59608583    0.00046196573

BB bond length
0.59608583    0.00046196573

Water EE distance
0             0           

PEG EE distance
6.2302657     0.026804103 

BBB P2(x)
0.052330028   0.002216012 

BBB first bond length
0.5961824     0.00051924653

BBB second bond length
0.59621714    0.00050941734

BBB <phi**2>/<phi>**2
1.112977      0.0010061728

Time = 28000
Temperature
1.0091568     0.0062255236

Pressure
28.285379     0.073635476 

CM Mom
-2.5381098e-16 1.8356523e-17 
3.6655931e-17  2.9251579e-17 
-1.8870758e-16 1.5197106e-17 
3.2026237e-16  1.5159276e-17 

CM Pos
9.9924755      0.010728101   
9.9988148      0.0088168765  
10.003671      0.0075311235  
17.317605      0.009382358   

Stress
25.254       -0.0372838   0.018658      0.0748839    0.0455652    0.0580933   
-0.0372838   25.2339      0.0139627     0.0455652    0.091519     0.0692718   
0.018658     0.0139627    25.2961       0.0580933    0.0692718    0.0911936   

Stress Spherical
