Time = 1000
Temperature
   1.1267146    0.19330639

Pressure
   23.881198    0.97414627

CM Mom
-3.2371949e-17 2.8148154e-17 
4.4192346e-17  3.8320153e-17 
-3.7087352e-17 1.6825316e-16 
1.5283039e-16  1.0765282e-16 

CM Pos
7.5012677      0.010387071   
7.50128        0.022697846   
7.4996975      0.016308245   
12.991694      0.021433967   

Stress
20.5315      0.00441465   -0.0404242    0.428126     0.0583546    0.0746451   
0.00441465   20.5318      -0.0455211    0.0583546    0.417039     0.0861817   
-0.0404242   -0.0455211   20.4469       0.0746451    0.0861817    0.410928    

Stress Spherical
0            0            0             0            0            0           
0            0            0             0            0            0           
0            0            0             0            0            0           

Inertia
150.142      -56.2899     -56.2697      1.20035      0.232334     0.178169    
-56.2899     150.166      -56.2524      0.232334     1.13105      0.28771     
-56.2697     -56.2524     150.164       0.178169     0.28771      1.38153     

Bond Length
0.6194388     0.0083115652

BB bond length
0.6194388     0.0083115652

Water EE distance
0             0           

PEG EE distance
7.1087118     0.14330265  

BBB P2(x)
0.47333081    0.062348499 

BBB first bond length
0.61941519    0.008398596 

BBB second bond length
0.6192332     0.0080777151

BBB <phi**2>/<phi>**2
1.2196871     0.013333995 

Time = 2000
Temperature
1.0139619     0.0096970627

Pressure
23.261562     0.061063777 

CM Mom
-3.8892919e-18 2.4240366e-17 
2.7768194e-17  1.4639214e-17 
-6.5588252e-18 5.0896621e-17 
5.6141391e-17  3.270672e-17  

CM Pos
7.5023055      0.011863757   
7.504838       0.0099460604  
7.4992527      0.01719963    
12.994091      0.010018169   

Stress
20.2372      -0.0161502   -0.00917214   0.081351     0.0750314    0.0457906   
-0.0161502   20.1985      0.0258701     0.0750314    0.09671      0.0619499   
-0.00917214  0.0258701    20.2296       0.0457906    0.0619499    0.0887023   

Stress Spherical
0            0            0             0            0            0           
0            0            0             0            0            0           
0            0            0             0            0            0           

Inertia
149.93       -56.2668     -56.2619      0.294503     0.0906357    0.119395    
-56.2668     149.886      -56.2584      0.0906357    0.246398     0.169553    
-56.2619     -56.2584     149.962       0.119395     0.169553     0.348001    

Bond Length
0.6193172     0.0013282553

BB bond length
0.6193172     0.0013282553

Water EE distance
0             0           

PEG EE distance
6.8692246     0.14897777  

BBB P2(x)
0.51737768    0.0087214201

BBB first bond length
0.61930491    0.0013843273

BBB second bond length
0.61943077    0.0014267574

BBB <phi**2>/<phi>**2
1.2276577     0.007970631 

