Time = 1000
Temperature
   1.0542445   0.069537372

Pressure
   23.650618    0.28790844

CM Mom
-2.1837289e-17 1.7767717e-17 
2.7485383e-17  1.6265055e-17 
6.7516681e-17  8.778542e-17  
9.4652949e-17  7.1541307e-17 

CM Pos
7.5009536      0.020830928   
7.4943464      0.033058006   
7.5095146      0.018742632   
12.993219      0.021819609   

Stress
20.4985      -0.000679629 -0.0223916    0.131467     0.0810445    0.0497635   
-0.000679629 20.496       -0.0425939    0.0810445    0.161484     0.0522815   
-0.0223916   -0.0425939   20.4898       0.0497635    0.0522815    0.13832     

Stress Spherical
0            0            0             0            0            0           
0            0            0             0            0            0           
0            0            0             0            0            0           

Inertia
150.087      -56.1629     -56.3382      0.648415     0.284178     0.206107    
-56.1629     150.157      -56.2913      0.284178     1.05063      0.185964    
-56.3382     -56.2913     149.957       0.206107     0.185964     0.489252    

Bond Length
0.61773656    0.0045780876

BB bond length
0.61773656    0.0045780876

Water EE distance
0             0           

PEG EE distance
6.5324967     0.40243307  

BBB P2(x)
0.49160401    0.044875097 

BBB first bond length
0.61779457    0.0045306991

BBB second bond length
0.61765664    0.0049773137

BBB <phi**2>/<phi>**2
1.2240624     0.012612068 

Time = 2000
Temperature
1.0124434     0.0080627628

Pressure
23.431014     0.066110894 

CM Mom
-1.3106357e-17 3.2748021e-17 
1.5988783e-17  3.2940544e-17 
-6.6455551e-18 2.7363078e-17 
5.1226608e-17  2.745298e-17  

CM Pos
7.5005082      0.014082042   
7.5002852      0.030649772   
7.5020911      0.010303485   
12.992082      0.017582338   

Stress
20.4063      0.0148809    -0.0110994    0.0902449    0.0948571    0.0687267   
0.0148809    20.3847      -0.0256695    0.0948571    0.112168     0.036373    
-0.0110994   -0.0256695   20.4098       0.0687267    0.036373     0.10558     

Stress Spherical
0            0            0             0            0            0           
0            0            0             0            0            0           
0            0            0             0            0            0           

Inertia
149.931      -56.239      -56.2669      0.301735     0.263515     0.149121    
-56.239      149.938      -56.2893      0.263515     0.258713     0.167399    
-56.2669     -56.2893     149.893       0.149121     0.167399     0.399587    

Bond Length
0.61752794    0.0042031878

BB bond length
0.61752794    0.0042031878

Water EE distance
0             0           

PEG EE distance
6.9764709     0.18194266  

BBB P2(x)
0.51250686    0.014177663 

BBB first bond length
0.61757768    0.0046550645

BBB second bond length
0.61767259    0.0042123547

BBB <phi**2>/<phi>**2
1.2271564     0.0092474819

Time = 3000
Temperature
1.0132872     0.0069748528

Pressure
23.442895     0.067569646 

CM Mom
-2.324787e-17  2.3617096e-17 
2.7567388e-18  2.7353543e-17 
-2.7557773e-17 1.8926222e-17 
4.9015077e-17  2.3857944e-17 

CM Pos
7.4941239      0.0085406178  
7.5023638      0.015144017   
7.5037242      0.0082411298  
12.990515      0.011044203   

Stress
20.3988      -0.0351212   0.0160861     0.140975     0.0829362    0.0460943   
-0.0351212   20.4327      0.0351364     0.0829362    0.113034     0.0932513   
0.0160861    0.0351364    20.3974       0.0460943    0.0932513    0.0723531   

Stress Spherical
0            0            0             0            0            0           
0            0            0             0            0            0           
0            0            0             0            0            0           

Inertia
150.061      -56.2409     -56.1848      0.313131     0.188494     0.110983    
-56.2409     149.92       -56.2616      0.188494     0.169929     0.16039     
-56.1848     -56.2616     149.882       0.110983     0.16039      0.282373    

Bond Length
0.61971567    0.0017212573

BB bond length
0.61971567    0.0017212573

Water EE distance
0             0           

PEG EE distance
6.6511775     0.34130463  

BBB P2(x)
0.52091961    0.016119238 

BBB first bond length
0.61941941    0.00196902  

BBB second bond length
0.62002772    0.0017086184

BBB <phi**2>/<phi>**2
1.2336419     0.0133798   

Time = 4000
Temperature
1.0057262     0.0063248961

Pressure
23.336776     0.057695097 

CM Mom
-2.1579184e-17 1.5977302e-17 
8.5920581e-18  1.8528423e-17 
-5.273422e-17  1.1220901e-17 
6.2101968e-17  1.3719091e-17 

CM Pos
7.5074863      0.0084105765  
7.506521       0.027281475   
7.4970431      0.00705197    
12.996787      0.015584344   

Stress
20.3187      0.00723435   -0.0356834    0.0890353    0.0556643    0.078992    
0.00723435   20.2926      -0.00335683   0.0556643    0.0875896    0.050016    
-0.0356834   -0.00335683  20.3671       0.078992     0.050016     0.0865115   

Stress Spherical
0            0            0             0            0            0           
0            0            0             0            0            0           
0            0            0             0            0            0           

Inertia
150.016      -56.3549     -56.2431      0.326146     0.253746     0.125914    
-56.3549     150.005      -56.2882      0.253746     0.207699     0.158089    
-56.2431     -56.2882     150.153       0.125914     0.158089     0.487596    

Bond Length
0.61973053    0.0018862023

BB bond length
0.61973053    0.0018862023

Water EE distance
0             0           

PEG EE distance
6.7817731     0.28272203  

BBB P2(x)
0.52682667    0.016811112 

BBB first bond length
0.61951695    0.0022133588

BBB second bond length
0.61983988    0.0019649053

BBB <phi**2>/<phi>**2
1.2351482     0.01236764  

Time = 5000
Temperature
1.0096581     0.0091512109

Pressure
23.396978     0.08161469  

CM Mom
-1.8511043e-18 1.7397458e-17 
1.288067e-17   1.7969328e-17 
-2.7266838e-17 2.1803849e-17 
4.1963175e-17  1.5902414e-17 

CM Pos
7.5111981      0.015869016   
7.4971673      0.0097686534  
7.5022395      0.0099386725  
12.996519      0.012148015   

Stress
20.3461      -0.00485632  0.0320831     0.086412     0.0460303    0.0623022   
-0.00485632  20.3959      0.024754      0.0460303    0.168812     0.0857772   
0.0320831    0.024754     20.3817       0.0623022    0.0857772    0.109075    

Stress Spherical
0            0            0             0            0            0           
0            0            0             0            0            0           
0            0            0             0            0            0           

Inertia
149.964      -56.3232     -56.3937      0.178241     0.158721     0.204229    
-56.3232     150.159      -56.2352      0.158721     0.30161      0.139372    
-56.3937     -56.2352     150.094       0.204229     0.139372     0.35741     

Bond Length
0.61907109    0.0031615913

BB bond length
0.61907109    0.0031615913

Water EE distance
0             0           

PEG EE distance
7.7536655     0.19430286  

BBB P2(x)
0.51948417    0.011909436 

BBB first bond length
0.61890648    0.0033762367

BBB second bond length
0.61891108    0.0030178713

BBB <phi**2>/<phi>**2
1.2244396     0.01149573  

Time = 6000
Temperature
1.0088881     0.0060214331

Pressure
23.348751     0.073094474 

CM Mom
-6.9491961e-19 1.461384e-17  
7.8739241e-18  1.3698716e-17 
7.1893067e-18  7.1787854e-18 
2.1610046e-17  9.9963872e-18 

CM Pos
7.4991719      0.010308832   
7.4993944      0.0092529564  
7.5026849      0.020777419   
12.991125      0.008659994   

Stress
20.3109      0.0289636    -0.0488224    0.106491     0.0810207    0.0556237   
0.0289636    20.3263      -0.000942319  0.0810207    0.0783587    0.106148    
-0.0488224   -0.000942319 20.3488       0.0556237    0.106148     0.108698    

Stress Spherical
0            0            0             0            0            0           
0            0            0             0            0            0           
0            0            0             0            0            0           

Inertia
150.013      -56.232      -56.2755      0.371745     0.113343     0.123437    
-56.232      149.989      -56.2537      0.113343     0.236238     0.196837    
-56.2755     -56.2537     149.944       0.123437     0.196837     0.102265    

Bond Length
0.61864483    0.003455308 

BB bond length
0.61864483    0.003455308 

Water EE distance
0             0           

PEG EE distance
7.6174592     0.17159288  

BBB P2(x)
0.51145223    0.01053557  

BBB first bond length
0.61868139    0.0038710313

BBB second bond length
0.61857151    0.0034883154

BBB <phi**2>/<phi>**2
1.219252      0.0081639806

Time = 7000
Temperature
1.007434      0.0089705503

Pressure
23.409934     0.12771487  

CM Mom
7.8791439e-18  2.2639655e-17 
2.4205359e-17  2.4767041e-17 
6.3060624e-18  1.8367551e-17 
4.1466269e-17  2.0775526e-17 

CM Pos
7.501399       0.0081537347  
7.4940495      0.017592374   
7.5020911      0.023938348   
12.988985      0.01843126    

Stress
20.3966      0.0112574    0.000414373   0.176758     0.0984392    0.0788894   
0.0112574    20.4366      -0.0262993    0.0984392    0.115195     0.0610174   
0.000414373  -0.0262993   20.3493       0.0788894    0.0610174    0.130259    

Stress Spherical
0            0            0             0            0            0           
0            0            0             0            0            0           
0            0            0             0            0            0           

Inertia
149.924      -56.228      -56.2394      0.442999     0.206264     0.200102    
-56.228      150.015      -56.2484      0.206264     0.438074     0.205915    
-56.2394     -56.2484     149.891       0.200102     0.205915     0.352393    

Bond Length
0.62002502    0.0023198694

BB bond length
0.62002502    0.0023198694

Water EE distance
0             0           

PEG EE distance
6.9623868     0.17244799  

BBB P2(x)
0.52031986    0.014671762 

BBB first bond length
0.62001312    0.0024615016

BBB second bond length
0.62011153    0.002285636 

BBB <phi**2>/<phi>**2
1.2210101     0.0077179164

Time = 8000
Temperature
1.0140772     0.0099675542

Pressure
23.351059     0.092345616 

CM Mom
2.8748161e-17  2.0951371e-17 
-1.0162118e-17 2.0434982e-17 
9.5170608e-18  1.4537043e-17 
4.2088372e-17  1.7797269e-17 

CM Pos
7.498875       0.012070042   
7.5077088      0.011911019   
7.5032788      0.013112582   
12.996089      0.011743256   

Stress
20.284       -0.00527149  0.00720419    0.108002     0.10556      0.0762987   
-0.00527149  20.3197      0.020989      0.10556      0.10601      0.0317846   
0.00720419   0.020989     20.3426       0.0762987    0.0317846    0.120261    

Stress Spherical
0            0            0             0            0            0           
0            0            0             0            0            0           
0            0            0             0            0            0           

Inertia
150.167      -56.2987     -56.2402      0.256234     0.178637     0.120383    
-56.2987     150.017      -56.3216      0.178637     0.296169     0.177052    
-56.2402     -56.3216     150.081       0.120383     0.177052     0.277308    

Bond Length
0.62119298    0.0030502254

BB bond length
0.62119298    0.0030502254

Water EE distance
0             0           

PEG EE distance
7.0902381     0.18764541  

BBB P2(x)
0.52447811    0.0096697418

BBB first bond length
0.62112961    0.0028954926

BBB second bond length
0.6211529     0.003080006 

BBB <phi**2>/<phi>**2
1.2302947     0.0098152862

Time = 9000
Temperature
1.0068849     0.0054115789

Pressure
23.304413     0.098289569 

CM Mom
2.7986071e-17  2.257189e-17  
-2.1125199e-17 1.4889034e-17 
2.005363e-17   2.2812026e-17 
5.2625007e-17  1.0668316e-17 

CM Pos
7.5028837      0.019717005   
7.4946433      0.013496963   
7.4971915      0.015478743   
12.987357      0.013995724   

Stress
20.2561      -0.0316339   -0.0395411    0.125161     0.039986     0.0954539   
-0.0316339   20.3133      -0.00311938   0.039986     0.130156     0.0725678   
-0.0395411   -0.00311938  20.3016       0.0954539    0.0725678    0.091897    

Stress Spherical
0            0            0             0            0            0           
0            0            0             0            0            0           
0            0            0             0            0            0           

Inertia
149.863      -56.2297     -56.249       0.278022     0.199125     0.19544     
-56.2297     149.982      -56.1898      0.199125     0.354417     0.182811    
-56.249      -56.1898     149.952       0.19544      0.182811     0.357484    

Bond Length
0.61949518    0.0027352443

BB bond length
0.61949518    0.0027352443

Water EE distance
0             0           

PEG EE distance
7.7925146     0.30602677  

BBB P2(x)
0.51020019    0.010792237 

BBB first bond length
0.61928153    0.0029404357

BBB second bond length
0.61984914    0.0027516712

BBB <phi**2>/<phi>**2
1.2237433     0.0085893082

Time = 10000
Temperature
1.0140092     0.0074914427

Pressure
23.379573     0.14000108  

CM Mom
2.5016419e-17  1.8235101e-17 
-1.9091814e-17 2.6876721e-17 
4.391359e-17   1.3506773e-17 
6.2487233e-17  1.5854893e-17 

CM Pos
7.5036261      0.0093206054  
7.5048878      0.015272294   
7.4957068      0.011923043   
12.992832      0.012070329   

Stress
20.364       -0.00311009  -0.0126578    0.13947      0.0809724    0.057507    
-0.00311009  20.3445      0.034232      0.0809724    0.133779     0.0726139   
-0.0126578   0.034232     20.324        0.057507     0.0726139    0.165802    

Stress Spherical
0            0            0             0            0            0           
0            0            0             0            0            0           
0            0            0             0            0            0           

Inertia
149.99       -56.3135     -56.2581      0.303281     0.145237     0.1167      
-56.3135     149.953      -56.2377      0.145237     0.222616     0.159297    
-56.2581     -56.2377     150.101       0.1167       0.159297     0.261856    

Bond Length
0.61948396    0.0025253361

BB bond length
0.61948396    0.0025253361

Water EE distance
0             0           

PEG EE distance
7.3964782     0.16643563  

BBB P2(x)
0.51176646    0.011295849 

BBB first bond length
0.61939241    0.0028587375

BBB second bond length
0.61899825    0.0024596124

BBB <phi**2>/<phi>**2
1.2231384     0.0093079759

Time = 11000
Temperature
1.0076109     0.0047540606

Pressure
23.379073     0.067481127 

CM Mom
2.5749663e-17  3.3318588e-17 
-6.1489191e-18 2.0033791e-17 
4.3931172e-17  1.7363952e-17 
6.257774e-17   2.2974262e-17 

CM Pos
7.4953117      0.009153556   
7.4962765      0.011370378   
7.4983793      0.010707408   
12.984597      0.011145111   

Stress
20.354       0.0153185    -0.0227435    0.0663404    0.0703433    0.0789088   
0.0153185    20.4039      0.0393943     0.0703433    0.114181     0.0640504   
-0.0227435   0.0393943    20.3305       0.0789088    0.0640504    0.104579    

Stress Spherical
0            0            0             0            0            0           
0            0            0             0            0            0           
0            0            0             0            0            0           

Inertia
149.902      -56.1596     -56.2124      0.30441      0.0808813    0.136875    
-56.1596     149.879      -56.2194      0.0808813    0.247889     0.165607    
-56.2124     -56.2194     149.853       0.136875     0.165607     0.167342    

Bond Length
0.61890798    0.0031997892

BB bond length
0.61890798    0.0031997892

Water EE distance
0             0           

PEG EE distance
7.0381167     0.14058409  

BBB P2(x)
0.51481859    0.0086099507

BBB first bond length
0.61893871    0.0031126355

BBB second bond length
0.61870753    0.0035147802

BBB <phi**2>/<phi>**2
1.2248968     0.012286511 

Time = 12000
Temperature
1.0081416     0.007126011 

Pressure
23.334161     0.063353075 

CM Mom
3.1913555e-17  1.3539012e-17 
-1.9522035e-17 1.6893215e-17 
4.4108645e-17  1.4057539e-17 
6.1628973e-17  1.4605719e-17 

CM Pos
7.4997658      0.017238599   
7.5041455      0.0093383264  
7.4979339      0.0097177481  
12.99146       0.012100175   

Stress
20.3004      -0.027416    -0.0108742    0.150803     0.0560354    0.0410046   
-0.027416    20.3436      0.00283767    0.0560354    0.0847822    0.0589288   
-0.0108742   0.00283767   20.3048       0.0410046    0.0589288    0.111101    

Stress Spherical
0            0            0             0            0            0           
0            0            0             0            0            0           
0            0            0             0            0            0           

Inertia
150.029      -56.2878     -56.2166      0.193848     0.190921     0.17773     
-56.2878     149.929      -56.2708      0.190921     0.244878     0.139303    
-56.2166     -56.2708     150.05        0.17773      0.139303     0.299039    

Bond Length
0.61938182    0.0026382956

BB bond length
0.61938182    0.0026382956

Water EE distance
0             0           

PEG EE distance
7.3459735     0.10422011  

BBB P2(x)
0.50653207    0.014260842 

BBB first bond length
0.61913448    0.0027692624

BBB second bond length
0.61915836    0.0027387976

BBB <phi**2>/<phi>**2
1.219412      0.014338203 

Time = 13000
Temperature
1.0119828     0.0064893978

Pressure
23.362298     0.05403382  

CM Mom
4.0152865e-17  7.4695044e-18 
-2.4017653e-17 1.7968973e-17 
4.8499592e-17  2.3760855e-17 
7.0584984e-17  2.2412637e-17 

CM Pos
7.5043684      0.0092195435  
7.5004337      0.0075135589  
7.4965976      0.011233851   
12.991196      0.010822422   

Stress
20.3257      0.00075876   -0.00538981   0.0631001    0.0748718    0.0440429   
0.00075876   20.3543      0.018984      0.0748718    0.06556      0.0650433   
-0.00538981  0.018984     20.3188       0.0440429    0.0650433    0.080054    

Stress Spherical
0            0            0             0            0            0           
0            0            0             0            0            0           
0            0            0             0            0            0           

Inertia
149.979      -56.2998     -56.2309      0.179332     0.117623     0.146936    
-56.2998     150.001      -56.2328      0.117623     0.258845     0.137026    
-56.2309     -56.2328     150.076       0.146936     0.137026     0.168707    

Bond Length
0.61993572    0.0017121606

BB bond length
0.61993572    0.0017121606

Water EE distance
0             0           

PEG EE distance
7.4243944     0.16350853  

BBB P2(x)
0.51124959    0.013283062 

BBB first bond length
0.61974187    0.0018284984

BBB second bond length
0.62020029    0.0015986656

BBB <phi**2>/<phi>**2
1.2259213     0.0090614183

Time = 14000
Temperature
1.0142357     0.0093273064

Pressure
23.390901     0.072255218 

CM Mom
4.7987503e-17  1.8022899e-17 
2.3626443e-19  2.3282644e-17 
5.9155118e-17  2.1747957e-17 
8.1842485e-17  2.1068269e-17 

CM Pos
7.4966479      0.0057960669  
7.5028092      0.0091872089  
7.5026849      0.017047649   
12.99163       0.010543571   

Stress
20.3576      -0.0148058   -0.0338469    0.0789226    0.0671379    0.0663784   
-0.0148058   20.3626      -0.00955822   0.0671379    0.112713     0.0601629   
-0.0338469   -0.00955822  20.3442       0.0663784    0.0601629    0.0980073   

Stress Spherical
0            0            0             0            0            0           
0            0            0             0            0            0           
0            0            0             0            0            0           

Inertia
150.096      -56.2681     -56.2396      0.323255     0.101525     0.102089    
-56.2681     149.997      -56.3156      0.101525     0.241161     0.175898    
-56.2396     -56.3156     149.993       0.102089     0.175898     0.200938    

Bond Length
0.6185881     0.0026069723

BB bond length
0.6185881     0.0026069723

Water EE distance
0             0           

PEG EE distance
7.4492591     0.12997944  

BBB P2(x)
0.51616437    0.017829263 

BBB first bond length
0.61847478    0.0025600588

BBB second bond length
0.61870195    0.0031114718

BBB <phi**2>/<phi>**2
1.2307914     0.015741557 

Time = 15000
Temperature
1.0111689     0.0042534559

Pressure
23.385988     0.060103969 

CM Mom
2.0663797e-17  2.5233457e-17 
-1.2783142e-17 1.306501e-17  
6.2198808e-17  2.6614575e-17 
7.3144876e-17  2.4993551e-17 

CM Pos
7.498875       0.005992409   
7.5047394      0.0070206416  
7.5032788      0.011840484   
12.994366      0.010150054   

Stress
20.3371      -0.00779964  -0.0543251    0.109243     0.0505255    0.0577154   
-0.00779964  20.3636      0.00236496    0.0505255    0.0885471    0.0738162   
-0.0543251   0.00236496   20.3766       0.0577154    0.0738162    0.0924779   

Stress Spherical
0            0            0             0            0            0           
0            0            0             0            0            0           
0            0            0             0            0            0           

Inertia
150.129      -56.3004     -56.2124      0.262372     0.111809     0.0927359   
-56.3004     150.034      -56.3051      0.111809     0.184065     0.132511    
-56.2124     -56.3051     150.055       0.0927359    0.132511     0.146881    

Bond Length
0.61971741    0.0036031499

BB bond length
0.61971741    0.0036031499

Water EE distance
0             0           

PEG EE distance
7.5597308     0.3130366   

BBB P2(x)
0.51590164    0.010291187 

BBB first bond length
0.61990727    0.0037986296

BBB second bond length
0.61928855    0.0037680161

BBB <phi**2>/<phi>**2
1.2222815     0.009845895 

Time = 16000
Temperature
1.0132048     0.009802522 

Pressure
23.392438     0.055495155 

CM Mom
3.0591298e-17  9.7107008e-18 
-9.4809343e-18 2.5018187e-17 
6.711613e-17   2.6129385e-17 
7.9643386e-17  2.4293494e-17 

CM Pos
7.5033291      0.012693164   
7.4953857      0.017371078   
7.5020911      0.015597204   
12.990864      0.016774787   

Stress
20.3328      -0.0165614   -0.0347432    0.114207     0.0550512    0.0734289   
-0.0165614   20.3762      0.0202841     0.0550512    0.0830155    0.0533082   
-0.0347432   0.0202841    20.3693       0.0734289    0.0533082    0.0978343   

Stress Spherical
0            0            0             0            0            0           
0            0            0             0            0            0           
0            0            0             0            0            0           

Inertia
149.978      -56.2563     -56.3234      0.440562     0.202077     0.160299    
-56.2563     150.078      -56.2306      0.202077     0.288593     0.236866    
-56.3234     -56.2306     149.987       0.160299     0.236866     0.325444    

Bond Length
0.61891781    0.0030093711

BB bond length
0.61891781    0.0030093711

Water EE distance
0             0           

PEG EE distance
7.5062062     0.13901967  

BBB P2(x)
0.50404963    0.013947082 

BBB first bond length
0.61877711    0.0030730011

BBB second bond length
0.61912708    0.0031509902

BBB <phi**2>/<phi>**2
1.2274533     0.012438004 

Time = 17000
Temperature
1.0112555     0.0067603182

Pressure
23.353203     0.078585483 

CM Mom
1.9344013e-17  1.5633687e-17 
-2.7990604e-17 1.960581e-17  
5.1873641e-17  2.6725029e-17 
6.9267769e-17  1.9837908e-17 

CM Pos
7.501696       0.014022432   
7.5044424      0.011404255   
7.5026849      0.014197406   
12.995492      0.0097427332  

Stress
20.3386      -0.0176346   0.0352505     0.0894815    0.0396875    0.067452    
-0.0176346   20.284       0.0112184     0.0396875    0.143189     0.098093    
0.0352505    0.0112184    20.3555       0.067452     0.098093     0.0636779   

Stress Spherical
0            0            0             0            0            0           
0            0            0             0            0            0           
0            0            0             0            0            0           

Inertia
150.11       -56.3241     -56.2869      0.179014     0.125336     0.122211    
-56.3241     150.059      -56.3099      0.125336     0.34886      0.130732    
-56.2869     -56.3099     150.118       0.122211     0.130732     0.207046    

Bond Length
0.61822628    0.002427729 

BB bond length
0.61822628    0.002427729 

Water EE distance
0             0           

PEG EE distance
7.3700439     0.22738743  

BBB P2(x)
0.51974581    0.015540523 

BBB first bond length
0.61832117    0.0027773076

BBB second bond length
0.61860807    0.0027245383

BBB <phi**2>/<phi>**2
1.2293396     0.0060881145

Time = 18000
Temperature
1.0143265     0.0064268348

Pressure
23.378989     0.09223913  

CM Mom
9.3376647e-18  2.7230362e-17 
-4.7217137e-17 1.0580968e-17 
3.5821018e-17  2.7765929e-17 
6.8468165e-17  2.3158194e-17 

CM Pos
7.501399       0.014160094   
7.5004337      0.0098942138  
7.4986762      0.01793303    
12.990685      0.01924087    

Stress
20.3411      0.0233935    0.000830702   0.108368     0.0855801    0.0678662   
0.0233935    20.3211      0.0260187     0.0855801    0.156347     0.0764541   
0.000830702  0.0260187    20.3657       0.0678662    0.0764541    0.107281    

Stress Spherical
0            0            0             0            0            0           
0            0            0             0            0            0           
0            0            0             0            0            0           

Inertia
150.001      -56.2455     -56.2481      0.372207     0.178399     0.258345    
-56.2455     149.998      -56.2946      0.178399     0.414434     0.177213    
-56.2481     -56.2946     150.023       0.258345     0.177213     0.328946    

Bond Length
0.62122451    0.0031151262

BB bond length
0.62122451    0.0031151262

Water EE distance
0             0           

PEG EE distance
7.6281951     0.24318098  

BBB P2(x)
0.50951042    0.013244421 

BBB first bond length
0.62147144    0.003257669 

BBB second bond length
0.62091083    0.0033385425

BBB <phi**2>/<phi>**2
1.2266563     0.010739264 

Time = 19000
Temperature
1.0100347     0.0055844302

Pressure
23.320976     0.07698819  

CM Mom
-1.3556702e-17 1.0771884e-17 
-1.6199498e-17 1.6075369e-17 
5.50356e-17    2.2059529e-17 
6.2989776e-17  1.9196019e-17 

CM Pos
7.4990235      0.010660986   
7.5097874      0.01029064    
7.5043181      0.017084462   
12.997975      0.014539781   

Stress
20.2937      -0.0195598   0.00324648    0.0730927    0.0625779    0.0376395   
-0.0195598   20.2783      0.0204531     0.0625779    0.155072     0.073693    
0.00324648   0.0204531    20.3203       0.0376395    0.073693     0.138403    

Stress Spherical
0            0            0             0            0            0           
0            0            0             0            0            0           
0            0            0             0            0            0           

Inertia
150.232      -56.2886     -56.2755      0.303071     0.109862     0.198668    
-56.2886     150.05       -56.3904      0.109862     0.35198      0.143184    
-56.2755     -56.3904     150.144       0.198668     0.143184     0.239547    

Bond Length
0.61958401    0.0030241814

BB bond length
0.61958401    0.0030241814

Water EE distance
0             0           

PEG EE distance
7.2723486     0.4766977   

BBB P2(x)
0.50663428    0.011621498 

BBB first bond length
0.61950218    0.0028338891

BBB second bond length
0.61944248    0.0031666108

BBB <phi**2>/<phi>**2
1.2303313     0.013956414 

Time = 20000
Temperature
1.0087852     0.0069067825

Pressure
23.374191     0.051697044 

CM Mom
-2.8338544e-17 1.6759264e-17 
-8.6628e-18    2.1754306e-17 
5.8300514e-17  1.3328249e-17 
7.0869332e-17  1.3651731e-17 

CM Pos
7.5101588      0.0064733929  
7.5057786      0.012623507   
7.5069906      0.018403787   
13.003631      0.014833265   

Stress
20.3836      0.0295666    0.0195        0.0476526    0.0350223    0.0856528   
0.0295666    20.3127      -0.033295     0.0350223    0.172205     0.0918774   
0.0195       -0.033295    20.367        0.0856528    0.0918774    0.101361    

Stress Spherical
0            0            0             0            0            0           
0            0            0             0            0            0           
0            0            0             0            0            0           

Inertia
150.221      -56.3661     -56.3981      0.351171     0.105455     0.165629    
-56.3661     150.26       -56.3234      0.105455     0.325059     0.193155    
-56.3981     -56.3234     150.227       0.165629     0.193155     0.210572    

Bond Length
0.61991184    0.0032610883

BB bond length
0.61991184    0.0032610883

Water EE distance
0             0           

PEG EE distance
6.6395158     0.2572562   

BBB P2(x)
0.50430598    0.011953916 

BBB first bond length
0.62014394    0.0032513936

BBB second bond length
0.6197106     0.0032260337

BBB <phi**2>/<phi>**2
1.2209708     0.013709329 

Time = 21000
Temperature
1.0090074     0.0050705035

Pressure
23.366565     0.085229449 

CM Mom
-2.355886e-17  2.0059867e-17 
7.8599131e-19  2.3193003e-17 
7.881012e-17   1.0732045e-17 
8.7535387e-17  1.2638007e-17 

CM Pos
7.5030322      0.016052016   
7.4998398      0.012340947   
7.4979339      0.0122288     
12.99086       0.014900114   

Stress
20.3491      -0.0200051   0.00512565    0.0983457    0.0340897    0.0912368   
-0.0200051   20.3574      0.00656171    0.0340897    0.13791      0.0912242   
0.00512565   0.00656171   20.3318       0.0912368    0.0912242    0.0980232   

Stress Spherical
0            0            0             0            0            0           
0            0            0             0            0            0           
0            0            0             0            0            0           

Inertia
149.978      -56.3046     -56.2504      0.282057     0.176836     0.170904    
-56.3046     150.022      -56.2447      0.176836     0.255554     0.114485    
-56.2504     -56.2447     150.049       0.170904     0.114485     0.382444    

Bond Length
0.61947684    0.0033284659

BB bond length
0.61947684    0.0033284659

Water EE distance
0             0           

PEG EE distance
6.9035172     0.16957499  

BBB P2(x)
0.5112685     0.014795759 

BBB first bond length
0.61922095    0.0033675823

BBB second bond length
0.61954424    0.003265183 

BBB <phi**2>/<phi>**2
1.2243769     0.010301139 

Time = 22000
Temperature
1.0103008     0.005632527 

Pressure
23.359713     0.11143703  

CM Mom
-3.4449002e-17 2.241956e-17  
9.2557963e-18  1.8842899e-17 
6.2857876e-17  1.9713419e-17 
7.7257802e-17  2.2384335e-17 

CM Pos
7.5008051      0.0075472226  
7.4907831      0.011573102   
7.49734        0.011307196   
12.983999      0.0096240413  

Stress
20.3322      0.00240332   -0.0344987    0.14347      0.0499327    0.0771567   
0.00240332   20.3164      0.00813734    0.0499327    0.141413     0.0957282   
-0.0344987   0.00813734   20.3576       0.0771567    0.0957282    0.137767    

Stress Spherical
0            0            0             0            0            0           
0            0            0             0            0            0           
0            0            0             0            0            0           

Inertia
149.842      -56.224      -56.2345      0.198323     0.10807      0.112015    
-56.224      149.986      -56.1626      0.10807      0.193134     0.151358    
-56.2345     -56.1626     149.873       0.112015     0.151358     0.235532    

Bond Length
0.61967416    0.0030205706

BB bond length
0.61967416    0.0030205706

Water EE distance
0             0           

PEG EE distance
7.2600982     0.18756026  

BBB P2(x)
0.50229919    0.014004972 

BBB first bond length
0.61968353    0.0029541538

BBB second bond length
0.61957181    0.002628001 

BBB <phi**2>/<phi>**2
1.2224676     0.011318442 

Time = 23000
Temperature
1.0134523     0.0096979545

Pressure
23.441948     0.085116528 

CM Mom
-1.9544013e-17 1.5677412e-17 
1.4560963e-17  1.5710854e-17 
8.1504359e-17  1.5691489e-17 
8.7219802e-17  1.9196139e-17 

CM Pos
7.4953117      0.013896894   
7.5007306      0.011562621   
7.4989732      0.015788941   
12.987517      0.015074946   

Stress
20.401       -0.0143849   -0.0114818    0.119429     0.0587941    0.101257    
-0.0143849   20.3755      0.00306626    0.0587941    0.100754     0.0732203   
-0.0114818   0.00306626   20.4482       0.101257     0.0732203    0.134265    

Stress Spherical
0            0            0             0            0            0           
0            0            0             0            0            0           
0            0            0             0            0            0           

Inertia
150.022      -56.1877     -56.2082      0.310387     0.182446     0.23892     
-56.1877     149.922      -56.2417      0.182446     0.326613     0.138651    
-56.2082     -56.2417     149.962       0.23892      0.138651     0.345951    

Bond Length
0.61870287    0.0024756973

BB bond length
0.61870287    0.0024756973

Water EE distance
0             0           

PEG EE distance
7.2843263     0.14765922  

BBB P2(x)
0.50873868    0.01762676  

BBB first bond length
0.61907545    0.0026411694

BBB second bond length
0.61860432    0.0024318977

BBB <phi**2>/<phi>**2
1.2271545     0.014205757 

Time = 24000
Temperature
1.0059094     0.0082460677

Pressure
23.356639     0.10971478  

CM Mom
-3.7660824e-17 1.4835442e-17 
4.8228163e-17  4.0301798e-17 
1.028536e-16   2.5616636e-17 
1.2701558e-16  2.6281845e-17 

CM Pos
7.4978357      0.016548995   
7.4968704      0.0093064044  
7.4912527      0.012899878   
12.982293      0.0088443282  

Stress
20.3809      -0.0475073   0.0108361     0.146056     0.0614827    0.0546028   
-0.0475073   20.2959      0.0136614     0.0614827    0.0998848    0.0593      
0.0108361    0.0136614    20.3596       0.0546028    0.0593       0.162628    

Stress Spherical
0            0            0             0            0            0           
0            0            0             0            0            0           
0            0            0             0            0            0           

Inertia
149.832      -56.2066     -56.17        0.243136     0.121583     0.145977    
-56.2066     149.832      -56.1631      0.121583     0.214313     0.131348    
-56.17       -56.1631     149.92        0.145977     0.131348     0.284967    

Bond Length
0.62025112    0.0030473819

BB bond length
0.62025112    0.0030473819

Water EE distance
0             0           

PEG EE distance
6.8925686     0.1688967   

BBB P2(x)
0.51497815    0.01238973  

BBB first bond length
0.62020712    0.0028988869

BBB second bond length
0.62032193    0.0032093316

BBB <phi**2>/<phi>**2
1.2226719     0.01072103  

Time = 25000
Temperature
1.0116103     0.0078941442

Pressure
23.345346     0.10194105  

CM Mom
-3.5569747e-17 1.4667078e-17 
6.5032333e-17  2.4777567e-17 
1.2665669e-16  1.6874752e-17 
1.4960475e-16  1.6387611e-17 

CM Pos
7.5011021      0.0093241523  
7.4977612      0.012211663   
7.5007548      0.012044447   
12.990174      0.0069547907  

Stress
20.3227      -0.0278171   -0.0258728    0.134836     0.0604127    0.0567303   
-0.0278171   20.297       0.045461      0.0604127    0.131459     0.0734676   
-0.0258728   0.045461     20.3316       0.0567303    0.0734676    0.145841    

Stress Spherical
0            0            0             0            0            0           
0            0            0             0            0            0           
0            0            0             0            0            0           

Inertia
149.993      -56.1925     -56.2499      0.213733     0.0974868    0.159096    
-56.1925     150.032      -56.2436      0.0974868    0.215129     0.120894    
-56.2499     -56.2436     149.998       0.159096     0.120894     0.198344    

Bond Length
0.62049442    0.0023874027

BB bond length
0.62049442    0.0023874027

Water EE distance
0             0           

PEG EE distance
6.7703512     0.24064775  

BBB P2(x)
0.5023552     0.015108625 

BBB first bond length
0.6203778     0.0024150605

BBB second bond length
0.62019391    0.0023793278

BBB <phi**2>/<phi>**2
1.2186294     0.0080844563

Time = 26000
Temperature
1.0079303     0.0074769182

Pressure
23.35625      0.065625372 

CM Mom
-6.2408149e-18 2.302095e-17  
7.8988143e-17  1.7622281e-17 
1.7579062e-16  2.4848687e-17 
1.9505322e-16  2.4343864e-17 

CM Pos
7.5002112      0.018364818   
7.5019184      0.011841415   
7.5001609      0.026094131   
12.991742      0.012251352   

Stress
20.4045      0.0264674    0.00458217    0.121444     0.0913369    0.0795266   
0.0264674    20.3051      0.0343758     0.0913369    0.0774181    0.0744922   
0.00458217   0.0343758    20.3075       0.0795266    0.0744922    0.112613    

Stress Spherical
0            0            0             0            0            0           
0            0            0             0            0            0           
0            0            0             0            0            0           

Inertia
150.043      -56.2276     -56.265       0.436751     0.124437     0.160319    
-56.2276     150.01       -56.2423      0.124437     0.295557     0.243481    
-56.265      -56.2423     150.043       0.160319     0.243481     0.239118    

Bond Length
0.61853841    0.0034902696

BB bond length
0.61853841    0.0034902696

Water EE distance
0             0           

PEG EE distance
7.1634568     0.25011375  

BBB P2(x)
0.51493717    0.016621407 

BBB first bond length
0.61834694    0.0037477409

BBB second bond length
0.61852674    0.0037875451

BBB <phi**2>/<phi>**2
1.2295941     0.013922425 

Time = 27000
Temperature
1.0121511     0.007151536 

Pressure
23.390563     0.078952001 

CM Mom
8.1489249e-18  1.405056e-17  
1.025354e-16   2.409505e-17  
1.791769e-16   1.5865655e-17 
2.0867162e-16  1.3043687e-17 

CM Pos
7.4944209      0.0077276138  
7.4968704      0.012518294   
7.5046151      0.011774208   
12.988029      0.010525461   

Stress
20.3019      -0.0115123   -0.0531502    0.117295     0.0788674    0.0564928   
-0.0115123   20.4137      -0.0283106    0.0788674    0.0617882    0.06641     
-0.0531502   -0.0283106   20.3666       0.0564928    0.06641      0.111271    

Stress Spherical
0            0            0             0            0            0           
0            0            0             0            0            0           
0            0            0             0            0            0           

Inertia
150.014      -56.1754     -56.2531      0.208952     0.142512     0.100355    
-56.1754     149.999      -56.2784      0.142512     0.261813     0.144363    
-56.2531     -56.2784     149.898       0.100355     0.144363     0.226028    

Bond Length
0.61909179    0.0037416443

BB bond length
0.61909179    0.0037416443

Water EE distance
0             0           

PEG EE distance
6.7928866     0.15365654  

BBB P2(x)
0.51116235    0.017083442 

BBB first bond length
0.6191221     0.003929591 

BBB second bond length
0.61924741    0.0039120111

BBB <phi**2>/<phi>**2
1.2233071     0.013820245 

Time = 28000
Temperature
1.0136387     0.0086966589

Pressure
23.396231     0.074131477 

CM Mom
1.0389866e-17  1.5720985e-17 
9.3524449e-17  1.1712029e-17 
1.62398e-16    1.939567e-17  
1.8899723e-16  1.6384226e-17 

CM Pos
7.4975388      0.0075938109  
7.4988005      0.014574354   
7.4994186      0.0096036593  
12.987942      0.010310532   

Stress
20.3587      -0.0118081   -0.00644482   0.0845532    0.0694481    0.0724188   
-0.0118081   20.3613      -0.00859575   0.0694481    0.103506     0.0743499   
-0.00644482  -0.00859575  20.3658       0.0724188    0.0743499    0.0959465   

Stress Spherical
0            0            0             0            0            0           
