Time = 1000
Temperature
   1.1553451    0.23561076

Pressure
   23.904726     1.1590253

CM Mom
-5.630211e-17  2.0682392e-17 
-3.0566531e-17 3.4047369e-17 
-1.466367e-16  1.5879297e-16 
1.8875435e-16  1.2953977e-16 

CM Pos
7.4937634      0.012877746   
7.4929955      0.038635229   
7.5041892      0.011160586   
12.985199      0.026691464   

Stress
20.4121      0.0361704    0.00856975    0.510888     0.0697291    0.049781    
0.0361704    20.4095      -0.0178451    0.0697291    0.467169     0.08073     
0.00856975   -0.0178451   20.5048       0.049781     0.08073      0.455338    

Stress Spherical
0            0            0             0            0            0           
0            0            0             0            0            0           
0            0            0             0            0            0           

Inertia
150.134      -56.1386     -56.2136      1.08537      0.367501     0.134761    
-56.1386     150.125      -56.2457      0.367501     1.38391      0.236489    
-56.2136     -56.2457     149.973       0.134761     0.236489     0.862733    

Bond Length
0.6186611     0.0074092353

BB bond length
0.6186611     0.0074092353

Water EE distance
0             0           

PEG EE distance
7.1004931     0.14094055  

BBB P2(x)
0.46668954    0.061094466 

BBB first bond length
0.61861217    0.0073902043

BBB second bond length
0.61845852    0.0070333929

BBB <phi**2>/<phi>**2
1.2174245     0.01420968  

Time = 2000
Temperature
1.0092983     0.003427066 

Pressure
23.080134     0.096819568 

CM Mom
-3.8584366e-17 2.5425921e-17 
-4.0828273e-17 3.2718985e-17 
-5.4895603e-17 3.6758989e-17 
9.411411e-17   1.9493472e-17 

CM Pos
7.4943565      0.014430369   
7.4983341      0.010544571   
7.4979608      0.012597189   
12.984992      0.016446218   

Stress
20.0705      0.0577377    0.0241127     0.125292     0.0812643    0.065667    
0.0577377    20.015       -0.00880894   0.0812643    0.110352     0.0879252   
0.0241127    -0.00880894  20.0801       0.065667     0.0879252    0.128679    

Stress Spherical
0            0            0             0            0            0           
0            0            0             0            0            0           
0            0            0             0            0            0           

Inertia
149.858      -56.2015     -56.2177      0.34647      0.204824     0.139218    
-56.2015     149.783      -56.2289      0.204824     0.461601     0.121908    
-56.2177     -56.2289     149.785       0.139218     0.121908     0.353155    

Bond Length
0.61781149    0.0019797357

BB bond length
0.61781149    0.0019797357

Water EE distance
0             0           

PEG EE distance
7.1823992     0.07083628  

BBB P2(x)
0.50858744    0.0085404141

BBB first bond length
0.61777835    0.0020137136

BBB second bond length
0.61795603    0.0018661941

BBB <phi**2>/<phi>**2
1.2232177     0.0065724982

