Time = 1000
Temperature
   1.0559147   0.066207908

Pressure
   23.578254     0.3383546

CM Mom
-3.5931803e-17 2.0499097e-17 
-1.9493625e-17 2.0752617e-17 
-4.7969377e-17 9.0151157e-17 
9.9741383e-17  5.4789859e-17 

CM Pos
7.501091       0.042704462   
7.4985919      0.021777262   
7.4982439      0.023584905   
12.989271      0.02428216    

Stress
20.3855      0.0557604    -0.018027     0.170841     0.0718273    0.09842     
0.0557604    20.412       0.0620136     0.0718273    0.248192     0.0749143   
-0.018027    0.0620136    20.4481       0.09842      0.0749143    0.174452    

Stress Spherical
0            0            0             0            0            0           
0            0            0             0            0            0           
0            0            0             0            0            0           

Inertia
150.006      -56.2264     -56.2619      0.995082     0.424496     0.276824    
-56.2264     150.035      -56.1911      0.424496     0.626687     0.13706     
-56.2619     -56.1911     150.051       0.276824     0.13706      0.347265    

Bond Length
0.61889992    0.0037427516

BB bond length
0.61889992    0.0037427516

Water EE distance
0             0           

PEG EE distance
6.6268139     0.12591134  

BBB P2(x)
0.47002573    0.065384794 

BBB first bond length
0.61881155    0.0040643792

BBB second bond length
0.61905853    0.0042570569

BBB <phi**2>/<phi>**2
1.2228388     0.021395761 

Time = 2000
Temperature
1.0081898     0.0044887969

Pressure
23.362726     0.060762771 

CM Mom
-6.8073638e-17 1.7722415e-17 
-2.8986045e-17 1.6762e-17    
-4.3593549e-18 6.1760428e-17 
9.4189454e-17  3.2108578e-17 

CM Pos
7.506729       0.016090229   
7.4975533      0.011064112   
7.4917158      0.011261313   
12.988085      0.015588491   

Stress
20.3763      0.0294671    0.00683704    0.0690829    0.0607838    0.0588823   
0.0294671    20.351       0.0434468     0.0607838    0.0899187    0.047002    
0.00683704   0.0434468    20.3006       0.0588823    0.047002     0.0924615   

Stress Spherical
0            0            0             0            0            0           
0            0            0             0            0            0           
0            0            0             0            0            0           

Inertia
149.709      -56.2481     -56.2331      0.4216       0.196894     0.163669    
-56.2481     149.871      -56.2076      0.196894     0.353586     0.108124    
-56.2331     -56.2076     149.95        0.163669     0.108124     0.307835    

Bond Length
0.62038083    0.0033587296

BB bond length
0.62038083    0.0033587296

Water EE distance
0             0           

PEG EE distance
7.4618519     0.20052579  

BBB P2(x)
0.52166007    0.016811625 

BBB first bond length
0.62062213    0.002771245 

BBB second bond length
0.62025054    0.0032820816

BBB <phi**2>/<phi>**2
1.224472      0.017197816 

