Time = 500
Temperature
   1.0448167   0.042336716

Pressure
   23.359205    0.14588797

CM Mom
3.9615525e-18  1.5985926e-17 
-1.898388e-17  3.4158563e-17 
-2.9792632e-17 2.7166279e-17 
5.4420974e-17  2.1503584e-17 

CM Pos
7.5154895      0.018445425   
7.5056483      0.0081047479  
7.5060152      0.020524174   
13.006071      0.023513918   

Stress
20.2056      0.0503152    -0.00784028   0.0990307    0.056105     0.0585126   
0.0503152    20.2006      -0.0268264    0.056105     0.0790974    0.0635893   
-0.00784028  -0.0268264   20.282        0.0585126    0.0635893    0.0838775   

Stress Spherical
0            0            0             0            0            0           
0            0            0             0            0            0           
0            0            0             0            0            0           

Inertia
149.965      -56.3817     -56.4218      0.479744     0.195772     0.288142    
-56.3817     150.076      -56.3105      0.195772     0.770574     0.251234    
-56.4218     -56.3105     150.133       0.288142     0.251234     0.383759    

Bond Length
0.61150858    0.0035604933

BB bond length
0.61150858    0.0035604933

Water EE distance
0             0           

PEG EE distance
3.8082868     0.3682391   

Time = 1000
Temperature
1.0120542     0.0077089333

Pressure
23.17668      0.050524767 

CM Mom
-1.9085733e-18 1.5071434e-17 
9.6032644e-18  2.8640304e-17 
-2.6608565e-17 4.9430671e-17 
5.0222727e-17  4.2099467e-17 

CM Pos
7.516083       0.025031569   
7.5047581      0.024397394   
7.5199618      0.015435972   
13.013975      0.025176447   

Stress
20.1254      0.00252296   -0.0546041    0.133062     0.0758478    0.0295679   
0.00252296   20.1546      0.0117188     0.0758478    0.0844469    0.0756139   
-0.0546041   0.0117188    20.1551       0.0295679    0.0756139    0.118093    

Stress Spherical
0            0            0             0            0            0           
0            0            0             0            0            0           
0            0            0             0            0            0           

Inertia
150.161      -56.3887     -56.5143      0.358855     0.364256     0.234532    
-56.3887     150.362      -56.4356      0.364256     0.395732     0.178343    
-56.5143     -56.4356     150.178       0.234532     0.178343     0.702235    

Bond Length
0.61564807    0.0065552764

BB bond length
0.61564807    0.0065552764

Water EE distance
0             0           

PEG EE distance
3.77655       0.35539423  

