Time = 500
Temperature
   1.0334729   0.037632044

Pressure
    22.68697    0.10103309

CM Mom
9.990196e-17   2.2968347e-17 
-1.1947466e-17 5.9672567e-18 
-2.9122223e-18 2.4455767e-17 
1.0396225e-16  2.2016215e-17 

CM Pos
7.4797853      0.011122207   
7.5114083      0.022065709   
7.5132928      0.0076777808  
12.993022      0.008377785   

Stress
19.5529      0.0277625    -0.0249512    0.121632     0.0469209    0.0610434   
0.0277625    19.5699      0.0232273     0.0469209    0.078145     0.0763492   
-0.0249512   0.0232273    19.647        0.0610434    0.0763492    0.0309939   

Stress Spherical
0            0            0             0            0            0           
0            0            0             0            0            0           
0            0            0             0            0            0           

Inertia
149.895      -56.2033     -56.1803      0.218725     0.160503     0.0767329   
-56.2033     149.297      -56.3858      0.160503     0.0973377    0.17902     
-56.1803     -56.3858     149.396       0.0767329    0.17902      0.194544    

Bond Length
0.61633864    0.0030403907

BB bond length
0.61633864    0.0030403907

Water EE distance
0             0           

PEG EE distance
3.3338391     0.17675763  

Time = 1000
Temperature
1.0090975     0.0042281322

Pressure
22.611396     0.086617672 

CM Mom
1.0724399e-16  1.3217586e-17 
-2.8290709e-17 2.4468945e-17 
1.3439253e-17  1.7132503e-17 
1.1550973e-16  1.4377357e-17 

CM Pos
7.5014385      0.008868845   
7.5176373      0.01181272    
7.5307933      0.011916537   
13.019195      0.014581245   

Stress
19.6182      -0.00286626  0.0279436     0.117388     0.0380181    0.0526198   
-0.00286626  19.5571      -0.0627821    0.0380181    0.101546     0.0472061   
0.0279436    -0.0627821   19.5869       0.0526198    0.0472061    0.0951316   

Stress Spherical
0            0            0             0            0            0           
0            0            0             0            0            0           
0            0            0             0            0            0           

Inertia
150.287      -56.3841     -56.5254      0.340544     0.093685     0.136519    
-56.3841     150.069      -56.578       0.093685     0.336454     0.149584    
-56.5254     -56.578      149.841       0.136519     0.149584     0.253564    

Bond Length
0.6150437     0.0060619845

BB bond length
0.6150437     0.0060619845

Water EE distance
0             0           

PEG EE distance
3.3900588     0.32537364  

