Time = 1000
Temperature
    1.051577    0.07348248

Pressure
   23.716756    0.35835141

CM Mom
-2.0515539e-17 1.4566298e-17 
1.9100334e-17  1.4848567e-17 
6.0245095e-17  1.0427717e-16 
1.013275e-16   7.3853268e-17 

CM Pos
7.5027756      0.012682239   
7.5058929      0.011557464   
7.5025781      0.016590862   
12.996891      0.011695898   

Stress
20.5343      -0.0233843   -0.0186089    0.226968     0.040024     0.0911761   
-0.0233843   20.6045      -0.0347422    0.040024     0.167678     0.0468442   
-0.0186089   -0.0347422   20.552        0.0911761    0.0468442    0.142479    

Stress Spherical
0            0            0             0            0            0           
0            0            0             0            0            0           
0            0            0             0            0            0           

Inertia
150.129      -56.3215     -56.2737      0.969591     0.104927     0.170041    
-56.3215     150.097      -56.3007      0.104927     0.70055      0.220645    
-56.2737     -56.3007     150.135       0.170041     0.220645     0.661065    

Bond Length
0.61917181    0.0049896116

BB bond length
0.61917181    0.0049896116

Water EE distance
0             0           

PEG EE distance
6.5921462     0.31083022  

BBB P2(x)
0.48454644    0.056090641 

BBB first bond length
0.61882676    0.0050110462

BBB second bond length
0.61906144    0.0050248256

BBB <phi**2>/<phi>**2
1.2226328     0.015581859 

Time = 2000
Temperature
1.0130813     0.0087630891

Pressure
23.518307     0.10581864  

CM Mom
-7.1879261e-18 1.9723254e-17 
1.3247802e-17  1.4390939e-17 
-6.876773e-18  2.3683639e-17 
3.5887768e-17  1.1981207e-17 

CM Pos
7.5024791      0.019296689   
7.4981854      0.0085352846  
7.4902757      0.01543496    
12.985171      0.014626669   

Stress
20.4794      -0.0354518   0.01642       0.113108     0.0522864    0.0605409   
-0.0354518   20.4836      0.0300464     0.0522864    0.142555     0.0989971   
0.01642      0.0300464    20.4787       0.0605409    0.0989971    0.0904297   

Stress Spherical
0            0            0             0            0            0           
0            0            0             0            0            0           
0            0            0             0            0            0           

Inertia
149.718      -56.2428     -56.1624      0.51443      0.171696     0.181787    
-56.2428     149.825      -56.1655      0.171696     0.336935     0.182434    
-56.1624     -56.1655     149.937       0.181787     0.182434     0.253242    

Bond Length
0.61962881    0.003334254 

BB bond length
0.61962881    0.003334254 

Water EE distance
0             0           

PEG EE distance
7.327535      0.17998888  

BBB P2(x)
0.51050584    0.015710624 

BBB first bond length
0.61946788    0.0033348792

BBB second bond length
0.61941152    0.003307888 

BBB <phi**2>/<phi>**2
1.2292812     0.01642674  

Time = 3000
Temperature
1.0111179     0.0053725557

Pressure
23.521079     0.067223321 

CM Mom
2.372704e-17   1.9071225e-17 
5.8031643e-18  1.7899951e-17 
-2.656801e-18  2.293064e-17  
4.0263583e-17  1.3873924e-17 

CM Pos
7.5005523      0.0076099788  
7.5014462      0.014185952   
7.4933884      0.01527543    
12.98773       0.014751161   

Stress
20.4973      -0.00831724  -0.0268371    0.0810345    0.063016     0.0541609   
-0.00831724  20.4319      0.00675536    0.063016     0.10967      0.0691871   
-0.0268371   0.00675536   20.5385       0.0541609    0.0691871    0.128686    

Stress Spherical
0            0            0             0            0            0           
0            0            0             0            0            0           
0            0            0             0            0            0           

Inertia
149.858      -56.238      -56.1958      0.358734     0.162098     0.124491    
-56.238      149.877      -56.2208      0.162098     0.258034     0.175882    
-56.1958     -56.2208     149.99        0.124491     0.175882     0.286609    

Bond Length
0.62046185    0.0027983383

BB bond length
0.62046185    0.0027983383

Water EE distance
0             0           

PEG EE distance
7.5781696     0.12981773  

BBB P2(x)
0.52193116    0.014748372 

BBB first bond length
0.61992967    0.0031003418

BBB second bond length
0.62052019    0.0029847499

BBB <phi**2>/<phi>**2
1.2239976     0.010484281 

Time = 4000
Temperature
1.013827      0.010992763 

Pressure
23.500805     0.076464802 

CM Mom
2.7680976e-17  1.8240283e-17 
-3.611708e-17  2.6199349e-17 
-2.6547029e-17 1.8166195e-17 
5.9429926e-17  2.4344055e-17 

CM Pos
7.507074       0.011400524   
7.4990747      0.01455591    
7.5033192      0.01634741    
12.995868      0.010555243   

Stress
20.4479      0.0035071    -0.011804     0.100448     0.0907281    0.0434025   
0.0035071    20.4755      0.0232999     0.0907281    0.125933     0.0792685   
-0.011804    0.0232999    20.4591       0.0434025    0.0792685    0.108432    

Stress Spherical
0            0            0             0            0            0           
0            0            0             0            0            0           
0            0            0             0            0            0           

Inertia
150.005      -56.3018     -56.3268      0.229038     0.139938     0.175955    
-56.3018     150.14       -56.2737      0.139938     0.246488     0.124078    
-56.3268     -56.2737     150.072       0.175955     0.124078     0.296689    

Bond Length
0.61973838    0.0036201406

BB bond length
0.61973838    0.0036201406

Water EE distance
0             0           

PEG EE distance
7.3056428     0.24975431  

BBB P2(x)
0.5154728     0.011700268 

BBB first bond length
0.619488      0.0036143608

BBB second bond length
0.6201121     0.0036190206

BBB <phi**2>/<phi>**2
1.2220643     0.014311776 

Time = 5000
Temperature
1.0084468     0.0070405451

Pressure
23.482928     0.080219926 

CM Mom
4.9036313e-17  1.1956468e-17 
8.5927093e-19  1.6092255e-17 
-1.4313731e-17 1.5587081e-17 
5.6019088e-17  1.0812861e-17 

CM Pos
7.5020345      0.012503417   
7.5070786      0.014564963   
7.4941295      0.0080313541  
12.992268      0.011622138   

Stress
20.4704      0.027922     0.00873449    0.121547     0.054534     0.0666158   
0.027922     20.4845      -0.00232821   0.054534     0.10387      0.0522927   
0.00873449   -0.00232821  20.4224       0.0666158    0.0522927    0.099643    

Stress Spherical
0            0            0             0            0            0           
0            0            0             0            0            0           
0            0            0             0            0            0           

Inertia
149.969      -56.3382     -56.1907      0.244063     0.13164      0.112472    
-56.3382     149.915      -56.2215      0.13164      0.215828     0.157303    
-56.1907     -56.2215     150.098       0.112472     0.157303     0.230724    

Bond Length
0.61951634    0.0028121541

BB bond length
0.61951634    0.0028121541

Water EE distance
0             0           

PEG EE distance
7.2344622     0.25748051  

BBB P2(x)
0.50105951    0.015960434 

BBB first bond length
0.61951098    0.0028743587

BBB second bond length
0.61937381    0.003143675 

BBB <phi**2>/<phi>**2
1.2194022     0.013955269 

Time = 6000
Temperature
1.0117406     0.0066231271

Pressure
23.519306     0.11083707  

CM Mom
4.4249299e-17  2.1113234e-17 
-2.9029809e-17 1.5414224e-17 
-3.4712571e-17 1.4155627e-17 
6.709051e-17   1.9705457e-17 

CM Pos
7.5045542      0.016063392   
7.501298       0.015887365   
7.4972421      0.017774823   
12.992191      0.015841884   

Stress
20.52        -0.00339939  0.0240125     0.123513     0.0463314    0.0648572   
-0.00339939  20.4904      -0.0109384    0.0463314    0.136217     0.0619605   
0.0240125    -0.0109384   20.4463       0.0648572    0.0619605    0.135331    

Stress Spherical
0            0            0             0            0            0           
0            0            0             0            0            0           
0            0            0             0            0            0           

Inertia
149.944      -56.3517     -56.2569      0.380753     0.169654     0.158541    
-56.3517     150.003      -56.1986      0.169654     0.330634     0.229266    
-56.2569     -56.1986     150.074       0.158541     0.229266     0.345792    

Bond Length
0.62038365    0.0025504163

BB bond length
0.62038365    0.0025504163

Water EE distance
0             0           

PEG EE distance
6.7197777     0.096331506 

BBB P2(x)
0.50257519    0.014704403 

BBB first bond length
0.620672      0.0025748144

BBB second bond length
0.6205085     0.002382834 

BBB <phi**2>/<phi>**2
1.2194253     0.011385932 

Time = 7000
Temperature
1.0141017     0.0048766366

Pressure
23.522757     0.087759053 

CM Mom
4.8546202e-17  1.306611e-17  
-1.1615105e-17 1.0590299e-17 
-4.1151481e-17 1.8885844e-17 
6.806076e-17   1.386991e-17  

CM Pos
7.5038131      0.0088188586  
7.5045589      0.011976615   
7.5059872      0.016753602   
12.998684      0.013246705   

Stress
20.4588      -0.012095    -0.0190864    0.102264     0.05685      0.0598996   
-0.012095    20.4932      -0.0309052    0.05685      0.103882     0.036708    
-0.0190864   -0.0309052   20.4938       0.0598996    0.036708     0.138579    

Stress Spherical
0            0            0             0            0            0           
0            0            0             0            0            0           
0            0            0             0            0            0           

Inertia
150.106      -56.3015     -56.3506      0.291646     0.111111     0.128634    
-56.3015     150.132      -56.3286      0.111111     0.236216     0.169843    
-56.3506     -56.3286     150.103       0.128634     0.169843     0.203021    

Bond Length
0.61872311    0.0048127824

BB bond length
0.61872311    0.0048127824

Water EE distance
0             0           

PEG EE distance
7.0272567     0.17909248  

BBB P2(x)
0.50798855    0.0121594   

BBB first bond length
0.6186463     0.0050248299

BBB second bond length
0.61846092    0.004903914 

BBB <phi**2>/<phi>**2
1.2294735     0.012547439 

Time = 8000
Temperature
1.011385      0.0059327043

Pressure
23.452484     0.079817293 

CM Mom
3.8124971e-17  1.9480203e-17 
-9.2635605e-18 1.4108801e-17 
-3.3009388e-17 1.3122015e-17 
5.4661281e-17  1.9794314e-17 

CM Pos
7.5045542      0.011312503   
7.5015945      0.016762124   
7.4945741      0.01121498    
12.990815      0.012555273   

Stress
20.4875      -0.00898665  0.0322939     0.105237     0.0688278    0.0480471   
-0.00898665  20.4258      -0.0193691    0.0688278    0.0951467    0.100116    
0.0322939    -0.0193691   20.3462       0.0480471    0.100116     0.118268    

Stress Spherical
0            0            0             0            0            0           
0            0            0             0            0            0           
0            0            0             0            0            0           

Inertia
149.917      -56.2728     -56.2611      0.311404     0.117725     0.173748    
-56.2728     149.958      -56.2032      0.117725     0.309107     0.173067    
-56.2611     -56.2032     150.091       0.173748     0.173067     0.262996    

Bond Length
0.61832747    0.0027434214

BB bond length
0.61832747    0.0027434214

Water EE distance
0             0           

PEG EE distance
6.7038287     0.21131876  

BBB P2(x)
0.51731728    0.011673732 

BBB first bond length
0.61822368    0.0027200812

BBB second bond length
0.6182553     0.0026666834

BBB <phi**2>/<phi>**2
1.2229672     0.010692452 

Time = 9000
Temperature
1.0112472     0.0053403457

Pressure
23.514393     0.11701272  

CM Mom
5.0261247e-17  2.4516026e-17 
-2.4754847e-17 2.119769e-17  
-2.0956008e-17 2.6986925e-17 
6.8944907e-17  2.4564634e-17 

CM Pos
7.4953645      0.0086946696  
7.5007051      0.020626213   
7.4939812      0.017138003   
12.98466       0.015265477   

Stress
20.4372      -0.0176478   0.0182569     0.175296     0.0762737    0.0956646   
-0.0176478   20.5221      -0.0271921    0.0762737    0.162109     0.0523421   
0.0182569    -0.0271921   20.4871       0.0956646    0.0523421    0.108034    

Stress Spherical
0            0            0             0            0            0           
0            0            0             0            0            0           
0            0            0             0            0            0           

Inertia
149.871      -56.1831     -56.1511      0.39979      0.181204     0.151574    
-56.1831     149.823      -56.2284      0.181204     0.284835     0.213803    
-56.1511     -56.2284     149.907       0.151574     0.213803     0.340864    

Bond Length
0.620316      0.0038285429

BB bond length
0.620316      0.0038285429

Water EE distance
0             0           

PEG EE distance
6.5403023     0.1812366   

BBB P2(x)
0.51840386    0.018620659 

BBB first bond length
0.62022182    0.0038192377

BBB second bond length
0.62047211    0.0040927784

BBB <phi**2>/<phi>**2
1.2277535     0.012723419 

Time = 10000
Temperature
1.0125424     0.0067635091

Pressure
23.452578     0.067606498 

CM Mom
5.7605984e-17  1.6409271e-17 
-2.1530318e-17 1.5269517e-17 
-4.2846196e-17 1.3517411e-17 
7.838996e-17   1.2568107e-17 

CM Pos
7.492993       0.010053953   
7.4910707      0.013090555   
7.4993172      0.010913158   
12.980793      0.01580099    

Stress
20.3855      -0.00263114  0.0103776     0.0879937    0.0499801    0.0767524   
-0.00263114  20.506       0.0224925     0.0499801    0.122727     0.062056    
0.0103776    0.0224925    20.3579       0.0767524    0.062056     0.123883    

Stress Spherical
0            0            0             0            0            0           
0            0            0             0            0            0           
0            0            0             0            0            0           

Inertia
149.827      -56.1626     -56.1748      0.315012     0.135641     0.156234    
-56.1626     149.864      -56.1731      0.135641     0.29401      0.184372    
-56.1748     -56.1731     149.734       0.156234     0.184372     0.312439    

Bond Length
0.61960806    0.0021792293

BB bond length
0.61960806    0.0021792293

Water EE distance
0             0           

PEG EE distance
7.0003807     0.28397867  

BBB P2(x)
0.5168408     0.01691132  

BBB first bond length
0.61962859    0.0023201645

BBB second bond length
0.61935312    0.0025200555

BBB <phi**2>/<phi>**2
1.2243137     0.0096706041

Time = 11000
Temperature
1.0029293     0.0050464055

Pressure
23.468692     0.088145079 

CM Mom
4.2043252e-17  2.9224771e-17 
-3.4540881e-18 9.4996104e-18 
-4.7542668e-17 2.1940231e-17 
7.1379187e-17  1.9250619e-17 

CM Pos
7.4904732      0.0098987003  
7.49863        0.011566015   
7.4976868      0.01347429    
12.982768      0.0099153052  

Stress
20.4653      0.0333452    0.0151705     0.171852     0.0422301    0.0647006   
0.0333452    20.4582      -0.0543791    0.0422301    0.056647     0.0569078   
0.0151705    -0.0543791   20.4607       0.0647006    0.0569078    0.067997    

Stress Spherical
0            0            0             0            0            0           
0            0            0             0            0            0           
0            0            0             0            0            0           

Inertia
149.93       -56.1568     -56.1787      0.314942     0.106096     0.113042    
-56.1568     149.832      -56.192       0.106096     0.231112     0.177738    
-56.1787     -56.192      149.826       0.113042     0.177738     0.176545    

Bond Length
0.62071548    0.0026668768

BB bond length
0.62071548    0.0026668768

Water EE distance
0             0           

PEG EE distance
6.8076248     0.14527262  

BBB P2(x)
0.51327294    0.012854646 

BBB first bond length
0.62024683    0.0026146344

BBB second bond length
0.6206921     0.0022527386

BBB <phi**2>/<phi>**2
1.2233993     0.008536969 

Time = 12000
Temperature
1.00995       0.0078731344

Pressure
23.472926     0.062688332 

CM Mom
4.7845319e-17  1.2223706e-17 
-5.6904415e-18 4.278032e-17  
-4.9600887e-17 1.2984471e-17 
8.0665045e-17  2.0570013e-17 

CM Pos
7.5024791      0.010799835   
7.4975925      0.014765703   
7.5007994      0.012187545   
12.990895      0.014377478   

Stress
20.4434      0.0249749    0.0327884     0.0982239    0.0757067    0.0551364   
0.0249749    20.4322      -0.00218612   0.0757067    0.0696198    0.061923    
0.0327884    -0.00218612  20.4582       0.0551364    0.061923     0.0527677   

Stress Spherical
0            0            0             0            0            0           
0            0            0             0            0            0           
0            0            0             0            0            0           

Inertia
149.945      -56.2414     -56.2799      0.277982     0.146309     0.196504    
-56.2414     150.05       -56.2653      0.146309     0.348528     0.153524    
-56.2799     -56.2653     150.01        0.196504     0.153524     0.296717    

Bond Length
0.62136001    0.0034376852

BB bond length
0.62136001    0.0034376852

Water EE distance
0             0           

PEG EE distance
6.762808      0.18140815  

BBB P2(x)
0.5132914     0.014198282 

BBB first bond length
0.62123589    0.0034919527

BBB second bond length
0.62127423    0.0036501921

BBB <phi**2>/<phi>**2
1.2221978     0.0099298836

Time = 13000
Temperature
1.0112385     0.0072381165

Pressure
23.516497     0.12547602  

CM Mom
5.417658e-17   1.474827e-17  
2.18726e-18    9.6067879e-18 
-1.9675055e-17 2.030291e-17  
6.1855369e-17  1.4930407e-17 

CM Pos
7.504406       0.010774377   
7.4956656      0.011508889   
7.5116196      0.012594454   
12.997148      0.0089654828  

Stress
20.4537      -0.0227364   -0.021664     0.168517     0.0776968    0.0645312   
-0.0227364   20.5281      -0.0375375    0.0776968    0.128557     0.0626624   
-0.021664    -0.0375375   20.471        0.0645312    0.0626624    0.158339    

Stress Spherical
0            0            0             0            0            0           
0            0            0             0            0            0           
0            0            0             0            0            0           

Inertia
150.12       -56.2335     -56.3439      0.243464     0.161417     0.12671     
-56.2335     150.272      -56.3074      0.161417     0.108303     0.202011    
-56.3439     -56.3074     150.01        0.12671      0.202011     0.246269    

Bond Length
0.61977103    0.0025422154

BB bond length
0.61977103    0.0025422154

Water EE distance
0             0           

PEG EE distance
7.1392076     0.38873289  

BBB P2(x)
0.50818086    0.012085724 

BBB first bond length
0.61984571    0.0023619374

BBB second bond length
0.61976276    0.0022330882

BBB <phi**2>/<phi>**2
1.2176277     0.0098211071

Time = 14000
Temperature
1.006905      0.0067277514

Pressure
23.519511     0.051560984 

CM Mom
2.9976159e-17  1.3934276e-17 
-1.4722386e-17 8.6029111e-18 
9.0647187e-18  1.2156066e-17 
3.8692982e-17  1.0783556e-17 

CM Pos
7.5127064      0.011385097   
7.5063375      0.014808047   
7.4993172      0.016874465   
13.001003      0.013412732   

Stress
20.5168      0.00910414   0.00225857    0.0900719    0.0687959    0.0633568   
0.00910414   20.5345      -0.0155822    0.0687959    0.120038     0.0613791   
0.00225857   -0.0155822   20.4495       0.0633568    0.0613791    0.0735314   

Stress Spherical
0            0            0             0            0            0           
0            0            0             0            0            0           
0            0            0             0            0            0           

Inertia
150.082      -56.3831     -56.3146      0.354412     0.0958131    0.143831    
-56.3831     150.181      -56.2941      0.0958131    0.252273     0.180525    
-56.3146     -56.2941     150.293       0.143831     0.180525     0.22741     

Bond Length
0.61981711    0.0020979372

BB bond length
0.61981711    0.0020979372

Water EE distance
0             0           

PEG EE distance
6.9421027     0.3693473   

BBB P2(x)
0.51223563    0.012591474 

BBB first bond length
0.61994502    0.0018993653

BBB second bond length
0.61965654    0.0021930574

BBB <phi**2>/<phi>**2
1.2218875     0.011627793 

Time = 15000
Temperature
1.0120282     0.010065058 

Pressure
23.485586     0.094769213 

CM Mom
1.6971904e-17  1.8057795e-17 
-2.1134829e-17 1.6820586e-17 
-7.4775495e-18 1.8930231e-17 
4.0039105e-17  1.2445079e-17 

CM Pos
7.50574        0.011013355   
7.5014462      0.011307647   
7.4990208      0.015335717   
12.993978      0.012343706   

Stress
20.4681      0.00671064   0.0242803     0.118642     0.047131     0.0804656   
0.00671064   20.4376      -0.00493162   0.047131     0.152463     0.0518753   
0.0242803    -0.00493162  20.4473       0.0804656    0.0518753    0.110553    

Stress Spherical
0            0            0             0            0            0           
0            0            0             0            0            0           
0            0            0             0            0            0           

Inertia
150.012      -56.2548     -56.2634      0.318345     0.136922     0.166308    
-56.2548     150.092      -56.2713      0.136922     0.207476     0.200198    
-56.2634     -56.2713     150.141       0.166308     0.200198     0.258742    

Bond Length
0.61697131    0.004542772 

BB bond length
0.61697131    0.004542772 

Water EE distance
0             0           

PEG EE distance
6.9956148     0.42336127  

BBB P2(x)
0.5061324     0.014380407 

BBB first bond length
0.61667973    0.004421461 

BBB second bond length
0.61695062    0.0045518426

BBB <phi**2>/<phi>**2
1.2238188     0.016870696 

Time = 16000
Temperature
1.0110715     0.0066658068

Pressure
23.502046     0.11282605  

CM Mom
2.6786873e-17  1.4662933e-17 
-1.6133614e-17 1.7183439e-17 
9.0001294e-18  1.6231588e-17 
4.1679529e-17  9.7665723e-18 

CM Pos
7.5029238      0.010609998   
7.5044107      0.015700272   
7.4947223      0.013490585   
12.991581      0.016506638   

Stress
20.4579      -0.0202597   0.0453306     0.149069     0.0868457    0.0585377   
-0.0202597   20.4857      -0.00609776   0.0868457    0.116755     0.0912304   
0.0453306    -0.00609776  20.4673       0.0585377    0.0912304    0.137696    

Stress Spherical
0            0            0             0            0            0           
0            0            0             0            0            0           
0            0            0             0            0            0           

Inertia
149.987      -56.2918     -56.2178      0.295102     0.160492     0.12195     
-56.2918     149.957      -56.2222      0.160492     0.178803     0.172797    
-56.2178     -56.2222     150.123       0.12195      0.172797     0.296997    

Bond Length
0.61923561    0.0027232867

BB bond length
0.61923561    0.0027232867

Water EE distance
0             0           

PEG EE distance
7.4127576     0.16436482  

BBB P2(x)
0.52750319    0.011516604 

BBB first bond length
0.61962988    0.0032202603

BBB second bond length
0.61952535    0.0029654657

BBB <phi**2>/<phi>**2
1.2279742     0.014780158 

Time = 17000
Temperature
1.0097675     0.0067765936

Pressure
23.4748       0.081822567 

CM Mom
-3.8174887e-18 2.9967908e-17 
8.365344e-18   2.5163121e-17 
2.3042887e-17  1.2526519e-17 
4.5039708e-17  1.6586844e-17 

CM Pos
7.5082598      0.014954939   
7.4969996      0.018357918   
7.4976868      0.01455591    
12.992111      0.01026908    

Stress
20.4541      0.0190249    0.00500017    0.0989251    0.0364542    0.0468463   
0.0190249    20.4461      -0.0080301    0.0364542    0.108743     0.0695483   
0.00500017   -0.0080301   20.4408       0.0468463    0.0695483    0.0880529   

Stress Spherical
0            0            0             0            0            0           
0            0            0             0            0            0           
0            0            0             0            0            0           

Inertia
149.905      -56.2899     -56.3289      0.218199     0.193044     0.15585     
-56.2899     150.084      -56.2355      0.193044     0.187904     0.192779    
-56.3289     -56.2355     150.064       0.15585      0.192779     0.384365    

Bond Length
0.61840479    0.0028408045

BB bond length
0.61840479    0.0028408045

Water EE distance
0             0           

PEG EE distance
7.1092153     0.15100446  

BBB P2(x)
0.51486918    0.015298393 

BBB first bond length
0.61806171    0.0027630916

BBB second bond length
0.61881633    0.0027203821

BBB <phi**2>/<phi>**2
1.223647      0.011801689 

Time = 18000
Temperature
1.006409      0.0043621165

Pressure
23.450861     0.080645932 

CM Mom
4.2834642e-18  1.5391486e-17 
5.7341867e-18  1.2846965e-17 
3.750815e-17   1.9625039e-17 
4.3796507e-17  1.8084268e-17 

CM Pos
7.49907        0.011704795   
7.4971478      0.016269951   
7.4972421      0.011615296   
12.986618      0.014546485   

Stress
20.414       -0.00764154  -0.0344529    0.0767839    0.0844983    0.10444     
-0.00764154  20.4893      0.0170404     0.0844983    0.164882     0.0605403   
-0.0344529   0.0170404    20.3961       0.10444      0.0605403    0.115523    

Stress Spherical
0            0            0             0            0            0           
0            0            0             0            0            0           
0            0            0             0            0            0           

Inertia
149.935      -56.2272     -56.1969      0.364073     0.140545     0.146457    
-56.2272     149.952      -56.2165      0.140545     0.27431      0.199197    
-56.1969     -56.2165     149.957       0.146457     0.199197     0.236224    

Bond Length
0.61846303    0.0028429065

BB bond length
0.61846303    0.0028429065

Water EE distance
0             0           

PEG EE distance
7.1518451     0.21900545  

BBB P2(x)
0.50492073    0.010403709 

BBB first bond length
0.61849795    0.0029484021

BBB second bond length
0.61842408    0.002853947 

BBB <phi**2>/<phi>**2
1.2231981     0.0074277472

Time = 19000
Temperature
1.0132561     0.0066569682

Pressure
23.469112     0.077343595 

CM Mom
3.022478e-17   2.4082843e-17 
7.3165562e-18  2.0806827e-17 
4.0142598e-17  1.8711479e-17 
5.9792215e-17  1.9141978e-17 

CM Pos
7.5027756      0.010140983   
7.5041142      0.016422497   
7.4933884      0.013307768   
12.990559      0.013127774   

Stress
20.4023      -0.0138404   0.0334952     0.131185     0.0746181    0.0532446   
-0.0138404   20.4509      -0.0344651    0.0746181    0.129239     0.0789571   
0.0334952    -0.0344651   20.4394       0.0532446    0.0789571    0.0760036   

Stress Spherical
0            0            0             0            0            0           
0            0            0             0            0            0           
0            0            0             0            0            0           

Inertia
149.978      -56.3286     -56.1956      0.353601     0.0975508    0.17954     
-56.3286     149.957      -56.2267      0.0975508    0.250748     0.124282    
-56.1956     -56.2267     150.11        0.17954      0.124282     0.248484    

Bond Length
0.62171362    0.0032637101

BB bond length
0.62171362    0.0032637101

Water EE distance
0             0           

PEG EE distance
6.9840992     0.21909861  

BBB P2(x)
0.52326401    0.014180593 

BBB first bond length
0.62173555    0.0035706387

BBB second bond length
0.621661      0.0034375657

BBB <phi**2>/<phi>**2
1.2281651     0.01036015  

Time = 20000
Temperature
1.0111491     0.0068959948

Pressure
23.473869     0.072556008 

CM Mom
3.8409246e-17  1.8136999e-17 
1.6631404e-18  1.1715134e-17 
4.4714177e-17  1.585413e-17  
6.2798201e-17  1.5853339e-17 

CM Pos
7.5051471      0.018847438   
7.5030767      0.016788317   
7.4932401      0.0057863304  
12.991247      0.014278294   

Stress
20.4617      0.0024534    0.0367162     0.128713     0.0699208    0.0683777   
0.0024534    20.405       0.0145167     0.0699208    0.0910187    0.0537767   
0.0367162    0.0145167    20.4591       0.0683777    0.0537767    0.0935153   

Stress Spherical
0            0            0             0            0            0           
0            0            0             0            0            0           
0            0            0             0            0            0           

Inertia
149.942      -56.3156     -56.2703      0.307077     0.210562     0.153102    
-56.3156     149.974      -56.1826      0.210562     0.33333      0.194112    
-56.2703     -56.1826     150.109       0.153102     0.194112     0.365068    

Bond Length
0.62014989    0.0028390868

BB bond length
0.62014989    0.0028390868

Water EE distance
0             0           

PEG EE distance
6.8891968     0.21059206  

BBB P2(x)
0.52307055    0.019641937 

BBB first bond length
0.62022539    0.0027421454

BBB second bond length
0.62017427    0.0032006282

BBB <phi**2>/<phi>**2
1.2289636     0.010056445 

Time = 21000
Temperature
1.0084745     0.0087501966

Pressure
23.50752      0.084303542 

CM Mom
1.6459029e-17  1.0179352e-17 
-1.7674055e-17 1.6539259e-17 
5.8531901e-17  1.4145299e-17 
6.4978602e-17  1.9086445e-17 

CM Pos
7.5023309      0.011268722   
7.4968514      0.00993083    
7.4919061      0.01619687    
12.985247      0.015740326   

Stress
20.4729      -0.0647882   -0.0336806    0.13558      0.0814592    0.0501103   
-0.0647882   20.4995      -0.00647475   0.0814592    0.106146     0.0596755   
-0.0336806   -0.00647475  20.4783       0.0501103    0.0596755    0.10913     

Stress Spherical
0            0            0             0            0            0           
0            0            0             0            0            0           
0            0            0             0            0            0           

Inertia
149.838      -56.2117     -56.1872      0.343746     0.159343     0.197202    
-56.2117     149.925      -56.1282      0.159343     0.308872     0.23787     
-56.1872     -56.1282     149.977       0.197202     0.23787      0.257224    

Bond Length
0.61986892    0.003447684 

BB bond length
0.61986892    0.003447684 

Water EE distance
0             0           

PEG EE distance
6.8389424     0.26868916  

BBB P2(x)
0.50616786    0.013213869 

BBB first bond length
0.61992376    0.003353857 

BBB second bond length
0.61972545    0.0033176312

BBB <phi**2>/<phi>**2
1.2217448     0.0061984942

Time = 22000
Temperature
1.0053491     0.0070689814

Pressure
23.435318     0.062612714 

CM Mom
2.9401163e-19  1.4037721e-17 
-2.7058258e-18 2.2342556e-17 
7.2327478e-17  2.1367935e-17 
7.7054516e-17  2.1309852e-17 

CM Pos
7.5047024      0.010589271   
7.4977407      0.013311069   
7.5030227      0.018711147   
12.993553      0.015240305   

Stress
20.4037      0.0177228    0.0526488     0.140865     0.0785965    0.0504084   
0.0177228    20.4304      0.0184343     0.0785965    0.109734     0.0577765   
0.0526488    0.0184343    20.4282       0.0504084    0.0577765    0.0674978   

Stress Spherical
0            0            0             0            0            0           
0            0            0             0            0            0           
0            0            0             0            0            0           

Inertia
150.022      -56.2512     -56.3163      0.410338     0.0973295    0.13069     
-56.2512     150.124      -56.2987      0.0973295    0.256112     0.207589    
-56.3163     -56.2987     150.036       0.13069      0.207589     0.198258    

Bond Length
0.61937381    0.0036905076

BB bond length
0.61937381    0.0036905076

Water EE distance
0             0           

PEG EE distance
7.1142671     0.23152567  

BBB P2(x)
0.51910691    0.015399814 

BBB first bond length
0.61987366    0.0036587278

BBB second bond length
0.61959445    0.0037566795

BBB <phi**2>/<phi>**2
1.23274       0.019366601 

Time = 23000
Temperature
1.0134663     0.0057106465

Pressure
23.469993     0.079059398 

CM Mom
-4.9395051e-18 1.6585848e-17 
2.041749e-17   1.2536717e-17 
8.8286317e-17  1.1627628e-17 
9.2834607e-17  1.3599395e-17 

CM Pos
7.5069258      0.0094082615  
7.5014462      0.015013586   
7.5015405      0.016845145   
12.996121      0.013549593   

Stress
20.4505      0.014439     0.0182465     0.125568     0.0620822    0.102942    
0.014439     20.4081      0.0114491     0.0620822    0.106103     0.0804114   
0.0182465    0.0114491    20.4346       0.102942     0.0804114    0.131698    

Stress Spherical
0            0            0             0            0            0           
0            0            0             0            0            0           
0            0            0             0            0            0           

Inertia
150.06       -56.2777     -56.3266      0.295582     0.159736     0.169065    
-56.2777     150.148      -56.2604      0.159736     0.365755     0.148554    
-56.3266     -56.2604     150.132       0.169065     0.148554     0.294584    

Bond Length
0.62045329    0.0029406653

BB bond length
0.62045329    0.0029406653

Water EE distance
0             0           

PEG EE distance
6.6409946     0.12824608  

BBB P2(x)
0.51930524    0.011763152 

BBB first bond length
0.62048419    0.0027908774

BBB second bond length
0.62048836    0.0031886853

BBB <phi**2>/<phi>**2
1.2262267     0.010642222 

Time = 24000
Temperature
1.0156264     0.0058670299

Pressure
23.553629     0.12273997  

CM Mom
-1.2192432e-17 3.0711517e-17 
4.344543e-17   1.7507614e-17 
1.1255613e-16  2.9615841e-17 
1.2765366e-16  2.3160281e-17 

CM Pos
7.504406       0.018467689   
7.4932941      0.008469394   
7.5002065      0.0096298256  
12.989186      0.015012499   

Stress
20.4673      -0.0302787   -0.0267678    0.159428     0.0557821    0.0350038   
-0.0302787   20.525       0.00667461    0.0557821    0.115664     0.0904588   
-0.0267678   0.00667461   20.5325       0.0350038    0.0904588    0.119702    

Stress Spherical
0            0            0             0            0            0           
0            0            0             0            0            0           
0            0            0             0            0            0           

Inertia
149.922      -56.2322     -56.2818      0.179203     0.178447     0.184956    
-56.2322     150.094      -56.1772      0.178447     0.330385     0.105027    
-56.2818     -56.1772     149.974       0.184956     0.105027     0.380684    

Bond Length
0.61821664    0.002866358 

BB bond length
0.61821664    0.002866358 

Water EE distance
0             0           

PEG EE distance
6.7091667     0.32546668  

BBB P2(x)
0.51819563    0.01226887  

BBB first bond length
0.61802228    0.0030577901

BBB second bond length
0.61823868    0.0027564284

BBB <phi**2>/<phi>**2
1.2305065     0.0093636797

Time = 25000
Temperature
1.0060742     0.0046638521

Pressure
23.478603     0.065726903 

CM Mom
-1.9026008e-17 1.6395264e-17 
4.3044318e-17  1.4365224e-17 
1.2718938e-16  3.1365619e-17 
1.3796933e-16  2.8554689e-17 

CM Pos
7.4895839      0.014525692   
7.492553       0.0046871704  
7.5030227      0.020917598   
12.981836      0.012732909   

Stress
20.4204      -0.00300027  -0.0375377    0.0948804    0.0482955    0.0701422   
-0.00300027  20.4982      -0.00257432   0.0482955    0.0709703    0.0587331   
-0.0375377   -0.00257432  20.467        0.0701422    0.0587331    0.0870873   

Stress Spherical
0            0            0             0            0            0           
0            0            0             0            0            0           
0            0            0             0            0            0           

Inertia
149.962      -56.1236     -56.1826      0.279958     0.154746     0.181481    
-56.1236     149.913      -56.2279      0.154746     0.336251     0.174898    
-56.1826     -56.2279     149.755       0.181481     0.174898     0.212164    

Bond Length
0.61878939    0.002898004 

BB bond length
0.61878939    0.002898004 

Water EE distance
0             0           

PEG EE distance
6.5185637     0.30327757  

BBB P2(x)
0.51721774    0.010722041 

BBB first bond length
0.61898064    0.0027793328

BBB second bond length
0.61869464    0.0029237393

BBB <phi**2>/<phi>**2
1.2281991     0.016690404 

Time = 26000
Temperature
1.0037045     0.0073985976

Pressure
23.395822     0.071753555 

CM Mom
-3.2058101e-17 2.134601e-17  
9.0468915e-18  2.7197195e-17 
1.167026e-16   1.5769276e-17 
1.2661887e-16  1.1863161e-17 

CM Pos
7.501738       0.018727578   
7.5002605      0.0086121575  
7.4990208      0.024221835   
12.990998      0.016675972   

Stress
20.3409      -0.00216325  0.00354814    0.167699     0.0373751    0.0724286   
-0.00216325  20.4244      0.00177487    0.0373751    0.0863567    0.104044    
0.00354814   0.00177487   20.3933       0.0724286    0.104044     0.100146    

Stress Spherical
0            0            0             0            0            0           
0            0            0             0            0            0           
0            0            0             0            0            0           

Inertia
149.985      -56.2874     -56.2432      0.449159     0.149374     0.204706    
-56.2874     150.018      -56.2324      0.149374     0.444022     0.19476     
-56.2432     -56.2324     150.032       0.204706     0.19476      0.208601    

Bond Length
0.62050243    0.0029316259

BB bond length
0.62050243    0.0029316259

Water EE distance
0             0           

PEG EE distance
7.3596357     0.12669395  

BBB P2(x)
0.52800511    0.015878096 

BBB first bond length
0.62038069    0.0029703661

BBB second bond length
0.62061498    0.002940565 

BBB <phi**2>/<phi>**2
1.2290097     0.01139541  

Time = 27000
Temperature
1.0115785     0.010046773 

Pressure
23.506717     0.10822504  

CM Mom
-3.2644205e-17 1.0603388e-17 
-2.866874e-17  3.1017029e-17 
1.0584864e-16  1.5371111e-17 
1.187012e-16   1.7670898e-17 

CM Pos
7.4984772      0.010916177   
7.5087091      0.016670124   
7.4997619      0.011327059   
12.994408      0.014046785   

Stress
20.4345      0.0203291    -0.0128266    0.139048     0.0682674    0.0690345   
0.0203291    20.5033      0.024364      0.0682674    0.108937     0.10149     
-0.0128266   0.024364     20.4826       0.0690345    0.10149      0.109969    

Stress Spherical
0            0            0             0            0            0           
0            0            0             0            0            0           
0            0            0             0            0            0           

Inertia
150.13       -56.2639     -56.2481      0.230379     0.179203     0.127987    
-56.2639     149.984      -56.3228      0.179203     0.209193     0.151879    
-56.2481     -56.3228     150.106       0.127987     0.151879     0.342293    

Bond Length
0.61943646    0.001833577 

BB bond length
0.61943646    0.001833577 

Water EE distance
0             0           

PEG EE distance
7.5542354     0.25646782  

BBB P2(x)
0.52196678    0.017448245 

BBB first bond length
0.6197026     0.0014701923

BBB second bond length
0.6194729     0.0020183717

BBB <phi**2>/<phi>**2
1.2303416     0.013012048 

Time = 28000
Temperature
1.0093047     0.0070216603

Pressure
23.47411      0.08422538  

CM Mom
-4.693956e-17  1.9792369e-17 
1.5095248e-17  3.1198978e-17 
8.5352509e-17  2.1387541e-17 
1.0497179e-16  2.2797025e-17 

CM Pos
7.5032202      0.0097915877  
7.5027802      0.01049026    
7.4948706      0.018784387   
12.990897      0.016284964   

Stress
20.4722      0.0111498    0.0176949     0.13261      0.0413114    0.0530663   
0.0111498    20.4859      0.0230337     0.0413114    0.0749426    0.0738818   
0.0176949    0.0230337    20.385        0.0530663    0.0738818    0.107605    

Stress Spherical
0            0            0             0            0            0           
