Time = 1000
Temperature
   1.1738274    0.27237087

Pressure
   23.887702     1.2007794

CM Mom
5.1891574e-18  2.6252885e-17 
1.6330051e-17  2.0725866e-17 
-1.0933701e-16 2.25422e-16   
1.5878872e-16  1.9740358e-16 

CM Pos
7.499447       0.025657348   
7.4892012      0.010858545   
7.4965878      0.01755685    
12.981884      0.020744808   

Stress
20.3896      -0.0350687   0.000736912   0.409762     0.0782633    0.10784     
-0.0350687   20.3438      -0.0125519    0.0782633    0.432076     0.0863556   
0.000736912  -0.0125519   20.3684       0.10784      0.0863556    0.392507    

Stress Spherical
0            0            0             0            0            0           
0            0            0             0            0            0           
0            0            0             0            0            0           

Inertia
149.968      -56.2244     -56.2357      1.55359      0.240554     0.242658    
-56.2244     150.125      -56.1278      0.240554     1.31274      0.154595    
-56.2357     -56.1278     150.023       0.242658     0.154595     1.20927     

Bond Length
0.62034873    0.0093590415

BB bond length
0.62034873    0.0093590415

Water EE distance
0             0           

PEG EE distance
6.9306564     0.15175022  

BBB P2(x)
0.46947633    0.061340639 

BBB first bond length
0.62045078    0.009504274 

BBB second bond length
0.62016365    0.009345111 

BBB <phi**2>/<phi>**2
1.2175126     0.012459975 

Time = 2000
Temperature
1.0121578     0.013848179 

Pressure
23.055816     0.10756953  

CM Mom
3.9418977e-17  2.2630534e-17 
7.6005636e-18  2.113325e-17  
-6.8070535e-17 4.9746794e-17 
8.894651e-17   4.2038546e-17 

CM Pos
7.5055229      0.0066422451  
7.4992783      0.0136795     
7.4973288      0.018378803   
12.991624      0.015931779   

Stress
20.0253      0.0253268    0.0379142     0.14075      0.0502353    0.071759    
0.0253268    20.0222      0.00410672    0.0502353    0.112973     0.063003    
0.0379142    0.00410672   20.0132       0.071759     0.063003     0.127907    

Stress Spherical
0            0            0             0            0            0           
0            0            0             0            0            0           
0            0            0             0            0            0           

Inertia
149.858      -56.2949     -56.2727      0.265179     0.111286     0.193683    
-56.2949     149.938      -56.2542      0.111286     0.285579     0.181907    
-56.2727     -56.2542     149.981       0.193683     0.181907     0.167008    

Bond Length
0.6172321     0.0013184913

BB bond length
0.6172321     0.0013184913

Water EE distance
0             0           

PEG EE distance
7.0790967     0.16085257  

BBB P2(x)
0.5138924     0.0074552146

BBB first bond length
0.61739378    0.0014230568

BBB second bond length
0.61718202    0.0013074566

BBB <phi**2>/<phi>**2
1.2295672     0.0060884558

