Time = 500
Temperature
   1.0383012   0.036349626

Pressure
    22.39207    0.13475049

CM Mom
-9.7761732e-17 1.0037502e-17 
2.9309866e-17  2.3586137e-17 
9.3213526e-18  4.6685674e-17 
1.1492317e-16  1.1514661e-17 

CM Pos
7.5086839      0.014872429   
7.4929552      0.015395242   
7.4983076      0.0043374399  
12.990373      0.0032955348  

Stress
19.2833      -0.00888418  -0.00257313   0.0880545    0.113835     0.0800517   
-0.00888418  19.2538      0.0242938     0.113835     0.142578     0.0712888   
-0.00257313  0.0242938    19.3009       0.0800517    0.0712888    0.150096    

Stress Spherical
0            0            0             0            0            0           
0            0            0             0            0            0           
0            0            0             0            0            0           

Inertia
149.326      -56.26       -56.3903      0.107028     0.127926     0.178759    
-56.26       149.581      -56.1524      0.127926     0.485726     0.124199    
-56.3903     -56.1524     149.347       0.178759     0.124199     0.0582252   

Bond Length
0.61415468    0.0040755736

BB bond length
0.61415468    0.0040755736

Water EE distance
0             0           

PEG EE distance
3.654539      0.31649999  

Time = 1000
Temperature
1.0109244     0.0059624278

Pressure
22.298602     0.1076011   

CM Mom
-8.8019574e-17 2.2904309e-17 
2.5667049e-17  2.4120288e-17 
-2.0379143e-17 2.9461423e-17 
1.0085187e-16  2.4996462e-17 

CM Pos
7.5104629      0.013639059   
7.5092627      0.0085729387  
7.5030516      0.013146748   
13.003545      0.01035906    

Stress
19.2858      -0.0184666   -0.0389583    0.107566     0.0442363    0.079519    
-0.0184666   19.2648      0.00212774    0.0442363    0.142707     0.0598215   
-0.0389583   0.00212774   19.2532       0.079519     0.0598215    0.144804    

Stress Spherical
0            0            0             0            0            0           
0            0            0             0            0            0           
0            0            0             0            0            0           

Inertia
149.775      -56.389      -56.3926      0.270414     0.173821     0.0930808   
-56.389      149.767      -56.3599      0.173821     0.23888      0.103186    
-56.3926     -56.3599     149.792       0.0930808    0.103186     0.295578    

Bond Length
0.61330809    0.0019188425

BB bond length
0.61330809    0.0019188425

Water EE distance
0             0           

PEG EE distance
3.5615791     0.19398936  

