Time = 1000
Temperature
   1.0989056    0.12658033

Pressure
   23.835986    0.65891893

CM Mom
-7.9280685e-18 3.2010271e-17 
5.0802494e-18  1.7603558e-17 
7.7954747e-18  1.7245472e-16 
1.3628312e-16  1.1247896e-16 

CM Pos
7.5076693      0.019131872   
7.5048771      0.034100748   
7.5044393      0.02006491    
13.000254      0.014308388   

Stress
20.552       -0.0355477   0.0407568     0.300147     0.118175     0.0704681   
-0.0355477   20.532       -0.0174996    0.118175     0.295774     0.0547548   
0.0407568    -0.0174996   20.5377       0.0704681    0.0547548    0.349499    

Stress Spherical
0            0            0             0            0            0           
0            0            0             0            0            0           
0            0            0             0            0            0           

Inertia
150.23       -56.3321     -56.3586      0.890287     0.260005     0.24466     
-56.3321     150.271      -56.3484      0.260005     1.37772      0.242187    
-56.3586     -56.3484     150.288       0.24466      0.242187     0.837274    

Bond Length
0.61778015    0.0062528489

BB bond length
0.61778015    0.0062528489

Water EE distance
0             0           

PEG EE distance
6.958489      0.15786322  

BBB P2(x)
0.47712055    0.068741593 

BBB first bond length
0.61758875    0.0065470641

BBB second bond length
0.61775921    0.0059947248

BBB <phi**2>/<phi>**2
1.22074       0.019002384 

Time = 2000
Temperature
1.0133239     0.0096081383

Pressure
23.340232     0.061763108 

CM Mom
1.1494938e-17  1.6792427e-17 
-3.5449308e-18 1.5842107e-17 
-5.5319871e-17 5.5560607e-17 
6.7906557e-17  4.7049196e-17 

CM Pos
7.4964056      0.01377605    
7.5029504      0.01966184    
7.5042911      0.014713574   
12.992513      0.011846801   

Stress
20.3025      -0.00814078  -0.0332382    0.0921675    0.0886132    0.075758    
-0.00814078  20.3037      -0.00191036   0.0886132    0.0868878    0.0505501   
-0.0332382   -0.00191036  20.2981       0.075758     0.0505501    0.079902    

Stress Spherical
0            0            0             0            0            0           
0            0            0             0            0            0           
0            0            0             0            0            0           

Inertia
149.989      -56.226      -56.2553      0.345161     0.163452     0.172194    
-56.226      149.906      -56.3188      0.163452     0.611065     0.171889    
-56.2553     -56.3188     149.879       0.172194     0.171889     0.344018    

Bond Length
0.61984584    0.0012997996

BB bond length
0.61984584    0.0012997996

Water EE distance
0             0           

PEG EE distance
7.075823      0.09918682  

BBB P2(x)
0.5155622     0.01165342  

BBB first bond length
0.62001499    0.0013137585

BBB second bond length
0.61973831    0.00161145  

BBB <phi**2>/<phi>**2
1.2239985     0.011226888 

