Time = 1000
Temperature
   1.0623476   0.083321465

Pressure
   23.584027    0.41509479

CM Mom
1.0709787e-17  2.6284564e-17 
-3.857148e-17  2.3013436e-17 
-4.0497408e-17 1.8412436e-16 
1.5145004e-16  1.2420814e-16 

CM Pos
7.5001996      0.016112541   
7.5001612      0.012624393   
7.5022868      0.017327158   
12.991929      0.014781641   

Stress
20.4236      -0.0294189   0.0220709     0.211045     0.044855     0.0651922   
-0.0294189   20.4034      -0.00434755   0.044855     0.205552     0.0704349   
0.0220709    -0.00434755  20.3913       0.0651922    0.0704349    0.193504    

Stress Spherical
0            0            0             0            0            0           
0            0            0             0            0            0           
0            0            0             0            0            0           

Inertia
150.082      -56.2696     -56.2797      0.782795     0.218883     0.192479    
-56.2696     150.076      -56.2917      0.218883     0.544581     0.133775    
-56.2797     -56.2917     150.069       0.192479     0.133775     0.856305    

Bond Length
0.61877959    0.0048501586

BB bond length
0.61877959    0.0048501586

Water EE distance
0             0           

PEG EE distance
6.5056408     0.15735422  

BBB P2(x)
0.47541128    0.058149268 

BBB first bond length
0.61881964    0.0052358349

BBB second bond length
0.61852176    0.0045140367

BBB <phi**2>/<phi>**2
1.22385       0.015970379 

Time = 2000
Temperature
1.0123769     0.0060599682

Pressure
23.336452     0.069996613 

CM Mom
8.8468148e-19  1.4351717e-17 
-2.9639029e-17 1.7568451e-17 
3.6565002e-17  2.5001811e-17 
5.4428182e-17  1.9837838e-17 

CM Pos
7.4984167      0.014036086   
7.5004584      0.011770188   
7.5045154      0.014138721   
12.992354      0.012772993   

Stress
20.3318      0.013574     0.00411071    0.108484     0.0646745    0.073728    
0.013574     20.2946      -0.00278413   0.0646745    0.111002     0.0693399   
0.00411071   -0.00278413  20.2977       0.073728     0.0693399    0.0723845   

Stress Spherical
0            0            0             0            0            0           
0            0            0             0            0            0           
0            0            0             0            0            0           

Inertia
149.962      -56.2241     -56.2692      0.251898     0.130837     0.136821    
-56.2241     149.94       -56.3058      0.130837     0.312692     0.162826    
-56.2692     -56.3058     149.857       0.136821     0.162826     0.375694    

Bond Length
0.61846631    0.0029672477

BB bond length
0.61846631    0.0029672477

Water EE distance
0             0           

PEG EE distance
6.6172862     0.1214955   

BBB P2(x)
0.51087231    0.010302298 

BBB first bond length
0.61846012    0.0030539103

BBB second bond length
0.61837033    0.0031646698

BBB <phi**2>/<phi>**2
1.2269057     0.010909958 

