Time = 500
Temperature
   1.0423265   0.052221957

Pressure
   20.715536    0.14416626

CM Mom
-3.7883849e-17 7.8880624e-18 
-4.3070417e-18 2.2226606e-17 
1.5021117e-17  3.4309274e-17 
5.6766758e-17  1.3794038e-17 

CM Pos
7.5348971      0.013897781   
7.4998999      0.055758733   
7.5359055      0.016836627   
13.031323      0.03531701    

Stress
17.6395      -0.0205864   -0.0137647    0.07124      0.0456308    0.0702896   
-0.0205864   17.5152      0.0343993     0.0456308    0.120118     0.0474808   
-0.0137647   0.0343993    17.6239       0.0702896    0.0474808    0.0842055   

Stress Spherical
0            0            0             0            0            0           
0            0            0             0            0            0           
0            0            0             0            0            0           

Inertia
149.611      -56.5051     -56.6437      0.420954     0.535575     0.142887    
-56.5051     150.017      -56.5566      0.535575     0.223138     0.387636    
-56.6437     -56.5566     149.495       0.142887     0.387636     0.881943    

Bond Length
0.61225181    0.0028384954

BB bond length
0.61225181    0.0028384954

Water EE distance
0             0           

PEG EE distance
3.865524      0.11421149  

Time = 1000
Temperature
1.0090513     0.0065418852

Pressure
20.583604     0.07025325  

CM Mom
-6.5196917e-17 1.5576593e-17 
7.4902446e-18  2.9631402e-17 
1.8985571e-17  1.68603e-17   
7.6421553e-17  1.5226942e-17 

CM Pos
7.5138309      0.022314227   
7.5191858      0.034545615   
7.5181031      0.021126674   
13.019949      0.027501888   

Stress
17.5033      -0.0197342   0.0501991     0.0903311    0.0483263    0.0614991   
-0.0197342   17.6395      -0.00554086   0.0483263    0.0676168    0.0332681   
0.0501991    -0.00554086  17.5392       0.0614991    0.0332681    0.149172    

Stress Spherical
0            0            0             0            0            0           
0            0            0             0            0            0           
0            0            0             0            0            0           

Inertia
149.866      -56.5043     -56.3598      0.351939     0.427219     0.113239    
-56.5043     149.762      -56.5952      0.427219     0.181842     0.237111    
-56.3598     -56.5952     149.687       0.113239     0.237111     0.785948    

Bond Length
0.61237291    0.0012215328

BB bond length
0.61237291    0.0012215328

Water EE distance
0             0           

PEG EE distance
3.5264215     0.076027635 

