Time = 1000
Temperature
   1.0388828   0.051998581

Pressure
   23.592604    0.22085857

CM Mom
-1.4022633e-16 1.9468008e-17 
2.6997857e-18  1.4853159e-17 
1.1781157e-17  7.0548253e-17 
1.5830816e-16  1.8019749e-17 

CM Pos
7.5032344      0.01463964    
7.502556       0.02293185    
7.5034727      0.020801166   
12.995763      0.016818999   

Stress
20.5167      0.0233174    0.0160062     0.0911967    0.0641931    0.0677221   
0.0233174    20.4499      0.0118938     0.0641931    0.108202     0.0412296   
0.0160062    0.0118938    20.4751       0.0677221    0.0412296    0.164342    

Stress Spherical
0            0            0             0            0            0           
0            0            0             0            0            0           
0            0            0             0            0            0           

Inertia
150.083      -56.3005     -56.3239      0.746604     0.22832      0.13438     
-56.3005     150.12       -56.2762      0.22832      0.657203     0.197651    
-56.3239     -56.2762     150.095       0.13438      0.197651     0.982001    

Bond Length
0.61846493    0.0027770541

BB bond length
0.61846493    0.0027770541

Water EE distance
0             0           

PEG EE distance
5.8514804     0.31481101  

BBB P2(x)
0.47325234    0.057712827 

BBB first bond length
0.61867225    0.0026419902

BBB second bond length
0.61853093    0.0025877031

BBB <phi**2>/<phi>**2
1.224431      0.01159013  

Time = 2000
Temperature
1.011327      0.010820688 

Pressure
23.474266     0.12379733  

CM Mom
-1.5723424e-16 1.3785241e-17 
-2.2457033e-18 1.6389837e-17 
3.0016653e-17  2.0022582e-17 
1.6223781e-16  1.2926952e-17 

CM Pos
7.4993768      0.0084504634  
7.4945441      0.0085810052  
7.5013955      0.013333319   
12.987687      0.0090535859  

Stress
20.4672      -0.0340113   0.0437382     0.105933     0.0759872    0.0430004   
-0.0340113   20.4489      0.0249793     0.0759872    0.124691     0.0799923   
0.0437382    0.0249793    20.4183       0.0430004    0.0799923    0.146253    

Stress Spherical
0            0            0             0            0            0           
0            0            0             0            0            0           
0            0            0             0            0            0           

Inertia
149.89       -56.2518     -56.3038      0.239143     0.0871745    0.151803    
-56.2518     149.943      -56.2139      0.0871745    0.262435     0.128382    
-56.3038     -56.2139     149.855       0.151803     0.128382     0.232502    

Bond Length
0.61931599    0.0026764898

BB bond length
0.61931599    0.0026764898

Water EE distance
0             0           

PEG EE distance
6.6345801     0.18814858  

BBB P2(x)
0.50807849    0.015561457 

BBB first bond length
0.61925257    0.002489039 

BBB second bond length
0.61933071    0.0024054966

BBB <phi**2>/<phi>**2
1.2264713     0.0094160924

Time = 3000
Temperature
1.0093173     0.0096909688

Pressure
23.444644     0.11441564  

CM Mom
-1.8615673e-16 1.0864303e-17 
-1.8219572e-18 1.8386376e-17 
3.3306965e-17  1.3845732e-17 
1.9051664e-16  1.0872322e-17 

CM Pos
7.4927003      0.011577455   
7.5022593      0.0077960265  
7.5000602      0.015020378   
12.987521      0.0089350852  

Stress
20.4691      -0.028387    0.0363373     0.104749     0.0861481    0.0890607   
-0.028387    20.4015      0.0095241     0.0861481    0.129175     0.0646993   
0.0363373    0.0095241    20.3929       0.0890607    0.0646993    0.136398    

Stress Spherical
0            0            0             0            0            0           
0            0            0             0            0            0           
0            0            0             0            0            0           

Inertia
149.989      -56.1883     -56.2387      0.229902     0.128243     0.15637     
-56.1883     149.834      -56.2923      0.128243     0.225113     0.164062    
-56.2387     -56.2923     149.869       0.15637      0.164062     0.244353    

Bond Length
0.61923498    0.0046842861

BB bond length
0.61923498    0.0046842861

Water EE distance
0             0           

PEG EE distance
6.5522171     0.15388353  

BBB P2(x)
0.52157872    0.018483463 

BBB first bond length
0.61890961    0.0052209893

BBB second bond length
0.61942659    0.0041577194

BBB <phi**2>/<phi>**2
1.2256272     0.021010938 

Time = 4000
Temperature
1.0086364     0.011235285 

Pressure
23.522294     0.061557743 

CM Mom
-1.9047326e-16 2.3021906e-17 
-1.0003812e-17 1.9138243e-17 
1.9776328e-17  1.5563863e-17 
1.9343124e-16  2.2228582e-17 

CM Pos
7.4992285      0.016604621   
7.4984017      0.010137994   
7.5034727      0.0184931     
12.991043      0.0087914333  

Stress
20.4784      -0.0351517   -0.0187316    0.0827558    0.0487444    0.0690498   
-0.0351517   20.5183      0.0121821     0.0487444    0.0779102    0.07665     
-0.0187316   0.0121821    20.5059       0.0690498    0.07665      0.0453633   

Stress Spherical
0            0            0             0            0            0           
0            0            0             0            0            0           
0            0            0             0            0            0           

Inertia
150.004      -56.2267     -56.2749      0.218671     0.222113     0.146994    
-56.2267     150.007      -56.2387      0.222113     0.252969     0.13609     
-56.2749     -56.2387     149.936       0.146994     0.13609      0.374372    

Bond Length
0.61996686    0.0028273568

BB bond length
0.61996686    0.0028273568

Water EE distance
0             0           

PEG EE distance
6.7479799     0.14907968  

BBB P2(x)
0.52357384    0.015016699 

BBB first bond length
0.61984989    0.0025032794

BBB second bond length
0.62000447    0.0027236851

BBB <phi**2>/<phi>**2
1.2246526     0.01333246  

Time = 5000
Temperature
1.0109337     0.0041640045

Pressure
23.487033     0.098626935 

CM Mom
-1.5797741e-16 1.0244289e-17 
-1.4528163e-17 2.9708832e-17 
2.7093121e-17  2.8911505e-17 
1.6606864e-16  1.2108174e-17 

CM Pos
7.5035312      0.01232794    
7.4964729      0.011079024   
7.4994667      0.01452567    
12.990093      0.0079546205  

Stress
20.4494      -0.0360827   -0.00974833   0.141093     0.0706907    0.0681005   
-0.0360827   20.4946      -0.0272508    0.0706907    0.0950527    0.0766561   
-0.00974833  -0.0272508   20.4322       0.0681005    0.0766561    0.0997099   

Stress Spherical
0            0            0             0            0            0           
0            0            0             0            0            0           
0            0            0             0            0            0           

Inertia
149.919      -56.2128     -56.2781      0.2122       0.119508     0.14521     
-56.2128     150.014      -56.2097      0.119508     0.295082     0.145879    
-56.2781     -56.2097     149.978       0.14521      0.145879     0.152574    

Bond Length
0.62007297    0.003610808 

BB bond length
0.62007297    0.003610808 

Water EE distance
0             0           

PEG EE distance
6.9139098     0.17030436  

BBB P2(x)
0.51340038    0.021175308 

BBB first bond length
0.61999179    0.0038789594

BBB second bond length
0.62015863    0.0034400839

BBB <phi**2>/<phi>**2
1.2196682     0.0075221057

Time = 6000
Temperature
1.0111544     0.011356525 

Pressure
23.467415     0.067553865 

CM Mom
-1.6056434e-16 1.3661457e-17 
-2.5921676e-18 1.104163e-17  
2.2228002e-17  2.3813996e-17 
1.6402931e-16  1.5866856e-17 

CM Pos
7.5027893      0.0136216     
7.4989952      0.011535549   
7.5003569      0.0092524996  
12.991629      0.010292744   

Stress
20.4621      -0.00796436  0.00722972    0.0997219    0.0415855    0.0678508   
-0.00796436  20.4093      -0.0223853    0.0415855    0.112972     0.0692029   
0.00722972   -0.0223853   20.4439       0.0678508    0.0692029    0.0850931   

Stress Spherical
0            0            0             0            0            0           
0            0            0             0            0            0           
0            0            0             0            0            0           

Inertia
149.984      -56.2433     -56.2655      0.26038      0.15569      0.117367    
-56.2433     150.019      -56.2077      0.15569      0.194703     0.095952    
-56.2655     -56.2077     149.985       0.117367     0.095952     0.236839    

Bond Length
0.61897101    0.0025260107

BB bond length
0.61897101    0.0025260107

Water EE distance
0             0           

PEG EE distance
7.1918245     0.11861563  

BBB P2(x)
0.51181014    0.012112958 

BBB first bond length
0.61890425    0.0025050073

BBB second bond length
0.61913247    0.0024068687

BBB <phi**2>/<phi>**2
1.2313041     0.01288128  

Time = 7000
Temperature
1.0075388     0.0095626538

Pressure
23.441893     0.084722216 

CM Mom
-1.8866242e-16 2.9027549e-17 
-8.8845296e-18 1.460441e-17  
1.7232616e-17  2.1155786e-17 
1.9141605e-16  2.8857478e-17 

CM Pos
7.5056083      0.011622051   
7.496918       0.012788078   
7.4990216      0.016651618   
12.991296      0.0076818291  

Stress
20.4666      -0.0109931   -0.00315351   0.0879047    0.0727157    0.0765597   
-0.0109931   20.4204      -0.00340123   0.0727157    0.115985     0.0378954   
-0.00315351  -0.00340123  20.3843       0.0765597    0.0378954    0.0610115   

Stress Spherical
0            0            0             0            0            0           
0            0            0             0            0            0           
0            0            0             0            0            0           

Inertia
149.925      -56.2764     -56.3021      0.250986     0.10242      0.18211     
-56.2764     150.054      -56.2362      0.10242      0.216929     0.108593    
-56.3021     -56.2362     150.022       0.18211      0.108593     0.249487    

Bond Length
0.6199381     0.0022216247

BB bond length
0.6199381     0.0022216247

Water EE distance
0             0           

PEG EE distance
7.678012      0.32117344  

BBB P2(x)
0.52250498    0.012307739 

BBB first bond length
0.6198628     0.0023121195

BBB second bond length
0.61993568    0.002384114 

BBB <phi**2>/<phi>**2
1.2317252     0.01671041  

Time = 8000
Temperature
1.0068666     0.0099155185

Pressure
23.506214     0.081090825 

CM Mom
-1.8193876e-16 1.5772645e-17 
-2.2209402e-17 1.2536096e-17 
-1.6539138e-17 1.8707253e-17 
1.8538227e-16  1.605674e-17  

CM Pos
7.5056083      0.012896922   
7.4966213      0.0096712691  
7.5031759      0.011998556   
12.993513      0.012344967   

Stress
20.5051      0.00997769   -0.019404     0.0968891    0.07549      0.0631844   
0.00997769   20.4609      -0.0237983    0.07549      0.141279     0.0791617   
-0.019404    -0.0237983   20.5043       0.0631844    0.0791617    0.106004    

Stress Spherical
0            0            0             0            0            0           
0            0            0             0            0            0           
0            0            0             0            0            0           

Inertia
149.99       -56.2404     -56.2914      0.177033     0.174192     0.152284    
-56.2404     150.105      -56.2311      0.174192     0.270168     0.087003    
-56.2914     -56.2311     150.018       0.152284     0.087003     0.274363    

Bond Length
0.6191796     0.0030614896

BB bond length
0.6191796     0.0030614896

Water EE distance
0             0           

PEG EE distance
7.4270613     0.26705144  

BBB P2(x)
0.51641553    0.018297831 

BBB first bond length
0.61966571    0.0033923853

BBB second bond length
0.61923186    0.0032792613

BBB <phi**2>/<phi>**2
1.2297153     0.014757124 

Time = 9000
Temperature
1.0089964     0.0052675515

Pressure
23.476318     0.10044697  

CM Mom
-1.7454386e-16 2.2114236e-17 
-3.1394548e-18 2.188399e-17  
-4.1404812e-17 1.4571678e-17 
1.8126013e-16  2.2689685e-17 

CM Pos
7.4962611      0.01452567    
7.4985501      0.016558821   
7.5058466      0.015976962   
12.990775      0.020526358   

Stress
20.4776      -0.0137293   -0.0112456    0.130251     0.0562259    0.0775736   
-0.0137293   20.4088      0.000624801   0.0562259    0.161051     0.0588444   
-0.0112456   0.000624801  20.475        0.0775736    0.0588444    0.124804    

Stress Spherical
0            0            0             0            0            0           
0            0            0             0            0            0           
0            0            0             0            0            0           

Inertia
150.06       -56.2251     -56.2841      0.458776     0.155762     0.160242    
-56.2251     150.022      -56.2464      0.155762     0.320118     0.251904    
-56.2841     -56.2464     149.919       0.160242     0.251904     0.388433    

Bond Length
0.62079352    0.0060578057

BB bond length
0.62079352    0.0060578057

Water EE distance
0             0           

PEG EE distance
7.9030535     0.35062238  

BBB P2(x)
0.50725492    0.017854512 

BBB first bond length
0.62098017    0.0062422746

BBB second bond length
0.62110897    0.0059884019

BBB <phi**2>/<phi>**2
1.2302775     0.01836244  

Time = 10000
Temperature
1.0162801     0.006095451 

Pressure
23.582554     0.080671743 

CM Mom
-1.5024854e-16 2.8991395e-17 
1.6612165e-18  2.0487846e-17 
-5.7655825e-17 1.1688973e-17 
1.6344608e-16  2.4162755e-17 

CM Pos
7.4993768      0.012166172   
7.4984017      0.012492018   
7.5070335      0.014898979   
12.993172      0.015182094   

Stress
20.5197      -0.00614794  0.0215544     0.0905593    0.101187     0.0498742   
-0.00614794  20.5063      0.0131535     0.101187     0.120868     0.0588408   
0.0215544    0.0131535    20.5887       0.0498742    0.0588408    0.14073     

Stress Spherical
0            0            0             0            0            0           
0            0            0             0            0            0           
0            0            0             0            0            0           

Inertia
150.065      -56.2292     -56.2931      0.295687     0.167195     0.144419    
-56.2292     150.069      -56.3073      0.167195     0.290835     0.184322    
-56.2931     -56.3073     149.951       0.144419     0.184322     0.255729    

Bond Length
0.61887542    0.0030724977

BB bond length
0.61887542    0.0030724977

Water EE distance
0             0           

PEG EE distance
7.7604228     0.18584356  

BBB P2(x)
0.52759673    0.014455651 

BBB first bond length
0.61900638    0.0032495965

BBB second bond length
0.61884396    0.003122038 

BBB <phi**2>/<phi>**2
1.2237137     0.0099400047

Time = 11000
Temperature
1.0100746     0.0062616836

Pressure
23.501405     0.085136226 

CM Mom
-1.410999e-16  2.0742349e-17 
-3.8308734e-18 1.6024812e-17 
-5.7798172e-17 1.2838518e-17 
1.5410265e-16  1.9202274e-17 

CM Pos
7.5024926      0.0068971153  
7.5077489      0.016577422   
7.5042145      0.0088038598  
12.998736      0.013643056   

Stress
20.481       -0.00750138  0.0362509     0.111036     0.0469109    0.0598353   
-0.00750138  20.4619      -0.018509     0.0469109    0.0907321    0.0905321   
0.0362509    -0.018509    20.4841       0.0598353    0.0905321    0.160033    

Stress Spherical
0            0            0             0            0            0           
0            0            0             0            0            0           
0            0            0             0            0            0           

Inertia
150.195      -56.3193     -56.3228      0.282774     0.113481     0.1245      
-56.3193     150.092      -56.3565      0.113481     0.193179     0.147314    
-56.3228     -56.3565     150.167       0.1245       0.147314     0.312543    

Bond Length
0.6224354     0.0037073692

BB bond length
0.6224354     0.0037073692

Water EE distance
0             0           

PEG EE distance
7.5601302     0.1066584   

BBB P2(x)
0.51646812    0.013403701 

BBB first bond length
0.62262911    0.0035697876

BBB second bond length
0.62227478    0.0038502933

BBB <phi**2>/<phi>**2
1.2240443     0.015752097 

Time = 12000
Temperature
1.0090329     0.0053369963

Pressure
23.466717     0.063033481 

CM Mom
-1.6351054e-16 1.7588042e-17 
-2.1831092e-18 2.2051065e-17 
-3.7350467e-17 1.4180716e-17 
1.7012812e-16  1.3734007e-17 

CM Pos
7.4967062      0.017998445   
7.4988468      0.012680036   
7.4984282      0.0098147391  
12.986921      0.01398531    

Stress
20.4393      0.0160152    -0.0319747    0.0742632    0.0640075    0.0886062   
0.0160152    20.4375      -0.00626907   0.0640075    0.105084     0.0543536   
-0.0319747   -0.00626907  20.4556       0.0886062    0.0543536    0.121646    

Stress Spherical
0            0            0             0            0            0           
0            0            0             0            0            0           
0            0            0             0            0            0           

Inertia
149.942      -56.2062     -56.213       0.146584     0.169938     0.204741    
-56.2062     149.931      -56.2046      0.169938     0.335607     0.0831835   
-56.213      -56.2046     149.925       0.204741     0.0831835    0.265382    

Bond Length
0.61832444    0.0024199784

BB bond length
0.61832444    0.0024199784

Water EE distance
0             0           

PEG EE distance
7.2752413     0.23286287  

BBB P2(x)
0.52236795    0.013812038 

BBB first bond length
0.61831007    0.0026067188

BBB second bond length
0.61808961    0.002515163 

BBB <phi**2>/<phi>**2
1.2262029     0.014876461 

Time = 13000
Temperature
1.0108334     0.0086897735

Pressure
23.466742     0.13729439  

CM Mom
-1.6194925e-16 2.3956361e-17 
1.9777563e-18  2.0360232e-17 
-3.1407452e-17 1.6565541e-17 
1.6713042e-16  2.3413369e-17 

CM Pos
7.5002671      0.012655708   
7.4992919      0.014400866   
7.4982798      0.013517778   
12.989146      0.014834133   

Stress
20.4282      -0.00232702  0.0199117     0.113825     0.0602302    0.0899376   
-0.00232702  20.4352      0.00250542    0.0602302    0.142276     0.0528354   
0.0199117    0.00250542   20.4529       0.0899376    0.0528354    0.134888    

Stress Spherical
0            0            0             0            0            0           
0            0            0             0            0            0           
0            0            0             0            0            0           

Inertia
149.935      -56.2283     -56.2312      0.339856     0.135407     0.13469     
-56.2283     149.944      -56.232       0.135407     0.244216     0.17803     
-56.2312     -56.232      149.968       0.13469      0.17803      0.259626    

Bond Length
0.61686092    0.0034535189

BB bond length
0.61686092    0.0034535189

Water EE distance
0             0           

PEG EE distance
6.6865194     0.19324589  

BBB P2(x)
0.51657304    0.016692379 

BBB first bond length
0.6167887     0.0034817962

BBB second bond length
0.61719094    0.0037034646

BBB <phi**2>/<phi>**2
1.2203128     0.0099929751

Time = 14000
Temperature
1.008624      0.004765532 

Pressure
23.469039     0.05397086  

CM Mom
-1.4430209e-16 1.9947023e-17 
1.2750544e-17  2.3643467e-17 
-2.7882343e-17 1.8040165e-17 
1.5029242e-16  2.1392208e-17 

CM Pos
7.5039763      0.015758465   
7.5052266      0.015043808   
7.5059949      0.010331567   
12.99917       0.014304587   

Stress
20.4222      0.0202442    -0.0127047    0.102428     0.0769611    0.0420166   
0.0202442    20.4816      -0.00399549   0.0769611    0.0591297    0.0701363   
-0.0127047   -0.00399549  20.4392       0.0420166    0.0701363    0.0965449   

Stress Spherical
0            0            0             0            0            0           
0            0            0             0            0            0           
0            0            0             0            0            0           

Inertia
150.135      -56.3002     -56.3009      0.358264     0.152181     0.188778    
-56.3002     150.126      -56.3259      0.152181     0.319653     0.175485    
-56.3009     -56.3259     150.14        0.188778     0.175485     0.249945    

Bond Length
0.62328836    0.0021444749

BB bond length
0.62328836    0.0021444749

Water EE distance
0             0           

PEG EE distance
6.1661094     0.24600776  

BBB P2(x)
0.52131483    0.017694188 

BBB first bond length
0.6234543     0.0019598875

BBB second bond length
0.6228672     0.0024834376

BBB <phi**2>/<phi>**2
1.2222909     0.0153275   

Time = 15000
Temperature
1.0070547     0.0049248801

Pressure
23.486266     0.094505454 

CM Mom
-1.1740979e-16 1.787746e-17  
-9.3101974e-18 1.4096947e-17 
-5.0982682e-18 2.0597102e-17 
1.2059359e-16  1.7247741e-17 

CM Pos
7.4965579      0.0098650743  
7.5004789      0.01401665    
7.5015439      0.023631527   
12.989582      0.018499116   

Stress
20.5066      -0.018746    -0.00805956   0.0686158    0.0768284    0.0564258   
-0.018746    20.4582      -0.0219798    0.0768284    0.126005     0.0601882   
-0.00805956  -0.0219798   20.444        0.0564258    0.0601882    0.171855    

Stress Spherical
0            0            0             0            0            0           
0            0            0             0            0            0           
0            0            0             0            0            0           

Inertia
150          -56.2189     -56.2363      0.511709     0.112661     0.186327    
-56.2189     149.948      -56.2928      0.112661     0.392038     0.239178    
-56.2363     -56.2928     149.946       0.186327     0.239178     0.214272    

Bond Length
0.61794999    0.0030000595

BB bond length
0.61794999    0.0030000595

Water EE distance
0             0           

PEG EE distance
6.8248896     0.42898392  

BBB P2(x)
0.51035254    0.017311798 

BBB first bond length
0.6183134     0.0030440396

BBB second bond length
0.61782659    0.0028101304

BBB <phi**2>/<phi>**2
1.2247087     0.010376256 

Time = 16000
Temperature
1.0084381     0.0089948576

Pressure
23.493116     0.062450149 

CM Mom
-1.1186499e-16 1.8944737e-17 
-7.1546791e-18 1.5103396e-17 
-4.6203836e-17 1.565981e-17  
1.2329164e-16  1.8198272e-17 

CM Pos
7.507092       0.014789241   
7.5040397      0.014129273   
7.5051047      0.018013727   
12.999774      0.016225719   

Stress
20.4497      -0.0339341   -0.0074014    0.081155     0.0565338    0.0527742   
-0.0339341   20.4915      -0.0129765    0.0565338    0.134339     0.0703554   
-0.0074014   -0.0129765   20.4756       0.0527742    0.0703554    0.0590136   

Stress Spherical
0            0            0             0            0            0           
0            0            0             0            0            0           
0            0            0             0            0            0           

Inertia
150.126      -56.3336     -56.3928      0.33184      0.205042     0.178744    
-56.3336     150.177      -56.3352      0.205042     0.325019     0.147026    
-56.3928     -56.3352     150.154       0.178744     0.147026     0.264258    

Bond Length
0.62025223    0.0046880246

BB bond length
0.62025223    0.0046880246

Water EE distance
0             0           

PEG EE distance
6.9228369     0.16355012  

BBB P2(x)
0.51427576    0.015330277 

BBB first bond length
0.62006041    0.0046198548

BBB second bond length
0.62049826    0.0045885645

BBB <phi**2>/<phi>**2
1.226815      0.014585655 

Time = 17000
Temperature
1.0056606     0.006985114 

Pressure
23.447176     0.07029277  

CM Mom
-1.0548409e-16 9.1534594e-18 
-2.358867e-17  2.3114384e-17 
-1.6018344e-17 2.7379431e-17 
1.1497752e-16  9.3686044e-18 

CM Pos
7.5004154      0.01108399    
7.4957311      0.011004262   
7.4982798      0.013188067   
12.987177      0.008900066   

Stress
20.4379      -0.00207162  -0.0737443    0.13886      0.0656923    0.0773989   
-0.00207162  20.4374      0.00262028    0.0656923    0.104396     0.0794713   
-0.0737443   0.00262028   20.4287       0.0773989    0.0794713    0.115615    

Stress Spherical
0            0            0             0            0            0           
0            0            0             0            0            0           
0            0            0             0            0            0           

Inertia
149.885      -56.1902     -56.218       0.287604     0.135032     0.15785     
-56.1902     149.97       -56.1919      0.135032     0.222687     0.162985    
-56.218      -56.1919     149.925       0.15785      0.162985     0.226029    

Bond Length
0.61970169    0.0046340507

BB bond length
0.61970169    0.0046340507

Water EE distance
0             0           

PEG EE distance
6.6220399     0.1843452   

BBB P2(x)
0.51953906    0.014289163 

BBB first bond length
0.61974987    0.0046552298

BBB second bond length
0.61991187    0.0042635133

BBB <phi**2>/<phi>**2
1.2296342     0.014029116 

Time = 18000
Temperature
1.0100246     0.0067413217

Pressure
23.493235     0.08727208  

CM Mom
-1.2881847e-16 1.2723107e-17 
4.4157721e-18  2.8095721e-17 
-1.4866941e-17 1.6004547e-17 
1.3359387e-16  1.3956909e-17 

CM Pos
7.5045697      0.0089378608  
7.5010723      0.014299623   
7.4956092      0.0066169445  
12.991112      0.012519267   

Stress
20.4681      -0.0152197   0.014339      0.127277     0.0740607    0.0456632   
-0.0152197   20.4554      0.0328083     0.0740607    0.0669576    0.0648788   
0.014339     0.0328083    20.4794       0.0456632    0.0648788    0.15935     

Stress Spherical
0            0            0             0            0            0           
0            0            0             0            0            0           
0            0            0             0            0            0           

Inertia
149.934      -56.2775     -56.2778      0.263174     0.155598     0.145327    
-56.2775     149.999      -56.2644      0.155598     0.186349     0.106184    
-56.2778     -56.2644     150.081       0.145327     0.106184     0.334602    

Bond Length
0.61763195    0.0034710109

BB bond length
0.61763195    0.0034710109

Water EE distance
0             0           

PEG EE distance
7.0314876     0.32683563  

BBB P2(x)
0.51956766    0.016248439 

BBB first bond length
0.61734138    0.0035806652

BBB second bond length
0.61757466    0.0039161435

BBB <phi**2>/<phi>**2
1.2245427     0.010165364 

Time = 19000
Temperature
1.0085155     0.0063548309

Pressure
23.526218     0.025933104 

CM Mom
-1.1318537e-16 1.8950701e-17 
1.0115823e-17  1.5237327e-17 
-2.9018441e-18 1.4565076e-17 
1.1568982e-16  1.8465952e-17 

CM Pos
7.5007122      0.0074258123  
7.4970664      0.015127712   
7.4910098      0.016304281   
12.983922      0.01511828    

Stress
20.4706      -0.0146241   0.0240391     0.0731919    0.0526193    0.0558704   
-0.0146241   20.5163      -0.0257704    0.0526193    0.0643085    0.0665245   
0.0240391    -0.0257704   20.5286       0.0558704    0.0665245    0.0713261   

Stress Spherical
0            0            0             0            0            0           
0            0            0             0            0            0           
0            0            0             0            0            0           

Inertia
149.808      -56.2103     -56.196       0.3724       0.125001     0.165641    
-56.2103     149.889      -56.1422      0.125001     0.27702      0.258377    
-56.196      -56.1422     149.968       0.165641     0.258377     0.270034    

Bond Length
0.6194315     0.0031782857

BB bond length
0.6194315     0.0031782857

Water EE distance
0             0           

PEG EE distance
7.325777      0.14231384  

BBB P2(x)
0.52463531    0.016582958 

BBB first bond length
0.61924959    0.0030697682

BBB second bond length
0.61942851    0.0029164134

BBB <phi**2>/<phi>**2
1.226305      0.014233861 

Time = 20000
Temperature
1.0117366     0.0097899077

Pressure
23.457497     0.091999333 

CM Mom
-1.1573087e-16 1.1187831e-17 
3.4203943e-17  2.0378209e-17 
-1.6451836e-17 1.3583476e-17 
1.24097e-16    1.2613092e-17 

CM Pos
7.5072404      0.01115131    
7.499737       0.013549496   
7.4950157      0.022048995   
12.991561      0.010173275   

Stress
20.4099      -0.00238217  -0.00779866   0.0802239    0.0709466    0.0387053   
-0.00238217  20.3933      0.0317741     0.0709466    0.143223     0.104662    
-0.00779866  0.0317741    20.4771       0.0387053    0.104662     0.110567    

Stress Spherical
0            0            0             0            0            0           
0            0            0             0            0            0           
0            0            0             0            0            0           

Inertia
149.915      -56.299      -56.2686      0.336144     0.138756     0.149997    
-56.299      150.052      -56.1692      0.138756     0.275906     0.205142    
-56.2686     -56.1692     150.101       0.149997     0.205142     0.215094    

Bond Length
0.62121696    0.0035777881

BB bond length
0.62121696    0.0035777881

Water EE distance
0             0           

PEG EE distance
6.7615795     0.23903991  

BBB P2(x)
0.517929      0.019122315 

BBB first bond length
0.62126276    0.0034327496

BBB second bond length
0.62099307    0.0034859945

BBB <phi**2>/<phi>**2
1.22942       0.013472324 

Time = 21000
Temperature
1.0095023     0.0085260497

Pressure
23.440258     0.074620452 

CM Mom
-1.1672613e-16 2.4746544e-17 
2.0848253e-17  1.6190849e-17 
7.5793861e-18  1.2849092e-17 
1.2089955e-16  2.3238284e-17 

CM Pos
7.4990801      0.016430704   
7.5064136      0.020443037   
7.501989       0.012013224   
12.994726      0.014855776   

Stress
20.4155      0.0125952    0.00632094    0.069947     0.0648024    0.0688739   
0.0125952    20.4177      0.0313966     0.0648024    0.118157     0.0772555   
0.00632094   0.0313966    20.4155       0.0688739    0.0772555    0.0801312   

Stress Spherical
0            0            0             0            0            0           
0            0            0             0            0            0           
0            0            0             0            0            0           

Inertia
150.131      -56.2982     -56.2782      0.225563     0.220328     0.165826    
-56.2982     150.048      -56.2759      0.220328     0.332605     0.153252    
-56.2782     -56.2759     150.082       0.165826     0.153252     0.427694    

Bond Length
0.62122695    0.0047003244

BB bond length
0.62122695    0.0047003244

Water EE distance
0             0           

PEG EE distance
7.1996809     0.2773043   

BBB P2(x)
0.50177624    0.026554464 

BBB first bond length
0.62099739    0.0047668812

BBB second bond length
0.62101307    0.0046821116

BBB <phi**2>/<phi>**2
1.2236595     0.01460989  

Time = 22000
Temperature
1.0081687     0.0048331207

Pressure
23.490648     0.073507348 

CM Mom
-1.1294405e-16 2.4400226e-17 
5.1741774e-18  2.5231567e-17 
1.8311405e-17  1.5014561e-17 
1.1816234e-16  2.4769738e-17 

CM Pos
7.4995252      0.0090260897  
7.5068587      0.017776933   
7.4942739      0.013353116   
12.990776      0.016529591   

Stress
20.4533      -0.0210568   -0.0134995    0.112307     0.0719136    0.0652606   
-0.0210568   20.4302      -0.00558806   0.0719136    0.109312     0.0704336   
-0.0134995   -0.00558806  20.5284       0.0652606    0.0704336    0.0894381   

Stress Spherical
0            0            0             0            0            0           
0            0            0             0            0            0           
0            0            0             0            0            0           

Inertia
150.004      -56.3307     -56.2061      0.406527     0.207802     0.0954346   
-56.3307     149.903      -56.2661      0.207802     0.238776     0.205119    
-56.2061     -56.2661     150.076       0.0954346    0.205119     0.344631    

Bond Length
0.61903674    0.0032000063

BB bond length
0.61903674    0.0032000063

Water EE distance
0             0           

PEG EE distance
7.2782041     0.26904592  

BBB P2(x)
0.49881302    0.0092091119

BBB first bond length
0.6190548     0.0033944264

BBB second bond length
0.6188545     0.0035925043

BBB <phi**2>/<phi>**2
1.2294177     0.0085477096

Time = 23000
Temperature
1.0125567     0.0032227648

Pressure
23.473108     0.078649786 

CM Mom
-1.1549943e-16 1.4606973e-17 
2.5121679e-17  2.0740013e-17 
1.4059531e-17  1.1750497e-17 
1.214118e-16   1.447928e-17  

CM Pos
7.498635       0.0082193703  
7.500924       0.01421238    
7.4978347      0.016228497   
12.988887      0.016153526   

Stress
20.4877      0.0313278    -0.0168242    0.0869215    0.0380423    0.0826095   
0.0313278    20.3967      0.00340577    0.0380423    0.131094     0.078054    
-0.0168242   0.00340577   20.4354       0.0826095    0.078054     0.0638881   

Stress Spherical
0            0            0             0            0            0           
0            0            0             0            0            0           
0            0            0             0            0            0           

Inertia
149.989      -56.2392     -56.2138      0.406048     0.109842     0.140028    
-56.2392     149.952      -56.2417      0.109842     0.353632     0.207526    
-56.2138     -56.2417     150.007       0.140028     0.207526     0.267539    

Bond Length
0.61879517    0.0034237512

BB bond length
0.61879517    0.0034237512

Water EE distance
0             0           

PEG EE distance
6.8489916     0.26955767  

BBB P2(x)
0.51798664    0.010259775 

BBB first bond length
0.61884914    0.0037598288

BBB second bond length
0.61926008    0.0033924028

BBB <phi**2>/<phi>**2
1.2246776     0.012839675 

Time = 24000
Temperature
1.0135875     0.0068705905

Pressure
23.508731     0.082797851 

CM Mom
-9.704678e-17  1.2585571e-17 
4.3320386e-18  1.1236953e-17 
1.3134756e-17  1.2199223e-17 
9.9473896e-17  1.2157168e-17 

CM Pos
7.4949258      0.011873145   
7.496918       0.013972607   
7.5030276      0.014437505   
12.987432      0.016304921   

Stress
20.4627      0.00635346   0.0228291     0.143969     0.0749982    0.0606634   
0.00635346   20.4709      0.00130072    0.0749982    0.112317     0.0774425   
0.0228291    0.00130072   20.4838       0.0606634    0.0774425    0.144898    

Stress Spherical
0            0            0             0            0            0           
0            0            0             0            0            0           
0            0            0             0            0            0           

Inertia
149.992      -56.2097     -56.2853      0.332135     0.125521     0.167575    
-56.2097     149.968      -56.2546      0.125521     0.274389     0.209277    
-56.2853     -56.2546     149.882       0.167575     0.209277     0.280187    

Bond Length
0.61929846    0.0037053865

BB bond length
0.61929846    0.0037053865

Water EE distance
0             0           

PEG EE distance
6.5772405     0.16486166  

BBB P2(x)
0.51268514    0.017262533 

BBB first bond length
0.61958833    0.0045274212

BBB second bond length
0.61932464    0.0038258798

BBB <phi**2>/<phi>**2
1.2322876     0.012443632 

Time = 25000
Temperature
1.0097787     0.010948036 

Pressure
23.512621     0.070371099 

CM Mom
-7.9587672e-17 1.2018837e-17 
-2.9545e-17    3.5685178e-17 
3.7401393e-18  1.4385939e-17 
9.1932417e-17  1.9858588e-17 

CM Pos
7.4932938      0.014825663   
7.49128        0.0099317911  
7.5016923      0.010963177   
12.982467      0.010053967   

Stress
20.5034      -0.0395313   0.00150109    0.100986     0.064804     0.0523048   
-0.0395313   20.4888      0.00850604    0.064804     0.100078     0.0625986   
0.00150109   0.00850604   20.4711       0.0523048    0.0625986    0.170026    

Stress Spherical
0            0            0             0            0            0           
0            0            0             0            0            0           
0            0            0             0            0            0           

Inertia
149.907      -56.1437     -56.2451      0.266223     0.131549     0.162903    
-56.1437     149.942      -56.2177      0.131549     0.303936     0.16781     
-56.2451     -56.2177     149.765       0.162903     0.16781      0.207747    

Bond Length
0.61887262    0.0025805957

BB bond length
0.61887262    0.0025805957

Water EE distance
0             0           

PEG EE distance
6.9601388     0.29133443  

BBB P2(x)
0.50013555    0.013686035 

BBB first bond length
0.6193843     0.002721285 

BBB second bond length
0.61916462    0.0026742833

BBB <phi**2>/<phi>**2
1.2207664     0.010047793 

Time = 26000
Temperature
1.010445      0.0076584046

Pressure
23.511048     0.072460156 

CM Mom
-6.1775511e-17 1.8816822e-17 
-1.3540109e-17 1.2996064e-17 
-1.6466112e-17 2.6292842e-17 
7.092516e-17   2.1321041e-17 

CM Pos
7.4925519      0.013220575   
7.498105       0.011672136   
7.5021374      0.021357256   
12.986247      0.01127019    

Stress
20.4366      0.034929     0.0237953     0.0683263    0.091013     0.0771565   
0.034929     20.5221      0.0149616     0.091013     0.111066     0.079274    
0.0237953    0.0149616    20.4939       0.0771565    0.079274     0.147834    

Stress Spherical
0            0            0             0            0            0           
0            0            0             0            0            0           
0            0            0             0            0            0           

Inertia
150.01       -56.2015     -56.2023      0.228689     0.189458     0.187449    
-56.2015     149.925      -56.2922      0.189458     0.368021     0.112555    
-56.2023     -56.2922     149.866       0.187449     0.112555     0.271785    

Bond Length
0.62140137    0.0023363813

BB bond length
0.62140137    0.0023363813

Water EE distance
0             0           

PEG EE distance
7.2358025     0.27046977  

BBB P2(x)
0.51349446    0.010493835 

BBB first bond length
0.62139278    0.0023851573

BBB second bond length
0.62158631    0.0022320478

BBB <phi**2>/<phi>**2
1.226608      0.013765804 

Time = 27000
Temperature
1.0129962     0.0097396757

Pressure
23.477349     0.090316267 

CM Mom
-7.3160375e-17 9.1341822e-18 
-5.8926377e-18 1.4335424e-17 
-2.538489e-17  8.5502645e-18 
7.9424119e-17  9.2417693e-18 

CM Pos
7.4950742      0.0096621603  
7.500924       0.013183893   
7.4964994      0.010642234   
12.986061      0.0093852064  

Stress
20.4206      0.0181471    -0.0358053    0.086386     0.0623181    0.0446196   
0.0181471    20.4501      0.0107398     0.0623181    0.113705     0.0776257   
-0.0358053   0.0107398    20.4579       0.0446196    0.0776257    0.088251    

Stress Spherical
0            0            0             0            0            0           
0            0            0             0            0            0           
0            0            0             0            0            0           

Inertia
149.959      -56.2324     -56.1721      0.229561     0.109034     0.122437    
-56.2324     149.868      -56.2664      0.109034     0.183043     0.163296    
-56.1721     -56.2664     149.92        0.122437     0.163296     0.265869    

Bond Length
0.62065022    0.0023774254

BB bond length
0.62065022    0.0023774254

Water EE distance
0             0           

PEG EE distance
6.7773497     0.1868861   

BBB P2(x)
0.52229488    0.01941882  

BBB first bond length
0.62094191    0.0025358869

BBB second bond length
0.62042679    0.0026290878

BBB <phi**2>/<phi>**2
1.2197346     0.0084642007

Time = 28000
Temperature
1.0105327     0.0082735071

Pressure
23.518911     0.063816613 

CM Mom
-9.6825779e-17 1.8780982e-17 
-2.549992e-17  1.8983816e-17 
-2.0868294e-17 1.0558565e-17 
1.0428515e-16  2.0252506e-17 

CM Pos
7.5079822      0.013123647   
7.4970664      0.01197652    
7.5024341      0.010765626   
12.994716      0.010292055   

Stress
20.5126      -0.0224397   0.0678916     0.112028     0.0701853    0.0761246   
-0.0224397   20.4556      0.0162305     0.0701853    0.0649685    0.0718408   
0.0678916    0.0162305    20.5073       0.0761246    0.0718408    0.0995502   

Stress Spherical
0            0            0             0            0            0           
