Time = 1000
Temperature
   1.0693391   0.092148136

Pressure
   23.659959    0.49509156

CM Mom
-4.2515609e-17 1.7967537e-17 
3.4805506e-17  1.891071e-17  
-4.6933841e-17 1.7288076e-16 
1.5708056e-16  1.0543096e-16 

CM Pos
7.502647       0.01824078    
7.4964472      0.01862392    
7.5041939      0.011748457   
12.992305      0.014000583   

Stress
20.3977      -0.0277745   0.0410617     0.232841     0.0651919    0.0518749   
-0.0277745   20.4855      0.0287535     0.0651919    0.243025     0.0607064   
0.0410617    0.0287535    20.4917       0.0518749    0.0607064    0.250854    

Stress Spherical
0            0            0             0            0            0           
0            0            0             0            0            0           
0            0            0             0            0            0           

Inertia
150.078      -56.2228     -56.3454      0.719253     0.212477     0.187887    
-56.2228     150.18       -56.2361      0.212477     1.08688      0.151457    
-56.3454     -56.2361     150.067       0.187887     0.151457     0.878185    

Bond Length
0.61999595    0.0052713954

BB bond length
0.61999595    0.0052713954

Water EE distance
0             0           

PEG EE distance
6.8526758     0.29424326  

BBB P2(x)
0.4640722     0.061444452 

BBB first bond length
0.61989454    0.0051473356

BBB second bond length
0.61964719    0.0051303575

BBB <phi**2>/<phi>**2
1.2173421     0.017909648 

Time = 2000
Temperature
1.0112427     0.0070958877

Pressure
23.327216     0.13173071  

CM Mom
-3.6511423e-17 2.9086037e-17 
1.5301617e-17  1.0707308e-17 
-6.0902613e-17 3.4091947e-17 
7.9560881e-17  3.2700502e-17 

CM Pos
7.5011626      0.012872528   
7.5059474      0.016428778   
7.5033033      0.014529066   
12.996412      0.0127269     

Stress
20.3343      -0.0427409   0.0106025     0.150408     0.0817295    0.0579778   
-0.0427409   20.2639      -0.0112521    0.0817295    0.143599     0.0722741   
0.0106025    -0.0112521   20.3002       0.0579778    0.0722741    0.184531    

Stress Spherical
0            0            0             0            0            0           
0            0            0             0            0            0           
0            0            0             0            0            0           

Inertia
150.007      -56.3353     -56.2985      0.176412     0.222068     0.107029    
-56.3353     149.947      -56.3381      0.222068     0.291069     0.144705    
-56.2985     -56.3381     149.996       0.107029     0.144705     0.477389    

Bond Length
0.61838896    0.0023367578

BB bond length
0.61838896    0.0023367578

Water EE distance
0             0           

PEG EE distance
7.1002919     0.13498308  

BBB P2(x)
0.50613159    0.010124164 

BBB first bond length
0.61834574    0.0023476271

BBB second bond length
0.61861812    0.0024924384

BBB <phi**2>/<phi>**2
1.2245857     0.0079726952

