Time = 500
Temperature
    1.038343   0.041808725

Pressure
   20.727204    0.18397573

CM Mom
-1.2423523e-16 1.4256818e-17 
-5.0762151e-18 1.2526472e-17 
3.6766599e-17  1.1708348e-17 
1.3070303e-16  1.5030533e-17 

CM Pos
7.5150543      0.018562547   
7.5264242      0.010061809   
7.5131786      0.0079614724  
13.021958      0.0084103685  

Stress
17.6255      -0.0392078   0.0119514     0.152819     0.0901616    0.0486952   
-0.0392078   17.5695      0.0036365     0.0901616    0.108951     0.0849074   
0.0119514    0.0036365    17.6545       0.0486952    0.0849074    0.123589    

Stress Spherical
0            0            0             0            0            0           
0            0            0             0            0            0           
0            0            0             0            0            0           

Inertia
149.54       -56.5534     -56.271       0.22146      0.218034     0.180408    
-56.5534     149.533      -56.6216      0.218034     0.658457     0.072041    
-56.271      -56.6216     149.66        0.180408     0.072041     0.531522    

Bond Length
0.61488145    0.0025959703

BB bond length
0.61488145    0.0025959703

Water EE distance
0             0           

PEG EE distance
3.6512036     0.055221269 

Time = 1000
Temperature
1.0072724     0.0083698871

Pressure
20.621162     0.051804429 

CM Mom
-1.1860972e-16 3.1580322e-17 
-1.3639789e-17 2.2934651e-17 
3.4966782e-17  2.3025961e-17 
1.2950467e-16  2.7550605e-17 

CM Pos
7.5064498      0.0078836892  
7.5371057      0.018106395   
7.5354316      0.01171897    
13.036021      0.012684644   

Stress
17.6508      0.0266762    -0.0237596    0.0475233    0.0170052    0.0751002   
0.0266762    17.5854      0.0334955     0.0170052    0.0845819    0.0919896   
-0.0237596   0.0334955    17.5743       0.0751002    0.0919896    0.0821054   

Stress Spherical
0            0            0             0            0            0           
0            0            0             0            0            0           
0            0            0             0            0            0           

Inertia
150.322      -56.5691     -56.4479      0.466376     0.201349     0.106617    
-56.5691     149.861      -56.876       0.201349     0.223899     0.168666    
-56.4479     -56.876      149.966       0.106617     0.168666     0.345736    

Bond Length
0.61294922    0.0044303995

BB bond length
0.61294922    0.0044303995

Water EE distance
0             0           

PEG EE distance
3.6548115     0.060452494 

