Time = 500
Temperature
    1.033636    0.04410979

Pressure
   22.906526    0.13758835

CM Mom
4.6166326e-17  1.4901672e-17 
-3.5842053e-17 2.2856938e-17 
2.0950505e-18  1.7182152e-17 
6.3029505e-17  2.207666e-17  

CM Pos
7.503172       0.021771065   
7.5110128      0.029243287   
7.4943926      0.030625521   
12.995424      0.0061427809  

Stress
19.7983      0.101702     0.0108318     0.0727505    0.0355162    0.0913158   
0.101702     19.7814      -0.0125554    0.0355162    0.11129      0.0956423   
0.0108318    -0.0125554   19.85         0.0913158    0.0956423    0.0703704   

Stress Spherical
0            0            0             0            0            0           
0            0            0             0            0            0           
0            0            0             0            0            0           

Inertia
149.707      -56.3696     -56.2454      0.30672      0.309315     0.169449    
-56.3696     149.564      -56.2663      0.309315     0.469763     0.176595    
-56.2454     -56.2663     149.827       0.169449     0.176595     0.644064    

Bond Length
0.61791774    0.0014920547

BB bond length
0.61791774    0.0014920547

Water EE distance
0             0           

PEG EE distance
3.7629275     0.39130608  

Time = 1000
Temperature
1.0161419     0.0064754473

Pressure
22.906224     0.089468033 

CM Mom
4.5903346e-17  1.0370934e-17 
-3.8302749e-17 1.2178215e-17 
-1.7669028e-17 2.398244e-17  
6.6928722e-17  1.5426638e-17 

CM Pos
7.4966445      0.012183047   
7.4985512      0.0080930759  
7.4997333      0.013674278   
12.987464      0.010877437   

Stress
19.8787      -0.0175642   -0.00750919   0.16384      0.065141     0.0573391   
-0.0175642   19.8438      -0.0319528    0.065141     0.100486     0.0502262   
-0.00750919  -0.0319528   19.8636       0.0573391    0.0502262    0.0986529   

Stress Spherical
0            0            0             0            0            0           
0            0            0             0            0            0           
0            0            0             0            0            0           

Inertia
149.687      -56.1847     -56.2132      0.149452     0.131051     0.186505    
-56.1847     149.61       -56.208       0.131051     0.446599     0.0523229   
-56.2132     -56.208      149.575       0.186505     0.0523229    0.182161    

Bond Length
0.61197096    0.0051317042

BB bond length
0.61197096    0.0051317042

Water EE distance
0             0           

PEG EE distance
3.6477541     0.16442752  

