Time = 1000
Temperature
    1.046315   0.060561122

Pressure
   23.647094    0.34176272

CM Mom
-2.0325651e-17 1.970338e-17  
6.3614528e-18  3.6951047e-17 
2.3101071e-18  5.9559858e-17 
6.85081e-17    3.2658178e-17 

CM Pos
7.4974823      0.02344236    
7.4965158      0.0079407561  
7.5000213      0.024213465   
12.986964      0.016720751   

Stress
20.5293      0.0102409    -0.00867846   0.160517     0.0819323    0.0815722   
0.0102409    20.5311      0.00914657    0.0819323    0.208037     0.0560659   
-0.00867846  0.00914657   20.4705       0.0815722    0.0560659    0.192328    

Stress Spherical
0            0            0             0            0            0           
0            0            0             0            0            0           
0            0            0             0            0            0           

Inertia
149.973      -56.227      -56.2045      0.464998     0.171302     0.206074    
-56.227      149.992      -56.2072      0.171302     0.452239     0.172331    
-56.2045     -56.2072     149.951       0.206074     0.172331     0.77255     

Bond Length
0.61926619    0.0029851039

BB bond length
0.61926619    0.0029851039

Water EE distance
0             0           

PEG EE distance
6.7058456     0.45322231  

BBB P2(x)
0.46980307    0.057442896 

BBB first bond length
0.61907541    0.0029289164

BBB second bond length
0.61952145    0.003049611 

BBB <phi**2>/<phi>**2
1.2197967     0.01933022  

Time = 2000
Temperature
1.013036      0.0064543649

Pressure
23.456544     0.04603219  

CM Mom
-9.884392e-18  1.2384255e-17 
4.7004525e-18  1.9548294e-17 
2.7292388e-17  2.942108e-17  
4.4950089e-17  1.5660938e-17 

CM Pos
7.5074151      0.018077462   
7.5065969      0.016036444   
7.5006143      0.013872332   
12.998848      0.0151372     

Stress
20.3785      -0.0225325   -0.00198459   0.0796425    0.0698814    0.0741548   
-0.0225325   20.454       0.0128257     0.0698814    0.0940351    0.084529    
-0.00198459  0.0128257    20.4262       0.0741548    0.084529     0.0723428   

Stress Spherical
0            0            0             0            0            0           
0            0            0             0            0            0           
0            0            0             0            0            0           

Inertia
150.03       -56.3537     -56.3179      0.368936     0.22207      0.130852    
-56.3537     150.041      -56.3054      0.22207      0.273212     0.173576    
-56.3179     -56.3054     150.127       0.130852     0.173576     0.283368    

Bond Length
0.61997469    0.0034260043

BB bond length
0.61997469    0.0034260043

Water EE distance
0             0           

PEG EE distance
6.4956502     0.18334266  

BBB P2(x)
0.50794139    0.014596959 

BBB first bond length
0.6202917     0.0035774695

BBB second bond length
0.61973854    0.003429369 

BBB <phi**2>/<phi>**2
1.2248669     0.011018993 

