Time = 500
Temperature
   1.0337934   0.039143759

Pressure
   23.241287    0.17508295

CM Mom
-4.1751414e-17 1.2622143e-17 
4.2652441e-17  6.5529893e-18 
-1.5672703e-17 2.4650611e-17 
6.7696324e-17  5.9300408e-18 

CM Pos
7.5046523      0.019963072   
7.5076647      0.010123871   
7.5039686      0.01481898    
12.999811      0.0051516902  

Stress
20.1717      -0.0192069   -0.0229377    0.134807     0.0313274    0.0729513   
-0.0192069   20.1273      -0.0144228    0.0313274    0.118553     0.0424867   
-0.0229377   -0.0144228   20.1345       0.0729513    0.0424867    0.241222    

Stress Spherical
0            0            0             0            0            0           
0            0            0             0            0            0           
0            0            0             0            0            0           

Inertia
149.982      -56.3282     -56.3344      0.160529     0.16857      0.164908    
-56.3282     149.879      -56.3057      0.16857      0.320399     0.141016    
-56.3344     -56.3057     149.86        0.164908     0.141016     0.575548    

Bond Length
0.61364732    0.0056740808

BB bond length
0.61364732    0.0056740808

Water EE distance
0             0           

PEG EE distance
3.3394838     0.28525456  

Time = 1000
Temperature
1.0104414     0.004727644 

Pressure
23.195151     0.061458382 

CM Mom
-2.9346648e-17 1.0534276e-17 
5.2447331e-17  9.4107549e-18 
1.7043186e-17  2.4988722e-17 
6.7442798e-17  1.3336302e-17 

CM Pos
7.4987176      0.022138169   
7.497279       0.016045704   
7.496847       0.010062804   
12.986273      0.015199207   

Stress
20.1812      0.0192449    -0.0690999    0.07656      0.0572184    0.112547    
0.0192449    20.1453      -0.0148627    0.0572184    0.109458     0.0409147   
-0.0690999   -0.0148627   20.1785       0.112547     0.0409147    0.0472193   

Stress Spherical
0            0            0             0            0            0           
0            0            0             0            0            0           
0            0            0             0            0            0           

Inertia
149.755      -56.1668     -56.2188      0.336951     0.138071     0.216819    
-56.1668     149.746      -56.234       0.138071     0.499551     0.185035    
-56.2188     -56.234      149.729       0.216819     0.185035     0.372008    

Bond Length
0.60836384    0.0069587192

BB bond length
0.60836384    0.0069587192

Water EE distance
0             0           

PEG EE distance
3.2354182     0.10569029  

