Time = 1000
Temperature
   1.0443533   0.057597452

Pressure
   23.632196    0.26135759

CM Mom
-3.3819148e-17 2.0936019e-17 
1.6496342e-18  2.7210164e-17 
-5.6936534e-17 1.434712e-16  
1.1814779e-16  1.1041748e-16 

CM Pos
7.5106444      0.013034398   
7.4905988      0.03560003    
7.5058667      0.015659387   
12.994536      0.024759626   

Stress
20.5391      0.0256525    0.0208        0.154729     0.0395716    0.0869114   
0.0256525    20.497       -0.0320538    0.0395716    0.120978     0.0458812   
0.0208       -0.0320538   20.4734       0.0869114    0.0458812    0.140702    

Stress Spherical
0            0            0             0            0            0           
0            0            0             0            0            0           
0            0            0             0            0            0           

Inertia
149.983      -56.2559     -56.3876      0.335843     0.273722     0.12213     
-56.2559     150.256      -56.2121      0.273722     0.538963     0.320099    
-56.3876     -56.2121     150.046       0.12213      0.320099     0.189831    

Bond Length
0.61953115    0.0050214501

BB bond length
0.61953115    0.0050214501

Water EE distance
0             0           

PEG EE distance
6.2616025     0.19652633  

BBB P2(x)
0.47027151    0.052767302 

BBB first bond length
0.61954167    0.0051033149

BBB second bond length
0.61917296    0.0048390346

BBB <phi**2>/<phi>**2
1.2166717     0.010776956 

Time = 2000
Temperature
1.0108651     0.007871867 

Pressure
23.46468      0.061673332 

CM Mom
-4.6665159e-17 2.1861762e-17 
-2.1279458e-17 2.3129036e-17 
-5.6643662e-17 2.4422477e-17 
8.0669686e-17  3.0670915e-17 

CM Pos
7.4978873      0.011101636   
7.5000924      0.011551378   
7.5024549      0.0099608022  
12.990642      0.010061464   

Stress
20.4214      -0.0186077   -0.00878473   0.0441939    0.0486447    0.0732336   
-0.0186077   20.4432      -0.0145633    0.0486447    0.0953241    0.0814469   
-0.00878473  -0.0145633   20.4433       0.0732336    0.0814469    0.0958523   

Stress Spherical
0            0            0             0            0            0           
0            0            0             0            0            0           
0            0            0             0            0            0           

Inertia
149.97       -56.2752     -56.2352      0.183383     0.107204     0.133164    
-56.2752     149.931      -56.2571      0.107204     0.332549     0.093437    
-56.2352     -56.2571     149.876       0.133164     0.093437     0.251501    

Bond Length
0.62182198    0.0044932239

BB bond length
0.62182198    0.0044932239

Water EE distance
0             0           

PEG EE distance
6.9421826     0.38349761  

BBB P2(x)
0.49704236    0.020338488 

BBB first bond length
0.62163358    0.004204963 

BBB second bond length
0.6219444     0.0046418378

BBB <phi**2>/<phi>**2
1.2234049     0.01548349  

Time = 3000
Temperature
1.0127612     0.0051441353

Pressure
23.455712     0.050215331 

CM Mom
-7.3512064e-17 1.4701317e-17 
2.5274262e-18  1.7344832e-17 
-6.5685668e-17 4.4354042e-17 
1.0783952e-16  2.4081327e-17 

CM Pos
7.5017441      0.0087267995  
7.4999441      0.013631826   
7.4997848      0.014290637   
12.991241      0.014568667   

Stress
20.4052      -0.00550028  -0.0299257    0.069531     0.069876     0.0592535   
-0.00550028  20.4196      0.0224253     0.069876     0.0886904    0.0646736   
-0.0299257   0.0224253    20.4392       0.0592535    0.0646736    0.0990259   

Stress Spherical
0            0            0             0            0            0           
0            0            0             0            0            0           
0            0            0             0            0            0           

Inertia
149.938      -56.2765     -56.272       0.309091     0.145174     0.160278    
-56.2765     149.971      -56.259       0.145174     0.282729     0.174737    
-56.272      -56.259      149.994       0.160278     0.174737     0.222852    

Bond Length
0.61939146    0.0032328996

BB bond length
0.61939146    0.0032328996

Water EE distance
0             0           

PEG EE distance
7.3539389     0.28973321  

BBB P2(x)
0.52375926    0.011455841 

BBB first bond length
0.61918383    0.0034220771

BBB second bond length
0.61928357    0.0033983065

BBB <phi**2>/<phi>**2
1.2372018     0.016465188 

Time = 4000
Temperature
1.007363      0.0081150183

Pressure
23.488252     0.061286863 

CM Mom
-1.0306796e-16 2.5154888e-17 
8.9317673e-18  1.4992648e-17 
-1.0930075e-16 2.0655001e-17 
1.5330548e-16  2.0761613e-17 

CM Pos
7.5001124      0.010547699   
7.4891154      0.017410681   
7.5043833      0.015631258   
12.986715      0.014164418   

Stress
20.439       -0.0311947   0.00601097    0.133761     0.0749788    0.0990354   
-0.0311947   20.4821      0.0351851     0.0749788    0.117607     0.0521691   
0.00601097   0.0351851    20.489        0.0990354    0.0521691    0.129629    

Stress Spherical
0            0            0             0            0            0           
0            0            0             0            0            0           
0            0            0             0            0            0           

Inertia
149.861      -56.1475     -56.2678      0.361283     0.14135      0.163496    
-56.1475     150.026      -56.1941      0.14135      0.27081      0.201496    
-56.2678     -56.1941     149.789       0.163496     0.201496     0.305928    

Bond Length
0.61796702    0.0029229848

BB bond length
0.61796702    0.0029229848

Water EE distance
0             0           

PEG EE distance
7.0482884     0.23166454  

BBB P2(x)
0.51422422    0.015590542 

BBB first bond length
0.61806479    0.002999794 

BBB second bond length
0.61820766    0.0028101239

BBB <phi**2>/<phi>**2
1.2223875     0.013304274 

Time = 5000
Temperature
1.0112687     0.0087064761

Pressure
23.505141     0.068453776 

CM Mom
-1.2211273e-16 1.7415691e-17 
-1.7559272e-17 2.8162422e-17 
-9.0441538e-17 1.4695793e-17 
1.5639695e-16  1.587155e-17  

CM Pos
7.5012991      0.012069331   
7.5030592      0.013187961   
7.495483       0.011397966   
12.9903        0.013953479   

Stress
20.4275      -0.0259533   0.015778      0.0889986    0.0512244    0.0792925   
-0.0259533   20.539       0.00875986    0.0512244    0.110458     0.0662936   
0.015778     0.00875986   20.4592       0.0792925    0.0662936    0.0709434   

Stress Spherical
0            0            0             0            0            0           
0            0            0             0            0            0           
0            0            0             0            0            0           

Inertia
149.944      -56.3001     -56.2302      0.274711     0.129435     0.149231    
-56.3001     149.915      -56.2517      0.129435     0.273919     0.151326    
-56.2302     -56.2517     150.039       0.149231     0.151326     0.276946    

Bond Length
0.61755658    0.0030295572

BB bond length
0.61755658    0.0030295572

Water EE distance
0             0           

PEG EE distance
7.0229995     0.26849536  

BBB P2(x)
0.50748758    0.013881487 

BBB first bond length
0.61765294    0.0032693357

BBB second bond length
0.61753553    0.0031197886

BBB <phi**2>/<phi>**2
1.2165639     0.013084477 

Time = 6000
Temperature
1.0107507     0.0087981541

Pressure
23.510188     0.097799128 

CM Mom
-1.3014543e-16 1.4780438e-17 
-3.3579663e-17 1.6660272e-17 
-8.2601109e-17 1.8045417e-17 
1.5938132e-16  1.7539318e-17 

CM Pos
7.5018925      0.010430219   
7.4951973      0.015344982   
7.4983014      0.0089754052  
12.98773       0.014269923   

Stress
20.4537      -0.0423014   0.00227871    0.16072      0.0737783    0.0637501   
-0.0423014   20.5114      0.0323714     0.0737783    0.102701     0.073585    
0.00227871   0.0323714    20.4803       0.0637501    0.073585     0.128078    

Stress Spherical
0            0            0             0            0            0           
0            0            0             0            0            0           
0            0            0             0            0            0           

Inertia
149.879      -56.2328     -56.2583      0.270376     0.137714     0.130626    
-56.2328     149.998      -56.1748      0.137714     0.220638     0.155057    
-56.2583     -56.1748     149.947       0.130626     0.155057     0.305123    

Bond Length
0.61777392    0.0027135687

BB bond length
0.61777392    0.0027135687

Water EE distance
0             0           

PEG EE distance
7.4266911     0.33212578  

BBB P2(x)
0.5145031     0.011639032 

BBB first bond length
0.61809324    0.0027292797

BBB second bond length
0.61790802    0.0026022401

BBB <phi**2>/<phi>**2
1.2296377     0.0096413794

Time = 7000
Temperature
1.0096363     0.012304281 

Pressure
23.472568     0.071906189 

CM Mom
-1.0783502e-16 1.4279518e-17 
-4.2809791e-17 2.6778595e-17 
-8.0507364e-17 1.7530422e-17 
1.4424522e-16  1.9082361e-17 

CM Pos
7.5054526      0.0097226877  
7.4956423      0.013566294   
7.5031966      0.0095951117  
12.992873      0.0078300125  

Stress
20.4139      -0.00404123  0.00890462    0.0909021    0.0427226    0.0428227   
-0.00404123  20.4426      0.00867248    0.0427226    0.0804026    0.0751727   
0.00890462   0.00867248   20.4861       0.0428227    0.0751727    0.0708447   

Stress Spherical
0            0            0             0            0            0           
0            0            0             0            0            0           
0            0            0             0            0            0           

Inertia
149.987      -56.2876     -56.2765      0.259637     0.110539     0.0789461   
-56.2876     150.121      -56.2589      0.110539     0.178755     0.134183    
-56.2765     -56.2589     150.021       0.0789461    0.134183     0.196132    

Bond Length
0.61864461    0.0040324799

BB bond length
0.61864461    0.0040324799

Water EE distance
0             0           

PEG EE distance
8.0209321     0.16540542  

BBB P2(x)
0.52032984    0.01416311  

BBB first bond length
0.61876688    0.0045889147

BBB second bond length
0.61898824    0.0042526813

BBB <phi**2>/<phi>**2
1.225965      0.014070221 

Time = 8000
Temperature
1.01014       0.0060446312

Pressure
23.465986     0.11673492  

CM Mom
-1.223669e-16  1.3588936e-17 
-5.9039063e-17 1.6506955e-17 
-5.3196174e-17 2.2778974e-17 
1.4845256e-16  1.5065219e-17 

CM Pos
7.5015958      0.014561382   
7.5018725      0.0080922755  
7.4981531      0.012583451   
12.991328      0.012590889   

Stress
20.4017      0.0106369    0.0457156     0.114228     0.0641458    0.0425378   
0.0106369    20.43        0.060752      0.0641458    0.122035     0.0559792   
0.0457156    0.060752     20.4867       0.0425378    0.0559792    0.190327    

Stress Spherical
0            0            0             0            0            0           
0            0            0             0            0            0           
0            0            0             0            0            0           

Inertia
149.987      -56.2734     -56.2463      0.250507     0.210884     0.156519    
-56.2734     149.985      -56.2328      0.210884     0.29247      0.160235    
-56.2463     -56.2328     150.046       0.156519     0.160235     0.248019    

Bond Length
0.61931779    0.0031354039

BB bond length
0.61931779    0.0031354039

Water EE distance
0             0           

PEG EE distance
7.4446758     0.56713081  

BBB P2(x)
0.51041121    0.012269612 

BBB first bond length
0.61921315    0.0029032248

BBB second bond length
0.61945374    0.0034549796

BBB <phi**2>/<phi>**2
1.2270621     0.015381033 

Time = 9000
Temperature
1.0145916     0.0087808579

Pressure
23.507315     0.080018183 

CM Mom
-1.3202344e-16 2.3093209e-17 
-6.2689736e-17 1.0238372e-17 
-4.153455e-17  1.7539415e-17 
1.5409371e-16  1.6917185e-17 

CM Pos
7.5014474      0.018908955   
7.4960873      0.0093453323  
7.5063117      0.008827082   
12.99262       0.01051437    

Stress
20.5324      -0.0233944   0.0150716     0.0940062    0.0687049    0.0665994   
-0.0233944   20.4235      -0.00854387   0.0687049    0.076629     0.0675773   
0.0150716    -0.00854387  20.4464       0.0665994    0.0675773    0.0720893   

Stress Spherical
0            0            0             0            0            0           
0            0            0             0            0            0           
0            0            0             0            0            0           

Inertia
150.05       -56.2418     -56.3158      0.219681     0.152902     0.113417    
-56.2418     150.118      -56.2534      0.152902     0.234111     0.143383    
-56.3158     -56.2534     149.988       0.113417     0.143383     0.292999    

Bond Length
0.62019236    0.0019132528

BB bond length
0.62019236    0.0019132528

Water EE distance
0             0           

PEG EE distance
6.1598592     0.29827144  

BBB P2(x)
0.52630106    0.016124533 

BBB first bond length
0.62013366    0.002007844 

BBB second bond length
0.61969405    0.0019863051

BBB <phi**2>/<phi>**2
1.2309927     0.017370034 

Time = 10000
Temperature
1.0054311     0.0083571041

Pressure
23.48582      0.06611034  

CM Mom
-9.7995956e-17 2.412124e-17  
-6.5849225e-17 2.0742968e-17 
-3.568672e-17  1.9329105e-17 
1.264114e-16   2.4874608e-17 

CM Pos
7.4969973      0.012664504   
7.5008341      0.020719139   
7.5017132      0.010430219   
12.990139      0.01335044    

Stress
20.4996      -0.0386992   0.0410375     0.122753     0.0506068    0.0835463   
-0.0386992   20.5155      0.0109543     0.0506068    0.0540388    0.066571    
0.0410375    0.0109543    20.405        0.0835463    0.066571     0.121789    

Stress Spherical
0            0            0             0            0            0           
0            0            0             0            0            0           
0            0            0             0            0            0           

Inertia
150.03       -56.2242     -56.2422      0.374975     0.13638      0.130994    
-56.2242     149.976      -56.2691      0.13638      0.222254     0.245837    
-56.2422     -56.2691     149.991       0.130994     0.245837     0.240383    

Bond Length
0.61972877    0.0037471734

BB bond length
0.61972877    0.0037471734

Water EE distance
0             0           

PEG EE distance
6.2345955     0.40323164  

BBB P2(x)
0.52197325    0.016374137 

BBB first bond length
0.61965627    0.0039353217

BBB second bond length
0.61980095    0.0040310845

BBB <phi**2>/<phi>**2
1.2246365     0.013216504 

Time = 11000
Temperature
1.0103527     0.0084819163

Pressure
23.50008      0.090548841 

CM Mom
-9.9796007e-17 1.49721e-17   
-5.3203722e-17 2.2435577e-17 
-1.1841546e-17 2.2925979e-17 
1.1738029e-16  2.0126797e-17 

CM Pos
7.4993707      0.019204551   
7.497719       0.015976557   
7.5018615      0.013268638   
12.989799      0.014483228   

Stress
20.4469      0.0244856    0.0374427     0.141692     0.0749303    0.0755235   
0.0244856    20.4851      -0.00629071   0.0749303    0.131605     0.0494787   
0.0374427    -0.00629071  20.4867       0.0755235    0.0494787    0.0688094   

Stress Spherical
0            0            0             0            0            0           
0            0            0             0            0            0           
0            0            0             0            0            0           

Inertia
149.977      -56.2265     -56.2354      0.411063     0.146134     0.126594    
-56.2265     149.999      -56.2395      0.146134     0.233345     0.240232    
-56.2354     -56.2395     149.949       0.126594     0.240232     0.324587    

Bond Length
0.62071816    0.0040511205

BB bond length
0.62071816    0.0040511205

Water EE distance
0             0           

PEG EE distance
7.2075779     0.12920071  

BBB P2(x)
0.50826158    0.011608017 

BBB first bond length
0.62076321    0.0041750357

BBB second bond length
0.62063626    0.004122471 

BBB <phi**2>/<phi>**2
1.2225209     0.01141657  

Time = 12000
Temperature
1.0116823     0.005562387 

Pressure
23.476628     0.069422997 

CM Mom
-7.1744128e-17 1.1788012e-17 
-5.2950101e-17 1.9792963e-17 
2.3870564e-17  2.9099254e-17 
9.7595589e-17  1.9321569e-17 

CM Pos
7.5014474      0.012888397   
7.5076577      0.014952797   
7.5082401      0.012463974   
13.000408      0.01544744    

Stress
20.441       -0.0392925   -0.00110388   0.100837     0.0874547    0.081853    
-0.0392925   20.4932      -0.0382813    0.0874547    0.0634678    0.0386337   
-0.00110388  -0.0382813   20.4022       0.081853     0.0386337    0.107829    

Stress Spherical
0            0            0             0            0            0           
0            0            0             0            0            0           
0            0            0             0            0            0           

Inertia
150.246      -56.3522     -56.3517      0.343776     0.105262     0.15286     
-56.3522     150.156      -56.4035      0.105262     0.304852     0.187963    
-56.3517     -56.4035     150.149       0.15286      0.187963     0.290713    

Bond Length
0.61985593    0.0032500577

BB bond length
0.61985593    0.0032500577

Water EE distance
0             0           

PEG EE distance
7.9923701     0.1817497   

BBB P2(x)
0.52563164    0.019689127 

BBB first bond length
0.61976893    0.0036001847

BBB second bond length
0.62000867    0.0035789434

BBB <phi**2>/<phi>**2
1.2309087     0.021113477 

Time = 13000
Temperature
1.0103687     0.0067781771

Pressure
23.495757     0.097269195 

CM Mom
-1.0967624e-16 1.2657756e-17 
-8.0306443e-17 1.3055439e-17 
1.2621794e-17  1.5831602e-17 
1.3803981e-16  1.2791688e-17 

CM Pos
7.4980357      0.010121868   
7.4994991      0.013640701   
7.496373       0.01331747    
12.986875      0.013458017   

Stress
20.4911      -0.00693025  -0.0110951    0.091958     0.0766608    0.0839485   
-0.00693025  20.4425      -0.0337852    0.0766608    0.129936     0.084144    
-0.0110951   -0.0337852   20.4721       0.0839485    0.084144     0.0774607   

Stress Spherical
0            0            0             0            0            0           
0            0            0             0            0            0           
0            0            0             0            0            0           

Inertia
149.93       -56.2185     -56.2108      0.239803     0.173113     0.177376    
-56.2185     149.909      -56.2189      0.173113     0.250965     0.121101    
-56.2108     -56.2189     149.976       0.177376     0.121101     0.345777    

Bond Length
0.61831155    0.004736348 

BB bond length
0.61831155    0.004736348 

Water EE distance
0             0           

PEG EE distance
8.0632613     0.2946448   

BBB P2(x)
0.51136854    0.0099177351

BBB first bond length
0.6182827     0.004354695 

BBB second bond length
0.61847401    0.0051095959

BBB <phi**2>/<phi>**2
1.2231712     0.010928339 

Time = 14000
Temperature
1.0121192     0.0081174561

Pressure
23.493352     0.085851163 

CM Mom
-9.8878003e-17 1.6241882e-17 
-9.240312e-17  1.2943639e-17 
1.6770823e-19  2.4559423e-17 
1.3889469e-16  7.6151433e-18 

CM Pos
7.5044142      0.0088370477  
7.4962356      0.01427446    
7.5002298      0.015447171   
12.990905      0.011758691   

Stress
20.4468      -0.0160864   -0.00490965   0.116639     0.0806942    0.0677341   
-0.0160864   20.4721      0.0107766     0.0806942    0.127395     0.0853465   
-0.00490965  0.0107766    20.4638       0.0677341    0.0853465    0.113344    

Stress Spherical
0            0            0             0            0            0           
0            0            0             0            0            0           
0            0            0             0            0            0           

Inertia
149.943      -56.2521     -56.2757      0.254323     0.104761     0.143064    
-56.2521     150.067      -56.2044      0.104761     0.252752     0.107661    
-56.2757     -56.2044     150.009       0.143064     0.107661     0.278555    

Bond Length
0.61929316    0.0048139714

BB bond length
0.61929316    0.0048139714

Water EE distance
0             0           

PEG EE distance
7.6808421     0.20607288  

BBB P2(x)
0.50890528    0.01682421  

BBB first bond length
0.61910364    0.005224457 

BBB second bond length
0.61936316    0.0049445594

BBB <phi**2>/<phi>**2
1.2223989     0.014530697 

Time = 15000
Temperature
1.0088825     0.0080363809

Pressure
23.506021     0.098727744 

CM Mom
-1.1367215e-16 2.5395989e-17 
-8.205791e-17  4.076317e-17  
-8.4584238e-18 2.0384156e-17 
1.4865475e-16  1.8715609e-17 

CM Pos
7.4955139      0.014661529   
7.497719       0.016464917   
7.5026032      0.0095859342  
12.987989      0.017389059   

Stress
20.4578      0.0211619    0.0107485     0.186781     0.0703709    0.0636252   
0.0211619    20.4876      0.0205808     0.0703709    0.0905673    0.0843728   
0.0107485    0.0205808    20.5045       0.0636252    0.0843728    0.129682    

Stress Spherical
0            0            0             0            0            0           
0            0            0             0            0            0           
0            0            0             0            0            0           

Inertia
149.976      -56.212      -56.2244      0.290785     0.209268     0.149785    
-56.212      149.963      -56.2609      0.209268     0.318265     0.155947    
-56.2244     -56.2609     149.902       0.149785     0.155947     0.418364    

Bond Length
0.62076448    0.0040888263

BB bond length
0.62076448    0.0040888263

Water EE distance
0             0           

PEG EE distance
7.3792172     0.29846428  

BBB P2(x)
0.51858132    0.016199687 

BBB first bond length
0.62037687    0.0041604223

BBB second bond length
0.62071007    0.0039904103

BBB <phi**2>/<phi>**2
1.2274967     0.014931729 

Time = 16000
Temperature
1.0090529     0.0089989569

Pressure
23.468052     0.083204521 

CM Mom
-1.2739979e-16 6.553229e-18  
-9.4300886e-17 1.9031762e-17 
-3.2059995e-17 2.3702696e-17 
1.6370597e-16  1.7847559e-17 

CM Pos
7.4940305      0.015774889   
7.5012792      0.016928808   
7.4975597      0.011974151   
12.986289      0.0079739974  

Stress
20.4302      0.0204071    0.00668294    0.140652     0.0602015    0.0816043   
0.0204071    20.5021      0.0139973     0.0602015    0.112015     0.0524413   
0.00668294   0.0139973    20.4021       0.0816043    0.0524413    0.120549    

Stress Spherical
0            0            0             0            0            0           
0            0            0             0            0            0           
0            0            0             0            0            0           

Inertia
149.976      -56.2232     -56.1161      0.150162     0.16413      0.164265    
-56.2232     149.879      -56.2768      0.16413      0.289327     0.102182    
-56.1161     -56.2768     149.943       0.164265     0.102182     0.299462    

Bond Length
0.61985561    0.0034337309

BB bond length
0.61985561    0.0034337309

Water EE distance
0             0           

PEG EE distance
7.0542848     0.30228342  

BBB P2(x)
0.51755223    0.01800488  

BBB first bond length
0.62035155    0.0038582664

BBB second bond length
0.61977765    0.0036947762

BBB <phi**2>/<phi>**2
1.2326248     0.014864158 

Time = 17000
Temperature
1.0083571     0.0047362507

Pressure
23.438937     0.073042533 

CM Mom
-1.1574146e-16 8.3615048e-18 
-1.0201272e-16 1.786211e-17  
-2.3066882e-17 1.4924756e-17 
1.5726696e-16  1.461449e-17  

CM Pos
7.5026341      0.0094855551  
7.4929722      0.014978527   
7.5003782      0.011567558   
12.988079      0.0092772387  

Stress
20.4129      0.0127108    -0.0363019    0.146316     0.0750627    0.068946    
0.0127108    20.438       -0.0153739    0.0750627    0.0814557    0.0877938   
-0.0363019   -0.0153739   20.4024       0.068946     0.0877938    0.129532    

Stress Spherical
0            0            0             0            0            0           
0            0            0             0            0            0           
0            0            0             0            0            0           

Inertia
149.892      -56.2263     -56.2875      0.230939     0.116739     0.108207    
-56.2263     150.044      -56.1679      0.116739     0.231614     0.150893    
-56.2875     -56.1679     149.939       0.108207     0.150893     0.216589    

Bond Length
0.62129721    0.0038889005

BB bond length
0.62129721    0.0038889005

Water EE distance
0             0           

PEG EE distance
6.9923086     0.12713759  

BBB P2(x)
0.51156918    0.0086392035

BBB first bond length
0.62123153    0.0037518385

BBB second bond length
0.62106659    0.0036258497

BBB <phi**2>/<phi>**2
1.2240156     0.01388265  

Time = 18000
Temperature
1.0146102     0.0046381133

Pressure
23.455675     0.067527188 

CM Mom
-1.0704369e-16 1.5533471e-17 
-1.2817548e-16 1.9035876e-17 
-1.7246775e-17 1.0655893e-17 
1.690073e-16   1.8398118e-17 

CM Pos
7.4965523      0.010165254   
7.4996474      0.012966695   
7.5011198      0.0099464327  
12.988843      0.01149054    

Stress
20.4562      0.0062666    -0.00696532   0.102992     0.0838495    0.0704391   
0.0062666    20.407       0.0174484     0.0838495    0.108731     0.0592468   
-0.00696532  0.0174484    20.3841       0.0704391    0.0592468    0.128638    

Stress Spherical
0            0            0             0            0            0           
0            0            0             0            0            0           
0            0            0             0            0            0           

Inertia
150.014      -56.2363     -56.2086      0.249428     0.161793     0.130836    
-56.2363     149.97       -56.2707      0.161793     0.249506     0.13672     
-56.2086     -56.2707     149.963       0.130836     0.13672      0.255203    

Bond Length
0.62089541    0.0037633763

BB bond length
0.62089541    0.0037633763

Water EE distance
0             0           

PEG EE distance
6.8739623     0.15159067  

BBB P2(x)
0.50895199    0.0079594079

BBB first bond length
0.62092735    0.003748333 

BBB second bond length
0.62071554    0.0037165197

BBB <phi**2>/<phi>**2
1.2243721     0.010963499 

Time = 19000
Temperature
1.007485      0.0096165749

Pressure
23.476194     0.1017476   

CM Mom
-1.0790035e-16 1.1913154e-17 
-1.5492124e-16 1.5209316e-17 
-1.4706722e-17 2.4785965e-17 
1.91462e-16    1.3756961e-17 

CM Pos
7.5014474      0.0082177447  
7.4994991      0.0096317344  
7.4996365      0.012156528   
12.990725      0.010730729   

Stress
20.4444      0.0161849    -0.00129959   0.167195     0.0688632    0.0659556   
0.0161849    20.486       -0.0144351    0.0688632    0.123215     0.0831759   
-0.00129959  -0.0144351   20.4424       0.0659556    0.0831759    0.0786906   

Stress Spherical
0            0            0             0            0            0           
0            0            0             0            0            0           
0            0            0             0            0            0           

Inertia
149.989      -56.2436     -56.2699      0.275764     0.154457     0.120063    
-56.2436     150.019      -56.2163      0.154457     0.201007     0.124443    
-56.2699     -56.2163     150.026       0.120063     0.124443     0.227491    

Bond Length
0.61952826    0.0029045694

BB bond length
0.61952826    0.0029045694

Water EE distance
0             0           

PEG EE distance
7.71078       0.32412579  

BBB P2(x)
0.50559191    0.016738111 

BBB first bond length
0.61952191    0.0028323869

BBB second bond length
0.61954486    0.0028425626

BBB <phi**2>/<phi>**2
1.2219286     0.01023018  

Time = 20000
Temperature
1.0129784     0.0062969199

Pressure
23.500381     0.088672697 

CM Mom
-1.0932251e-16 1.6586482e-17 
-1.6144511e-16 1.4580555e-17 
-1.5879582e-17 2.0546987e-17 
1.9730086e-16  1.5822456e-17 

CM Pos
7.5045626      0.010856116   
7.5003891      0.014209569   
7.4925162      0.013452275   
12.988936      0.011395854   

Stress
20.4769      0.0285405    -0.00840884   0.0883366    0.0743491    0.0621039   
0.0285405    20.4384      -0.0102579    0.0743491    0.0992126    0.0613626   
-0.00840884  -0.0102579   20.4808       0.0621039    0.0613626    0.0838034   

Stress Spherical
0            0            0             0            0            0           
0            0            0             0            0            0           
0            0            0             0            0            0           

Inertia
149.916      -56.2858     -56.2224      0.264455     0.161507     0.104472    
-56.2858     149.974      -56.1798      0.161507     0.201199     0.182695    
-56.2224     -56.1798     150.098       0.104472     0.182695     0.275281    

Bond Length
0.62065765    0.0028559195

BB bond length
0.62065765    0.0028559195

Water EE distance
0             0           

PEG EE distance
7.520602      0.090955893 

BBB P2(x)
0.52592273    0.013166846 

BBB first bond length
0.62076662    0.0027309188

BBB second bond length
0.62070561    0.0030654051

BBB <phi**2>/<phi>**2
1.2259914     0.011843936 

Time = 21000
Temperature
1.0081391     0.0057933881

Pressure
23.513447     0.064193156 

CM Mom
-1.2369827e-16 2.7954981e-17 
-1.6664627e-16 3.5343994e-17 
-1.4954304e-17 8.7395076e-18 
2.1047092e-16  3.324037e-17  

CM Pos
7.4978873      0.017788886   
7.5012792      0.014537184   
7.4999331      0.014836827   
12.989884      0.01273522    

Stress
20.4766      -0.0399783   0.0580182     0.0911299    0.070918     0.0723971   
-0.0399783   20.4942      0.0044813     0.070918     0.0523831    0.070372    
0.0580182    0.0044813    20.508        0.0723971    0.070372     0.145774    

Stress Spherical
0            0            0             0            0            0           
0            0            0             0            0            0           
0            0            0             0            0            0           

Inertia
150.038      -56.2279     -56.217       0.356498     0.147652     0.173855    
-56.2279     149.984      -56.2892      0.147652     0.288826     0.189727    
-56.217      -56.2892     149.99        0.173855     0.189727     0.168412    

Bond Length
0.61972797    0.0020886552

BB bond length
0.61972797    0.0020886552

Water EE distance
0             0           

PEG EE distance
7.0524485     0.37384867  

BBB P2(x)
0.5070816     0.014199497 

BBB first bond length
0.6195815     0.0023114199

BBB second bond length
0.61942044    0.0024701337

BBB <phi**2>/<phi>**2
1.22895       0.015035259 

Time = 22000
Temperature
1.0081188     0.0082779223

Pressure
23.460799     0.099375755 

CM Mom
-1.3550633e-16 1.9753341e-17 
-1.7356101e-16 1.5497264e-17 
-1.5645175e-17 2.203908e-17  
2.2277324e-16  1.4775755e-17 

CM Pos
7.498629       0.01681927    
7.4987574      0.016385206   
7.496373       0.011661339   
12.986797      0.014344636   

Stress
20.4218      -0.0154078   -0.00118771   0.174341     0.0656867    0.0599139   
-0.0154078   20.4571      0.035325      0.0656867    0.124902     0.0667304   
-0.00118771  0.035325     20.4421       0.0599139    0.0667304    0.134264    

Stress Spherical
0            0            0             0            0            0           
0            0            0             0            0            0           
0            0            0             0            0            0           

Inertia
149.941      -56.2241     -56.2205      0.330082     0.175286     0.157011    
-56.2241     149.947      -56.2373      0.175286     0.285683     0.197881    
-56.2205     -56.2373     149.98        0.157011     0.197881     0.244336    

Bond Length
0.61918635    0.0024917224

BB bond length
0.61918635    0.0024917224

Water EE distance
0             0           

PEG EE distance
7.144495      0.30024743  

BBB P2(x)
0.51229916    0.017676229 

BBB first bond length
0.61910786    0.0026652856

BBB second bond length
0.61928122    0.0029337948

BBB <phi**2>/<phi>**2
1.2227535     0.011862582 

Time = 23000
Temperature
1.0086021     0.0053842145

Pressure
23.454163     0.064784474 

CM Mom
-1.4063173e-16 2.0124484e-17 
-1.6490935e-16 1.6648927e-17 
1.067898e-17   1.5685634e-17 
2.1870424e-16  1.3531068e-17 

CM Pos
7.5020408      0.010282552   
7.4975707      0.011364132   
7.4947413      0.01254229    
12.987131      0.012047558   

Stress
20.4366      0.00960927   0.0111071     0.134207     0.0800461    0.0590628   
0.00960927   20.4539      -0.00567013   0.0800461    0.100327     0.0757642   
0.0111071    -0.00567013  20.4063       0.0590628    0.0757642    0.106427    

Stress Spherical
0            0            0             0            0            0           
0            0            0             0            0            0           
0            0            0             0            0            0           

Inertia
149.879      -56.2081     -56.2244      0.260677     0.122982     0.175507    
-56.2081     149.946      -56.2155      0.122982     0.304895     0.110323    
-56.2244     -56.2155     149.991       0.175507     0.110323     0.198874    

Bond Length
0.6201168     0.0028253929

BB bond length
0.6201168     0.0028253929

Water EE distance
0             0           

PEG EE distance
7.0937384     0.3334797   

BBB P2(x)
0.51164575    0.017594949 

BBB first bond length
0.62031239    0.0027409045

BBB second bond length
0.62024961    0.0029820869

BBB <phi**2>/<phi>**2
1.2192893     0.01308838  

Time = 24000
Temperature
1.0124533     0.011009992 

Pressure
23.478384     0.10845066  

CM Mom
-1.3704425e-16 1.7400303e-17 
-1.5282255e-16 1.9010055e-17 
1.1330324e-17  2.4438813e-17 
2.077485e-16   1.9136442e-17 

CM Pos
7.5005574      0.015786044   
7.4966807      0.013449822   
7.5012682      0.0098854077  
12.989535      0.011010183   

Stress
20.4301      0.00184692   -0.0349158    0.117481     0.0511014    0.0733644   
0.00184692   20.4325      -0.0170337    0.0511014    0.117415     0.0577883   
-0.0349158   -0.0170337   20.4721       0.0733644    0.0577883    0.128432    

Stress Spherical
0            0            0             0            0            0           
0            0            0             0            0            0           
0            0            0             0            0            0           

Inertia
149.985      -56.2099     -56.2696      0.288962     0.110139     0.154307    
-56.2099     150.049      -56.258       0.110139     0.22008      0.160244    
-56.2696     -56.258      149.963       0.154307     0.160244     0.206126    

Bond Length
0.6206482     0.0041626374

BB bond length
0.6206482     0.0041626374

Water EE distance
0             0           

PEG EE distance
6.585613      0.17431364  

BBB P2(x)
0.5184561     0.014119811 

BBB first bond length
0.62070268    0.0041241307

BBB second bond length
0.62066953    0.0045560943

BBB <phi**2>/<phi>**2
1.2304636     0.016497737 

Time = 25000
Temperature
1.0085597     0.0043465007

Pressure
23.501479     0.091622007 

CM Mom
-1.2753045e-16 1.4556266e-17 
-1.3433059e-16 2.8646411e-17 
-1.586476e-17  1.7067645e-17 
1.8869731e-16  1.6659612e-17 

CM Pos
7.499074       0.013436727   
7.4894121      0.012607909   
7.5005265      0.010034534   
12.984049      0.014377034   

Stress
20.4807      0.00782564   0.00333939    0.110713     0.091525     0.0678806   
0.00782564   20.4257      -0.0108258    0.091525     0.115982     0.087165    
0.00333939   -0.0108258   20.5326       0.0678806    0.087165     0.114417    

Stress Spherical
0            0            0             0            0            0           
0            0            0             0            0            0           
0            0            0             0            0            0           

Inertia
149.871      -56.1711     -56.2273      0.239967     0.107858     0.165426    
-56.1711     150.007      -56.2025      0.107858     0.316447     0.104513    
-56.2273     -56.2025     149.848       0.165426     0.104513     0.266934    

Bond Length
0.62003305    0.0042885777

BB bond length
0.62003305    0.0042885777

Water EE distance
0             0           

PEG EE distance
7.4123603     0.14616487  

BBB P2(x)
0.5209206     0.018910143 

BBB first bond length
0.62005463    0.0044647688

BBB second bond length
0.61980993    0.0042297476

BBB <phi**2>/<phi>**2
1.2265872     0.021271072 

Time = 26000
Temperature
1.0124867     0.0037473349

Pressure
23.490809     0.079605034 

CM Mom
-1.5538621e-16 1.8013397e-17 
-1.1291677e-16 3.5552663e-17 
-3.9791592e-17 1.2358435e-17 
1.9921036e-16  2.3127451e-17 

CM Pos
7.5027825      0.013167924   
7.4999441      0.0077150338  
7.5072017      0.010738937   
12.996123      0.010624625   

Stress
20.4347      -0.00118137  0.0166477     0.112768     0.123104     0.069321    
-0.00118137  20.4981      0.0169441     0.123104     0.0714997    0.0726572   
0.0166477    0.0169441    20.4389       0.069321     0.0726572    0.09543     

Stress Spherical
0            0            0             0            0            0           
0            0            0             0            0            0           
0            0            0             0            0            0           

Inertia
150.112      -56.282      -56.3299      0.235022     0.0902122    0.0859566   
-56.282      150.143      -56.3474      0.0902122    0.262523     0.166216    
-56.3299     -56.3474     150.068       0.0859566    0.166216     0.262074    

Bond Length
0.61788153    0.0028821522

BB bond length
0.61788153    0.0028821522

Water EE distance
0             0           

PEG EE distance
7.7774506     0.30355762  

BBB P2(x)
0.52004432    0.013482973 

BBB first bond length
0.61763095    0.0030206336

BBB second bond length
0.61771212    0.0031181768

BBB <phi**2>/<phi>**2
1.2304611     0.014703149 

Time = 27000
Temperature
1.0139176     0.0054048226

Pressure
23.521302     0.082143081 

CM Mom
-1.4835303e-16 1.7297653e-17 
-1.0094773e-16 2.2818815e-17 
-4.451542e-17  1.2309761e-17 
1.8668211e-16  1.7375746e-17 

CM Pos
7.499519       0.011409544   
7.5067677      0.014048379   
7.4994881      0.013570348   
12.99373       0.013107911   

Stress
20.4745      0.0294652    0.0401955     0.108878     0.0584413    0.0448997   
0.0294652    20.4782      -0.0286039    0.0584413    0.141133     0.0461678   
0.0401955    -0.0286039   20.4977       0.0448997    0.0461678    0.0606854   

Stress Spherical
0            0            0             0            0            0           
0            0            0             0            0            0           
0            0            0             0            0            0           

Inertia
150.102      -56.3284     -56.2291      0.309132     0.122644     0.141284    
-56.3284     149.996      -56.3006      0.122644     0.275858     0.10869     
-56.2291     -56.3006     150.106       0.141284     0.10869      0.241868    

Bond Length
0.61964189    0.0031121271

BB bond length
0.61964189    0.0031121271

Water EE distance
0             0           

PEG EE distance
7.9151323     0.17915854  

BBB P2(x)
0.53234413    0.010578325 

BBB first bond length
0.61995383    0.0029202852

BBB second bond length
0.61960153    0.0033175107

BBB <phi**2>/<phi>**2
1.233344      0.011849509 

Time = 28000
Temperature
1.0070267     0.0077132731

Pressure
23.486085     0.066687325 

CM Mom
-1.7333401e-16 2.2258756e-17 
-6.1909865e-17 1.2157845e-17 
-6.2960169e-17 1.1014328e-17 
1.9547514e-16  1.9888318e-17 

CM Pos
7.4938822      0.017488864   
7.496384       0.0083241621  
7.4935546      0.014449886   
12.981049      0.018723957   

Stress
20.4551      0.0187669    0.00860308    0.0932985    0.0963512    0.0550231   
0.0187669    20.4758      0.00506888    0.0963512    0.125182     0.100509    
0.00860308   0.00506888   20.4758       0.0550231    0.100509     0.0703079   

Stress Spherical
0            0            0             0            0            0           
