Time = 500
Temperature
   1.0434218   0.041607597

Pressure
   20.230272     0.2208111

CM Mom
6.6642479e-18  1.2328403e-17 
-5.1508814e-18 1.3631618e-17 
-4.6544599e-17 2.5552376e-17 
5.2550845e-17  2.1598302e-17 

CM Pos
7.4790951      0.016768515   
7.5298524      0.023877044   
7.5047008      0.026544875   
12.998359      0.017210102   

Stress
17.0326      0.00804675   0.000675377   0.137318     0.0647411    0.0566355   
0.00804675   17.1413      0.00104275    0.0647411    0.11142      0.0430425   
0.000675377  0.00104275   17.1392       0.0566355    0.0430425    0.157885    

Stress Spherical
0            0            0             0            0            0           
0            0            0             0            0            0           
0            0            0             0            0            0           

Inertia
149.356      -56.3531     -56.0099      0.416798     0.237252     0.362148    
-56.3531     148.772      -56.4167      0.237252     0.357563     0.101449    
-56.0099     -56.4167     149.203       0.362148     0.101449     0.548637    

Bond Length
0.6122517     0.0022582914

BB bond length
0.6122517     0.0022582914

Water EE distance
0             0           

PEG EE distance
3.546599      0.090505241 

Time = 1000
Temperature
1.006503      0.0033519228

Pressure
19.958186     0.071486353 

CM Mom
1.9764627e-18  1.6015389e-17 
1.1380033e-17  1.2857432e-17 
-5.2283478e-17 3.0885655e-18 
5.7246225e-17  4.6031383e-18 

CM Pos
7.5173702      0.016493255   
7.5081928      0.012844344   
7.5076679      0.006459759   
13.009586      0.0059593693  

Stress
16.8884      0.0777384    -0.0144899    0.0458651    0.067933     0.043056    
0.0777384    17.0269      0.00738862    0.067933     0.10495      0.0647117   
-0.0144899   0.00738862   16.9132       0.043056     0.0647117    0.120086    

Stress Spherical
0            0            0             0            0            0           
0            0            0             0            0            0           
0            0            0             0            0            0           

Inertia
149.271      -56.4743     -56.4099      0.399541     0.0445928    0.204393    
-56.4743     149.601      -56.2745      0.0445928    0.204063     0.0574608   
-56.4099     -56.2745     149.719       0.204393     0.0574608    0.28255     

Bond Length
0.61584845    0.0027443265

BB bond length
0.61584845    0.0027443265

Water EE distance
0             0           

PEG EE distance
3.7015753     0.0725767   

