Time = 1000
Temperature
   1.1018581    0.13659962

Pressure
   23.801244    0.72204421

CM Mom
1.0647634e-17  1.7336953e-17 
-1.9159929e-17 1.6153498e-17 
6.7122266e-17  2.1481259e-16 
1.5282104e-16  1.6833764e-16 

CM Pos
7.5033011      0.016510981   
7.4975212      0.031356596   
7.5007769      0.015428251   
12.991328      0.029788218   

Stress
20.5161      0.0052742    -0.0324768    0.357144     0.0380522    0.056905    
0.0052742    20.4452      -0.0120476    0.0380522    0.332007     0.045484    
-0.0324768   -0.0120476   20.5277       0.056905     0.045484     0.319524    

Stress Spherical
0            0            0             0            0            0           
0            0            0             0            0            0           
0            0            0             0            0            0           

Inertia
150.063      -56.2413     -56.2673      0.760124     0.346621     0.237289    
-56.2413     150.141      -56.2342      0.346621     0.976475     0.313931    
-56.2673     -56.2342     150.091       0.237289     0.313931     0.75976     

Bond Length
0.61906941    0.0064017097

BB bond length
0.61906941    0.0064017097

Water EE distance
0             0           

PEG EE distance
6.8926709     0.19175863  

BBB P2(x)
0.47583759    0.071228229 

BBB first bond length
0.61902278    0.0065601064

BBB second bond length
0.61930957    0.0064161779

BBB <phi**2>/<phi>**2
1.2246788     0.018604113 

Time = 2000
Temperature
1.0117069     0.0072094582

Pressure
23.371297     0.08011087  

CM Mom
-7.4629953e-18 2.0114948e-17 
-4.736681e-17  1.5261873e-17 
-4.196348e-17  3.8448786e-17 
7.3148776e-17  2.8728841e-17 

CM Pos
7.4991521      0.011385581   
7.4969285      0.012935642   
7.5004806      0.018153397   
12.988409      0.016766885   

Stress
20.3326      -0.0353273   -0.023269     0.127141     0.0877209    0.066762    
-0.0353273   20.3284      0.0134384     0.0877209    0.0770398    0.0656319   
-0.023269    0.0134384    20.3494       0.066762     0.0656319    0.135526    

Stress Spherical
0            0            0             0            0            0           
0            0            0             0            0            0           
0            0            0             0            0            0           

Inertia
149.843      -56.1875     -56.2288      0.393165     0.201818     0.14426     
-56.1875     149.87       -56.1776      0.201818     0.330825     0.210443    
-56.2288     -56.1776     149.794       0.14426      0.210443     0.297996    

Bond Length
0.61782465    0.00092154314

BB bond length
0.61782465    0.00092154314

Water EE distance
0             0           

PEG EE distance
7.1919209     0.14730239  

BBB P2(x)
0.51312822    0.010292847 

BBB first bond length
0.61779428    0.0012318194

BBB second bond length
0.61779224    0.0010176655

BBB <phi**2>/<phi>**2
1.2278277     0.0074810525

