Time = 1000
Temperature
   1.0501635   0.066651688

Pressure
   23.628675    0.29896685

CM Mom
1.6262844e-17  2.666465e-17  
-6.3087599e-18 1.6421857e-17 
-5.6656e-17    1.0791571e-16 
1.1063855e-16  6.2448171e-17 

CM Pos
7.4999918      0.01185889    
7.50164        0.019455446   
7.5049094      0.01371573    
12.994171      0.019199811   

Stress
20.4807      0.00116686   0.0323333     0.11517      0.0815411    0.0483092   
0.00116686   20.509       -0.00416005   0.0815411    0.148786     0.0723005   
0.0323333    -0.00416005  20.4682       0.0483092    0.0723005    0.15014     

Stress Spherical
0            0            0             0            0            0           
0            0            0             0            0            0           
0            0            0             0            0            0           

Inertia
150.154      -56.2453     -56.3039      0.627428     0.243166     0.128711    
-56.2453     150.114      -56.279       0.243166     0.871646     0.2091      
-56.3039     -56.279      150.078       0.128711     0.2091       0.820216    

Bond Length
0.61861571    0.0061858033

BB bond length
0.61861571    0.0061858033

Water EE distance
0             0           

PEG EE distance
6.5457029     0.16671144  

BBB P2(x)
0.47535774    0.058867584 

BBB first bond length
0.61821724    0.0061787768

BBB second bond length
0.6186011     0.0060197891

BBB <phi**2>/<phi>**2
1.2151684     0.017378205 

Time = 2000
Temperature
1.0095286     0.0093348836

Pressure
23.325922     0.098796494 

CM Mom
-6.3502559e-18 2.852113e-17  
-1.0811209e-17 3.0225181e-17 
-4.0657521e-17 3.2477802e-17 
6.7118871e-17  9.3339836e-18 

CM Pos
7.4941997      0.014096399   
7.511442       0.0090447861  
7.5086223      0.014170527   
12.99863       0.017298856   

Stress
20.3288      0.00716113   -0.00896784   0.135747     0.0734699    0.0707776   
0.00716113   20.2609      -0.0135939    0.0734699    0.14991      0.0480459   
-0.00896784  -0.0135939   20.3248       0.0707776    0.0480459    0.110471    

Stress Spherical
0            0            0             0            0            0           
0            0            0             0            0            0           
0            0            0             0            0            0           

Inertia
150.187      -56.3376     -56.2662      0.510397     0.184638     0.184135    
-56.3376     149.903      -56.3861      0.184638     0.599964     0.13377     
-56.2662     -56.3861     149.962       0.184135     0.13377      0.497599    

Bond Length
0.61830343    0.0031069918

BB bond length
0.61830343    0.0031069918

Water EE distance
0             0           

PEG EE distance
6.5382047     0.21715624  

BBB P2(x)
0.50841363    0.01759892  

BBB first bond length
0.61807713    0.0033759677

BBB second bond length
0.6183633     0.0029137336

BBB <phi**2>/<phi>**2
1.2218656     0.010772072 

Time = 3000
Temperature
1.0132866     0.0061707551

Pressure
23.409177     0.064277693 

CM Mom
-1.1864547e-17 2.3311138e-17 
-2.7501516e-17 1.6265409e-17 
-3.342685e-17  1.7205705e-17 
5.3188701e-17  1.7012531e-17 

CM Pos
7.5002888      0.014136242   
7.5059469      0.013928761   
7.5029787      0.017881089   
12.995711      0.021459271   

Stress
20.3754      -0.0253308   -0.0409657    0.108392     0.0693256    0.0410597   
-0.0253308   20.3704      -0.0130822    0.0693256    0.105855     0.0813066   
-0.0409657   -0.0130822   20.3847       0.0410597    0.0813066    0.112431    

Stress Spherical
0            0            0             0            0            0           
0            0            0             0            0            0           
0            0            0             0            0            0           

Inertia
150.07       -56.2682     -56.3043      0.490092     0.193269     0.25412     
-56.2682     149.97       -56.331       0.193269     0.503199     0.223046    
-56.3043     -56.331      150.022       0.25412      0.223046     0.423709    

Bond Length
0.61959976    0.0026149846

BB bond length
0.61959976    0.0026149846

Water EE distance
0             0           

PEG EE distance
7.2031076     0.32624544  

BBB P2(x)
0.52133535    0.021103545 

BBB first bond length
0.61999135    0.0029190674

BBB second bond length
0.61979792    0.0024395679

BBB <phi**2>/<phi>**2
1.2286187     0.0081559749

Time = 4000
Temperature
1.0123083     0.0085005459

Pressure
23.350837     0.096247866 

CM Mom
2.0838666e-18  2.2735216e-17 
-2.7696767e-17 2.1534083e-17 
-4.3147142e-17 1.6171578e-17 
5.9642371e-17  1.7833774e-17 

CM Pos
7.5008829      0.012933589   
7.506838       0.014288333   
7.4980777      0.0068783383  
12.993737      0.015353205   

Stress
20.2798      0.0165913    0.026035      0.0899032    0.0940957    0.0588343   
0.0165913    20.3563      -0.0176346    0.0940957    0.0762787    0.0715733   
0.026035     -0.0176346   20.3282       0.0588343    0.0715733    0.18197     

Stress Spherical
0            0            0             0            0            0           
0            0            0             0            0            0           
0            0            0             0            0            0           

Inertia
150.027      -56.3213     -56.2635      0.297564     0.149519     0.152461    
-56.3213     149.929      -56.2918      0.149519     0.298922     0.167997    
-56.2635     -56.2918     150.063       0.152461     0.167997     0.356472    

Bond Length
0.62159174    0.0023554047

BB bond length
0.62159174    0.0023554047

Water EE distance
0             0           

PEG EE distance
7.3319787     0.15199523  

BBB P2(x)
0.52661518    0.014447577 

BBB first bond length
0.62169393    0.0024576556

BBB second bond length
0.62182575    0.0021748958

BBB <phi**2>/<phi>**2
1.2252053     0.014436662 

Time = 5000
Temperature
1.0070893     0.0075925792

Pressure
23.338782     0.10157722  

CM Mom
-2.3688422e-18 2.0448119e-17 
-1.7272075e-17 2.9572621e-17 
-6.7269347e-17 1.9871584e-17 
7.8129313e-17  2.0309032e-17 

CM Pos
7.502665       0.011565102   
7.5003033      0.013119839   
7.500751       0.014292192   
12.992539      0.01521973    

Stress
20.3068      -0.0386988   -0.017274     0.130461     0.0692584    0.0828835   
-0.0386988   20.3451      -0.0158893    0.0692584    0.0966789    0.0690584   
-0.017274    -0.0158893   20.323        0.0828835    0.0690584    0.0942779   

Stress Spherical
0            0            0             0            0            0           
0            0            0             0            0            0           
0            0            0             0            0            0           

Inertia
149.992      -56.3022     -56.2516      0.328805     0.189542     0.176542    
-56.3022     150.013      -56.2503      0.189542     0.28701      0.181197    
-56.2516     -56.2503     150.021       0.176542     0.181197     0.281831    

Bond Length
0.62041723    0.0024791593

BB bond length
0.62041723    0.0024791593

Water EE distance
0             0           

PEG EE distance
7.6647723     0.1949506   

BBB P2(x)
0.52705924    0.019241568 

BBB first bond length
0.62030233    0.0026428106

BBB second bond length
0.62062515    0.0021756707

BBB <phi**2>/<phi>**2
1.2303626     0.0097318596

Time = 6000
Temperature
1.0129352     0.0063826636

Pressure
23.375566     0.084889687 

CM Mom
-1.144574e-17  1.8721442e-17 
-1.2413338e-17 1.9139492e-17 
-6.8048977e-17 4.0161659e-17 
7.7152655e-17  3.5958287e-17 

CM Pos
7.5053383      0.017104372   
7.5035707      0.011773022   
7.5016421      0.0080650539  
12.996485      0.013123956   

Stress
20.3392      -0.0322073   -0.0207562    0.117033     0.0824514    0.0712706   
-0.0322073   20.3132      0.0278088     0.0824514    0.0944337    0.0838846   
-0.0207562   0.0278088    20.3805       0.0712706    0.0838846    0.126719    

Stress Spherical
0            0            0             0            0            0           
0            0            0             0            0            0           
0            0            0             0            0            0           

Inertia
150.065      -56.2928     -56.3094      0.219559     0.196799     0.130014    
-56.2928     150.086      -56.3113      0.196799     0.364603     0.151591    
-56.3094     -56.3113     150.103       0.130014     0.151591     0.327112    

Bond Length
0.61900141    0.0035317428

BB bond length
0.61900141    0.0035317428

Water EE distance
0             0           

PEG EE distance
7.6077376     0.16486261  

BBB P2(x)
0.51616104    0.016242353 

BBB first bond length
0.61890798    0.0034616943

BBB second bond length
0.61889567    0.0036357917

BBB <phi**2>/<phi>**2
1.2306541     0.0090676188

Time = 7000
Temperature
1.011381      0.0095001365

Pressure
23.3824       0.084223778 

CM Mom
-3.57408e-18   2.4844483e-17 
-1.4449388e-18 1.86743e-17   
-3.45087e-17   1.2084587e-17 
4.6573167e-17  1.2192924e-17 

CM Pos
7.5077145      0.018573265   
7.5026796      0.0064736123  
7.4992658      0.01699895    
12.99598       0.012133652   

Stress
20.3848      -0.0344989   0.042805      0.111349     0.0828334    0.0683643   
-0.0344989   20.323       0.023578      0.0828334    0.123959     0.0824921   
0.042805     0.023578     20.3595       0.0683643    0.0824921    0.133739    

Stress Spherical
0            0            0             0            0            0           
0            0            0             0            0            0           
0            0            0             0            0            0           

Inertia
150.028      -56.3311     -56.3023      0.210336     0.166501     0.168519    
-56.3311     150.076      -56.2802      0.166501     0.23919      0.156942    
-56.3023     -56.2802     150.147       0.168519     0.156942     0.300755    

Bond Length
0.61806464    0.0030246015

BB bond length
0.61806464    0.0030246015

Water EE distance
0             0           

PEG EE distance
7.7300872     0.24430587  

BBB P2(x)
0.51655148    0.014824718 

BBB first bond length
0.6183526     0.0031401879

BBB second bond length
0.61783873    0.0027884754

BBB <phi**2>/<phi>**2
1.2256653     0.01504128  

Time = 8000
Temperature
1.0101843     0.0069223393

Pressure
23.363516     0.099293693 

CM Mom
-1.5311185e-17 2.4679636e-17 
1.3223746e-17  1.4707527e-17 
-2.3513644e-17 2.9468369e-17 
4.7688619e-17  1.9538871e-17 

CM Pos
7.5008829      0.012499975   
7.5059469      0.011050144   
7.4921371      0.0081412694  
12.989798      0.009566437   

Stress
20.317       -0.0516498   -0.0390757    0.13436      0.0795695    0.0727603   
-0.0516498   20.3526      0.0196792     0.0795695    0.108489     0.0634412   
-0.0390757   0.0196792    20.3517       0.0727603    0.0634412    0.118346    

Stress Spherical
0            0            0             0            0            0           
0            0            0             0            0            0           
0            0            0             0            0            0           

Inertia
149.979      -56.306      -56.197       0.272793     0.100606     0.106011    
-56.306      149.88       -56.2393      0.100606     0.228069     0.130684    
-56.197      -56.2393     150.112       0.106011     0.130684     0.198768    

Bond Length
0.61906985    0.0032475194

BB bond length
0.61906985    0.0032475194

Water EE distance
0             0           

PEG EE distance
8.0615333     0.25691661  

BBB P2(x)
0.52369876    0.011545258 

BBB first bond length
0.61888419    0.0029369118

BBB second bond length
0.61937624    0.0031852552

BBB <phi**2>/<phi>**2
1.228511      0.0062928672

Time = 9000
Temperature
1.0089626     0.0055631129

Pressure
23.319384     0.064995294 

CM Mom
1.1764517e-18  1.7314159e-17 
6.6228651e-18  2.1215225e-17 
-2.4252877e-17 2.0505732e-17 
3.9335876e-17  1.601525e-17  

CM Pos
7.502665       0.0081939292  
7.5046103      0.014941066   
7.496444       0.016258137   
12.992546      0.011132346   

Stress
20.3141      -0.00407123  -0.00222464   0.106525     0.0770637    0.0857276   
-0.00407123  20.3035      0.0170711     0.0770637    0.114301     0.0442746   
-0.00222464  0.0170711    20.2824       0.0857276    0.0442746    0.0748494   

Stress Spherical
0            0            0             0            0            0           
0            0            0             0            0            0           
0            0            0             0            0            0           

Inertia
150.04       -56.3404     -56.2654      0.184271     0.147912     0.179762    
-56.3404     149.992      -56.249       0.147912     0.337143     0.104664    
-56.2654     -56.249      150.124       0.179762     0.104664     0.259371    

Bond Length
0.62254483    0.0025572898

BB bond length
0.62254483    0.0025572898

Water EE distance
0             0           

PEG EE distance
7.4727543     0.16281078  

BBB P2(x)
0.51472006    0.0097770339

BBB first bond length
0.62269716    0.0026126062

BBB second bond length
0.62246663    0.0024803818

BBB <phi**2>/<phi>**2
1.2281784     0.0086409341

Time = 10000
Temperature
1.0123156     0.0087982017

Pressure
23.378249     0.092874053 

CM Mom
3.6258125e-18  3.0849062e-17 
-2.3712605e-17 1.4989057e-17 
-5.1953766e-17 1.2137694e-17 
6.5762415e-17  1.6540639e-17 

CM Pos
7.5041502      0.015776164   
7.4949568      0.015559367   
7.4954044      0.008454918   
12.987228      0.014667192   

Stress
20.3647      0.00217067   0.00377956    0.116279     0.0960188    0.0458852   
0.00217067   20.3024      -0.0180088    0.0960188    0.0863918    0.0703272   
0.00377956   -0.0180088   20.3793       0.0458852    0.0703272    0.071965    

Stress Spherical
0            0            0             0            0            0           
0            0            0             0            0            0           
0            0            0             0            0            0           

Inertia
149.861      -56.276      -56.2638      0.275911     0.163231     0.177528    
-56.276      149.982      -56.1997      0.163231     0.329657     0.140532    
-56.2638     -56.1997     149.986       0.177528     0.140532     0.294135    

Bond Length
0.61933314    0.00152915  

BB bond length
0.61933314    0.00152915  

Water EE distance
0             0           

PEG EE distance
7.6884574     0.19200774  

BBB P2(x)
0.52484752    0.014699698 

BBB first bond length
0.61896113    0.0013830892

BBB second bond length
0.61964204    0.0016492937

BBB <phi**2>/<phi>**2
1.2331005     0.01081578  

Time = 11000
Temperature
1.011133      0.0075094973

Pressure
23.352272     0.078934764 

CM Mom
4.0800421e-17  1.7401708e-17 
-5.6948395e-17 2.0070442e-17 
-4.3770543e-17 2.0444904e-17 
8.8478144e-17  1.090453e-17  

CM Pos
7.4999918      0.010327924   
7.5056499      0.014657144   
7.4955529      0.012404325   
12.991083      0.014472097   

Stress
20.278       0.0490619    0.00700081    0.127229     0.0775547    0.0749737   
0.0490619    20.3011      0.0464085     0.0775547    0.0927489    0.0674446   
0.00700081   0.0464085    20.4          0.0749737    0.0674446    0.13286     

Stress Spherical
0            0            0             0            0            0           
0            0            0             0            0            0           
0            0            0             0            0            0           

Inertia
150.046      -56.2928     -56.1931      0.333225     0.133733     0.140105    
-56.2928     149.934      -56.2598      0.133733     0.314935     0.149576    
-56.1931     -56.2598     150.098       0.140105     0.149576     0.312816    

Bond Length
0.61819367    0.0027306166

BB bond length
0.61819367    0.0027306166

Water EE distance
0             0           

PEG EE distance
7.9821762     0.1588603   

BBB P2(x)
0.52008076    0.015769757 

BBB first bond length
0.61831543    0.0028672119

BBB second bond length
0.61838402    0.002786295 

BBB <phi**2>/<phi>**2
1.2266606     0.010776537 

Time = 12000
Temperature
1.0113136     0.0085324337

Pressure
23.368083     0.068666591 

CM Mom
4.4107182e-17  1.5081355e-17 
-6.7386965e-17 2.3291783e-17 
-4.3591231e-17 1.6417232e-17 
9.5283958e-17  1.8630329e-17 

CM Pos
7.5100908      0.015929213   
7.5050558      0.020224211   
7.4998599      0.017024881   
12.99907       0.019001312   

Stress
20.2953      -0.0158747   0.0145537     0.0820034    0.0626514    0.0682424   
-0.0158747   20.368       0.020016      0.0626514    0.118632     0.0919701   
0.0145537    0.020016     20.3616       0.0682424    0.0919701    0.106331    

Stress Spherical
0            0            0             0            0            0           
0            0            0             0            0            0           
0            0            0             0            0            0           

Inertia
150.086      -56.3702     -56.3279      0.374359     0.225185     0.207112    
-56.3702     150.152      -56.2819      0.225185     0.446823     0.156987    
-56.3279     -56.2819     150.231       0.207112     0.156987     0.451373    

Bond Length
0.61932828    0.0041905918

BB bond length
0.61932828    0.0041905918

Water EE distance
0             0           

PEG EE distance
8.0498218     0.18172938  

BBB P2(x)
0.51535174    0.01153231  

BBB first bond length
0.61917243    0.0040680557

BBB second bond length
0.61940061    0.0043614044

BBB <phi**2>/<phi>**2
1.2225563     0.0090741762

Time = 13000
Temperature
1.0068227     0.0089166288

Pressure
23.335388     0.086001889 

CM Mom
3.0283806e-17  2.8118641e-17 
-6.0863306e-17 1.4656579e-17 
-4.4973376e-17 1.7970828e-17 
8.8139227e-17  1.4281319e-17 

CM Pos
7.4995462      0.0093281042  
7.501937       0.014524874   
7.5050579      0.0083960163  
12.994166      0.012940005   

Stress
20.336       -0.0237729   0.0105105     0.104902     0.0475279    0.0654053   
-0.0237729   20.3131      -0.00924017   0.0475279    0.0923495    0.0456563   
0.0105105    -0.00924017  20.318        0.0654053    0.0456563    0.122298    

Stress Spherical
0            0            0             0            0            0           
0            0            0             0            0            0           
0            0            0             0            0            0           

Inertia
150.109      -56.2643     -56.2933      0.283452     0.132209     0.15506     
-56.2643     150.046      -56.2805      0.132209     0.25368      0.139189    
-56.2933     -56.2805     150.024       0.15506      0.139189     0.279557    

Bond Length
0.61943367    0.0028466092

BB bond length
0.61943367    0.0028466092

Water EE distance
0             0           

PEG EE distance
7.8219535     0.2414046   

BBB P2(x)
0.52272379    0.01881032  

BBB first bond length
0.61942453    0.0028898945

BBB second bond length
0.6191017     0.0031496874

BBB <phi**2>/<phi>**2
1.2262295     0.0098540485

Time = 14000
Temperature
1.0100462     0.0052016968

Pressure
23.39696      0.088083919 

CM Mom
2.9209033e-17  3.938839e-17  
-7.9731601e-17 1.5186982e-17 
-5.8959163e-17 1.2295024e-17 
1.1130475e-16  1.5198288e-17 

CM Pos
7.4989522      0.014143262   
7.5007489      0.017797632   
7.4939193      0.0082702906  
12.986712      0.015452514   

Stress
20.3668      0.00837147   -0.00852515   0.104004     0.0663652    0.0890868   
0.00837147   20.3677      0.00931106    0.0663652    0.152071     0.0393849   
-0.00852515  0.00931106   20.3885       0.0890868    0.0393849    0.0960076   

Stress Spherical
0            0            0             0            0            0           
0            0            0             0            0            0           
0            0            0             0            0            0           

Inertia
149.928      -56.2418     -56.2057      0.265213     0.186866     0.135023    
-56.2418     149.898      -56.1978      0.186866     0.251304     0.155964    
-56.2057     -56.1978     150.003       0.135023     0.155964     0.357942    

Bond Length
0.61954651    0.0041904718

BB bond length
0.61954651    0.0041904718

Water EE distance
0             0           

PEG EE distance
7.513333      0.22408439  

BBB P2(x)
0.51538337    0.013508901 

BBB first bond length
0.61983127    0.004110092 

BBB second bond length
0.61939849    0.0039984199

BBB <phi**2>/<phi>**2
1.2265885     0.011373387 

Time = 15000
Temperature
1.010541      0.0075703447

Pressure
23.354279     0.089210465 

CM Mom
-7.1803125e-18 1.4023758e-17 
-8.7529269e-17 1.6476436e-17 
-9.6855417e-17 3.4182171e-17 
1.3339156e-16  3.0612941e-17 

CM Pos
7.5059324      0.016441607   
7.5037192      0.010311894   
7.491246       0.01443653    
12.990918      0.014604051   

Stress
20.3284      0.00563662   -0.0196453    0.097238     0.0696991    0.0542557   
0.00563662   20.318       0.0160069     0.0696991    0.120549     0.0907445   
-0.0196453   0.0160069    20.344        0.0542557    0.0907445    0.101682    

Stress Spherical
0            0            0             0            0            0           
0            0            0             0            0            0           
0            0            0             0            0            0           

Inertia
149.931      -56.2942     -56.2222      0.18647      0.135817     0.249465    
-56.2942     149.96       -56.2347      0.135817     0.385909     0.122695    
-56.2222     -56.2347     150.14        0.249465     0.122695     0.227282    

Bond Length
0.61889249    0.0026327977

BB bond length
0.61889249    0.0026327977

Water EE distance
0             0           

PEG EE distance
7.5996116     0.17545684  

BBB P2(x)
0.51803506    0.011600728 

BBB first bond length
0.61916495    0.0030837974

BBB second bond length
0.61887817    0.0026384504

BBB <phi**2>/<phi>**2
1.2296179     0.0094041555

Time = 16000
Temperature
1.0140389     0.010414891 

Pressure
23.38025      0.049923222 

CM Mom
-3.5144055e-17 1.7867133e-17 
-9.8708583e-17 2.2411068e-17 
-7.0881282e-17 2.6713933e-17 
1.2994206e-16  2.5550562e-17 

CM Pos
7.502665       0.010185997   
7.5007489      0.010710588   
7.5008995      0.012268441   
12.992879      0.01316397    

Stress
20.3536      0.00337686   -0.0141935    0.0791265    0.0748115    0.0636689   
0.00337686   20.3546      0.0253796     0.0748115    0.103852     0.127162    
-0.0141935   0.0253796    20.3287       0.0636689    0.127162     0.13819     

Stress Spherical
0            0            0             0            0            0           
0            0            0             0            0            0           
0            0            0             0            0            0           

Inertia
150.032      -56.2568     -56.2744      0.279451     0.0891753    0.139754    
-56.2568     150.057      -56.2616      0.0891753    0.225633     0.175169    
-56.2744     -56.2616     150.052       0.139754     0.175169     0.189126    

Bond Length
0.61899919    0.0020483708

BB bond length
0.61899919    0.0020483708

Water EE distance
0             0           

PEG EE distance
7.5429913     0.15411331  

BBB P2(x)
0.51232658    0.013393943 

BBB first bond length
0.61886109    0.0021878937

BBB second bond length
0.61903838    0.0022826575

BBB <phi**2>/<phi>**2
1.2291139     0.012715533 

Time = 17000
Temperature
1.0191156     0.0084716469

Pressure
23.383816     0.095828601 

CM Mom
-4.0385874e-17 1.67921e-17   
-9.3778601e-17 2.2139535e-17 
-5.8648768e-17 2.1309236e-17 
1.2144001e-16  1.8538165e-17 

CM Pos
7.5037046      0.011882116   
7.4919865      0.020393636   
7.4919886      0.010379053   
12.98328       0.021305648   

Stress
20.313       -0.00732783  0.00770847    0.131912     0.101605     0.0739779   
-0.00732783  20.3353      -0.0142159    0.101605     0.0982659    0.0807365   
0.00770847   -0.0142159   20.3538       0.0739779    0.0807365    0.105894    

Stress Spherical
0            0            0             0            0            0           
0            0            0             0            0            0           
0            0            0             0            0            0           

Inertia
149.773      -56.2313     -56.1909      0.434025     0.154838     0.171926    
-56.2313     149.951      -56.11        0.154838     0.27817      0.240555    
-56.1909     -56.11       149.939       0.171926     0.240555     0.428044    

Bond Length
0.61801098    0.0021852945

BB bond length
0.61801098    0.0021852945

Water EE distance
0             0           

PEG EE distance
7.3642125     0.15216329  

BBB P2(x)
0.51735208    0.014534462 

BBB first bond length
0.61818871    0.0022484716

BBB second bond length
0.61828301    0.0026872472

BBB <phi**2>/<phi>**2
1.2267327     0.015288874 

Time = 18000
Temperature
1.0155828     0.0077248402

Pressure
23.401667     0.096135309 

CM Mom
-3.3449041e-17 1.7991752e-17 
-9.563005e-17  1.7831812e-17 
-7.6068002e-17 1.5351855e-17 
1.2851078e-16  2.0313081e-17 

CM Pos
7.4955363      0.0098692561  
7.5007489      0.0064753157  
7.4980777      0.016474441   
12.987139      0.010141101   

Stress
20.4053      -0.00356773  -0.0263722    0.0996206    0.0761363    0.0560906   
-0.00356773  20.3554      0.0193782     0.0761363    0.105412     0.0706622   
-0.0263722   0.0193782    20.3267       0.0560906    0.0706622    0.139951    

Stress Spherical
0            0            0             0            0            0           
0            0            0             0            0            0           
0            0            0             0            0            0           

Inertia
149.959      -56.1816     -56.2017      0.216104     0.124516     0.151665    
-56.1816     149.886      -56.2501      0.124516     0.295294     0.127707    
-56.2017     -56.2501     149.921       0.151665     0.127707     0.195837    

Bond Length
0.61767247    0.0028845051

BB bond length
0.61767247    0.0028845051

Water EE distance
0             0           

PEG EE distance
7.366301      0.069507965 

BBB P2(x)
0.50593069    0.018695388 

BBB first bond length
0.61768121    0.0032073591

BBB second bond length
0.61761342    0.0030145128

BBB <phi**2>/<phi>**2
1.2154255     0.0083849243

Time = 19000
Temperature
1.0111073     0.0095942689

Pressure
23.338892     0.1141494   

CM Mom
-5.4839246e-18 1.4090042e-17 
-1.078965e-16  2.0051114e-17 
-4.8046001e-17 2.944107e-17  
1.2323851e-16  1.6117346e-17 

CM Pos
7.5008829      0.011810433   
7.4994123      0.012858333   
7.4959985      0.012679551   
12.988256      0.0098434861  

Stress
20.3181      -0.00445896  0.0563019     0.10598      0.0400979    0.085551    
-0.00445896  20.3498      0.0378819     0.0400979    0.109818     0.0631488   
0.0563019    0.0378819    20.2713       0.085551     0.0631488    0.175755    

Stress Spherical
0            0            0             0            0            0           
0            0            0             0            0            0           
0            0            0             0            0            0           

Inertia
149.942      -56.2912     -56.2298      0.364725     0.108923     0.105171    
-56.2912     149.94       -56.2217      0.108923     0.175635     0.167429    
-56.2298     -56.2217     149.992       0.105171     0.167429     0.14239     

Bond Length
0.61882967    0.0040001886

BB bond length
0.61882967    0.0040001886

Water EE distance
0             0           

PEG EE distance
7.0033721     0.1375452   

BBB P2(x)
0.5181468     0.022035033 

BBB first bond length
0.61867392    0.0040257343

BBB second bond length
0.61891428    0.0037444887

BBB <phi**2>/<phi>**2
1.2220515     0.020602789 

Time = 20000
Temperature
1.0130792     0.0086034148

Pressure
23.342026     0.063336219 

CM Mom
6.468698e-18   1.5835025e-17 
-5.4379493e-17 3.2002045e-17 
-6.4982673e-17 2.9078138e-17 
9.4784478e-17  1.8921968e-17 

CM Pos
7.4993977      0.019525044   
7.5087687      0.0097941012  
7.5004539      0.016583863   
12.995381      0.014762436   

Stress
20.3403      -0.00560856  0.0220066     0.131642     0.04155      0.0664856   
-0.00560856  20.2591      -0.0150113    0.04155      0.108016     0.051992    
0.0220066    -0.0150113   20.3315       0.0664856    0.051992     0.0867592   

Stress Spherical
0            0            0             0            0            0           
0            0            0             0            0            0           
0            0            0             0            0            0           

Inertia
150.134      -56.3186     -56.2221      0.363684     0.14356      0.168458    
-56.3186     149.989      -56.3192      0.14356      0.328821     0.196358    
-56.2221     -56.3192     150.098       0.168458     0.196358     0.274562    

Bond Length
0.61972644    0.0021632125

BB bond length
0.61972644    0.0021632125

Water EE distance
0             0           

PEG EE distance
6.8128714     0.29155509  

BBB P2(x)
0.50067858    0.011044185 

BBB first bond length
0.62004095    0.0024442172

BBB second bond length
0.62009197    0.0021232485

BBB <phi**2>/<phi>**2
1.2229846     0.010245302 

Time = 21000
Temperature
1.0112967     0.0063889627

Pressure
23.428301     0.11749081  

CM Mom
1.4979217e-17  9.6510717e-18 
-8.2312595e-17 3.408619e-17  
-8.0944052e-17 2.2265912e-17 
1.2000585e-16  3.0017638e-17 

CM Pos
7.5050413      0.012243246   
7.4931746      0.010463712   
7.4957015      0.010759898   
12.986882      0.011313247   

Stress
20.4088      0.00192702   -0.000909018  0.111351     0.0793036    0.0891453   
0.00192702   20.455       0.0278262     0.0793036    0.13292      0.0703303   
-0.000909018 0.0278262    20.342        0.0891453    0.0703303    0.157183    

Stress Spherical
0            0            0             0            0            0           
0            0            0             0            0            0           
0            0            0             0            0            0           

Inertia
149.83       -56.2556     -56.2409      0.186982     0.182747     0.179699    
-56.2556     150.011      -56.1513      0.182747     0.275727     0.101337    
-56.2409     -56.1513     149.949       0.179699     0.101337     0.207231    

Bond Length
0.62023233    0.0030856089

BB bond length
0.62023233    0.0030856089

Water EE distance
0             0           

PEG EE distance
7.6848535     0.23691143  

BBB P2(x)
0.5167896     0.011307293 

BBB first bond length
0.61987596    0.0032535279

BBB second bond length
0.62012148    0.0030437337

BBB <phi**2>/<phi>**2
1.2318375     0.010987899 

Time = 22000
Temperature
1.0093715     0.0087399991

Pressure
23.404212     0.11403545  

CM Mom
1.4757172e-18  1.060144e-17  
-4.753266e-17  8.8641647e-18 
-6.7723124e-17 2.2422843e-17 
8.5210261e-17  1.6760439e-17 

CM Pos
7.511873       0.011765526   
7.4974816      0.012394541   
7.5069886      0.013566976   
12.999836      0.0093920561  

Stress
20.3871      0.00202501   -0.0121011    0.138904     0.0728131    0.0804903   
0.00202501   20.3736      0.0137504     0.0728131    0.170208     0.0746299   
-0.0121011   0.0137504    20.39         0.0804903    0.0746299    0.112967    

Stress Spherical
0            0            0             0            0            0           
0            0            0             0            0            0           
0            0            0             0            0            0           

Inertia
150.083      -56.3549     -56.3745      0.181921     0.144687     0.197765    
-56.3549     150.282      -56.3452      0.144687     0.322774     0.101264    
-56.3745     -56.3452     150.137       0.197765     0.101264     0.201028    

Bond Length
0.61863176    0.0026640217

BB bond length
0.61863176    0.0026640217

Water EE distance
0             0           

PEG EE distance
7.3483933     0.15324251  

BBB P2(x)
0.50735147    0.017088835 

BBB first bond length
0.61835756    0.0023618028

BBB second bond length
0.61840724    0.002775608 

BBB <phi**2>/<phi>**2
1.2250631     0.010809747 

Time = 23000
Temperature
1.0075216     0.0040604021

Pressure
23.325687     0.064802051 

CM Mom
2.1123092e-17  1.9749861e-17 
-6.4662934e-17 1.765221e-17  
-8.6552327e-17 1.8870583e-17 
1.1311858e-16  1.9512279e-17 

CM Pos
7.4992492      0.016525239   
7.5029766      0.012960846   
7.4869391      0.016828771   
12.984148      0.016455861   

Stress
20.3147      0.0257466    0.0212095     0.0953601    0.0671556    0.0551822   
0.0257466    20.3057      0.0403382     0.0671556    0.112411     0.0747135   
0.0212095    0.0403382    20.3114       0.0551822    0.0747135    0.0561855   

Stress Spherical
0            0            0             0            0            0           
0            0            0             0            0            0           
0            0            0             0            0            0           

Inertia
149.853      -56.2938     -56.158       0.336954     0.188503     0.161668    
-56.2938     149.795      -56.1569      0.188503     0.36304      0.170443    
-56.158      -56.1569     150.007       0.161668     0.170443     0.304004    

Bond Length
0.61915822    0.0027407292

BB bond length
0.61915822    0.0027407292

Water EE distance
0             0           

PEG EE distance
7.0162266     0.12424429  

BBB P2(x)
0.49922467    0.017168551 

BBB first bond length
0.61887897    0.0026883306

BBB second bond length
0.61875198    0.0023939095

BBB <phi**2>/<phi>**2
1.2230672     0.007349059 

Time = 24000
Temperature
1.010508      0.0081156891

Pressure
23.408446     0.074679023 

CM Mom
5.581344e-18   1.4090115e-17 
-5.4646915e-17 2.037278e-17  
-7.4633644e-17 1.957106e-17  
9.6042565e-17  1.8975014e-17 

CM Pos
7.5035561      0.013960396   
7.5032736      0.0084065178  
7.5080282      0.010949886   
12.998972      0.0084576529  

Stress
20.4075      0.0261053    0.0856714     0.103671     0.0772179    0.079612    
0.0261053    20.3814      0.0281507     0.0772179    0.0922223    0.0544219   
0.0856714    0.0281507    20.3643       0.079612     0.0544219    0.147316    

Stress Spherical
0            0            0             0            0            0           
0            0            0             0            0            0           
0            0            0             0            0            0           

Inertia
150.163      -56.3157     -56.3491      0.267501     0.130292     0.123981    
-56.3157     150.166      -56.3093      0.130292     0.224126     0.0871624   
-56.3491     -56.3093     150.059       0.123981     0.0871624    0.202594    

Bond Length
0.61876071    0.0025107217

BB bond length
0.61876071    0.0025107217

Water EE distance
0             0           

PEG EE distance
7.1868829     0.15773733  

BBB P2(x)
0.51660446    0.012847362 

BBB first bond length
0.61906285    0.0023790894

BBB second bond length
0.61873971    0.0027689215

BBB <phi**2>/<phi>**2
1.224409      0.0095473387

Time = 25000
Temperature
1.0115685     0.0069838992

Pressure
23.334743     0.069282611 

CM Mom
1.2932175e-17  1.3225032e-17 
-4.0897154e-17 1.1833694e-17 
-4.7294402e-17 2.1692351e-17 
6.7354655e-17  1.803954e-17  

CM Pos
7.5028135      0.012066318   
7.5011944      0.010647593   
7.4992658      0.0098748417  
12.992281      0.010027764   

Stress
20.3055      0.0462681    -0.0236926    0.0993129    0.0768899    0.0310224   
0.0462681    20.2851      0.0100559     0.0768899    0.081389     0.0615854   
-0.0236926   0.0100559    20.332        0.0310224    0.0615854    0.135773    

Stress Spherical
0            0            0             0            0            0           
0            0            0             0            0            0           
0            0            0             0            0            0           

Inertia
150.031      -56.2629     -56.2338      0.236746     0.136393     0.150022    
-56.2629     150.048      -56.2458      0.136393     0.27541      0.14789     
-56.2338     -56.2458     150.065       0.150022     0.14789      0.17893     

Bond Length
0.62083454    0.0024942499

BB bond length
0.62083454    0.0024942499

Water EE distance
0             0           

PEG EE distance
7.2925823     0.20439073  

BBB P2(x)
0.52575129    0.012660582 

BBB first bond length
0.62058548    0.002757679 

BBB second bond length
0.62074944    0.0024023048

BBB <phi**2>/<phi>**2
1.2319587     0.0078091563

Time = 26000
Temperature
1.0095675     0.0076168538

Pressure
23.332689     0.061241387 

CM Mom
6.7261928e-18  2.1458966e-17 
-5.0172875e-17 1.7037258e-17 
-8.4618231e-17 3.3960679e-17 
1.034906e-16   3.0275136e-17 

CM Pos
7.5022195      0.0097625218  
7.4988182      0.0093269219  
7.4971866      0.017527899   
12.98937       0.011152775   

Stress
20.3304      0.0271376    -0.0362662    0.132382     0.0665502    0.109625    
0.0271376    20.3311      -0.0222498    0.0665502    0.119621     0.0642325   
-0.0362662   -0.0222498   20.2729       0.109625     0.0642325    0.135918    

Stress Spherical
0            0            0             0            0            0           
0            0            0             0            0            0           
0            0            0             0            0            0           

Inertia
149.952      -56.2264     -56.2619      0.220448     0.118191     0.21768     
-56.2264     150.013      -56.2117      0.118191     0.264489     0.170696    
-56.2619     -56.2117     150.014       0.21768      0.170696     0.218312    

Bond Length
0.61901086    0.0031963016

BB bond length
0.61901086    0.0031963016

Water EE distance
0             0           

PEG EE distance
7.3342013     0.22351165  

BBB P2(x)
0.51369742    0.012461685 

BBB first bond length
0.61910014    0.0034103652

BBB second bond length
0.61884263    0.0029335303

BBB <phi**2>/<phi>**2
1.2235849     0.01077769  

Time = 27000
Temperature
1.0075217     0.0086418223

Pressure
23.385328     0.12175789  

CM Mom
3.6568383e-17  2.9949023e-17 
-5.6908273e-17 1.6426218e-17 
-7.5063168e-17 1.4712891e-17 
1.0616838e-16  1.7938416e-17 

CM Pos
7.5038532      0.011117802   
7.4977786      0.013184405   
7.5014935      0.015559367   
12.9922        0.013256572   

Stress
20.3241      0.00123365   0.00384226    0.0839266    0.0710267    0.0931425   
0.00123365   20.4243      0.0194642     0.0710267    0.138542     0.0842991   
0.00384226   0.0194642    20.3623       0.0931425    0.0842991    0.190771    

Stress Spherical
0            0            0             0            0            0           
0            0            0             0            0            0           
0            0            0             0            0            0           

Inertia
149.981      -56.2536     -56.305       0.217733     0.13509      0.160697    
-56.2536     150.084      -56.2763      0.13509      0.346042     0.164881    
-56.305      -56.2763     150.004       0.160697     0.164881     0.237701    

Bond Length
0.61916305    0.0023638677

BB bond length
0.61916305    0.0023638677

Water EE distance
0             0           

PEG EE distance
7.2831479     0.18611345  

BBB P2(x)
0.50845587    0.014999966 

BBB first bond length
0.61895011    0.002339979 

BBB second bond length
0.61895636    0.0027357463

BBB <phi**2>/<phi>**2
1.2251897     0.013158185 

Time = 28000
Temperature
1.0134488     0.0047827444

Pressure
23.342142     0.056168446 

CM Mom
5.0891119e-17  1.6946059e-17 
-6.8268273e-17 2.5356539e-17 
-8.5384532e-17 1.6435142e-17 
1.2350469e-16  2.2086421e-17 

CM Pos
7.4955363      0.010560231   
7.5034222      0.015105501   
7.505652       0.009467749   
12.993059      0.008384996   

Stress
20.3353      0.0218924    -0.0133574    0.0866517    0.083547     0.0731132   
0.0218924    20.3345      0.0446452     0.083547     0.0553683    0.104333    
-0.0133574   0.0446452    20.2581       0.0731132    0.104333     0.137417    

Stress Spherical
0            0            0             0            0            0           
