Time = 500
Temperature
   1.0413766   0.045156835

Pressure
   23.475994    0.17774081

CM Mom
2.7213843e-17  1.8958608e-17 
-1.8585598e-17 2.7020967e-17 
5.4687586e-17  4.1028654e-17 
7.3484095e-17  3.8075575e-17 

CM Pos
7.4918776      0.0070498087  
7.4951189      0.0085883307  
7.4966468      0.027271613   
12.980966      0.012006382   

Stress
20.4018      0.0287149    -0.0698675    0.0972391    0.108422     0.0655045   
0.0287149    20.3529      0.0228166     0.108422     0.120096     0.0987709   
-0.0698675   0.0228166    20.3018       0.0655045    0.0987709    0.0948806   

Stress Spherical
0            0            0             0            0            0           
0            0            0             0            0            0           
0            0            0             0            0            0           

Inertia
149.737      -56.1878     -56.1762      0.429729     0.0839426    0.18453     
-56.1878     149.702      -56.1825      0.0839426    0.564589     0.151602    
-56.1762     -56.1825     149.647       0.18453      0.151602     0.114135    

Bond Length
0.62303169    0.0042392916

BB bond length
0.62303169    0.0042392916

Water EE distance
0             0           

PEG EE distance
3.4889894     0.23215403  

Time = 1000
Temperature
1.007496      0.0024536266

Pressure
23.415998     0.094655168 

CM Mom
4.6312662e-17  1.0730254e-17 
1.3144146e-17  1.0453695e-17 
3.1702329e-17  2.3001754e-17 
6.2325582e-17  1.3845195e-17 

CM Pos
7.4847658      0.0067181652  
7.4945263      0.0094453047  
7.4830158      0.012997854   
12.968633      0.0061526012  

Stress
20.3582      0.0686609    0.0118025     0.113149     0.0672744    0.0629064   
0.0686609    20.4242      0.0326972     0.0672744    0.0840895    0.0320987   
0.0118025    0.0326972    20.399        0.0629064    0.0320987    0.137721    

Stress Spherical
0            0            0             0            0            0           
0            0            0             0            0            0           
0            0            0             0            0            0           

Inertia
149.56       -56.132      -56.0048      0.236481     0.0915523    0.126871    
-56.132      149.389      -56.0669      0.0915523    0.260844     0.14374     
-56.0048     -56.0669     149.541       0.126871     0.14374      0.129736    

Bond Length
0.62128653    0.0076472039

BB bond length
0.62128653    0.0076472039

Water EE distance
0             0           

PEG EE distance
3.684535      0.32629421  

