Time = 1000
Temperature
   1.0945963    0.13360524

Pressure
    23.65604    0.68308427

CM Mom
-1.5607941e-17 2.0047092e-17 
7.4728664e-18  2.5683745e-17 
-7.9971079e-17 1.8587449e-16 
1.7356096e-16  1.1037339e-16 

CM Pos
7.4994865      0.020640611   
7.5026867      0.011185416   
7.506102       0.023753182   
12.995185      0.021212487   

Stress
20.3916      -0.00914945  0.0324891     0.344876     0.0435635    0.102377    
-0.00914945  20.3802      0.0646022     0.0435635    0.319912     0.0776608   
0.0324891    0.0646022    20.3722       0.102377     0.0776608    0.292136    

Stress Spherical
0            0            0             0            0            0           
0            0            0             0            0            0           
0            0            0             0            0            0           

Inertia
150.236      -56.236      -56.2946      1.45051      0.147467     0.345086    
-56.236      150.177      -56.2736      0.147467     1.69322      0.160691    
-56.2946     -56.2736     150.109       0.345086     0.160691     1.46747     

Bond Length
0.61904421    0.0061311831

BB bond length
0.61904421    0.0061311831

Water EE distance
0             0           

PEG EE distance
7.1162507     0.089536985 

BBB P2(x)
0.47758732    0.060658007 

BBB first bond length
0.61916124    0.0063674573

BBB second bond length
0.6190206     0.0059374955

BBB <phi**2>/<phi>**2
1.221513      0.011477727 

Time = 2000
Temperature
1.0160396     0.006975517 

Pressure
23.165912     0.09781793  

CM Mom
-9.6322596e-18 6.5972399e-18 
9.284662e-18   2.5519045e-17 
-7.7091613e-17 6.2424001e-17 
9.087493e-17   4.9551492e-17 

CM Pos
7.4978523      0.012797647   
7.5050637      0.015862454   
7.5007538      0.011687164   
12.99252       0.0071307465  

Stress
20.1168      0.012194     0.036325      0.113612     0.0445728    0.0951406   
0.012194     20.0717      -0.0071369    0.0445728    0.0820522    0.0510918   
0.036325     -0.0071369   20.1902       0.0951406    0.0510918    0.140167    

Stress Spherical
0            0            0             0            0            0           
0            0            0             0            0            0           
0            0            0             0            0            0           

Inertia
149.97       -56.2921     -56.2436      0.180591     0.148632     0.14524     
-56.2921     149.836      -56.3275      0.148632     0.425914     0.0924316   
-56.2436     -56.3275     149.916       0.14524      0.0924316    0.309076    

Bond Length
0.61794984    0.001725276 

BB bond length
0.61794984    0.001725276 

Water EE distance
0             0           

PEG EE distance
7.0143791     0.17673337  

BBB P2(x)
0.51627217    0.0082252844

BBB first bond length
0.61776227    0.0016765098

BBB second bond length
0.61809944    0.0017715246

BBB <phi**2>/<phi>**2
1.2280117     0.010964097 

