Time = 500
Temperature
   1.0383135   0.048755095

Pressure
   21.501729    0.13231364

CM Mom
1.873172e-17   1.9241907e-17 
8.2487199e-17  4.7357366e-18 
-1.235167e-18  2.8568628e-17 
9.0946454e-17  9.7019667e-18 

CM Pos
7.5213554      0.014147491   
7.4996575      0.019213143   
7.5301698      0.025607214   
13.019959      0.031706739   

Stress
18.3948      0.0247673    -0.0342416    0.112755     0.0522986    0.0887731   
0.0247673    18.3838      0.0147516     0.0522986    0.0796481    0.0460081   
-0.0342416   0.0147516    18.3938       0.0887731    0.0460081    0.0639714   

Stress Spherical
0            0            0             0            0            0           
0            0            0             0            0            0           
0            0            0             0            0            0           

Inertia
149.678      -56.4247     -56.5343      0.216638     0.257303     0.313493    
-56.4247     150.029      -56.4103      0.257303     0.319257     0.394896    
-56.5343     -56.4103     149.658       0.313493     0.394896     0.340336    

Bond Length
0.61555443    0.0037903781

BB bond length
0.61555443    0.0037903781

Water EE distance
0             0           

PEG EE distance
3.5812616     0.17325253  

Time = 1000
Temperature
1.0215219     0.0036982492

Pressure
21.33127      0.089599482 

CM Mom
4.8092189e-17  1.487452e-17  
8.6926115e-17  1.1580476e-17 
1.0134957e-17  3.9386804e-17 
1.0886699e-16  5.1363804e-18 

CM Pos
7.5320358      0.0085265672  
7.503811       0.021712232   
7.5488604      0.016075416   
13.039333      0.024954288   

Stress
18.3385      0.0252956    -0.00576975   0.126809     0.0793757    0.0455303   
0.0252956    18.2209      -0.0423729    0.0793757    0.08103      0.0370179   
-0.00576975  -0.0423729   18.2525       0.0455303    0.0370179    0.0835489   

Stress Spherical
0            0            0             0            0            0           
0            0            0             0            0            0           
0            0            0             0            0            0           

Inertia
150.029      -56.604      -56.7873      0.39444      0.226112     0.20976     
-56.604      150.613      -56.5905      0.226112     0.196607     0.29315     
-56.7873     -56.5905     150.084       0.20976      0.29315      0.355175    

Bond Length
0.61580553    0.0020399138

BB bond length
0.61580553    0.0020399138

Water EE distance
0             0           

PEG EE distance
3.8832856     0.12489412  

