Time = 1000
Temperature
   1.0866038    0.10838084

Pressure
   23.730363    0.59361624

CM Mom
-1.4087747e-16 3.7315288e-17 
-1.5113261e-17 1.3840472e-17 
-1.2007603e-16 2.2963949e-16 
2.7326181e-16  1.1890917e-16 

CM Pos
7.4906687      0.021492751   
7.4964167      0.013692861   
7.4994811      0.015642086   
12.982652      0.015741527   

Stress
20.4791      0.0381612    0.0420427     0.300721     0.0720962    0.0934313   
0.0381612    20.4357      0.00312058    0.0720962    0.261783     0.101904    
0.0420427    0.00312058   20.5162       0.0934313    0.101904     0.298091    

Stress Spherical
0            0            0             0            0            0           
0            0            0             0            0            0           
0            0            0             0            0            0           

Inertia
150.014      -56.1703     -56.2029      1.26843      0.156282     0.219288    
-56.1703     149.947      -56.2408      0.156282     0.915175     0.156582    
-56.2029     -56.2408     149.886       0.219288     0.156582     1.02952     

Bond Length
0.61838883    0.0049420531

BB bond length
0.61838883    0.0049420531

Water EE distance
0             0           

PEG EE distance
6.6444395     0.1384056   

BBB P2(x)
0.46928637    0.055097158 

BBB first bond length
0.61816886    0.00518832  

BBB second bond length
0.61845644    0.0051126597

BBB <phi**2>/<phi>**2
1.214879      0.012157278 

Time = 2000
Temperature
1.014712      0.0079415295

Pressure
23.356999     0.079734188 

CM Mom
-1.5771896e-16 1.1813927e-17 
-1.7417482e-17 2.8964738e-17 
-1.2708528e-17 5.230589e-17  
1.7017208e-16  9.8000479e-18 

CM Pos
7.5055128      0.015068078   
7.4993856      0.01253341    
7.4991842      0.016527065   
12.992755      0.015623108   

Stress
20.3414      -0.00310486  -0.00396804   0.109595     0.0562877    0.0904238   
-0.00310486  20.2945      -0.0144664    0.0562877    0.0974768    0.0751834   
-0.00396804  -0.0144664   20.3208       0.0904238    0.0751834    0.13942     

Stress Spherical
0            0            0             0            0            0           
0            0            0             0            0            0           
0            0            0             0            0            0           

Inertia
149.85       -56.2821     -56.297       0.398705     0.173815     0.187219    
-56.2821     149.943      -56.248       0.173815     0.289341     0.224035    
-56.297      -56.248      149.94        0.187219     0.224035     0.382364    

Bond Length
0.6174194     0.0019070363

BB bond length
0.6174194     0.0019070363

Water EE distance
0             0           

PEG EE distance
6.7667233     0.18567934  

BBB P2(x)
0.5138276     0.011134566 

BBB first bond length
0.61752837    0.0022598968

BBB second bond length
0.61754378    0.0020887724

BBB <phi**2>/<phi>**2
1.2268414     0.0071323435

