Time = 500
Temperature
   1.0364605   0.044612809

Pressure
   20.896059    0.19461213

CM Mom
3.6797123e-18  1.673145e-17  
-2.1661035e-17 1.5157073e-17 
-5.1508291e-17 1.0680533e-17 
5.984969e-17   1.3327096e-17 

CM Pos
7.4759908      0.021186879   
7.5508048      0.018035469   
7.4822508      0.016277894   
12.995768      0.014976107   

Stress
17.7919      -0.0479408   0.000914734   0.0912063    0.070118     0.0839282   
-0.0479408   17.7898      0.0122037     0.070118     0.0995309    0.0362312   
0.000914734  0.0122037    17.7847       0.0839282    0.0362312    0.133687    

Stress Spherical
0            0            0             0            0            0           
0            0            0             0            0            0           
0            0            0             0            0            0           

Inertia
149.549      -56.4382     -55.9433      0.345283     0.141141     0.281388    
-56.4382     148.525      -56.448       0.141141     0.18474      0.163752    
-55.9433     -56.448      149.53        0.281388     0.163752     0.361858    

Bond Length
0.61396416    0.0024067338

BB bond length
0.61396416    0.0024067338

Water EE distance
0             0           

PEG EE distance
3.6618439     0.14659541  

Time = 1000
Temperature
1.0133285     0.007512147 

Pressure
20.826248     0.043765966 

CM Mom
-1.7007765e-19 1.955103e-17  
-2.0680962e-17 1.4921986e-17 
-5.9149167e-17 8.9607102e-18 
6.7794532e-17  3.931825e-18  

CM Pos
7.4836999      0.022219799   
7.5427992      0.0097710558  
7.4923318      0.017405408   
13.001336      0.027630833   

Stress
17.7879      0.013091     0.0456835     0.053786     0.0351576    0.0225484   
0.013091     17.7693      -0.00195282   0.0351576    0.0855181    0.056414    
0.0456835    -0.00195282  17.8079       0.0225484    0.056414     0.0506484   

Stress Spherical
0            0            0             0            0            0           
0            0            0             0            0            0           
0            0            0             0            0            0           

Inertia
149.823      -56.4943     -56.1288      0.26009      0.245776     0.321059    
-56.4943     149.047      -56.5019      0.245776     0.427273     0.170463    
-56.1288     -56.5019     149.728       0.321059     0.170463     0.333746    

Bond Length
0.61334193    0.0014610536

BB bond length
0.61334193    0.0014610536

Water EE distance
0             0           

PEG EE distance
3.5886331     0.057699966 

