Time = 1000
Temperature
   1.0758983    0.22339249

Pressure
   23.675316    0.66911297

CM Mom
2.9582183e-17  1.5800782e-17 
-3.508665e-18  1.6733377e-17 
-2.1190679e-17 6.9997071e-17 
6.9579965e-17  4.3867416e-17 

CM Pos
7.5008741      0.022276194   
7.4989043      0.020026961   
7.5004813      0.012766534   
12.990564      0.01408739    

Stress
20.4397      0.00483886   0.00802855    0.130181     0.0770568    0.0759436   
0.00483886   20.4583      -0.00667871   0.0770568    0.148684     0.074202    
0.00802855   -0.00667871  20.4459       0.0759436    0.074202     0.134256    

Stress Spherical
0            0            0             0            0            0           
0            0            0             0            0            0           
0            0            0             0            0            0           

Inertia
149.896      -56.2243     -56.2679      0.768062     0.191106     0.205281    
-56.2243     149.929      -56.2346      0.191106     0.395929     0.198381    
-56.2679     -56.2346     149.912       0.205281     0.198381     0.478551    

Bond Length
0.57393979    0.018517874 

BB bond length
0.57393979    0.018517874 

Water EE distance
0             0           

PEG EE distance
2.2432099     0.23742425  

Time = 2000
Temperature
1.0096128     0.0084137532

Pressure
23.449219     0.082857394 

CM Mom
-4.8437647e-18 3.3902943e-17 
-4.9162995e-18 1.2562722e-17 
-3.5051908e-17 3.2983362e-17 
5.5070294e-17  2.5271817e-17 

CM Pos
7.4980293      0.013636322   
7.5033344      0.012426071   
7.5042001      0.010617556   
12.993607      0.010502487   

Stress
20.4146      0.00347194   0.0017825     0.112955     0.0703556    0.069758    
0.00347194   20.4189      0.0156001     0.0703556    0.126839     0.0753032   
0.0017825    0.0156001    20.4285       0.069758     0.0753032    0.106739    

Stress Spherical
0            0            0             0            0            0           
0            0            0             0            0            0           
0            0            0             0            0            0           

Inertia
150.055      -56.2667     -56.2657      0.325444     0.13165      0.135755    
-56.2667     149.975      -56.3186      0.13165      0.280553     0.136186    
-56.2657     -56.3186     149.981       0.135755     0.136186     0.274987    

Bond Length
0.57015621    0.0036589053

BB bond length
0.57015621    0.0036589053

Water EE distance
0             0           

PEG EE distance
2.2110671     0.12013275  

Time = 3000
Temperature
1.0098569     0.0087006132

Pressure
23.449365     0.079928156 

CM Mom
-2.4572101e-17 2.0712711e-17 
-7.3411496e-18 1.6269033e-17 
-2.4487551e-17 2.575496e-17  
4.73185e-17    1.9372561e-17 

CM Pos
7.4987405      0.012826003   
7.5039122      0.013704056   
7.5032223      0.015809989   
12.993788      0.015273112   

Stress
20.429       0.0100325    -0.00956268   0.113475     0.0757721    0.0767209   
0.0100325    20.4241      -0.0014192    0.0757721    0.121727     0.0831057   
-0.00956268  -0.0014192   20.4071       0.0767209    0.0831057    0.1166      

Stress Spherical
0            0            0             0            0            0           
0            0            0             0            0            0           
0            0            0             0            0            0           

Inertia
150.049      -56.2638     -56.2846      0.342027     0.161654     0.173982    
-56.2638     149.975      -56.3112      0.161654     0.3154       0.163189    
-56.2846     -56.3112     149.986       0.173982     0.163189     0.324296    

Bond Length
0.57010412    0.003675753 

BB bond length
0.57010412    0.003675753 

Water EE distance
0             0           

PEG EE distance
2.3064689     0.1162267   

