Time = 1000
Temperature
   1.1487434    0.21596364

Pressure
   23.913865      1.017344

CM Mom
-5.476763e-17  1.7863713e-17 
-3.1731626e-18 2.9510209e-17 
-8.6228747e-17 2.9178822e-16 
2.4956206e-16  1.8572579e-16 

CM Pos
7.5081106      0.031807484   
7.49515        0.018130982   
7.5039834      0.0095362481  
12.994604      0.021790945   

Stress
20.4542      -0.00544067  -0.0274216    0.430181     0.0372513    0.0574848   
-0.00544067  20.4358      -0.0602129    0.0372513    0.362168     0.0773695   
-0.0274216   -0.0602129   20.516        0.0574848    0.0773695    0.394467    

Stress Spherical
0            0            0             0            0            0           
0            0            0             0            0            0           
0            0            0             0            0            0           

Inertia
150.177      -56.2734     -56.3636      1.40021      0.234255     0.271919    
-56.2734     150.371      -56.2622      0.234255     1.93786      0.216317    
-56.3636     -56.2622     150.222       0.271919     0.216317     1.85984     

Bond Length
0.61953253    0.0089564257

BB bond length
0.61953253    0.0089564257

Water EE distance
0             0           

PEG EE distance
7.0094153     0.13523787  

BBB P2(x)
0.4671876     0.073159981 

BBB first bond length
0.61960955    0.0091700448

BBB second bond length
0.61961201    0.0089169919

BBB <phi**2>/<phi>**2
1.2196561     0.016455052 

Time = 2000
Temperature
1.0142741     0.0082718288

Pressure
23.139684     0.091939132 

CM Mom
-6.4711047e-17 2.2981906e-17 
-1.6309074e-17 1.1152992e-17 
-5.3124287e-17 4.9601029e-17 
9.6824982e-17  3.1834533e-17 

CM Pos
7.5011456      0.0099366062  
7.4988548      0.012716916   
7.4924244      0.01304511    
12.986022      0.010319104   

Stress
20.0614      0.0381515    -0.00239639   0.0775241    0.0742358    0.0454508   
0.0381515    20.1668      -0.0304765    0.0742358    0.122168     0.0638452   
-0.00239639  -0.0304765   20.0651       0.0454508    0.0638452    0.135499    

Stress Spherical
0            0            0             0            0            0           
0            0            0             0            0            0           
0            0            0             0            0            0           

Inertia
149.751      -56.2706     -56.1919      0.343533     0.133874     0.128785    
-56.2706     149.778      -56.1691      0.133874     0.385219     0.148449    
-56.1919     -56.1691     149.861       0.128785     0.148449     0.403761    

Bond Length
0.61795914    0.0018075578

BB bond length
0.61795914    0.0018075578

Water EE distance
0             0           

PEG EE distance
7.3454412     0.11225384  

BBB P2(x)
0.51794829    0.0065091049

BBB first bond length
0.61791816    0.0018225034

BBB second bond length
0.61831561    0.0018120636

BBB <phi**2>/<phi>**2
1.2294942     0.006483627 

