Time = 500
Temperature
   1.0396541     0.0435762

Pressure
   23.602248    0.16916595

CM Mom
2.3629525e-17  6.2228152e-18 
-3.4296943e-18 1.5205696e-17 
-1.0461253e-17 2.9179314e-17 
4.1353214e-17  9.5307756e-18 

CM Pos
7.4815309      0.015974119   
7.5122127      0.011299294   
7.5077296      0.02444641    
12.991264      0.026431035   

Stress
20.5359      -0.00844484  0.0127452     0.0666464    0.064481     0.0557238   
-0.00844484  20.4327      0.0341352     0.064481     0.086492     0.0421005   
0.0127452    0.0341352    20.4822       0.0557238    0.0421005    0.0622169   

Stress Spherical
0            0            0             0            0            0           
0            0            0             0            0            0           
0            0            0             0            0            0           

Inertia
150.226      -56.2152     -56.1862      0.615885     0.247306     0.30178     
-56.2152     149.754      -56.3661      0.247306     0.70235      0.242356    
-56.1862     -56.3661     149.844       0.30178      0.242356     0.336921    

Bond Length
0.61774813    0.012217069 

BB bond length
0.61774813    0.012217069 

Water EE distance
0             0           

PEG EE distance
4.3066712     0.63683342  

Time = 1000
Temperature
1.0053015     0.0044935443

Pressure
23.429399     0.098628544 

CM Mom
4.6579142e-18  1.7635009e-17 
2.9725662e-17  1.0836617e-17 
-2.9431218e-17 3.580803e-17  
4.9398234e-17  3.2279453e-17 

CM Pos
7.4969398      0.010367161   
7.4923589      0.0042530719  
7.4994325      0.0080062758  
12.983883      0.0026687807  

Stress
20.4588      -0.0126908   0.0284855     0.0875293    0.0816794    0.0892595   
-0.0126908   20.4253      0.00986021    0.0816794    0.0853174    0.0268248   
0.0284855    0.00986021   20.3572       0.0892595    0.0268248    0.155609    

Stress Spherical
0            0            0             0            0            0           
0            0            0             0            0            0           
0            0            0             0            0            0           

Inertia
149.778      -56.1946     -56.2499      0.132448     0.136153     0.0535204   
-56.1946     149.836      -56.2324      0.136153     0.0774783    0.103107    
-56.2499     -56.2324     149.739       0.0535204    0.103107     0.106147    

Bond Length
0.61678054    0.009857636 

BB bond length
0.61678054    0.009857636 

Water EE distance
0             0           

PEG EE distance
4.0964465     0.52472271  

