Time = 500
Temperature
   1.0379494   0.047214135

Pressure
   22.647459    0.11024785

CM Mom
3.0491616e-17  7.7399085e-18 
-1.1564366e-17 1.5028631e-17 
1.5911294e-18  2.0461222e-17 
4.0084859e-17  1.2792046e-17 

CM Pos
7.509281       0.018366414   
7.5264879      0.022822287   
7.4872264      0.012034089   
13.003721      0.011648487   

Stress
19.5127      -0.0125766   0.0114467     0.0865629    0.0667216    0.038459    
-0.0125766   19.53        0.0304937     0.0667216    0.134583     0.105323    
0.0114467    0.0304937    19.5683       0.038459     0.105323     0.0728604   

Stress Spherical
0            0            0             0            0            0           
0            0            0             0            0            0           
0            0            0             0            0            0           

Inertia
149.8        -56.4939     -56.1536      0.349173     0.128997     0.272202    
-56.4939     149.566      -56.3751      0.128997     0.286985     0.160055    
-56.1536     -56.3751     150.158       0.272202     0.160055     0.178081    

Bond Length
0.61307255    0.0051210346

BB bond length
0.61307255    0.0051210346

Water EE distance
0             0           

PEG EE distance
3.4121937     0.27544088  

Time = 1000
Temperature
1.0163663     0.0083221944

Pressure
22.629792     0.046435914 

CM Mom
3.9420656e-17  9.9992544e-18 
-2.9068024e-17 1.2609246e-17 
7.07254e-18    1.2189356e-17 
5.2149015e-17  1.1704605e-17 

CM Pos
7.5158066      0.014573603   
7.5184792      0.019866801   
7.48604        0.0099974093  
13.002164      0.010100522   

Stress
19.5799      -0.0584945   -0.060494     0.102813     0.0534309    0.0733471   
-0.0584945   19.5801      0.0102585     0.0534309    0.112897     0.061158    
-0.060494    0.0102585    19.5921       0.0733471    0.061158     0.0614706   

Stress Spherical
0            0            0             0            0            0           
0            0            0             0            0            0           
0            0            0             0            0            0           

Inertia
149.744      -56.4346     -56.2244      0.379101     0.15939      0.0631735   
-56.4346     149.618      -56.3697      0.15939      0.0959637    0.210151    
-56.2244     -56.3697     150.158       0.0631735    0.210151     0.287699    

Bond Length
0.61359868    0.0045031325

BB bond length
0.61359868    0.0045031325

Water EE distance
0             0           

PEG EE distance
3.8699291     0.28190811  

