Time = 1000
Temperature
    1.094329    0.13405842

Pressure
    23.65459    0.70276454

CM Mom
-9.4843919e-18 1.5083607e-17 
-5.2600362e-17 3.1993215e-17 
9.3107615e-17  2.1107119e-16 
1.8156365e-16  1.5608507e-16 

CM Pos
7.50206        0.025814669   
7.5032326      0.033311362   
7.4970981      0.024676239   
12.991793      0.039863726   

Stress
20.4282      -0.0127025   0.00744713    0.318171     0.0654121    0.0790573   
-0.0127025   20.3969      0.0389762     0.0654121    0.33684      0.0397485   
0.00744713   0.0389762    20.316        0.0790573    0.0397485    0.339156    

Stress Spherical
0            0            0             0            0            0           
0            0            0             0            0            0           
0            0            0             0            0            0           

Inertia
150.112      -56.2799     -56.2101      1.85686      0.424269     0.345799    
-56.2799     150.084      -56.2233      0.424269     1.7218       0.349158    
-56.2101     -56.2233     150.2         0.345799     0.349158     1.91933     

Bond Length
0.61858875    0.0053746881

BB bond length
0.61858875    0.0053746881

Water EE distance
0             0           

PEG EE distance
6.4379114     0.19447399  

BBB P2(x)
0.46687595    0.059519549 

BBB first bond length
0.61834734    0.0053597801

BBB second bond length
0.61846809    0.0053112471

BBB <phi**2>/<phi>**2
1.2166201     0.015444799 

Time = 2000
Temperature
1.0104652     0.0090115023

Pressure
23.164943     0.073540633 

CM Mom
6.2265888e-18  1.186111e-17  
-7.3428862e-17 2.6148677e-17 
3.8705738e-17  2.055912e-17  
8.6185084e-17  2.734868e-17  

CM Pos
7.5002774      0.010360896   
7.4987763      0.013359903   
7.4896709      0.012513036   
12.98388       0.01644137    

Stress
20.1479      -0.0204532   0.0317894     0.0900315    0.05509      0.0686543   
-0.0204532   20.1245      0.0433817     0.05509      0.141677     0.063223    
0.0317894    0.0433817    20.1525       0.0686543    0.063223     0.109587    

Stress Spherical
0            0            0             0            0            0           
0            0            0             0            0            0           
0            0            0             0            0            0           

Inertia
149.702      -56.2654     -56.1786      0.557959     0.154376     0.137977    
-56.2654     149.726      -56.1855      0.154376     0.51595      0.163143    
-56.1786     -56.1855     149.887       0.137977     0.163143     0.552507    

Bond Length
0.6175751     0.0017713052

BB bond length
0.6175751     0.0017713052

Water EE distance
0             0           

PEG EE distance
6.6834059     0.27294014  

BBB P2(x)
0.50902451    0.015715213 

BBB first bond length
0.61734231    0.0017545821

BBB second bond length
0.61768515    0.0017295807

BBB <phi**2>/<phi>**2
1.2284083     0.003368822 

Time = 3000
Temperature
1.013704      0.0075473145

Pressure
23.157986     0.091599792 

CM Mom
1.0939512e-17  1.0632889e-17 
-8.0326183e-17 1.4632747e-17 
1.7543899e-17  2.4126283e-17 
8.7044003e-17  1.4572291e-17 

CM Pos
7.4907706      0.011282521   
7.5010045      0.015821185   
7.503634       0.014836591   
12.987755      0.0081227215  

Stress
20.1071      -0.0421257   0.0407368     0.145402     0.0759908    0.0553502   
-0.0421257   20.1567      0.0132176     0.0759908    0.126605     0.039222    
0.0407368    0.0132176    20.1112       0.0553502    0.039222     0.0920622   

Stress Spherical
0            0            0             0            0            0           
0            0            0             0            0            0           
0            0            0             0            0            0           

Inertia
150.014      -56.1815     -56.2182      0.309498     0.0904112    0.159349    
-56.1815     149.851      -56.2966      0.0904112    0.259103     0.149531    
-56.2182     -56.2966     149.815       0.159349     0.149531     0.151833    

Bond Length
0.61833881    0.002059471 

BB bond length
0.61833881    0.002059471 

Water EE distance
0             0           

PEG EE distance
7.1185522     0.18853016  

BBB P2(x)
0.51494306    0.0070241197

BBB first bond length
0.6182045     0.0019759063

BBB second bond length
0.61817413    0.0019458782

BBB <phi**2>/<phi>**2
1.2225459     0.0082196087

Time = 4000
Temperature
1.0131736     0.0044730112

Pressure
23.172541     0.097141327 

CM Mom
3.6943116e-17  1.1598195e-17 
-6.9283529e-17 3.0811409e-17 
1.5259794e-17  1.5126264e-17 
8.4176849e-17  2.4995713e-17 

CM Pos
7.5025056      0.0076323426  
7.5032326      0.017480953   
7.4997719      0.0089176061  
12.993575      0.011473988   

Stress
20.1269      -0.00249988  0.0554919     0.135315     0.025856     0.110678    
-0.00249988  20.1431      0.0389953     0.025856     0.124475     0.0530848   
0.0554919    0.0389953    20.1534       0.110678     0.0530848    0.121314    

Stress Spherical
0            0            0             0            0            0           
0            0            0             0            0            0           
0            0            0             0            0            0           

Inertia
149.994      -56.2856     -56.3116      0.265842     0.171741     0.1106      
-56.2856     149.99       -56.3005      0.171741     0.122926     0.158272    
-56.3116     -56.3005     150.045       0.1106       0.158272     0.29713     

Bond Length
0.61758366    0.0018730893

BB bond length
0.61758366    0.0018730893

Water EE distance
0             0           

PEG EE distance
7.3684275     0.11456229  

BBB P2(x)
0.51948824    0.0099571539

BBB first bond length
0.61763125    0.0016585849

BBB second bond length
0.61776147    0.0020766212

BBB <phi**2>/<phi>**2
1.2322942     0.0059640631

Time = 5000
Temperature
1.0113058     0.0091443962

Pressure
23.16864      0.092288718 

CM Mom
6.0006246e-17  1.5297586e-17 
-7.1541109e-17 1.7586101e-17 
2.1942792e-17  2.7904245e-17 
1.0175303e-16  1.2985391e-17 

CM Pos
7.5002774      0.0076395668  
7.4984792      0.017998392   
7.5051195      0.0080488516  
12.992632      0.01086563    

Stress
20.1263      -0.0465641   0.00449904    0.0714246    0.0725509    0.0790858   
-0.0465641   20.183       0.00981668    0.0725509    0.147369     0.0577481   
0.00449904   0.00981668   20.1192       0.0790858    0.0577481    0.139604    

Stress Spherical
0            0            0             0            0            0           
0            0            0             0            0            0           
0            0            0             0            0            0           

Inertia
150.018      -56.2137     -56.2946      0.288827     0.167794     0.0789933   
-56.2137     150.044      -56.2561      0.167794     0.11233      0.15753     
-56.2946     -56.2561     149.945       0.0789933    0.15753      0.310134    

Bond Length
0.6177142     0.0021234858

BB bond length
0.6177142     0.0021234858

Water EE distance
0             0           

PEG EE distance
7.2758901     0.10403715  

BBB P2(x)
0.51514683    0.0084707937

BBB first bond length
0.61744481    0.0020468642

BBB second bond length
0.61774313    0.0022794054

BBB <phi**2>/<phi>**2
1.2282794     0.0067125403

Time = 6000
Temperature
1.008661      0.0063157055

Pressure
23.179598     0.093612832 

CM Mom
4.2198342e-17  1.2998128e-17 
-5.6578991e-17 1.8198413e-17 
5.1044917e-17  3.3146262e-17 
9.3477293e-17  2.117238e-17  

CM Pos
7.5007231      0.017050915   
7.4975879      0.013025393   
7.4994748      0.012016487   
12.989121      0.012052426   

Stress
20.1506      -0.00996891  0.0275714     0.0876744    0.088718     0.061605    
-0.00996891  20.249       -0.0322536    0.088718     0.0910297    0.0599833   
0.0275714    -0.0322536   20.0854       0.061605     0.0599833    0.105676    

Stress Spherical
0            0            0             0            0            0           
0            0            0             0            0            0           
0            0            0             0            0            0           

Inertia
149.94       -56.2292     -56.2622      0.217004     0.103879     0.173872    
-56.2292     150.006      -56.2002      0.103879     0.342394     0.111612    
-56.2622     -56.2002     149.935       0.173872     0.111612     0.234425    

Bond Length
0.6195605     0.0015550314

BB bond length
0.6195605     0.0015550314

Water EE distance
0             0           

PEG EE distance
6.7975757     0.23818649  

BBB P2(x)
0.51756528    0.0086581431

BBB first bond length
0.61947103    0.001455605 

BBB second bond length
0.61962143    0.0016133985

BBB <phi**2>/<phi>**2
1.2235863     0.0094920409

Time = 7000
Temperature
1.0094504     0.0084162473

Pressure
23.136107     0.07344283  

CM Mom
6.0688729e-17  1.5538319e-17 
-5.8378238e-17 1.5276515e-17 
3.5029252e-17  1.6187407e-17 
9.4065025e-17  1.4380661e-17 

CM Pos
7.5051794      0.013594844   
7.5002617      0.011243339   
7.4997719      0.014173334   
12.993403      0.014797338   

Stress
20.1416      0.0230235    0.0351179     0.110615     0.0547849    0.0573612   
0.0230235    20.1378      0.0299993     0.0547849    0.0983439    0.0595307   
0.0351179    0.0299993    20.0681       0.0573612    0.0595307    0.121555    

Stress Spherical
0            0            0             0            0            0           
0            0            0             0            0            0           
0            0            0             0            0            0           

Inertia
149.977      -56.2678     -56.2831      0.253551     0.0862963    0.17664     
-56.2678     150.064      -56.2633      0.0862963    0.280713     0.139206    
-56.2831     -56.2633     150.057       0.17664      0.139206     0.242677    

Bond Length
0.61893142    0.0028164334

BB bond length
0.61893142    0.0028164334

Water EE distance
0             0           

PEG EE distance
7.021897      0.17957753  

BBB P2(x)
0.51546098    0.010399758 

BBB first bond length
0.61908395    0.0030055678

BBB second bond length
0.61895981    0.0028474685

BBB <phi**2>/<phi>**2
1.2286019     0.0091751929

Time = 8000
Temperature
1.0165706     0.008850517 

Pressure
23.163521     0.085476931 

CM Mom
8.5006776e-17  2.6218319e-17 
-5.3711217e-17 1.2547741e-17 
4.5513729e-17  2.9711551e-17 
1.1572731e-16  2.2745505e-17 

CM Pos
7.4974551      0.018364301   
7.4999646      0.014124209   
7.5005146      0.01332683    
12.989209      0.013739104   

Stress
20.1183      -0.00257041  -0.0313979    0.116658     0.0591999    0.0586598   
-0.00257041  20.1385      -0.040081     0.0591999    0.0969223    0.0977527   
-0.0313979   -0.040081    20.109        0.0586598    0.0977527    0.166906    

Stress Spherical
0            0            0             0            0            0           
0            0            0             0            0            0           
0            0            0             0            0            0           

Inertia
149.991      -56.2239     -56.2118      0.269686     0.223842     0.12754     
-56.2239     149.965      -56.2438      0.223842     0.234454     0.120809    
-56.2118     -56.2438     149.938       0.12754      0.120809     0.3968      

Bond Length
0.61820672    0.0018167463

BB bond length
0.61820672    0.0018167463

Water EE distance
0             0           

PEG EE distance
6.6898439     0.091756263 

BBB P2(x)
0.51348192    0.012685767 

BBB first bond length
0.61844559    0.0016224222

BBB second bond length
0.61841374    0.0020096397

BBB <phi**2>/<phi>**2
1.2264496     0.0069547278

Time = 9000
Temperature
1.0088468     0.0063370162

Pressure
23.173949     0.12524765  

CM Mom
9.8853745e-17  1.8035612e-17 
-4.2819119e-17 1.5937827e-17 
1.3061997e-17  1.9107232e-17 
1.1143554e-16  1.7397118e-17 

CM Pos
7.5023571      0.0088741991  
7.4984792      0.010855934   
7.5009602      0.017261841   
12.991431      0.013155939   

Stress
20.0942      -0.0241925   -0.0156623    0.189433     0.0465102    0.0801852   
-0.0241925   20.168       -0.00564951   0.0465102    0.125846     0.121828    
-0.0156623   -0.00564951  20.2042       0.0801852    0.121828     0.145153    

Stress Spherical
0            0            0             0            0            0           
0            0            0             0            0            0           
0            0            0             0            0            0           

Inertia
149.976      -56.2544     -56.2818      0.336131     0.0824105    0.207382    
-56.2544     150.042      -56.2028      0.0824105    0.349081     0.133934    
-56.2818     -56.2028     149.988       0.207382     0.133934     0.189205    

Bond Length
0.61789989    0.0016178239

BB bond length
0.61789989    0.0016178239

Water EE distance
0             0           

PEG EE distance
6.8439813     0.19643842  

BBB P2(x)
0.51182275    0.010846183 

BBB first bond length
0.61787823    0.0017367182

BBB second bond length
0.6179598     0.001669682 

BBB <phi**2>/<phi>**2
1.2246104     0.0080871838

Time = 10000
Temperature
1.0128882     0.0091678684

Pressure
23.188924     0.088291854 

CM Mom
1.2924542e-16  1.654128e-17  
-3.633842e-17  2.3767506e-17 
-5.6360475e-19 1.5076066e-17 
1.3723364e-16  1.6059281e-17 

CM Pos
7.4962667      0.017422159   
7.499519       0.016543857   
7.5022971      0.013136723   
12.989288      0.020064885   

Stress
20.14        -0.000998565 -0.0284423    0.0842259    0.0768128    0.0920402   
-0.000998565 20.1196      -0.0241674    0.0768128    0.134669     0.0615105   
-0.0284423   -0.0241674   20.2155       0.0920402    0.0615105    0.0963812   

Stress Spherical
0            0            0             0            0            0           
0            0            0             0            0            0           
0            0            0             0            0            0           

Inertia
150.022      -56.2244     -56.2212      0.373047     0.196622     0.194667    
-56.2244     149.984      -56.2615      0.196622     0.467202     0.186192    
-56.2212     -56.2615     149.933       0.194667     0.186192     0.375882    

Bond Length
0.61890921    0.001761809 

BB bond length
0.61890921    0.001761809 

Water EE distance
0             0           

PEG EE distance
6.8235286     0.11003114  

BBB P2(x)
0.5073428     0.0084500198

BBB first bond length
0.6187772     0.0016378268

BBB second bond length
0.61888015    0.0016821415

BBB <phi**2>/<phi>**2
1.2230153     0.0074865146

Time = 11000
Temperature
1.0097069     0.0091403839

Pressure
23.146335     0.071695168 

CM Mom
1.3773175e-16  1.3464864e-17 
-2.0215009e-17 2.0033075e-17 
-4.8928204e-18 9.7981212e-18 
1.4097875e-16  1.4361168e-17 

CM Pos
7.5057736      0.01546288    
7.4941714      0.011131904   
7.503634       0.010135901   
12.99246       0.014831968   

Stress
20.142       0.00431259   0.0220907     0.134222     0.0777319    0.0536022   
0.00431259   20.1093      0.00674498    0.0777319    0.11119      0.077613    
0.0220907    0.00674498   20.1246       0.0536022    0.077613     0.100041    

Stress Spherical
0            0            0             0            0            0           
0            0            0             0            0            0           
0            0            0             0            0            0           

Inertia
149.951      -56.2005     -56.3043      0.20603      0.177973     0.182301    
-56.2005     150.143      -56.2218      0.177973     0.298693     0.123214    
-56.3043     -56.2218     149.969       0.182301     0.123214     0.369838    

Bond Length
0.61707728    0.0018837881

BB bond length
0.61707728    0.0018837881

Water EE distance
0             0           

PEG EE distance
6.9349561     0.13073401  

BBB P2(x)
0.5064849     0.014520938 

BBB first bond length
0.61696653    0.0019338697

BBB second bond length
0.61694686    0.0019728584

BBB <phi**2>/<phi>**2
1.2236273     0.0069717832

Time = 12000
Temperature
1.009581      0.0080124325

Pressure
23.125809     0.12262381  

CM Mom
1.5955897e-16  8.5766642e-18 
-1.6301934e-17 9.2964677e-18 
-1.0510727e-18 1.6037129e-17 
1.6141931e-16  9.3220451e-18 

CM Pos
7.4992376      0.0087578152  
7.5026384      0.0088692247  
7.5070505      0.011491798   
12.995543      0.01064811    

Stress
20.0981      0.0126873    0.00381531    0.195418     0.102015     0.0497496   
0.0126873    20.1011      -0.0131072    0.102015     0.145063     0.0721742   
0.00381531   -0.0131072   20.1163       0.0497496    0.0721742    0.158073    

Stress Spherical
0            0            0             0            0            0           
0            0            0             0            0            0           
0            0            0             0            0            0           

Inertia
150.159      -56.2676     -56.3053      0.202971     0.120876     0.14693     
-56.2676     150.105      -56.3278      0.120876     0.308108     0.0951831   
-56.3053     -56.3278     150.031       0.14693      0.0951831    0.199811    

Bond Length
0.61853944    0.0018988535

BB bond length
0.61853944    0.0018988535

Water EE distance
0             0           

PEG EE distance
6.7716905     0.16564103  

BBB P2(x)
0.50760683    0.0090009867

BBB first bond length
0.61852165    0.002273208 

BBB second bond length
0.61858335    0.0020940235

BBB <phi**2>/<phi>**2
1.2225004     0.0078670844

Time = 13000
Temperature
1.0121402     0.011173916 

Pressure
23.157811     0.058809725 

CM Mom
1.6247237e-16  1.3075817e-17 
-4.0667773e-17 1.7719414e-17 
1.0532716e-17  1.2514583e-17 
1.6929583e-16  1.1940137e-17 

CM Pos
7.500426       0.010188014   
7.4972909      0.01166711    
7.500366       0.015090226   
12.989286      0.012477923   

Stress
20.0808      -0.0146396   -0.00823758   0.0816384    0.0539167    0.0961075   
-0.0146396   20.1621      -0.0356118    0.0539167    0.123657     0.0372254   
-0.00823758  -0.0356118   20.1455       0.0961075    0.0372254    0.0916302   

Stress Spherical
0            0            0             0            0            0           
0            0            0             0            0            0           
0            0            0             0            0            0           

Inertia
149.951      -56.2651     -56.2745      0.34418      0.11668      0.133302    
-56.2651     150.028      -56.2496      0.11668      0.229502     0.149285    
-56.2745     -56.2496     149.961       0.133302     0.149285     0.298195    

Bond Length
0.61936344    0.0018177969

BB bond length
0.61936344    0.0018177969

Water EE distance
0             0           

PEG EE distance
7.2189091     0.3973379   

BBB P2(x)
0.51550808    0.00647148  

BBB first bond length
0.61952592    0.0019135394

BBB second bond length
0.61926893    0.0017265747

BBB <phi**2>/<phi>**2
1.2280326     0.0078276256

Time = 14000
Temperature
1.0116076     0.0071807356

Pressure
23.136258     0.070001539 

CM Mom
1.58118e-16    1.0890409e-17 
-3.7598663e-17 1.1164838e-17 
1.2653277e-17  1.8090115e-17 
1.6424742e-16  1.2975295e-17 

CM Pos
7.5047338      0.013585914   
7.4947656      0.011328387   
7.5002175      0.017136756   
12.990239      0.010560333   

Stress
20.0646      0.056961     -0.0362653    0.0955898    0.0715524    0.0868836   
0.056961     20.1972      -0.0211533    0.0715524    0.158069     0.0942901   
-0.0362653   -0.0211533   20.0668       0.0868836    0.0942901    0.0951362   

Stress Spherical
0            0            0             0            0            0           
0            0            0             0            0            0           
0            0            0             0            0            0           

Inertia
149.944      -56.2616     -56.2871      0.301706     0.0918901    0.163887    
-56.2616     150.087      -56.2092      0.0918901    0.267477     0.181467    
-56.2871     -56.2092     149.992       0.163887     0.181467     0.249507    

Bond Length
0.61892942    0.003173528 

BB bond length
0.61892942    0.003173528 

Water EE distance
0             0           

PEG EE distance
7.180331      0.12967188  

BBB P2(x)
0.51364341    0.007112691 

BBB first bond length
0.61889385    0.0030885216

BBB second bond length
0.61890465    0.0032156957

BBB <phi**2>/<phi>**2
1.2268404     0.005242789 

Time = 15000
Temperature
1.0122931     0.0094024566

Pressure
23.158246     0.10008484  

CM Mom
1.5879018e-16  1.679349e-17  
-3.4482276e-17 2.040054e-17  
1.4596552e-17  1.5244037e-17 
1.6481499e-16  1.9570642e-17 

CM Pos
7.497158       0.017889565   
7.4932802      0.013546064   
7.4988806      0.015494242   
12.984236      0.013849895   

Stress
20.1011      0.0141978    0.0566693     0.169199     0.077151     0.0657531   
0.0141978    20.1784      -0.0163722    0.077151     0.0802774    0.0931898   
0.0566693    -0.0163722   20.1089       0.0657531    0.0931898    0.121408    

Stress Spherical
0            0            0             0            0            0           
0            0            0             0            0            0           
0            0            0             0            0            0           

Inertia
149.865      -56.1975     -56.2409      0.259308     0.148332     0.217723    
-56.1975     149.947      -56.2063      0.148332     0.389686     0.136009    
-56.2409     -56.2063     149.851       0.217723     0.136009     0.267662    

Bond Length
0.61836255    0.0024844398

BB bond length
0.61836255    0.0024844398

Water EE distance
0             0           

PEG EE distance
7.6071582     0.18437079  

BBB P2(x)
0.51257951    0.011101238 

BBB first bond length
0.61805655    0.002532788 

BBB second bond length
0.6182952     0.0024809737

BBB <phi**2>/<phi>**2
1.2223119     0.0074931237

Time = 16000
Temperature
1.0111434     0.00681864  

Pressure
23.147466     0.099172207 

CM Mom
1.2148081e-16  2.0327012e-17 
-2.5170497e-17 1.3398677e-17 
2.4426858e-17  3.6380814e-17 
1.3175048e-16  2.336449e-17  

CM Pos
7.5007231      0.019558266   
7.4920918      0.0088679807  
7.4950185      0.0080048684  
12.983372      0.012947987   

Stress
20.1306      0.0152918    0.0376041     0.103342     0.0583632    0.0735365   
0.0152918    20.1178      -0.0219193    0.0583632    0.150989     0.0677107   
0.0376041    -0.0219193   20.118        0.0735365    0.0677107    0.141234    

Stress Spherical
0            0            0             0            0            0           
0            0            0             0            0            0           
0            0            0             0            0            0           

Inertia
149.806      -56.1743     -56.2121      0.178979     0.13758      0.174595    
-56.1743     149.932      -56.141       0.13758      0.354352     0.135615    
-56.2121     -56.141      149.87        0.174595     0.135615     0.258905    

Bond Length
0.61852954    0.0025217688

BB bond length
0.61852954    0.0025217688

Water EE distance
0             0           

PEG EE distance
7.6207022     0.077976248 

BBB P2(x)
0.51314374    0.0082506409

BBB first bond length
0.61869056    0.0024820632

BBB second bond length
0.61839506    0.0026952913

BBB <phi**2>/<phi>**2
1.2266802     0.00666579  

Time = 17000
Temperature
1.0101107     0.012884263 

Pressure
23.117337     0.099552533 

CM Mom
1.4459836e-16  1.6996175e-17 
-4.96827e-18   1.4902905e-17 
2.7578977e-17  1.173922e-17  
1.483646e-16   1.8184892e-17 

CM Pos
7.5008716      0.017098084   
7.4903093      0.0088330771  
7.4947214      0.016201543   
12.982262      0.012229148   

Stress
20.0792      -0.0301482   0.0287881     0.0886009    0.0803342    0.0707274   
-0.0301482   20.0836      -0.00616707   0.0803342    0.143079     0.0800274   
0.0287881    -0.00616707  20.1225       0.0707274    0.0800274    0.168006    

Stress Spherical
0            0            0             0            0            0           
0            0            0             0            0            0           
0            0            0             0            0            0           

Inertia
149.77       -56.1437     -56.2142      0.275287     0.148902     0.159866    
-56.1437     149.923      -56.191       0.148902     0.308242     0.168787    
-56.2142     -56.191      149.854       0.159866     0.168787     0.30109     

Bond Length
0.61970698    0.0024665437

BB bond length
0.61970698    0.0024665437

Water EE distance
0             0           

PEG EE distance
7.8613683     0.15380957  

BBB P2(x)
0.5096004     0.011962078 

BBB first bond length
0.61962258    0.002710468 

BBB second bond length
0.6194173     0.0024918511

BBB <phi**2>/<phi>**2
1.2227341     0.0067621887

Time = 18000
Temperature
1.0115793     0.0094890072

Pressure
23.111292     0.098771072 

CM Mom
1.0768932e-16  3.0525443e-17 
1.4054043e-17  1.9384648e-17 
3.5045194e-17  2.4104124e-17 
1.190237e-16   2.7287472e-17 

CM Pos
7.4981978      0.013556648   
7.5005588      0.014285758   
7.5030398      0.011191211   
12.991431      0.014073704   

Stress
20.0576      -0.0174323   -0.029059     0.0992334    0.0603703    0.0653204   
-0.0174323   20.08        -0.0031741    0.0603703    0.166976     0.0611138   
-0.029059    -0.0031741   20.1163       0.0653204    0.0611138    0.0893394   

Stress Spherical
0            0            0             0            0            0           
0            0            0             0            0            0           
0            0            0             0            0            0           

Inertia
150.052      -56.2531     -56.298       0.362158     0.219502     0.117489    
-56.2531     150.014      -56.3065      0.219502     0.219811     0.168772    
-56.298      -56.3065     149.952       0.117489     0.168772     0.33548     

Bond Length
0.61823051    0.0020267138

BB bond length
0.61823051    0.0020267138

Water EE distance
0             0           

PEG EE distance
7.6832161     0.12177178  

BBB P2(x)
0.51594633    0.00795241  

BBB first bond length
0.61819749    0.002155472 

BBB second bond length
0.61831004    0.0020050231

BBB <phi**2>/<phi>**2
1.2252468     0.0054883897

Time = 19000
Temperature
1.0111717     0.007157419 

Pressure
23.142784     0.059523631 

CM Mom
1.0451934e-16  1.8738884e-17 
2.6992009e-17  1.801872e-17  
3.8280321e-17  2.135864e-17  
1.1771846e-16  1.9814635e-17 

CM Pos
7.4974551      0.012198732   
7.4992219      0.0086309204  
7.4975437      0.013702353   
12.987055      0.011641691   

Stress
20.0356      0.0263186    0.0131941     0.120339     0.0761859    0.0613715   
0.0263186    20.1499      0.0487232     0.0761859    0.103636     0.0806285   
0.0131941    0.0487232    20.1666       0.0613715    0.0806285    0.110736    

Stress Spherical
0            0            0             0            0            0           
0            0            0             0            0            0           
0            0            0             0            0            0           

Inertia
149.943      -56.192      -56.2311      0.219403     0.112381     0.149522    
-56.192      149.898      -56.2543      0.112381     0.290004     0.151449    
-56.2311     -56.2543     149.923       0.149522     0.151449     0.224325    

Bond Length
0.61920287    0.0030221529

BB bond length
0.61920287    0.0030221529

Water EE distance
0             0           

PEG EE distance
7.4631583     0.16111215  

BBB P2(x)
0.51056035    0.0094336099

BBB first bond length
0.61912968    0.0030072818

BBB second bond length
0.61922475    0.0028960132

BBB <phi**2>/<phi>**2
1.2286598     0.0094639048

Time = 20000
Temperature
1.0087546     0.0096585398

Pressure
23.178037     0.10190983  

CM Mom
1.272672e-16   3.424926e-17  
2.2052737e-17  1.5734032e-17 
-6.8597336e-18 1.9458923e-17 
1.3226789e-16  3.2167481e-17 

CM Pos
7.500426       0.01073637    
7.4944685      0.0087376359  
7.506902       0.0090891613  
12.99143       0.007127116   

Stress
20.0893      -0.0504592   0.00653561    0.122425     0.0630793    0.0706545   
-0.0504592   20.1989      0.022882      0.0630793    0.0686342    0.0609341   
0.00653561   0.022882     20.1914       0.0706545    0.0609341    0.123334    

Stress Spherical
0            0            0             0            0            0           
0            0            0             0            0            0           
0            0            0             0            0            0           

Inertia
150.014      -56.194      -56.3212      0.187098     0.113259     0.137177    
-56.194      150.112      -56.245       0.113259     0.187157     0.114896    
-56.3212     -56.245      149.933       0.137177     0.114896     0.169708    

Bond Length
0.61823012    0.0021193201

BB bond length
0.61823012    0.0021193201

Water EE distance
0             0           

PEG EE distance
7.207223      0.071822569 

BBB P2(x)
0.5146947     0.009149313 

BBB first bond length
0.6183325     0.0022220814

BBB second bond length
0.61802256    0.0019230516

BBB <phi**2>/<phi>**2
1.2300734     0.0076979523

Time = 21000
Temperature
1.0132189     0.010278654 

Pressure
23.158606     0.078207118 

CM Mom
1.5099577e-16  1.6115211e-17 
1.8397758e-17  3.8012973e-17 
-1.4805997e-17 2.8140318e-17 
1.5989292e-16  1.6977547e-17 

CM Pos
7.4974551      0.0080323861  
7.496251       0.013365683   
7.4959097      0.011976022   
12.984396      0.01085561    

Stress
20.1275      -0.0407594   0.0303008     0.0858345    0.0442499    0.0717187   
-0.0407594   20.0855      -0.00501436   0.0442499    0.0671704    0.080281    
0.0303008    -0.00501436  20.1682       0.0717187    0.080281     0.134231    

Stress Spherical
0            0            0             0            0            0           
0            0            0             0            0            0           
0            0            0             0            0            0           

Inertia
149.883      -56.2364     -56.1617      0.281963     0.0921628    0.138991    
-56.2364     149.896      -56.1597      0.0921628    0.176106     0.193741    
-56.1617     -56.1597     149.906       0.138991     0.193741     0.128697    

Bond Length
0.61892401    0.0021483506

BB bond length
0.61892401    0.0021483506

Water EE distance
0             0           

PEG EE distance
6.9317793     0.11482184  

BBB P2(x)
0.5125018     0.012060608 

BBB first bond length
0.61909404    0.0019778183

BBB second bond length
0.61891722    0.0020758575

BBB <phi**2>/<phi>**2
1.2274779     0.0082607507

Time = 22000
Temperature
1.0086781     0.0081603473

Pressure
23.128996     0.097903599 

CM Mom
1.7191855e-16  1.7720024e-17 
-3.4094995e-17 1.6345557e-17 
-1.2281938e-17 1.4473762e-17 
1.7727391e-16  1.5294744e-17 

CM Pos
7.4964153      0.015126008   
7.502787       0.012053157   
7.5008117      0.017183047   
12.990412      0.010088879   

Stress
20.1359      0.0343466    0.0420979     0.14305      0.0717192    0.0844968   
0.0343466    20.0979      0.0396809     0.0717192    0.132013     0.0794673   
0.0420979    0.0396809    20.0993       0.0844968    0.0794673    0.111861    

Stress Spherical
0            0            0             0            0            0           
0            0            0             0            0            0           
0            0            0             0            0            0           

Inertia
150.05       -56.2651     -56.2386      0.274769     0.161467     0.11516     
-56.2651     149.958      -56.2753      0.161467     0.245577     0.109367    
-56.2386     -56.2753     149.977       0.11516      0.109367     0.275797    

Bond Length
0.6185035     0.0022352479

BB bond length
0.6185035     0.0022352479

Water EE distance
0             0           

PEG EE distance
7.01682       0.15490907  

BBB P2(x)
0.51015252    0.0089137908

BBB first bond length
0.61857674    0.0023952006

BBB second bond length
0.61884368    0.0022877201

BBB <phi**2>/<phi>**2
1.2221988     0.0049809251

Time = 23000
Temperature
1.0062179     0.0061552826

Pressure
23.11113      0.1007199   

CM Mom
1.6074706e-16  2.2858981e-17 
-6.2183979e-17 1.8032436e-17 
-1.8387725e-17 3.1291191e-17 
1.7685435e-16  2.4371139e-17 

CM Pos
7.4894337      0.015647289   
7.4980336      0.018158891   
7.4953155      0.015568119   
12.980462      0.017038422   

Stress
20.1141      -0.0177103   0.00788707    0.141179     0.0579912    0.0566764   
-0.0177103   20.0844      0.0293011     0.0579912    0.131856     0.0800277   
0.00788707   0.0293011    20.1031       0.0566764    0.0800277    0.109641    

Stress Spherical
0            0            0             0            0            0           
0            0            0             0            0            0           
0            0            0             0            0            0           

Inertia
149.912      -56.1378     -56.1167      0.402545     0.183063     0.215058    
-56.1378     149.755      -56.1754      0.183063     0.316239     0.223639    
-56.1167     -56.1754     149.81        0.215058     0.223639     0.325991    

Bond Length
0.61814391    0.0012713331

BB bond length
0.61814391    0.0012713331

Water EE distance
0             0           

PEG EE distance
6.9544557     0.098229235 

BBB P2(x)
0.51959067    0.004653022 

BBB first bond length
0.61811615    0.001332728 

BBB second bond length
0.61803069    0.0012858842

BBB <phi**2>/<phi>**2
1.2272063     0.0051574834

Time = 24000
Temperature
1.0129203     0.0075572791

Pressure
23.127628     0.088606549 

CM Mom
1.7976456e-16  1.9965006e-17 
-6.0764866e-17 2.1034706e-17 
-4.3256699e-17 1.43821e-17   
1.9601493e-16  2.2469089e-17 

CM Pos
7.5025056      0.016858302   
7.5067977      0.015833035   
7.5014059      0.012984672   
12.996575      0.020875946   

Stress
20.0932      0.015966     -0.0122632    0.150459     0.0504751    0.0664709   
0.015966     20.0747      0.0315598     0.0504751    0.0961757    0.0636243   
-0.0122632   0.0315598    20.123        0.0664709    0.0636243    0.103144    

Stress Spherical
0            0            0             0            0            0           
0            0            0             0            0            0           
0            0            0             0            0            0           

Inertia
150.107      -56.3166     -56.2885      0.286414     0.268545     0.190031    
-56.3166     150.043      -56.3461      0.268545     0.312564     0.161054    
-56.2885     -56.3461     150.127       0.190031     0.161054     0.457387    

Bond Length
0.6188044     0.0013152108

BB bond length
0.6188044     0.0013152108

Water EE distance
0             0           

PEG EE distance
7.1550753     0.17308279  

BBB P2(x)
0.51079137    0.011382714 

BBB first bond length
0.61884404    0.0013062206

BBB second bond length
0.6187906     0.0011405377

BBB <phi**2>/<phi>**2
1.2263023     0.0066870686

Time = 25000
Temperature
1.0110464     0.0077527056

Pressure
23.151971     0.10675879  

CM Mom
1.5751165e-16  1.6697109e-17 
-7.3210622e-17 1.5558498e-17 
-5.083396e-17  2.9551456e-17 
1.8428005e-16  1.3741221e-17 

CM Pos
7.4927017      0.017628644   
7.5023414      0.014170998   
7.5018515      0.0092288916  
12.98861       0.0086496008  

Stress
20.1265      -0.00838876  -0.014812     0.143717     0.051505     0.0524452   
-0.00838876  20.1203      -0.0567758    0.051505     0.135213     0.0685357   
-0.014812    -0.0567758   20.134        0.0524452    0.0685357    0.135211    

Stress Spherical
0            0            0             0            0            0           
0            0            0             0            0            0           
0            0            0             0            0            0           

Inertia
150.069      -56.1806     -56.2106      0.237064     0.114777     0.186233    
-56.1806     149.897      -56.2798      0.114777     0.279288     0.140551    
-56.2106     -56.2798     149.902       0.186233     0.140551     0.208642    

Bond Length
0.61897595    0.0025424186

BB bond length
0.61897595    0.0025424186

Water EE distance
0             0           

PEG EE distance
7.4141678     0.10852391  

BBB P2(x)
0.5095666     0.009853887 

BBB first bond length
0.61905199    0.0025330474

BBB second bond length
0.61903024    0.0024842805

BBB <phi**2>/<phi>**2
1.2221304     0.0064252537

Time = 26000
Temperature
1.0112121     0.0094063732

Pressure
23.150165     0.11841466  

CM Mom
1.9137137e-16  2.6802151e-17 
-8.6521094e-17 1.2668997e-17 
-8.996869e-17  1.3710521e-17 
2.3009331e-16  1.8087827e-17 

CM Pos
7.497158       0.014266438   
7.5002617      0.010864061   
7.5017029      0.0081753345  
12.989885      0.011605334   

Stress
20.0829      0.0180247    0.03355       0.128583     0.077887     0.0792033   
0.0180247    20.1744      0.0360821     0.077887     0.121199     0.0831212   
0.03355      0.0360821    20.1165       0.0792033    0.0831212    0.161021    

Stress Spherical
0            0            0             0            0            0           
0            0            0             0            0            0           
0            0            0             0            0            0           

Inertia
150.028      -56.2371     -56.2383      0.203275     0.155027     0.15246     
-56.2371     149.969      -56.3091      0.155027     0.266538     0.10811     
-56.2383     -56.3091     149.927       0.15246      0.10811      0.302601    

Bond Length
0.61897859    0.0025508084

BB bond length
0.61897859    0.0025508084

Water EE distance
0             0           

PEG EE distance
7.3137754     0.13160505  

BBB P2(x)
0.50286115    0.010840786 

BBB first bond length
0.61892584    0.002661916 

BBB second bond length
0.61889121    0.002689637 

BBB <phi**2>/<phi>**2
1.225393      0.0079275469

Time = 27000
Temperature
1.0091922     0.0068177185

Pressure
23.148999     0.049403479 

CM Mom
1.7799191e-16  2.263224e-17  
-8.8243655e-17 1.5746721e-17 
-1.1403204e-16 2.0078137e-17 
2.3095654e-16  1.713926e-17  

CM Pos
7.497158       0.010960111   
7.5014501      0.010753825   
7.4981379      0.015137674   
12.988512      0.014540784   

Stress
20.106       0.00471569   0.0367795     0.0932724    0.0691838    0.0656864   
0.00471569   20.1723      0.0551126     0.0691838    0.0932318    0.0543359   
0.0367795    0.0551126    20.1102       0.0656864    0.0543359    0.0890947   

Stress Spherical
0            0            0             0            0            0           
0            0            0             0            0            0           
0            0            0             0            0            0           

Inertia
149.966      -56.2137     -56.209       0.295932     0.190832     0.1425      
-56.2137     149.917      -56.2679      0.190832     0.296646     0.166236    
-56.209      -56.2679     149.962       0.1425       0.166236     0.341867    

Bond Length
0.61838165    0.0030831333

BB bond length
0.61838165    0.0030831333

Water EE distance
0             0           

PEG EE distance
7.2950611     0.25128681  

BBB P2(x)
0.50983996    0.01017414  

BBB first bond length
0.61820145    0.0031472395

BBB second bond length
0.61828481    0.003117749 

BBB <phi**2>/<phi>**2
1.2251614     0.0051573349

Time = 28000
Temperature
1.0111996     0.0052266423

Pressure
23.129614     0.096898763 

CM Mom
1.9455379e-16  1.3422938e-17 
-8.7292426e-17 2.5179467e-17 
-1.1598384e-16 1.3195848e-17 
2.4436659e-16  1.4024095e-17 

CM Pos
7.5026541      0.0089484822  
7.4946171      0.015754798   
7.5033369      0.013966321   
12.990748      0.012503976   

Stress
20.0881      -0.0352931   -0.0308703    0.113284     0.0807892    0.0575556   
-0.0352931   20.1424      -0.0442267    0.0807892    0.105963     0.0729428   
-0.0308703   -0.0442267   20.0819       0.0575556    0.0729428    0.140816    

Stress Spherical
0            0            0             0            0            0           
