Time = 1000
Temperature
    1.648382     1.3263147

Pressure
   29.271891     4.0747865

CM Mom
-1.2644232e-17 2.9935807e-17 
-1.5371526e-17 6.1373538e-17 
-5.4142585e-16 1.2934652e-15 
7.5054601e-16  1.1865639e-15 

CM Pos
9.9976323      0.015836218   
9.9986444      0.028605493   
10.005474      0.011784126   
17.321547      0.016264793   

Stress
24.329       -0.00875873  -0.0173351    0.79769      0.041438     0.0680741   
-0.00875873  24.3534      -0.0404505    0.041438     0.721686     0.0355702   
-0.0173351   -0.0404505   24.3096       0.0680741    0.0355702    0.802724    

Stress Spherical
0            0            0             0            0            0           
0            0            0             0            0            0           
0            0            0             0            0            0           

Inertia
267.785      -99.9353     -100.007      6.99795      0.243819     0.128671    
-99.9353     267.763      -100.02       0.243819     6.32969      0.410518    
-100.007     -100.02      267.612       0.128671     0.410518     6.64703     

Bond Length
0.61654881    0.034663657 

BB bond length
0.61654881    0.034663657 

Water EE distance
0             0           

PEG EE distance
7.364237      0.42008828  

BBB P2(x)
0.11222478    0.039181419 

BBB first bond length
0.61696331    0.035437949 

BBB second bond length
0.61683333    0.03497565  

BBB <phi**2>/<phi>**2
1.1301954     0.012794097 

Time = 2000
Temperature
1.0172748     0.0076987724

Pressure
26.490645     0.10105016  

CM Mom
-4.3615409e-18 1.9463435e-17 
4.3105343e-17  1.4007098e-17 
2.9862041e-17  1.0436579e-16 
1.0411137e-16  5.8282937e-17 

CM Pos
10.002886      0.0087823127  
9.9980606      0.0081697323  
10.001555      0.0076600392  
17.321957      0.0064728823  

Stress
23.3961      8.56467e-05  -0.0111675    0.122725     0.0528774    0.0366067   
8.56467e-05  23.4893      0.0179523     0.0528774    0.094845     0.0539411   
-0.0111675   0.0179523    23.4383       0.0366067    0.0539411    0.0833225   

Stress Spherical
0            0            0             0            0            0           
0            0            0             0            0            0           
0            0            0             0            0            0           

Inertia
267.015      -99.9938     -100.058      0.713423     0.155645     0.151454    
-99.9938     267.142      -100.057      0.155645     0.692398     0.102181    
-100.058     -100.057     267.036       0.151454     0.102181     0.771881    

Bond Length
0.60215095    0.00057323855

BB bond length
0.60215095    0.00057323855

Water EE distance
0             0           

PEG EE distance
6.6150735     0.14663398  

BBB P2(x)
0.075191474   0.0035763377

BBB first bond length
0.60227759    0.00058034814

BBB second bond length
0.60228314    0.00051724638

BBB <phi**2>/<phi>**2
1.118936      0.0015709282

Time = 3000
Temperature
1.0111204     0.0041957138

Pressure
26.518974     0.054311707 

CM Mom
9.5740011e-19  1.5383665e-17 
3.6216622e-17  1.3902424e-17 
-2.3974354e-18 2.9692746e-17 
5.0064575e-17  1.1110359e-17 

CM Pos
9.9987164      0.011315606   
10.003315      0.012612068   
10.000053      0.011368039   
17.32172       0.012359412   

Stress
23.4881      0.005509     0.0319084     0.0385241    0.0434294    0.0702436   
0.005509     23.4494      0.0169256     0.0434294    0.105704     0.0469109   
0.0319084    0.0169256    23.5266       0.0702436    0.0469109    0.0753761   

Stress Spherical
0            0            0             0            0            0           
0            0            0             0            0            0           
0            0            0             0            0            0           

Inertia
266.877      -100.041     -100.05       0.444779     0.13455      0.148021    
-100.041     266.782      -100.041      0.13455      0.401605     0.210477    
-100.05      -100.041     266.833       0.148021     0.210477     0.30816     

Bond Length
0.60139778    0.00042430122

BB bond length
0.60139778    0.00042430122

Water EE distance
0             0           

PEG EE distance
6.2715488     0.10579082  

BBB P2(x)
0.068542512   0.0021978023

BBB first bond length
0.60157896    0.00047519384

BBB second bond length
0.60159715    0.00045300198

BBB <phi**2>/<phi>**2
1.1176563     0.0014383222

Time = 4000
Temperature
1.0096785     0.0034246189

Pressure
26.514282     0.100138    

CM Mom
-3.629602e-18  2.3567342e-17 
4.344041e-17   2.0390766e-17 
-1.1679309e-17 1.9864678e-17 
5.5420672e-17  1.8193596e-17 

CM Pos
10.005889      0.010582521   
10.002648      0.0092121377  
10.002889      0.0072820583  
17.327108      0.011821239   

Stress
23.4836      0.038374     0.0188334     0.125536     0.0603342    0.0373855   
0.038374     23.465       0.0461301     0.0603342    0.148528     0.0459242   
0.0188334    0.0461301    23.5143       0.0373855    0.0459242    0.0700685   

Stress Spherical
0            0            0             0            0            0           
0            0            0             0            0            0           
0            0            0             0            0            0           

Inertia
266.88       -100.129     -100.113      0.275526     0.195895     0.129295    
-100.129     266.927      -100.039      0.195895     0.262243     0.184211    
-100.113     -100.039     266.924       0.129295     0.184211     0.333049    

Bond Length
0.60157007    0.00041717467

BB bond length
0.60157007    0.00041717467

Water EE distance
0             0           

PEG EE distance
5.9008992     0.076690082 

BBB P2(x)
0.063336636   0.0033781806

BBB first bond length
0.60171281    0.00044409345

BBB second bond length
0.60171624    0.00043141826

BBB <phi**2>/<phi>**2
1.1161385     0.001308353 

Time = 5000
Temperature
1.0113776     0.0080338811

Pressure
26.487844     0.048632267 

CM Mom
1.9600545e-18  2.1091348e-17 
4.1499452e-17  1.5732784e-17 
1.8900319e-18  1.5744979e-17 
4.9815436e-17  1.3722636e-17 

CM Pos
10.008474      0.00722067    
10.004983      0.0062125525  
10.000304      0.012398486   
17.328458      0.0089650531  

Stress
23.4223      -0.00481091  -0.0176746    0.0811927    0.0479596    0.0503445   
-0.00481091  23.5023      0.0332777     0.0479596    0.0812277    0.0305207   
-0.0176746   0.0332777    23.4437       0.0503445    0.0305207    0.0653833   

Stress Spherical
0            0            0             0            0            0           
0            0            0             0            0            0           
0            0            0             0            0            0           

Inertia
266.853      -100.126     -100.091      0.27232      0.159402     0.178604    
-100.126     266.901      -100.082      0.159402     0.226185     0.185514    
-100.091     -100.082     267.028       0.178604     0.185514     0.216875    

Bond Length
0.60167507    0.00074607863

BB bond length
0.60167507    0.00074607863

Water EE distance
0             0           

PEG EE distance
5.6989283     0.076341387 

BBB P2(x)
0.05968259    0.0040173214

BBB first bond length
0.60175155    0.00071534314

BBB second bond length
0.60178047    0.00073491387

BBB <phi**2>/<phi>**2
1.1151079     0.0017493596

Time = 6000
Temperature
1.0097396     0.0023214785

Pressure
26.499664     0.063590984 

CM Mom
1.9187585e-17  1.495517e-17  
4.4598734e-17  1.6564049e-17 
9.3008551e-18  2.8093509e-17 
5.8942575e-17  1.6023713e-17 

CM Pos
10.003303      0.010016259   
10.000312      0.008113776   
9.9982186      0.0092479321  
17.321573      0.0074356091  

Stress
23.4795      -0.0260865   -0.00821401   0.101433     0.0546678    0.0783543   
-0.0260865   23.4675      0.0137341     0.0546678    0.102205     0.0476143   
-0.00821401  0.0137341    23.4715       0.0783543    0.0476143    0.125116    

Stress Spherical
0            0            0             0            0            0           
0            0            0             0            0            0           
0            0            0             0            0            0           

Inertia
266.652      -100.063     -99.9914      0.118256     0.20166      0.142756    
-100.063     266.752      -100.01       0.20166      0.294476     0.0901261   
-99.9914     -100.01      266.786       0.142756     0.0901261    0.243128    

Bond Length
0.60158932    0.00035244292

BB bond length
0.60158932    0.00035244292

Water EE distance
0             0           

PEG EE distance
5.5011117     0.046286574 

BBB P2(x)
0.059018999   0.0035376475

BBB first bond length
0.60173971    0.00040323319

BBB second bond length
0.60174899    0.00039172633

BBB <phi**2>/<phi>**2
1.1147227     0.0017035184

Time = 7000
Temperature
1.0122547     0.0045373201

Pressure
26.533823     0.061180943 

CM Mom
1.5332059e-17  2.1008831e-17 
3.6041508e-17  1.3451336e-17 
-7.2372134e-19 1.3582581e-17 
4.6252163e-17  1.4216873e-17 

CM Pos
10.004554      0.010142199   
9.995225       0.0087724073  
10.000637      0.010268964   
17.320756      0.0081795285  

Stress
23.5039      0.0369416    0.00667287    0.0918864    0.0434394    0.0507259   
0.0369416    23.5312      -0.00214723   0.0434394    0.0937013    0.0501806   
0.00667287   -0.00214723  23.4632       0.0507259    0.0501806    0.0994227   

Stress Spherical
0            0            0             0            0            0           
0            0            0             0            0            0           
0            0            0             0            0            0           

Inertia
266.546      -99.9816     -100.017      0.325892     0.138205     0.106548    
-99.9816     266.758      -99.9706      0.138205     0.133079     0.173094    
-100.017     -99.9706     266.659       0.106548     0.173094     0.22246     

Bond Length
0.60174547    0.00049146287

BB bond length
0.60174547    0.00049146287

Water EE distance
0             0           

PEG EE distance
5.3609314     0.021779092 

BBB P2(x)
0.059284676   0.0034954818

BBB first bond length
0.60189683    0.00050209777

BBB second bond length
0.60189892    0.00046351492

BBB <phi**2>/<phi>**2
1.1152015     0.0013300716

Time = 8000
Temperature
1.0122576     0.0062653828

Pressure
26.537729     0.045680841 

CM Mom
9.809879e-18   1.7677898e-17 
3.693201e-17   1.0373591e-17 
-3.0393287e-17 1.7306572e-17 
5.3328224e-17  1.6115099e-17 

CM Pos
9.9938793      0.014849068   
10.004482      0.011983127   
9.9943822      0.010711543   
17.31633       0.012502164   

Stress
23.5086      -0.0115632   -0.0150807    0.0901998    0.0641296    0.0530173   
-0.0115632   23.527       0.00275396    0.0641296    0.0814279    0.0598332   
-0.0150807   0.00275396   23.4745       0.0530173    0.0598332    0.0487598   

Stress Spherical
0            0            0             0            0            0           
0            0            0             0            0            0           
0            0            0             0            0            0           

Inertia
266.633      -99.9977     -99.867       0.31377      0.166766     0.189339    
-99.9977     266.381      -100.004      0.166766     0.365212     0.185779    
-99.867      -100.004     266.59        0.189339     0.185779     0.460407    

Bond Length
0.60174613    0.00051709554

BB bond length
0.60174613    0.00051709554

Water EE distance
0             0           

PEG EE distance
5.2339373     0.056207393 

BBB P2(x)
0.051005806   0.0033484543

BBB first bond length
0.60194391    0.00050203167

BBB second bond length
0.60187639    0.00053159514

BBB <phi**2>/<phi>**2
1.1122076     0.0014060991

Time = 9000
Temperature
1.0098706     0.0057486182

Pressure
26.518005     0.077880943 

CM Mom
-5.03642e-19   2.106726e-17  
6.5649963e-17  2.0553738e-17 
6.1307403e-18  2.345384e-17  
7.2837969e-17  2.1418585e-17 

CM Pos
9.9968817      0.0062904349  
10.00098       0.0095894756  
9.9911296      0.005968155   
17.314156      0.0087245954  

Stress
23.4953      -0.020296    0.0130246     0.114691     0.059329     0.0629263   
-0.020296    23.5183      -0.0179342    0.059329     0.104374     0.0559851   
0.0130246    -0.0179342   23.4587       0.0629263    0.0559851    0.0862814   

Stress Spherical
0            0            0             0            0            0           
0            0            0             0            0            0           
0            0            0             0            0            0           

Inertia
266.495      -99.972      -99.9014      0.222342     0.1459       0.115596    
-99.972      266.402      -99.9221      0.1459       0.173567     0.131502    
-99.9014     -99.9221     266.613       0.115596     0.131502     0.283063    

Bond Length
0.60138584    0.00061754302

BB bond length
0.60138584    0.00061754302

Water EE distance
0             0           

PEG EE distance
5.1857744     0.023913958 

BBB P2(x)
0.054514307   0.0024476802

BBB first bond length
0.60151953    0.00062300434

BBB second bond length
0.60156481    0.00062295017

BBB <phi**2>/<phi>**2
1.113133      0.0010279325

Time = 10000
Temperature
1.013244      0.005738409 

Pressure
26.522019     0.052960714 

CM Mom
3.0634026e-17  1.5562917e-17 
4.6942582e-17  2.2948315e-17 
-1.6954732e-18 1.0001915e-17 
6.0922395e-17  1.7385449e-17 

CM Pos
9.9972987      0.0076363942  
9.9920558      0.0078696475  
9.9957166      0.0094414556  
17.311893      0.0089580153  

Stress
23.4712      0.0147638    0.0169842     0.0584879    0.0424698    0.0706584   
0.0147638    23.4753      -0.00938089   0.0424698    0.0885476    0.0464665   
0.0169842    -0.00938089  23.5075       0.0706584    0.0464665    0.0903569   

Stress Spherical
0            0            0             0            0            0           
0            0            0             0            0            0           
0            0            0             0            0            0           

Inertia
266.397      -99.9182     -99.9271      0.216949     0.114913     0.17803     
-99.9182     266.479      -99.865       0.114913     0.280907     0.144438    
-99.9271     -99.865      266.449       0.17803      0.144438     0.225047    

Bond Length
0.60159815    0.00065677433

BB bond length
0.60159815    0.00065677433

Water EE distance
0             0           

PEG EE distance
5.1505949     0.025703788 

BBB P2(x)
0.053939074   0.0041032411

BBB first bond length
0.60177079    0.00065103034

BBB second bond length
0.60170077    0.00070424085

BBB <phi**2>/<phi>**2
1.1129537     0.0013386058

Time = 11000
Temperature
1.010103      0.0031385883

Pressure
26.52693      0.058544447 

CM Mom
3.2707158e-17  2.4719442e-17 
3.4674794e-17  3.0643403e-17 
8.7397482e-18  1.5384441e-17 
6.1908638e-17  1.7394059e-17 

CM Pos
10.005222      0.0097861959  
10.000312      0.010720954   
9.9944656      0.010166857   
17.320516      0.0094706119  

Stress
23.4633      0.0142617    0.00853067    0.0719114    0.0491231    0.0563606   
0.0142617    23.5215      0.0253127     0.0491231    0.0892132    0.0518992   
0.00853067   0.0253127    23.5122       0.0563606    0.0518992    0.0882808   

Stress Spherical
0            0            0             0            0            0           
0            0            0             0            0            0           
0            0            0             0            0            0           

Inertia
266.552      -100.008     -100.005      0.254191     0.148053     0.160769    
-100.008     266.639      -99.8801      0.148053     0.259741     0.145967    
-100.005     -99.8801     266.783       0.160769     0.145967     0.333227    

Bond Length
0.60181094    0.00043747843

BB bond length
0.60181094    0.00043747843

Water EE distance
0             0           

PEG EE distance
5.0206568     0.079703972 

BBB P2(x)
0.053348342   0.0024704394

BBB first bond length
0.60191308    0.00047687553

BBB second bond length
0.60191221    0.0004603096

BBB <phi**2>/<phi>**2
1.1128478     0.0018383791

Time = 12000
Temperature
1.0094055     0.0050419217

Pressure
26.499877     0.070348236 

CM Mom
1.3959269e-17  2.0620387e-17 
3.589556e-17   1.4843277e-17 
6.1656938e-18  2.7277563e-17 
5.1465136e-17  1.6195573e-17 

CM Pos
10.004638      0.0069055474  
10.003732      0.0089217825  
9.999553       0.01189545    
17.325089      0.0065424377  

Stress
23.4859      0.0445406    -0.0427294    0.0773258    0.0615423    0.0686529   
0.0445406    23.4792      0.00689242    0.0615423    0.0966079    0.0591366   
-0.0427294   0.00689242   23.4571       0.0686529    0.0591366    0.136497    

Stress Spherical
0            0            0             0            0            0           
0            0            0             0            0            0           
0            0            0             0            0            0           

Inertia
266.731      -100.069     -100.038      0.246708     0.176916     0.11785     
-100.069     266.768      -100.034      0.176916     0.214163     0.160686    
-100.038     -100.034     266.835       0.11785      0.160686     0.267694    

Bond Length
0.60150667    0.00047241728

BB bond length
0.60150667    0.00047241728

Water EE distance
0             0           

PEG EE distance
5.0537999     0.038052514 

BBB P2(x)
0.053934011   0.0049997337

BBB first bond length
0.60163757    0.00055019191

BBB second bond length
0.60168545    0.00047615339

BBB <phi**2>/<phi>**2
1.1132948     0.0021047324

Time = 13000
Temperature
1.0111966     0.003938441 

Pressure
26.52387      0.057433587 

CM Mom
1.9350952e-17  1.8968237e-17 
2.1935134e-17  1.0761922e-17 
-2.2596356e-17 2.0676128e-17 
4.5076622e-17  1.5408378e-17 

CM Pos
10.007974      0.0063820946  
10.003899      0.0083549342  
10.00022       0.0084212705  
17.327494      0.0080264074  

Stress
23.4805      -0.00205131  0.013707      0.127736     0.071603     0.0490561   
-0.00205131  23.5268      0.00950594    0.071603     0.121448     0.045912    
0.013707     0.00950594   23.4708       0.0490561    0.045912     0.126171    

Stress Spherical
0            0            0             0            0            0           
0            0            0             0            0            0           
0            0            0             0            0            0           

Inertia
266.768      -100.101     -100.055      0.330795     0.154956     0.110627    
-100.101     266.846      -100.032      0.154956     0.198136     0.159075    
-100.055     -100.032     266.89        0.110627     0.159075     0.198072    

Bond Length
0.60167922    0.00053691253

BB bond length
0.60167922    0.00053691253

Water EE distance
0             0           

PEG EE distance
5.0491879     0.033114543 

BBB P2(x)
0.052598705   0.003541278 

BBB first bond length
0.60177534    0.00059935989

BBB second bond length
0.60182509    0.00051723763

BBB <phi**2>/<phi>**2
1.1133032     0.0014119954

Time = 14000
Temperature
1.0126577     0.0058597634

Pressure
26.516114     0.082675431 

CM Mom
-7.7189227e-18 1.5560013e-17 
8.7152114e-20  1.9147784e-17 
-1.288555e-17  1.6400778e-17 
3.1967948e-17  9.0229808e-18 

CM Pos
9.9976323      0.010769825   
9.992306       0.0074822751  
9.9950494      0.011139357   
17.311848      0.0085069312  

Stress
23.5158      -0.0276299   -0.00931445   0.0908626    0.0779785    0.0580896   
-0.0276299   23.4487      -0.0094656    0.0779785    0.107733     0.0353412   
-0.00931445  -0.0094656   23.4771       0.0580896    0.0353412    0.0729316   

Stress Spherical
0            0            0             0            0            0           
0            0            0             0            0            0           
0            0            0             0            0            0           

Inertia
266.409      -99.8884     -99.9472      0.19714      0.169843     0.1449      
-99.8884     266.51       -99.8427      0.169843     0.338086     0.0977643   
-99.9472     -99.8427     266.467       0.1449       0.0977643    0.258086    

Bond Length
0.60157703    0.00055203709

BB bond length
0.60157703    0.00055203709

Water EE distance
0             0           

PEG EE distance
4.9644383     0.048879167 

BBB P2(x)
0.05093382    0.0029971906

BBB first bond length
0.60178321    0.00062576895

BBB second bond length
0.60169862    0.00065569835

BBB <phi**2>/<phi>**2
1.1125749     0.0011681339

Time = 15000
Temperature
1.0131232     0.004555801 

Pressure
26.54316      0.071881963 

CM Mom
6.3940485e-18  1.5361633e-17 
1.1624622e-18  1.9846053e-17 
3.0805321e-18  1.8042856e-17 
2.9926618e-17  1.0559955e-17 

CM Pos
9.9975489      0.0098117493  
10.003815      0.0067656364  
10.002722      0.014857263   
17.322875      0.010285543   

Stress
23.4852      -0.00358192  -0.0259214    0.0899917    0.0890774    0.0826042   
-0.00358192  23.4776      -0.0143524    0.0890774    0.0813046    0.0745997   
-0.0259214   -0.0143524   23.5557       0.0826042    0.0745997    0.101872    

Stress Spherical
0            0            0             0            0            0           
0            0            0             0            0            0           
0            0            0             0            0            0           

Inertia
266.755      -99.9888     -99.991       0.254089     0.127936     0.229478    
-99.9888     266.61       -100.026      0.127936     0.489992     0.129358    
-99.991      -100.026     266.651       0.229478     0.129358     0.219451    

Bond Length
0.60171383    0.00048426485

BB bond length
0.60171383    0.00048426485

Water EE distance
0             0           

PEG EE distance
4.9087179     0.036397887 

BBB P2(x)
0.051252152   0.0026395284

BBB first bond length
0.60184899    0.00041362557

BBB second bond length
0.60187576    0.00050199863

BBB <phi**2>/<phi>**2
1.1124271     0.0012720594

Time = 16000
Temperature
1.0138495     0.0056870324

Pressure
26.532963     0.067629039 

CM Mom
-1.400597e-17  2.1353591e-17 
2.8581958e-18  1.2220157e-17 
8.1091975e-18  1.7246807e-17 
3.2062969e-17  1.2034201e-17 

CM Pos
10.000301      0.010569038   
9.999395       0.010550596   
10.005641      0.0092121377  
17.323598      0.006694232   

Stress
23.5146      0.0131683    -0.0321391    0.112995     0.0648845    0.0558354   
0.0131683    23.4862      -0.00191385   0.0648845    0.0927837    0.0583435   
-0.0321391   -0.00191385  23.4807       0.0558354    0.0583435    0.0902549   

Stress Spherical
0            0            0             0            0            0           
0            0            0             0            0            0           
0            0            0             0            0            0           

Inertia
266.755      -100.02      -100.047      0.0807021    0.110912     0.202179    
-100.02      266.796      -100.021      0.110912     0.335563     0.048027    
-100.047     -100.021     266.681       0.202179     0.048027     0.179952    

Bond Length
0.60178413    0.00063351181

BB bond length
0.60178413    0.00063351181

Water EE distance
0             0           

PEG EE distance
4.9863173     0.019223171 

BBB P2(x)
0.05197378    0.002103251 

BBB first bond length
0.60190219    0.00068970611

BBB second bond length
0.60195376    0.00062218434

BBB <phi**2>/<phi>**2
1.1131861     0.0010828208

Time = 17000
Temperature
1.0111309     0.005376658 

Pressure
26.526357     0.051691573 

CM Mom
-9.5047887e-18 1.8433262e-17 
2.9377091e-18  2.66783e-17   
-2.0874552e-17 1.5293806e-17 
3.8444697e-17  1.8497046e-17 

CM Pos
10.002469      0.0091905941  
9.9963092      0.0080518182  
10.001054      0.016997108   
17.320421      0.011946994   

Stress
23.5201      0.0385437    0.00603228    0.0545399    0.0497853    0.0584466   
0.0385437    23.4811      -0.0474296    0.0497853    0.0995249    0.057016    
0.00603228   -0.0474296   23.4849       0.0584466    0.057016     0.0891838   

Stress Spherical
0            0            0             0            0            0           
0            0            0             0            0            0           
0            0            0             0            0            0           

Inertia
266.634      -99.9855     -100.034      0.319489     0.146445     0.234174    
-99.9855     266.767      -99.9938      0.146445     0.48745      0.19633     
-100.034     -99.9938     266.698       0.234174     0.19633      0.21273     

Bond Length
0.6015417     0.000580153 

BB bond length
0.6015417     0.000580153 

Water EE distance
0             0           

PEG EE distance
4.9296632     0.018587933 

BBB P2(x)
0.054079579   0.0042102499

BBB first bond length
0.60166041    0.0006411672

BBB second bond length
0.60163026    0.00057643497

BBB <phi**2>/<phi>**2
1.1136962     0.001730289 

Time = 18000
Temperature
1.0113106     0.006358598 

Pressure
26.512085     0.050246891 

CM Mom
-2.2123443e-17 2.3340761e-17 
1.4547574e-17  2.2496439e-17 
-3.475205e-18  1.4298468e-17 
4.0886722e-17  1.7226688e-17 

CM Pos
9.9971319      0.010061986   
9.9995618      0.0090533451  
10.003973      0.0053797434  
17.320896      0.011264991   

Stress
23.4929      -0.0161749   0.0203656     0.0608514    0.0666285    0.071544    
-0.0161749   23.4705      -0.0510032    0.0666285    0.0674829    0.053953    
0.0203656    -0.0510032   23.4783       0.071544     0.053953     0.0935505   

Stress Spherical
0            0            0             0            0            0           
0            0            0             0            0            0           
0            0            0             0            0            0           

Inertia
266.756      -99.9587     -100.011      0.30547      0.202294     0.169098    
-99.9587     266.738      -100.074      0.202294     0.284321     0.135404    
-100.011     -100.074     266.615       0.169098     0.135404     0.349327    

Bond Length
0.60153061    0.00070185331

BB bond length
0.60153061    0.00070185331

Water EE distance
0             0           

PEG EE distance
4.8882697     0.029888835 

BBB P2(x)
0.054653392   0.0046742549

BBB first bond length
0.60169464    0.00072219503

BBB second bond length
0.60168076    0.0006883187

BBB <phi**2>/<phi>**2
1.1138688     0.0011625523

Time = 19000
Temperature
1.011846      0.0030039326

Pressure
26.50209      0.078999796 

CM Mom
-2.2789178e-19 1.5181283e-17 
2.5046337e-17  1.9124449e-17 
-2.453442e-17  2.5565128e-17 
4.5682352e-17  1.9804624e-17 

CM Pos
9.9945465      0.0076477711  
10.005984      0.0081206311  
9.9983854      0.0093466833  
17.319888      0.0075915151  

Stress
23.4725      0.00496874   0.0128137     0.0912597    0.0516946    0.0595902   
0.00496874   23.4664      -0.0138453    0.0516946    0.099348     0.0509248   
0.0128137    -0.0138453   23.4679       0.0595902    0.0509248    0.127256    

Stress Spherical
0            0            0             0            0            0           
0            0            0             0            0            0           
0            0            0             0            0            0           

Inertia
266.792      -99.9896     -99.9035      0.307831     0.0781696    0.0863152   
-99.9896     266.558      -100.068      0.0781696    0.184063     0.187149    
-99.9035     -100.068     266.708       0.0863152    0.187149     0.173747    

Bond Length
0.6017989     0.00033710181

BB bond length
0.6017989     0.00033710181

Water EE distance
0             0           

PEG EE distance
4.8314855     0.024141296 

BBB P2(x)
0.05230963    0.0032422057

BBB first bond length
0.60202771    0.00039789696

BBB second bond length
0.60196848    0.00035074883

BBB <phi**2>/<phi>**2
1.1132718     0.0017605298

Time = 20000
Temperature
1.0128875     0.0037561772

Pressure
26.504085     0.056997231 

CM Mom
-1.6094901e-17 2.6584599e-17 
3.3796618e-17  1.5054037e-17 
-4.9006571e-18 1.2607783e-17 
4.6050732e-17  1.9922973e-17 

CM Pos
9.9957975      0.00611949    
10.005567      0.0096958703  
9.9988858      0.010154193   
17.320659      0.0077089629  

Stress
23.4758      0.0152199    -0.0184125    0.134895     0.0683545    0.0311602   
0.0152199    23.4726      0.00763521    0.0683545    0.106406     0.0628506   
-0.0184125   0.00763521   23.4551       0.0311602    0.0628506    0.0707175   

Stress Spherical
0            0            0             0            0            0           
0            0            0             0            0            0           
0            0            0             0            0            0           

Inertia
266.76       -100.018     -99.9507      0.282409     0.153084     0.0833855   
-100.018     266.573      -100.045      0.153084     0.203499     0.148527    
-99.9507     -100.045     266.686       0.0833855    0.148527     0.234024    

Bond Length
0.60167781    0.00027597329

BB bond length
0.60167781    0.00027597329

Water EE distance
0             0           

PEG EE distance
4.8180956     0.019881899 

BBB P2(x)
0.054716484   0.002433725 

BBB first bond length
0.60184368    0.00032910186

BBB second bond length
0.60183445    0.00031833891

BBB <phi**2>/<phi>**2
1.1137745     0.00083800466

Time = 21000
Temperature
1.009759      0.0048345227

Pressure
26.514179     0.069134171 

CM Mom
-1.0404087e-17 1.1922632e-17 
2.9573849e-17  1.2900945e-17 
-7.1083949e-18 1.7612415e-17 
3.8487858e-17  1.3071049e-17 

CM Pos
9.9978825      0.0081837678  
10.004566      0.0046763173  
10.000554      0.0175226     
17.322249      0.012345224   

Stress
23.5112      0.0333365    -0.0153803    0.0957676    0.0495025    0.0638316   
0.0333365    23.4862      -0.0252248    0.0495025    0.0775797    0.0650632   
-0.0153803   -0.0252248   23.4645       0.0638316    0.0650632    0.0948677   

Stress Spherical
0            0            0             0            0            0           
0            0            0             0            0            0           
0            0            0             0            0            0           

Inertia
266.812      -100.026     -99.9898      0.372958     0.141979     0.206524    
-100.026     266.644      -100.026      0.141979     0.435871     0.169434    
-99.9898     -100.026     266.697       0.206524     0.169434     0.183546    

Bond Length
0.60142341    0.00049747283

BB bond length
0.60142341    0.00049747283

Water EE distance
0             0           

PEG EE distance
4.8409815     0.035617773 

BBB P2(x)
0.055028903   0.0043614035

BBB first bond length
0.60168296    0.00049287661

BBB second bond length
0.60153148    0.00049486488

BBB <phi**2>/<phi>**2
1.1130827     0.0019601263

Time = 22000
Temperature
1.0133577     0.0038200647

Pressure
26.502633     0.066041786 

CM Mom
-8.3020201e-18 1.0487346e-17 
1.468218e-17   2.0194731e-17 
2.5092691e-17  2.3631312e-17 
4.1773408e-17  1.5664163e-17 

CM Pos
10.002052      0.0061788738  
10.000146      0.011900419   
10.004057      0.0085442632  
17.324124      0.0092950428  

Stress
23.4326      -0.00827624  0.0205204     0.071428     0.0429705    0.066779    
-0.00827624  23.4922      0.0193419     0.0429705    0.137918     0.0456457   
0.0205204    0.0193419    23.4701       0.066779     0.0456457    0.0881057   

Stress Spherical
0            0            0             0            0            0           
0            0            0             0            0            0           
0            0            0             0            0            0           

Inertia
266.763      -100.002     -100.017      0.384578     0.107559     0.0815323   
-100.002     266.748      -100.063      0.107559     0.169054     0.218588    
-100.017     -100.063     266.677       0.0815323    0.218588     0.233699    

Bond Length
0.60160865    0.00072411008

BB bond length
0.60160865    0.00072411008

Water EE distance
0             0           

PEG EE distance
4.7772424     0.031446307 

BBB P2(x)
0.053678021   0.0028532078

BBB first bond length
0.60180572    0.00071677504

BBB second bond length
0.60177815    0.00074502767

BBB <phi**2>/<phi>**2
1.113276      0.0009534308

Time = 23000
Temperature
1.0148138     0.0044346382

Pressure
26.513418     0.078181532 

CM Mom
-1.6159252e-17 1.0198613e-17 
2.6296096e-18  1.0068713e-17 
2.2177001e-17  2.7254607e-17 
3.3967036e-17  2.3543585e-17 

CM Pos
10.001135      0.009256953   
10.001063      0.010377776   
10.007559      0.01044991    
17.326148      0.010079828   

Stress
23.4761      0.00322001   -0.015089     0.108381     0.0614913    0.0779269   
0.00322001   23.4662      0.0187782     0.0614913    0.113173     0.0364454   
-0.015089    0.0187782    23.4718       0.0779269    0.0364454    0.0869582   

Stress Spherical
0            0            0             0            0            0           
0            0            0             0            0            0           
0            0            0             0            0            0           

Inertia
266.826      -100.043     -100.071      0.334157     0.132368     0.134182    
-100.043     266.817      -100.042      0.132368     0.24113      0.14282     
-100.071     -100.042     266.713       0.134182     0.14282      0.254442    

Bond Length
0.60159108    0.00093038281

BB bond length
0.60159108    0.00093038281

Water EE distance
0             0           

PEG EE distance
4.7390244     0.026715818 

BBB P2(x)
0.049929362   0.0039675628

BBB first bond length
0.60174719    0.00098633462

BBB second bond length
0.60175975    0.00093085315

BBB <phi**2>/<phi>**2
1.1123389     0.0016136826

Time = 24000
Temperature
1.0116505     0.0052717769

Pressure
26.513858     0.036003427 

CM Mom
-2.5680823e-17 1.1551085e-17 
-2.7522128e-17 1.8310212e-17 
2.5887997e-17  1.0034748e-17 
4.8125122e-17  1.8453206e-17 

CM Pos
10.001635      0.0079049218  
10.004399      0.010263205   
10.003306      0.013141421   
17.325907      0.011203941   

Stress
23.5139      0.000357983  0.00602852    0.0783306    0.0642212    0.0579705   
0.000357983  23.4769      0.00581157    0.0642212    0.0807117    0.0542308   
0.00602852   0.00581157   23.4532       0.0579705    0.0542308    0.0984505   

Stress Spherical
0            0            0             0            0            0           
0            0            0             0            0            0           
0            0            0             0            0            0           

Inertia
266.797      -100.07      -100.074      0.307339     0.155516     0.182281    
-100.07      266.75       -100.077      0.155516     0.382274     0.163848    
-100.074     -100.077     266.792       0.182281     0.163848     0.274994    

Bond Length
0.60159593    0.00057295473

BB bond length
0.60159593    0.00057295473

Water EE distance
0             0           

PEG EE distance
4.7364802     0.028758898 

BBB P2(x)
0.052249416   0.0019731289

BBB first bond length
0.60168965    0.00061132406

BBB second bond length
0.60176276    0.00053371784

BBB <phi**2>/<phi>**2
1.1131569     0.0011133436

Time = 25000
Temperature
1.0139794     0.0057039634

Pressure
26.523194     0.044640685 

CM Mom
-1.6932047e-17 2.9033665e-17 
-4.1118205e-17 2.2490195e-17 
2.2120375e-17  1.3253801e-17 
5.9241557e-17  2.1944835e-17 

CM Pos
9.9956307      0.010830363   
9.9966428      0.010251338   
9.993298       0.0063345093  
17.312184      0.0069176304  

Stress
23.4701      -0.00142126  -0.0367859    0.0422897    0.0489842    0.0599329   
-0.00142126  23.5524      -0.00294309   0.0489842    0.0794971    0.0471077   
-0.0367859   -0.00294309  23.4285       0.0599329    0.0471077    0.0861292   

Stress Spherical
0            0            0             0            0            0           
0            0            0             0            0            0           
0            0            0             0            0            0           

Inertia
266.447      -99.9279     -99.8698      0.264224     0.181688     0.123469    
-99.9279     266.427      -99.9247      0.181688     0.24174      0.109085    
-99.8698     -99.9247     266.508       0.123469     0.109085     0.196511    

Bond Length
0.60135079    0.00040645649

BB bond length
0.60135079    0.00040645649

Water EE distance
0             0           

PEG EE distance
4.7708794     0.016074241 

BBB P2(x)
0.052618411   0.0037397999

BBB first bond length
0.60152593    0.00047628011

BBB second bond length
0.60153787    0.00037812955

BBB <phi**2>/<phi>**2
1.1128334     0.0016258963

Time = 26000
Temperature
1.0123505     0.0049363249

Pressure
26.510116     0.043280937 

CM Mom
-4.00512e-17   1.9740361e-17 
-6.5229596e-17 2.029434e-17  
7.7330429e-18  4.6235867e-17 
9.0371491e-17  2.6288588e-17 

CM Pos
9.9966315      0.011301767   
10.003231      0.0062187071  
9.9940486      0.0067630657  
17.316999      0.0071675735  

Stress
23.5081      -0.0479329   -0.000726175  0.0656151    0.0390242    0.0549877   
-0.0479329   23.4817      0.0361903     0.0390242    0.0608391    0.0800793   
-0.000726175 0.0361903    23.4366       0.0549877    0.0800793    0.107361    

Stress Spherical
0            0            0             0            0            0           
0            0            0             0            0            0           
0            0            0             0            0            0           

Inertia
266.621      -100.014     -99.9033      0.27495      0.154779     0.135188    
-100.014     266.48       -99.9646      0.154779     0.207362     0.138691    
-99.9033     -99.9646     266.673       0.135188     0.138691     0.245647    

Bond Length
0.60147561    0.00030846855

BB bond length
0.60147561    0.00030846855

Water EE distance
0             0           

PEG EE distance
4.7351205     0.020708267 

BBB P2(x)
0.05197651    0.003382492 

BBB first bond length
0.60158596    0.0002643949

BBB second bond length
0.6016247     0.00029868123

BBB <phi**2>/<phi>**2
1.1122406     0.0020268311

Time = 27000
Temperature
1.00888       0.0064704694

Pressure
26.507889     0.074502201 

CM Mom
-5.8193885e-17 3.3666343e-17 
-6.6392318e-17 1.4185911e-17 
-9.0653245e-18 1.3749297e-17 
9.4910142e-17  1.9809571e-17 

CM Pos
10.002052      0.0060652609  
9.9982274      0.0094134197  
10.000971      0.008630524   
17.321234      0.0089193312  

Stress
23.5389      0.0169038    0.00343804    0.118796     0.0601166    0.0648907   
0.0169038    23.4639      -0.00255176   0.0601166    0.0855861    0.0382266   
0.00343804   -0.00255176  23.4482       0.0648907    0.0382266    0.0751028   

Stress Spherical
0            0            0             0            0            0           
0            0            0             0            0            0           
0            0            0             0            0            0           

Inertia
266.638      -99.9987     -100.036      0.268518     0.160262     0.127955    
-99.9987     266.674      -99.9531      0.160262     0.247056     0.140031    
-100.036     -99.9531     266.67        0.127955     0.140031     0.26263     

Bond Length
0.60144958    0.00070256888

BB bond length
0.60144958    0.00070256888

Water EE distance
0             0           

PEG EE distance
4.7903244     0.025682911 

BBB P2(x)
0.049207839   0.0032933574

BBB first bond length
0.60164217    0.00076892528

BBB second bond length
0.60159389    0.00067131073

BBB <phi**2>/<phi>**2
1.1119705     0.0013264975

Time = 28000
Temperature
1.0108751     0.0045651304

Pressure
26.502132     0.044295882 

CM Mom
-5.339288e-17  2.0543736e-17 
-5.3911048e-17 1.3195599e-17 
-1.9998343e-17 1.8552528e-17 
8.317715e-17   1.3381385e-17 

CM Pos
10.002303      0.012577552   
10.004149      0.010305475   
9.9998032      0.0070179457  
17.324125      0.010311883   

Stress
23.4515      0.0650161    -0.00619712   0.0536703    0.0780473    0.0627772   
0.0650161    23.484       -0.021477     0.0780473    0.097343     0.0609962   
-0.00619712  -0.021477    23.4802       0.0627772    0.0609962    0.0920311   

Stress Spherical
