Time = 1000
Temperature
   1.1885336    0.29493539

Pressure
   23.931943     1.3182332

CM Mom
-9.7148627e-18 1.8311148e-17 
-1.1501921e-17 3.6368211e-17 
-1.7961638e-16 1.8220499e-16 
2.1585186e-16  1.4406005e-16 

CM Pos
7.4943452      0.016339878   
7.5000915      0.019458127   
7.499215       0.032987701   
12.986752      0.028740629   

Stress
20.4251      -0.0291703   -0.0285595    0.472798     0.069111     0.0860708   
-0.0291703   20.3174      -0.0245189    0.069111     0.429054     0.0772941   
-0.0285595   -0.0245189   20.3586       0.0860708    0.0772941    0.47801     

Stress Spherical
0            0            0             0            0            0           
0            0            0             0            0            0           
0            0            0             0            0            0           

Inertia
150.195      -56.2031     -56.1992      1.00405      0.207251     0.294463    
-56.2031     150.102      -56.257       0.207251     1.21255      0.352904    
-56.1992     -56.257      150.155       0.294463     0.352904     1.4157      

Bond Length
0.62013433    0.011015701 

BB bond length
0.62013433    0.011015701 

Water EE distance
0             0           

PEG EE distance
6.9282061     0.09270599  

BBB P2(x)
0.47479787    0.063255208 

BBB first bond length
0.62019298    0.011178569 

BBB second bond length
0.61995146    0.010725253 

BBB <phi**2>/<phi>**2
1.2192774     0.014662613 

Time = 2000
Temperature
1.0093903     0.0077006269

Pressure
23.05219      0.090832663 

CM Mom
-2.0858769e-17 1.5442039e-17 
-1.0572782e-17 1.9811396e-17 
-6.6340569e-17 3.8597879e-17 
7.8713047e-17  2.9545619e-17 

CM Pos
7.5002723      0.0093715628  
7.4974243      0.010218872   
7.5076611      0.010933044   
12.993482      0.012553261   

Stress
20.0225      0.0124476    -0.01295      0.105886     0.063561     0.0517233   
0.0124476    20.0171      0.0159794     0.063561     0.122313     0.0707064   
-0.01295     0.0159794    20.0342       0.0517233    0.0707064    0.155982    

Stress Spherical
0            0            0             0            0            0           
0            0            0             0            0            0           
0            0            0             0            0            0           

Inertia
149.968      -56.2596     -56.2626      0.269531     0.11598      0.130149    
-56.2596     149.999      -56.2191      0.11598      0.163067     0.171592    
-56.2626     -56.2191     149.869       0.130149     0.171592     0.170807    

Bond Length
0.61606208    0.0020654267

BB bond length
0.61606208    0.0020654267

Water EE distance
0             0           

PEG EE distance
6.849679      0.10596723  

BBB P2(x)
0.51278894    0.0069857544

BBB first bond length
0.61582538    0.0019326395

BBB second bond length
0.6160711     0.002053514 

BBB <phi**2>/<phi>**2
1.227138      0.0062789584

