Time = 500
Temperature
    1.036393   0.040207324

Pressure
   23.222601     0.1699659

CM Mom
2.9876091e-17  2.5242348e-17 
1.9976327e-17  2.1023247e-17 
-1.8289579e-17 5.094462e-17  
7.1683819e-17  1.2731086e-17 

CM Pos
7.4838024      0.015606165   
7.5049372      0.014025285   
7.4898461      0.010175922   
12.978044      0.0092337957  

Stress
20.0581      0.0388683    -0.0340502    0.104473     0.0520855    0.0850042   
0.0388683    20.217       -0.00906108   0.0520855    0.130459     0.0522521   
-0.0340502   -0.00906108  20.079        0.0850042    0.0522521    0.100474    

Stress Spherical
0            0            0             0            0            0           
0            0            0             0            0            0           
0            0            0             0            0            0           

Inertia
149.698      -56.1388     -56.0481      0.623087     0.124224     0.0780011   
-56.1388     149.344      -56.2353      0.124224     0.129856     0.202603    
-56.0481     -56.2353     149.563       0.0780011    0.202603     0.321502    

Bond Length
0.61448928    0.0075643412

BB bond length
0.61448928    0.0075643412

Water EE distance
0             0           

PEG EE distance
3.5170236     0.15808626  

Time = 1000
Temperature
1.0062671     0.0047572611

Pressure
23.04657      0.1091552   

CM Mom
3.2292006e-17  1.7951487e-17 
9.9771823e-18  1.851841e-17  
-1.1648557e-18 3.2456971e-17 
4.861645e-17   2.2332887e-17 

CM Pos
7.4840992      0.0055036312  
7.5007829      0.023346158   
7.4726354      0.0064330811  
12.965885      0.014736495   

Stress
20.0505      -0.0409566   -0.00729384   0.125627     0.0815267    0.0570173   
-0.0409566   19.9666      0.0227992     0.0815267    0.104567     0.0302554   
-0.00729384  0.0227992    20.0797       0.0570173    0.0302554    0.122899    

Stress Spherical
0            0            0             0            0            0           
0            0            0             0            0            0           
0            0            0             0            0            0           

Inertia
149.378      -56.0762     -55.9088      0.494547     0.119452     0.0580837   
-56.0762     149.055      -56.0253      0.119452     0.0848773    0.211793    
-55.9088     -56.0253     149.495       0.0580837    0.211793     0.363857    

Bond Length
0.61556784    0.0081398885

BB bond length
0.61556784    0.0081398885

Water EE distance
0             0           

PEG EE distance
3.2372109     0.18353518  

