Time = 500
Temperature
   1.0355122   0.039691828

Pressure
   23.529645    0.14118389

CM Mom
-7.4081397e-17 1.0089673e-17 
2.2764287e-17  1.3861727e-17 
-2.6176436e-17 3.1871713e-17 
8.881803e-17   1.0610585e-17 

CM Pos
7.4784437      0.0051325093  
7.5051412      0.016668148   
7.5058268      0.026751487   
12.984308      0.021862907   

Stress
20.3861      -0.0292506   -0.00531344   0.057649     0.049187     0.0632578   
-0.0292506   20.4646      0.0459088     0.049187     0.087465     0.0541304   
-0.00531344  0.0459088    20.4195       0.0632578    0.0541304    0.0592101   

Stress Spherical
0            0            0             0            0            0           
0            0            0             0            0            0           
0            0            0             0            0            0           

Inertia
150.114      -56.145      -56.1709      0.575362     0.11309      0.236111    
-56.145      149.696      -56.2251      0.11309      0.330918     0.223876    
-56.1709     -56.2251     149.696       0.236111     0.223876     0.182962    

Bond Length
0.61797633    0.0067179737

BB bond length
0.61797633    0.0067179737

Water EE distance
0             0           

PEG EE distance
3.7656594     0.2743693   

Time = 1000
Temperature
1.0083025     0.011063538 

Pressure
23.418358     0.11254568  

CM Mom
-7.2579021e-17 1.2144602e-17 
3.4128063e-17  1.9094304e-17 
-6.1606192e-17 9.1433618e-18 
1.0361564e-16  9.3405713e-18 

CM Pos
7.490593       0.014559208   
7.5084008      0.018708448   
7.5111607      0.016594232   
12.996277      0.014534851   

Stress
20.3799      -0.0311673   -0.0423806    0.0774859    0.071439     0.038962    
-0.0311673   20.4697      0.0417158     0.071439     0.106153     0.0221688   
-0.0423806   0.0417158    20.3316       0.038962     0.0221688    0.164604    

Stress Spherical
0            0            0             0            0            0           
0            0            0             0            0            0           
0            0            0             0            0            0           

Inertia
150.278      -56.2274     -56.2511      0.332172     0.215381     0.1583      
-56.2274     149.937      -56.3179      0.215381     0.24853      0.226863    
-56.2511     -56.3179     149.915       0.1583       0.226863     0.396892    

Bond Length
0.61462839    0.010409804 

BB bond length
0.61462839    0.010409804 

Water EE distance
0             0           

PEG EE distance
3.8199312     0.32774264  

