Time = 1000
Temperature
   1.0299535   0.039195007

Pressure
   23.556266    0.14598996

CM Mom
6.4519788e-17  2.625152e-17  
-1.5436503e-17 1.612646e-17  
-3.261664e-17  7.2995158e-17 
1.0027595e-16  4.1075134e-17 

CM Pos
7.5020166      0.017266527   
7.4999768      0.010036867   
7.4982502      0.010460964   
12.990538      0.0090834847  

Stress
20.472       -0.0302264   -0.0193257    0.117476     0.0637476    0.0984448   
-0.0302264   20.4369      0.0215295     0.0637476    0.116549     0.0569532   
-0.0193257   0.0215295    20.4912       0.0984448    0.0569532    0.115789    

Stress Spherical
0            0            0             0            0            0           
0            0            0             0            0            0           
0            0            0             0            0            0           

Inertia
149.939      -56.2845     -56.2582      0.495787     0.150074     0.128024    
-56.2845     149.945      -56.2259      0.150074     0.543027     0.0948727   
-56.2582     -56.2259     150.009       0.128024     0.0948727    0.436467    

Bond Length
0.56812732    0.0039296176

BB bond length
0.56812732    0.0039296176

Water EE distance
0             0           

PEG EE distance
2.2474408     0.12390813  

Time = 2000
Temperature
1.0099919     0.0089644217

Pressure
23.475571     0.080221903 

CM Mom
5.2636281e-17  2.8643898e-17 
-1.7536951e-17 1.3776801e-17 
1.4602109e-17  1.7222744e-17 
6.3025214e-17  2.5021245e-17 

CM Pos
7.4952011      0.013052628   
7.500125       0.010867515   
7.5022506      0.013879935   
12.988995      0.013153569   

Stress
20.4051      0.00636153   -0.00160452   0.105521     0.0659586    0.0925531   
0.00636153   20.4634      -0.00780934   0.0659586    0.116478     0.074266    
-0.00160452  -0.00780934  20.4691       0.0925531    0.074266     0.136868    

Stress Spherical
0            0            0             0            0            0           
0            0            0             0            0            0           
0            0            0             0            0            0           

Inertia
149.946      -56.2251     -56.1969      0.309628     0.16014      0.187418    
-56.2251     149.891      -56.2644      0.16014      0.293678     0.177908    
-56.1969     -56.2644     149.859       0.187418     0.177908     0.311536    

Bond Length
0.57019586    0.0023140282

BB bond length
0.57019586    0.0023140282

Water EE distance
0             0           

PEG EE distance
2.257156      0.092376282 

Time = 3000
Temperature
1.0113178     0.0065429411

Pressure
23.482119     0.049443624 

CM Mom
3.6929117e-17  4.0332641e-17 
-5.7397346e-18 1.23952e-17   
9.2804622e-18  3.3191095e-17 
6.2267638e-17  2.2081308e-17 

CM Pos
7.4971273      0.0083288044  
7.5021992      0.010688279   
7.5031396      0.012051383   
12.991816      0.0072028357  

Stress
20.4472      0.0318647    0.016339      0.0905467    0.077978     0.0692116   
0.0318647    20.442       -0.0167127    0.077978     0.0692597    0.0722707   
0.016339     -0.0167127   20.4561       0.0692116    0.0722707    0.081579    

Stress Spherical
0            0            0             0            0            0           
0            0            0             0            0            0           
0            0            0             0            0            0           

Inertia
150.016      -56.2589     -56.2381      0.17942      0.128249     0.0784832   
-56.2589     149.961      -56.2809      0.128249     0.147242     0.149055    
-56.2381     -56.2809     149.945       0.0784832    0.149055     0.191732    

Bond Length
0.56962161    0.0046315913

BB bond length
0.56962161    0.0046315913

Water EE distance
0             0           

PEG EE distance
2.2854379     0.071498707 

