Time = 500
Temperature
   1.0383379   0.038842895

Pressure
   22.746049    0.12306139

CM Mom
6.5411271e-17  1.9061459e-17 
7.9619228e-18  1.2336081e-17 
5.8112979e-18  2.6136371e-17 
7.2615381e-17  1.7361805e-17 

CM Pos
7.4846963      0.0214737     
7.5075338      0.039236098   
7.4874304      0.01802975    
12.978733      0.012796575   

Stress
19.6788      0.041971     0.0296413     0.0657338    0.0712821    0.032033    
0.041971     19.6139      0.022953      0.0712821    0.0681758    0.0659526   
0.0296413    0.022953     19.6114       0.032033     0.0659526    0.0969658   

Stress Spherical
0            0            0             0            0            0           
0            0            0             0            0            0           
0            0            0             0            0            0           

Inertia
149.49       -56.1551     -55.9785      0.485764     0.238405     0.260227    
-56.1551     149.203      -56.2207      0.238405     0.371967     0.223326    
-55.9785     -56.2207     149.503       0.260227     0.223326     0.40328     

Bond Length
0.61838567    0.0034509071

BB bond length
0.61838567    0.0034509071

Water EE distance
0             0           

PEG EE distance
3.5878375     0.19780258  

Time = 1000
Temperature
1.0129983     0.010824047 

Pressure
22.651092     0.09221052  

CM Mom
6.0216398e-17  1.280423e-17  
4.5471609e-18  1.8064356e-17 
-1.425084e-17  3.6885325e-17 
7.2755465e-17  2.0179602e-17 

CM Pos
7.4891461      0.022376769   
7.5122802      0.011280423   
7.498703       0.0094462672  
12.990485      0.015145695   

Stress
19.5841      -0.00609626  -0.00651992   0.115331     0.0323136    0.0404097   
-0.00609626  19.584       -0.015849     0.0323136    0.0835157    0.0440074   
-0.00651992  -0.015849    19.679        0.0404097    0.0440074    0.120188    

Stress Spherical
0            0            0             0            0            0           
0            0            0             0            0            0           
0            0            0             0            0            0           

Inertia
149.749      -56.2767     -56.0457      0.1664       0.178963     0.265678    
-56.2767     149.447      -56.3274      0.178963     0.491267     0.126283    
-56.0457     -56.3274     149.722       0.265678     0.126283     0.255974    

Bond Length
0.61425681    0.0039412706

BB bond length
0.61425681    0.0039412706

Water EE distance
0             0           

PEG EE distance
3.4654651     0.10785438  

