Time = 1000
Temperature
    1.089349    0.11422961

Pressure
   23.739425    0.65304519

CM Mom
-2.1916918e-18 2.6740426e-17 
3.0804134e-17  2.8402833e-17 
-5.2797808e-17 3.1452936e-16 
2.4606608e-16  2.0890974e-16 

CM Pos
7.5071838      0.023508803   
7.4989642      0.015597613   
7.5029417      0.014550336   
12.995666      0.0087673221  

Stress
20.4917      -0.0310068   0.0267632     0.346789     0.0550031    0.0451281   
-0.0310068   20.4537      -0.00692964   0.0550031    0.345669     0.0712264   
0.0267632    -0.00692964  20.4774       0.0451281    0.0712264    0.35168     

Stress Spherical
0            0            0             0            0            0           
0            0            0             0            0            0           
0            0            0             0            0            0           

Inertia
150.113      -56.2974     -56.3596      0.991918     0.0779168    0.253015    
-56.2974     150.225      -56.2888      0.0779168    1.45124      0.180994    
-56.3596     -56.2888     150.172       0.253015     0.180994     1.2962      

Bond Length
0.61803992    0.0063510802

BB bond length
0.61803992    0.0063510802

Water EE distance
0             0           

PEG EE distance
6.3053605     0.14520738  

BBB P2(x)
0.46711009    0.059819335 

BBB first bond length
0.61809516    0.0066230367

BBB second bond length
0.61768081    0.00660197  

BBB <phi**2>/<phi>**2
1.2201744     0.01626207  

Time = 2000
Temperature
1.0121102     0.0068949035

Pressure
23.318702     0.089319984 

CM Mom
9.6007238e-18  1.5537024e-17 
3.1270568e-17  2.3130537e-17 
-3.408399e-17  4.4382463e-17 
6.4286395e-17  2.9072735e-17 

CM Pos
7.4962111      0.011622727   
7.5034126      0.016488437   
7.4980485      0.012543467   
12.989051      0.014980498   

Stress
20.2716      -0.0222267   0.0276984     0.102941     0.0699268    0.0662252   
-0.0222267   20.309       0.00844752    0.0699268    0.0859407    0.0670072   
0.0276984    0.00844752   20.2746       0.0662252    0.0670072    0.142436    

Stress Spherical
0            0            0             0            0            0           
0            0            0             0            0            0           
0            0            0             0            0            0           

Inertia
149.901      -56.2261     -56.2259      0.402985     0.163096     0.157765    
-56.2261     149.799      -56.284       0.163096     0.552664     0.190624    
-56.2259     -56.284      149.899       0.157765     0.190624     0.367038    

Bond Length
0.61788978    0.0031843932

BB bond length
0.61788978    0.0031843932

Water EE distance
0             0           

PEG EE distance
6.5491447     0.1623583   

BBB P2(x)
0.50932146    0.015054555 

BBB first bond length
0.61768439    0.0033205415

BBB second bond length
0.61787224    0.0030693577

BBB <phi**2>/<phi>**2
1.2218737     0.0093310703

Time = 3000
Temperature
1.0141722     0.01036852  

Pressure
23.307236     0.072386639 

CM Mom
1.4792822e-17  2.301264e-17  
2.3402373e-17  2.2398025e-17 
-4.0016072e-17 1.6452993e-17 
5.7718355e-17  1.8393757e-17 

CM Pos
7.4938386      0.013025024   
7.5074162      0.016159114   
7.5024969      0.0074965745  
12.992562      0.013643498   

Stress
20.2792      -0.0100868   -0.0232708    0.101365     0.0658078    0.0750889   
-0.0100868   20.2673      -0.0487601    0.0658078    0.111989     0.0571223   
-0.0232708   -0.0487601   20.2558       0.0750889    0.0571223    0.119468    

Stress Spherical
0            0            0             0            0            0           
0            0            0             0            0            0           
0            0            0             0            0            0           

Inertia
150.091      -56.2225     -56.2207      0.252929     0.182642     0.135787    
-56.2225     149.896      -56.3202      0.182642     0.270169     0.110288    
-56.2207     -56.3202     149.968       0.135787     0.110288     0.431255    

Bond Length
0.61787212    0.002521008 

BB bond length
0.61787212    0.002521008 

Water EE distance
0             0           

PEG EE distance
7.0043178     0.15787538  

BBB P2(x)
0.51543858    0.0097185385

BBB first bond length
0.61771802    0.0025148488

BBB second bond length
0.61783222    0.0025497102

BBB <phi**2>/<phi>**2
1.2256352     0.0053461706

Time = 4000
Temperature
1.0119562     0.0066914031

Pressure
23.296671     0.084967604 

CM Mom
-8.6062588e-18 2.1272944e-17 
2.0688824e-17  1.3217614e-17 
-2.9559853e-17 1.5716476e-17 
4.5919121e-17  1.1898126e-17 

CM Pos
7.5006595      0.011120008   
7.4962952      0.019070554   
7.4979002      0.0085964016  
12.987424      0.014441616   

Stress
20.2712      0.00788508   0.0217478     0.143711     0.104873     0.0764502   
0.00788508   20.2619      -0.0319021    0.104873     0.124308     0.0503126   
0.0217478    -0.0319021   20.2574       0.0764502    0.0503126    0.079836    

Stress Spherical
0            0            0             0            0            0           
0            0            0             0            0            0           
0            0            0             0            0            0           

Inertia
149.851      -56.2126     -56.2366      0.326604     0.153721     0.165513    
-56.2126     149.908      -56.2214      0.153721     0.286165     0.155295    
-56.2366     -56.2214     149.908       0.165513     0.155295     0.316467    

Bond Length
0.61914593    0.0023842452

BB bond length
0.61914593    0.0023842452

Water EE distance
0             0           

PEG EE distance
6.9040833     0.21889025  

BBB P2(x)
0.51361598    0.010937276 

BBB first bond length
0.61916467    0.0025469182

BBB second bond length
0.61931878    0.0023644653

BBB <phi**2>/<phi>**2
1.2257249     0.0095949153

Time = 5000
Temperature
1.0086982     0.0095655737

Pressure
23.291378     0.089383083 

CM Mom
-3.483879e-17  1.4660983e-17 
4.001566e-17   1.8791839e-17 
-2.3902006e-17 1.8803051e-17 
6.4585123e-17  1.1691639e-17 

CM Pos
7.4979904      0.017609766   
7.5044506      0.015856945   
7.5047211      0.012047233   
12.99454       0.011156026   

Stress
20.2768      -0.0202911   0.0101175     0.0988699    0.0482628    0.0558141   
-0.0202911   20.2354      -0.0445396    0.0482628    0.127068     0.0669258   
0.0101175    -0.0445396   20.2918       0.0558141    0.0669258    0.102148    

Stress Spherical
0            0            0             0            0            0           
0            0            0             0            0            0           
0            0            0             0            0            0           

Inertia
150.099      -56.2248     -56.2783      0.270069     0.0773857    0.166606    
-56.2248     149.981      -56.3192      0.0773857    0.392928     0.163352    
-56.2783     -56.3192     150.001       0.166606     0.163352     0.201915    

Bond Length
0.61814365    0.0023872703

BB bond length
0.61814365    0.0023872703

Water EE distance
0             0           

PEG EE distance
7.0388068     0.17451197  

BBB P2(x)
0.51251066    0.009966169 

BBB first bond length
0.6182656     0.0021618532

BBB second bond length
0.61808602    0.0024049063

BBB <phi**2>/<phi>**2
1.2214338     0.012661561 

Time = 6000
Temperature
1.0055205     0.0080584597

Pressure
23.24092      0.11170164  

CM Mom
-2.0009751e-17 1.3744354e-17 
5.0176516e-17  2.4292165e-17 
-1.0136163e-17 1.3793433e-17 
5.8721292e-17  2.3278743e-17 

CM Pos
7.4996215      0.013590891   
7.5040057      0.022696522   
7.4998278      0.01609367    
12.9924        0.018750393   

Stress
20.2471      -0.0255597   0.0102494     0.126072     0.0682824    0.10407     
-0.0255597   20.1923      -0.0516631    0.0682824    0.125651     0.0861146   
0.0102494    -0.0516631   20.2417       0.10407      0.0861146    0.115263    

Stress Spherical
0            0            0             0            0            0           
0            0            0             0            0            0           
0            0            0             0            0            0           

Inertia
150.037      -56.2722     -56.2863      0.445931     0.165417     0.197551    
-56.2722     149.949      -56.2812      0.165417     0.348579     0.257008    
-56.2863     -56.2812     150.034       0.197551     0.257008     0.345226    

Bond Length
0.61919145    0.001800712 

BB bond length
0.61919145    0.001800712 

Water EE distance
0             0           

PEG EE distance
7.5664383     0.18089473  

BBB P2(x)
0.51919436    0.0099930433

BBB first bond length
0.61913302    0.0018388828

BBB second bond length
0.61911335    0.0020521481

BBB <phi**2>/<phi>**2
1.2275033     0.0095443957

Time = 7000
Temperature
1.0127138     0.0090147385

Pressure
23.253462     0.094016939 

CM Mom
1.2738591e-17  2.6273828e-17 
3.6332751e-17  2.028748e-17  
-2.0422133e-17 2.0499807e-17 
5.5174606e-17  1.9424336e-17 

CM Pos
7.5043665      0.011684046   
7.5029678      0.014943206   
7.5091695      0.0080686642  
12.999921      0.011686958   

Stress
20.1987      -0.0131234   -0.00287491   0.120614     0.0737424    0.0744728   
-0.0131234   20.211       0.0100447     0.0737424    0.139527     0.0826045   
-0.00287491  0.0100447    20.2444       0.0744728    0.0826045    0.122227    

Stress Spherical
0            0            0             0            0            0           
0            0            0             0            0            0           
0            0            0             0            0            0           

Inertia
150.199      -56.3013     -56.3712      0.210627     0.179929     0.127234    
-56.3013     150.2        -56.319       0.179929     0.188936     0.119267    
-56.3712     -56.319      150.116       0.127234     0.119267     0.333804    

Bond Length
0.61892726    0.0020397114

BB bond length
0.61892726    0.0020397114

Water EE distance
0             0           

PEG EE distance
7.5231032     0.092247778 

BBB P2(x)
0.50871996    0.012006796 

BBB first bond length
0.61897333    0.0020456074

BBB second bond length
0.61886455    0.0018598307

BBB <phi**2>/<phi>**2
1.2209232     0.0087606819

Time = 8000
Temperature
1.0106582     0.0076256752

Pressure
23.241996     0.1151724   

CM Mom
8.455971e-18   8.8115802e-18 
2.8282783e-17  1.9383921e-17 
-1.9750468e-17 3.1892472e-17 
4.7675516e-17  2.1425582e-17 

CM Pos
7.4966559      0.013831428   
7.5010401      0.011796413   
7.4986416      0.01134705    
12.988278      0.013235103   

Stress
20.2843      0.0032465    -0.0318946    0.158066     0.063168     0.0518816   
0.0032465    20.1457      -0.0320195    0.063168     0.158349     0.0608424   
-0.0318946   -0.0320195   20.2081       0.0518816    0.0608424    0.0592363   

Stress Spherical
0            0            0             0            0            0           
0            0            0             0            0            0           
0            0            0             0            0            0           

Inertia
149.986      -56.2132     -56.237       0.253496     0.132102     0.182196    
-56.2132     149.881      -56.2346      0.132102     0.296322     0.146075    
-56.237      -56.2346     149.95        0.182196     0.146075     0.242565    

Bond Length
0.62062731    0.0022721423

BB bond length
0.62062731    0.0022721423

Water EE distance
0             0           

PEG EE distance
7.137028      0.081787008 

BBB P2(x)
0.51497401    0.010133053 

BBB first bond length
0.62071823    0.0023276881

BBB second bond length
0.62077315    0.0020884994

BBB <phi**2>/<phi>**2
1.2277802     0.0080445022

Time = 9000
Temperature
1.0095471     0.0094446762

Pressure
23.320727     0.12149664  

CM Mom
-5.027337e-18  1.5684379e-17 
3.9573371e-17  1.5008263e-17 
-2.9946993e-17 1.6709051e-17 
5.619243e-17   8.9999504e-18 

CM Pos
7.5008078      0.0087031617  
7.5022264      0.01420782    
7.5053142      0.016802808   
12.995218      0.011630479   

Stress
20.2947      0.0252505    0.0142137     0.147748     0.0806161    0.0749751   
0.0252505    20.3347      -0.00921088   0.0806161    0.116817     0.0408992   
0.0142137    -0.00921088  20.255        0.0749751    0.0408992    0.13057     

Stress Spherical
0            0            0             0            0            0           
0            0            0             0            0            0           
0            0            0             0            0            0           

Inertia
150.104      -56.2874     -56.3013      0.255978     0.152134     0.174621    
-56.2874     150.082      -56.3243      0.152134     0.266472     0.125717    
-56.3013     -56.3243     150.019       0.174621     0.125717     0.311276    

Bond Length
0.61850347    0.0015349457

BB bond length
0.61850347    0.0015349457

Water EE distance
0             0           

PEG EE distance
7.279956      0.08968027  

BBB P2(x)
0.50608675    0.0092634044

BBB first bond length
0.61883127    0.0017516602

BBB second bond length
0.61850839    0.0015915921

BBB <phi**2>/<phi>**2
1.2214772     0.01052133  

Time = 10000
Temperature
1.011866      0.0097815177

Pressure
23.296101     0.079739671 

CM Mom
-4.649251e-18  1.494193e-17  
4.0104351e-17  1.2315301e-17 
-2.4223846e-17 1.8437173e-17 
5.2162672e-17  1.4514895e-17 

CM Pos
7.4960628      0.012353598   
7.5072679      0.013467379   
7.499383       0.0092374959  
12.991958      0.014900618   

Stress
20.2477      0.00758512   0.0516222     0.0997659    0.0571533    0.0496134   
0.00758512   20.271       -0.0192548    0.0571533    0.1673       0.0725628   
0.0516222    -0.0192548   20.2708       0.0496134    0.0725628    0.096449    

Stress Spherical
0            0            0             0            0            0           
0            0            0             0            0            0           
0            0            0             0            0            0           

Inertia
150.117      -56.2876     -56.2145      0.266763     0.180411     0.151225    
-56.2876     149.927      -56.3376      0.180411     0.285533     0.135202    
-56.2145     -56.3376     150.074       0.151225     0.135202     0.316021    

Bond Length
0.62012843    0.0024670035

BB bond length
0.62012843    0.0024670035

Water EE distance
0             0           

PEG EE distance
7.3159244     0.13764495  

BBB P2(x)
0.51064446    0.0093498577

BBB first bond length
0.62008256    0.0025811132

BBB second bond length
0.62040544    0.0024189505

BBB <phi**2>/<phi>**2
1.2317715     0.0066569399

Time = 11000
Temperature
1.0134542     0.0044290222

Pressure
23.312543     0.046701507 

CM Mom
1.1389705e-17  2.983948e-17  
5.1098821e-17  1.5489875e-17 
-2.7212591e-17 1.4717418e-17 
6.6811885e-17  1.9090448e-17 

CM Pos
7.4996215      0.011937227   
7.5013367      0.012676852   
7.4958243      0.0078195711  
12.988534      0.010901065   

Stress
20.3098      0.0216945    -0.0126911    0.0994733    0.0628921    0.066953    
0.0216945    20.2414      -0.000452096  0.0628921    0.0683005    0.059473    
-0.0126911   -0.000452096 20.2735       0.066953     0.059473     0.0888067   

Stress Spherical
0            0            0             0            0            0           
0            0            0             0            0            0           
0            0            0             0            0            0           

Inertia
149.953      -56.24       -56.219       0.225319     0.154931     0.13107     
-56.24       149.913      -56.2515      0.154931     0.235621     0.107224    
-56.219      -56.2515     150.015       0.13107      0.107224     0.244572    

Bond Length
0.61873793    0.0026862701

BB bond length
0.61873793    0.0026862701

Water EE distance
0             0           

PEG EE distance
7.4597155     0.3001517   

BBB P2(x)
0.50690928    0.0069616936

BBB first bond length
0.61883776    0.0027500019

BBB second bond length
0.61870158    0.0028167125

BBB <phi**2>/<phi>**2
1.218889      0.010478367 

Time = 12000
Temperature
1.011218      0.0092420025

Pressure
23.253551     0.064047038 

CM Mom
-1.9855827e-17 1.6637553e-17 
4.9151184e-17  2.1587375e-17 
-3.4195111e-17 7.0549979e-18 
6.7399578e-17  1.5142365e-17 

CM Pos
7.4954697      0.014640721   
7.4970366      0.013715695   
7.4992347      0.0076245315  
12.985623      0.014346204   

Stress
20.2532      0.0301699    -0.00526032   0.0884654    0.125565     0.0952169   
0.0301699    20.202       0.0350846     0.125565     0.0816384    0.0677041   
-0.00526032  0.0350846    20.2125       0.0952169    0.0677041    0.101767    

Stress Spherical
0            0            0             0            0            0           
0            0            0             0            0            0           
0            0            0             0            0            0           

Inertia
149.94       -56.1959     -56.223       0.304197     0.193331     0.129286    
-56.1959     149.898      -56.2293      0.193331     0.225852     0.136977    
-56.223      -56.2293     149.895       0.129286     0.136977     0.317314    

Bond Length
0.61910531    0.0018883495

BB bond length
0.61910531    0.0018883495

Water EE distance
0             0           

PEG EE distance
8.0017969     0.15530974  

BBB P2(x)
0.50879469    0.012933797 

BBB first bond length
0.61910488    0.0018380365

BBB second bond length
0.61913231    0.0019751493

BBB <phi**2>/<phi>**2
1.224808      0.012979595 

Time = 13000
Temperature
1.0108466     0.0080818579

Pressure
23.303558     0.086456417 

CM Mom
-7.6547331e-18 2.9724644e-17 
2.7838436e-17  2.3009064e-17 
-1.3961197e-17 1.3532438e-17 
4.5202919e-17  2.410981e-17  

CM Pos
7.5003629      0.020187868   
7.5056368      0.010896307   
7.4976036      0.011101208   
12.992479      0.015441218   

Stress
20.2997      -0.0177681   -0.0124057    0.134248     0.0717196    0.0654332   
-0.0177681   20.2835      -0.00825956   0.0717196    0.111522     0.0403019   
-0.0124057   -0.00825956  20.238        0.0654332    0.0403019    0.114941    

Stress Spherical
0            0            0             0            0            0           
0            0            0             0            0            0           
0            0            0             0            0            0           

Inertia
150.03       -56.2949     -56.2227      0.217854     0.209832     0.143807    
-56.2949     149.936      -56.3142      0.209832     0.251429     0.114917    
-56.2227     -56.3142     150.09        0.143807     0.114917     0.429548    

Bond Length
0.61861763    0.0026306506

BB bond length
0.61861763    0.0026306506

Water EE distance
0             0           

PEG EE distance
7.6656056     0.13583694  

BBB P2(x)
0.50947604    0.0098460501

BBB first bond length
0.6186348     0.0027242043

BBB second bond length
0.61856459    0.0027622447

BBB <phi**2>/<phi>**2
1.221654      0.0063740104

Time = 14000
Temperature
1.004979      0.0072405436

Pressure
23.245815     0.085475086 

CM Mom
-8.3285933e-19 1.6205626e-17 
-2.0166692e-17 1.7121997e-17 
5.0374545e-18  1.9284815e-17 
3.4496142e-17  1.3056433e-17 

CM Pos
7.4968042      0.014172957   
7.4988159      0.013849697   
7.5027934      0.012494291   
12.989479      0.014437109   

Stress
20.2295      -0.00572376  0.0294753     0.121921     0.0458769    0.0679287   
-0.00572376  20.1958      -0.0160142    0.0458769    0.12542      0.0649549   
0.0294753    -0.0160142   20.2753       0.0679287    0.0649549    0.106171    

Stress Spherical
0            0            0             0            0            0           
0            0            0             0            0            0           
0            0            0             0            0            0           

Inertia
150.038      -56.2268     -56.2068      0.370173     0.152515     0.125545    
-56.2268     149.998      -56.2942      0.152515     0.238743     0.176798    
-56.2068     -56.2942     149.954       0.125545     0.176798     0.309052    

Bond Length
0.62018147    0.0024091404

BB bond length
0.62018147    0.0024091404

Water EE distance
0             0           

PEG EE distance
7.2471242     0.12975348  

BBB P2(x)
0.50446806    0.016639748 

BBB first bond length
0.6200252     0.0025190092

BBB second bond length
0.62007403    0.0022755569

BBB <phi**2>/<phi>**2
1.2268872     0.0092547211

Time = 15000
Temperature
1.0108337     0.0073215464

Pressure
23.288695     0.091766511 

CM Mom
5.218575e-19   1.6407056e-17 
-3.007636e-17  3.1601098e-17 
3.0115184e-18  2.1595514e-17 
4.7445932e-17  1.9924849e-17 

CM Pos
7.4996215      0.017023804   
7.5013367      0.012780493   
7.4921173      0.012820858   
12.986403      0.012399322   

Stress
20.2433      0.0190848    0.0126698     0.118997     0.0900871    0.0502906   
0.0190848    20.2741      -0.0358609    0.0900871    0.110995     0.0552485   
0.0126698    -0.0358609   20.2593       0.0502906    0.0552485    0.133419    

Stress Spherical
0            0            0             0            0            0           
0            0            0             0            0            0           
0            0            0             0            0            0           

Inertia
149.917      -56.2977     -56.1997      0.290019     0.214536     0.130942    
-56.2977     149.877      -56.2364      0.214536     0.238712     0.115634    
-56.1997     -56.2364     150.027       0.130942     0.115634     0.364158    

Bond Length
0.61974433    0.0022362738

BB bond length
0.61974433    0.0022362738

Water EE distance
0             0           

PEG EE distance
7.1911875     0.079837803 

BBB P2(x)
0.49940481    0.0076149966

BBB first bond length
0.61969489    0.002331691 

BBB second bond length
0.61958468    0.0023688777

BBB <phi**2>/<phi>**2
1.2206608     0.0063031397

Time = 16000
Temperature
1.0069455     0.0084134673

Pressure
23.306518     0.051830177 

CM Mom
1.170393e-17   1.4205005e-17 
-8.5343731e-19 1.2059142e-17 
4.652324e-17   2.1645216e-17 
5.3312411e-17  1.6602093e-17 

CM Pos
7.5003629      0.012455516   
7.4997056      0.012721003   
7.506797       0.018908456   
12.994368      0.0097731211  

Stress
20.2894      0.0292819    0.000417587   0.0809872    0.0786061    0.0727241   
0.0292819    20.2919      -0.0565557    0.0786061    0.0951438    0.0713429   
0.000417587  -0.0565557   20.2838       0.0727241    0.0713429    0.0646006   

Stress Spherical
0            0            0             0            0            0           
0            0            0             0            0            0           
0            0            0             0            0            0           

Inertia
150.099      -56.2282     -56.2912      0.291091     0.0909581    0.231912    
-56.2282     150.093      -56.2796      0.0909581    0.348414     0.15126     
-56.2912     -56.2796     149.997       0.231912     0.15126      0.195707    

Bond Length
0.61812678    0.0026308698

BB bond length
0.61812678    0.0026308698

Water EE distance
0             0           

PEG EE distance
7.146845      0.21512238  

BBB P2(x)
0.50925074    0.012117421 

BBB first bond length
0.61824203    0.0028174697

BBB second bond length
0.61834969    0.0027964245

BBB <phi**2>/<phi>**2
1.2282023     0.013089557 

Time = 17000
Temperature
1.0103791     0.0064531267

Pressure
23.277594     0.10411129  

CM Mom
-2.9012204e-17 1.2822266e-17 
-5.1115695e-18 2.0255158e-17 
7.5930952e-17  2.7630645e-17 
8.6043498e-17  2.3832678e-17 

CM Pos
7.5012526      0.011634072   
7.4988159      0.013364952   
7.4995313      0.012115479   
12.990164      0.0098513901  

Stress
20.2565      0.0567877    -0.00819749   0.172948     0.0477409    0.0745319   
0.0567877    20.2277      -0.0443579    0.0477409    0.0945494    0.0629519   
-0.00819749  -0.0443579   20.2632       0.0745319    0.0629519    0.0956912   

Stress Spherical
0            0            0             0            0            0           
0            0            0             0            0            0           
0            0            0             0            0            0           

Inertia
149.973      -56.2501     -56.2752      0.199883     0.0805562    0.193324    
-56.2501     150.02       -56.2461      0.0805562    0.360152     0.091695    
-56.2752     -56.2461     150.016       0.193324     0.091695     0.184626    

Bond Length
0.61916876    0.0030795517

BB bond length
0.61916876    0.0030795517

Water EE distance
0             0           

PEG EE distance
7.4282347     0.12369261  

BBB P2(x)
0.51666173    0.0094955788

BBB first bond length
0.61936638    0.0030225291

BBB second bond length
0.61909763    0.0030529159

BBB <phi**2>/<phi>**2
1.2236708     0.0062081707

Time = 18000
Temperature
1.0150969     0.0070219106

Pressure
23.283411     0.096393412 

CM Mom
4.5567873e-18  8.6903619e-18 
-2.5952053e-17 3.3542197e-17 
8.3696121e-17  1.9772038e-17 
9.3158015e-17  2.4747384e-17 

CM Pos
7.5073321      0.01803233    
7.5040057      0.014428942   
7.5060556      0.020198756   
13.00045       0.01575716    

Stress
20.2784      0.0433141    0.0169744     0.135385     0.0523468    0.0559046   
0.0433141    20.2169      0.00992561    0.0523468    0.135994     0.0453911   
0.0169744    0.00992561   20.2272       0.0559046    0.0453911    0.102681    

Stress Spherical
0            0            0             0            0            0           
0            0            0             0            0            0           
0            0            0             0            0            0           

Inertia
150.149      -56.3408     -56.3226      0.413498     0.159825     0.180468    
-56.3408     150.211      -56.3717      0.159825     0.335158     0.216635    
-56.3226     -56.3717     150.174       0.180468     0.216635     0.264644    

Bond Length
0.61986824    0.0023718365

BB bond length
0.61986824    0.0023718365

Water EE distance
0             0           

PEG EE distance
7.4530419     0.10639715  

BBB P2(x)
0.5079712     0.012910411 

BBB first bond length
0.61981699    0.0025506476

BBB second bond length
0.61988636    0.0024206052

BBB <phi**2>/<phi>**2
1.2217221     0.0090686708

Time = 19000
Temperature
1.0133405     0.010031326 

Pressure
23.280679     0.078285558 

CM Mom
-3.3340439e-18 1.559783e-17  
2.3333231e-17  1.4008798e-17 
1.0937908e-16  1.4191049e-17 
1.1377617e-16  1.4671287e-17 

CM Pos
7.5070355      0.013444503   
7.5026712      0.013427321   
7.5026452      0.0097560997  
12.997519      0.01718191    

Stress
20.2493      -0.00865335  -0.0152278    0.107868     0.0909921    0.0889519   
-0.00865335  20.2818      -0.0587229    0.0909921    0.111045     0.100545    
-0.0152278   -0.0587229   20.199        0.0889519    0.100545     0.134622    

Stress Spherical
0            0            0             0            0            0           
0            0            0             0            0            0           
0            0            0             0            0            0           

Inertia
150.065      -56.3367     -56.3323      0.266885     0.192729     0.179557    
-56.3367     150.149      -56.269       0.192729     0.31382      0.134137    
-56.3323     -56.269      150.153       0.179557     0.134137     0.360866    

Bond Length
0.61962665    0.0026761166

BB bond length
0.61962665    0.0026761166

Water EE distance
0             0           

PEG EE distance
7.5830253     0.12206381  

BBB P2(x)
0.51856548    0.012714062 

BBB first bond length
0.61956587    0.002621819 

BBB second bond length
0.61938191    0.0028188157

BBB <phi**2>/<phi>**2
1.2292764     0.010466907 

Time = 20000
Temperature
1.0102243     0.011648777 

Pressure
23.280128     0.085357101 

CM Mom
2.6081351e-17  7.1063519e-18 
1.5931196e-17  1.4991397e-17 
1.1299367e-16  1.478659e-17  
1.1805205e-16  1.6099991e-17 

CM Pos
7.4994732      0.014302676   
7.504154       0.010815292   
7.5035348      0.020825285   
12.994529      0.02054386    

Stress
20.2684      -0.0188292   0.0614383     0.0973397    0.0731493    0.100863    
-0.0188292   20.2544      0.0237363     0.0731493    0.133415     0.0869678   
0.0614383    0.0237363    20.2336       0.100863     0.0869678    0.142641    

Stress Spherical
0            0            0             0            0            0           
0            0            0             0            0            0           
0            0            0             0            0            0           

Inertia
150.114      -56.2792     -56.2988      0.439442     0.190252     0.21794     
-56.2792     150.042      -56.289       0.190252     0.443271     0.223348    
-56.2988     -56.289      150.058       0.21794      0.223348     0.350244    

Bond Length
0.61934927    0.001777555 

BB bond length
0.61934927    0.001777555 

Water EE distance
0             0           

PEG EE distance
7.2851186     0.18130087  

BBB P2(x)
0.51045048    0.012223262 

BBB first bond length
0.61948019    0.0015522547

BBB second bond length
0.61935314    0.0016484729

BBB <phi**2>/<phi>**2
1.2207064     0.0065691936

Time = 21000
Temperature
1.0054623     0.0071569716

Pressure
23.292296     0.070179035 

CM Mom
1.9955288e-17  2.3991647e-17 
1.3190895e-17  2.1676559e-17 
1.3032719e-16  2.8897449e-17 
1.366061e-16   2.7869317e-17 

CM Pos
7.4877591      0.017023804   
7.5000022      0.012665573   
7.502052       0.010235614   
12.984519      0.013370922   

Stress
20.2769      0.0269047    0.0173137     0.13529      0.0832168    0.0757393   
0.0269047    20.3161      -0.00301578   0.0832168    0.107527     0.0981926   
0.0173137    -0.00301578  20.2428       0.0757393    0.0981926    0.10586     

Stress Spherical
0            0            0             0            0            0           
0            0            0             0            0            0           
0            0            0             0            0            0           

Inertia
150.019      -56.1637     -56.1593      0.254028     0.170006     0.129445    
-56.1637     149.852      -56.2351      0.170006     0.275171     0.165623    
-56.1593     -56.2351     149.829       0.129445     0.165623     0.363856    

Bond Length
0.6186017     0.0022069774

BB bond length
0.6186017     0.0022069774

Water EE distance
0             0           

PEG EE distance
7.4052563     0.26055049  

BBB P2(x)
0.51326047    0.015401759 

BBB first bond length
0.61841526    0.0023341011

BBB second bond length
0.61855435    0.0024070372

BBB <phi**2>/<phi>**2
1.2256793     0.010072876 

Time = 22000
Temperature
1.0132889     0.008136658 

Pressure
23.246849     0.12020323  

CM Mom
9.48535e-18    1.8844595e-17 
1.9206112e-17  1.1636176e-17 
1.0533674e-16  8.1414368e-18 
1.0970514e-16  8.7327064e-18 

CM Pos
7.4985836      0.014946148   
7.5044506      0.010501739   
7.4962691      0.021551153   
12.990001      0.015723261   

Stress
20.2195      -0.00870296  -0.0330102    0.141459     0.050582     0.0514815   
-0.00870296  20.2781      -0.0275151    0.050582     0.131942     0.0560499   
-0.0330102   -0.0275151   20.1315       0.0514815    0.0560499    0.153384    

Stress Spherical
0            0            0             0            0            0           
0            0            0             0            0            0           
0            0            0             0            0            0           

Inertia
150.025      -56.2385     -56.2433      0.334057     0.187096     0.208764    
-56.2385     149.936      -56.2442      0.187096     0.3831       0.197165    
-56.2433     -56.2442     150.042       0.208764     0.197165     0.317513    

Bond Length
0.61824541    0.0011113165

BB bond length
0.61824541    0.0011113165

Water EE distance
0             0           

PEG EE distance
7.4975478     0.20421295  

BBB P2(x)
0.50667429    0.007764707 

BBB first bond length
0.61842989    0.00098106409

BBB second bond length
0.6182777     0.0011164955

BBB <phi**2>/<phi>**2
1.2242957     0.0086870487

Time = 23000
Temperature
1.010543      0.010723154 

Pressure
23.246472     0.069511779 

CM Mom
-1.1834532e-17 1.6256548e-17 
5.3057639e-17  2.3568051e-17 
1.007838e-16   2.1666185e-17 
1.1811097e-16  2.1248406e-17 

CM Pos
7.5005112      0.01566513    
7.4974814      0.011867029   
7.4962691      0.015681262   
12.98708       0.018491572   

Stress
20.2401      0.0434761    -0.0345862    0.0654418    0.0722441    0.0688049   
0.0434761    20.2152      -0.0478753    0.0722441    0.110517     0.0766897   
-0.0345862   -0.0478753   20.1973       0.0688049    0.0766897    0.105102    

Stress Spherical
0            0            0             0            0            0           
0            0            0             0            0            0           
0            0            0             0            0            0           

Inertia
149.899      -56.2378     -56.2053      0.300386     0.157571     0.232982    
-56.2378     149.948      -56.1599      0.157571     0.349736     0.190697    
-56.2053     -56.1599     149.968       0.232982     0.190697     0.357174    

Bond Length
0.61919521    0.0018449675

BB bond length
0.61919521    0.0018449675

Water EE distance
0             0           

PEG EE distance
7.031588      0.14613743  

BBB P2(x)
0.50500215    0.0073565334

BBB first bond length
0.61895523    0.0017607963

BBB second bond length
0.61928563    0.0018990977

BBB <phi**2>/<phi>**2
1.2216305     0.0060361194

Time = 24000
Temperature
1.0117015     0.0059404268

Pressure
23.287342     0.083086589 

CM Mom
-2.2178669e-17 2.0314495e-17 
7.697892e-17   1.7991143e-17 
1.0774519e-16  1.4922742e-17 
1.3708488e-16  1.3908898e-17 

CM Pos
7.4933938      0.010860937   
7.5020781      0.0077673789  
7.5070936      0.016045097   
12.991872      0.016433895   

Stress
20.2561      -0.020619    -0.0401902    0.102527     0.0379869    0.0787748   
-0.020619    20.2743      -0.00265711   0.0379869    0.0908417    0.0786271   
-0.0401902   -0.00265711  20.2344       0.0787748    0.0786271    0.0910205   

Stress Spherical
0            0            0             0            0            0           
0            0            0             0            0            0           
0            0            0             0            0            0           

Inertia
150.146      -56.246      -56.2853      0.307027     0.130599     0.151126    
-56.246      150          -56.3657      0.130599     0.390276     0.182493    
-56.2853     -56.3657     149.948       0.151126     0.182493     0.290804    

Bond Length
0.61930546    0.0026042401

BB bond length
0.61930546    0.0026042401

Water EE distance
0             0           

PEG EE distance
7.3188761     0.10617061  

BBB P2(x)
0.50853259    0.012746013 

BBB first bond length
0.61949539    0.0025762401

BBB second bond length
0.61921092    0.0026472012

BBB <phi**2>/<phi>**2
1.2231588     0.0071601016

Time = 25000
Temperature
1.0057855     0.0084395973

Pressure
23.28338      0.12113087  

CM Mom
-1.9516428e-17 9.77644e-18   
7.6576964e-17  1.9945047e-17 
1.0821581e-16  1.2255973e-17 
1.3537797e-16  1.6491875e-17 

CM Pos
7.4984353      0.014967464   
7.5013367      0.015473068   
7.5026452      0.018773085   
12.991796      0.018229552   

Stress
20.225       0.0307104    -0.0287655    0.129711     0.0675476    0.0489319   
0.0307104    20.3184      -0.0730803    0.0675476    0.167507     0.100976    
-0.0287655   -0.0730803   20.2627       0.0489319    0.100976     0.141283    

Stress Spherical
0            0            0             0            0            0           
0            0            0             0            0            0           
0            0            0             0            0            0           

Inertia
150.055      -56.2447     -56.2406      0.348636     0.184796     0.224751    
-56.2447     150.016      -56.2219      0.184796     0.488279     0.217444    
-56.2406     -56.2219     150.014       0.224751     0.217444     0.305991    

Bond Length
0.61921014    0.001452873 

BB bond length
0.61921014    0.001452873 

Water EE distance
0             0           

PEG EE distance
7.154305      0.13221771  

BBB P2(x)
0.50728988    0.011522525 

BBB first bond length
0.61934134    0.0016750267

BBB second bond length
0.61941748    0.0016119871

BBB <phi**2>/<phi>**2
1.2326924     0.0086144871

Time = 26000
Temperature
1.0116402     0.0093672728

Pressure
23.325846     0.13856125  

CM Mom
-2.1533481e-17 1.7494049e-17 
7.4380333e-17  3.0266735e-17 
1.2496292e-16  1.5794773e-17 
1.5081503e-16  1.8392286e-17 

CM Pos
7.4957662      0.018214308   
7.5001505      0.016121652   
7.4979002      0.016162515   
12.986821      0.024474179   

Stress
20.2906      -0.0601022   0.0132169     0.11778      0.0880485    0.0616945   
-0.0601022   20.2679      -0.0307967    0.0880485    0.159446     0.063414    
0.0132169    -0.0307967   20.3224       0.0616945    0.063414     0.152839    

Stress Spherical
0            0            0             0            0            0           
0            0            0             0            0            0           
0            0            0             0            0            0           

Inertia
150.002      -56.2162     -56.1608      0.389012     0.288843     0.239583    
-56.2162     149.916      -56.2348      0.288843     0.454233     0.194668    
-56.1608     -56.2348     149.96        0.239583     0.194668     0.436577    

Bond Length
0.61862546    0.0015267617

BB bond length
0.61862546    0.0015267617

Water EE distance
0             0           

PEG EE distance
6.8166728     0.17054294  

BBB P2(x)
0.50537226    0.011106089 

BBB first bond length
0.61842369    0.0015828518

BBB second bond length
0.61896369    0.0016240936

BBB <phi**2>/<phi>**2
1.2262834     0.0086437033

Time = 27000
Temperature
1.00905       0.0082472748

Pressure
23.287829     0.084777671 

CM Mom
-7.6388195e-18 1.4905324e-17 
9.1202144e-17  2.3862705e-17 
9.6571624e-17  1.5755876e-17 
1.3465108e-16  2.4722307e-17 

CM Pos
7.4944317      0.01018285    
7.5038575      0.0092790557  
7.4977519      0.015625077   
12.988109      0.010908326   

Stress
20.268       -0.0441064   0.0104348     0.108041     0.0744989    0.0618166   
-0.0441064   20.2742      0.00978667    0.0744989    0.0909963    0.0841224   
0.0104348    0.00978667   20.2479       0.0618166    0.0841224    0.108236    

Stress Spherical
0            0            0             0            0            0           
0            0            0             0            0            0           
0            0            0             0            0            0           

Inertia
150.015      -56.2376     -56.2297      0.226704     0.11053      0.194353    
-56.2376     149.898      -56.2685      0.11053      0.289018     0.132511    
-56.2297     -56.2685     149.96        0.194353     0.132511     0.188153    

Bond Length
0.61847395    0.0019559912

BB bond length
0.61847395    0.0019559912

Water EE distance
0             0           

PEG EE distance
6.73484       0.088204602 

BBB P2(x)
0.51505077    0.012150874 

BBB first bond length
0.61838521    0.0017607148

BBB second bond length
0.61848151    0.001954993 

BBB <phi**2>/<phi>**2
1.2271578     0.0085212039

Time = 28000
Temperature
1.0107262     0.0056061279

Pressure
23.282724     0.11188609  

CM Mom
-8.6704621e-18 2.7904663e-17 
8.2833492e-17  1.096858e-17  
7.3313639e-17  1.2962697e-17 
1.1499767e-16  1.2409701e-17 

CM Pos
7.498287       0.011052577   
7.5000022      0.010811225   
7.5002727      0.0086727929  
12.989557      0.012442296   

Stress
20.1956      -0.00863848  0.0235999     0.146698     0.0898052    0.0797817   
-0.00863848  20.2445      -0.0270005    0.0898052    0.115954     0.0491759   
0.0235999    -0.0270005   20.3197       0.0797817    0.0491759    0.130226    

Stress Spherical
0            0            0             0            0            0           
