Time = 500
Temperature
   1.0347059   0.041741861

Pressure
   23.223051    0.12518097

CM Mom
2.457645e-18   1.5877633e-17 
4.000262e-17   2.1964023e-17 
-5.8160422e-17 2.4520577e-17 
7.5022435e-17  2.6387399e-17 

CM Pos
7.5045148      0.012256306   
7.5160127      0.0087020049  
7.4864291      0.038707831   
12.994445      0.030636818   

Stress
20.1289      0.049357     0.0549691     0.11148      0.0354822    0.0446209   
0.049357     20.1244      -0.0224141    0.0354822    0.095605     0.0694262   
0.0549691    -0.0224141   20.1173       0.0446209    0.0694262    0.0851107   

Stress Spherical
0            0            0             0            0            0           
0            0            0             0            0            0           
0            0            0             0            0            0           

Inertia
149.808      -56.4442     -56.2026      0.517661     0.190396     0.404977    
-56.4442     149.633      -56.2939      0.190396     0.705833     0.270225    
-56.2026     -56.2939     150.106       0.404977     0.270225     0.157058    

Bond Length
0.61392061    0.004977935 

BB bond length
0.61392061    0.004977935 

Water EE distance
0             0           

PEG EE distance
3.9696054     0.32043391  

Time = 1000
Temperature
1.0083328     0.0048619181

Pressure
23.153608     0.11636807  

CM Mom
-1.3769072e-17 1.268753e-17  
5.3288509e-17  2.3278084e-17 
-3.7594941e-17 1.3844927e-17 
6.9889885e-17  2.1273474e-17 

CM Pos
7.4917552      0.0077037122  
7.5050335      0.021938398   
7.4985953      0.011507845   
12.987742      0.009331775   

Stress
20.1259      0.074021     -0.00885716   0.0771546    0.059264     0.0852163   
0.074021     20.1163      0.0410398     0.059264     0.124002     0.0501828   
-0.00885716  0.0410398    20.1571       0.0852163    0.0501828    0.187753    

Stress Spherical
0            0            0             0            0            0           
0            0            0             0            0            0           
0            0            0             0            0            0           

Inertia
149.811      -56.2386     -56.1355      0.347219     0.209289     0.0775299   
-56.2386     149.702      -56.3618      0.209289     0.132879     0.120622    
-56.1355     -56.3618     149.717       0.0775299    0.120622     0.357895    

Bond Length
0.61298424    0.0081920913

BB bond length
0.61298424    0.0081920913

Water EE distance
0             0           

PEG EE distance
3.8116086     0.33593798  

