Time = 500
Temperature
    1.033978   0.042564755

Pressure
   22.380652    0.16789099

CM Mom
1.0827911e-17  1.0316992e-17 
8.855669e-17   1.4242134e-17 
2.0651216e-17  3.5524567e-17 
9.7976118e-17  1.8919771e-17 

CM Pos
7.4918691      0.015928495   
7.4957915      0.028908495   
7.4930328      0.027861656   
12.979261      0.034468409   

Stress
19.2564      0.0133412    0.00653645    0.0918559    0.0783019    0.0323455   
0.0133412    19.2651      -0.0497002    0.0783019    0.0665945    0.0872759   
0.00653645   -0.0497002   19.3211       0.0323455    0.0872759    0.0954394   

Stress Spherical
0            0            0             0            0            0           
0            0            0             0            0            0           
0            0            0             0            0            0           

Inertia
149.405      -56.1864     -56.0512      0.32208      0.254659     0.326845    
-56.1864     149.263      -56.0633      0.254659     0.477808     0.337792    
-56.0512     -56.0633     149.307       0.326845     0.337792     0.383875    

Bond Length
0.61796157    0.0043896999

BB bond length
0.61796157    0.0043896999

Water EE distance
0             0           

PEG EE distance
3.9228418     0.13805369  

Time = 1000
Temperature
1.0152914     0.0066541561

Pressure
22.352328     0.038739013 

CM Mom
4.9328006e-18  4.0321117e-18 
8.0680449e-17  1.1135568e-17 
-5.5851307e-17 7.2543029e-17 
1.163895e-16   3.8849334e-17 

CM Pos
7.5108452      0.011800602   
7.4868965      0.015280607   
7.4927363      0.0095342569  
12.984901      0.017930627   

Stress
19.2892      0.052846     0.0216627     0.10266      0.0895956    0.0655479   
0.052846     19.2793      -0.0196261    0.0895956    0.0554664    0.0216069   
0.0216627    -0.0196261   19.3571       0.0655479    0.0216069    0.0927242   

Stress Spherical
0            0            0             0            0            0           
0            0            0             0            0            0           
0            0            0             0            0            0           

Inertia
149.307      -56.4222     -56.2614      0.236727     0.167259     0.201562    
-56.4222     149.593      -56.0086      0.167259     0.281004     0.112815    
-56.2614     -56.0086     149.592       0.201562     0.112815     0.287642    

Bond Length
0.61079965    0.0018290288

BB bond length
0.61079965    0.0018290288

Water EE distance
0             0           

PEG EE distance
3.7830745     0.16384525  

