Time = 500
Temperature
   1.0331049   0.040511518

Pressure
   22.988403    0.15279173

CM Mom
-1.1792894e-17 2.4347384e-17 
-4.685095e-17  1.366616e-17  
-2.4525706e-17 5.1692201e-17 
7.6115654e-17  2.4364813e-17 

CM Pos
7.5283132      0.035214456   
7.4914432      0.010885532   
7.491703       0.021531167   
12.997094      0.013887962   

Stress
19.8487      -0.0489119   0.000337822   0.0510481    0.105267     0.0541288   
-0.0489119   19.9888      -0.00942625   0.105267     0.0742181    0.0679756   
0.000337822  -0.00942625  19.8426       0.0541288    0.0679756    0.0804066   

Stress Spherical
0            0            0             0            0            0           
0            0            0             0            0            0           
0            0            0             0            0            0           

Inertia
149.491      -56.4104     -56.3552      0.469098     0.349856     0.0900023   
-56.4104     150.026      -56.0956      0.349856     0.0501252    0.129914    
-56.3552     -56.0956     150.039       0.0900023    0.129914     0.534693    

Bond Length
0.61602393    0.0043524491

BB bond length
0.61602393    0.0043524491

Water EE distance
0             0           

PEG EE distance
3.4858886     0.22532478  

Time = 1000
Temperature
1.0058265     0.0072519194

Pressure
22.907917     0.090597173 

CM Mom
-3.0276664e-17 3.1582229e-17 
-4.2730575e-17 4.035961e-17  
-2.2853948e-17 2.7274621e-17 
7.9217004e-17  1.8968075e-17 

CM Pos
7.5125877      0.023475471   
7.4908498      0.01973489    
7.4893293      0.0081472833  
12.986243      0.018690845   

Stress
19.857       -0.0687177   -0.00203318   0.147705     0.0367327    0.070566    
-0.0687177   19.89        0.00556132    0.0367327    0.0956604    0.0849836   
-0.00203318  0.00556132   19.9368       0.070566     0.0849836    0.105288    

Stress Spherical
0            0            0             0            0            0           
0            0            0             0            0            0           
0            0            0             0            0            0           

Inertia
149.502      -56.3439     -56.2387      0.241045     0.315982     0.198848    
-56.3439     149.783      -56.1014      0.315982     0.32114      0.17568     
-56.2387     -56.1014     149.89        0.198848     0.17568      0.489451    

Bond Length
0.61774115    0.0069694595

BB bond length
0.61774115    0.0069694595

Water EE distance
0             0           

PEG EE distance
3.8941199     0.26157597  

