Time = 500
Temperature
   1.0389899   0.045722795

Pressure
    23.51141    0.13952371

CM Mom
6.0884613e-18  2.631974e-17  
6.7785673e-17  2.3394502e-17 
9.8496105e-18  3.5144779e-17 
8.1180893e-17  2.4775618e-17 

CM Pos
7.4970793      0.021976092   
7.4930687      0.016893156   
7.47603        0.028227246   
12.970887      0.030983541   

Stress
20.4191      0.0474063    0.00654191    0.069355     0.0795996    0.0792251   
0.0474063    20.4132      0.000266574   0.0795996    0.0388       0.070701    
0.00654191   0.000266574  20.3519       0.0792251    0.070701     0.0857386   

Stress Spherical
0            0            0             0            0            0           
0            0            0             0            0            0           
0            0            0             0            0            0           

Inertia
149.46       -56.1478     -56.1055      0.379418     0.196281     0.313525    
-56.1478     149.489      -56.0426      0.196281     0.541744     0.379602    
-56.1055     -56.0426     149.701       0.313525     0.379602     0.445782    

Bond Length
0.60901572    0.009760839 

BB bond length
0.60901572    0.009760839 

Water EE distance
0             0           

PEG EE distance
3.4970153     0.27068353  

Time = 1000
Temperature
1.0092252     0.0068606356

Pressure
23.433845     0.067414133 

CM Mom
-4.1986751e-17 8.2738845e-18 
6.2616184e-17  1.3711747e-17 
3.84049e-17    2.7369306e-17 
8.8643459e-17  1.7507005e-17 

CM Pos
7.4955977      0.020721612   
7.4856606      0.018434213   
7.4825491      0.011651286   
12.969498      0.025820385   

Stress
20.4105      -0.0299604   0.0209541     0.127938     0.0588882    0.0367781   
-0.0299604   20.4396      -0.0413516    0.0588882    0.102906     0.0679774   
0.0209541    -0.0413516   20.3693       0.0367781    0.0679774    0.137939    

Stress Spherical
0            0            0             0            0            0           
0            0            0             0            0            0           
0            0            0             0            0            0           

Inertia
149.432      -56.0906     -56.1463      0.298648     0.279041     0.297252    
-56.0906     149.532      -56.0196      0.279041     0.417593     0.209454    
-56.1463     -56.0196     149.58        0.297252     0.209454     0.554829    

Bond Length
0.61771168    0.0056959208

BB bond length
0.61771168    0.0056959208

Water EE distance
0             0           

PEG EE distance
3.6891254     0.33698425  

