Time = 1000
Temperature
   1.1888838    0.28883847

Pressure
   23.942763     1.2766786

CM Mom
-8.4556485e-17 1.8052022e-17 
4.5221052e-18  2.8275823e-17 
-3.2389273e-17 2.6916222e-16 
2.3670515e-16  1.605107e-16  

CM Pos
7.5090596      0.0075206426  
7.4978169      0.011687244   
7.4977755      0.022638193   
12.99309       0.013523173   

Stress
20.3813      0.0170084    -0.0116981    0.441395     0.0830913    0.0770525   
0.0170084    20.3623      0.00698868    0.0830913    0.462654     0.0726652   
-0.0116981   0.00698868   20.3868       0.0770525    0.0726652    0.415839    

Stress Spherical
0            0            0             0            0            0           
0            0            0             0            0            0           
0            0            0             0            0            0           

Inertia
150.149      -56.2957     -56.2626      1.84511      0.152672     0.204752    
-56.2957     150.326      -56.2153      0.152672     1.85787      0.179748    
-56.2626     -56.2153     150.326       0.204752     0.179748     1.57336     

Bond Length
0.61908412    0.0086425176

BB bond length
0.61908412    0.0086425176

Water EE distance
0             0           

PEG EE distance
6.7441067     0.12604998  

BBB P2(x)
0.46267411    0.065480008 

BBB first bond length
0.61897012    0.0085816447

BBB second bond length
0.61918082    0.008356875 

BBB <phi**2>/<phi>**2
1.2211592     0.012934694 

Time = 2000
Temperature
1.0129802     0.0074811032

Pressure
23.114924     0.090140083 

CM Mom
-1.0077155e-16 2.0294165e-17 
1.3318454e-17  1.9701211e-17 
-1.8630413e-17 2.6749375e-17 
1.0855894e-16  2.0244878e-17 

CM Pos
7.501058       0.010872628   
7.5004841      0.0081820237  
7.5008873      0.01410101    
12.991792      0.012467127   

Stress
20.0836      0.027639     0.0024393     0.155322     0.0696632    0.0458942   
0.027639     20.0815      0.0221896     0.0696632    0.0809432    0.0613134   
0.0024393    0.0221896    20.0646       0.0458942    0.0613134    0.113116    

Stress Spherical
0            0            0             0            0            0           
0            0            0             0            0            0           
0            0            0             0            0            0           

Inertia
149.925      -56.2554     -56.2607      0.273012     0.102053     0.144392    
-56.2554     149.915      -56.2799      0.102053     0.304136     0.151952    
-56.2607     -56.2799     149.901       0.144392     0.151952     0.288303    

Bond Length
0.61686424    0.0014450799

BB bond length
0.61686424    0.0014450799

Water EE distance
0             0           

PEG EE distance
6.742649      0.13450689  

BBB P2(x)
0.49801776    0.0054447284

BBB first bond length
0.61677182    0.0013520413

BBB second bond length
0.61682215    0.0014253115

BBB <phi**2>/<phi>**2
1.225061      0.0078195793

