Time = 1000
Temperature
   1.1210901    0.15868854

Pressure
   23.721528    0.79582662

CM Mom
1.2354281e-17  2.9579468e-17 
1.2661263e-16  3.8468844e-17 
-1.0242665e-16 1.8419519e-16 
2.2283439e-16  1.1533475e-16 

CM Pos
7.4934988      0.023914917   
7.4873934      0.020426331   
7.5041842      0.022530679   
12.981798      0.028105577   

Stress
20.3461      0.020576     0.00126199    0.396929     0.0581571    0.0898658   
0.020576     20.3592      -0.00444231   0.0581571    0.36125      0.12613     
0.00126199   -0.00444231  20.3924       0.0898658    0.12613      0.280274    

Stress Spherical
0            0            0             0            0            0           
0            0            0             0            0            0           
0            0            0             0            0            0           

Inertia
150.024      -56.0859     -56.2268      1.0902       0.275291     0.328098    
-56.0859     150.102      -56.1544      0.275291     1.03372      0.23333     
-56.2268     -56.1544     149.843       0.328098     0.23333      0.883674    

Bond Length
0.61908127    0.0063133459

BB bond length
0.61908127    0.0063133459

Water EE distance
0             0           

PEG EE distance
6.707723      0.23123259  

BBB P2(x)
0.47768054    0.060399087 

BBB first bond length
0.61905691    0.006622221 

BBB second bond length
0.61915986    0.0063073101

BBB <phi**2>/<phi>**2
1.2202901     0.012219779 

Time = 2000
Temperature
1.0135209     0.0067157813

Pressure
23.172509     0.098755551 

CM Mom
1.6293968e-17  1.7968704e-17 
1.3377517e-16  1.257427e-17  
4.1498734e-18  4.4901879e-17 
1.4334436e-16  1.1316887e-17 

CM Pos
7.5021109      0.015962013   
7.4942237      0.0099118903  
7.4989872      0.018154737   
12.987703      0.010733504   

Stress
20.158       0.00884016   0.0256646     0.0869363    0.0814272    0.0860044   
0.00884016   20.1065      0.0162378     0.0814272    0.133191     0.0705363   
0.0256646    0.0162378    20.1521       0.0860044    0.0705363    0.114421    

Stress Spherical
0            0            0             0            0            0           
0            0            0             0            0            0           
0            0            0             0            0            0           

Inertia
149.763      -56.218      -56.2705      0.223857     0.132612     0.129278    
-56.218      149.875      -56.209       0.132612     0.221577     0.132243    
-56.2705     -56.209      149.808       0.129278     0.132243     0.471087    

Bond Length
0.61798224    0.002363761 

BB bond length
0.61798224    0.002363761 

Water EE distance
0             0           

PEG EE distance
7.1506162     0.16360614  

BBB P2(x)
0.51589155    0.0095569131

BBB first bond length
0.61787066    0.0023482496

BBB second bond length
0.61820989    0.0023803178

BBB <phi**2>/<phi>**2
1.2275641     0.0068524078

Time = 3000
Temperature
1.0192761     0.0085791158

Pressure
23.191292     0.071160915 

CM Mom
-1.2968354e-19 1.427875e-17  
1.5639451e-16  2.1166091e-17 
-9.3780161e-18 2.0085228e-17 
1.5860002e-16  2.1178788e-17 

CM Pos
7.4967655      0.0086275029  
7.4989752      0.017445618   
7.4926023      0.010649626   
12.983667      0.010202357   

Stress
20.1602      0.0277996    0.038778      0.0671863    0.0650797    0.0689052   
0.0277996    20.108       -0.0646984    0.0650797    0.119029     0.0729634   
0.038778     -0.0646984   20.153        0.0689052    0.0729634    0.120597    

Stress Spherical
0            0            0             0            0            0           
0            0            0             0            0            0           
0            0            0             0            0            0           

Inertia
149.83       -56.2291     -56.1694      0.241256     0.130546     0.104725    
-56.2291     149.795      -56.2242      0.130546     0.204408     0.111734    
-56.1694     -56.2242     149.905       0.104725     0.111734     0.219172    

Bond Length
0.61796848    0.0017331887

BB bond length
0.61796848    0.0017331887

Water EE distance
0             0           

PEG EE distance
7.4329556     0.12844988  

BBB P2(x)
0.52257111    0.0046335595

BBB first bond length
0.61801449    0.0015935813

BBB second bond length
0.61797648    0.0017575689

BBB <phi**2>/<phi>**2
1.2308216     0.0070539781

Time = 4000
Temperature
1.0119311     0.0092801699

Pressure
23.116629     0.072831326 

CM Mom
4.7631227e-18  1.2098437e-17 
1.6956453e-16  2.1260385e-17 
-1.6975356e-17 2.2091288e-17 
1.7235833e-16  2.1023514e-17 

CM Pos
7.4964685      0.011860261   
7.4973419      0.009601166   
7.5031448      0.017431079   
12.98864       0.011477526   

Stress
20.0657      0.0350024    -0.0234614    0.0908039    0.069201     0.083594    
0.0350024    20.0853      -0.0388772    0.069201     0.118335     0.0635793   
-0.0234614   -0.0388772   20.1122       0.083594     0.0635793    0.114625    

Stress Spherical
0            0            0             0            0            0           
0            0            0             0            0            0           
0            0            0             0            0            0           

Inertia
149.958      -56.176      -56.2487      0.291146     0.110573     0.171335    
-56.176      149.952      -56.2815      0.110573     0.289726     0.181749    
-56.2487     -56.2815     149.854       0.171335     0.181749     0.179706    

Bond Length
0.61785225    0.002032138 

BB bond length
0.61785225    0.002032138 

Water EE distance
0             0           

PEG EE distance
7.2468682     0.28529937  

BBB P2(x)
0.5145984     0.0057229928

BBB first bond length
0.61778884    0.0021365073

BBB second bond length
0.61792639    0.001939239 

BBB <phi**2>/<phi>**2
1.2236631     0.0069096833

Time = 5000
Temperature
1.00835       0.0099792521

Pressure
23.12412      0.052877256 

CM Mom
-1.1677564e-17 1.024024e-17  
1.4372783e-16  2.1105037e-17 
-1.9457065e-17 3.0518578e-17 
1.4853901e-16  2.4299449e-17 

CM Pos
7.5013685      0.0098056624  
7.5022419      0.011974962   
7.4967599      0.013383474   
12.99061       0.0063790544  

Stress
20.1102      0.0121423    0.00662373    0.148338     0.0576411    0.0617821   
0.0121423    20.0794      0.0188017     0.0576411    0.122661     0.0616531   
0.00662373   0.0188017    20.1282       0.0617821    0.0616531    0.11429     

Stress Spherical
0            0            0             0            0            0           
0            0            0             0            0            0           
0            0            0             0            0            0           

Inertia
149.975      -56.266      -56.2234      0.308954     0.125602     0.1089      
-56.266      149.95       -56.21        0.125602     0.192271     0.115655    
-56.2234     -56.21       150.035       0.1089       0.115655     0.126989    

Bond Length
0.61930809    0.002302798 

BB bond length
0.61930809    0.002302798 

Water EE distance
0             0           

PEG EE distance
7.4672178     0.11389041  

BBB P2(x)
0.51552449    0.009369787 

BBB first bond length
0.61922777    0.0022270624

BBB second bond length
0.61951794    0.0023778036

BBB <phi**2>/<phi>**2
1.2281105     0.0063122464

Time = 6000
Temperature
1.0106895     0.0068522216

Pressure
23.114136     0.084967687 

CM Mom
2.1956633e-17  2.3224943e-17 
1.4462023e-16  1.3341647e-17 
1.0699717e-17  2.5264779e-17 
1.5053179e-16  1.440403e-17  

CM Pos
7.5047837      0.014167722   
7.4982328      0.017104209   
7.4964629      0.015697377   
12.990096      0.019079502   

Stress
20.1006      0.0339815    -0.0105659    0.0799727    0.0838157    0.0310322   
0.0339815    20.0842      -0.00883383   0.0838157    0.104593     0.0741037   
-0.0105659   -0.00883383  20.082        0.0310322    0.0741037    0.148983    

Stress Spherical
0            0            0             0            0            0           
0            0            0             0            0            0           
0            0            0             0            0            0           

Inertia
149.931      -56.2714     -56.2554      0.377682     0.226212     0.180787    
-56.2714     150.015      -56.2088      0.226212     0.343612     0.224727    
-56.2554     -56.2088     150.047       0.180787     0.224727     0.405597    

Bond Length
0.61909157    0.0021418167

BB bond length
0.61909157    0.0021418167

Water EE distance
0             0           

PEG EE distance
7.1508774     0.26376669  

BBB P2(x)
0.51290096    0.011301099 

BBB first bond length
0.61929964    0.0022344207

BBB second bond length
0.61909362    0.0021224926

BBB <phi**2>/<phi>**2
1.22784       0.010038427 

Time = 7000
Temperature
1.0129381     0.0062826996

Pressure
23.138753     0.066192609 

CM Mom
2.2533203e-17  1.8407338e-17 
1.3050988e-16  1.0336125e-17 
1.747314e-17   1.499621e-17  
1.3563233e-16  1.096855e-17  

CM Pos
7.5041897      0.0095493577  
7.501351       0.0097820248  
7.5052236      0.018142589   
12.996608      0.014517525   

Stress
20.1081      -0.0155423   0.0371613     0.0800555    0.0594302    0.068934    
-0.0155423   20.1537      0.0100478     0.0594302    0.09912      0.0779321   
0.0371613    0.0100478    20.0587       0.068934     0.0779321    0.103075    

Stress Spherical
0            0            0             0            0            0           
0            0            0             0            0            0           
0            0            0             0            0            0           

Inertia
150.102      -56.2643     -56.3328      0.236088     0.120266     0.183385    
-56.2643     150.144      -56.3152      0.120266     0.35379      0.161995    
-56.3328     -56.3152     150.077       0.183385     0.161995     0.178449    

Bond Length
0.61802506    0.0018399465

BB bond length
0.61802506    0.0018399465

Water EE distance
0             0           

PEG EE distance
6.6217036     0.097961897 

BBB P2(x)
0.50622348    0.010190233 

BBB first bond length
0.61802167    0.0016251368

BBB second bond length
0.61798696    0.001876555 

BBB <phi**2>/<phi>**2
1.2235685     0.0067642993

Time = 8000
Temperature
1.0127381     0.0043803229

Pressure
23.095212     0.08054538  

CM Mom
3.1245217e-17  1.9529013e-17 
1.5240179e-16  1.4994085e-17 
2.7979087e-17  1.7165561e-17 
1.601103e-16   1.5841509e-17 

CM Pos
7.5006261      0.013294217   
7.4997177      0.017486644   
7.4891871      0.015770944   
12.984363      0.011170109   

Stress
20.0943      0.0120394    -0.0184398    0.168145     0.0786247    0.0823675   
0.0120394    20.0678      0.0241285     0.0786247    0.127532     0.0498619   
-0.0184398   0.0241285    20.0296       0.0823675    0.0498619    0.112034    

Stress Spherical
0            0            0             0            0            0           
0            0            0             0            0            0           
0            0            0             0            0            0           

Inertia
149.831      -56.2205     -56.1928      0.442997     0.178875     0.0760204   
-56.2205     149.824      -56.1386      0.178875     0.106769     0.216105    
-56.1928     -56.1386     149.989       0.0760204    0.216105     0.282665    

Bond Length
0.6192502     0.0020391673

BB bond length
0.6192502     0.0020391673

Water EE distance
0             0           

PEG EE distance
6.9326917     0.13544439  

BBB P2(x)
0.50784612    0.0059005734

BBB first bond length
0.61911349    0.0019522088

BBB second bond length
0.61941268    0.0019851291

BBB <phi**2>/<phi>**2
1.2244709     0.00961098  

Time = 9000
Temperature
1.007926      0.0085443775

Pressure
23.08031      0.082190796 

CM Mom
1.113053e-17   2.3400771e-17 
1.593536e-16   1.3256809e-17 
1.9860266e-17  1.7466959e-17 
1.6346432e-16  1.4823562e-17 

CM Pos
7.49632        0.0097470264  
7.4986783      0.013277622   
7.4966114      0.0096241024  
12.985548      0.0093777458  

Stress
20.08        0.0234768    -0.0203149    0.087318     0.0627733    0.069196    
0.0234768    20.0537      0.00759986    0.0627733    0.145201     0.0529543   
-0.0203149   0.00759986   20.0565       0.069196     0.0529543    0.121455    

Stress Spherical
0            0            0             0            0            0           
0            0            0             0            0            0           
0            0            0             0            0            0           

Inertia
149.909      -56.2431     -56.1878      0.182461     0.154693     0.106504    
-56.2431     149.887      -56.1864      0.154693     0.24926      0.128286    
-56.1878     -56.1864     149.911       0.106504     0.128286     0.271528    

Bond Length
0.61830021    0.0017578279

BB bond length
0.61830021    0.0017578279

Water EE distance
0             0           

PEG EE distance
7.208807      0.16009253  

BBB P2(x)
0.50950147    0.010184537 

BBB first bond length
0.61834706    0.0018519731

BBB second bond length
0.61828331    0.0018221361

BBB <phi**2>/<phi>**2
1.2270144     0.0073563384

Time = 10000
Temperature
1.0093049     0.0059856796

Pressure
23.125215     0.073980869 

CM Mom
-8.6898965e-18 1.4540737e-17 
1.6397852e-16  5.8478325e-17 
3.2035339e-17  2.381953e-17  
1.6930795e-16  5.9363879e-17 

CM Pos
7.4992897      0.012711777   
7.5006086      0.012266911   
7.4939387      0.0098550051  
12.986833      0.012692929   

Stress
20.0935      -0.00286102  0.00596793    0.127794     0.0796289    0.0638412   
-0.00286102  20.1628      0.00223747    0.0796289    0.0788676    0.0701754   
0.00596793   0.00223747   20.0563       0.0638412    0.0701754    0.0964212   

Stress Spherical
0            0            0             0            0            0           
0            0            0             0            0            0           
0            0            0             0            0            0           

Inertia
149.9        -56.2728     -56.2039      0.255385     0.145979     0.159955    
-56.2728     149.876      -56.2019      0.145979     0.247652     0.133243    
-56.2039     -56.2019     150.002       0.159955     0.133243     0.253625    

Bond Length
0.61855715    0.001971696 

BB bond length
0.61855715    0.001971696 

Water EE distance
0             0           

PEG EE distance
7.3745432     0.13280468  

BBB P2(x)
0.51752959    0.0078852487

BBB first bond length
0.61862939    0.0021141603

BBB second bond length
0.61856714    0.0018333183

BBB <phi**2>/<phi>**2
1.2270627     0.0052086892

Time = 11000
Temperature
1.0107535     0.0077714612

Pressure
23.159152     0.09228955  

CM Mom
-2.6304604e-17 1.7183067e-17 
1.5897884e-16  2.6260743e-17 
3.4557368e-17  1.6587263e-17 
1.6688552e-16  2.3867554e-17 

CM Pos
7.4969139      0.010266993   
7.5003116      0.01195377    
7.500472       0.011317085   
12.989061      0.011569675   

Stress
20.1186      -0.0270654   0.0267102     0.150028     0.070341     0.097137    
-0.0270654   20.1343      -0.00904861   0.070341     0.0667337    0.0751718   
0.0267102    -0.00904861  20.1485       0.097137     0.0751718    0.131267    

Stress Spherical
0            0            0             0            0            0           
0            0            0             0            0            0           
0            0            0             0            0            0           

Inertia
149.99       -56.2506     -56.1903      0.287891     0.121986     0.125017    
-56.2506     149.945      -56.2217      0.121986     0.216173     0.151791    
-56.1903     -56.2217     149.949       0.125017     0.151791     0.243244    

Bond Length
0.6168899     0.0013503061

BB bond length
0.6168899     0.0013503061

Water EE distance
0             0           

PEG EE distance
7.1259795     0.18101763  

BBB P2(x)
0.50892284    0.0056434186

BBB first bond length
0.61664119    0.0012902185

BBB second bond length
0.61681663    0.0014592429

BBB <phi**2>/<phi>**2
1.2279831     0.0055116637

Time = 12000
Temperature
1.0116694     0.0069754469

Pressure
23.144564     0.11848748  

CM Mom
-4.1093336e-17 4.0820316e-17 
1.7980459e-16  1.7623039e-17 
5.1547423e-17  2.0986832e-17 
1.9667842e-16  2.0258466e-17 

CM Pos
7.5031503      0.012284872   
7.5019449      0.0089387747  
7.5083418      0.011593281   
12.998145      0.014905187   

Stress
20.0983      -0.00183112  0.040753      0.184143     0.0759128    0.087831    
-0.00183112  20.1549      0.0242174     0.0759128    0.185454     0.0859633   
0.040753     0.0242174    20.0961       0.087831     0.0859633    0.113798    

Stress Spherical
0            0            0             0            0            0           
0            0            0             0            0            0           
0            0            0             0            0            0           

Inertia
150.128      -56.313      -56.4044      0.278322     0.147783     0.158288    
-56.313      150.163      -56.2868      0.147783     0.307831     0.165978    
-56.4044     -56.2868     150.075       0.158288     0.165978     0.254381    

Bond Length
0.61828243    0.0014997535

BB bond length
0.61828243    0.0014997535

Water EE distance
0             0           

PEG EE distance
7.0395854     0.097505516 

BBB P2(x)
0.5099446     0.010572367 

BBB first bond length
0.6181995     0.0015872667

BBB second bond length
0.6180296     0.0016390372

BBB <phi**2>/<phi>**2
1.2235239     0.0049081208

Time = 13000
Temperature
1.0071603     0.0090647172

Pressure
23.184344     0.091074716 

CM Mom
-4.3994593e-17 1.8242616e-17 
1.4132264e-16  1.5623117e-17 
6.0219942e-17  3.6110891e-17 
1.6467081e-16  1.7275704e-17 

CM Pos
7.4995867      0.012162218   
7.4960055      0.012497501   
7.5035902      0.019451027   
12.989932      0.010941302   

Stress
20.1397      0.0355697    0.00919885    0.106841     0.0580515    0.104301    
0.0355697    20.177       0.0431713     0.0580515    0.144616     0.06054     
0.00919885   0.0431713    20.1925       0.104301     0.06054      0.118645    

Stress Spherical
0            0            0             0            0            0           
0            0            0             0            0            0           
0            0            0             0            0            0           

Inertia
149.974      -56.2278     -56.2673      0.259301     0.150914     0.164151    
-56.2278     150.019      -56.2648      0.150914     0.273938     0.140564    
-56.2673     -56.2648     149.932       0.164151     0.140564     0.241252    

Bond Length
0.61855091    0.0017689938

BB bond length
0.61855091    0.0017689938

Water EE distance
0             0           

PEG EE distance
7.1106461     0.094154159 

BBB P2(x)
0.51304815    0.0085136668

BBB first bond length
0.61844486    0.0018353796

BBB second bond length
0.61850742    0.0018753503

BBB <phi**2>/<phi>**2
1.2235279     0.006043143 

Time = 14000
Temperature
1.0088367     0.0091289997

Pressure
23.086092     0.093615548 

CM Mom
-6.2220626e-17 2.4161899e-17 
1.3590712e-16  1.964892e-17  
5.7800121e-17  1.9146326e-17 
1.6285331e-16  2.2321806e-17 

CM Pos
7.5065655      0.011555183   
7.5038752      0.011211389   
7.5031448      0.014624874   
12.998237      0.012320733   

Stress
20.0186      -0.00242302  -0.000113967  0.157215     0.07613      0.094904    
-0.00242302  20.0605      -0.00442698   0.07613      0.101017     0.0558271   
-0.000113967 -0.00442698  20.1203       0.094904     0.0558271    0.114732    

Stress Spherical
0            0            0             0            0            0           
0            0            0             0            0            0           
0            0            0             0            0            0           

Inertia
150.088      -56.3586     -56.2972      0.225083     0.164321     0.199271    
-56.3586     150.145      -56.2747      0.164321     0.332794     0.118092    
-56.2972     -56.2747     150.149       0.199271     0.118092     0.265698    

Bond Length
0.6194081     0.0021141233

BB bond length
0.6194081     0.0021141233

Water EE distance
0             0           

PEG EE distance
7.3081682     0.17571233  

BBB P2(x)
0.50457635    0.0090900675

BBB first bond length
0.61930012    0.0022508254

BBB second bond length
0.61924286    0.0021778982

BBB <phi**2>/<phi>**2
1.2242106     0.0072050351

Time = 15000
Temperature
1.0094507     0.0049532752

Pressure
23.148291     0.075471965 

CM Mom
-8.0854118e-17 3.2327404e-17 
1.5745506e-16  1.0474199e-17 
6.1839269e-17  1.7188053e-17 
1.9021868e-16  2.0509289e-17 

CM Pos
7.5013685      0.011617029   
7.5035783      0.011352099   
7.4951266      0.0085826644  
12.990432      0.01232632    

Stress
20.1094      0.0102839    -0.0377707    0.148218     0.0803127    0.0673402   
0.0102839    20.1379      -0.0468162    0.0803127    0.149868     0.0629624   
-0.0377707   -0.0468162   20.1332       0.0673402    0.0629624    0.0993785   

Stress Spherical
0            0            0             0            0            0           
0            0            0             0            0            0           
0            0            0             0            0            0           

Inertia
149.968      -56.2902     -56.1821      0.257396     0.129505     0.107849    
-56.2902     149.946      -56.2552      0.129505     0.268242     0.124051    
-56.1821     -56.2552     150.061       0.107849     0.124051     0.275732    

Bond Length
0.61771444    0.0017002027

BB bond length
0.61771444    0.0017002027

Water EE distance
0             0           

PEG EE distance
6.8764826     0.13180367  

BBB P2(x)
0.50841737    0.0081434345

BBB first bond length
0.61780588    0.0014913602

BBB second bond length
0.61774538    0.0019238213

BBB <phi**2>/<phi>**2
1.2281537     0.0080148753

Time = 16000
Temperature
1.0091468     0.010579166 

Pressure
23.169452     0.090176261 

CM Mom
-8.8949792e-17 1.6970867e-17 
1.8246523e-16  1.7920571e-17 
9.0581483e-17  1.0567754e-17 
2.2281496e-16  2.2021817e-17 

CM Pos
7.50122        0.011763197   
7.5055086      0.0076524047  
7.5024023      0.0088045736  
12.995662      0.006023207   

Stress
20.1658      -0.0196964   0.000144498   0.112496     0.0561402    0.0730871   
-0.0196964   20.1694      -0.0472028    0.0561402    0.13296      0.0672915   
0.000144498  -0.0472028   20.1115       0.0730871    0.0672915    0.105138    

Stress Spherical
0            0            0             0            0            0           
0            0            0             0            0            0           
0            0            0             0            0            0           

Inertia
150.116      -56.2906     -56.2844      0.147739     0.0872543    0.128658    
-56.2906     150.064      -56.2938      0.0872543    0.246291     0.0630216   
-56.2844     -56.2938     150.123       0.128658     0.0630216    0.148694    

Bond Length
0.61677096    0.0014508776

BB bond length
0.61677096    0.0014508776

Water EE distance
0             0           

PEG EE distance
7.1686847     0.18718159  

BBB P2(x)
0.510999      0.0075943212

BBB first bond length
0.61661556    0.0015194038

BBB second bond length
0.61678572    0.0015965046

BBB <phi**2>/<phi>**2
1.2262034     0.0065946868

Time = 17000
Temperature
1.0075791     0.0099247994

Pressure
23.109313     0.078233152 

CM Mom
-8.4309141e-17 1.6235779e-17 
1.9504515e-16  2.7394615e-17 
8.1218166e-17  1.7283233e-17 
2.2830425e-16  3.0610072e-17 

CM Pos
7.500923       0.010728009   
7.4997177      0.012252524   
7.5034417      0.018106094   
12.992752      0.015762193   

Stress
20.1284      -0.0113413   0.00116636    0.111513     0.0730485    0.0619227   
-0.0113413   20.0408      0.0395688     0.0730485    0.116851     0.0734655   
0.00116636   0.0395688    20.1111       0.0619227    0.0734655    0.126443    

Stress Spherical
0            0            0             0            0            0           
0            0            0             0            0            0           
0            0            0             0            0            0           

Inertia
150.029      -56.2433     -56.2161      0.442788     0.140163     0.164679    
-56.2433     150.087      -56.2901      0.140163     0.240514     0.219106    
-56.2161     -56.2901     150.014       0.164679     0.219106     0.209719    

Bond Length
0.61841947    0.0015827216

BB bond length
0.61841947    0.0015827216

Water EE distance
0             0           

PEG EE distance
7.4524677     0.14452659  

BBB P2(x)
0.50721172    0.012739786 

BBB first bond length
0.61855315    0.0018123919

BBB second bond length
0.61835675    0.0013303761

BBB <phi**2>/<phi>**2
1.224696      0.0042443962

Time = 18000
Temperature
1.0112558     0.0058200289

Pressure
23.158849     0.073779668 

CM Mom
-6.4534873e-17 1.9099956e-17 
1.9760104e-16  1.2438722e-17 
8.1930327e-17  2.3713074e-17 
2.2566499e-16  8.9805799e-18 

CM Pos
7.5080503      0.010641342   
7.5026874      0.007467209   
7.4970569      0.010009285   
12.99489       0.010042247   

Stress
20.165       0.00636575   0.0120282     0.112011     0.069923     0.0844301   
0.00636575   20.1006      0.00938736    0.069923     0.110268     0.0763667   
0.0120282    0.00938736   20.1303       0.0844301    0.0763667    0.0665712   

Stress Spherical
0            0            0             0            0            0           
0            0            0             0            0            0           
0            0            0             0            0            0           

Inertia
149.971      -56.3798     -56.2966      0.211753     0.102736     0.119567    
-56.3798     150.085      -56.2624      0.102736     0.251728     0.0611187   
-56.2966     -56.2624     150.15        0.119567     0.0611187    0.162216    

Bond Length
0.61912997    0.002152026 

BB bond length
0.61912997    0.002152026 

Water EE distance
0             0           

PEG EE distance
7.3418658     0.14186837  

BBB P2(x)
0.51532056    0.010916663 

BBB first bond length
0.61904333    0.0020079124

BBB second bond length
0.6190327     0.0021112194

BBB <phi**2>/<phi>**2
1.2225449     0.010198767 

Time = 19000
Temperature
1.0112482     0.0055581396

Pressure
23.118973     0.08124533  

CM Mom
-7.1811713e-17 2.4190823e-17 
1.6919169e-16  1.6335736e-17 
9.2147783e-17  1.341246e-17  
2.0736305e-16  1.7506418e-17 

CM Pos
7.5001806      0.013741925   
7.5035783      0.010855698   
7.4979478      0.0076235385  
12.991378      0.0088361576  

Stress
20.087       0.0597829    -0.00483646   0.130632     0.0802061    0.0545949   
0.0597829    20.1274      -0.00927845   0.0802061    0.0532016    0.0810365   
-0.00483646  -0.00927845  20.062        0.0545949    0.0810365    0.12068     

Stress Spherical
0            0            0             0            0            0           
0            0            0             0            0            0           
0            0            0             0            0            0           

Inertia
150.015      -56.31       -56.2335      0.18158      0.11163      0.0965115   
-56.31       149.987      -56.2919      0.11163      0.201748     0.0968313   
-56.2335     -56.2919     150.072       0.0965115    0.0968313    0.264393    

Bond Length
0.6189632     0.0015282733

BB bond length
0.6189632     0.0015282733

Water EE distance
0             0           

PEG EE distance
7.2438536     0.14293488  

BBB P2(x)
0.50847358    0.0099439733

BBB first bond length
0.61874178    0.0016584052

BBB second bond length
0.61913379    0.0014032769

BBB <phi**2>/<phi>**2
1.2248101     0.010300421 

Time = 20000
Temperature
1.0117398     0.010533616 

Pressure
23.144622     0.063191796 

CM Mom
-7.6149243e-17 2.2752921e-17 
1.3785526e-16  2.0400831e-17 
7.6633633e-17  1.2617161e-17 
1.7698914e-16  2.1057514e-17 

CM Pos
7.5065655      0.013750747   
7.4980843      0.016979361   
7.4977993      0.015494512   
12.991809      0.020409535   

Stress
20.056       0.042836     0.0765809     0.124382     0.0894749    0.0478062   
0.042836     20.1627      -0.0557191    0.0894749    0.106311     0.0949501   
0.0765809    -0.0557191   20.1302       0.0478062    0.0949501    0.139308    

Stress Spherical
0            0            0             0            0            0           
0            0            0             0            0            0           
0            0            0             0            0            0           

Inertia
149.922      -56.2991     -56.248       0.369034     0.219352     0.188014    
-56.2991     150.093      -56.2176      0.219352     0.340881     0.164143    
-56.248      -56.2176     150.08        0.188014     0.164143     0.400609    

Bond Length
0.61791696    0.00081150147

BB bond length
0.61791696    0.00081150147

Water EE distance
0             0           

PEG EE distance
7.3014887     0.11501407  

BBB P2(x)
0.50910702    0.011025422 

BBB first bond length
0.61798164    0.00081237851

BBB second bond length
0.61812273    0.0010007374

BBB <phi**2>/<phi>**2
1.225354      0.0077410579

Time = 21000
Temperature
1.0121203     0.0041096389

Pressure
23.169855     0.051156815 

CM Mom
-4.6211886e-17 2.1143426e-17 
9.8976707e-17  2.3763482e-17 
6.861125e-17   1.4281636e-17 
1.3121384e-16  2.5260054e-17 

CM Pos
7.4981018      0.017207023   
7.5028359      0.0065063064  
7.5012145      0.012444463   
12.99164       0.0091753619  

Stress
20.0696      0.0202129    -0.0105769    0.0903983    0.086052     0.0804368   
0.0202129    20.1851      -0.00239011   0.086052     0.0989156    0.0549924   
-0.0105769   -0.00239011  20.1665       0.0804368    0.0549924    0.0946075   

Stress Spherical
0            0            0             0            0            0           
0            0            0             0            0            0           
0            0            0             0            0            0           

Inertia
150.051      -56.2725     -56.2367      0.242424     0.11241      0.125002    
-56.2725     149.991      -56.31        0.11241      0.193461     0.138638    
-56.2367     -56.31       150.003       0.125002     0.138638     0.302753    

Bond Length
0.61877452    0.0016559553

BB bond length
0.61877452    0.0016559553

Water EE distance
0             0           

PEG EE distance
7.2169463     0.22715169  

BBB P2(x)
0.50927111    0.01031619  

BBB first bond length
0.6188033     0.0017897804

BBB second bond length
0.6190682     0.0020338481

BBB <phi**2>/<phi>**2
1.229838      0.0081493892

Time = 22000
Temperature
1.0109037     0.007364972 

Pressure
23.097151     0.085284739 

CM Mom
-1.0635974e-17 3.6673804e-17 
7.3517107e-17  1.7645752e-17 
7.4879059e-17  2.7381841e-17 
1.1425426e-16  2.1836488e-17 

CM Pos
7.4989927      0.016786738   
7.5046177      0.015456757   
7.5077478      0.014800953   
12.996961      0.014022971   

Stress
20.0818      0.0570723    -0.0189782    0.111485     0.0546405    0.0559071   
0.0570723    20.0713      0.0170276     0.0546405    0.101964     0.0693434   
-0.0189782   0.0170276    20.0609       0.0559071    0.0693434    0.089969    

Stress Spherical
0            0            0             0            0            0           
0            0            0             0            0            0           
0            0            0             0            0            0           

Inertia
150.175      -56.2667     -56.2545      0.349995     0.212879     0.170793    
-56.2667     150.098      -56.3215      0.212879     0.261117     0.191488    
-56.2545     -56.3215     150.046       0.170793     0.191488     0.375497    

Bond Length
0.61897764    0.0024275279

BB bond length
0.61897764    0.0024275279

Water EE distance
0             0           

PEG EE distance
6.8033241     0.080048146 

BBB P2(x)
0.51120461    0.0084148246

BBB first bond length
0.61896412    0.0023297086

BBB second bond length
0.61888558    0.002608919 

BBB <phi**2>/<phi>**2
1.2261411     0.0086463211

Time = 23000
Temperature
1.0121729     0.011267131 

Pressure
23.139804     0.11141695  

CM Mom
-6.844104e-18  2.6899065e-17 
9.771243e-17   1.2998799e-17 
1.1228012e-16  1.4219947e-17 
1.5198205e-16  1.4056314e-17 

CM Pos
7.4983988      0.017316867   
7.5014995      0.0097016806  
7.5050751      0.015629813   
12.993274      0.0093932937  

Stress
20.064       -0.00708331  -0.00893393   0.12746      0.0795085    0.0996114   
-0.00708331  20.0809      -0.0106668    0.0795085    0.113665     0.0748032   
-0.00893393  -0.0106668   20.1856       0.0996114    0.0748032    0.0737605   

Stress Spherical
0            0            0             0            0            0           
0            0            0             0            0            0           
0            0            0             0            0            0           

Inertia
150.124      -56.2386     -56.2904      0.299451     0.136285     0.139455    
-56.2386     150.094      -56.3269      0.136285     0.242986     0.156084    
-56.2904     -56.3269     150.005       0.139455     0.156084     0.214555    

Bond Length
0.61901466    0.0022386175

BB bond length
0.61901466    0.0022386175

Water EE distance
0             0           

PEG EE distance
6.7393646     0.12453407  

BBB P2(x)
0.51394417    0.010138879 

BBB first bond length
0.61907056    0.0024896741

BBB second bond length
0.61898912    0.002416859 

BBB <phi**2>/<phi>**2
1.2293017     0.0086045535

Time = 24000
Temperature
1.0149119     0.0093599216

Pressure
23.149993     0.065184574 

CM Mom
-3.3083042e-17 2.6211836e-17 
1.0097293e-16  2.4521085e-17 
1.5129701e-16  2.303124e-17  
1.8776972e-16  2.724189e-17  

CM Pos
7.501517       0.021437514   
7.5019449      0.013852984   
7.5028478      0.010249799   
12.994046      0.013845424   

Stress
20.0447      -0.0292187   -0.0195939    0.137832     0.0556713    0.0583741   
-0.0292187   20.1022      0.0188843     0.0556713    0.0891984    0.0668024   
-0.0195939   0.0188843    20.1896       0.0583741    0.0668024    0.0833216   

Stress Spherical
0            0            0             0            0            0           
0            0            0             0            0            0           
0            0            0             0            0            0           

Inertia
150.067      -56.2733     -56.2921      0.169442     0.172089     0.210352    
-56.2733     150.056      -56.3064      0.172089     0.381419     0.132063    
-56.2921     -56.3064     150.057       0.210352     0.132063     0.381464    

Bond Length
0.6192136     0.0021536636

BB bond length
0.6192136     0.0021536636

Water EE distance
0             0           

PEG EE distance
6.8341163     0.097333618 

BBB P2(x)
0.51254867    0.0092411597

BBB first bond length
0.619399      0.0020290237

BBB second bond length
0.61929637    0.0021187861

BBB <phi**2>/<phi>**2
1.2252036     0.0076476587

Time = 25000
Temperature
1.0125723     0.0076470024

Pressure
23.142429     0.086984637 

CM Mom
-3.7178239e-17 1.7502927e-17 
1.0903632e-16  1.9208686e-17 
1.7186573e-16  1.538887e-17  
2.0851245e-16  1.5609932e-17 

CM Pos
7.5034473      0.017557109   
7.4980843      0.013750747   
7.5018084      0.011478607   
12.992327      0.013977099   

Stress
20.097       -0.0158692   -0.00193162   0.111461     0.0437841    0.0734171   
-0.0158692   20.0907      0.0139915     0.0437841    0.115438     0.0603286   
-0.00193162  0.0139915    20.1472       0.0734171    0.0603286    0.0994505   

Stress Spherical
0            0            0             0            0            0           
0            0            0             0            0            0           
0            0            0             0            0            0           

Inertia
149.992      -56.2429     -56.3127      0.323274     0.13154      0.173126    
-56.2429     150.063      -56.2414      0.13154      0.274903     0.175928    
-56.3127     -56.2414     150.009       0.173126     0.175928     0.262505    

Bond Length
0.61812025    0.0022784478

BB bond length
0.61812025    0.0022784478

Water EE distance
0             0           

PEG EE distance
7.2602765     0.22518166  

BBB P2(x)
0.50542233    0.013780931 

BBB first bond length
0.61801324    0.0022526267

BBB second bond length
0.61828036    0.0024031515

BBB <phi**2>/<phi>**2
1.2217515     0.0070856102

Time = 26000
Temperature
1.0109194     0.0079650407

Pressure
23.15122      0.0868399   

CM Mom
-2.4792362e-17 2.3226927e-17 
1.1390584e-16  2.2555415e-17 
1.985576e-16   2.4557198e-17 
2.3314169e-16  1.7622814e-17 

CM Pos
7.4975079      0.012118632   
7.4986783      0.011875123   
7.5037387      0.011850032   
12.99035       0.01142471    

Stress
20.1622      0.0382777    -0.00380726   0.140436     0.0638002    0.0844539   
0.0382777    20.0809      0.0124045     0.0638002    0.086623     0.0564719   
-0.00380726  0.0124045    20.133        0.0844539    0.0564719    0.089299    

Stress Spherical
0            0            0             0            0            0           
0            0            0             0            0            0           
0            0            0             0            0            0           

Inertia
150.028      -56.2078     -56.2584      0.229991     0.0880152    0.148988    
-56.2078     150.015      -56.3021      0.0880152    0.275287     0.154285    
-56.2584     -56.3021     149.933       0.148988     0.154285     0.203302    

Bond Length
0.61831834    0.0019485546

BB bond length
0.61831834    0.0019485546

Water EE distance
0             0           

PEG EE distance
7.3844412     0.13317472  

BBB P2(x)
0.5104272     0.010025281 

BBB first bond length
0.61829575    0.0020726126

BBB second bond length
0.61825062    0.001897257 

BBB <phi**2>/<phi>**2
1.2275051     0.0067440529

Time = 27000
Temperature
1.0112584     0.0098982083

Pressure
23.122667     0.095446243 

CM Mom
-4.3826994e-17 2.2206691e-17 
1.0968994e-16  1.8883501e-17 
2.3862706e-16  1.2344642e-17 
2.6781172e-16  1.3212176e-17 

CM Pos
7.4978049      0.022513548   
7.4989752      0.011467077   
7.5055205      0.012281282   
12.991734      0.013818811   

Stress
20.1077      -0.0322003   0.0282519     0.126851     0.0867054    0.0685634   
-0.0322003   20.0959      -0.0213994    0.0867054    0.0973668    0.0670472   
0.0282519    -0.0213994   20.0837       0.0685634    0.0670472    0.103848    

Stress Spherical
0            0            0             0            0            0           
0            0            0             0            0            0           
0            0            0             0            0            0           

Inertia
150.072      -56.2474     -56.2742      0.193636     0.22538      0.138026    
-56.2474     150.068      -56.2721      0.22538      0.268133     0.150307    
-56.2742     -56.2721     149.936       0.138026     0.150307     0.462847    

Bond Length
0.61759458    0.0015720652

BB bond length
0.61759458    0.0015720652

Water EE distance
0             0           

PEG EE distance
7.3728139     0.12930875  

BBB P2(x)
0.5084649     0.011356339 

BBB first bond length
0.61739373    0.001487181 

BBB second bond length
0.61779766    0.0017616775

BBB <phi**2>/<phi>**2
1.2241672     0.0053691806

Time = 28000
Temperature
1.009353      0.0079867079

Pressure
23.139959     0.11364383  

CM Mom
-5.2536947e-17 1.43475e-17   
8.0575244e-17  2.219892e-17  
2.4539506e-16  1.9473982e-17 
2.647875e-16   2.0897303e-17 

CM Pos
7.4998836      0.0096241024  
7.4973419      0.0091544621  
7.4969084      0.01291482    
12.987003      0.011061927   

Stress
20.1131      0.032393     -0.0152446    0.160645     0.0708092    0.0734266   
0.032393     20.1572      0.024707      0.0708092    0.132893     0.0509634   
-0.0152446   0.024707     20.086        0.0734266    0.0509634    0.14661     

Stress Spherical
0            0            0             0            0            0           
