Time = 500
Temperature
   1.0353052   0.044908073

Pressure
    20.63366    0.17526376

CM Mom
3.754262e-18   1.5706015e-17 
-1.5020342e-17 7.0578404e-18 
-5.4376008e-17 2.4914542e-17 
6.0458071e-17  2.1412693e-17 

CM Pos
7.5159526      0.022067891   
7.5293065      0.027317388   
7.4999401      0.023176535   
13.016553      0.014715519   

Stress
17.5153      0.0486897    0.0213061     0.0861533    0.0119145    0.037423    
0.0486897    17.5699      0.0402948     0.0119145    0.100502     0.029547    
0.0213061    0.0402948    17.5092       0.037423     0.029547     0.0793097   

Stress Spherical
0            0            0             0            0            0           
0            0            0             0            0            0           
0            0            0             0            0            0           

Inertia
149.415      -56.4633     -56.2489      0.414834     0.0941256    0.30306     
-56.4633     149.302      -56.501       0.0941256    0.562559     0.129232    
-56.2489     -56.501      149.741       0.30306      0.129232     0.437748    

Bond Length
0.6142653     0.0038746783

BB bond length
0.6142653     0.0038746783

Water EE distance
0             0           

PEG EE distance
3.5911971     0.11953893  

Time = 1000
Temperature
1.0183147     0.0066699565

Pressure
20.56868      0.017250055 

CM Mom
1.1747747e-17  7.2074707e-18 
-3.5936239e-17 2.0164119e-17 
-7.8966026e-17 2.6882272e-17 
9.230647e-17   1.8049034e-17 

CM Pos
7.5361247      0.020752634   
7.506168       0.015172604   
7.5073563      0.011843646   
13.019097      0.0073459917  

Stress
17.5455      0.0310948    0.0680963     0.132947     0.0365852    0.0821292   
0.0310948    17.5547      -0.0545641    0.0365852    0.0659855    0.0942174   
0.0680963    -0.0545641   17.4519       0.0821292    0.0942174    0.0487437   

Stress Spherical
0            0            0             0            0            0           
0            0            0             0            0            0           
0            0            0             0            0            0           

Inertia
149.368      -56.421      -56.4104      0.22553      0.0940438    0.243715    
-56.421      150.001      -56.3139      0.0940438    0.331365     0.100991    
-56.4104     -56.3139     149.882       0.243715     0.100991     0.270416    

Bond Length
0.61339021    0.0014438014

BB bond length
0.61339021    0.0014438014

Water EE distance
0             0           

PEG EE distance
3.560067      0.13310098  

