Time = 1000
Temperature
   1.0641367   0.075742133

Pressure
   23.639483    0.34185805

CM Mom
-2.4620127e-17 2.3954913e-17 
3.6379914e-17  1.2548294e-17 
-6.0088637e-17 1.2711257e-16 
1.1795124e-16  9.2285972e-17 

CM Pos
7.5013481      0.014589471   
7.4915528      0.019451368   
7.4984336      0.019122779   
12.985409      0.013885012   

Stress
20.4619      0.0290348    0.00125692    0.129041     0.0801804    0.104265    
0.0290348    20.4936      0.00767859    0.0801804    0.177152     0.0840536   
0.00125692   0.00767859   20.4066       0.104265     0.0840536    0.166605    

Stress Spherical
0            0            0             0            0            0           
0            0            0             0            0            0           
0            0            0             0            0            0           

Inertia
149.902      -56.2131     -56.2786      0.957918     0.116681     0.226384    
-56.2131     150.05       -56.1448      0.116681     1.14464      0.13837     
-56.2786     -56.1448     149.939       0.226384     0.13837      0.891423    

Bond Length
0.61853879    0.0048894148

BB bond length
0.61853879    0.0048894148

Water EE distance
0             0           

PEG EE distance
6.7045464     0.24228061  

BBB P2(x)
0.47234332    0.072404218 

BBB first bond length
0.61807659    0.0049001831

BBB second bond length
0.61857549    0.0050487363

BBB <phi**2>/<phi>**2
1.216513      0.017860923 

Time = 2000
Temperature
1.0082845     0.0089823444

Pressure
23.332152     0.055565267 

CM Mom
-3.7461236e-17 2.5690275e-17 
3.954572e-17   1.3087263e-17 
-6.1694961e-17 2.2086597e-17 
8.6691839e-17  2.402261e-17  

CM Pos
7.4986757      0.018922887   
7.5068453      0.018026208   
7.4956127      0.012347198   
12.991063      0.013395228   

Stress
20.3025      -0.00869305  -0.06177      0.148558     0.0579678    0.0556989   
-0.00869305  20.3348      0.0228887     0.0579678    0.086504     0.091197    
-0.06177     0.0228887    20.3043       0.0556989    0.091197     0.0841417   

Stress Spherical
0            0            0             0            0            0           
0            0            0             0            0            0           
0            0            0             0            0            0           

Inertia
149.938      -56.3013     -56.1844      0.379682     0.124644     0.197755    
-56.3013     149.844      -56.2722      0.124644     0.544468     0.134201    
-56.1844     -56.2722     149.972       0.197755     0.134201     0.411335    

Bond Length
0.61906511    0.0031992976

BB bond length
0.61906511    0.0031992976

Water EE distance
0             0           

PEG EE distance
6.9225058     0.20226253  

BBB P2(x)
0.51071548    0.013652637 

BBB first bond length
0.61924073    0.0031579015

BBB second bond length
0.61912197    0.0034343793

BBB <phi**2>/<phi>**2
1.223621      0.010918371 

Time = 3000
Temperature
1.0144386     0.0065388393

Pressure
23.385911     0.12255291  

CM Mom
-1.203053e-17  2.3300499e-17 
5.6229903e-17  1.3938344e-17 
-8.8321e-17    1.5274927e-17 
1.0917302e-16  1.2605537e-17 

CM Pos
7.4988241      0.01268969    
7.5006096      0.014746517   
7.5027393      0.019001936   
12.99165       0.019241964   

Stress
20.3322      -0.00194778  0.00477136    0.1683       0.0936807    0.0346276   
-0.00194778  20.3319      -0.00513734   0.0936807    0.153447     0.0898661   
0.00477136   -0.00513734  20.3835       0.0346276    0.0898661    0.11854     

Stress Spherical
0            0            0             0            0            0           
0            0            0             0            0            0           
0            0            0             0            0            0           

Inertia
149.995      -56.248      -56.2463      0.412567     0.152327     0.202675    
-56.248      149.978      -56.2451      0.152327     0.417289     0.202885    
-56.2463     -56.2451     149.948       0.202675     0.202885     0.304405    

Bond Length
0.6196167     0.0026493945

BB bond length
0.6196167     0.0026493945

Water EE distance
0             0           

PEG EE distance
6.9563279     0.14386167  

BBB P2(x)
0.52009963    0.011678176 

BBB first bond length
0.61963855    0.0028062701

BBB second bond length
0.61922548    0.0027251904

BBB <phi**2>/<phi>**2
1.2293123     0.0088793127

Time = 4000
Temperature
1.0087169     0.0085012666

Pressure
23.375023     0.093896769 

CM Mom
1.3892898e-18  1.6463474e-17 
4.4107821e-17  1.6414721e-17 
-1.0504866e-16 1.354593e-17  
1.1635806e-16  1.2939609e-17 

CM Pos
7.4957062      0.012174602   
7.4973432      0.015586601   
7.5054117      0.014082042   
12.989512      0.012155531   

Stress
20.3719      0.00784089   -0.00844607   0.099582     0.0583264    0.0508583   
0.00784089   20.3624      -0.0227215    0.0583264    0.0817783    0.0621093   
-0.00844607  -0.0227215   20.332        0.0508583    0.0621093    0.166821    

Stress Spherical
0            0            0             0            0            0           
0            0            0             0            0            0           
0            0            0             0            0            0           

Inertia
150.004      -56.2155     -56.2372      0.305231     0.210501     0.134523    
-56.2155     149.993      -56.273       0.210501     0.249986     0.190386    
-56.2372     -56.273      149.857       0.134523     0.190386     0.301726    

Bond Length
0.61968404    0.004524279 

BB bond length
0.61968404    0.004524279 

Water EE distance
0             0           

PEG EE distance
7.4142574     0.16565612  

BBB P2(x)
0.5052792     0.013445216 

BBB first bond length
0.61960961    0.0044899114

BBB second bond length
0.61953512    0.0046671137

BBB <phi**2>/<phi>**2
1.2206911     0.013158072 

Time = 5000
Temperature
1.0070336     0.0061612358

Pressure
23.419719     0.044535302 

CM Mom
-1.6221751e-17 1.4142314e-17 
5.2475565e-17  1.5788315e-17 
-1.2339734e-16 9.6248981e-18 
1.3665729e-16  1.0508658e-17 

CM Pos
7.5025359      0.0098035677  
7.4994218      0.011915645   
7.4973943      0.013851613   
12.99002       0.010237949   

Stress
20.4116      0.0100032    -0.0220158    0.0717615    0.0918924    0.080372    
0.0100032    20.3794      -0.0130193    0.0918924    0.0831144    0.0550639   
-0.0220158   -0.0130193   20.4246       0.080372     0.0550639    0.0642888   

Stress Spherical
0            0            0             0            0            0           
0            0            0             0            0            0           
0            0            0             0            0            0           

Inertia
149.917      -56.2807     -56.2917      0.186659     0.181908     0.0948954   
-56.2807     149.971      -56.2269      0.181908     0.21298      0.121534    
-56.2917     -56.2269     150.014       0.0948954    0.121534     0.331019    

Bond Length
0.6192696     0.0023017044

BB bond length
0.6192696     0.0023017044

Water EE distance
0             0           

PEG EE distance
7.6419904     0.37168515  

BBB P2(x)
0.51890657    0.018081334 

BBB first bond length
0.61905587    0.0022436777

BBB second bond length
0.61890618    0.0025122368

BBB <phi**2>/<phi>**2
1.2301141     0.0067626696

Time = 6000
Temperature
1.011226      0.008958288 

Pressure
23.370416     0.075087682 

CM Mom
-3.5835819e-17 1.8768759e-17 
5.1467321e-17  3.5373339e-17 
-1.2708567e-16 2.2343021e-17 
1.4795911e-16  1.7167135e-17 

CM Pos
7.4942215      0.011427426   
7.5044698      0.012762441   
7.5017         0.011747968   
12.990621      0.0111519     

Stress
20.3415      -0.00903914  -0.0309013    0.0737774    0.0721117    0.0738449   
-0.00903914  20.3512      0.0215686     0.0721117    0.0799808    0.0503368   
-0.0309013   0.0215686    20.3373       0.0738449    0.0503368    0.0988742   

Stress Spherical
0            0            0             0            0            0           
0            0            0             0            0            0           
0            0            0             0            0            0           

Inertia
150.062      -56.2443     -56.2064      0.227624     0.16051      0.140997    
-56.2443     149.912      -56.3167      0.16051      0.272406     0.142506    
-56.2064     -56.3167     149.975       0.140997     0.142506     0.218377    

Bond Length
0.6210667     0.0035684972

BB bond length
0.6210667     0.0035684972

Water EE distance
0             0           

PEG EE distance
7.8827325     0.14706505  

BBB P2(x)
0.51754682    0.014207391 

BBB first bond length
0.62141917    0.0035820189

BBB second bond length
0.62108495    0.0035925165

BBB <phi**2>/<phi>**2
1.2265649     0.012324733 

Time = 7000
Temperature
1.0094518     0.0082424042

Pressure
23.359738     0.094189149 

CM Mom
-2.474032e-17  1.395429e-17  
9.3045876e-17  1.8197671e-17 
-1.1773249e-16 2.3036163e-17 
1.5392689e-16  2.2217394e-17 

CM Pos
7.5004573      0.0075179584  
7.5040244      0.014873776   
7.5005122      0.014104721   
12.993274      0.014915811   

Stress
20.3388      -0.0202711   -0.000570269  0.109283     0.0708592    0.0451304   
-0.0202711   20.3109      -3.06504e-05  0.0708592    0.0741567    0.109128    
-0.000570269 -3.06504e-05 20.3642       0.0451304    0.109128     0.161213    

Stress Spherical
0            0            0             0            0            0           
0            0            0             0            0            0           
0            0            0             0            0            0           

Inertia
150.055      -56.2857     -56.2826      0.368469     0.136734     0.120828    
-56.2857     150.013      -56.282       0.136734     0.241507     0.176247    
-56.2826     -56.282      150.057       0.120828     0.176247     0.282843    

Bond Length
0.62055994    0.0033606361

BB bond length
0.62055994    0.0033606361

Water EE distance
0             0           

PEG EE distance
7.334688      0.23178782  

BBB P2(x)
0.50947943    0.012760486 

BBB first bond length
0.62075741    0.0030453938

BBB second bond length
0.62028468    0.0033453275

BBB <phi**2>/<phi>**2
1.2246219     0.010227226 

Time = 8000
Temperature
1.0112571     0.0092895835

Pressure
23.378838     0.071198683 

CM Mom
-3.569406e-17  1.5608333e-17 
7.6343355e-17  1.4326902e-17 
-1.4250948e-16 3.5985884e-17 
1.6795346e-16  3.077052e-17  

CM Pos
7.4939246      0.0031001603  
7.5046183      0.01231144    
7.496355       0.011405221   
12.987446      0.0090505013  

Stress
20.3425      0.0293068    -0.0179851    0.110924     0.0897207    0.076632    
0.0293068    20.3463      0.0275389     0.0897207    0.116875     0.058147    
-0.0179851   0.0275389    20.3661       0.076632     0.058147     0.0961268   

Stress Spherical
0            0            0             0            0            0           
0            0            0             0            0            0           
0            0            0             0            0            0           

Inertia
149.99       -56.2383     -56.1585      0.27141      0.085818     0.100171    
-56.2383     149.84       -56.237       0.085818     0.208129     0.165865    
-56.1585     -56.237      149.972       0.100171     0.165865     0.21537     

Bond Length
0.61747266    0.0028090076

BB bond length
0.61747266    0.0028090076

Water EE distance
0             0           

PEG EE distance
7.1597763     0.21836431  

BBB P2(x)
0.51221805    0.0090491936

BBB first bond length
0.61751653    0.0031188898

BBB second bond length
0.61738295    0.002531513 

BBB <phi**2>/<phi>**2
1.2283995     0.011346239 

Time = 9000
Temperature
1.0146239     0.008363431 

Pressure
23.355125     0.11723214  

CM Mom
-2.2935438e-17 2.5852036e-17 
7.9844739e-17  1.4931633e-17 
-1.154649e-16  1.2258896e-17 
1.4543618e-16  1.110126e-17  

CM Pos
7.5028328      0.015079834   
7.4949677      0.012189982   
7.4947219      0.010139585   
12.986078      0.012451203   

Stress
20.3236      -0.0270858   0.00740423    0.111502     0.038871     0.0880059   
-0.0270858   20.3373      0.0114519     0.038871     0.149562     0.0613123   
0.00740423   0.0114519    20.2927       0.0880059    0.0613123    0.12194     

Stress Spherical
0            0            0             0            0            0           
0            0            0             0            0            0           
0            0            0             0            0            0           

Inertia
149.832      -56.2347     -56.2054      0.350966     0.147085     0.162675    
-56.2347     149.949      -56.1931      0.147085     0.239226     0.18584     
-56.2054     -56.1931     149.936       0.162675     0.18584      0.247989    

Bond Length
0.61905127    0.0022564646

BB bond length
0.61905127    0.0022564646

Water EE distance
0             0           

PEG EE distance
7.3418581     0.21998443  

BBB P2(x)
0.51548469    0.020861756 

BBB first bond length
0.61875153    0.0024059331

BBB second bond length
0.61914279    0.0022465935

BBB <phi**2>/<phi>**2
1.2246136     0.01047683  

Time = 10000
Temperature
1.013709      0.0096449818

Pressure
23.35044      0.066465684 

CM Mom
-3.3502983e-17 2.2164754e-17 
7.4822471e-17  1.5477813e-17 
-1.2509528e-16 1.8876024e-17 
1.5238998e-16  1.5300961e-17 

CM Pos
7.5041691      0.013386267   
7.4951161      0.0081537347  
7.5040755      0.0087698344  
12.992329      0.013722961   

Stress
20.2943      -0.0100577   -0.00814388   0.0812859    0.043595     0.0488886   
-0.0100577   20.3675      0.0191016     0.043595     0.100826     0.0735611   
-0.00814388  0.0191016    20.286        0.0488886    0.0735611    0.098869    

Stress Spherical
0            0            0             0            0            0           
0            0            0             0            0            0           
0            0            0             0            0            0           

Inertia
149.984      -56.2746     -56.2923      0.308552     0.135796     0.179104    
-56.2746     150.113      -56.2267      0.135796     0.314013     0.171103    
-56.2923     -56.2267     149.992       0.179104     0.171103     0.316135    

Bond Length
0.61950628    0.0028165947

BB bond length
0.61950628    0.0028165947

Water EE distance
0             0           

PEG EE distance
7.4552709     0.17389141  

BBB P2(x)
0.51475404    0.011847234 

BBB first bond length
0.61927095    0.0031064572

BBB second bond length
0.61958653    0.0028132393

BBB <phi**2>/<phi>**2
1.227804      0.014864664 

Time = 11000
Temperature
1.0089246     0.0069567857

Pressure
23.400643     0.07408512  

CM Mom
-1.5919415e-17 1.183004e-17  
7.5433565e-17  2.2490545e-17 
-1.4763999e-16 9.4024092e-18 
1.6829472e-16  1.2340384e-17 

CM Pos
7.4960032      0.012354337   
7.5031336      0.013457709   
7.5000668      0.012131069   
12.989939      0.0065026773  

Stress
20.363       -0.0223895   0.00481121    0.0601723    0.0870866    0.0570367   
-0.0223895   20.4462      -0.0421386    0.0870866    0.0942135    0.0693022   
0.00481121   -0.0421386   20.3322       0.0570367    0.0693022    0.131354    

Stress Spherical
0            0            0             0            0            0           
0            0            0             0            0            0           
0            0            0             0            0            0           

Inertia
150.028      -56.2682     -56.2349      0.233016     0.118913     0.111737    
-56.2682     149.909      -56.2821      0.118913     0.209362     0.107584    
-56.2349     -56.2821     149.96        0.111737     0.107584     0.188055    

Bond Length
0.62019604    0.0039389338

BB bond length
0.62019604    0.0039389338

Water EE distance
0             0           

PEG EE distance
7.5174578     0.34395937  

BBB P2(x)
0.51540119    0.014714691 

BBB first bond length
0.62007854    0.0044840678

BBB second bond length
0.62026971    0.0040273214

BBB <phi**2>/<phi>**2
1.2295675     0.01235496  

Time = 12000
Temperature
1.0112919     0.0098603586

Pressure
23.408214     0.080074518 

CM Mom
-1.0160469e-17 1.907554e-17  
8.0388147e-17  2.6605031e-17 
-1.6442919e-16 1.589612e-17  
1.855872e-16   2.200521e-17  

CM Pos
7.5011997      0.0095864289  
7.5078846      0.017966801   
7.5055602      0.0093536573  
12.998851      0.012198533   

Stress
20.407       -0.0635703   -0.0303467    0.115033     0.058761     0.0598389   
-0.0635703   20.3809      -0.00776438   0.058761     0.0863935    0.0409537   
-0.0303467   -0.00776438  20.3549       0.0598389    0.0409537    0.135187    

Stress Spherical
0            0            0             0            0            0           
0            0            0             0            0            0           
0            0            0             0            0            0           

Inertia
150.208      -56.3304     -56.2939      0.387542     0.106983     0.0760466   
-56.3304     150.08       -56.3304      0.106983     0.13617      0.215456    
-56.2939     -56.3304     150.117       0.0760466    0.215456     0.251889    

Bond Length
0.62074616    0.0049783394

BB bond length
0.62074616    0.0049783394

Water EE distance
0             0           

PEG EE distance
6.8992938     0.19675769  

BBB P2(x)
0.50837779    0.015461468 

BBB first bond length
0.62040515    0.0049241017

BBB second bond length
0.62050392    0.0048344788

BBB <phi**2>/<phi>**2
1.219399      0.0077724145

Time = 13000
Temperature
1.0127982     0.0069119517

Pressure
23.379808     0.092390596 

CM Mom
-1.3153335e-17 2.4768439e-17 
8.7227727e-17  1.4292755e-17 
-2.0421323e-16 1.0772359e-17 
2.2435866e-16  9.0402484e-18 

CM Pos
7.4974879      0.010502666   
7.498234       0.012693164   
7.5070449      0.016539002   
12.991998      0.0093129122  

Stress
20.3729      -0.0322543   0.00381209    0.105605     0.0466665    0.0584855   
-0.0322543   20.3332      -0.0144594    0.0466665    0.100354     0.0717171   
0.00381209   -0.0144594   20.338        0.0584855    0.0717171    0.105372    

Stress Spherical
0            0            0             0            0            0           
0            0            0             0            0            0           
0            0            0             0            0            0           

Inertia
150.082      -56.2072     -56.3037      0.240983     0.162215     0.160827    
-56.2072     150.071      -56.3161      0.162215     0.214511     0.114018    
-56.3037     -56.3161     149.928       0.160827     0.114018     0.313701    

Bond Length
0.6206748     0.0029680764

BB bond length
0.6206748     0.0029680764

Water EE distance
0             0           

PEG EE distance
6.8205941     0.1825296   

BBB P2(x)
0.51172278    0.0098424365

BBB first bond length
0.62082803    0.003138434 

BBB second bond length
0.62063435    0.0029116672

BBB <phi**2>/<phi>**2
1.2207503     0.012248647 

Time = 14000
Temperature
1.014623      0.007322443 

Pressure
23.367491     0.096263386 

CM Mom
1.1563358e-17  1.7891326e-17 
4.9063055e-17  1.1174799e-17 
-1.8390864e-16 2.6163976e-17 
1.9172099e-16  2.7127031e-17 

CM Pos
7.5049114      0.016641975   
7.498531       0.015872489   
7.5022939      0.0074250221  
12.99371       0.012621939   

Stress
20.3453      -0.00232554  -0.0158729    0.100992     0.0994255    0.0693386   
-0.00232554  20.3351      0.0237673     0.0994255    0.11664      0.0648697   
-0.0158729   0.0237673    20.3103       0.0693386    0.0648697    0.149377    

Stress Spherical
0            0            0             0            0            0           
0            0            0             0            0            0           
0            0            0             0            0            0           

Inertia
150.005      -56.2768     -56.3021      0.233019     0.19949      0.18306     
-56.2768     150.081      -56.2841      0.19949      0.274025     0.118199    
-56.3021     -56.2841     150.052       0.18306      0.118199     0.410623    

Bond Length
0.62115041    0.0017573805

BB bond length
0.62115041    0.0017573805

Water EE distance
0             0           

PEG EE distance
6.5684183     0.086358591 

BBB P2(x)
0.50683018    0.011279261 

BBB first bond length
0.62102584    0.0018003854

BBB second bond length
0.62124021    0.0016988683

BBB <phi**2>/<phi>**2
1.2276734     0.013101079 

Time = 15000
Temperature
1.0066475     0.007801953 

Pressure
23.385454     0.10681029  

CM Mom
2.8866018e-17  2.9843579e-17 
3.4692409e-17  1.754488e-17  
-2.3332046e-16 1.9192099e-17 
2.4037932e-16  1.6119171e-17 

CM Pos
7.5052084      0.017776854   
7.5040244      0.016543666   
7.4950188      0.012436143   
12.992855      0.017506542   

Stress
20.4226      -0.0308277   0.00596197    0.125955     0.0628811    0.072505    
-0.0308277   20.3377      0.0229029     0.0628811    0.125526     0.0847291   
0.00596197   0.0229029    20.3559       0.072505     0.0847291    0.172735    

Stress Spherical
0            0            0             0            0            0           
0            0            0             0            0            0           
0            0            0             0            0            0           

Inertia
149.975      -56.2928     -56.2514      0.37848      0.145671     0.215899    
-56.2928     149.986      -56.2199      0.145671     0.340501     0.205209    
-56.2514     -56.2199     150.148       0.215899     0.205209     0.322975    

Bond Length
0.61906608    0.0027695454

BB bond length
0.61906608    0.0027695454

Water EE distance
0             0           

PEG EE distance
6.9291922     0.12130402  

BBB P2(x)
0.50859892    0.012325243 

BBB first bond length
0.61928126    0.0027784612

BBB second bond length
0.61907788    0.0027424789

BBB <phi**2>/<phi>**2
1.2235457     0.0093075514

Time = 16000
Temperature
1.0095414     0.0077701477

Pressure
23.390565     0.083670812 

CM Mom
4.6045739e-17  2.3216394e-17 
2.6970889e-17  1.3535433e-17 
-2.4398011e-16 2.6356868e-17 
2.512805e-16   2.547425e-17  

CM Pos
7.4964486      0.012483027   
7.511151       0.019371877   
7.5024423      0.011743276   
12.996196      0.018390679   

Stress
20.4006      -0.00132073  0.0336245     0.178583     0.0440505    0.0924656   
-0.00132073  20.3539      0.047829      0.0440505    0.0827984    0.0808818   
0.0336245    0.047829     20.3511       0.0924656    0.0808818    0.095535    

Stress Spherical
0            0            0             0            0            0           
0            0            0             0            0            0           
0            0            0             0            0            0           

Inertia
150.196      -56.3173     -56.2659      0.395816     0.196789     0.14232     
-56.3173     149.972      -56.3513      0.196789     0.288923     0.238485    
-56.2659     -56.3513     150.108       0.14232      0.238485     0.358145    

Bond Length
0.61955611    0.0026841716

BB bond length
0.61955611    0.0026841716

Water EE distance
0             0           

PEG EE distance
7.1454537     0.090434273 

BBB P2(x)
0.5228066     0.0097227129

BBB first bond length
0.61947373    0.0026999878

BBB second bond length
0.61964547    0.0028546089

BBB <phi**2>/<phi>**2
1.2223974     0.010103372 

Time = 17000
Temperature
1.0090961     0.0070150276

Pressure
23.339442     0.066036484 

CM Mom
3.4205045e-17  1.2167756e-17 
1.3331495e-17  1.4429042e-17 
-2.1180172e-16 3.6647166e-17 
2.1570987e-16  3.7097157e-17 

CM Pos
7.5011997      0.012197213   
7.4967493      0.0093536573  
7.5015515      0.011283777   
12.990105      0.0073510812  

Stress
20.3432      -0.00440458  0.00379427    0.083021     0.060639     0.0865162   
-0.00440458  20.3001      0.041593      0.060639     0.079968     0.0749723   
0.00379427   0.041593     20.3129       0.0865162    0.0749723    0.113795    

Stress Spherical
0            0            0             0            0            0           
0            0            0             0            0            0           
0            0            0             0            0            0           

Inertia
149.962      -56.2354     -56.2946      0.293504     0.149466     0.0810551   
-56.2354     150.008      -56.2613      0.149466     0.129474     0.109221    
-56.2946     -56.2613     149.948       0.0810551    0.109221     0.174945    

Bond Length
0.61836557    0.0027513068

BB bond length
0.61836557    0.0027513068

Water EE distance
0             0           

PEG EE distance
7.0896633     0.1727385   

BBB P2(x)
0.50134989    0.011078896 

BBB first bond length
0.61835494    0.0028168962

BBB second bond length
0.61837485    0.0028358708

BBB <phi**2>/<phi>**2
1.2233309     0.01098727  

Time = 18000
Temperature
1.0046153     0.0082545909

Pressure
23.33148      0.08512295  

CM Mom
1.9187144e-17  2.2971718e-17 
-1.9110495e-17 1.5299606e-17 
-1.9557118e-16 2.4477282e-17 
1.9938561e-16  2.4243304e-17 

CM Pos
7.5050599      0.016993903   
7.496007       0.017880712   
7.5012546      0.018147475   
12.991753      0.012799132   

Stress
20.3647      0.0066962    -0.0106653    0.0770468    0.0745823    0.0683526   
0.0066962    20.308       0.00203855    0.0745823    0.0869126    0.0747915   
-0.0106653   0.00203855   20.2998       0.0683526    0.0747915    0.103466    

Stress Spherical
0            0            0             0            0            0           
0            0            0             0            0            0           
0            0            0             0            0            0           

Inertia
149.949      -56.2454     -56.2771      0.333574     0.138162     0.14023     
-56.2454     150.077      -56.2346      0.138162     0.276503     0.188703    
-56.2771     -56.2346     150.01        0.14023      0.188703     0.29609     

Bond Length
0.62068536    0.0037016172

BB bond length
0.62068536    0.0037016172

Water EE distance
0             0           

PEG EE distance
6.7776943     0.17583489  

BBB P2(x)
0.52020443    0.014994212 

BBB first bond length
0.62055561    0.0036433556

BBB second bond length
0.6207802     0.0038161942

BBB <phi**2>/<phi>**2
1.2211965     0.0098854345

Time = 19000
Temperature
1.0106857     0.006795003 

Pressure
23.364141     0.088488394 

CM Mom
-9.3044228e-18 1.3499252e-17 
-3.5753951e-17 2.3950114e-17 
-2.2117489e-16 3.5244865e-17 
2.2596756e-16  3.4927757e-17 

CM Pos
7.4989726      0.015332076   
7.5074392      0.012640957   
7.5028877      0.012916955   
12.995762      0.016754955   

Stress
20.3523      0.00299567   0.00788868    0.137413     0.0624839    0.0476019   
0.00299567   20.3081      0.0216914     0.0624839    0.0822949    0.0766464   
0.00788868   0.0216914    20.3556       0.0476019    0.0766464    0.102308    

Stress Spherical
0            0            0             0            0            0           
0            0            0             0            0            0           
0            0            0             0            0            0           

Inertia
150.129      -56.3265     -56.2845      0.339268     0.192374     0.210412    
-56.3265     149.983      -56.3419      0.192374     0.388435     0.166719    
-56.2845     -56.3419     150.082       0.210412     0.166719     0.328894    

Bond Length
0.61927975    0.0037166012

BB bond length
0.61927975    0.0037166012

Water EE distance
0             0           

PEG EE distance
6.7058272     0.22655416  

BBB P2(x)
0.51154641    0.017634369 

BBB first bond length
0.61896931    0.003716208 

BBB second bond length
0.61935949    0.0036116122

BBB <phi**2>/<phi>**2
1.2251792     0.014805793 

Time = 20000
Temperature
1.007874      0.010860177 

Pressure
23.369737     0.062389647 

CM Mom
-2.4812435e-17 2.3471845e-17 
-6.9686605e-17 2.4407878e-17 
-2.2988153e-16 1.9557357e-17 
2.4385777e-16  1.9492257e-17 

CM Pos
7.5010512      0.013768611   
7.5009065      0.011190598   
7.5019969      0.009831634   
12.992669      0.016766901   

Stress
20.3907      -0.00718766  0.0224906     0.0723211    0.0721788    0.0876875   
-0.00718766  20.3333      0.00245919    0.0721788    0.118225     0.0464158   
0.0224906    0.00245919   20.3341       0.0876875    0.0464158    0.131666    

Stress Spherical
0            0            0             0            0            0           
0            0            0             0            0            0           
0            0            0             0            0            0           

Inertia
150.038      -56.2648     -56.2698      0.284491     0.195014     0.189927    
-56.2648     150.021      -56.2818      0.195014     0.224926     0.169153    
-56.2698     -56.2818     150.031       0.189927     0.169153     0.34278     

Bond Length
0.61914924    0.0029267554

BB bond length
0.61914924    0.0029267554

Water EE distance
0             0           

PEG EE distance
7.212273      0.26293651  

BBB P2(x)
0.50429256    0.014609363 

BBB first bond length
0.61934783    0.0029045126

BBB second bond length
0.61885642    0.0028867356

BBB <phi**2>/<phi>**2
1.2229284     0.011081731 

Time = 21000
Temperature
1.0102886     0.0078391531

Pressure
23.367014     0.068674139 

CM Mom
-3.4012874e-17 1.5169597e-17 
-1.0652229e-16 3.106918e-17  
-2.2258911e-16 8.0587256e-18 
2.5126529e-16  1.3262544e-17 

CM Pos
7.5040206      0.01472782    
7.4925921      0.015306895   
7.5005122      0.0090615824  
12.988738      0.012454133   

Stress
20.2449      -0.0112075   -0.010248     0.151475     0.0400965    0.0885039   
-0.0112075   20.408       -0.0299353    0.0400965    0.114954     0.0789985   
-0.010248    -0.0299353   20.3753       0.0885039    0.0789985    0.0815955   

Stress Spherical
0            0            0             0            0            0           
0            0            0             0            0            0           
0            0            0             0            0            0           

Inertia
149.883      -56.219      -56.2814      0.150597     0.236677     0.145909    
-56.219      150.063      -56.2107      0.236677     0.226114     0.105201    
-56.2814     -56.2107     149.928       0.145909     0.105201     0.360166    

Bond Length
0.6190273     0.001997553 

BB bond length
0.6190273     0.001997553 

Water EE distance
0             0           

PEG EE distance
7.1327862     0.12760715  

BBB P2(x)
0.52020586    0.016692483 

BBB first bond length
0.61907575    0.0018563797

BBB second bond length
0.61886782    0.0020468474

BBB <phi**2>/<phi>**2
1.2229674     0.0095308078

Time = 22000
Temperature
1.0090236     0.011058073 

Pressure
23.310768     0.087781464 

CM Mom
-1.7378622e-17 1.5511579e-17 
-6.2561721e-17 1.6751196e-17 
-2.4025936e-16 1.3851682e-17 
2.4981096e-16  1.5751522e-17 

CM Pos
7.5056538      0.016175137   
7.5023912      0.0067729356  
7.5019969      0.015086411   
12.996187      0.018000679   

Stress
20.26        -0.03631     -0.00320385   0.0625185    0.0918142    0.0476167   
-0.03631     20.3086      0.0241204     0.0918142    0.103179     0.0743362   
-0.00320385  0.0241204    20.3022       0.0476167    0.0743362    0.11314     

Stress Spherical
0            0            0             0            0            0           
0            0            0             0            0            0           
0            0            0             0            0            0           

Inertia
150.058      -56.2827     -56.362       0.314546     0.151114     0.168033    
-56.2827     150.075      -56.2735      0.151114     0.35009      0.137729    
-56.362      -56.2735     150.102       0.168033     0.137729     0.323467    

Bond Length
0.61920557    0.0013053423

BB bond length
0.61920557    0.0013053423

Water EE distance
0             0           

PEG EE distance
6.9702825     0.10510637  

BBB P2(x)
0.52294065    0.011298921 

BBB first bond length
0.61920672    0.0011611476

BBB second bond length
0.61939624    0.0014473657

BBB <phi**2>/<phi>**2
1.2242017     0.01555689  

Time = 23000
Temperature
1.0071851     0.0087096048

Pressure
23.376768     0.076369878 

CM Mom
-5.2043421e-17 1.7217467e-17 
-5.3508398e-17 2.5918e-17    
-2.5855185e-16 1.6796747e-17 
2.7072249e-16  1.9503283e-17 

CM Pos
7.496894       0.020516917   
7.5000157      0.013419161   
7.5079357      0.0090372233  
12.993195      0.017565299   

Stress
20.3456      -0.0109983   0.0228266     0.0993557    0.0717978    0.090312    
-0.0109983   20.4039      -0.00481078   0.0717978    0.0808411    0.0726457   
0.0228266    -0.00481078  20.3358       0.090312     0.0726457    0.0770052   

Stress Spherical
0            0            0             0            0            0           
0            0            0             0            0            0           
0            0            0             0            0            0           

Inertia
150.135      -56.2474     -56.2989      0.315724     0.208866     0.197439    
-56.2474     150.056      -56.3166      0.208866     0.32888      0.142745    
-56.2989     -56.3166     149.956       0.197439     0.142745     0.417147    

Bond Length
0.61993607    0.0028744313

BB bond length
0.61993607    0.0028744313

Water EE distance
0             0           

PEG EE distance
6.9456342     0.26180208  

BBB P2(x)
0.52063399    0.014468802 

BBB first bond length
0.6197278     0.0028825493

BBB second bond length
0.62040273    0.0030400783

BBB <phi**2>/<phi>**2
1.2262635     0.010612838 

Time = 24000
Temperature
1.0117843     0.0076756371

Pressure
23.404881     0.082884354 

CM Mom
-7.4817526e-17 2.5830013e-17 
-3.848775e-17  2.6507953e-17 
-2.7489256e-16 1.8676644e-17 
2.8995187e-16  1.7072737e-17 

CM Pos
7.5043175      0.0087786274  
7.500758       0.0078619434  
7.4993244      0.0090567158  
12.992929      0.0064164046  

Stress
20.3347      -0.00341925  0.00572654    0.101298     0.0675963    0.0953735   
-0.00341925  20.3879      0.0103747     0.0675963    0.110169     0.0690106   
0.00572654   0.0103747    20.4058       0.0953735    0.0690106    0.106646    

Stress Spherical
0            0            0             0            0            0           
0            0            0             0            0            0           
0            0            0             0            0            0           

Inertia
149.964      -56.336      -56.2771      0.196991     0.0873211    0.117516    
-56.336      150.004      -56.2138      0.0873211    0.188084     0.086756    
-56.2771     -56.2138     150.049       0.117516     0.086756     0.100808    

Bond Length
0.62054712    0.0030263064

BB bond length
0.62054712    0.0030263064

Water EE distance
0             0           

PEG EE distance
7.1461145     0.2126481   

BBB P2(x)
0.51231563    0.011188347 

BBB first bond length
0.62048758    0.0031363777

BBB second bond length
0.62019815    0.0028075432

BBB <phi**2>/<phi>**2
1.2248098     0.016765603 

Time = 25000
Temperature
1.0091808     0.0053684442

Pressure
23.336867     0.083711414 

CM Mom
-8.6564539e-17 2.3807345e-17 
-7.8156959e-17 1.339937e-17  
-2.9113646e-16 2.7962891e-17 
3.1526502e-16  2.2329145e-17 

CM Pos
7.5029813      0.017964961   
7.4997187      0.008062659   
7.4954642      0.018079934   
12.989335      0.019916796   

Stress
20.3128      0.0277021    0.0122227     0.124904     0.086569     0.0704776   
0.0277021    20.2896      0.0231055     0.086569     0.103561     0.0727113   
0.0122227    0.0231055    20.3453       0.0704776    0.0727113    0.0893789   

Stress Spherical
0            0            0             0            0            0           
0            0            0             0            0            0           
0            0            0             0            0            0           

Inertia
149.918      -56.2665     -56.2389      0.287023     0.183655     0.290337    
-56.2665     149.968      -56.224       0.183655     0.44017      0.18812     
-56.2389     -56.224      150.026       0.290337     0.18812      0.287159    

Bond Length
0.6204306     0.002714366 

BB bond length
0.6204306     0.002714366 

Water EE distance
0             0           

PEG EE distance
6.7797161     0.135521    

BBB P2(x)
0.52254704    0.013405909 

BBB first bond length
0.6203449     0.0027547785

BBB second bond length
0.62035787    0.0027545689

BBB <phi**2>/<phi>**2
1.2310736     0.011634862 

Time = 26000
Temperature
1.0100774     0.0056517156

Pressure
23.417593     0.087398508 

CM Mom
-9.0357407e-17 1.2713776e-17 
-9.7057976e-17 1.2432074e-17 
-3.4396151e-16 2.1244972e-17 
3.6899875e-16  2.2398712e-17 

CM Pos
7.5001604      0.019485337   
7.503579       0.0094893603  
7.5003637      0.0326244     
12.992784      0.025664164   

Stress
20.404       0.0246959    0.0312424     0.10477      0.064227     0.0846551   
0.0246959    20.3519      -0.00472509   0.064227     0.141932     0.0579427   
0.0312424    -0.00472509  20.4259       0.0846551    0.0579427    0.0775237   

Stress Spherical
0            0            0             0            0            0           
0            0            0             0            0            0           
0            0            0             0            0            0           

Inertia
150.055      -56.2663     -56.2402      0.464839     0.190669     0.361889    
-56.2663     149.989      -56.2788      0.190669     0.658154     0.269543    
-56.2402     -56.2788     150.049       0.361889     0.269543     0.305266    

Bond Length
0.61983999    0.0025576137

BB bond length
0.61983999    0.0025576137

Water EE distance
0             0           

PEG EE distance
6.5746578     0.13160717  

BBB P2(x)
0.51596605    0.015422677 

BBB first bond length
0.62000915    0.002774195 

BBB second bond length
0.61968293    0.0025935582

BBB <phi**2>/<phi>**2
1.2252031     0.010767432 

Time = 27000
Temperature
1.0108661     0.0064559493

Pressure
23.369537     0.13007659  

CM Mom
-9.9140812e-17 1.5749566e-17 
-1.3084667e-16 1.0674635e-17 
-3.7284614e-16 2.8615016e-17 
4.0791955e-16  2.7321351e-17 

CM Pos
7.4925884      0.012599036   
7.4973432      0.0075135589  
7.5019969      0.012247712   
12.985732      0.010610355   

Stress
20.3513      0.00869751   0.0329759     0.149818     0.082242     0.0770247   
0.00869751   20.3417      0.00117852    0.082242     0.17564      0.0624778   
0.0329759    0.00117852   20.3376       0.0770247    0.0624778    0.136335    

Stress Spherical
0            0            0             0            0            0           
0            0            0             0            0            0           
0            0            0             0            0            0           

Inertia
149.985      -56.1921     -56.2113      0.194509     0.0816256    0.14075     
-56.1921     149.897      -56.2812      0.0816256    0.253115     0.121268    
-56.2113     -56.2812     149.828       0.14075      0.121268     0.224381    

Bond Length
0.61924871    0.0028598324

BB bond length
0.61924871    0.0028598324

Water EE distance
0             0           

PEG EE distance
6.2903119     0.12855131  

BBB P2(x)
0.50890657    0.014879133 

BBB first bond length
0.61910749    0.0030371053

BBB second bond length
0.61924231    0.002998153 

BBB <phi**2>/<phi>**2
1.2252765     0.011165403 

Time = 28000
Temperature
1.0163924     0.0088939113

Pressure
23.368143     0.12976642  

CM Mom
-1.1648935e-16 1.7743162e-17 
-1.3789944e-16 1.3597325e-17 
-3.7454162e-16 3.2161208e-17 
4.1684541e-16  2.5325875e-17 

CM Pos
7.4963001      0.012329332   
7.5028366      0.010414141   
7.5058572      0.011661336   
12.993279      0.0074492691  

Stress
20.3577      -0.000948497 -0.0113631    0.157309     0.032369     0.0540565   
-0.000948497 20.3332      0.0111131     0.032369     0.157456     0.0643268   
-0.0113631   0.0111131    20.2859       0.0540565    0.0643268    0.148701    

Stress Spherical
0            0            0             0            0            0           
