Time = 500
Temperature
   1.0271945   0.041536848

Pressure
   23.555998    0.17231718

CM Mom
-4.6178325e-17 1.6156823e-17 
3.7559402e-17  2.9803702e-17 
1.165959e-17   1.5526239e-17 
6.5880112e-17  2.7005018e-17 

CM Pos
7.4842619      0.0070498087  
7.5067467      0.010903814   
7.5119325      0.014468458   
12.992106      0.010447058   

Stress
20.4117      -0.0142525   -0.0250557    0.118313     0.0479493    0.0623425   
-0.0142525   20.5114      -0.0137794    0.0479493    0.119702     0.0350455   
-0.0250557   -0.0137794   20.501        0.0623425    0.0350455    0.0703555   

Stress Spherical
0            0            0             0            0            0           
0            0            0             0            0            0           
0            0            0             0            0            0           

Inertia
150.2        -56.1809     -56.1977      0.225863     0.128587     0.152066    
-56.1809     149.859      -56.3374      0.128587     0.210301     0.157262    
-56.1977     -56.3374     149.693       0.152066     0.157262     0.2982      

Bond Length
0.61574816    0.014346023 

BB bond length
0.61574816    0.014346023 

Water EE distance
0             0           

PEG EE distance
3.741237      0.38461968  

Time = 1000
Temperature
1.0057708     0.0062990242

Pressure
23.494487     0.070918589 

CM Mom
-4.2860487e-17 2.818005e-17  
2.8364202e-17  1.7108945e-17 
5.9815404e-18  1.142918e-17  
6.0485919e-17  1.5370073e-17 

CM Pos
7.4872252      0.028152488   
7.5159328      0.0090172604  
7.4959309      0.0083288044  
12.989901      0.013774626   

Stress
20.5177      -0.0442215   0.00917047    0.111409     0.054319     0.0374714   
-0.0442215   20.4084      -0.00138681   0.054319     0.114447     0.0680256   
0.00917047   -0.00138681  20.5062       0.0374714    0.0680256    0.106541    

Stress Spherical
0            0            0             0            0            0           
0            0            0             0            0            0           
0            0            0             0            0            0           

Inertia
150.129      -56.2326     -56.1532      0.179084     0.262126     0.161027    
-56.2326     149.736      -56.3176      0.262126     0.347802     0.138745    
-56.1532     -56.3176     149.985       0.161027     0.138745     0.465984    

Bond Length
0.61154297    0.0081243252

BB bond length
0.61154297    0.0081243252

Water EE distance
0             0           

PEG EE distance
2.9922431     0.27929149  

