Time = 500
Temperature
    1.035422   0.039454737

Pressure
   21.468626    0.14963385

CM Mom
-1.2739342e-16 5.4937382e-17 
2.7725926e-17  3.2633389e-17 
-6.5163832e-18 4.4479672e-17 
1.4563669e-16  4.3493961e-17 

CM Pos
7.5211174      0.017174832   
7.460213       0.0090686687  
7.5437702      0.01184716    
13.005031      0.012346903   

Stress
18.4123      -0.022964    0.0542641     0.156195     0.0446623    0.0650684   
-0.022964    18.3769      0.00338046    0.0446623    0.130288     0.0888664   
0.0542641    0.00338046   18.3117       0.0650684    0.0888664    0.10176     

Stress Spherical
0            0            0             0            0            0           
0            0            0             0            0            0           
0            0            0             0            0            0           

Inertia
149.336      -56.0251     -56.612       0.395327     0.139977     0.17957     
-56.0251     150.327      -56.2308      0.139977     0.729835     0.0938428   
-56.612      -56.2308     148.984       0.17957      0.0938428    0.352577    

Bond Length
0.61516012    0.0029355895

BB bond length
0.61516012    0.0029355895

Water EE distance
0             0           

PEG EE distance
3.68001       0.10928666  

Time = 1000
Temperature
1.0154161     0.0077387288

Pressure
21.478569     0.12845459  

CM Mom
-1.3207701e-16 2.0279911e-17 
-2.2744747e-17 1.8660378e-17 
-1.975011e-17  4.3658624e-17 
1.4369993e-16  1.9173328e-17 

CM Pos
7.508061       0.012104497   
7.4468599      0.013962362   
7.5387257      0.00742433    
12.986892      0.010994347   

Stress
18.402       -0.0306983   0.0401829     0.20778      0.0781805    0.0508497   
-0.0306983   18.4215      0.00151443    0.0781805    0.127476     0.0673846   
0.0401829    0.00151443   18.4869       0.0508497    0.0673846    0.154327    

Stress Spherical
0            0            0             0            0            0           
0            0            0             0            0            0           
0            0            0             0            0            0           

Inertia
149.209      -55.8287     -56.4301      0.258947     0.159148     0.125149    
-55.8287     150.201      -56.052       0.159148     0.251898     0.144547    
-56.4301     -56.052      148.747       0.125149     0.144547     0.278004    

Bond Length
0.61471968    0.0021534957

BB bond length
0.61471968    0.0021534957

Water EE distance
0             0           

PEG EE distance
3.6149268     0.082865651 

