Time = 1000
Temperature
   1.1028068    0.13972627

Pressure
   23.635619    0.71725178

CM Mom
-1.7552412e-17 2.0227664e-17 
-1.7761369e-18 3.2611856e-17 
1.6474604e-16  3.1109707e-16 
2.385517e-16   2.622969e-16  

CM Pos
7.4979545      0.01147599    
7.5010123      0.011876853   
7.4896659      0.025725971   
12.983846      0.017028077   

Stress
20.3581      -0.0050874   0.0346973     0.274306     0.0741033    0.0552844   
-0.0050874   20.3406      0.0179484     0.0741033    0.335861     0.0840464   
0.0346973    0.0179484    20.3123       0.0552844    0.0840464    0.358637    

Stress Spherical
0            0            0             0            0            0           
0            0            0             0            0            0           
0            0            0             0            0            0           

Inertia
149.959      -56.274      -56.1222      0.757158     0.122704     0.150167    
-56.274      149.921      -56.1412      0.122704     0.798688     0.239015    
-56.1222     -56.1412     150.081       0.150167     0.239015     1.22483     

Bond Length
0.61953923    0.0065237887

BB bond length
0.61953923    0.0065237887

Water EE distance
0             0           

PEG EE distance
7.074732      0.16811503  

BBB P2(x)
0.47646081    0.064014415 

BBB first bond length
0.61948953    0.0063937501

BBB second bond length
0.61959393    0.0066293245

BBB <phi**2>/<phi>**2
1.2216192     0.020034621 

Time = 2000
Temperature
1.010189      0.0073440247

Pressure
23.18337      0.070610038 

CM Mom
2.2651382e-17  1.7348251e-17 
4.6020092e-18  1.4139584e-17 
-1.6138101e-17 5.2522914e-17 
5.8439045e-17  2.5280941e-17 

CM Pos
7.5028579      0.014570759   
7.4987835      0.019250086   
7.501553       0.0071507931  
12.992243      0.013264791   

Stress
20.2038      -0.00571787  0.0500806     0.0793566    0.081206     0.074863    
-0.00571787  20.1055      -0.0161702    0.081206     0.127737     0.0902674   
0.0500806    -0.0161702   20.1761       0.074863     0.0902674    0.121785    

Stress Spherical
0            0            0             0            0            0           
0            0            0             0            0            0           
0            0            0             0            0            0           

Inertia
149.896      -56.2826     -56.3166      0.331757     0.191856     0.156783    
-56.2826     149.947      -56.2369      0.191856     0.26128      0.170334    
-56.3166     -56.2369     149.885       0.156783     0.170334     0.309169    

Bond Length
0.61862005    0.0031036357

BB bond length
0.61862005    0.0031036357

Water EE distance
0             0           

PEG EE distance
7.1836257     0.11618978  

BBB P2(x)
0.51059644    0.011710361 

BBB first bond length
0.61837971    0.0030107283

BBB second bond length
0.61871066    0.0028681263

BBB <phi**2>/<phi>**2
1.2219371     0.011733966 

