Time = 1000
Temperature
   1.0279872   0.039526126

Pressure
   23.566756    0.18557606

CM Mom
1.1446255e-17  1.4109244e-17 
6.5749472e-18  1.7925889e-17 
-5.0767341e-17 8.002353e-17  
8.5663516e-17  4.8347754e-17 

CM Pos
7.5015629      0.014956553   
7.5049711      0.011333782   
7.5069753      0.017870066   
12.998196      0.016970668   

Stress
20.5034      0.00954029   9.23242e-05   0.14204      0.0667684    0.0684653   
0.00954029   20.4943      -0.0181582    0.0667684    0.0998043    0.074813    
9.23242e-05  -0.0181582   20.4725       0.0684653    0.074813     0.164068    

Stress Spherical
0            0            0             0            0            0           
0            0            0             0            0            0           
0            0            0             0            0            0           

Inertia
150.2        -56.3042     -56.2823      0.437791     0.137569     0.22267     
-56.3042     150.146      -56.3624      0.137569     0.492432     0.136755    
-56.2823     -56.3624     150.113       0.22267      0.136755     0.446918    

Bond Length
0.61971062    0.0055221196

BB bond length
0.61971062    0.0055221196

Water EE distance
0             0           

PEG EE distance
6.0311213     0.2528097   

BBB P2(x)
0.46160022    0.044428445 

BBB first bond length
0.61976143    0.0055485871

BBB second bond length
0.61983972    0.0056955018

BBB <phi**2>/<phi>**2
1.2161229     0.015373166 

Time = 2000
Temperature
1.0116032     0.0070862801

Pressure
23.502031     0.10856206  

CM Mom
1.7429875e-17  1.735679e-17  
-6.7595996e-18 1.7884876e-17 
-2.2539418e-17 2.1327905e-17 
4.1995136e-17  1.303584e-17  

CM Pos
7.4917619      0.018051169   
7.4948731      0.010730099   
7.5019263      0.0075267751  
12.983793      0.011999177   

Stress
20.4833      -0.00640098  -0.0132646    0.135177     0.0717368    0.0581185   
-0.00640098  20.4804      0.00442857    0.0717368    0.131705     0.060579    
-0.0132646   0.00442857   20.4596       0.0581185    0.060579     0.122276    

Stress Spherical
0            0            0             0            0            0           
0            0            0             0            0            0           
0            0            0             0            0            0           

Inertia
149.89       -56.1192     -56.1707      0.25961      0.179419     0.120969    
-56.1192     149.842      -56.2734      0.179419     0.363703     0.14318     
-56.1707     -56.2734     149.744       0.120969     0.14318      0.348584    

Bond Length
0.62282238    0.0019975126

BB bond length
0.62282238    0.0019975126

Water EE distance
0             0           

PEG EE distance
6.288752      0.1853357   

BBB P2(x)
0.50774719    0.020920451 

BBB first bond length
0.62255126    0.0018351902

BBB second bond length
0.62255373    0.0017315544

BBB <phi**2>/<phi>**2
1.2350008     0.020383144 

