Time = 1000
Temperature
   1.0603821    0.07665137

Pressure
   23.645329    0.37823693

CM Mom
-2.8462236e-17 1.5846561e-17 
3.2251506e-18  3.9115372e-17 
9.7070361e-17  1.2906835e-16 
1.4553113e-16  8.6623386e-17 

CM Pos
7.4943319      0.019995778   
7.5027291      0.013226641   
7.4956972      0.017114825   
12.98623       0.011516584   

Stress
20.4945      0.00896107   0.0115407     0.169029     0.0984158    0.055145    
0.00896107   20.4238      -0.0126079    0.0984158    0.197252     0.0752978   
0.0115407    -0.0126079   20.4921       0.055145     0.0752978    0.200481    

Stress Spherical
0            0            0             0            0            0           
0            0            0             0            0            0           
0            0            0             0            0            0           

Inertia
150.019      -56.2134     -56.1421      0.542267     0.208109     0.108872    
-56.2134     149.879      -56.2524      0.208109     0.822566     0.151289    
-56.1421     -56.2524     149.996       0.108872     0.151289     1.1017      

Bond Length
0.61912751    0.0036799392

BB bond length
0.61912751    0.0036799392

Water EE distance
0             0           

PEG EE distance
6.9557693     0.25668579  

BBB P2(x)
0.48298866    0.059085908 

BBB first bond length
0.61912119    0.0037121346

BBB second bond length
0.61919443    0.0033353145

BBB <phi**2>/<phi>**2
1.2214861     0.013041297 

Time = 2000
Temperature
1.0080512     0.0084745517

Pressure
23.348011     0.11828143  

CM Mom
-2.1897408e-17 1.2276377e-17 
1.3457582e-18  1.8844694e-17 
3.059334e-17   1.7585886e-17 
4.4803893e-17  1.4998884e-17 

CM Pos
7.4983394      0.014295269   
7.5016901      0.010785218   
7.5002985      0.014873064   
12.990586      0.011866817   

Stress
20.3321      0.00223382   -0.00655509   0.150357     0.0691124    0.0635026   
0.00223382   20.3444      -0.0269979    0.0691124    0.174029     0.060964    
-0.00655509  -0.0269979   20.3122       0.0635026    0.060964     0.120936    

Stress Spherical
0            0            0             0            0            0           
0            0            0             0            0            0           
0            0            0             0            0            0           

Inertia
149.908      -56.2319     -56.2416      0.28324      0.123217     0.13597     
-56.2319     149.866      -56.2703      0.123217     0.301999     0.148782    
-56.2416     -56.2703     149.889       0.13597      0.148782     0.384644    

Bond Length
0.61995499    0.0042857045

BB bond length
0.61995499    0.0042857045

Water EE distance
0             0           

PEG EE distance
6.8809873     0.17430244  

BBB P2(x)
0.53421531    0.014253491 

BBB first bond length
0.62004534    0.0047221671

BBB second bond length
0.62000845    0.004614276 

BBB <phi**2>/<phi>**2
1.2338423     0.0061673901

