Time = 1000
Temperature
    1.088431    0.11894714

Pressure
   23.780489    0.62686297

CM Mom
-5.921651e-17  3.0485756e-17 
-1.6030325e-17 2.5351533e-17 
-6.8794843e-17 2.8921543e-16 
2.2604418e-16  2.0644121e-16 

CM Pos
7.5095132      0.025589304   
7.4960004      0.028889843   
7.4950675      0.026321734   
12.990792      0.018773619   

Stress
20.5295      0.0203917    0.0228004     0.319413     0.0966951    0.0495552   
0.0203917    20.4617      0.0244189     0.0966951    0.249923     0.0509865   
0.0228004    0.0244189    20.5554       0.0495552    0.0509865    0.293839    

Stress Spherical
0            0            0             0            0            0           
0            0            0             0            0            0           
0            0            0             0            0            0           

Inertia
149.956      -56.257      -56.295       1.18746      0.231683     0.336949    
-56.257      150.171      -56.1885      0.231683     1.69815      0.146765    
-56.295      -56.1885     150.185       0.336949     0.146765     1.14451     

Bond Length
0.6188014     0.006157602 

BB bond length
0.6188014     0.006157602 

Water EE distance
0             0           

PEG EE distance
6.9796439     0.2230239   

BBB P2(x)
0.46726266    0.066100771 

BBB first bond length
0.61876513    0.0061304638

BBB second bond length
0.61879974    0.0060872071

BBB <phi**2>/<phi>**2
1.2149539     0.016613868 

Time = 2000
Temperature
1.0121758     0.0062324463

Pressure
23.38145      0.094916278 

CM Mom
-7.8639792e-17 2.0340451e-17 
-9.2869048e-18 2.4947212e-17 
-2.9482211e-17 3.6003294e-17 
9.4348663e-17  2.3881553e-17 

CM Pos
7.5021051      0.010507029   
7.5047421      0.018546406   
7.5008459      0.014819241   
12.994836      0.018389631   

Stress
20.3427      0.0178633    0.0210186     0.145529     0.0494741    0.0978849   
0.0178633    20.3365      0.0489052     0.0494741    0.074444     0.0851662   
0.0210186    0.0489052    20.3565       0.0978849    0.0851662    0.114483    

Stress Spherical
0            0            0             0            0            0           
0            0            0             0            0            0           
0            0            0             0            0            0           

Inertia
149.976      -56.2949     -56.2335      0.360972     0.165161     0.195409    
-56.2949     149.944      -56.25        0.165161     0.45365      0.212301    
-56.2335     -56.25       150.009       0.195409     0.212301     0.298838    

Bond Length
0.61819347    0.0024135115

BB bond length
0.61819347    0.0024135115

Water EE distance
0             0           

PEG EE distance
7.1188121     0.15143134  

BBB P2(x)
0.50754292    0.012703194 

BBB first bond length
0.61807646    0.0024087778

BBB second bond length
0.61810517    0.002504341 

BBB <phi**2>/<phi>**2
1.223926      0.011508508 

