Time = 1000
Temperature
   1.0246077   0.029006923

Pressure
   23.756483   0.043104788

CM Mom
2.6890064e-17  1.7864303e-17 
-2.0956501e-17 1.542815e-17  
-3.6662911e-18 2.4624928e-17 
4.6870579e-17  1.1932694e-17 

CM Pos
7.5092173      0.013647875   
7.5036155      0.013205618   
7.4965215      0.019117592   
12.995807      0.012676168   

Stress
20.7221      -0.0129486   -0.0209487    0.125621     0.0608332    0.0587845   
-0.0129486   20.7031      -0.00494521   0.0608332    0.0936177    0.0852542   
-0.0209487   -0.00494521  20.6237       0.0587845    0.0852542    0.108116    

Stress Spherical
0            0            0             0            0            0           
0            0            0             0            0            0           
0            0            0             0            0            0           

Inertia
150.01       -56.3104     -56.2853      0.356105     0.151054     0.170187    
-56.3104     150.077      -56.2405      0.151054     0.24833      0.214527    
-56.2853     -56.2405     150.18        0.170187     0.214527     0.242587    

Bond Length
0.5615621     0.028726242 

BB bond length
0.5615621     0.028726242 

Water EE distance
0             0           

PEG EE distance
2.2723267     0.71086487  

Time = 2000
Temperature
1.0087084     0.0075475118

Pressure
23.677654     0.096293907 

CM Mom
2.6893217e-17  1.7651022e-17 
-5.8989645e-17 1.9677841e-17 
-4.1841722e-18 4.2014417e-17 
8.0018272e-17  1.6780765e-17 

CM Pos
7.4976606      0.0097618924  
7.4975408      0.0099224826  
7.5017072      0.0071732824  
12.988602      0.010541999   

Stress
20.6811      -0.0221863   0.00428999    0.130153     0.0810316    0.0568337   
-0.0221863   20.6713      0.0512        0.0810316    0.158941     0.073887    
0.00428999   0.0512       20.6031       0.0568337    0.073887     0.105263    

Stress Spherical
0            0            0             0            0            0           
0            0            0             0            0            0           
0            0            0             0            0            0           

Inertia
149.979      -56.2106     -56.224       0.269581     0.145765     0.123275    
-56.2106     149.973      -56.2283      0.145765     0.226086     0.142837    
-56.224      -56.2283     149.925       0.123275     0.142837     0.225012    

Bond Length
0.5718915     0.021591835 

BB bond length
0.5718915     0.021591835 

Water EE distance
0             0           

PEG EE distance
2.5028813     0.86207091  

Time = 3000
Temperature
1.0060338     0.0080086004

Pressure
23.778382     0.076161044 

CM Mom
8.1843856e-18  1.7545265e-17 
-2.8248234e-17 2.8224029e-17 
-3.0820642e-17 1.3210702e-17 
5.1835229e-17  2.0172325e-17 

CM Pos
7.4976606      0.0085640138  
7.4973926      0.014167957   
7.4982995      0.015756191   
12.986555      0.01461159    

Stress
20.7516      0.0308811    -0.00182465   0.117333     0.0709361    0.0797485   
0.0308811    20.7262      0.0184641     0.0709361    0.0612968    0.0598889   
-0.00182465  0.0184641    20.804        0.0797485    0.0598889    0.122161    

Stress Spherical
0            0            0             0            0            0           
0            0            0             0            0            0           
0            0            0             0            0            0           

Inertia
149.939      -56.2422     -56.2275      0.360404     0.133171     0.169723    
-56.2422     149.936      -56.2221      0.133171     0.31689      0.147189    
-56.2275     -56.2221     149.933       0.169723     0.147189     0.302194    

Bond Length
0.57651153    0.036369926 

BB bond length
0.57651153    0.036369926 

Water EE distance
0             0           

PEG EE distance
2.5490676     0.86422696  

