Time = 1000
Temperature
   1.0449646   0.048243546

Pressure
   23.664599    0.21465442

CM Mom
-4.8393774e-18 1.8328321e-17 
2.6934414e-17  2.8534464e-17 
-2.5852666e-17 4.7655569e-17 
6.4603916e-17  2.5783188e-17 

CM Pos
7.5029502      0.026541555   
7.4921912      0.040553485   
7.5041242      0.034759199   
12.990072      0.025652155   

Stress
20.493       -0.0189686   -0.000863761  0.0677036    0.0946074    0.0642384   
-0.0189686   20.5589      0.00131828    0.0946074    0.136599     0.0481454   
-0.000863761 0.00131828   20.5529       0.0642384    0.0481454    0.187587    

Stress Spherical
0            0            0             0            0            0           
0            0            0             0            0            0           
0            0            0             0            0            0           

Inertia
149.95       -56.2139     -56.3103      0.535823     0.512545     0.202901    
-56.2139     150.082      -56.2394      0.512545     0.650362     0.202923    
-56.3103     -56.2394     149.931       0.202901     0.202923     0.515967    

Bond Length
0.61871864    0.0056855875

BB bond length
0.61871864    0.0056855875

Water EE distance
0             0           

PEG EE distance
6.3960308     0.27954099  

BBB P2(x)
0.48017069    0.066475841 

BBB first bond length
0.61881859    0.005663678 

BBB second bond length
0.61838923    0.0056515957

BBB <phi**2>/<phi>**2
1.2203876     0.019742029 

Time = 2000
Temperature
1.0091099     0.0039744855

Pressure
23.536627     0.087967743 

CM Mom
-1.8153706e-17 2.4884697e-17 
4.7018489e-17  2.3089603e-17 
-1.8502573e-17 2.1884636e-17 
6.5687645e-17  1.4109892e-17 

CM Pos
7.5048793      0.019662503   
7.5094053      0.025036522   
7.4935879      0.023097125   
12.994978      0.018529401   

Stress
20.5225      -0.0253857   -0.0273999    0.121678     0.0960207    0.0538714   
-0.0253857   20.5139      -0.0316387    0.0960207    0.134152     0.0703556   
-0.0273999   -0.0316387   20.5067       0.0538714    0.0703556    0.100041    

Stress Spherical
0            0            0             0            0            0           
0            0            0             0            0            0           
0            0            0             0            0            0           

Inertia
149.966      -56.3518     -56.2404      0.326546     0.317604     0.137704    
-56.3518     149.919      -56.2703      0.317604     0.373031     0.164739    
-56.2404     -56.2703     150.149       0.137704     0.164739     0.542774    

Bond Length
0.62053665    0.003681126 

BB bond length
0.62053665    0.003681126 

Water EE distance
0             0           

PEG EE distance
7.2028891     0.28572956  

BBB P2(x)
0.52875366    0.022928142 

BBB first bond length
0.62055846    0.0036446983

BBB second bond length
0.62038637    0.0035018013

BBB <phi**2>/<phi>**2
1.2337287     0.02117058  

