Time = 500
Temperature
   1.0429293   0.059613573

Pressure
   19.380769    0.27848063

CM Mom
-8.5251425e-18 6.2712243e-18 
-7.6785576e-18 1.9194251e-17 
-4.5053467e-17 2.743375e-17  
5.4825033e-17  1.7777152e-17 

CM Pos
7.4873601      0.022072256   
7.524318       0.026254758   
7.4919946      0.019667863   
12.992586      0.013803036   

Stress
16.2694      -0.0165013   -0.0116212    0.126884     0.0790814    0.0606415   
-0.0165013   16.2918      0.00376259    0.0790814    0.0879071    0.0746608   
-0.0116212   0.00376259   16.2078       0.0606415    0.0746608    0.171306    

Stress Spherical
0            0            0             0            0            0           
0            0            0             0            0            0           
0            0            0             0            0            0           

Inertia
149.083      -56.4366     -55.9848      0.79289      0.0417854    0.351292    
-56.4366     148.579      -56.3188      0.0417854    0.462129     0.111269    
-55.9848     -56.3188     149.137       0.351292     0.111269     0.694013    

Bond Length
0.61265745    0.0030410084

BB bond length
0.61265745    0.0030410084

Water EE distance
0             0           

PEG EE distance
3.8556655     0.10720162  

Time = 1000
Temperature
1.0116503     0.0053779787

Pressure
19.192704     0.059552891 

CM Mom
-2.3099633e-17 1.9792046e-17 
-2.7977928e-18 1.0770009e-17 
-3.4149981e-17 5.0645723e-18 
4.6291425e-17  9.9052501e-18 

CM Pos
7.5099098      0.018685447   
7.5269884      0.014086532   
7.5003024      0.011658718   
13.011891      0.014557071   

Stress
16.2537      -0.0315882   0.0316908     0.117164     0.0397006    0.117464    
-0.0315882   16.1203      0.0505643     0.0397006    0.122714     0.0721153   
0.0316908    0.0505643    16.1118       0.117464     0.0721153    0.0835289   

Stress Spherical
0            0            0             0            0            0           
0            0            0             0            0            0           
0            0            0             0            0            0           

Inertia
149.606      -56.5673     -56.2189      0.4738       0.176872     0.227801    
-56.5673     149.336      -56.5286      0.176872     0.387489     0.16417     
-56.2189     -56.5286     149.757       0.227801     0.16417      0.544899    

Bond Length
0.61343956    0.0014172268

BB bond length
0.61343956    0.0014172268

Water EE distance
0             0           

PEG EE distance
3.5401672     0.11291777  

