Time = 1000
Temperature
   1.1069567    0.13881837

Pressure
   23.653645    0.68960194

CM Mom
-7.7498058e-18 3.4369684e-17 
1.359523e-16   3.9130789e-17 
1.3653583e-16  2.8990257e-16 
2.8202164e-16  2.1072471e-16 

CM Pos
7.501095       0.012520969   
7.502086       0.022637776   
7.497363       0.012460022   
12.990717      0.016038661   

Stress
20.3659      -0.0183114   -0.0178436    0.29252      0.0654155    0.0522229   
-0.0183114   20.3352      -0.0209296    0.0654155    0.261846     0.0633579   
-0.0178436   -0.0209296   20.3238       0.0522229    0.0633579    0.345279    

Stress Spherical
0            0            0             0            0            0           
0            0            0             0            0            0           
0            0            0             0            0            0           

Inertia
150.111      -56.2836     -56.253       1.11498      0.161899     0.143083    
-56.2836     150.086      -56.2652      0.161899     1.26922      0.194638    
-56.253      -56.2652     150.159       0.143083     0.194638     1.09889     

Bond Length
0.62108359    0.0077079506

BB bond length
0.62108359    0.0077079506

Water EE distance
0             0           

PEG EE distance
7.0319268     0.13428494  

BBB P2(x)
0.47826251    0.058573277 

BBB first bond length
0.62084303    0.0076552369

BBB second bond length
0.6211024     0.0079017505

BBB <phi**2>/<phi>**2
1.2236388     0.012574123 

Time = 2000
Temperature
1.0147508     0.0085961342

Pressure
23.233809     0.096983981 

CM Mom
-2.504145e-17  1.7749493e-17 
1.1551204e-16  2.29062e-17   
-7.0348208e-18 3.4734481e-17 
1.240218e-16   2.6161222e-17 

CM Pos
7.4988668      0.010545597   
7.5010461      0.016471677   
7.4995912      0.0093488526  
12.990108      0.011764839   

Stress
20.2044      -0.00960465  -0.00507037   0.105071     0.0799859    0.0593909   
-0.00960465  20.1852      -0.00720515   0.0799859    0.101572     0.0544288   
-0.00507037  -0.00720515  20.2034       0.0593909    0.0544288    0.102301    

Stress Spherical
0            0            0             0            0            0           
0            0            0             0            0            0           
0            0            0             0            0            0           

Inertia
149.878      -56.255      -56.256       0.448037     0.164341     0.0714992   
-56.255      149.854      -56.2294      0.164341     0.338811     0.145859    
-56.256      -56.2294     149.865       0.0714992    0.145859     0.384886    

Bond Length
0.61859678    0.0020443865

BB bond length
0.61859678    0.0020443865

Water EE distance
0             0           

PEG EE distance
6.9479829     0.11303415  

BBB P2(x)
0.51501153    0.0092130495

BBB first bond length
0.61848754    0.0019149226

BBB second bond length
0.61859509    0.0023027226

BBB <phi**2>/<phi>**2
1.2292242     0.0071896979

