Time = 1000
Temperature
   1.0780654   0.094244993

Pressure
   23.706833    0.52780927

CM Mom
5.3575616e-17  2.5208864e-17 
2.2038981e-17  1.5510517e-17 
-9.8338822e-17 1.5023469e-16 
1.5612813e-16  1.099869e-16  

CM Pos
7.4968244      0.019476006   
7.5000186      0.020408563   
7.499954       0.015695578   
12.988561      0.01728058    

Stress
20.49        0.0301144    -0.011959     0.28949      0.048471     0.0603066   
0.0301144    20.4417      -0.00681793   0.048471     0.269477     0.0421021   
-0.011959    -0.00681793  20.4967       0.0603066    0.0421021    0.258955    

Stress Spherical
0            0            0             0            0            0           
0            0            0             0            0            0           
0            0            0             0            0            0           

Inertia
150.076      -56.2362     -56.2201      1.48453      0.146695     0.219974    
-56.2362     150.011      -56.2557      0.146695     0.991888     0.268593    
-56.2201     -56.2557     150.008       0.219974     0.268593     1.15401     

Bond Length
0.61947405    0.0055573159

BB bond length
0.61947405    0.0055573159

Water EE distance
0             0           

PEG EE distance
7.0116279     0.14554661  

BBB P2(x)
0.47467187    0.054579418 

BBB first bond length
0.61946078    0.0055853334

BBB second bond length
0.61916684    0.0056809725

BBB <phi**2>/<phi>**2
1.2231636     0.010082758 

Time = 2000
Temperature
1.014886      0.0051853515

Pressure
23.312808     0.087584614 

CM Mom
5.1835198e-17  1.3452787e-17 
4.153457e-17   1.4724152e-17 
-2.2871868e-17 2.4462763e-17 
7.5741904e-17  1.3946302e-17 

CM Pos
7.5048331      0.012093346   
7.4988322      0.015142079   
7.5017337      0.01586008    
12.993512      0.016823264   

Stress
20.3247      -0.00547533  -0.0216414    0.130644     0.0705246    0.0595482   
-0.00547533  20.2509      0.0021068     0.0705246    0.144074     0.0741428   
-0.0216414   0.0021068    20.2388       0.0595482    0.0741428    0.0828005   

Stress Spherical
0            0            0             0            0            0           
0            0            0             0            0            0           
0            0            0             0            0            0           

Inertia
149.899      -56.2693     -56.2724      0.348517     0.17866      0.190052    
-56.2693     149.982      -56.243       0.17866      0.395631     0.155895    
-56.2724     -56.243      149.935       0.190052     0.155895     0.424042    

Bond Length
0.62037751    0.0015706134

BB bond length
0.62037751    0.0015706134

Water EE distance
0             0           

PEG EE distance
6.9164572     0.068424464 

BBB P2(x)
0.50059032    0.010770057 

BBB first bond length
0.62033164    0.0016421361

BBB second bond length
0.62053388    0.0016672999

BBB <phi**2>/<phi>**2
1.2264071     0.0096792807

