Time = 1000
Temperature
   1.1317915    0.18050178

Pressure
   23.703255    0.88577819

CM Mom
2.4211318e-18  1.5511243e-17 
5.3411775e-17  3.6847019e-17 
3.3339086e-17  3.4377429e-16 
2.3898889e-16  2.5813475e-16 

CM Pos
7.505795       0.025894352   
7.4956507      0.013337445   
7.5051625      0.03772866    
12.994239      0.035009025   

Stress
20.3204      0.00915456   -0.0698696    0.336519     0.0816575    0.0737359   
0.00915456   20.2768      -0.0413204    0.0816575    0.400365     0.0559401   
-0.0698696   -0.0413204   20.3416       0.0737359    0.0559401    0.39325     

Stress Spherical
0            0            0             0            0            0           
0            0            0             0            0            0           
0            0            0             0            0            0           

Inertia
150.15       -56.2912     -56.356       1.91931      0.198264     0.481628    
-56.2912     150.292      -56.2709      0.198264     2.21612      0.300033    
-56.356      -56.2709     150.15        0.481628     0.300033     1.69931     

Bond Length
0.61956582    0.0069959088

BB bond length
0.61956582    0.0069959088

Water EE distance
0             0           

PEG EE distance
6.8568689     0.26790138  

BBB P2(x)
0.47387124    0.068256267 

BBB first bond length
0.61948665    0.007107846 

BBB second bond length
0.61952066    0.0069619389

BBB <phi**2>/<phi>**2
1.2239214     0.013631054 

Time = 2000
Temperature
1.0137858     0.010464705 

Pressure
23.141403     0.086968233 

CM Mom
4.0757594e-18  2.1901254e-17 
8.3645586e-17  1.8013025e-17 
-3.9645724e-17 6.9320727e-17 
1.1586006e-16  2.7765493e-17 

CM Pos
7.5010472      0.015301333   
7.5011403      0.013418895   
7.5036788      0.0077151335  
12.993781      0.012294617   

Stress
20.02        -0.0447415   -0.00969492   0.101909     0.0614127    0.0461535   
-0.0447415   20.1205      0.0101088     0.0614127    0.141779     0.0851277   
-0.00969492  0.0101088    20.1732       0.0461535    0.0851277    0.114218    

Stress Spherical
0            0            0             0            0            0           
0            0            0             0            0            0           
0            0            0             0            0            0           

Inertia
149.948      -56.3176     -56.2673      0.21843      0.190174     0.133787    
-56.3176     149.935      -56.266       0.190174     0.333832     0.0932846   
-56.2673     -56.266      149.895       0.133787     0.0932846    0.441156    

Bond Length
0.61821371    0.0024394236

BB bond length
0.61821371    0.0024394236

Water EE distance
0             0           

PEG EE distance
7.5020477     0.12068112  

BBB P2(x)
0.51925385    0.0085060957

BBB first bond length
0.61812314    0.0027654577

BBB second bond length
0.61804631    0.0023308161

BBB <phi**2>/<phi>**2
1.2274583     0.0067829919

