Time = 500
Temperature
   1.0350606    0.04622572

Pressure
   20.848574    0.11777552

CM Mom
1.0904721e-17  2.8366034e-17 
1.5038156e-17  2.948185e-17  
-4.9403169e-17 4.9121357e-17 
7.2359622e-17  4.0454126e-17 

CM Pos
7.5044048      0.016798832   
7.4874703      0.052426257   
7.5024241      0.026904939   
12.987225      0.019971138   

Stress
17.7332      -0.0471924   -0.00102678   0.120426     0.0588111    0.0905408   
-0.0471924   17.7323      -0.0366558    0.0588111    0.053747     0.0416252   
-0.00102678  -0.0366558   17.7711       0.0905408    0.0416252    0.0972752   

Stress Spherical
0            0            0             0            0            0           
0            0            0             0            0            0           
0            0            0             0            0            0           

Inertia
148.977      -56.0316     -56.2427      0.565421     0.377243     0.227526    
-56.0316     149.031      -56.2444      0.377243     0.565186     0.295611    
-56.2427     -56.2444     148.842       0.227526     0.295611     0.658432    

Bond Length
0.61451766    0.003071716 

BB bond length
0.61451766    0.003071716 

Water EE distance
0             0           

PEG EE distance
3.523544      0.039148549 

Time = 1000
Temperature
1.0120245     0.0092383787

Pressure
20.843326     0.12341972  

CM Mom
1.5478164e-17  1.6066263e-17 
3.3960667e-19  2.0003308e-17 
-1.5376117e-17 1.4172516e-17 
3.5173154e-17  9.9035586e-18 

CM Pos
7.5011433      0.011267049   
7.5206784      0.023282432   
7.5080576      0.011406632   
13.007663      0.01325706    

Stress
17.8704      0.0380676    0.0333052     0.186108     0.0570453    0.0939005   
0.0380676    17.7969      -0.0700016    0.0570453    0.114679     0.0808178   
0.0333052    -0.0700016   17.7608       0.0939005    0.0808178    0.0923682   

Stress Spherical
0            0            0             0            0            0           
0            0            0             0            0            0           
0            0            0             0            0            0           

Inertia
149.749      -56.3045     -56.3532      0.222397     0.280549     0.10714     
-56.3045     149.305      -56.4617      0.280549     0.195393     0.234279    
-56.3532     -56.4617     149.499       0.10714      0.234279     0.322705    

Bond Length
0.61034847    0.0038129177

BB bond length
0.61034847    0.0038129177

Water EE distance
0             0           

PEG EE distance
3.5614013     0.061476033 

