Time = 1000
Temperature
   1.1073168    0.13861666

Pressure
   23.787479    0.66367833

CM Mom
2.1723633e-17  2.0801728e-17 
2.4709647e-17  3.0546248e-17 
5.0964743e-18  2.8196871e-16 
2.2003899e-16  1.8320327e-16 

CM Pos
7.501254       0.013917436   
7.5011382      0.014617026   
7.505055       0.018757275   
12.994697      0.018439803   

Stress
20.4902      -0.00525928  0.0104812     0.286145     0.0761696    0.111689    
-0.00525928  20.4586      -0.0260657    0.0761696    0.283851     0.114002    
0.0104812    -0.0260657   20.4508       0.111689     0.114002     0.247964    

Stress Spherical
0            0            0             0            0            0           
0            0            0             0            0            0           
0            0            0             0            0            0           

Inertia
150.203      -56.2809     -56.3034      1.56039      0.238114     0.2317      
-56.2809     150.202      -56.3029      0.238114     1.54412      0.154382    
-56.3034     -56.3029     150.15        0.2317       0.154382     1.50181     

Bond Length
0.61967439    0.0049977781

BB bond length
0.61967439    0.0049977781

Water EE distance
0             0           

PEG EE distance
7.0597855     0.1486359   

BBB P2(x)
0.48995103    0.055038012 

BBB first bond length
0.61987068    0.005217263 

BBB second bond length
0.61954842    0.00518338  

BBB <phi**2>/<phi>**2
1.2266209     0.011640455 

Time = 2000
Temperature
1.0095843     0.009901299 

Pressure
23.24017      0.066944716 

CM Mom
2.437511e-17   1.9157546e-17 
3.1152083e-17  2.0563242e-17 
-1.5190159e-17 5.6956508e-17 
6.2674083e-17  4.3602762e-17 

CM Pos
7.4996239      0.013987478   
7.5012864      0.019378626   
7.4933478      0.012588477   
12.987089      0.012526488   

Stress
20.1866      0.0167836    0.0142749     0.106613     0.0352456    0.0478542   
0.0167836    20.2211      0.0178324     0.0352456    0.113636     0.0461419   
0.0142749    0.0178324    20.2292       0.0478542    0.0461419    0.11941     

Stress Spherical
0            0            0             0            0            0           
0            0            0             0            0            0           
0            0            0             0            0            0           

Inertia
149.789      -56.2499     -56.2256      0.4649       0.219669     0.112924    
-56.2499     149.771      -56.2333      0.219669     0.436673     0.140039    
-56.2256     -56.2333     149.889       0.112924     0.140039     0.597471    

Bond Length
0.61891501    0.001454442 

BB bond length
0.61891501    0.001454442 

Water EE distance
0             0           

PEG EE distance
7.3901803     0.20259621  

BBB P2(x)
0.51793515    0.013583631 

BBB first bond length
0.61901153    0.0016437675

BBB second bond length
0.61902892    0.0012558644

BBB <phi**2>/<phi>**2
1.2297932     0.013899254 

Time = 3000
Temperature
1.0115267     0.008096784 

Pressure
23.287448     0.089929727 

CM Mom
5.256147e-17   1.6271294e-17 
6.0339996e-18  1.3298425e-17 
-8.3000743e-18 2.6446071e-17 
6.0644057e-17  1.8201775e-17 

CM Pos
7.4990311      0.010935128   
7.4904683      0.018932079   
7.4976453      0.0111302     
12.982974      0.016393291   

Stress
20.2329      0.00607236   0.0168917     0.10854      0.0674401    0.114693    
0.00607236   20.2809      -0.00786408   0.0674401    0.11313      0.0540509   
0.0168917    -0.00786408  20.2475       0.114693     0.0540509    0.131922    

Stress Spherical
0            0            0             0            0            0           
0            0            0             0            0            0           
0            0            0             0            0            0           

Inertia
149.787      -56.1658     -56.2409      0.29735      0.194342     0.199837    
-56.1658     149.904      -56.1934      0.194342     0.248234     0.137884    
-56.2409     -56.1934     149.799       0.199837     0.137884     0.377566    

Bond Length
0.61851025    0.002256786 

BB bond length
0.61851025    0.002256786 

Water EE distance
0             0           

PEG EE distance
7.5546965     0.1044981   

BBB P2(x)
0.52068731    0.008340646 

BBB first bond length
0.61856958    0.0022458448

BBB second bond length
0.61855099    0.0020455356

BBB <phi**2>/<phi>**2
1.2262087     0.011455014 

Time = 4000
Temperature
1.008605      0.009828413 

Pressure
23.280914     0.066297954 

CM Mom
4.8592275e-17  2.725661e-17  
1.447968e-17   1.5799086e-17 
-1.133147e-17  1.7921567e-17 
5.7691383e-17  2.6166644e-17 

CM Pos
7.4954745      0.015306884   
7.5027683      0.022833121   
7.5013502      0.014904909   
12.990174      0.016503934   

Stress
20.1773      -0.0199147   -0.0169054    0.112415     0.0657613    0.0752829   
-0.0199147   20.3121      0.0397542     0.0657613    0.0966443    0.0564823   
-0.0169054   0.0397542    20.2786       0.0752829    0.0564823    0.159049    

Stress Spherical
0            0            0             0            0            0           
0            0            0             0            0            0           
0            0            0             0            0            0           

Inertia
150.035      -56.2467     -56.2346      0.434262     0.239428     0.157541    
-56.2467     149.894      -56.2644      0.239428     0.219436     0.253244    
-56.2346     -56.2644     149.944       0.157541     0.253244     0.405293    

Bond Length
0.61875437    0.0015033194

BB bond length
0.61875437    0.0015033194

Water EE distance
0             0           

PEG EE distance
7.4133889     0.19937908  

BBB P2(x)
0.51991453    0.0094949332

BBB first bond length
0.61881817    0.0012477675

BBB second bond length
0.61876753    0.0017137485

BBB <phi**2>/<phi>**2
1.2253181     0.006753532 

Time = 5000
Temperature
1.007846      0.0055173268

Pressure
23.229993     0.08521007  

CM Mom
1.7511075e-17  1.1376291e-17 
5.2820873e-17  2.8006156e-17 
-2.8832674e-17 1.2446757e-17 
6.875262e-17   1.6424654e-17 

CM Pos
7.4917697      0.014492547   
7.4959515      0.023423722   
7.4979417      0.0089763294  
12.98213       0.013048036   

Stress
20.2437      -0.0179674   0.00612685    0.112464     0.0607223    0.0680754   
-0.0179674   20.1892      0.00841544    0.0607223    0.0929783    0.062656    
0.00612685   0.00841544   20.1891       0.0680754    0.062656     0.107366    

Stress Spherical
0            0            0             0            0            0           
0            0            0             0            0            0           
0            0            0             0            0            0           

Inertia
149.851      -56.1905     -56.1727      0.44669      0.147795     0.159891    
-56.1905     149.788      -56.2027      0.147795     0.298596     0.19124     
-56.1727     -56.2027     149.772       0.159891     0.19124      0.362489    

Bond Length
0.61777767    0.0028983911

BB bond length
0.61777767    0.0028983911

Water EE distance
0             0           

PEG EE distance
7.3597718     0.14197308  

BBB P2(x)
0.51529854    0.0082415011

BBB first bond length
0.61771313    0.0025897366

BBB second bond length
0.61765054    0.0027696657

BBB <phi**2>/<phi>**2
1.2291873     0.0065384218

Time = 6000
Temperature
1.0137491     0.0087355396

Pressure
23.291628     0.10116135  

CM Mom
1.3884095e-17  1.6350555e-17 
7.8501567e-17  1.5245717e-17 
-3.1950446e-17 2.7089761e-17 
9.1361993e-17  1.6208305e-17 

CM Pos
7.5043661      0.011352904   
7.4946177      0.018911188   
7.5032766      0.02010448    
12.991696      0.026130526   

Stress
20.211       -0.0356588   -0.0202956    0.0895353    0.0526174    0.0951396   
-0.0356588   20.2678      0.0539635     0.0526174    0.154817     0.0884198   
-0.0202956   0.0539635    20.275        0.0951396    0.0884198    0.139245    

Stress Spherical
0            0            0             0            0            0           
0            0            0             0            0            0           
0            0            0             0            0            0           

Inertia
149.944      -56.2418     -56.3407      0.653288     0.194632     0.245614    
-56.2418     150.096      -56.2738      0.194632     0.466891     0.3215      
-56.3407     -56.2738     149.98        0.245614     0.3215       0.430823    

Bond Length
0.61745415    0.0024299721

BB bond length
0.61745415    0.0024299721

Water EE distance
0             0           

PEG EE distance
7.2534735     0.15066657  

BBB P2(x)
0.51188267    0.01052261  

BBB first bond length
0.61753749    0.0023557596

BBB second bond length
0.61738075    0.0026919272

BBB <phi**2>/<phi>**2
1.2261043     0.0068276497

Time = 7000
Temperature
1.0122359     0.0061711118

Pressure
23.243498     0.087218932 

CM Mom
3.113467e-17   2.0463439e-17 
4.7370942e-17  2.7905916e-17 
-1.2277222e-17 1.713818e-17  
6.6087686e-17  2.2084643e-17 

CM Pos
7.5014022      0.010190831   
7.4934322      0.018804048   
7.5017947      0.012561408   
12.988457      0.009220307   

Stress
20.2045      0.0029284    -0.0324312    0.128398     0.0687339    0.0362932   
0.0029284    20.1983      0.0462998     0.0687339    0.0790195    0.0910725   
-0.0324312   0.0462998    20.2203       0.0362932    0.0910725    0.0914753   

Stress Spherical
0            0            0             0            0            0           
0            0            0             0            0            0           
0            0            0             0            0            0           

Inertia
149.911      -56.1912     -56.2709      0.366421     0.0989495    0.0661564   
-56.1912     150.012      -56.2396      0.0989495    0.189534     0.176761    
-56.2709     -56.2396     149.898       0.0661564    0.176761     0.217698    

Bond Length
0.6182406     0.0018529055

BB bond length
0.6182406     0.0018529055

Water EE distance
0             0           

PEG EE distance
7.4220405     0.18767115  

BBB P2(x)
0.50230641    0.0084927145

BBB first bond length
0.61827138    0.0018430561

BBB second bond length
0.61832421    0.001978451 

BBB <phi**2>/<phi>**2
1.2243763     0.0041215694

Time = 8000
Temperature
1.007927      0.0075251955

Pressure
23.309994     0.12068571  

CM Mom
3.8784592e-17  1.9307313e-17 
7.5847691e-17  1.3559314e-17 
-2.8466329e-17 1.8982864e-17 
9.3004072e-17  1.8293923e-17 

CM Pos
7.4926589      0.0084300312  
7.494025       0.013361139   
7.5014983      0.017572479   
12.983579      0.0079022411  

Stress
20.2631      0.0220991    -0.0170487    0.13081      0.0657145    0.0855089   
0.0220991    20.2497      -0.0160913    0.0657145    0.114986     0.0935624   
-0.0170487   -0.0160913   20.3486       0.0855089    0.0935624    0.128029    

Stress Spherical
0            0            0             0            0            0           
0            0            0             0            0            0           
0            0            0             0            0            0           

Inertia
149.929      -56.1586     -56.2         0.211204     0.111845     0.141771    
-56.1586     149.889      -56.203       0.111845     0.240213     0.135878    
-56.2        -56.203      149.795       0.141771     0.135878     0.244861    

Bond Length
0.61903169    0.0025045702

BB bond length
0.61903169    0.0025045702

Water EE distance
0             0           

PEG EE distance
7.0597658     0.067200983 

BBB P2(x)
0.50366638    0.0069569929

BBB first bond length
0.61888271    0.0027583588

BBB second bond length
0.61891685    0.0025218293

BBB <phi**2>/<phi>**2
1.2213754     0.0061821504

Time = 9000
Temperature
1.0074547     0.0055134616

Pressure
23.291454     0.079357929 

CM Mom
4.2842768e-17  1.19438e-17   
6.2770597e-17  2.7914252e-17 
-5.4188086e-17 1.387362e-17  
9.7290737e-17  1.8996026e-17 

CM Pos
7.5045143      0.010640974   
7.4995081      0.012623319   
7.5016465      0.015417673   
12.993665      0.015143723   

Stress
20.2204      0.0590626    -0.0162783    0.156576     0.0492602    0.0610633   
0.0590626    20.2922      -0.0195198    0.0492602    0.100118     0.0743706   
-0.0162783   -0.0195198   20.2974       0.0610633    0.0743706    0.121117    

Stress Spherical
0            0            0             0            0            0           
0            0            0             0            0            0           
0            0            0             0            0            0           

Inertia
150.025      -56.303      -56.3159      0.339927     0.18829      0.153988    
-56.303      150.077      -56.2493      0.18829      0.295413     0.185117    
-56.3159     -56.2493     150.059       0.153988     0.185117     0.2849      

Bond Length
0.61801598    0.0016228413

BB bond length
0.61801598    0.0016228413

Water EE distance
0             0           

PEG EE distance
7.2000954     0.13185597  

BBB P2(x)
0.51287764    0.013284956 

BBB first bond length
0.61796973    0.0018507227

BBB second bond length
0.61807019    0.001687842 

BBB <phi**2>/<phi>**2
1.2245856     0.010392243 

Time = 10000
Temperature
1.0137713     0.0096289979

Pressure
23.287485     0.07189921  

CM Mom
2.0839715e-17  2.3582251e-17 
7.0034979e-17  2.6843153e-17 
-5.934187e-17  2.1931826e-17 
1.0068833e-16  2.1913302e-17 

CM Pos
7.5054034      0.013448786   
7.4984707      0.016941276   
7.4948297      0.013333992   
12.989652      0.014249843   

Stress
20.1697      0.0237888    -0.00280226   0.102893     0.0788785    0.0954864   
0.0237888    20.3324      0.003363      0.0788785    0.0882339    0.102887    
-0.00280226  0.003363     20.2391       0.0954864    0.102887     0.133021    

Stress Spherical
0            0            0             0            0            0           
0            0            0             0            0            0           
0            0            0             0            0            0           

Inertia
149.904      -56.2907     -56.2306      0.265247     0.182538     0.122913    
-56.2907     149.972      -56.2084      0.182538     0.233305     0.154446    
-56.2306     -56.2084     150.021       0.122913     0.154446     0.286707    

Bond Length
0.61859824    0.0028340956

BB bond length
0.61859824    0.0028340956

Water EE distance
0             0           

PEG EE distance
7.0690382     0.13662404  

BBB P2(x)
0.51627542    0.0066482935

BBB first bond length
0.61836793    0.0027804846

BBB second bond length
0.61863631    0.0030282783

BBB <phi**2>/<phi>**2
1.2272505     0.0094953903

Time = 11000
Temperature
1.0109271     0.0067777035

Pressure
23.2829       0.10742708  

CM Mom
3.9596563e-17  2.3509293e-17 
6.3203849e-17  2.4479516e-17 
-5.8079132e-17 1.5696251e-17 
1.0054193e-16  1.5014189e-17 

CM Pos
7.4985866      0.013432447   
7.5008418      0.0080092289  
7.5037212      0.011026126   
12.992207      0.013849575   

Stress
20.2562      0.0569217    0.0357413     0.141096     0.0736779    0.0601098   
0.0569217    20.2475      0.0513101     0.0736779    0.120356     0.0553755   
0.0357413    0.0513101    20.2494       0.0601098    0.0553755    0.102962    

Stress Spherical
0            0            0             0            0            0           
0            0            0             0            0            0           
0            0            0             0            0            0           

Inertia
150.059      -56.2579     -56.3088      0.243799     0.141979     0.174648    
-56.2579     150.034      -56.2598      0.141979     0.299645     0.11034     
-56.3088     -56.2598     149.972       0.174648     0.11034      0.218992    

Bond Length
0.61774081    0.0029494767

BB bond length
0.61774081    0.0029494767

Water EE distance
0             0           

PEG EE distance
6.9884262     0.2632488   

BBB P2(x)
0.5110393     0.0096399323

BBB first bond length
0.61769407    0.0027253958

BBB second bond length
0.61787517    0.002894013 

BBB <phi**2>/<phi>**2
1.2291603     0.0089627307

Time = 12000
Temperature
1.0078116     0.0082058169

Pressure
23.258521     0.092760754 

CM Mom
7.4214631e-17  2.9432288e-17 
8.5891194e-17  2.1220682e-17 
-7.2033698e-17 1.4609287e-17 
1.3763809e-16  2.5685127e-17 

CM Pos
7.4972528      0.013933994   
7.5061767      0.016569038   
7.49972        0.013589301   
12.992222      0.010582134   

Stress
20.2154      0.0712239    -0.0344518    0.113552     0.036787     0.0572114   
0.0712239    20.2134      -0.0194834    0.036787     0.122823     0.0817253   
-0.0344518   -0.0194834   20.2791       0.0572114    0.0817253    0.133107    

Stress Spherical
0            0            0             0            0            0           
0            0            0             0            0            0           
0            0            0             0            0            0           

Inertia
150.095      -56.2893     -56.1992      0.313455     0.117589     0.152447    
-56.2893     149.958      -56.2606      0.117589     0.247735     0.171334    
-56.1992     -56.2606     150.053       0.152447     0.171334     0.329886    

Bond Length
0.61800194    0.0022413219

BB bond length
0.61800194    0.0022413219

Water EE distance
0             0           

PEG EE distance
6.7253334     0.15288193  

BBB P2(x)
0.51817972    0.0084131681

BBB first bond length
0.6180272     0.0024172878

BBB second bond length
0.61814801    0.002574771 

BBB <phi**2>/<phi>**2
1.2293555     0.0064165658

Time = 13000
Temperature
1.0131331     0.0066631421

Pressure
23.267809     0.079580724 

CM Mom
7.243761e-17   1.9175504e-17 
5.2352659e-17  1.8450411e-17 
-9.1496329e-17 1.8974189e-17 
1.3075903e-16  1.8160374e-17 

CM Pos
7.5074781      0.013755544   
7.5003972      0.0083093336  
7.5041658      0.015842694   
12.997346      0.014369151   

Stress
20.1951      -0.0243171   -0.0207462    0.104132     0.106656     0.0550791   
-0.0243171   20.2347      -0.0367564    0.106656     0.0996236    0.0797504   
-0.0207462   -0.0367564   20.2581       0.0550791    0.0797504    0.128424    

Stress Spherical
0            0            0             0            0            0           
0            0            0             0            0            0           
0            0            0             0            0            0           

Inertia
150.037      -56.3061     -56.3175      0.298271     0.149031     0.155841    
-56.3061     150.154      -56.3159      0.149031     0.309556     0.138811    
-56.3175     -56.3159     150.111       0.155841     0.138811     0.272864    

Bond Length
0.6185004     0.0025544862

BB bond length
0.6185004     0.0025544862

Water EE distance
0             0           

PEG EE distance
6.8972918     0.074203471 

BBB P2(x)
0.51241293    0.0089202529

BBB first bond length
0.6182469     0.0024907918

BBB second bond length
0.61860915    0.0026833806

BBB <phi**2>/<phi>**2
1.225098      0.0072967935

Time = 14000
Temperature
1.0137004     0.0075211824

Pressure
23.271244     0.091146424 

CM Mom
7.1335559e-17  1.8511874e-17 
1.2121882e-17  1.0565804e-17 
-1.279866e-16  2.9860229e-17 
1.4882483e-16  2.8520179e-17 

CM Pos
7.5064408      0.016209935   
7.4958033      0.012003557   
7.501202       0.015104689   
12.992383      0.019301014   

Stress
20.2146      -0.0409143   -0.0396176    0.116254     0.0881626    0.0687408   
-0.0409143   20.2361      -0.0215129    0.0881626    0.173125     0.0666248   
-0.0396176   -0.0215129   20.2425       0.0687408    0.0666248    0.113621    

Stress Spherical
0            0            0             0            0            0           
0            0            0             0            0            0           
0            0            0             0            0            0           

Inertia
149.942      -56.2772     -56.2916      0.314484     0.185208     0.269985    
-56.2772     150.123      -56.1963      0.185208     0.392109     0.123126    
-56.2916     -56.1963     150.033       0.269985     0.123126     0.331999    

Bond Length
0.6182248     0.0023102578

BB bond length
0.6182248     0.0023102578

Water EE distance
0             0           

PEG EE distance
7.0929916     0.25807868  

BBB P2(x)
0.51430362    0.0073438734

BBB first bond length
0.61817381    0.0025936649

BBB second bond length
0.61838342    0.0024943676

BBB <phi**2>/<phi>**2
1.2287455     0.0099551193

Time = 15000
Temperature
1.011651      0.0076477672

Pressure
23.218862     0.056579611 

CM Mom
1.0398305e-16  2.1217624e-17 
1.085928e-17   2.9047717e-17 
-1.3029792e-16 1.0628402e-17 
1.7048146e-16  1.584104e-17  

CM Pos
7.5034769      0.010813959   
7.4938768      0.016634517   
7.5053513      0.014159129   
12.99196       0.014776505   

Stress
20.1809      -0.00190115  0.034018      0.100154     0.042281     0.0669226   
-0.00190115  20.1824      0.0118011     0.042281     0.0641308    0.0818765   
0.034018     0.0118011    20.1912       0.0669226    0.0818765    0.122821    

Stress Spherical
0            0            0             0            0            0           
0            0            0             0            0            0           
0            0            0             0            0            0           

Inertia
149.996      -56.2615     -56.3766      0.337608     0.144923     0.133342    
-56.2615     150.146      -56.2247      0.144923     0.234634     0.196185    
-56.3766     -56.2247     149.978       0.133342     0.196185     0.335973    

Bond Length
0.61802462    0.0017160621

BB bond length
0.61802462    0.0017160621

Water EE distance
0             0           

PEG EE distance
7.3467118     0.12102531  

BBB P2(x)
0.51484901    0.0092443971

BBB first bond length
0.61793879    0.0015659962

BBB second bond length
0.61783829    0.0018481775

BBB <phi**2>/<phi>**2
1.2242975     0.0071612841

Time = 16000
Temperature
1.0172437     0.0076785455

Pressure
23.280881     0.08716039  

CM Mom
9.1627127e-17  1.9679253e-17 
-1.74938e-17   2.5498329e-17 
-1.0312312e-16 1.799353e-17  
1.4198059e-16  2.3209007e-17 

CM Pos
7.5009576      0.0087370498  
7.504843       0.013729976   
7.4982381      0.018215571   
12.99273       0.012907122   

Stress
20.2736      -0.00588512  0.0185995     0.10723      0.0767892    0.0618834   
-0.00588512  20.1733      0.000394516   0.0767892    0.122119     0.0741148   
0.0185995    0.000394516  20.2433       0.0618834    0.0741148    0.0989912   

Stress Spherical
0            0            0             0            0            0           
0            0            0             0            0            0           
0            0            0             0            0            0           

Inertia
150.05       -56.2959     -56.227       0.408995     0.126163     0.187558    
-56.2959     149.996      -56.2579      0.126163     0.291296     0.212352    
-56.227      -56.2579     150.087       0.187558     0.212352     0.154047    

Bond Length
0.6189417     0.0024446525

BB bond length
0.6189417     0.0024446525

Water EE distance
0             0           

PEG EE distance
7.3545592     0.1575121   

BBB P2(x)
0.51364706    0.0098575959

BBB first bond length
0.61877798    0.0024033295

BBB second bond length
0.61893854    0.0024999963

BBB <phi**2>/<phi>**2
1.2217723     0.0085599791

Time = 17000
Temperature
1.0103569     0.0081287671

Pressure
23.301754     0.084067599 

CM Mom
1.0076025e-16  1.4083628e-17 
-2.2690636e-17 1.7625625e-17 
-9.5204202e-17 2.2585757e-17 
1.4270515e-16  1.9639287e-17 

CM Pos
7.5002167      0.015809391   
7.5015827      0.010966212   
7.500461       0.011914494   
12.9917        0.01237743    

Stress
20.3154      -0.0201683   0.027186      0.123449     0.0482813    0.0667175   
-0.0201683   20.2004      0.0119266     0.0482813    0.0793334    0.0677377   
0.027186     0.0119266    20.299        0.0667175    0.0677377    0.0984005   

Stress Spherical
0            0            0             0            0            0           
0            0            0             0            0            0           
0            0            0             0            0            0           

Inertia
150.03       -56.2451     -56.2384      0.321483     0.173398     0.152786    
-56.2451     150.01       -56.2162      0.173398     0.237209     0.168157    
-56.2384     -56.2162     150.026       0.152786     0.168157     0.297486    

Bond Length
0.61810826    0.0015677221

BB bond length
0.61810826    0.0015677221

Water EE distance
0             0           

PEG EE distance
6.8228683     0.14663788  

BBB P2(x)
0.50051843    0.0063300224

BBB first bond length
0.61814937    0.0015370695

BBB second bond length
0.61809441    0.001443513 

BBB <phi**2>/<phi>**2
1.2276817     0.0051160404

Time = 18000
Temperature
1.007479      0.0063736738

Pressure
23.247518     0.071819853 

CM Mom
9.5201186e-17  1.279502e-17  
-2.658031e-17  1.3077548e-17 
-7.2762001e-17 1.3387386e-17 
1.2416443e-16  1.2697934e-17 

CM Pos
7.4971047      0.0099807103  
7.4999526      0.0083423047  
7.5111308      0.0061744714  
12.995118      0.0075984958  

Stress
20.2523      -0.0293124   0.0536939     0.105154     0.073998     0.083578    
-0.0293124   20.1943      0.01563       0.073998     0.0768676    0.0623205   
0.0536939    0.01563      20.2313       0.083578     0.0623205    0.100842    

Stress Spherical
0            0            0             0            0            0           
0            0            0             0            0            0           
0            0            0             0            0            0           

Inertia
150.169      -56.2147     -56.2758      0.18914      0.0839302    0.0980912   
-56.2147     150.122      -56.3229      0.0839302    0.166236     0.116496    
-56.2758     -56.3229     149.943       0.0980912    0.116496     0.142317    

Bond Length
0.61944992    0.002049635 

BB bond length
0.61944992    0.002049635 

Water EE distance
0             0           

PEG EE distance
7.1236865     0.13665441  

BBB P2(x)
0.51048891    0.011412778 

BBB first bond length
0.61938977    0.002085494 

BBB second bond length
0.61935905    0.002158051 

BBB <phi**2>/<phi>**2
1.223764      0.0090484355

Time = 19000
Temperature
1.0044128     0.0087363417

Pressure
23.253333     0.061250326 

CM Mom
9.8824944e-17  1.2620338e-17 
-3.9812058e-17 1.467312e-17  
-4.5823435e-17 3.2027386e-17 
1.2036318e-16  1.9083711e-17 

CM Pos
7.4968083      0.011030109   
7.50099        0.010176814   
7.5041658      0.015520598   
12.991529      0.010858333   

Stress
20.2732      0.0361869    0.0253926     0.123623     0.0432251    0.0510026   
0.0361869    20.2335      -0.023783     0.0432251    0.0982938    0.0456769   
0.0253926    -0.023783    20.2163       0.0510026    0.0456769    0.16709     

Stress Spherical
0            0            0             0            0            0           
0            0            0             0            0            0           
0            0            0             0            0            0           

Inertia
150.081      -56.255      -56.2639      0.234727     0.0936274    0.187524    
-56.255      150.037      -56.2883      0.0936274    0.211862     0.13766     
-56.2639     -56.2883     149.939       0.187524     0.13766      0.202187    

Bond Length
0.6186656     0.002661727 

BB bond length
0.6186656     0.002661727 

Water EE distance
0             0           

PEG EE distance
7.4272593     0.13102181  

BBB P2(x)
0.51313728    0.008695572 

BBB first bond length
0.61886082    0.0027258816

BBB second bond length
0.61866986    0.0029683577

BBB <phi**2>/<phi>**2
1.2292134     0.0083865525

Time = 20000
Temperature
1.0078785     0.0064453404

Pressure
23.241468     0.056049594 

CM Mom
1.0053595e-16  1.6147082e-17 
-4.3625228e-17 6.5612527e-18 
-1.5004793e-17 1.7087806e-17 
1.1231039e-16  1.4762425e-17 

CM Pos
7.4951782      0.012299941   
7.4943213      0.013105575   
7.5010538      0.01076817    
12.984934      0.016573783   

Stress
20.2355      0.0164347    0.0628349     0.107717     0.105741     0.0602627   
0.0164347    20.1981      -0.0105136    0.105741     0.100661     0.0362619   
0.0628349    -0.0105136   20.2225       0.0602627    0.0362619    0.0822215   

Stress Spherical
0            0            0             0            0            0           
0            0            0             0            0            0           
0            0            0             0            0            0           

Inertia
149.941      -56.1655     -56.2379      0.351975     0.150233     0.134878    
-56.1655     149.931      -56.2348      0.150233     0.308627     0.150751    
-56.2379     -56.2348     149.815       0.134878     0.150751     0.278587    

Bond Length
0.61920362    0.0027233576

BB bond length
0.61920362    0.0027233576

Water EE distance
0             0           

PEG EE distance
7.3274114     0.081038165 

BBB P2(x)
0.51047868    0.014919424 

BBB first bond length
0.619105      0.0028619645

BBB second bond length
0.61925213    0.002758127 

BBB <phi**2>/<phi>**2
1.2230944     0.0088479279

Time = 21000
Temperature
1.0108744     0.0099876405

Pressure
23.234802     0.060204974 

CM Mom
9.9468585e-17  8.1439374e-18 
-3.9286397e-17 2.3674802e-17 
-2.8023102e-17 3.0919709e-17 
1.1625747e-16  1.7022432e-17 

CM Pos
7.509701       0.012452542   
7.5064731      0.015489438   
7.4933478      0.012053764   
12.995898      0.013238086   

Stress
20.1741      0.0409762    -0.0241918    0.0845937    0.0583286    0.0558215   
0.0409762    20.166       0.0167265     0.0583286    0.0857628    0.0722508   
-0.0241918   0.0167265    20.2691       0.0558215    0.0722508    0.141514    

Stress Spherical
0            0            0             0            0            0           
0            0            0             0            0            0           
0            0            0             0            0            0           

Inertia
149.989      -56.4139     -56.2882      0.298719     0.149563     0.13285     
-56.4139     150.021      -56.2486      0.149563     0.216709     0.174239    
-56.2882     -56.2486     150.203       0.13285      0.174239     0.258156    

Bond Length
0.61810227    0.0025488695

BB bond length
0.61810227    0.0025488695

Water EE distance
0             0           

PEG EE distance
7.5681926     0.10403253  

BBB P2(x)
0.51229849    0.0084345805

BBB first bond length
0.61797513    0.0026271846

BBB second bond length
0.61804922    0.0027687044

BBB <phi**2>/<phi>**2
1.22358       0.0078695046

Time = 22000
Temperature
1.0076668     0.010148894 

Pressure
23.269359     0.054077782 

CM Mom
1.0325845e-16  1.945425e-17  
-5.0443469e-17 1.2308568e-17 
-3.0411577e-17 1.937595e-17  
1.2111425e-16  1.9194995e-17 

CM Pos
7.4929553      0.011348067   
7.5042502      0.020672659   
7.5034248      0.0079583412  
12.990769      0.0085008613  

Stress
20.2615      0.033582     0.0677782     0.062567     0.0497184    0.0964317   
0.033582     20.2029      -0.0380181    0.0497184    0.083235     0.040665    
0.0677782    -0.0380181   20.2774       0.0964317    0.040665     0.110561    

Stress Spherical
0            0            0             0            0            0           
0            0            0             0            0            0           
0            0            0             0            0            0           

Inertia
150.125      -56.2371     -56.2094      0.283258     0.108373     0.136585    
-56.2371     149.942      -56.3359      0.108373     0.162255     0.1748      
-56.2094     -56.3359     149.948       0.136585     0.1748       0.312331    

Bond Length
0.61759637    0.0015624276

BB bond length
0.61759637    0.0015624276

Water EE distance
0             0           

PEG EE distance
7.2884076     0.10967709  

BBB P2(x)
0.51653887    0.008775615 

BBB first bond length
0.61743422    0.0016844243

BBB second bond length
0.6176488     0.001448845 

BBB <phi**2>/<phi>**2
1.2273248     0.006566319 

Time = 23000
Temperature
1.0123736     0.0081253648

Pressure
23.24202      0.053998901 

CM Mom
9.7653106e-17  1.5758459e-17 
-6.2629653e-17 1.5928406e-17 
-2.8488266e-17 1.9104236e-17 
1.2257552e-16  1.0603842e-17 

CM Pos
7.4945854      0.013618358   
7.5024719      0.01394581    
7.5013502      0.0088865823  
12.989477      0.0099052067  

Stress
20.2042      0.024764     -0.00341512   0.096674     0.0810713    0.0740854   
0.024764     20.1759      -0.0332127    0.0810713    0.068317     0.110044    
-0.00341512  -0.0332127   20.2374       0.0740854    0.110044     0.136574    

Stress Spherical
0            0            0             0            0            0           
0            0            0             0            0            0           
0            0            0             0            0            0           

Inertia
150.049      -56.2386     -56.2513      0.184911     0.183665     0.14851     
-56.2386     149.918      -56.2775      0.183665     0.293825     0.101941    
-56.2513     -56.2775     149.938       0.14851      0.101941     0.242601    

Bond Length
0.61927933    0.0022888459

BB bond length
0.61927933    0.0022888459

Water EE distance
0             0           

PEG EE distance
7.256727      0.11447441  

BBB P2(x)
0.5054319     0.010745399 

BBB first bond length
0.61916065    0.0022956016

BBB second bond length
0.61943009    0.0022710487

BBB <phi**2>/<phi>**2
1.2228264     0.010166759 

Time = 24000
Temperature
1.0101357     0.0070938301

Pressure
23.272623     0.080809017 

CM Mom
7.0106685e-17  1.4541994e-17 
-5.2244209e-17 3.711663e-17  
-3.7107795e-17 1.8960164e-17 
1.0269501e-16  2.0584677e-17 

CM Pos
7.4929553      0.015303297   
7.4989153      0.01768646    
7.5086116      0.017763895   
12.990695      0.0076865621  

Stress
20.2096      -0.0222543   0.0782868     0.0736734    0.0645917    0.0665502   
-0.0222543   20.2072      -0.0537202    0.0645917    0.101232     0.0702064   
0.0782868    -0.0537202   20.3125       0.0665502    0.0702064    0.0860545   

Stress Spherical
0            0            0             0            0            0           
0            0            0             0            0            0           
0            0            0             0            0            0           

Inertia
150.125      -56.1814     -56.2773      0.307604     0.170706     0.176517    
-56.1814     150.009      -56.3071      0.170706     0.287882     0.178628    
-56.2773     -56.3071     149.876       0.176517     0.178628     0.252321    

Bond Length
0.61808716    0.0019053355

BB bond length
0.61808716    0.0019053355

Water EE distance
0             0           

PEG EE distance
7.2648472     0.1216674   

BBB P2(x)
0.51293424    0.0064467492

BBB first bond length
0.61832639    0.0019590297

BBB second bond length
0.61840158    0.0019094127

BBB <phi**2>/<phi>**2
1.2203916     0.0072597498

Time = 25000
Temperature
1.0113619     0.0063325774

Pressure
23.21926      0.053835206 

CM Mom
8.5973458e-17  2.8494032e-17 
-4.3454943e-17 1.6135454e-17 
-4.9842674e-17 1.3318091e-17 
1.1142669e-16  2.4449658e-17 

CM Pos
7.5085154      0.010777343   
7.4947659      0.015713949   
7.4960152      0.013504192   
12.989993      0.013531867   

Stress
20.229       -0.0336508   -0.000752916  0.103359     0.0581487    0.0630318   
-0.0336508   20.1126      -0.0457738    0.0581487    0.0930128    0.0483678   
-0.000752916 -0.0457738   20.2167       0.0630318    0.0483678    0.0838609   

Stress Spherical
0            0            0             0            0            0           
0            0            0             0            0            0           
0            0            0             0            0            0           

Inertia
149.866      -56.2893     -56.32        0.342936     0.14244      0.160928    
-56.2893     150.073      -56.1758      0.14244      0.260533     0.164179    
-56.32       -56.1758     150.062       0.160928     0.164179     0.243736    

Bond Length
0.61884061    0.0022596439

BB bond length
0.61884061    0.0022596439

Water EE distance
0             0           

PEG EE distance
7.5478656     0.14214402  

BBB P2(x)
0.51410384    0.010669618 

BBB first bond length
0.61878863    0.0022032264

BBB second bond length
0.61887695    0.0023267812

BBB <phi**2>/<phi>**2
1.2303729     0.0080599261

Time = 26000
Temperature
1.0120792     0.0064455478

Pressure
23.248458     0.085975948 

CM Mom
5.9111259e-17  2.5693501e-17 
-5.8552144e-17 1.3683014e-17 
-6.0995907e-17 6.1327228e-18 
1.0688834e-16  1.0142415e-17 

CM Pos
7.5037733      0.01286884    
7.4826142      0.017461527   
7.4961634      0.020243816   
12.980341      0.014690716   

Stress
20.2177      -0.0198236   0.0358758     0.138935     0.0593344    0.0668819   
-0.0198236   20.1706      -0.0827777    0.0593344    0.0924659    0.0966997   
0.0358758    -0.0827777   20.2511       0.0668819    0.0966997    0.0902009   

Stress Spherical
0            0            0             0            0            0           
0            0            0             0            0            0           
0            0            0             0            0            0           

Inertia
149.682      -56.1251     -56.2375      0.38124      0.170532     0.19246     
-56.1251     150.024      -56.0867      0.170532     0.317947     0.193256    
-56.2375     -56.0867     149.798       0.19246      0.193256     0.320778    

Bond Length
0.61865153    0.0023274301

BB bond length
0.61865153    0.0023274301

Water EE distance
0             0           

PEG EE distance
7.4890273     0.13817251  

BBB P2(x)
0.50965972    0.010746166 

BBB first bond length
0.61849432    0.0022731473

BBB second bond length
0.61852836    0.0022518601

BBB <phi**2>/<phi>**2
1.2237282     0.0074728122

Time = 27000
Temperature
1.0132961     0.0042277484

Pressure
23.256057     0.048925329 

CM Mom
8.2240632e-17  8.9155221e-18 
-6.3194458e-17 1.5268021e-17 
-4.9231733e-17 2.0950719e-17 
1.1718158e-16  1.4171574e-17 

CM Pos
7.4971047      0.0088865823  
7.4968406      0.013694742   
7.497349       0.013952894   
12.985369      0.01021456    

Stress
20.2163      -0.00518778  0.0249355     0.106881     0.0588612    0.0651727   
-0.00518778  20.208       -0.0143994    0.0588612    0.0799824    0.07009     
0.0249355    -0.0143994   20.2269       0.0651727    0.07009      0.0991896   

Stress Spherical
0            0            0             0            0            0           
0            0            0             0            0            0           
0            0            0             0            0            0           

Inertia
149.911      -56.1895     -56.2064      0.246996     0.1494       0.163259    
-56.1895     149.915      -56.2376      0.1494       0.222354     0.128355    
-56.2064     -56.2376     149.906       0.163259     0.128355     0.214187    

Bond Length
0.61852956    0.0022958958

BB bond length
0.61852956    0.0022958958

Water EE distance
0             0           

PEG EE distance
7.4977864     0.11951151  

BBB P2(x)
0.51370344    0.0091554713

BBB first bond length
0.61838611    0.002337997 

BBB second bond length
0.61878996    0.0023126875

BBB <phi**2>/<phi>**2
1.230004      0.0076220175

Time = 28000
Temperature
1.0097108     0.0086124552

Pressure
23.19973      0.069927708 

CM Mom
7.8768305e-17  1.5435362e-17 
-6.5971729e-17 2.4682734e-17 
-7.697778e-17  9.2598264e-18 
1.303789e-16   2.0417371e-17 

CM Pos
7.4936962      0.01719858    
7.5061767      0.0076731437  
7.4946815      0.0089665379  
12.987254      0.0092377042  

Stress
20.1588      0.0172607    0.0101566     0.0844183    0.059351     0.0769363   
0.0172607    20.1599      0.0105858     0.059351     0.103974     0.0637527   
0.0101566    0.0105858    20.1958       0.0769363    0.0637527    0.0842638   

Stress Spherical
0            0            0             0            0            0           
