Time = 1000
Temperature
   1.0863346     0.1134556

Pressure
   23.670475    0.56098596

CM Mom
-2.8888195e-17 1.5203557e-17 
5.2993913e-18  2.6293501e-17 
-2.2237987e-17 2.3749748e-16 
1.9555073e-16  1.4298461e-16 

CM Pos
7.5009571      0.019576939   
7.5025468      0.015474079   
7.5071659      0.014210939   
12.996554      0.022521647   

Stress
20.3921      -0.0314136   -0.00032146   0.24312      0.0575578    0.0845416   
-0.0314136   20.3994      -0.00832642   0.0575578    0.251658     0.0571946   
-0.00032146  -0.00832642  20.4671       0.0845416    0.0571946    0.2787      

Stress Spherical
0            0            0             0            0            0           
0            0            0             0            0            0           
0            0            0             0            0            0           

Inertia
150.242      -56.275      -56.2903      1.47572      0.272064     0.230054    
-56.275      150.201      -56.3236      0.272064     1.45411      0.158875    
-56.2903     -56.3236     150.144       0.230054     0.158875     1.48102     

Bond Length
0.61997071    0.0064993864

BB bond length
0.61997071    0.0064993864

Water EE distance
0             0           

PEG EE distance
6.4269134     0.12031262  

BBB P2(x)
0.46649836    0.063417045 

BBB first bond length
0.61993776    0.006589593 

BBB second bond length
0.62001246    0.0066061533

BBB <phi**2>/<phi>**2
1.2162344     0.016540111 

Time = 2000
Temperature
1.0119153     0.008356943 

Pressure
23.267453     0.074731846 

CM Mom
-2.1889256e-17 2.326444e-17  
-2.2014191e-17 2.3431113e-17 
-7.0712138e-18 3.283315e-17  
5.1733975e-17  2.2486196e-17 

CM Pos
7.4975413      0.012341039   
7.4873983      0.013166828   
7.4923144      0.015084314   
12.977265      0.013312067   

Stress
20.2311      0.0373753    -0.0277083    0.102037     0.083143     0.0825203   
0.0373753    20.3025      0.0115678     0.083143     0.125848     0.0636986   
-0.0277083   0.0115678    20.1841       0.0825203    0.0636986    0.0862278   

Stress Spherical
0            0            0             0            0            0           
0            0            0             0            0            0           
0            0            0             0            0            0           

Inertia
149.557      -56.1457     -56.1642      0.465812     0.211038     0.151377    
-56.1457     149.711      -56.1174      0.211038     0.395739     0.158728    
-56.1642     -56.1174     149.651       0.151377     0.158728     0.507823    

Bond Length
0.61746279    0.0018742486

BB bond length
0.61746279    0.0018742486

Water EE distance
0             0           

PEG EE distance
6.7702547     0.22497629  

BBB P2(x)
0.50741365    0.009431332 

BBB first bond length
0.61739645    0.0020319228

BBB second bond length
0.61740321    0.0017843498

BBB <phi**2>/<phi>**2
1.2245644     0.008366531 

