Time = 500
Temperature
   1.0365715   0.049892387

Pressure
   23.332604   0.095199181

CM Mom
3.9512765e-17  6.7840346e-18 
-3.6563667e-17 1.4904941e-17 
-7.5375414e-17 2.888197e-17  
9.59187e-17    2.1944589e-17 

CM Pos
7.4943127      0.020293434   
7.5051097      0.020237105   
7.4935428      0.028323516   
12.986371      0.019110332   

Stress
20.1785      0.0426476    -0.0192434    0.0906213    0.0754166    0.0444348   
0.0426476    20.2467      0.0202508     0.0754166    0.114111     0.0308155   
-0.0192434   0.0202508    20.2445       0.0444348    0.0308155    0.0871409   

Stress Spherical
0            0            0             0            0            0           
0            0            0             0            0            0           
0            0            0             0            0            0           

Inertia
149.779      -56.2659     -56.0942      0.130479     0.161804     0.389154    
-56.2659     149.631      -56.2282      0.161804     0.603482     0.169644    
-56.0942     -56.2282     149.777       0.389154     0.169644     0.158604    

Bond Length
0.615774      0.0074787579

BB bond length
0.615774      0.0074787579

Water EE distance
0             0           

PEG EE distance
3.5871144     0.40562441  

Time = 1000
Temperature
1.011808      0.0075757395

Pressure
23.272765     0.13242993  

CM Mom
4.6907032e-17  1.6574417e-17 
-1.863385e-17  1.1662697e-17 
-6.7529886e-17 3.2054792e-17 
8.688475e-17   3.1576181e-17 

CM Pos
7.49372        0.016647063   
7.4766624      0.0065326178  
7.4929501      0.012930121   
12.969225      0.017458001   

Stress
20.224       -0.0718543   0.0118413     0.171218     0.0765993    0.0816192   
-0.0718543   20.2668      -0.0239664    0.0765993    0.0993999    0.0524874   
0.0118413    -0.0239664   20.2221       0.0816192    0.0524874    0.162008    

Stress Spherical
0            0            0             0            0            0           
0            0            0             0            0            0           
0            0            0             0            0            0           

Inertia
149.359      -55.9805     -56.151       0.326269     0.195255     0.167977    
-55.9805     149.577      -56.0148      0.195255     0.379893     0.172947    
-56.151      -56.0148     149.361       0.167977     0.172947     0.373322    

Bond Length
0.61133627    0.0088031203

BB bond length
0.61133627    0.0088031203

Water EE distance
0             0           

PEG EE distance
3.1093713     0.20803894  

