Time = 500
Temperature
   1.0403985   0.039676973

Pressure
   22.782519    0.15579574

CM Mom
1.9372091e-17  1.4964931e-17 
-4.7458659e-18 1.4544295e-17 
1.7714386e-17  4.0472099e-17 
4.6289356e-17  2.5345071e-17 

CM Pos
7.4818018      0.030068449   
7.5208905      0.024118038   
7.4846892      0.017128686   
12.983183      0.021508426   

Stress
19.6845      -0.0429688   0.0319336     0.10094      0.0648988    0.0822508   
-0.0429688   19.6575      0.0374413     0.0648988    0.0915664    0.0733063   
0.0319336    0.0374413    19.6531       0.0822508    0.0733063    0.0573128   

Stress Spherical
0            0            0             0            0            0           
0            0            0             0            0            0           
0            0            0             0            0            0           

Inertia
149.752      -56.2369     -56.0049      0.46883      0.213835     0.39794     
-56.2369     149.054      -56.2717      0.213835     0.599442     0.206504    
-56.0049     -56.2717     149.704       0.39794      0.206504     0.515112    

Bond Length
0.61534798    0.0058795724

BB bond length
0.61534798    0.0058795724

Water EE distance
0             0           

PEG EE distance
3.7203113     0.25176093  

Time = 1000
Temperature
1.0142773     0.0044940238

Pressure
22.70734      0.06813362  

CM Mom
2.9459938e-18  1.8150465e-17 
-6.3618535e-18 1.7161961e-17 
-1.9394047e-17 1.5404406e-17 
3.479867e-17   8.6949233e-18 

CM Pos
7.4809118      0.024861853   
7.5045748      0.01044605    
7.486469       0.0081240367  
12.974229      0.0089206377  

Stress
19.6535      0.0119054    0.0402881     0.147641     0.0476611    0.0981585   
0.0119054    19.6457      -0.0225056    0.0476611    0.0545992    0.0658855   
0.0402881    -0.0225056   19.7052       0.0981585    0.0658855    0.11761     

Stress Spherical
0            0            0             0            0            0           
0            0            0             0            0            0           
0            0            0             0            0            0           

Inertia
149.542      -56.1393     -56.0169      0.262078     0.191778     0.196587    
-56.1393     149.126      -56.2152      0.191778     0.290983     0.104384    
-56.0169     -56.2152     149.473       0.196587     0.104384     0.255217    

Bond Length
0.61480617    0.0027857652

BB bond length
0.61480617    0.0027857652

Water EE distance
0             0           

PEG EE distance
3.7460674     0.22776874  

