Time = 500
Temperature
    1.045131   0.055081675

Pressure
   19.862097     0.2176534

CM Mom
1.1544893e-17  1.3456395e-17 
-6.1226825e-18 1.8178584e-17 
2.9800492e-17  1.458388e-17  
4.0511747e-17  1.191069e-17  

CM Pos
7.5412055      0.016002415   
7.5257595      0.0092040561  
7.4909136      0.025303775   
13.023885      0.0050174574  

Stress
16.6865      0.016751     -0.0126157    0.0982855    0.0537999    0.0358889   
0.016751     16.8116      0.0215239     0.0537999    0.184538     0.0507201   
-0.0126157   0.0215239    16.6867       0.0358889    0.0507201    0.106552    

Stress Spherical
0            0            0             0            0            0           
0            0            0             0            0            0           
0            0            0             0            0            0           

Inertia
149.258      -56.7084     -56.5187      0.257835     0.183139     0.137139    
-56.7084     149.312      -56.2531      0.183139     0.380043     0.217755    
-56.5187     -56.2531     150.17        0.137139     0.217755     0.89014     

Bond Length
0.61258086    0.0013368253

BB bond length
0.61258086    0.0013368253

Water EE distance
0             0           

PEG EE distance
3.6856266     0.13243244  

Time = 1000
Temperature
1.0107657     0.0044463396

Pressure
19.689819     0.052896539 

CM Mom
-1.5984688e-17 1.2703259e-17 
-1.390302e-17  1.5993411e-17 
3.3681885e-17  1.2323391e-17 
4.5058384e-17  1.1047336e-17 

CM Pos
7.5106719      0.010421974   
7.5420639      0.0098497516  
7.4763879      0.019515748   
13.007291      0.016480526   

Stress
16.7037      0.0941822    -0.00351918   0.0785009    0.0701305    0.0337517   
0.0941822    16.5811      0.0233596     0.0701305    0.0852684    0.060427    
-0.00351918  0.0233596    16.6923       0.0337517    0.060427     0.100874    

Stress Spherical
0            0            0             0            0            0           
0            0            0             0            0            0           
0            0            0             0            0            0           

Inertia
149.653      -56.6839     -56.1026      0.258847     0.162069     0.202182    
-56.6839     148.821      -56.3938      0.162069     0.275897     0.154591    
-56.1026     -56.3938     150.169       0.202182     0.154591     0.322616    

Bond Length
0.6111493     0.0033143161

BB bond length
0.6111493     0.0033143161

Water EE distance
0             0           

PEG EE distance
3.5402982     0.097721297 

