Time = 1000
Temperature
   1.0913025    0.11680802

Pressure
   23.636099    0.65935512

CM Mom
2.856666e-17   1.1985136e-17 
1.2449482e-16  1.6006852e-17 
-1.1431503e-16 1.8357907e-16 
2.28289e-16    1.0662182e-16 

CM Pos
7.4981238      0.015889931   
7.4914774      0.020507892   
7.4941939      0.011417161   
12.981039      0.021613388   

Stress
20.3982      -0.0103849   -0.00583411   0.361671     0.0503523    0.0733013   
-0.0103849   20.4422      0.0336138     0.0503523    0.323093     0.0901324   
-0.00583411  0.0336138    20.2752       0.0733013    0.0901324    0.327771    

Stress Spherical
0            0            0             0            0            0           
0            0            0             0            0            0           
0            0            0             0            0            0           

Inertia
149.893      -56.1556     -56.2119      0.98413      0.196327     0.196963    
-56.1556     149.976      -56.1323      0.196327     0.999425     0.23256     
-56.2119     -56.1323     149.918       0.196963     0.23256      0.84354     

Bond Length
0.61966549    0.0062402014

BB bond length
0.61966549    0.0062402014

Water EE distance
0             0           

PEG EE distance
7.0084545     0.15936951  

BBB P2(x)
0.47447074    0.064552755 

BBB first bond length
0.61981075    0.0065255215

BBB second bond length
0.61971822    0.0063283787

BBB <phi**2>/<phi>**2
1.2167308     0.014252477 

Time = 2000
Temperature
1.0142033     0.0081314069

Pressure
23.16153      0.062366482 

CM Mom
3.8720884e-17  1.0213215e-17 
1.5915754e-16  9.8298887e-18 
1.2010645e-17  2.6974169e-17 
1.6668709e-16  1.0892222e-17 

CM Pos
7.5064448      0.011620336   
7.4935576      0.019330775   
7.5011776      0.010757021   
12.991082      0.014488063   

Stress
20.1322      -0.00586186  0.0732563     0.119852     0.050357     0.0844934   
-0.00586186  20.1784      0.0345515     0.050357     0.114106     0.0695548   
0.0732563    0.0345515    20.0732       0.0844934    0.0695548    0.107423    

Stress Spherical
0            0            0             0            0            0           
0            0            0             0            0            0           
0            0            0             0            0            0           

Inertia
149.81       -56.2759     -56.3205      0.270864     0.19102      0.0961747   
-56.2759     149.992      -56.1935      0.19102      0.147977     0.132995    
-56.3205     -56.1935     149.895       0.0961747    0.132995     0.313753    

Bond Length
0.61912856    0.0020196665

BB bond length
0.61912856    0.0020196665

Water EE distance
0             0           

PEG EE distance
7.1206955     0.23599201  

BBB P2(x)
0.5104074     0.0086605326

BBB first bond length
0.61935546    0.0020668844

BBB second bond length
0.61902042    0.0018747253

BBB <phi**2>/<phi>**2
1.2250415     0.0070655525

