Time = 1000
Temperature
   1.2151204    0.35497882

Pressure
   23.967307     1.3473603

CM Mom
2.844494e-17   2.5258198e-17 
-9.216387e-18  3.8183246e-17 
-3.5910833e-17 2.3014264e-16 
1.7687525e-16  1.611222e-16  

CM Pos
7.4980783      0.011983033   
7.5003903      0.020909194   
7.4968945      0.01006269    
12.987715      0.020277272   

Stress
20.3125      -0.035533    0.00450754    0.33936      0.0902581    0.037287    
-0.035533    20.3641      0.00516809    0.0902581    0.337371     0.0668924   
0.00450754   0.00516809   20.2947       0.037287     0.0668924    0.32109     

Stress Spherical
0            0            0             0            0            0           
0            0            0             0            0            0           
0            0            0             0            0            0           

Inertia
150.177      -56.2405     -56.2187      1.32734      0.216463     0.181511    
-56.2405     150.143      -56.2174      0.216463     1.33676      0.191118    
-56.2187     -56.2174     150.206       0.181511     0.191118     1.35768     

Bond Length
0.62013976    0.012832845 

BB bond length
0.62013976    0.012832845 

Water EE distance
0             0           

PEG EE distance
6.9432614     0.16103371  

BBB P2(x)
0.46970266    0.061015289 

BBB first bond length
0.62010967    0.013253514 

BBB second bond length
0.62020515    0.012726209 

BBB <phi**2>/<phi>**2
1.2187325     0.014153444 

Time = 2000
Temperature
1.0115419     0.0083689983

Pressure
23.028792     0.10697039  

CM Mom
3.3290783e-17  1.2855986e-17 
-2.9379222e-17 1.8918715e-17 
5.3831555e-17  7.920603e-17  
9.4873684e-17  5.1623876e-17 

CM Pos
7.498523       0.016667488   
7.4943132      0.01063585    
7.4985249      0.0085917253  
12.985404      0.013859466   

Stress
19.9847      -0.0126996   -0.0398081    0.13053      0.0598453    0.0578607   
-0.0126996   20.0066      0.0260651     0.0598453    0.123034     0.0968765   
-0.0398081   0.0260651    19.9957       0.0578607    0.0968765    0.134625    

Stress Spherical
0            0            0             0            0            0           
0            0            0             0            0            0           
0            0            0             0            0            0           

Inertia
149.82       -56.1707     -56.2277      0.278586     0.159686     0.190456    
-56.1707     149.878      -56.1969      0.159686     0.446386     0.143322    
-56.2277     -56.1969     149.803       0.190456     0.143322     0.410827    

Bond Length
0.61620994    0.00081440438

BB bond length
0.61620994    0.00081440438

Water EE distance
0             0           

PEG EE distance
6.9248473     0.11442048  

BBB P2(x)
0.51136772    0.008764909 

BBB first bond length
0.61622225    0.00086200059

BBB second bond length
0.61622796    0.0010206407

BBB <phi**2>/<phi>**2
1.225578      0.0082747078

