Time = 500
Temperature
   1.0289196   0.038660347

Pressure
   23.314359    0.22725137

CM Mom
-1.6785123e-17 1.2663813e-17 
4.2051756e-17  2.1656787e-17 
-2.4688461e-17 3.2477815e-17 
6.2766911e-17  2.01028e-17   

CM Pos
7.4857398      0.016403887   
7.4985314      0.023616152   
7.5230152      0.028492828   
12.994673      0.011601892   

Stress
20.2362      0.0247446    0.0390156     0.164454     0.0573688    0.0642514   
0.0247446    20.2605      0.0124134     0.0573688    0.11837      0.0786061   
0.0390156    0.0124134    20.1998       0.0642514    0.0786061    0.0823448   

Stress Spherical
0            0            0             0            0            0           
0            0            0             0            0            0           
0            0            0             0            0            0           

Inertia
150.103      -56.1069     -56.2848      0.22753      0.250813     0.179723    
-56.1069     149.957      -56.4662      0.250813     0.409178     0.162856    
-56.2848     -56.4662     149.584       0.179723     0.162856     0.676868    

Bond Length
0.61915758    0.0050304446

BB bond length
0.61915758    0.0050304446

Water EE distance
0             0           

PEG EE distance
3.4330714     0.22813601  

Time = 1000
Temperature
1.0116198     0.0054610515

Pressure
23.277213     0.091126834 

CM Mom
-2.323397e-17  2.0582679e-17 
2.9115077e-17  1.7033293e-17 
-2.1924708e-17 2.1397673e-17 
5.1554042e-17  1.9545302e-17 

CM Pos
7.4928614      0.0096883251  
7.4970477      0.01099926    
7.5215315      0.017630209   
12.997016      0.015014958   

Stress
20.2509      -0.00669753  -0.066618     0.098945     0.0785566    0.0560645   
-0.00669753  20.2156      -0.0133013    0.0785566    0.189939     0.0639165   
-0.066618    -0.0133013   20.2741       0.0560645    0.0639165    0.0979185   

Stress Spherical
0            0            0             0            0            0           
0            0            0             0            0            0           
0            0            0             0            0            0           

Inertia
150.073      -56.1842     -56.3306      0.466551     0.135484     0.157209    
-56.1842     150.102      -56.4475      0.135484     0.322033     0.21851     
-56.3306     -56.4475     149.668       0.157209     0.21851      0.218833    

Bond Length
0.6167213     0.0054170262

BB bond length
0.6167213     0.0054170262

Water EE distance
0             0           

PEG EE distance
3.7543268     0.27664618  

