Time = 1000
Temperature
   1.0712126   0.085780718

Pressure
   23.565406    0.45107793

CM Mom
9.5038654e-19  2.5211664e-17 
6.5977225e-18  1.2148792e-17 
-3.4477011e-17 1.9581132e-16 
1.7499255e-16  9.8671159e-17 

CM Pos
7.4976382      0.014654669   
7.491757       0.047171621   
7.5056288      0.012572706   
12.987579      0.029425022   

Stress
20.3809      -0.0317398   0.0164496     0.25463      0.0546393    0.0801234   
-0.0317398   20.342       0.0263221     0.0546393    0.161794     0.0353848   
0.0164496    0.0263221    20.36         0.0801234    0.0353848    0.214917    

Stress Spherical
0            0            0             0            0            0           
0            0            0             0            0            0           
0            0            0             0            0            0           

Inertia
150.045      -56.1107     -56.218       0.541545     0.45011      0.151167    
-56.1107     150.108      -56.2356      0.45011      0.975452     0.302518    
-56.218      -56.2356     149.901       0.151167     0.302518     0.419936    

Bond Length
0.62003606    0.0048600587

BB bond length
0.62003606    0.0048600587

Water EE distance
0             0           

PEG EE distance
5.9862399     0.13930255  

BBB P2(x)
0.4719701     0.057021209 

BBB first bond length
0.61977516    0.0047428692

BBB second bond length
0.62006758    0.0049119994

BBB <phi**2>/<phi>**2
1.2245544     0.011893301 

Time = 2000
Temperature
1.0115661     0.0072709597

Pressure
23.318812     0.090013662 

CM Mom
3.9670459e-18  1.8820211e-17 
-4.2573578e-18 2.5154433e-17 
-1.3522321e-17 5.2506924e-17 
5.4267926e-17  3.1868962e-17 

CM Pos
7.497341       0.017160744   
7.5024543      0.022534275   
7.5036974      0.018677787   
12.992434      0.015204288   

Stress
20.2588      0.0344215    0.0472302     0.131343     0.0543344    0.05459     
0.0344215    20.2955      -0.0145888    0.0543344    0.115273     0.0670492   
0.0472302    -0.0145888   20.3241       0.05459      0.0670492    0.119181    

Stress Spherical
0            0            0             0            0            0           
0            0            0             0            0            0           
0            0            0             0            0            0           

Inertia
149.983      -56.2321     -56.2555      0.304738     0.268849     0.112705    
-56.2321     149.912      -56.2939      0.268849     0.369032     0.145633    
-56.2555     -56.2939     149.893       0.112705     0.145633     0.289721    

Bond Length
0.61909554    0.0017618519

BB bond length
0.61909554    0.0017618519

Water EE distance
0             0           

PEG EE distance
6.9457361     0.29263651  

BBB P2(x)
0.50743953    0.0081048004

BBB first bond length
0.61918815    0.0015878415

BBB second bond length
0.61903405    0.0018642692

BBB <phi**2>/<phi>**2
1.2327936     0.011638293 

