Time = 500
Temperature
    1.034871   0.051672473

Pressure
   22.770689    0.17641928

CM Mom
-3.868984e-17  1.4353925e-17 
-2.5977934e-17 5.0710729e-18 
-1.7996663e-17 2.3036017e-17 
5.583504e-17   1.1853015e-17 

CM Pos
7.4849995      0.01088338    
7.5012394      0.027236734   
7.4936137      0.019284394   
12.978798      0.010020781   

Stress
19.6355      0.0255233    -0.00864254   0.0694757    0.0484771    0.0389941   
0.0255233    19.6707      0.0132029     0.0484771    0.109971     0.0398225   
-0.00864254  0.0132029    19.7031       0.0389941    0.0398225    0.124229    

Stress Spherical
0            0            0             0            0            0           
0            0            0             0            0            0           
0            0            0             0            0            0           

Inertia
149.44       -56.1548     -56.1443      0.242571     0.290521     0.0761554   
-56.1548     149.232      -56.2026      0.290521     0.336931     0.162174    
-56.1443     -56.2026     149.345       0.0761554    0.162174     0.357118    

Bond Length
0.61716998    0.0023743883

BB bond length
0.61716998    0.0023743883

Water EE distance
0             0           

PEG EE distance
3.5144173     0.27980058  

Time = 1000
Temperature
1.0171525     0.0054048759

Pressure
22.701203     0.15154376  

CM Mom
-3.1924538e-17 1.9471551e-17 
-8.2490021e-18 1.3844014e-17 
-3.4263851e-17 2.1157606e-17 
5.1870095e-17  2.4272809e-17 

CM Pos
7.4829229      0.006829347   
7.4979763      0.016339887   
7.4968768      0.018301034   
12.977567      0.018996691   

Stress
19.6788      -0.00710094  -0.0336854    0.14965      0.100335     0.0987271   
-0.00710094  19.6585      0.0220163     0.100335     0.153611     0.074681    
-0.0336854   0.0220163    19.6228       0.0987271    0.074681     0.165123    

Stress Spherical
0            0            0             0            0            0           
0            0            0             0            0            0           
0            0            0             0            0            0           

Inertia
149.507      -56.0965     -56.139       0.567771     0.145765     0.173924    
-56.0965     149.336      -56.222       0.145765     0.281868     0.302341    
-56.139      -56.222      149.306       0.173924     0.302341     0.236543    

Bond Length
0.61688428    0.0024983563

BB bond length
0.61688428    0.0024983563

Water EE distance
0             0           

PEG EE distance
3.5134835     0.24016641  

