Time = 1000
Temperature
   1.2928143    0.44751392

Pressure
   24.830981     2.5142628

CM Mom
-1.287102e-17  2.4604327e-17 
2.1936213e-18  4.0041999e-17 
-1.2996114e-16 4.9018227e-16 
4.243296e-16   2.8194353e-16 

CM Pos
9.9967991      0.019783207   
9.999237       0.021671065   
10.008403      0.016619753   
17.323089      0.024050296   

Stress
20.938       -0.00732076  0.018604      1.40992      0.0662368    0.0377487   
-0.00732076  20.9228      -0.00162573   0.0662368    1.39037      0.0471545   
0.018604     -0.00162573  21.0095       0.0377487    0.0471545    1.40583     

Stress Spherical
0            0            0             0            0            0           
0            0            0             0            0            0           
0            0            0             0            0            0           

Inertia
267.701      -99.9228     -100.007      6.70723      0.257057     0.227378    
-99.9228     267.642      -100.05       0.257057     6.56701      0.328122    
-100.007     -100.05      267.449       0.227378     0.328122     6.63949     

Bond Length
0.62970722    0.023242505 

BB bond length
0.62970722    0.023242505 

Water EE distance
0             0           

PEG EE distance
8.7254471     0.23759378  

BBB P2(x)
0.11930227    0.024061116 

BBB first bond length
0.62995733    0.023750474 

BBB second bond length
0.62987317    0.023210735 

BBB <phi**2>/<phi>**2
1.1320176     0.0091489817

Time = 2000
Temperature
1.0199277     0.0078785607

Pressure
22.966045     0.093429923 

CM Mom
-3.9298209e-18 1.0487789e-17 
2.9312268e-17  2.5249764e-17 
-1.3627589e-16 2.0049661e-16 
1.7764886e-16  1.6980309e-16 

CM Pos
10.002388      0.016773145   
9.9995707      0.013182266   
10.006567      0.011310298   
17.325443      0.013308632   

Stress
19.8903      -0.0169427   0.0214524     0.101622     0.0361267    0.0367895   
-0.0169427   19.9233      0.00521713    0.0361267    0.103523     0.0404052   
0.0214524    0.00521713   19.9151       0.0367895    0.0404052    0.101006    

Stress Spherical
0            0            0             0            0            0           
0            0            0             0            0            0           
0            0            0             0            0            0           

Inertia
266.688      -99.9766     -100.063      1.23446      0.250657     0.176255    
-99.9766     266.749      -100.045      0.250657     1.32711      0.200101    
-100.063     -100.045     266.627       0.176255     0.200101     1.62623     

Bond Length
0.62267846    0.0012094074

BB bond length
0.62267846    0.0012094074

Water EE distance
0             0           

PEG EE distance
8.5338008     0.084083742 

BBB P2(x)
0.097638782   0.0073542438

BBB first bond length
0.62273183    0.0012558689

BBB second bond length
0.6228479     0.0011263323

BBB <phi**2>/<phi>**2
1.1248235     0.0026717666

Time = 3000
Temperature
1.0130079     0.0039194288

Pressure
22.901805     0.052180176 

CM Mom
-1.519289e-17  2.2719232e-17 
2.7338877e-17  1.6954015e-17 
-1.5119576e-17 6.3903503e-17 
7.1466729e-17  3.1410289e-17 

CM Pos
10.000637      0.018155729   
9.9959001      0.0066639828  
9.9983084      0.013299738   
17.317546      0.0089273013  

Stress
19.8613      -0.0113756   -0.000249288  0.0996703    0.0511776    0.0643312   
-0.0113756   19.8471      -0.000946206  0.0511776    0.0901433    0.0705845   
-0.000249288 -0.000946206 19.8898       0.0643312    0.0705845    0.0713961   

Stress Spherical
0            0            0             0            0            0           
0            0            0             0            0            0           
0            0            0             0            0            0           

Inertia
266.485      -99.9524     -99.9677      0.580114     0.198792     0.16487     
-99.9524     266.59       -99.9302      0.198792     0.557386     0.152034    
-99.9677     -99.9302     266.533       0.16487      0.152034     0.607365    

Bond Length
0.62234177    0.00068256296

BB bond length
0.62234177    0.00068256296

Water EE distance
0             0           

PEG EE distance
8.2612346     0.053714544 

BBB P2(x)
0.088305986   0.0055161932

BBB first bond length
0.62238918    0.00071230505

BBB second bond length
0.62238243    0.00071361689

BBB <phi**2>/<phi>**2
1.1210309     0.0021263178

Time = 4000
Temperature
1.0098829     0.0064744736

Pressure
22.828191     0.075844421 

CM Mom
-6.6400821e-18 2.0315472e-17 
2.8185096e-18  1.7128227e-17 
-3.746146e-18  2.4336171e-17 
3.4533739e-17  1.3108507e-17 

CM Pos
10.001888      0.010475905   
9.9964006      0.011721254   
10.000811      0.012372611   
17.319997      0.011116696   

Stress
19.7879      0.0126555    0.0104325     0.0776921    0.0501829    0.0785198   
0.0126555    19.7975      0.0152356     0.0501829    0.0724034    0.0656097   
0.0104325    0.0152356    19.82         0.0785198    0.0656097    0.0769571   

Stress Spherical
0            0            0             0            0            0           
0            0            0             0            0            0           
0            0            0             0            0            0           

Inertia
266.556      -99.9674     -99.9732      0.293373     0.137034     0.183381    
-99.9674     266.673      -99.9542      0.137034     0.412617     0.197723    
-99.9732     -99.9542     266.581       0.183381     0.197723     0.343732    

Bond Length
0.62285942    0.0010303638

BB bond length
0.62285942    0.0010303638

Water EE distance
0             0           

PEG EE distance
8.0066114     0.10435623  

BBB P2(x)
0.079052294   0.0044011634

BBB first bond length
0.62294245    0.0010264888

BBB second bond length
0.62293698    0.0010281085

BBB <phi**2>/<phi>**2
1.1187729     0.0018285571

Time = 5000
Temperature
1.0116812     0.0049893783

Pressure
22.867292     0.058772212 

CM Mom
-8.4873665e-19 3.2016445e-17 
2.032638e-18   2.5351174e-17 
9.9547397e-18  2.3454556e-17 
4.4772635e-17  1.7810417e-17 

CM Pos
10.001638      0.011775457   
9.9964006      0.0091769872  
10.001061      0.010213529   
17.319995      0.011210039   

Stress
19.8066      0.0220634    -0.0187428    0.0634268    0.0540801    0.0432332   
0.0220634    19.8537      0.000928799   0.0540801    0.080503     0.0590477   
-0.0187428   0.000928799  19.8463       0.0432332    0.0590477    0.111722    

Stress Spherical
0            0            0             0            0            0           
0            0            0             0            0            0           
0            0            0             0            0            0           

Inertia
266.591      -99.9813     -100.015      0.296133     0.178697     0.189272    
-99.9813     266.697      -99.9951      0.178697     0.305164     0.175909    
-100.015     -99.9951     266.586       0.189272     0.175909     0.266942    

Bond Length
0.62227571    0.00058646125

BB bond length
0.62227571    0.00058646125

Water EE distance
0             0           

PEG EE distance
7.8290847     0.10744693  

BBB P2(x)
0.078466781   0.0086871777

BBB first bond length
0.62231109    0.00065888525

BBB second bond length
0.62238398    0.00054984522

BBB <phi**2>/<phi>**2
1.1191461     0.0037649113

Time = 6000
Temperature
1.0085923     0.0046721442

Pressure
22.891274     0.046588603 

CM Mom
-2.3600734e-17 2.8726399e-17 
4.8993095e-18  1.9056076e-17 
-5.3753707e-19 1.5204415e-17 
4.0082921e-17  1.9853476e-17 

CM Pos
9.9983842      0.017586581   
10.000405      0.01162826    
10.003564      0.0093378673  
17.321878      0.012552664   

Stress
19.8772      0.00565509   0.00230109    0.0706067    0.0544934    0.044604    
0.00565509   19.8688      0.00742188    0.0544934    0.0703181    0.0465641   
0.00230109   0.00742188   19.8603       0.044604     0.0465641    0.0740457   

Stress Spherical
0            0            0             0            0            0           
0            0            0             0            0            0           
0            0            0             0            0            0           

Inertia
266.721      -100.019     -99.9856      0.378509     0.175959     0.162464    
-100.019     266.692      -100.041      0.175959     0.411149     0.218761    
-99.9856     -100.041     266.614       0.162464     0.218761     0.333903    

Bond Length
0.62243259    0.00090085659

BB bond length
0.62243259    0.00090085659

Water EE distance
0             0           

PEG EE distance
7.5252587     0.11576539  

BBB P2(x)
0.076447643   0.0056920248

BBB first bond length
0.62255272    0.00089077941

BBB second bond length
0.62252288    0.00094445257

BBB <phi**2>/<phi>**2
1.1187456     0.0018530758

Time = 7000
Temperature
1.0123413     0.0026195895

Pressure
22.891676     0.051028719 

CM Mom
-3.0990291e-17 1.5442493e-17 
4.3662876e-18  3.5490155e-17 
1.0274217e-17  8.9074113e-18 
5.0279686e-17  1.159047e-17  

CM Pos
9.9974665      0.011403139   
9.9957332      0.0088385835  
10.001395      0.0055368461  
17.317393      0.0085257089  

Stress
19.8276      -0.0155483   -0.0166628    0.0794184    0.0562385    0.0660535   
-0.0155483   19.8484      -0.0048049    0.0562385    0.0400081    0.0487605   
-0.0166628   -0.0048049   19.8979       0.0660535    0.0487605    0.0663418   

Stress Spherical
0            0            0             0            0            0           
0            0            0             0            0            0           
0            0            0             0            0            0           

Inertia
266.604      -99.8978     -99.9848      0.235969     0.148819     0.157109    
-99.8978     266.635      -99.9654      0.148819     0.27981      0.147461    
-99.9848     -99.9654     266.52        0.157109     0.147461     0.260584    

Bond Length
0.62209697    0.00074774657

BB bond length
0.62209697    0.00074774657

Water EE distance
0             0           

PEG EE distance
7.2917792     0.062964365 

BBB P2(x)
0.070626375   0.003234652 

BBB first bond length
0.62213713    0.00066753135

BBB second bond length
0.62221327    0.0007442791

BBB <phi**2>/<phi>**2
1.117062      0.0011978383

Time = 8000
Temperature
1.0110824     0.0049710689

Pressure
22.829218     0.053990101 

CM Mom
-4.4214421e-17 1.1283178e-17 
-5.1007209e-17 1.1512798e-17 
2.4467025e-17  1.561599e-17  
7.3596003e-17  1.5576516e-17 

CM Pos
9.9939627      0.011056081   
10.000322      0.0075543381  
10.004398      0.010247542   
17.319753      0.011460059   

Stress
19.7946      -0.00381348  -0.0108131    0.086154     0.0396417    0.0705277   
-0.00381348  19.8158      0.00328234    0.0396417    0.0481147    0.0389783   
-0.0108131   0.00328234   19.7873       0.0705277    0.0389783    0.0702072   

Stress Spherical
0            0            0             0            0            0           
0            0            0             0            0            0           
0            0            0             0            0            0           

Inertia
266.747      -99.9219     -99.9387      0.256204     0.127253     0.182952    
-99.9219     266.609      -100.038      0.127253     0.411063     0.178217    
-99.9387     -100.038     266.529       0.182952     0.178217     0.301044    

Bond Length
0.62216002    0.0006938335

BB bond length
0.62216002    0.0006938335

Water EE distance
0             0           

PEG EE distance
7.1670839     0.080516978 

BBB P2(x)
0.07440256    0.0053667952

BBB first bond length
0.62222416    0.00067510481

BBB second bond length
0.62226254    0.00066416235

BBB <phi**2>/<phi>**2
1.1185992     0.0013295728

Time = 9000
Temperature
1.0124137     0.0049370387

Pressure
22.884296     0.050879412 

CM Mom
-6.0241894e-17 3.0101923e-17 
-5.8284625e-17 1.6440798e-17 
1.7589983e-17  9.4533849e-18 
9.0141653e-17  2.1814339e-17 

CM Pos
9.9990515      0.010613188   
10.003408      0.01075519    
9.9995598      0.012083774   
17.321684      0.007514746   

Stress
19.8608      -0.0435554   -0.0196082    0.0638568    0.0472411    0.0381515   
-0.0435554   19.831       -0.00702888   0.0472411    0.0727057    0.0652133   
-0.0196082   -0.00702888  19.8593       0.0381515    0.0652133    0.062334    

Stress Spherical
0            0            0             0            0            0           
0            0            0             0            0            0           
0            0            0             0            0            0           

Inertia
266.72       -100.006     -99.98        0.230458     0.201521     0.112086    
-100.006     266.626      -100.028      0.201521     0.292492     0.120531    
-99.98       -100.028     266.702       0.112086     0.120531     0.415512    

Bond Length
0.62250785    0.00084901964

BB bond length
0.62250785    0.00084901964

Water EE distance
0             0           

PEG EE distance
6.8757556     0.10486863  

BBB P2(x)
0.067567268   0.0054565789

BBB first bond length
0.62257038    0.000795241 

BBB second bond length
0.62258699    0.00086744995

BBB <phi**2>/<phi>**2
1.1162877     0.0027645961

Time = 10000
Temperature
1.011312      0.0047901942

Pressure
22.87729      0.050979301 

CM Mom
-4.6056496e-17 1.1998472e-17 
-5.4873123e-17 1.2532392e-17 
3.4046369e-17  1.3700207e-17 
8.124071e-17   1.3419482e-17 

CM Pos
10.000887      0.0072827512  
9.9972348      0.0083926905  
9.998225       0.0095340562  
17.318403      0.009198757   

Stress
19.8392      0.00275788   0.0245779     0.0702476    0.0623398    0.0658085   
0.00275788   19.8492      0.00529788    0.0623398    0.0626962    0.0309581   
0.0245779    0.00529788   19.8515       0.0658085    0.0309581    0.082986    

Stress Spherical
0            0            0             0            0            0           
0            0            0             0            0            0           
0            0            0             0            0            0           

Inertia
266.565      -99.9723     -99.9709      0.346228     0.156476     0.115201    
-99.9723     266.64       -99.9364      0.156476     0.231231     0.192391    
-99.9709     -99.9364     266.616       0.115201     0.192391     0.276511    

Bond Length
0.62188608    0.00081189962

BB bond length
0.62188608    0.00081189962

Water EE distance
0             0           

PEG EE distance
6.7102074     0.036751668 

BBB P2(x)
0.071184894   0.004279002 

BBB first bond length
0.62192854    0.00090350704

BBB second bond length
0.62200116    0.00095097891

BBB <phi**2>/<phi>**2
1.1175295     0.002005708 

Time = 11000
Temperature
1.0109612     0.0056225314

Pressure
22.863703     0.06863043  

CM Mom
-3.9560783e-17 1.3680369e-17 
-4.0202633e-17 2.1701918e-17 
1.5631874e-17  1.6992674e-17 
6.5159501e-17  1.1259616e-17 

CM Pos
9.9992184      0.011475234   
10.001072      0.0098669478  
10.003731      0.012221217   
17.322838      0.010695994   

Stress
19.8306      0.0141319    -0.0104659    0.112436     0.0581152    0.052114    
0.0141319    19.8557      -0.0119428    0.0581152    0.072848     0.0443741   
-0.0104659   -0.0119428   19.816        0.052114     0.0443741    0.143025    

Stress Spherical
0            0            0             0            0            0           
0            0            0             0            0            0           
0            0            0             0            0            0           

Inertia
266.761      -100.026     -100.023      0.407417     0.132604     0.134369    
-100.026     266.714      -100.069      0.132604     0.246224     0.203734    
-100.023     -100.069     266.667       0.134369     0.203734     0.252618    

Bond Length
0.62143323    0.00059195062

BB bond length
0.62143323    0.00059195062

Water EE distance
0             0           

PEG EE distance
6.6285129     0.068982885 

BBB P2(x)
0.066750372   0.0070586374

BBB first bond length
0.62148205    0.00063931617

BBB second bond length
0.62153067    0.00064311341

BBB <phi**2>/<phi>**2
1.1150302     0.0027956282

Time = 12000
Temperature
1.0128411     0.0040420364

Pressure
22.869089     0.075736572 

CM Mom
-3.7813528e-17 3.3369035e-17 
-4.6139042e-17 1.9909639e-17 
9.8827285e-18  1.766519e-17  
6.9145208e-17  2.6405073e-17 

CM Pos
9.9967157      0.0078262822  
10.002908      0.011176598   
10.000477      0.0093360039  
17.320571      0.01191276    

Stress
19.7893      0.0268369    0.0171337     0.0984639    0.0657868    0.034041    
0.0268369    19.8295      -0.00376095   0.0657868    0.0645864    0.0624233   
0.0171337    -0.00376095  19.8828       0.034041     0.0624233    0.128045    

Stress Spherical
0            0            0             0            0            0           
0            0            0             0            0            0           
0            0            0             0            0            0           

Inertia
266.714      -99.9956     -99.9479      0.247995     0.213742     0.133969    
-99.9956     266.586      -100.036      0.213742     0.213833     0.162876    
-99.9479     -100.036     266.637       0.133969     0.162876     0.315556    

Bond Length
0.62250798    0.00062111878

BB bond length
0.62250798    0.00062111878

Water EE distance
0             0           

PEG EE distance
6.7872894     0.12591396  

BBB P2(x)
0.070658734   0.0051901211

BBB first bond length
0.62253336    0.00066940225

BBB second bond length
0.62258215    0.00056597588

BBB <phi**2>/<phi>**2
1.1165242     0.0014891251

Time = 13000
Temperature
1.0101962     0.0053507773

Pressure
22.87861      0.056801909 

CM Mom
-4.9389388e-17 7.6135378e-18 
-5.9286299e-17 2.3857507e-17 
3.495716e-17   1.7119201e-17 
8.8882903e-17  1.4007963e-17 

CM Pos
9.9974665      0.0073412864  
9.9979856      0.009458939   
9.9977244      0.012510497   
17.316573      0.012588016   

Stress
19.8435      -0.021736    0.00933021    0.0696366    0.0346992    0.0500443   
-0.021736    19.8465      0.0182455     0.0346992    0.0478424    0.0369306   
0.00933021   0.0182455    19.8638       0.0500443    0.0369306    0.0929632   

Stress Spherical
0            0            0             0            0            0           
0            0            0             0            0            0           
0            0            0             0            0            0           

Inertia
266.595      -99.9489     -99.931       0.355019     0.180671     0.182953    
-99.9489     266.581      -100.021      0.180671     0.305912     0.195216    
-99.931      -100.021     266.581       0.182953     0.195216     0.273365    

Bond Length
0.62231086    0.00091310585

BB bond length
0.62231086    0.00091310585

Water EE distance
0             0           

PEG EE distance
6.7319711     0.083471097 

BBB P2(x)
0.071739505   0.006379416 

BBB first bond length
0.62232813    0.00096782124

BBB second bond length
0.6224653     0.0008983683

BBB <phi**2>/<phi>**2
1.118491      0.002792284 

Time = 14000
Temperature
1.0082733     0.0043006504

Pressure
22.848207     0.056159043 

CM Mom
-5.7812037e-17 1.3325416e-17 
-6.8601099e-17 1.5558027e-17 
2.8904629e-17  1.5779657e-17 
9.5880655e-17  1.8956172e-17 

CM Pos
10.002305      0.0092008447  
10.005661      0.010026128   
9.9989758      0.010500789   
17.324521      0.011660628   

Stress
19.8119      0.0075144    0.0139125     0.13029      0.061249     0.0485428   
0.0075144    19.8354      0.0298896     0.061249     0.0757964    0.0406711   
0.0139125    0.0298896    19.8327       0.0485428    0.0406711    0.0421008   

Stress Spherical
0            0            0             0            0            0           
0            0            0             0            0            0           
0            0            0             0            0            0           

Inertia
266.765      -100.079     -99.9854      0.331939     0.130248     0.191787    
-100.079     266.695      -100.095      0.130248     0.319847     0.176125    
-99.9854     -100.095     266.829       0.191787     0.176125     0.308496    

Bond Length
0.62204764    0.0008423068

BB bond length
0.62204764    0.0008423068

Water EE distance
0             0           

PEG EE distance
6.5380984     0.045891007 

BBB P2(x)
0.066594768   0.0058651837

BBB first bond length
0.62211603    0.00080910163

BBB second bond length
0.62212556    0.00080198386

BBB <phi**2>/<phi>**2
1.1155541     0.0025860942

Time = 15000
Temperature
1.0123347     0.0032013688

Pressure
22.867177     0.065676505 

CM Mom
-4.1892696e-17 1.6846635e-17 
-5.3675676e-17 7.1639828e-18 
2.5303721e-17  1.3902492e-17 
7.5335857e-17  1.1369879e-17 

CM Pos
9.9992184      0.011798189   
10.001323      0.010364703   
10.001562      0.0098217025  
17.321727      0.013239221   

Stress
19.8534      0.0149326    -0.000400194  0.0590718    0.0709661    0.042894    
0.0149326    19.8164      0.0203774     0.0709661    0.0977038    0.0352096   
-0.000400194 0.0203774    19.8306       0.042894     0.0352096    0.0771395   

Stress Spherical
0            0            0             0            0            0           
0            0            0             0            0            0           
0            0            0             0            0            0           

Inertia
266.736      -100.014     -99.9942      0.339598     0.184812     0.141959    
-100.014     266.68       -99.9992      0.184812     0.344749     0.191034    
-99.9942     -99.9992     266.682       0.141959     0.191034     0.321492    

Bond Length
0.62247592    0.00069210868

BB bond length
0.62247592    0.00069210868

Water EE distance
0             0           

PEG EE distance
6.4624889     0.056725065 

BBB P2(x)
0.068202931   0.0048592139

BBB first bond length
0.62259421    0.00063143868

BBB second bond length
0.62250197    0.00070622715

BBB <phi**2>/<phi>**2
1.1163417     0.0026982804

Time = 16000
Temperature
1.0102377     0.0033464077

Pressure
22.837222     0.067182625 

CM Mom
-5.0923215e-17 2.3481697e-17 
-5.553419e-17  1.3918744e-17 
2.8216934e-17  2.4784131e-17 
8.7110409e-17  1.5638628e-17 

CM Pos
9.9983007      0.01004693    
9.9978188      0.0088129558  
9.9975576      0.01088       
17.316863      0.0097504911  

Stress
19.8252      -0.014833    -0.00412557   0.0954539    0.0326633    0.0427587   
-0.014833    19.7807      0.0142098     0.0326633    0.0779476    0.0713553   
-0.00412557  0.0142098    19.8235       0.0427587    0.0713553    0.0917365   

Stress Spherical
0            0            0             0            0            0           
0            0            0             0            0            0           
0            0            0             0            0            0           

Inertia
266.569      -99.9826     -99.9317      0.208861     0.185161     0.155578    
-99.9826     266.582      -99.9563      0.185161     0.261301     0.0490761   
-99.9317     -99.9563     266.583       0.155578     0.0490761    0.3048      

Bond Length
0.62201854    0.0008186118

BB bond length
0.62201854    0.0008186118

Water EE distance
0             0           

PEG EE distance
6.4005299     0.10120886  

BBB P2(x)
0.06595723    0.0052019042

BBB first bond length
0.62209158    0.00081632948

BBB second bond length
0.6220935     0.00093851386

BBB <phi**2>/<phi>**2
1.1154076     0.0021088173

Time = 17000
Temperature
1.0104741     0.0051566566

Pressure
22.870412     0.059476197 

CM Mom
-4.5552041e-17 1.6479927e-17 
-4.0646393e-17 2.5623143e-17 
1.838393e-17   1.8104742e-17 
6.8821108e-17  2.4179678e-17 

CM Pos
9.994213       0.0097505865  
9.9977354      0.0079182241  
10.004815      0.0087032961  
17.318647      0.0064633233  

Stress
19.8384      0.0112797    -0.0391354    0.0803063    0.0533789    0.0367161   
0.0112797    19.8322      -0.00670973   0.0533789    0.0548385    0.0380408   
-0.0391354   -0.00670973  19.8562       0.0367161    0.0380408    0.093926    

Stress Spherical
0            0            0             0            0            0           
0            0            0             0            0            0           
0            0            0             0            0            0           

Inertia
266.716      -99.9299     -100.022      0.226169     0.151622     0.09098     
-99.9299     266.642      -100.015      0.151622     0.233383     0.146904    
-100.022     -100.015     266.502       0.09098      0.146904     0.188951    

Bond Length
0.62188357    0.00084334995

BB bond length
0.62188357    0.00084334995

Water EE distance
0             0           

PEG EE distance
6.3742795     0.077088369 

BBB P2(x)
0.068660404   0.0072852108

BBB first bond length
0.62195072    0.00091999756

BBB second bond length
0.62192449    0.00083092161

BBB <phi**2>/<phi>**2
1.1165195     0.0029948112

Time = 18000
Temperature
1.0109956     0.0053549598

Pressure
22.854889     0.094700581 

CM Mom
-6.9202312e-17 2.4836091e-17 
-2.7729874e-17 1.5626317e-17 
4.8379031e-17  1.9203131e-17 
9.3149726e-17  2.124473e-17  

CM Pos
10.00339       0.015118116   
10.000905      0.011353289   
9.9966399      0.0078684082  
17.321056      0.013019997   

Stress
19.8302      0.00406243   0.0147227     0.0833465    0.0446488    0.0429645   
0.00406243   19.8233      0.0280595     0.0446488    0.12413      0.0451177   
0.0147227    0.0280595    19.822        0.0429645    0.0451177    0.101648    

Stress Spherical
0            0            0             0            0            0           
0            0            0             0            0            0           
0            0            0             0            0            0           

Inertia
266.616      -100.014     -99.9928      0.33292      0.203469     0.229303    
-100.014     266.659      -100.008      0.203469     0.327009     0.184143    
-99.9928     -100.008     266.75        0.229303     0.184143     0.372229    

Bond Length
0.62225054    0.00096600302

BB bond length
0.62225054    0.00096600302

Water EE distance
0             0           

PEG EE distance
6.1826605     0.076836807 

BBB P2(x)
0.06956987    0.0049729194

BBB first bond length
0.62239605    0.00099817835

BBB second bond length
0.62230483    0.00095928519

BBB <phi**2>/<phi>**2
1.1166669     0.0031579027

Time = 19000
Temperature
1.0111718     0.005334355 

Pressure
22.832313     0.039660218 

CM Mom
-6.2043969e-17 1.8519773e-17 
-9.1477394e-18 1.4156629e-17 
4.2854544e-17  1.9444537e-17 
7.8732903e-17  2.2186919e-17 

CM Pos
10.003056      0.0074434334  
9.9972348      0.012430133   
9.9978913      0.0087658432  
17.319465      0.00860861    

Stress
19.8421      -0.0047826   -0.0135346    0.043884     0.0449065    0.0548092   
-0.0047826   19.777       0.00478016    0.0449065    0.0802269    0.05128     
-0.0135346   0.00478016   19.7871       0.0548092    0.05128      0.0810822   

Stress Spherical
0            0            0             0            0            0           
0            0            0             0            0            0           
0            0            0             0            0            0           

Inertia
266.571      -100.01      -99.9871      0.325858     0.1357       0.126909    
-100.01      266.678      -99.969       0.1357       0.243049     0.132671    
-99.9871     -99.969      266.679       0.126909     0.132671     0.248258    

Bond Length
0.62308127    0.00072958287

BB bond length
0.62308127    0.00072958287

Water EE distance
0             0           

PEG EE distance
6.3438204     0.05888786  

BBB P2(x)
0.066763897   0.0068965564

BBB first bond length
0.62313253    0.0006861355

BBB second bond length
0.62323549    0.00081549176

BBB <phi**2>/<phi>**2
1.1164007     0.0024124348

Time = 20000
Temperature
1.0092387     0.0045300141

Pressure
22.89391      0.056001872 

CM Mom
-4.8204155e-17 1.7501865e-17 
5.0907991e-18  1.6445134e-17 
4.5127181e-17  4.4342843e-17 
7.7806406e-17  2.9584251e-17 

CM Pos
10.001471      0.0085337194  
10.00491       0.0086233648  
9.9929693      0.011439699   
17.320142      0.0067844685  

Stress
19.8759      0.000198142  -0.0101063    0.0830477    0.0479456    0.0378071   
0.000198142  19.8712      0.018015      0.0479456    0.0952012    0.0332219   
-0.0101063   0.018015     19.8613       0.0378071    0.0332219    0.063921    

Stress Spherical
0            0            0             0            0            0           
0            0            0             0            0            0           
0            0            0             0            0            0           

Inertia
266.634      -100.02      -99.9542      0.221252     0.147244     0.183856    
-100.02      266.557      -99.9877      0.147244     0.279747     0.099565    
-99.9542     -99.9877     266.794       0.183856     0.099565     0.210629    

Bond Length
0.62191552    0.00064311246

BB bond length
0.62191552    0.00064311246

Water EE distance
0             0           

PEG EE distance
6.4617856     0.073372685 

BBB P2(x)
0.069139391   0.005474584 

BBB first bond length
0.6220396     0.00070170949

BBB second bond length
0.62204503    0.00061207576

BBB <phi**2>/<phi>**2
1.1168667     0.0030163641

Time = 21000
Temperature
1.0120339     0.0084505397

Pressure
22.873197     0.053520905 

CM Mom
-7.0461929e-17 2.8852916e-17 
-6.9031198e-18 1.6673501e-17 
3.1397699e-17  1.7107156e-17 
8.3215951e-17  2.1831368e-17 

CM Pos
10.002305      0.011804971   
10.001656      0.0080468211  
9.9996432      0.011584787   
17.322596      0.010327922   

Stress
19.8371      -0.0203123   0.00864209    0.0851841    0.0379851    0.0414384   
-0.0203123   19.8482      0.00768624    0.0379851    0.0678272    0.0301929   
0.00864209   0.00768624   19.8359       0.0414384    0.0301929    0.0665902   

Stress Spherical
0            0            0             0            0            0           
0            0            0             0            0            0           
0            0            0             0            0            0           

Inertia
266.7        -100.036     -99.9981      0.315234     0.144934     0.174688    
-100.036     266.706      -99.9737      0.144934     0.320695     0.181006    
-99.9981     -99.9737     266.76        0.174688     0.181006     0.315484    

Bond Length
0.62227098    0.0006794875

BB bond length
0.62227098    0.0006794875

Water EE distance
0             0           

PEG EE distance
6.2662861     0.048402039 

BBB P2(x)
0.069658046   0.0045038996

BBB first bond length
0.6222816     0.00075388672

BBB second bond length
0.62230052    0.00064703503

BBB <phi**2>/<phi>**2
1.1167505     0.0022789665

Time = 22000
Temperature
1.010323      0.0058826698

Pressure
22.870939     0.06779413  

CM Mom
-9.1077165e-17 1.1069473e-17 
-4.0848476e-17 2.2523865e-17 
1.779279e-17   2.4467751e-17 
1.0641139e-16  1.3615312e-17 

CM Pos
9.9944632      0.0085565238  
10.000989      0.017442539   
9.9971405      0.010218638   
17.316239      0.015882487   

Stress
19.8533      -0.0028494   -0.0255825    0.0749206    0.0582961    0.0334211   
-0.0028494   19.8285      -0.00846078   0.0582961    0.107631     0.0466266   
-0.0255825   -0.00846078  19.848        0.0334211    0.0466266    0.0853001   

Stress Spherical
0            0            0             0            0            0           
0            0            0             0            0            0           
0            0            0             0            0            0           

Inertia
266.637      -99.9269     -99.8799      0.484345     0.261669     0.166486    
-99.9269     266.512      -99.9541      0.261669     0.27391      0.227964    
-99.8799     -99.9541     266.58        0.166486     0.227964     0.29796     

Bond Length
0.62228218    0.0011679181

BB bond length
0.62228218    0.0011679181

Water EE distance
0             0           

PEG EE distance
6.3107229     0.059765517 

BBB P2(x)
0.066373116   0.0036424259

BBB first bond length
0.62241705    0.0011713457

BBB second bond length
0.62230345    0.0012214183

BBB <phi**2>/<phi>**2
1.1161379     0.0019813885

Time = 23000
Temperature
1.0126767     0.0030706302

Pressure
22.870862     0.061872521 

CM Mom
-9.1968043e-17 1.7440253e-17 
-1.6715632e-17 2.2561428e-17 
1.1159886e-17  1.7141535e-17 
9.8424683e-17  1.6783051e-17 

CM Pos
9.9968825      0.014869325   
10.000572      0.015977546   
9.9991426      0.0093998939  
17.318554      0.013754757   

Stress
19.7963      -0.00329974  -0.0239859    0.125298     0.0562838    0.0484671   
-0.00329974  19.839       -0.0138526    0.0562838    0.0755109    0.0523666   
-0.0239859   -0.0138526   19.8731       0.0484671    0.0523666    0.0828251   

Stress Spherical
0            0            0             0            0            0           
0            0            0             0            0            0           
0            0            0             0            0            0           

Inertia
266.658      -100.033     -99.9602      0.442321     0.14369      0.214876    
-100.033     266.591      -100.006      0.14369      0.376402     0.220211    
-99.9602     -100.006     266.623       0.214876     0.220211     0.297732    

Bond Length
0.62242569    0.0012827472

BB bond length
0.62242569    0.0012827472

Water EE distance
0             0           

PEG EE distance
6.3459437     0.056212862 

BBB P2(x)
0.067588225   0.0066596685

BBB first bond length
0.62245799    0.0012918947

BBB second bond length
0.62247142    0.0012477186

BBB <phi**2>/<phi>**2
1.1163592     0.0025209824

Time = 24000
Temperature
1.0093783     0.0053150544

Pressure
22.881706     0.067959729 

CM Mom
-8.1459037e-17 1.6604037e-17 
-9.0959108e-18 2.9974942e-17 
-6.2072044e-19 1.9012845e-17 
8.947979e-17   1.5739832e-17 

CM Pos
10.002889      0.015613611   
9.9979022      0.0082959415  
10.002563      0.01384155    
17.322458      0.0067578145  

Stress
19.8545      -0.0233943   0.0205032     0.0938764    0.0382433    0.0477915   
-0.0233943   19.8561      0.0289064     0.0382433    0.0772075    0.0442311   
0.0205032    0.0289064    19.8599       0.0477915    0.0442311    0.106036    

Stress Spherical
0            0            0             0            0            0           
0            0            0             0            0            0           
0            0            0             0            0            0           

Inertia
266.671      -100.015     -100.062      0.407318     0.141875     0.132928    
-100.015     266.762      -99.999       0.141875     0.205695     0.184531    
-100.062     -99.999      266.669       0.132928     0.184531     0.242678    

Bond Length
0.62206271    0.00048028547

BB bond length
0.62206271    0.00048028547

Water EE distance
0             0           

PEG EE distance
6.430456      0.058187351 

BBB P2(x)
0.069744877   0.0056210514

BBB first bond length
0.62215281    0.00058688914

BBB second bond length
0.62209117    0.00047104598

BBB <phi**2>/<phi>**2
1.1168898     0.0030320969

Time = 25000
Temperature
1.0105924     0.0031457112

Pressure
22.901184     0.03260799  

CM Mom
-8.8263865e-17 1.2021551e-17 
-7.2150141e-18 1.9129829e-17 
-2.4021731e-17 3.083713e-17  
9.8234125e-17  1.5200764e-17 

CM Pos
9.9977168      0.0099021518  
10.000238      0.0097033644  
10.001228      0.0079760221  
17.320043      0.0045043658  

Stress
19.8904      0.0222897    0.00924998    0.0618738    0.0511806    0.0532746   
0.0222897    19.8556      -0.0013051    0.0511806    0.0916618    0.0373921   
0.00924998   -0.0013051   19.8721       0.0532746    0.0373921    0.0899327   

Stress Spherical
0            0            0             0            0            0           
0            0            0             0            0            0           
0            0            0             0            0            0           

Inertia
266.685      -99.9699     -99.98        0.19683      0.0605618    0.180628    
-99.9699     266.639      -100.01       0.0605618    0.247422     0.0934695   
-99.98       -100.01      266.609       0.180628     0.0934695    0.174647    

Bond Length
0.62251037    0.00052911299

BB bond length
0.62251037    0.00052911299

Water EE distance
0             0           

PEG EE distance
6.4202194     0.061970633 

BBB P2(x)
0.070706718   0.0054270142

BBB first bond length
0.62258121    0.00056352482

BBB second bond length
0.62255926    0.00060220079

BBB <phi**2>/<phi>**2
1.1166295     0.0019984083

Time = 26000
Temperature
1.0104415     0.0026339563

Pressure
22.869321     0.074943869 

CM Mom
-8.7444651e-17 1.4738561e-17 
-7.4286165e-19 1.4497213e-17 
-1.4961429e-17 1.5145393e-17 
9.1014589e-17  1.5623223e-17 

CM Pos
10.001221      0.01341255    
9.9993204      0.010092545   
9.9969736      0.014899017   
17.319087      0.0069681328  

Stress
19.8146      0.0180072    0.0101096     0.130435     0.0752723    0.0587906   
0.0180072    19.8598      -0.0138051    0.0752723    0.0607578    0.0624203   
0.0101096    -0.0138051   19.8495       0.0587906    0.0624203    0.0738492   

Stress Spherical
0            0            0             0            0            0           
0            0            0             0            0            0           
0            0            0             0            0            0           

Inertia
266.579      -100.038     -99.9698      0.327688     0.176903     0.112282    
-100.038     266.617      -99.9735      0.176903     0.228803     0.212141    
-99.9698     -99.9735     266.661       0.112282     0.212141     0.303207    

Bond Length
0.62221406    0.0007762814

BB bond length
0.62221406    0.0007762814

Water EE distance
0             0           

PEG EE distance
6.3990096     0.043778263 

BBB P2(x)
0.069578903   0.0060241161

BBB first bond length
0.62232816    0.00067632805

BBB second bond length
0.62235367    0.00077055763

BBB <phi**2>/<phi>**2
1.1164376     0.002792911 

Time = 27000
Temperature
1.0107393     0.0042087438

Pressure
22.852822     0.049344744 

CM Mom
-9.2133455e-17 1.7372441e-17 
-8.4206809e-18 1.5386271e-17 
-2.7349326e-17 2.2333833e-17 
1.0024188e-16  1.7215444e-17 

CM Pos
10.00047       0.0084237294  
9.9993204      0.009604964   
10.001729      0.011532102   
17.321392      0.0064923826  

Stress
19.8175      -0.0120707   -0.00792379   0.0791683    0.0612905    0.0490093   
-0.0120707   19.8512      -0.00664571   0.0612905    0.06941      0.0387813   
-0.00792379  -0.00664571  19.8029       0.0490093    0.0387813    0.055075    

Stress Spherical
0            0            0             0            0            0           
0            0            0             0            0            0           
0            0            0             0            0            0           

Inertia
266.701      -99.982      -100.021      0.324883     0.117831     0.087903    
-99.982      266.724      -99.9951      0.117831     0.179646     0.17536     
-100.021     -99.9951     266.675       0.087903     0.17536      0.201916    

Bond Length
0.62216525    0.00081970714

BB bond length
0.62216525    0.00081970714

Water EE distance
0             0           

PEG EE distance
6.0844137     0.094574645 

BBB P2(x)
0.0672571     0.0052226916

BBB first bond length
0.62218388    0.00078670986

BBB second bond length
0.6222952     0.00081356893

BBB <phi**2>/<phi>**2
1.116972      0.0026106941

Time = 28000
Temperature
1.011622      0.0057344736

Pressure
22.872141     0.072034114 

CM Mom
-8.3724843e-17 2.7165862e-17 
-1.64431e-17   1.4840652e-17 
-1.5420486e-17 2.6022169e-17 
9.1403321e-17  2.8263606e-17 

CM Pos
9.9998024      0.0086471401  
9.9971514      0.014922354   
10.001228      0.010631533   
17.319465      0.01350483    

Stress
19.8512      -0.00167897  0.032293      0.101358     0.0561884    0.0573693   
-0.00167897  19.802       0.0269361     0.0561884    0.0752485    0.0701852   
0.032293     0.0269361    19.8685       0.0573693    0.0701852    0.104579    

Stress Spherical
