Time = 500
Temperature
   1.0387437   0.041752166

Pressure
   22.865791    0.14200068

CM Mom
-1.9285638e-17 8.398692e-18  
2.9697615e-17  6.2384096e-18 
1.093646e-17   2.1036435e-17 
4.305695e-17   8.4603054e-18 

CM Pos
7.4942568      0.033448939   
7.5176376      0.024379331   
7.4863714      0.033653522   
12.989502      0.013849003   

Stress
19.7791      -0.052943    0.0296457     0.0791621    0.0685376    0.0486777   
-0.052943    19.7244      0.0564529     0.0685376    0.0953099    0.0744313   
0.0296457    0.0564529    19.7563       0.0486777    0.0744313    0.0406597   

Stress Spherical
0            0            0             0            0            0           
0            0            0             0            0            0           
0            0            0             0            0            0           

Inertia
149.59       -56.2691     -56.082       0.889217     0.0970158    0.107383    
-56.2691     149.279      -56.2655      0.0970158    0.309332     0.4782      
-56.082      -56.2655     149.744       0.107383     0.4782       0.20583     

Bond Length
0.61224696    0.0047229871

BB bond length
0.61224696    0.0047229871

Water EE distance
0             0           

PEG EE distance
3.8291711     0.18778022  

Time = 1000
Temperature
1.0157093     0.0046784126

Pressure
22.718061     0.039774796 

CM Mom
-2.598754e-17  1.3837464e-17 
5.7646407e-17  8.1305033e-18 
2.1137382e-17  1.1934545e-17 
6.9405642e-17  5.302841e-18  

CM Pos
7.4954434      0.022855367   
7.5036951      0.023459577   
7.4837015      0.011389115   
12.980526      0.0077911689  

Stress
19.6297      -0.007638    -0.0126189    0.0674927    0.0798948    0.119009    
-0.007638    19.7353      0.00273013    0.0798948    0.0728153    0.0429796   
-0.0126189   0.00273013   19.6586       0.119009     0.0429796    0.0693311   

Stress Spherical
0            0            0             0            0            0           
0            0            0             0            0            0           
0            0            0             0            0            0           

Inertia
149.433      -56.2285     -56.0698      0.322213     0.17062      0.158275    
-56.2285     149.282      -56.1426      0.17062      0.348199     0.168955    
-56.0698     -56.1426     149.594       0.158275     0.168955     0.384562    

Bond Length
0.61595938    0.0024729663

BB bond length
0.61595938    0.0024729663

Water EE distance
0             0           

PEG EE distance
3.7920968     0.1361341   

