Time = 1000
Temperature
   1.0486178   0.063099607

Pressure
   23.701614    0.32854738

CM Mom
-8.6405577e-17 2.7111163e-17 
-9.5152573e-18 2.8637213e-17 
4.7376133e-18  2.0914062e-16 
1.9756518e-16  1.1765124e-16 

CM Pos
7.5003119      0.021352464   
7.489819       0.010877676   
7.5020555      0.019747108   
12.985889      0.023635404   

Stress
20.5193      0.0138418    -0.022042     0.171817     0.0736991    0.0586347   
0.0138418    20.6333      -0.0299751    0.0736991    0.168502     0.0558298   
-0.022042    -0.0299751   20.5166       0.0586347    0.0558298    0.152739    

Stress Spherical
0            0            0             0            0            0           
0            0            0             0            0            0           
0            0            0             0            0            0           

Inertia
149.914      -56.1706     -56.2647      1.01745      0.213283     0.261809    
-56.1706     150.099      -56.1729      0.213283     1.23237      0.189844    
-56.2647     -56.1729     149.893       0.261809     0.189844     1.11346     

Bond Length
0.61970467    0.0026977551

BB bond length
0.61970467    0.0026977551

Water EE distance
0             0           

PEG EE distance
6.5068876     0.36868239  

BBB P2(x)
0.47178174    0.062498515 

BBB first bond length
0.62000585    0.0029284156

BBB second bond length
0.61957924    0.0024060245

BBB <phi**2>/<phi>**2
1.2174062     0.019244611 

Time = 2000
Temperature
1.0129719     0.0072120443

Pressure
23.464752     0.065557745 

CM Mom
-9.86517e-17   2.3483091e-17 
-6.7254422e-18 1.7480845e-17 
3.451769e-17   2.6190802e-17 
1.0915807e-16  2.4420699e-17 

CM Pos
7.5049054      0.01107273    
7.4967834      0.011092542   
7.507538       0.01590476    
12.995725      0.01094715    

Stress
20.3973      -0.0022923   0.00667552    0.0881137    0.0841386    0.047519    
-0.0022923   20.4535      -0.0127378    0.0841386    0.117388     0.0826255   
0.00667552   -0.0127378   20.4285       0.047519     0.0826255    0.0717065   

Stress Spherical
0            0            0             0            0            0           
0            0            0             0            0            0           
0            0            0             0            0            0           

Inertia
149.959      -56.2204     -56.3733      0.192674     0.184623     0.157333    
-56.2204     150.072      -56.3005      0.184623     0.271131     0.157117    
-56.3733     -56.3005     149.92        0.157333     0.157117     0.446766    

Bond Length
0.61953512    0.0029296948

BB bond length
0.61953512    0.0029296948

Water EE distance
0             0           

PEG EE distance
7.0303697     0.28481107  

BBB P2(x)
0.51278085    0.018655524 

BBB first bond length
0.61959375    0.0025227751

BBB second bond length
0.61915925    0.0027427877

BBB <phi**2>/<phi>**2
1.2219854     0.0086169162

Time = 3000
Temperature
1.0069174     0.0036567345

Pressure
23.511041     0.1346348   

CM Mom
-1.175162e-16  1.2728556e-17 
-8.9764186e-18 1.3762341e-17 
5.0048323e-17  1.8096347e-17 
1.2981686e-16  1.489789e-17  

CM Pos
7.5007564      0.012534794   
7.4991542      0.010154208   
7.4909421      0.0082833695  
12.985111      0.0091246377  

Stress
20.4941      -0.00533131  -0.0253346    0.127961     0.05655      0.075915    
-0.00533131  20.4695      0.0042123     0.05655      0.133322     0.0315908   
-0.0253346   0.0042123    20.5091       0.075915     0.0315908    0.162334    

Stress Spherical
0            0            0             0            0            0           
0            0            0             0            0            0           
0            0            0             0            0            0           

Inertia
149.799      -56.2276     -56.1795      0.236622     0.0774458    0.180085    
-56.2276     149.816      -56.1625      0.0774458    0.254729     0.11869     
-56.1795     -56.1625     149.95        0.180085     0.11869      0.186975    

Bond Length
0.61777122    0.0025393701

BB bond length
0.61777122    0.0025393701

Water EE distance
0             0           

PEG EE distance
7.5788209     0.1272929   

BBB P2(x)
0.50750195    0.014299727 

BBB first bond length
0.61765339    0.0029047435

BBB second bond length
0.6178442     0.0024546785

BBB <phi**2>/<phi>**2
1.2202413     0.0069449371

Time = 4000
Temperature
1.0054275     0.012102708 

Pressure
23.424498     0.073128733 

CM Mom
-9.3813599e-17 1.0395935e-17 
-2.5962554e-17 1.5605376e-17 
7.1114375e-17  2.076863e-17  
1.2319804e-16  1.1725253e-17 

CM Pos
7.4991264      0.010331059   
7.499006       0.013177797   
7.4962765      0.011806867   
12.987161      0.014592855   

Stress
20.4606      -0.00491567  -0.0222638    0.110603     0.0630708    0.0916539   
-0.00491567  20.3389      0.0133841     0.0630708    0.0818362    0.0626193   
-0.0222638   0.0133841    20.4269       0.0916539    0.0626193    0.103325    

Stress Spherical
0            0            0             0            0            0           
0            0            0             0            0            0           
0            0            0             0            0            0           

Inertia
149.877      -56.2347     -56.2468      0.32047      0.196366     0.135993    
-56.2347     149.893      -56.2204      0.196366     0.243478     0.153929    
-56.2468     -56.2204     149.933       0.135993     0.153929     0.276184    

Bond Length
0.61966667    0.0026195985

BB bond length
0.61966667    0.0026195985

Water EE distance
0             0           

PEG EE distance
7.288352      0.3617985   

BBB P2(x)
0.50464364    0.012981048 

BBB first bond length
0.61964836    0.0025101163

BBB second bond length
0.62001868    0.0025537993

BBB <phi**2>/<phi>**2
1.2306463     0.013548857 

Time = 5000
Temperature
1.0091226     0.0086619543

Pressure
23.517717     0.07763099  

CM Mom
-1.0055837e-16 2.9782809e-17 
-3.0217742e-17 2.0731302e-17 
8.8851909e-17  2.1118874e-17 
1.4000494e-16  3.2881371e-17 

CM Pos
7.50209        0.0091594741  
7.4969315      0.016947377   
7.4984992      0.010376652   
12.988961      0.013693571   

Stress
20.4991      0.0226078    0.00210897    0.11133      0.0727471    0.0985646   
0.0226078    20.5047      -0.0373249    0.0727471    0.0827194    0.0423037   
0.00210897   -0.0373249   20.469        0.0985646    0.0423037    0.0985976   

Stress Spherical
0            0            0             0            0            0           
0            0            0             0            0            0           
0            0            0             0            0            0           

Inertia
149.886      -56.2446     -56.2462      0.294752     0.183541     0.133498    
-56.2446     149.976      -56.2333      0.183541     0.185285     0.16451     
-56.2462     -56.2333     149.97        0.133498     0.16451      0.365185    

Bond Length
0.61985578    0.0037095983

BB bond length
0.61985578    0.0037095983

Water EE distance
0             0           

PEG EE distance
7.5863525     0.2352266   

BBB P2(x)
0.50655686    0.0073817125

BBB first bond length
0.61983163    0.004229924 

BBB second bond length
0.62007566    0.0035935684

BBB <phi**2>/<phi>**2
1.224834      0.012259661 

Time = 6000
Temperature
1.0122662     0.0085379944

Pressure
23.529899     0.05586349  

CM Mom
-8.6866205e-17 2.5230304e-17 
-2.8912903e-17 1.9880999e-17 
1.1511394e-16  1.6799991e-17 
1.4972152e-16  2.3031343e-17 

CM Pos
7.5010527      0.012520773   
7.5010805      0.010873638   
7.5032409      0.011831946   
12.993496      0.010055794   

Stress
20.4785      -0.0110345   -0.00917603   0.119423     0.0625037    0.0979736   
-0.0110345   20.5024      0.0336502     0.0625037    0.0767546    0.0987556   
-0.00917603  0.0336502    20.5002       0.0979736    0.0987556    0.0805956   

Stress Spherical
0            0            0             0            0            0           
0            0            0             0            0            0           
0            0            0             0            0            0           

Inertia
150.01       -56.2598     -56.302       0.244488     0.133781     0.102814    
-56.2598     150.018      -56.3004      0.133781     0.191646     0.158934    
-56.302      -56.3004     149.997       0.102814     0.158934     0.238611    

Bond Length
0.62023741    0.0030896596

BB bond length
0.62023741    0.0030896596

Water EE distance
0             0           

PEG EE distance
7.4929586     0.30232475  

BBB P2(x)
0.50989244    0.014177307 

BBB first bond length
0.62037745    0.0033023327

BBB second bond length
0.61987527    0.0030556711

BBB <phi**2>/<phi>**2
1.2267768     0.013492138 

Time = 7000
Temperature
1.0128275     0.0055265862

Pressure
23.517553     0.077150687 

CM Mom
-1.3898242e-16 2.5997787e-17 
-3.3167406e-17 2.4405032e-17 
1.5365081e-16  2.2864546e-17 
2.1266206e-16  2.4369865e-17 

CM Pos
7.5049054      0.015330456   
7.503155       0.013474372   
7.5026482      0.014521387   
12.996577      0.017091752   

Stress
20.4735      0.0131518    0.0282766     0.0688264    0.0664498    0.0564217   
0.0131518    20.5094      0.0238429     0.0664498    0.12521      0.0795295   
0.0282766    0.0238429    20.4561       0.0564217    0.0795295    0.148245    

Stress Spherical
0            0            0             0            0            0           
0            0            0             0            0            0           
0            0            0             0            0            0           

Inertia
150.067      -56.2788     -56.3256      0.278212     0.237043     0.217601    
-56.2788     150.09       -56.264       0.237043     0.417656     0.147455    
-56.3256     -56.264      150.098       0.217601     0.147455     0.396099    

Bond Length
0.61940535    0.0043391316

BB bond length
0.61940535    0.0043391316

Water EE distance
0             0           

PEG EE distance
7.0162484     0.13710511  

BBB P2(x)
0.52297897    0.0098353134

BBB first bond length
0.61954126    0.0042091083

BBB second bond length
0.61938341    0.0045554915

BBB <phi**2>/<phi>**2
1.2301162     0.0088348705

Time = 8000
Temperature
1.0137176     0.0090818281

Pressure
23.503908     0.082365917 

CM Mom
-1.3962346e-16 1.049662e-17  
-6.3132556e-17 1.2935078e-17 
1.6000625e-16  2.2457486e-17 
2.226704e-16   1.6797493e-17 

CM Pos
7.5032754      0.016410273   
7.4924862      0.015849443   
7.4925721      0.013206923   
12.983671      0.010164825   

Stress
20.5026      -0.0118722   -0.0192301    0.117607     0.0613454    0.0376561   
-0.0118722   20.4502      0.0427828     0.0613454    0.100995     0.0607472   
-0.0192301   0.0427828    20.4373       0.0376561    0.0607472    0.131175    

Stress Spherical
0            0            0             0            0            0           
0            0            0             0            0            0           
0            0            0             0            0            0           

Inertia
149.733      -56.2165     -56.2153      0.377727     0.123051     0.16585     
-56.2165     149.924      -56.1207      0.123051     0.222483     0.203922    
-56.2153     -56.1207     149.909       0.16585      0.203922     0.16113     

Bond Length
0.61933569    0.0041333845

BB bond length
0.61933569    0.0041333845

Water EE distance
0             0           

PEG EE distance
7.4999944     0.17905939  

BBB P2(x)
0.52106181    0.013075512 

BBB first bond length
0.61937502    0.0039891793

BBB second bond length
0.61937355    0.004126766 

BBB <phi**2>/<phi>**2
1.2310034     0.010451446 

Time = 9000
Temperature
1.0103389     0.0096681621

Pressure
23.42441      0.09363583  

CM Mom
-1.2561297e-16 1.6353731e-17 
-3.006132e-17  2.2387238e-17 
2.0696891e-16  2.0650697e-17 
2.4521774e-16  2.4119955e-17 

CM Pos
7.4982374      0.014001786   
7.4967834      0.010141226   
7.4979065      0.015887494   
12.986313      0.012127951   

Stress
20.3675      0.00181611   -0.0634774    0.130852     0.0545158    0.0834612   
0.00181611   20.3841      -0.0074822    0.0545158    0.106668     0.0718206   
-0.0634774   -0.0074822   20.4303       0.0834612    0.0718206    0.127542    

Stress Spherical
0            0            0             0            0            0           
0            0            0             0            0            0           
0            0            0             0            0            0           

Inertia
149.915      -56.2376     -56.2248      0.401395     0.115262     0.140873    
-56.2376     149.947      -56.2029      0.115262     0.269377     0.195182    
-56.2248     -56.2029     149.906       0.140873     0.195182     0.224271    

Bond Length
0.61941259    0.0020844789

BB bond length
0.61941259    0.0020844789

Water EE distance
0             0           

PEG EE distance
7.7902042     0.15538649  

BBB P2(x)
0.52639851    0.014911378 

BBB first bond length
0.61968409    0.0022641935

BBB second bond length
0.61908855    0.0020857703

BBB <phi**2>/<phi>**2
1.2228656     0.0086717531

Time = 10000
Temperature
1.013191      0.0078367841

Pressure
23.475672     0.090260321 

CM Mom
-1.5052197e-16 1.4156525e-17 
-1.7891283e-17 1.1827418e-17 
2.0598843e-16  1.3181286e-17 
2.5643264e-16  1.2827163e-17 

CM Pos
7.507128       0.015161236   
7.5016732      0.014095559   
7.4990919      0.011362416   
12.994955      0.012710868   

Stress
20.4561      0.00276359   0.0209943     0.124533     0.0795469    0.055959    
0.00276359   20.4448      0.0210854     0.0795469    0.109452     0.0599694   
0.0209943    0.0210854    20.4091       0.055959     0.0599694    0.0877348   

Stress Spherical
0            0            0             0            0            0           
0            0            0             0            0            0           
0            0            0             0            0            0           

Inertia
150.004      -56.3095     -56.2949      0.247603     0.136125     0.201982    
-56.3095     150.102      -56.2759      0.136125     0.361134     0.14339     
-56.2949     -56.2759     150.125       0.201982     0.14339      0.313552    

Bond Length
0.62043121    0.0036871166

BB bond length
0.62043121    0.0036871166

Water EE distance
0             0           

PEG EE distance
8.2956423     0.21202482  

BBB P2(x)
0.52443956    0.011723493 

BBB first bond length
0.62028592    0.0037905813

BBB second bond length
0.62035951    0.0037596914

BBB <phi**2>/<phi>**2
1.2297882     0.011682539 

Time = 11000
Temperature
1.0103229     0.011087909 

Pressure
23.533381     0.1281217   

CM Mom
-1.5804255e-16 1.7497571e-17 
6.4198649e-18  1.4311612e-17 
2.1958669e-16  2.5312413e-17 
2.7153582e-16  2.5631577e-17 

CM Pos
7.5001637      0.015837664   
7.4993024      0.01490712    
7.4977583      0.014540275   
12.988789      0.020662951   

Stress
20.4565      0.00386971   0.0161009     0.159594     0.0592047    0.0408573   
0.00386971   20.5092      -0.0250347    0.0592047    0.164392     0.107005    
0.0161009    -0.0250347   20.5433       0.0408573    0.107005     0.134899    

Stress Spherical
0            0            0             0            0            0           
0            0            0             0            0            0           
0            0            0             0            0            0           

Inertia
149.979      -56.257      -56.2405      0.334308     0.191717     0.232151    
-56.257      149.99       -56.2111      0.191717     0.398208     0.204244    
-56.2405     -56.2111     149.986       0.232151     0.204244     0.400401    

Bond Length
0.61963721    0.0027774585

BB bond length
0.61963721    0.0027774585

Water EE distance
0             0           

PEG EE distance
8.1676128     0.30256679  

BBB P2(x)
0.5119631     0.01260793  

BBB first bond length
0.61958041    0.0029202903

BBB second bond length
0.61939882    0.0025401011

BBB <phi**2>/<phi>**2
1.2251602     0.0094769143

Time = 12000
Temperature
1.0103023     0.0056962672

Pressure
23.474773     0.091118538 

CM Mom
-1.435403e-16  1.7937837e-17 
3.0139874e-17  1.5699988e-17 
2.3582561e-16  3.5921179e-17 
2.7905476e-16  3.3361273e-17 

CM Pos
7.50209        0.015918559   
7.4957461      0.014971786   
7.5051672      0.015799493   
12.992134      0.016927184   

Stress
20.432       0.0189374    -0.0161145    0.125422     0.0423911    0.0425847   
0.0189374    20.4505      0.0322302     0.0423911    0.110209     0.0525885   
-0.0161145   0.0322302    20.4509       0.0425847    0.0525885    0.130262    

Stress Spherical
0            0            0             0            0            0           
0            0            0             0            0            0           
0            0            0             0            0            0           

Inertia
150.009      -56.2081     -56.2958      0.335652     0.140015     0.190168    
-56.2081     150.116      -56.2323      0.140015     0.400997     0.186676    
-56.2958     -56.2323     149.943       0.190168     0.186676     0.354886    

Bond Length
0.61905206    0.0037675517

BB bond length
0.61905206    0.0037675517

Water EE distance
0             0           

PEG EE distance
7.4690219     0.15762624  

BBB P2(x)
0.51418844    0.0089563741

BBB first bond length
0.61918877    0.0041090941

BBB second bond length
0.61901884    0.0037196463

BBB <phi**2>/<phi>**2
1.2257353     0.011171278 

Time = 13000
Temperature
1.0123805     0.0067538965

Pressure
23.46968      0.088063411 

CM Mom
-1.6580701e-16 1.620505e-17  
5.1203526e-17  8.8882431e-18 
2.1421859e-16  4.6498211e-17 
2.7808007e-16  3.4329724e-17 

CM Pos
7.4973483      0.020135234   
7.4951534      0.015056605   
7.498351       0.017219848   
12.985116      0.022647962   

Stress
20.4356      -0.012137    -0.00500899   0.137239     0.0533269    0.0461496   
-0.012137    20.4445      -0.00240414   0.0533269    0.0980662    0.0824139   
-0.00500899  -0.00240414  20.4193       0.0461496    0.0824139    0.107447    

Stress Spherical
0            0            0             0            0            0           
0            0            0             0            0            0           
0            0            0             0            0            0           

Inertia
149.91       -56.2068     -56.2074      0.388657     0.238655     0.245271    
-56.2068     149.94       -56.2125      0.238655     0.431137     0.20107     
-56.2074     -56.2125     149.881       0.245271     0.20107      0.531772    

Bond Length
0.61910253    0.0023001131

BB bond length
0.61910253    0.0023001131

Water EE distance
0             0           

PEG EE distance
7.4612063     0.1154462   

BBB P2(x)
0.52027856    0.013105179 

BBB first bond length
0.61910764    0.0021623261

BBB second bond length
0.61924213    0.0021329814

BBB <phi**2>/<phi>**2
1.2326526     0.011704824 

Time = 14000
Temperature
1.0120652     0.012363251 

Pressure
23.467761     0.10621156  

CM Mom
-1.526617e-16  1.9690259e-17 
4.5515799e-17  1.8121712e-17 
1.7938168e-16  1.9046849e-17 
2.4147801e-16  1.7953442e-17 

CM Pos
7.4960147      0.015656401   
7.501525       0.016364047   
7.5025         0.019636164   
12.990428      0.017148347   

Stress
20.4639      -0.0137599   -0.0166232    0.166697     0.0878813    0.072302    
-0.0137599   20.418       -0.0300233    0.0878813    0.104626     0.0764722   
-0.0166232   -0.0300233   20.4147       0.072302     0.0764722    0.0805437   

Stress Spherical
0            0            0             0            0            0           
0            0            0             0            0            0           
0            0            0             0            0            0           

Inertia
150.049      -56.1965     -56.242       0.425361     0.196323     0.160574    
-56.1965     149.976      -56.2757      0.196323     0.294945     0.233061    
-56.242      -56.2757     149.94        0.160574     0.233061     0.322353    

Bond Length
0.61821762    0.001666265 

BB bond length
0.61821762    0.001666265 

Water EE distance
0             0           

PEG EE distance
7.6487683     0.26902425  

BBB P2(x)
0.51276191    0.020050896 

BBB first bond length
0.6182994     0.0020077542

BBB second bond length
0.61809443    0.0015887676

BBB <phi**2>/<phi>**2
1.2232585     0.0085024254

Time = 15000
Temperature
1.0099523     0.0080924729

Pressure
23.459261     0.077094197 

CM Mom
-1.5615575e-16 1.7567587e-17 
6.111491e-17   6.9294206e-18 
1.907958e-16   1.4901548e-17 
2.5446312e-16  1.8705607e-17 

CM Pos
7.4930512      0.018053337   
7.504044       0.0085955675  
7.4992401      0.010508067   
12.988278      0.015159704   

Stress
20.4265      0.0106592    -0.0068852    0.0859325    0.0746243    0.0660781   
0.0106592    20.4373      -0.0240306    0.0746243    0.138347     0.0876725   
-0.0068852   -0.0240306   20.4262       0.0660781    0.0876725    0.106849    

Stress Spherical
0            0            0             0            0            0           
0            0            0             0            0            0           
0            0            0             0            0            0           

Inertia
150.062      -56.2233     -56.2187      0.241072     0.180924     0.181781    
-56.2233     149.888      -56.2734      0.180924     0.26883      0.168606    
-56.2187     -56.2734     149.946       0.181781     0.168606     0.340909    

Bond Length
0.6210623     0.0026813127

BB bond length
0.6210623     0.0026813127

Water EE distance
0             0           

PEG EE distance
7.344046      0.10783767  

BBB P2(x)
0.50397362    0.012061285 

BBB first bond length
0.62134825    0.0030203682

BBB second bond length
0.62118005    0.0027658224

BBB <phi**2>/<phi>**2
1.2237789     0.0080982478

Time = 16000
Temperature
1.011572      0.005976064 

Pressure
23.485792     0.064920532 

CM Mom
-1.3899722e-16 1.7167305e-17 
5.4851466e-17  1.5753553e-17 
2.1132774e-16  1.5095789e-17 
2.5991333e-16  1.4288437e-17 

CM Pos
7.5132033      0.012446903   
7.5025623      0.015331172   
7.4977583      0.014357925   
12.998213      0.00947105    

Stress
20.4525      0.00498759   -0.0328982    0.0735049    0.0444516    0.0472902   
0.00498759   20.4523      -0.00735492   0.0444516    0.0825884    0.0386252   
-0.0328982   -0.00735492  20.4502       0.0472902    0.0386252    0.0938614   

Stress Spherical
0            0            0             0            0            0           
0            0            0             0            0            0           
0            0            0             0            0            0           

Inertia
150.017      -56.3909     -56.2782      0.253189     0.167747     0.117266    
-56.3909     150.165      -56.2187      0.167747     0.279206     0.123753    
-56.2782     -56.2187     150.246       0.117266     0.123753     0.338917    

Bond Length
0.62000447    0.0022113341

BB bond length
0.62000447    0.0022113341

Water EE distance
0             0           

PEG EE distance
7.4074029     0.18447727  

BBB P2(x)
0.51537633    0.012447257 

BBB first bond length
0.6198462     0.00255321  

BBB second bond length
0.61982692    0.0023557374

BBB <phi**2>/<phi>**2
1.2232044     0.0062606057

Time = 17000
Temperature
1.0023027     0.0065595919

Pressure
23.500371     0.1007149   

CM Mom
-1.2111088e-16 2.2421059e-17 
6.0327729e-17  1.3954759e-17 
1.8236644e-16  2.0237829e-17 
2.2873029e-16  1.882191e-17  

CM Pos
7.5001637      0.015444608   
7.5052295      0.011554989   
7.5062044      0.0090084071  
12.997083      0.01751755    

Stress
20.5092      -0.00721083  -0.00716779   0.148766     0.0586703    0.0376394   
-0.00721083  20.5072      -2.10897e-05  0.0586703    0.0998461    0.0476553   
-0.00716779  -2.10897e-05 20.4657       0.0376394    0.0476553    0.123307    

Stress Spherical
0            0            0             0            0            0           
0            0            0             0            0            0           
0            0            0             0            0            0           

Inertia
150.189      -56.3278     -56.2825      0.252328     0.208557     0.207599    
-56.3278     150.113      -56.3288      0.208557     0.339353     0.128519    
-56.2825     -56.3288     150.1         0.207599     0.128519     0.339077    

Bond Length
0.61819015    0.0041940925

BB bond length
0.61819015    0.0041940925

Water EE distance
0             0           

PEG EE distance
7.3105695     0.1442003   

BBB P2(x)
0.52377918    0.013433539 

BBB first bond length
0.61826812    0.0042244667

BBB second bond length
0.61806012    0.0042037221

BBB <phi**2>/<phi>**2
1.2240799     0.010826962 

Time = 18000
Temperature
1.011997      0.0092891027

Pressure
23.461006     0.064029368 

CM Mom
-1.2033631e-16 2.2342154e-17 
5.7037255e-17  1.0321562e-17 
1.9028842e-16  1.8923843e-17 
2.3323128e-16  2.2599688e-17 

CM Pos
7.5019418      0.01146246    
7.4975242      0.01417323    
7.5059081      0.015041285   
12.9935        0.012750101   

Stress
20.4074      -0.00710012  -0.0238588    0.0912283    0.0495134    0.0667707   
-0.00710012  20.449       0.034806      0.0495134    0.122721     0.065299    
-0.0238588   0.034806     20.4205       0.0667707    0.065299     0.113872    

Stress Spherical
0            0            0             0            0            0           
0            0            0             0            0            0           
0            0            0             0            0            0           

Inertia
150.044      -56.2476     -56.3075      0.258173     0.154583     0.162782    
-56.2476     150.11       -56.2551      0.154583     0.373255     0.113293    
-56.3075     -56.2551     149.989       0.162782     0.113293     0.239531    

Bond Length
0.61997485    0.0030815938

BB bond length
0.61997485    0.0030815938

Water EE distance
0             0           

PEG EE distance
7.5079134     0.11725316  

BBB P2(x)
0.50845691    0.010081488 

BBB first bond length
0.61996411    0.0034049351

BBB second bond length
0.62025696    0.0028275446

BBB <phi**2>/<phi>**2
1.2236518     0.010131361 

Time = 19000
Temperature
1.0081789     0.0078876132

Pressure
23.464275     0.066789355 

CM Mom
-1.0414524e-16 1.7521732e-17 
8.1706829e-17  2.0285965e-17 
1.6285501e-16  2.360252e-17  
2.1136188e-16  2.5411761e-17 

CM Pos
7.4994228      0.014235061   
7.5018214      0.010969133   
7.5036854      0.0097718485  
12.993239      0.010579122   

Stress
20.3976      0.0101729    0.0325319     0.0975347    0.0539547    0.0549785   
0.0101729    20.4361      0.0123251     0.0539547    0.119976     0.0621308   
0.0325319    0.0123251    20.4873       0.0549785    0.0621308    0.0713246   

Stress Spherical
0            0            0             0            0            0           
0            0            0             0            0            0           
0            0            0             0            0            0           

Inertia
150.112      -56.2153     -56.2723      0.231745     0.125568     0.144458    
-56.2153     150.078      -56.2828      0.125568     0.237308     0.136709    
-56.2723     -56.2828     150.03        0.144458     0.136709     0.229007    

Bond Length
0.61941387    0.0029643451

BB bond length
0.61941387    0.0029643451

Water EE distance
0             0           

PEG EE distance
7.6618318     0.17955888  

BBB P2(x)
0.51245261    0.011977616 

BBB first bond length
0.61924889    0.0035496236

BBB second bond length
0.61927991    0.0029119532

BBB <phi**2>/<phi>**2
1.2223088     0.0083391768

Time = 20000
Temperature
1.0112291     0.0066067784

Pressure
23.492218     0.080587574 

CM Mom
-8.2676959e-17 3.4180457e-17 
9.1435196e-17  1.8356652e-17 
1.9999492e-16  2.0012631e-17 
2.3846753e-16  1.5259628e-17 

CM Pos
7.5009046      0.01199139    
7.5010805      0.013040455   
7.5038336      0.013690182   
12.993754      0.012703792   

Stress
20.5127      -0.00939505  0.0296981     0.078012     0.0794754    0.0940182   
-0.00939505  20.4099      0.0461736     0.0794754    0.0759006    0.0520095   
0.0296981    0.0461736    20.4547       0.0940182    0.0520095    0.120862    

Stress Spherical
0            0            0             0            0            0           
0            0            0             0            0            0           
0            0            0             0            0            0           

Inertia
150.069      -56.2325     -56.2603      0.264976     0.145398     0.150255    
-56.2325     150.066      -56.2635      0.145398     0.28292      0.165832    
-56.2603     -56.2635     150.026       0.150255     0.165832     0.283075    

Bond Length
0.62050929    0.0026448255

BB bond length
0.62050929    0.0026448255

Water EE distance
0             0           

PEG EE distance
7.2422222     0.17782459  

BBB P2(x)
0.51584308    0.011174874 

BBB first bond length
0.62086178    0.0025650287

BBB second bond length
0.62041025    0.00262458  

BBB <phi**2>/<phi>**2
1.2220225     0.013804258 

Time = 21000
Temperature
1.009224      0.007848154 

Pressure
23.40351      0.11307606  

CM Mom
-7.3748179e-17 1.19566e-17   
8.7726592e-17  3.1378224e-17 
2.1501715e-16  1.028672e-17  
2.458081e-16   1.3374319e-17 

CM Pos
7.5089061      0.01971428    
7.5073039      0.011382688   
7.506649       0.0096815546  
13.003592      0.016708517   

Stress
20.3843      0.063344     0.00875036    0.115777     0.0669609    0.0739269   
0.063344     20.3988      -0.00731083   0.0669609    0.156732     0.0720729   
0.00875036   -0.00731083  20.3461       0.0739269    0.0720729    0.160597    

Stress Spherical
0            0            0             0            0            0           
0            0            0             0            0            0           
0            0            0             0            0            0           

Inertia
150.212      -56.3839     -56.3748      0.226707     0.163872     0.198845    
-56.3839     150.238      -56.3481      0.163872     0.352021     0.131213    
-56.3748     -56.3481     150.249       0.198845     0.131213     0.376086    

Bond Length
0.62016639    0.0030592232

BB bond length
0.62016639    0.0030592232

Water EE distance
0             0           

PEG EE distance
7.2961052     0.29308024  

BBB P2(x)
0.5112123     0.0094590617

BBB first bond length
0.62025103    0.003007528 

BBB second bond length
0.62024742    0.0034252858

BBB <phi**2>/<phi>**2
1.2290396     0.010377171 

Time = 22000
Temperature
1.0105013     0.0052721388

Pressure
23.528        0.083335915 

CM Mom
-8.6888208e-17 1.0430842e-17 
8.7913311e-17  1.3589965e-17 
2.2403216e-16  1.2422444e-17 
2.5636004e-16  1.4002067e-17 

CM Pos
7.4964592      0.011235132   
7.5013769      0.013948368   
7.498351       0.012989845   
12.988196      0.0084069231  

Stress
20.4812      0.0212933    -0.0287972    0.109138     0.0340454    0.0921246   
0.0212933    20.5024      -0.0214552    0.0340454    0.141104     0.0680483   
-0.0287972   -0.0214552   20.5077       0.0921246    0.0680483    0.0766823   

Stress Spherical
0            0            0             0            0            0           
0            0            0             0            0            0           
0            0            0             0            0            0           

Inertia
149.99       -56.1583     -56.2156      0.219768     0.122388     0.180726    
-56.1583     149.939      -56.2096      0.122388     0.260122     0.11999     
-56.2156     -56.2096     149.992       0.180726     0.11999      0.178117    

Bond Length
0.62031772    0.0038912677

BB bond length
0.62031772    0.0038912677

Water EE distance
0             0           

PEG EE distance
7.0451807     0.21613358  

BBB P2(x)
0.5083184     0.010252951 

BBB first bond length
0.62028496    0.0039800065

BBB second bond length
0.62040091    0.0039998494

BBB <phi**2>/<phi>**2
1.2230801     0.010989153 

Time = 23000
Temperature
1.0126622     0.0090044435

Pressure
23.497618     0.064733999 

CM Mom
-6.8130986e-17 1.314215e-17  
6.8719932e-17  2.8180091e-17 
2.1560185e-16  2.3365037e-17 
2.3861474e-16  2.0595589e-17 

CM Pos
7.5053499      0.009216826   
7.5018214      0.0075264794  
7.5047226      0.0095064793  
12.997254      0.0092132672  

Stress
20.441       -0.0112921   0.0310874     0.0759764    0.043388     0.0783581   
-0.0112921   20.4488      -0.00590951   0.043388     0.0972092    0.0526637   
0.0310874    -0.00590951  20.4909       0.0783581    0.0526637    0.125671    

Stress Spherical
0            0            0             0            0            0           
0            0            0             0            0            0           
0            0            0             0            0            0           

Inertia
150.091      -56.3319     -56.3351      0.163108     0.112471     0.122252    
-56.3319     150.18       -56.2752      0.112471     0.243126     0.07466     
-56.3351     -56.2752     150.127       0.122252     0.07466      0.199946    

Bond Length
0.6208        0.0025039728

BB bond length
0.6208        0.0025039728

Water EE distance
0             0           

PEG EE distance
7.1743047     0.28483412  

BBB P2(x)
0.51172509    0.012056956 

BBB first bond length
0.62081979    0.0024366169

BBB second bond length
0.620366      0.0024212367

BBB <phi**2>/<phi>**2
1.2240541     0.012065005 

Time = 24000
Temperature
1.0108097     0.006976983 

Pressure
23.48641      0.089212007 

CM Mom
-8.6085468e-17 2.687249e-17  
4.0494132e-17  2.4199321e-17 
1.9449768e-16  2.1033176e-17 
2.1906498e-16  2.5308028e-17 

CM Pos
7.4951256      0.019990227   
7.500636       0.010494477   
7.5063526      0.011235132   
12.991625      0.010082803   

Stress
20.4432      0.0195493    0.0136068     0.0856674    0.073277     0.0798397   
0.0195493    20.4154      -0.0195163    0.073277     0.176207     0.0717673   
0.0136068    -0.0195163   20.5051       0.0798397    0.0717673    0.0851832   

Stress Spherical
0            0            0             0            0            0           
0            0            0             0            0            0           
0            0            0             0            0            0           

Inertia
150.12       -56.209      -56.2536      0.24563      0.130877     0.196484    
-56.209      150.037      -56.2747      0.130877     0.323808     0.130478    
-56.2536     -56.2747     149.963       0.196484     0.130478     0.304145    

Bond Length
0.61811832    0.0018012735

BB bond length
0.61811832    0.0018012735

Water EE distance
0             0           

PEG EE distance
7.3332446     0.20367129  

BBB P2(x)
0.51698601    0.010070349 

BBB first bond length
0.61829912    0.0017703305

BBB second bond length
0.61810585    0.0015408576

BBB <phi**2>/<phi>**2
1.225345      0.01163253  

Time = 25000
Temperature
1.0106336     0.0033397467

Pressure
23.513461     0.0983053   

CM Mom
-1.1269605e-16 1.6337676e-17 
8.0033009e-17  2.7872641e-17 
2.1608934e-16  2.0864299e-17 
2.5880061e-16  1.7368204e-17 

CM Pos
7.5012009      0.017425186   
7.5052295      0.017608191   
7.5035372      0.019183111   
12.996157      0.020906943   

Stress
20.4799      -0.00198031  -0.00247346   0.12223      0.0767647    0.0785266   
-0.00198031  20.4491      0.0113608     0.0767647    0.149428     0.0766174   
-0.00247346  0.0113608    20.5175       0.0785266    0.0766174    0.118246    

Stress Spherical
0            0            0             0            0            0           
0            0            0             0            0            0           
0            0            0             0            0            0           

Inertia
150.14       -56.3455     -56.2643      0.427398     0.144279     0.251936    
-56.3455     150.071      -56.2691      0.144279     0.499601     0.230602    
-56.2643     -56.2691     150.107       0.251936     0.230602     0.359514    

Bond Length
0.61894608    0.0035994329

BB bond length
0.61894608    0.0035994329

Water EE distance
0             0           

PEG EE distance
7.6778604     0.082712226 

BBB P2(x)
0.51114812    0.019365616 

BBB first bond length
0.61876221    0.0035668426

BBB second bond length
0.61920424    0.0034803604

BBB <phi**2>/<phi>**2
1.2240878     0.0082415336

Time = 26000
Temperature
1.011498      0.0045434776

Pressure
23.510742     0.052655758 

CM Mom
-9.478078e-17  3.2623744e-17 
8.8728047e-17  1.7599069e-17 
2.300631e-16   3.4089456e-17 
2.6582172e-16  4.0743492e-17 

CM Pos
7.4982374      0.014095559   
7.5052295      0.015082831   
7.5011664      0.013306299   
12.993072      0.01499479    

Stress
20.4724      0.0225521    -0.0128329    0.0816264    0.0752388    0.0821462   
0.0225521    20.4378      0.0240631     0.0752388    0.137902     0.0396111   
-0.0128329   0.0240631    20.5203       0.0821462    0.0396111    0.123933    

Stress Spherical
0            0            0             0            0            0           
0            0            0             0            0            0           
0            0            0             0            0            0           

Inertia
150.099      -56.2964     -56.2678      0.372466     0.16572      0.119172    
-56.2964     149.979      -56.3013      0.16572      0.301452     0.197099    
-56.2678     -56.3013     150.052       0.119172     0.197099     0.310995    

Bond Length
0.62114487    0.0028680923

BB bond length
0.62114487    0.0028680923

Water EE distance
0             0           

PEG EE distance
7.3074294     0.20417528  

BBB P2(x)
0.51793759    0.017012965 

BBB first bond length
0.62134271    0.0027522045

BBB second bond length
0.62074571    0.0028609733

BBB <phi**2>/<phi>**2
1.22131       0.0092674179

Time = 27000
Temperature
1.0102892     0.0071733969

Pressure
23.474109     0.059984789 

CM Mom
-5.7935206e-17 1.6354948e-17 
5.4469392e-17  1.9457077e-17 
2.7917097e-16  1.613194e-17  
2.9143087e-16  1.5303127e-17 

CM Pos
7.50209        0.011687244   
7.5043404      0.017024934   
7.5011664      0.017808435   
12.99478       0.020616112   

Stress
20.4385      0.0216661    0.0284933     0.104773     0.0575332    0.0619652   
0.0216661    20.3986      0.0192171     0.0575332    0.101422     0.104179    
0.0284933    0.0192171    20.4944       0.0619652    0.104179     0.111594    

Stress Spherical
0            0            0             0            0            0           
0            0            0             0            0            0           
0            0            0             0            0            0           

Inertia
150.07       -56.2435     -56.2797      0.478158     0.190168     0.187379    
-56.2435     150.056      -56.2821      0.190168     0.30355      0.254732    
-56.2797     -56.2821     150.106       0.187379     0.254732     0.444555    

Bond Length
0.62084858    0.0038118957

BB bond length
0.62084858    0.0038118957

Water EE distance
0             0           

PEG EE distance
6.8509099     0.19420387  

BBB P2(x)
0.51774755    0.014784362 

BBB first bond length
0.62100889    0.0037261651

BBB second bond length
0.62087045    0.0038340134

BBB <phi**2>/<phi>**2
1.226757      0.0058012104

Time = 28000
Temperature
1.0186292     0.0080518037

Pressure
23.450545     0.09401364  

CM Mom
-3.9791674e-17 1.0550616e-17 
5.9676544e-17  1.2155646e-17 
2.9602831e-16  2.0954262e-17 
3.0499231e-16  2.1337189e-17 

CM Pos
7.5017936      0.01412357    
7.5087857      0.0070769262  
7.4984992      0.01861618    
12.995641      0.012903748   

Stress
20.4572      -0.0366232   0.0184667     0.0987209    0.0341495    0.0551735   
-0.0366232   20.4006      0.0438614     0.0341495    0.149223     0.0923405   
0.0184667    0.0438614    20.328        0.0551735    0.0923405    0.0847564   

Stress Spherical
0            0            0             0            0            0           
