Time = 500
Temperature
   1.0343609   0.037846696

Pressure
    23.40431    0.15131988

CM Mom
7.1623861e-17  1.3664682e-17 
1.3181431e-18  1.0559359e-17 
2.0374194e-17  1.6984964e-17 
7.6429958e-17  1.7087911e-17 

CM Pos
7.5197466      0.016083682   
7.4848475      0.036473332   
7.4933331      0.014744989   
12.989255      0.025153435   

Stress
20.3234      0.0227172    0.0389486     0.179251     0.0635849    0.0631815   
0.0227172    20.2461      -0.0161579    0.0635849    0.0648124    0.0733284   
0.0389486    -0.0161579   20.335        0.0631815    0.0733284    0.0936729   

Stress Spherical
0            0            0             0            0            0           
0            0            0             0            0            0           
0            0            0             0            0            0           

Inertia
149.494      -56.2702     -56.3002      0.414513     0.402632     0.112462    
-56.2702     149.986      -56.1693      0.402632     0.288863     0.152142    
-56.3002     -56.1693     149.873       0.112462     0.152142     0.660848    

Bond Length
0.61433462    0.007099524 

BB bond length
0.61433462    0.007099524 

Water EE distance
0             0           

PEG EE distance
4.0011709     0.18627562  

Time = 1000
Temperature
1.0082373     0.0098026722

Pressure
23.238235     0.089036495 

CM Mom
8.3711957e-17  1.4559329e-17 
9.0219329e-18  2.6943214e-17 
4.0382114e-17  3.0495578e-17 
1.0142037e-16  1.7366661e-17 

CM Pos
7.5058193      0.010324724   
7.49433        0.022520743   
7.5075567      0.010307701   
12.994848      0.018662798   

Stress
20.2475      0.00511402   0.000877749   0.0425468    0.0526326    0.0362303   
0.00511402   20.1927      -0.00490169   0.0526326    0.0661367    0.0433021   
0.000877749  -0.00490169  20.2013       0.0362303    0.0433021    0.159566    

Stress Spherical
0            0            0             0            0            0           
0            0            0             0            0            0           
0            0            0             0            0            0           

Inertia
149.878      -56.145      -56.3739      0.440129     0.167638     0.183367    
-56.145      150.071      -56.2911      0.167638     0.335476     0.248569    
-56.3739     -56.2911     149.81        0.183367     0.248569     0.300221    

Bond Length
0.61540228    0.008092321 

BB bond length
0.61540228    0.008092321 

Water EE distance
0             0           

PEG EE distance
3.8553557     0.41023531  

