Time = 1000
Temperature
   1.1435852    0.21578704

Pressure
   23.778721     1.0124005

CM Mom
-1.193105e-17  2.5506242e-17 
2.2625741e-17  1.8413332e-17 
1.0383663e-16  4.7562184e-16 
2.9755444e-16  3.8743184e-16 

CM Pos
7.506417       0.01553383    
7.4970503      0.011500076   
7.4959523      0.029713736   
12.990084      0.018028366   

Stress
20.3865      0.0193128    0.00614832    0.316801     0.0683182    0.0810915   
0.0193128    20.3477      -0.0333444    0.0683182    0.424869     0.0670199   
0.00614832   -0.0333444   20.3351       0.0810915    0.0670199    0.41133     

Stress Spherical
0            0            0             0            0            0           
0            0            0             0            0            0           
0            0            0             0            0            0           

Inertia
150.041      -56.282      -56.289       0.902336     0.134174     0.213246    
-56.282      150.166      -56.1788      0.134174     1.10453      0.303629    
-56.289      -56.1788     150.212       0.213246     0.303629     1.50044     

Bond Length
0.62118515    0.0091930431

BB bond length
0.62118515    0.0091930431

Water EE distance
0             0           

PEG EE distance
7.5553699     0.27541161  

BBB P2(x)
0.46841688    0.064160429 

BBB first bond length
0.62119983    0.0093538626

BBB second bond length
0.6211704     0.0091543692

BBB <phi**2>/<phi>**2
1.219553      0.016725473 

Time = 2000
Temperature
1.0166748     0.0081944324

Pressure
23.055488     0.098541618 

CM Mom
-1.9689421e-17 2.14272e-17   
2.349056e-18   2.3976958e-17 
4.5569812e-17  6.8755384e-17 
8.4678887e-17  3.2566969e-17 

CM Pos
7.5123575      0.013514035   
7.5004662      0.015351724   
7.4947642      0.011331012   
12.99478       0.015732056   

Stress
20.0419      0.056344     -0.0166605    0.0980942    0.0735085    0.050478    
0.056344     19.9979      -0.0103604    0.0735085    0.13262      0.0603688   
-0.0166605   -0.0103604   19.9993       0.050478     0.0603688    0.116146    

Stress Spherical
0            0            0             0            0            0           
0            0            0             0            0            0           
0            0            0             0            0            0           

Inertia
149.779      -56.3753     -56.3093      0.297306     0.191872     0.092395    
-56.3753     149.976      -56.1871      0.191872     0.271786     0.169245    
-56.3093     -56.1871     150.045       0.092395     0.169245     0.377277    

Bond Length
0.61870161    0.0013620601

BB bond length
0.61870161    0.0013620601

Water EE distance
0             0           

PEG EE distance
7.8376527     0.1647346   

BBB P2(x)
0.51211184    0.010667503 

BBB first bond length
0.61873837    0.0013608724

BBB second bond length
0.61871393    0.0013185616

BBB <phi**2>/<phi>**2
1.2283781     0.0088548755

