Time = 1000
Temperature
     1.10401    0.13868839

Pressure
   23.664955    0.77931546

CM Mom
-2.3739875e-17 1.5972944e-17 
8.9124376e-17  2.5641131e-17 
5.8490927e-17  3.0414355e-16 
2.4958117e-16  2.0749232e-16 

CM Pos
7.5015762      0.017946064   
7.4978416      0.01488046    
7.5055578      0.023687447   
12.993281      0.020636293   

Stress
20.3967      -0.01762     -0.00894298   0.406786     0.0631488    0.065752    
-0.01762     20.4051      0.0254615     0.0631488    0.40368      0.0437508   
-0.00894298  0.0254615    20.2766       0.065752     0.0437508    0.398772    

Stress Spherical
0            0            0             0            0            0           
0            0            0             0            0            0           
0            0            0             0            0            0           

Inertia
150.182      -56.2322     -56.2926      1.06559      0.138439     0.249415    
-56.2322     150.2        -56.3275      0.138439     0.958288     0.213501    
-56.2926     -56.3275     150.108       0.249415     0.213501     1.20843     

Bond Length
0.61999868    0.0072751555

BB bond length
0.61999868    0.0072751555

Water EE distance
0             0           

PEG EE distance
6.7643738     0.18672883  

BBB P2(x)
0.47619787    0.062926427 

BBB first bond length
0.62011086    0.0073775131

BBB second bond length
0.61992043    0.0070012686

BBB <phi**2>/<phi>**2
1.2240691     0.012762818 

Time = 2000
Temperature
1.0114006     0.0084519709

Pressure
23.171759     0.078380849 

CM Mom
-1.6134765e-17 1.8300338e-17 
6.6938318e-17  1.8543882e-17 
1.3487479e-17  8.1334447e-17 
9.7290262e-17  5.2456232e-17 

CM Pos
7.4950448      0.015409329   
7.4954665      0.012893908   
7.4951669      0.015126459   
12.982132      0.010569097   

Stress
20.1558      -0.0299673   -0.0179548    0.107825     0.065442     0.0397141   
-0.0299673   20.1346      0.00121592    0.065442     0.118104     0.0697954   
-0.0179548   0.00121592   20.1402       0.0397141    0.0697954    0.0813361   

Stress Spherical
0            0            0             0            0            0           
0            0            0             0            0            0           
0            0            0             0            0            0           

Inertia
149.726      -56.1952     -56.1677      0.258941     0.17764      0.0821916   
-56.1952     149.717      -56.1897      0.17764      0.295397     0.164172    
-56.1677     -56.1897     149.712       0.0821916    0.164172     0.408649    

Bond Length
0.61975963    0.0029628312

BB bond length
0.61975963    0.0029628312

Water EE distance
0             0           

PEG EE distance
6.7108033     0.12768117  

BBB P2(x)
0.51072395    0.0074101051

BBB first bond length
0.61981138    0.0029726425

BBB second bond length
0.61983271    0.0030787387

BBB <phi**2>/<phi>**2
1.2241228     0.0079827239

