Time = 1000
Temperature
   1.0574203   0.066914086

Pressure
   23.607862    0.37346794

CM Mom
-5.9111637e-18 2.3568013e-17 
-7.7031739e-19 2.6631521e-17 
9.9169788e-18  1.5888971e-16 
1.2387805e-16  1.0629553e-16 

CM Pos
7.4959574      0.019041432   
7.4992773      0.018040164   
7.5005708      0.020898456   
12.987976      0.026725257   

Stress
20.4473      -0.00375406  -0.0600055    0.170265     0.0628458    0.0444777   
-0.00375406  20.4338      0.00199796    0.0628458    0.18647      0.0676622   
-0.0600055   0.00199796   20.4361       0.0444777    0.0676622    0.244781    

Stress Spherical
0            0            0             0            0            0           
0            0            0             0            0            0           
0            0            0             0            0            0           

Inertia
150.05       -56.222      -56.2345      0.629528     0.219791     0.285606    
-56.222      149.979      -56.2387      0.219791     0.757709     0.22818     
-56.2345     -56.2387     149.972       0.285606     0.22818      0.734434    

Bond Length
0.61824251    0.0028895426

BB bond length
0.61824251    0.0028895426

Water EE distance
0             0           

PEG EE distance
6.1967445     0.088645105 

BBB P2(x)
0.47833246    0.051561222 

BBB first bond length
0.61838713    0.0029389158

BBB second bond length
0.61806194    0.003104731 

BBB <phi**2>/<phi>**2
1.2187943     0.017233457 

Time = 2000
Temperature
1.0146162     0.0096230467

Pressure
23.430942     0.097842481 

CM Mom
-2.8676828e-17 2.0647212e-17 
2.6867529e-17  1.2719033e-17 
-4.511516e-17  2.7607829e-17 
6.7057446e-17  2.0812847e-17 

CM Pos
7.4969956      0.014061252   
7.5047648      0.015699081   
7.5036853      0.012987862   
12.993537      0.018668308   

Stress
20.3908      0.00212966   -0.0248411    0.108679     0.0697328    0.0688756   
0.00212966   20.3811      -0.0562648    0.0697328    0.164865     0.0662192   
-0.0248411   -0.0562648   20.3993       0.0688756    0.0662192    0.0979948   

Stress Spherical
0            0            0             0            0            0           
0            0            0             0            0            0           
0            0            0             0            0            0           

Inertia
150.043      -56.24       -56.2471      0.459764     0.206531     0.160248    
-56.24       149.916      -56.3438      0.206531     0.431593     0.197251    
-56.2471     -56.3438     149.921       0.160248     0.197251     0.479036    

Bond Length
0.61913107    0.0024548092

BB bond length
0.61913107    0.0024548092

Water EE distance
0             0           

PEG EE distance
6.6286556     0.25436824  

BBB P2(x)
0.52060499    0.017435217 

BBB first bond length
0.61927807    0.0026843178

BBB second bond length
0.61895845    0.0025525283

BBB <phi**2>/<phi>**2
1.2305352     0.012516347 

