Time = 500
Temperature
   1.0477651   0.048536846

Pressure
   20.783921    0.23165033

CM Mom
-1.3917047e-16 1.8357517e-17 
-3.4345263e-18 1.7666277e-17 
4.3026625e-17  1.9432757e-17 
1.4819385e-16  1.722841e-17  

CM Pos
7.4961198      0.014922574   
7.4873749      0.0082971158  
7.5075466      0.010790483   
12.985227      0.011581667   

Stress
17.6435      -0.0388377   -0.0107879    0.148016     0.0616471    0.0212311   
-0.0388377   17.6162      -0.00273328   0.0616471    0.187221     0.0418031   
-0.0107879   -0.00273328  17.6632       0.0212311    0.0418031    0.120631    

Stress Spherical
0            0            0             0            0            0           
0            0            0             0            0            0           
0            0            0             0            0            0           

Inertia
148.97       -56.0348     -56.1035      0.403533     0.15278      0.141646    
-56.0348     149.233      -56.2605      0.15278      0.673195     0.047289    
-56.1035     -56.2605     148.726       0.141646     0.047289     0.584443    

Bond Length
0.61303866    0.00087615252

BB bond length
0.61303866    0.00087615252

Water EE distance
0             0           

PEG EE distance
3.7894852     0.096324997 

Time = 1000
Temperature
1.0137213     0.0050550571

Pressure
20.738488     0.076434213 

CM Mom
-1.3139156e-16 7.6009186e-18 
-6.8264899e-19 2.0713642e-17 
4.8656697e-17  5.7875951e-17 
1.5188881e-16  1.9948101e-17 

CM Pos
7.4961198      0.01930897    
7.4772999      0.018904549   
7.5146584      0.009351877   
12.983546      0.016235826   

Stress
17.7105      -0.0060512   -0.0303126    0.0796391    0.0641404    0.0470268   
-0.0060512   17.6722      -0.0142249    0.0641404    0.13939      0.0530642   
-0.0303126   -0.0142249   17.7102       0.0470268    0.0530642    0.127805    

Stress Spherical
0            0            0             0            0            0           
0            0            0             0            0            0           
0            0            0             0            0            0           

Inertia
149.162      -55.9621     -56.202       0.319627     0.262689     0.173295    
-55.9621     149.558      -56.2202      0.262689     0.370809     0.0850901   
-56.202      -56.2202     148.832       0.173295     0.0850901    0.569855    

Bond Length
0.61402494    0.00031419675

BB bond length
0.61402494    0.00031419675

Water EE distance
0             0           

PEG EE distance
3.6406049     0.064909988 

