Time = 500
Temperature
   1.0287205   0.043439909

Pressure
   23.737561    0.18428681

CM Mom
-4.3135191e-17 1.1732384e-17 
-2.1326612e-17 3.079422e-17  
-2.3600464e-17 1.2983837e-17 
6.0369103e-17  2.1966686e-17 

CM Pos
7.5026828      0.032441898   
7.4930585      0.014180347   
7.5005961      0.015127123   
12.98831       0.019851854   

Stress
20.6487      0.0234419    -0.0345546    0.134441     0.0508226    0.0491163   
0.0234419    20.6992      -0.0194669    0.0508226    0.0568746    0.0371238   
-0.0345546   -0.0194669   20.6072       0.0491163    0.0371238    0.0821057   

Stress Spherical
0            0            0             0            0            0           
0            0            0             0            0            0           
0            0            0             0            0            0           

Inertia
149.882      -56.1897     -56.2497      0.443746     0.251845     0.236562    
-56.1897     150.026      -56.1964      0.251845     0.369477     0.199734    
-56.2497     -56.1964     149.923       0.236562     0.199734     0.454052    

Bond Length
0.61595033    0.015816408 

BB bond length
0.61595033    0.015816408 

Water EE distance
0             0           

PEG EE distance
4.4714917     1.4546357   

Time = 1000
Temperature
1.0123261     0.0069339495

Pressure
23.672496     0.073903056 

CM Mom
-4.0134277e-17 1.3279127e-17 
1.635287e-17   3.525416e-17  
-3.6417816e-17 9.8681375e-18 
6.7118068e-17  1.4702719e-17 

CM Pos
7.4902371      0.0067832022  
7.5132087      0.0059707947  
7.5026704      0.01341671    
12.993931      0.0058617568  

Stress
20.5788      -0.0587305   -0.0329435    0.106642     0.0586783    0.0393119   
-0.0587305   20.6385      0.00402076    0.0586783    0.105995     0.0371998   
-0.0329435   0.00402076   20.6901       0.0393119    0.0371998    0.0590543   

Stress Spherical
0            0            0             0            0            0           
0            0            0             0            0            0           
0            0            0             0            0            0           

Inertia
150.256      -56.2506     -56.2273      0.19796      0.0763377    0.0409818   
-56.2506     149.853      -56.3981      0.0763377    0.201149     0.0705071   
-56.2273     -56.3981     150.051       0.0409818    0.0705071    0.135978    

Bond Length
0.63204032    0.023195758 

BB bond length
0.63204032    0.023195758 

Water EE distance
0             0           

PEG EE distance
4.3772971     0.66971793  

