Time = 1000
Temperature
   1.1894276    0.30171832

Pressure
    23.91219     1.3579969

CM Mom
-3.3264395e-17 2.1920005e-17 
3.0128092e-17  3.1482899e-17 
1.2980222e-16  5.5810818e-16 
3.0773814e-16  4.8694607e-16 

CM Pos
7.4975674      0.014458465   
7.4985902      0.028774876   
7.5091404      0.040005051   
12.993499      0.034257404   

Stress
20.3134      0.0415997    -0.0242126    0.472046     0.0786842    0.0833858   
0.0415997    20.38        0.0163127     0.0786842    0.518695     0.0594822   
-0.0242126   0.0163127    20.3584       0.0833858    0.0594822    0.412571    

Stress Spherical
0            0            0             0            0            0           
0            0            0             0            0            0           
0            0            0             0            0            0           

Inertia
150.327      -56.1701     -56.2971      2.14944      0.249301     0.363162    
-56.1701     150.287      -56.3308      0.249301     2.22711      0.358287    
-56.2971     -56.3308     150.144       0.363162     0.358287     1.8511      

Bond Length
0.61854636    0.0097942608

BB bond length
0.61854636    0.0097942608

Water EE distance
0             0           

PEG EE distance
7.3311405     0.22014091  

BBB P2(x)
0.47389025    0.060661513 

BBB first bond length
0.61875654    0.010143752 

BBB second bond length
0.61847664    0.009925698 

BBB <phi**2>/<phi>**2
1.2201054     0.012151289 

Time = 2000
Temperature
1.0085748     0.0051789662

Pressure
22.949011     0.084916727 

CM Mom
-5.7267778e-17 1.4578053e-17 
1.4868705e-17  1.8074324e-17 
-6.2250928e-17 5.2621915e-17 
9.6778466e-17  3.6304958e-17 

CM Pos
7.5043951      0.013506828   
7.4944342      0.015413523   
7.502016       0.021189695   
12.990889      0.020139495   

Stress
19.9603      0.0650337    -0.0151597    0.141058     0.076011     0.0784283   
0.0650337    19.862       0.00220516    0.076011     0.108014     0.0998974   
-0.0151597   0.00220516   19.9646       0.0784283    0.0998974    0.114754    

Stress Spherical
0            0            0             0            0            0           
0            0            0             0            0            0           
0            0            0             0            0            0           

Inertia
149.831      -56.2317     -56.3125      0.59872      0.231114     0.25061     
-56.2317     149.998      -56.2084      0.231114     0.545752     0.228773    
-56.3125     -56.2084     149.872       0.25061      0.228773     0.35759     

Bond Length
0.61622701    0.0013541774

BB bond length
0.61622701    0.0013541774

Water EE distance
0             0           

PEG EE distance
7.3995033     0.08321319  

BBB P2(x)
0.50997598    0.0061027078

BBB first bond length
0.61602457    0.0014827804

BBB second bond length
0.61624096    0.0013295167

BBB <phi**2>/<phi>**2
1.2228697     0.0049883045

