Time = 1000
Temperature
   1.1003181    0.14100887

Pressure
   23.659846    0.73041233

CM Mom
-5.6771394e-18 2.2818095e-17 
-1.5105047e-17 1.0348958e-17 
2.5398599e-17  2.3784858e-16 
1.7398505e-16  1.6683644e-16 

CM Pos
7.5017533      0.014735112   
7.5109684      0.013048242   
7.4998778      0.0070991106  
12.997665      0.016041246   

Stress
20.3318      0.0147503    0.0345061     0.300165     0.0606034    0.0548887   
0.0147503    20.3984      -0.0223013    0.0606034    0.337843     0.0730471   
0.0345061    -0.0223013   20.3728       0.0548887    0.0730471    0.36827     

Stress Spherical
0            0            0             0            0            0           
0            0            0             0            0            0           
0            0            0             0            0            0           

Inertia
150.258      -56.3123     -56.2645      1.03676      0.192819     0.154344    
-56.3123     150.126      -56.3147      0.192819     1.08537      0.168407    
-56.2645     -56.3147     150.323       0.154344     0.168407     1.16862     

Bond Length
0.61983693    0.007020213 

BB bond length
0.61983693    0.007020213 

Water EE distance
0             0           

PEG EE distance
7.0657355     0.12597691  

BBB P2(x)
0.47000942    0.064516819 

BBB first bond length
0.61959512    0.0070104247

BBB second bond length
0.62020073    0.0069292287

BBB <phi**2>/<phi>**2
1.216091      0.015341402 

Time = 2000
Temperature
1.0099404     0.0060811296

Pressure
23.170121     0.088020619 

CM Mom
-1.3353213e-17 2.4696156e-17 
6.8066852e-18  1.7922167e-17 
8.3145788e-19  2.5047024e-17 
4.0808988e-17  1.0881852e-17 

CM Pos
7.4990795      0.011012331   
7.5041354      0.015821185   
7.5007691      0.010645557   
12.992692      0.014409781   

Stress
20.1484      -0.0126744   -0.00816255   0.14428      0.0793204    0.0706445   
-0.0126744   20.1193      0.00203557    0.0793204    0.10261      0.0951971   
-0.00816255  0.00203557   20.1775       0.0706445    0.0951971    0.100578    

Stress Spherical
0            0            0             0            0            0           
0            0            0             0            0            0           
0            0            0             0            0            0           

Inertia
149.953      -56.2496     -56.2429      0.304569     0.15098      0.160774    
-56.2496     149.882      -56.2984      0.15098      0.314591     0.115897    
-56.2429     -56.2984     149.932       0.160774     0.115897     0.348969    

Bond Length
0.6183017     0.0017850452

BB bond length
0.6183017     0.0017850452

Water EE distance
0             0           

PEG EE distance
7.0959586     0.13923414  

BBB P2(x)
0.51018118    0.0086652936

BBB first bond length
0.61820194    0.0018163686

BBB second bond length
0.61852342    0.0018115874

BBB <phi**2>/<phi>**2
1.2221897     0.012833644 

Time = 3000
Temperature
1.0093999     0.0073461617

Pressure
23.145652     0.082864474 

CM Mom
-4.1188224e-17 1.8171047e-17 
5.032038e-18   1.3229625e-17 
-4.9106864e-18 2.0153084e-17 
4.884132e-17   1.6486001e-17 

CM Pos
7.5047242      0.0085073209  
7.5016101      0.018582288   
7.5024031      0.014217634   
12.995447      0.0085237415  

Stress
20.1393      0.0236986    -0.0157771    0.12651      0.0706848    0.0573192   
0.0236986    20.1066      0.0145376     0.0706848    0.0788293    0.0653651   
-0.0157771   0.0145376    20.1307       0.0573192    0.0653651    0.12512     

Stress Spherical
0            0            0             0            0            0           
0            0            0             0            0            0           
0            0            0             0            0            0           

Inertia
149.98       -56.2804     -56.3077      0.296097     0.163346     0.119328    
-56.2804     150.045      -56.2696      0.163346     0.231769     0.137902    
-56.3077     -56.2696     150.048       0.119328     0.137902     0.29941     

Bond Length
0.61846913    0.0028716929

BB bond length
0.61846913    0.0028716929

Water EE distance
0             0           

PEG EE distance
7.1346294     0.10242449  

BBB P2(x)
0.5182184     0.011986902 

BBB first bond length
0.61833095    0.0030025614

BBB second bond length
0.61855835    0.002810965 

BBB <phi**2>/<phi>**2
1.2309987     0.0080193125

Time = 4000
Temperature
1.0127882     0.0077195267

Pressure
23.197649     0.087544835 

CM Mom
-8.501375e-17  2.9418988e-17 
1.77396e-18    1.9601874e-17 
-8.2510856e-18 1.0671332e-17 
8.8464353e-17  2.8917315e-17 

CM Pos
7.4978911      0.016597121   
7.5022043      0.015265408   
7.5049283      0.0078038773  
12.993292      0.018119849   

Stress
20.2048      0.0128324    -0.00565684   0.104476     0.0404891    0.0698456   
0.0128324    20.1267      -0.00201511   0.0404891    0.0976552    0.0715718   
-0.00565684  -0.00201511  20.1707       0.0698456    0.0715718    0.11896     

Stress Spherical
0            0            0             0            0            0           
0            0            0             0            0            0           
0            0            0             0            0            0           

Inertia
150.062      -56.264      -56.2511      0.295685     0.193006     0.187938    
-56.264      150.012      -56.2997      0.193006     0.297765     0.16039     
-56.2511     -56.2997     149.97        0.187938     0.16039      0.408727    

Bond Length
0.61870029    0.0022604026

BB bond length
0.61870029    0.0022604026

Water EE distance
0             0           

PEG EE distance
7.1860868     0.21976393  

BBB P2(x)
0.51157669    0.013180544 

BBB first bond length
0.61857541    0.0021951336

BBB second bond length
0.61874496    0.0021352668

BBB <phi**2>/<phi>**2
1.2240975     0.0088142528

Time = 5000
Temperature
1.0060938     0.0080948047

Pressure
23.139319     0.085606167 

CM Mom
-7.4083584e-17 2.0277811e-17 
-3.9519674e-17 1.8591033e-17 
-2.261318e-17  1.2015225e-17 
9.0113498e-17  1.8500733e-17 

CM Pos
7.5084378      0.010253859   
7.5010159      0.0056466363  
7.4989865      0.0082972312  
12.99526       0.01049837    

Stress
20.1135      0.0642802    0.0131774     0.100369     0.0738894    0.0782609   
0.0642802    20.1504      -0.0261083    0.0738894    0.101154     0.0590247   
0.0131774    -0.0261083   20.1233       0.0782609    0.0590247    0.12387     

Stress Spherical
0            0            0             0            0            0           
0            0            0             0            0            0           
0            0            0             0            0            0           

Inertia
149.97       -56.3333     -56.3017      0.168249     0.132023     0.137504    
-56.3333     150.079      -56.2376      0.132023     0.213423     0.136566    
-56.3017     -56.2376     150.126       0.137504     0.136566     0.176286    

Bond Length
0.61865173    0.0024036512

BB bond length
0.61865173    0.0024036512

Water EE distance
0             0           

PEG EE distance
7.3257247     0.12152876  

BBB P2(x)
0.50958799    0.0071898176

BBB first bond length
0.61871165    0.0024300863

BBB second bond length
0.61856967    0.0023720218

BBB <phi**2>/<phi>**2
1.2221032     0.0066716013

Time = 6000
Temperature
1.0096633     0.010028245 

Pressure
23.170936     0.059156211 

CM Mom
-6.0111243e-17 1.9739161e-17 
-4.0965449e-17 1.8773012e-17 
-1.7298996e-17 1.8034539e-17 
7.9130692e-17  1.9910383e-17 

CM Pos
7.507398       0.013098876   
7.5007188      0.012086977   
7.5024031      0.006968927   
12.996466      0.010012829   

Stress
20.1631      -0.0071855   0.0176033     0.101967     0.0588542    0.0573572   
-0.0071855   20.1477      -0.0106682    0.0588542    0.0822723    0.0539545   
0.0176033    -0.0106682   20.1393       0.0573572    0.0539545    0.129941    

Stress Spherical
0            0            0             0            0            0           
0            0            0             0            0            0           
0            0            0             0            0            0           

Inertia
150.011      -56.2964     -56.34        0.269891     0.117931     0.154266    
-56.2964     150.126      -56.2671      0.117931     0.222375     0.137036    
-56.34       -56.2671     150.108       0.154266     0.137036     0.236674    

Bond Length
0.61729436    0.0023464438

BB bond length
0.61729436    0.0023464438

Water EE distance
0             0           

PEG EE distance
7.0824067     0.066861123 

BBB P2(x)
0.51901909    0.0099489236

BBB first bond length
0.61724076    0.002265983 

BBB second bond length
0.61720385    0.0024929259

BBB <phi**2>/<phi>**2
1.2295389     0.0084864788

Time = 7000
Temperature
1.0122832     0.0069471297

Pressure
23.199459     0.097368819 

CM Mom
-6.1774434e-17 2.2283657e-17 
-4.9570969e-17 2.894512e-17  
-3.933799e-17  1.3363783e-17 
9.3892014e-17  2.2761829e-17 

CM Pos
7.5013077      0.014092929   
7.497748       0.011995352   
7.5018089      0.010513115   
12.990895      0.0082022684  

Stress
20.1314      0.00435783   -0.0151131    0.106576     0.0499857    0.0691691   
0.00435783   20.1787      0.0177312     0.0499857    0.112701     0.0687665   
-0.0151131   0.0177312    20.202        0.0691691    0.0687665    0.119322    

Stress Spherical
0            0            0             0            0            0           
0            0            0             0            0            0           
0            0            0             0            0            0           

Inertia
149.972      -56.2546     -56.3057      0.178568     0.179586     0.0927123   
-56.2546     150.022      -56.2855      0.179586     0.261368     0.105115    
-56.3057     -56.2855     149.981       0.0927123    0.105115     0.268006    

Bond Length
0.61835191    0.001712396 

BB bond length
0.61835191    0.001712396 

Water EE distance
0             0           

PEG EE distance
7.2817779     0.21318028  

BBB P2(x)
0.51016926    0.0081628266

BBB first bond length
0.6182974     0.0017382509

BBB second bond length
0.61836684    0.0019280039

BBB <phi**2>/<phi>**2
1.2244646     0.0075392871

Time = 8000
Temperature
1.0094719     0.0070978478

Pressure
23.10958      0.10399743  

CM Mom
-4.2572945e-17 1.370337e-17  
-7.5977384e-17 1.7155029e-17 
-3.0731783e-17 8.9685568e-18 
9.3979534e-17  1.6118947e-17 

CM Pos
7.5065067      0.018491226   
7.4989363      0.014146063   
7.502106       0.011124964   
12.994758      0.014750882   

Stress
20.0905      -0.0430217   0.0828959     0.143538     0.0584483    0.0776646   
-0.0430217   20.1246      0.014662      0.0584483    0.130708     0.0529756   
0.0828959    0.014662     20.0527       0.0776646    0.0529756    0.0961517   

Stress Spherical
0            0            0             0            0            0           
0            0            0             0            0            0           
0            0            0             0            0            0           

Inertia
149.993      -56.2883     -56.3256      0.300671     0.194301     0.168937    
-56.2883     150.113      -56.265       0.194301     0.349321     0.162747    
-56.3256     -56.265      150.075       0.168937     0.162747     0.355661    

Bond Length
0.61973851    0.0035724877

BB bond length
0.61973851    0.0035724877

Water EE distance
0             0           

PEG EE distance
7.1709169     0.26172488  

BBB P2(x)
0.5089383     0.0064891645

BBB first bond length
0.6197125     0.0034617801

BBB second bond length
0.61952783    0.0034964546

BBB <phi**2>/<phi>**2
1.2302316     0.0052881985

Time = 9000
Temperature
1.0113043     0.0082021975

Pressure
23.189565     0.050308945 

CM Mom
-4.0162851e-17 1.6662872e-17 
-7.5899323e-17 2.1306737e-17 
-3.2977956e-17 1.3022616e-17 
9.5784397e-17  1.3706694e-17 

CM Pos
7.4998222      0.017949287   
7.5020557      0.01303132    
7.5025516      0.011100144   
12.992956      0.013183306   

Stress
20.1612      -0.00452943  -0.0413173    0.118954     0.070735     0.0947622   
-0.00452943  20.1787      0.0434481     0.070735     0.112943     0.0480975   
-0.0413173   0.0434481    20.1513       0.0947622    0.0480975    0.136016    

Stress Spherical
0            0            0             0            0            0           
0            0            0             0            0            0           
0            0            0             0            0            0           

Inertia
150.063      -56.2172     -56.2411      0.319245     0.130575     0.184217    
-56.2172     150.015      -56.262       0.130575     0.471535     0.169216    
-56.2411     -56.262      150.028       0.184217     0.169216     0.276852    

Bond Length
0.61831024    0.00277664  

BB bond length
0.61831024    0.00277664  

Water EE distance
0             0           

PEG EE distance
6.6328866     0.082946161 

BBB P2(x)
0.50852209    0.0068334221

BBB first bond length
0.61831992    0.0028285876

BBB second bond length
0.61809187    0.0030009906

BBB <phi**2>/<phi>**2
1.2247317     0.0099275126

Time = 10000
Temperature
1.0099072     0.0034332239

Pressure
23.170796     0.095045394 

CM Mom
-4.8176181e-17 1.9337164e-17 
-6.3019285e-17 1.935464e-17  
-5.9948525e-17 2.8760424e-17 
1.0459733e-16  2.2831737e-17 

CM Pos
7.5072494      0.022033176   
7.4958169      0.010956084   
7.4954215      0.010402342   
12.989533      0.012553815   

Stress
20.1289      -0.0465242   -0.0122282    0.124298     0.0814212    0.0591164   
-0.0465242   20.1906      0.0371983     0.0814212    0.148651     0.0728137   
-0.0122282   0.0371983    20.1279       0.0591164    0.0728137    0.102925    

Stress Spherical
0            0            0             0            0            0           
0            0            0             0            0            0           
0            0            0             0            0            0           

Inertia
149.873      -56.2603     -56.2875      0.157561     0.14729      0.20956     
-56.2603     150.028      -56.2191      0.14729      0.40902      0.135333    
-56.2875     -56.2191     150.045       0.20956      0.135333     0.28448     

Bond Length
0.61883071    0.0011799843

BB bond length
0.61883071    0.0011799843

Water EE distance
0             0           

PEG EE distance
6.7019083     0.15123213  

BBB P2(x)
0.50846217    0.0096020678

BBB first bond length
0.61897552    0.0011627883

BBB second bond length
0.61877486    0.0014166986

BBB <phi**2>/<phi>**2
1.2237872     0.0087543824

Time = 11000
Temperature
1.0104032     0.0054683474

Pressure
23.14         0.10880095  

CM Mom
-2.4901957e-17 1.2076514e-17 
-6.1751346e-17 2.936519e-17  
-3.1923585e-17 3.1794346e-17 
8.1597402e-17  2.8519334e-17 

CM Pos
7.5053184      0.010528844   
7.4967081      0.011662381   
7.5007691      0.0093900657  
12.992004      0.011325491   

Stress
20.1369      -0.0236728   -0.0289611    0.0789067    0.0840828    0.110662    
-0.0236728   20.1059      0.0115334     0.0840828    0.122274     0.0636245   
-0.0289611   0.0115334    20.1078       0.110662     0.0636245    0.187057    

Stress Spherical
0            0            0             0            0            0           
0            0            0             0            0            0           
0            0            0             0            0            0           

Inertia
149.967      -56.2843     -56.2809      0.246538     0.152658     0.17209     
-56.2843     150.053      -56.2065      0.152658     0.234622     0.135655    
-56.2809     -56.2065     150.033       0.17209      0.135655     0.196788    

Bond Length
0.61875628    0.0028060929

BB bond length
0.61875628    0.0028060929

Water EE distance
0             0           

PEG EE distance
6.8184227     0.21085831  

BBB P2(x)
0.51467513    0.010414818 

BBB first bond length
0.61877396    0.0027025212

BBB second bond length
0.61850385    0.0028890321

BBB <phi**2>/<phi>**2
1.226662      0.0039705829

Time = 12000
Temperature
1.0105591     0.0090576011

Pressure
23.160843     0.096893055 

CM Mom
-3.5031725e-17 2.384968e-17  
-6.2874707e-17 1.5395353e-17 
-5.3485417e-17 1.3591814e-17 
9.3944921e-17  1.4354573e-17 

CM Pos
7.4983368      0.016767088   
7.4952227      0.01555394    
7.5013633      0.010122831   
12.987473      0.0071630613  

Stress
20.168       0.0141978    0.00302088    0.0943255    0.0673146    0.096885    
0.0141978    20.1221      0.00439564    0.0673146    0.115878     0.046949    
0.00302088   0.00439564   20.1217       0.096885     0.046949     0.135495    

Stress Spherical
0            0            0             0            0            0           
0            0            0             0            0            0           
0            0            0             0            0            0           

Inertia
149.946      -56.2488     -56.2557      0.223984     0.104731     0.144511    
-56.2488     149.978      -56.2275      0.104731     0.369824     0.141591    
-56.2557     -56.2275     149.893       0.144511     0.141591     0.166938    

Bond Length
0.61894452    0.0030019908

BB bond length
0.61894452    0.0030019908

Water EE distance
0             0           

PEG EE distance
6.8680561     0.11923354  

BBB P2(x)
0.50293639    0.01076608  

BBB first bond length
0.61859112    0.0030121559

BBB second bond length
0.6188575     0.0028978415

BBB <phi**2>/<phi>**2
1.2212001     0.0084860632

Time = 13000
Temperature
1.0091449     0.0063332752

Pressure
23.132521     0.04960339  

CM Mom
-3.8135606e-17 1.2636103e-17 
-7.7521697e-17 2.1133811e-17 
-8.1677337e-17 2.1776761e-17 
1.2145965e-16  2.1522402e-17 

CM Pos
7.5038329      0.014079615   
7.4931431      0.021483014   
7.4966098      0.019358686   
12.986702      0.021368962   

Stress
20.1282      0.0491004    0.0209815     0.121406     0.0678111    0.0543288   
0.0491004    20.1082      -0.0201888    0.0678111    0.139593     0.0460123   
0.0209815    -0.0201888   20.103        0.0543288    0.0460123    0.071884    

Stress Spherical
0            0            0             0            0            0           
0            0            0             0            0            0           
0            0            0             0            0            0           

Inertia
149.869      -56.2542     -56.2333      0.50489      0.193441     0.242097    
-56.2542     150.02       -56.1759      0.193441     0.382011     0.271162    
-56.2333     -56.1759     149.965       0.242097     0.271162     0.337249    

Bond Length
0.61872909    0.0021675157

BB bond length
0.61872909    0.0021675157

Water EE distance
0             0           

PEG EE distance
6.8479684     0.1765646   

BBB P2(x)
0.51046683    0.010325547 

BBB first bond length
0.61883538    0.0024485704

BBB second bond length
0.61861545    0.0023158469

BBB <phi**2>/<phi>**2
1.2253672     0.0077804979

Time = 14000
Temperature
1.0105574     0.0070927695

Pressure
23.128534     0.08809252  

CM Mom
-4.3944954e-17 2.0614782e-17 
-5.7951927e-17 1.1980613e-17 
-9.8450934e-17 1.2705622e-17 
1.2443336e-16  1.5114444e-17 

CM Pos
7.5017533      0.011195154   
7.49448        0.017366978   
7.5003234      0.014099191   
12.988409      0.015325516   

Stress
20.098       0.021802     -0.0242467    0.127471     0.0663595    0.075501    
0.021802     20.1139      -0.0300678    0.0663595    0.13164      0.0353635   
-0.0242467   -0.0300678   20.1029       0.075501     0.0353635    0.0976636   

Stress Spherical
0            0            0             0            0            0           
0            0            0             0            0            0           
0            0            0             0            0            0           

Inertia
149.929      -56.2156     -56.2618      0.382729     0.160356     0.127323    
-56.2156     150.03       -56.2115      0.160356     0.277337     0.179503    
-56.2618     -56.2115     149.943       0.127323     0.179503     0.294368    

Bond Length
0.61769873    0.0023742138

BB bond length
0.61769873    0.0023742138

Water EE distance
0             0           

PEG EE distance
6.9433534     0.16462846  

BBB P2(x)
0.51372829    0.012943508 

BBB first bond length
0.61783485    0.0024072086

BBB second bond length
0.6178823     0.0024597465

BBB <phi**2>/<phi>**2
1.2246626     0.01241792  

Time = 15000
Temperature
1.0098503     0.0079446384

Pressure
23.14996      0.067639684 

CM Mom
-5.1170529e-17 2.570236e-17  
-5.3169876e-17 2.6097969e-17 
-1.1449051e-16 1.1546862e-17 
1.4024639e-16  1.8961356e-17 

CM Pos
7.5019018      0.01344223    
7.4867557      0.01166711    
7.4963128      0.014955096   
12.981714      0.019825564   

Stress
20.1119      0.0072716    -0.020232     0.123108     0.0680505    0.0421261   
0.0072716    20.1386      -0.0229953    0.0680505    0.0705529    0.0646862   
-0.020232    -0.0229953   20.135        0.0421261    0.0646862    0.0567252   

Stress Spherical
0            0            0             0            0            0           
0            0            0             0            0            0           
0            0            0             0            0            0           

Inertia
149.751      -56.1698     -56.2146      0.375016     0.180508     0.231256    
-56.1698     149.99       -56.126       0.180508     0.366538     0.190618    
-56.2146     -56.126      149.841       0.231256     0.190618     0.299605    

Bond Length
0.61901506    0.0022340994

BB bond length
0.61901506    0.0022340994

Water EE distance
0             0           

PEG EE distance
7.3838418     0.16686161  

BBB P2(x)
0.50540019    0.01206226  

BBB first bond length
0.61891811    0.0024054721

BBB second bond length
0.61881828    0.0024148942

BBB <phi**2>/<phi>**2
1.2255699     0.0094558432

Time = 16000
Temperature
1.0092374     0.0098165823

Pressure
23.169726     0.058784076 

CM Mom
-6.7730971e-17 2.0408956e-17 
-5.8017619e-17 1.3701021e-17 
-1.2009289e-16 1.0778654e-17 
1.5115612e-16  1.5750536e-17 

CM Pos
7.4995251      0.011530136   
7.5068092      0.015482845   
7.4906681      0.01332269    
12.988668      0.014884815   

Stress
20.1717      -0.0195113   0.0152186     0.0886555    0.0573318    0.0827247   
-0.0195113   20.1207      -0.0378214    0.0573318    0.0763918    0.0654805   
0.0152186    -0.0378214   20.1579       0.0827247    0.0654805    0.0921337   

Stress Spherical
0            0            0             0            0            0           
0            0            0             0            0            0           
0            0            0             0            0            0           

Inertia
149.986      -56.2968     -56.1611      0.409976     0.137513     0.182009    
-56.2968     149.882      -56.2423      0.137513     0.296165     0.184041    
-56.1611     -56.2423     150.118       0.182009     0.184041     0.238966    

Bond Length
0.61837757    0.0013952243

BB bond length
0.61837757    0.0013952243

Water EE distance
0             0           

PEG EE distance
7.000528      0.15915023  

BBB P2(x)
0.51202972    0.011499083 

BBB first bond length
0.61820424    0.001363682 

BBB second bond length
0.61829655    0.0011131728

BBB <phi**2>/<phi>**2
1.2285579     0.010039585 

Time = 17000
Temperature
1.0126685     0.0059675646

Pressure
23.129826     0.060238961 

CM Mom
-7.2292857e-17 2.3561573e-17 
-8.9014094e-17 2.2083876e-17 
-1.2028873e-16 1.1652019e-17 
1.6838886e-16  2.1046377e-17 

CM Pos
7.4916523      0.01121091    
7.5035412      0.015276245   
7.5018089      0.0083357028  
12.988664      0.012125682   

Stress
20.0708      0.00701049   0.0135268     0.0781384    0.0644992    0.0842837   
0.00701049   20.1695      0.022718      0.0644992    0.119576     0.0325404   
0.0135268    0.022718     20.0595       0.0842837    0.0325404    0.093611    

Stress Spherical
0            0            0             0            0            0           
0            0            0             0            0            0           
0            0            0             0            0            0           

Inertia
150.072      -56.2402     -56.1791      0.277427     0.14052      0.143974    
-56.2402     149.929      -56.2804      0.14052      0.186368     0.161612    
-56.1791     -56.2804     149.947       0.143974     0.161612     0.294829    

Bond Length
0.61852197    0.002427367 

BB bond length
0.61852197    0.002427367 

Water EE distance
0             0           

PEG EE distance
6.7784245     0.15023944  

BBB P2(x)
0.50572976    0.012623023 

BBB first bond length
0.61837128    0.0023833639

BBB second bond length
0.61861572    0.0025968282

BBB <phi**2>/<phi>**2
1.2203592     0.005838322 

Time = 18000
Temperature
1.0151924     0.0071359156

Pressure
23.157842     0.073339742 

CM Mom
-5.3264772e-17 1.5738371e-17 
-7.6604069e-17 2.3017462e-17 
-1.2849281e-16 2.4814734e-17 
1.6205699e-16  1.8615191e-17 

CM Pos
7.5029417      0.0095531403  
7.501313       0.009230087   
7.5041856      0.010778419   
12.995262      0.0092725417  

Stress
20.1605      -0.0297357   -0.0385242    0.100589     0.0537876    0.0812122   
-0.0297357   20.1518      0.0456369     0.0537876    0.123525     0.0503503   
-0.0385242   0.0456369    20.0489       0.0812122    0.0503503    0.116054    

Stress Spherical
0            0            0             0            0            0           
0            0            0             0            0            0           
0            0            0             0            0            0           

Inertia
150.079      -56.2836     -56.2861      0.249707     0.100429     0.0895206   
-56.2836     150.117      -56.3068      0.100429     0.185027     0.152695    
-56.2861     -56.3068     150.081       0.0895206    0.152695     0.176055    

Bond Length
0.61875858    0.0027033806

BB bond length
0.61875858    0.0027033806

Water EE distance
0             0           

PEG EE distance
7.0778615     0.21860686  

BBB P2(x)
0.51014611    0.011642665 

BBB first bond length
0.61881308    0.0025518241

BBB second bond length
0.61847035    0.0027022733

BBB <phi**2>/<phi>**2
1.2267839     0.0039194841

Time = 19000
Temperature
1.0134711     0.010931453 

Pressure
23.202329     0.10992719  

CM Mom
-2.4148835e-17 1.9775632e-17 
-1.0174502e-16 1.6761023e-17 
-1.1021448e-16 1.8891472e-17 
1.5455475e-16  1.4972362e-17 

CM Pos
7.4996737      0.014110923   
7.4995305      0.0085138027  
7.4986895      0.017447471   
12.98918       0.013441629   

Stress
20.1757      -0.0479507   0.0519287     0.138162     0.048992     0.0588168   
-0.0479507   20.2058      0.0181159     0.048992     0.139228     0.0715977   
0.0519287    0.0181159    20.1285       0.0588168    0.0715977    0.108614    

Stress Spherical
0            0            0             0            0            0           
0            0            0             0            0            0           
0            0            0             0            0            0           

Inertia
149.97       -56.2208     -56.2201      0.230707     0.157307     0.160487    
-56.2208     149.96       -56.2245      0.157307     0.287182     0.149509    
-56.2201     -56.2245     149.984       0.160487     0.149509     0.308359    

Bond Length
0.61816575    0.0022939564

BB bond length
0.61816575    0.0022939564

Water EE distance
0             0           

PEG EE distance
7.5199776     0.079853089 

BBB P2(x)
0.52155129    0.012408301 

BBB first bond length
0.61828735    0.002252213 

BBB second bond length
0.61814645    0.0024460902

BBB <phi**2>/<phi>**2
1.2291689     0.011997811 

Time = 20000
Temperature
1.0125338     0.0082839826

Pressure
23.157321     0.063745427 

CM Mom
-1.4922539e-17 2.3830296e-17 
-9.4095194e-17 1.9872697e-17 
-9.5018181e-17 1.1996471e-17 
1.379413e-16   1.3563331e-17 

CM Pos
7.5038329      0.012712473   
7.5014616      0.0124423     
7.4918564      0.013756194   
12.988754      0.010734968   

Stress
20.1684      -0.0252995   -0.0152072    0.0913547    0.0971598    0.0927419   
-0.0252995   20.16        -0.0135222    0.0971598    0.102588     0.0784651   
-0.0152072   -0.0135222   20.0551       0.0927419    0.0784651    0.0524287   

Stress Spherical
0            0            0             0            0            0           
0            0            0             0            0            0           
0            0            0             0            0            0           

Inertia
149.906      -56.294      -56.2296      0.209982     0.169335     0.116898    
-56.294      149.941      -56.2399      0.169335     0.250549     0.128934    
-56.2296     -56.2399     150.094       0.116898     0.128934     0.293102    

Bond Length
0.6175295     0.001567299 

BB bond length
0.6175295     0.001567299 

Water EE distance
0             0           

PEG EE distance
7.2014913     0.11472948  

BBB P2(x)
0.50216844    0.0087467558

BBB first bond length
0.61737393    0.0016799325

BBB second bond length
0.61746979    0.0016124132

BBB <phi**2>/<phi>**2
1.2223926     0.0088625746

Time = 21000
Temperature
1.0098902     0.0064740559

Pressure
23.169136     0.077418501 

CM Mom
-9.4676253e-18 2.1423967e-17 
-7.2092208e-17 2.1347065e-17 
-8.4395311e-17 1.8079203e-17 
1.1555887e-16  1.7238915e-17 

CM Pos
7.4920979      0.010778419   
7.4978965      0.0130042     
7.4961642      0.012803275   
12.982403      0.011088674   

Stress
20.1227      -0.0129607   0.0336644     0.0913831    0.0653948    0.0405933   
-0.0129607   20.1079      -0.0293322    0.0653948    0.103433     0.0747727   
0.0336644    -0.0293322   20.212        0.0405933    0.0747727    0.128686    

Stress Spherical
0            0            0             0            0            0           
0            0            0             0            0            0           
0            0            0             0            0            0           

Inertia
149.918      -56.1947     -56.1684      0.29083      0.156331     0.107014    
-56.1947     149.826      -56.2223      0.156331     0.178061     0.150044    
-56.1684     -56.2223     149.867       0.107014     0.150044     0.230402    

Bond Length
0.61763517    0.0019243719

BB bond length
0.61763517    0.0019243719

Water EE distance
0             0           

PEG EE distance
6.8489926     0.14693586  

BBB P2(x)
0.51406722    0.014125587 

BBB first bond length
0.61770716    0.0020280153

BBB second bond length
0.61759118    0.0019606207

BBB <phi**2>/<phi>**2
1.2291575     0.0067810997

Time = 22000
Temperature
1.0100538     0.0060954015

Pressure
23.1289       0.086783806 

CM Mom
-3.1579457e-17 1.6474741e-17 
-6.3376605e-17 1.0546444e-17 
-7.5628446e-17 1.4986856e-17 
1.0524053e-16  1.6284928e-17 

CM Pos
7.4995251      0.015835822   
7.4975994      0.015857405   
7.4977982      0.01249539    
12.987466      0.015100452   

Stress
20.114       0.0520552    -0.0304411    0.108422     0.0704178    0.0614682   
0.0520552    20.1001      0.0285456     0.0704178    0.0842829    0.0707733   
-0.0304411   0.0285456    20.1064       0.0614682    0.0707733    0.118052    

Stress Spherical
0            0            0             0            0            0           
0            0            0             0            0            0           
0            0            0             0            0            0           

Inertia
149.93       -56.2067     -56.2022      0.401439     0.150105     0.154063    
-56.2067     149.979      -56.2242      0.150105     0.268315     0.181897    
-56.2022     -56.2242     149.954       0.154063     0.181897     0.26299     

Bond Length
0.61659248    0.0017917412

BB bond length
0.61659248    0.0017917412

Water EE distance
0             0           

PEG EE distance
6.9873452     0.1676425   

BBB P2(x)
0.50426927    0.013616555 

BBB first bond length
0.61664934    0.0016822589

BBB second bond length
0.61669469    0.0017944773

BBB <phi**2>/<phi>**2
1.2196508     0.00966052  

Time = 23000
Temperature
1.0117797     0.0091057941

Pressure
23.152634     0.091141375 

CM Mom
-2.6303479e-17 1.1021042e-17 
-8.2638117e-17 1.5455288e-17 
-8.7378389e-17 2.2620599e-17 
1.2541687e-16  1.7278447e-17 

CM Pos
7.4995251      0.012919936   
7.5001247      0.011591213   
7.50374        0.011347849   
12.992348      0.013538613   

Stress
20.094       -0.0221251   -0.0734531    0.102008     0.0561432    0.077216    
-0.0221251   20.1067      -0.0400419    0.0561432    0.0786739    0.0639994   
-0.0734531   -0.0400419   20.1755       0.077216     0.0639994    0.134427    

Stress Spherical
0            0            0             0            0            0           
0            0            0             0            0            0           
0            0            0             0            0            0           

Inertia
150.067      -56.2669     -56.2792      0.21675      0.132084     0.139561    
-56.2669     150.051      -56.2936      0.132084     0.29851      0.10424     
-56.2792     -56.2936     150.001       0.139561     0.10424      0.256946    

Bond Length
0.61864236    0.0015917655

BB bond length
0.61864236    0.0015917655

Water EE distance
0             0           

PEG EE distance
6.9717548     0.16083449  

BBB P2(x)
0.50884451    0.011488854 

BBB first bond length
0.61858477    0.0016073787

BBB second bond length
0.6186118     0.0015357872

BBB <phi**2>/<phi>**2
1.2281738     0.007788735 

Time = 24000
Temperature
1.0132613     0.011889084 

Pressure
23.093135     0.11418462  

CM Mom
-1.8111214e-17 2.1948455e-17 
-5.3797936e-17 2.7202723e-17 
-9.8084543e-17 1.2026936e-17 
1.1816781e-16  1.5670072e-17 

CM Pos
7.5007135      0.010313937   
7.4984907      0.013675757   
7.4946788      0.012311264   
12.986862      0.012105662   

Stress
20.0514      0.0274877    -0.0249568    0.151869     0.0804179    0.0857476   
0.0274877    20.0147      -0.0713081    0.0804179    0.17747      0.0767765   
-0.0249568   -0.0713081   20.1183       0.0857476    0.0767765    0.12488     

Stress Spherical
0            0            0             0            0            0           
0            0            0             0            0            0           
0            0            0             0            0            0           

Inertia
149.876      -56.2633     -56.1936      0.350612     0.126754     0.136857    
-56.2633     149.922      -56.2199      0.126754     0.236836     0.19132     
-56.1936     -56.2199     149.979       0.136857     0.19132      0.177718    

Bond Length
0.61899653    0.0025234971

BB bond length
0.61899653    0.0025234971

Water EE distance
0             0           

PEG EE distance
6.6804572     0.12979372  

BBB P2(x)
0.50444737    0.0092597309

BBB first bond length
0.61900242    0.0027270686

BBB second bond length
0.61901279    0.002748877 

BBB <phi**2>/<phi>**2
1.2270078     0.0066135882

Time = 25000
Temperature
1.0076831     0.009026058 

Pressure
23.144453     0.095689661 

CM Mom
-2.8512271e-17 2.4507637e-17 
-6.4471381e-17 1.1571343e-17 
-1.2174302e-16 1.796367e-17  
1.4356004e-16  1.5446677e-17 

CM Pos
7.4974455      0.017493571   
7.4929945      0.022668945   
7.4970555      0.0077200157  
12.983181      0.019476519   

Stress
20.1234      0.0109833    -0.00494922   0.122441     0.047188     0.0616728   
0.0109833    20.1381      0.0214712     0.047188     0.148721     0.0590977   
-0.00494922  0.0214712    20.1269       0.0616728    0.0590977    0.0772187   

Stress Spherical
0            0            0             0            0            0           
0            0            0             0            0            0           
0            0            0             0            0            0           

Inertia
149.85       -56.1551     -56.1841      0.367207     0.255214     0.140757    
-56.1551     149.943      -56.1524      0.255214     0.319995     0.193974    
-56.1841     -56.1524     149.868       0.140757     0.193974     0.436613    

Bond Length
0.61782001    0.0015435046

BB bond length
0.61782001    0.0015435046

Water EE distance
0             0           

PEG EE distance
6.7797166     0.2498638   

BBB P2(x)
0.50661641    0.0060737367

BBB first bond length
0.617658      0.0015720136

BBB second bond length
0.6178524     0.0015060136

BBB <phi**2>/<phi>**2
1.2256536     0.005390442 

Time = 26000
Temperature
1.0122225     0.0069389291

Pressure
23.148018     0.10039052  

CM Mom
4.3799758e-17  2.0542976e-17 
-6.5140258e-17 2.6680512e-17 
-1.0291937e-16 1.835804e-17  
1.3344663e-16  2.0419257e-17 

CM Pos
7.4932863      0.0126751     
7.4940343      0.011269802   
7.5019574      0.013000806   
12.984204      0.012781605   

Stress
20.1645      -0.0100335   -0.0281106    0.139769     0.0891455    0.0793925   
-0.0100335   20.1202      -0.00560447   0.0891455    0.123732     0.0455677   
-0.0281106   -0.00560447  20.0737       0.0793925    0.0455677    0.134133    

Stress Spherical
0            0            0             0            0            0           
0            0            0             0            0            0           
0            0            0             0            0            0           

Inertia
149.942      -56.1616     -56.2183      0.201098     0.135723     0.152065    
-56.1616     149.922      -56.1978      0.135723     0.3531       0.111461    
-56.2183     -56.1978     149.801       0.152065     0.111461     0.288662    

Bond Length
0.61913529    0.0019668823

BB bond length
0.61913529    0.0019668823

Water EE distance
0             0           

PEG EE distance
7.3769936     0.13044825  

BBB P2(x)
0.51001148    0.011918967 

BBB first bond length
0.61916716    0.0020324844

BBB second bond length
0.61911266    0.002082249 

BBB <phi**2>/<phi>**2
1.2234515     0.0063033444

Time = 27000
Temperature
1.0091127     0.0089522132

Pressure
23.180323     0.096074062 

CM Mom
4.0718897e-17  1.1354343e-17 
-7.4914904e-17 1.2369304e-17 
-9.3104866e-17 1.8903524e-17 
1.2793865e-16  1.4482844e-17 

CM Pos
7.4950688      0.018460772   
7.5023528      0.013666072   
7.4986895      0.013149314   
12.988158      0.012294091   

Stress
20.1689      0.0416664    0.0406632     0.113063     0.0962893    0.0564917   
0.0416664    20.1591      -0.00423004   0.0962893    0.0962248    0.0621731   
0.0406632    -0.00423004  20.1552       0.0564917    0.0621731    0.137107    

Stress Spherical
0            0            0             0            0            0           
0            0            0             0            0            0           
0            0            0             0            0            0           

Inertia
150.001      -56.2238     -56.166       0.173285     0.216166     0.158265    
-56.2238     149.914      -56.2538      0.216166     0.296594     0.118301    
-56.166      -56.2538     149.96        0.158265     0.118301     0.395442    

Bond Length
0.61808959    0.0015576568

BB bond length
0.61808959    0.0015576568

Water EE distance
0             0           

PEG EE distance
7.4068227     0.10402944  

BBB P2(x)
0.50528616    0.0095939191

BBB first bond length
0.61814767    0.001540562 

BBB second bond length
0.61811245    0.0013967309

BBB <phi**2>/<phi>**2
1.2260724     0.0081472019

Time = 28000
Temperature
1.0092096     0.011492182 

Pressure
23.143466     0.083052669 

CM Mom
4.4015044e-17  9.2875713e-18 
-6.0461418e-17 1.4019678e-17 
-7.3385434e-17 1.9585123e-17 
1.0656108e-16  1.7013332e-17 

CM Pos
7.502496       0.017043796   
7.5027985      0.017234336   
7.5012147      0.016650878   
12.994157      0.020159289   

Stress
20.0922      0.0382015    -0.00119403   0.0642677    0.0788774    0.103168    
0.0382015    20.1463      -0.0231463    0.0788774    0.110473     0.0471292   
-0.00119403  -0.0231463   20.1333       0.103168     0.0471292    0.139325    

Stress Spherical
0            0            0             0            0            0           
