Time = 1000
Temperature
   1.0451984   0.061147424

Pressure
   23.620499    0.24656076

CM Mom
-9.585209e-18  2.6043621e-17 
-1.7768508e-17 1.6434508e-17 
2.3703234e-17  1.288861e-16  
1.0826661e-16  8.2509228e-17 

CM Pos
7.5015359      0.022331022   
7.5028468      0.020074074   
7.4966432      0.011449458   
12.991012      0.0073229098  

Stress
20.5031      -0.0140922   0.00592078    0.133467     0.0702653    0.0757624   
-0.0140922   20.4886      -0.0043585    0.0702653    0.127806     0.0675766   
0.00592078   -0.0043585   20.4723       0.0757624    0.0675766    0.111825    

Stress Spherical
0            0            0             0            0            0           
0            0            0             0            0            0           
0            0            0             0            0            0           

Inertia
149.991      -56.2508     -56.2569      0.793396     0.12828      0.165276    
-56.2508     149.986      -56.218       0.12828      0.383895     0.147137    
-56.2569     -56.218      150.058       0.165276     0.147137     0.552226    

Bond Length
0.61915105    0.0046525383

BB bond length
0.61915105    0.0046525383

Water EE distance
0             0           

PEG EE distance
6.2606267     0.16310617  

BBB P2(x)
0.48137138    0.06214184  

BBB first bond length
0.61915926    0.0047399203

BBB second bond length
0.61906305    0.0042962364

BBB <phi**2>/<phi>**2
1.2158367     0.016094566 

Time = 2000
Temperature
1.0090717     0.0085885016

Pressure
23.499634     0.081338883 

CM Mom
-1.5875695e-17 1.334515e-17  
-3.0127491e-17 1.4551662e-17 
7.1925768e-18  1.4733849e-17 
4.0734495e-17  1.2612203e-17 

CM Pos
7.5071711      0.014532872   
7.5035883      0.013839153   
7.4982744      0.012614634   
12.995615      0.011733862   

Stress
20.4771      0.0222187    -0.0572124    0.125863     0.0700535    0.0487733   
0.0222187    20.4487      0.0247273     0.0700535    0.0812283    0.0686921   
-0.0572124   0.0247273    20.5003       0.0487733    0.0686921    0.0930682   

Stress Spherical
0            0            0             0            0            0           
0            0            0             0            0            0           
0            0            0             0            0            0           

Inertia
149.95       -56.3316     -56.3062      0.410967     0.125735     0.120164    
-56.3316     150.025      -56.2757      0.125735     0.225742     0.190964    
-56.3062     -56.2757     150.079       0.120164     0.190964     0.268823    

Bond Length
0.61721799    0.0022218744

BB bond length
0.61721799    0.0022218744

Water EE distance
0             0           

PEG EE distance
6.409325      0.1679927   

BBB P2(x)
0.50982368    0.015454597 

BBB first bond length
0.61689882    0.0027375898

BBB second bond length
0.61752878    0.0021171186

BBB <phi**2>/<phi>**2
1.2251196     0.005287728 

