Time = 1000
Temperature
   1.0371259   0.046193095

Pressure
   23.581123     0.1403523

CM Mom
7.790629e-18   2.0551142e-17 
-1.609302e-17  2.0069759e-17 
3.1011402e-18  8.3995865e-17 
8.5770962e-17  2.9207676e-17 

CM Pos
7.4978742      0.021466806   
7.5012711      0.02785082    
7.503383       0.022531168   
12.991879      0.027542493   

Stress
20.4598      -0.0206163   0.0291213     0.104079     0.0658104    0.0624487   
-0.0206163   20.5308      0.0453913     0.0658104    0.106384     0.0629318   
0.0291213    0.0453913    20.4399       0.0624487    0.0629318    0.0968166   

Stress Spherical
0            0            0             0            0            0           
0            0            0             0            0            0           
0            0            0             0            0            0           

Inertia
150.106      -56.2363     -56.2699      0.887124     0.32812      0.276707    
-56.2363     150.054      -56.2829      0.32812      0.652365     0.249304    
-56.2699     -56.2829     150.016       0.276707     0.249304     0.906845    

Bond Length
0.61938308    0.0036435003

BB bond length
0.61938308    0.0036435003

Water EE distance
0             0           

PEG EE distance
6.2962672     0.47241956  

BBB P2(x)
0.46715243    0.057469424 

BBB first bond length
0.61964947    0.0036049336

BBB second bond length
0.61965697    0.003122305 

BBB <phi**2>/<phi>**2
1.2186413     0.019909365 

Time = 2000
Temperature
1.010204      0.0071107883

Pressure
23.459669     0.08741497  

CM Mom
-2.1518676e-18 1.6285173e-17 
-4.4172496e-17 1.7268688e-17 
-4.4259455e-17 1.8125539e-17 
6.7213904e-17  1.6999412e-17 

CM Pos
7.5024772      0.017377239   
7.4962226      0.013777177   
7.5050163      0.014732271   
12.992547      0.015072579   

Stress
20.4199      -0.0280315   -0.0100072    0.103927     0.0955323    0.0573634   
-0.0280315   20.4433      0.00627589    0.0955323    0.150293     0.0573893   
-0.0100072   0.00627589   20.4446       0.0573634    0.0573893    0.127067    

Stress Spherical
0            0            0             0            0            0           
0            0            0             0            0            0           
0            0            0             0            0            0           

Inertia
149.943      -56.238      -56.3428      0.465344     0.109305     0.198694    
-56.238      150.049      -56.2976      0.109305     0.358131     0.224615    
-56.3428     -56.2976     149.909       0.198694     0.224615     0.287309    

Bond Length
0.61967458    0.0023756502

BB bond length
0.61967458    0.0023756502

Water EE distance
0             0           

PEG EE distance
7.1726333     0.36909247  

BBB P2(x)
0.52101739    0.02614884  

BBB first bond length
0.61955377    0.0024332223

BBB second bond length
0.6192395     0.002355381 

BBB <phi**2>/<phi>**2
1.2275571     0.021188956 

Time = 3000
Temperature
1.0096406     0.0081690066

Pressure
23.498697     0.085107551 

CM Mom
1.3273399e-17  1.0615112e-17 
-5.0855182e-17 1.5044177e-17 
-6.271738e-17  1.9227733e-17 
8.4903074e-17  1.4002999e-17 

CM Pos
7.495053       0.015865029   
7.4932529      0.012162218   
7.5008588      0.018744487   
12.984132      0.024637454   

Stress
20.5115      -0.0225762   0.0238666     0.0885719    0.0642431    0.0890947   
-0.0225762   20.4775      -0.0123033    0.0642431    0.142939     0.0846546   
0.0238666    -0.0123033   20.441        0.0890947    0.0846546    0.10425     

Stress Spherical
0            0            0             0            0            0           
0            0            0             0            0            0           
0            0            0             0            0            0           

Inertia
149.879      -56.1859     -56.2175      0.409684     0.231945     0.256062    
-56.1859     149.898      -56.232       0.231945     0.407164     0.270067    
-56.2175     -56.232      149.771       0.256062     0.270067     0.36177     

Bond Length
0.61967658    0.0046275201

BB bond length
0.61967658    0.0046275201

Water EE distance
0             0           

PEG EE distance
7.5658801     0.094089956 

BBB P2(x)
0.5236441     0.019157443 

BBB first bond length
0.62014155    0.0046294377

BBB second bond length
0.61922414    0.0045087017

BBB <phi**2>/<phi>**2
1.2213738     0.014498016 

Time = 4000
Temperature
1.0076939     0.0089340934

Pressure
23.515912     0.11552044  

CM Mom
5.5565003e-17  1.7609936e-17 
-7.6049096e-17 1.2811798e-17 
-7.6603685e-17 1.2405413e-17 
1.2268743e-16  1.7748209e-17 

CM Pos
7.4998045      0.013960791   
7.4994893      0.011548503   
7.4974436      0.0104416     
12.988508      0.012857634   

Stress
20.5331      -0.0344062   0.0201995     0.135886     0.0803248    0.0715541   
-0.0344062   20.5042      0.014237      0.0803248    0.110332     0.0875736   
0.0201995    0.014237     20.4618       0.0715541    0.0875736    0.156368    

Stress Spherical
0            0            0             0            0            0           
0            0            0             0            0            0           
0            0            0             0            0            0           

Inertia
149.928      -56.2084     -56.2238      0.18699      0.202571     0.139569    
-56.2084     149.95       -56.258       0.202571     0.271122     0.137544    
-56.2238     -56.258      149.954       0.139569     0.137544     0.316451    

Bond Length
0.61962111    0.0051734476

BB bond length
0.61962111    0.0051734476

Water EE distance
0             0           

PEG EE distance
7.2835242     0.2676079   

BBB P2(x)
0.51716368    0.019950086 

BBB first bond length
0.61961876    0.0054421007

BBB second bond length
0.61941558    0.005638885 

BBB <phi**2>/<phi>**2
1.2267221     0.012921877 

Time = 5000
Temperature
1.0112281     0.0073520439

Pressure
23.530084     0.045883374 

CM Mom
6.674279e-17   2.0234554e-17 
-7.8405242e-17 1.8730102e-17 
-9.0748258e-17 1.9489396e-17 
1.3985303e-16  2.0456016e-17 

CM Pos
7.4972802      0.007275787   
7.498153       0.012717846   
7.4958102      0.015660816   
12.985341      0.0074738159  

Stress
20.5307      -0.0191626   -0.0170935    0.0796925    0.0604683    0.070975    
-0.0191626   20.47        -0.0297302    0.0604683    0.099024     0.0538678   
-0.0170935   -0.0297302   20.5093       0.070975     0.0538678    0.0733529   

Stress Spherical
0            0            0             0            0            0           
0            0            0             0            0            0           
0            0            0             0            0            0           

Inertia
149.896      -56.2523     -56.2099      0.146854     0.100519     0.190727    
-56.2523     149.871      -56.2031      0.100519     0.259003     0.0940975   
-56.2099     -56.2031     149.899       0.190727     0.0940975    0.1949      

Bond Length
0.61893839    0.0037590384

BB bond length
0.61893839    0.0037590384

Water EE distance
0             0           

PEG EE distance
7.0164973     0.33504169  

BBB P2(x)
0.52566682    0.01190217  

BBB first bond length
0.61876203    0.004019227 

BBB second bond length
0.61931762    0.0041910539

BBB <phi**2>/<phi>**2
1.2261772     0.014406908 

Time = 6000
Temperature
1.0081205     0.0076330049

Pressure
23.46984      0.09827478  

CM Mom
6.4732695e-17  1.3885815e-17 
-4.3127884e-17 2.0592554e-17 
-1.0468622e-16 1.0132102e-17 
1.3261927e-16  1.1882636e-17 

CM Pos
7.4987651      0.013181795   
7.4862741      0.017070015   
7.5014527      0.017803399   
12.982608      0.015644651   

Stress
20.4074      -0.0102037   0.0129746     0.120242     0.045083     0.0701599   
-0.0102037   20.5122      0.0297212     0.045083     0.144455     0.0441214   
0.0129746    0.0297212    20.4374       0.0701599    0.0441214    0.124292    

Stress Spherical
0            0            0             0            0            0           
0            0            0             0            0            0           
0            0            0             0            0            0           

Inertia
149.775      -56.1104     -56.2777      0.432496     0.168168     0.164106    
-56.1104     149.981      -56.1941      0.168168     0.34674      0.243683    
-56.2777     -56.1941     149.728       0.164106     0.243683     0.259159    

Bond Length
0.62045577    0.0037521347

BB bond length
0.62045577    0.0037521347

Water EE distance
0             0           

PEG EE distance
7.7212829     0.20105141  

BBB P2(x)
0.51367952    0.02406869  

BBB first bond length
0.62027195    0.0038962077

BBB second bond length
0.62011535    0.003748486 

BBB <phi**2>/<phi>**2
1.2284552     0.020971764 

Time = 7000
Temperature
1.0149462     0.010015415 

Pressure
23.511383     0.084769427 

CM Mom
3.7758243e-17  1.3411325e-17 
-1.1928688e-17 2.3736115e-17 
-1.0910892e-16 2.4659641e-17 
1.1919062e-16  2.4853512e-17 

CM Pos
7.4978742      0.014102991   
7.4966681      0.012508081   
7.5106588      0.0049781394  
12.993395      0.014804355   

Stress
20.4268      -0.0244058   -0.0199856    0.133826     0.0503265    0.0718207   
-0.0244058   20.4994      0.0179875     0.0503265    0.11153      0.083936    
-0.0199856   0.0179875    20.4942       0.0718207    0.083936     0.0965071   

Stress Spherical
0            0            0             0            0            0           
0            0            0             0            0            0           
0            0            0             0            0            0           

Inertia
150.096      -56.149      -56.3139      0.23415      0.17051      0.153595    
-56.149      150.113      -56.3414      0.17051      0.272348     0.119115    
-56.3139     -56.3414     149.876       0.153595     0.119115     0.389209    

Bond Length
0.6190461     0.00288483  

BB bond length
0.6190461     0.00288483  

Water EE distance
0             0           

PEG EE distance
7.3496902     0.27807204  

BBB P2(x)
0.5123635     0.016515519 

BBB first bond length
0.61921233    0.0033999691

BBB second bond length
0.61902161    0.0034568834

BBB <phi**2>/<phi>**2
1.2123117     0.013586582 

Time = 8000
Temperature
1.0137921     0.0063317324

Pressure
23.510512     0.093984048 

CM Mom
8.5485497e-17  8.54322e-18   
1.6568996e-17  3.1666223e-17 
-1.314623e-16  1.4917961e-17 
1.6101004e-16  1.5449439e-17 

CM Pos
7.5011409      0.014218209   
7.492956       0.0085311319  
7.5011557      0.012099514   
12.987654      0.010866559   

Stress
20.4823      -0.00423056  0.00233599    0.0977921    0.0643706    0.065459    
-0.00423056  20.4236      0.0256879     0.0643706    0.145164     0.0497957   
0.00233599   0.0256879    20.5222       0.065459     0.0497957    0.144408    

Stress Spherical
0            0            0             0            0            0           
0            0            0             0            0            0           
0            0            0             0            0            0           

Inertia
149.906      -56.1983     -56.2752      0.197142     0.148232     0.133613    
-56.1983     150.039      -56.1712      0.148232     0.2709       0.113706    
-56.2752     -56.1712     149.89        0.133613     0.113706     0.275233    

Bond Length
0.61801893    0.003234967 

BB bond length
0.61801893    0.003234967 

Water EE distance
0             0           

PEG EE distance
7.5625689     0.19394794  

BBB P2(x)
0.52127754    0.021099398 

BBB first bond length
0.61842344    0.0029143322

BBB second bond length
0.6181836     0.0030751146

BBB <phi**2>/<phi>**2
1.226388      0.012827241 

Time = 9000
Temperature
1.0102905     0.0073425531

Pressure
23.498488     0.10549406  

CM Mom
9.0103825e-17  2.1484458e-17 
4.6411872e-17  2.3678432e-17 
-1.1176743e-16 1.9636581e-17 
1.546956e-16   1.555108e-17  

CM Pos
7.5041106      0.016646934   
7.5014196      0.008637719   
7.5038285      0.01405209    
12.995799      0.013283416   

Stress
20.4759      0.0279417    -0.0085158    0.134389     0.0679037    0.060684    
0.0279417    20.4414      -0.00152369   0.0679037    0.141912     0.0476809   
-0.0085158   -0.00152369  20.5062       0.060684     0.0476809    0.120385    

Stress Spherical
0            0            0             0            0            0           
0            0            0             0            0            0           
0            0            0             0            0            0           

Inertia
150.061      -56.2807     -56.3423      0.209443     0.160384     0.189918    
-56.2807     150.123      -56.2581      0.160384     0.404952     0.14294     
-56.3423     -56.2581     150.052       0.189918     0.14294      0.222585    

Bond Length
0.61846364    0.0034846339

BB bond length
0.61846364    0.0034846339

Water EE distance
0             0           

PEG EE distance
7.0263998     0.16683373  

BBB P2(x)
0.51181392    0.0098733653

BBB first bond length
0.61832966    0.0035825038

BBB second bond length
0.61844771    0.0034685304

BBB <phi**2>/<phi>**2
1.2230084     0.014216144 

Time = 10000
Temperature
1.0090541     0.0081018185

Pressure
23.488021     0.064447197 

CM Mom
8.2673122e-17  2.2659518e-17 
6.0075593e-17  1.9638015e-17 
-1.1024329e-16 1.4533486e-17 
1.5353813e-16  1.1570514e-17 

CM Pos
7.4986166      0.012924206   
7.4922135      0.012455088   
7.4964042      0.012717846   
12.983023      0.013511346   

Stress
20.4631      -0.0302621   0.0117444     0.081834     0.0605508    0.0596901   
-0.0302621   20.45        0.0298092     0.0605508    0.127379     0.105505    
0.0117444    0.0298092    20.4901       0.0596901    0.105505     0.105415    

Stress Spherical
0            0            0             0            0            0           
0            0            0             0            0            0           
0            0            0             0            0            0           

Inertia
149.832      -56.1924     -56.2289      0.293665     0.152259     0.122617    
-56.1924     149.93       -56.1645      0.152259     0.222682     0.204293    
-56.2289     -56.1645     149.855       0.122617     0.204293     0.339382    

Bond Length
0.61846644    0.0055667068

BB bond length
0.61846644    0.0055667068

Water EE distance
0             0           

PEG EE distance
6.8943189     0.20898771  

BBB P2(x)
0.52030774    0.010276437 

BBB first bond length
0.61873411    0.0059550895

BBB second bond length
0.61850928    0.0055354087

BBB <phi**2>/<phi>**2
1.2370013     0.01393307  

Time = 11000
Temperature
1.0093711     0.009437123 

Pressure
23.483469     0.076788934 

CM Mom
4.8789587e-17  9.1879965e-18 
3.6061367e-17  2.078397e-17  
-1.1713817e-16 1.8754038e-17 
1.3323168e-16  2.2795255e-17 

CM Pos
7.499953       0.012815421   
7.4980045      0.0090185813  
7.4995224      0.0096332617  
12.988932      0.013184911   

Stress
20.4643      -0.0107301   -0.0188682    0.102671     0.0458649    0.0672967   
-0.0107301   20.4472      0.00510897    0.0458649    0.130087     0.0737263   
-0.0188682   0.00510897   20.4753       0.0672967    0.0737263    0.0968838   

Stress Spherical
0            0            0             0            0            0           
0            0            0             0            0            0           
0            0            0             0            0            0           

Inertia
149.955      -56.2394     -56.2294      0.171729     0.100301     0.168386    
-56.2394     150.008      -56.2109      0.100301     0.34124      0.135115    
-56.2294     -56.2109     149.963       0.168386     0.135115     0.198184    

Bond Length
0.61954159    0.0043456093

BB bond length
0.61954159    0.0043456093

Water EE distance
0             0           

PEG EE distance
6.7115596     0.41420688  

BBB P2(x)
0.50949835    0.011601536 

BBB first bond length
0.61939087    0.0042809668

BBB second bond length
0.61915061    0.0043107651

BBB <phi**2>/<phi>**2
1.2254227     0.0087082392

Time = 12000
Temperature
1.0103058     0.0086994993

Pressure
23.476759     0.074949623 

CM Mom
4.5849727e-17  1.1001432e-17 
2.7132435e-17  1.2751761e-17 
-1.0729225e-16 1.619075e-17  
1.2106043e-16  1.54966e-17   

CM Pos
7.5001015      0.012294739   
7.4968166      0.017756898   
7.5035315      0.014717298   
12.990658      0.015965601   

Stress
20.401       0.0624398    -0.0415002    0.128306     0.0372926    0.0634553   
0.0624398    20.4726      0.0214066     0.0372926    0.101293     0.0755133   
-0.0415002   0.0214066    20.4846       0.0634553    0.0755133    0.0893534   

Stress Spherical
0            0            0             0            0            0           
0            0            0             0            0            0           
0            0            0             0            0            0           

Inertia
149.978      -56.2374     -56.2507      0.403983     0.156564     0.173541    
-56.2374     150.048      -56.2387      0.156564     0.249598     0.214257    
-56.2507     -56.2387     149.937       0.173541     0.214257     0.339179    

Bond Length
0.61877384    0.0048284102

BB bond length
0.61877384    0.0048284102

Water EE distance
0             0           

PEG EE distance
6.2179249     0.17050816  

BBB P2(x)
0.50640983    0.026203246 

BBB first bond length
0.61846687    0.0045808857

BBB second bond length
0.61876554    0.0048094926

BBB <phi**2>/<phi>**2
1.2213329     0.013823481 

Time = 13000
Temperature
1.0136763     0.0072724443

Pressure
23.528393     0.10622798  

CM Mom
3.3026442e-17  1.6388401e-17 
5.0496904e-17  1.9240082e-17 
-1.108069e-16  2.6989859e-17 
1.2911607e-16  2.4801299e-17 

CM Pos
7.5091591      0.011540864   
7.4960742      0.012240822   
7.4952163      0.0091532578  
12.990654      0.011319379   

Stress
20.4839      0.0305368    0.0105388     0.142428     0.0831569    0.0745688   
0.0305368    20.503       0.0118974     0.0831569    0.100344     0.0774413   
0.0105388    0.0118974    20.4959       0.0745688    0.0774413    0.142108    

Stress Spherical
0            0            0             0            0            0           
0            0            0             0            0            0           
0            0            0             0            0            0           

Inertia
149.853      -56.3052     -56.2805      0.186361     0.154726     0.104214    
-56.3052     150.092      -56.2418      0.154726     0.202642     0.138438    
-56.2805     -56.2418     150.064       0.104214     0.138438     0.26169     

Bond Length
0.61919399    0.003446896 

BB bond length
0.61919399    0.003446896 

Water EE distance
0             0           

PEG EE distance
5.5981572     0.20667832  

BBB P2(x)
0.51322402    0.022355275 

BBB first bond length
0.6195654     0.0034617819

BBB second bond length
0.61938331    0.0036616513

BBB <phi**2>/<phi>**2
1.2244622     0.013616842 

Time = 14000
Temperature
1.010218      0.0083895005

Pressure
23.522842     0.054770561 

CM Mom
6.4259158e-17  9.5121472e-18 
6.8762776e-17  9.1641064e-18 
-1.1262528e-16 1.7516163e-17 
1.4750395e-16  1.6305679e-17 

CM Pos
7.5008439      0.015201458   
7.5023105      0.015273084   
7.503086       0.0095320256  
12.993999      0.01275842    

Stress
20.485       -0.00631834  -0.0115862    0.100409     0.0581955    0.044935    
-0.00631834  20.5116      0.0358354     0.0581955    0.0946836    0.0722827   
-0.0115862   0.0358354    20.5006       0.044935     0.0722827    0.0981385   

Stress Spherical
0            0            0             0            0            0           
0            0            0             0            0            0           
0            0            0             0            0            0           

Inertia
150.061      -56.3119     -56.2658      0.29663      0.121861     0.15227     
-56.3119     150.049      -56.2829      0.121861     0.289799     0.159842    
-56.2658     -56.2829     150.025       0.15227      0.159842     0.301566    

Bond Length
0.6162571     0.005038387 

BB bond length
0.6162571     0.005038387 

Water EE distance
0             0           

PEG EE distance
6.2305183     0.29275487  

BBB P2(x)
0.51347632    0.022415302 

BBB first bond length
0.61655659    0.0056252995

BBB second bond length
0.61636892    0.0051076366

BBB <phi**2>/<phi>**2
1.2275899     0.018429966 

Time = 15000
Temperature
1.0095229     0.0079319313

Pressure
23.572847     0.061061655 

CM Mom
8.2684662e-17  2.1927579e-17 
8.7687507e-17  2.5804033e-17 
-1.0014194e-16 1.8642258e-17 
1.6018689e-16  1.9713457e-17 

CM Pos
7.5024772      0.006115005   
7.4993408      0.0093675373  
7.5063527      0.017846073   
12.995113      0.0088615732  

Stress
20.5081      0.00122173   0.0177909     0.107742     0.0902178    0.0785235   
0.00122173   20.5943      -0.0153381    0.0902178    0.0954215    0.0788467   
0.0177909    -0.0153381   20.551        0.0785235    0.0788467    0.0540784   

Stress Spherical
0            0            0             0            0            0           
0            0            0             0            0            0           
0            0            0             0            0            0           

Inertia
150.073      -56.2913     -56.321       0.239803     0.064602     0.174349    
-56.2913     150.141      -56.2895      0.064602     0.242519     0.18011     
-56.321      -56.2895     150.006       0.174349     0.18011      0.165623    

Bond Length
0.61812778    0.0052825341

BB bond length
0.61812778    0.0052825341

Water EE distance
0             0           

PEG EE distance
6.3677445     0.1889834   

BBB P2(x)
0.49864189    0.01426047  

BBB first bond length
0.61793546    0.0054533188

BBB second bond length
0.61804465    0.0056939452

BBB <phi**2>/<phi>**2
1.225738      0.010304339 

Time = 16000
Temperature
1.0126216     0.007763842 

Pressure
23.515995     0.064675614 

CM Mom
7.8738381e-17  1.0480551e-17 
1.1039119e-16  1.0036998e-17 
-1.038963e-16  1.7586118e-17 
1.7193021e-16  1.1842579e-17 

CM Pos
7.4986166      0.011127496   
7.4999348      0.021499134   
7.4996709      0.01161608    
12.989375      0.013584682   

Stress
20.5049      0.00851564   -0.00697013   0.0467459    0.0716826    0.0736805   
0.00851564   20.5151      -0.00708068   0.0716826    0.137692     0.0543071   
-0.00697013  -0.00708068  20.4351       0.0736805    0.0543071    0.11247     

Stress Spherical
0            0            0             0            0            0           
0            0            0             0            0            0           
0            0            0             0            0            0           

Inertia
149.987      -56.2637     -56.2285      0.313381     0.155193     0.178484    
-56.2637     149.961      -56.284       0.155193     0.283669     0.163449    
-56.2285     -56.284      149.952       0.178484     0.163449     0.311902    

Bond Length
0.62024329    0.0043900061

BB bond length
0.62024329    0.0043900061

Water EE distance
0             0           

PEG EE distance
7.1104839     0.52796849  

BBB P2(x)
0.48808733    0.011485352 

BBB first bond length
0.61998247    0.0042019363

BBB second bond length
0.62008423    0.0044365783

BBB <phi**2>/<phi>**2
1.2188221     0.014627646 

Time = 17000
Temperature
1.0104073     0.009889764 

Pressure
23.528738     0.088461156 

CM Mom
7.2957435e-17  2.1281084e-17 
8.7800705e-17  1.4820846e-17 
-9.4980008e-17 2.4592845e-17 
1.5166694e-16  1.8095407e-17 

CM Pos
7.5008439      0.011767882   
7.4990439      0.014161496   
7.4940284      0.016167877   
12.986884      0.01512029    

Stress
20.5034      0.0340203    0.00826842    0.133062     0.0518404    0.0876626   
0.0340203    20.4943      0.0101539     0.0518404    0.112234     0.0786308   
0.00826842   0.0101539    20.5155       0.0876626    0.0786308    0.109023    

Stress Spherical
0            0            0             0            0            0           
0            0            0             0            0            0           
0            0            0             0            0            0           

Inertia
149.892      -56.2757     -56.2071      0.372692     0.155194     0.154763    
-56.2757     149.923      -56.1721      0.155194     0.333618     0.184624    
-56.2071     -56.1721     149.972       0.154763     0.184624     0.220264    

Bond Length
0.6179316     0.0026768982

BB bond length
0.6179316     0.0026768982

Water EE distance
0             0           

PEG EE distance
6.9126947     0.15228348  

BBB P2(x)
0.50175733    0.021476153 

BBB first bond length
0.61842034    0.0029011173

BBB second bond length
0.61786002    0.002664828 

BBB <phi**2>/<phi>**2
1.2264738     0.015027616 

Time = 18000
Temperature
1.0066066     0.0066118818

Pressure
23.451851     0.078212328 

CM Mom
3.7975573e-17  1.8859554e-17 
9.5327434e-17  1.6421029e-17 
-9.072463e-17  2.3313793e-17 
1.4069397e-16  1.1597207e-17 

CM Pos
7.5011409      0.012901155   
7.497262       0.01009701    
7.493583       0.016500602   
12.985772      0.010702502   

Stress
20.3971      -0.0374853   -0.0182401    0.111192     0.0664609    0.0653826   
-0.0374853   20.4256      0.0231727     0.0664609    0.117194     0.0790998   
-0.0182401   0.0231727    20.494        0.0653826    0.0790998    0.109615    

Stress Spherical
0            0            0             0            0            0           
0            0            0             0            0            0           
0            0            0             0            0            0           

Inertia
149.851      -56.2384     -56.2163      0.289607     0.131474     0.166745    
-56.2384     149.901      -56.1688      0.131474     0.293611     0.163398    
-56.2163     -56.1688     149.94        0.166745     0.163398     0.216457    

Bond Length
0.62117207    0.0038139162

BB bond length
0.62117207    0.0038139162

Water EE distance
0             0           

PEG EE distance
7.1254555     0.4551291   

BBB P2(x)
0.51989098    0.019511346 

BBB first bond length
0.62126672    0.0034816842

BBB second bond length
0.6207559     0.0035413009

BBB <phi**2>/<phi>**2
1.2134949     0.013038406 

Time = 19000
Temperature
1.0143765     0.0066890719

Pressure
23.500325     0.10381561  

CM Mom
5.027353e-17   1.2475522e-17 
1.0278204e-16  1.3858627e-17 
-8.8348014e-17 1.4555488e-17 
1.4584965e-16  1.3579005e-17 

CM Pos
7.4959439      0.011863978   
7.4962226      0.015678404   
7.5016012      0.010245496   
12.986797      0.012487427   

Stress
20.5081      -0.0288031   0.0200128     0.117653     0.0730553    0.0694233   
-0.0288031   20.4435      0.0308441     0.0730553    0.126084     0.0490312   
0.0200128    0.0308441    20.4407       0.0694233    0.0490312    0.15946     

Stress Spherical
0            0            0             0            0            0           
0            0            0             0            0            0           
0            0            0             0            0            0           

Inertia
149.966      -56.1764     -56.2383      0.256955     0.189536     0.140956    
-56.1764     149.979      -56.225       0.189536     0.261754     0.133107    
-56.2383     -56.225      149.876       0.140956     0.133107     0.295148    

Bond Length
0.61857026    0.0041127973

BB bond length
0.61857026    0.0041127973

Water EE distance
0             0           

PEG EE distance
7.0702591     0.26551148  

BBB P2(x)
0.50578029    0.018741686 

BBB first bond length
0.61894169    0.0039062865

BBB second bond length
0.61839813    0.0038147118

BBB <phi**2>/<phi>**2
1.2273727     0.014766011 

Time = 20000
Temperature
1.0124372     0.0073542158

Pressure
23.578078     0.083941428 

CM Mom
5.9196829e-17  1.9244515e-17 
1.1766721e-16  1.8125827e-17 
-9.9663727e-17 1.7690674e-17 
1.675368e-16   1.5032383e-17 

CM Pos
7.5035166      0.013741925   
7.4896893      0.01399628    
7.4943254      0.010670309   
12.983196      0.015636113   

Stress
20.5289      0.0101524    -0.024096     0.123269     0.0428367    0.0682604   
0.0101524    20.5381      0.0300587     0.0428367    0.110172     0.0745414   
-0.024096    0.0300587    20.5761       0.0682604    0.0745414    0.0918827   

Stress Spherical
0            0            0             0            0            0           
0            0            0             0            0            0           
0            0            0             0            0            0           

Inertia
149.763      -56.2297     -56.2191      0.301223     0.164605     0.124073    
-56.2297     149.965      -56.1208      0.164605     0.218902     0.128058    
-56.2191     -56.1208     149.87        0.124073     0.128058     0.345946    

Bond Length
0.6171743     0.0032853642

BB bond length
0.6171743     0.0032853642

Water EE distance
0             0           

PEG EE distance
6.9947848     0.17802953  

BBB P2(x)
0.51426182    0.015292936 

BBB first bond length
0.61692059    0.0038332147

BBB second bond length
0.61727195    0.0031496085

BBB <phi**2>/<phi>**2
1.2278393     0.018545467 

Time = 21000
Temperature
1.0148464     0.0081916792

Pressure
23.554781     0.07096458  

CM Mom
1.1063105e-16  1.5863836e-17 
1.1494798e-16  1.5613954e-17 
-8.6465542e-17 2.4795124e-17 
1.8324896e-16  2.1415679e-17 

CM Pos
7.4908954      0.011091774   
7.4944408      0.0086593882  
7.5100649      0.016033678   
12.987747      0.010462443   

Stress
20.5292      -0.00603164  0.0127344     0.141909     0.0666343    0.0472992   
-0.00603164  20.5136      -0.0132353    0.0666343    0.0698516    0.100447    
0.0127344    -0.0132353   20.5086       0.0472992    0.100447     0.100069    

Stress Spherical
0            0            0             0            0            0           
0            0            0             0            0            0           
0            0            0             0            0            0           

Inertia
150.071      -56.1397     -56.2884      0.24091      0.122282     0.149521    
-56.1397     150.031      -56.2909      0.122282     0.235279     0.141059    
-56.2884     -56.2909     149.774       0.149521     0.141059     0.236822    

Bond Length
0.61996802    0.0050017069

BB bond length
0.61996802    0.0050017069

Water EE distance
0             0           

PEG EE distance
6.9050343     0.26695683  

BBB P2(x)
0.49979295    0.026564478 

BBB first bond length
0.62009258    0.0055867481

BBB second bond length
0.61993307    0.0048496619

BBB <phi**2>/<phi>**2
1.2179503     0.01986413  

Time = 22000
Temperature
1.0094208     0.0074786102

Pressure
23.470009     0.026524645 

CM Mom
1.1791394e-16  2.0663784e-17 
9.4124427e-17  2.4305869e-17 
-7.8312376e-17 1.7183567e-17 
1.7263767e-16  2.012982e-17  

CM Pos
7.4935681      0.007176626   
7.4971136      0.022076446   
7.5029375      0.014530346   
12.986716      0.017633853   

Stress
20.4701      0.0397462    0.0253266     0.111553     0.0586657    0.0473371   
0.0397462    20.4495      0.0280601     0.0586657    0.0591538    0.0676096   
0.0253266    0.0280601    20.4262       0.0473371    0.0676096    0.133342    

Stress Spherical
0            0            0             0            0            0           
0            0            0             0            0            0           
0            0            0             0            0            0           

Inertia
150.01       -56.1677     -56.2051      0.471382     0.13862      0.100948    
-56.1677     149.95       -56.2329      0.13862      0.261524     0.262838    
-56.2051     -56.2329     149.856       0.100948     0.262838     0.290621    

Bond Length
0.62116869    0.0025726496

BB bond length
0.62116869    0.0025726496

Water EE distance
0             0           

PEG EE distance
7.1685742     0.26857546  

BBB P2(x)
0.51599738    0.022365756 

BBB first bond length
0.62074537    0.0024420289

BBB second bond length
0.62115969    0.0027163408

BBB <phi**2>/<phi>**2
1.227479      0.016411387 

Time = 23000
Temperature
1.0104794     0.0055961974

Pressure
23.460333     0.086450972 

CM Mom
1.2487564e-16  2.1699442e-17 
8.2900069e-17  1.3583441e-17 
-6.1723872e-17 2.1363771e-17 
1.6390187e-16  2.2894229e-17 

CM Pos
7.4952015      0.011924223   
7.503053       0.016920176   
7.5060557      0.012565238   
12.992887      0.014195269   

Stress
20.4367      0.00338321   0.0133618     0.10056      0.0912182    0.0588566   
0.00338321   20.4233      -0.0212151    0.0912182    0.145802     0.0648416   
0.0133618    -0.0212151   20.4473       0.0588566    0.0648416    0.1475      

Stress Spherical
0            0            0             0            0            0           
0            0            0             0            0            0           
0            0            0             0            0            0           

Inertia
150.125      -56.2481     -56.2273      0.306786     0.173414     0.163265    
-56.2481     150.02       -56.3076      0.173414     0.300803     0.153963    
-56.2273     -56.3076     149.967       0.163265     0.153963     0.310938    

Bond Length
0.62144839    0.0024749375

BB bond length
0.62144839    0.0024749375

Water EE distance
0             0           

PEG EE distance
6.8073227     0.31396139  

BBB P2(x)
0.5107427     0.021713552 

BBB first bond length
0.6215892     0.0026177996

BBB second bond length
0.62095949    0.0026768208

BBB <phi**2>/<phi>**2
1.2291873     0.020486407 

Time = 24000
Temperature
1.0074817     0.00832017  

Pressure
23.457946     0.066034531 

CM Mom
1.3948235e-16  1.2390396e-17 
6.3795512e-17  3.1706114e-17 
-2.4771755e-17 1.9919096e-17 
1.5979321e-16  1.2670064e-17 

CM Pos
7.5015863      0.014145918   
7.5032015      0.012776653   
7.4995224      0.013037158   
12.992886      0.01090942    

Stress
20.5075      -0.00717151  -0.00825066   0.0983066    0.0730704    0.0556176   
-0.00717151  20.386       -0.0190975    0.0730704    0.129456     0.0555862   
-0.00825066  -0.0190975   20.4335       0.0556176    0.0555862    0.120325    

Stress Spherical
0            0            0             0            0            0           
0            0            0             0            0            0           
0            0            0             0            0            0           

Inertia
150.038      -56.2986     -56.2451      0.216573     0.194402     0.145493    
-56.2986     150.024      -56.2215      0.194402     0.288019     0.125011    
-56.2451     -56.2215     150.066       0.145493     0.125011     0.333548    

Bond Length
0.61743441    0.0035524762

BB bond length
0.61743441    0.0035524762

Water EE distance
0             0           

PEG EE distance
6.0999489     0.20565298  

BBB P2(x)
0.49740813    0.018045233 

BBB first bond length
0.61749115    0.0039289511

BBB second bond length
0.61728412    0.0034919937

BBB <phi**2>/<phi>**2
1.2252369     0.013423102 

Time = 25000
Temperature
1.0145626     0.008214444 

Pressure
23.497113     0.098632924 

CM Mom
1.4014395e-16  1.8467391e-17 
5.2393388e-17  1.9663831e-17 
-2.1806618e-17 1.9514034e-17 
1.5376736e-16  1.8028556e-17 

CM Pos
7.4983196      0.012298325   
7.4969651      0.017993104   
7.4964042      0.013426238   
12.985599      0.015634166   

Stress
20.5043      -0.0271856   0.0133922     0.107708     0.0783664    0.043173    
-0.0271856   20.4801      -0.0205827    0.0783664    0.114269     0.0631224   
0.0133922    -0.0205827   20.3967       0.043173     0.0631224    0.159606    

Stress Spherical
0            0            0             0            0            0           
0            0            0             0            0            0           
0            0            0             0            0            0           

Inertia
149.919      -56.2069     -56.1921      0.363823     0.148912     0.14686     
-56.2069     149.95       -56.1957      0.148912     0.240733     0.191519    
-56.1921     -56.1957     149.951       0.14686      0.191519     0.295495    

Bond Length
0.62046376    0.0038548993

BB bond length
0.62046376    0.0038548993

Water EE distance
0             0           

PEG EE distance
6.4417241     0.43305918  

BBB P2(x)
0.51394291    0.017326469 

BBB first bond length
0.6201686     0.0038494068

BBB second bond length
0.62057544    0.003938887 

BBB <phi**2>/<phi>**2
1.2214259     0.01079215  

Time = 26000
Temperature
1.0086812     0.0064873671

Pressure
23.462366     0.10823235  

CM Mom
1.1938195e-16  2.3359188e-17 
6.2766286e-17  1.1457808e-17 
-2.4530247e-17 2.8903548e-17 
1.4113959e-16  1.9630425e-17 

CM Pos
7.4998045      0.01235199    
7.4987469      0.01682806    
7.5001163      0.014087349   
12.989629      0.013962649   

Stress
20.4082      -0.0101955   0.0324771     0.131332     0.0595085    0.0808414   
-0.0101955   20.468       -0.0261492    0.0595085    0.112889     0.0777807   
0.0324771    -0.0261492   20.4533       0.0808414    0.0777807    0.128716    

Stress Spherical
0            0            0             0            0            0           
0            0            0             0            0            0           
0            0            0             0            0            0           

Inertia
149.97       -56.2334     -56.2585      0.332284     0.16146      0.143691    
-56.2334     150.009      -56.2105      0.16146      0.198346     0.192224    
-56.2585     -56.2105     149.97        0.143691     0.192224     0.334675    

Bond Length
0.61940978    0.0030012643

BB bond length
0.61940978    0.0030012643

Water EE distance
0             0           

PEG EE distance
6.9838563     0.24350781  

BBB P2(x)
0.50691563    0.025085357 

BBB first bond length
0.61925627    0.0027648511

BBB second bond length
0.61931436    0.0031498827

BBB <phi**2>/<phi>**2
1.2268795     0.023374325 

Time = 27000
Temperature
1.0116202     0.0067961599

Pressure
23.471168     0.077719994 

CM Mom
1.2350379e-16  1.0868691e-17 
1.6465964e-17  2.128321e-17  
-1.9315155e-18 2.083691e-17  
1.2810553e-16  1.1058899e-17 

CM Pos
7.5030712      0.0097549402  
7.5069136      0.016406802   
7.5017497      0.027677305   
12.997184      0.020200216   

Stress
20.4471      0.00518763   -0.0396897    0.0988363    0.061258     0.0598761   
0.00518763   20.4384      -0.0218644    0.061258     0.0863672    0.0739937   
-0.0396897   -0.0218644   20.4441       0.0598761    0.0739937    0.0983598   

Stress Spherical
0            0            0             0            0            0           
0            0            0             0            0            0           
0            0            0             0            0            0           

Inertia
150.147      -56.322      -56.3014      0.529779     0.157761     0.201072    
-56.322      150.085      -56.287       0.157761     0.402654     0.263206    
-56.3014     -56.287      150.141       0.201072     0.263206     0.304963    

Bond Length
0.61805823    0.0048176029

BB bond length
0.61805823    0.0048176029

Water EE distance
0             0           

PEG EE distance
7.0914804     0.19067194  

BBB P2(x)
0.50462224    0.026487574 

BBB first bond length
0.61795567    0.0048661967

BBB second bond length
0.61850691    0.0047501941

BBB <phi**2>/<phi>**2
1.2267044     0.011888496 

Time = 28000
Temperature
1.0121576     0.0071674497

Pressure
23.4895       0.094791349 

CM Mom
1.1786586e-16  1.6919926e-17 
-5.263998e-18  1.0212788e-17 
6.3399318e-18  1.3485091e-17 
1.1959447e-16  1.5161138e-17 

CM Pos
7.5033682      0.020361465   
7.5014196      0.012121361   
7.4972951      0.024989708   
12.991615      0.019471136   

Stress
20.5063      0.0139267    0.0080041     0.0750117    0.0691833    0.0698033   
0.0139267    20.4417      0.0235862     0.0691833    0.1237       0.0514897   
0.0080041    0.0235862    20.4318       0.0698033    0.0514897    0.132541    

Stress Spherical
0            0            0             0            0            0           
