Time = 1000
Temperature
   1.0641367   0.075742133

Pressure
   23.639483    0.34185805

CM Mom
-2.4620127e-17 2.3954913e-17 
3.6379914e-17  1.2548294e-17 
-6.0088637e-17 1.2711257e-16 
1.1795124e-16  9.2285972e-17 

CM Pos
7.5013481      0.014589471   
7.4915528      0.019451368   
7.4984336      0.019122779   
12.985409      0.013885012   

Stress
20.4619      0.0290348    0.00125692    0.129041     0.0801804    0.104265    
0.0290348    20.4936      0.00767859    0.0801804    0.177152     0.0840536   
0.00125692   0.00767859   20.4066       0.104265     0.0840536    0.166605    

Stress Spherical
0            0            0             0            0            0           
0            0            0             0            0            0           
0            0            0             0            0            0           

Inertia
149.902      -56.2131     -56.2786      0.957918     0.116681     0.226384    
-56.2131     150.05       -56.1448      0.116681     1.14464      0.13837     
-56.2786     -56.1448     149.939       0.226384     0.13837      0.891423    

Bond Length
0.61853879    0.0048894148

BB bond length
0.61853879    0.0048894148

Water EE distance
0             0           

PEG EE distance
6.7045464     0.24228061  

BBB P2(x)
0.47234332    0.072404218 

BBB first bond length
0.61807659    0.0049001831

BBB second bond length
0.61857549    0.0050487363

BBB <phi**2>/<phi>**2
1.216513      0.017860923 

Time = 2000
Temperature
1.0082845     0.0089823444

Pressure
23.332152     0.055565267 

CM Mom
-3.7461236e-17 2.5690275e-17 
3.954572e-17   1.3087263e-17 
-6.1694961e-17 2.2086597e-17 
8.6691839e-17  2.402261e-17  

CM Pos
7.4986757      0.018922887   
7.5068453      0.018026208   
7.4956127      0.012347198   
12.991063      0.013395228   

Stress
20.3025      -0.00869305  -0.06177      0.148558     0.0579678    0.0556989   
-0.00869305  20.3348      0.0228887     0.0579678    0.086504     0.091197    
-0.06177     0.0228887    20.3043       0.0556989    0.091197     0.0841417   

Stress Spherical
0            0            0             0            0            0           
0            0            0             0            0            0           
0            0            0             0            0            0           

Inertia
149.938      -56.3013     -56.1844      0.379682     0.124644     0.197755    
-56.3013     149.844      -56.2722      0.124644     0.544468     0.134201    
-56.1844     -56.2722     149.972       0.197755     0.134201     0.411335    

Bond Length
0.61906511    0.0031992976

BB bond length
0.61906511    0.0031992976

Water EE distance
0             0           

PEG EE distance
6.9225058     0.20226253  

BBB P2(x)
0.51071548    0.013652637 

BBB first bond length
0.61924073    0.0031579015

BBB second bond length
0.61912197    0.0034343793

BBB <phi**2>/<phi>**2
1.223621      0.010918371 

