Time = 1000
Temperature
   1.1810733    0.27457787

Pressure
   23.783132     1.2063034

CM Mom
5.2410835e-17  1.7322834e-17 
-2.5187869e-17 2.1973289e-17 
4.7158652e-17  2.5650567e-16 
1.9615246e-16  1.8359614e-16 

CM Pos
7.4988673      0.017860892   
7.5069557      0.021254176   
7.4957463      0.02127284    
12.991325      0.017541003   

Stress
20.2476      -0.0357008   -0.00680358   0.344647     0.0755776    0.0882775   
-0.0357008   20.2534      -0.0432331    0.0755776    0.452145     0.0542593   
-0.00680358  -0.0432331   20.2429       0.0882775    0.0542593    0.412904    

Stress Spherical
0            0            0             0            0            0           
0            0            0             0            0            0           
0            0            0             0            0            0           

Inertia
150.263      -56.2878     -56.2009      1.61167      0.298744     0.157479    
-56.2878     150.126      -56.2508      0.298744     1.47302      0.18123     
-56.2009     -56.2508     150.295       0.157479     0.18123      1.93311     

Bond Length
0.61957086    0.0083064784

BB bond length
0.61957086    0.0083064784

Water EE distance
0             0           

PEG EE distance
6.8531302     0.20966605  

BBB P2(x)
0.47363059    0.064033985 

BBB first bond length
0.61940686    0.0084409802

BBB second bond length
0.6196897     0.0082432361

BBB <phi**2>/<phi>**2
1.2212036     0.014553712 

Time = 2000
Temperature
1.0139268     0.0056165402

Pressure
22.97564      0.076368319 

CM Mom
7.7674124e-17  1.3663846e-17 
-3.2902529e-17 1.2665373e-17 
1.8055068e-17  2.9827908e-17 
9.198497e-17   1.4744935e-17 

CM Pos
7.5024309      0.010996949   
7.5068072      0.014316338   
7.5048039      0.0080566185  
12.998501      0.0087030779  

Stress
19.912       -0.0370655   0.0388723     0.156439     0.0860162    0.0467096   
-0.0370655   19.9652      0.0141305     0.0860162    0.156881     0.0884321   
0.0388723    0.0141305    19.9451       0.0467096    0.0884321    0.0985636   

Stress Spherical
0            0            0             0            0            0           
0            0            0             0            0            0           
0            0            0             0            0            0           

Inertia
150.071      -56.301      -56.2996      0.296902     0.1344       0.106786    
-56.301      150.026      -56.3319      0.1344       0.282151     0.143514    
-56.2996     -56.3319     150.048       0.106786     0.143514     0.350703    

Bond Length
0.61729743    0.0022320983

BB bond length
0.61729743    0.0022320983

Water EE distance
0             0           

PEG EE distance
7.2107037     0.10859803  

BBB P2(x)
0.50939978    0.0070350411

BBB first bond length
0.61737703    0.0020774701

BBB second bond length
0.61733723    0.0023331917

BBB <phi**2>/<phi>**2
1.2280534     0.0076912409

