Time = 1000
Temperature
   1.0298086   0.048418246

Pressure
   23.595194    0.17790031

CM Mom
-1.8479486e-17 2.1728419e-17 
-3.6285076e-17 2.2598193e-17 
-9.7758771e-19 6.2419078e-17 
6.9079544e-17  4.2023971e-17 

CM Pos
7.5013741      0.014725415   
7.4993478      0.040299438   
7.4989776      0.027583742   
12.990293      0.019719507   

Stress
20.5306      -0.0292198   -0.0268308    0.0669251    0.0366932    0.0767253   
-0.0292198   20.5043      -0.00973402   0.0366932    0.110473     0.0544      
-0.0268308   -0.00973402  20.5062       0.0767253    0.0544       0.0930587   

Stress Spherical
0            0            0             0            0            0           
0            0            0             0            0            0           
0            0            0             0            0            0           

Inertia
149.984      -56.2627     -56.2711      0.409887     0.43599      0.167138    
-56.2627     149.981      -56.2253      0.43599      0.632757     0.225819    
-56.2711     -56.2253     150.012       0.167138     0.225819     0.455513    

Bond Length
0.61819658    0.0065051967

BB bond length
0.61819658    0.0065051967

Water EE distance
0             0           

PEG EE distance
7.2747173     0.42692602  

BBB P2(x)
0.50838941    0.047086161 

BBB first bond length
0.6181434     0.006269551 

BBB second bond length
0.61797464    0.0067135348

BBB <phi**2>/<phi>**2
1.2221822     0.016940297 

Time = 2000
Temperature
1.0093744     0.0082654031

Pressure
23.514307     0.089726408 

CM Mom
-2.3138899e-17 9.360442e-18  
-1.9077389e-17 1.7391262e-17 
-2.2094664e-17 1.353261e-17  
4.2468788e-17  1.2535432e-17 

CM Pos
7.5016711      0.011883293   
7.503061       0.017347464   
7.4997202      0.0095151702  
12.992965      0.014229203   

Stress
20.5041      -0.0288658   -0.0163106    0.114563     0.0582713    0.0826355   
-0.0288658   20.5088      0.0173703     0.0582713    0.104057     0.0746797   
-0.0163106   0.0173703    20.469        0.0826355    0.0746797    0.0845764   

Stress Spherical
0            0            0             0            0            0           
0            0            0             0            0            0           
0            0            0             0            0            0           

Inertia
149.998      -56.3019     -56.2755      0.315316     0.148523     0.120986    
-56.3019     149.984      -56.2548      0.148523     0.251054     0.18471     
-56.2755     -56.2548     150.016       0.120986     0.18471      0.335081    

Bond Length
0.62285206    0.0045695143

BB bond length
0.62285206    0.0045695143

Water EE distance
0             0           

PEG EE distance
7.7587166     0.28919665  

BBB P2(x)
0.5188367     0.019379557 

BBB first bond length
0.62294326    0.0050371754

BBB second bond length
0.62290917    0.004511674 

BBB <phi**2>/<phi>**2
1.2139114     0.014312998 

Time = 3000
Temperature
1.0086439     0.0058114771

Pressure
23.486615     0.093779774 

CM Mom
-1.6259232e-17 2.6653904e-17 
-3.5094371e-17 2.2178135e-17 
-3.0164778e-17 1.2961615e-17 
5.8827785e-17  1.7761949e-17 

CM Pos
7.5038991      0.0093183803  
7.5060316      0.021110539   
7.4928879      0.010268969   
12.992026      0.016337106   

Stress
20.4687      -0.0148321   0.0234241     0.117113     0.0724857    0.0777821   
-0.0148321   20.5262      0.0175956     0.0724857    0.128568     0.0651035   
0.0234241    0.0175956    20.4105       0.0777821    0.0651035    0.137941    

Stress Spherical
0            0            0             0            0            0           
0            0            0             0            0            0           
0            0            0             0            0            0           

Inertia
149.953      -56.3665     -56.2169      0.372704     0.165672     0.12556     
-56.3665     149.918      -56.2311      0.165672     0.191528     0.214952    
-56.2169     -56.2311     150.104       0.12556      0.214952     0.33431     

Bond Length
0.6202541     0.0054527076

BB bond length
0.6202541     0.0054527076

Water EE distance
0             0           

PEG EE distance
6.8499834     0.31512637  

BBB P2(x)
0.52668302    0.017548129 

BBB first bond length
0.62028989    0.0055566986

BBB second bond length
0.62101014    0.0052549632

BBB <phi**2>/<phi>**2
1.2328787     0.021797591 

Time = 4000
Temperature
1.0122128     0.0078332432

Pressure
23.517778     0.079361924 

CM Mom
-2.1454711e-17 4.1379916e-17 
-4.5720433e-17 2.1838399e-17 
-1.5999238e-17 2.1575511e-17 
6.9460568e-17  2.5230607e-17 

CM Pos
7.4966211      0.011551933   
7.4965257      0.010883275   
7.4954129      0.0078608488  
12.983785      0.0089813483  

Stress
20.46        0.00283604   -0.00362783   0.153518     0.0663942    0.0738424   
0.00283604   20.514       -0.00839201   0.0663942    0.0962252    0.070192    
-0.00362783  -0.00839201  20.4928       0.0738424    0.070192     0.10045     

Stress Spherical
0            0            0             0            0            0           
0            0            0             0            0            0           
0            0            0             0            0            0           

Inertia
149.843      -56.1923     -56.1656      0.265842     0.100296     0.127039    
-56.1923     149.852      -56.204       0.100296     0.199417     0.12589     
-56.1656     -56.204      149.857       0.127039     0.12589      0.18976     

Bond Length
0.6206591     0.0048604005

BB bond length
0.6206591     0.0048604005

Water EE distance
0             0           

PEG EE distance
5.9537562     0.43937879  

BBB P2(x)
0.52823481    0.020962709 

BBB first bond length
0.62048251    0.0050911598

BBB second bond length
0.62097356    0.0049032801

BBB <phi**2>/<phi>**2
1.2291446     0.015252049 

Time = 5000
Temperature
1.0115186     0.0065351314

Pressure
23.503306     0.075387089 

CM Mom
1.2531372e-17  3.4231281e-17 
-6.034852e-17  1.2179326e-17 
-6.3887569e-17 2.5156543e-17 
9.6871425e-17  2.1201316e-17 

CM Pos
7.498255       0.014277392   
7.4953375      0.016317309   
7.4948188      0.011016248   
12.98371       0.0098921854  

Stress
20.4886      -0.0110161   -0.0190654    0.12525      0.068378     0.0606078   
-0.0110161   20.5098      -0.0343736    0.068378     0.125263     0.0624493   
-0.0190654   -0.0343736   20.4312       0.0606078    0.0624493    0.0777397   

Stress Spherical
0            0            0             0            0            0           
0            0            0             0            0            0           
0            0            0             0            0            0           

Inertia
149.84       -56.1728     -56.2161      0.287695     0.101885     0.160355    
-56.1728     149.886      -56.1923      0.101885     0.265665     0.181084    
-56.2161     -56.1923     149.866       0.160355     0.181084     0.199883    

Bond Length
0.6191534     0.0032672247

BB bond length
0.6191534     0.0032672247

Water EE distance
0             0           

PEG EE distance
6.5489297     0.41074188  

BBB P2(x)
0.51128519    0.024031517 

BBB first bond length
0.61874706    0.0033083147

BBB second bond length
0.61900442    0.0035758266

BBB <phi**2>/<phi>**2
1.230443      0.023810855 

Time = 6000
Temperature
1.0081299     0.0080767217

Pressure
23.496326     0.1114602   

CM Mom
-1.5321633e-17 1.9472349e-17 
-7.5869821e-17 1.4851054e-17 
-5.3486924e-17 2.1404606e-17 
9.8328456e-17  1.5531621e-17 

CM Pos
7.5041961      0.008053535   
7.5046948      0.011158515   
7.498235       0.012197524   
12.994505      0.010357474   

Stress
20.5012      -0.0131982   0.024916      0.146891     0.0707614    0.0782425   
-0.0131982   20.473       -0.00733816   0.0707614    0.0747976    0.0904251   
0.024916     -0.00733816  20.4649       0.0782425    0.0904251    0.127376    

Stress Spherical
0            0            0             0            0            0           
0            0            0             0            0            0           
0            0            0             0            0            0           

Inertia
150.032      -56.3721     -56.3153      0.269438     0.12716      0.110046    
-56.3721     150.034      -56.2553      0.12716      0.168198     0.16399     
-56.3153     -56.2553     150.114       0.110046     0.16399      0.233102    

Bond Length
0.62147086    0.0026114104

BB bond length
0.62147086    0.0026114104

Water EE distance
0             0           

PEG EE distance
6.7657704     0.32427547  

BBB P2(x)
0.52078293    0.016799998 

BBB first bond length
0.62142999    0.0028456423

BBB second bond length
0.6216855     0.0029360792

BBB <phi**2>/<phi>**2
1.2218633     0.011932692 

Time = 7000
Temperature
1.009527      0.0065011706

Pressure
23.514907     0.09350377  

CM Mom
-2.0167384e-17 2.1502565e-17 
-5.8056947e-17 1.3844321e-17 
-5.7059708e-17 1.7423308e-17 
8.7939439e-17  1.6043538e-17 

CM Pos
7.5019682      0.014388981   
7.5008331      0.018357676   
7.5055129      0.013519454   
12.995192      0.021167197   

Stress
20.4906      0.00367426   -0.00045478   0.133173     0.0785449    0.0518272   
0.00367426   20.5334      0.0249987     0.0785449    0.078092     0.0653091   
-0.00045478  0.0249987    20.4582       0.0518272    0.0653091    0.138976    

Stress Spherical
0            0            0             0            0            0           
0            0            0             0            0            0           
0            0            0             0            0            0           

Inertia
150.06       -56.2707     -56.319       0.372832     0.237019     0.180308    
-56.2707     150.084      -56.2781      0.237019     0.374891     0.211197    
-56.319      -56.2781     150.022       0.180308     0.211197     0.457508    

Bond Length
0.62385959    0.0041487734

BB bond length
0.62385959    0.0041487734

Water EE distance
0             0           

PEG EE distance
6.4019759     0.29285748  

BBB P2(x)
0.5064938     0.019410047 

BBB first bond length
0.62353178    0.0042841432

BBB second bond length
0.62362409    0.0042870085

BBB <phi**2>/<phi>**2
1.2268372     0.016940855 

Time = 8000
Temperature
1.0134764     0.0067622886

Pressure
23.514593     0.080046779 

CM Mom
-3.816e-17     1.070353e-17  
-8.3245839e-17 2.1481951e-17 
-5.2060462e-17 1.3423584e-17 
1.065663e-16   2.2275596e-17 

CM Pos
7.5050873      0.010316124   
7.5009816      0.010637247   
7.4968982      0.0081907015  
12.992103      0.010011438   

Stress
20.4899      0.0164125    -0.0372398    0.0812967    0.0512575    0.0807469   
0.0164125    20.491       -0.0215106    0.0512575    0.133586     0.0850429   
-0.0372398   -0.0215106   20.465        0.0807469    0.0850429    0.0769892   

Stress Spherical
0            0            0             0            0            0           
0            0            0             0            0            0           
0            0            0             0            0            0           

Inertia
149.931      -56.3084     -56.2733      0.156079     0.13286      0.149714    
-56.3084     150.006      -56.2352      0.13286      0.207774     0.0908458   
-56.2733     -56.2352     150.07        0.149714     0.0908458    0.235172    

Bond Length
0.6210149     0.0045674156

BB bond length
0.6210149     0.0045674156

Water EE distance
0             0           

PEG EE distance
6.4506306     0.19603537  

BBB P2(x)
0.52398089    0.020346933 

BBB first bond length
0.62146076    0.005159974 

BBB second bond length
0.621118      0.0043545923

BBB <phi**2>/<phi>**2
1.2174762     0.018359373 

Time = 9000
Temperature
1.0092991     0.0069656027

Pressure
23.451772     0.04777583  

CM Mom
-4.3900476e-17 1.4143313e-17 
-9.3379002e-17 1.3531516e-17 
-3.9347562e-17 2.1631983e-17 
1.1349586e-16  1.2840855e-17 

CM Pos
7.4995917      0.012540856   
7.5079625      0.0082216175  
7.4994232      0.01337096    
12.99442       0.013591307   

Stress
20.4264      -0.000869742 -0.00428754   0.126682     0.0784318    0.079496    
-0.000869742 20.4211      -0.00576378   0.0784318    0.0705041    0.0860932   
-0.00428754  -0.00576378  20.4474       0.079496     0.0860932    0.0646795   

Stress Spherical
0            0            0             0            0            0           
0            0            0             0            0            0           
0            0            0             0            0            0           

Inertia
150.09       -56.3149     -56.2122      0.200293     0.0715231    0.207075    
-56.3149     149.973      -56.2981      0.0715231    0.342611     0.104608    
-56.2122     -56.2981     150.093       0.207075     0.104608     0.207211    

Bond Length
0.62136257    0.0033913756

BB bond length
0.62136257    0.0033913756

Water EE distance
0             0           

PEG EE distance
6.3238865     0.20582564  

BBB P2(x)
0.52023682    0.018074851 

BBB first bond length
0.62141961    0.0036654851

BBB second bond length
0.6218124     0.0035220141

BBB <phi**2>/<phi>**2
1.2258421     0.022177193 

Time = 10000
Temperature
1.0052802     0.0090848574

Pressure
23.473717     0.09423576  

CM Mom
-4.023198e-17  1.9335099e-17 
-9.84585e-17   1.3876877e-17 
-1.4887531e-17 1.7767873e-17 
1.1024859e-16  1.6176726e-17 

CM Pos
7.503305       0.016381403   
7.5000904      0.011658388   
7.5068497      0.011470483   
12.996313      0.011205571   

Stress
20.5025      -0.0147286   0.0147579     0.115428     0.0551521    0.0477972   
-0.0147286   20.4215      0.0212126     0.0551521    0.111022     0.0534788   
0.0147579    0.0212126    20.4729       0.0477972    0.0534788    0.144762    

Stress Spherical
0            0            0             0            0            0           
0            0            0             0            0            0           
0            0            0             0            0            0           

Inertia
150.08       -56.2899     -56.3489      0.187275     0.11264      0.192966    
-56.2899     150.122      -56.2606      0.11264      0.336227     0.110519    
-56.3489     -56.2606     150.021       0.192966     0.110519     0.271126    

Bond Length
0.6178389     0.0047623686

BB bond length
0.6178389     0.0047623686

Water EE distance
0             0           

PEG EE distance
7.0890851     0.45064535  

BBB P2(x)
0.49681144    0.016187445 

BBB first bond length
0.61808274    0.0047736319

BBB second bond length
0.61785356    0.0049561008

BBB <phi**2>/<phi>**2
1.2287522     0.019706502 

Time = 11000
Temperature
1.0074105     0.0087056814

Pressure
23.545618     0.09443903  

CM Mom
-4.4749441e-17 1.7828836e-17 
-7.6101369e-17 1.4464748e-17 
-5.6547279e-18 3.2767032e-17 
9.505769e-17   1.9766566e-17 

CM Pos
7.4975123      0.0088683465  
7.4993478      0.011346725   
7.5020967      0.010602972   
12.989789      0.0085681063  

Stress
20.5186      -0.0116375   0.0249402     0.111078     0.0880862    0.0289652   
-0.0116375   20.5365      -0.0479628    0.0880862    0.114941     0.0712336   
0.0249402    -0.0479628   20.5384       0.0289652    0.0712336    0.119183    

Stress Spherical
0            0            0             0            0            0           
0            0            0             0            0            0           
0            0            0             0            0            0           

Inertia
150.005      -56.2259     -56.2736      0.164372     0.111633     0.153211    
-56.2259     149.98       -56.231       0.111633     0.234939     0.122187    
-56.2736     -56.231      149.92        0.153211     0.122187     0.190791    

Bond Length
0.62128854    0.0040539185

BB bond length
0.62128854    0.0040539185

Water EE distance
0             0           

PEG EE distance
6.7734171     0.21406799  

BBB P2(x)
0.51553268    0.018376597 

BBB first bond length
0.62123921    0.0038769926

BBB second bond length
0.62141389    0.0041060667

BBB <phi**2>/<phi>**2
1.2317215     0.019666184 

Time = 12000
Temperature
1.0137802     0.010794627 

Pressure
23.540411     0.079219886 

CM Mom
-5.0069695e-17 1.5374867e-17 
-7.4586204e-17 9.3355414e-18 
1.36494e-17    1.9649074e-17 
9.3624258e-17  1.4160002e-17 

CM Pos
7.5031564      0.010793716   
7.5063287      0.0083295821  
7.4973438      0.013117775   
12.994337      0.0073007226  

Stress
20.4596      -0.012436    0.0356083     0.113611     0.0552405    0.0370025   
-0.012436    20.5074      0.0288477     0.0552405    0.128383     0.0698871   
0.0356083    0.0288477    20.5537       0.0370025    0.0698871    0.0713547   

Stress Spherical
0            0            0             0            0            0           
0            0            0             0            0            0           
0            0            0             0            0            0           

Inertia
150.045      -56.3169     -56.2375      0.246456     0.129114     0.0907018   
-56.3169     149.972      -56.278       0.129114     0.170301     0.171857    
-56.2375     -56.278      150.108       0.0907018    0.171857     0.205834    

Bond Length
0.62290532    0.0057697672

BB bond length
0.62290532    0.0057697672

Water EE distance
0             0           

PEG EE distance
7.3199931     0.35452118  

BBB P2(x)
0.52981723    0.024540423 

BBB first bond length
0.62278397    0.0056807636

BBB second bond length
0.62312964    0.0055044151

BBB <phi**2>/<phi>**2
1.2316671     0.017946366 

Time = 13000
Temperature
1.0110129     0.0073505935

Pressure
23.485939     0.10689671  

CM Mom
-4.5124591e-17 2.1902474e-17 
-5.3195942e-17 2.3705697e-17 
-1.5222211e-17 2.3380988e-17 
8.0079083e-17  1.6536085e-17 

CM Pos
7.5022653      0.009060303   
7.5057345      0.0074398335  
7.4976408      0.020557263   
12.993652      0.01471029    

Stress
20.4804      -0.0122468   -0.0375855    0.0838574    0.0563975    0.0646086   
-0.0122468   20.4424      0.0263527     0.0563975    0.172381     0.0610931   
-0.0375855   0.0263527    20.4593       0.0646086    0.0610931    0.136393    

Stress Spherical
0            0            0             0            0            0           
0            0            0             0            0            0           
0            0            0             0            0            0           

Inertia
150.035      -56.3299     -56.221       0.361188     0.127124     0.211015    
-56.3299     149.999      -56.2584      0.127124     0.29723      0.20647     
-56.221      -56.2584     150.113       0.211015     0.20647      0.201275    

Bond Length
0.61971146    0.0039931573

BB bond length
0.61971146    0.0039931573

Water EE distance
0             0           

PEG EE distance
7.4001462     0.21464808  

BBB P2(x)
0.52590814    0.021813021 

BBB first bond length
0.6193934     0.00373541  

BBB second bond length
0.61983434    0.0041192267

BBB <phi**2>/<phi>**2
1.2279312     0.016651725 

Time = 14000
Temperature
1.0094442     0.01029646  

Pressure
23.519579     0.077135227 

CM Mom
-2.5354618e-17 2.7056674e-17 
-7.470507e-17  2.2155623e-17 
-1.5831314e-17 1.7907101e-17 
8.5902575e-17  2.5272156e-17 

CM Pos
7.5090976      0.014060188   
7.4994963      0.014345987   
7.5038791      0.011197986   
12.997599      0.012391019   

Stress
20.5408      0.000305186  -0.0253416    0.0976387    0.0642981    0.0442098   
0.000305186  20.4852      0.0190102     0.0642981    0.0996457    0.0644578   
-0.0253416   0.0190102    20.471        0.0442098    0.0644578    0.126735    

Stress Spherical
0            0            0             0            0            0           
0            0            0             0            0            0           
0            0            0             0            0            0           

Inertia
150.011      -56.2962     -56.3369      0.361137     0.114838     0.116016    
-56.2962     150.188      -56.271       0.114838     0.293465     0.176166    
-56.3369     -56.271      150.105       0.116016     0.176166     0.230518    

Bond Length
0.62260047    0.0045589068

BB bond length
0.62260047    0.0045589068

Water EE distance
0             0           

PEG EE distance
7.9165661     0.41091454  

BBB P2(x)
0.54947169    0.021518328 

BBB first bond length
0.62252454    0.0047817617

BBB second bond length
0.62223979    0.0045104955

BBB <phi**2>/<phi>**2
1.2382327     0.015974906 

Time = 15000
Temperature
1.0105909     0.0056683068

Pressure
23.484632     0.071223653 

CM Mom
-1.6146825e-17 1.8712805e-17 
-7.5616011e-17 1.9585675e-17 
1.7549307e-17  1.1855669e-17 
8.3238262e-17  1.5237964e-17 

CM Pos
7.5006314      0.014855926   
7.502764       0.015384823   
7.5067011      0.010628948   
12.996223      0.015837252   

Stress
20.4217      -0.0263837   -0.0164891    0.0898663    0.0585895    0.0384446   
-0.0263837   20.4643      -0.0106353    0.0585895    0.145108     0.0805902   
-0.0164891   -0.0106353   20.4959       0.0384446    0.0805902    0.117026    

Stress Spherical
0            0            0             0            0            0           
0            0            0             0            0            0           
0            0            0             0            0            0           

Inertia
150.128      -56.2659     -56.2724      0.404967     0.159595     0.164604    
-56.2659     150.102      -56.3268      0.159595     0.287448     0.180845    
-56.2724     -56.3268     150.039       0.164604     0.180845     0.366777    

Bond Length
0.62312415    0.005864776 

BB bond length
0.62312415    0.005864776 

Water EE distance
0             0           

PEG EE distance
7.2834889     0.48149805  

BBB P2(x)
0.54045696    0.014267486 

BBB first bond length
0.62300441    0.0057249098

BBB second bond length
0.62308563    0.0062224391

BBB <phi**2>/<phi>**2
1.2368188     0.020183318 

Time = 16000
Temperature
1.0076634     0.0092885976

Pressure
23.47874      0.094286863 

CM Mom
4.7452305e-18  2.2246546e-17 
-9.3124505e-17 1.9629189e-17 
-1.8002647e-17 2.2306767e-17 
1.0053642e-16  1.7000603e-17 

CM Pos
7.5001858      0.014216226   
7.5046948      0.007808757   
7.5004629      0.011909255   
12.993475      0.013518577   

Stress
20.4883      0.00318934   0.00613953    0.12768      0.0420022    0.0572661   
0.00318934   20.4359      -0.00255398   0.0420022    0.0777058    0.0586776   
0.00613953   -0.00255398  20.4664       0.0572661    0.0586776    0.129543    

Stress Spherical
0            0            0             0            0            0           
0            0            0             0            0            0           
0            0            0             0            0            0           

Inertia
150.039      -56.2659     -56.2251      0.314179     0.155938     0.142286    
-56.2659     149.983      -56.2818      0.155938     0.314153     0.118698    
-56.2251     -56.2818     150.041       0.142286     0.118698     0.188772    

Bond Length
0.62014381    0.0043700781

BB bond length
0.62014381    0.0043700781

Water EE distance
0             0           

PEG EE distance
7.1808206     0.30442315  

BBB P2(x)
0.51942921    0.019857938 

BBB first bond length
0.62011967    0.0046364229

BBB second bond length
0.61995643    0.00515644  

BBB <phi**2>/<phi>**2
1.2217686     0.023398347 

Time = 17000
Temperature
1.010756      0.0073349639

Pressure
23.501275     0.06989054  

CM Mom
-5.2053728e-19 1.7286638e-17 
-8.8960344e-17 1.2188987e-17 
-2.7224869e-17 2.2814145e-17 
9.6704589e-17  1.6477684e-17 

CM Pos
7.490977       0.016357818   
7.4997934      0.014977937   
7.5049188      0.014437959   
12.987916      0.013339153   

Stress
20.4766      0.00800679   0.0128934     0.0679249    0.0588828    0.0831295   
0.00800679   20.465       -0.0210229    0.0588828    0.0763828    0.0540906   
0.0128934    -0.0210229   20.4888       0.0831295    0.0540906    0.113406    

Stress Spherical
0            0            0             0            0            0           
0            0            0             0            0            0           
0            0            0             0            0            0           

Inertia
150.068      -56.1131     -56.2061      0.285253     0.171045     0.131782    
-56.1131     149.939      -56.3073      0.171045     0.319421     0.116697    
-56.2061     -56.3073     149.844       0.131782     0.116697     0.333322    

Bond Length
0.61995783    0.0045021763

BB bond length
0.61995783    0.0045021763

Water EE distance
0             0           

PEG EE distance
6.7024878     0.20018608  

BBB P2(x)
0.51430536    0.018220203 

BBB first bond length
0.61964734    0.0048164146

BBB second bond length
0.61997625    0.0045549434

BBB <phi**2>/<phi>**2
1.2336413     0.02222023  

Time = 18000
Temperature
1.0121125     0.0079207048

Pressure
23.504445     0.051078104 

CM Mom
-2.8450358e-17 1.5587358e-17 
-9.200895e-17  1.1255592e-17 
-2.1724874e-17 2.2057959e-17 
1.0223338e-16  1.2311904e-17 

CM Pos
7.5003344      0.0093514662  
7.4996448      0.014673638   
7.5006114      0.016775294   
12.990738      0.013473691   

Stress
20.464       0.0369514    0.0148983     0.0840127    0.0605036    0.0526584   
0.0369514    20.4747      0.016688      0.0605036    0.082499     0.0710017   
0.0148983    0.016688     20.489        0.0526584    0.0710017    0.0996839   

Stress Spherical
0            0            0             0            0            0           
0            0            0             0            0            0           
0            0            0             0            0            0           

Inertia
149.984      -56.2187     -56.2426      0.393346     0.178234     0.08723     
-56.2187     150.005      -56.2564      0.178234     0.219976     0.206638    
-56.2426     -56.2564     149.987       0.08723      0.206638     0.228766    

Bond Length
0.61920175    0.0054056014

BB bond length
0.61920175    0.0054056014

Water EE distance
0             0           

PEG EE distance
6.794713      0.20239608  

BBB P2(x)
0.52746388    0.018893042 

BBB first bond length
0.61908201    0.0053771606

BBB second bond length
0.61906549    0.0049327147

BBB <phi**2>/<phi>**2
1.2311962     0.018032213 

Time = 19000
Temperature
1.0134907     0.0066719098

Pressure
23.539908     0.06305785  

CM Mom
-1.958391e-17  4.2873253e-17 
-9.7957614e-17 1.884646e-17  
-5.3609569e-17 1.4597707e-17 
1.218109e-16   2.05356e-17   

CM Pos
7.493502       0.0084753001  
7.5043978      0.013198253   
7.4948188      0.014986772   
12.986187      0.016600718   

Stress
20.4976      0.0316892    -0.000974107  0.0889918    0.0716443    0.0638941   
0.0316892    20.4754      -0.00988836   0.0716443    0.108096     0.0630069   
-0.000974107 -0.00988836  20.5487       0.0638941    0.0630069    0.0932996   

Stress Spherical
0            0            0             0            0            0           
0            0            0             0            0            0           
0            0            0             0            0            0           

Inertia
149.974      -56.2187     -56.1533      0.316653     0.145091     0.187638    
-56.2187     149.809      -56.2541      0.145091     0.329246     0.196773    
-56.1533     -56.2541     149.948       0.187638     0.196773     0.286392    

Bond Length
0.62055896    0.0046242606

BB bond length
0.62055896    0.0046242606

Water EE distance
0             0           

PEG EE distance
6.786242      0.24532742  

BBB P2(x)
0.51188328    0.018143884 

BBB first bond length
0.62025671    0.0040050998

BBB second bond length
0.6208442     0.0043451697

BBB <phi**2>/<phi>**2
1.2273808     0.016281345 

Time = 20000
Temperature
1.0149834     0.0074837386

Pressure
23.570079     0.084102268 

CM Mom
-9.4075296e-18 1.6509539e-17 
-1.0118789e-16 2.1373393e-17 
-4.7536233e-17 2.7164315e-17 
1.1745096e-16  1.6116512e-17 

CM Pos
7.4998888      0.014392047   
7.4990507      0.011642292   
7.5000173      0.020449667   
12.989798      0.016161596   

Stress
20.5693      -0.00807506  0.00442027    0.124158     0.0787744    0.0810526   
-0.00807506  20.4878      -0.00962468   0.0787744    0.114332     0.0792052   
0.00442027   -0.00962468  20.5417       0.0810526    0.0792052    0.0760606   

Stress Spherical
0            0            0             0            0            0           
0            0            0             0            0            0           
0            0            0             0            0            0           

Inertia
149.952      -56.2531     -56.2471      0.457395     0.152091     0.171672    
-56.2531     149.953      -56.2225      0.152091     0.313045     0.270598    
-56.2471     -56.2225     149.956       0.171672     0.270598     0.297044    

Bond Length
0.61797125    0.0051224804

BB bond length
0.61797125    0.0051224804

Water EE distance
0             0           

PEG EE distance
7.0989783     0.41467372  

BBB P2(x)
0.50684669    0.013216098 

BBB first bond length
0.61842866    0.0052915609

BBB second bond length
0.61785991    0.0051402908

BBB <phi**2>/<phi>**2
1.2217273     0.033433982 

Time = 21000
Temperature
1.0066649     0.0076438923

Pressure
23.485787     0.1090765   

CM Mom
8.0383709e-18  2.9359432e-17 
-1.2557687e-16 1.9813972e-17 
-1.7355274e-17 1.3784451e-17 
1.3101867e-16  2.0348453e-17 

CM Pos
7.5012256      0.014598272   
7.4972684      0.015381238   
7.5009085      0.011335053   
12.990054      0.011382463   

Stress
20.4635      0.0168757    -0.00795843   0.100979     0.0915415    0.0505194   
0.0168757    20.4824      0.00233498    0.0915415    0.128515     0.0885228   
-0.00795843  0.00233498   20.4748       0.0505194    0.0885228    0.127461    

Stress Spherical
0            0            0             0            0            0           
0            0            0             0            0            0           
0            0            0             0            0            0           

Inertia
149.964      -56.2179     -56.2621      0.306697     0.197345     0.128677    
-56.2179     150.004      -56.2272      0.197345     0.210437     0.173396    
-56.2621     -56.2272     149.979       0.128677     0.173396     0.34382     

Bond Length
0.61829592    0.0043426363

BB bond length
0.61829592    0.0043426363

Water EE distance
0             0           

PEG EE distance
7.3186269     0.23562115  

BBB P2(x)
0.50830668    0.020256599 

BBB first bond length
0.61808596    0.0041783951

BBB second bond length
0.61812173    0.0044599291

BBB <phi**2>/<phi>**2
1.2131215     0.016290311 

Time = 22000
Temperature
1.0091147     0.0073246052

Pressure
23.539238     0.11779703  

CM Mom
3.7283552e-17  2.3276786e-17 
-1.0549015e-16 1.4503491e-17 
-4.1162159e-17 9.8590551e-18 
1.2135234e-16  1.8317454e-17 

CM Pos
7.5004829      0.0096544212  
7.4962287      0.017181346   
7.4998688      0.015422061   
12.988424      0.013733139   

Stress
20.5322      -0.00519973  0.00992963    0.117646     0.0699462    0.0694927   
-0.00519973  20.5401      0.00666787    0.0699462    0.165295     0.0645535   
0.00992963   0.00666787   20.4867       0.0694927    0.0645535    0.133406    

Stress Spherical
0            0            0             0            0            0           
0            0            0             0            0            0           
0            0            0             0            0            0           

Inertia
149.928      -56.263      -56.2819      0.285313     0.17438      0.157565    
-56.263      150          -56.2217      0.17438      0.240596     0.161338    
-56.2819     -56.2217     149.939       0.157565     0.161338     0.328274    

Bond Length
0.61959933    0.005010551 

BB bond length
0.61959933    0.005010551 

Water EE distance
0             0           

PEG EE distance
7.080229      0.34153406  

BBB P2(x)
0.51631217    0.016068415 

BBB first bond length
0.61933082    0.0052687534

BBB second bond length
0.61947582    0.0057732602

BBB <phi**2>/<phi>**2
1.2285312     0.014153559 

Time = 23000
Temperature
1.0120306     0.0090166132

Pressure
23.500417     0.1099148   

CM Mom
6.3315912e-17  2.4433029e-17 
-1.3296986e-16 2.7288373e-17 
-1.3206778e-17 2.4545072e-17 
1.515839e-16   2.8822168e-17 

CM Pos
7.4973638      0.0093278454  
7.5015757      0.016486781   
7.5069982      0.015792401   
12.993828      0.012787676   

Stress
20.4431      0.00257702   0.0273193     0.163982     0.0510816    0.051242    
0.00257702   20.4851      0.00684398    0.0510816    0.070191     0.0489328   
0.0273193    0.00684398   20.4882       0.051242     0.0489328    0.132645    

Stress Spherical
0            0            0             0            0            0           
0            0            0             0            0            0           
0            0            0             0            0            0           

Inertia
150.127      -56.2318     -56.2917      0.30074      0.193835     0.119736    
-56.2318     150.055      -56.3609      0.193835     0.220262     0.176627    
-56.2917     -56.3609     149.983       0.119736     0.176627     0.216792    

Bond Length
0.62086157    0.0039468794

BB bond length
0.62086157    0.0039468794

Water EE distance
0             0           

PEG EE distance
6.7920323     0.29603213  

BBB P2(x)
0.52693904    0.021324891 

BBB first bond length
0.62037453    0.0040976094

BBB second bond length
0.62090793    0.0039599311

BBB <phi**2>/<phi>**2
1.2381236     0.024637628 

Time = 24000
Temperature
1.0140921     0.006777888 

Pressure
23.511984     0.06396246  

CM Mom
5.1819844e-17  8.9710145e-18 
-1.6230292e-16 1.0908229e-17 
-2.4037609e-17 1.4654635e-17 
1.7292236e-16  1.0836246e-17 

CM Pos
7.4945417      0.012144051   
7.5023184      0.013898431   
7.4940761      0.0099813631  
12.985161      0.011874031   

Stress
20.5147      0.00904275   -0.028801     0.107883     0.0586682    0.0945125   
0.00904275   20.4202      0.0217418     0.0586682    0.0928853    0.070917    
-0.028801    0.0217418    20.4977       0.0945125    0.070917     0.145328    

Stress Spherical
0            0            0             0            0            0           
0            0            0             0            0            0           
0            0            0             0            0            0           

Inertia
149.938      -56.229      -56.1467      0.266976     0.11615      0.143296    
-56.229      149.816      -56.2253      0.11615      0.293867     0.127549    
-56.1467     -56.2253     149.944       0.143296     0.127549     0.214241    

Bond Length
0.62248302    0.0046915365

BB bond length
0.62248302    0.0046915365

Water EE distance
0             0           

PEG EE distance
7.6285627     0.18468204  

BBB P2(x)
0.53699712    0.021277864 

BBB first bond length
0.62279618    0.0047168476

BBB second bond length
0.62247186    0.0038803828

BBB <phi**2>/<phi>**2
1.2346564     0.018512841 

Time = 25000
Temperature
1.0119309     0.0067908886

Pressure
23.533677     0.07013682  

CM Mom
3.7810685e-17  3.0334537e-17 
-2.0552043e-16 3.8305485e-17 
-2.5563355e-17 2.760246e-17  
2.1430087e-16  3.9323099e-17 

CM Pos
7.501077       0.016638625   
7.4938522      0.011946246   
7.4951158      0.013713872   
12.984646      0.017869682   

Stress
20.5116      0.00397075   -0.0278378    0.142875     0.0722818    0.0422634   
0.00397075   20.5112      0.0235686     0.0722818    0.114383     0.0668615   
-0.0278378   0.0235686    20.4942       0.0422634    0.0668615    0.0993205   

Stress Spherical
0            0            0             0            0            0           
0            0            0             0            0            0           
0            0            0             0            0            0           

Inertia
149.843      -56.2272     -56.2381      0.257342     0.199118     0.161806    
-56.2272     149.942      -56.1605      0.199118     0.281851     0.115238    
-56.2381     -56.1605     149.933       0.161806     0.115238     0.362707    

Bond Length
0.62003324    0.0035844309

BB bond length
0.62003324    0.0035844309

Water EE distance
0             0           

PEG EE distance
7.5037975     0.29688035  

BBB P2(x)
0.54080562    0.018699454 

BBB first bond length
0.61991506    0.0032724448

BBB second bond length
0.62020637    0.0037095971

BBB <phi**2>/<phi>**2
1.2285447     0.02022656  

Time = 26000
Temperature
1.0076184     0.0062414523

Pressure
23.46328      0.087701543 

CM Mom
3.5256919e-17  1.5305714e-17 
-2.1840689e-16 1.3219316e-17 
-5.9336853e-18 3.7071341e-17 
2.2485144e-16  1.4316307e-17 

CM Pos
7.5030079      0.014835121   
7.4941492      0.016987652   
7.5074438      0.0098925591  
12.993052      0.017959832   

Stress
20.4747      0.0225231    0.011634      0.0646518    0.0823559    0.040894    
0.0225231    20.4018      -0.0137963    0.0823559    0.167384     0.0391374   
0.011634     -0.0137963   20.4681       0.040894     0.0391374    0.130989    

Stress Spherical
0            0            0             0            0            0           
0            0            0             0            0            0           
0            0            0             0            0            0           

Inertia
150.002      -56.2059     -56.3484      0.321205     0.218791     0.210911    
-56.2059     150.123      -56.2807      0.218791     0.284871     0.171277    
-56.3484     -56.2807     149.944       0.210911     0.171277     0.360065    

Bond Length
0.61933459    0.0057370894

BB bond length
0.61933459    0.0057370894

Water EE distance
0             0           

PEG EE distance
7.7111859     0.21790478  

BBB P2(x)
0.52390855    0.01140289  

BBB first bond length
0.61915935    0.0053730373

BBB second bond length
0.6187168     0.0059321734

BBB <phi**2>/<phi>**2
1.2138351     0.017855036 

Time = 27000
Temperature
1.0094567     0.0060720841

Pressure
23.455363     0.074129072 

CM Mom
2.1807668e-17  3.0356074e-17 
-2.3883729e-16 1.9393242e-17 
2.5970248e-17  3.0144143e-17 
2.4501204e-16  1.9199978e-17 

CM Pos
7.5021167      0.012763175   
7.5021698      0.017360176   
7.5026908      0.017949353   
12.994425      0.019315341   

Stress
20.4016      -0.0596971   -0.0048645    0.103768     0.0572642    0.040408    
-0.0596971   20.4451      -0.0181006    0.0572642    0.100174     0.0733916   
-0.0048645   -0.0181006   20.4576       0.040408     0.0733916    0.119516    

Stress Spherical
0            0            0             0            0            0           
0            0            0             0            0            0           
0            0            0             0            0            0           

Inertia
150.06       -56.2733     -56.2704      0.44464      0.164193     0.142893    
-56.2733     150.07       -56.3116      0.164193     0.306559     0.269502    
-56.2704     -56.3116     150.063       0.142893     0.269502     0.303354    

Bond Length
0.62132546    0.0045818603

BB bond length
0.62132546    0.0045818603

Water EE distance
0             0           

PEG EE distance
7.6496558     0.36618247  

BBB P2(x)
0.5351489     0.025217373 

BBB first bond length
0.62131395    0.0047501761

BBB second bond length
0.62159707    0.0047754402

BBB <phi**2>/<phi>**2
1.2248041     0.018998379 

Time = 28000
Temperature
1.0108806     0.0054767339

Pressure
23.445555     0.054611072 

CM Mom
1.6682478e-18  2.8411826e-17 
-2.5341206e-16 1.0750764e-17 
5.8942808e-17  1.7771527e-17 
2.6228639e-16  1.1798285e-17 

CM Pos
7.498255       0.0089117734  
7.5038037      0.012007951   
7.5009085      0.011354499   
12.992106      0.0082869822  

Stress
20.3842      -0.0149892   -0.00354361   0.10128      0.0514176    0.0791859   
-0.0149892   20.412       -0.00242721   0.0514176    0.0983824    0.0826763   
-0.00354361  -0.00242721  20.4659       0.0791859    0.0826763    0.0981572   

Stress Spherical
0            0            0             0            0            0           
