Time = 500
Temperature
   1.0364068   0.060285528

Pressure
   19.475717    0.27588398

CM Mom
2.4473301e-17  1.4336498e-17 
-1.32542e-17   2.4491478e-17 
1.348465e-17   1.4518584e-17 
4.1352405e-17  1.6204556e-17 

CM Pos
7.477298       0.01463552    
7.5165945      0.023299833   
7.4823438      0.015436689   
12.976725      0.01619568    

Stress
16.3396      -0.0370058   0.000636852   0.0785114    0.044755     0.0763799   
-0.0370058   16.379       0.0384999     0.044755     0.206246     0.0519402   
0.000636852  0.0384999    16.3883       0.0763799    0.0519402    0.110491    

Stress Spherical
0            0            0             0            0            0           
0            0            0             0            0            0           
0            0            0             0            0            0           

Inertia
148.868      -56.1257     -55.8991      0.778478     0.16185      0.212027    
-56.1257     148.33       -56.3175      0.16185      0.363313     0.115276    
-55.8991     -56.3175     148.825       0.212027     0.115276     0.685924    

Bond Length
0.61004728    0.0021882982

BB bond length
0.61004728    0.0021882982

Water EE distance
0             0           

PEG EE distance
3.6721538     0.11799573  

Time = 1000
Temperature
1.016252      0.0064580911

Pressure
19.362668     0.051927442 

CM Mom
2.6900165e-17  7.6221597e-18 
-4.4839095e-18 1.9931648e-17 
1.5707401e-17  1.3064724e-17 
3.9619534e-17  6.8406289e-18 

CM Pos
7.4778911      0.018279373   
7.5103673      0.013876871   
7.4826404      0.017070481   
12.973625      0.015882311   

Stress
16.3589      0.024311     -0.0123722    0.0555651    0.0728742    0.027763    
0.024311     16.2512      0.0166042     0.0728742    0.10341      0.0403384   
-0.0123722   0.0166042    16.3389       0.027763     0.0403384    0.0900832   

Stress Spherical
0            0            0             0            0            0           
0            0            0             0            0            0           
0            0            0             0            0            0           

Inertia
149.177      -56.0781     -55.8285      0.480414     0.205428     0.201129    
-56.0781     148.697      -56.2549      0.205428     0.673661     0.222166    
-55.8285     -56.2549     148.997       0.201129     0.222166     0.616845    

Bond Length
0.61288985    0.0024793965

BB bond length
0.61288985    0.0024793965

Water EE distance
0             0           

PEG EE distance
3.5739236     0.077708173 

