Time = 1000
Temperature
   1.1274917    0.13111091

Pressure
   23.901258    0.73367245

CM Mom
3.0148366e-17  1.7997307e-17 
5.0905091e-18  3.6375644e-17 
1.7934234e-16  4.3948737e-16 
3.8219566e-16  2.8604409e-16 

CM Pos
9.9977743      0.034934241   
9.9985845      0.016871509   
10.003618      0.016609733   
17.32051       0.03585098    

Stress
20.5423      0.0296223    0.00213053    0.353525     0.0372369    0.0323179   
0.0296223    20.5124      -0.00939988   0.0372369    0.385057     0.0478745   
0.00213053   -0.00939988  20.5101       0.0323179    0.0478745    0.399603    

Stress Spherical
0            0            0             0            0            0           
0            0            0             0            0            0           
0            0            0             0            0            0           

Inertia
266.831      -99.9771     -99.9913      2.77581      0.469896     0.501246    
-99.9771     266.808      -99.9812      0.469896     2.3624       0.277136    
-99.9913     -99.9812     266.713       0.501246     0.277136     2.3208      

Bond Length
0.62397303    0.0047398649

BB bond length
0.62397303    0.0047398649

Water EE distance
0             0           

PEG EE distance
5.2522594     0.30741094  

BBB P2(x)
0.082815352   0.0089233681

BBB first bond length
0.62405532    0.0050390567

BBB second bond length
0.62428614    0.0046665954

BBB <phi**2>/<phi>**2
1.119909      0.0022341745

Time = 2000
Temperature
1.0176137     0.0065732709

Pressure
23.196696     0.064384464 

CM Mom
1.2948011e-17  1.556146e-17  
-1.3128688e-17 2.0295484e-17 
-5.904692e-17  2.0148243e-16 
1.5068862e-16  1.4956178e-16 

CM Pos
10.001527      0.018265031   
9.9914118      0.010842689   
9.9992811      0.01722001    
17.316028      0.019711275   

Stress
20.1437      -0.00396142  -0.0142807    0.082675     0.0685328    0.0430658   
-0.00396142  20.1339      0.0118678     0.0685328    0.0723734    0.0535286   
-0.0142807   0.0118678    20.1616       0.0430658    0.0535286    0.100538    

Stress Spherical
0            0            0             0            0            0           
0            0            0             0            0            0           
0            0            0             0            0            0           

Inertia
266.421      -99.9905     -100.002      1.07013      0.251985     0.276421    
-99.9905     266.639      -99.9047      0.251985     1.09044      0.21421     
-100.002     -99.9047     266.462       0.276421     0.21421      0.881619    

Bond Length
0.62318626    0.0013770047

BB bond length
0.62318626    0.0013770047

Water EE distance
0             0           

PEG EE distance
4.6128112     0.10070271  

BBB P2(x)
0.07479033    0.0060629209

BBB first bond length
0.62335735    0.0014776183

BBB second bond length
0.62343467    0.0013819249

BBB <phi**2>/<phi>**2
1.1170179     0.0023730862

Time = 3000
Temperature
1.0116171     0.0048273479

Pressure
23.130645     0.060223322 

CM Mom
6.7555543e-18  1.3867559e-17 
-2.8900754e-17 2.4833255e-17 
-3.8915736e-17 6.3120589e-17 
7.3904866e-17  4.1552436e-17 

CM Pos
9.999776       0.0094392705  
9.9961658      0.006757174   
10.008622      0.0074788677  
17.323149      0.0082420881  

Stress
20.0904      0.0172381    -0.0185237    0.0678911    0.0475474    0.0552209   
0.0172381    20.1167      -0.00334484   0.0475474    0.0897642    0.0400665   
-0.0185237   -0.00334484  20.0879       0.0552209    0.0400665    0.0737866   

Stress Spherical
0            0            0             0            0            0           
0            0            0             0            0            0           
0            0            0             0            0            0           

Inertia
266.692      -99.9488     -100.065      0.476805     0.125322     0.162413    
-99.9488     266.77       -100.047      0.125322     0.60387      0.126228    
-100.065     -100.047     266.528       0.162413     0.126228     0.481906    

Bond Length
0.62388322    0.00069935902

BB bond length
0.62388322    0.00069935902

Water EE distance
0             0           

PEG EE distance
4.6511292     0.073481791 

BBB P2(x)
0.07659455    0.0060257699

BBB first bond length
0.62414385    0.0006763947

BBB second bond length
0.6241685     0.00079335506

BBB <phi**2>/<phi>**2
1.1168627     0.0028134683

Time = 4000
Temperature
1.0119313     0.004792301 

Pressure
23.109479     0.056096967 

CM Mom
-2.113498e-19  1.468927e-17  
-2.4185691e-17 2.7243221e-17 
-4.4878844e-17 2.3536823e-17 
5.8296848e-17  2.6693263e-17 

CM Pos
9.9991088      0.017839046   
10.00092       0.011696932   
10.00145       0.011288998   
17.321364      0.022365942   

Stress
20.0903      0.000318807  -0.00076395   0.0703878    0.0374886    0.0521636   
0.000318807  20.0482      -0.00635276   0.0374886    0.11388      0.0476717   
-0.00076395  -0.00635276  20.0901       0.0521636    0.0476717    0.0550291   

Stress Spherical
0            0            0             0            0            0           
0            0            0             0            0            0           
0            0            0             0            0            0           

Inertia
266.645      -100.021     -100.004      0.325426     0.293889     0.300719    
-100.021     266.632      -100.009      0.293889     0.418379     0.252269    
-100.004     -100.009     266.606       0.300719     0.252269     0.439082    

Bond Length
0.62463237    0.00087376783

BB bond length
0.62463237    0.00087376783

Water EE distance
0             0           

PEG EE distance
4.5391049     0.057217473 

BBB P2(x)
0.076697731   0.0056438751

BBB first bond length
0.62489796    0.0011007269

BBB second bond length
0.62490517    0.0010034224

BBB <phi**2>/<phi>**2
1.1187675     0.0031598897

Time = 5000
Temperature
1.0093336     0.0048807994

Pressure
23.095414     0.067228043 

CM Mom
1.5629236e-17  1.20503e-17   
-1.8842888e-17 1.7769692e-17 
-3.580232e-17  2.3840885e-17 
5.0681234e-17  1.8490689e-17 

CM Pos
9.9995258      0.018181818   
10.001337      0.0069899339  
10.000198      0.011998419   
17.321132      0.011181598   

Stress
20.0736      -0.00956007  -0.00712916   0.0799893    0.046966     0.0518225   
-0.00956007  20.0856      0.00236639    0.046966     0.103013     0.0440188   
-0.00712916  0.00236639   20.0506       0.0518225    0.0440188    0.0578979   

Stress Spherical
0            0            0             0            0            0           
0            0            0             0            0            0           
0            0            0             0            0            0           

Inertia
266.653      -100.04      -99.9913      0.218893     0.202547     0.177236    
-100.04      266.633      -100.029      0.202547     0.2957       0.148554    
-99.9913     -100.029     266.656       0.177236     0.148554     0.380261    

Bond Length
0.62470333    0.0014406181

BB bond length
0.62470333    0.0014406181

Water EE distance
0             0           

PEG EE distance
4.5847909     0.11832071  

BBB P2(x)
0.074486566   0.0071929179

BBB first bond length
0.6247403     0.0014994065

BBB second bond length
0.62476392    0.0015731441

BBB <phi**2>/<phi>**2
1.118481      0.0029673298

Time = 6000
Temperature
1.0118264     0.0035838968

Pressure
23.135048     0.065475845 

CM Mom
4.3904274e-18  1.4192192e-17 
-4.2486402e-17 1.9108628e-17 
-5.2599478e-17 1.7919628e-17 
7.1469162e-17  1.92589e-17   

CM Pos
9.9947718      0.015056233   
10.00117       0.0048229632  
10.003785      0.015626629   
17.320364      0.0080509321  

Stress
20.1117      -0.00672034  0.00591675    0.0949516    0.0457849    0.0451908   
-0.00672034  20.1199      0.00766652    0.0457849    0.0929851    0.0545647   
0.00591675   0.00766652   20.0747       0.0451908    0.0545647    0.0475965   

Stress Spherical
0            0            0             0            0            0           
0            0            0             0            0            0           
0            0            0             0            0            0           

Inertia
266.716      -99.9902     -99.9814      0.323483     0.163261     0.180112    
-99.9902     266.608      -100.031      0.163261     0.307351     0.185632    
-99.9814     -100.031     266.529       0.180112     0.185632     0.299172    

Bond Length
0.62447865    0.0010310366

BB bond length
0.62447865    0.0010310366

Water EE distance
0             0           

PEG EE distance
4.5489532     0.053265531 

BBB P2(x)
0.079654853   0.0077904268

BBB first bond length
0.62469243    0.001082177 

BBB second bond length
0.624665      0.0010465652

BBB <phi**2>/<phi>**2
1.1212664     0.0032464295

Time = 7000
Temperature
1.0102903     0.006103166 

Pressure
23.088252     0.0640135   

CM Mom
-5.8350947e-18 1.2290957e-17 
-2.4578992e-17 7.4217864e-18 
-5.3442678e-17 8.6949778e-18 
6.0780605e-17  9.0424691e-18 

CM Pos
9.9995258      0.018846827   
10.003422      0.0063894411  
10.000282      0.015351787   
17.322388      0.010181854   

Stress
20.0604      -0.0164087   0.0119632     0.0657453    0.0399401    0.0467728   
-0.0164087   20.0691      -0.0473326    0.0399401    0.0755847    0.0560432   
0.0119632    -0.0473326   20.0503       0.0467728    0.0560432    0.094059    

Stress Spherical
0            0            0             0            0            0           
0            0            0             0            0            0           
0            0            0             0            0            0           

Inertia
266.699      -100.047     -100.013      0.334056     0.216282     0.156165    
-100.047     266.649      -100.033      0.216282     0.33635      0.215531    
-100.013     -100.033     266.677       0.156165     0.215531     0.379149    

Bond Length
0.62453694    0.0014024636

BB bond length
0.62453694    0.0014024636

Water EE distance
0             0           

PEG EE distance
4.7337704     0.088243378 

BBB P2(x)
0.080290127   0.0070984766

BBB first bond length
0.62451256    0.0015153633

BBB second bond length
0.62464278    0.0016495767

BBB <phi**2>/<phi>**2
1.1190322     0.0034607561

Time = 8000
Temperature
1.012541      0.0067598745

Pressure
23.098295     0.047143049 

CM Mom
-9.7194864e-18 1.6671488e-17 
-2.0955517e-17 2.5367054e-17 
-4.3975804e-17 2.0933821e-17 
5.9719864e-17  1.6145036e-17 

CM Pos
10.00011       0.014388137   
9.9994185      0.010976586   
10.004869      0.0070553081  
17.323055      0.010708314   

Stress
20.0726      0.01267      0.0219943     0.0882152    0.055586     0.0417327   
0.01267      20.0615      -0.025426     0.055586     0.0568445    0.0448966   
0.0219943    -0.025426    20.0555       0.0417327    0.0448966    0.0682163   

Stress Spherical
0            0            0             0            0            0           
0            0            0             0            0            0           
0            0            0             0            0            0           

Inertia
266.749      -99.959      -100.045      0.323969     0.221578     0.195089    
-99.959      266.761      -100.068      0.221578     0.345767     0.172835    
-100.045     -100.068     266.646       0.195089     0.172835     0.368627    

Bond Length
0.62433804    0.0013349048

BB bond length
0.62433804    0.0013349048

Water EE distance
0             0           

PEG EE distance
4.7852485     0.08958742  

BBB P2(x)
0.078771767   0.0063096344

BBB first bond length
0.62455444    0.0012540833

BBB second bond length
0.62457353    0.0012863558

BBB <phi**2>/<phi>**2
1.1193612     0.0029267545

Time = 9000
Temperature
1.010425      0.0039387053

Pressure
23.120392     0.046333991 

CM Mom
-1.8748093e-17 2.4533061e-17 
-1.4480818e-17 8.1761542e-18 
-4.7896308e-17 1.7779116e-17 
6.0199e-17     1.4701681e-17 

CM Pos
10.003613      0.014504662   
9.9979173      0.007527077   
9.9983636      0.010105175   
17.320456      0.0084453164  

Stress
20.083       -0.0152411   0.00156482    0.0837484    0.0350175    0.045796    
-0.0152411   20.1175      0.0344753     0.0350175    0.0732341    0.0259661   
0.00156482   0.0344753    20.0745       0.045796     0.0259661    0.0734747   

Stress Spherical
0            0            0             0            0            0           
0            0            0             0            0            0           
0            0            0             0            0            0           

Inertia
266.579      -99.995      -100.006      0.150984     0.147369     0.193637    
-99.995      266.7        -99.9702      0.147369     0.411844     0.106283    
-100.006     -99.9702     266.692       0.193637     0.106283     0.246137    

Bond Length
0.62450575    0.00077858718

BB bond length
0.62450575    0.00077858718

Water EE distance
0             0           

PEG EE distance
4.6744471     0.039483287 

BBB P2(x)
0.082108812   0.0048570052

BBB first bond length
0.62467467    0.00088242017

BBB second bond length
0.62475502    0.00077710535

BBB <phi**2>/<phi>**2
1.1204269     0.0031081595

Time = 10000
Temperature
1.0136615     0.0056194052

Pressure
23.110447     0.035333325 

CM Mom
9.9090183e-18  9.9711787e-18 
-1.5335361e-17 1.3186211e-17 
-2.6978697e-17 1.9629118e-17 
3.9144908e-17  1.3692737e-17 

CM Pos
10.003196      0.012160808   
9.9969164      0.0061858821  
10.0022        0.018398598   
17.321852      0.015832955   

Stress
20.0687      0.00915734   -0.0297746    0.0368333    0.0462302    0.0541776   
0.00915734   20.0768      0.00360285    0.0462302    0.0583437    0.0346533   
-0.0297746   0.00360285   20.0704       0.0541776    0.0346533    0.030353    

Stress Spherical
0            0            0             0            0            0           
0            0            0             0            0            0           
0            0            0             0            0            0           

Inertia
266.636      -99.9808     -100.061      0.4349       0.148524     0.251033    
-99.9808     266.778      -100.022      0.148524     0.476212     0.255072    
-100.061     -100.022     266.667       0.251033     0.255072     0.270732    

Bond Length
0.62447623    0.00069639234

BB bond length
0.62447623    0.00069639234

Water EE distance
0             0           

PEG EE distance
4.577567      0.10494806  

BBB P2(x)
0.080115921   0.0082515607

BBB first bond length
0.62459883    0.00073410747

BBB second bond length
0.62446287    0.00061463866

BBB <phi**2>/<phi>**2
1.1189217     0.0028671063

Time = 11000
Temperature
1.0138662     0.0039854873

Pressure
23.098311     0.033197564 

CM Mom
1.2003635e-17  1.8228887e-17 
-3.310298e-17  1.0735864e-17 
-2.7213862e-17 9.9240606e-18 
4.9030097e-17  1.1071427e-17 

CM Pos
10.003863      0.011793763   
10.001087      0.0086598494  
9.9989474      0.012257947   
17.322762      0.015048153   

Stress
20.0717      -0.00179343  0.0177609     0.0646636    0.0551486    0.0505147   
-0.00179343  20.0388      0.0100914     0.0551486    0.046416     0.0236393   
0.0177609    0.0100914    20.0672       0.0505147    0.0236393    0.0691291   

Stress Spherical
0            0            0             0            0            0           
0            0            0             0            0            0           
0            0            0             0            0            0           

Inertia
266.661      -100.073     -100.049      0.317774     0.188452     0.2589      
-100.073     266.715      -100.002      0.188452     0.426503     0.172885    
-100.049     -100.002     266.747       0.2589       0.172885     0.313309    

Bond Length
0.62534507    0.00094166022

BB bond length
0.62534507    0.00094166022

Water EE distance
0             0           

PEG EE distance
4.5824213     0.083378431 

BBB P2(x)
0.075778214   0.0089964309

BBB first bond length
0.62537134    0.00092824775

BBB second bond length
0.62530344    0.00088615906

BBB <phi**2>/<phi>**2
1.1188936     0.0041865998

Time = 12000
Temperature
1.0080082     0.0055902191

Pressure
23.123277     0.072521547 

CM Mom
3.229161e-17   2.4663403e-17 
-4.7686232e-18 2.440581e-17  
-2.2758443e-17 1.0253887e-17 
5.1103455e-17  1.6761286e-17 

CM Pos
10.002278      0.010101388   
10.002087      0.012699434   
10.002867      0.0090997042  
17.324691      0.010439331   

Stress
20.0912      -0.000882805 0.0113285     0.0606092    0.0538091    0.0556325   
-0.000882805 20.1164      0.0475696     0.0538091    0.0754419    0.0423131   
0.0113285    0.0475696    20.0977       0.0556325    0.0423131    0.0920457   

Stress Spherical
0            0            0             0            0            0           
0            0            0             0            0            0           
0            0            0             0            0            0           

Inertia
266.761      -100.044     -100.042      0.241381     0.224637     0.129504    
-100.044     266.773      -100.037      0.224637     0.282776     0.144337    
-100.042     -100.037     266.755       0.129504     0.144337     0.359104    

Bond Length
0.6241594     0.0014940316

BB bond length
0.6241594     0.0014940316

Water EE distance
0             0           

PEG EE distance
4.6874363     0.091382188 

BBB P2(x)
0.077655284   0.0077985547

BBB first bond length
0.62419694    0.0013617251

BBB second bond length
0.62427528    0.0013730626

BBB <phi**2>/<phi>**2
1.1187211     0.0037036639

Time = 13000
Temperature
1.0090787     0.0078325723

Pressure
23.1274       0.058995923 

CM Mom
4.7238879e-17  2.2777876e-17 
-1.1048756e-17 7.6058327e-18 
-2.7830405e-17 2.0975036e-17 
6.2175761e-17  1.6701056e-17 

CM Pos
10.002445      0.0077922533  
9.9973334      0.0082631967  
9.9976964      0.012125292   
17.319056      0.009904776   

Stress
20.1196      -0.00275071  0.0154189     0.0958775    0.0720948    0.0610893   
-0.00275071  20.0797      0.0191037     0.0720948    0.0774604    0.0459143   
0.0154189    0.0191037    20.1088       0.0610893    0.0459143    0.0965587   

Stress Spherical
0            0            0             0            0            0           
0            0            0             0            0            0           
0            0            0             0            0            0           

Inertia
266.558      -99.9673     -100.027      0.416478     0.127788     0.151708    
-99.9673     266.661      -99.9461      0.127788     0.226006     0.25324     
-100.027     -99.9461     266.655       0.151708     0.25324      0.147234    

Bond Length
0.62452237    0.0012348504

BB bond length
0.62452237    0.0012348504

Water EE distance
0             0           

PEG EE distance
4.6860756     0.058633878 

BBB P2(x)
0.078885709   0.0078565656

BBB first bond length
0.62481246    0.0012273585

BBB second bond length
0.62468617    0.0012023107

BBB <phi**2>/<phi>**2
1.1182314     0.0036229587

Time = 14000
Temperature
1.0118666     0.00323289  

Pressure
23.121158     0.039659329 

CM Mom
5.1076683e-17  1.7029074e-17 
-3.1080342e-18 1.2706617e-17 
-3.203292e-17  1.8889044e-17 
6.4797816e-17  1.5939945e-17 

CM Pos
10.000026      0.013969913   
9.9995019      0.0075450761  
10.00245       0.012584988   
17.321659      0.010039153   

Stress
20.0888      0.0281921    -0.00872438   0.0870717    0.0309228    0.0320848   
0.0281921    20.0922      -0.0240403    0.0309228    0.0704263    0.0324034   
-0.00872438  -0.0240403   20.0833       0.0320848    0.0324034    0.0591547   

Stress Spherical
0            0            0             0            0            0           
0            0            0             0            0            0           
0            0            0             0            0            0           

Inertia
266.694      -99.991      -99.9887      0.220311     0.156896     0.186974    
-99.991      266.716      -100.021      0.156896     0.366043     0.174513    
-99.9887     -100.021     266.643       0.186974     0.174513     0.346268    

Bond Length
0.62363855    0.0010660835

BB bond length
0.62363855    0.0010660835

Water EE distance
0             0           

PEG EE distance
4.6178006     0.064108672 

BBB P2(x)
0.078382211   0.0081655191

BBB first bond length
0.62389328    0.0011110667

BBB second bond length
0.62388431    0.0011304999

BBB <phi**2>/<phi>**2
1.1201874     0.0032664432

Time = 15000
Temperature
1.0111533     0.0045106446

Pressure
23.130999     0.05695586  

CM Mom
3.5604801e-17  2.0050122e-17 
8.3778318e-18  3.3069733e-17 
-2.0070765e-17 1.4344964e-17 
5.4765266e-17  2.1044806e-17 

CM Pos
10.002445      0.010998112   
9.9980007      0.0071668227  
9.9990308      0.0073261689  
17.320211      0.0076712499  

Stress
20.1147      -0.0205118   0.0120231     0.0827377    0.0421502    0.0397776   
-0.0205118   20.1254      -0.0121808    0.0421502    0.0686053    0.0497602   
0.0120231    -0.0121808   20.0601       0.0397776    0.0497602    0.0866911   

Stress Spherical
0            0            0             0            0            0           
0            0            0             0            0            0           
0            0            0             0            0            0           

Inertia
266.61       -100.014     -100.026      0.160536     0.1085       0.164008    
-100.014     266.696      -99.958       0.1085       0.255195     0.106839    
-100.026     -99.958      266.689       0.164008     0.106839     0.271873    

Bond Length
0.62444637    0.00088563571

BB bond length
0.62444637    0.00088563571

Water EE distance
0             0           

PEG EE distance
4.6049556     0.090340683 

BBB P2(x)
0.076730739   0.0077435297

BBB first bond length
0.62466237    0.0010360445

BBB second bond length
0.62450467    0.00090152005

BBB <phi**2>/<phi>**2
1.1207305     0.003761257 

Time = 16000
Temperature
1.0087237     0.0061213361

Pressure
23.118619     0.055249122 

CM Mom
3.8228849e-17  1.267753e-17  
-1.6070687e-17 1.0259137e-17 
-3.5568226e-17 1.8391647e-17 
5.8735852e-17  1.1795449e-17 

CM Pos
9.9951888      0.015151796   
10.00142       0.0092952077  
10.003618      0.0058268685  
17.320648      0.0094881096  

Stress
20.0977      0.00597127   -0.0155807    0.0769297    0.039985     0.039641    
0.00597127   20.0833      0.0138118     0.039985     0.0990334    0.0378407   
-0.0155807   0.0138118    20.1039       0.039641     0.0378407    0.0559947   

Stress Spherical
0            0            0             0            0            0           
0            0            0             0            0            0           
0            0            0             0            0            0           

Inertia
266.767      -99.954      -99.9849      0.213221     0.20394      0.179892    
-99.954      266.658      -100.008      0.20394      0.351191     0.0987703   
-99.9849     -100.008     266.593       0.179892     0.0987703    0.373245    

Bond Length
0.62465759    0.00075031659

BB bond length
0.62465759    0.00075031659

Water EE distance
0             0           

PEG EE distance
4.6969261     0.068245965 

BBB P2(x)
0.078921221   0.0077569892

BBB first bond length
0.62488597    0.00063525779

BBB second bond length
0.62469479    0.00071370667

BBB <phi**2>/<phi>**2
1.1184675     0.0031267669

Time = 17000
Temperature
1.0109338     0.0039612197

Pressure
23.127662     0.055283642 

CM Mom
5.340182e-17   1.8894414e-17 
-2.2280505e-17 1.2568691e-17 
-3.7532963e-17 3.8262836e-17 
8.1063718e-17  1.2829177e-17 

CM Pos
10.001444      0.011486905   
10.003338      0.0097620516  
9.9969458      0.0048781748  
17.32151       0.011682305   

Stress
20.0955      0.0123217    0.04547       0.101205     0.0457887    0.0351638   
0.0123217    20.0959      -0.00226139   0.0457887    0.0489987    0.0461275   
0.04547      -0.00226139  20.1008       0.0351638    0.0461275    0.0677675   

Stress Spherical
0            0            0             0            0            0           
0            0            0             0            0            0           
0            0            0             0            0            0           

Inertia
266.682      -100.009     -99.9832      0.259898     0.200645     0.151555    
-100.009     266.642      -99.9869      0.200645     0.328011     0.0929557   
-99.9832     -99.9869     266.746       0.151555     0.0929557    0.409009    

Bond Length
0.62477849    0.0012843627

BB bond length
0.62477849    0.0012843627

Water EE distance
0             0           

PEG EE distance
4.819568      0.064144834 

BBB P2(x)
0.07999923    0.0041924376

BBB first bond length
0.6249143     0.0012615726

BBB second bond length
0.62506074    0.0014173118

BBB <phi**2>/<phi>**2
1.1199521     0.0030153243

Time = 18000
Temperature
1.0076723     0.0064918151

Pressure
23.091958     0.057797962 

CM Mom
6.4250338e-17  1.1110484e-17 
-3.8961542e-17 2.476225e-17  
-5.0184697e-17 1.3760656e-17 
9.5121231e-17  6.5215366e-18 

CM Pos
9.9971071      0.011338185   
9.9966662      0.012234943   
10.000532      0.010504785   
17.317229      0.0093651694  

Stress
20.0702      -0.015584    -0.0260125    0.0713971    0.0676301    0.0482768   
-0.015584    20.0639      0.0179014     0.0676301    0.0934802    0.0392064   
-0.0260125   0.0179014    20.0802       0.0482768    0.0392064    0.0300161   

Stress Spherical
0            0            0             0            0            0           
0            0            0             0            0            0           
0            0            0             0            0            0           

Inertia
266.613      -99.963      -99.9762      0.335912     0.117075     0.137446    
-99.963      266.613      -99.973       0.117075     0.311182     0.160732    
-99.9762     -99.973      266.539       0.137446     0.160732     0.243669    

Bond Length
0.62486929    0.00091838986

BB bond length
0.62486929    0.00091838986

Water EE distance
0             0           

PEG EE distance
4.6780069     0.058106145 

BBB P2(x)
0.077079365   0.0066083307

BBB first bond length
0.62506246    0.00097943323

BBB second bond length
0.62510187    0.0010813289

BBB <phi**2>/<phi>**2
1.1189075     0.0028091064

Time = 19000
Temperature
1.00823       0.0058653932

Pressure
23.120045     0.090418408 

CM Mom
7.4931721e-17  1.3374424e-17 
-7.0524742e-17 1.1022078e-17 
-4.630152e-17  1.3387198e-17 
1.1462364e-16  8.5633759e-18 

CM Pos
10.001361      0.0099860748  
10.00142       0.0079914541  
10.000032      0.014084959   
17.322137      0.013296016   

Stress
20.0986      -0.000353294 0.0269971     0.118671     0.0452373    0.0444107   
-0.000353294 20.1092      0.00290371    0.0452373    0.104571     0.0379209   
0.0269971    0.00290371   20.0858       0.0444107    0.0379209    0.139205    

Stress Spherical
0            0            0             0            0            0           
0            0            0             0            0            0           
0            0            0             0            0            0           

Inertia
266.696      -100.058     -99.9824      0.376524     0.172462     0.171114    
-100.058     266.703      -100.012      0.172462     0.338952     0.169052    
-99.9824     -100.012     266.719       0.171114     0.169052     0.311347    

Bond Length
0.62452842    0.0014986351

BB bond length
0.62452842    0.0014986351

Water EE distance
0             0           

PEG EE distance
4.7168391     0.042103302 

BBB P2(x)
0.074742856   0.0076945102

BBB first bond length
0.62464396    0.0015501619

BBB second bond length
0.62462947    0.0016144799

BBB <phi**2>/<phi>**2
1.1168851     0.0031789315

Time = 20000
Temperature
1.0110879     0.0051533193

Pressure
23.108859     0.06109135  

CM Mom
7.4070464e-17  1.1237994e-17 
-6.8865194e-17 1.3752553e-17 
-3.1665431e-17 1.5004178e-17 
1.0766949e-16  1.3393247e-17 

CM Pos
9.9992756      0.010752499   
10.00142       0.010746027   
9.997613       0.014052573   
17.319541      0.0097463435  

Stress
20.0786      0.0157651    -0.00900066   0.077378     0.0335378    0.0431256   
0.0157651    20.0858      0.029272      0.0335378    0.0863457    0.044574    
-0.00900066  0.029272     20.0699       0.0431256    0.044574     0.0807399   

Stress Spherical
0            0            0             0            0            0           
0            0            0             0            0            0           
0            0            0             0            0            0           

Inertia
266.651      -100.011     -99.9634      0.400931     0.144389     0.167612    
-100.011     266.615      -99.9733      0.144389     0.268133     0.184733    
-99.9634     -99.9733     266.656       0.167612     0.184733     0.288508    

Bond Length
0.62456282    0.0013131518

BB bond length
0.62456282    0.0013131518

Water EE distance
0             0           

PEG EE distance
4.5788849     0.096264294 

BBB P2(x)
0.077377901   0.0071618087

BBB first bond length
0.62468956    0.0013320442

BBB second bond length
0.62476275    0.0012135909

BBB <phi**2>/<phi>**2
1.118517      0.0030128668

Time = 21000
Temperature
1.0102095     0.0042261813

Pressure
23.113362     0.056368506 

CM Mom
8.5873066e-17  2.3022987e-17 
-7.4072027e-17 1.5871833e-17 
-1.6949652e-17 1.9311701e-17 
1.1677619e-16  2.581427e-17  

CM Pos
10.00036       0.013735918   
10.002588      0.0083856149  
9.9976964      0.010757349   
17.320886      0.013552586   

Stress
20.1056      0.00245832   -0.0192285    0.0820989    0.0597235    0.0391293   
0.00245832   20.0992      -0.00677666   0.0597235    0.0681337    0.0599921   
-0.0192285   -0.00677666  20.051        0.0391293    0.0599921    0.0920191   

Stress Spherical
0            0            0             0            0            0           
0            0            0             0            0            0           
0            0            0             0            0            0           

Inertia
266.676      -100.028     -99.9286      0.275916     0.141455     0.263939    
-100.028     266.627      -99.9843      0.141455     0.450914     0.133819    
-99.9286     -99.9843     266.721       0.263939     0.133819     0.345894    

Bond Length
0.62438734    0.00080275049

BB bond length
0.62438734    0.00080275049

Water EE distance
0             0           

PEG EE distance
4.524626      0.073380154 

BBB P2(x)
0.07580287    0.0057784478

BBB first bond length
0.62448255    0.00079457155

BBB second bond length
0.62441986    0.00090802825

BBB <phi**2>/<phi>**2
1.1180833     0.0034096169

Time = 22000
Temperature
1.0091786     0.0029020269

Pressure
23.078848     0.039386689 

CM Mom
8.1118332e-17  1.6736093e-17 
-8.2398873e-17 2.1028756e-17 
6.3129466e-18  1.5345745e-17 
1.1879944e-16  1.5940544e-17 

CM Pos
10.000527      0.010744409   
10.003338      0.010029169   
9.9956113      0.0093400005  
17.320211      0.011693349   

Stress
20.051       -0.00400317  -0.000137914  0.049346     0.0414869    0.0440624   
-0.00400317  20.0785      0.027495      0.0414869    0.081554     0.0503087   
-0.000137914 0.027495     20.032        0.0440624    0.0503087    0.0391299   

Stress Spherical
0            0            0             0            0            0           
0            0            0             0            0            0           
0            0            0             0            0            0           

Inertia
266.646      -100.047     -99.9274      0.287154     0.207669     0.182238    
-100.047     266.596      -100.01       0.207669     0.311788     0.196324    
-99.9274     -100.01      266.74        0.182238     0.196324     0.27128     

Bond Length
0.62422689    0.00097271155

BB bond length
0.62422689    0.00097271155

Water EE distance
0             0           

PEG EE distance
4.7039523     0.046794016 

BBB P2(x)
0.079736762   0.0076314392

BBB first bond length
0.62438444    0.00081930547

BBB second bond length
0.62442449    0.0011433739

BBB <phi**2>/<phi>**2
1.1190342     0.003507801 

Time = 23000
Temperature
1.0122324     0.0038942264

Pressure
23.099466     0.036360915 

CM Mom
7.2973668e-17  1.1166165e-17 
-9.7868382e-17 1.4170661e-17 
-2.2225931e-17 1.6158739e-17 
1.2573318e-16  1.323374e-17  

CM Pos
10.00086       0.014778079   
9.9962492      0.0087015182  
10.000282      0.012969342   
17.319013      0.0092034466  

Stress
20.049       -0.0268306   -0.0127666    0.0737905    0.0715769    0.0636491   
-0.0268306   20.0954      0.00318986    0.0715769    0.0699185    0.061786    
-0.0127666   0.00318986   20.0516       0.0636491    0.061786     0.0610337   

Stress Spherical
0            0            0             0            0            0           
0            0            0             0            0            0           
0            0            0             0            0            0           

Inertia
266.604      -99.9631     -100.047      0.267843     0.211303     0.178506    
-99.9631     266.695      -99.9765      0.211303     0.340596     0.146861    
-100.047     -99.9765     266.609       0.178506     0.146861     0.291671    

Bond Length
0.6242276     0.00096126828

BB bond length
0.6242276     0.00096126828

Water EE distance
0             0           

PEG EE distance
4.6183327     0.050435441 

BBB P2(x)
0.081577285   0.0088245158

BBB first bond length
0.62436449    0.0008383919

BBB second bond length
0.62462776    0.0011016865

BBB <phi**2>/<phi>**2
1.1215351     0.0039713895

Time = 24000
Temperature
1.0096319     0.0065998747

Pressure
23.105682     0.040872893 

CM Mom
5.3726021e-17  2.4169814e-17 
-1.0175821e-16 1.6425133e-17 
-1.3510183e-17 2.44904e-17   
1.1969667e-16  2.3456279e-17 

CM Pos
9.9956892      0.010001388   
9.9944143      0.012257947   
10.0022        0.012660759   
17.316072      0.0135443     

Stress
20.0573      -0.00105172  0.00206171    0.0658797    0.0341425    0.0657333   
-0.00105172  20.0837      -0.0133001    0.0341425    0.0588241    0.0274138   
0.00206171   -0.0133001   20.097        0.0657333    0.0274138    0.0765831   

Stress Spherical
0            0            0             0            0            0           
0            0            0             0            0            0           
0            0            0             0            0            0           

Inertia
266.588      -99.9134     -100.001      0.380375     0.197379     0.164628    
-99.9134     266.607      -99.9455      0.197379     0.334019     0.211117    
-100.001     -99.9455     266.454       0.164628     0.211117     0.368643    

Bond Length
0.62488278    0.00077444006

BB bond length
0.62488278    0.00077444006

Water EE distance
0             0           

PEG EE distance
4.6060703     0.044750884 

BBB P2(x)
0.081272082   0.004532619 

BBB first bond length
0.62509512    0.00069665666

BBB second bond length
0.62493955    0.0008960329

BBB <phi**2>/<phi>**2
1.1192793     0.0024643322

Time = 25000
Temperature
1.0126442     0.0031572204

Pressure
23.115371     0.049578523 

CM Mom
5.6629245e-17  2.9194304e-17 
-8.2098516e-17 1.405894e-17  
-7.7280412e-18 1.0479174e-17 
1.0419192e-16  1.7623224e-17 

CM Pos
9.9994424      0.010869601   
9.9991683      0.0073753765  
9.9994479      0.0081295307  
17.319389      0.013265039   

Stress
20.1065      0.00286015   -0.00292053   0.0716672    0.0405671    0.0495991   
0.00286015   20.0643      -0.00273239   0.0405671    0.0635161    0.0464171   
-0.00292053  -0.00273239  20.0692       0.0495991    0.0464171    0.0642491   

Stress Spherical
0            0            0             0            0            0           
0            0            0             0            0            0           
0            0            0             0            0            0           

Inertia
266.647      -100.013     -99.9856      0.267103     0.177483     0.254236    
-100.013     266.642      -99.9809      0.177483     0.329013     0.159816    
-99.9856     -99.9809     266.636       0.254236     0.159816     0.309135    

Bond Length
0.62429346    0.0007963062

BB bond length
0.62429346    0.0007963062

Water EE distance
0             0           

PEG EE distance
4.6003216     0.049124465 

BBB P2(x)
0.071466953   0.0034051466

BBB first bond length
0.6245344     0.00074518674

BBB second bond length
0.6244586     0.00091315668

BBB <phi**2>/<phi>**2
1.1165001     0.0021496912

Time = 26000
Temperature
1.0095629     0.0031201827

Pressure
23.119116     0.053060084 

CM Mom
5.4717374e-17  2.307971e-17  
-8.5932153e-17 1.7158169e-17 
-1.0359844e-17 2.3233648e-17 
1.0699829e-16  2.0097202e-17 

CM Pos
10.00478       0.011613377   
10.002171      0.0091909774  
10.008122      0.0065782582  
17.329216      0.0082372251  

Stress
20.1016      0.0019816    0.000829353   0.0416246    0.0268366    0.0314863   
0.0019816    20.101       0.00831873    0.0268366    0.0580371    0.0344659   
0.000829353  0.00831873   20.0762       0.0314863    0.0344659    0.0923226   

Stress Spherical
0            0            0             0            0            0           
0            0            0             0            0            0           
0            0            0             0            0            0           

Inertia
266.864      -100.066     -100.117      0.255418     0.167767     0.124691    
-100.066     266.909      -100.124      0.167767     0.172813     0.180473    
-100.117     -100.124     266.795       0.124691     0.180473     0.282637    

Bond Length
0.62445697    0.00058895034

BB bond length
0.62445697    0.00058895034

Water EE distance
0             0           

PEG EE distance
4.655963      0.051931723 

BBB P2(x)
0.075037172   0.0061208386

BBB first bond length
0.6246489     0.00059997373

BBB second bond length
0.62450251    0.00076008291

BBB <phi**2>/<phi>**2
1.1170027     0.0031687208

Time = 27000
Temperature
1.0123811     0.0042387579

Pressure
23.093626     0.062536824 

CM Mom
7.7853579e-17  1.9279357e-17 
-7.5091564e-17 2.2936924e-17 
1.9392559e-17  2.9826278e-17 
1.1632156e-16  1.8239849e-17 

CM Pos
10.005531      0.011250421   
10.002755      0.012365297   
9.997613       0.012054235   
17.323925      0.0074076359  

Stress
20.074       0.0102585    0.0215857     0.0862965    0.0495319    0.043464    
0.0102585    20.0595      -0.00186557   0.0495319    0.0922977    0.0475632   
0.0215857    -0.00186557  20.0436       0.043464     0.0475632    0.0740571   

Stress Spherical
0            0            0             0            0            0           
0            0            0             0            0            0           
0            0            0             0            0            0           

Inertia
266.659      -100.064     -100.055      0.315703     0.157299     0.125366    
-100.064     266.73       -99.9946      0.157299     0.224512     0.179657    
-100.055     -99.9946     266.819       0.125366     0.179657     0.26294     

Bond Length
0.62471742    0.0010607982

BB bond length
0.62471742    0.0010607982

Water EE distance
0             0           

PEG EE distance
4.7610726     0.0615974   

BBB P2(x)
0.075191946   0.0066828327

BBB first bond length
0.62491336    0.0012346811

BBB second bond length
0.62475704    0.001106568 

BBB <phi**2>/<phi>**2
1.1181055     0.0028906132

Time = 28000
Temperature
1.011792      0.0045413054

Pressure
23.117846     0.048590319 

CM Mom
7.5650264e-17  9.8698485e-18 
-7.541264e-17  1.6521683e-17 
5.9305262e-18  2.2299209e-17 
1.1041107e-16  1.1055776e-17 

CM Pos
9.998942       0.018395762   
9.9993351      0.0070553081  
10.001366      0.0067982265  
17.32031       0.013207757   

Stress
20.1139      -0.0165096   0.00758086    0.045146     0.0396766    0.0451853   
-0.0165096   20.0779      0.00575639    0.0396766    0.099717     0.0505428   
0.00758086   0.00575639   20.0632       0.0451853    0.0505428    0.0922355   

Stress Spherical
0            0            0             0            0            0           
