Time = 500
Temperature
   1.0276227   0.041980301

Pressure
   23.523822    0.13624078

CM Mom
1.5618131e-17  1.176894e-17  
-3.0562935e-18 1.4232145e-17 
-1.5044597e-17 1.119175e-17  
2.8420426e-17  1.1755996e-17 

CM Pos
7.5020263      0.016132743   
7.4958756      0.012970803   
7.5091188      0.0086189488  
12.994449      0.014362105   

Stress
20.4453      -0.0247328   0.0575986     0.0857928    0.0702663    0.098834    
-0.0247328   20.4125      0.0371422     0.0702663    0.106858     0.0782648   
0.0575986    0.0371422    20.466        0.098834     0.0782648    0.0794002   

Stress Spherical
0            0            0             0            0            0           
0            0            0             0            0            0           
0            0            0             0            0            0           

Inertia
149.954      -56.219      -56.3128      0.177399     0.155077     0.14006     
-56.219      150.097      -56.2355      0.155077     0.312922     0.079126    
-56.3128     -56.2355     149.893       0.14006      0.079126     0.340772    

Bond Length
0.62046621    0.0083924072

BB bond length
0.62046621    0.0083924072

Water EE distance
0             0           

PEG EE distance
3.3660041     0.20166916  

Time = 1000
Temperature
1.0088941     0.0058414016

Pressure
23.438059     0.048902663 

CM Mom
5.2372063e-18  2.6841457e-17 
-4.1882297e-17 5.3733025e-18 
-2.9029854e-17 1.1595858e-17 
5.8386508e-17  9.9550649e-18 

CM Pos
7.5023226      0.011763789   
7.4902454      0.0046476849  
7.4951915      0.0052509024  
12.983321      0.0088695525  

Stress
20.4396      0.0253827    0.00590964    0.0762818    0.0654059    0.0868372   
0.0253827    20.4193      -0.0352231    0.0654059    0.0620097    0.0863737   
0.00590964   -0.0352231   20.3761       0.0868372    0.0863737    0.0752354   

Stress Spherical
0            0            0             0            0            0           
0            0            0             0            0            0           
0            0            0             0            0            0           

Inertia
149.7        -56.2291     -56.2274      0.0892886    0.0621469    0.15998     
-56.2291     149.846      -56.1097      0.0621469    0.249286     0.108847    
-56.2274     -56.1097     149.804       0.15998      0.108847     0.15886     

Bond Length
0.61861352    0.0067327459

BB bond length
0.61861352    0.0067327459

Water EE distance
0             0           

PEG EE distance
3.6848961     0.24578354  

