Time = 500
Temperature
   1.0323955  0.0052815892

Pressure
   23.856721   0.027930218

CM Mom
-1.7216025e-17 9.3175329e-18 
-1.0358989e-17 2.0576534e-17 
2.2155578e-17  2.6770915e-17 
4.4706587e-17  1.1080744e-17 

CM Pos
24.994388      0.0098084725  
25.007301      0.017054204   
25.007256      0.0099365557  
43.306442      0.0071142147  

Stress
20.7547      -0.00096632  -0.00107097   0.0204335    0.00570165   0.0032464   
-0.00096632  20.7616      0.00528735    0.00570165   0.0174342    0.0122101   
-0.00107097  0.00528735   20.7628       0.0032464    0.0122101    0.0145105   

Stress Spherical
0            0            0             0            0            0           
0            0            0             0            0            0           
0            0            0             0            0            0           

Inertia
1667.27      -625.082     -624.935      0.793774     0.357858     0.241332    
-625.082     1666.78      -625.414      0.357858     0.470746     0.540636    
-624.935     -625.414     1666.72       0.241332     0.540636     0.381684    

Bond Length
0.62773104    0.0045249319

BB bond length
0.62773104    0.0045249319

Water EE distance
0             0           

PEG EE distance
8.0756126     1.2078687   

BBB P2(x)
0.081916656   0.030152652 

BBB first bond length
0.62752931    0.0041348361

BBB second bond length
0.6277251     0.004427916 

BBB <phi**2>/<phi>**2
1.1196837     0.012172609 

Time = 1000
Temperature
1.028128      0.0014584443

Pressure
23.823203     0.012908897 

CM Mom
-1.4958572e-17 1.2055324e-17 
-9.9481079e-18 1.0954657e-17 
1.9987304e-17  1.4079723e-17 
3.1431458e-17  1.4066037e-17 

CM Pos
25.001749      0.0076112459  
24.999141      0.013058995   
24.999443      0.012458546   
43.301466      0.0076365432  

Stress
20.7429      0.00418063   0.0060011     0.01872      0.00494145   0.00822437  
0.00418063   20.7325      0.00400854    0.00494145   0.00888371   0.00724831  
0.0060011    0.00400854   20.7416       0.00822437   0.00724831   0.010877    

Stress Spherical
0            0            0             0            0            0           
0            0            0             0            0            0           
0            0            0             0            0            0           

Inertia
1666.64      -625.05      -625.066      0.813973     0.318202     0.154746    
-625.05      1666.64      -625.052      0.318202     0.2978       0.449501    
-625.066     -625.052     1666.65       0.154746     0.449501     0.451045    

Bond Length
0.62747717    0.0030901185

BB bond length
0.62747717    0.0030901185

Water EE distance
0             0           

PEG EE distance
6.5074605     0.28588623  

BBB P2(x)
0.098228299   0.015572899 

BBB first bond length
0.62793331    0.0031543085

BBB second bond length
0.62760064    0.0035779767

BBB <phi**2>/<phi>**2
1.1256358     0.0076248227

Time = 1500
Temperature
1.0274644     0.00058591654

Pressure
23.831595     0.0094817177

CM Mom
3.3159348e-18  6.0277698e-18 
-5.9949639e-18 6.4616317e-18 
2.7195724e-17  1.9618051e-17 
3.1311653e-17  1.640358e-17  

CM Pos
25.001376      0.0096377526  
25.001728      0.0082527727  
25.003976      0.014003894   
43.305361      0.0070803989  

Stress
20.7533      0.00237111   -0.00800989   0.0160634    0.00365472   0.00651099  
0.00237111   20.7493      0.00315866    0.00365472   0.0115408    0.00590181  
-0.00800989  0.00315866   20.7456       0.00651099   0.00590181   0.0105958   

Stress Spherical
0            0            0             0            0            0           
0            0            0             0            0            0           
0            0            0             0            0            0           

Inertia
1666.87      -625.063     -625.185      0.715086     0.360524     0.149188    
-625.063     1666.9       -625.158      0.360524     0.396529     0.535012    
-625.185     -625.158     1666.78       0.149188     0.535012     0.383862    

Bond Length
0.62623946    0.0039817128

BB bond length
0.62623946    0.0039817128

Water EE distance
0             0           

PEG EE distance
5.4976847     0.32834439  

BBB P2(x)
0.07509916    0.032097111 

BBB first bond length
0.62663866    0.0046721366

BBB second bond length
0.62614921    0.0038678632

BBB <phi**2>/<phi>**2
1.1230548     0.016531615 

Time = 2000
Temperature
1.0289871     0.0013695682

Pressure
23.830885     0.014965012 

CM Mom
-3.4535587e-18 7.9920646e-18 
-2.8863303e-17 1.1599172e-17 
2.5934496e-17  5.6320975e-18 
4.0356209e-17  1.0914496e-17 

CM Pos
25.000869      0.0099577904  
25.001034      0.0079390746  
25.000269      0.011193226   
43.302527      0.00673076    

Stress
20.7501      0.00210844   0.00391966    0.00749785   0.00780965   0.00448963  
0.00210844   20.7408      -0.00130508   0.00780965   0.0227878    0.00482897  
0.00391966   -0.00130508  20.7414       0.00448963   0.00482897   0.0107738   

Stress Spherical
0            0            0             0            0            0           
0            0            0             0            0            0           
0            0            0             0            0            0           

Inertia
1666.63      -625.066     -625.022      0.719594     0.200734     0.123999    
-625.066     1666.7       -625.023      0.200734     0.421448     0.418094    
-625.022     -625.023     1666.7        0.123999     0.418094     0.317706    

Bond Length
0.627033      0.0013273071

BB bond length
0.627033      0.0013273071

Water EE distance
0             0           

PEG EE distance
5.7893962     0.20468127  

BBB P2(x)
0.079280779   0.016986738 

BBB first bond length
0.62702683    0.001367138 

BBB second bond length
0.62711807    0.00098585291

BBB <phi**2>/<phi>**2
1.1181303     0.0057227415

Time = 2500
Temperature
1.0274796     0.0016470198

Pressure
23.825106     0.016027078 

CM Mom
-1.1645102e-17 9.6676531e-18 
-1.0295169e-17 3.4263706e-17 
2.8545538e-17  2.848041e-17  
5.4143317e-17  1.4266981e-17 

CM Pos
25.000415      0.0094130168  
24.995994      0.010409701   
25.000509      0.009672373   
43.299494      0.0087287846  

Stress
20.7452      0.00727323   -0.0107593    0.0157244    0.00520227   0.005757    
0.00727323   20.7448      -0.00309701   0.00520227   0.0221683    0.00978573  
-0.0107593   -0.00309701  20.7385       0.005757     0.00978573   0.0141308   

Stress Spherical
0            0            0             0            0            0           
0            0            0             0            0            0           
0            0            0             0            0            0           

Inertia
1666.55      -624.885     -625.031      0.773194     0.178233     0.237434    
-624.885     1666.64      -624.936      0.178233     0.475361     0.561586    
-625.031     -624.936     1666.48       0.237434     0.561586     0.252389    

Bond Length
0.62634482    0.0045231222

BB bond length
0.62634482    0.0045231222

Water EE distance
0             0           

PEG EE distance
6.581929      0.31268802  

BBB P2(x)
0.084106958   0.025488407 

BBB first bond length
0.62618425    0.0051548462

BBB second bond length
0.62645476    0.0044743201

BBB <phi**2>/<phi>**2
1.1226146     0.012981995 

Time = 3000
Temperature
1.0288545     0.00086540793

Pressure
23.8316       0.0037327839

CM Mom
-1.5667395e-17 9.4173448e-18 
-8.8885229e-19 9.4077207e-18 
3.5841168e-17  2.9351013e-17 
4.351133e-17   2.6005468e-17 

CM Pos
24.996949      0.0053646248  
25.002661      0.0093478142  
25.00267       0.0089458302  
43.302588      0.0089644579  

Stress
20.75        0.00339044   -0.000944994  0.0110156    0.0111144    0.00469547  
0.00339044   20.7473      -0.000143377  0.0111144    0.00929188   0.00290117  
-0.000944994 -0.000143377 20.7384       0.00469547   0.00290117   0.00724016  

Stress Spherical
0            0            0             0            0            0           
0            0            0             0            0            0           
0            0            0             0            0            0           

Inertia
1666.86      -625.002     -625.029      0.705342     0.256341     0.166583    
-625.002     1666.7       -625.069      0.256341     0.468654     0.489058    
-625.029     -625.069     1666.62       0.166583     0.489058     0.410521    

Bond Length
0.62806954    0.0031242168

BB bond length
0.62806954    0.0031242168

Water EE distance
0             0           

PEG EE distance
6.2366612     0.16850864  

BBB P2(x)
0.092672434   0.021090991 

BBB first bond length
0.62830959    0.0032800492

BBB second bond length
0.6282907     0.0025416395

BBB <phi**2>/<phi>**2
1.1260554     0.0094808669

Time = 3500
Temperature
1.0277873     0.0015497677

Pressure
23.828809     0.0085621391

CM Mom
-9.9671901e-18 2.6047533e-17 
8.6193298e-18  1.8975385e-17 
1.7441221e-17  2.2436569e-17 
3.7787074e-17  2.4329197e-17 

CM Pos
25.001936      0.006646973   
25.000794      0.009262595   
24.998589      0.013605765   
43.302034      0.012160027   

Stress
20.7467      -0.00925538  -0.00441075   0.0208833    0.0084464    0.00460315  
-0.00925538  20.7448      -0.00118564   0.0084464    0.00648166   0.00561862  
-0.00441075  -0.00118564  20.7453       0.00460315   0.00561862   0.0116005   

Stress Spherical
0            0            0             0            0            0           
0            0            0             0            0            0           
0            0            0             0            0            0           

Inertia
1666.63      -625.05      -625.018      0.925304     0.340913     0.288428    
-625.05      1666.65      -624.989      0.340913     0.763502     0.475714    
-625.018     -624.989     1666.79       0.288428     0.475714     0.525694    

Bond Length
0.62653667    0.0042632956

BB bond length
0.62653667    0.0042632956

Water EE distance
0             0           

PEG EE distance
6.0939965     0.45412167  

BBB P2(x)
0.082990633   0.01609369  

BBB first bond length
0.62690692    0.0049670789

BBB second bond length
0.62655008    0.0042311404

BBB <phi**2>/<phi>**2
1.1129331     0.0070172606

Time = 4000
Temperature
1.0297602     0.00078530158

Pressure
23.838184     0.0079869654

CM Mom
-6.2699305e-18 1.3882241e-17 
1.7857875e-18  3.0794242e-17 
1.9982803e-17  2.1257416e-17 
4.3941263e-17  1.0191106e-17 

CM Pos
24.999802      0.0074276649  
25.003381      0.0057255394  
24.999096      0.0088297221  
43.302588      0.0054088854  

Stress
20.7422      0.00610393   -0.000261263  0.00781567   0.00619612   0.0076625   
0.00610393   20.7457      0.00278781    0.00619612   0.0184491    0.00682423  
-0.000261263 0.00278781   20.7593       0.0076625    0.00682423   0.0143958   

Stress Spherical
0            0            0             0            0            0           
0            0            0             0            0            0           
0            0            0             0            0            0           

Inertia
1666.76      -625.013     -625.016      0.557039     0.182971     0.155148    
-625.013     1666.59      -625.111      0.182971     0.361171     0.335549    
-625.016     -625.111     1666.81       0.155148     0.335549     0.388617    

Bond Length
0.63071843    0.0020989369

BB bond length
0.63071843    0.0020989369

Water EE distance
0             0           

PEG EE distance
5.3373715     0.14985854  

BBB P2(x)
0.071926683   0.014843514 

BBB first bond length
0.63058996    0.0020500698

BBB second bond length
0.63093106    0.0024350939

BBB <phi**2>/<phi>**2
1.1192143     0.0053790026

Time = 4500
Temperature
1.0288035     0.0011737986

Pressure
23.836345     0.011099838 

CM Mom
-1.2781652e-17 9.0689982e-18 
-7.64426e-18   4.1773896e-17 
3.9046732e-17  1.1071835e-17 
5.6928859e-17  2.1341236e-17 

CM Pos
24.997669      0.0098396016  
25.001834      0.0061766755  
24.999283      0.0095338087  
43.300572      0.005002354   

Stress
20.7577      0.000401161  0.00629853    0.0192091    0.00877771   0.00835441  
0.000401161  20.7445      0.000137871   0.00877771   0.0184694    0.0136294   
0.00629853   0.000137871  20.7481       0.00835441   0.0136294    0.0113437   

Stress Spherical
0            0            0             0            0            0           
0            0            0             0            0            0           
0            0            0             0            0            0           

Inertia
1666.68      -624.954     -624.947      0.645297     0.153567     0.183278    
-624.954     1666.56      -625.056      0.153567     0.355314     0.486146    
-624.947     -625.056     1666.63       0.183278     0.486146     0.296691    

Bond Length
0.63061337    0.0014390736

BB bond length
0.63061337    0.0014390736

Water EE distance
0             0           

PEG EE distance
5.7803007     0.27361959  

BBB P2(x)
0.067778009   0.018259899 

BBB first bond length
0.63023122    0.0013272034

BBB second bond length
0.63005113    0.0010421016

BBB <phi**2>/<phi>**2
1.1145126     0.0074858129

Time = 5000
Temperature
1.0281695     0.0016720046

Pressure
23.834328     0.0063801326

CM Mom
-1.6118246e-17 5.8296852e-18 
-5.7570958e-18 1.3032669e-17 
3.3679422e-17  1.0587855e-17 
4.040487e-17   1.0518095e-17 

CM Pos
25.001989      0.0035753337  
24.995034      0.0094042484  
24.998349      0.0063273996  
43.2986        0.0068515814  

Stress
20.7509      0.00304209   0.00592408    0.0134679    0.00473689   0.00676149  
0.00304209   20.748       0.000616299   0.00473689   0.0129773    0.00849737  
0.00592408   0.000616299  20.7511       0.00676149   0.00849737   0.00847947  

Stress Spherical
0            0            0             0            0            0           
0            0            0             0            0            0           
0            0            0             0            0            0           

Inertia
1666.38      -624.948     -624.982      0.53304      0.245639     0.14093     
-624.948     1666.64      -624.875      0.245639     0.33379      0.326629    
-624.982     -624.875     1666.53       0.14093      0.326629     0.417889    

Bond Length
0.62858558    0.0036306153

BB bond length
0.62858558    0.0036306153

Water EE distance
0             0           

PEG EE distance
5.9866881     0.21629117  

BBB P2(x)
0.098570172   0.01574646  

BBB first bond length
0.62818173    0.0034704645

BBB second bond length
0.62918311    0.0038309974

BBB <phi**2>/<phi>**2
1.1209496     0.0054833519

Time = 5500
Temperature
1.0285711     0.00082684854

Pressure
23.841933     0.0047357467

CM Mom
-1.1753562e-17 6.7188098e-18 
9.2389891e-18  2.0501433e-17 
4.8970222e-17  2.452683e-17  
5.6388838e-17  2.2558884e-17 

CM Pos
24.999029      0.0078763888  
24.999114      0.010376444   
25.000456      0.0093239703  
43.300464      0.0077248598  

Stress
20.7587      -0.00631737  -0.00344502   0.0126875    0.0050293    0.00772151  
-0.00631737  20.7496      -0.0060964    0.0050293    0.00594691   0.00715269  
-0.00344502  -0.0060964   20.7609       0.00772151   0.00715269   0.0100442   

Stress Spherical
0            0            0             0            0            0           
0            0            0             0            0            0           
0            0            0             0            0            0           

Inertia
1666.58      -624.955     -624.945      0.762123     0.246887     0.194773    
-624.955     1666.63      -625.004      0.246887     0.311069     0.472836    
-624.945     -625.004     1666.51       0.194773     0.472836     0.299804    

Bond Length
0.62792023    0.0017185932

BB bond length
0.62792023    0.0017185932

Water EE distance
0             0           

PEG EE distance
6.0139749     0.1335905   

BBB P2(x)
0.083342442   0.0067112398

BBB first bond length
0.62784477    0.0017249559

BBB second bond length
0.62804573    0.0019118501

BBB <phi**2>/<phi>**2
1.1192579     0.0075047939

Time = 6000
Temperature
1.0281739     0.0011312563

Pressure
23.830113     0.013339261 

CM Mom
-1.3571393e-17 1.3509047e-17 
-1.2931511e-17 1.8283601e-17 
5.7422823e-17  2.337339e-17  
6.3732335e-17  2.5496598e-17 

CM Pos
25.001242      0.0017821882  
25.000928      0.0038770876  
25.002936      0.011090458   
43.304219      0.0076684477  

Stress
20.7403      -0.00936892  0.000864086   0.0204371    0.012219     0.00590848  
-0.00936892  20.752       0.00036004    0.012219     0.00826824   0.00826759  
0.000864086  0.00036004   20.745        0.00590848   0.00826759   0.0188982   

Stress Spherical
0            0            0             0            0            0           
0            0            0             0            0            0           
0            0            0             0            0            0           

Inertia
1666.85      -625.056     -625.118      0.522221     0.0466623    0.34443     
-625.056     1666.88      -625.155      0.0466623    0.599565     0.348618    
-625.118     -625.155     1666.78       0.34443      0.348618     0.0675763   

Bond Length
0.62763665    0.0048921229

BB bond length
0.62763665    0.0048921229

Water EE distance
0             0           

PEG EE distance
5.8976653     0.079636424 

BBB P2(x)
0.08181502    0.022124141 

BBB first bond length
0.62774297    0.0049360341

BBB second bond length
0.62793295    0.0050549415

BBB <phi**2>/<phi>**2
1.1197953     0.0060516379

Time = 6500
Temperature
1.0276049     0.00088958825

Pressure
23.824227     0.005834793 

CM Mom
-9.9791812e-18 2.2211345e-18 
-1.2197818e-17 3.1159409e-17 
4.2106983e-17  1.9532559e-17 
5.4102601e-17  2.1251835e-17 

CM Pos
25.003509      0.0094213241  
24.996581      0.0043111899  
24.993976      0.014037373   
43.297847      0.00862775    

Stress
20.7392      0.00178565   0.00797385    0.00961627   0.00573775   0.00423329  
0.00178565   20.7367      -0.00196498   0.00573775   0.0058404    0.00324721  
0.00797385   -0.00196498  20.7488       0.00423329   0.00324721   0.0116236   

Stress Spherical
0            0            0             0            0            0           
0            0            0             0            0            0           
0            0            0             0            0            0           

Inertia
1666.2       -625.043     -624.951      0.753712     0.305634     0.150017    
-625.043     1666.5       -624.771      0.305634     0.648238     0.401845    
-624.951     -624.771     1666.64       0.150017     0.401845     0.582379    

Bond Length
0.62622177    0.0032248227

BB bond length
0.62622177    0.0032248227

Water EE distance
0             0           

PEG EE distance
5.460039      0.16173888  

BBB P2(x)
0.099509825   0.013922987 

BBB first bond length
0.62629677    0.0034941655

BBB second bond length
0.62590202    0.0032686535

BBB <phi**2>/<phi>**2
1.1275428     0.010940631 

Time = 7000
Temperature
1.0282491     0.0010272074

Pressure
23.834696     0.010579899 

CM Mom
-2.8359291e-17 2.1551514e-17 
8.4905956e-18  4.1615626e-17 
4.4455168e-17  8.3352213e-18 
7.0669204e-17  1.1147605e-17 

CM Pos
24.998602      0.0097470105  
25.001701      0.0046615275  
25.000029      0.0078562273  
43.301464      0.0052926696  

Stress
20.7498      -0.00303101  -0.0028163    0.0132179    0.0055692    0.00286676  
-0.00303101  20.753       0.00221872    0.0055692    0.0146489    0.00776484  
-0.0028163   0.00221872   20.7477       0.00286676   0.00776484   0.00572057  

Stress Spherical
0            0            0             0            0            0           
0            0            0             0            0            0           
0            0            0             0            0            0           

Inertia
1666.71      -624.995     -624.899      0.388471     0.369469     0.144868    
-624.995     1666.65      -625.022      0.369469     0.319406     0.292373    
-624.899     -625.022     1666.66       0.144868     0.292373     0.574065    

Bond Length
0.62946454    0.002955634 

BB bond length
0.62946454    0.002955634 

Water EE distance
0             0           

PEG EE distance
5.8021953     0.12358633  

BBB P2(x)
0.094076399   0.014492439 

BBB first bond length
0.62929722    0.002928275 

BBB second bond length
0.63015222    0.0030698396

BBB <phi**2>/<phi>**2
1.1237226     0.0085043499

Time = 7500
Temperature
1.0298725     0.00068048558

Pressure
23.835295     0.0075162224

CM Mom
-2.5226043e-17 6.0650097e-18 
5.7031802e-19  1.8353776e-17 
5.0638644e-17  8.6244997e-18 
5.9272334e-17  1.165198e-17  

CM Pos
25.004842      0.0079337876  
24.998741      0.0077181381  
24.997069      0.0059108497  
43.301649      0.006480968   

Stress
20.75        0.00331571   6.85741e-06   0.0193424    0.00334674   0.0042002   
0.00331571   20.7456      -0.00319389   0.00334674   0.00222713   0.0145638   
6.85741e-06  -0.00319389  20.742        0.0042002    0.0145638    0.00748156  

Stress Spherical
0            0            0             0            0            0           
0            0            0             0            0            0           
0            0            0             0            0            0           

Inertia
1666.44      -625.111     -625.058      0.582832     0.261832     0.217104    
-625.111     1666.69      -624.913      0.261832     0.200643     0.387368    
-625.058     -624.913     1666.78       0.217104     0.387368     0.455111    

Bond Length
0.62916627    0.002878282 

BB bond length
0.62916627    0.002878282 

Water EE distance
0             0           

PEG EE distance
5.9694401     0.18718875  

BBB P2(x)
0.094040006   0.021259881 

BBB first bond length
0.62917926    0.0027145276

BBB second bond length
0.62937931    0.0028672692

BBB <phi**2>/<phi>**2
1.1238002     0.012877093 

Time = 8000
Temperature
1.0277338     0.00085792  

Pressure
23.833706     0.0069350164

CM Mom
-1.7599918e-17 1.0511239e-17 
-1.8446179e-18 2.7283e-17    
5.8039263e-17  1.0553368e-17 
6.7191856e-17  1.1540884e-17 

CM Pos
24.999509      0.0078861346  
25.002768      0.0083405506  
25.001203      0.0086368022  
43.30328       0.0097898066  

Stress
20.7497      -0.00115228  -0.00123651   0.0147894    0.00434226   0.00334422  
-0.00115228  20.7479      0.000418593   0.00434226   0.00973554   0.00674778  
-0.00123651  0.000418593  20.7544       0.00334422   0.00674778   0.0132025   

Stress Spherical
0            0            0             0            0            0           
0            0            0             0            0            0           
0            0            0             0            0            0           

Inertia
1666.82      -625.029     -625.009      0.782004     0.289161     0.217083    
-625.029     1666.72      -625.104      0.289161     0.633933     0.428537    
-625.009     -625.104     1666.76       0.217083     0.428537     0.507679    

Bond Length
0.62811109    0.0029776981

BB bond length
0.62811109    0.0029776981

Water EE distance
0             0           

PEG EE distance
5.8173681     0.098204479 

BBB P2(x)
0.08650373    0.01778462  

BBB first bond length
0.62800045    0.0025746197

BBB second bond length
0.62811268    0.0026044658

BBB <phi**2>/<phi>**2
1.1207696     0.010280766 

Time = 8500
Temperature
1.0286745     0.0012076332

Pressure
23.829019     0.014757795 

CM Mom
-1.2128551e-17 8.6673995e-18 
2.300144e-17   2.1630469e-17 
5.0266357e-17  2.1061551e-17 
6.0711262e-17  2.2441195e-17 

CM Pos
24.995055      0.0011420729  
24.997434      0.0080767326  
25.003123      0.01140484    
43.298738      0.010326113   

Stress
20.7371      -0.000949681 0.000290244   0.00734092   0.00919408   0.00697802  
-0.000949681 20.7467      0.0081397     0.00919408   0.0175547    0.00785097  
0.000290244  0.0081397    20.7458       0.00697802   0.00785097   0.0218384   

Stress Spherical
0            0            0             0            0            0           
0            0            0             0            0            0           
0            0            0             0            0            0           

Inertia
1666.64      -624.76      -624.926      0.9096       0.178907     0.359954    
-624.76      1666.54      -625.001      0.178907     0.729565     0.463708    
-624.926     -625.001     1666.26       0.359954     0.463708     0.506323    

Bond Length
0.62673586    0.0015314889

BB bond length
0.62673586    0.0015314889

Water EE distance
0             0           

PEG EE distance
6.4461683     0.22766086  

BBB P2(x)
0.088197263   0.01676713  

BBB first bond length
0.62692556    0.0015382274

BBB second bond length
0.62650612    0.0018450018

BBB <phi**2>/<phi>**2
1.1201604     0.0070654813

Time = 9000
Temperature
1.0282338     0.0013739069

Pressure
23.837827     0.0076712573

CM Mom
-2.4393475e-17 1.3151348e-17 
-4.6269705e-18 1.9620406e-17 
4.866809e-17   1.5828136e-17 
5.9860963e-17  1.4496438e-17 

CM Pos
24.999429      0.0057091196  
24.999461      0.0015052794  
24.996269      0.0095659061  
43.298477      0.0037478116  

Stress
20.7499      0.00506579   -0.00191293   0.0163887    0.00824378   0.00580577  
0.00506579   20.7535      0.00197705    0.00824378   0.0130478    0.00844628  
-0.00191293  0.00197705   20.7565       0.00580577   0.00844628   0.00654637  

Stress Spherical
0            0            0             0            0            0           
0            0            0             0            0            0           
0            0            0             0            0            0           

Inertia
1666.43      -625.035     -624.924      0.481796     0.201604     0.221586    
-625.035     1666.4       -624.872      0.201604     0.384582     0.335859    
-624.924     -624.872     1666.58       0.221586     0.335859     0.195883    

Bond Length
0.62851343    0.0016558732

BB bond length
0.62851343    0.0016558732

Water EE distance
0             0           

PEG EE distance
5.829332      0.16867679  

BBB P2(x)
0.085728727   0.021558275 

BBB first bond length
0.62842019    0.0018326525

BBB second bond length
0.62866637    0.0021266535

BBB <phi**2>/<phi>**2
1.122186      0.0082538051

Time = 9500
Temperature
1.0285039     0.0010519126

Pressure
23.830207     0.010087327 

CM Mom
-1.9033951e-17 1.4233612e-17 
-9.8259022e-19 5.498949e-18  
6.1645908e-17  2.1720225e-17 
6.7173771e-17  1.8861641e-17 

CM Pos
24.996949      0.0086930253  
25.001648      0.003037604   
25.00219       0.0094241167  
43.301726      0.0052965481  

Stress
20.7516      -0.00295619  0.00420015    0.0144144    0.0118793    0.00813926  
-0.00295619  20.7475      0.00629572    0.0118793    0.0168771    0.00726705  
0.00420015   0.00629572   20.7355       0.00813926   0.00726705   0.0118301   

Stress Spherical
0            0            0             0            0            0           
0            0            0             0            0            0           
0            0            0             0            0            0           

Inertia
1666.82      -624.907     -624.954      0.482826     0.308365     0.149461    
-624.907     1666.6       -625.097      0.308365     0.356906     0.217708    
-624.954     -625.097     1666.58       0.149461     0.217708     0.438073    

Bond Length
0.62959119    0.0021285586

BB bond length
0.62959119    0.0021285586

Water EE distance
0             0           

PEG EE distance
6.1364104     0.29528097  

BBB P2(x)
0.0923137     0.016702142 

BBB first bond length
0.62968003    0.0027844713

BBB second bond length
0.62983895    0.0021445153

BBB <phi**2>/<phi>**2
1.121724      0.0047104217

Time = 10000
Temperature
1.029128      0.0016737264

Pressure
23.839209     0.0053377713

CM Mom
-2.1802299e-17 8.5785738e-18 
3.782959e-18   3.14099e-17   
5.6827006e-17  2.3220748e-17 
7.0474655e-17  1.8752587e-17 

CM Pos
25.002442      0.0031919544  
24.999648      0.0028051126  
25.000163      0.011089111   
43.302572      0.0058082634  

Stress
20.7578      -0.00109098  0.00631036    0.010837     0.00475008   0.0104183   
-0.00109098  20.7565      0.00373817    0.00475008   0.00533686   0.00843194  
0.00631036   0.00373817   20.7417       0.0104183    0.00843194   0.010843    

Stress Spherical
0            0            0             0            0            0           
0            0            0             0            0            0           
0            0            0             0            0            0           

Inertia
1666.66      -625.109     -625.002      0.521074     0.167069     0.218647    
-625.109     1666.77      -624.951      0.167069     0.427947     0.299556    
-625.002     -624.951     1666.75       0.218647     0.299556     0.13564     

Bond Length
0.62547934    0.003040937 

BB bond length
0.62547934    0.003040937 

Water EE distance
0             0           

PEG EE distance
6.2452739     0.41119331  

BBB P2(x)
0.096076881   0.024712388 

BBB first bond length
0.62504245    0.0030732375

BBB second bond length
0.62548832    0.0028999825

BBB <phi**2>/<phi>**2
1.1198334     0.010434737 

