Time = 1000
Temperature
     1.10888    0.14775335

Pressure
    23.76099    0.75813613

CM Mom
2.7061549e-17  1.8939942e-17 
1.1244218e-16  3.0677576e-17 
-2.0538248e-17 3.0473748e-16 
2.5664792e-16  2.0516823e-16 

CM Pos
7.4989058      0.018133302   
7.5046295      0.026875515   
7.4999185      0.013497323   
12.992411      0.018163573   

Stress
20.3752      -0.0495709   0.00919957    0.328602     0.0903656    0.0814659   
-0.0495709   20.4739      0.0344141     0.0903656    0.357234     0.0904608   
0.00919957   0.0344141    20.4609       0.0814659    0.0904608    0.313888    

Stress Spherical
0            0            0             0            0            0           
0            0            0             0            0            0           
0            0            0             0            0            0           

Inertia
150.198      -56.2736     -56.2253      1.09537      0.216759     0.215244    
-56.2736     150.084      -56.2977      0.216759     1.22125      0.225494    
-56.2253     -56.2977     150.149       0.215244     0.225494     0.897521    

Bond Length
0.62045384    0.0061067775

BB bond length
0.62045384    0.0061067775

Water EE distance
0             0           

PEG EE distance
7.3420558     0.10379587  

BBB P2(x)
0.48165997    0.054419    

BBB first bond length
0.62033397    0.0062395887

BBB second bond length
0.6202172     0.0062006861

BBB <phi**2>/<phi>**2
1.2199085     0.014232096 

Time = 2000
Temperature
1.0098516     0.007171623 

Pressure
23.258841     0.062447314 

CM Mom
4.2262308e-17  1.5657093e-17 
6.6550357e-17  2.5618915e-17 
-4.9555965e-17 3.2909876e-17 
1.0060225e-16  2.3120718e-17 

CM Pos
7.4975716      0.02291132    
7.499589       0.019790211   
7.4944333      0.010653436   
12.985563      0.011632246   

Stress
20.2541      0.0134198    -0.0379551    0.0832779    0.0530336    0.0949344   
0.0134198    20.2061      -0.0138397    0.0530336    0.0923075    0.0632077   
-0.0379551   -0.0138397   20.234        0.0949344    0.0632077    0.118982    

Stress Spherical
0            0            0             0            0            0           
0            0            0             0            0            0           
0            0            0             0            0            0           

Inertia
149.799      -56.261      -56.189       0.280557     0.156169     0.240605    
-56.261      149.769      -56.2304      0.156169     0.578514     0.119295    
-56.189      -56.2304     149.826       0.240605     0.119295     0.432002    

Bond Length
0.61795759    0.0017146771

BB bond length
0.61795759    0.0017146771

Water EE distance
0             0           

PEG EE distance
7.4518435     0.11474041  

BBB P2(x)
0.52081904    0.0090157695

BBB first bond length
0.61803502    0.0017980523

BBB second bond length
0.61802667    0.0018406405

BBB <phi**2>/<phi>**2
1.2272067     0.0111126   

Time = 3000
Temperature
1.0084384     0.0067309997

Pressure
23.206376     0.088723754 

CM Mom
3.9443476e-17  2.3251999e-17 
8.0167885e-17  1.305111e-17  
-4.830898e-17  1.8573181e-17 
1.0524484e-16  1.7201984e-17 

CM Pos
7.4937171      0.018130272   
7.5041848      0.012846583   
7.489541       0.013882626   
12.983151      0.017168174   

Stress
20.2209      -0.0146122   0.0558447     0.0945863    0.0679641    0.0595401   
-0.0146122   20.1983      0.0414799     0.0679641    0.0697849    0.0553264   
0.0558447    0.0414799    20.1303       0.0595401    0.0553264    0.168256    

Stress Spherical
0            0            0             0            0            0           
0            0            0             0            0            0           
0            0            0             0            0            0           

Inertia
149.85       -56.219      -56.1319      0.361997     0.159503     0.166222    
-56.219      149.692      -56.2024      0.159503     0.458821     0.156251    
-56.1319     -56.2024     149.902       0.166222     0.156251     0.436238    

Bond Length
0.61859229    0.001704377 

BB bond length
0.61859229    0.001704377 

Water EE distance
0             0           

PEG EE distance
7.3883264     0.097557105 

BBB P2(x)
0.5205074     0.010753314 

BBB first bond length
0.61884243    0.0016162307

BBB second bond length
0.61843804    0.0016399178

BBB <phi**2>/<phi>**2
1.2317831     0.0084397738

Time = 4000
Temperature
1.0103296     0.0090451912

Pressure
23.249871     0.04484544  

CM Mom
5.1686324e-17  1.3707385e-17 
7.0882056e-17  9.2827042e-18 
-2.1318685e-18 1.9971003e-17 
9.0481648e-17  1.364772e-17  

CM Pos
7.4977198      0.018256511   
7.5012198      0.0079407561  
7.4963605      0.016348625   
12.987687      0.012936295   

Stress
20.2531      -0.00138646  0.0261207     0.0877167    0.0606169    0.0648101   
-0.00138646  20.2449      -0.0147308    0.0606169    0.106185     0.0694295   
0.0261207    -0.0147308   20.165        0.0648101    0.0694295    0.0849298   

Stress Spherical
0            0            0             0            0            0           
0            0            0             0            0            0           
0            0            0             0            0            0           

Inertia
149.947      -56.2541     -56.1829      0.251876     0.130197     0.21617     
-56.2541     149.877      -56.2452      0.130197     0.31367      0.154631    
-56.1829     -56.2452     149.933       0.21617      0.154631     0.250429    

Bond Length
0.61807025    0.0012425529

BB bond length
0.61807025    0.0012425529

Water EE distance
0             0           

PEG EE distance
7.3521594     0.19398367  

BBB P2(x)
0.51946186    0.0060802609

BBB first bond length
0.61780274    0.0010950994

BBB second bond length
0.6179892     0.0014290872

BBB <phi**2>/<phi>**2
1.2233217     0.0042029871

Time = 5000
Temperature
1.0022255     0.0084063606

Pressure
23.217098     0.061146035 

CM Mom
3.4203713e-17  1.357776e-17  
6.0471109e-17  1.758772e-17  
-2.7270031e-18 1.7002618e-17 
7.3807959e-17  1.3009351e-17 

CM Pos
7.5000918      0.019025242   
7.5022575      0.014717937   
7.5042178      0.010607952   
12.994192      0.014151008   

Stress
20.1699      0.0260116    -0.0114101    0.102353     0.0694254    0.0773021   
0.0260116    20.1906      -0.0782977    0.0694254    0.121812     0.0826141   
-0.0114101   -0.0782977   20.2771       0.0773021    0.0826141    0.0811208   

Stress Spherical
0            0            0             0            0            0           
0            0            0             0            0            0           
0            0            0             0            0            0           

Inertia
150.073      -56.2239     -56.3071      0.299828     0.155811     0.189622    
-56.2239     150.03       -56.3034      0.155811     0.320193     0.161121    
-56.3071     -56.3034     150.009       0.189622     0.161121     0.374479    

Bond Length
0.61800125    0.0013940894

BB bond length
0.61800125    0.0013940894

Water EE distance
0             0           

PEG EE distance
7.2017035     0.15476205  

BBB P2(x)
0.51221045    0.0087340016

BBB first bond length
0.61789638    0.0013789733

BBB second bond length
0.61784872    0.0014175511

BBB <phi**2>/<phi>**2
1.226938      0.0072955827

Time = 6000
Temperature
1.0111071     0.0069483869

Pressure
23.186276     0.071952597 

CM Mom
1.1433882e-17  1.7015286e-17 
5.0127233e-17  2.8016312e-17 
-1.5939019e-17 1.5062168e-17 
6.0712552e-17  2.26454e-17   

CM Pos
7.4947548      0.015266937   
7.500775       0.011874867   
7.4963605      0.011271924   
12.985716      0.0082932856  

Stress
20.1632      -0.00574654  -0.0542347    0.0832429    0.0824915    0.103985    
-0.00574654  20.1472      -0.047835     0.0824915    0.147337     0.0720245   
-0.0542347   -0.047835    20.1547       0.103985     0.0720245    0.0523166   

Stress Spherical
0            0            0             0            0            0           
0            0            0             0            0            0           
0            0            0             0            0            0           

Inertia
149.938      -56.2154     -56.1747      0.172236     0.133957     0.134424    
-56.2154     149.822      -56.2406      0.133957     0.267666     0.135136    
-56.1747     -56.2406     149.909       0.134424     0.135136     0.265727    

Bond Length
0.61788971    0.0013172893

BB bond length
0.61788971    0.0013172893

Water EE distance
0             0           

PEG EE distance
7.3153931     0.20114188  

BBB P2(x)
0.51475423    0.009898111 

BBB first bond length
0.6179779     0.0012781776

BBB second bond length
0.61775563    0.0016478591

BBB <phi**2>/<phi>**2
1.2253207     0.0093263504

Time = 7000
Temperature
1.0097571     0.006379505 

Pressure
23.21123      0.085931313 

CM Mom
4.5174819e-18  1.7420249e-17 
4.1437774e-17  2.5661208e-17 
-4.7047319e-17 1.9115845e-17 
6.9411389e-17  2.1456569e-17 

CM Pos
7.4960891      0.012859408   
7.4976618      0.013441846   
7.5073311      0.017345325   
12.991031      0.0085756867  

Stress
20.1436      0.0746028    0.0267652     0.077708     0.0675463    0.0708778   
0.0746028    20.2087      0.0171054     0.0675463    0.121476     0.0514858   
0.0267652    0.0171054    20.1999       0.0708778    0.0514858    0.0954616   

Stress Spherical
0            0            0             0            0            0           
0            0            0             0            0            0           
0            0            0             0            0            0           

Inertia
150.051      -56.1926     -56.2558      0.251209     0.161728     0.117208    
-56.1926     150.031      -56.2553      0.161728     0.159239     0.122772    
-56.2558     -56.2553     149.89        0.117208     0.122772     0.330677    

Bond Length
0.61865868    0.0024093001

BB bond length
0.61865868    0.0024093001

Water EE distance
0             0           

PEG EE distance
7.3008895     0.27015216  

BBB P2(x)
0.51585693    0.005757927 

BBB first bond length
0.61851774    0.0022437577

BBB second bond length
0.61854481    0.0025029078

BBB <phi**2>/<phi>**2
1.2228514     0.011508694 

Time = 8000
Temperature
1.0124076     0.012602347 

Pressure
23.21453      0.086523127 

CM Mom
3.1799172e-17  2.1130095e-17 
3.4684868e-17  1.0410477e-17 
-5.3881423e-17 1.6002908e-17 
7.4817813e-17  1.8184667e-17 

CM Pos
7.5005366      0.013957623   
7.4961793      0.01409629    
7.4994738      0.010930406   
12.988193      0.01487114    

Stress
20.1527      0.0263722    -0.0261256    0.0852178    0.0398773    0.0590135   
0.0263722    20.1903      0.0251463     0.0398773    0.110178     0.0778515   
-0.0261256   0.0251463    20.1952       0.0590135    0.0778515    0.0976484   

Stress Spherical
0            0            0             0            0            0           
0            0            0             0            0            0           
0            0            0             0            0            0           

Inertia
149.929      -56.2344     -56.2782      0.295214     0.167809     0.117608    
-56.2344     149.978      -56.2342      0.167809     0.21079      0.19609     
-56.2782     -56.2342     149.956       0.117608     0.19609      0.300131    

Bond Length
0.61889121    0.0018852039

BB bond length
0.61889121    0.0018852039

Water EE distance
0             0           

PEG EE distance
7.0106581     0.086240016 

BBB P2(x)
0.51589566    0.0069549272

BBB first bond length
0.61881096    0.0019231346

BBB second bond length
0.61889334    0.0018878505

BBB <phi**2>/<phi>**2
1.2254769     0.0080325548

Time = 9000
Temperature
1.0107665     0.0087565141

Pressure
23.160035     0.11032609  

CM Mom
9.3120258e-18  1.010312e-17  
4.0407981e-17  1.6484063e-17 
-7.8252728e-17 2.8585006e-17 
9.0638909e-17  2.8609377e-17 

CM Pos
7.4946066      0.0087756366  
7.5000338      0.014840622   
7.5030318      0.01118875    
12.989051      0.010452021   

Stress
20.081       0.0145057    -0.0473475    0.104993     0.0760431    0.0801074   
0.0145057    20.1259      0.0251367     0.0760431    0.131141     0.0729      
-0.0473475   0.0251367    20.1826       0.0801074    0.0729       0.152904    

Stress Spherical
0            0            0             0            0            0           
0            0            0             0            0            0           
0            0            0             0            0            0           

Inertia
150.036      -56.1762     -56.2799      0.237517     0.122349     0.155038    
-56.1762     149.948      -56.3119      0.122349     0.233319     0.11579     
-56.2799     -56.3119     149.909       0.155038     0.11579      0.249114    

Bond Length
0.61927553    0.0022423602

BB bond length
0.61927553    0.0022423602

Water EE distance
0             0           

PEG EE distance
7.3007286     0.10409473  

BBB P2(x)
0.5129947     0.0073020639

BBB first bond length
0.61916633    0.0022547265

BBB second bond length
0.61927863    0.0023497739

BBB <phi**2>/<phi>**2
1.2263615     0.0059475307

Time = 10000
Temperature
1.0047225     0.0072705549

Pressure
23.254634     0.068572419 

CM Mom
3.1952653e-18  1.899611e-17  
3.7364826e-17  1.4767271e-17 
-6.8488899e-17 1.1017671e-17 
8.1606479e-17  1.1737349e-17 

CM Pos
7.5012778      0.0084502866  
7.5016645      0.014901955   
7.5028836      0.0095492288  
12.993757      0.0084702446  

Stress
20.2602      -0.00751511  0.00208524    0.0586042    0.0549627    0.0557965   
-0.00751511  20.2536      0.00136015    0.0549627    0.0996781    0.0606856   
0.00208524   0.00136015   20.2138       0.0557965    0.0606856    0.0994967   

Stress Spherical
0            0            0             0            0            0           
0            0            0             0            0            0           
0            0            0             0            0            0           

Inertia
150.067      -56.2806     -56.3011      0.241696     0.133539     0.0917297   
-56.2806     150.045      -56.2853      0.133539     0.148126     0.149455    
-56.3011     -56.2853     150.035       0.0917297    0.149455     0.289556    

Bond Length
0.61801543    0.001405979 

BB bond length
0.61801543    0.001405979 

Water EE distance
0             0           

PEG EE distance
7.0815053     0.2652925   

BBB P2(x)
0.51146357    0.010757637 

BBB first bond length
0.61787827    0.0011222831

BBB second bond length
0.61760205    0.0015113632

BBB <phi**2>/<phi>**2
1.2268502     0.0070626542

Time = 11000
Temperature
1.0096679     0.0086050897

Pressure
23.211885     0.046826926 

CM Mom
6.5951725e-18  9.8737542e-18 
4.6311596e-17  1.0214305e-17 
-9.605931e-17  1.8660254e-17 
1.0816073e-16  1.6338201e-17 

CM Pos
7.5030568      0.014195725   
7.4991443      0.012580358   
7.5018458      0.013926094   
12.992724      0.019544285   

Stress
20.177       -0.0569771   0.0237138     0.11096      0.042868     0.03881     
-0.0569771   20.2339      0.0169372     0.042868     0.0985057    0.0238787   
0.0237138    0.0169372    20.1441       0.03881      0.0238787    0.0851004   

Stress Spherical
0            0            0             0            0            0           
0            0            0             0            0            0           
0            0            0             0            0            0           

Inertia
150.01       -56.2434     -56.3103      0.421964     0.185103     0.215116    
-56.2434     150.066      -56.2338      0.185103     0.437485     0.213531    
-56.3103     -56.2338     150.036       0.215116     0.213531     0.391835    

Bond Length
0.61659924    0.0019726564

BB bond length
0.61659924    0.0019726564

Water EE distance
0             0           

PEG EE distance
6.755534      0.060438751 

BBB P2(x)
0.50768924    0.0096008586

BBB first bond length
0.61662156    0.0019896101

BBB second bond length
0.6167185     0.0022174299

BBB <phi**2>/<phi>**2
1.2254652     0.0081947614

Time = 12000
Temperature
1.0100054     0.0085725088

Pressure
23.203036     0.10776347  

CM Mom
2.783746e-17   9.3448144e-18 
2.960661e-17   1.6821538e-17 
-8.9288299e-17 1.5297609e-17 
9.9343532e-17  1.8948484e-17 

CM Pos
7.5008331      0.01550903    
7.4992925      0.011325418   
7.5040696      0.01139603    
12.992815      0.014138344   

Stress
20.1037      -0.0150967   0.0100803     0.114269     0.0586801    0.056385    
-0.0150967   20.2404      -0.00209675   0.0586801    0.152457     0.0754475   
0.0100803    -0.00209675  20.1813       0.056385     0.0754475    0.138428    

Stress Spherical
0            0            0             0            0            0           
0            0            0             0            0            0           
0            0            0             0            0            0           

Inertia
150.065      -56.2186     -56.3113      0.274814     0.130582     0.193465    
-56.2186     150.064      -56.3187      0.130582     0.312183     0.151773    
-56.3113     -56.3187     150.022       0.193465     0.151773     0.296222    

Bond Length
0.61927465    0.0022224651

BB bond length
0.61927465    0.0022224651

Water EE distance
0             0           

PEG EE distance
7.0841728     0.25573882  

BBB P2(x)
0.52102237    0.0090482875

BBB first bond length
0.61953999    0.0022442158

BBB second bond length
0.61905384    0.002351448 

BBB <phi**2>/<phi>**2
1.2250708     0.0063162568

Time = 13000
Temperature
1.0059239     0.0047435508

Pressure
23.159686     0.077063296 

CM Mom
3.6773257e-17  1.2601349e-17 
5.5279078e-17  1.5001185e-17 
-1.2832002e-16 2.4320711e-17 
1.4566648e-16  2.511334e-17  

CM Pos
7.5043911      0.011387348   
7.5034435      0.015366664   
7.5083688      0.016835425   
12.999754      0.014113398   

Stress
20.1386      0.00646469   -0.0127295    0.138221     0.0452667    0.0753772   
0.00646469   20.1256      -0.0272619    0.0452667    0.119579     0.0616702   
-0.0127295   -0.0272619   20.1678       0.0753772    0.0616702    0.121096    

Stress Spherical
0            0            0             0            0            0           
0            0            0             0            0            0           
0            0            0             0            0            0           

Inertia
150.176      -56.305      -56.3509      0.319511     0.156547     0.135687    
-56.305      150.175      -56.3129      0.156547     0.319284     0.220404    
-56.3509     -56.3129     150.116       0.135687     0.220404     0.254879    

Bond Length
0.6184328     0.0018611842

BB bond length
0.6184328     0.0018611842

Water EE distance
0             0           

PEG EE distance
7.7350477     0.10562572  

BBB P2(x)
0.51764514    0.0067064452

BBB first bond length
0.61844485    0.0018832337

BBB second bond length
0.61847005    0.001861937 

BBB <phi**2>/<phi>**2
1.2258085     0.0076359575

Time = 14000
Temperature
1.0098378     0.0086376874

Pressure
23.207495     0.079287097 

CM Mom
4.2143322e-17  1.4752331e-17 
9.5838209e-17  1.8231406e-17 
-1.276714e-16  1.3343488e-17 
1.6628701e-16  1.83767e-17   

CM Pos
7.5021673      0.0079904208  
7.4976618      0.013425485   
7.499622       0.01442609    
12.990079      0.0088894202  

Stress
20.1774      -0.016878    -0.0250951    0.0835554    0.0673978    0.0501248   
-0.016878    20.1893      -0.0128216    0.0673978    0.148972     0.0658466   
-0.0250951   -0.0128216   20.1735       0.0501248    0.0658466    0.0693278   

Stress Spherical
0            0            0             0            0            0           
0            0            0             0            0            0           
0            0            0             0            0            0           

Inertia
149.936      -56.2822     -56.2437      0.270492     0.161142     0.194993    
-56.2822     149.993      -56.2206      0.161142     0.278589     0.158572    
-56.2437     -56.2206     149.979       0.194993     0.158572     0.162475    

Bond Length
0.61785224    0.002948695 

BB bond length
0.61785224    0.002948695 

Water EE distance
0             0           

PEG EE distance
7.6442588     0.12730923  

BBB P2(x)
0.51267751    0.0092360271

BBB first bond length
0.61768589    0.0031019861

BBB second bond length
0.61789575    0.0031566289

BBB <phi**2>/<phi>**2
1.2253792     0.0071471355

Time = 15000
Temperature
1.0119461     0.0038687266

Pressure
23.275185     0.082949722 

CM Mom
1.6000192e-17  1.9137116e-17 
1.0531867e-16  1.1341814e-17 
-9.8482505e-17 1.8529684e-17 
1.4704183e-16  1.6240285e-17 

CM Pos
7.4984611      0.021687199   
7.4991443      0.012873927   
7.5021423      0.01626979    
12.990257      0.018883852   

Stress
20.2268      0.022695     -0.017557     0.0913154    0.0723681    0.0744972   
0.022695     20.2505      -0.0278781    0.0723681    0.123221     0.0648817   
-0.017557    -0.0278781   20.247        0.0744972    0.0648817    0.164936    

Stress Spherical
0            0            0             0            0            0           
0            0            0             0            0            0           
0            0            0             0            0            0           

Inertia
150.023      -56.2644     -56.2538      0.467306     0.191402     0.214567    
-56.2644     150.001      -56.2658      0.191402     0.425064     0.2146      
-56.2538     -56.2658     149.983       0.214567     0.2146       0.440079    

Bond Length
0.61809717    0.0026268072

BB bond length
0.61809717    0.0026268072

Water EE distance
0             0           

PEG EE distance
7.605146      0.15678357  

BBB P2(x)
0.51244483    0.009530508 

BBB first bond length
0.61820896    0.0028193618

BBB second bond length
0.6179185     0.0024510157

BBB <phi**2>/<phi>**2
1.2206572     0.010012215 

Time = 16000
Temperature
1.0128076     0.0052185441

Pressure
23.201926     0.1373942   

CM Mom
-2.2517458e-18 1.6049694e-17 
1.1062481e-16  3.3083641e-17 
-6.6609541e-17 2.5402987e-17 
1.3324395e-16  3.0384745e-17 

CM Pos
7.4986093      0.018402796   
7.5035918      0.011598659   
7.4985843      0.0087906506  
12.99085       0.012519718   

Stress
20.1462      -0.00343207  0.0149277     0.15237      0.0379128    0.0901291   
-0.00343207  20.1835      -0.02295      0.0379128    0.158418     0.0595073   
0.0149277    -0.02295     20.1671       0.0901291    0.0595073    0.149362    

Stress Spherical
0            0            0             0            0            0           
0            0            0             0            0            0           
0            0            0             0            0            0           

Inertia
150.026      -56.2379     -56.1968      0.267747     0.117877     0.194541    
-56.2379     149.932      -56.2639      0.117877     0.280517     0.165708    
-56.1968     -56.2639     150.033       0.194541     0.165708     0.303775    

Bond Length
0.61880344    0.0019716212

BB bond length
0.61880344    0.0019716212

Water EE distance
0             0           

PEG EE distance
7.2918225     0.15498261  

BBB P2(x)
0.51173814    0.0060406167

BBB first bond length
0.6187401     0.0019056088

BBB second bond length
0.61870841    0.0021241907

BBB <phi**2>/<phi>**2
1.2279309     0.0058442093

Time = 17000
Temperature
1.0133516     0.0096658035

Pressure
23.238276     0.1024647   

CM Mom
4.6099273e-18  2.1214644e-17 
7.8792039e-17  1.3520365e-17 
-5.8454043e-17 2.7091852e-17 
1.024868e-16   2.2574267e-17 

CM Pos
7.5015743      0.010822297   
7.5034435      0.0099493744  
7.4950263      0.010180837   
12.990415      0.012278183   

Stress
20.2083      0.0306221    -0.00286847   0.120529     0.055359     0.0693208   
0.0306221    20.1858      0.0385154     0.055359     0.0973224    0.0667547   
-0.00286847  0.0385154    20.2068       0.0693208    0.0667547    0.105339    

Stress Spherical
0            0            0             0            0            0           
0            0            0             0            0            0           
0            0            0             0            0            0           

Inertia
149.967      -56.2797     -56.2347      0.153995     0.137221     0.142193    
-56.2797     149.943      -56.2322      0.137221     0.261427     0.100722    
-56.2347     -56.2322     150.086       0.142193     0.100722     0.272997    

Bond Length
0.61797512    0.0018866327

BB bond length
0.61797512    0.0018866327

Water EE distance
0             0           

PEG EE distance
7.4819158     0.18984468  

BBB P2(x)
0.51527097    0.01038332  

BBB first bond length
0.61780943    0.0017835983

BBB second bond length
0.61822259    0.0019974178

BBB <phi**2>/<phi>**2
1.222549      0.008246264 

Time = 18000
Temperature
1.0104755     0.0095049921

Pressure
23.17703      0.095739308 

CM Mom
1.0776614e-17  2.7618324e-17 
9.4614472e-17  1.8315025e-17 
-3.9891439e-17 1.7309193e-17 
1.0841948e-16  1.7389598e-17 

CM Pos
7.5048359      0.013441846   
7.5010715      0.016374819   
7.4997703      0.01252696    
12.993679      0.0097600062  

Stress
20.1823      -0.0219192   -0.0245465    0.165398     0.0478981    0.0615987   
-0.0219192   20.1211      0.01713       0.0478981    0.120141     0.0487879   
-0.0245465   0.01713      20.1397       0.0615987    0.0487879    0.140622    

Stress Spherical
0            0            0             0            0            0           
0            0            0             0            0            0           
0            0            0             0            0            0           

Inertia
150.02       -56.3266     -56.2887      0.2736       0.122134     0.185881    
-56.3266     150.07       -56.2702      0.122134     0.447882     0.153822    
-56.2887     -56.2702     150.108       0.185881     0.153822     0.214019    

Bond Length
0.61969102    0.0014424149

BB bond length
0.61969102    0.0014424149

Water EE distance
0             0           

PEG EE distance
7.7063478     0.20761864  

BBB P2(x)
0.51525222    0.007587593 

BBB first bond length
0.61953917    0.0016669204

BBB second bond length
0.61968365    0.0013857958

BBB <phi**2>/<phi>**2
1.2253859     0.0081431977

Time = 19000
Temperature
1.0148913     0.0045933218

Pressure
23.202472     0.10646892  

CM Mom
4.5948672e-17  1.8849822e-17 
8.4027687e-17  2.3668008e-17 
-1.2550908e-17 1.7097077e-17 
1.0003172e-16  2.3041572e-17 

CM Pos
7.5058736      0.013555006   
7.4945485      0.016147755   
7.4993255      0.014404745   
12.99025       0.018407473   

Stress
20.1842      0.0329051    -0.0216308    0.122041     0.0616306    0.100521    
0.0329051    20.1337      0.0275059     0.0616306    0.11363      0.0820804   
-0.0216308   0.0275059    20.1618       0.100521     0.0820804    0.100276    

Stress Spherical
0            0            0             0            0            0           
0            0            0             0            0            0           
0            0            0             0            0            0           

Inertia
149.89       -56.2717     -56.2972      0.450072     0.147316     0.212547    
-56.2717     150.072      -56.1994      0.147316     0.439474     0.238696    
-56.2972     -56.1994     150.007       0.212547     0.238696     0.369562    

Bond Length
0.61925687    0.0024010767

BB bond length
0.61925687    0.0024010767

Water EE distance
0             0           

PEG EE distance
7.4521318     0.13685126  

BBB P2(x)
0.51253741    0.012809405 

BBB first bond length
0.6192744     0.0023814518

BBB second bond length
0.61941495    0.0021753268

BBB <phi**2>/<phi>**2
1.2273168     0.0051272169

Time = 20000
Temperature
1.0106325     0.0052687739

Pressure
23.176073     0.072082368 

CM Mom
4.7493499e-17  1.2604875e-17 
1.0103436e-16  1.7160863e-17 
-2.9245675e-17 2.0890744e-17 
1.1853869e-16  1.2540499e-17 

CM Pos
7.5066149      0.018848832   
7.4973653      0.019870564   
7.5009563      0.015332299   
12.993259      0.017639778   

Stress
20.1598      0.00575126   -0.0168286    0.0892613    0.0624389    0.0542931   
0.00575126   20.1452      0.00859536    0.0624389    0.102219     0.0618551   
-0.0168286   0.00859536   20.1338       0.0542931    0.0618551    0.120093    

Stress Spherical
0            0            0             0            0            0           
0            0            0             0            0            0           
0            0            0             0            0            0           

Inertia
149.977      -56.2667     -56.3211      0.50061      0.151272     0.24577     
-56.2667     150.125      -56.2572      0.151272     0.375098     0.235513    
-56.3211     -56.2572     150.088       0.24577      0.235513     0.332388    

Bond Length
0.61887136    0.0018364642

BB bond length
0.61887136    0.0018364642

Water EE distance
0             0           

PEG EE distance
7.4174237     0.16500925  

BBB P2(x)
0.51597934    0.0088410929

BBB first bond length
0.61897286    0.0019815834

BBB second bond length
0.61876365    0.001882159 

BBB <phi**2>/<phi>**2
1.2243356     0.0083608501

Time = 21000
Temperature
1.0078838     0.0086249751

Pressure
23.190526     0.10451637  

CM Mom
4.0026678e-17  9.6961828e-18 
8.8331749e-17  3.3580655e-17 
-4.2477442e-17 1.7990994e-17 
1.0825792e-16  3.2164291e-17 

CM Pos
7.4944583      0.012315516   
7.5012198      0.013707373   
7.4981395      0.013399267   
12.986826      0.013108562   

Stress
20.1439      -0.0150486   -0.0317255    0.158904     0.0719524    0.0783185   
-0.0150486   20.1506      0.0275846     0.0719524    0.103409     0.0787284   
-0.0317255   0.0275846    20.2125       0.0783185    0.0787284    0.111868    

Stress Spherical
0            0            0             0            0            0           
0            0            0             0            0            0           
0            0            0             0            0            0           

Inertia
149.966      -56.219      -56.1759      0.281779     0.146948     0.178225    
-56.219      149.876      -56.2574      0.146948     0.337027     0.134942    
-56.1759     -56.2574     149.936       0.178225     0.134942     0.252726    

Bond Length
0.61885545    0.0025069909

BB bond length
0.61885545    0.0025069909

Water EE distance
0             0           

PEG EE distance
7.0495409     0.1259582   

BBB P2(x)
0.51728753    0.0083317549

BBB first bond length
0.61859989    0.002665874 

BBB second bond length
0.61910729    0.0024760923

BBB <phi**2>/<phi>**2
1.2278436     0.0073106814

Time = 22000
Temperature
1.0130537     0.0080505364

Pressure
23.252725     0.085840486 

CM Mom
5.8293841e-17  1.3057403e-17 
4.3681702e-17  2.4304037e-17 
-1.8573097e-17 1.426178e-17  
7.8856052e-17  1.9938063e-17 

CM Pos
7.5030568      0.0084502866  
7.4985513      0.010483952   
7.5014011      0.006644871   
12.992126      0.0053618576  

Stress
20.2348      -0.00403602  -0.0269003    0.0892378    0.0581029    0.0770937   
-0.00403602  20.2397      -0.0174154    0.0581029    0.11811      0.0582228   
-0.0269003   -0.0174154   20.1725       0.0770937    0.0582228    0.106049    

Stress Spherical
0            0            0             0            0            0           
0            0            0             0            0            0           
0            0            0             0            0            0           

Inertia
149.997      -56.2511     -56.2831      0.134496     0.0887184    0.0971717   
-56.2511     150.052      -56.2284      0.0887184    0.183275     0.0713106   
-56.2831     -56.2284     150.013       0.0971717    0.0713106    0.178614    

Bond Length
0.61862944    0.0018743465

BB bond length
0.61862944    0.0018743465

Water EE distance
0             0           

PEG EE distance
7.0426008     0.15753194  

BBB P2(x)
0.50381884    0.0050670956

BBB first bond length
0.61863324    0.0017257885

BBB second bond length
0.61871336    0.0020917211

BBB <phi**2>/<phi>**2
1.2244314     0.0083522627

Time = 23000
Temperature
1.0128465     0.0094481118

Pressure
23.215124     0.093266125 

CM Mom
1.6959759e-17  1.6167205e-17 
3.6309384e-17  1.083945e-17  
-3.2871072e-17 2.8886467e-17 
5.9249209e-17  1.9731794e-17 

CM Pos
7.4944583      0.012684746   
7.5046295      0.01221067    
7.49725        0.011291406   
12.988279      0.013093052   

Stress
20.157       0.0411083    -0.0303164    0.0852908    0.0719236    0.0605846   
0.0411083    20.175       -0.0145401    0.0719236    0.113421     0.0612018   
-0.0303164   -0.0145401   20.204        0.0605846    0.0612018    0.113576    

Stress Spherical
0            0            0             0            0            0           
0            0            0             0            0            0           
0            0            0             0            0            0           

Inertia
150.008      -56.2353     -56.1885      0.269382     0.169357     0.115902    
-56.2353     149.864      -56.2933      0.169357     0.243432     0.140251    
-56.1885     -56.2933     149.982       0.115902     0.140251     0.335568    

Bond Length
0.61892507    0.001428332 

BB bond length
0.61892507    0.001428332 

Water EE distance
0             0           

PEG EE distance
7.3387763     0.13229147  

BBB P2(x)
0.51649577    0.012228164 

BBB first bond length
0.61865225    0.0017131189

BBB second bond length
0.61891223    0.0014906138

BBB <phi**2>/<phi>**2
1.2230592     0.0093781112

Time = 24000
Temperature
1.0087083     0.0077275044

Pressure
23.190149     0.066239818 

CM Mom
-1.2004465e-17 3.4125227e-17 
2.8621326e-17  2.5023773e-17 
-4.8562382e-17 3.0296141e-17 
7.1114968e-17  3.1190228e-17 

CM Pos
7.5064666      0.013574449   
7.502554       0.0094926728  
7.5016976      0.016213633   
12.99658       0.016223752   

Stress
20.1805      0.00957262   -0.0192613    0.0917425    0.0881105    0.0532127   
0.00957262   20.1301      -0.0728452    0.0881105    0.0614647    0.0860247   
-0.0192613   -0.0728452   20.1878       0.0532127    0.0860247    0.127665    

Stress Spherical
0            0            0             0            0            0           
0            0            0             0            0            0           
0            0            0             0            0            0           

Inertia
150.053      -56.3415     -56.2928      0.37808      0.136137     0.204655    
-56.3415     150.133      -56.2604      0.136137     0.426934     0.159231    
-56.2928     -56.2604     150.131       0.204655     0.159231     0.310977    

Bond Length
0.61772313    0.00180019  

BB bond length
0.61772313    0.00180019  

Water EE distance
0             0           

PEG EE distance
7.551395      0.1905997   

BBB P2(x)
0.51991641    0.01066236  

BBB first bond length
0.61780949    0.0017037437

BBB second bond length
0.61783093    0.0015933275

BBB <phi**2>/<phi>**2
1.2265747     0.0072653747

Time = 25000
Temperature
1.0072197     0.0080670121

Pressure
23.184284     0.10821746  

CM Mom
-4.7747929e-18 3.6353941e-17 
1.0402717e-17  1.2557831e-17 
-4.3396136e-17 1.997334e-17  
5.9710142e-17  1.8088149e-17 

CM Pos
7.4957926      0.011050392   
7.498996       0.016840647   
7.4988808      0.012246616   
12.986743      0.011106808   

Stress
20.1955      -0.0139631   -0.0260113    0.17784      0.0779301    0.085933    
-0.0139631   20.1794      -0.0212218    0.0779301    0.0834612    0.0648024   
-0.0260113   -0.0212218   20.1192       0.085933     0.0648024    0.156739    

Stress Spherical
0            0            0             0            0            0           
0            0            0             0            0            0           
0            0            0             0            0            0           

Inertia
149.962      -56.2216     -56.2032      0.208414     0.159141     0.143039    
-56.2216     149.897      -56.2256      0.159141     0.301776     0.185523    
-56.2032     -56.2256     149.91        0.143039     0.185523     0.280237    

Bond Length
0.61891858    0.0018978421

BB bond length
0.61891858    0.0018978421

Water EE distance
0             0           

PEG EE distance
7.553607      0.12781319  

BBB P2(x)
0.51341871    0.0086313737

BBB first bond length
0.61901269    0.0020634701

BBB second bond length
0.61890559    0.0019215391

BBB <phi**2>/<phi>**2
1.2267121     0.0061187468

Time = 26000
Temperature
1.0103285     0.0085044507

Pressure
23.195675     0.068135049 

CM Mom
-2.4271727e-18 1.4687699e-17 
1.958115e-17   3.3674195e-17 
-4.0182766e-17 1.8950524e-17 
5.7199759e-17  2.099898e-17  

CM Pos
7.4966821      0.0068836846  
7.4963275      0.012221465   
7.5018458      0.011789422   
12.987422      0.0078790736  

Stress
20.1809      -0.00212922  -0.0195381    0.0707765    0.0590787    0.0713564   
-0.00212922  20.1283      -0.040879     0.0590787    0.0987276    0.0686575   
-0.0195381   -0.040879    20.1912       0.0713564    0.0686575    0.144434    

Stress Spherical
0            0            0             0            0            0           
0            0            0             0            0            0           
0            0            0             0            0            0           

Inertia
149.971      -56.1644     -56.2772      0.200688     0.12587      0.122753    
-56.1644     149.971      -56.2596      0.12587      0.172243     0.12709     
-56.2772     -56.2596     149.894       0.122753     0.12709      0.197265    

Bond Length
0.6193893     0.0022478739

BB bond length
0.6193893     0.0022478739

Water EE distance
0             0           

PEG EE distance
7.4541671     0.13735938  

BBB P2(x)
0.51047713    0.0096891463

BBB first bond length
0.61950177    0.0022227951

BBB second bond length
0.6192975     0.00219526  

BBB <phi**2>/<phi>**2
1.2255724     0.008420866 

Time = 27000
Temperature
1.0030328     0.0031136579

Pressure
23.125955     0.1059119   

CM Mom
-2.4807746e-17 1.2807723e-17 
5.2943116e-17  2.6338231e-17 
-1.0364861e-17 1.9504455e-17 
6.5837127e-17  2.072353e-17  

CM Pos
7.4962373      0.013247504   
7.5024058      0.016660233   
7.4944333      0.0085985373  
12.986403      0.0080426033  

Stress
20.0804      -0.0100474   -0.0437822    0.15118      0.0698747    0.039896    
-0.0100474   20.1502      -0.00742927   0.0698747    0.134872     0.0660675   
-0.0437822   -0.00742927  20.1262       0.039896     0.0660675    0.147665    

Stress Spherical
0            0            0             0            0            0           
0            0            0             0            0            0           
0            0            0             0            0            0           

Inertia
149.974      -56.2119     -56.2263      0.244775     0.0928349    0.107387    
-56.2119     149.864      -56.2261      0.0928349    0.244469     0.175363    
-56.2263     -56.2261     149.988       0.107387     0.175363     0.202262    

Bond Length
0.61992319    0.0029572728

BB bond length
0.61992319    0.0029572728

Water EE distance
0             0           

PEG EE distance
7.2898339     0.11378708  

BBB P2(x)
0.51103821    0.011717974 

BBB first bond length
0.61978553    0.0029552534

BBB second bond length
0.62009791    0.0030233518

BBB <phi**2>/<phi>**2
1.22895       0.0053019951

Time = 28000
Temperature
1.0120544     0.0057499941

Pressure
23.21764      0.074075996 

CM Mom
6.4990237e-18  1.4113168e-17 
7.7834117e-17  3.188365e-17  
-1.8826499e-17 1.4694885e-17 
8.4449313e-17  2.7474096e-17 

CM Pos
7.4931241      0.012600433   
7.4982548      0.014180234   
7.5034766      0.011197586   
12.987428      0.010005495   

Stress
20.1679      -0.0418006   -0.00653338   0.0801427    0.0508271    0.0572002   
-0.0418006   20.1828      -0.00792486   0.0508271    0.0881527    0.0663425   
-0.00653338  -0.00792486  20.2001       0.0572002    0.0663425    0.122389    

Stress Spherical
0            0            0             0            0            0           
