Time = 1000
Temperature
   1.0884151    0.10944242

Pressure
   23.771458    0.60876116

CM Mom
1.3738791e-17  2.6351409e-17 
-1.1622716e-17 1.8440084e-17 
4.8014692e-18  2.2682739e-16 
1.8153777e-16  1.4098239e-16 

CM Pos
7.5043185      0.031428675   
7.4922356      0.040325326   
7.5011785      0.012001185   
12.989141      0.032400359   

Stress
20.5083      -0.0292913   0.0096446     0.373838     0.0822181    0.0550499   
-0.0292913   20.4948      0.0196647     0.0822181    0.30504      0.0705688   
0.0096446    0.0196647    20.5166       0.0550499    0.0705688    0.264387    

Stress Spherical
0            0            0             0            0            0           
0            0            0             0            0            0           
0            0            0             0            0            0           

Inertia
149.98       -56.2098     -56.2867      0.739913     0.397147     0.246719    
-56.2098     150.153      -56.1738      0.397147     1.07797      0.28959     
-56.2867     -56.1738     150.026       0.246719     0.28959      0.603805    

Bond Length
0.61883562    0.0058384901

BB bond length
0.61883562    0.0058384901

Water EE distance
0             0           

PEG EE distance
6.7785976     0.50216228  

BBB P2(x)
0.4746592     0.064239276 

BBB first bond length
0.61861566    0.0061115659

BBB second bond length
0.61884515    0.0059561438

BBB <phi**2>/<phi>**2
1.2203122     0.016103761 

Time = 2000
Temperature
1.0141244     0.010662117 

Pressure
23.408138     0.057660375 

CM Mom
4.1395122e-17  2.2972263e-17 
-5.6136776e-17 1.7926966e-17 
5.1119717e-17  3.71015e-17   
9.5882341e-17  2.259022e-17  

CM Pos
7.4949842      0.011389276   
7.509867       0.01130415    
7.5023638      0.010119637   
12.994559      0.01203414    

Stress
20.3474      -0.0544622   -0.0203793    0.0809782    0.0994504    0.0766305   
-0.0544622   20.3591      0.020981      0.0994504    0.120973     0.0978605   
-0.0203793   0.020981     20.3917       0.0766305    0.0978605    0.0910766   

Stress Spherical
0            0            0             0            0            0           
0            0            0             0            0            0           
0            0            0             0            0            0           

Inertia
150.067      -56.2964     -56.2174      0.411225     0.12966      0.145299    
-56.2964     149.839      -56.305       0.12966      0.429693     0.157687    
-56.2174     -56.305      149.952       0.145299     0.157687     0.346432    

Bond Length
0.61962662    0.0025568488

BB bond length
0.61962662    0.0025568488

Water EE distance
0             0           

PEG EE distance
7.383181      0.16258121  

BBB P2(x)
0.52298921    0.0075260181

BBB first bond length
0.61927892    0.0025111402

BBB second bond length
0.61949289    0.0025521773

BBB <phi**2>/<phi>**2
1.2246438     0.0076663175

Time = 3000
Temperature
1.01046       0.0077797896

Pressure
23.322326     0.09544575  

CM Mom
5.9939871e-17  1.3147426e-17 
-5.448896e-17  1.4058071e-17 
5.1198948e-17  2.60725e-17   
9.9714747e-17  1.7041002e-17 

CM Pos
7.5043185      0.010367161   
7.5039405      0.014817019   
7.504438       0.015489212   
12.99773       0.0097953371  

Stress
20.2699      -0.00673788  -0.0311261    0.151507     0.0807865    0.0662252   
-0.00673788  20.3157      -0.0168334    0.0807865    0.11563      0.0579813   
-0.0311261   -0.0168334   20.2882       0.0662252    0.0579813    0.135763    

Stress Spherical
0            0            0             0            0            0           
0            0            0             0            0            0           
0            0            0             0            0            0           

Inertia
150.083      -56.3106     -56.3016      0.279372     0.141323     0.165713    
-56.3106     150.083      -56.3224      0.141323     0.390069     0.101821    
-56.3016     -56.3224     150.063       0.165713     0.101821     0.220825    

Bond Length
0.61863084    0.0027430865

BB bond length
0.61863084    0.0027430865

Water EE distance
0             0           

PEG EE distance
7.2564194     0.13077904  

BBB P2(x)
0.51287285    0.010930727 

BBB first bond length
0.61874867    0.0027525337

BBB second bond length
0.61864142    0.0031284096

BBB <phi**2>/<phi>**2
1.2225629     0.010388976 

Time = 4000
Temperature
1.0085215     0.0053381827

Pressure
23.348039     0.081057983 

CM Mom
6.9295178e-17  3.6199096e-17 
-7.239986e-17  1.4544231e-17 
3.7615056e-17  1.741775e-17  
1.1203382e-16  2.7058549e-17 

CM Pos
7.5004663      0.015556387   
7.5048295      0.0068556314  
7.5001413      0.011647517   
12.993532      0.011544638   

Stress
20.3003      0.0339499    -0.0078471    0.0982211    0.0588208    0.0951831   
0.0339499    20.3594      0.0271429     0.0588208    0.144503     0.067044    
-0.0078471   0.0271429    20.3085       0.0951831    0.067044     0.0694867   

Stress Spherical
0            0            0             0            0            0           
0            0            0             0            0            0           
0            0            0             0            0            0           

Inertia
150.036      -56.2795     -56.2723      0.24605      0.167243     0.150672    
-56.2795     149.987      -56.2682      0.167243     0.270135     0.141865    
-56.2723     -56.2682     150.048       0.150672     0.141865     0.241498    

Bond Length
0.61904839    0.003553138 

BB bond length
0.61904839    0.003553138 

Water EE distance
0             0           

PEG EE distance
7.4831694     0.27899808  

BBB P2(x)
0.51290071    0.0089874754

BBB first bond length
0.61913576    0.0034792741

BBB second bond length
0.61911077    0.0034754484

BBB <phi**2>/<phi>**2
1.2276795     0.0085259855

Time = 5000
Temperature
1.0078042     0.0094674249

Pressure
23.294501     0.058014159 

CM Mom
8.0384248e-17  2.0946274e-17 
-4.7607999e-17 1.6079113e-17 
5.9306296e-17  1.608113e-17  
1.1362061e-16  1.7077166e-17 

CM Pos
7.4972067      0.013902059   
7.5064592      0.0069557653  
7.5065123      0.017693515   
12.996275      0.012514005   

Stress
20.3225      -0.0248738   -0.00945247   0.102227     0.0616078    0.093611    
-0.0248738   20.2342      0.0133877     0.0616078    0.110898     0.0749711   
-0.00945247  0.0133877    20.2574       0.093611     0.0749711    0.079846    

Stress Spherical
0            0            0             0            0            0           
0            0            0             0            0            0           
0            0            0             0            0            0           

Inertia
150.221      -56.2897     -56.3015      0.305558     0.120063     0.20373     
-56.2897     150.041      -56.3212      0.120063     0.337597     0.136617    
-56.3015     -56.3212     150.061       0.20373      0.136617     0.177871    

Bond Length
0.61965666    0.0014198182

BB bond length
0.61965666    0.0014198182

Water EE distance
0             0           

PEG EE distance
7.6186272     0.12178861  

BBB P2(x)
0.51877269    0.012397723 

BBB first bond length
0.61979493    0.001575161 

BBB second bond length
0.61959113    0.0013228563

BBB <phi**2>/<phi>**2
1.2208819     0.0098824927

Time = 6000
Temperature
1.0095033     0.0063740986

Pressure
23.31433      0.054814683 

CM Mom
5.7908099e-17  1.9404482e-17 
-4.496491e-17  1.6055133e-17 
8.1500475e-17  2.4185631e-17 
1.1357983e-16  1.8340852e-17 

CM Pos
7.4964659      0.0089008722  
7.5057184      0.011990205   
7.5038454      0.011614488   
12.993874      0.010520021   

Stress
20.2176      0.00480486   -0.0119629    0.102154     0.048787     0.0663506   
0.00480486   20.3221      0.0294284     0.048787     0.0784184    0.096722    
-0.0119629   0.0294284    20.3187       0.0663506    0.096722     0.0741501   

Stress Spherical
0            0            0             0            0            0           
0            0            0             0            0            0           
0            0            0             0            0            0           

Inertia
150.126      -56.2896     -56.2531      0.262934     0.142049     0.112747    
-56.2896     149.989      -56.2854      0.142049     0.215419     0.101602    
-56.2531     -56.2854     150.001       0.112747     0.101602     0.218023    

Bond Length
0.61877191    0.002333441 

BB bond length
0.61877191    0.002333441 

Water EE distance
0             0           

PEG EE distance
7.5741929     0.16946438  

BBB P2(x)
0.51299228    0.012900232 

BBB first bond length
0.61872462    0.002275085 

BBB second bond length
0.61887604    0.0023428143

BBB <phi**2>/<phi>**2
1.2239241     0.0082598787

Time = 7000
Temperature
1.0101798     0.0051042574

Pressure
23.383312     0.068446993 

CM Mom
5.5009171e-17  1.610467e-17  
-4.4262522e-17 2.0992722e-17 
8.8979183e-17  1.4862392e-17 
1.1684918e-16  1.3026444e-17 

CM Pos
7.4945398      0.012058667   
7.4994956      0.0097843542  
7.500734       0.022087687   
12.987377      0.018703162   

Stress
20.3603      0.0275725    -0.00714167   0.0849582    0.0469403    0.093954    
0.0275725    20.3575      0.00377768    0.0469403    0.106753     0.0772221   
-0.00714167  0.00377768   20.3414       0.093954     0.0772221    0.0974097   

Stress Spherical
0            0            0             0            0            0           
0            0            0             0            0            0           
0            0            0             0            0            0           

Inertia
149.984      -56.1991     -56.2261      0.37981      0.16406      0.261188    
-56.1991     149.921      -56.2589      0.16406      0.450646     0.226198    
-56.2261     -56.2589     149.88        0.261188     0.226198     0.216701    

Bond Length
0.61954318    0.0013705085

BB bond length
0.61954318    0.0013705085

Water EE distance
0             0           

PEG EE distance
7.0085797     0.13749657  

BBB P2(x)
0.50663863    0.01146134  

BBB first bond length
0.61952207    0.0013690172

BBB second bond length
0.61961274    0.0013187226

BBB <phi**2>/<phi>**2
1.2244455     0.01140925  

Time = 8000
Temperature
1.0138777     0.0075088372

Pressure
23.373571     0.1246159   

CM Mom
6.2026474e-17  1.7752267e-17 
-5.5148443e-17 1.2735922e-17 
7.9818938e-17  2.2502436e-17 
1.1803953e-16  1.7608913e-17 

CM Pos
7.4970585      0.0058162149  
7.4991993      0.011112209   
7.494363       0.012333161   
12.984975      0.0087439866  

Stress
20.3378      0.0115683    0.0145494     0.155322     0.0916364    0.0861197   
0.0115683    20.3185      0.00889766    0.0916364    0.139247     0.0608424   
0.0145494    0.00889766   20.3404       0.0861197    0.0608424    0.122416    

Stress Spherical
0            0            0             0            0            0           
0            0            0             0            0            0           
0            0            0             0            0            0           

Inertia
149.889      -56.1946     -56.1795      0.216719     0.096481     0.136124    
-56.1946     149.872      -56.2179      0.096481     0.239886     0.11015     
-56.1795     -56.2179     149.943       0.136124     0.11015      0.16999     

Bond Length
0.62060162    0.0013453955

BB bond length
0.62060162    0.0013453955

Water EE distance
0             0           

PEG EE distance
7.0167263     0.10003721  

BBB P2(x)
0.51496208    0.010766589 

BBB first bond length
0.62037886    0.0014423562

BBB second bond length
0.62050083    0.0014101122

BBB <phi**2>/<phi>**2
1.2237369     0.0088171792

Time = 9000
Temperature
1.0076441     0.0051715191

Pressure
23.369941     0.10409768  

CM Mom
8.2029254e-17  2.6575473e-17 
-7.5742509e-17 1.1610224e-17 
7.0150271e-17  1.3486808e-17 
1.3495693e-16  1.4012931e-17 

CM Pos
7.4985402      0.015792373   
7.5031997      0.011221313   
7.5026601      0.011147711   
12.992937      0.010861381   

Stress
20.3154      -0.000249427 -0.0267299    0.118564     0.0570745    0.074915    
-0.000249427 20.3932      0.00583749    0.0570745    0.119424     0.0741221   
-0.0267299   0.00583749   20.3333       0.074915     0.0741221    0.143829    

Stress Spherical
0            0            0             0            0            0           
0            0            0             0            0            0           
0            0            0             0            0            0           

Inertia
150.054      -56.2709     -56.263       0.182954     0.161037     0.159467    
-56.2709     149.999      -56.311       0.161037     0.310637     0.126354    
-56.263      -56.311      150.005       0.159467     0.126354     0.289167    

Bond Length
0.61966011    0.0023179636

BB bond length
0.61966011    0.0023179636

Water EE distance
0             0           

PEG EE distance
7.4084455     0.07000393  

BBB P2(x)
0.50987814    0.011028298 

BBB first bond length
0.61966903    0.002214187 

BBB second bond length
0.6196402     0.0021309749

BBB <phi**2>/<phi>**2
1.2274997     0.0078142686

Time = 10000
Temperature
1.0067616     0.010689552 

Pressure
23.354912     0.087428116 

CM Mom
9.998258e-17   2.1249062e-17 
-3.8364599e-17 2.8380425e-17 
6.2383699e-17  1.6378812e-17 
1.2757819e-16  2.4680512e-17 

CM Pos
7.5037258      0.0069114404  
7.5009772      0.012055936   
7.5029564      0.015101705   
12.99481       0.015711361   

Stress
20.3571      0.00832821   0.000665943   0.0960938    0.031125     0.0540985   
0.00832821   20.3456      0.0067484     0.031125     0.10282      0.064417    
0.000665943  0.0067484    20.3021       0.0540985    0.064417     0.176732    

Stress Spherical
0            0            0             0            0            0           
0            0            0             0            0            0           
0            0            0             0            0            0           

Inertia
150.041      -56.264      -56.2749      0.412925     0.101476     0.125997    
-56.264      150.092      -56.2778      0.101476     0.270194     0.205757    
-56.2749     -56.2778     150.06        0.125997     0.205757     0.267797    

Bond Length
0.61831934    0.0021352459

BB bond length
0.61831934    0.0021352459

Water EE distance
0             0           

PEG EE distance
7.3685456     0.13035879  

BBB P2(x)
0.50911128    0.010094889 

BBB first bond length
0.61814637    0.0021592651

BBB second bond length
0.61813591    0.002164354 

BBB <phi**2>/<phi>**2
1.2264527     0.011128637 

Time = 11000
Temperature
1.0113337     0.0085541212

Pressure
23.393584     0.086667719 

CM Mom
1.1023027e-16  3.1075949e-17 
-3.9104546e-17 2.7567508e-17 
5.262785e-17   1.1601632e-17 
1.3316643e-16  2.4011418e-17 

CM Pos
7.4986883      0.011575677   
7.5061629      0.01170017    
7.4992523      0.0095608055  
12.992758      0.013763352   

Stress
20.4046      0.0154512    -0.00691424   0.118411     0.0876223    0.0671754   
0.0154512    20.3669      0.00432356    0.0876223    0.135015     0.0633113   
-0.00691424  0.00432356   20.3081       0.0671754    0.0633113    0.0990316   

Stress Spherical
0            0            0             0            0            0           
0            0            0             0            0            0           
0            0            0             0            0            0           

Inertia
150.049      -56.2746     -56.2642      0.271916     0.210048     0.17021     
-56.2746     149.961      -56.2823      0.210048     0.296609     0.141488    
-56.2642     -56.2823     150.079       0.17021      0.141488     0.294976    

Bond Length
0.61924972    0.0021540402

BB bond length
0.61924972    0.0021540402

Water EE distance
0             0           

PEG EE distance
7.2409162     0.15208921  

BBB P2(x)
0.50067424    0.011723902 

BBB first bond length
0.61921413    0.0022407204

BBB second bond length
0.61948195    0.0021327616

BBB <phi**2>/<phi>**2
1.2210078     0.0050890152

Time = 12000
Temperature
1.0113372     0.0077888309

Pressure
23.414488     0.079445481 

CM Mom
9.4873405e-17  2.0232005e-17 
-4.5441942e-17 1.5506311e-17 
6.2153956e-17  3.1813229e-17 
1.2792497e-16  1.503693e-17  

CM Pos
7.5034295      0.013071955   
7.503496       0.011893697   
7.4937703      0.011226203   
12.99079       0.017370956   

Stress
20.3988      -0.029035    -0.0132708    0.0757479    0.0624224    0.0438444   
-0.029035    20.3992      -0.0259848    0.0624224    0.146881     0.100859    
-0.0132708   -0.0259848   20.3444       0.0438444    0.100859     0.0859704   

Stress Spherical
0            0            0             0            0            0           
0            0            0             0            0            0           
0            0            0             0            0            0           

Inertia
149.957      -56.3039     -56.2236      0.336166     0.157127     0.20915     
-56.3039     149.965      -56.2229      0.157127     0.29541      0.165779    
-56.2236     -56.2229     150.1         0.20915      0.165779     0.331918    

Bond Length
0.61818036    0.0035107355

BB bond length
0.61818036    0.0035107355

Water EE distance
0             0           

PEG EE distance
7.1487        0.091213949 

BBB P2(x)
0.51001017    0.011365183 

BBB first bond length
0.61824345    0.0033948557

BBB second bond length
0.61822121    0.0036107773

BBB <phi**2>/<phi>**2
1.2228323     0.0097012548

Time = 13000
Temperature
1.0080173     0.0082596863

Pressure
23.357859     0.10223345  

CM Mom
1.2851977e-16  1.6608072e-17 
-2.5975753e-17 1.8401394e-17 
5.0706838e-17  2.0156134e-17 
1.4349355e-16  1.3912809e-17 

CM Pos
7.4957251      0.013854607   
7.5012735      0.015489212   
7.5022156      0.012221409   
12.989939      0.017264579   

Stress
20.3272      0.00480522   -0.00968605   0.108993     0.0732841    0.0463568   
0.00480522   20.3729      0.0219772     0.0732841    0.102881     0.099691    
-0.00968605  0.0219772    20.3022       0.0463568    0.099691     0.156454    

Stress Spherical
0            0            0             0            0            0           
0            0            0             0            0            0           
0            0            0             0            0            0           

Inertia
150.038      -56.2012     -56.2423      0.381565     0.170507     0.132695    
-56.2012     149.953      -56.2914      0.170507     0.257654     0.214192    
-56.2423     -56.2914     149.93        0.132695     0.214192     0.376912    

Bond Length
0.61785891    0.0021318884

BB bond length
0.61785891    0.0021318884

Water EE distance
0             0           

PEG EE distance
7.1034658     0.1028219   

BBB P2(x)
0.51005286    0.009770468 

BBB first bond length
0.61783271    0.001950022 

BBB second bond length
0.61785506    0.0021088881

BBB <phi**2>/<phi>**2
1.2266434     0.013943292 

Time = 14000
Temperature
1.0128346     0.0083657373

Pressure
23.334368     0.11407621  

CM Mom
1.5914138e-16  1.5260104e-17 
-2.2563057e-19 1.9725045e-17 
6.4724445e-17  1.098507e-17  
1.7321603e-16  1.594081e-17  

CM Pos
7.4997255      0.015203119   
7.4940136      0.011186045   
7.4948075      0.015343256   
12.98378       0.017347597   

Stress
20.3489      -0.00538966  -0.0278017    0.130956     0.108605     0.0685487   
-0.00538966  20.2798      0.0142591     0.108605     0.128302     0.0681784   
-0.0278017   0.0142591    20.2598       0.0685487    0.0681784    0.138805    

Stress Spherical
0            0            0             0            0            0           
0            0            0             0            0            0           
0            0            0             0            0            0           

Inertia
149.839      -56.2128     -56.1898      0.333227     0.228383     0.186524    
-56.2128     149.917      -56.2171      0.228383     0.33916      0.17387     
-56.1898     -56.2171     149.906       0.186524     0.17387      0.303997    

Bond Length
0.61846766    0.0027251113

BB bond length
0.61846766    0.0027251113

Water EE distance
0             0           

PEG EE distance
7.185078      0.13804451  

BBB P2(x)
0.51824753    0.0067303488

BBB first bond length
0.61837028    0.0027130456

BBB second bond length
0.61855648    0.0027058761

BBB <phi**2>/<phi>**2
1.2334995     0.010515612 

Time = 15000
Temperature
1.0108801     0.0058526328

Pressure
23.318447     0.087730594 

CM Mom
1.5846462e-16  9.0072064e-18 
-4.2231024e-18 1.4592801e-17 
4.6596413e-17  1.4223593e-17 
1.6651681e-16  8.2849642e-18 

CM Pos
7.4917247      0.020207253   
7.4960879      0.018696711   
7.5005858      0.012832129   
12.983713      0.013622126   

Stress
20.3095      0.0171174    -0.0136757    0.143375     0.0440009    0.0637559   
0.0171174    20.3021      -0.0120452    0.0440009    0.127275     0.0631248   
-0.0136757   -0.0120452   20.2467       0.0637559    0.0631248    0.127638    

Stress Spherical
0            0            0             0            0            0           
0            0            0             0            0            0           
0            0            0             0            0            0           

Inertia
149.946      -56.1862     -56.2038      0.343716     0.154243     0.189909    
-56.1862     149.885      -56.2362      0.154243     0.355222     0.198761    
-56.2038     -56.2362     149.802       0.189909     0.198761     0.266407    

Bond Length
0.61856959    0.0024077469

BB bond length
0.61856959    0.0024077469

Water EE distance
0             0           

PEG EE distance
7.4039198     0.18824474  

BBB P2(x)
0.50972047    0.0073758455

BBB first bond length
0.61858381    0.0024669131

BBB second bond length
0.61868846    0.0022969684

BBB <phi**2>/<phi>**2
1.2250136     0.0064486956

Time = 16000
Temperature
1.012477      0.0052565104

Pressure
23.35586      0.093322372 

CM Mom
1.4160415e-16  7.6022924e-18 
7.339162e-18   2.7719979e-17 
7.4506339e-17  1.7898323e-17 
1.6329746e-16  1.1716445e-17 

CM Pos
7.5017997      0.0088464472  
7.4978658      0.012131266   
7.4959928      0.010535197   
12.987882      0.012548262   

Stress
20.3369      -0.0158802   -0.0328475    0.131517     0.0802295    0.0452461   
-0.0158802   20.3358      -0.0261519    0.0802295    0.124133     0.0685987   
-0.0328475   -0.0261519   20.2835       0.0452461    0.0685987    0.15119     

Stress Spherical
0            0            0             0            0            0           
0            0            0             0            0            0           
0            0            0             0            0            0           

Inertia
149.918      -56.2908     -56.1887      0.310289     0.141675     0.0844381   
-56.2908     149.968      -56.1952      0.141675     0.231458     0.169713    
-56.1887     -56.1952     149.981       0.0844381    0.169713     0.286574    

Bond Length
0.61874523    0.0026929617

BB bond length
0.61874523    0.0026929617

Water EE distance
0             0           

PEG EE distance
7.3044978     0.13522522  

BBB P2(x)
0.52016753    0.0057926733

BBB first bond length
0.61886495    0.0029182066

BBB second bond length
0.6184745     0.0026205357

BBB <phi**2>/<phi>**2
1.2278473     0.0054926275

Time = 17000
Temperature
1.0139987     0.0099804642

Pressure
23.366518     0.065625343 

CM Mom
1.426602e-16   1.4017626e-17 
1.2327846e-17  2.6068909e-17 
4.6531164e-17  2.368798e-17  
1.5467002e-16  1.354422e-17  

CM Pos
7.4937989      0.018781642   
7.5014217      0.0074377126  
7.4994005      0.011308034   
12.987291      0.013224185   

Stress
20.3476      0.0118867    0.0174024     0.113713     0.0648891    0.0906314   
0.0118867    20.3067      0.0247246     0.0648891    0.0627756    0.0734106   
0.0174024    0.0247246    20.3202       0.0906314    0.0734106    0.101442    

Stress Spherical
0            0            0             0            0            0           
0            0            0             0            0            0           
0            0            0             0            0            0           

Inertia
150.009      -56.2177     -56.1854      0.176259     0.108952     0.21359     
-56.2177     149.899      -56.2996      0.108952     0.380928     0.101854    
-56.1854     -56.2996     149.917       0.21359      0.101854     0.194251    

Bond Length
0.61812713    0.0023740644

BB bond length
0.61812713    0.0023740644

Water EE distance
0             0           

PEG EE distance
7.4468715     0.14644763  

BBB P2(x)
0.51454995    0.010694857 

BBB first bond length
0.61808431    0.002473257 

BBB second bond length
0.61810153    0.0026166362

BBB <phi**2>/<phi>**2
1.2252384     0.0049483045

Time = 18000
Temperature
1.0149206     0.0050316483

Pressure
23.394215     0.060765843 

CM Mom
1.150047e-16   2.1094584e-17 
2.8690448e-17  3.8106079e-17 
4.0822409e-17  1.3363884e-17 
1.3203396e-16  1.8930728e-17 

CM Pos
7.4874279      0.013816527   
7.5030515      0.014778448   
7.4988078      0.013342056   
12.984218      0.012162387   

Stress
20.3689      0.00408997   0.0215443     0.15258      0.0707043    0.0565026   
0.00408997   20.3212      0.0453913     0.0707043    0.119867     0.0876147   
0.0215443    0.0453913    20.3591       0.0565026    0.0876147    0.0975459   

Stress Spherical
0            0            0             0            0            0           
0            0            0             0            0            0           
0            0            0             0            0            0           

Inertia
150.019      -56.1916     -56.1257      0.291897     0.164422     0.118044    
-56.1916     149.799      -56.237       0.164422     0.232665     0.106628    
-56.1257     -56.237      149.842       0.118044     0.106628     0.285936    

Bond Length
0.61794029    0.0021986485

BB bond length
0.61794029    0.0021986485

Water EE distance
0             0           

PEG EE distance
7.3400455     0.15866192  

BBB P2(x)
0.51397873    0.00805614  

BBB first bond length
0.61783209    0.0020012874

BBB second bond length
0.61795686    0.0022166817

BBB <phi**2>/<phi>**2
1.2259276     0.0063018667

Time = 19000
Temperature
1.00752       0.0075633688

Pressure
23.312163     0.081274122 

CM Mom
1.224209e-16   1.9417253e-17 
2.374467e-17   2.3159888e-17 
4.6357349e-17  2.1386461e-17 
1.3703016e-16  1.7123502e-17 

CM Pos
7.4988365      0.012646021   
7.4938654      0.010815883   
7.5014748      0.0095894633  
12.98703       0.010055619   

Stress
20.2387      -0.0231031   -0.018747     0.141577     0.0615897    0.0655823   
-0.0231031   20.3295      0.00471847    0.0615897    0.104876     0.0743896   
-0.018747    0.00471847   20.3015       0.0655823    0.0743896    0.143416    

Stress Spherical
0            0            0             0            0            0           
0            0            0             0            0            0           
0            0            0             0            0            0           

Inertia
149.927      -56.2361     -56.2547      0.225712     0.13659      0.169684    
-56.2361     150.025      -56.1866      0.13659      0.301519     0.130477    
-56.2547     -56.1866     149.896       0.169684     0.130477     0.172597    

Bond Length
0.62015464    0.0021102912

BB bond length
0.62015464    0.0021102912

Water EE distance
0             0           

PEG EE distance
7.4151649     0.17723104  

BBB P2(x)
0.5097049     0.0047229741

BBB first bond length
0.62015086    0.002264438 

BBB second bond length
0.62026422    0.0022447662

BBB <phi**2>/<phi>**2
1.2229219     0.011344334 

Time = 20000
Temperature
1.0145785     0.0077886815

Pressure
23.370978     0.087143749 

CM Mom
1.0932061e-16  1.4214124e-17 
4.5394787e-18  2.4605113e-17 
6.2047173e-17  1.734358e-17  
1.2969901e-16  1.0386234e-17 

CM Pos
7.499281       0.01258599    
7.4997919      0.022307726   
7.4956964      0.011047818   
12.987385      0.013401254   

Stress
20.3161      0.00231225   -0.037592     0.144326     0.0511187    0.0496845   
0.00231225   20.3444      -0.00643187   0.0511187    0.118407     0.0866008   
-0.037592    -0.00643187  20.3221       0.0496845    0.0866008    0.0978968   

Stress Spherical
0            0            0             0            0            0           
0            0            0             0            0            0           
0            0            0             0            0            0           

Inertia
149.948      -56.2687     -56.2165      0.336059     0.170554     0.148831    
-56.2687     149.942      -56.2164      0.170554     0.248159     0.167399    
-56.2165     -56.2164     150.008       0.148831     0.167399     0.348908    

Bond Length
0.6187199     0.0029740799

BB bond length
0.6187199     0.0029740799

Water EE distance
0             0           

PEG EE distance
7.6098267     0.081554149 

BBB P2(x)
0.51577376    0.010212723 

BBB first bond length
0.61852237    0.0031774307

BBB second bond length
0.61854848    0.003052745 

BBB <phi**2>/<phi>**2
1.2243973     0.0099720254

Time = 21000
Temperature
1.0127976     0.0074420018

Pressure
23.328832     0.1214926   

CM Mom
1.1818833e-16  1.521793e-17  
1.267808e-17   1.4499358e-17 
7.3385177e-17  2.3472178e-17 
1.4176878e-16  2.0223104e-17 

CM Pos
7.4991328      0.011206632   
7.4984585      0.010766042   
7.5059197      0.014156332   
12.992422      0.011047466   

Stress
20.3274      -0.0102949   -0.00778371   0.12121      0.0638122    0.0619931   
-0.0102949   20.3241      -0.0492283    0.0638122    0.156712     0.0539736   
-0.00778371  -0.0492283   20.2207       0.0619931    0.0539736    0.138087    

Stress Spherical
0            0            0             0            0            0           
0            0            0             0            0            0           
0            0            0             0            0            0           

Inertia
150.079      -56.272      -56.3011      0.224322     0.110547     0.149685    
-56.272      150.098      -56.2743      0.110547     0.327624     0.131175    
-56.3011     -56.2743     149.975       0.149685     0.131175     0.24709     

Bond Length
0.61964096    0.0026012736

BB bond length
0.61964096    0.0026012736

Water EE distance
0             0           

PEG EE distance
7.1656742     0.16750441  

BBB P2(x)
0.51205014    0.011102639 

BBB first bond length
0.61965141    0.0025961433

BBB second bond length
0.61958918    0.0027122232

BBB <phi**2>/<phi>**2
1.2303626     0.0099580649

Time = 22000
Temperature
1.0078259     0.0069504838

Pressure
23.339795     0.09837068  

CM Mom
1.1579043e-16  2.091685e-17  
3.683563e-18   2.6174413e-17 
6.5834092e-17  1.2773469e-17 
1.3613411e-16  2.2547728e-17 

CM Pos
7.5009108      0.012735968   
7.4975695      0.012203434   
7.4902144      0.0093718083  
12.983865      0.012844579   

Stress
20.3207      -0.0380311   -0.0752851    0.133539     0.0974279    0.04174     
-0.0380311   20.3449      0.00701863    0.0974279    0.0847722    0.0902839   
-0.0752851   0.00701863   20.2843       0.04174      0.0902839    0.108414    

Stress Spherical
0            0            0             0            0            0           
0            0            0             0            0            0           
0            0            0             0            0            0           

Inertia
149.838      -56.2699     -56.1553      0.221503     0.138827     0.163459    
-56.2699     149.872      -56.1755      0.138827     0.269587     0.118787    
-56.1553     -56.1755     150           0.163459     0.118787     0.242416    

Bond Length
0.61955625    0.0021102002

BB bond length
0.61955625    0.0021102002

Water EE distance
0             0           

PEG EE distance
7.161451      0.20849792  

BBB P2(x)
0.51112844    0.012929628 

BBB first bond length
0.61954191    0.0022881648

BBB second bond length
0.61967545    0.0023633913

BBB <phi**2>/<phi>**2
1.2289535     0.010101434 

Time = 23000
Temperature
1.0099019     0.0064006443

Pressure
23.375579     0.096970111 

CM Mom
1.0964302e-16  1.9865807e-17 
-6.7168274e-19 1.930066e-17  
5.1016634e-17  9.9497507e-18 
1.2282441e-16  2.0126309e-17 

CM Pos
7.4961695      0.012272494   
7.495347       0.0099930277  
7.5001413      0.01007071    
12.985572      0.013082376   

Stress
20.3485      -0.00230648  -0.0601988    0.105056     0.091885     0.0592681   
-0.00230648  20.3173      0.0219859     0.091885     0.129568     0.080882    
-0.0601988   0.0219859    20.3727       0.0592681    0.080882     0.109535    

Stress Spherical
0            0            0             0            0            0           
0            0            0             0            0            0           
0            0            0             0            0            0           

Inertia
149.947      -56.2087     -56.2043      0.260321     0.174676     0.114955    
-56.2087     149.958      -56.2044      0.174676     0.229649     0.163018    
-56.2043     -56.2044     149.896       0.114955     0.163018     0.313682    

Bond Length
0.61916727    0.0025436816

BB bond length
0.61916727    0.0025436816

Water EE distance
0             0           

PEG EE distance
7.9636156     0.42639139  

BBB P2(x)
0.51843924    0.0082176672

BBB first bond length
0.61898357    0.0026883047

BBB second bond length
0.61903181    0.0026896219

BBB <phi**2>/<phi>**2
1.221598      0.0094794539

Time = 24000
Temperature
1.0109153     0.011347521 

Pressure
23.321626     0.088132003 

CM Mom
1.1854967e-16  1.2226429e-17 
-3.4321891e-17 1.407702e-17  
4.8020655e-17  2.0822563e-17 
1.3442832e-16  1.5756097e-17 

CM Pos
7.5020961      0.01385223    
7.5063111      0.012485297   
7.5069568      0.008281226   
12.999267      0.0057462885  

Stress
20.2878      0.0117622    -0.00642875   0.104223     0.0723251    0.0702086   
0.0117622    20.3063      -0.0644545    0.0723251    0.109589     0.0671021   
-0.00642875  -0.0644545   20.2735       0.0702086    0.0671021    0.0938973   

Stress Spherical
0            0            0             0            0            0           
0            0            0             0            0            0           
0            0            0             0            0            0           

Inertia
150.213      -56.3297     -56.3012      0.220593     0.111562     0.166584    
-56.3297     150.162      -56.3786      0.111562     0.201151     0.121029    
-56.3012     -56.3786     150.152       0.166584     0.121029     0.172771    

Bond Length
0.61979799    0.0032076366

BB bond length
0.61979799    0.0032076366

Water EE distance
0             0           

PEG EE distance
7.8394563     0.40330302  

BBB P2(x)
0.51774295    0.011165928 

BBB first bond length
0.61962599    0.0032962517

BBB second bond length
0.61970302    0.0032980679

BBB <phi**2>/<phi>**2
1.2298439     0.0062292003

Time = 25000
Temperature
1.0103956     0.0083471065

Pressure
23.31703      0.10403512  

CM Mom
9.9008503e-17  1.6445369e-17 
-3.5124346e-17 2.0020707e-17 
7.4737453e-17  2.8325012e-17 
1.3251868e-16  2.3118738e-17 

CM Pos
7.4979475      0.0066409329  
7.5015699      0.018463366   
7.5014748      0.017322377   
12.990974      0.012750563   

Stress
20.3028      -0.0361862   0.0318301     0.108005     0.0589416    0.0769155   
-0.0361862   20.2789      0.0393105     0.0589416    0.129217     0.0574001   
0.0318301    0.0393105    20.2767       0.0769155    0.0574001    0.180914    

Stress Spherical
0            0            0             0            0            0           
0            0            0             0            0            0           
0            0            0             0            0            0           

Inertia
150.047      -56.2723     -56.2136      0.338112     0.124105     0.183695    
-56.2723     149.994      -56.2225      0.124105     0.249685     0.193824    
-56.2136     -56.2225     149.981       0.183695     0.193824     0.275357    

Bond Length
0.61821248    0.0021727478

BB bond length
0.61821248    0.0021727478

Water EE distance
0             0           

PEG EE distance
7.2994869     0.16345765  

BBB P2(x)
0.51190043    0.0096086752

BBB first bond length
0.61827965    0.0021601002

BBB second bond length
0.61820931    0.0023076235

BBB <phi**2>/<phi>**2
1.2254924     0.0074380522

Time = 26000
Temperature
1.0075134     0.0089410224

Pressure
23.423349     0.10043336  

CM Mom
8.6865576e-17  1.5902768e-17 
-3.1907123e-17 1.8012663e-17 
6.803543e-17   1.6640005e-17 
1.1783675e-16  1.2698665e-17 

CM Pos
7.4954287      0.013397062   
7.496236       0.019580484   
7.4905107      0.0096987226  
12.98011       0.012996921   

Stress
20.3413      0.0178913    0.0286355     0.131403     0.0713081    0.0698068   
0.0178913    20.4408      -0.0130627    0.0713081    0.128378     0.067214    
0.0286355    -0.0130627   20.4212       0.0698068    0.067214     0.105189    

Stress Spherical
0            0            0             0            0            0           
0            0            0             0            0            0           
0            0            0             0            0            0           

Inertia
149.812      -56.2202     -56.1851      0.305538     0.123067     0.172516    
-56.2202     149.793      -56.1385      0.123067     0.340343     0.212297    
-56.1851     -56.1385     149.88        0.172516     0.212297     0.316125    

Bond Length
0.61834055    0.0016813532

BB bond length
0.61834055    0.0016813532

Water EE distance
0             0           

PEG EE distance
7.3138219     0.16314941  

BBB P2(x)
0.51554949    0.0074433022

BBB first bond length
0.61820235    0.0020039038

BBB second bond length
0.61831604    0.0018849625

BBB <phi**2>/<phi>**2
1.2246429     0.010225053 

Time = 27000
Temperature
1.011744      0.0099587625

Pressure
23.330295     0.082447715 

CM Mom
5.3746956e-17  1.7388442e-17 
-3.9107836e-17 1.6155983e-17 
8.7471461e-17  1.9936876e-17 
1.1250646e-16  1.930192e-17  

CM Pos
7.4923173      0.015217551   
7.4977176      0.012971649   
7.4976225      0.0058162149  
12.98327       0.0087828333  

Stress
20.3011      0.0295188    0.00200672    0.10499      0.0568683    0.0682536   
0.0295188    20.2942      -0.0313594    0.0568683    0.108995     0.0660433   
0.00200672   -0.0313594   20.2908       0.0682536    0.0660433    0.0989801   

Stress Spherical
0            0            0             0            0            0           
0            0            0             0            0            0           
0            0            0             0            0            0           

Inertia
149.941      -56.1502     -56.1917      0.222056     0.0795205    0.137145    
-56.1502     149.844      -56.2296      0.0795205    0.301344     0.128298    
-56.1917     -56.2296     149.868       0.137145     0.128298     0.248183    

Bond Length
0.61855746    0.0023255905

BB bond length
0.61855746    0.0023255905

Water EE distance
0             0           

PEG EE distance
7.1033553     0.050634516 

BBB P2(x)
0.51070938    0.014043242 

BBB first bond length
0.61859641    0.0022755534

BBB second bond length
0.61858227    0.0021000695

BBB <phi**2>/<phi>**2
1.2249855     0.010703742 

Time = 28000
Temperature
1.0096615     0.0078799425

Pressure
23.359385     0.05353489  

CM Mom
4.0296166e-17  1.1243551e-17 
-4.8429422e-17 1.4865025e-17 
8.9507071e-17  2.2165808e-17 
1.1238564e-16  1.3743441e-17 

CM Pos
7.498392       0.010700595   
7.4897169      0.0079636634  
7.4959928      0.015536618   
12.981216      0.0096865687  

Stress
20.3529      -0.0289564   -0.00920976   0.104447     0.0573874    0.0458568   
-0.0289564   20.3244      0.0236051     0.0573874    0.128968     0.0487642   
-0.00920976  0.0236051    20.3148       0.0458568    0.0487642    0.119892    

Stress Spherical
0            0            0             0            0            0           
