Time = 500
Temperature
   1.0338952   0.037619443

Pressure
   23.622318    0.14143437

CM Mom
7.1697334e-18  8.740876e-18  
-3.2926162e-19 2.4078229e-17 
6.2744489e-17  3.8852777e-17 
7.2847394e-17  2.9109172e-17 

CM Pos
7.499657       0.009065819   
7.5062548      0.029214755   
7.4997085      0.0066524924  
12.993655      0.016140032   

Stress
20.496       -0.0124219   0.0464064     0.0386102    0.060189     0.0352666   
-0.0124219   20.5053      -0.0233683    0.060189     0.0578715    0.0572695   
0.0464064    -0.0233683   20.5615       0.0352666    0.0572695    0.109577    

Stress Spherical
0            0            0             0            0            0           
0            0            0             0            0            0           
0            0            0             0            0            0           

Inertia
150.037      -56.2782     -56.2363      0.301243     0.268218     0.135497    
-56.2782     149.933      -56.3394      0.268218     0.20479      0.148604    
-56.2363     -56.3394     150.01        0.135497     0.148604     0.46571     

Bond Length
0.61177376    0.010001531 

BB bond length
0.61177376    0.010001531 

Water EE distance
0             0           

PEG EE distance
3.2356966     0.2775039   

Time = 1000
Temperature
1.0157023     0.0077083926

Pressure
23.67963      0.048353545 

CM Mom
9.4139762e-18  1.3238039e-17 
4.803217e-18   1.6147008e-17 
7.6279033e-17  1.7893621e-17 
7.9896799e-17  1.7402284e-17 

CM Pos
7.4937305      0.01241742    
7.510107       0.012131266   
7.4905225      0.016841097   
12.987144      0.017453819   

Stress
20.5966      0.0610464    0.00422442    0.108621     0.0356065    0.0632047   
0.0610464    20.6624      -0.0394318    0.0356065    0.098138     0.0303451   
0.00422442   -0.0394318   20.6395       0.0632047    0.0303451    0.0913998   

Stress Spherical
0            0            0             0            0            0           
0            0            0             0            0            0           
0            0            0             0            0            0           

Inertia
149.994      -56.2973     -56.1306      0.425774     0.193258     0.11772     
-56.2973     149.704      -56.3109      0.193258     0.239261     0.220298    
-56.1306     -56.3109     149.994       0.11772      0.220298     0.278087    

Bond Length
0.59758511    0.013364412 

BB bond length
0.59758511    0.013364412 

Water EE distance
0             0           

PEG EE distance
3.0446215     0.69696985  

