Time = 500
Temperature
   1.0336995   0.038068646

Pressure
    23.52679    0.13053449

CM Mom
1.3159499e-17  1.6684708e-17 
-6.5547462e-17 1.9992782e-17 
-2.1210918e-17 1.1061521e-17 
7.2811482e-17  2.0456819e-17 

CM Pos
7.4937055      0.018731901   
7.5103703      0.011575677   
7.503703       0.0043550786  
12.994886      0.016638132   

Stress
20.3997      -0.00344632  -0.0116647    0.0940885    0.0591325    0.0673603   
-0.00344632  20.5216      0.0122573     0.0591325    0.0299617    0.0934356   
-0.0116647   0.0122573    20.3567       0.0673603    0.0934356    0.0847086   

Stress Spherical
0            0            0             0            0            0           
0            0            0             0            0            0           
0            0            0             0            0            0           

Inertia
150.106      -56.2472     -56.2173      0.250685     0.18461      0.160652    
-56.2472     149.82       -56.3184      0.18461      0.263146     0.112677    
-56.2173     -56.3184     149.96        0.160652     0.112677     0.400309    

Bond Length
0.6139757     0.0086084867

BB bond length
0.6139757     0.0086084867

Water EE distance
0             0           

PEG EE distance
4.6522307     0.59130009  

Time = 1000
Temperature
1.00989       0.0062991353

Pressure
23.467438     0.11601663  

CM Mom
2.8555015e-17  9.9828578e-18 
-5.7864508e-17 2.7203429e-17 
2.5671988e-18  2.1802618e-17 
6.8832308e-17  2.7339208e-17 

CM Pos
7.4916312      0.01006635    
7.5026659      0.014559208   
7.5051846      0.0097652649  
12.990098      0.0096719105  

Stress
20.4439      -0.014401    -0.0279422    0.0638938    0.0853978    0.0270449   
-0.014401    20.4217      -0.00836543   0.0853978    0.143063     0.0808781   
-0.0279422   -0.00836543  20.4486       0.0270449    0.0808781    0.129421    

Stress Spherical
0            0            0             0            0            0           
0            0            0             0            0            0           
0            0            0             0            0            0           

Inertia
149.977      -56.1179     -56.2326      0.228974     0.0842191    0.0875286   
-56.1179     149.818      -56.3031      0.0842191    0.165965     0.194964    
-56.2326     -56.3031     149.786       0.0875286    0.194964     0.194817    

Bond Length
0.61014503    0.0085943418

BB bond length
0.61014503    0.0085943418

Water EE distance
0             0           

PEG EE distance
3.6682243     0.47934318  

