Time = 500
Temperature
   1.0373695   0.042350742

Pressure
   22.697561    0.17322833

CM Mom
2.2731962e-17  2.3915076e-17 
4.9286525e-17  7.7735353e-18 
9.7837512e-18  1.4201763e-17 
6.1150051e-17  1.1676709e-17 

CM Pos
7.5036538      0.011580671   
7.5141809      0.010899539   
7.4941704      0.012759308   
12.997323      0.018419072   

Stress
19.5866      0.0218283    -0.0393768    0.0485291    0.0433121    0.0651766   
0.0218283    19.6493      -0.103577     0.0433121    0.0443638    0.0538394   
-0.0393768   -0.103577    19.5316       0.0651766    0.0538394    0.14172     

Stress Spherical
0            0            0             0            0            0           
0            0            0             0            0            0           
0            0            0             0            0            0           

Inertia
149.712      -56.3593     -56.2991      0.411232     0.11665      0.215367    
-56.3593     149.583      -56.3538      0.11665      0.0994288    0.20782     
-56.2991     -56.3538     149.881       0.215367     0.20782      0.162535    

Bond Length
0.6164053     0.0064901728

BB bond length
0.6164053     0.0064901728

Water EE distance
0             0           

PEG EE distance
3.7485886     0.32319166  

Time = 1000
Temperature
1.0126074     0.010545476 

Pressure
22.645944     0.040943884 

CM Mom
1.9898494e-17  5.6941721e-18 
4.8855083e-17  1.8393749e-17 
-1.4947886e-17 2.9229491e-17 
6.306471e-17   1.5942633e-17 

CM Pos
7.4935678      0.0085463425  
7.5192239      0.017004937   
7.5057396      0.012064491   
13.001109      0.0093713043  

Stress
19.6192      0.0203007    0.0110996     0.0424828    0.0504139    0.0755116   
0.0203007    19.6219      -0.0161391    0.0504139    0.128054     0.0412748   
0.0110996    -0.0161391   19.5941       0.0755116    0.0412748    0.0835244   

Stress Spherical
0            0            0             0            0            0           
0            0            0             0            0            0           
0            0            0             0            0            0           

Inertia
150.037      -56.3548     -56.2556      0.213171     0.129864     0.191375    
-56.3548     149.586      -56.4613      0.129864     0.220792     0.0968814   
-56.2556     -56.4613     149.84        0.191375     0.0968814    0.141613    

Bond Length
0.61769312    0.0033238082

BB bond length
0.61769312    0.0033238082

Water EE distance
0             0           

PEG EE distance
3.9056602     0.28772983  

