Time = 1000
Temperature
   1.1981874     0.2397151

Pressure
   24.387311     1.5468918

CM Mom
-1.7301878e-17 1.6089177e-17 
5.2232041e-17  2.9203747e-17 
2.0718389e-16  5.0859317e-16 
4.4752721e-16  3.2473193e-16 

CM Pos
10.001689      0.032499151   
10.001921      0.022789918   
9.9984307      0.01077733    
17.321732      0.010821268   

Stress
20.8314      -0.00185738  -0.00607097   0.86905      0.0402549    0.0438179   
-0.00185738  20.7934      7.84354e-05   0.0402549    0.909667     0.064435    
-0.00607097  7.84354e-05  20.7588       0.0438179    0.064435     0.942617    

Stress Spherical
0            0            0             0            0            0           
0            0            0             0            0            0           
0            0            0             0            0            0           

Inertia
267.193      -100.027     -99.9819      4.95192      0.192017     0.333748    
-100.027     267.187      -100.006      0.192017     3.99075      0.185063    
-99.9819     -100.006     267.25        0.333748     0.185063     4.48285     

Bond Length
0.62481536    0.011944048 

BB bond length
0.62481536    0.011944048 

Water EE distance
0             0           

PEG EE distance
6.4935941     0.39704974  

BBB P2(x)
0.0901512     0.017172724 

BBB first bond length
0.62497089    0.012213511 

BBB second bond length
0.62498129    0.0119521   

BBB <phi**2>/<phi>**2
1.1228662     0.0049004807

Time = 2000
Temperature
1.0204291     0.005493936 

Pressure
23.140653     0.09835646  

CM Mom
-2.7893613e-17 2.5879259e-17 
7.1936556e-17  1.9488132e-17 
2.4689017e-17  1.5431127e-16 
1.5246923e-16  9.0427301e-17 

CM Pos
10.000855      0.010579104   
10.003505      0.017084557   
9.9975136      0.0094622384  
17.321601      0.010983004   

Stress
20.1018      -0.0184063   0.0211732     0.121917     0.0392654    0.0569271   
-0.0184063   20.0498      0.00954673    0.0392654    0.0852008    0.0641794   
0.0211732    0.00954673   20.091        0.0569271    0.0641794    0.102221    

Stress Spherical
0            0            0             0            0            0           
0            0            0             0            0            0           
0            0            0             0            0            0           

Inertia
266.614      -100.059     -99.9651      1.58102      0.166984     0.171125    
-100.059     266.567      -100.022      0.166984     1.208        0.186472    
-99.9651     -100.022     266.691       0.171125     0.186472     1.40391     

Bond Length
0.6226925     0.0010003581

BB bond length
0.6226925     0.0010003581

Water EE distance
0             0           

PEG EE distance
6.0242761     0.086896855 

BBB P2(x)
0.079608666   0.0064828344

BBB first bond length
0.62268499    0.00094821097

BBB second bond length
0.62284602    0.0010704289

BBB <phi**2>/<phi>**2
1.1192728     0.0017697805

Time = 3000
Temperature
1.0128423     0.0048162727

Pressure
23.034973     0.079808942 

CM Mom
-1.2920667e-17 1.4080187e-17 
5.2090706e-17  2.9106373e-17 
-4.568782e-17  5.8395801e-17 
9.5505395e-17  1.7377685e-17 

CM Pos
9.9993543      0.006647034   
10.00167       0.007599943   
9.9991811      0.014849182   
17.320634      0.0095790125  

Stress
19.9954      -0.00286586  -0.0118009    0.0971571    0.0526384    0.0565422   
-0.00286586  20.01        0.0159331     0.0526384    0.0935406    0.0533092   
-0.0118009   0.0159331    19.9884       0.0565422    0.0533092    0.087801    

Stress Spherical
0            0            0             0            0            0           
0            0            0             0            0            0           
0            0            0             0            0            0           

Inertia
266.573      -100.026     -99.9817      0.878961     0.0763239    0.117285    
-100.026     266.532      -100.003      0.0763239    0.743038     0.125244    
-99.9817     -100.003     266.569       0.117285     0.125244     0.61294     

Bond Length
0.62358133    0.00091348774

BB bond length
0.62358133    0.00091348774

Water EE distance
0             0           

PEG EE distance
5.8494987     0.12700911  

BBB P2(x)
0.08063842    0.0057784016

BBB first bond length
0.62371446    0.00093729651

BBB second bond length
0.62364175    0.00094862113

BBB <phi**2>/<phi>**2
1.1197293     0.0022674115

Time = 4000
Temperature
1.0105391     0.0038831586

Pressure
23.021154     0.042407048 

CM Mom
-9.3344727e-18 1.5279213e-17 
6.412061e-17   1.8634368e-17 
-3.8114626e-17 2.7297184e-17 
8.2782319e-17  1.1145747e-17 

CM Pos
10.000772      0.010496316   
9.9956675      0.0069261512  
9.9975136      0.0066071745  
17.317022      0.0065053806  

Stress
20.0024      0.00075621   0.00509854    0.0611751    0.0556871    0.0446798   
0.00075621   19.9601      0.00291199    0.0556871    0.0566465    0.0491904   
0.00509854   0.00291199   20.0106       0.0446798    0.0491904    0.0984243   

Stress Spherical
0            0            0             0            0            0           
0            0            0             0            0            0           
0            0            0             0            0            0           

Inertia
266.452      -99.9797     -100.026      0.383649     0.144549     0.137277    
-99.9797     266.55       -99.93        0.144549     0.258022     0.0915073   
-100.026     -99.93       266.516       0.137277     0.0915073    0.32769     

Bond Length
0.62390543    0.0011730691

BB bond length
0.62390543    0.0011730691

Water EE distance
0             0           

PEG EE distance
5.5238773     0.066406896 

BBB P2(x)
0.076123679   0.0075777418

BBB first bond length
0.62399574    0.0011754063

BBB second bond length
0.62412818    0.001203044 

BBB <phi**2>/<phi>**2
1.1191195     0.0022633201

Time = 5000
Temperature
1.0087968     0.0063832605

Pressure
23.013331     0.077514879 

CM Mom
6.1890028e-18  3.6837778e-17 
4.3915087e-17  2.083888e-17  
-5.5695645e-17 1.1402657e-17 
8.1569097e-17  1.8347403e-17 

CM Pos
9.9994377      0.010781199   
9.9975851      0.01198978    
9.9979305      0.0095518086  
17.317599      0.01444613    

Stress
20.0009      0.011916     -0.0154043    0.129243     0.0488288    0.0299681   
0.011916     19.9892      0.000788271   0.0488288    0.0974903    0.0429699   
-0.0154043   0.000788271  19.9753       0.0299681    0.0429699    0.101987    

Stress Spherical
0            0            0             0            0            0           
0            0            0             0            0            0           
0            0            0             0            0            0           

Inertia
266.514      -99.9678     -99.9899      0.371742     0.203163     0.182073    
-99.9678     266.557      -99.9565      0.203163     0.354244     0.182156    
-99.9899     -99.9565     266.542       0.182073     0.182156     0.420613    

Bond Length
0.62373458    0.00091207718

BB bond length
0.62373458    0.00091207718

Water EE distance
0             0           

PEG EE distance
5.3179168     0.10575454  

BBB P2(x)
0.079278847   0.0048930832

BBB first bond length
0.6238445     0.00086394583

BBB second bond length
0.62396224    0.00090641461

BBB <phi**2>/<phi>**2
1.1199772     0.0026855094

Time = 6000
Temperature
1.0108436     0.0047703902

Pressure
23.067906     0.04248985  

CM Mom
-2.904755e-17  3.6646411e-17 
3.6484905e-17  1.6185676e-17 
-6.0961139e-17 1.4927337e-17 
8.6509365e-17  1.5331654e-17 

CM Pos
9.9936848      0.0070568964  
9.9948337      0.01467045    
9.9968466      0.011197113   
17.312064      0.014826303   

Stress
20.0582      -0.0138754   0.00701757    0.0431705    0.0447747    0.0547885   
-0.0138754   20.0433      0.00454775    0.0447747    0.0613369    0.0364256   
0.00701757   0.00454775   20.0092       0.0547885    0.0364256    0.0714134   

Stress Spherical
0            0            0             0            0            0           
0            0            0             0            0            0           
0            0            0             0            0            0           

Inertia
266.444      -99.9012     -99.8814      0.430853     0.168161     0.15758     
-99.9012     266.441      -99.8984      0.168161     0.300622     0.265061    
-99.8814     -99.8984     266.387       0.15758      0.265061     0.373177    

Bond Length
0.62348846    0.0013656533

BB bond length
0.62348846    0.0013656533

Water EE distance
0             0           

PEG EE distance
5.1008957     0.034007762 

BBB P2(x)
0.074461622   0.0019367617

BBB first bond length
0.6235244     0.0014380535

BBB second bond length
0.62360902    0.0013677606

BBB <phi**2>/<phi>**2
1.1180212     0.0015123089

Time = 7000
Temperature
1.0114278     0.0049315508

Pressure
23.020773     0.072824995 

CM Mom
-4.5789757e-17 1.5255879e-17 
1.6772812e-17  1.2811583e-17 
-2.7940127e-17 1.7931092e-17 
6.056826e-17   1.4441892e-17 

CM Pos
9.9936014      0.007494946   
9.9949171      0.0094754528  
10.002933      0.013902644   
17.315581      0.010612627   

Stress
20.0337      -0.0180998   0.00474142    0.103355     0.0358904    0.0610641   
-0.0180998   19.9418      0.0111755     0.0358904    0.0708302    0.0460067   
0.00474142   0.0111755    19.9885       0.0610641    0.0460067    0.108458    

Stress Spherical
0            0            0             0            0            0           
0            0            0             0            0            0           
0            0            0             0            0            0           

Inertia
266.601      -99.8682     -99.9336      0.362992     0.13488      0.230122    
-99.8682     266.587      -99.9591      0.13488      0.320799     0.175421    
-99.9336     -99.9591     266.414       0.230122     0.175421     0.17178     

Bond Length
0.62412304    0.00086860679

BB bond length
0.62412304    0.00086860679

Water EE distance
0             0           

PEG EE distance
5.0839451     0.097679652 

BBB P2(x)
0.075379804   0.0076896242

BBB first bond length
0.62427676    0.00082223045

BBB second bond length
0.62422405    0.00089093217

BBB <phi**2>/<phi>**2
1.1178256     0.0022473369

Time = 8000
Temperature
1.011371      0.003364151 

Pressure
23.005455     0.063792503 

CM Mom
-1.5509012e-17 2.2640422e-17 
2.9187265e-17  1.1283644e-17 
-3.5548728e-17 1.3243736e-17 
5.4801187e-17  1.2972037e-17 

CM Pos
10.000438      0.01312594    
10.000837      0.010180291   
10.003517      0.0079779048  
17.323281      0.011076444   

Stress
19.9519      0.00342414   -0.0280225    0.0825736    0.0317932    0.0545756   
0.00342414   20.0028      0.0217412     0.0317932    0.114814     0.0669085   
-0.0280225   0.0217412    19.9639       0.0545756    0.0669085    0.082121    

Stress Spherical
0            0            0             0            0            0           
0            0            0             0            0            0           
0            0            0             0            0            0           

Inertia
266.731      -100.007     -100.028      0.304806     0.172161     0.204307    
-100.007     266.746      -100.041      0.172161     0.34498      0.191676    
-100.028     -100.041     266.677       0.204307     0.191676     0.300739    

Bond Length
0.62397495    0.0011324297

BB bond length
0.62397495    0.0011324297

Water EE distance
0             0           

PEG EE distance
4.9769975     0.057675753 

BBB P2(x)
0.075566571   0.0097407054

BBB first bond length
0.6241935     0.0011674367

BBB second bond length
0.62395503    0.0011399401

BBB <phi**2>/<phi>**2
1.1180858     0.00320768  

Time = 9000
Temperature
1.0125383     0.0050626268

Pressure
23.0457       0.066429932 

CM Mom
-1.852709e-17  2.1857643e-17 
1.4641564e-17  1.6824196e-17 
-4.6910082e-17 1.6880729e-17 
6.0006016e-17  1.4255925e-17 

CM Pos
10.001189      0.019071569   
9.9962511      0.012048772   
9.9979305      0.01027409    
17.317848      0.013794962   

Stress
20.017       -0.0143979   -0.0118974    0.0878027    0.057362     0.051871    
-0.0143979   19.9994      0.0159423     0.057362     0.0967043    0.0314346   
-0.0118974   0.0159423    20.0125       0.051871     0.0314346    0.0518213   

Stress Spherical
0            0            0             0            0            0           
0            0            0             0            0            0           
0            0            0             0            0            0           

Inertia
266.551      -99.9712     -100.022      0.296018     0.20961      0.225429    
-99.9712     266.652      -99.9312      0.20961      0.575266     0.140941    
-100.022     -99.9312     266.614       0.225429     0.140941     0.426588    

Bond Length
0.62381343    0.00096865744

BB bond length
0.62381343    0.00096865744

Water EE distance
0             0           

PEG EE distance
5.1317222     0.081794822 

BBB P2(x)
0.072580955   0.0061140837

BBB first bond length
0.62386116    0.00090613893

BBB second bond length
0.62398716    0.00090351984

BBB <phi**2>/<phi>**2
1.1175019     0.0021960035

Time = 10000
Temperature
1.0074951     0.0049221225

Pressure
22.963557     0.038391896 

CM Mom
-3.0248637e-17 1.281286e-17  
1.9438622e-18  1.355052e-17  
-3.9820365e-17 1.1509559e-17 
5.2158644e-17  1.6252748e-17 

CM Pos
10.002022      0.014179638   
10.00092       0.0088078123  
10.002349      0.0087109941  
17.32357       0.01143872    

Stress
19.9206      -0.0234463   0.00205502    0.0626303    0.04617      0.0513725   
-0.0234463   19.9156      -0.00639172   0.04617      0.0674812    0.0595286   
0.00205502   -0.00639172  19.9915       0.0513725    0.0595286    0.0598576   

Stress Spherical
0            0            0             0            0            0           
0            0            0             0            0            0           
0            0            0             0            0            0           

Inertia
266.732      -100.067     -100.042      0.227005     0.148307     0.207267    
-100.067     266.759      -100.034      0.148307     0.449812     0.208597    
-100.042     -100.034     266.717       0.207267     0.208597     0.325829    

Bond Length
0.62366621    0.00072670169

BB bond length
0.62366621    0.00072670169

Water EE distance
0             0           

PEG EE distance
5.4116698     0.079665154 

BBB P2(x)
0.078412018   0.0063822571

BBB first bond length
0.6238122     0.00075896321

BBB second bond length
0.62365886    0.00076554985

BBB <phi**2>/<phi>**2
1.1187265     0.0034435467

Time = 11000
Temperature
1.0077336     0.0052034645

Pressure
23.017367     0.054506876 

CM Mom
-2.5968437e-17 2.9934951e-17 
2.5759646e-18  2.0750573e-17 
-4.3486512e-17 4.1813118e-18 
6.1781979e-17  9.961429e-18  

CM Pos
10.000355      0.011365945   
9.9998362      0.0097876025  
9.9971801      0.01049466    
17.318996      0.01211762    

Stress
20.0264      -0.00812433  0.0174493     0.110988     0.0396689    0.0683762   
-0.00812433  19.9661      -0.0180066    0.0396689    0.0770216    0.0369743   
0.0174493    -0.0180066   19.9944       0.0683762    0.0369743    0.0550679   

Stress Spherical
0            0            0             0            0            0           
0            0            0             0            0            0           
0            0            0             0            0            0           

Inertia
266.618      -99.9828     -99.957       0.260727     0.234903     0.177088    
-99.9828     266.631      -99.9821      0.234903     0.340185     0.14684     
-99.957      -99.9821     266.666       0.177088     0.14684      0.347124    

Bond Length
0.62352558    0.0011799064

BB bond length
0.62352558    0.0011799064

Water EE distance
0             0           

PEG EE distance
5.2726724     0.029856726 

BBB P2(x)
0.073968618   0.006771389 

BBB first bond length
0.62363411    0.001233903 

BBB second bond length
0.62345595    0.0011130119

BBB <phi**2>/<phi>**2
1.1170809     0.0028621355

Time = 12000
Temperature
1.0102694     0.0053167679

Pressure
22.997676     0.055393868 

CM Mom
-4.1729747e-17 2.2498387e-17 
-4.9378729e-18 1.3383837e-17 
-4.0957929e-17 1.2804837e-17 
6.3022589e-17  1.790888e-17  

CM Pos
9.9977702      0.012128415   
9.9942501      0.00897202    
9.9974302      0.010008129   
17.314424      0.010970731   

Stress
19.9482      -0.0143133   -0.00191441   0.0574237    0.048615     0.0344098   
-0.0143133   19.9658      0.00965562    0.048615     0.0760731    0.0634455   
-0.00191441  0.00965562   19.9912       0.0344098    0.0634455    0.0707852   

Stress Spherical
0            0            0             0            0            0           
0            0            0             0            0            0           
0            0            0             0            0            0           

Inertia
266.489      -99.9355     -99.9765      0.263263     0.194862     0.168912    
-99.9355     266.559      -99.9029      0.194862     0.28112      0.118445    
-99.9765     -99.9029     266.491       0.168912     0.118445     0.377741    

Bond Length
0.62356254    0.0010495799

BB bond length
0.62356254    0.0010495799

Water EE distance
0             0           

PEG EE distance
5.222879      0.039767493 

BBB P2(x)
0.074281619   0.006838268 

BBB first bond length
0.62376252    0.0010466062

BBB second bond length
0.62356937    0.0010783809

BBB <phi**2>/<phi>**2
1.1177149     0.0030693551

Time = 13000
Temperature
1.0094269     0.004128025 

Pressure
23.011986     0.035779351 

CM Mom
-2.8278509e-17 1.4246853e-17 
-3.879625e-19  3.7256333e-17 
-5.5563566e-17 1.876846e-17  
7.3165074e-17  2.184648e-17  

CM Pos
10.00394       0.010218458   
9.994          0.014479675   
9.9968466      0.01335979    
17.317509      0.012775689   

Stress
19.9983      -0.0188144   -0.00803245   0.0478227    0.0453327    0.0434515   
-0.0188144   19.973       0.0170878     0.0453327    0.0845307    0.032187    
-0.00803245  0.0170878    19.9843       0.0434515    0.032187     0.0624214   

Stress Spherical
0            0            0             0            0            0           
0            0            0             0            0            0           
0            0            0             0            0            0           

Inertia
266.48       -99.9663     -100.007      0.336706     0.225928     0.179061    
-99.9663     266.67       -99.9243      0.225928     0.363067     0.218468    
-100.007     -99.9243     266.612       0.179061     0.218468     0.391939    

Bond Length
0.623463      0.00096964429

BB bond length
0.623463      0.00096964429

Water EE distance
0             0           

PEG EE distance
5.3749372     0.097892939 

BBB P2(x)
0.072597775   0.005844119 

BBB first bond length
0.62358902    0.0009719714

BBB second bond length
0.62362671    0.0010088376

BBB <phi**2>/<phi>**2
1.1173341     0.0027574323

Time = 14000
Temperature
1.012816      0.0047287047

Pressure
23.026871     0.033034762 

CM Mom
-1.703425e-17  1.648264e-17  
1.3787537e-18  1.5628927e-17 
-6.7780191e-17 1.2892048e-17 
7.4034482e-17  9.3414085e-18 

CM Pos
9.9996878      0.0079900941  
9.9985856      0.0076940283  
10.002933      0.012418401   
17.32121       0.0098169663  

Stress
20.0215      -0.0291567   0.000413283   0.0499501    0.0352298    0.0454857   
-0.0291567   19.9587      0.014977      0.0352298    0.0437835    0.0258351   
0.000413283  0.014977     19.9896       0.0454857    0.0258351    0.0746809   

Stress Spherical
0            0            0             0            0            0           
0            0            0             0            0            0           
0            0            0             0            0            0           

Inertia
266.692      -100.031     -99.9887      0.256012     0.136535     0.144454    
-100.031     266.711      -100.048      0.136535     0.276148     0.162235    
-99.9887     -100.048     266.617       0.144454     0.162235     0.269763    

Bond Length
0.62397437    0.0011318654

BB bond length
0.62397437    0.0011318654

Water EE distance
0             0           

PEG EE distance
5.2406987     0.11737147  

BBB P2(x)
0.073901571   0.0055944212

BBB first bond length
0.62403951    0.0011711167

BBB second bond length
0.62414161    0.0010659046

BBB <phi**2>/<phi>**2
1.1174732     0.002522663 

Time = 15000
Temperature
1.0137858     0.0068367698

Pressure
23.043086     0.05460425  

CM Mom
-4.5583569e-18 1.0886923e-17 
-2.8956026e-18 2.0257871e-17 
-6.2934391e-17 2.8493555e-17 
6.803981e-17   2.6481579e-17 

CM Pos
9.9998546      0.0066365679  
9.9994194      0.0064882696  
10.002516      0.0072204886  
17.321544      0.0072370874  

Stress
20.0408      -0.00810436  -0.0134456    0.0733632    0.0468433    0.0548591   
-0.00810436  19.9695      -0.00245304   0.0468433    0.0789786    0.0610488   
-0.0134456   -0.00245304  19.9995       0.0548591    0.0610488    0.0708316   

Stress Spherical
0            0            0             0            0            0           
0            0            0             0            0            0           
0            0            0             0            0            0           

Inertia
266.719      -99.9978     -100.016      0.191487     0.141346     0.117064    
-99.9978     266.709      -100.034      0.141346     0.246671     0.1216      
-100.016     -100.034     266.642       0.117064     0.1216       0.150041    

Bond Length
0.62369119    0.00064318758

BB bond length
0.62369119    0.00064318758

Water EE distance
0             0           

PEG EE distance
5.3651105     0.063600011 

BBB P2(x)
0.071848689   0.0049283429

BBB first bond length
0.62376319    0.00069534328

BBB second bond length
0.62384638    0.00060613313

BBB <phi**2>/<phi>**2
1.1169979     0.0018920776

Time = 16000
Temperature
1.0094509     0.0029563173

Pressure
22.97377      0.057209456 

CM Mom
-2.2202493e-17 1.2144532e-17 
1.9991755e-17  1.0371502e-17 
-2.6895648e-17 2.7053144e-17 
4.8722586e-17  1.5133964e-17 

CM Pos
9.9975201      0.011468233   
10.00067       0.011098903   
10.006852      0.012807228   
17.323431      0.0069813515  

Stress
19.9326      0.00234346   -0.0129902    0.0480369    0.0521925    0.0565729   
0.00234346   19.9469      0.0132002     0.0521925    0.05725      0.0431626   
-0.0129902   0.0132002    19.9613       0.0565729    0.0431626    0.101169    

Stress Spherical
0            0            0             0            0            0           
0            0            0             0            0            0           
0            0            0             0            0            0           

Inertia
266.81       -99.9453     -100.044      0.19665      0.169605     0.166443    
-99.9453     266.728      -100.067      0.169605     0.276527     0.142972    
-100.044     -100.067     266.622       0.166443     0.142972     0.284232    

Bond Length
0.62422822    0.00085601449

BB bond length
0.62422822    0.00085601449

Water EE distance
0             0           

PEG EE distance
5.4350931     0.06054633  

BBB P2(x)
0.076316412   0.0064161267

BBB first bond length
0.62421449    0.00090363105

BBB second bond length
0.62421768    0.00080137829

BBB <phi**2>/<phi>**2
1.1186171     0.0022317029

Time = 17000
Temperature
1.0106328     0.0046636306

Pressure
23.019523     0.041848586 

CM Mom
-1.2135254e-17 1.5597668e-17 
1.7747462e-17  1.4945149e-17 
-4.6234416e-17 2.7647966e-17 
5.7187369e-17  2.3675253e-17 

CM Pos
9.9974367      0.010502936   
10.00017       0.011404106   
10.001432      0.010313258   
17.319956      0.016378444   

Stress
19.9904      -0.0145701   -0.000984628  0.0795132    0.0398823    0.0800053   
-0.0145701   19.9991      0.0151708     0.0398823    0.0564194    0.0715639   
-0.000984628 0.0151708    19.978        0.0800053    0.0715639    0.077225    

Stress Spherical
0            0            0             0            0            0           
0            0            0             0            0            0           
0            0            0             0            0            0           

Inertia
266.711      -99.9535     -99.9988      0.403941     0.217468     0.225342    
-99.9535     266.642      -100.039      0.217468     0.392891     0.241006    
-99.9988     -100.039     266.617       0.225342     0.241006     0.380984    

Bond Length
0.62342302    0.00096742493

BB bond length
0.62342302    0.00096742493

Water EE distance
0             0           

PEG EE distance
5.3706171     0.09138017  

BBB P2(x)
0.076326046   0.0058513519

BBB first bond length
0.62351962    0.0010065442

BBB second bond length
0.62360603    0.00085611542

BBB <phi**2>/<phi>**2
1.117384      0.0039135608

Time = 18000
Temperature
1.0099084     0.0035963614

Pressure
22.991015     0.055226397 

CM Mom
-3.1967624e-17 1.6217179e-17 
2.8470176e-17  3.228181e-17  
-4.6656512e-17 3.0942094e-17 
7.3966395e-17  2.8298546e-17 

CM Pos
9.9996878      0.009667189   
10.001087      0.01067591    
10.001099      0.0064694933  
17.321593      0.011808439   

Stress
19.9933      -0.0143901   0.0100597     0.0523106    0.0429623    0.0367332   
-0.0143901   19.9511      0.0220218     0.0429623    0.0844885    0.0502266   
0.0100597    0.0220218    19.944        0.0367332    0.0502266    0.0730212   

Stress Spherical
0            0            0             0            0            0           
0            0            0             0            0            0           
0            0            0             0            0            0           

Inertia
266.715      -100.009     -100.003      0.305652     0.231039     0.137959    
-100.009     266.673      -100.049      0.231039     0.283151     0.164387    
-100.003     -100.049     266.688       0.137959     0.164387     0.35867     

Bond Length
0.62412919    0.001469932 

BB bond length
0.62412919    0.001469932 

Water EE distance
0             0           

PEG EE distance
5.2036225     0.07169502  

BBB P2(x)
0.06814638    0.0086045225

BBB first bond length
0.62427603    0.0016008638

BBB second bond length
0.62425814    0.0015228537

BBB <phi**2>/<phi>**2
1.1167084     0.0039728598

Time = 19000
Temperature
1.0099383     0.0055025391

Pressure
23.016132     0.052796698 

CM Mom
-3.6666333e-17 1.5411344e-17 
1.4239022e-17  1.1482457e-17 
-5.0746722e-17 3.1788906e-17 
6.9112513e-17  2.6939764e-17 

CM Pos
9.9991042      0.010667116   
10.002921      0.010054903   
10.001766      0.0087400726  
17.322702      0.011604861   

Stress
20.0322      -0.0239225   0.0021392     0.0483733    0.0355706    0.0299942   
-0.0239225   19.9616      0.0153896     0.0355706    0.0983733    0.0427911   
0.0021392    0.0153896    19.9697       0.0299942    0.0427911    0.0374433   

Stress Spherical
0            0            0             0            0            0           
0            0            0             0            0            0           
0            0            0             0            0            0           

Inertia
266.766      -100.012     -99.9767      0.374945     0.206424     0.132616    
-100.012     266.684      -100.072      0.206424     0.250823     0.158935    
-99.9767     -100.072     266.718       0.132616     0.158935     0.347901    

Bond Length
0.62389087    0.0011737652

BB bond length
0.62389087    0.0011737652

Water EE distance
0             0           

PEG EE distance
5.2411983     0.03963389  

BBB P2(x)
0.076505573   0.0063827627

BBB first bond length
0.62393466    0.0011111743

BBB second bond length
0.62403159    0.0011968504

BBB <phi**2>/<phi>**2
1.1188618     0.0029746471

Time = 20000
Temperature
1.0087709     0.0054229158

Pressure
23.018206     0.060298035 

CM Mom
-4.3283448e-17 1.4640411e-17 
2.2387508e-17  1.2870502e-17 
-6.2443103e-17 2.0531101e-17 
8.1831713e-17  1.9465012e-17 

CM Pos
9.9992709      0.010200756   
9.999336       0.010732085   
10.002766      0.016106923   
17.321311      0.011923325   

Stress
20.0125      0.0035148    0.0109665     0.0586173    0.0347105    0.0298646   
0.0035148    19.976       -0.0310128    0.0347105    0.0970441    0.0642375   
0.0109665    -0.0310128   19.9917       0.0298646    0.0642375    0.105169    

Stress Spherical
0            0            0             0            0            0           
0            0            0             0            0            0           
0            0            0             0            0            0           

Inertia
266.7        -99.9868     -100.017      0.239698     0.143091     0.213198    
-99.9868     266.703      -100.009      0.143091     0.458689     0.155985    
-100.017     -100.009     266.625       0.213198     0.155985     0.269032    

Bond Length
0.6236101     0.00094689312

BB bond length
0.6236101     0.00094689312

Water EE distance
0             0           

PEG EE distance
5.2783989     0.079011438 

BBB P2(x)
0.07543215    0.0074808449

BBB first bond length
0.62367521    0.0009829696

BBB second bond length
0.62367726    0.00091790915

BBB <phi**2>/<phi>**2
1.1176692     0.0029977432

Time = 21000
Temperature
1.0117203     0.0059944425

Pressure
23.007408     0.057130417 

CM Mom
-5.9938297e-17 1.770516e-17  
1.7993222e-17  1.1045862e-17 
-5.7495626e-17 2.248122e-17  
8.7968763e-17  2.0603115e-17 

CM Pos
9.9959359      0.01416615    
10.003004      0.010923401   
9.997597       0.0073771583  
17.318516      0.011873149   

Stress
19.9599      0.021589     0.0019369     0.0789353    0.0359669    0.0439049   
0.021589     19.9988      -0.0037602    0.0359669    0.0349747    0.049747    
0.0019369    -0.0037602   19.9626       0.0439049    0.049747     0.0657258   

Stress Spherical
0            0            0             0            0            0           
0            0            0             0            0            0           
0            0            0             0            0            0           

Inertia
266.678      -99.9659     -99.9491      0.28448      0.220436     0.191131    
-99.9659     266.534      -100.046      0.220436     0.357727     0.192782    
-99.9491     -100.046     266.643       0.191131     0.192782     0.370487    

Bond Length
0.62435167    0.0011154521

BB bond length
0.62435167    0.0011154521

Water EE distance
0             0           

PEG EE distance
5.4144197     0.058837821 

BBB P2(x)
0.075735946   0.0059284923

BBB first bond length
0.62452684    0.0012058054

BBB second bond length
0.62453897    0.0011163521

BBB <phi**2>/<phi>**2
1.1187917     0.0019257655

Time = 22000
Temperature
1.0105917     0.0063254857

Pressure
22.997295     0.052356701 

CM Mom
-7.0647778e-17 3.0492492e-17 
2.5136742e-17  1.2753059e-17 
-4.5851544e-17 8.7982643e-18 
9.063138e-17   2.6098343e-17 

CM Pos
9.9989374      0.0082877455  
9.9990859      0.0087904321  
10.002683      0.014158051   
17.320924      0.0079502101  

Stress
19.9637      0.000616979  0.0162442     0.0955807    0.0445059    0.038859    
0.000616979  19.949       -0.0386237    0.0445059    0.076985     0.0570026   
0.0162442    -0.0386237   19.9884       0.038859     0.0570026    0.0563471   

Stress Spherical
0            0            0             0            0            0           
0            0            0             0            0            0           
0            0            0             0            0            0           

Inertia
266.697      -99.9538     -100.047      0.174849     0.153339     0.19927     
-99.9538     266.701      -99.9944      0.153339     0.318822     0.127463    
-100.047     -99.9944     266.611       0.19927      0.127463     0.293416    

Bond Length
0.62361067    0.00083023269

BB bond length
0.62361067    0.00083023269

Water EE distance
0             0           

PEG EE distance
5.4217894     0.046965919 

BBB P2(x)
0.074629471   0.0057685481

BBB first bond length
0.62377432    0.00075291717

BBB second bond length
0.62372063    0.00085166934

BBB <phi**2>/<phi>**2
1.1174382     0.0016529493

Time = 23000
Temperature
1.011923      0.0062080967

Pressure
22.998199     0.063317089 

CM Mom
-7.9851199e-17 2.3272365e-17 
2.5203447e-17  2.0648032e-17 
-1.5142687e-17 2.9530096e-17 
9.357604e-17   1.8006227e-17 

CM Pos
10.001189      0.009485718   
9.994          0.0088632784  
9.9965131      0.01504359    
17.315726      0.010931655   

Stress
19.9908      -0.00760844  0.0357358     0.0888171    0.0387089    0.0381986   
-0.00760844  19.9494      -0.000625468  0.0387089    0.0673477    0.0307911   
0.0357358    -0.000625468 19.9517       0.0381986    0.0307911    0.0897557   

Stress Spherical
0            0            0             0            0            0           
0            0            0             0            0            0           
0            0            0             0            0            0           

Inertia
266.468      -99.9534     -99.9734      0.3531       0.161662     0.203878    
-99.9534     266.605      -99.8923      0.161662     0.347996     0.172746    
-99.9734     -99.8923     266.562       0.203878     0.172746     0.25852     

Bond Length
0.62369338    0.00093686144

BB bond length
0.62369338    0.00093686144

Water EE distance
0             0           

PEG EE distance
5.2572488     0.069031139 

BBB P2(x)
0.06895665    0.0068083819

BBB first bond length
0.62397431    0.0010091773

BBB second bond length
0.6237439     0.00096197962

BBB <phi**2>/<phi>**2
1.1160922     0.003894884 

Time = 24000
Temperature
1.0124334     0.0058040219

Pressure
22.996455     0.056266578 

CM Mom
-8.118124e-17  1.5407738e-17 
1.2961974e-17  1.9869083e-17 
1.6860112e-17  1.9842851e-17 
8.8450589e-17  1.5655055e-17 

CM Pos
10.000355      0.014388896   
9.9985022      0.0066746899  
10.000849      0.012594873   
17.320349      0.006869773   

Stress
19.9544      -0.0342661   -0.0135173    0.0715003    0.0477389    0.0350588   
-0.0342661   19.9861      -0.00361256   0.0477389    0.0840927    0.0281924   
-0.0135173   -0.00361256  19.9416       0.0350588    0.0281924    0.0858695   

Stress Spherical
0            0            0             0            0            0           
0            0            0             0            0            0           
0            0            0             0            0            0           

Inertia
266.661      -99.9954     -100.021      0.382957     0.118527     0.102873    
-99.9954     266.692      -100.035      0.118527     0.16502      0.193082    
-100.021     -100.035     266.632       0.102873     0.193082     0.220884    

Bond Length
0.62342337    0.00094010089

BB bond length
0.62342337    0.00094010089

Water EE distance
0             0           

PEG EE distance
5.2692476     0.075240036 

BBB P2(x)
0.071776178   0.0058447221

BBB first bond length
0.62359298    0.00097040913

BBB second bond length
0.62359303    0.0010429092

BBB <phi**2>/<phi>**2
1.1173275     0.0029659295

Time = 25000
Temperature
1.0093154     0.0050499509

Pressure
23.020162     0.063906759 

CM Mom
-7.312908e-17  1.7056222e-17 
2.1462206e-17  1.2861905e-17 
-1.0111555e-18 1.3612662e-17 
7.8716082e-17  1.5966759e-17 

CM Pos
10.00344       0.012021337   
9.9979186      0.0088644548  
9.9984307      0.014795014   
17.320394      0.013587038   

Stress
19.9831      0.00127495   0.0216925     0.0704431    0.0507123    0.0525491   
0.00127495   19.9805      0.0104411     0.0507123    0.0953847    0.0414822   
0.0216925    0.0104411    20.0175       0.0525491    0.0414822    0.0576808   

Stress Spherical
0            0            0             0            0            0           
0            0            0             0            0            0           
0            0            0             0            0            0           

Inertia
266.589      -100.006     -100.042      0.284665     0.192788     0.255555    
-100.006     266.703      -99.9768      0.192788     0.468815     0.151338    
-100.042     -99.9768     266.683       0.255555     0.151338     0.321661    

Bond Length
0.62403656    0.00083675699

BB bond length
0.62403656    0.00083675699

Water EE distance
0             0           

PEG EE distance
5.3873189     0.059879956 

BBB P2(x)
0.075179628   0.0049539647

BBB first bond length
0.62405731    0.00082768873

BBB second bond length
0.62419196    0.00081080898

BBB <phi**2>/<phi>**2
1.1182734     0.003576402 

Time = 26000
Temperature
1.0099866     0.0032014762

Pressure
23.048301     0.057031813 

CM Mom
-8.8931234e-17 2.1454461e-17 
2.6381277e-17  2.0914136e-17 
-8.3626573e-18 1.2782723e-17 
9.6350593e-17  2.1267968e-17 

CM Pos
10.001689      0.012605906   
9.999336       0.010880041   
10.001432      0.009907605   
17.321935      0.0089156168  

Stress
20.0148      -0.0118351   0.00272444    0.085268     0.0424076    0.0597853   
-0.0118351   20.0389      -0.00858879   0.0424076    0.0754925    0.0546362   
0.00272444   -0.00858879  20.0058       0.0597853    0.0546362    0.0623636   

Stress Spherical
0            0            0             0            0            0           
0            0            0             0            0            0           
0            0            0             0            0            0           

Inertia
266.681      -100.032     -100.052      0.320942     0.135088     0.189174    
-100.032     266.728      -99.9903      0.135088     0.32976      0.184855    
-100.052     -99.9903     266.676       0.189174     0.184855     0.261838    

Bond Length
0.62344013    0.00097416829

BB bond length
0.62344013    0.00097416829

Water EE distance
0             0           

PEG EE distance
5.2876824     0.043924959 

BBB P2(x)
0.077555935   0.0055250148

BBB first bond length
0.62346836    0.00098875001

BBB second bond length
0.62349361    0.0011238867

BBB <phi**2>/<phi>**2
1.1190863     0.0021221655

Time = 27000
Temperature
1.0127245     0.0051050973

Pressure
23.004177     0.028780893 

CM Mom
-8.5732192e-17 1.4475481e-17 
1.6059657e-17  3.0368453e-17 
-2.7679094e-17 1.403525e-17  
9.7254871e-17  1.5630558e-17 

CM Pos
9.9965196      0.0097073734  
10.008174      0.01108637    
9.9990143      0.0092377115  
17.322656      0.010616799   

Stress
19.9555      -0.0264561   0.0180852     0.0509603    0.0573944    0.0373166   
-0.0264561   19.9644      -0.00273521   0.0573944    0.0829369    0.0474415   
0.0180852    -0.00273521  19.9827       0.0373166    0.0474415    0.0589089   

Stress Spherical
0            0            0             0            0            0           
0            0            0             0            0            0           
0            0            0             0            0            0           

Inertia
266.792      -100.042     -99.9574      0.359864     0.0940989    0.123077    
-100.042     266.589      -100.07       0.0940989    0.290739     0.229221    
-99.9574     -100.07      266.757       0.123077     0.229221     0.214499    

Bond Length
0.6235839     0.00095748534

BB bond length
0.6235839     0.00095748534

Water EE distance
0             0           

PEG EE distance
5.3866212     0.08269996  

BBB P2(x)
0.074083362   0.0083478512

BBB first bond length
0.62373849    0.0010459682

BBB second bond length
0.62365763    0.00086134615

BBB <phi**2>/<phi>**2
1.1175321     0.0033799363

Time = 28000
Temperature
1.0098485     0.0064475589

Pressure
23.013609     0.056419532 

CM Mom
-1.0169061e-16 2.6000424e-17 
4.8342002e-19  1.9830863e-17 
-2.6176882e-17 1.5724288e-17 
1.0879799e-16  2.2493949e-17 

CM Pos
9.9988541      0.012607009   
10.00067       0.010599126   
10.001182      0.0084386066  
17.320922      0.011504813   

Stress
19.9905      0.000587623  0.0339339     0.0796903    0.057815     0.0391288   
0.000587623  19.9821      0.00319425    0.057815     0.0788499    0.0427355   
0.0339339    0.00319425   19.9841       0.0391288    0.0427355    0.0803932   

Stress Spherical
0            0            0             0            0            0           
