Time = 1000
Temperature
   1.1139858    0.16022712

Pressure
   23.701373    0.79228088

CM Mom
-2.0556327e-17 3.8262788e-17 
-5.5375822e-18 4.5387931e-17 
9.075106e-17   1.4257141e-16 
1.4502267e-16  1.072759e-16  

CM Pos
7.504024       0.010977968   
7.4872007      0.022368382   
7.505374       0.01663997    
12.988447      0.018381443   

Stress
20.322       -0.0140102   0.0437688     0.35858      0.0800712    0.0587973   
-0.0140102   20.387       -0.0257884    0.0800712    0.339046     0.0895427   
0.0437688    -0.0257884   20.393        0.0587973    0.0895427    0.318325    

Stress Spherical
0            0            0             0            0            0           
0            0            0             0            0            0           
0            0            0             0            0            0           

Inertia
149.993      -56.1679     -56.3365      1.00632      0.196496     0.153793    
-56.1679     150.233      -56.1972      0.196496     1.07639      0.218109    
-56.3365     -56.1972     149.989       0.153793     0.218109     1.05293     

Bond Length
0.61979443    0.0079737157

BB bond length
0.61979443    0.0079737157

Water EE distance
0             0           

PEG EE distance
7.0859124     0.1276298   

BBB P2(x)
0.47636224    0.063393506 

BBB first bond length
0.6198797     0.0081469972

BBB second bond length
0.61975231    0.0080902122

BBB <phi**2>/<phi>**2
1.2191849     0.014244196 

Time = 2000
Temperature
1.0121851     0.0046155506

Pressure
23.092235     0.11492758  

CM Mom
-3.4480896e-17 2.2300213e-17 
-1.8174667e-17 2.6001194e-17 
-4.9232417e-17 2.7846415e-17 
7.3430756e-17  2.235599e-17  

CM Pos
7.497193       0.016191965   
7.5021992      0.014906338   
7.5022555      0.015115681   
12.991356      0.01059211    

Stress
20.0384      -0.0054364   -0.0264475    0.124412     0.0850101    0.071968    
-0.0054364   20.1017      -0.015763     0.0850101    0.177434     0.0902235   
-0.0264475   -0.015763    20.0485       0.071968     0.0902235    0.132285    

Stress Spherical
0            0            0             0            0            0           
0            0            0             0            0            0           
0            0            0             0            0            0           

Inertia
149.952      -56.248      -56.2498      0.324409     0.153855     0.199624    
-56.248      149.872      -56.3197      0.153855     0.423359     0.13377     
-56.2498     -56.3197     149.88        0.199624     0.13377      0.19469     

Bond Length
0.61762519    0.0019311196

BB bond length
0.61762519    0.0019311196

Water EE distance
0             0           

PEG EE distance
7.071166      0.14212277  

BBB P2(x)
0.51300934    0.010715895 

BBB first bond length
0.61765338    0.0019367567

BBB second bond length
0.61750329    0.0021049519

BBB <phi**2>/<phi>**2
1.2267166     0.0059149978

