Time = 1000
Temperature
   2.0029937     1.9425041

Pressure
    29.05926     1.6167281

CM Mom
-3.7831956e-17 1.2511685e-16 
5.5631254e-17  1.4878706e-16 
-1.4190773e-16 1.4103523e-15 
9.0459922e-16  1.1105177e-15 

CM Pos
10.003405      0.044045059   
9.9997605      0.065883625   
9.9967227      0.055800815   
17.320685      0.032383022   

Stress
23.11        -0.052963    -0.113283     4.27186      0.13862      0.130977    
-0.052963    22.9901      0.189436      0.13862      4.34285      0.304856    
-0.113283    0.189436     23.0598       0.130977     0.304856     4.28612     

Stress Spherical
0            0            0             0            0            0           
0            0            0             0            0            0           
0            0            0             0            0            0           

Inertia
267.489      -100.035     -99.9863      2.29418      1.09189      0.233529    
-100.035     267.505      -99.9103      1.09189      2.07724      0.210029    
-99.9863     -99.9103     267.649       0.233529     0.210029     4.24108     

Bond Length
0.62618457    0.058739513 

BB bond length
0.62618457    0.058739513 

Water EE distance
0             0           

PEG EE distance
9.7130283     0.076869915 

BBB P2(x)
0.15651555    0.045279685 

BBB first bond length
0.62664454    0.059712725 

BBB second bond length
0.62655961    0.059311631 

BBB <phi**2>/<phi>**2
1.1439916     0.018467718 

Time = 2000
Temperature
1.0170145     0.0085134564

Pressure
27.905836     0.054754861 

CM Mom
-5.0600585e-18 1.4387722e-17 
3.284485e-17   1.2701383e-17 
4.665547e-17   1.1154866e-16 
1.163774e-16   5.0486207e-17 

CM Pos
10.004155      0.012187877   
9.9969258      0.021023901   
9.9981401      0.011503336   
17.320072      0.016956092   

Stress
24.8796      0.0273739    -0.0234042    0.0452557    0.0428929    0.0565968   
0.0273739    24.8288      0.0553574     0.0428929    0.0594596    0.0612317   
-0.0234042   0.0553574    24.8606       0.0565968    0.0612317    0.0904025   

Stress Spherical
0            0            0             0            0            0           
0            0            0             0            0            0           
0            0            0             0            0            0           

Inertia
266.763      -99.9884     -100.009      0.523063     0.326946     0.155912    
-99.9884     266.937      -99.9787      0.326946     0.378184     0.23345     
-100.009     -99.9787     266.923       0.155912     0.23345      0.692238    

Bond Length
0.59784103    0.0004390365

BB bond length
0.59784103    0.0004390365

Water EE distance
0             0           

PEG EE distance
9.3569361     0.10408275  

BBB P2(x)
0.10158602    0.0061346239

BBB first bond length
0.59791704    0.00046370842

BBB second bond length
0.59803378    0.00043460918

BBB <phi**2>/<phi>**2
1.1259046     0.0019985769

Time = 3000
Temperature
1.0127931     0.0054220317

Pressure
27.903384     0.093078147 

CM Mom
4.9230625e-18  2.4429411e-17 
1.7818506e-17  2.0091336e-17 
9.1683535e-17  3.6604387e-17 
1.0139617e-16  2.8403537e-17 

CM Pos
9.9927329      0.013183803   
10.000261      0.012192439   
9.9988071      0.01026021    
17.315781      0.014902218   

Stress
24.8657      -0.000452408 -0.0605939    0.121454     0.044772     0.0506641   
-0.000452408 24.893       0.00745702    0.044772     0.0928121    0.0558543   
-0.0605939   0.00745702   24.8409       0.0506641    0.0558543    0.102268    

Stress Spherical
0            0            0             0            0            0           
0            0            0             0            0            0           
0            0            0             0            0            0           

Inertia
266.71       -99.9045     -99.9318      0.40693      0.259139     0.197309    
-99.9045     266.582      -99.9554      0.259139     0.337292     0.196421    
-99.9318     -99.9554     266.625       0.197309     0.196421     0.495952    

Bond Length
0.59774101    0.00042642953

BB bond length
0.59774101    0.00042642953

Water EE distance
0             0           

PEG EE distance
8.9358616     0.14382598  

BBB P2(x)
0.086049587   0.0054423242

BBB first bond length
0.59783541    0.00040756748

BBB second bond length
0.59784361    0.00043044691

BBB <phi**2>/<phi>**2
1.1223818     0.0020821627

Time = 4000
Temperature
1.010314      0.0044891961

Pressure
27.936761     0.063150273 

CM Mom
-8.5927967e-18 1.5115852e-17 
2.4933504e-17  9.1338263e-18 
8.454713e-17   2.4717191e-17 
9.0622415e-17  2.3540737e-17 

CM Pos
10.004656      0.010703547   
10.007598      0.0085600611  
10.001558      0.011138915   
17.328488      0.011542963   

Stress
24.8748      0.0235187    -0.0330915    0.0771495    0.0630069    0.0373459   
0.0235187    24.9148      0.0271752     0.0630069    0.0956097    0.045313    
-0.0330915   0.0271752    24.9325       0.0373459    0.045313     0.0873313   

Stress Spherical
0            0            0             0            0            0           
0            0            0             0            0            0           
0            0            0             0            0            0           

Inertia
266.871      -100.113     -100.112      0.305655     0.172997     0.147439    
-100.113     266.788      -100.118      0.172997     0.274548     0.144782    
-100.112     -100.118     266.916       0.147439     0.144782     0.332945    

Bond Length
0.59745925    0.00046393654

BB bond length
0.59745925    0.00046393654

Water EE distance
0             0           

PEG EE distance
8.4683502     0.14452647  

BBB P2(x)
0.077707561   0.0034966142

BBB first bond length
0.59759747    0.00048562438

BBB second bond length
0.59752262    0.00044416006

BBB <phi**2>/<phi>**2
1.1196227     0.0014317031

Time = 5000
Temperature
1.0098265     0.0043007436

Pressure
27.92102      0.045830062 

CM Mom
-1.4794122e-17 1.8117062e-17 
-5.8905968e-19 1.9578917e-17 
5.3306025e-17  2.1209356e-17 
6.2446611e-17  1.796009e-17  

CM Pos
10.002655      0.011541043   
10.004763      0.0097120269  
9.9873847      0.0087876639  
17.317517      0.011719819   

Stress
24.9325      0.0169439    0.00319226    0.0868689    0.0450989    0.0737405   
0.0169439    24.8634      0.0450776     0.0450989    0.0896908    0.0566062   
0.00319226   0.0450776    24.8833       0.0737405    0.0566062    0.0653464   

Stress Spherical
0            0            0             0            0            0           
0            0            0             0            0            0           
0            0            0             0            0            0           

Inertia
266.522      -100.07      -99.9141      0.2672       0.212538     0.153012    
-100.07      266.475      -99.9083      0.212538     0.280283     0.123132    
-99.9141     -99.9083     266.788       0.153012     0.123132     0.403938    

Bond Length
0.59741101    0.00057561849

BB bond length
0.59741101    0.00057561849

Water EE distance
0             0           

PEG EE distance
8.0405639     0.11122593  

BBB P2(x)
0.072064554   0.0037546565

BBB first bond length
0.5975113     0.00057214096

BBB second bond length
0.59748       0.00057434583

BBB <phi**2>/<phi>**2
1.1183989     0.0016551381

Time = 6000
Temperature
1.0129766     0.0058343632

Pressure
27.938869     0.071442046 

CM Mom
1.2085732e-17  1.9571271e-17 
-2.3995591e-17 1.6806755e-17 
4.1624512e-17  2.2699175e-17 
5.5591593e-17  2.3340571e-17 

CM Pos
10.002321      0.018885685   
10.001178      0.012163613   
9.9980567      0.0075871269  
17.321419      0.011100761   

Stress
24.8801      0.0114487    0.00827553    0.0518198    0.0576088    0.0473667   
0.0114487    24.9206      0.00919007    0.0576088    0.11977      0.064088    
0.00827553   0.00919007   24.9037       0.0473667    0.064088     0.102859    

Stress Spherical
0            0            0             0            0            0           
0            0            0             0            0            0           
0            0            0             0            0            0           

Inertia
266.675      -99.9908     -99.9778      0.259107     0.211114     0.215991    
-99.9908     266.694      -100.009      0.211114     0.374618     0.142227    
-99.9778     -100.009     266.738       0.215991     0.142227     0.482091    

Bond Length
0.59713825    0.00036504716

BB bond length
0.59713825    0.00036504716

Water EE distance
0             0           

PEG EE distance
7.7368678     0.083202966 

BBB P2(x)
0.070129438   0.0037912111

BBB first bond length
0.59723379    0.00039008096

BBB second bond length
0.59727994    0.00034428944

BBB <phi**2>/<phi>**2
1.1179602     0.0016404128

Time = 7000
Temperature
1.0133667     0.0072143092

Pressure
27.978346     0.070347384 

CM Mom
-2.4725233e-18 1.6046039e-17 
1.653709e-17   4.0063363e-17 
4.5270006e-18  1.3043842e-17 
4.4620821e-17  1.8486616e-17 

CM Pos
10.003738      0.0088722932  
10.00593       0.0083960757  
10.000391      0.010185753   
17.32632       0.012033091   

Stress
24.9764      -0.00717825  0.013941      0.0595221    0.0725493    0.0581235   
-0.00717825  24.9381      -0.0223505    0.0725493    0.0886739    0.0500589   
0.013941     -0.0223505   24.9049       0.0581235    0.0500589    0.0854882   

Stress Spherical
0            0            0             0            0            0           
0            0            0             0            0            0           
0            0            0             0            0            0           

Inertia
266.791      -100.074     -100.054      0.313101     0.131682     0.139014    
-100.074     266.737      -100.106      0.131682     0.321624     0.162163    
-100.054     -100.106     266.854       0.139014     0.162163     0.295119    

Bond Length
0.59697683    0.00037941905

BB bond length
0.59697683    0.00037941905

Water EE distance
0             0           

PEG EE distance
7.4481154     0.047391673 

BBB P2(x)
0.06294972    0.002300814 

BBB first bond length
0.59712362    0.00045377216

BBB second bond length
0.59706619    0.00037316988

BBB <phi**2>/<phi>**2
1.1158338     0.0011739841

Time = 8000
Temperature
1.0127293     0.0063954601

Pressure
27.936297     0.033914473 

CM Mom
2.1648608e-18  1.8289575e-17 
-6.0982892e-18 2.3646067e-17 
6.9289432e-18  1.669271e-17  
3.0660184e-17  1.7948001e-17 

CM Pos
10.006823      0.0082203712  
10.006014      0.0091424046  
9.9951386      0.014497667   
17.325122      0.011017391   

Stress
24.9094      0.0124859    -0.042516     0.0705572    0.0450361    0.0564449   
0.0124859    24.8768      0.0128039     0.0450361    0.0649675    0.035543    
-0.042516    0.0128039    24.9126       0.0564449    0.035543     0.0635016   

Stress Spherical
0            0            0             0            0            0           
0            0            0             0            0            0           
0            0            0             0            0            0           

Inertia
266.682      -100.112     -100.043      0.403387     0.122228     0.179883    
-100.112     266.704      -100.044      0.122228     0.292916     0.192878    
-100.043     -100.044     266.929       0.179883     0.192878     0.184167    

Bond Length
0.59711027    0.00057450905

BB bond length
0.59711027    0.00057450905

Water EE distance
0             0           

PEG EE distance
7.2772601     0.04031973  

BBB P2(x)
0.061935407   0.0028176554

BBB first bond length
0.59724552    0.00057139093

BBB second bond length
0.59723605    0.00058795683

BBB <phi**2>/<phi>**2
1.1148969     0.0020096235

Time = 9000
Temperature
1.0141076     0.0047042915

Pressure
28.013711     0.059891101 

CM Mom
1.1010591e-17  1.8134205e-17 
-1.1257045e-17 1.5335714e-17 
9.9476282e-18  1.3749455e-17 
3.0993068e-17  1.1807635e-17 

CM Pos
10.007157      0.0091867772  
10.004096      0.0091214712  
9.9945549      0.011602316   
17.323869      0.011308514   

Stress
24.98        0.0276957    -0.0495777    0.0805147    0.0367996    0.0666699   
0.0276957    24.9413      0.0152384     0.0367996    0.0769009    0.044211    
-0.0495777   0.0152384    24.9975       0.0666699    0.044211     0.0798293   

Stress Spherical
0            0            0             0            0            0           
0            0            0             0            0            0           
0            0            0             0            0            0           

Inertia
266.661      -100.113     -100.041      0.297626     0.112273     0.143319    
-100.113     266.695      -99.9895      0.112273     0.395501     0.155505    
-100.041     -99.9895     266.87        0.143319     0.155505     0.207963    

Bond Length
0.59683967    0.00027365399

BB bond length
0.59683967    0.00027365399

Water EE distance
0             0           

PEG EE distance
7.0892507     0.081456717 

BBB P2(x)
0.063332101   0.0039346677

BBB first bond length
0.5969387     0.00026722205

BBB second bond length
0.59699372    0.00023333758

BBB <phi**2>/<phi>**2
1.1162343     0.0018843294

Time = 10000
Temperature
1.0107091     0.0046173553

Pressure
27.963957     0.058776759 

CM Mom
-1.9218202e-17 2.637049e-17  
3.7488771e-20  1.2793455e-17 
1.0523295e-17  1.3648651e-17 
3.6121207e-17  1.4855967e-17 

CM Pos
10.003572      0.0083641395  
9.999427       0.0088491499  
9.9958889      0.0071474328  
17.319871      0.007188238   

Stress
24.943       0.0276109    -0.00690668   0.0608964    0.0737696    0.0613378   
0.0276109    24.9415      0.0165985     0.0737696    0.0992911    0.0645316   
-0.00690668  0.0165985    24.9155       0.0613378    0.0645316    0.10155     

Stress Spherical
0            0            0             0            0            0           
0            0            0             0            0            0           
0            0            0             0            0            0           

Inertia
266.593      -100.027     -100.004      0.149258     0.140246     0.130938    
-100.027     266.697      -99.975       0.140246     0.185813     0.0885161   
-100.004     -99.975      266.722       0.130938     0.0885161    0.282033    

Bond Length
0.59703496    0.00043051865

BB bond length
0.59703496    0.00043051865

Water EE distance
0             0           

PEG EE distance
6.9218196     0.051754136 

BBB P2(x)
0.058926884   0.00308179  

BBB first bond length
0.59717931    0.00045358196

BBB second bond length
0.59717674    0.00039182255

BBB <phi**2>/<phi>**2
1.1142401     0.0013352835

Time = 11000
Temperature
1.0113427     0.0067137205

Pressure
27.933599     0.077121616 

CM Mom
-4.4919416e-17 1.7736408e-17 
-1.9682415e-17 1.6620934e-17 
-1.0954821e-17 2.0263604e-17 
5.7317054e-17  1.5535898e-17 

CM Pos
10.002071      0.012831088   
9.999427       0.0076800117  
10.002892      0.0096603554  
17.323048      0.011486462   

Stress
24.8883      0.0131109    0.00228534    0.13126      0.0623184    0.0705757   
0.0131109    24.9334      -0.00082188   0.0623184    0.0857982    0.071601    
0.00228534   -0.00082188  24.8815       0.0705757    0.071601     0.0997375   

Stress Spherical
0            0            0             0            0            0           
0            0            0             0            0            0           
0            0            0             0            0            0           

Inertia
266.718      -100.044     -100.051      0.326672     0.170656     0.153139    
-100.044     266.827      -99.9728      0.170656     0.326446     0.160265    
-100.051     -99.9728     266.689       0.153139     0.160265     0.268625    

Bond Length
0.59713072    0.00050317736

BB bond length
0.59713072    0.00050317736

Water EE distance
0             0           

PEG EE distance
6.7071023     0.089100679 

BBB P2(x)
0.057182825   0.004609276 

BBB first bond length
0.59726994    0.00049035606

BBB second bond length
0.59722255    0.00052358234

BBB <phi**2>/<phi>**2
1.1140522     0.0018703325

Time = 12000
Temperature
1.0118224     0.0043029613

Pressure
27.953058     0.0447177   

CM Mom
-7.0637466e-17 2.8707131e-17 
-4.1644645e-17 1.4643199e-17 
3.7823162e-18  1.3012889e-17 
8.6390725e-17  2.1971218e-17 

CM Pos
9.9974853      0.0075264142  
10.003929      0.014902687   
10.002642      0.0085742606  
17.322856      0.013390555   

Stress
24.9141      0.0163501    0.0267734     0.10326      0.0714978    0.0697516   
0.0163501    24.9224      0.0255962     0.0714978    0.0570661    0.0616881   
0.0267734    0.0255962    24.9208       0.0697516    0.0616881    0.0697225   

Stress Spherical
0            0            0             0            0            0           
0            0            0             0            0            0           
0            0            0             0            0            0           

Inertia
266.824      -100.011     -99.9963      0.406206     0.177488     0.180308    
-100.011     266.707      -100.061      0.177488     0.318726     0.202004    
-99.9963     -100.061     266.722       0.180308     0.202004     0.316492    

Bond Length
0.59706055    0.00024023484

BB bond length
0.59706055    0.00024023484

Water EE distance
0             0           

PEG EE distance
6.489493      0.053238908 

BBB P2(x)
0.057948795   0.0016569257

BBB first bond length
0.59718379    0.00031581828

BBB second bond length
0.5971897     0.00028100092

BBB <phi**2>/<phi>**2
1.114419      0.0010645994

Time = 13000
Temperature
1.0116626     0.0053038102

Pressure
27.957738     0.086781442 

CM Mom
-9.7671209e-17 2.4065253e-17 
-4.4818405e-17 6.3444721e-18 
2.3731318e-18  1.4352639e-17 
1.0904527e-16  2.2102096e-17 

CM Pos
10.008157      0.011945927   
10.000761      0.0088820815  
10.000725      0.011170075   
17.326081      0.01339115    

Stress
24.9221      -0.00460319  -0.0258852    0.11496      0.0650529    0.0566103   
-0.00460319  24.8731      -0.00783038   0.0650529    0.093922     0.0477321   
-0.0258852   -0.00783038  24.9776       0.0566103    0.0477321    0.0936431   

Stress Spherical
0            0            0             0            0            0           
0            0            0             0            0            0           
0            0            0             0            0            0           

Inertia
266.712      -100.086     -100.055      0.299433     0.171739     0.191085    
-100.086     266.829      -99.9772      0.171739     0.37063      0.190961    
-100.055     -99.9772     266.832       0.191085     0.190961     0.372051    

Bond Length
0.5971671     0.00049241133

BB bond length
0.5971671     0.00049241133

Water EE distance
0             0           

PEG EE distance
6.3275489     0.055590978 

BBB P2(x)
0.055037702   0.0010787499

BBB first bond length
0.59726734    0.00047966163

BBB second bond length
0.59731878    0.00048582896

BBB <phi**2>/<phi>**2
1.1137942     0.0008509999

Time = 14000
Temperature
1.0101007     0.0049296402

Pressure
27.929498     0.035821423 

CM Mom
-8.2895542e-17 1.5333353e-17 
-3.9811224e-17 1.6883939e-17 
1.2616505e-17  2.144428e-17  
9.6886211e-17  1.4452643e-17 

CM Pos
10.004572      0.0090199289  
10.000928      0.0088711179  
9.9972229      0.0082709534  
17.322083      0.012286898   

Stress
24.9207      0.0226803    -0.000496281  0.0895172    0.0595689    0.0519574   
0.0226803    24.8718      0.0306594     0.0595689    0.0458982    0.0638801   
-0.000496281 0.0306594    24.9096       0.0519574    0.0638801    0.0545338   

Stress Spherical
0            0            0             0            0            0           
0            0            0             0            0            0           
0            0            0             0            0            0           

Inertia
266.649      -100.029     -100.014      0.321626     0.209626     0.133471    
-100.029     266.693      -99.9955      0.209626     0.269087     0.143565    
-100.014     -99.9955     266.759       0.133471     0.143565     0.328314    

Bond Length
0.596929      0.00042937105

BB bond length
0.596929      0.00042937105

Water EE distance
0             0           

PEG EE distance
6.2679746     0.052925174 

BBB P2(x)
0.055298731   0.0030807547

BBB first bond length
0.59708265    0.00043177788

BBB second bond length
0.59702425    0.00043797725

BBB <phi**2>/<phi>**2
1.1143951     0.0015341679

Time = 15000
Temperature
1.0104689     0.0041509496

Pressure
27.976756     0.054567247 

CM Mom
-6.8362742e-17 1.4809246e-17 
-3.5809529e-17 2.0661616e-17 
2.6017728e-17  1.8798647e-17 
8.6261551e-17  1.3829646e-17 

CM Pos
10.004989      0.013025996   
10.007348      0.010735647   
9.9964726      0.0098212802  
17.325602      0.012832884   

Stress
24.9631      0.0183054    0.0160496     0.0858743    0.0770806    0.0362262   
0.0183054    24.946       0.00378943    0.0770806    0.0806249    0.0672152   
0.0160496    0.00378943   24.9315       0.0362262    0.0672152    0.0652684   

Stress Spherical
0            0            0             0            0            0           
0            0            0             0            0            0           
0            0            0             0            0            0           

Inertia
266.791      -100.098     -100.016      0.401549     0.205645     0.135831    
-100.098     266.669      -100.082      0.205645     0.304707     0.161431    
-100.016     -100.082     266.895       0.135831     0.161431     0.354118    

Bond Length
0.59699063    0.00053842141

BB bond length
0.59699063    0.00053842141

Water EE distance
0             0           

PEG EE distance
6.2042511     0.0237515   

BBB P2(x)
0.057609805   0.0028932483

BBB first bond length
0.59710026    0.00055288832

BBB second bond length
0.5971297     0.00058198893

BBB <phi**2>/<phi>**2
1.1141001     0.00089929221

Time = 16000
Temperature
1.012588      0.0057952586

Pressure
27.962078     0.060253962 

CM Mom
-6.8575062e-17 1.7653298e-17 
-3.8285986e-17 2.0095191e-17 
6.764062e-18   1.6582418e-17 
8.320862e-17   1.6759063e-17 

CM Pos
10.000987      0.011820743   
10.000844      0.008427066   
10.004643      0.0077246856  
17.324253      0.0073128463  

Stress
24.9652      0.0181578    -0.0225523    0.0681231    0.0456989    0.0533879   
0.0181578    24.8971      -0.00927977   0.0456989    0.0821491    0.06277     
-0.0225523   -0.00927977  24.9152       0.0533879    0.06277      0.10034     

Stress Spherical
0            0            0             0            0            0           
0            0            0             0            0            0           
0            0            0             0            0            0           

Inertia
266.777      -100.039     -100.031      0.236298     0.0621034    0.133919    
-100.039     266.739      -100.067      0.0621034    0.250528     0.137202    
-100.031     -100.067     266.678       0.133919     0.137202     0.222697    

Bond Length
0.59704757    0.00028551295

BB bond length
0.59704757    0.00028551295

Water EE distance
0             0           

PEG EE distance
6.175216      0.044174091 

BBB P2(x)
0.056541529   0.0044198505

BBB first bond length
0.59712919    0.00029685823

BBB second bond length
0.59718221    0.00027249609

BBB <phi**2>/<phi>**2
1.1141216     0.0021670731

Time = 17000
Temperature
1.008542      0.0050107631

Pressure
27.951536     0.050454535 

CM Mom
-8.9118157e-17 1.5237051e-17 
5.3342819e-18  1.6508009e-17 
1.8673574e-17  1.6000566e-17 
9.4523552e-17  1.2049947e-17 

CM Pos
9.9920659      0.0056449261  
9.9950081      0.012834338   
9.9986403      0.007533338   
17.312264      0.011680128   

Stress
24.925       0.00874624   -0.0128595    0.0700199    0.0602531    0.0550217   
0.00874624   24.8995      -0.0127853    0.0602531    0.0716724    0.0708016   
-0.0128595   -0.0127853   24.9578       0.0550217    0.0708016    0.0781989   

Stress Spherical
0            0            0             0            0            0           
0            0            0             0            0            0           
0            0            0             0            0            0           

Inertia
266.558      -99.9003     -99.9557      0.358394     0.191527     0.0981186   
-99.9003     266.472      -99.9524      0.191527     0.21042      0.170898    
-99.9557     -99.9524     266.387       0.0981186    0.170898     0.355891    

Bond Length
0.5970372     0.00046523422

BB bond length
0.5970372     0.00046523422

Water EE distance
0             0           

PEG EE distance
6.098838      0.03089351  

BBB P2(x)
0.057653733   0.0016533832

BBB first bond length
0.59713073    0.00044141543

BBB second bond length
0.59721656    0.00049922279

BBB <phi**2>/<phi>**2
1.1144219     0.00076273079

Time = 18000
Temperature
1.009564      0.0064459203

Pressure
27.92823      0.092316419 

CM Mom
-7.5695615e-17 2.8039807e-17 
-3.8741868e-18 9.6635641e-18 
2.1704147e-18  1.5696953e-17 
7.8009164e-17  2.810918e-17  

CM Pos
10.002821      0.010124145   
10.002595      0.0070554187  
10.000808      0.01828557    
17.324112      0.012000513   

Stress
24.9219      0.0398033    6.5794e-06    0.0791875    0.035949     0.0458241   
0.0398033    24.9029      0.000318444   0.035949     0.102645     0.0461425   
6.5794e-06   0.000318444  24.8783       0.0458241    0.0461425    0.156462    

Stress Spherical
0            0            0             0            0            0           
0            0            0             0            0            0           
0            0            0             0            0            0           

Inertia
266.767      -100.103     -100.044      0.426576     0.11661      0.271045    
-100.103     266.755      -100.043      0.11661      0.398096     0.190152    
-100.044     -100.043     266.776       0.271045     0.190152     0.231155    

Bond Length
0.59717165    0.00056092994

BB bond length
0.59717165    0.00056092994

Water EE distance
0             0           

PEG EE distance
6.0233967     0.023955898 

BBB P2(x)
0.055766626   0.0034560597

BBB first bond length
0.59731825    0.00062326381

BBB second bond length
0.59728821    0.00058740691

BBB <phi**2>/<phi>**2
1.1138512     0.0015578662

Time = 19000
Temperature
1.0105495     0.0043677122

Pressure
27.957222     0.054979455 

CM Mom
-7.6303072e-17 1.3917245e-17 
-3.4611161e-18 1.7169367e-17 
4.0855819e-18  1.4149601e-17 
7.9593738e-17  1.4295278e-17 

CM Pos
9.9964848      0.0092426015  
9.9973426      0.014937863   
10.003893      0.0060589036  
17.319202      0.0058578184  

Stress
24.9561      -0.0203695   0.0024886     0.112482     0.060812     0.0409513   
-0.0203695   24.9547      0.0371615     0.060812     0.109202     0.0662255   
0.0024886    0.0371615    24.8705       0.0409513    0.0662255    0.089503    

Stress Spherical
0            0            0             0            0            0           
0            0            0             0            0            0           
0            0            0             0            0            0           

Inertia
266.706      -99.9567     -99.9732      0.391844     0.122189     0.0972053   
-99.9567     266.642      -100.018      0.122189     0.142078     0.2129      
-99.9732     -100.018     266.535       0.0972053    0.2129       0.285239    

Bond Length
0.59728253    0.00058795448

BB bond length
0.59728253    0.00058795448

Water EE distance
0             0           

PEG EE distance
5.9323106     0.048029691 

BBB P2(x)
0.056907586   0.0036644782

BBB first bond length
0.59741826    0.00059562544

BBB second bond length
0.59740976    0.0006055926

BBB <phi**2>/<phi>**2
1.1138724     0.0017176495

Time = 20000
Temperature
1.0103511     0.0069310611

Pressure
27.981185     0.06392549  

CM Mom
-8.1235102e-17 1.1997296e-17 
3.4737281e-18  1.3642707e-17 
1.5298196e-17  2.3609291e-17 
8.6738888e-17  1.4459109e-17 

CM Pos
10.00649       0.010686648   
9.9982598      0.0089211272  
9.9992239      0.0064522786  
17.322809      0.0073603614  

Stress
24.9528      -0.0243714   0.0137838     0.111281     0.0268795    0.0305053   
-0.0243714   24.9658      -0.0269427    0.0268795    0.112054     0.0503288   
0.0137838    -0.0269427   24.9363       0.0305053    0.0503288    0.0723841   

Stress Spherical
0            0            0             0            0            0           
0            0            0             0            0            0           
0            0            0             0            0            0           

Inertia
266.615      -100.01      -100.086      0.194414     0.113272     0.141375    
-100.01      266.76       -99.9974      0.113272     0.244895     0.125346    
-100.086     -99.9974     266.761       0.141375     0.125346     0.243307    

Bond Length
0.59706454    0.00067475843

BB bond length
0.59706454    0.00067475843

Water EE distance
0             0           

PEG EE distance
5.8539398     0.039123549 

BBB P2(x)
0.054082474   0.003786142 

BBB first bond length
0.59716664    0.00066561478

BBB second bond length
0.59715046    0.00066435571

BBB <phi**2>/<phi>**2
1.1133364     0.0016847527

Time = 21000
Temperature
1.0103514     0.0026657242

Pressure
27.940046     0.044102707 

CM Mom
-8.2479694e-17 1.6116766e-17 
-1.5997928e-17 1.238028e-17  
-3.7659438e-18 1.4205341e-17 
8.6292217e-17  1.5539708e-17 

CM Pos
9.9964848      0.0069201267  
9.9995104      0.010164916   
9.9979733      0.010205865   
17.317029      0.012103417   

Stress
24.8888      -0.0075163   -0.0217532    0.0709967    0.0723105    0.0782456   
-0.0075163   24.9053      -0.00643794   0.0723105    0.0622267    0.0475791   
-0.0217532   -0.00643794  24.9374       0.0782456    0.0475791    0.0873648   

Stress Spherical
0            0            0             0            0            0           
0            0            0             0            0            0           
0            0            0             0            0            0           

Inertia
266.58       -99.9659     -99.9521      0.342843     0.145936     0.143936    
-99.9659     266.565      -99.9621      0.145936     0.273741     0.197208    
-99.9521     -99.9621     266.56        0.143936     0.197208     0.3094      

Bond Length
0.59720814    0.00054583325

BB bond length
0.59720814    0.00054583325

Water EE distance
0             0           

PEG EE distance
5.8484149     0.047445394 

BBB P2(x)
0.053914967   0.0019383117

BBB first bond length
0.59734483    0.0005628483

BBB second bond length
0.59728112    0.00048833677

BBB <phi**2>/<phi>**2
1.1127445     0.0013909635

Time = 22000
Temperature
1.0097719     0.0036386942

Pressure
27.935477     0.046241968 

CM Mom
-7.5374299e-17 2.0513472e-17 
-1.8742072e-18 1.1409474e-17 
-2.8001567e-17 3.1549372e-17 
8.5616865e-17  2.6172108e-17 

CM Pos
10.004656      0.010851892   
10.004179      0.0049997213  
10.002142      0.0099156703  
17.326852      0.0053131692  

Stress
24.9468      0.0287791    -0.0126024    0.0681839    0.0542352    0.0687787   
0.0287791    24.9004      -0.00309634   0.0542352    0.0710182    0.0418183   
-0.0126024   -0.00309634  24.8758       0.0687787    0.0418183    0.0730907   

Stress Spherical
0            0            0             0            0            0           
0            0            0             0            0            0           
0            0            0             0            0            0           

Inertia
266.708      -100.113     -100.113      0.187531     0.106482     0.14413     
-100.113     266.785      -100.025      0.106482     0.218979     0.128231    
-100.113     -100.025     266.812       0.14413      0.128231     0.154642    

Bond Length
0.59722023    0.00061171065

BB bond length
0.59722023    0.00061171065

Water EE distance
0             0           

PEG EE distance
5.8126367     0.022053106 

BBB P2(x)
0.053323091   0.0022660541

BBB first bond length
0.59730133    0.00056199751

BBB second bond length
0.59735162    0.00055739666

BBB <phi**2>/<phi>**2
1.1129641     0.00097020367

Time = 23000
Temperature
1.0162377     0.0050535773

Pressure
27.96096      0.065176555 

CM Mom
-9.0146495e-17 1.896488e-17  
-1.804367e-17  3.0934446e-17 
-4.5967713e-17 1.8805313e-17 
1.0885036e-16  1.9668281e-17 

CM Pos
10.008324      0.0088192488  
10.003679      0.012066068   
9.9976398      0.011240487   
17.326083      0.011810078   

Stress
24.8864      0.0151195    0.0159954     0.104024     0.0740783    0.043461    
0.0151195    24.9079      -0.0123609    0.0740783    0.0708287    0.0505672   
0.0159954    -0.0123609   24.947        0.043461     0.0505672    0.0776468   

Stress Spherical
0            0            0             0            0            0           
0            0            0             0            0            0           
0            0            0             0            0            0           

Inertia
266.632      -100.094     -100.094      0.367463     0.200861     0.142754    
-100.094     266.787      -100.038      0.200861     0.276016     0.185522    
-100.094     -100.038     266.919       0.142754     0.185522     0.337443    

Bond Length
0.59681277    0.0004883978

BB bond length
0.59681277    0.0004883978

Water EE distance
0             0           

PEG EE distance
5.7371831     0.03537146  

BBB P2(x)
0.051986604   0.001616031 

BBB first bond length
0.59693388    0.00048160302

BBB second bond length
0.59695853    0.00045873938

BBB <phi**2>/<phi>**2
1.112652      0.0012145636

Time = 24000
Temperature
1.0118103     0.0024754539

Pressure
27.997508     0.049019166 

CM Mom
-1.1712904e-16 1.5293245e-17 
7.0391532e-18  2.0677371e-17 
-4.4331571e-17 1.4631903e-17 
1.2808768e-16  1.425221e-17  

CM Pos
9.9933999      0.0086308249  
10.003346      0.010472115   
10.000558      0.010232055   
17.318959      0.0092686131  

Stress
24.9366      0.0336876    -0.0564935    0.0708792    0.0492467    0.0551682   
0.0336876    24.9853      -0.0266194    0.0492467    0.0595717    0.059787    
-0.0564935   -0.0266194   24.9689       0.0551682    0.059787     0.0914714   

Stress Spherical
0            0            0             0            0            0           
0            0            0             0            0            0           
0            0            0             0            0            0           

Inertia
266.729      -99.9518     -99.9939      0.288437     0.146311     0.190073    
-99.9518     266.535      -100.023      0.146311     0.260398     0.15028     
-99.9939     -100.023     266.641       0.190073     0.15028      0.248717    

Bond Length
0.59713396    0.00045873575

BB bond length
0.59713396    0.00045873575

Water EE distance
0             0           

PEG EE distance
5.6494667     0.034115371 

BBB P2(x)
0.052196282   0.0026494616

BBB first bond length
0.59727433    0.00047228618

BBB second bond length
0.59729069    0.00046475443

BBB <phi**2>/<phi>**2
1.1129475     0.0016099852

Time = 25000
Temperature
1.0091794     0.0037234592

Pressure
27.969767     0.04902334  

CM Mom
-1.1158047e-16 1.8960396e-17 
1.8958211e-17  1.4640533e-17 
-7.9198848e-17 3.1163133e-17 
1.4224927e-16  1.9804028e-17 

CM Pos
9.9928997      0.010082519   
9.9945913      0.0093294376  
9.9997242      0.01249541    
17.313135      0.0095423816  

Stress
24.9592      -0.00043176  -0.0215651    0.0810773    0.0519178    0.0510336   
-0.00043176  24.9146      0.0052126     0.0519178    0.0924322    0.0521443   
-0.0215651   0.0052126    24.9574       0.0510336    0.0521443    0.0998053   

Stress Spherical
0            0            0             0            0            0           
0            0            0             0            0            0           
0            0            0             0            0            0           

Inertia
266.577      -99.9072     -99.8973      0.388935     0.0754201    0.181308    
-99.9072     266.535      -99.9716      0.0754201    0.301645     0.216438    
-99.8973     -99.9716     266.442       0.181308     0.216438     0.140122    

Bond Length
0.59715105    0.00042121798

BB bond length
0.59715105    0.00042121798

Water EE distance
0             0           

PEG EE distance
5.7173457     0.033000847 

BBB P2(x)
0.055582041   0.0036665795

BBB first bond length
0.59729659    0.00040888682

BBB second bond length
0.59731488    0.00038032471

BBB <phi**2>/<phi>**2
1.1139961     0.0013384013

Time = 26000
Temperature
1.0112959     0.006821463 

Pressure
27.946292     0.062876544 

CM Mom
-1.2515233e-16 1.6224514e-17 
1.2542771e-17  8.2726035e-18 
-6.9988615e-17 1.4010254e-17 
1.4505478e-16  1.434923e-17  

CM Pos
9.9910654      0.012451662   
10.001762      0.010473774   
9.9940547      0.01185832    
17.312947      0.0038184057  

Stress
24.8979      -0.00120355  0.0239379     0.0971423    0.0757989    0.0614359   
-0.00120355  24.897       -0.032157     0.0757989    0.0964424    0.0605116   
0.0239379    -0.032157    24.9469       0.0614359    0.0605116    0.0864028   

Stress Spherical
0            0            0             0            0            0           
0            0            0             0            0            0           
0            0            0             0            0            0           

Inertia
266.596      -99.9255     -99.7919      0.257923     0.15917      0.161812    
-99.9255     266.401      -99.9509      0.15917      0.267275     0.111425    
-99.7919     -99.9509     266.561       0.161812     0.111425     0.219639    

Bond Length
0.59733433    0.00046108172

BB bond length
0.59733433    0.00046108172

Water EE distance
0             0           

PEG EE distance
5.719758      0.045791197 

BBB P2(x)
0.052058799   0.0055745007

BBB first bond length
0.59743231    0.00047403053

BBB second bond length
0.59745102    0.00049316659

BBB <phi**2>/<phi>**2
1.1121584     0.0021369701

Time = 27000
Temperature
1.0131916     0.0064413356

Pressure
27.972724     0.069394456 

CM Mom
-1.282897e-16  1.5936467e-17 
3.6261824e-17  1.1410917e-17 
-9.7942077e-17 1.4584917e-17 
1.6694176e-16  9.6523135e-18 

CM Pos
10.005573      0.01237101    
9.9963421      0.010121054   
10.003726      0.0097534521  
17.323772      0.011936487   

Stress
24.9459      -0.0166191   -0.0258866    0.0886575    0.0339658    0.0556775   
-0.0166191   24.9565      0.0113473     0.0339658    0.0819303    0.100098    
-0.0258866   0.0113473    24.9016       0.0556775    0.100098     0.0966271   

Stress Spherical
0            0            0             0            0            0           
0            0            0             0            0            0           
0            0            0             0            0            0           

Inertia
266.655      -100.054     -100.088      0.281378     0.183487     0.176457    
-100.054     266.858      -100.014      0.183487     0.327763     0.161913    
-100.088     -100.014     266.677       0.176457     0.161913     0.362371    

Bond Length
0.59710269    0.00040004615

BB bond length
0.59710269    0.00040004615

Water EE distance
0             0           

PEG EE distance
5.6473795     0.027353537 

BBB P2(x)
0.051654313   0.0043783123

BBB first bond length
0.59716743    0.0003931622

BBB second bond length
0.59725115    0.0004162008

BBB <phi**2>/<phi>**2
1.1116357     0.0020748247

Time = 28000
Temperature
1.0112917     0.0060976354

Pressure
27.978904     0.075766476 

CM Mom
-1.3210013e-16 2.2624596e-17 
7.17295e-17    9.5612276e-18 
-9.8573022e-17 1.8392235e-17 
1.8111275e-16  2.1258958e-17 

CM Pos
10.001321      0.0077682078  
9.9937575      0.010559702   
10.005227      0.015535744   
17.320695      0.010825902   

Stress
24.993       0.0191307    -0.00816747   0.0798       0.0602346    0.0641825   
0.0191307    24.9188      -0.0232605    0.0602346    0.0975797    0.0743786   
-0.00816747  -0.0232605   24.9279       0.0641825    0.0743786    0.0940937   

Stress Spherical
