Time = 500
Temperature
   1.0379864   0.046376029

Pressure
    22.95291    0.19492818

CM Mom
-6.2312804e-17 6.0735371e-18 
-1.1692915e-18 1.3148149e-17 
-3.0379619e-18 5.0243193e-18 
6.3941816e-17  6.3191508e-18 

CM Pos
7.52567        0.0093535697  
7.5052875      0.017186806   
7.4748168      0.01631455    
12.993772      0.021735104   

Stress
19.7681      -0.0348613   -0.00427187   0.174526     0.0587863    0.0296556   
-0.0348613   19.8736      0.0496263     0.0587863    0.0583488    0.0767556   
-0.00427187  0.0496263    19.8871       0.0296556    0.0767556    0.144649    

Stress Spherical
0            0            0             0            0            0           
0            0            0             0            0            0           
0            0            0             0            0            0           

Inertia
149.281      -56.5427     -56.22        0.429484     0.150207     0.209872    
-56.5427     149.601      -56.0898      0.150207     0.18599      0.334096    
-56.22       -56.0898     150.103       0.209872     0.334096     0.268592    

Bond Length
0.61344316    0.0050208403

BB bond length
0.61344316    0.0050208403

Water EE distance
0             0           

PEG EE distance
3.679859      0.10306618  

Time = 1000
Temperature
1.0175736     0.010301925 

Pressure
22.822736     0.055717649 

CM Mom
-6.5016997e-17 9.5701097e-18 
2.6729015e-17  2.9405134e-17 
-8.2712274e-18 1.4254143e-17 
7.7723516e-17  1.1337895e-17 

CM Pos
7.5158796      0.0077704515  
7.510331       0.012318358   
7.4742235      0.01055604    
12.990682      0.0070538012  

Stress
19.7812      -0.00649932  -0.052336     0.169552     0.088179     0.0641244   
-0.00649932  19.7803      -0.0236758    0.088179     0.108988     0.0629489   
-0.052336    -0.0236758   19.7603       0.0641244    0.0629489    0.0361345   

Stress Spherical
0            0            0             0            0            0           
0            0            0             0            0            0           
0            0            0             0            0            0           

Inertia
149.349      -56.403      -56.1916      0.2478       0.056718     0.0641147   
-56.403      149.507      -56.1075      0.056718     0.225291     0.0731727   
-56.1916     -56.1075     150.082       0.0641147    0.0731727    0.11748     

Bond Length
0.61033539    0.0045872722

BB bond length
0.61033539    0.0045872722

Water EE distance
0             0           

PEG EE distance
3.5169195     0.1186536   

