Time = 1000
Temperature
   1.0216606     0.0347772

Pressure
   23.773298    0.14594243

CM Mom
-2.9006825e-17 1.7880425e-17 
-5.8203365e-19 1.5132299e-17 
-3.0976157e-17 2.8304574e-17 
5.1717115e-17  2.182755e-17  

CM Pos
7.5048281      0.032597496   
7.5008434      0.011805701   
7.4967298      0.010709822   
12.991794      0.025464508   

Stress
20.6223      0.0134912    -0.031369     0.0872693    0.0825635    0.0914462   
0.0134912    20.73        0.00405808    0.0825635    0.0931682    0.0809037   
-0.031369    0.00405808   20.7735       0.0914462    0.0809037    0.113073    

Stress Spherical
0            0            0             0            0            0           
0            0            0             0            0            0           
0            0            0             0            0            0           

Inertia
149.966      -56.2928     -56.2407      0.265801     0.303453     0.258041    
-56.2928     150.033      -56.2639      0.303453     0.471014     0.15652     
-56.2407     -56.2639     150.089       0.258041     0.15652      0.543908    

Bond Length
0.56669493    0.02263524  

BB bond length
0.56669493    0.02263524  

Water EE distance
0             0           

PEG EE distance
2.4919623     0.41888757  

Time = 2000
Temperature
1.0135617     0.011775098 

Pressure
23.725867     0.097457714 

CM Mom
-4.2709152e-17 1.2948149e-17 
-1.2314001e-17 1.540299e-17  
-1.4302936e-17 8.7987224e-18 
5.0906767e-17  8.4324104e-18 

CM Pos
7.5012722      0.013795061   
7.4989173      0.010430491   
7.5099163      0.011051792   
12.996227      0.013867684   

Stress
20.6902      0.00544894   -0.00920631   0.0863158    0.0808965    0.074168    
0.00544894   20.6707      0.00748952    0.0808965    0.113295     0.0473009   
-0.00920631  0.00748952   20.6955       0.074168     0.0473009    0.100667    

Stress Spherical
0            0            0             0            0            0           
0            0            0             0            0            0           
0            0            0             0            0            0           

Inertia
150.122      -56.2232     -56.3496      0.272296     0.155846     0.164065    
-56.2232     150.155      -56.321       0.155846     0.340376     0.13302     
-56.3496     -56.321      149.997       0.164065     0.13302      0.256414    

Bond Length
0.57256115    0.02911565  

BB bond length
0.57256115    0.02911565  

Water EE distance
0             0           

PEG EE distance
2.0830635     0.62950984  

Time = 3000
Temperature
1.01073       0.0071294974

Pressure
23.736773     0.085133233 

CM Mom
-5.2918456e-17 2.5805517e-17 
-1.7977588e-17 9.0790069e-18 
8.5438044e-18  2.1398804e-17 
6.3408761e-17  1.9548508e-17 

CM Pos
7.5008277      0.006879605   
7.4974356      0.013413438   
7.5008784      0.010787431   
12.989897      0.0074520886  

Stress
20.698       -0.00879563  0.0480871     0.0919767    0.0622611    0.0778895   
-0.00879563  20.6821      -0.0199113    0.0622611    0.0645329    0.103373    
0.0480871    -0.0199113   20.7346       0.0778895    0.103373     0.135534    

Stress Spherical
0            0            0             0            0            0           
0            0            0             0            0            0           
0            0            0             0            0            0           

Inertia
149.998      -56.2421     -56.2866      0.243315     0.117458     0.114182    
-56.2421     150.033      -56.2491      0.117458     0.145444     0.190855    
-56.2866     -56.2491     149.998       0.114182     0.190855     0.230752    

Bond Length
0.57569548    0.01481465  

BB bond length
0.57569548    0.01481465  

Water EE distance
0             0           

PEG EE distance
2.1252039     0.79712365  

