Time = 1000
Temperature
   1.1433342     0.2063578

Pressure
   23.864587    0.98390353

CM Mom
-3.8431705e-17 3.0192891e-17 
3.5833118e-18  2.7006165e-17 
1.1391968e-17  2.1997536e-16 
1.718864e-16   1.4867677e-16 

CM Pos
7.4936146      0.027851381   
7.5010036      0.026354233   
7.5008876      0.012793389   
12.987841      0.015997086   

Stress
20.4564      0.011613     -0.0145389    0.41837      0.0530179    0.0697717   
0.011613     20.3989      -0.012078     0.0530179    0.419521     0.0890238   
-0.0145389   -0.012078    20.4576       0.0697717    0.0890238    0.327922    

Stress Spherical
0            0            0             0            0            0           
0            0            0             0            0            0           
0            0            0             0            0            0           

Inertia
150.175      -56.25       -56.216       1.71023      0.20314      0.242573    
-56.25       150.101      -56.2965      0.20314      1.08399      0.245056    
-56.216      -56.2965     150.086       0.242573     0.245056     1.32879     

Bond Length
0.61878992    0.0081997844

BB bond length
0.61878992    0.0081997844

Water EE distance
0             0           

PEG EE distance
7.2917341     0.1143864   

BBB P2(x)
0.4791209     0.061967837 

BBB first bond length
0.61863294    0.0083827086

BBB second bond length
0.6188994     0.0081353585

BBB <phi**2>/<phi>**2
1.2198088     0.012982524 

Time = 2000
Temperature
1.0166022     0.0055449072

Pressure
23.161578     0.061314517 

CM Mom
-2.7571746e-18 2.7946418e-17 
-1.2346786e-19 2.6234977e-17 
1.7895706e-17  5.0351807e-17 
5.9885085e-17  2.7317228e-17 

CM Pos
7.4962836      0.013938316   
7.4981863      0.010208727   
7.5037049      0.011736618   
12.989341      0.010165945   

Stress
20.0893      -0.07777     -0.0353949    0.0863848    0.0781857    0.0307017   
-0.07777     20.1474      0.0246615     0.0781857    0.0833395    0.0921145   
-0.0353949   0.0246615    20.1067       0.0307017    0.0921145    0.0985338   

Stress Spherical
0            0            0             0            0            0           
0            0            0             0            0            0           
0            0            0             0            0            0           

Inertia
149.905      -56.174      -56.2164      0.483374     0.0912274    0.133579    
-56.174      149.909      -56.2863      0.0912274    0.266217     0.106326    
-56.2164     -56.2863     149.791       0.133579     0.106326     0.260229    

Bond Length
0.6182723     0.0027273465

BB bond length
0.6182723     0.0027273465

Water EE distance
0             0           

PEG EE distance
7.2508603     0.088516247 

BBB P2(x)
0.51267127    0.0092073796

BBB first bond length
0.61811789    0.0027580366

BBB second bond length
0.61829067    0.0026491749

BBB <phi**2>/<phi>**2
1.2252204     0.0089822677

