Time = 1000
Temperature
   1.1484653    0.22009619

Pressure
   23.872563      1.027189

CM Mom
6.9489026e-18  2.7300795e-17 
5.3197775e-17  2.0904345e-17 
-5.3921828e-17 3.478092e-16  
2.5974118e-16  2.4591449e-16 

CM Pos
7.5002539      0.017619282   
7.5010327      0.017323265   
7.4916852      0.019937753   
12.986359      0.011738535   

Stress
20.4829      -0.0232846   -0.0285934    0.412312     0.050872     0.0538301   
-0.0232846   20.3892      0.0436229     0.050872     0.411331     0.0800465   
-0.0285934   0.0436229    20.4124       0.0538301    0.0800465    0.389488    

Stress Spherical
0            0            0             0            0            0           
0            0            0             0            0            0           
0            0            0             0            0            0           

Inertia
150.083      -56.2521     -56.2214      1.25515      0.114943     0.211827    
-56.2521     150.036      -56.1732      0.114943     1.22671      0.142498    
-56.2214     -56.1732     150.172       0.211827     0.142498     1.47679     

Bond Length
0.61914588    0.0091580099

BB bond length
0.61914588    0.0091580099

Water EE distance
0             0           

PEG EE distance
7.0808232     0.18877414  

BBB P2(x)
0.47069362    0.071678545 

BBB first bond length
0.6190354     0.0092326753

BBB second bond length
0.61914714    0.0090698528

BBB <phi**2>/<phi>**2
1.2146545     0.016128597 

Time = 2000
Temperature
1.0104724     0.0089158704

Pressure
23.200402     0.073512437 

CM Mom
4.1071232e-18  1.5565912e-17 
5.1098832e-17  1.9845891e-17 
-8.1991649e-17 6.3038477e-17 
1.0849585e-16  4.6789385e-17 

CM Pos
7.4974382      0.015661454   
7.4956977      0.014796218   
7.5030959      0.0094238963  
12.98822       0.014173471   

Stress
20.1688      -0.0638533   -0.0225948    0.153075     0.0538315    0.0584751   
-0.0638533   20.1903      0.00738207    0.0538315    0.102714     0.0780867   
-0.0225948   0.00738207   20.1506       0.0584751    0.0780867    0.0937159   

Stress Spherical
0            0            0             0            0            0           
0            0            0             0            0            0           
0            0            0             0            0            0           

Inertia
149.879      -56.1942     -56.3059      0.367729     0.156149     0.10779     
-56.1942     149.878      -56.2826      0.156149     0.253634     0.148313    
-56.3059     -56.2826     149.786       0.10779      0.148313     0.362033    

Bond Length
0.61648302    0.0018606892

BB bond length
0.61648302    0.0018606892

Water EE distance
0             0           

PEG EE distance
7.2108373     0.11537807  

BBB P2(x)
0.50920472    0.0074301902

BBB first bond length
0.61640867    0.0019303736

BBB second bond length
0.61659748    0.0018762263

BBB <phi**2>/<phi>**2
1.2256813     0.0052213746

