Time = 500
Temperature
   1.0335722   0.036509901

Pressure
   23.164745    0.14383088

CM Mom
4.1656424e-17  1.031832e-17  
-4.1210029e-17 1.4775409e-17 
-3.9236665e-18 1.8680069e-17 
6.3632643e-17  8.5750551e-18 

CM Pos
7.5112032      0.022742441   
7.4888516      0.01400015    
7.4857118      0.015824678   
12.982206      0.015583622   

Stress
20.0343      0.0257306    -0.0496415    0.0698264    0.060867     0.0803161   
0.0257306    20.1346      -0.0231299    0.060867     0.0855669    0.0366382   
-0.0496415   -0.0231299   20.037        0.0803161    0.0366382    0.167767    

Stress Spherical
0            0            0             0            0            0           
0            0            0             0            0            0           
0            0            0             0            0            0           

Inertia
149.392      -56.2686     -56.2782      0.356588     0.296717     0.13627     
-56.2686     149.694      -56.0615      0.296717     0.184055     0.157132    
-56.2782     -56.0615     149.751       0.13627      0.157132     0.482995    

Bond Length
0.61727834    0.006422274 

BB bond length
0.61727834    0.006422274 

Water EE distance
0             0           

PEG EE distance
3.5740576     0.15596493  

Time = 1000
Temperature
1.0098149     0.0064561418

Pressure
23.113326     0.092971071 

CM Mom
2.9249325e-17  7.2686116e-18 
-5.5742859e-17 7.4302827e-18 
8.7467126e-18  2.3995103e-17 
6.7191109e-17  1.4438007e-17 

CM Pos
7.5085326      0.01333662    
7.4894451      0.012728552   
7.4824477      0.015464468   
12.979101      0.019954874   

Stress
20.1802      0.0278512    0.0115937     0.130078     0.0508359    0.0555469   
0.0278512    20.0492      0.00797977    0.0508359    0.0708651    0.0400506   
0.0115937    0.00797977   20.0356       0.0555469    0.0400506    0.144819    

Stress Spherical
0            0            0             0            0            0           
0            0            0             0            0            0           
0            0            0             0            0            0           

Inertia
149.317      -56.1806     -56.1611      0.391093     0.13794      0.168695    
-56.1806     149.61       -56.0883      0.13794      0.383651     0.186149    
-56.1611     -56.0883     149.712       0.168695     0.186149     0.2801      

Bond Length
0.6093018     0.0054112932

BB bond length
0.6093018     0.0054112932

Water EE distance
0             0           

PEG EE distance
3.5185735     0.17643151  

