Time = 1000
Temperature
   2.0060419     1.9802461

Pressure
   29.022312     1.2663791

CM Mom
-2.6771286e-18 3.7101088e-17 
-1.4796844e-17 1.2431174e-16 
1.8363464e-16  1.5464407e-15 
1.0492216e-15  1.1581842e-15 

CM Pos
9.9993429      0.027904728   
10.001612      0.048876971   
10.000531      0.018954062   
17.321451      0.024161069   

Stress
23.1127      -0.0344826   0.0779692     4.45574      0.0290303    0.276572    
-0.0344826   23.0357      -0.101572     0.0290303    4.90422      0.21786     
0.0779692    -0.101572    22.8664       0.276572     0.21786      5.05728     

Stress Spherical
0            0            0             0            0            0           
0            0            0             0            0            0           
0            0            0             0            0            0           

Inertia
267.583      -99.9915     -99.9713      3.20818      0.505736     0.171385    
-99.9915     267.561      -100.077      0.505736     1.86585      0.521191    
-99.9713     -100.077     267.611       0.171385     0.521191     3.0581      

Bond Length
0.62785801    0.061819907 

BB bond length
0.62785801    0.061819907 

Water EE distance
0             0           

PEG EE distance
9.6968143     0.066382143 

BBB P2(x)
0.16321628    0.047495778 

BBB first bond length
0.62841501    0.062721262 

BBB second bond length
0.62832028    0.062538759 

BBB <phi**2>/<phi>**2
1.1465951     0.01945203  

Time = 2000
Temperature
1.0174114     0.0050462901

Pressure
28.037642     0.079870325 

CM Mom
-1.2320158e-17 1.9815892e-17 
-1.3257836e-17 1.0676243e-17 
5.4588163e-17  1.6064132e-16 
1.3720647e-16  1.0389462e-16 

CM Pos
9.9949257      0.0067811295  
10.006696      0.0087431528  
10.005532      0.0062701981  
17.324643      0.007933417   

Stress
24.9476      0.00818369   0.0207044     0.0836468    0.055694     0.0646269   
0.00818369   25.017       -0.00932536   0.055694     0.108769     0.0432364   
0.0207044    -0.00932536  24.9928       0.0646269    0.0432364    0.114609    

Stress Spherical
0            0            0             0            0            0           
0            0            0             0            0            0           
0            0            0             0            0            0           

Inertia
267.191      -100.018     -100.037      0.285712     0.122265     0.11474     
-100.018     266.913      -100.147      0.122265     0.273517     0.0838627   
-100.037     -100.147     266.948       0.11474      0.0838627    0.358025    

Bond Length
0.59737747    0.00056707965

BB bond length
0.59737747    0.00056707965

Water EE distance
0             0           

PEG EE distance
9.6071259     0.080623783 

BBB P2(x)
0.10594088    0.0069856672

BBB first bond length
0.59746363    0.00058134272

BBB second bond length
0.59748876    0.00061240898

BBB <phi**2>/<phi>**2
1.1273086     0.0019797653

Time = 3000
Temperature
1.0140354     0.0051773374

Pressure
28.057963     0.055516388 

CM Mom
-4.1533894e-18 1.1944435e-17 
9.9932564e-20  1.7138162e-17 
3.4879241e-17  4.2662049e-17 
5.2876445e-17  2.6350335e-17 

CM Pos
9.9969259      0.010530377   
10.007279      0.0079487396  
10.007782      0.0063914388  
17.327436      0.0062986438  

Stress
25.0169      -0.0219449   0.000631459   0.0519771    0.0761082    0.0561227   
-0.0219449   25.0308      0.00667385    0.0761082    0.12054      0.0466556   
0.000631459  0.00667385   25.001        0.0561227    0.0466556    0.0861222   

Stress Spherical
0            0            0             0            0            0           
0            0            0             0            0            0           
0            0            0             0            0            0           

Inertia
267.112      -100.031     -100.065      0.270249     0.142306     0.0755432   
-100.031     266.87       -100.141      0.142306     0.162851     0.158414    
-100.065     -100.141     266.89        0.0755432    0.158414     0.233487    

Bond Length
0.59721676    0.00059994486

BB bond length
0.59721676    0.00059994486

Water EE distance
0             0           

PEG EE distance
9.2452015     0.098920833 

BBB P2(x)
0.088711398   0.0027737372

BBB first bond length
0.59738001    0.00060160475

BBB second bond length
0.59732286    0.00061792791

BBB <phi**2>/<phi>**2
1.1228145     0.0014161901

Time = 4000
Temperature
1.0124737     0.0040303614

Pressure
28.071913     0.049013999 

CM Mom
-7.6395206e-18 2.1487972e-17 
1.3587185e-17  1.925795e-17  
4.4725952e-17  1.6931679e-17 
5.6491934e-17  1.3089289e-17 

CM Pos
9.9953424      0.010222783   
10.003529      0.0091454341  
10.000198      0.0097280403  
17.319976      0.011731524   

Stress
25.0651      0.00638712   0.0128351     0.0843655    0.0412149    0.0541696   
0.00638712   25.0363      -0.00655467   0.0412149    0.0812146    0.0299114   
0.0128351    -0.00655467  25.0032       0.0541696    0.0299114    0.0707858   

Stress Spherical
0            0            0             0            0            0           
0            0            0             0            0            0           
0            0            0             0            0            0           

Inertia
266.774      -99.9864     -99.934       0.276348     0.168509     0.205361    
-99.9864     266.601      -100.03       0.168509     0.314449     0.097628    
-99.934      -100.03      266.699       0.205361     0.097628     0.31389     

Bond Length
0.59689783    0.00037770187

BB bond length
0.59689783    0.00037770187

Water EE distance
0             0           

PEG EE distance
8.8798739     0.11353016  

BBB P2(x)
0.080582388   0.0019478758

BBB first bond length
0.59695703    0.00038137396

BBB second bond length
0.5969537     0.00035045449

BBB <phi**2>/<phi>**2
1.1200201     0.0011924877

Time = 5000
Temperature
1.0091802     0.0047563349

Pressure
28.061208     0.0730211   

CM Mom
-8.6038005e-18 1.5284367e-17 
4.7898233e-18  1.6283779e-17 
5.3345367e-17  2.1707359e-17 
5.8748047e-17  2.1478959e-17 

CM Pos
9.994759       0.0094425197  
9.9976112      0.0062613293  
9.9976144      0.0079962238  
17.314729      0.0096499797  

Stress
25.0262      -0.00325768  -0.00970381   0.0974118    0.0718631    0.083487    
-0.00325768  25.0516      0.018413      0.0718631    0.0981507    0.0533033   
-0.00970381  0.018413     25.0244       0.083487     0.0533033    0.0854894   

Stress Spherical
0            0            0             0            0            0           
0            0            0             0            0            0           
0            0            0             0            0            0           

Inertia
266.598      -99.9361     -99.9187      0.237957     0.08697      0.153794    
-99.9361     266.493      -99.9608      0.08697      0.318579     0.14094     
-99.9187     -99.9608     266.505       0.153794     0.14094      0.312672    

Bond Length
0.59683447    0.0003570189

BB bond length
0.59683447    0.0003570189

Water EE distance
0             0           

PEG EE distance
8.4261468     0.10351018  

BBB P2(x)
0.074242202   0.0045924096

BBB first bond length
0.59698286    0.00036971053

BBB second bond length
0.59697985    0.00035334015

BBB <phi**2>/<phi>**2
1.1187901     0.0017895991

Time = 6000
Temperature
1.0125631     0.0059182387

Pressure
28.101036     0.06268521  

CM Mom
-1.8746088e-17 1.411978e-17  
1.2112891e-17  2.6239177e-17 
6.1945351e-17  1.4118863e-17 
7.2214329e-17  1.4410413e-17 

CM Pos
10.001343      0.0071116203  
10.005696      0.0069135136  
9.9991979      0.0072962682  
17.324112      0.007075381   

Stress
25.0935      -0.0012533   0.00304887    0.0842542    0.0477751    0.0562069   
-0.0012533   25.0384      -0.00859553   0.0477751    0.0992045    0.0598775   
0.00304887   -0.00859553  25.0592       0.0562069    0.0598775    0.0980066   

Stress Spherical
0            0            0             0            0            0           
0            0            0             0            0            0           
0            0            0             0            0            0           

Inertia
266.808      -100.025     -100.008      0.217034     0.117045     0.0797607   
-100.025     266.679      -100.027      0.117045     0.160487     0.116141    
-100.008     -100.027     266.799       0.0797607    0.116141     0.219722    

Bond Length
0.59682108    0.00032616548

BB bond length
0.59682108    0.00032616548

Water EE distance
0             0           

PEG EE distance
8.052889      0.13619467  

BBB P2(x)
0.070784799   0.0026290605

BBB first bond length
0.59695166    0.00033000408

BBB second bond length
0.59698437    0.00032472949

BBB <phi**2>/<phi>**2
1.1171882     0.0013002328

Time = 7000
Temperature
1.0116357     0.0057430663

Pressure
28.145393     0.044930661 

CM Mom
-2.9688299e-17 1.3890511e-17 
2.2381193e-17  2.2465324e-17 
6.6290914e-17  1.7631733e-17 
8.0348721e-17  1.814928e-17  

CM Pos
10.005094      0.0085629367  
10.000528      0.010338993   
9.9949474      0.0088521108  
17.320841      0.012104492   

Stress
25.0822      -0.0151234   0.0374455     0.0868903    0.0382321    0.0393706   
-0.0151234   25.1609      -0.0116612    0.0382321    0.0853914    0.0611922   
0.0374455    -0.0116612   25.0895       0.0393706    0.0611922    0.0671743   

Stress Spherical
0            0            0             0            0            0           
0            0            0             0            0            0           
0            0            0             0            0            0           

Inertia
266.608      -100.049     -99.9874      0.347105     0.179314     0.194259    
-100.049     266.65       -99.9386      0.179314     0.263865     0.144243    
-99.9874     -99.9386     266.77        0.194259     0.144243     0.27652     

Bond Length
0.59643102    0.0003432784

BB bond length
0.59643102    0.0003432784

Water EE distance
0             0           

PEG EE distance
7.7566021     0.11861006  

BBB P2(x)
0.066532386   0.0018200602

BBB first bond length
0.59656763    0.00034938195

BBB second bond length
0.59653803    0.00037800191

BBB <phi**2>/<phi>**2
1.1165533     0.0013378511

Time = 8000
Temperature
1.0118187     0.0046285811

Pressure
28.092733     0.054893209 

CM Mom
-6.195657e-17  1.8581301e-17 
1.5321605e-17  1.4937426e-17 
4.9900448e-17  1.2064185e-17 
8.3329241e-17  1.8264625e-17 

CM Pos
10.003677      0.010925663   
10.003362      0.0054045065  
9.9986145      0.007538349   
17.323776      0.0094394849  

Stress
25.0175      -0.00971117  0.0397662     0.118727     0.0575327    0.043695    
-0.00971117  25.1192      -0.0172077    0.0575327    0.109752     0.053739    
0.0397662    -0.0172077   25.0363       0.043695     0.053739     0.080665    

Stress Spherical
0            0            0             0            0            0           
0            0            0             0            0            0           
0            0            0             0            0            0           

Inertia
266.705      -100.077     -100.001      0.221669     0.139565     0.128035    
-100.077     266.699      -99.9747      0.139565     0.303984     0.144781    
-100.001     -99.9747     266.772       0.128035     0.144781     0.260115    

Bond Length
0.59689978    0.00034543617

BB bond length
0.59689978    0.00034543617

Water EE distance
0             0           

PEG EE distance
7.560739      0.078708279 

BBB P2(x)
0.065030612   0.0022154455

BBB first bond length
0.59699512    0.00034532925

BBB second bond length
0.59694979    0.00031716613

BBB <phi**2>/<phi>**2
1.1164892     0.0013958947

Time = 9000
Temperature
1.0132772     0.0042910594

Pressure
28.081769     0.076055527 

CM Mom
-7.1573576e-17 2.0368303e-17 
1.84135e-17    1.8516985e-17 
6.264245e-17   1.6440453e-17 
9.9479902e-17  2.2752897e-17 

CM Pos
10.00551       0.0074175939  
9.9916104      0.013937109   
10.000615      0.0091408758  
17.319208      0.013436766   

Stress
25.0493      0.00457967   -0.0332366    0.115588     0.0484167    0.0582289   
0.00457967   25.0502      0.00796295    0.0484167    0.108151     0.0433964   
-0.0332366   0.00796295   25.0275       0.0582289    0.0433964    0.0435292   

Stress Spherical
0            0            0             0            0            0           
0            0            0             0            0            0           
0            0            0             0            0            0           

Inertia
266.485      -99.948      -100.071      0.395894     0.181374     0.147759    
-99.948      266.787      -99.9304      0.181374     0.250315     0.234885    
-100.071     -99.9304     266.602       0.147759     0.234885     0.358908    

Bond Length
0.59657774    0.00044924417

BB bond length
0.59657774    0.00044924417

Water EE distance
0             0           

PEG EE distance
7.3098854     0.034336777 

BBB P2(x)
0.063304863   0.002709587 

BBB first bond length
0.59664504    0.00045826516

BBB second bond length
0.59668808    0.00047607041

BBB <phi**2>/<phi>**2
1.1157868     0.0013005399

Time = 10000
Temperature
1.0145827     0.0049285186

Pressure
28.105662     0.085820196 

CM Mom
-4.8756219e-17 1.7628553e-17 
3.3798373e-18  6.373258e-18  
4.4832709e-17  2.8133024e-17 
7.2794021e-17  1.5570673e-17 

CM Pos
10.00176       0.009204109   
10.002778      0.010501313   
10.006115      0.0074175939  
17.326665      0.0071407755  

Stress
25.0739      0.0218104    -0.0113366    0.105777     0.0781711    0.0565605   
0.0218104    25.0206      0.00859946    0.0781711    0.13185      0.0805038   
-0.0113366   0.00859946   25.0924       0.0565605    0.0805038    0.0741691   

Stress Spherical
0            0            0             0            0            0           
0            0            0             0            0            0           
0            0            0             0            0            0           

Inertia
266.826      -100.038     -100.067      0.24311      0.073608     0.117141    
-100.038     266.808      -100.129      0.073608     0.286413     0.149811    
-100.067     -100.129     266.72        0.117141     0.149811     0.204777    

Bond Length
0.59649518    0.00053007171

BB bond length
0.59649518    0.00053007171

Water EE distance
0             0           

PEG EE distance
7.1519132     0.08508524  

BBB P2(x)
0.063894993   0.0020321365

BBB first bond length
0.59663522    0.00055006255

BBB second bond length
0.59657882    0.00051298436

BBB <phi**2>/<phi>**2
1.1157456     0.001311886 

Time = 11000
Temperature
1.0120111     0.0029247105

Pressure
28.099719     0.061965963 

CM Mom
-7.1058067e-17 1.4476353e-17 
-1.395239e-18  1.661656e-17  
4.0010616e-17  1.6403706e-17 
8.4933612e-17  1.3895432e-17 

CM Pos
9.9992596      0.0087316254  
10.004612      0.0079592192  
10.001282      0.0071057574  
17.323487      0.0086525862  

Stress
25.0568      0.0421515    0.0039933     0.0880166    0.0531736    0.0652023   
0.0421515    25.0523      0.0223549     0.0531736    0.0963593    0.0521035   
0.0039933    0.0223549    25.0831       0.0652023    0.0521035    0.0842097   

Stress Spherical
0            0            0             0            0            0           
0            0            0             0            0            0           
0            0            0             0            0            0           

Inertia
266.774      -100.011     -99.9751      0.239707     0.134453     0.138214    
-100.011     266.666      -100.063      0.134453     0.227168     0.105287    
-99.9751     -100.063     266.726       0.138214     0.105287     0.260231    

Bond Length
0.59647329    0.00050417481

BB bond length
0.59647329    0.00050417481

Water EE distance
0             0           

PEG EE distance
7.0074422     0.031832484 

BBB P2(x)
0.062859953   0.0030439303

BBB first bond length
0.59660798    0.00051309199

BBB second bond length
0.59661031    0.00048368724

BBB <phi**2>/<phi>**2
1.1161132     0.0011964041

Time = 12000
Temperature
1.0104429     0.0056375954

Pressure
28.093065     0.043645894 

CM Mom
-5.7111634e-17 1.515579e-17  
-1.3620149e-17 2.8870859e-17 
5.5316607e-17  1.217372e-17  
8.7044521e-17  1.1910058e-17 

CM Pos
10.004094      0.010502635   
10.005612      0.009845857   
9.9993646      0.0086789622  
17.325751      0.0092433002  

Stress
25.1236      -0.0234398   0.0117587     0.101655     0.0705757    0.0358657   
-0.0234398   25.0149      -0.014172     0.0705757    0.0923328    0.0462317   
0.0117587    -0.014172    25.0478       0.0358657    0.0462317    0.0664631   

Stress Spherical
0            0            0             0            0            0           
0            0            0             0            0            0           
0            0            0             0            0            0           

Inertia
266.794      -100.081     -100.024      0.171755     0.171329     0.163357    
-100.081     266.765      -100.031      0.171329     0.289376     0.0652753   
-100.024     -100.031     266.852       0.163357     0.0652753    0.350656    

Bond Length
0.59676293    0.00059716519

BB bond length
0.59676293    0.00059716519

Water EE distance
0             0           

PEG EE distance
6.9099793     0.062581595 

BBB P2(x)
0.061085926   0.0050564455

BBB first bond length
0.5969196     0.00058971866

BBB second bond length
0.59683627    0.00055446177

BBB <phi**2>/<phi>**2
1.115604      0.00149862  

Time = 13000
Temperature
1.0116674     0.0054606853

Pressure
28.147055     0.072172245 

CM Mom
-5.5828414e-17 1.8329452e-17 
-2.644078e-17  2.025568e-17  
7.1594048e-17  2.7291674e-17 
9.9186375e-17  2.4388404e-17 

CM Pos
10.004344      0.0078098921  
10.004945      0.010450921   
9.9939473      0.0091408758  
17.322384      0.0090981658  

Stress
25.066       -0.0169325   -0.0241482    0.0948911    0.0624356    0.0725989   
-0.0169325   25.0851      0.0107196     0.0624356    0.123708     0.0640676   
-0.0241482   0.0107196    25.1861       0.0725989    0.0640676    0.0636176   

Stress Spherical
0            0            0             0            0            0           
0            0            0             0            0            0           
0            0            0             0            0            0           

Inertia
266.637      -100.1       -99.9875      0.297811     0.140285     0.139615    
-100.1       266.675      -99.9747      0.140285     0.242221     0.170481    
-99.9875     -99.9747     266.839       0.139615     0.170481     0.265683    

Bond Length
0.59677495    0.00047446189

BB bond length
0.59677495    0.00047446189

Water EE distance
0             0           

PEG EE distance
6.7753223     0.024674872 

BBB P2(x)
0.060646154   0.0032173555

BBB first bond length
0.59685562    0.00048120197

BBB second bond length
0.59685992    0.00052148493

BBB <phi**2>/<phi>**2
1.1157377     0.0018559088

Time = 14000
Temperature
1.0131211     0.0050025359

Pressure
28.115948     0.058601225 

CM Mom
-7.6652151e-17 1.2105053e-17 
-2.9229234e-17 3.0583899e-17 
5.4934457e-17  4.23593e-18   
1.0354338e-16  1.1238976e-17 

CM Pos
10.002177      0.0037094992  
10.008446      0.0057040259  
10.004282      0.0071428075  
17.329116      0.0050176238  

Stress
25.071       -0.00122725  0.0168529     0.0990777    0.0300161    0.0454993   
-0.00122725  25.0564      0.0665173     0.0300161    0.0706947    0.0691985   
0.0168529    0.0665173    25.1035       0.0454993    0.0691985    0.129379    

Stress Spherical
0            0            0             0            0            0           
0            0            0             0            0            0           
0            0            0             0            0            0           

Inertia
266.921      -100.101     -100.094      0.196865     0.106095     0.0684717   
-100.101     266.826      -100.128      0.106095     0.149142     0.11856     
-100.094     -100.128     266.865       0.0684717    0.11856      0.113506    

Bond Length
0.59664165    0.00071651251

BB bond length
0.59664165    0.00071651251

Water EE distance
0             0           

PEG EE distance
6.6961144     0.050912617 

BBB P2(x)
0.057543181   0.0035554332

BBB first bond length
0.59676829    0.00070583344

BBB second bond length
0.59678295    0.0006383804

BBB <phi**2>/<phi>**2
1.1140807     0.0020092264

Time = 15000
Temperature
1.0117693     0.0056144013

Pressure
28.108038     0.034832862 

CM Mom
-9.0098156e-17 2.5937625e-17 
-3.7149584e-17 3.0875563e-17 
5.3508596e-17  1.0425891e-17 
1.1679442e-16  2.1325187e-17 

CM Pos
10.00251       0.0097654553  
9.9970278      0.016456751   
9.9996147      0.011478768   
17.320027      0.015500692   

Stress
25.0701      0.0204954    -0.00710126   0.0790492    0.0622002    0.0803603   
0.0204954    25.0737      -0.0192127    0.0622002    0.106271     0.0617472   
-0.00710126  -0.0192127   25.0755       0.0803603    0.0617472    0.0705294   

Stress Spherical
0            0            0             0            0            0           
0            0            0             0            0            0           
0            0            0             0            0            0           

Inertia
266.575      -100.032     -100.019      0.485552     0.219043     0.175859    
-100.032     266.724      -99.9525      0.219043     0.326345     0.213681    
-100.019     -99.9525     266.652       0.175859     0.213681     0.413002    

Bond Length
0.59655418    0.0002246543

BB bond length
0.59655418    0.0002246543

Water EE distance
0             0           

PEG EE distance
6.539761      0.097505771 

BBB P2(x)
0.056405823   0.0027382442

BBB first bond length
0.59664819    0.00023547628

BBB second bond length
0.59666386    0.00017014668

BBB <phi**2>/<phi>**2
1.1143159     0.0013397478

Time = 16000
Temperature
1.0112986     0.0049677066

Pressure
28.114254     0.065984855 

CM Mom
-8.2979189e-17 1.7778576e-17 
-4.9277511e-17 3.7162492e-17 
5.4474582e-17  1.4233232e-17 
1.1771236e-16  1.8022544e-17 

CM Pos
10.000926      0.012715318   
10.000945      0.004428997   
10.000698      0.012219456   
17.321996      0.012721257   

Stress
25.0429      -0.0176452   0.0281913     0.0798714    0.0669562    0.0439079   
-0.0176452   25.0862      -0.00905225   0.0669562    0.0941921    0.0626465   
0.0281913    -0.00905225  25.1131       0.0439079    0.0626465    0.104468    

Stress Spherical
0            0            0             0            0            0           
0            0            0             0            0            0           
0            0            0             0            0            0           

Inertia
266.66       -99.9855     -100.002      0.241274     0.118323     0.219014    
-99.9855     266.673      -100.006      0.118323     0.51602      0.0886638   
-100.002     -100.006     266.672       0.219014     0.0886638    0.267417    

Bond Length
0.59663664    0.00049339672

BB bond length
0.59663664    0.00049339672

Water EE distance
0             0           

PEG EE distance
6.4284214     0.023538872 

BBB P2(x)
0.055049044   0.0038970202

BBB first bond length
0.59678386    0.00051929044

BBB second bond length
0.59682982    0.00048393518

BBB <phi**2>/<phi>**2
1.1131792     0.0020762915

Time = 17000
Temperature
1.0126307     0.0037486558

Pressure
28.137193     0.06561709  

CM Mom
-8.1313878e-17 1.7824758e-17 
-3.5680552e-17 1.7455011e-17 
4.2998183e-17  2.5259198e-17 
1.0356172e-16  1.6410027e-17 

CM Pos
10.00451       0.0078560052  
9.9955276      0.011563176   
9.9968643      0.0053261809  
17.318724      0.010237001   

Stress
25.077       -0.0228702   0.0223842     0.0801486    0.0856284    0.0871426   
-0.0228702   25.1095      -0.0149186    0.0856284    0.0989226    0.0493935   
0.0223842    -0.0149186   25.1126       0.0871426    0.0493935    0.107302    

Stress Spherical
0            0            0             0            0            0           
0            0            0             0            0            0           
0            0            0             0            0            0           

Inertia
266.47       -100.051     -100.022      0.263002     0.17436      0.145893    
-100.051     266.666      -99.9137      0.17436      0.19428      0.161189    
-100.022     -99.9137     266.639       0.145893     0.161189     0.295077    

Bond Length
0.59657298    0.00038066081

BB bond length
0.59657298    0.00038066081

Water EE distance
0             0           

PEG EE distance
6.383255      0.032572094 

BBB P2(x)
0.057362777   0.0021156727

BBB first bond length
0.59666754    0.00043854159

BBB second bond length
0.59674364    0.00042972295

BBB <phi**2>/<phi>**2
1.1145548     0.00096621271

Time = 18000
Temperature
1.0123974     0.0069736818

Pressure
28.129157     0.055533992 

CM Mom
-2.9229581e-17 1.5225148e-17 
-3.4475289e-17 2.8125945e-17 
3.3023317e-17  3.3791847e-17 
6.9824437e-17  2.0561232e-17 

CM Pos
10.00276       0.0077307788  
9.9886934      0.009878608   
9.9968643      0.01284792    
17.31377       0.014174993   

Stress
25.0829      0.0514516    0.00721074    0.0835415    0.0571599    0.0641211   
0.0514516    25.083       0.0176078     0.0571599    0.065402     0.0743472   
0.00721074   0.0176078    25.1111       0.0641211    0.0743472    0.0579342   

Stress Spherical
0            0            0             0            0            0           
0            0            0             0            0            0           
0            0            0             0            0            0           

Inertia
266.362      -99.8944     -99.9994      0.374323     0.16413      0.159139    
-99.8944     266.649      -99.8696      0.16413      0.345655     0.18321     
-99.9994     -99.8696     266.473       0.159139     0.18321      0.27277     

Bond Length
0.59672163    0.00046439478

BB bond length
0.59672163    0.00046439478

Water EE distance
0             0           

PEG EE distance
6.2936407     0.032393664 

BBB P2(x)
0.052286351   0.0041766193

BBB first bond length
0.59681215    0.00044670924

BBB second bond length
0.59677525    0.00045879831

BBB <phi**2>/<phi>**2
1.1125308     0.0020420918

Time = 19000
Temperature
1.0121075     0.0043698451

Pressure
28.132841     0.05520544  

CM Mom
-1.4040352e-17 1.8432594e-17 
-1.9944412e-17 1.6224721e-17 
2.385115e-17   2.0889824e-17 
4.1793169e-17  2.1366009e-17 

CM Pos
10.00326       0.0070127713  
9.9965277      0.010937101   
10.003615      0.011268679   
17.322482      0.0049537869  

Stress
25.0957      -0.0254357   0.0601589     0.0993621    0.0491596    0.0360421   
-0.0254357   25.091       0.00801447    0.0491596    0.112941     0.0530572   
0.0601589    0.00801447   25.104        0.0360421    0.0530572    0.0877638   

Stress Spherical
0            0            0             0            0            0           
0            0            0             0            0            0           
0            0            0             0            0            0           

Inertia
266.668      -100.018     -100.052      0.230487     0.11823      0.136992    
-100.018     266.786      -100.024      0.11823      0.225237     0.128754    
-100.052     -100.024     266.644       0.136992     0.128754     0.226463    

Bond Length
0.59709565    0.0005807292

BB bond length
0.59709565    0.0005807292

Water EE distance
0             0           

PEG EE distance
6.2378083     0.060939396 

BBB P2(x)
0.05636083    0.003462786 

BBB first bond length
0.59718703    0.00057805303

BBB second bond length
0.59721525    0.00058893482

BBB <phi**2>/<phi>**2
1.1135174     0.0013112574

Time = 20000
Temperature
1.0150398     0.0054182421

Pressure
28.077468     0.077656725 

CM Mom
4.9359776e-18  1.0755593e-17 
1.1223907e-17  2.1975213e-17 
2.300716e-17   3.0958603e-17 
4.5869965e-17  1.1517099e-17 

CM Pos
10.000926      0.0081557727  
9.9993614      0.015186183   
9.9971977      0.010462878   
17.319066      0.0085883243  

Stress
25.0122      0.00856951   -0.00348962   0.0922712    0.0619617    0.0577302   
0.00856951   25.054       -0.00120941   0.0619617    0.10988      0.025843    
-0.00348962  -0.00120941  25.0319       0.0577302    0.025843     0.112781    

Stress Spherical
0            0            0             0            0            0           
0            0            0             0            0            0           
0            0            0             0            0            0           

Inertia
266.555      -99.9981     -100.016      0.282502     0.179199     0.162765    
-99.9981     266.602      -99.9532      0.179199     0.287074     0.126949    
-100.016     -99.9532     266.637       0.162765     0.126949     0.294637    

Bond Length
0.59697497    0.00063413703

BB bond length
0.59697497    0.00063413703

Water EE distance
0             0           

PEG EE distance
6.1167347     0.027756901 

BBB P2(x)
0.055756644   0.0029417546

BBB first bond length
0.59709841    0.00059827106

BBB second bond length
0.59707402    0.00064536472

BBB <phi**2>/<phi>**2
1.1142018     0.0012908585

Time = 21000
Temperature
1.0134137     0.0045131945

Pressure
28.134022     0.052628552 

CM Mom
-8.1857955e-18 1.7741252e-17 
2.6536491e-17  2.0009335e-17 
3.5070084e-17  2.5163986e-17 
5.3203395e-17  2.2778366e-17 

CM Pos
9.995009       0.0084539491  
9.9997781      0.011541229   
9.9975311      0.0097849965  
17.316079      0.010346217   

Stress
25.0717      0.00229361   0.0128712     0.0870291    0.0598452    0.0821964   
0.00229361   25.1043      0.019008      0.0598452    0.0727384    0.0377313   
0.0128712    0.019008     25.1065       0.0821964    0.0377313    0.073136    

Stress Spherical
0            0            0             0            0            0           
0            0            0             0            0            0           
0            0            0             0            0            0           

Inertia
266.584      -99.9572     -99.921       0.298017     0.11456      0.0981546   
-99.9572     266.5        -99.9622      0.11456      0.24589      0.191139    
-99.921      -99.9622     266.542       0.0981546    0.191139     0.264589    

Bond Length
0.5967192     0.00058786007

BB bond length
0.5967192     0.00058786007

Water EE distance
0             0           

PEG EE distance
6.1361637     0.037413573 

BBB P2(x)
0.055015483   0.0036330627

BBB first bond length
0.59684514    0.00058805487

BBB second bond length
0.59686031    0.00060945997

BBB <phi**2>/<phi>**2
1.1128572     0.0016390444

Time = 22000
Temperature
1.0120999     0.0059381404

Pressure
28.120902     0.078024395 

CM Mom
-1.6956382e-17 1.9747466e-17 
1.518281e-17   1.6578097e-17 
5.1921675e-17  1.229934e-17  
6.2401525e-17  1.1662597e-17 

CM Pos
10.00301       0.010456569   
10.006362      0.011040767   
10.004365      0.0065221478  
17.328442      0.013321184   

Stress
25.0768      0.00646438   0.0384332     0.0763087    0.0592454    0.0455484   
0.00646438   25.0729      0.00278345    0.0592454    0.12104      0.0508261   
0.0384332    0.00278345   25.1053       0.0455484    0.0508261    0.0861828   

Stress Spherical
0            0            0             0            0            0           
0            0            0             0            0            0           
0            0            0             0            0            0           

Inertia
266.865      -100.117     -100.05       0.342265     0.212188     0.161975    
-100.117     266.831      -100.096      0.212188     0.272649     0.223229    
-100.05      -100.096     266.895       0.161975     0.223229     0.332771    

Bond Length
0.59669977    0.00054871249

BB bond length
0.59669977    0.00054871249

Water EE distance
0             0           

PEG EE distance
6.0750642     0.031642542 

BBB P2(x)
0.054759419   0.0032647699

BBB first bond length
0.59686035    0.00052223393

BBB second bond length
0.59685883    0.00055239561

BBB <phi**2>/<phi>**2
1.1138468     0.0015748499

Time = 23000
Temperature
1.0131341     0.004761162 

Pressure
28.120829     0.0465034   

CM Mom
-5.2052258e-17 4.2591618e-17 
3.1654391e-17  1.7011704e-17 
5.1278591e-17  1.4081855e-17 
8.930921e-17   2.5817429e-17 

CM Pos
9.9967593      0.0088814881  
10.001695      0.0074288227  
10.003032      0.0082758289  
17.32137       0.0095796755  

Stress
25.1301      0.0402763    0.0694035     0.0961154    0.0459138    0.0532826   
0.0402763    25.0156      -0.0192041    0.0459138    0.0742118    0.0421226   
0.0694035    -0.0192041   25.0997       0.0532826    0.0421226    0.104259    

Stress Spherical
0            0            0             0            0            0           
0            0            0             0            0            0           
0            0            0             0            0            0           

Inertia
266.76       -99.9373     -99.9859      0.23022      0.161521     0.133734    
-99.9373     266.644      -100.027      0.161521     0.311697     0.126629    
-99.9859     -100.027     266.657       0.133734     0.126629     0.263534    

Bond Length
0.59674753    0.00066533882

BB bond length
0.59674753    0.00066533882

Water EE distance
0             0           

PEG EE distance
6.0206521     0.033306674 

BBB P2(x)
0.055459321   0.0022107419

BBB first bond length
0.59684921    0.00068623064

BBB second bond length
0.59680509    0.00062794041

BBB <phi**2>/<phi>**2
1.1138867     0.0011225228

Time = 24000
Temperature
1.0144057     0.0038797284

Pressure
28.120308     0.068217323 

CM Mom
-6.5194894e-17 1.5570482e-17 
1.5633316e-17  1.327536e-17  
5.9378912e-17  1.29431e-17   
9.1538017e-17  1.5087094e-17 

CM Pos
10.000843      0.012091739   
9.9944441      0.0087157004  
10.000281      0.012474029   
17.317956      0.013331036   

Stress
25.0696      0.0297222    0.00890627    0.105671     0.0508732    0.0531702   
0.0297222    25.0796      0.0218667     0.0508732    0.0737418    0.0314758   
0.00890627   0.0218667    25.0832       0.0531702    0.0314758    0.114158    

Stress Spherical
0            0            0             0            0            0           
0            0            0             0            0            0           
0            0            0             0            0            0           

Inertia
266.522      -99.9483     -100.039      0.359573     0.169458     0.217406    
-99.9483     266.688      -99.9291      0.169458     0.383426     0.184148    
-100.039     -99.9291     266.572       0.217406     0.184148     0.29618     

Bond Length
0.59657342    0.00046111636

BB bond length
0.59657342    0.00046111636

Water EE distance
0             0           

PEG EE distance
6.0005174     0.036667877 

BBB P2(x)
0.052182633   0.0028930615

BBB first bond length
0.59671113    0.00048642376

BBB second bond length
0.59669286    0.00047456287

BBB <phi**2>/<phi>**2
1.1128929     0.0015226981

Time = 25000
Temperature
1.0151728     0.0041662328

Pressure
28.1238       0.063673561 

CM Mom
-4.6570888e-17 2.193529e-17  
-4.4011388e-18 2.6973347e-17 
5.9379374e-17  1.4098958e-17 
8.2699431e-17  1.6805681e-17 

CM Pos
9.9982594      0.013755507   
9.9956943      0.0080723059  
9.9975311      0.010609237   
17.315601      0.007924993   

Stress
25.0789      0.0226731    0.0370434     0.0589745    0.069382     0.0657338   
0.0226731    25.1016      0.015731      0.069382     0.064294     0.0673168   
0.0370434    0.015731     25.0555       0.0657338    0.0673168    0.128707    

Stress Spherical
0            0            0             0            0            0           
0            0            0             0            0            0           
0            0            0             0            0            0           

Inertia
266.532      -99.8943     -99.9254      0.292817     0.152985     0.184596    
-99.8943     266.567      -99.9292      0.152985     0.269038     0.168615    
-99.9254     -99.9292     266.532       0.184596     0.168615     0.240174    

Bond Length
0.59682774    0.00051057849

BB bond length
0.59682774    0.00051057849

Water EE distance
0             0           

PEG EE distance
6.0220942     0.028604712 

BBB P2(x)
0.053097763   0.0024673443

BBB first bond length
0.59693756    0.0005278269

BBB second bond length
0.59688609    0.00051964774

BBB <phi**2>/<phi>**2
1.1128278     0.00085874496

Time = 26000
Temperature
1.012273      0.0050361406

Pressure
28.13605      0.075804981 

CM Mom
-3.4332185e-17 2.2372112e-17 
-1.1750982e-17 1.4862874e-17 
7.7458204e-17  1.6983394e-17 
8.9586124e-17  1.7341755e-17 

CM Pos
10.005427      0.007073916   
9.9952776      0.011499022   
9.9988646      0.0092282272  
17.320266      0.010299377   

Stress
25.1146      -0.00512698  -0.0263371    0.101211     0.0509218    0.0632276   
-0.00512698  25.0919      0.0274362     0.0509218    0.093129     0.059621    
-0.0263371   0.0274362    25.0923       0.0632276    0.059621     0.109157    

Stress Spherical
0            0            0             0            0            0           
0            0            0             0            0            0           
0            0            0             0            0            0           

Inertia
266.558      -100.037     -100.053      0.304281     0.163651     0.101254    
-100.037     266.734      -99.9105      0.163651     0.241998     0.198178    
-100.053     -99.9105     266.609       0.101254     0.198178     0.261803    

Bond Length
0.59658151    0.00067809549

BB bond length
0.59658151    0.00067809549

Water EE distance
0             0           

PEG EE distance
6.0005647     0.0189607   

BBB P2(x)
0.054895472   0.0032910107

BBB first bond length
0.59670307    0.00065959092

BBB second bond length
0.59670674    0.00066262521

BBB <phi**2>/<phi>**2
1.1127431     0.0012158279

Time = 27000
Temperature
1.0131285     0.0035189025

Pressure
28.11278      0.046451712 

CM Mom
-6.9407214e-17 3.5095538e-17 
-5.253862e-18  1.5583044e-17 
9.0237833e-17  1.4935794e-17 
1.1882183e-16  2.3807758e-17 

CM Pos
10.009094      0.011044226   
9.9962777      0.0060100034  
10.003448      0.011537918   
17.325608      0.011352136   

Stress
25.1103      0.021979     0.00576878    0.0657086    0.0432738    0.0366915   
0.021979     25.087       -0.00296622   0.0432738    0.101061     0.0558088   
0.00576878   -0.00296622  25.024        0.0366915    0.0558088    0.064669    

Stress Spherical
0            0            0             0            0            0           
0            0            0             0            0            0           
0            0            0             0            0            0           

Inertia
266.608      -100.074     -100.12       0.245786     0.153358     0.204631    
-100.074     266.873      -100.006      0.153358     0.407426     0.149588    
-100.12      -100.006     266.688       0.204631     0.149588     0.224064    

Bond Length
0.59676068    0.00043540929

BB bond length
0.59676068    0.00043540929

Water EE distance
0             0           

PEG EE distance
5.9141236     0.051128543 

BBB P2(x)
0.057035121   0.0035433192

BBB first bond length
0.59689943    0.00043368196

BBB second bond length
0.59689968    0.00040647577

BBB <phi**2>/<phi>**2
1.114353      0.0011216988

Time = 28000
Temperature
1.0118589     0.00446359  

Pressure
28.1097       0.066111267 

CM Mom
-7.3063774e-17 2.0844979e-17 
-1.1601777e-17 1.0405055e-17 
8.8149312e-17  9.9234468e-18 
1.1666774e-16  1.6526002e-17 

CM Pos
10.002343      0.0085112702  
9.9913604      0.0092466502  
9.991447       0.008015312   
17.311941      0.0092824647  

Stress
25.0597      0.000353113  0.00392564    0.0872965    0.0432897    0.058023    
0.000353113  25.1062      0.00530212    0.0432897    0.0877203    0.0829751   
0.00392564   0.00530212   25.0576       0.058023     0.0829751    0.106429    

Stress Spherical
