Time = 1000
Temperature
   1.0281677   0.042506953

Pressure
   23.573751     0.1698423

CM Mom
-8.635807e-17  2.5081929e-17 
2.144839e-17   1.666995e-17  
4.4596908e-17  7.1355206e-17 
1.2111327e-16  3.5167675e-17 

CM Pos
7.4918133      0.013433511   
7.4960292      0.0069285496  
7.498609       0.019664887   
12.982572      0.017462728   

Stress
20.4619      -0.00291925  0.0368082     0.123001     0.0807476    0.0738995   
-0.00291925  20.5133      -0.0462346    0.0807476    0.119152     0.100394    
0.0368082    -0.0462346   20.5163       0.0738995    0.100394     0.127625    

Stress Spherical
0            0            0             0            0            0           
0            0            0             0            0            0           
0            0            0             0            0            0           

Inertia
149.924      -56.1644     -56.1956      0.272501     0.137973     0.201348    
-56.1644     149.881      -56.2142      0.137973     0.428359     0.162019    
-56.1956     -56.2142     149.831       0.201348     0.162019     0.399507    

Bond Length
0.61737936    0.0058597922

BB bond length
0.61737936    0.0058597922

Water EE distance
0             0           

PEG EE distance
6.983573      0.41624016  

BBB P2(x)
0.4713021     0.058248574 

BBB first bond length
0.61779732    0.0058515707

BBB second bond length
0.61684323    0.0056942782

BBB <phi**2>/<phi>**2
1.2170361     0.022866681 

Time = 2000
Temperature
1.0093993     0.008286796 

Pressure
23.510067     0.11234642  

CM Mom
-8.1494042e-17 2.178348e-17  
4.0293268e-17  1.4962966e-17 
1.185143e-17   2.3698528e-17 
9.5693724e-17  2.25394e-17   

CM Pos
7.4956751      0.011811602   
7.502713       0.010608172   
7.5027678      0.019570425   
12.991067      0.013491371   

Stress
20.4921      0.0146821    0.019533      0.123329     0.0760693    0.0705739   
0.0146821    20.4825      -0.00410539   0.0760693    0.188142     0.0822976   
0.019533     -0.00410539  20.4944       0.0705739    0.0822976    0.125265    

Stress Spherical
0            0            0             0            0            0           
0            0            0             0            0            0           
0            0            0             0            0            0           

Inertia
150.022      -56.1982     -56.2231      0.338821     0.1216       0.175056    
-56.1982     149.923      -56.2672      0.1216       0.312309     0.143741    
-56.2231     -56.2672     149.938       0.175056     0.143741     0.180918    

Bond Length
0.62113439    0.0031165815

BB bond length
0.62113439    0.0031165815

Water EE distance
0             0           

PEG EE distance
7.771405      0.34869847  

BBB P2(x)
0.52291024    0.023854468 

BBB first bond length
0.6215331     0.0029631338

BBB second bond length
0.62097445    0.0035362972

BBB <phi**2>/<phi>**2
1.2221788     0.020460034 

Time = 3000
Temperature
1.0057602     0.0067139228

Pressure
23.505483     0.075793979 

CM Mom
-7.2273331e-17 1.320213e-17  
2.8089225e-17  9.994654e-18  
4.3558857e-17  1.6427403e-17 
9.1220188e-17  1.1521252e-17 

CM Pos
7.5023589      0.0087984176  
7.4960292      0.0081026924  
7.5106398      0.008660687   
12.995603      0.0082243226  

Stress
20.5427      -0.0346499   0.0418393     0.111878     0.0732183    0.0751137   
-0.0346499   20.4769      -0.0196386    0.0732183    0.0781834    0.0567269   
0.0418393    -0.0196386   20.4682       0.0751137    0.0567269    0.135382    

Stress Spherical
0            0            0             0            0            0           
0            0            0             0            0            0           
0            0            0             0            0            0           

Inertia
150.068      -56.2099     -56.3516      0.184533     0.119321     0.113834    
-56.2099     150.182      -56.3285      0.119321     0.165374     0.113913    
-56.3516     -56.3285     149.943       0.113834     0.113913     0.182596    

Bond Length
0.61994808    0.0048364784

BB bond length
0.61994808    0.0048364784

Water EE distance
0             0           

PEG EE distance
7.7142049     0.29865888  

BBB P2(x)
0.53500345    0.022473063 

BBB first bond length
0.61986853    0.0045164502

BBB second bond length
0.61960248    0.0047555619

BBB <phi**2>/<phi>**2
1.2327593     0.013524587 

Time = 4000
Temperature
1.0096363     0.0061432227

Pressure
23.498349     0.10621424  

CM Mom
-9.0846123e-17 3.01496e-17   
-7.5384462e-18 2.433726e-17  
6.9529655e-17  1.399523e-17  
1.1956924e-16  2.3336318e-17 

CM Pos
7.500428       0.0098478569  
7.50301        0.010801888   
7.5015795      0.016927809   
12.993288      0.015703673   

Stress
20.4976      -0.00229448  -0.0198681    0.132474     0.0627752    0.0889605   
-0.00229448  20.4591      -0.0224196    0.0627752    0.11156      0.0798614   
-0.0198681   -0.0224196   20.4749       0.0889605    0.0798614    0.144485    

Stress Spherical
0            0            0             0            0            0           
0            0            0             0            0            0           
0            0            0             0            0            0           

Inertia
150.036      -56.2868     -56.2873      0.303977     0.13206      0.177031    
-56.2868     150.003      -56.3101      0.13206      0.346562     0.137338    
-56.2873     -56.3101     150.009       0.177031     0.137338     0.232307    

Bond Length
0.62015067    0.0043589788

BB bond length
0.62015067    0.0043589788

Water EE distance
0             0           

PEG EE distance
8.586928      0.31338719  

BBB P2(x)
0.52039529    0.01506949  

BBB first bond length
0.62099872    0.0044751349

BBB second bond length
0.62017632    0.0047046916

BBB <phi**2>/<phi>**2
1.2187048     0.022731497 

Time = 5000
Temperature
1.0037956     0.006787867 

Pressure
23.470227     0.090585718 

CM Mom
-7.8712438e-17 1.6491189e-17 
-3.1324307e-18 1.5689788e-17 
5.4241689e-17  1.6703006e-17 
9.943119e-17   7.627479e-18  

CM Pos
7.5032501      0.00958102    
7.4963262      0.011412639   
7.4937075      0.0081947406  
12.986513      0.0098969162  

Stress
20.4898      -0.0126005   -0.00765989   0.116788     0.085994     0.0656007   
-0.0126005   20.4794      -0.0165227    0.085994     0.103297     0.072401    
-0.00765989  -0.0165227   20.4305       0.0656007    0.072401     0.135792    

Stress Spherical
0            0            0             0            0            0           
0            0            0             0            0            0           
0            0            0             0            0            0           

Inertia
149.822      -56.2389     -56.2171      0.24286      0.0932221    0.100595    
-56.2389     149.926      -56.1596      0.0932221    0.183757     0.140631    
-56.2171     -56.1596     149.978       0.100595     0.140631     0.251826    

Bond Length
0.62257236    0.0036787441

BB bond length
0.62257236    0.0036787441

Water EE distance
0             0           

PEG EE distance
7.8503892     0.74225888  

BBB P2(x)
0.50821423    0.024659119 

BBB first bond length
0.6225967     0.0041311245

BBB second bond length
0.62234398    0.003520087 

BBB <phi**2>/<phi>**2
1.2311775     0.016220429 

Time = 6000
Temperature
1.0115454     0.007067622 

Pressure
23.517333     0.11446638  

CM Mom
-8.4516676e-17 1.5110803e-17 
2.5919129e-17  2.0117073e-17 
1.1355078e-17  1.4598334e-17 
9.1828476e-17  1.8907217e-17 

CM Pos
7.508003       0.011628072   
7.4955836      0.016836335   
7.5049957      0.017808688   
12.995358      0.015917773   

Stress
20.5171      -0.00727402  -0.00380755   0.177451     0.070677     0.0613891   
-0.00727402  20.4989      0.0386548     0.070677     0.116539     0.0612268   
-0.00380755  0.0386548    20.4554       0.0613891    0.0612268    0.159027    

Stress Spherical
0            0            0             0            0            0           
0            0            0             0            0            0           
0            0            0             0            0            0           

Inertia
149.987      -56.2998     -56.3464      0.421751     0.127322     0.167732    
-56.2998     150.182      -56.2309      0.127322     0.267651     0.227375    
-56.3464     -56.2309     150.031       0.167732     0.227375     0.271521    

Bond Length
0.61937137    0.0038130565

BB bond length
0.61937137    0.0038130565

Water EE distance
0             0           

PEG EE distance
7.7924527     0.28296887  

BBB P2(x)
0.51745171    0.011863168 

BBB first bond length
0.61969823    0.0036457059

BBB second bond length
0.61984696    0.0040530553

BBB <phi**2>/<phi>**2
1.236299      0.022824144 

Time = 7000
Temperature
1.0095816     0.0066441755

Pressure
23.537075     0.11143648  

CM Mom
-7.4763335e-17 9.4282466e-18 
3.6199053e-17  4.1359688e-17 
1.1946111e-17  6.6632491e-18 
9.1381802e-17  2.3149906e-17 

CM Pos
7.5007251      0.015592067   
7.5015247      0.008518141   
7.506184       0.01382203    
12.995264      0.012929549   

Stress
20.5597      0.0277995    -0.0206966    0.135401     0.0951417    0.0800115   
0.0277995    20.5308      0.0565232     0.0951417    0.118296     0.0434217   
-0.0206966   0.0565232    20.4579       0.0800115    0.0434217    0.142596    

Stress Spherical
0            0            0             0            0            0           
0            0            0             0            0            0           
0            0            0             0            0            0           

Inertia
150.078      -56.2793     -56.3217      0.280575     0.127885     0.16233     
-56.2793     150.083      -56.3163      0.127885     0.299446     0.151723    
-56.3217     -56.3163     150.012       0.16233      0.151723     0.290426    

Bond Length
0.61986683    0.0031606823

BB bond length
0.61986683    0.0031606823

Water EE distance
0             0           

PEG EE distance
7.9662051     0.44848078  

BBB P2(x)
0.52174355    0.015373988 

BBB first bond length
0.6199637     0.0037969063

BBB second bond length
0.62010837    0.0030547712

BBB <phi**2>/<phi>**2
1.2258373     0.021262144 

Time = 8000
Temperature
1.0115656     0.0079853238

Pressure
23.445987     0.12339338  

CM Mom
-7.2057036e-17 2.0768935e-17 
2.6429497e-17  3.2523333e-17 
3.0907932e-17  1.1693327e-17 
8.9458109e-17  2.1659446e-17 

CM Pos
7.5038442      0.010235616   
7.49796        0.017876074   
7.503956       0.011528994   
12.993725      0.010238084   

Stress
20.4611      0.0107163    0.0247955     0.166532     0.0403717    0.0606739   
0.0107163    20.3828      -0.0202477    0.0403717    0.14446      0.0379116   
0.0247955    -0.0202477   20.4133       0.0606739    0.0379116    0.138052    

Stress Spherical
0            0            0             0            0            0           
0            0            0             0            0            0           
0            0            0             0            0            0           

Inertia
149.995      -56.2636     -56.2686      0.323066     0.150846     0.172957    
-56.2636     150.096      -56.2515      0.150846     0.242955     0.186615    
-56.2686     -56.2515     150.006       0.172957     0.186615     0.206938    

Bond Length
0.61931967    0.0049703511

BB bond length
0.61931967    0.0049703511

Water EE distance
0             0           

PEG EE distance
8.276449      0.53264469  

BBB P2(x)
0.5125698     0.030949379 

BBB first bond length
0.61948643    0.0048140877

BBB second bond length
0.61903928    0.0050979556

BBB <phi**2>/<phi>**2
1.222189      0.01914171  

Time = 9000
Temperature
1.0072991     0.0051623797

Pressure
23.51898      0.074176508 

CM Mom
-8.6232195e-17 1.9845876e-17 
3.6974362e-17  1.9531704e-17 
3.5864304e-17  9.6938214e-18 
1.0305594e-16  1.8388402e-17 

CM Pos
7.5011707      0.0095116918  
7.4958806      0.018556686   
7.5030648      0.010491066   
12.990467      0.0096918176  

Stress
20.5353      0.0278653    -0.0411163    0.0801314    0.0783689    0.077004    
0.0278653    20.5034      0.0294535     0.0783689    0.122028     0.0394697   
-0.0411163   0.0294535    20.4758       0.077004     0.0394697    0.102141    

Stress Spherical
0            0            0             0            0            0           
0            0            0             0            0            0           
0            0            0             0            0            0           

Inertia
149.955      -56.2098     -56.2892      0.359026     0.121593     0.0958475   
-56.2098     150.043      -56.2643      0.121593     0.092198     0.205478    
-56.2892     -56.2643     149.933       0.0958475    0.205478     0.208558    

Bond Length
0.62004689    0.004050904 

BB bond length
0.62004689    0.004050904 

Water EE distance
0             0           

PEG EE distance
8.0960741     0.54888117  

BBB P2(x)
0.52475136    0.028622007 

BBB first bond length
0.62056793    0.0036765483

BBB second bond length
0.6200438     0.0036044819

BBB <phi**2>/<phi>**2
1.2269532     0.025453347 

Time = 10000
Temperature
1.0120592     0.0068760395

Pressure
23.477198     0.098230925 

CM Mom
-9.8083625e-17 2.0811407e-17 
1.8121513e-17  2.384145e-17  
5.2523696e-17  2.0801885e-17 
1.1789361e-16  1.5584253e-17 

CM Pos
7.5008736      0.011300942   
7.4997424      0.0093479269  
7.5044016      0.013430226   
12.993284      0.015877597   

Stress
20.4135      -0.00375743  0.00203292    0.105525     0.0662362    0.069234    
-0.00375743  20.4652      -0.010777     0.0662362    0.152467     0.0811386   
0.00203292   -0.010777    20.4677       0.069234     0.0811386    0.105218    

Stress Spherical
0            0            0             0            0            0           
0            0            0             0            0            0           
0            0            0             0            0            0           

Inertia
150.044      -56.2688     -56.2851      0.296881     0.129377     0.210113    
-56.2688     150.076      -56.2765      0.129377     0.376965     0.187009    
-56.2851     -56.2765     149.992       0.210113     0.187009     0.312808    

Bond Length
0.62106799    0.0047909627

BB bond length
0.62106799    0.0047909627

Water EE distance
0             0           

PEG EE distance
7.3674741     0.15688436  

BBB P2(x)
0.5097096     0.016475242 

BBB first bond length
0.62164668    0.0051181356

BBB second bond length
0.62145362    0.0045787214

BBB <phi**2>/<phi>**2
1.2351179     0.010644154 

Time = 11000
Temperature
1.0108956     0.0061091694

Pressure
23.520552     0.11686466  

CM Mom
-1.1060785e-16 1.460144e-17  
1.8000036e-17  1.6768907e-17 
4.6113653e-17  1.7420611e-17 
1.2372737e-16  1.3190152e-17 

CM Pos
7.5028045      0.014342142   
7.5009306      0.008032964   
7.501431       0.016267886   
12.993371      0.018603437   

Stress
20.4907      0.0320647    0.0263122     0.107074     0.0525697    0.0664443   
0.0320647    20.4603      0.00675338    0.0525697    0.118392     0.0623566   
0.0263122    0.00675338   20.536        0.0664443    0.0623566    0.135782    

Stress Spherical
0            0            0             0            0            0           
0            0            0             0            0            0           
0            0            0             0            0            0           

Inertia
150.03       -56.2437     -56.3021      0.326976     0.149564     0.218443    
-56.2437     150.06       -56.2669      0.149564     0.438862     0.166744    
-56.3021     -56.2669     150.047       0.218443     0.166744     0.274284    

Bond Length
0.62061086    0.0029987502

BB bond length
0.62061086    0.0029987502

Water EE distance
0             0           

PEG EE distance
7.2085033     0.29761415  

BBB P2(x)
0.51878841    0.022921323 

BBB first bond length
0.62066956    0.0027891857

BBB second bond length
0.62126866    0.0028091772

BBB <phi**2>/<phi>**2
1.2196092     0.01519248  

Time = 12000
Temperature
1.0132624     0.0090580658

Pressure
23.551442     0.073830905 

CM Mom
-1.242938e-16  1.0188129e-17 
1.8754321e-17  2.576917e-17  
2.0944068e-17  1.2831471e-17 
1.3087494e-16  6.6010549e-18 

CM Pos
7.4983486      0.016109809   
7.507763       0.014665367   
7.4981634      0.010959026   
12.992866      0.015180421   

Stress
20.5277      -0.0638955   0.0568836     0.110569     0.065969     0.0809995   
-0.0638955   20.523       0.0517827     0.065969     0.0961589    0.058647    
0.0568836    0.0517827    20.5077       0.0809995    0.058647     0.0595209   

Stress Spherical
0            0            0             0            0            0           
0            0            0             0            0            0           
0            0            0             0            0            0           

Inertia
150.076      -56.3224     -56.2189      0.283812     0.17468      0.144885    
-56.3224     149.921      -56.2989      0.17468      0.313918     0.128174    
-56.2189     -56.2989     150.067       0.144885     0.128174     0.299574    

Bond Length
0.62015357    0.0038945068

BB bond length
0.62015357    0.0038945068

Water EE distance
0             0           

PEG EE distance
7.1083387     0.15469536  

BBB P2(x)
0.52509028    0.036694642 

BBB first bond length
0.61994644    0.0043895844

BBB second bond length
0.62007224    0.0039152466

BBB <phi**2>/<phi>**2
1.2297886     0.026305678 

Time = 13000
Temperature
1.0076696     0.0091817882

Pressure
23.447789     0.09609073  

CM Mom
-1.2388238e-16 2.6381292e-17 
-4.3841662e-18 8.8132895e-18 
7.2418994e-18  1.4947452e-17 
1.2547904e-16  2.5895816e-17 

CM Pos
7.5041413      0.017599969   
7.5018218      0.013192402   
7.5060354      0.015197267   
12.997321      0.019635521   

Stress
20.4635      0.0195648    -0.0146183    0.105702     0.0498635    0.0858274   
0.0195648    20.3963      -0.0135242    0.0498635    0.169847     0.0558572   
-0.0146183   -0.0135242   20.4378       0.0858274    0.0558572    0.0857624   

Stress Spherical
0            0            0             0            0            0           
0            0            0             0            0            0           
0            0            0             0            0            0           

Inertia
150.11       -56.2968     -56.3245      0.403144     0.155672     0.226994    
-56.2968     150.151      -56.3308      0.155672     0.446149     0.196502    
-56.3245     -56.3308     150.085       0.226994     0.196502     0.3579      

Bond Length
0.61875353    0.0039912979

BB bond length
0.61875353    0.0039912979

Water EE distance
0             0           

PEG EE distance
7.5004979     0.30868146  

BBB P2(x)
0.52658411    0.021138305 

BBB first bond length
0.61882405    0.004194321 

BBB second bond length
0.61877807    0.0036723021

BBB <phi**2>/<phi>**2
1.2198176     0.012915653 

Time = 14000
Temperature
1.013953      0.0075355483

Pressure
23.532036     0.1026301   

CM Mom
-1.3665011e-16 1.7192507e-17 
-1.3250889e-17 1.4121934e-17 
1.36281e-17    1.5358175e-17 
1.3961283e-16  1.654405e-17  

CM Pos
7.505181       0.011389418   
7.4924644      0.011747927   
7.4987575      0.019182752   
12.988321      0.016906315   

Stress
20.4939      0.0086829    -0.00271489   0.107144     0.0767262    0.0396942   
0.0086829    20.4872      -0.00985049   0.0767262    0.143259     0.0740091   
-0.00271489  -0.00985049  20.5128       0.0396942    0.0740091    0.120311    

Stress Spherical
0            0            0             0            0            0           
0            0            0             0            0            0           
0            0            0             0            0            0           

Inertia
149.858      -56.2266     -56.2964      0.366735     0.186099     0.190404    
-56.2266     150.054      -56.1921      0.186099     0.367268     0.151087    
-56.2964     -56.1921     149.958       0.190404     0.151087     0.231437    

Bond Length
0.62170253    0.0036577551

BB bond length
0.62170253    0.0036577551

Water EE distance
0             0           

PEG EE distance
7.011331      0.27567408  

BBB P2(x)
0.50638094    0.020306833 

BBB first bond length
0.62153541    0.0034857581

BBB second bond length
0.62176014    0.0039059296

BBB <phi**2>/<phi>**2
1.2261218     0.011343077 

Time = 15000
Temperature
1.0119577     0.0063584781

Pressure
23.498033     0.075256943 

CM Mom
-1.8000833e-16 1.8927051e-17 
-2.7828544e-17 1.7845874e-17 
3.5292648e-17  1.4325862e-17 
1.8688134e-16  1.9501358e-17 

CM Pos
7.5020619      0.0066904281  
7.5049409      0.012044639   
7.5021737      0.0080274695  
12.995686      0.0094636497  

Stress
20.4827      0.0327826    -0.00990926   0.143178     0.0605282    0.0824582   
0.0327826    20.436       0.00780709    0.0605282    0.102345     0.0567426   
-0.00990926  0.00780709   20.4912       0.0824582    0.0567426    0.0904855   

Stress Spherical
0            0            0             0            0            0           
0            0            0             0            0            0           
0            0            0             0            0            0           

Inertia
150.099      -56.2822     -56.3082      0.245727     0.0929206    0.117048    
-56.2822     150.07       -56.2567      0.0929206    0.218749     0.0809511   
-56.3082     -56.2567     150.105       0.117048     0.0809511    0.230635    

Bond Length
0.61942827    0.0039835152

BB bond length
0.61942827    0.0039835152

Water EE distance
0             0           

PEG EE distance
7.1723927     0.43536332  

BBB P2(x)
0.52917266    0.020839971 

BBB first bond length
0.61989051    0.0039958364

BBB second bond length
0.6196949     0.0043818756

BBB <phi**2>/<phi>**2
1.2269844     0.020917364 

Time = 16000
Temperature
1.0122689     0.0096573218

Pressure
23.482278     0.083882001 

CM Mom
-1.7366377e-16 1.5550845e-17 
-3.2785054e-17 1.9994793e-17 
3.1604089e-17  1.4284574e-17 
1.813287e-16   1.4083912e-17 

CM Pos
7.4980516      0.01282525    
7.4938012      0.015307194   
7.4972722      0.013996497   
12.984122      0.010258472   

Stress
20.4463      -0.00761606  0.0643824     0.103709     0.0824427    0.0826124   
-0.00761606  20.4709      -0.0124837    0.0824427    0.095642     0.0736921   
0.0643824    -0.0124837   20.4426       0.0826124    0.0736921    0.10589     

Stress Spherical
0            0            0             0            0            0           
0            0            0             0            0            0           
0            0            0             0            0            0           

Inertia
149.853      -56.1964     -56.2434      0.314406     0.113858     0.103531    
-56.1964     149.907      -56.209       0.113858     0.203443     0.183455    
-56.2434     -56.209      149.866       0.103531     0.183455     0.226452    

Bond Length
0.62050749    0.0048224677

BB bond length
0.62050749    0.0048224677

Water EE distance
0             0           

PEG EE distance
6.8303469     0.15513427  

BBB P2(x)
0.52468121    0.022243874 

BBB first bond length
0.62040815    0.0051103752

BBB second bond length
0.6208633     0.0044327642

BBB <phi**2>/<phi>**2
1.22736       0.012692079 

Time = 17000
Temperature
1.0108594     0.0080590293

Pressure
23.504647     0.067748893 

CM Mom
-1.4704464e-16 1.3560621e-17 
-5.7212379e-17 2.2857108e-17 
7.1071341e-17  2.1417907e-17 
1.757563e-16   1.4876279e-17 

CM Pos
7.5039927      0.007769104   
7.4927615      0.013284887   
7.5003913      0.017441317   
12.988749      0.013666535   

Stress
20.4622      0.00558631   0.032081      0.0786059    0.0816741    0.100632    
0.00558631   20.4957      0.00421553    0.0816741    0.0960568    0.0590152   
0.032081     0.00421553   20.4816       0.100632     0.0590152    0.114244    

Stress Spherical
0            0            0             0            0            0           
0            0            0             0            0            0           
0            0            0             0            0            0           

Inertia
149.879      -56.1737     -56.3035      0.353262     0.142398     0.130103    
-56.1737     150.061      -56.1591      0.142398     0.292503     0.156067    
-56.3035     -56.1591     149.946       0.130103     0.156067     0.211816    

Bond Length
0.62110292    0.0050131843

BB bond length
0.62110292    0.0050131843

Water EE distance
0             0           

PEG EE distance
6.7413905     0.14226147  

BBB P2(x)
0.53154275    0.013298537 

BBB first bond length
0.62133126    0.0050372034

BBB second bond length
0.62153188    0.0051196665

BBB <phi**2>/<phi>**2
1.22356       0.018361545 

Time = 18000
Temperature
1.0127124     0.0072465073

Pressure
23.517274     0.15853999  

CM Mom
-1.4695779e-16 9.8616867e-18 
-8.1708138e-17 1.8811456e-17 
6.4837124e-17  2.1447755e-17 
1.8251291e-16  8.7653583e-18 

CM Pos
7.5071119      0.016392846   
7.500188       0.010975118   
7.5020251      0.0092946754  
12.995775      0.01498848    

Stress
20.4867      0.0210657    -0.0266067    0.155082     0.0550948    0.0691013   
0.0210657    20.4679      0.00203215    0.0550948    0.184863     0.0912708   
-0.0266067   0.00203215   20.5062       0.0691013    0.0912708    0.184445    

Stress Spherical
0            0            0             0            0            0           
0            0            0             0            0            0           
0            0            0             0            0            0           

Inertia
150.048      -56.3202     -56.296       0.209335     0.180167     0.139789    
-56.3202     150.144      -56.2094      0.180167     0.326771     0.106825    
-56.296      -56.2094     150.116       0.139789     0.106825     0.344732    

Bond Length
0.6216712     0.0054639616

BB bond length
0.6216712     0.0054639616

Water EE distance
0             0           

PEG EE distance
6.7908368     0.1841297   

BBB P2(x)
0.51533289    0.026385086 

BBB first bond length
0.62193776    0.0051648824

BBB second bond length
0.62172391    0.0060460697

BBB <phi**2>/<phi>**2
1.2302603     0.021505886 

Time = 19000
Temperature
1.0100691     0.01191535  

Pressure
23.490488     0.1033192   

CM Mom
-1.5346794e-16 1.9357891e-17 
-4.606219e-17  1.452078e-17  
8.1749501e-17  1.3810349e-17 
1.8128039e-16  1.6457322e-17 

CM Pos
7.502953       0.017589939   
7.505238       0.012501213   
7.5054413      0.015581451   
12.998263      0.02025719    

Stress
20.4736      -0.00556279  -0.0149672    0.140636     0.0454861    0.0596745   
-0.00556279  20.4725      0.000995405   0.0454861    0.106787     0.0634518   
-0.0149672   0.000995405  20.4581       0.0596745    0.0634518    0.0793172   

Stress Spherical
0            0            0             0            0            0           
0            0            0             0            0            0           
0            0            0             0            0            0           

Inertia
150.161      -56.3295     -56.3051      0.34151      0.181341     0.232703    
-56.3295     150.122      -56.3322      0.181341     0.429953     0.182355    
-56.3051     -56.3322     150.124       0.232703     0.182355     0.391963    

Bond Length
0.61987702    0.0036415216

BB bond length
0.61987702    0.0036415216

Water EE distance
0             0           

PEG EE distance
6.9243035     0.3374208   

BBB P2(x)
0.50682789    0.02823068  

BBB first bond length
0.62000617    0.0036946167

BBB second bond length
0.61936009    0.0036206757

BBB <phi**2>/<phi>**2
1.2251566     0.016368526 

Time = 20000
Temperature
1.0112222     0.0061863882

Pressure
23.508248     0.064945621 

CM Mom
-1.5600989e-16 1.2427345e-17 
-4.8092258e-17 1.0850987e-17 
6.3330204e-17  2.8612677e-17 
1.7727991e-16  1.803789e-17  

CM Pos
7.5032501      0.008244394   
7.4960292      0.013231641   
7.5035104      0.010519417   
12.992001      0.011783736   

Stress
20.514       -0.00656966  -0.000522691  0.109419     0.13099      0.0554898   
-0.00656966  20.4775      0.0154525     0.13099      0.140123     0.0899383   
-0.000522691 0.0154525    20.4556       0.0554898    0.0899383    0.0673994   

Stress Spherical
0            0            0             0            0            0           
0            0            0             0            0            0           
0            0            0             0            0            0           

Inertia
149.985      -56.2623     -56.3419      0.350363     0.114969     0.11578     
-56.2623     150.09       -56.2483      0.114969     0.196409     0.209352    
-56.3419     -56.2483     149.996       0.11578      0.209352     0.193921    

Bond Length
0.6207597     0.0034993952

BB bond length
0.6207597     0.0034993952

Water EE distance
0             0           

PEG EE distance
7.2051402     0.24184859  

BBB P2(x)
0.52011728    0.020513412 

BBB first bond length
0.61984819    0.0040518629

BBB second bond length
0.62085865    0.0034238644

BBB <phi**2>/<phi>**2
1.2325808     0.011648203 

Time = 21000
Temperature
1.0114884     0.0070021746

Pressure
23.505337     0.081713112 

CM Mom
-1.4516229e-16 1.3750155e-17 
-3.8569779e-17 1.4628077e-17 
5.6388699e-17  1.7914406e-17 
1.6187259e-16  1.6144374e-17 

CM Pos
7.4909221      0.014479918   
7.4906821      0.01179291    
7.5003913      0.01034282    
12.979996      0.015945298   

Stress
20.533       -0.0377882   -0.0231013    0.069424     0.074235     0.0492356   
-0.0377882   20.4766      -0.0148218    0.074235     0.121064     0.048243    
-0.0231013   -0.0148218   20.4264       0.0492356    0.048243     0.0832987   

Stress Spherical
0            0            0             0            0            0           
0            0            0             0            0            0           
0            0            0             0            0            0           

Inertia
149.862      -56.1284     -56.1977      0.290228     0.186125     0.1475      
-56.1284     149.869      -56.2022      0.186125     0.236605     0.220564    
-56.1977     -56.2022     149.708       0.1475       0.220564     0.284526    

Bond Length
0.61924549    0.0046433559

BB bond length
0.61924549    0.0046433559

Water EE distance
0             0           

PEG EE distance
6.9663216     0.29286905  

BBB P2(x)
0.51825474    0.031951457 

BBB first bond length
0.61907634    0.0044978121

BBB second bond length
0.61962274    0.004388726 

BBB <phi**2>/<phi>**2
1.2374969     0.023128792 

Time = 22000
Temperature
1.0072584     0.0079756737

Pressure
23.426796     0.084640195 

CM Mom
-1.361117e-16  1.5418319e-17 
-2.5705032e-17 1.859064e-17  
3.8970488e-17  2.7509761e-17 
1.4768485e-16  1.5334682e-17 

CM Pos
7.5031016      0.011717843   
7.4966233      0.013745205   
7.5054413      0.011831197   
12.993375      0.014788824   

Stress
20.4514      0.00611126   0.00342447    0.0854152    0.0642681    0.0700394   
0.00611126   20.3879      0.0124973     0.0642681    0.159734     0.0758702   
0.00342447   0.0124973    20.3991       0.0700394    0.0758702    0.0998469   

Stress Spherical
0            0            0             0            0            0           
0            0            0             0            0            0           
0            0            0             0            0            0           

Inertia
150.012      -56.2823     -56.3292      0.292795     0.181747     0.151825    
-56.2823     150.113      -56.2424      0.181747     0.298896     0.118316    
-56.3292     -56.2424     149.984       0.151825     0.118316     0.309051    

Bond Length
0.62247035    0.0071223638

BB bond length
0.62247035    0.0071223638

Water EE distance
0             0           

PEG EE distance
6.762279      0.24732656  

BBB P2(x)
0.51604152    0.017449789 

BBB first bond length
0.62280204    0.0075916801

BBB second bond length
0.6221047     0.0074866947

BBB <phi**2>/<phi>**2
1.2224541     0.017579873 

Time = 23000
Temperature
1.0147435     0.0083471099

Pressure
23.546678     0.068892339 

CM Mom
-1.1789427e-16 2.4108738e-17 
-1.0805409e-17 1.509799e-17  
5.5519946e-17  1.3269775e-17 
1.3238821e-16  2.359896e-17  

CM Pos
7.4974574      0.012476483   
7.4961777      0.0064418007  
7.5076693      0.014852956   
12.991151      0.0069610784  

Stress
20.4782      0.0330937    -0.00847352   0.0557518    0.067231     0.075051    
0.0330937    20.5162      0.00728804    0.067231     0.0878021    0.0580097   
-0.00847352  0.00728804   20.5364       0.075051     0.0580097    0.0919931   

Stress Spherical
0            0            0             0            0            0           
0            0            0             0            0            0           
0            0            0             0            0            0           

Inertia
150.048      -56.2202     -56.2389      0.212764     0.14418      0.135394    
-56.2202     150.058      -56.2332      0.14418      0.201826     0.116909    
-56.2389     -56.2332     149.893       0.135394     0.116909     0.233313    

Bond Length
0.62148407    0.0042848192

BB bond length
0.62148407    0.0042848192

Water EE distance
0             0           

PEG EE distance
6.6092878     0.24755633  

BBB P2(x)
0.51288179    0.024872485 

BBB first bond length
0.6215128     0.0036810912

BBB second bond length
0.62177918    0.0046016374

BBB <phi**2>/<phi>**2
1.2143893     0.015160225 

Time = 24000
Temperature
1.0110881     0.0057983145

Pressure
23.516958     0.10859787  

CM Mom
-1.1165497e-16 1.7646019e-17 
-1.2070474e-17 1.4684719e-17 
5.7579009e-17  1.094847e-17  
1.2734148e-16  1.8944935e-17 

CM Pos
7.4949324      0.010061713   
7.4997424      0.010440476   
7.5057384      0.014599028   
12.99063       0.014361587   

Stress
20.4942      0.00970548   0.0133371     0.127339     0.0765898    0.095543    
0.00970548   20.4884      0.00417123    0.0765898    0.125131     0.0469062   
0.0133371    0.00417123   20.4919       0.095543     0.0469062    0.149209    

Stress Spherical
0            0            0             0            0            0           
0            0            0             0            0            0           
0            0            0             0            0            0           

Inertia
150.096      -56.2004     -56.2625      0.351804     0.117351     0.143128    
-56.2004     150.009      -56.2531      0.117351     0.275294     0.170521    
-56.2625     -56.2531     149.924       0.143128     0.170521     0.218602    

Bond Length
0.61736796    0.0034034048

BB bond length
0.61736796    0.0034034048

Water EE distance
0             0           

PEG EE distance
6.1037227     0.37813712  

BBB P2(x)
0.52504756    0.014992875 

BBB first bond length
0.61766751    0.0035180293

BBB second bond length
0.61715565    0.004358945 

BBB <phi**2>/<phi>**2
1.2266439     0.015938692 

Time = 25000
Temperature
1.0139385     0.010532241 

Pressure
23.518812     0.11028519  

CM Mom
-1.0523675e-16 1.5346124e-17 
-1.2107233e-17 1.4129545e-17 
3.0281789e-17  1.8597539e-17 
1.1274297e-16  1.4435513e-17 

CM Pos
7.5048839      0.011691456   
7.4972174      0.0095568123  
7.5098972      0.023896647   
12.997331      0.017107379   

Stress
20.4621      0.0227648    0.0198429     0.143103     0.0865678    0.086803    
0.0227648    20.4946      -0.000865803  0.0865678    0.131261     0.0657996   
0.0198429    -0.000865803 20.4978       0.086803     0.0657996    0.119       

Stress Spherical
0            0            0             0            0            0           
0            0            0             0            0            0           
0            0            0             0            0            0           

Inertia
150.099      -56.3193     -56.3673      0.316684     0.144946     0.250924    
-56.3193     150.225      -56.3005      0.144946     0.481837     0.181789    
-56.3673     -56.3005     150.026       0.250924     0.181789     0.245496    

Bond Length
0.61981379    0.0037072251

BB bond length
0.61981379    0.0037072251

Water EE distance
0             0           

PEG EE distance
6.9121464     0.29846657  

BBB P2(x)
0.52840185    0.011500394 

BBB first bond length
0.61974287    0.0037948814

BBB second bond length
0.61959956    0.0037908339

BBB <phi**2>/<phi>**2
1.2232983     0.013381241 

Time = 26000
Temperature
1.0049292     0.0089376405

Pressure
23.478435     0.088530689 

CM Mom
-8.3997788e-17 2.2756428e-17 
-4.6667445e-17 3.0028809e-17 
3.3186863e-17  1.6474899e-17 
1.0714689e-16  2.3353748e-17 

CM Pos
7.4990913      0.014665367   
7.4952865      0.0077761997  
7.5057384      0.014553623   
12.990462      0.013620169   

Stress
20.4318      -0.0344403   0.00313534    0.0585567    0.0638426    0.04917     
-0.0344403   20.5021      -0.0124281    0.0638426    0.131603     0.0739791   
0.00313534   -0.0124281   20.4803       0.04917      0.0739791    0.108878    

Stress Spherical
0            0            0             0            0            0           
0            0            0             0            0            0           
0            0            0             0            0            0           

Inertia
149.999      -56.2159     -56.3054      0.262369     0.169057     0.144615    
-56.2159     150.055      -56.2679      0.169057     0.288117     0.111179    
-56.3054     -56.2679     149.912       0.144615     0.111179     0.292705    

Bond Length
0.62250167    0.0028414958

BB bond length
0.62250167    0.0028414958

Water EE distance
0             0           

PEG EE distance
6.3993061     0.41004645  

BBB P2(x)
0.50716261    0.024440298 

BBB first bond length
0.62247991    0.0029080708

BBB second bond length
0.62275119    0.0031827315

BBB <phi**2>/<phi>**2
1.2288894     0.018133088 

Time = 27000
Temperature
1.0085952     0.0079147112

Pressure
23.536663     0.071834371 

CM Mom
-6.1487848e-17 2.3409201e-17 
-1.8707187e-17 1.8790593e-17 
4.6603615e-17  3.0037982e-17 
8.5529964e-17  2.8117504e-17 

CM Pos
7.508003       0.0067233213  
7.4918703      0.021382067   
7.5076693      0.0072764325  
12.994755      0.015264402   

Stress
20.5528      0.0445631    -0.00774112   0.10939      0.0665856    0.0477454   
0.0445631    20.5023      0.0133602     0.0665856    0.0748349    0.0566508   
-0.00774112  0.0133602    20.5008       0.0477454    0.0566508    0.0876221   

Stress Spherical
0            0            0             0            0            0           
0            0            0             0            0            0           
0            0            0             0            0            0           

Inertia
149.996      -56.2656     -56.3903      0.344616     0.170122     0.0806416   
-56.2656     150.219      -56.2274      0.170122     0.137683     0.190182    
-56.3903     -56.2274     150.003       0.0806416    0.190182     0.392085    

Bond Length
0.6206398     0.0043332991

BB bond length
0.6206398     0.0043332991

Water EE distance
0             0           

PEG EE distance
7.3966555     0.36656486  

BBB P2(x)
0.52049177    0.027639239 

BBB first bond length
0.62066767    0.0041988662

BBB second bond length
0.62063154    0.0040168945

BBB <phi**2>/<phi>**2
1.2299197     0.015621171 

Time = 28000
Temperature
1.0081257     0.0086017093

Pressure
23.497444     0.069328753 

CM Mom
-6.6573805e-17 2.7194839e-17 
-5.6354894e-18 3.657488e-17  
2.6459111e-17  1.3773802e-17 
8.4273465e-17  1.8135508e-17 

CM Pos
7.5084486      0.0094360116  
7.4973659      0.016558881   
7.5069266      0.0094698513  
12.997753      0.010413956   

Stress
20.4665      0.00718151   0.0155429     0.122648     0.0704491    0.064477    
0.00718151   20.4668      -0.0138646    0.0704491    0.124672     0.0509413   
0.0155429    -0.0138646   20.5091       0.064477     0.0509413    0.0787307   

Stress Spherical
0            0            0             0            0            0           
