Time = 1000
Temperature
   1.1690385    0.26358328

Pressure
   23.833135     1.1805872

CM Mom
-7.0823613e-17 1.907428e-17  
7.9712827e-18  2.2324922e-17 
3.4662336e-17  2.9832127e-16 
2.1255322e-16  2.2574308e-16 

CM Pos
7.5038588      0.017617815   
7.4951662      0.018443769   
7.4993891      0.0098410357  
12.989487      0.01473992    

Stress
20.3366      0.0496067    0.0184423     0.397794     0.08078      0.0872759   
0.0496067    20.338       0.0229799     0.08078      0.454816     0.0881893   
0.0184423    0.0229799    20.3232       0.0872759    0.0881893    0.413892    

Stress Spherical
0            0            0             0            0            0           
0            0            0             0            0            0           
0            0            0             0            0            0           

Inertia
150.111      -56.2596     -56.2639      1.82171      0.0956639    0.225264    
-56.2596     150.261      -56.1669      0.0956639    1.6326       0.169001    
-56.2639     -56.1669     150.186       0.225264     0.169001     1.69669     

Bond Length
0.61974636    0.009427862 

BB bond length
0.61974636    0.009427862 

Water EE distance
0             0           

PEG EE distance
7.0881444     0.14019077  

BBB P2(x)
0.47507075    0.062763819 

BBB first bond length
0.61969259    0.0097048701

BBB second bond length
0.61962002    0.0093568155

BBB <phi**2>/<phi>**2
1.2192577     0.013198144 

Time = 2000
Temperature
1.0099434     0.010591969 

Pressure
22.976015     0.04454914  

CM Mom
-8.2510219e-17 2.3725425e-17 
2.5990161e-17  1.4246866e-17 
-1.4213953e-17 5.1408634e-17 
1.0289467e-16  2.2513671e-17 

CM Pos
7.5029683      0.020190939   
7.4994706      0.020364227   
7.5028029      0.011463499   
12.99343       0.019315566   

Stress
20.0959      -0.0340916   -0.0217821    0.0777374    0.0652927    0.0826686   
-0.0340916   19.9037      0.0159156     0.0652927    0.0818031    0.0623549   
-0.0217821   0.0159156    19.856        0.0826686    0.0623549    0.0882836   

Stress Spherical
0            0            0             0            0            0           
0            0            0             0            0            0           
0            0            0             0            0            0           

Inertia
149.929      -56.2518     -56.3002      0.387445     0.206212     0.217938    
-56.2518     149.987      -56.3074      0.206212     0.569856     0.166014    
-56.3002     -56.3074     149.957       0.217938     0.166014     0.461849    

Bond Length
0.61696865    0.0013748973

BB bond length
0.61696865    0.0013748973

Water EE distance
0             0           

PEG EE distance
7.2352166     0.076571838 

BBB P2(x)
0.50936573    0.0067663755

BBB first bond length
0.61698278    0.0014042455

BBB second bond length
0.61695457    0.0014300332

BBB <phi**2>/<phi>**2
1.2271889     0.007435376 

