Time = 500
Temperature
   1.0369784   0.042653633

Pressure
   22.782872    0.12721368

CM Mom
3.2472349e-17  1.3685745e-17 
-1.3338485e-17 1.7383902e-17 
2.6804317e-17  2.8318562e-17 
5.5437672e-17  1.2997892e-17 

CM Pos
7.5100234      0.029673686   
7.4939853      0.029759564   
7.5001025      0.025059285   
12.992843      0.015112554   

Stress
19.686       -0.0100628   -0.0358073    0.0517862    0.0262754    0.0394591   
-0.0100628   19.6678      -0.0144979    0.0262754    0.104214     0.0743001   
-0.0358073   -0.0144979   19.6731       0.0394591    0.0743001    0.041908    

Stress Spherical
0            0            0             0            0            0           
0            0            0             0            0            0           
0            0            0             0            0            0           

Inertia
149.473      -56.3333     -56.2073      0.180435     0.146199     0.469267    
-56.3333     149.693      -56.1294      0.146199     0.859082     0.122236    
-56.2073     -56.1294     149.683       0.469267     0.122236     0.226353    

Bond Length
0.61835521    0.0063096583

BB bond length
0.61835521    0.0063096583

Water EE distance
0             0           

PEG EE distance
3.6579935     0.098972278 

Time = 1000
Temperature
1.0155359     0.0059297778

Pressure
22.675358     0.071911868 

CM Mom
6.7112889e-17  3.1795394e-17 
-2.5764683e-17 3.9883499e-17 
2.5839335e-17  8.060528e-18  
8.7317299e-17  2.9629916e-17 

CM Pos
7.5091335      0.015624081   
7.5105976      0.0070199701  
7.4831935      0.010955909   
12.992099      0.011478131   

Stress
19.6757      0.00123394   -0.0034973    0.110905     0.0717195    0.0785788   
0.00123394   19.6056      0.0151465     0.0717195    0.103971     0.0236362   
-0.0034973   0.0151465    19.6158       0.0785788    0.0236362    0.135147    

Stress Spherical
0            0            0             0            0            0           
0            0            0             0            0            0           
0            0            0             0            0            0           

Inertia
149.498      -56.4134     -56.2394      0.187797     0.125809     0.155585    
-56.4134     149.506      -56.1947      0.125809     0.385635     0.0951658   
-56.2394     -56.1947     149.963       0.155585     0.0951658    0.249594    

Bond Length
0.61992172    0.0053921427

BB bond length
0.61992172    0.0053921427

Water EE distance
0             0           

PEG EE distance
3.5002073     0.085811141 

