Time = 500
Temperature
   1.0388586   0.042206405

Pressure
   23.508909      0.188733

CM Mom
7.5106741e-17  2.2182049e-17 
-4.1964544e-17 8.9222586e-18 
-4.3840047e-17 2.0454293e-17 
1.0129878e-16  7.2512702e-18 

CM Pos
7.5211048      0.01355993    
7.4983635      0.0050462425  
7.509535       0.0062580142  
13.00714       0.011839116   

Stress
20.399       0.0203876    0.011379      0.0793729    0.0931858    0.106886    
0.0203876    20.4172      0.0182337     0.0931858    0.141797     0.0409065   
0.011379     0.0182337    20.3617       0.106886     0.0409065    0.0911746   

Stress Spherical
0            0            0             0            0            0           
0            0            0             0            0            0           
0            0            0             0            0            0           

Inertia
149.996      -56.363      -56.5406      0.142375     0.169172     0.177021    
-56.363      150.396      -56.3161      0.169172     0.259273     0.100638    
-56.5406     -56.3161     150.141       0.177021     0.100638     0.226122    

Bond Length
0.61892063    0.0084852418

BB bond length
0.61892063    0.0084852418

Water EE distance
0             0           

PEG EE distance
3.5054351     0.20893763  

Time = 1000
Temperature
1.0070097     0.0064818318

Pressure
23.401091     0.058374734 

CM Mom
5.3917755e-17  1.5874912e-17 
-2.5041429e-17 1.7859641e-17 
-5.352955e-17  1.6107663e-17 
8.3421007e-17  1.6461537e-17 

CM Pos
7.5080665      0.01241742    
7.4933259      0.014922574   
7.5151651      0.0097111633  
12.999961      0.01413005    

Stress
20.3812      -0.0419645   0.0120549     0.106095     0.0450735    0.016241    
-0.0419645   20.3354      0.0520752     0.0450735    0.100818     0.0764424   
0.0120549    0.0520752    20.4244       0.016241     0.0764424    0.0463652   

Stress Spherical
0            0            0             0            0            0           
0            0            0             0            0            0           
0            0            0             0            0            0           

Inertia
149.983      -56.2749     -56.4576      0.363811     0.142207     0.068863    
-56.2749     150.282      -56.3397      0.142207     0.211812     0.1516      
-56.4576     -56.3397     149.863       0.068863     0.1516       0.293543    

Bond Length
0.61116734    0.004793778 

BB bond length
0.61116734    0.004793778 

Water EE distance
0             0           

PEG EE distance
3.3964037     0.38358269  

