Time = 1000
Temperature
    1.039122   0.044221691

Pressure
   23.447014    0.23990917

CM Mom
-1.674057e-17  1.9468983e-17 
8.8520784e-18  1.9515766e-17 
-2.7737472e-17 1.353554e-16  
1.0867892e-16  9.1639821e-17 

CM Pos
7.4952393      0.019907823   
7.4967447      0.026388088   
7.5061094      0.013024538   
12.989294      0.031246735   

Stress
20.3194      -0.0270229   0.0726611     0.161121     0.0651377    0.0737058   
-0.0270229   20.336       -0.000372502  0.0651377    0.133502     0.063773    
0.0726611    -0.000372502 20.3391       0.0737058    0.063773     0.16948     

Stress Spherical
0            0            0             0            0            0           
0            0            0             0            0            0           
0            0            0             0            0            0           

Inertia
149.98       -56.1487     -56.2198      1.16587      0.358663     0.234662    
-56.1487     149.97       -56.2799      0.358663     1.11489      0.28993     
-56.2198     -56.2799     149.811       0.234662     0.28993      1.35023     

Bond Length
0.57075159    0.0036697802

BB bond length
0.57075159    0.0036697802

Water EE distance
0             0           

PEG EE distance
2.2410013     0.13346179  

Time = 2000
Temperature
1.012769      0.0085218683

Pressure
23.274125     0.13257655  

CM Mom
1.0587659e-19  1.1726246e-17 
3.2393848e-18  1.3447604e-17 
-1.5485686e-17 2.6762593e-17 
3.2431519e-17  1.5267191e-17 

CM Pos
7.5033923      0.011153219   
7.4992648      0.012476505   
7.5028482      0.018524162   
12.993577      0.013514872   

Stress
20.2232      -0.0111474   0.0020111     0.129295     0.0661716    0.0677734   
-0.0111474   20.2356      -0.0333036    0.0661716    0.144476     0.0747144   
0.0020111    -0.0333036   20.254        0.0677734    0.0747144    0.15201     

Stress Spherical
0            0            0             0            0            0           
0            0            0             0            0            0           
0            0            0             0            0            0           

Inertia
149.895      -56.2677     -56.2836      0.432357     0.171492     0.177148    
-56.2677     149.949      -56.2775      0.171492     0.462627     0.156896    
-56.2836     -56.2775     149.887       0.177148     0.156896     0.490416    

Bond Length
0.57169771    0.0020599771

BB bond length
0.57169771    0.0020599771

Water EE distance
0             0           

PEG EE distance
2.2575397     0.094778069 

Time = 3000
Temperature
1.0081258     0.0069694908

Pressure
23.251616     0.08021506  

CM Mom
-2.9963624e-18 2.0863477e-17 
-9.2899851e-18 1.7157601e-17 
-2.2402773e-17 2.3410897e-17 
3.8326461e-17  2.0149111e-17 

CM Pos
7.4967217      0.011910649   
7.4971894      0.015359423   
7.4992906      0.016023207   
12.986472      0.015019064   

Stress
20.2061      0.0205843    0.0510596     0.0738113    0.0936846    0.0843102   
0.0205843    20.2316      -0.0195664    0.0936846    0.0962501    0.0625483   
0.0510596    -0.0195664   20.2494       0.0843102    0.0625483    0.138431    

Stress Spherical
0            0            0             0            0            0           
0            0            0             0            0            0           
0            0            0             0            0            0           

Inertia
149.862      -56.2234     -56.2184      0.353676     0.189729     0.123034    
-56.2234     149.849      -56.2446      0.189729     0.244761     0.159047    
-56.2184     -56.2446     149.821       0.123034     0.159047     0.369728    

Bond Length
0.56891015    0.0025355817

BB bond length
0.56891015    0.0025355817

Water EE distance
0             0           

PEG EE distance
2.2632484     0.063122229 

