Time = 500
Temperature
   1.0394962   0.041269887

Pressure
   23.417544    0.14670375

CM Mom
-1.0031924e-16 6.6549022e-18 
8.6106985e-18  1.7838974e-17 
-3.7939383e-17 1.135884e-17  
1.0950689e-16  8.7905047e-18 

CM Pos
7.5123997      0.022926485   
7.4909158      0.0057459659  
7.4863303      0.005080925   
12.984435      0.011625028   

Stress
20.2803      0.0223005    0.0106851     0.117281     0.0440717    0.0225355   
0.0223005    20.2961      -0.0276161    0.0440717    0.0821529    0.0418998   
0.0106851    -0.0276161   20.3217       0.0225355    0.0418998    0.0618689   

Stress Spherical
0            0            0             0            0            0           
0            0            0             0            0            0           
0            0            0             0            0            0           

Inertia
149.508      -56.2595     -56.2836      0.0727152    0.123671     0.131408    
-56.2595     149.834      -56.1247      0.123671     0.352612     0.0777464   
-56.2836     -56.1247     149.874       0.131408     0.0777464    0.330314    

Bond Length
0.62246533    0.0020566167

BB bond length
0.62246533    0.0020566167

Water EE distance
0             0           

PEG EE distance
3.4537631     0.49508484  

Time = 1000
Temperature
1.0110115     0.011098202 

Pressure
23.325158     0.07555647  

CM Mom
-6.5936764e-17 2.0991505e-17 
7.8447746e-18  1.2308906e-17 
-2.8642608e-17 1.1078409e-17 
7.3737523e-17  2.252238e-17  

CM Pos
7.5094365      0.010790483   
7.4983239      0.015556387   
7.4887009      0.0080826837  
12.988355      0.014382203   

Stress
20.2633      -0.0384102   0.0137404     0.0385909    0.0696258    0.0376357   
-0.0384102   20.3278      -0.0757426    0.0696258    0.069872     0.0568842   
0.0137404    -0.0757426   20.2862       0.0376357    0.0568842    0.109592    

Stress Spherical
0            0            0             0            0            0           
0            0            0             0            0            0           
0            0            0             0            0            0           

Inertia
149.677      -56.3638     -56.2706      0.255606     0.231353     0.140242    
-56.3638     149.867      -56.1857      0.231353     0.180854     0.132061    
-56.2706     -56.1857     150.044       0.140242     0.132061     0.370567    

Bond Length
0.61641373    0.00561291  

BB bond length
0.61641373    0.00561291  

Water EE distance
0             0           

PEG EE distance
3.9516188     0.25720258  

