Time = 1000
Temperature
   1.0259299   0.034405427

Pressure
   23.573241    0.17236211

CM Mom
9.1237347e-18  1.294156e-17  
7.9115076e-18  2.2821278e-17 
-1.2834514e-17 3.9768029e-17 
4.6546428e-17  2.0341586e-17 

CM Pos
7.4991103      0.012217727   
7.495612       0.043183023   
7.496818       0.016387894   
12.985573      0.017716944   

Stress
20.4504      0.001884     -0.00208974   0.128442     0.0705521    0.0509827   
0.001884     20.5735      -0.00396214   0.0705521    0.0991051    0.0701381   
-0.00208974  -0.00396214  20.4898       0.0509827    0.0701381    0.137381    

Stress Spherical
0            0            0             0            0            0           
0            0            0             0            0            0           
0            0            0             0            0            0           

Inertia
149.888      -56.1853     -56.2174      0.354299     0.319528     0.187558    
-56.1853     149.902      -56.2127      0.319528     0.38438      0.249174    
-56.2174     -56.2127     149.915       0.187558     0.249174     0.553788    

Bond Length
0.61782705    0.0086762942

BB bond length
0.61782705    0.0086762942

Water EE distance
0             0           

PEG EE distance
6.722408      0.64528212  

BBB P2(x)
0.49663614    0.076157459 

BBB first bond length
0.61806094    0.0095800681

BBB second bond length
0.61804863    0.0084380367

BBB <phi**2>/<phi>**2
1.2155332     0.036437396 

Time = 2000
Temperature
1.0123207     0.0072971595

Pressure
23.541925     0.054919094 

CM Mom
-5.5299445e-18 2.2877288e-17 
3.0777208e-17  1.1030972e-17 
-3.7532371e-17 2.1550036e-17 
5.5842585e-17  1.9430853e-17 

CM Pos
7.5044595      0.011839616   
7.5015555      0.013602942   
7.4986011      0.010341583   
12.993054      0.015623303   

Stress
20.5324      -0.0281107   0.0647627     0.130717     0.0529817    0.0715744   
-0.0281107   20.538       -0.00888842   0.0529817    0.0782096    0.0748081   
0.0647627    -0.00888842  20.4715       0.0715744    0.0748081    0.0904121   

Stress Spherical
0            0            0             0            0            0           
0            0            0             0            0            0           
0            0            0             0            0            0           

Inertia
149.973      -56.3151     -56.2606      0.357134     0.221148     0.127271    
-56.3151     150.034      -56.2801      0.221148     0.241257     0.192253    
-56.2606     -56.2801     150.096       0.127271     0.192253     0.343067    

Bond Length
0.62027869    0.0055735208

BB bond length
0.62027869    0.0055735208

Water EE distance
0             0           

PEG EE distance
7.203634      0.51053214  

BBB P2(x)
0.53298474    0.026724612 

BBB first bond length
0.62031886    0.0059190937

BBB second bond length
0.62051525    0.0060917817

BBB <phi**2>/<phi>**2
1.2220753     0.02121936  

Time = 3000
Temperature
1.0092329     0.010281945 

Pressure
23.522717     0.093559549 

CM Mom
-1.0979468e-17 1.572456e-17  
5.3209184e-17  1.6768555e-17 
-6.1873488e-17 2.1400032e-17 
8.6927181e-17  1.4497147e-17 

CM Pos
7.4973273      0.010846954   
7.4999211      0.013236884   
7.4980067      0.015091785   
12.987655      0.013432734   

Stress
20.5184      -0.00265346  -0.00814286   0.125269     0.0649182    0.0727203   
-0.00265346  20.5098      0.0109085     0.0649182    0.085219     0.0752082   
-0.00814286  0.0109085    20.4838       0.0727203    0.0752082    0.128821    

Stress Spherical
0            0            0             0            0            0           
0            0            0             0            0            0           
0            0            0             0            0            0           

Inertia
149.928      -56.1872     -56.236       0.286935     0.108848     0.136734    
-56.1872     149.901      -56.2398      0.108848     0.297645     0.155881    
-56.236      -56.2398     149.925       0.136734     0.155881     0.288584    

Bond Length
0.61857796    0.0054907944

BB bond length
0.61857796    0.0054907944

Water EE distance
0             0           

PEG EE distance
8.0025574     0.27373205  

BBB P2(x)
0.52924532    0.036555327 

BBB first bond length
0.61891446    0.0052040169

BBB second bond length
0.61888302    0.0056495827

BBB <phi**2>/<phi>**2
1.2239307     0.023959534 

Time = 4000
Temperature
1.0074735     0.0076144765

Pressure
23.548385     0.094646885 

CM Mom
2.6889503e-18  1.3584332e-17 
4.8930647e-17  1.6625365e-17 
-4.5021496e-17 2.423761e-17  
7.0435124e-17  2.2708272e-17 

CM Pos
7.4992589      0.010468894   
7.501407       0.011733781   
7.5017214      0.013537864   
12.99177       0.01264816    

Stress
20.496       -7.25144e-05 0.0124866     0.104128     0.0609398    0.0960986   
-7.25144e-05 20.553       -0.0186822    0.0609398    0.0879757    0.0649068   
0.0124866    -0.0186822   20.5557       0.0960986    0.0649068    0.148804    

Stress Spherical
0            0            0             0            0            0           
0            0            0             0            0            0           
0            0            0             0            0            0           

Inertia
150.047      -56.2431     -56.2612      0.304293     0.129083     0.123639    
-56.2431     149.998      -56.2964      0.129083     0.283846     0.178837    
-56.2612     -56.2964     150.004       0.123639     0.178837     0.271545    

Bond Length
0.61959589    0.0064090792

BB bond length
0.61959589    0.0064090792

Water EE distance
0             0           

PEG EE distance
8.324077      0.65093957  

BBB P2(x)
0.52284592    0.030054085 

BBB first bond length
0.61924953    0.0065273945

BBB second bond length
0.61980083    0.0069530036

BBB <phi**2>/<phi>**2
1.2308283     0.017248491 

Time = 5000
Temperature
1.0101265     0.0082562299

Pressure
23.57614      0.069521586 

CM Mom
-1.5347087e-17 2.3192988e-17 
4.3214565e-17  1.7304282e-17 
-7.3901866e-17 2.3895607e-17 
9.1794686e-17  2.3379609e-17 

CM Pos
7.4946527      0.012432686   
7.498881       0.017139272   
7.4953321      0.012871565   
12.983969      0.014407552   

Stress
20.5739      0.00995163   0.0203021     0.124142     0.0429211    0.0406186   
0.00995163   20.5765      0.00222851    0.0429211    0.070338     0.0876694   
0.0203021    0.00222851   20.5138       0.0406186    0.0876694    0.121352    

Stress Spherical
0            0            0             0            0            0           
0            0            0             0            0            0           
0            0            0             0            0            0           

Inertia
149.893      -56.2267     -56.1608      0.452422     0.158276     0.108569    
-56.2267     149.839      -56.1883      0.158276     0.216737     0.243745    
-56.1608     -56.1883     149.879       0.108569     0.243745     0.293003    

Bond Length
0.62046999    0.0083693792

BB bond length
0.62046999    0.0083693792

Water EE distance
0             0           

PEG EE distance
8.5325346     0.51737155  

BBB P2(x)
0.56282654    0.031312486 

BBB first bond length
0.62088271    0.0081519076

BBB second bond length
0.62013819    0.0074383239

BBB <phi**2>/<phi>**2
1.2273483     0.013870156 

Time = 6000
Temperature
1.0083599     0.0043551458

Pressure
23.529025     0.079145324 

CM Mom
1.8495606e-17  1.3963196e-17 
7.121759e-17   3.6536428e-17 
-7.1394654e-17 1.407271e-17  
1.0711171e-16  2.7680907e-17 

CM Pos
7.5037166      0.017432403   
7.5027443      0.011613684   
7.4947378      0.014221083   
12.991092      0.014495077   

Stress
20.5034      0.0206097    0.0436736     0.1237       0.080073     0.0555141   
0.0206097    20.5024      -0.00777671   0.080073     0.0826719    0.0853353   
0.0436736    -0.00777671  20.533        0.0555141    0.0853353    0.0906967   

Stress Spherical
0            0            0             0            0            0           
0            0            0             0            0            0           
0            0            0             0            0            0           

Inertia
149.967      -56.2914     -56.1967      0.2735       0.135641     0.207151    
-56.2914     149.974      -56.2316      0.135641     0.408983     0.153189    
-56.1967     -56.2316     150.097       0.207151     0.153189     0.247435    

Bond Length
0.62254505    0.0054183856

BB bond length
0.62254505    0.0054183856

Water EE distance
0             0           

PEG EE distance
7.1185405     0.41125414  

BBB P2(x)
0.54442874    0.033718336 

BBB first bond length
0.62228507    0.0053056828

BBB second bond length
0.6220065     0.006430617 

BBB <phi**2>/<phi>**2
1.2289779     0.025099878 

Time = 7000
Temperature
1.0092501     0.0076530459

Pressure
23.546951     0.075717833 

CM Mom
4.4964857e-17  1.3246035e-17 
1.0326903e-16  2.4489418e-17 
-7.1524565e-17 1.7816468e-17 
1.3585584e-16  2.0926022e-17 

CM Pos
7.497773       0.013326649   
7.4987324      0.0087452832  
7.5000869      0.020515965   
12.988434      0.01221093    

Stress
20.5272      0.025297     -0.0171112    0.111932     0.0548725    0.044455    
0.025297     20.5612      0.00902397    0.0548725    0.106126     0.0629821   
-0.0171112   0.00902397   20.4961       0.044455     0.0629821    0.0970695   

Stress Spherical
0            0            0             0            0            0           
0            0            0             0            0            0           
0            0            0             0            0            0           

Inertia
149.966      -56.2884     -56.24        0.314893     0.0738037    0.105475    
-56.2884     149.958      -56.2478      0.0738037    0.286668     0.167872    
-56.24       -56.2478     149.927       0.105475     0.167872     0.208205    

Bond Length
0.6186713     0.007130119 

BB bond length
0.6186713     0.007130119 

Water EE distance
0             0           

PEG EE distance
7.4674298     0.42713609  

BBB P2(x)
0.50548479    0.038149812 

BBB first bond length
0.62008932    0.0069297379

BBB second bond length
0.6186077     0.0073738613

BBB <phi**2>/<phi>**2
1.2219607     0.036164449 

Time = 8000
Temperature
1.011442      0.0070462672

Pressure
23.530332     0.063203405 

CM Mom
3.8775185e-17  1.2112794e-17 
1.0488556e-16  1.1962971e-17 
-7.5097322e-17 8.2428517e-18 
1.3574254e-16  8.7088463e-18 

CM Pos
7.4998533      0.011292719   
7.4951662      0.01303858    
7.4991954      0.0108174     
12.98705       0.013559609   

Stress
20.5352      0.0235122    -0.0211491    0.0692657    0.0597924    0.0453386   
0.0235122    20.4874      -0.0182583    0.0597924    0.0393125    0.0751414   
-0.0211491   -0.0182583   20.4923       0.0453386    0.0751414    0.0918909   

Stress Spherical
0            0            0             0            0            0           
0            0            0             0            0            0           
0            0            0             0            0            0           

Inertia
149.919      -56.2121     -56.2711      0.27794      0.152026     0.170825    
-56.2121     149.997      -56.2116      0.152026     0.328302     0.119141    
-56.2711     -56.2116     149.934       0.170825     0.119141     0.235707    

Bond Length
0.62256049    0.0068104796

BB bond length
0.62256049    0.0068104796

Water EE distance
0             0           

PEG EE distance
6.3542043     0.41060525  

BBB P2(x)
0.47790141    0.01934083  

BBB first bond length
0.62280652    0.0069222704

BBB second bond length
0.62245359    0.007258806 

BBB <phi**2>/<phi>**2
1.2210372     0.017642565 

Time = 9000
Temperature
1.010269      0.013290609 

Pressure
23.587621     0.093424302 

CM Mom
4.1025394e-17  1.3298347e-17 
7.5724331e-17  1.5282565e-17 
-9.0837029e-17 2.9317427e-17 
1.2831679e-16  2.1756351e-17 

CM Pos
7.5041623      0.007065375   
7.5063104      0.012630015   
7.4922118      0.012573951   
12.991942      0.013946696   

Stress
20.5485      0.0230347    -0.0130429    0.0911445    0.0665965    0.0614736   
0.0230347    20.5711      -0.0417535    0.0665965    0.130975     0.0572114   
-0.0130429   -0.0417535   20.5778       0.0614736    0.0572114    0.128534    

Stress Spherical
0            0            0             0            0            0           
0            0            0             0            0            0           
0            0            0             0            0            0           

Inertia
149.979      -56.311      -56.2431      0.367922     0.128678     0.13345     
-56.311      149.952      -56.2534      0.128678     0.255208     0.172843    
-56.2431     -56.2534     150.154       0.13345      0.172843     0.217351    

Bond Length
0.62289764    0.0074325366

BB bond length
0.62289764    0.0074325366

Water EE distance
0             0           

PEG EE distance
7.0729729     0.4332107   

BBB P2(x)
0.49725829    0.01997128  

BBB first bond length
0.62293281    0.0071868802

BBB second bond length
0.62307456    0.0073692695

BBB <phi**2>/<phi>**2
1.2198713     0.018185641 

Time = 10000
Temperature
1.0107091     0.0098825165

Pressure
23.483196     0.085269021 

CM Mom
6.7480554e-17  8.8876876e-18 
6.5905126e-17  1.8078429e-17 
-8.5330867e-17 2.6528194e-17 
1.2961568e-16  2.20864e-17   

CM Pos
7.5034194      0.011938965   
7.5020013      0.014439858   
7.4950349      0.010481541   
12.990655      0.01477331    

Stress
20.4666      0.00706878   -0.0237776    0.0812361    0.0442402    0.0583478   
0.00706878   20.4286      0.00566604    0.0442402    0.11128      0.0800207   
-0.0237776   0.00566604   20.485        0.0583478    0.0800207    0.0815361   

Stress Spherical
0            0            0             0            0            0           
0            0            0             0            0            0           
0            0            0             0            0            0           

Inertia
149.958      -56.32       -56.2956      0.296554     0.202697     0.137794    
-56.32       149.984      -56.2312      0.202697     0.224293     0.147333    
-56.2956     -56.2312     150.088       0.137794     0.147333     0.341005    

Bond Length
0.62468809    0.0061933316

BB bond length
0.62468809    0.0061933316

Water EE distance
0             0           

PEG EE distance
6.4475551     0.69960202  

BBB P2(x)
0.48444416    0.04217578  

BBB first bond length
0.62500306    0.0060143111

BBB second bond length
0.62450023    0.0065898521

BBB <phi**2>/<phi>**2
1.204283      0.016328957 

Time = 11000
Temperature
1.0034727     0.0069301051

Pressure
23.492525     0.045222802 

CM Mom
7.2978605e-17  2.0491036e-17 
5.8543506e-17  2.5584081e-17 
-8.4242846e-17 2.3034656e-17 
1.3144045e-16  1.3360614e-17 

CM Pos
7.502825       0.010375685   
7.5051217      0.013022484   
7.4969666      0.010842882   
12.993231      0.0095727801  

Stress
20.5113      0.0339598    0.00347169    0.0903859    0.0879059    0.0567321   
0.0339598    20.4445      -0.0213118    0.0879059    0.0860948    0.0719812   
0.00347169   -0.0213118   20.5172       0.0567321    0.0719812    0.13265     

Stress Spherical
0            0            0             0            0            0           
0            0            0             0            0            0           
0            0            0             0            0            0           

Inertia
150.053      -56.2973     -56.237       0.34461      0.114921     0.0900936   
-56.2973     150.023      -56.2612      0.114921     0.19141      0.166539    
-56.237      -56.2612     150.137       0.0900936    0.166539     0.129825    

Bond Length
0.62117968    0.0064241235

BB bond length
0.62117968    0.0064241235

Water EE distance
0             0           

PEG EE distance
7.6449186     0.59389244  

BBB P2(x)
0.50804243    0.029936846 

BBB first bond length
0.62119547    0.0063996155

BBB second bond length
0.62081201    0.0063880978

BBB <phi**2>/<phi>**2
1.2182429     0.021846063 

Time = 12000
Temperature
1.0159586     0.010163753 

Pressure
23.571229     0.097481635 

CM Mom
8.2566445e-17  2.2094446e-17 
7.4990369e-17  1.9088369e-17 
-8.4134106e-17 1.6893203e-17 
1.420192e-16   2.2085739e-17 

CM Pos
7.5057968      0.0096479543  
7.4993267      0.0093457267  
7.4916174      0.015829374   
12.988518      0.0072250815  

Stress
20.514       -0.00836283  0.00336996    0.117975     0.0457273    0.0455828   
-0.00836283  20.5257      0.0145379     0.0457273    0.0863062    0.0756139   
0.00336996   0.0145379    20.5575       0.0455828    0.0756139    0.136024    

Stress Spherical
0            0            0             0            0            0           
0            0            0             0            0            0           
0            0            0             0            0            0           

Inertia
149.835      -56.2571     -56.2382      0.250867     0.121176     0.110685    
-56.2571     149.945      -56.1783      0.121176     0.167383     0.150807    
-56.2382     -56.1783     150.06        0.110685     0.150807     0.174222    

Bond Length
0.61736702    0.0051655   

BB bond length
0.61736702    0.0051655   

Water EE distance
0             0           

PEG EE distance
7.8622203     0.53894091  

BBB P2(x)
0.51157051    0.029557522 

BBB first bond length
0.61703789    0.0053567298

BBB second bond length
0.61640085    0.0056201342

BBB <phi**2>/<phi>**2
1.2274768     0.019349844 

Time = 13000
Temperature
1.014098      0.0086356592

Pressure
23.538477     0.07870654  

CM Mom
9.2847418e-17  1.6929029e-17 
8.2895003e-17  2.4297052e-17 
-9.2419537e-17 2.0031964e-17 
1.5803658e-16  1.83372e-17   

CM Pos
7.4992589      0.01218425    
7.4941261      0.025032186   
7.4975609      0.0079310586  
12.985176      0.016434726   

Stress
20.5123      -0.00910121  0.0327917     0.148404     0.0603876    0.097431    
-0.00910121  20.5121      -0.0145162    0.0603876    0.111018     0.0552872   
0.0327917    -0.0145162   20.4912       0.097431     0.0552872    0.0862384   

Stress Spherical
0            0            0             0            0            0           
0            0            0             0            0            0           
0            0            0             0            0            0           

Inertia
149.875      -56.1872     -56.2414      0.330147     0.230342     0.109883    
-56.1872     149.949      -56.1884      0.230342     0.252185     0.149649    
-56.2414     -56.1884     149.888       0.109883     0.149649     0.478583    

Bond Length
0.61568997    0.0075945325

BB bond length
0.61568997    0.0075945325

Water EE distance
0             0           

PEG EE distance
7.7617913     0.35747626  

BBB P2(x)
0.52818972    0.035259551 

BBB first bond length
0.61577637    0.0071577057

BBB second bond length
0.61525825    0.0078220715

BBB <phi**2>/<phi>**2
1.2243875     0.014866814 

Time = 14000
Temperature
1.0132673     0.0087067772

Pressure
23.565738     0.10262181  

CM Mom
8.3412997e-17  1.9154663e-17 
1.0575328e-16  3.0232853e-17 
-8.6287809e-17 1.5600514e-17 
1.6268052e-16  2.5424798e-17 

CM Pos
7.5014877      0.010662189   
7.5063104      0.015937795   
7.5020186      0.012116107   
12.996063      0.012663958   

Stress
20.5023      0.021146     -0.00898476   0.121196     0.087108     0.0691635   
0.021146     20.5597      0.00588193    0.087108     0.13055      0.026898    
-0.00898476  0.00588193   20.5429       0.0691635    0.026898     0.102866    

Stress Spherical
0            0            0             0            0            0           
0            0            0             0            0            0           
0            0            0             0            0            0           

Inertia
150.128      -56.3127     -56.2863      0.337273     0.121301     0.158883    
-56.3127     150.057      -56.3148      0.121301     0.282036     0.18637     
-56.2863     -56.3148     150.107       0.158883     0.18637      0.300608    

Bond Length
0.62277828    0.0075896975

BB bond length
0.62277828    0.0075896975

Water EE distance
0             0           

PEG EE distance
7.9635623     0.22740262  

BBB P2(x)
0.49099912    0.026816279 

BBB first bond length
0.62331122    0.0081532758

BBB second bond length
0.62278593    0.0074533414

BBB <phi**2>/<phi>**2
1.2145388     0.031205606 

Time = 15000
Temperature
1.0078459     0.008558941 

Pressure
23.510049     0.085619431 

CM Mom
8.674834e-17   2.4330463e-17 
9.9124935e-17  2.1086417e-17 
-7.8442288e-17 2.0027686e-17 
1.5604253e-16  2.4344688e-17 

CM Pos
7.4936126      0.013409229   
7.4968007      0.017934935   
7.4996412      0.011317132   
12.984662      0.00703453    

Stress
20.5286      0.0146378    0.00343128    0.0976142    0.0676806    0.0342108   
0.0146378    20.4831      -0.0512123    0.0676806    0.131985     0.0720641   
0.00343128   -0.0512123   20.4747       0.0342108    0.0720641    0.106488    

Stress Spherical
0            0            0             0            0            0           
0            0            0             0            0            0           
0            0            0             0            0            0           

Inertia
149.944      -56.1933     -56.1852      0.201674     0.0782174    0.178874    
-56.1933     149.889      -56.2032      0.0782174    0.331429     0.0980393   
-56.1852     -56.2032     149.833       0.178874     0.0980393    0.162288    

Bond Length
0.62050212    0.0064280213

BB bond length
0.62050212    0.0064280213

Water EE distance
0             0           

PEG EE distance
6.9242061     0.41405423  

BBB P2(x)
0.50100347    0.032065927 

BBB first bond length
0.6202162     0.0070185171

BBB second bond length
0.62102202    0.0073878726

BBB <phi**2>/<phi>**2
1.2233343     0.030517209 

Time = 16000
Temperature
1.0098031     0.0066702227

Pressure
23.55293      0.053538686 

CM Mom
8.0948951e-17  9.2989759e-18 
1.0227662e-16  2.8476255e-17 
-9.8496894e-17 1.3566117e-17 
1.6566587e-16  1.8737791e-17 

CM Pos
7.498516       0.013658015   
7.5045273      0.014050054   
7.4997898      0.0079240961  
12.992029      0.011798336   

Stress
20.5541      0.0323184    0.0127752     0.0982241    0.0861656    0.0644436   
0.0323184    20.5261      -0.0104532    0.0861656    0.0755519    0.0453983   
0.0127752    -0.0104532   20.5173       0.0644436    0.0453983    0.0989065   

Stress Spherical
0            0            0             0            0            0           
0            0            0             0            0            0           
0            0            0             0            0            0           

Inertia
150.071      -56.263      -56.2553      0.232567     0.167066     0.175855    
-56.263      149.976      -56.2986      0.167066     0.287072     0.116011    
-56.2553     -56.2986     150.039       0.175855     0.116011     0.258207    

Bond Length
0.61906726    0.0043565178

BB bond length
0.61906726    0.0043565178

Water EE distance
0             0           

PEG EE distance
7.4189686     0.44281965  

BBB P2(x)
0.51790428    0.040243516 

BBB first bond length
0.61826662    0.0043681892

BBB second bond length
0.61907536    0.0051964838

BBB <phi**2>/<phi>**2
1.2106815     0.024248844 

Time = 17000
Temperature
1.005911      0.0082933462

Pressure
23.533468     0.077642237 

CM Mom
8.4982926e-17  1.3820339e-17 
5.7316982e-17  1.7821225e-17 
-8.2548299e-17 1.4665068e-17 
1.3348886e-16  1.5031405e-17 

CM Pos
7.4955442      0.015174216   
7.4982866      0.010907847   
7.4889428      0.012875852   
12.980455      0.007410489   

Stress
20.5157      0.0414267    0.0281528     0.0867201    0.0412632    0.0560306   
0.0414267    20.5339      0.00447529    0.0412632    0.156471     0.0319821   
0.0281528    0.00447529   20.5244       0.0560306    0.0319821    0.047629    

Stress Spherical
0            0            0             0            0            0           
0            0            0             0            0            0           
0            0            0             0            0            0           

Inertia
149.812      -56.2404     -56.1031      0.294676     0.117377     0.129885    
-56.2404     149.771      -56.1525      0.117377     0.198595     0.140367    
-56.1031     -56.1525     149.895       0.129885     0.140367     0.191131    

Bond Length
0.62413308    0.0084660307

BB bond length
0.62413308    0.0084660307

Water EE distance
0             0           

PEG EE distance
7.737237      0.35018217  

BBB P2(x)
0.50710273    0.038159147 

BBB first bond length
0.62434253    0.0088831357

BBB second bond length
0.62414417    0.0085385319

BBB <phi**2>/<phi>**2
1.2177331     0.037582865 

Time = 18000
Temperature
1.0095846     0.0057319033

Pressure
23.572631     0.074173463 

CM Mom
8.7951219e-17  2.2493475e-17 
8.1694736e-17  1.6706289e-17 
-9.9232438e-17 1.5693556e-17 
1.5806213e-16  1.7442188e-17 

CM Pos
7.5065397      0.0096765172  
7.4984352      0.014870723   
7.4962237      0.015355733   
12.991093      0.0095314657  

Stress
20.5492      0.0131141    0.0128299     0.121649     0.0740578    0.0785409   
0.0131141    20.5362      -0.00235477   0.0740578    0.0550021    0.076536    
0.0128299    -0.00235477  20.5731       0.0785409    0.076536     0.129882    

Stress Spherical
0            0            0             0            0            0           
0            0            0             0            0            0           
0            0            0             0            0            0           

Inertia
149.936      -56.2876     -56.2362      0.302154     0.18845      0.118413    
-56.2876     150.057      -56.2455      0.18845      0.177629     0.142114    
-56.2362     -56.2455     150.078       0.118413     0.142114     0.282112    

Bond Length
0.62255331    0.0048775982

BB bond length
0.62255331    0.0048775982

Water EE distance
0             0           

PEG EE distance
7.025588      0.46093346  

BBB P2(x)
0.50871863    0.032509728 

BBB first bond length
0.62207821    0.0052194097

BBB second bond length
0.62231903    0.0044574687

BBB <phi**2>/<phi>**2
1.2279588     0.020040949 

Time = 19000
Temperature
1.0117452     0.0067300311

Pressure
23.558163     0.063961141 

CM Mom
7.2807178e-17  1.6553175e-17 
9.349711e-17   1.8303906e-17 
-7.5441827e-17 2.1650004e-17 
1.4302415e-16  1.8865832e-17 

CM Pos
7.4948013      0.01036291    
7.4999211      0.013998889   
7.5092994      0.020218946   
12.992717      0.021269671   

Stress
20.5277      -0.00587441  0.010015      0.0956205    0.0643371    0.0625006   
-0.00587441  20.554       0.0177604     0.0643371    0.0957881    0.0786727   
0.010015     0.0177604    20.514        0.0625006    0.0786727    0.119006    

Stress Spherical
0            0            0             0            0            0           
0            0            0             0            0            0           
0            0            0             0            0            0           

Inertia
150.15       -56.2456     -56.272       0.542024     0.190082     0.174675    
-56.2456     150.074      -56.3208      0.190082     0.396315     0.209874    
-56.272      -56.3208     149.908       0.174675     0.209874     0.329473    

Bond Length
0.62036122    0.0083786902

BB bond length
0.62036122    0.0083786902

Water EE distance
0             0           

PEG EE distance
5.558407      0.29013044  

BBB P2(x)
0.51032964    0.028207598 

BBB first bond length
0.62032579    0.0085771496

BBB second bond length
0.6195399     0.007953122 

BBB <phi**2>/<phi>**2
1.2175144     0.019588191 

Time = 20000
Temperature
1.015085      0.00623923  

Pressure
23.565205     0.018719294 

CM Mom
3.2501518e-17  5.0698477e-17 
1.0471867e-16  1.358793e-17  
-9.3830067e-17 1.5981409e-17 
1.5380225e-16  1.3478523e-17 

CM Pos
7.5063912      0.013566374   
7.5017041      0.012974074   
7.5064763      0.010887587   
12.998804      0.01467107    

Stress
20.5469      0.0167285    0.0128091     0.107508     0.0819192    0.0669448   
0.0167285    20.4892      0.012386      0.0819192    0.0834511    0.064637    
0.0128091    0.012386     20.5508       0.0669448    0.064637     0.0353263   

Stress Spherical
0            0            0             0            0            0           
0            0            0             0            0            0           
0            0            0             0            0            0           

Inertia
150.146      -56.3188     -56.3381      0.273002     0.177477     0.181581    
-56.3188     150.195      -56.3179      0.177477     0.279915     0.147632    
-56.3381     -56.3179     150.113       0.181581     0.147632     0.334981    

Bond Length
0.61690051    0.0049943298

BB bond length
0.61690051    0.0049943298

Water EE distance
0             0           

PEG EE distance
6.8175107     0.64169073  

BBB P2(x)
0.51680516    0.049371593 

BBB first bond length
0.6157956     0.0050650645

BBB second bond length
0.61702978    0.0045530165

BBB <phi**2>/<phi>**2
1.228001      0.017313119 

Time = 21000
Temperature
1.0158554     0.0064070464

Pressure
23.628757     0.066489596 

CM Mom
6.1527196e-17  2.0923521e-17 
1.0277378e-16  1.7923925e-17 
-1.1363138e-16 2.0052949e-17 
1.674829e-16   1.9256061e-17 

CM Pos
7.4976244      0.0074605588  
7.5009612      0.019706319   
7.4948864      0.013147346   
12.986631      0.011846637   

Stress
20.5788      -0.0274821   -0.00530081   0.0837062    0.0606437    0.0742486   
-0.0274821   20.5871      0.0112792     0.0606437    0.0799902    0.0513143   
-0.00530081  0.0112792    20.6048       0.0742486    0.0513143    0.0887724   

Stress Spherical
0            0            0             0            0            0           
0            0            0             0            0            0           
0            0            0             0            0            0           

Inertia
149.951      -56.2214     -56.2113      0.358457     0.175433     0.107197    
-56.2214     149.897      -56.2391      0.175433     0.184851     0.197476    
-56.2113     -56.2391     149.981       0.107197     0.197476     0.245398    

Bond Length
0.61810711    0.010054755 

BB bond length
0.61810711    0.010054755 

Water EE distance
0             0           

PEG EE distance
6.5574276     0.29469396  

BBB P2(x)
0.49928527    0.027342898 

BBB first bond length
0.61787328    0.010972094 

BBB second bond length
0.61766366    0.010138307 

BBB <phi**2>/<phi>**2
1.2211402     0.025316238 

Time = 22000
Temperature
1.0075307     0.0087327438

Pressure
23.490321     0.044616214 

CM Mom
2.6745845e-17  1.6864197e-17 
1.0156726e-16  1.1489324e-17 
-1.1594558e-16 1.5878584e-17 
1.5773539e-16  1.62083e-17   

CM Pos
7.4896007      0.015995872   
7.5011098      0.016731873   
7.4997898      0.018115603   
12.984915      0.021300132   

Stress
20.4823      -0.0126894   0.017726      0.0853791    0.04067      0.0789859   
-0.0126894   20.4935      0.0128745     0.04067      0.109071     0.0586253   
0.017726     0.0128745    20.4543       0.0789859    0.0586253    0.0760338   

Stress Spherical
0            0            0             0            0            0           
0            0            0             0            0            0           
0            0            0             0            0            0           

Inertia
150.011      -56.1912     -56.1768      0.462261     0.204104     0.262794    
-56.1912     149.842      -56.2449      0.204104     0.426341     0.241956    
-56.1768     -56.2449     149.849       0.262794     0.241956     0.423774    

Bond Length
0.62256371    0.0079296203

BB bond length
0.62256371    0.0079296203

Water EE distance
0             0           

PEG EE distance
7.4199758     0.21034517  

BBB P2(x)
0.5197862     0.028480772 

BBB first bond length
0.62324182    0.0086854653

BBB second bond length
0.62264205    0.0083420217

BBB <phi**2>/<phi>**2
1.2250982     0.021964113 

Time = 23000
Temperature
1.0095663     0.0098205321

Pressure
23.530564     0.10562281  

CM Mom
2.5100443e-17  9.9214734e-18 
1.0888104e-16  2.4278876e-17 
-1.0391707e-16 1.8213928e-17 
1.5420572e-16  2.2893533e-17 

CM Pos
7.503568       0.013056348   
7.5009612      0.015590458   
7.5021672      0.025736268   
12.994258      0.028258302   

Stress
20.4796      -0.0330348   -0.0514535    0.0971516    0.0426001    0.0734479   
-0.0330348   20.5266      -0.0115446    0.0426001    0.111124     0.0716058   
-0.0514535   -0.0115446   20.5263       0.0734479    0.0716058    0.140971    

Stress Spherical
0            0            0             0            0            0           
0            0            0             0            0            0           
0            0            0             0            0            0           

Inertia
150.046      -56.2629     -56.3058      0.591331     0.158277     0.264758    
-56.2629     150.096      -56.2465      0.158277     0.549281     0.290849    
-56.3058     -56.2465     150.058       0.264758     0.290849     0.389935    

Bond Length
0.6232862     0.0057603577

BB bond length
0.6232862     0.0057603577

Water EE distance
0             0           

PEG EE distance
7.3896537     0.25978483  

BBB P2(x)
0.48256299    0.048297513 

BBB first bond length
0.62295073    0.00578378  

BBB second bond length
0.62342476    0.0064046027

BBB <phi**2>/<phi>**2
1.2077616     0.027590048 

Time = 24000
Temperature
1.0084509     0.0060307878

Pressure
23.501167     0.046641622 

CM Mom
2.7640855e-17  1.1102327e-17 
1.1549949e-16  2.3721175e-17 
-1.0420562e-16 3.4917936e-17 
1.6354577e-16  1.0998205e-17 

CM Pos
7.4962871      0.011741305   
7.5042301      0.01447422    
7.5015728      0.024525641   
12.991608      0.021579397   

Stress
20.4743      0.00638806   0.00526057    0.063663     0.0481757    0.0508885   
0.00638806   20.4876      0.00703671    0.0481757    0.0561817    0.0496809   
0.00526057   0.00703671   20.4924       0.0508885    0.0496809    0.109617    

Stress Spherical
0            0            0             0            0            0           
0            0            0             0            0            0           
0            0            0             0            0            0           

Inertia
150.082      -56.2143     -56.2598      0.500022     0.168752     0.231059    
-56.2143     149.949      -56.302       0.168752     0.524401     0.271424    
-56.2598     -56.302      149.983       0.231059     0.271424     0.310982    

Bond Length
0.61740146    0.0067597046

BB bond length
0.61740146    0.0067597046

Water EE distance
0             0           

PEG EE distance
5.8595178     0.87406374  

BBB P2(x)
0.51678993    0.043721882 

BBB first bond length
0.61679318    0.0068013496

BBB second bond length
0.61677701    0.006998337 

BBB <phi**2>/<phi>**2
1.2232192     0.033991317 

Time = 25000
Temperature
1.0146909     0.0049275137

Pressure
23.583781     0.079886697 

CM Mom
4.5324484e-17  1.5833485e-17 
1.0621326e-16  1.4382235e-17 
-1.3698387e-16 1.6301169e-17 
1.802821e-16   1.7938364e-17 

CM Pos
7.5043109      0.0086078742  
7.4962064      0.018594936   
7.4957779      0.021003591   
12.988256      0.023368058   

Stress
20.5601      0.0103739    -0.00503952   0.102304     0.079635     0.0481008   
0.0103739    20.5821      0.0127366     0.079635     0.101268     0.0673965   
-0.00503952  0.0127366    20.504        0.0481008    0.0673965    0.104686    

Stress Spherical
0            0            0             0            0            0           
0            0            0             0            0            0           
0            0            0             0            0            0           

Inertia
149.881      -56.263      -56.2398      0.531284     0.193592     0.159416    
-56.263      150.008      -56.212       0.193592     0.337624     0.296911    
-56.2398     -56.212      149.988       0.159416     0.296911     0.342705    

Bond Length
0.61536282    0.0095558315

BB bond length
0.61536282    0.0095558315

Water EE distance
0             0           

PEG EE distance
4.7946232     0.5677355   

BBB P2(x)
0.49734954    0.024066405 

BBB first bond length
0.61611329    0.0094673881

BBB second bond length
0.61530027    0.00969519  

BBB <phi**2>/<phi>**2
1.230927      0.032802738 

Time = 26000
Temperature
1.0104196     0.0073651256

Pressure
23.561975     0.11072579  

CM Mom
3.9844029e-17  1.7081522e-17 
1.0157455e-16  1.6048994e-17 
-1.4147356e-16 1.2868958e-17 
1.8014177e-16  1.3550194e-17 

CM Pos
7.4995561      0.011436482   
7.4979894      0.011670577   
7.4991954      0.017123162   
12.988516      0.011930939   

Stress
20.5695      -0.0587994   0.0404679     0.122005     0.0647073    0.0677022   
-0.0587994   20.5401      -0.00669404   0.0647073    0.140021     0.0704976   
0.0404679    -0.00669404  20.5095       0.0677022    0.0704976    0.121504    

Stress Spherical
0            0            0             0            0            0           
0            0            0             0            0            0           
0            0            0             0            0            0           

Inertia
149.974      -56.2322     -56.2368      0.290868     0.123925     0.151363    
-56.2322     149.999      -56.2146      0.123925     0.284336     0.178061    
-56.2368     -56.2146     149.967       0.151363     0.178061     0.218353    

Bond Length
0.62188677    0.008088788 

BB bond length
0.62188677    0.008088788 

Water EE distance
0             0           

PEG EE distance
5.3795557     0.39013006  

BBB P2(x)
0.52260859    0.035853358 

BBB first bond length
0.6224559     0.0081909966

BBB second bond length
0.6218878     0.0079752203

BBB <phi**2>/<phi>**2
1.246134      0.024478113 

Time = 27000
Temperature
1.0084015     0.006010479 

Pressure
23.593735     0.067851623 

CM Mom
5.3487015e-17  9.30298e-18   
9.4973284e-17  1.9550943e-17 
-1.4933682e-16 2.896761e-17  
1.8626742e-16  2.8189097e-17 

CM Pos
7.4956928      0.013389457   
7.5008126      0.027396737   
7.4956293      0.019261552   
12.985882      0.01479854    

Stress
20.5605      -0.0324562   -0.0256677    0.102916     0.0638022    0.0707021   
-0.0324562   20.5924      0.0112535     0.0638022    0.126715     0.0468037   
-0.0256677   0.0112535    20.5796       0.0707021    0.0468037    0.0821118   

Stress Spherical
0            0            0             0            0            0           
0            0            0             0            0            0           
0            0            0             0            0            0           

Inertia
149.957      -56.2572     -56.1805      0.44257      0.18767      0.127908    
-56.2572     149.882      -56.246       0.18767      0.262535     0.260006    
-56.1805     -56.246      149.936       0.127908     0.260006     0.311683    

Bond Length
0.61827722    0.0047423279

BB bond length
0.61827722    0.0047423279

Water EE distance
0             0           

PEG EE distance
5.7461913     0.57326616  

BBB P2(x)
0.5329643     0.027292456 

BBB first bond length
0.61827027    0.0051130373

BBB second bond length
0.61764505    0.0044290526

BBB <phi**2>/<phi>**2
1.2233701     0.029258294 

Time = 28000
Temperature
1.009949      0.007899332 

Pressure
23.521126     0.070614469 

CM Mom
4.3032002e-17  1.9723814e-17 
9.8886765e-17  2.1519429e-17 
-1.607041e-16  1.7178614e-17 
1.9564171e-16  1.810224e-17  

CM Pos
7.4994075      0.012185156   
7.4973951      0.012203261   
7.4950349      0.0082409656  
12.985679      0.010406106   

Stress
20.4798      0.0406473    0.0160562     0.0921142    0.0602982    0.0479468   
0.0406473    20.5192      -0.0108247    0.0602982    0.122246     0.073272    
0.0160562    -0.0108247   20.5018       0.0479468    0.073272     0.102964    

Stress Spherical
0            0            0             0            0            0           
