Time = 500
Temperature
   1.0260136   0.036794244

Pressure
   23.277143    0.14672861

CM Mom
-2.6158326e-17 1.1453504e-17 
3.6634065e-17  1.1407684e-17 
-5.7036747e-17 1.0158261e-17 
7.4880855e-17  6.0719913e-18 

CM Pos
7.495006       0.0074124605  
7.5130973      0.0077037122  
7.4985086      0.031849039   
12.994228      0.023175027   

Stress
20.2229      0.0162821    0.020359      0.145193     0.0453065    0.0868095   
0.0162821    20.1858      -0.0191082    0.0453065    0.0916714    0.0512069   
0.020359     -0.0191082   20.2023       0.0868095    0.0512069    0.0253837   

Stress Spherical
0            0            0             0            0            0           
0            0            0             0            0            0           
0            0            0             0            0            0           

Inertia
149.989      -56.3465     -56.2102      0.349133     0.128909     0.2746      
-56.3465     149.722      -56.3429      0.128909     0.457377     0.238314    
-56.2102     -56.3429     149.985       0.2746       0.238314     0.212212    

Bond Length
0.6174447     0.0077333023

BB bond length
0.6174447     0.0077333023

Water EE distance
0             0           

PEG EE distance
3.8416206     0.1904758   

Time = 1000
Temperature
1.0073671     0.005569828 

Pressure
23.224767     0.064040907 

CM Mom
-7.4964762e-18 1.1708664e-17 
1.2044437e-17  1.1634491e-17 
-7.8686371e-17 2.6991529e-17 
8.2116102e-17  2.5509863e-17 

CM Pos
7.4964896      0.0072927037  
7.5119103      0.014372559   
7.5065205      0.017645185   
12.999014      0.014081613   

Stress
20.2015      -0.00640448  -0.0167223    0.0414099    0.0725513    0.0620897   
-0.00640448  20.2109      -0.00839042   0.0725513    0.110946     0.110565    
-0.0167223   -0.00839042  20.2091       0.0620897    0.110565     0.151043    

Stress Spherical
0            0            0             0            0            0           
0            0            0             0            0            0           
0            0            0             0            0            0           

Inertia
150.053      -56.259      -56.2078      0.221902     0.208338     0.185948    
-56.259      149.837      -56.3693      0.208338     0.25449      0.153493    
-56.2078     -56.3693     149.901       0.185948     0.153493     0.368185    

Bond Length
0.61966742    0.0042770203

BB bond length
0.61966742    0.0042770203

Water EE distance
0             0           

PEG EE distance
4.1277826     0.35868113  

