Time = 1000
Temperature
   1.0669402    0.19728362

Pressure
   23.723873    0.60305989

CM Mom
3.4033464e-17  1.7404152e-17 
-1.4504818e-17 2.3780873e-17 
-2.3654117e-17 2.5515224e-17 
5.5739412e-17  1.8459759e-17 

CM Pos
7.5007651      0.021629654   
7.5014628      0.028415296   
7.4993696      0.015802446   
12.99134       0.02378104    

Stress
20.5067      0.00766404   -0.0134712    0.113688     0.0654193    0.0688167   
0.00766404   20.5415      0.00473564    0.0654193    0.10438      0.0706419   
-0.0134712   0.00473564   20.5257       0.0688167    0.0706419    0.128302    

Stress Spherical
0            0            0             0            0            0           
0            0            0             0            0            0           
0            0            0             0            0            0           

Inertia
149.971      -56.2434     -56.2559      0.384689     0.296715     0.178319    
-56.2434     149.936      -56.2526      0.296715     0.335245     0.254692    
-56.2559     -56.2526     149.99        0.178319     0.254692     0.457495    

Bond Length
0.57391625    0.019197968 

BB bond length
0.57391625    0.019197968 

Water EE distance
0             0           

PEG EE distance
2.2636878     0.25708927  

Time = 2000
Temperature
1.0121341     0.0080306776

Pressure
23.539672     0.093213913 

CM Mom
5.1939637e-17  2.5088591e-17 
1.5606045e-17  1.8349305e-17 
-3.3560869e-17 2.4914274e-17 
7.0871247e-17  2.5134205e-17 

CM Pos
7.5027216      0.015241566   
7.5005438      0.017733989   
7.4981394      0.014054666   
12.991214      0.013941203   

Stress
20.5122      -0.0127254   -0.00129298   0.12532      0.0782221    0.0663632   
-0.0127254   20.5122      -0.0068391    0.0782221    0.107398     0.0698111   
-0.00129298  -0.0068391   20.49         0.0663632    0.0698111    0.118408    

Stress Spherical
0            0            0             0            0            0           
0            0            0             0            0            0           
0            0            0             0            0            0           

Inertia
149.953      -56.2736     -56.2486      0.376757     0.155547     0.172483    
-56.2736     149.977      -56.2418      0.155547     0.313524     0.191694    
-56.2486     -56.2418     150.035       0.172483     0.191694     0.245777    

Bond Length
0.57034463    0.0041771564

BB bond length
0.57034463    0.0041771564

Water EE distance
0             0           

PEG EE distance
2.2311815     0.10105243  

Time = 3000
Temperature
1.0133032     0.007383839 

Pressure
23.543951     0.084183047 

CM Mom
2.6776485e-17  3.4288862e-17 
1.6551456e-17  1.4751658e-17 
-3.1267931e-17 2.1164735e-17 
5.6630407e-17  2.4553919e-17 

CM Pos
7.5009875      0.0149951     
7.504694       0.015240874   
7.4991325      0.01185047    
12.993179      0.011339979   

Stress
20.5055      -0.00874122  -0.0133337    0.116002     0.0674274    0.0772689   
-0.00874122  20.5076      -0.00530099   0.0674274    0.109963     0.0756759   
-0.0133337   -0.00530099  20.5036       0.0772689    0.0756759    0.119432    

Stress Spherical
0            0            0             0            0            0           
0            0            0             0            0            0           
0            0            0             0            0            0           

Inertia
150.04       -56.2997     -56.2496      0.348487     0.152201     0.145588    
-56.2997     149.982      -56.2749      0.152201     0.250077     0.172002    
-56.2496     -56.2749     150.077       0.145588     0.172002     0.240048    

Bond Length
0.56991761    0.0047505437

BB bond length
0.56991761    0.0047505437

Water EE distance
0             0           

PEG EE distance
2.2013241     0.092139922 

