Time = 500
Temperature
   1.0384806   0.046747831

Pressure
   23.453011    0.14473143

CM Mom
-8.790216e-17  1.3661745e-17 
6.1213601e-18  1.9454652e-17 
-1.7033874e-17 1.7799624e-17 
9.3014553e-17  1.6871868e-17 

CM Pos
7.4819081      0.018543447   
7.5007635      0.0084647512  
7.4955694      0.026751487   
12.977851      0.02191171    

Stress
20.2813      -0.0198678   -0.027398     0.0614744    0.0368249    0.042755    
-0.0198678   20.3381      -0.00976358   0.0368249    0.0892508    0.0504418   
-0.027398    -0.00976358  20.3942       0.042755     0.0504418    0.131336    

Stress Spherical
0            0            0             0            0            0           
0            0            0             0            0            0           
0            0            0             0            0            0           

Inertia
149.785      -56.1129     -56.0179      0.373213     0.126585     0.36815     
-56.1129     149.495      -56.2215      0.126585     0.5188       0.219229    
-56.0179     -56.2215     149.562       0.36815      0.219229     0.272172    

Bond Length
0.62045901    0.0033029968

BB bond length
0.62045901    0.0033029968

Water EE distance
0             0           

PEG EE distance
3.9035864     0.25950991  

Time = 1000
Temperature
1.0031837     0.0089594192

Pressure
23.23573      0.048983551 

CM Mom
-7.2080605e-17 9.0226414e-18 
-3.3156453e-18 2.1540359e-17 
3.5771903e-18  2.2119523e-17 
7.8588223e-17  8.8296646e-18 

CM Pos
7.4881309      0.017595851   
7.5040231      0.0074022102  
7.5056444      0.0063138905  
12.989126      0.013181336   

Stress
20.2494      -0.00348815  0.0217565     0.0430468    0.0451911    0.0790316   
-0.00348815  20.1805      0.0118694     0.0451911    0.0969589    0.079657    
0.0217565    0.0118694    20.2496       0.0790316    0.079657     0.0392877   

Stress Spherical
0            0            0             0            0            0           
0            0            0             0            0            0           
0            0            0             0            0            0           

Inertia
150.015      -56.2017     -56.2495      0.108852     0.212553     0.163278    
-56.2017     149.742      -56.2566      0.212553     0.298563     0.120852    
-56.2495     -56.2566     149.68        0.163278     0.120852     0.291226    

Bond Length
0.61392659    0.006622895 

BB bond length
0.61392659    0.006622895 

Water EE distance
0             0           

PEG EE distance
4.1175743     0.1190778   

