Time = 1000
Temperature
   1.0342393    0.05057544

Pressure
    23.55505    0.20480655

CM Mom
9.9438716e-18  1.20646e-17   
3.2328189e-17  2.2654769e-17 
-1.0629386e-17 8.2356273e-17 
8.3753504e-17  4.1032617e-17 

CM Pos
7.4949367      0.024771685   
7.4921912      0.045608942   
7.5011562      0.013700857   
12.983691      0.031505587   

Stress
20.4431      -0.0072649   -0.00387691   0.109827     0.0758967    0.0562873   
-0.0072649   20.4816      -0.0358026    0.0758967    0.0684967    0.0775584   
-0.00387691  -0.0358026   20.4479       0.0562873    0.0775584    0.146657    

Stress Spherical
0            0            0             0            0            0           
0            0            0             0            0            0           
0            0            0             0            0            0           

Inertia
149.819      -56.153      -56.228       0.367077     0.465645     0.141131    
-56.153      149.847      -56.2044      0.465645     0.284085     0.227266    
-56.228      -56.2044     149.741       0.141131     0.227266     0.695524    

Bond Length
0.57192109    0.0039758765

BB bond length
0.57192109    0.0039758765

Water EE distance
0             0           

PEG EE distance
5.1377354     0.40955484  

Time = 2000
Temperature
1.0137017     0.0068325283

Pressure
23.438987     0.10455312  

CM Mom
-1.2601355e-17 1.4837987e-17 
2.8254781e-17  1.9198274e-17 
-4.3072216e-17 2.2363236e-17 
5.956784e-17   1.8784805e-17 

CM Pos
7.5084409      0.015078218   
7.4970883      0.010022038   
7.5016014      0.015499529   
12.994516      0.012648618   

Stress
20.3956      0.0232294    -0.00979339   0.11995      0.0560027    0.070957    
0.0232294    20.365       0.017244      0.0560027    0.150299     0.100828    
-0.00979339  0.017244     20.4484       0.070957     0.100828     0.1372      

Stress Spherical
0            0            0             0            0            0           
0            0            0             0            0            0           
0            0            0             0            0            0           

Inertia
149.852      -56.2625     -56.3461      0.297664     0.175434     0.140847    
-56.2625     150.029      -56.2331      0.175434     0.248454     0.155701    
-56.3461     -56.2331     149.967       0.140847     0.155701     0.167422    

Bond Length
0.57099186    0.0029526612

BB bond length
0.57099186    0.0029526612

Water EE distance
0             0           

PEG EE distance
4.9411914     0.16372542  

Time = 3000
Temperature
1.0090316     0.0091368917

Pressure
23.446309     0.075440928 

CM Mom
-9.5720765e-18 1.2174466e-17 
-2.3329182e-18 1.9363205e-17 
-7.5115792e-17 1.1162207e-17 
7.9344324e-17  9.57464e-18   

CM Pos
7.5045826      0.018162764   
7.5021338      0.010000041   
7.499227       0.0072411196  
12.993823      0.014733232   

Stress
20.4095      -0.0450745   0.0574919     0.120912     0.0541697    0.108401    
-0.0450745   20.4354      0.0390263     0.0541697    0.113506     0.0498015   
0.0574919    0.0390263    20.428        0.108401     0.0498015    0.0869162   

Stress Spherical
0            0            0             0            0            0           
0            0            0             0            0            0           
0            0            0             0            0            0           

Inertia
149.907      -56.3008     -56.2872      0.17566      0.203044     0.132871    
-56.3008     149.957      -56.2115      0.203044     0.349278     0.111468    
-56.2872     -56.2115     150.016       0.132871     0.111468     0.327314    

Bond Length
0.57142833    0.0028856577

BB bond length
0.57142833    0.0028856577

Water EE distance
0             0           

PEG EE distance
5.3192264     0.33490091  

