Time = 1000
Temperature
   1.1742041    0.27034656

Pressure
   23.877375      1.229083

CM Mom
-2.1616547e-17 1.979195e-17  
9.5143135e-18  3.0812584e-17 
-1.5101404e-16 2.3311825e-16 
2.2095218e-16  1.7386324e-16 

CM Pos
7.5020976      0.022684465   
7.498248       0.01183024    
7.4968455      0.011335428   
12.988775      0.019438755   

Stress
20.4104      0.0115291    0.0659973     0.415726     0.0767885    0.0788809   
0.0115291    20.3446      0.00507121    0.0767885    0.421643     0.0749087   
0.0659973    0.00507121   20.3323       0.0788809    0.0749087    0.469002    

Stress Spherical
0            0            0             0            0            0           
0            0            0             0            0            0           
0            0            0             0            0            0           

Inertia
150.133      -56.2513     -56.2579      1.57103      0.216222     0.237438    
-56.2513     150.161      -56.2034      0.216222     1.64483      0.154996    
-56.2579     -56.2034     150.208       0.237438     0.154996     1.66288     

Bond Length
0.6193091     0.010175204 

BB bond length
0.6193091     0.010175204 

Water EE distance
0             0           

PEG EE distance
6.8676455     0.15470399  

BBB P2(x)
0.4721615     0.062419621 

BBB first bond length
0.61926761    0.010432429 

BBB second bond length
0.6193121     0.010092788 

BBB <phi**2>/<phi>**2
1.2189836     0.012504171 

Time = 2000
Temperature
1.009276      0.0061255374

Pressure
23.012935     0.08604617  

CM Mom
-3.4766036e-17 1.6579773e-17 
-1.5848947e-18 2.0139293e-17 
-3.8782531e-17 4.2909895e-17 
6.2995649e-17  3.5616866e-17 

CM Pos
7.4964557      0.013813366   
7.4966149      0.012365038   
7.5005572      0.013299532   
12.98672       0.007556312   

Stress
19.9862      0.0230697    0.0119999     0.102884     0.0642776    0.0654099   
0.0230697    19.9367      -0.00954674   0.0642776    0.12423      0.0754541   
0.0119999    -0.00954674  20.0522       0.0654099    0.0754541    0.11339     

Stress Spherical
0            0            0             0            0            0           
0            0            0             0            0            0           
0            0            0             0            0            0           

Inertia
149.867      -56.1886     -56.2542      0.227473     0.154069     0.133438    
-56.1886     149.849      -56.1949      0.154069     0.255364     0.111252    
-56.2542     -56.1949     149.787       0.133438     0.111252     0.272007    

Bond Length
0.61771567    0.0015336283

BB bond length
0.61771567    0.0015336283

Water EE distance
0             0           

PEG EE distance
7.1932323     0.075808568 

BBB P2(x)
0.51862452    0.0078123514

BBB first bond length
0.61767072    0.001733143 

BBB second bond length
0.61782803    0.0015455795

BBB <phi**2>/<phi>**2
1.2266321     0.011843606 

