Time = 1000
Temperature
   1.0246099   0.036236307

Pressure
   23.765753    0.14011846

CM Mom
-1.7458268e-17 1.6399557e-17 
-8.8430459e-18 1.1678842e-17 
9.6001283e-18  1.2435725e-17 
2.9875019e-17  1.1942543e-17 

CM Pos
7.499884       0.018027216   
7.5026023      0.020652106   
7.4957459      0.01187615    
12.989376      0.022888716   

Stress
20.6754      -0.0217331   0.0202613     0.130586     0.0634779    0.0658663   
-0.0217331   20.6939      -0.00970235   0.0634779    0.0908659    0.055514    
0.0202613    -0.00970235  20.7073       0.0658663    0.055514     0.131982    

Stress Spherical
0            0            0             0            0            0           
0            0            0             0            0            0           
0            0            0             0            0            0           

Inertia
149.975      -56.2474     -56.1769      0.278798     0.280289     0.186649    
-56.2474     149.942      -56.2345      0.280289     0.319953     0.186345    
-56.1769     -56.2345     150.031       0.186649     0.186345     0.421314    

Bond Length
0.6241199     0.014689078 

BB bond length
0.6241199     0.014689078 

Water EE distance
0             0           

PEG EE distance
5.4617482     0.88410371  

BBB P2(x)
0.4407281     0.094583908 

BBB first bond length
0.62401613    0.014801132 

BBB second bond length
0.62373627    0.016215097 

BBB <phi**2>/<phi>**2
1.188961      0.036181022 

Time = 2000
Temperature
1.0137835     0.0058712413

Pressure
23.742981     0.10238385  

CM Mom
8.4769103e-18  1.1727457e-17 
-5.6816135e-18 1.880471e-17  
3.9999392e-18  1.8062603e-17 
2.590038e-17   1.6331458e-17 

CM Pos
7.5012175      0.01804973    
7.4937125      0.022909722   
7.4953014      0.016064563   
12.984773      0.017485208   

Stress
20.6908      0.0503333    0.00943664    0.114587     0.0558588    0.0444995   
0.0503333    20.65        -0.0129551    0.0558588    0.176628     0.0451605   
0.00943664   -0.0129551   20.765        0.0444995    0.0451605    0.115027    

Stress Spherical
0            0            0             0            0            0           
0            0            0             0            0            0           
0            0            0             0            0            0           

Inertia
149.828      -56.2156     -56.1928      0.2487       0.287753     0.137665    
-56.2156     149.946      -56.1556      0.287753     0.168682     0.152429    
-56.1928     -56.1556     149.923       0.137665     0.152429     0.5226      

Bond Length
0.62122914    0.01433812  

BB bond length
0.62122914    0.01433812  

Water EE distance
0             0           

PEG EE distance
8.775702      0.83955792  

BBB P2(x)
0.51515038    0.085532779 

BBB first bond length
0.62183423    0.01444393  

BBB second bond length
0.62074108    0.014010037 

BBB <phi**2>/<phi>**2
1.2414095     0.081203602 

Time = 3000
Temperature
1.0104245     0.006361812 

Pressure
23.756699     0.064213529 

CM Mom
3.3479272e-17  1.1396512e-17 
-1.0845483e-17 1.8443497e-17 
-1.28179e-17   1.5344809e-17 
4.2466414e-17  1.7461232e-17 

CM Pos
7.5061069      0.017670547   
7.5097141      0.015686374   
7.4933753      0.013309109   
12.995705      0.022350424   

Stress
20.8019      0.00709776   0.00503402    0.092669     0.0851216    0.0577932   
0.00709776   20.7432      -0.0227643    0.0851216    0.112197     0.0869364   
0.00503402   -0.0227643   20.6321       0.0577932    0.0869364    0.112424    

Stress Spherical
0            0            0             0            0            0           
0            0            0             0            0            0           
0            0            0             0            0            0           

Inertia
150.041      -56.3662     -56.2614      0.303134     0.236022     0.227315    
-56.3662     149.98       -56.2863      0.236022     0.404813     0.174707    
-56.2614     -56.2863     150.227       0.227315     0.174707     0.412634    

Bond Length
0.62790084    0.01414163  

BB bond length
0.62790084    0.01414163  

Water EE distance
0             0           

PEG EE distance
7.6819696     0.80339286  

BBB P2(x)
0.52956687    0.053632402 

BBB first bond length
0.62826986    0.014253188 

BBB second bond length
0.62797492    0.012958157 

BBB <phi**2>/<phi>**2
1.208025      0.034835334 

Time = 4000
Temperature
1.0110976     0.010036858 

Pressure
23.760766     0.09954499  

CM Mom
4.8696861e-17  1.4833728e-17 
-1.4933632e-17 2.3624746e-17 
-2.2644618e-17 1.6893239e-17 
6.3177747e-17  1.339023e-17  

CM Pos
7.4992914      0.011590838   
7.5009725      0.013235507   
7.5101177      0.0088600848  
12.996386      0.012668051   

Stress
20.7859      0.0144533    0.0289846     0.122981     0.0495074    0.0716607   
0.0144533    20.6987      -0.0343665    0.0495074    0.120659     0.0713037   
0.0289846    -0.0343665   20.6987       0.0716607    0.0713037    0.116859    

Stress Spherical
0            0            0             0            0            0           
0            0            0             0            0            0           
0            0            0             0            0            0           

Inertia
150.164      -56.2684     -56.3083      0.210359     0.147013     0.121022    
-56.2684     150.145      -56.3521      0.147013     0.221653     0.105464    
-56.3083     -56.3521     149.996       0.121022     0.105464     0.303478    

Bond Length
0.62211428    0.01714882  

BB bond length
0.62211428    0.01714882  

Water EE distance
0             0           

PEG EE distance
8.3409379     0.60330159  

BBB P2(x)
0.48316268    0.068048229 

BBB first bond length
0.62196844    0.018487591 

BBB second bond length
0.62161136    0.018626401 

BBB <phi**2>/<phi>**2
1.1979116     0.055500907 

Time = 5000
Temperature
1.0174428     0.005777383 

Pressure
23.786896     0.079084711 

CM Mom
5.0188408e-17  3.2558031e-17 
-1.1426831e-18 1.2204682e-17 
1.5531498e-17  1.90033e-17   
5.9203055e-17  2.8749134e-17 

CM Pos
7.4988469      0.013018948   
7.4988982      0.023117193   
7.5024132      0.0069494505  
12.990489      0.018394676   

Stress
20.6972      0.000358304  -0.00331048   0.0910388    0.0761702    0.0523568   
0.000358304  20.7724      0.0056034     0.0761702    0.131593     0.0737207   
-0.00331048  0.0056034    20.7349       0.0523568    0.0737207    0.119096    

Stress Spherical
0            0            0             0            0            0           
0            0            0             0            0            0           
0            0            0             0            0            0           

Inertia
150.019      -56.2598     -56.2767      0.331421     0.266457     0.161908    
-56.2598     150          -56.293       0.266457     0.223698     0.182089    
-56.2767     -56.293      149.948       0.161908     0.182089     0.536893    

Bond Length
0.61844711    0.017096794 

BB bond length
0.61844711    0.017096794 

Water EE distance
0             0           

PEG EE distance
7.3885197     0.91743791  

BBB P2(x)
0.49449553    0.072114312 

BBB first bond length
0.61829887    0.017828508 

BBB second bond length
0.61905427    0.016368647 

BBB <phi**2>/<phi>**2
1.2251646     0.051500035 

Time = 6000
Temperature
1.0119697     0.0063434874

Pressure
23.694367     0.087209532 

CM Mom
4.701505e-17   1.3170216e-17 
-9.4386503e-18 1.55137e-17   
5.1958087e-17  2.6791126e-17 
7.4581657e-17  2.3845674e-17 

CM Pos
7.4936612      0.012357167   
7.4983056      0.014559208   
7.5012279      0.016349009   
12.986465      0.017923715   

Stress
20.6961      -0.00799085  -0.00154754   0.122689     0.0632722    0.0624735   
-0.00799085  20.6505      -0.0108315    0.0632722    0.143159     0.0714763   
-0.00154754  -0.0108315   20.6297       0.0624735    0.0714763    0.110335    

Stress Spherical
0            0            0             0            0            0           
0            0            0             0            0            0           
0            0            0             0            0            0           

Inertia
149.991      -56.1782     -56.1996      0.313164     0.177947     0.187371    
-56.1782     149.923      -56.2354      0.177947     0.4051       0.220494    
-56.1996     -56.2354     149.863       0.187371     0.220494     0.30351     

Bond Length
0.61148676    0.0074845262

BB bond length
0.61148676    0.0074845262

Water EE distance
0             0           

PEG EE distance
6.8568912     0.5190964   

BBB P2(x)
0.51271507    0.064929857 

BBB first bond length
0.61283423    0.0079027939

BBB second bond length
0.61268765    0.0076492265

BBB <phi**2>/<phi>**2
1.2462939     0.060565075 

Time = 7000
Temperature
1.0097638     0.0077826607

Pressure
23.711782     0.076061394 

CM Mom
4.3054452e-17  9.6786971e-18 
-2.2645304e-19 1.1466275e-17 
6.8030495e-17  1.5667559e-17 
8.2388929e-17  1.2828674e-17 

CM Pos
7.5040326      0.012214222   
7.4920827      0.01812195    
7.5010798      0.012404154   
12.988781      0.014412996   

Stress
20.7015      -0.00362341  0.00318437    0.10774      0.0777935    0.0586791   
-0.00362341  20.659       0.00601531    0.0777935    0.0969062    0.0457994   
0.00318437   0.00601531   20.6879       0.0586791    0.0457994    0.0768993   

Stress Spherical
0            0            0             0            0            0           
0            0            0             0            0            0           
0            0            0             0            0            0           

Inertia
149.871      -56.257      -56.2666      0.243587     0.17381      0.182686    
-56.257      150.057      -56.1742      0.17381      0.3499       0.123387    
-56.2666     -56.1742     149.932       0.182686     0.123387     0.268161    

Bond Length
0.61486387    0.010900434 

BB bond length
0.61486387    0.010900434 

Water EE distance
0             0           

PEG EE distance
7.2338632     1.1541136   

BBB P2(x)
0.5039015     0.058267589 

BBB first bond length
0.61448781    0.010809807 

BBB second bond length
0.61516447    0.0092398664

BBB <phi**2>/<phi>**2
1.2078092     0.047577572 

Time = 8000
Temperature
1.0112038     0.013338255 

Pressure
23.713181     0.10072618  

CM Mom
5.574624e-17   1.1301733e-17 
-2.981723e-18  2.2285567e-17 
5.3163552e-17  1.5242291e-17 
8.1141318e-17  1.4686278e-17 

CM Pos
7.5037363      0.016983876   
7.4944534      0.014715183   
7.4993018      0.015346832   
12.988951      0.017924435   

Stress
20.6841      -0.0112893   0.0535831     0.127985     0.0594935    0.0936425   
-0.0112893   20.6912      -0.00450308   0.0594935    0.110426     0.0448225   
0.0535831    -0.00450308  20.6643       0.0936425    0.0448225    0.126458    

Stress Spherical
0            0            0             0            0            0           
0            0            0             0            0            0           
0            0            0             0            0            0           

Inertia
149.931      -56.2703     -56.2762      0.365599     0.163865     0.225979    
-56.2703     150.05       -56.2146      0.163865     0.356877     0.185666    
-56.2762     -56.2146     149.981       0.225979     0.185666     0.284604    

Bond Length
0.62726924    0.018209759 

BB bond length
0.62726924    0.018209759 

Water EE distance
0             0           

PEG EE distance
7.4317164     1.0040947   

BBB P2(x)
0.53359272    0.066099642 

BBB first bond length
0.62695861    0.018166222 

BBB second bond length
0.62667359    0.017769771 

BBB <phi**2>/<phi>**2
1.2239622     0.057936589 

Time = 9000
Temperature
1.0092748     0.0057032209

Pressure
23.749321     0.11776881  

CM Mom
4.6022536e-17  1.9910922e-17 
-1.3453394e-17 1.2777748e-17 
4.8769101e-17  1.6840046e-17 
7.2385674e-17  1.6766331e-17 

CM Pos
7.5049216      0.010367161   
7.4975648      0.013219741   
7.4964867      0.011303179   
12.989795      0.016515111   

Stress
20.7254      0.0133124    -0.00429309   0.172808     0.0648363    0.0422913   
0.0133124    20.7269      -0.001319     0.0648363    0.133171     0.0622042   
-0.00429309  -0.001319    20.7131       0.0422913    0.0622042    0.145891    

Stress Spherical
0            0            0             0            0            0           
0            0            0             0            0            0           
0            0            0             0            0            0           

Inertia
149.897      -56.293      -56.2855      0.342481     0.137412     0.129201    
-56.293      150.007      -56.2165      0.137412     0.221919     0.166422    
-56.2855     -56.2165     150.012       0.129201     0.166422     0.278169    

Bond Length
0.61743193    0.011058505 

BB bond length
0.61743193    0.011058505 

Water EE distance
0             0           

PEG EE distance
5.2278058     0.74180853  

BBB P2(x)
0.49732636    0.078234415 

BBB first bond length
0.61855588    0.011297612 

BBB second bond length
0.61766215    0.009697507 

BBB <phi**2>/<phi>**2
1.1948518     0.056214721 

Time = 10000
Temperature
1.0102583     0.0068692441

Pressure
23.728318     0.083543021 

CM Mom
3.4416407e-17  1.4714629e-17 
-2.6820429e-17 1.88354e-17   
6.2089118e-17  2.3364946e-17 
8.0507668e-17  1.9864839e-17 

CM Pos
7.4979579      0.011214464   
7.4997872      0.014664373   
7.5044875      0.010438907   
12.991682      0.012473311   

Stress
20.729       -0.0166442   -0.010134     0.0858869    0.0780052    0.103876    
-0.0166442   20.6891      -0.0113958    0.0780052    0.125734     0.0514798   
-0.010134    -0.0113958   20.6754       0.103876     0.0514798    0.138803    

Stress Spherical
0            0            0             0            0            0           
0            0            0             0            0            0           
0            0            0             0            0            0           

Inertia
150.053      -56.2299     -56.2227      0.239676     0.176841     0.176846    
-56.2299     150.035      -56.2809      0.176841     0.275558     0.111835    
-56.2227     -56.2809     149.947       0.176846     0.111835     0.285637    

Bond Length
0.62611222    0.020970794 

BB bond length
0.62611222    0.020970794 

Water EE distance
0             0           

PEG EE distance
2.9067594     1.5277718   

BBB P2(x)
0.49186085    0.093216371 

BBB first bond length
0.62521958    0.020304482 

BBB second bond length
0.6251187     0.021260283 

BBB <phi**2>/<phi>**2
1.2230683     0.046075581 

Time = 11000
Temperature
1.0127515     0.010113088 

Pressure
23.70552      0.078761382 

CM Mom
6.3577376e-17  1.8225114e-17 
-2.2432833e-17 1.1407973e-17 
9.6393327e-17  1.6482302e-17 
1.2011254e-16  1.1996994e-17 

CM Pos
7.4933649      0.015153221   
7.503195       0.01898855    
7.5044875      0.010459915   
12.990996      0.022352615   

Stress
20.6167      0.00256494   0.00726312    0.100923     0.0564718    0.071728    
0.00256494   20.7012      0.0231138     0.0564718    0.102277     0.0494575   
0.00726312   0.0231138    20.6848       0.071728     0.0494575    0.113698    

Stress Spherical
0            0            0             0            0            0           
0            0            0             0            0            0           
0            0            0             0            0            0           

Inertia
150.113      -56.2262     -56.2157      0.405432     0.235699     0.145143    
-56.2262     149.966      -56.3013      0.235699     0.333051     0.182752    
-56.2157     -56.3013     149.964       0.145143     0.182752     0.482978    

Bond Length
0.61624718    0.013137518 

BB bond length
0.61624718    0.013137518 

Water EE distance
0             0           

PEG EE distance
3.3315943     1.5782629   

BBB P2(x)
0.48330143    0.070687343 

BBB first bond length
0.61518131    0.014247201 

BBB second bond length
0.61500999    0.012370882 

BBB <phi**2>/<phi>**2
1.2421659     0.052511212 

Time = 12000
Temperature
1.014644      0.0067501574

Pressure
23.711481     0.064210628 

CM Mom
9.304067e-17   1.3950613e-17 
-8.6806084e-18 1.4432622e-17 
1.3469295e-16  1.4009242e-17 
1.6521191e-16  1.3353473e-17 

CM Pos
7.4949947      0.012684153   
7.4987501      0.016057045   
7.4970794      0.017050955   
12.985108      0.0090457324  

Stress
20.6508      -0.0278604   0.0367326     0.0831572    0.0479243    0.0379423   
-0.0278604   20.703       -0.0030468    0.0479243    0.0457547    0.0753948   
0.0367326    -0.0030468   20.6497       0.0379423    0.0753948    0.102675    

Stress Spherical
0            0            0             0            0            0           
0            0            0             0            0            0           
0            0            0             0            0            0           

Inertia
149.939      -56.1833     -56.2274      0.210776     0.162746     0.143276    
-56.1833     149.891      -56.2332      0.162746     0.346314     0.107809    
-56.2274     -56.2332     149.91        0.143276     0.107809     0.288281    

Bond Length
0.62070483    0.017653181 

BB bond length
0.62070483    0.017653181 

Water EE distance
0             0           

PEG EE distance
6.6290525     1.1187749   

BBB P2(x)
0.46465081    0.055357248 

BBB first bond length
0.62069877    0.017175256 

BBB second bond length
0.61993831    0.018111397 

BBB <phi**2>/<phi>**2
1.2362964     0.047367344 

Time = 13000
Temperature
1.0062344     0.0069070411

Pressure
23.71482      0.11518962  

CM Mom
1.0073692e-16  1.0617218e-17 
-1.0349946e-17 2.4643068e-17 
1.3716721e-16  1.2086692e-17 
1.7230523e-16  1.5712911e-17 

CM Pos
7.4970689      0.0084140286  
7.4962313      0.01368883    
7.5001908      0.011230113   
12.986634      0.010648689   

Stress
20.7242      -0.027269    -0.021885     0.143979     0.0492998    0.0729657   
-0.027269    20.6807      -0.0308823    0.0492998    0.153705     0.0485152   
-0.021885    -0.0308823   20.6843       0.0729657    0.0485152    0.119176    

Stress Spherical
0            0            0             0            0            0           
0            0            0             0            0            0           
0            0            0             0            0            0           

Inertia
149.937      -56.176      -56.1881      0.237822     0.112996     0.108556    
-56.176      149.956      -56.2822      0.112996     0.214848     0.134435    
-56.1881     -56.2822     149.909       0.108556     0.134435     0.290324    

Bond Length
0.61856036    0.012013566 

BB bond length
0.61856036    0.012013566 

Water EE distance
0             0           

PEG EE distance
5.4358522     0.82737703  

BBB P2(x)
0.49727982    0.063373602 

BBB first bond length
0.61981457    0.01269345  

BBB second bond length
0.61933184    0.011805539 

BBB <phi**2>/<phi>**2
1.193126      0.045076738 

Time = 14000
Temperature
1.0119444     0.0060374586

Pressure
23.729266     0.11552148  

CM Mom
1.4198934e-16  3.250917e-17  
-9.7983433e-19 1.7088463e-17 
1.345375e-16   1.8096777e-17 
1.9791682e-16  2.7704876e-17 

CM Pos
7.4975134      0.0098011668  
7.5048247      0.010375627   
7.5024132      0.013914686   
12.993134      0.012649908   

Stress
20.7365      -0.0514451   -0.0290543    0.0962313    0.0563251    0.0748216   
-0.0514451   20.694       -0.0209809    0.0563251    0.141175     0.0793906   
-0.0290543   -0.0209809   20.6508       0.0748216    0.0793906    0.15648     

Stress Spherical
0            0            0             0            0            0           
0            0            0             0            0            0           
0            0            0             0            0            0           

Inertia
150.11       -56.3078     -56.1871      0.309194     0.099579     0.110076    
-56.3078     149.999      -56.2791      0.099579     0.253978     0.195471    
-56.1871     -56.2791     150.054       0.110076     0.195471     0.253136    

Bond Length
0.61669743    0.016713614 

BB bond length
0.61669743    0.016713614 

Water EE distance
0             0           

PEG EE distance
6.0422697     0.60466715  

BBB P2(x)
0.50887241    0.040540119 

BBB first bond length
0.61692689    0.016721722 

BBB second bond length
0.61687236    0.01657931  

BBB <phi**2>/<phi>**2
1.2557465     0.049544952 

Time = 15000
Temperature
1.0111994     0.0075517405

Pressure
23.749838     0.071530953 

CM Mom
1.6535486e-16  2.7323407e-17 
-5.7243819e-18 2.0417471e-17 
1.3583481e-16  1.826028e-17  
2.1595105e-16  2.6231953e-17 

CM Pos
7.5104036      0.0071441506  
7.5026023      0.016663538   
7.5038948      0.012950478   
13.00015       0.015097643   

Stress
20.6702      0.00119527   -0.0332231    0.0962911    0.0572972    0.0694095   
0.00119527   20.7568      0.0285524     0.0572972    0.100642     0.0727618   
-0.0332231   0.0285524    20.7226       0.0694095    0.0727618    0.0719882   

Stress Spherical
0            0            0             0            0            0           
0            0            0             0            0            0           
0            0            0             0            0            0           

Inertia
150.095      -56.3672     -56.3601      0.386756     0.100313     0.178874    
-56.3672     150.215      -56.2926      0.100313     0.23339      0.199527    
-56.3601     -56.2926     150.192       0.178874     0.199527     0.297783    

Bond Length
0.62599104    0.014569374 

BB bond length
0.62599104    0.014569374 

Water EE distance
0             0           

PEG EE distance
3.5708236     1.2455006   

BBB P2(x)
0.48937074    0.074570997 

BBB first bond length
0.62527105    0.015273117 

BBB second bond length
0.62610342    0.013612251 

BBB <phi**2>/<phi>**2
1.2372944     0.070679736 

Time = 16000
Temperature
1.0125678     0.00645076  

Pressure
23.74265      0.03845042  

CM Mom
2.0336223e-16  2.3698098e-17 
-7.9285979e-19 3.1852376e-17 
1.1958413e-16  1.8856894e-17 
2.3858371e-16  2.5821666e-17 

CM Pos
7.4984024      0.021462646   
7.501417       0.0090379297  
7.4947088      0.014946093   
12.987245      0.013832841   

Stress
20.7337      0.00132898   -0.0304166    0.0751478    0.0581023    0.0686543   
0.00132898   20.6964      0.00994787    0.0581023    0.0978743    0.0417194   
-0.0304166   0.00994787   20.6856       0.0686543    0.0417194    0.0578107   

Stress Spherical
0            0            0             0            0            0           
0            0            0             0            0            0           
0            0            0             0            0            0           

Inertia
149.951      -56.2401     -56.2269      0.141286     0.22891      0.169358    
-56.2401     149.91       -56.2223      0.22891      0.347572     0.097511    
-56.2269     -56.2223     150.025       0.169358     0.097511     0.380112    

Bond Length
0.61970041    0.015193861 

BB bond length
0.61970041    0.015193861 

Water EE distance
0             0           

PEG EE distance
3.4289278     0.83679782  

BBB P2(x)
0.47376474    0.054732104 

BBB first bond length
0.62061124    0.015715233 

BBB second bond length
0.62005592    0.015108727 

BBB <phi**2>/<phi>**2
1.1951242     0.045714986 

Time = 17000
Temperature
1.0119443     0.007733164 

Pressure
23.678562     0.084772987 

CM Mom
2.0556994e-16  1.545702e-17  
7.2267579e-18  1.9678295e-17 
1.344421e-16   1.5535477e-17 
2.4722567e-16  1.1527244e-17 

CM Pos
7.5059587      0.015864491   
7.506899       0.010392539   
7.4995981      0.0098825797  
12.997586      0.011608605   

Stress
20.6684      0.012221     -0.0144464    0.119535     0.0594911    0.0429794   
0.012221     20.6235      -0.0292882    0.0594911    0.114841     0.0760508   
-0.0144464   -0.0292882   20.6372       0.0429794    0.0760508    0.122217    

Stress Spherical
0            0            0             0            0            0           
0            0            0             0            0            0           
0            0            0             0            0            0           

Inertia
150.09       -56.3547     -56.2819      0.276623     0.135022     0.178422    
-56.3547     150.087      -56.286       0.135022     0.259917     0.110684    
-56.2819     -56.286      150.199       0.178422     0.110684     0.284701    

Bond Length
0.62746695    0.010842523 

BB bond length
0.62746695    0.010842523 

Water EE distance
0             0           

PEG EE distance
7.1033864     1.7317612   

BBB P2(x)
0.49344908    0.057675078 

BBB first bond length
0.62713507    0.010412412 

BBB second bond length
0.6275149     0.010878522 

BBB <phi**2>/<phi>**2
1.1988227     0.043284832 

Time = 18000
Temperature
1.0112349     0.0065563739

Pressure
23.725724     0.071825356 

CM Mom
2.0006824e-16  1.1956444e-17 
-9.722402e-18  1.3649373e-17 
1.6024472e-16  1.5352656e-17 
2.5721467e-16  1.4344893e-17 

CM Pos
7.4975134      0.013429794   
7.4929717      0.013663147   
7.4982647      0.017603335   
12.983899      0.018529487   

Stress
20.6802      -0.0318924   0.0171868     0.112992     0.0639149    0.0750748   
-0.0318924   20.7262      0.00499129    0.0639149    0.099192     0.0648912   
0.0171868    0.00499129   20.6705       0.0750748    0.0648912    0.128195    

Stress Spherical
0            0            0             0            0            0           
0            0            0             0            0            0           
0            0            0             0            0            0           

Inertia
149.884      -56.1862     -56.2021      0.379768     0.145648     0.223563    
-56.1862     149.93       -56.1927      0.145648     0.371947     0.19012     
-56.2021     -56.1927     149.868       0.223563     0.19012      0.287286    

Bond Length
0.61592008    0.01322376  

BB bond length
0.61592008    0.01322376  

Water EE distance
0             0           

PEG EE distance
6.0268433     1.7438907   

BBB P2(x)
0.47762191    0.055740997 

BBB first bond length
0.61571463    0.012117168 

BBB second bond length
0.61547735    0.012185297 

BBB <phi**2>/<phi>**2
1.2189896     0.036489756 

Time = 19000
Temperature
1.0136355     0.0074505856

Pressure
23.751472     0.086684866 

CM Mom
2.0113416e-16  1.133932e-17  
-6.7990742e-18 1.4028304e-17 
1.8123727e-16  2.0223918e-17 
2.7158859e-16  1.7948481e-17 

CM Pos
7.4984024      0.0094916737  
7.5034913      0.012917382   
7.4987092      0.0097663889  
12.990739      0.010555013   

Stress
20.7138      0.00949467   0.00117234    0.127357     0.0519334    0.0764509   
0.00949467   20.6931      -0.0306065    0.0519334    0.0995268    0.0869652   
0.00117234   -0.0306065   20.7257       0.0764509    0.0869652    0.0930363   

Stress Spherical
0            0            0             0            0            0           
0            0            0             0            0            0           
0            0            0             0            0            0           

Inertia
150.037      -56.2589     -56.2398      0.261902     0.0948468    0.127596    
-56.2589     149.955      -56.2721      0.0948468    0.217253     0.155353    
-56.2398     -56.2721     150.05        0.127596     0.155353     0.199734    

Bond Length
0.61637893    0.01266562  

BB bond length
0.61637893    0.01266562  

Water EE distance
0             0           

PEG EE distance
4.0672475     1.3247537   

BBB P2(x)
0.54513012    0.073244413 

BBB first bond length
0.61564457    0.014973839 

BBB second bond length
0.61562422    0.013595497 

BBB <phi**2>/<phi>**2
1.2075967     0.04060856  

Time = 20000
Temperature
1.0142223     0.0051612653

Pressure
23.782458     0.091483231 

CM Mom
2.1221748e-16  1.7862331e-17 
4.7116488e-18  1.9551365e-17 
2.3888328e-16  2.0529932e-17 
3.2057608e-16  2.1850721e-17 

CM Pos
7.505366       0.017636351   
7.4971203      0.021401189   
7.5012279      0.013232189   
12.99255       0.018587737   

Stress
20.7459      -0.0132358   0.0141071     0.131697     0.0521429    0.0904039   
-0.0132358   20.7636      0.00267958    0.0521429    0.139127     0.0255056   
0.0141071    0.00267958   20.7108       0.0904039    0.0255056    0.091767    

Stress Spherical
0            0            0             0            0            0           
0            0            0             0            0            0           
0            0            0             0            0            0           

Inertia
149.973      -56.2967     -56.307       0.52635      0.13422      0.153724    
-56.2967     150.087      -56.2444      0.13422      0.310686     0.236362    
-56.307      -56.2444     150.03        0.153724     0.236362     0.355888    

Bond Length
0.61038209    0.015405228 

BB bond length
0.61038209    0.015405228 

Water EE distance
0             0           

PEG EE distance
5.2336863     1.0754151   

BBB P2(x)
0.48029433    0.07601603  

BBB first bond length
0.61108334    0.017983274 

BBB second bond length
0.60986265    0.014673416 

BBB <phi**2>/<phi>**2
1.2175285     0.057161723 

Time = 21000
Temperature
1.0079419     0.0071905133

Pressure
23.751718     0.14468075  

CM Mom
2.3893359e-16  1.1723789e-17 
1.0653025e-17  2.7341861e-17 
2.5436214e-16  2.2789511e-17 
3.5058066e-16  2.0010819e-17 

CM Pos
7.5024028      0.014417541   
7.4978611      0.012474743   
7.503154       0.014215136   
12.992371      0.012622208   

Stress
20.7014      0.0165851    0.00217429    0.142213     0.082631     0.0716324   
0.0165851    20.7092      -0.00335046   0.082631     0.118729     0.0662401   
0.00217429   -0.00335046  20.774        0.0716324    0.0662401    0.266036    

Stress Spherical
0            0            0             0            0            0           
0            0            0             0            0            0           
0            0            0             0            0            0           

Inertia
150.014      -56.2671     -56.2979      0.219156     0.198665     0.178301    
-56.2671     150.09       -56.2446      0.198665     0.269435     0.123734    
-56.2979     -56.2446     150.008       0.178301     0.123734     0.326429    

Bond Length
0.61457802    0.01435439  

BB bond length
0.61457802    0.01435439  

Water EE distance
0             0           

PEG EE distance
6.4212006     0.9766745   

BBB P2(x)
0.54153068    0.054319642 

BBB first bond length
0.61518288    0.014580691 

BBB second bond length
0.61548525    0.014452403 

BBB <phi**2>/<phi>**2
1.2248231     0.040486558 

Time = 22000
Temperature
1.0084357     0.0098251561

Pressure
23.726082     0.075045272 

CM Mom
2.4074288e-16  2.8112335e-17 
1.0221092e-17  1.7077087e-17 
2.9162929e-16  2.4516428e-17 
3.7932319e-16  3.0102415e-17 

CM Pos
7.4994395      0.018199915   
7.496824       0.012178224   
7.5015242      0.020808301   
12.989127      0.017697511   

Stress
20.6764      0.0112045    0.0217012     0.153383     0.0444001    0.0475199   
0.0112045    20.728       0.00859443    0.0444001    0.122228     0.0697665   
0.0217012    0.00859443   20.6988       0.0475199    0.0697665    0.0856758   

Stress Spherical
0            0            0             0            0            0           
0            0            0             0            0            0           
0            0            0             0            0            0           

Inertia
149.981      -56.2294     -56.2585      0.280561     0.133512     0.25947     
-56.2294     150.003      -56.2506      0.133512     0.557376     0.154333    
-56.2585     -56.2506     149.955       0.25947      0.154333     0.319107    

Bond Length
0.61976552    0.022090077 

BB bond length
0.61976552    0.022090077 

Water EE distance
0             0           

PEG EE distance
6.8270423     0.65995217  

BBB P2(x)
0.4725146     0.070010075 

BBB first bond length
0.61905904    0.022238379 

BBB second bond length
0.62080415    0.020141394 

BBB <phi**2>/<phi>**2
1.2010491     0.038627128 

Time = 23000
Temperature
1.0119489     0.0086222345

Pressure
23.701314     0.060942407 

CM Mom
2.6585587e-16  1.0503985e-17 
-1.0733216e-17 1.3633621e-17 
2.7214007e-16  2.7760441e-17 
3.8114541e-16  2.5491003e-17 

CM Pos
7.4985506      0.0097213303  
7.5030468      0.007324698   
7.5022651      0.012544935   
12.992622      0.0061187301  

Stress
20.6672      0.0234316    -0.029957     0.0692711    0.0651033    0.0593841   
0.0234316    20.6862      0.0236706     0.0651033    0.0887313    0.0537922   
-0.029957    0.0236706    20.644        0.0593841    0.0537922    0.0974404   

Stress Spherical
0            0            0             0            0            0           
0            0            0             0            0            0           
0            0            0             0            0            0           

Inertia
150.07       -56.2283     -56.2456      0.149087     0.1111       0.0721248   
-56.2283     149.994      -56.2903      0.1111       0.224419     0.106375    
-56.2456     -56.2903     150.017       0.0721248    0.106375     0.174142    

Bond Length
0.62178761    0.017045198 

BB bond length
0.62178761    0.017045198 

Water EE distance
0             0           

PEG EE distance
6.6220093     1.2649725   

BBB P2(x)
0.52312985    0.044452626 

BBB first bond length
0.62289633    0.016421099 

BBB second bond length
0.62248622    0.016561565 

BBB <phi**2>/<phi>**2
1.2083865     0.062936491 

Time = 24000
Temperature
1.0055928     0.0074149189

Pressure
23.68306      0.064430317 

CM Mom
2.6106279e-16  2.4846334e-17 
1.9521705e-17  2.8134308e-17 
3.1316042e-16  2.7737678e-17 
4.102508e-16   2.183726e-17  

CM Pos
7.5044771      0.015358271   
7.4990464      0.010561211   
7.4997463      0.022428929   
12.992293      0.015367757   

Stress
20.7024      -0.000868532 -0.0200768    0.0699616    0.0601642    0.0785093   
-0.000868532 20.6649      -0.0332769    0.0601642    0.104962     0.0616305   
-0.0200768   -0.0332769   20.6324       0.0785093    0.0616305    0.11453     

Stress Spherical
0            0            0             0            0            0           
0            0            0             0            0            0           
0            0            0             0            0            0           

Inertia
149.987      -56.2535     -56.2924      0.311836     0.137461     0.230791    
-56.2535     150.058      -56.254       0.137461     0.396328     0.15406     
-56.2924     -56.254      150.057       0.230791     0.15406      0.338165    

Bond Length
0.61554634    0.014639092 

BB bond length
0.61554634    0.014639092 

Water EE distance
0             0           

PEG EE distance
4.138122      0.79867061  

BBB P2(x)
0.47538516    0.07974526  

BBB first bond length
0.61675658    0.015492065 

BBB second bond length
0.6149209     0.013930161 

BBB <phi**2>/<phi>**2
1.1988235     0.055678603 

Time = 25000
Temperature
1.0076195     0.0071546008

Pressure
23.673277     0.051702383 

CM Mom
2.4009012e-16  1.1117719e-17 
4.7254663e-17  3.1254477e-17 
3.3973672e-16  1.9956961e-17 
4.2009964e-16  1.7672759e-17 

CM Pos
7.4970689      0.0088712272  
7.5028986      0.01164846    
7.5015242      0.014640402   
12.991255      0.011215178   

Stress
20.6852      0.0325372    -0.0182581    0.0885968    0.0661737    0.0519388   
0.0325372    20.6062      0.0017577     0.0661737    0.0874394    0.0467497   
-0.0182581   0.0017577    20.6608       0.0519388    0.0467497    0.09891     

Stress Spherical
0            0            0             0            0            0           
0            0            0             0            0            0           
0            0            0             0            0            0           

Inertia
150.078      -56.2351     -56.2205      0.200509     0.122921     0.158644    
-56.2351     149.989      -56.2772      0.122921     0.279969     0.114206    
-56.2205     -56.2772     150.022       0.158644     0.114206     0.26702     

Bond Length
0.61468966    0.010984608 

BB bond length
0.61468966    0.010984608 

Water EE distance
0             0           

PEG EE distance
4.1507089     0.55889739  

BBB P2(x)
0.526794      0.068456595 

BBB first bond length
0.61216833    0.011910817 

BBB second bond length
0.61505802    0.01159688  

BBB <phi**2>/<phi>**2
1.2359575     0.076163647 

Time = 26000
Temperature
1.0106527     0.006645151 

Pressure
23.721542     0.083950656 

CM Mom
2.5165142e-16  1.8097676e-17 
5.6090512e-17  9.0948452e-18 
3.4907489e-16  2.9873958e-17 
4.3469094e-16  2.5968088e-17 

CM Pos
7.5084775      0.010514339   
7.4978611      0.013937543   
7.5028577      0.01130415    
12.995705      0.011067649   

Stress
20.7239      -0.0347842   -0.0335111    0.0999105    0.0526856    0.0673115   
-0.0347842   20.6584      -0.0439077    0.0526856    0.130843     0.0662362   
-0.0335111   -0.0439077   20.6873       0.0673115    0.0662362    0.0855575   

Stress Spherical
0            0            0             0            0            0           
0            0            0             0            0            0           
0            0            0             0            0            0           

Inertia
150.017      -56.2898     -56.3099      0.307613     0.147872     0.114437    
-56.2898     150.182      -56.2531      0.147872     0.191288     0.159201    
-56.3099     -56.2531     150.105       0.114437     0.159201     0.287353    

Bond Length
0.62232577    0.010911766 

BB bond length
0.62232577    0.010911766 

Water EE distance
0             0           

PEG EE distance
4.6719099     1.0875861   

BBB P2(x)
0.54268577    0.041143272 

BBB first bond length
0.62055818    0.010954916 

BBB second bond length
0.62280811    0.012046018 

BBB <phi**2>/<phi>**2
1.2174286     0.040259246 

Time = 27000
Temperature
1.0132746     0.0059438733

Pressure
23.717316     0.078752552 

CM Mom
2.4923597e-16  1.6875771e-17 
4.4493361e-17  2.9177853e-17 
3.4820088e-16  1.8597162e-17 
4.3198022e-16  1.4736438e-17 

CM Pos
7.5001803      0.008360373   
7.4962313      0.0066854094  
7.5022651      0.012856056   
12.989626      0.0087450132  

Stress
20.644       0.0267663    0.00522713    0.0917445    0.0845572    0.0604991   
0.0267663    20.6627      0.0339066     0.0845572    0.108376     0.0403932   
0.00522713   0.0339066    20.7267       0.0604991    0.0403932    0.0971521   

Stress Spherical
0            0            0             0            0            0           
0            0            0             0            0            0           
0            0            0             0            0            0           

Inertia
149.991      -56.2543     -56.2965      0.206187     0.108084     0.151847    
-56.2543     150.046      -56.2574      0.108084     0.221991     0.120228    
-56.2965     -56.2574     149.957       0.151847     0.120228     0.166328    

Bond Length
0.6228034     0.01160683  

BB bond length
0.6228034     0.01160683  

Water EE distance
0             0           

PEG EE distance
3.0662544     0.81878219  

BBB P2(x)
0.49300403    0.059960621 

BBB first bond length
0.62287358    0.010646592 

BBB second bond length
0.62315028    0.012446241 

BBB <phi**2>/<phi>**2
1.2098581     0.044630605 

Time = 28000
Temperature
1.0135056     0.0072915178

Pressure
23.768357     0.06066947  

CM Mom
2.2824273e-16  1.6316162e-17 
6.7109056e-17  1.7627905e-17 
3.3591018e-16  1.4544607e-17 
4.1218964e-16  1.7950574e-17 

CM Pos
7.487142       0.019156021   
7.499639       0.018091034   
7.5065618      0.010000713   
12.986558      0.021355354   

Stress
20.7544      0.00921448   0.00300067    0.103229     0.0724215    0.0541487   
0.00921448   20.6971      -0.0201159    0.0724215    0.0954491    0.0581437   
0.00300067   -0.0201159   20.7329       0.0541487    0.0581437    0.131032    

Stress Spherical
0            0            0             0            0            0           
