Time = 1000
Temperature
   1.0565408   0.069991603

Pressure
   23.686083     0.3856406

CM Mom
-1.0349202e-17 1.2398017e-17 
-1.7984112e-17 1.3272561e-17 
-2.5753354e-17 1.968608e-16  
1.4296442e-16  1.4049551e-16 

CM Pos
7.504287       0.015743852   
7.4978545      0.02057387    
7.5031974      0.03346667    
12.993488      0.034315392   

Stress
20.4851      -0.0217531   -0.0555656    0.220959     0.0435902    0.066562    
-0.0217531   20.5127      -0.00372424   0.0435902    0.235962     0.0579748   
-0.0555656   -0.00372424  20.5619       0.066562     0.0579748    0.20356     

Stress Spherical
0            0            0             0            0            0           
0            0            0             0            0            0           
0            0            0             0            0            0           

Inertia
150.064      -56.2565     -56.2825      0.291965     0.244169     0.340678    
-56.2565     150.147      -56.2371      0.244169     0.252504     0.374634    
-56.2825     -56.2371     150.08        0.340678     0.374634     0.532676    

Bond Length
0.62001159    0.0052247222

BB bond length
0.62001159    0.0052247222

Water EE distance
0             0           

PEG EE distance
7.1272437     0.34253026  

BBB P2(x)
0.49514671    0.060331544 

BBB first bond length
0.61976655    0.0051213754

BBB second bond length
0.61995101    0.0054665116

BBB <phi**2>/<phi>**2
1.2217336     0.017287301 

Time = 2000
Temperature
1.0077984     0.007003554 

Pressure
23.377889     0.093209224 

CM Mom
-4.2171515e-17 2.953617e-17  
-3.7593245e-17 1.8479864e-17 
-3.8829265e-17 3.0787135e-17 
8.0954245e-17  1.7537083e-17 

CM Pos
7.4962783      0.012588828   
7.5054183      0.010276238   
7.5023075      0.0087036192  
12.992702      0.011502502   

Stress
20.3787      0.00153493   0.0364077     0.157498     0.0759073    0.0798206   
0.00153493   20.3331      -0.00817962   0.0759073    0.113445     0.0796085   
0.0364077    -0.00817962  20.3615       0.0798206    0.0796085    0.0997386   

Stress Spherical
0            0            0             0            0            0           
0            0            0             0            0            0           
0            0            0             0            0            0           

Inertia
150.031      -56.2676     -56.2346      0.323292     0.109373     0.140727    
-56.2676     149.88       -56.2867      0.109373     0.317463     0.111892    
-56.2346     -56.2867     149.933       0.140727     0.111892     0.339712    

Bond Length
0.61877387    0.0029910599

BB bond length
0.61877387    0.0029910599

Water EE distance
0             0           

PEG EE distance
7.6174054     0.1186516   

BBB P2(x)
0.52850499    0.010875998 

BBB first bond length
0.61900415    0.0029298948

BBB second bond length
0.61873463    0.0028132856

BBB <phi**2>/<phi>**2
1.2245858     0.005785362 

Time = 3000
Temperature
1.0111127     0.01080209  

Pressure
23.356479     0.080360816 

CM Mom
-3.2352781e-17 1.619738e-17  
-6.2685298e-17 2.8121966e-17 
-7.0308957e-17 2.3385692e-17 
1.0405354e-16  2.6314455e-17 

CM Pos
7.5047319      0.018282389   
7.4980028      0.011976376   
7.5058669      0.012528403   
12.995367      0.012969443   

Stress
20.3538      -0.0534392   0.0332169     0.118256     0.0672843    0.0815134   
-0.0534392   20.2932      -0.00056827   0.0672843    0.135138     0.054363    
0.0332169    -0.00056827  20.3323       0.0815134    0.054363     0.112934    

Stress Spherical
0            0            0             0            0            0           
0            0            0             0            0            0           
0            0            0             0            0            0           

Inertia
150.024      -56.2558     -56.3637      0.164508     0.152377     0.186266    
-56.2558     150.136      -56.3155      0.152377     0.321229     0.0795344   
-56.3637     -56.3155     149.997       0.186266     0.0795344    0.35854     

Bond Length
0.61949217    0.0032558025

BB bond length
0.61949217    0.0032558025

Water EE distance
0             0           

PEG EE distance
7.4769187     0.17827265  

BBB P2(x)
0.51799706    0.01007035  

BBB first bond length
0.61937576    0.00303314  

BBB second bond length
0.61965235    0.0031734687

BBB <phi**2>/<phi>**2
1.2229567     0.006701956 

Time = 4000
Temperature
1.0118583     0.010331577 

Pressure
23.342244     0.12287694  

CM Mom
4.5843078e-18  2.6775262e-17 
-3.3829475e-17 2.7871122e-17 
-1.0450328e-16 1.7250752e-17 
1.163696e-16   1.8324986e-17 

CM Pos
7.5014691      0.011901762   
7.5043801      0.011696704   
7.5082399      0.011240238   
12.998525      0.013781221   

Stress
20.3064      -0.0047778   -0.0142973    0.103081     0.0843362    0.0665404   
-0.0047778   20.3247      -0.00459644   0.0843362    0.109443     0.0757765   
-0.0142973   -0.00459644  20.2988       0.0665404    0.0757765    0.145841    

Stress Spherical
0            0            0             0            0            0           
0            0            0             0            0            0           
0            0            0             0            0            0           

Inertia
150.163      -56.2452     -56.3324      0.266433     0.129607     0.143592    
-56.2452     150.125      -56.3108      0.129607     0.294847     0.132302    
-56.3324     -56.3108     150.059       0.143592     0.132302     0.267623    

Bond Length
0.61905158    0.0042110132

BB bond length
0.61905158    0.0042110132

Water EE distance
0             0           

PEG EE distance
7.6153065     0.16580586  

BBB P2(x)
0.52014906    0.010547034 

BBB first bond length
0.61905236    0.0044110661

BBB second bond length
0.6191945     0.0041611575

BBB <phi**2>/<phi>**2
1.2287131     0.0065431111

Time = 5000
Temperature
1.0097545     0.0058709424

Pressure
23.364063     0.10260995  

CM Mom
9.667936e-18   2.7275798e-17 
-3.8545988e-17 3.2319344e-17 
-9.0983348e-17 2.2183567e-17 
1.0682052e-16  2.6967162e-17 

CM Pos
7.5005792      0.016072237   
7.5012656      0.01492628    
7.5040872      0.012570469   
12.993823      0.014452397   

Stress
20.2951      0.0389523    -0.0149105    0.153533     0.0690267    0.0585633   
0.0389523    20.3753      -0.00555796   0.0690267    0.151589     0.0520516   
-0.0149105   -0.00555796  20.3439       0.0585633    0.0520516    0.0836794   

Stress Spherical
0            0            0             0            0            0           
0            0            0             0            0            0           
0            0            0             0            0            0           

Inertia
150.066      -56.2321     -56.2736      0.413453     0.149751     0.118875    
-56.2321     150.06       -56.3233      0.149751     0.22756      0.201918    
-56.2736     -56.3233     150           0.118875     0.201918     0.301438    

Bond Length
0.62017227    0.0018734812

BB bond length
0.62017227    0.0018734812

Water EE distance
0             0           

PEG EE distance
7.6464796     0.17589756  

BBB P2(x)
0.52157678    0.013037844 

BBB first bond length
0.62029365    0.0021615785

BBB second bond length
0.62003312    0.0016669579

BBB <phi**2>/<phi>**2
1.2269742     0.0088797032

Time = 6000
Temperature
1.0098649     0.0078109197

Pressure
23.377777     0.11784701  

CM Mom
6.0157205e-18  3.0078964e-17 
1.4148099e-18  1.8916261e-17 
-9.8030915e-17 2.0273634e-17 
1.0475607e-16  1.8654917e-17 

CM Pos
7.5039904      0.0086236455  
7.4951849      0.0066590699  
7.4917776      0.0053081462  
12.985164      0.007819403   

Stress
20.3402      0.0657046    0.0472723     0.166988     0.0725651    0.0483016   
0.0657046    20.3873      0.0245951     0.0725651    0.104566     0.0609715   
0.0472723    0.0245951    20.3269       0.0483016    0.0609715    0.119678    

Stress Spherical
0            0            0             0            0            0           
0            0            0             0            0            0           
0            0            0             0            0            0           

Inertia
149.8        -56.2581     -56.2267      0.152442     0.103085     0.122235    
-56.2581     149.944      -56.1645      0.103085     0.176855     0.0896956   
-56.2267     -56.1645     149.979       0.122235     0.0896956    0.155004    

Bond Length
0.61913161    0.0027352582

BB bond length
0.61913161    0.0027352582

Water EE distance
0             0           

PEG EE distance
7.5984708     0.22797991  

BBB P2(x)
0.50901034    0.015956072 

BBB first bond length
0.61908892    0.0025179335

BBB second bond length
0.61932013    0.0028076888

BBB <phi**2>/<phi>**2
1.2271021     0.013589714 

Time = 7000
Temperature
1.0054003     0.0052648138

Pressure
23.30877      0.065324088 

CM Mom
4.9974581e-18  2.9508615e-17 
-2.0273041e-17 1.875573e-17  
-1.0756225e-16 2.8034855e-17 
1.154243e-16   2.6293133e-17 

CM Pos
7.4996894      0.012208295   
7.4999308      0.010014995   
7.4971167      0.012987862   
12.98851       0.0088876915  

Stress
20.2854      0.031295     -0.0121465    0.119876     0.0570089    0.0646766   
0.031295     20.3211      0.0115545     0.0570089    0.106883     0.0535028   
-0.0121465   0.0115545    20.2811       0.0646766    0.0535028    0.0858929   

Stress Spherical
0            0            0             0            0            0           
0            0            0             0            0            0           
0            0            0             0            0            0           

Inertia
149.935      -56.2689     -56.2289      0.199052     0.112082     0.111263    
-56.2689     149.952      -56.2317      0.112082     0.278705     0.132808    
-56.2289     -56.2317     149.967       0.111263     0.132808     0.244173    

Bond Length
0.61907594    0.0022180795

BB bond length
0.61907594    0.0022180795

Water EE distance
0             0           

PEG EE distance
7.590132      0.19084866  

BBB P2(x)
0.51141543    0.011906788 

BBB first bond length
0.61902473    0.0025223548

BBB second bond length
0.61927994    0.0018066905

BBB <phi**2>/<phi>**2
1.2233631     0.012870642 

Time = 8000
Temperature
1.0091349     0.0063148681

Pressure
23.41286      0.095100106 

CM Mom
4.687218e-18   1.757629e-17  
-1.4073317e-17 1.4853392e-17 
-1.1036862e-16 1.7157529e-17 
1.1368295e-16  1.7360221e-17 

CM Pos
7.5033971      0.014682618   
7.4994859      0.013913434   
7.5008244      0.0056357524  
12.992534      0.011334708   

Stress
20.373       -0.00684767  0.00765714    0.105311     0.0704968    0.0590018   
-0.00684767  20.3839      0.0395403     0.0704968    0.127143     0.0588143   
0.00765714   0.0395403    20.4093       0.0590018    0.0588143    0.136416    

Stress Spherical
0            0            0             0            0            0           
0            0            0             0            0            0           
0            0            0             0            0            0           

Inertia
149.989      -56.2757     -56.2818      0.234446     0.115675     0.173694    
-56.2757     150.051      -56.2778      0.115675     0.268203     0.149355    
-56.2818     -56.2778     150.032       0.173694     0.149355     0.225768    

Bond Length
0.61966103    0.0025792811

BB bond length
0.61966103    0.0025792811

Water EE distance
0             0           

PEG EE distance
7.2406566     0.23255952  

BBB P2(x)
0.50657153    0.013042604 

BBB first bond length
0.61946033    0.0026146416

BBB second bond length
0.61966041    0.0028741799

BBB <phi**2>/<phi>**2
1.2232895     0.0077106188

Time = 9000
Temperature
1.0105549     0.0067971558

Pressure
23.364619     0.084851351 

CM Mom
-3.3909607e-18 3.0147853e-17 
-2.2741789e-18 1.4495988e-17 
-1.020628e-16  1.629069e-17  
1.0756585e-16  1.5731737e-17 

CM Pos
7.5029522      0.014379118   
7.503342       0.012724383   
7.5051254      0.015724281   
12.996995      0.0092309925  

Stress
20.3055      0.00864937   -0.0135719    0.114227     0.0822909    0.0660905   
0.00864937   20.383       -0.0123658    0.0822909    0.0844718    0.0612028   
-0.0135719   -0.0123658   20.3203       0.0660905    0.0612028    0.140718    

Stress Spherical
0            0            0             0            0            0           
0            0            0             0            0            0           
0            0            0             0            0            0           

Inertia
150.109      -56.3176     -56.3178      0.279078     0.0876393    0.161509    
-56.3176     150.126      -56.3051      0.0876393    0.31788      0.169965    
-56.3178     -56.3051     150.097       0.161509     0.169965     0.151787    

Bond Length
0.61999992    0.0025075187

BB bond length
0.61999992    0.0025075187

Water EE distance
0             0           

PEG EE distance
6.8429516     0.071097289 

BBB P2(x)
0.50866983    0.016457052 

BBB first bond length
0.6199626     0.0024836016

BBB second bond length
0.61975168    0.0027340909

BBB <phi**2>/<phi>**2
1.2255139     0.0091936363

Time = 10000
Temperature
1.0105579     0.0076630091

Pressure
23.410697     0.088791574 

CM Mom
-9.9680223e-18 2.6258317e-17 
-3.5202983e-17 1.6491714e-17 
-9.2395002e-17 2.261428e-17  
1.0398404e-16  2.3144065e-17 

CM Pos
7.4962783      0.017551323   
7.4950366      0.020475813   
7.4966718      0.0123409     
12.983469      0.016040271   

Stress
20.3123      0.0104294    0.0106997     0.097079     0.0858242    0.0356963   
0.0104294    20.4435      -0.0352652    0.0858242    0.151688     0.0963536   
0.0106997    -0.0352652   20.3912       0.0356963    0.0963536    0.110405    

Stress Spherical
0            0            0             0            0            0           
0            0            0             0            0            0           
0            0            0             0            0            0           

Inertia
149.873      -56.1863     -56.2101      0.406485     0.164281     0.159519    
-56.1863     149.88       -56.183       0.164281     0.336895     0.258161    
-56.2101     -56.183      149.859       0.159519     0.258161     0.335574    

Bond Length
0.61816179    0.0028858541

BB bond length
0.61816179    0.0028858541

Water EE distance
0             0           

PEG EE distance
6.5975327     0.14542794  

BBB P2(x)
0.50659334    0.0094805691

BBB first bond length
0.61801928    0.0028431276

BBB second bond length
0.61808005    0.0030089809

BBB <phi**2>/<phi>**2
1.2178513     0.009311569 

Time = 11000
Temperature
1.0099298     0.0084333235

Pressure
23.392642     0.07391554  

CM Mom
-1.8656116e-17 1.9191966e-17 
-3.009054e-17  2.0862851e-17 
-6.8461375e-17 1.486138e-17  
8.200823e-17   1.547747e-17  

CM Pos
7.5035454      0.01125979    
7.5095709      0.014715539   
7.5026041      0.015156598   
12.999476      0.011084882   

Stress
20.3525      0.0462068    0.000601361   0.0821716    0.0850807    0.094749    
0.0462068    20.337       0.00531909    0.0850807    0.0921104    0.07328     
0.000601361  0.00531909   20.4089       0.094749     0.07328      0.14479     

Stress Spherical
0            0            0             0            0            0           
0            0            0             0            0            0           
0            0            0             0            0            0           

Inertia
150.177      -56.3775     -56.3199      0.299115     0.0795249    0.167789    
-56.3775     150.098      -56.3387      0.0795249    0.28515      0.163308    
-56.3199     -56.3387     150.179       0.167789     0.163308     0.175672    

Bond Length
0.61930278    0.0030998012

BB bond length
0.61930278    0.0030998012

Water EE distance
0             0           

PEG EE distance
6.6723496     0.25971149  

BBB P2(x)
0.51507822    0.01244857  

BBB first bond length
0.61953759    0.0029559599

BBB second bond length
0.61925857    0.0030836884

BBB <phi**2>/<phi>**2
1.2331388     0.0064374405

Time = 12000
Temperature
1.0053756     0.0087875091

Pressure
23.342691     0.0800017   

CM Mom
-2.7836257e-17 2.0275578e-17 
-3.8958246e-17 2.7304529e-17 
-6.8362032e-17 2.2935292e-17 
8.9955814e-17  2.3592057e-17 

CM Pos
7.504287       0.0086338419  
7.5083845      0.014287811   
7.5021592      0.013479836   
12.998954      0.014169623   

Stress
20.2971      0.01398      0.0114197     0.0872625    0.0929895    0.0884339   
0.01398      20.3379      -0.0155718    0.0929895    0.101193     0.0612978   
0.0114197    -0.0155718   20.3546       0.0884339    0.0612978    0.127041    

Stress Spherical
0            0            0             0            0            0           
0            0            0             0            0            0           
0            0            0             0            0            0           

Inertia
150.166      -56.3286     -56.3014      0.288897     0.120989     0.146837    
-56.3286     150.098      -56.3516      0.120989     0.260117     0.14973     
-56.3014     -56.3516     150.176       0.146837     0.14973      0.234211    

Bond Length
0.61889149    0.0026493515

BB bond length
0.61889149    0.0026493515

Water EE distance
0             0           

PEG EE distance
6.8605216     0.2134301   

BBB P2(x)
0.50649316    0.011345884 

BBB first bond length
0.61867233    0.0029576292

BBB second bond length
0.61895563    0.0028562778

BBB <phi**2>/<phi>**2
1.2257199     0.0056477333

Time = 13000
Temperature
1.0086745     0.0079680185

Pressure
23.349678     0.093284624 

CM Mom
-5.1976253e-17 1.0199766e-17 
-1.3585248e-17 1.201936e-17  
-5.4384078e-17 2.3184535e-17 
7.9080484e-17  1.939118e-17  

CM Pos
7.4934604      0.014336222   
7.4985961      0.010155666   
7.5072017      0.0085981015  
12.989964      0.014058304   

Stress
20.3168      -0.00489414  0.0125982     0.12283      0.0593945    0.0754476   
-0.00489414  20.3531      -0.0338383    0.0593945    0.123786     0.0661622   
0.0125982    -0.0338383   20.311        0.0754476    0.0661622    0.10388     

Stress Spherical
0            0            0             0            0            0           
0            0            0             0            0            0           
0            0            0             0            0            0           

Inertia
150.07       -56.1678     -56.2761      0.191679     0.128282     0.165559    
-56.1678     149.994      -56.301       0.128282     0.289131     0.149861    
-56.2761     -56.301      149.849       0.165559     0.149861     0.238907    

Bond Length
0.6192865     0.0027905131

BB bond length
0.6192865     0.0027905131

Water EE distance
0             0           

PEG EE distance
6.7730073     0.12116633  

BBB P2(x)
0.51120477    0.0099791079

BBB first bond length
0.61940387    0.0029606992

BBB second bond length
0.61934237    0.0027738608

BBB <phi**2>/<phi>**2
1.2298898     0.010067735 

Time = 14000
Temperature
1.0087644     0.0074145105

Pressure
23.37031      0.038734994 

CM Mom
-5.1877597e-17 1.7350165e-17 
2.1427282e-18  1.7663632e-17 
-4.347038e-17  1.882337e-17  
7.202192e-17   1.9124451e-17 

CM Pos
7.5010242      0.010254811   
7.4974096      0.012104254   
7.5037906      0.012376496   
12.991679      0.0090008315  

Stress
20.316       -0.00436248  0.0240967     0.0560014    0.0748329    0.0750024   
-0.00436248  20.391       0.00684554    0.0748329    0.0882394    0.0630218   
0.0240967    0.00684554   20.3349       0.0750024    0.0630218    0.0575747   

Stress Spherical
0            0            0             0            0            0           
0            0            0             0            0            0           
0            0            0             0            0            0           

Inertia
150.014      -56.2288     -56.2812      0.266845     0.11982      0.127855    
-56.2288     150.07       -56.2643      0.11982      0.194951     0.152096    
-56.2812     -56.2643     149.975       0.127855     0.152096     0.274671    

Bond Length
0.61942459    0.0020460879

BB bond length
0.61942459    0.0020460879

Water EE distance
0             0           

PEG EE distance
6.8560712     0.30222685  

BBB P2(x)
0.51228591    0.016751524 

BBB first bond length
0.61934562    0.0021657714

BBB second bond length
0.61930537    0.00209428  

BBB <phi**2>/<phi>**2
1.2257812     0.013255714 

Time = 15000
Temperature
1.0129527     0.0086955921

Pressure
23.350279     0.10299587  

CM Mom
-5.3200199e-17 1.8416537e-17 
-2.0134181e-17 1.6087254e-17 
-6.7484551e-17 1.6673063e-17 
9.1203071e-17  1.8648604e-17 

CM Pos
7.5026556      0.021703885   
7.5097193      0.012482673   
7.5030491      0.0096674442  
12.999307      0.014337363   

Stress
20.3604      0.011414     0.0161018     0.181363     0.0568562    0.0473858   
0.011414     20.2855      0.00392285    0.0568562    0.100412     0.106137    
0.0161018    0.00392285   20.2983       0.0473858    0.106137     0.109394    

Stress Spherical
0            0            0             0            0            0           
0            0            0             0            0            0           
0            0            0             0            0            0           

Inertia
150.182      -56.374      -56.2692      0.240729     0.145099     0.174894    
-56.374      150.072      -56.355       0.145099     0.469304     0.139885    
-56.2692     -56.355      150.161       0.174894     0.139885     0.374672    

Bond Length
0.62032406    0.0025529755

BB bond length
0.62032406    0.0025529755

Water EE distance
0             0           

PEG EE distance
7.3601363     0.20044651  

BBB P2(x)
0.51396767    0.010873172 

BBB first bond length
0.62033909    0.002420438 

BBB second bond length
0.62041531    0.0026568813

BBB <phi**2>/<phi>**2
1.2156587     0.0092066557

Time = 16000
Temperature
1.0118205     0.0067498714

Pressure
23.38232      0.059863836 

CM Mom
-5.5587716e-17 2.7181159e-17 
2.3493171e-17  1.4543183e-17 
-8.8786557e-17 1.495196e-17  
1.1093841e-16  1.9786993e-17 

CM Pos
7.4944986      0.013082358   
7.4951849      0.012208295   
7.4980065      0.006964222   
12.983284      0.01119314    

Stress
20.3972      0.00989822   0.0186776     0.0520585    0.0558929    0.0735159   
0.00989822   20.3258      -0.00855957   0.0558929    0.110024     0.0540171   
0.0186776    -0.00855957  20.3275       0.0735159    0.0540171    0.124344    

Stress Spherical
0            0            0             0            0            0           
0            0            0             0            0            0           
0            0            0             0            0            0           

Inertia
149.884      -56.1511     -56.2029      0.221746     0.139468     0.0906315   
-56.1511     149.878      -56.2664      0.139468     0.208824     0.133678    
-56.2029     -56.2664     149.831       0.0906315    0.133678     0.292393    

Bond Length
0.61888204    0.0031995402

BB bond length
0.61888204    0.0031995402

Water EE distance
0             0           

PEG EE distance
7.690525      0.083920173 

BBB P2(x)
0.51545134    0.010981669 

BBB first bond length
0.61878645    0.0031164283

BBB second bond length
0.61864575    0.0031623021

BBB <phi**2>/<phi>**2
1.225537      0.012592734 

Time = 17000
Temperature
1.0149909     0.010168593 

Pressure
23.370689     0.10750826  

CM Mom
-3.8566364e-17 4.0381033e-17 
3.9723212e-17  1.8042099e-17 
-7.2794719e-17 1.0428866e-17 
1.0123662e-16  1.3432135e-17 

CM Pos
7.4993928      0.013963143   
7.4978545      0.011042818   
7.4994896      0.011221633   
12.988509      0.01119017    

Stress
20.3231      0.0107164    0.0211747     0.109809     0.073813     0.0704832   
0.0107164    20.3433      -0.0183115    0.073813     0.160911     0.0716284   
0.0211747    -0.0183115   20.3207       0.0704832    0.0716284    0.162554    

Stress Spherical
0            0            0             0            0            0           
0            0            0             0            0            0           
0            0            0             0            0            0           

Inertia
149.947      -56.2141     -56.2351      0.19774      0.127578     0.153251    
-56.2141     149.989      -56.2065      0.127578     0.343638     0.104652    
-56.2351     -56.2065     149.967       0.153251     0.104652     0.246433    

Bond Length
0.6191247     0.0021108734

BB bond length
0.6191247     0.0021108734

Water EE distance
0             0           

PEG EE distance
7.3041885     0.35823764  

BBB P2(x)
0.51112407    0.0080440819

BBB first bond length
0.6188977     0.0021953358

BBB second bond length
0.61915761    0.002047352 

BBB <phi**2>/<phi>**2
1.2272085     0.011063751 

Time = 18000
Temperature
1.0129482     0.0075667208

Pressure
23.401274     0.095392164 

CM Mom
-5.0038797e-17 1.7920592e-17 
4.9145536e-17  1.6439875e-17 
-4.246378e-17  2.8199066e-17 
8.8090104e-17  1.8683563e-17 

CM Pos
7.503842       0.012778718   
7.4932569      0.011795017   
7.5029008      0.013278443   
12.990393      0.015113369   

Stress
20.3683      -0.00544845  0.0125058     0.0607028    0.0581071    0.0692362   
-0.00544845  20.3669      -0.00728979   0.0581071    0.139829     0.0455639   
0.0125058    -0.00728979  20.362        0.0692362    0.0455639    0.101682    

Stress Spherical
0            0            0             0            0            0           
0            0            0             0            0            0           
0            0            0             0            0            0           

Inertia
149.933      -56.2461     -56.2531      0.262645     0.185446     0.194834    
-56.2461     150.086      -56.2258      0.185446     0.345013     0.139742    
-56.2531     -56.2258     149.948       0.194834     0.139742     0.284391    

Bond Length
0.61906082    0.003896854 

BB bond length
0.61906082    0.003896854 

Water EE distance
0             0           

PEG EE distance
7.2132595     0.21412901  

BBB P2(x)
0.51485008    0.011581056 

BBB first bond length
0.61900571    0.0039229442

BBB second bond length
0.61903634    0.0039062878

BBB <phi**2>/<phi>**2
1.2213675     0.0092016373

Time = 19000
Temperature
1.0138384     0.0060802201

Pressure
23.409687     0.078241454 

CM Mom
-5.7925219e-17 2.4026967e-17 
8.1309374e-17  2.7572485e-17 
-2.868163e-17  9.2210598e-18 
1.0607109e-16  3.0994695e-17 

CM Pos
7.498058       0.013818255   
7.5024521      0.010939757   
7.5055703      0.014412732   
12.993903      0.015447552   

Stress
20.4209      0.0409486    0.0148175     0.125597     0.0512574    0.059626    
0.0409486    20.3617      0.0015345     0.0512574    0.095355     0.0545276   
0.0148175    0.0015345    20.3319       0.059626     0.0545276    0.100816    

Stress Spherical
0            0            0             0            0            0           
0            0            0             0            0            0           
0            0            0             0            0            0           

Inertia
150.108      -56.248      -56.2762      0.31538      0.134422     0.194563    
-56.248      150.043      -56.2985      0.134422     0.358486     0.118193    
-56.2762     -56.2985     150.005       0.194563     0.118193     0.278191    

Bond Length
0.61838815    0.0028753471

BB bond length
0.61838815    0.0028753471

Water EE distance
0             0           

PEG EE distance
7.399227      0.12541048  

BBB P2(x)
0.5062696     0.0069591329

BBB first bond length
0.61793512    0.0022195093

BBB second bond length
0.61825208    0.0028722862

BBB <phi**2>/<phi>**2
1.2300651     0.010090502 

Time = 20000
Temperature
1.0119241     0.0071418082

Pressure
23.41583      0.068871808 

CM Mom
-8.4321076e-17 2.6130214e-17 
8.8832249e-17  1.4001481e-17 
-1.7960443e-17 1.1262871e-17 
1.269677e-16   1.4445591e-17 

CM Pos
7.5048802      0.01226671    
7.4929603      0.013818255   
7.5058669      0.019851295   
12.992545      0.015277543   

Stress
20.4069      -0.00241995  -0.0200237    0.0798415    0.058332     0.0418293   
-0.00241995  20.3518      0.000203808   0.058332     0.102215     0.0934454   
-0.0200237   0.000203808  20.3914       0.0418293    0.0934454    0.107674    

Stress Spherical
0            0            0             0            0            0           
0            0            0             0            0            0           
0            0            0             0            0            0           

Inertia
149.955      -56.2559     -56.3091      0.502124     0.0918463    0.119549    
-56.2559     150.16       -56.2321      0.0918463    0.33055      0.243596    
-56.3091     -56.2321     149.977       0.119549     0.243596     0.185075    

Bond Length
0.619745      0.0012835953

BB bond length
0.619745      0.0012835953

Water EE distance
0             0           

PEG EE distance
7.4558871     0.089527922 

BBB P2(x)
0.51811558    0.011440725 

BBB first bond length
0.61982668    0.0013664772

BBB second bond length
0.61948669    0.0014822039

BBB <phi**2>/<phi>**2
1.234281      0.012870063 

Time = 21000
Temperature
1.0096937     0.0047673694

Pressure
23.401473     0.075300166 

CM Mom
-8.3748347e-17 2.2294854e-17 
1.275066e-16   1.3545582e-17 
-2.8927998e-17 1.8344474e-17 
1.5752149e-16  1.7680263e-17 

CM Pos
7.5063633      0.01598785    
7.5036386      0.014893825   
7.5000829      0.017913526   
12.996226      0.015365316   

Stress
20.3212      0.0414158    -0.0300644    0.140444     0.0838844    0.0642896   
0.0414158    20.4284      -0.0114692    0.0838844    0.0950408    0.053939    
-0.0300644   -0.0114692   20.3774       0.0642896    0.053939     0.0925604   

Stress Spherical
0            0            0             0            0            0           
0            0            0             0            0            0           
0            0            0             0            0            0           

Inertia
150.049      -56.3398     -56.303       0.335579     0.217403     0.159879    
-56.3398     150.099      -56.2587      0.217403     0.283934     0.182766    
-56.303      -56.2587     150.147       0.159879     0.182766     0.414814    

Bond Length
0.61985863    0.0022138617

BB bond length
0.61985863    0.0022138617

Water EE distance
0             0           

PEG EE distance
7.1944052     0.21437241  

BBB P2(x)
0.51588782    0.015601184 

BBB first bond length
0.61985942    0.0021679165

BBB second bond length
0.61985444    0.0022152639

BBB <phi**2>/<phi>**2
1.2264895     0.0062513976

Time = 22000
Temperature
1.0061693     0.0089386009

Pressure
23.34681      0.10192301  

CM Mom
-1.111591e-16  1.3642367e-17 
1.4842317e-16  1.5032762e-17 
-4.5584842e-17 1.9598718e-17 
1.9227633e-16  1.7023062e-17 

CM Pos
7.4974648      0.0091436005  
7.4957782      0.011879564   
7.4988964      0.011400537   
12.985851      0.011958074   

Stress
20.3265      0.0271414    0.00672211    0.0925289    0.0807329    0.068893    
0.0271414    20.3372      -0.00223058   0.0807329    0.142845     0.0663336   
0.00672211   -0.00223058  20.331        0.068893     0.0663336    0.141986    

Stress Spherical
0            0            0             0            0            0           
0            0            0             0            0            0           
0            0            0             0            0            0           

Inertia
149.913      -56.2417     -56.1811      0.296639     0.128679     0.151864    
-56.2417     149.963      -56.1851      0.128679     0.238709     0.137644    
-56.1811     -56.1851     149.912       0.151864     0.137644     0.165593    

Bond Length
0.61935716    0.0036831845

BB bond length
0.61935716    0.0036831845

Water EE distance
0             0           

PEG EE distance
7.1365619     0.11783892  

BBB P2(x)
0.49571005    0.01232349  

BBB first bond length
0.61941862    0.0038492722

BBB second bond length
0.61942141    0.003603466 

BBB <phi**2>/<phi>**2
1.2218898     0.0058282785

Time = 23000
Temperature
1.0084452     0.0090862071

Pressure
23.387804     0.090555084 

CM Mom
-1.2373652e-16 2.3175812e-17 
1.4066045e-16  1.3726619e-17 
-3.5016373e-17 2.3340571e-17 
1.9365325e-16  9.5380687e-18 

CM Pos
7.5051768      0.017042665   
7.5036386      0.014104984   
7.5101679      0.013561178   
13.001364      0.010143787   

Stress
20.3198      -0.0486015   -0.00702726   0.0366617    0.0473087    0.0544556   
-0.0486015   20.4063      -0.00166994   0.0473087    0.117294     0.0599639   
-0.00702726  -0.00166994  20.3712       0.0544556    0.0599639    0.127429    

Stress Spherical
0            0            0             0            0            0           
0            0            0             0            0            0           
0            0            0             0            0            0           

Inertia
150.193      -56.3355     -56.3648      0.169492     0.138957     0.159891    
-56.3355     150.211      -56.3184      0.138957     0.366409     0.153401    
-56.3648     -56.3184     150.119       0.159891     0.153401     0.225545    

Bond Length
0.619207      0.0031498392

BB bond length
0.619207      0.0031498392

Water EE distance
0             0           

PEG EE distance
7.1980143     0.12944413  

BBB P2(x)
0.51241407    0.017936413 

BBB first bond length
0.61906164    0.0028652037

BBB second bond length
0.61905688    0.0033530057

BBB <phi**2>/<phi>**2
1.2276958     0.01093021  

Time = 24000
Temperature
1.0130863     0.0056003198

Pressure
23.34596      0.062895381 

CM Mom
-1.2087561e-16 1.6815007e-17 
1.3843018e-16  1.4747907e-17 
-3.9763416e-17 1.4672036e-17 
1.89324e-16    1.5063062e-17 

CM Pos
7.498058       0.010919632   
7.5034903      0.018913939   
7.492964       0.011742686   
12.987233      0.011613665   

Stress
20.2933      0.0550465    -0.0478735    0.0932617    0.0807697    0.0697868   
0.0550465    20.317       0.0246675     0.0807697    0.119871     0.0871353   
-0.0478735   0.0246675    20.3198       0.0697868    0.0871353    0.0697975   

Stress Spherical
0            0            0             0            0            0           
0            0            0             0            0            0           
0            0            0             0            0            0           

Inertia
149.954      -56.248      -56.1718      0.248132     0.185619     0.0783601   
-56.248      149.862      -56.1999      0.185619     0.101715     0.160086    
-56.1718     -56.1999     150.011       0.0783601    0.160086     0.347347    

Bond Length
0.62155689    0.0027741037

BB bond length
0.62155689    0.0027741037

Water EE distance
0             0           

PEG EE distance
7.3022299     0.22355465  

BBB P2(x)
0.50516891    0.016914164 

BBB first bond length
0.62164106    0.002868903 

BBB second bond length
0.62156252    0.0028595545

BBB <phi**2>/<phi>**2
1.2213637     0.010127491 

Time = 25000
Temperature
1.009689      0.0077856634

Pressure
23.380531     0.045765938 

CM Mom
-1.2352356e-16 1.3897591e-17 
1.2938458e-16  9.8978974e-18 
-2.821826e-17  3.2903538e-17 
1.8458351e-16  9.8686529e-18 

CM Pos
7.5011725      0.016392033   
7.5030453      0.012868768   
7.5070534      0.011357044   
12.9969        0.01658564    

Stress
20.3993      0.0113071    -0.000704034  0.0867527    0.0900431    0.0530188   
0.0113071    20.3268      -0.00866192   0.0900431    0.109572     0.0427983   
-0.000704034 -0.00866192  20.3382       0.0530188    0.0427983    0.108033    

Stress Spherical
0            0            0             0            0            0           
0            0            0             0            0            0           
0            0            0             0            0            0           

Inertia
150.155      -56.2789     -56.3211      0.259002     0.177903     0.223865    
-56.2789     150.118      -56.3321      0.177903     0.382522     0.174965    
-56.3211     -56.3321     150.065       0.223865     0.174965     0.294877    

Bond Length
0.61895155    0.0035984874

BB bond length
0.61895155    0.0035984874

Water EE distance
0             0           

PEG EE distance
7.0484271     0.096484981 

BBB P2(x)
0.51999953    0.012923062 

BBB first bond length
0.6192217     0.0035097628

BBB second bond length
0.6187568     0.0033279859

BBB <phi**2>/<phi>**2
1.2242125     0.010981908 

Time = 26000
Temperature
1.0140631     0.0079962572

Pressure
23.393702     0.10066938  

CM Mom
-1.2784936e-16 2.8367777e-17 
1.3309065e-16  1.4200987e-17 
-5.9846142e-17 1.274404e-17  
1.9595658e-16  2.0247627e-17 

CM Pos
7.5025073      0.0098164608  
7.507198       0.0098923509  
7.5020109      0.0061077497  
12.997152      0.0090625658  

Stress
20.3801      0.033968     0.0045715     0.132778     0.0433903    0.0810537   
0.033968     20.3195      -0.00994978   0.0433903    0.0966894    0.0729788   
0.0045715    -0.00994978  20.3649       0.0810537    0.0729788    0.133348    

Stress Spherical
0            0            0             0            0            0           
0            0            0             0            0            0           
0            0            0             0            0            0           

Inertia
150.129      -56.3088     -56.2985      0.178175     0.11468      0.145387    
-56.3088     150.063      -56.2933      0.11468      0.216658     0.11216     
-56.2985     -56.2933     150.136       0.145387     0.11216      0.219131    

Bond Length
0.62070611    0.0025050948

BB bond length
0.62070611    0.0025050948

Water EE distance
0             0           

PEG EE distance
7.0746591     0.24773301  

BBB P2(x)
0.50925413    0.011499033 

BBB first bond length
0.62089941    0.0025974624

BBB second bond length
0.62079627    0.0027063572

BBB <phi**2>/<phi>**2
1.2209845     0.010565839 

Time = 27000
Temperature
1.0107596     0.010387178 

Pressure
23.411821     0.094456749 

CM Mom
-1.3186945e-16 1.568269e-17  
1.4817935e-16  1.408928e-17  
-4.3669065e-17 1.1373152e-17 
2.0436811e-16  7.8188082e-18 

CM Pos
7.5029522      0.01424078    
7.5026004      0.010010601   
7.4926674      0.0084536286  
12.989368      0.0071578777  

Stress
20.386       0.0311188    0.00209094    0.0701934    0.0898849    0.0551062   
0.0311188    20.3917      0.0128361     0.0898849    0.117259     0.0815504   
0.00209094   0.0128361    20.3708       0.0551062    0.0815504    0.095802    

Stress Spherical
0            0            0             0            0            0           
0            0            0             0            0            0           
0            0            0             0            0            0           

Inertia
149.915      -56.3118     -56.2362      0.156956     0.122908     0.155596    
-56.3118     149.927      -56.1943      0.122908     0.230344     0.118127    
-56.2362     -56.1943     150.065       0.155596     0.118127     0.112982    

Bond Length
0.61831859    0.0033330665

BB bond length
0.61831859    0.0033330665

Water EE distance
0             0           

PEG EE distance
7.0435295     0.18648433  

BBB P2(x)
0.51314054    0.010111162 

BBB first bond length
0.61802037    0.0036935554

BBB second bond length
0.61812782    0.0033199658

BBB <phi**2>/<phi>**2
1.2254205     0.0042940268

Time = 28000
Temperature
1.0180084     0.0045136922

Pressure
23.425091     0.085914437 

CM Mom
-1.2378866e-16 1.3619084e-17 
1.4931108e-16  1.2528966e-17 
-2.5512407e-17 2.229252e-17  
1.9738648e-16  1.2095566e-17 

CM Pos
7.4940536      0.016000914   
7.497113       0.0093434843  
7.501121       0.010041316   
12.985938      0.014801316   

Stress
20.3442      -0.0122413   -0.00950972   0.126631     0.074095     0.0620085   
-0.0122413   20.3994      -0.0177739    0.074095     0.0732778    0.0631742   
-0.00950972  -0.0177739   20.3796       0.0620085    0.0631742    0.0995945   

Stress Spherical
0            0            0             0            0            0           
