Time = 500
Temperature
   1.0361692   0.038831008

Pressure
   23.359162    0.10463948

CM Mom
2.0701536e-17  1.075545e-17  
-3.1905752e-17 1.8629372e-17 
2.5262947e-17  3.0834563e-17 
5.6172283e-17  1.8518242e-17 

CM Pos
7.4994258      0.0099434779  
7.5086865      0.01570805    
7.5160788      0.018941671   
13.004363      0.021343592   

Stress
20.2449      0.00958904   0.0208459     0.0845015    0.0690941    0.093887    
0.00958904   20.2569      -0.0141077    0.0690941    0.136368     0.0626767   
0.0208459    -0.0141077   20.2511       0.093887     0.0626767    0.103343    

Stress Spherical
0            0            0             0            0            0           
0            0            0             0            0            0           
0            0            0             0            0            0           

Inertia
150.229      -56.2877     -56.3954      0.685524     0.207335     0.183795    
-56.2877     150.092      -56.3911      0.207335     0.548633     0.253289    
-56.3954     -56.3911     149.937       0.183795     0.253289     0.401661    

Bond Length
0.61506347    0.005785884 

BB bond length
0.61506347    0.005785884 

Water EE distance
0             0           

PEG EE distance
3.3406793     0.39799119  

Time = 1000
Temperature
1.0086096     0.0059882134

Pressure
23.329145     0.07478298  

CM Mom
7.0578777e-18  2.1489759e-17 
-4.1903133e-17 9.8494939e-18 
-6.1849643e-19 6.9682234e-17 
7.6519137e-17  3.6950323e-17 

CM Pos
7.5053523      0.0054317373  
7.5069085      0.011643747   
7.4947434      0.0082227007  
12.994436      0.0045102454  

Stress
20.2836      -0.0349224   -0.0521942    0.129608     0.0754888    0.0718141   
-0.0349224   20.286       0.0659992     0.0754888    0.0756275    0.0433813   
-0.0521942   0.0659992    20.3413       0.0718141    0.0433813    0.110465    

Stress Spherical
0            0            0             0            0            0           
0            0            0             0            0            0           
0            0            0             0            0            0           

Inertia
149.868      -56.4316     -56.283       0.181057     0.104029     0.106324    
-56.4316     149.877      -56.251       0.104029     0.159821     0.0965125   
-56.283      -56.251      149.989       0.106324     0.0965125    0.134387    

Bond Length
0.61604446    0.0054697265

BB bond length
0.61604446    0.0054697265

Water EE distance
0             0           

PEG EE distance
3.8429706     0.33694142  

