Time = 500
Temperature
   1.0410937    0.04162058

Pressure
   22.849597    0.19709558

CM Mom
-3.4167465e-17 3.8826519e-17 
-5.0684667e-17 1.7711543e-17 
-1.3806423e-17 9.6361716e-18 
6.8870844e-17  3.3133495e-17 

CM Pos
7.4921891      0.018070541   
7.4832712      0.013801072   
7.5091743      0.022014169   
12.981546      0.020052008   

Stress
19.7567      -0.0097488   0.0680497     0.121341     0.0873796    0.0417381   
-0.0097488   19.7593      0.00114287    0.0873796    0.0859353    0.0391117   
0.0680497    0.00114287   19.675        0.0417381    0.0391117    0.122786    

Stress Spherical
0            0            0             0            0            0           
0            0            0             0            0            0           
0            0            0             0            0            0           

Inertia
149.558      -55.9984     -56.2647      0.435691     0.122999     0.27751     
-55.9984     149.655      -56.1964      0.122999     0.48982      0.152455    
-56.2647     -56.1964     149.345       0.27751      0.152455     0.242012    

Bond Length
0.61326071    0.002740226 

BB bond length
0.61326071    0.002740226 

Water EE distance
0             0           

PEG EE distance
3.3934078     0.088542376 

Time = 1000
Temperature
1.0142486     0.010946814 

Pressure
22.788324     0.071601375 

CM Mom
7.9885114e-18  3.2397386e-17 
-5.7380645e-17 8.419394e-18  
1.1303151e-18  2.7803477e-17 
7.1568988e-17  1.1358804e-17 

CM Pos
7.488629       0.013187961   
7.4844579      0.014153711   
7.4892969      0.012196284   
12.968675      0.015244839   

Stress
19.7434      0.00382612   0.0222266     0.0992569    0.0349864    0.0918469   
0.00382612   19.7318      -0.00977048   0.0349864    0.122078     0.0804526   
0.0222266    -0.00977048  19.7732       0.0918469    0.0804526    0.0829918   

Stress Spherical
0            0            0             0            0            0           
0            0            0             0            0            0           
0            0            0             0            0            0           

Inertia
149.286      -56.0502     -56.044       0.310814     0.195376     0.122343    
-56.0502     149.31       -56.0679      0.195376     0.389138     0.0802915   
-56.044      -56.0679     149.346       0.122343     0.0802915    0.305485    

Bond Length
0.61215774    0.0015297738

BB bond length
0.61215774    0.0015297738

Water EE distance
0             0           

PEG EE distance
3.6275853     0.25971277  

