Time = 1000
Temperature
   1.1029159     0.1406152

Pressure
   23.823698    0.68848346

CM Mom
4.7789935e-17  1.6180196e-17 
6.1450548e-19  2.1314126e-17 
-5.6253576e-17 1.8557618e-16 
1.6081053e-16  1.21422e-16   

CM Pos
7.4999986      0.013112276   
7.5055572      0.016664195   
7.5038894      0.010772248   
12.99585       0.013462293   

Stress
20.4849      0.0112229    0.00511954    0.338382     0.0643122    0.0827993   
0.0112229    20.5127      -0.0145588    0.0643122    0.291924     0.0924875   
0.00511954   -0.0145588   20.5502       0.0827993    0.0924875    0.276742    

Stress Spherical
0            0            0             0            0            0           
0            0            0             0            0            0           
0            0            0             0            0            0           

Inertia
150.226      -56.2925     -56.2635      1.2627       0.15242      0.160548    
-56.2925     150.162      -56.3536      0.15242      1.25021      0.179423    
-56.2635     -56.3536     150.16        0.160548     0.179423     1.41359     

Bond Length
0.61870349    0.0068247397

BB bond length
0.61870349    0.0068247397

Water EE distance
0             0           

PEG EE distance
6.9070289     0.1728045   

BBB P2(x)
0.47793986    0.058020925 

BBB first bond length
0.6185902     0.0070940421

BBB second bond length
0.61869794    0.0070697341

BBB <phi**2>/<phi>**2
1.2186172     0.011884249 

Time = 2000
Temperature
1.009667      0.0078507052

Pressure
23.273706     0.089576692 

CM Mom
1.1908409e-17  2.059791e-17  
3.1444254e-17  2.2759635e-17 
-3.1002501e-17 4.56945e-17   
6.4733468e-17  3.0521249e-17 

CM Pos
7.4988131      0.0060396218  
7.501556       0.011164676   
7.4984063      0.010687309   
12.989681      0.0093800689  

Stress
20.2533      -0.00266376  0.0221295     0.12879      0.0765917    0.0849224   
-0.00266376  20.2294      -0.0172745    0.0765917    0.163976     0.0719837   
0.0221295    -0.0172745   20.2541       0.0849224    0.0719837    0.138285    

Stress Spherical
0            0            0             0            0            0           
0            0            0             0            0            0           
0            0            0             0            0            0           

Inertia
149.88       -56.2511     -56.2024      0.404008     0.102772     0.123764    
-56.2511     149.829      -56.2724      0.102772     0.282192     0.138056    
-56.2024     -56.2724     149.883       0.123764     0.138056     0.385008    

Bond Length
0.61880949    0.0023891261

BB bond length
0.61880949    0.0023891261

Water EE distance
0             0           

PEG EE distance
7.1134592     0.24977652  

BBB P2(x)
0.51491338    0.0098530371

BBB first bond length
0.61879441    0.0024959716

BBB second bond length
0.61857035    0.0025145328

BBB <phi**2>/<phi>**2
1.2280157     0.0094741851

Time = 3000
Temperature
1.0103019     0.0046056466

Pressure
23.226504     0.12056933  

CM Mom
2.4040642e-17  2.0509066e-17 
3.9410888e-17  2.1025128e-17 
-1.573337e-17  7.8358602e-18 
5.4583669e-17  1.7983635e-17 

CM Pos
7.500295       0.015557343   
7.5012596      0.015260185   
7.5055195      0.013175766   
12.994486      0.01070928    

Stress
20.1617      0.0132684    0.0357543     0.1271       0.0862178    0.075129    
0.0132684    20.1937      -0.030793     0.0862178    0.150868     0.0464824   
0.0357543    -0.030793    20.2341       0.075129     0.0464824    0.127624    

Stress Spherical
0            0            0             0            0            0           
0            0            0             0            0            0           
0            0            0             0            0            0           

Inertia
150.052      -56.2562     -56.3175      0.197636     0.16465      0.139868    
-56.2562     150.042      -56.2825      0.16465      0.227941     0.103726    
-56.3175     -56.2825     149.977       0.139868     0.103726     0.370996    

Bond Length
0.61865361    0.0020014032

BB bond length
0.61865361    0.0020014032

Water EE distance
0             0           

PEG EE distance
7.4230725     0.067422896 

BBB P2(x)
0.51756266    0.010473923 

BBB first bond length
0.61878019    0.0019908969

BBB second bond length
0.61873958    0.0018779037

BBB <phi**2>/<phi>**2
1.2261851     0.0083190335

Time = 4000
Temperature
1.0075694     0.008709736 

Pressure
23.230016     0.055434518 

CM Mom
4.0545914e-17  1.4972074e-17 
3.70365e-17    2.3281051e-17 
-3.2226302e-17 1.2208889e-17 
6.9034574e-17  1.4271051e-17 

CM Pos
7.5020733      0.014093836   
7.497703       0.0087621491  
7.5055195      0.013456133   
12.99345       0.013719559   

Stress
20.2251      -0.028149    0.0130954     0.125406     0.0632868    0.0491462   
-0.028149    20.2085      -0.0206089    0.0632868    0.0807421    0.0636858   
0.0130954    -0.0206089   20.191        0.0491462    0.0636858    0.0803171   

Stress Spherical
0            0            0             0            0            0           
0            0            0             0            0            0           
0            0            0             0            0            0           

Inertia
150.02       -56.2382     -56.3314      0.249266     0.156837     0.148794    
-56.2382     150.049      -56.2942      0.156837     0.233251     0.167004    
-56.3314     -56.2942     149.949       0.148794     0.167004     0.269084    

Bond Length
0.61954728    0.003128234 

BB bond length
0.61954728    0.003128234 

Water EE distance
0             0           

PEG EE distance
7.4867185     0.16588395  

BBB P2(x)
0.52407144    0.0081613547

BBB first bond length
0.61946835    0.0031691608

BBB second bond length
0.61918952    0.0032685591

BBB <phi**2>/<phi>**2
1.2321505     0.0053324041

Time = 5000
Temperature
1.0131587     0.0072558589

Pressure
23.282595     0.083930161 

CM Mom
3.0304087e-17  1.721504e-17  
4.8262674e-17  2.1257179e-17 
-2.5271778e-17 2.5581178e-17 
7.0923118e-17  1.6087866e-17 

CM Pos
7.4986649      0.010002689   
7.4974066      0.022967379   
7.4923304      0.0089946597  
12.983709      0.01021148    

Stress
20.1962      -0.0406896   -0.0117312    0.118919     0.0676391    0.0799632   
-0.0406896   20.326       -0.0475054    0.0676391    0.0655389    0.0902817   
-0.0117312   -0.0475054   20.2098       0.0799632    0.0902817    0.143663    

Stress Spherical
0            0            0             0            0            0           
0            0            0             0            0            0           
0            0            0             0            0            0           

Inertia
149.808      -56.2494     -56.1614      0.321826     0.210292     0.120848    
-56.2494     149.819      -56.1663      0.210292     0.213202     0.182758    
-56.1614     -56.1663     149.895       0.120848     0.182758     0.33864     

Bond Length
0.61885091    0.0018374732

BB bond length
0.61885091    0.0018374732

Water EE distance
0             0           

PEG EE distance
7.6620081     0.071541974 

BBB P2(x)
0.51796656    0.0069408389

BBB first bond length
0.61888577    0.0018685096

BBB second bond length
0.61888279    0.0019109382

BBB <phi**2>/<phi>**2
1.223709      0.012283609 

Time = 6000
Temperature
1.0114135     0.0054962152

Pressure
23.252379     0.095416026 

CM Mom
3.3966852e-17  2.3281645e-17 
7.1017475e-17  2.1802544e-17 
-3.2156721e-17 1.4948995e-17 
8.9665487e-17  2.0790436e-17 

CM Pos
7.4982203      0.014811053   
7.4982958      0.01089388    
7.5013701      0.013566657   
12.989175      0.012804802   

Stress
20.2481      0.0199906    0.00601058    0.0984593    0.0784097    0.0508853   
0.0199906    20.1741      0.0107261     0.0784097    0.169261     0.089911    
0.00601058   0.0107261    20.2349       0.0508853    0.089911     0.122776    

Stress Spherical
0            0            0             0            0            0           
0            0            0             0            0            0           
0            0            0             0            0            0           

Inertia
149.971      -56.2264     -56.2575      0.26136      0.133008     0.123135    
-56.2264     149.976      -56.2675      0.133008     0.30344      0.13076     
-56.2575     -56.2675     149.933       0.123135     0.13076      0.242966    

Bond Length
0.61819629    0.001538528 

BB bond length
0.61819629    0.001538528 

Water EE distance
0             0           

PEG EE distance
7.4945117     0.13377031  

BBB P2(x)
0.5159276     0.0088232313

BBB first bond length
0.61842774    0.0017573726

BBB second bond length
0.61811736    0.0016529859

BBB <phi**2>/<phi>**2
1.2279056     0.008630418 

Time = 7000
Temperature
1.0114452     0.0045065906

Pressure
23.277063     0.10621413  

CM Mom
3.4922338e-17  3.0870274e-17 
6.6789699e-17  1.6759853e-17 
1.3282203e-17  4.035027e-17  
8.7969613e-17  3.130828e-17  

CM Pos
7.4968866      0.011030109   
7.5039271      0.011691217   
7.492775       0.012755713   
12.986695      0.008509829   

Stress
20.3516      -0.0239252   0.0163773     0.133151     0.0626216    0.0581354   
-0.0239252   20.2242      -0.0682919    0.0626216    0.133221     0.0762724   
0.0163773    -0.0682919   20.1551       0.0581354    0.0762724    0.164878    

Stress Spherical
0            0            0             0            0            0           
0            0            0             0            0            0           
0            0            0             0            0            0           

Inertia
149.924      -56.2519     -56.1929      0.231967     0.143932     0.13221     
-56.2519     149.833      -56.2388      0.143932     0.197993     0.0999609   
-56.1929     -56.2388     149.988       0.13221      0.0999609    0.199282    

Bond Length
0.61787936    0.0021791303

BB bond length
0.61787936    0.0021791303

Water EE distance
0             0           

PEG EE distance
7.1458466     0.26613237  

BBB P2(x)
0.51938334    0.0081244513

BBB first bond length
0.61786071    0.0021943353

BBB second bond length
0.61791155    0.0021642901

BBB <phi**2>/<phi>**2
1.2277658     0.010180172 

Time = 8000
Temperature
1.0132941     0.0099876247

Pressure
23.286545     0.068853698 

CM Mom
5.4891984e-17  1.1009087e-17 
5.675305e-17   2.1427198e-17 
6.766251e-17   3.2848094e-17 
1.0960909e-16  2.1387455e-17 

CM Pos
7.5039998      0.014195531   
7.4999259      0.019036191   
7.4987027      0.01500257    
12.991911      0.021790638   

Stress
20.2205      -0.0427767   -0.00176244   0.102179     0.0561269    0.0536672   
-0.0427767   20.2465      -0.0183185    0.0561269    0.113475     0.0660562   
-0.00176244  -0.0183185   20.2757       0.0536672    0.0660562    0.0871698   

Stress Spherical
0            0            0             0            0            0           
0            0            0             0            0            0           
0            0            0             0            0            0           

Inertia
149.953      -56.2944     -56.2376      0.402715     0.274792     0.166688    
-56.2944     150.032      -56.261       0.274792     0.335727     0.199224    
-56.2376     -56.261      150.066       0.166688     0.199224     0.439748    

Bond Length
0.6191463     0.0024953339

BB bond length
0.6191463     0.0024953339

Water EE distance
0             0           

PEG EE distance
6.9434542     0.10783669  

BBB P2(x)
0.517895      0.0087541675

BBB first bond length
0.61906217    0.0023896625

BBB second bond length
0.61923003    0.0028503213

BBB <phi**2>/<phi>**2
1.227798      0.0086961077

Time = 9000
Temperature
1.009712      0.005948459 

Pressure
23.268856     0.1098588   

CM Mom
4.1871104e-17  2.3351702e-17 
5.8478108e-17  1.8811634e-17 
5.377348e-17   2.1089327e-17 
9.6215841e-17  1.2284822e-17 

CM Pos
7.5008878      0.021072994   
7.5085211      0.013075377   
7.4969244      0.012522886   
12.994057      0.018209207   

Stress
20.2592      -0.0299369   -0.0263345    0.102023     0.0697709    0.0680318   
-0.0299369   20.26        -0.0117755    0.0697709    0.170302     0.0468645   
-0.0263345   -0.0117755   20.2026       0.0680318    0.0468645    0.128379    

Stress Spherical
0            0            0             0            0            0           
0            0            0             0            0            0           
0            0            0             0            0            0           

Inertia
150.058      -56.2935     -56.231       0.199354     0.153053     0.271006    
-56.2935     149.974      -56.2918      0.153053     0.453182     0.0828362   
-56.231      -56.2918     150.155       0.271006     0.0828362    0.401799    

Bond Length
0.61893547    0.0024781044

BB bond length
0.61893547    0.0024781044

Water EE distance
0             0           

PEG EE distance
6.8331869     0.13417774  

BBB P2(x)
0.51586993    0.010855831 

BBB first bond length
0.61883173    0.0022852039

BBB second bond length
0.61887958    0.0025756834

BBB <phi**2>/<phi>**2
1.2269219     0.010411707 

Time = 10000
Temperature
1.0124514     0.0076290892

Pressure
23.244753     0.048323075 

CM Mom
2.2899858e-17  1.5327998e-17 
5.9645147e-17  1.3807637e-17 
5.7595699e-17  1.1063358e-17 
8.8465296e-17  1.100451e-17  

CM Pos
7.5075564      0.011006191   
7.5002223      0.012477208   
7.5013701      0.013038375   
12.995677      0.010910466   

Stress
20.2438      -0.00365931  0.034271      0.0576355    0.0576996    0.0565328   
-0.00365931  20.1698      -0.0437801    0.0576996    0.125344     0.0675636   
0.034271     -0.0437801   20.2113       0.0565328    0.0675636    0.124435    

Stress Spherical
0            0            0             0            0            0           
0            0            0             0            0            0           
0            0            0             0            0            0           

Inertia
150.022      -56.3349     -56.2979      0.227783     0.142427     0.168076    
-56.3349     150.137      -56.2295      0.142427     0.29488      0.129824    
-56.2979     -56.2295     150.119       0.168076     0.129824     0.206826    

Bond Length
0.61826207    0.0022970261

BB bond length
0.61826207    0.0022970261

Water EE distance
0             0           

PEG EE distance
7.2466266     0.19553912  

BBB P2(x)
0.51255749    0.014049413 

BBB first bond length
0.61827168    0.0024275998

BBB second bond length
0.6181905     0.0024046869

BBB <phi**2>/<phi>**2
1.2302992     0.0075053952

Time = 11000
Temperature
1.0099235     0.0068027892

Pressure
23.277984     0.087708474 

CM Mom
-7.7667351e-18 1.3622245e-17 
9.1055947e-17  2.3256149e-17 
6.3050017e-17  2.0529636e-17 
1.1474106e-16  1.758354e-17  

CM Pos
7.4997022      0.01344307    
7.498444       0.01455077    
7.5025557      0.0098800879  
12.990796      0.015406698   

Stress
20.2901      -0.0287588   -0.0156845    0.120314     0.0324883    0.0696087   
-0.0287588   20.2121      0.00634167    0.0324883    0.101318     0.0792142   
-0.0156845   0.00634167   20.2452       0.0696087    0.0792142    0.153143    

Stress Spherical
0            0            0             0            0            0           
0            0            0             0            0            0           
0            0            0             0            0            0           

Inertia
149.99       -56.216      -56.2771      0.31174      0.158875     0.143628    
-56.216      150.041      -56.2665      0.158875     0.3314       0.147974    
-56.2771     -56.2665     149.966       0.143628     0.147974     0.334019    

Bond Length
0.61847414    0.0023073135

BB bond length
0.61847414    0.0023073135

Water EE distance
0             0           

PEG EE distance
7.5110577     0.138186    

BBB P2(x)
0.504256      0.0089098828

BBB first bond length
0.6186355     0.0022147351

BBB second bond length
0.618493      0.0024554651

BBB <phi**2>/<phi>**2
1.2254748     0.0071668466

Time = 12000
Temperature
1.0127403     0.009289273 

Pressure
23.226144     0.10063131  

CM Mom
-2.5831167e-17 1.6698817e-17 
9.2084236e-17  1.1767771e-17 
9.7858559e-17  3.5357427e-17 
1.4018089e-16  2.7200179e-17 

CM Pos
7.5068155      0.016792848   
7.4997777      0.016989817   
7.4991473      0.0096677572  
12.993706      0.020578632   

Stress
20.2095      -0.044297    0.0412871     0.108292     0.0713956    0.0466944   
-0.044297    20.1573      0.018622      0.0713956    0.153695     0.0534586   
0.0412871    0.018622     20.1997       0.0466944    0.0534586    0.155335    

Stress Spherical
0            0            0             0            0            0           
0            0            0             0            0            0           
0            0            0             0            0            0           

Inertia
149.974      -56.2696     -56.2988      0.339166     0.257554     0.16968     
-56.2696     150.093      -56.2047      0.257554     0.348452     0.209277    
-56.2988     -56.2047     150.088       0.16968      0.209277     0.400612    

Bond Length
0.618227      0.0026094689

BB bond length
0.618227      0.0026094689

Water EE distance
0             0           

PEG EE distance
7.3739031     0.25090219  

BBB P2(x)
0.50651423    0.012153405 

BBB first bond length
0.6182458     0.0027048699

BBB second bond length
0.61789976    0.0027073037

BBB <phi**2>/<phi>**2
1.2266993     0.007736843 

Time = 13000
Temperature
1.0105729     0.0072116722

Pressure
23.273821     0.072923277 

CM Mom
-3.8976265e-17 1.518657e-17  
1.0129908e-16  2.6911392e-17 
1.1878821e-16  2.5824207e-17 
1.6461315e-16  2.0384979e-17 

CM Pos
7.49333        0.014155251   
7.4959247      0.014058733   
7.493516       0.011211784   
12.980449      0.011239308   

Stress
20.2578      -0.00930306  0.0107244     0.111951     0.0494466    0.0932037   
-0.00930306  20.2364      0.0299154     0.0494466    0.0680757    0.0695629   
0.0107244    0.0299154    20.2348       0.0932037    0.0695629    0.177752    

Stress Spherical
0            0            0             0            0            0           
0            0            0             0            0            0           
0            0            0             0            0            0           

Inertia
149.826      -56.1678     -56.143       0.227968     0.147569     0.160881    
-56.1678     149.793      -56.1752      0.147569     0.245247     0.128459    
-56.143      -56.1752     149.83        0.160881     0.128459     0.291144    

Bond Length
0.6181524     0.0019518441

BB bond length
0.6181524     0.0019518441

Water EE distance
0             0           

PEG EE distance
7.387248      0.065056402 

BBB P2(x)
0.50810001    0.013347317 

BBB first bond length
0.61819978    0.0019817395

BBB second bond length
0.61791633    0.0021724339

BBB <phi**2>/<phi>**2
1.2260102     0.0061481638

Time = 14000
Temperature
1.0100816     0.0068574569

Pressure
23.261881     0.11709888  

CM Mom
-3.83911e-17   1.300085e-17  
1.1255212e-16  1.8906499e-17 
1.4775649e-16  1.7661663e-17 
1.9121986e-16  1.572307e-17  

CM Pos
7.4983685      0.012661535   
7.4972585      0.017287732   
7.5030002      0.018411633   
12.989617      0.0091154481  

Stress
20.1908      0.00906996   -0.0147157    0.15997      0.0828481    0.0813947   
0.00906996   20.2873      -0.019798     0.0828481    0.122074     0.0510481   
-0.0147157   -0.019798    20.2195       0.0813947    0.0510481    0.126503    

Stress Spherical
0            0            0             0            0            0           
0            0            0             0            0            0           
0            0            0             0            0            0           

Inertia
149.975      -56.2316     -56.3023      0.232213     0.189936     0.134961    
-56.2316     150.027      -56.222       0.189936     0.242914     0.132421    
-56.3023     -56.222      149.927       0.134961     0.132421     0.362302    

Bond Length
0.62015797    0.002255831 

BB bond length
0.62015797    0.002255831 

Water EE distance
0             0           

PEG EE distance
7.0825777     0.24344067  

BBB P2(x)
0.51409575    0.01269008  

BBB first bond length
0.6202112     0.0024118568

BBB second bond length
0.62003383    0.0024866942

BBB <phi**2>/<phi>**2
1.2290414     0.0087473843

Time = 15000
Temperature
1.0088327     0.0081972848

Pressure
23.253208     0.070869758 

CM Mom
-3.8134713e-17 3.6230399e-17 
1.3805012e-16  2.0489925e-17 
1.5925413e-16  2.9715764e-17 
2.1755625e-16  3.4040441e-17 

CM Pos
7.4997022      0.013028265   
7.4950356      0.010587179   
7.4949979      0.015699968   
12.984472      0.010634856   

Stress
20.216       -0.0212312   -0.0196388    0.0940068    0.0604118    0.0496043   
-0.0212312   20.2217      -0.0435211    0.0604118    0.114685     0.0798837   
-0.0196388   -0.0435211   20.2451       0.0496043    0.0798837    0.108136    

Stress Spherical
0            0            0             0            0            0           
0            0            0             0            0            0           
0            0            0             0            0            0           

Inertia
149.827      -56.2219     -56.2412      0.220936     0.139588     0.153751    
-56.2219     149.913      -56.1906      0.139588     0.225021     0.135908    
-56.2412     -56.1906     149.914       0.153751     0.135908     0.271153    

Bond Length
0.61917968    0.0020611511

BB bond length
0.61917968    0.0020611511

Water EE distance
0             0           

PEG EE distance
6.9141425     0.1158151   

BBB P2(x)
0.51396909    0.0098056769

BBB first bond length
0.6193003     0.0018741169

BBB second bond length
0.61920278    0.001973608 

BBB <phi**2>/<phi>**2
1.2278841     0.0083657573

Time = 16000
Temperature
1.0056588     0.0082265438

Pressure
23.263848     0.091725673 

CM Mom
-1.9903835e-17 2.1210992e-17 
1.4347455e-16  1.2998884e-17 
1.5069534e-16  2.2085575e-17 
2.1085464e-16  1.8362078e-17 

CM Pos
7.503407       0.009400564   
7.4905898      0.011231355   
7.5030002      0.010845391   
12.98866       0.010976324   

Stress
20.2454      -0.0262862   0.0154019     0.0789157    0.0635593    0.0696666   
-0.0262862   20.235       0.0230169     0.0635593    0.179022     0.0606299   
0.0154019    0.0230169    20.2629       0.0696666    0.0606299    0.0983232   

Stress Spherical
0            0            0             0            0            0           
0            0            0             0            0            0           
0            0            0             0            0            0           

Inertia
149.881      -56.2523     -56.3298      0.209992     0.143195     0.179523    
-56.2523     150.091      -56.1921      0.143195     0.260299     0.125414    
-56.3298     -56.1921     149.888       0.179523     0.125414     0.24127     

Bond Length
0.61786832    0.0015751674

BB bond length
0.61786832    0.0015751674

Water EE distance
0             0           

PEG EE distance
6.5274505     0.15917711  

BBB P2(x)
0.50457362    0.0088243582

BBB first bond length
0.61817862    0.0016736407

BBB second bond length
0.61793596    0.0014783546

BBB <phi**2>/<phi>**2
1.2247932     0.0082481485

Time = 17000
Temperature
1.0117521     0.0077055341

Pressure
23.299653     0.0834877   

CM Mom
-5.5512522e-18 1.8595662e-17 
1.6460246e-16  2.3341947e-17 
1.2367286e-16  2.0451798e-17 
2.0823171e-16  1.9189644e-17 

CM Pos
7.4961456      0.012206744   
7.4935537      0.013536677   
7.5040376      0.018261327   
12.98678       0.018188717   

Stress
20.2677      0.0286865    -0.0288859    0.122092     0.0909984    0.0541526   
0.0286865    20.32        -0.0497514    0.0909984    0.142419     0.0560539   
-0.0288859   -0.0497514   20.2082       0.0541526    0.0560539    0.103207    

Stress Spherical
0            0            0             0            0            0           
0            0            0             0            0            0           
0            0            0             0            0            0           

Inertia
149.942      -56.1746     -56.2442      0.429269     0.170545     0.202253    
-56.1746     150.009      -56.205       0.170545     0.333343     0.201536    
-56.2442     -56.205      149.854       0.202253     0.201536     0.339979    

Bond Length
0.61719903    0.0030394248

BB bond length
0.61719903    0.0030394248

Water EE distance
0             0           

PEG EE distance
6.8963016     0.31983377  

BBB P2(x)
0.50627671    0.0081145224

BBB first bond length
0.61709543    0.0031339001

BBB second bond length
0.61696241    0.0030333376

BBB <phi**2>/<phi>**2
1.2271784     0.0075774411

Time = 18000
Temperature
1.0128906     0.010710918 

Pressure
23.262905     0.11042815  

CM Mom
-3.939992e-18  1.3165149e-17 
1.8601281e-16  2.1921236e-17 
9.2265215e-17  1.1501911e-17 
2.0843748e-16  2.1659482e-17 

CM Pos
7.5005914      0.0093548987  
7.5049644      0.0088531577  
7.5034448      0.0094297204  
12.995585      0.0080382169  

Stress
20.2167      0.037944     0.00435526    0.119866     0.0918705    0.0775737   
0.037944     20.2521      -0.00138069   0.0918705    0.113978     0.080489    
0.00435526   -0.00138069  20.2066       0.0775737    0.080489     0.139399    

Stress Spherical
0            0            0             0            0            0           
0            0            0             0            0            0           
0            0            0             0            0            0           

Inertia
150.102      -56.3101     -56.292       0.170421     0.165444     0.0979774   
-56.3101     150.06       -56.3081      0.165444     0.200429     0.0896582   
-56.292      -56.3081     150.077       0.0979774    0.0896582    0.227725    

Bond Length
0.61892753    0.0023036601

BB bond length
0.61892753    0.0023036601

Water EE distance
0             0           

PEG EE distance
7.236783      0.14055386  

BBB P2(x)
0.51313211    0.010742978 

BBB first bond length
0.6185967     0.0024845614

BBB second bond length
0.61890561    0.0022975605

BBB <phi**2>/<phi>**2
1.2209813     0.0092758255

Time = 19000
Temperature
1.0062512     0.0069504113

Pressure
23.265432     0.09458523  

CM Mom
3.0520302e-18  3.2349258e-17 
1.7563642e-16  2.3923455e-17 
1.1602555e-16  3.2132567e-17 
2.1405512e-16  3.3927963e-17 

CM Pos
7.4995541      0.0075505271  
7.5024452      0.012699636   
7.5062605      0.0075563419  
12.995155      0.012420164   

Stress
20.1903      0.0301058    -0.0232154    0.076903     0.0696403    0.0621861   
0.0301058    20.2598      0.022167      0.0696403    0.0655181    0.0453898   
-0.0232154   0.022167     20.2926       0.0621861    0.0453898    0.158393    

Stress Spherical
0            0            0             0            0            0           
0            0            0             0            0            0           
0            0            0             0            0            0           

Inertia
150.146      -56.2451     -56.3041      0.23591      0.122255     0.118601    
-56.2451     150.109      -56.3005      0.122255     0.242245     0.12393     
-56.3041     -56.3005     150.048       0.118601     0.12393      0.24219     

Bond Length
0.61936558    0.0023805638

BB bond length
0.61936558    0.0023805638

Water EE distance
0             0           

PEG EE distance
7.07245       0.18191277  

BBB P2(x)
0.51049227    0.0095475543

BBB first bond length
0.61919569    0.002549809 

BBB second bond length
0.61896508    0.0024450722

BBB <phi**2>/<phi>**2
1.2229999     0.0051238309

Time = 20000
Temperature
1.0109967     0.0048883389

Pressure
23.280698     0.072956492 

CM Mom
-1.8533058e-17 1.3808528e-17 
1.6770447e-16  1.9765314e-17 
1.1573927e-16  1.9443467e-17 
2.0603031e-16  1.9358358e-17 

CM Pos
7.4999986      0.014018843   
7.5020006      0.015911853   
7.5021111      0.011223531   
12.992767      0.015522604   

Stress
20.2565      0.000636232  0.0336124     0.104543     0.0614932    0.0627019   
0.000636232  20.188       0.0305305     0.0614932    0.118238     0.0517837   
0.0336124    0.0305305    20.3013       0.0627019    0.0517837    0.113047    

Stress Spherical
0            0            0             0            0            0           
0            0            0             0            0            0           
0            0            0             0            0            0           

Inertia
150.039      -56.2426     -56.2664      0.257177     0.172739     0.168443    
-56.2426     150.034      -56.2829      0.172739     0.36032      0.129494    
-56.2664     -56.2829     150.01        0.168443     0.129494     0.321369    

Bond Length
0.61918299    0.001160108 

BB bond length
0.61918299    0.001160108 

Water EE distance
0             0           

PEG EE distance
7.2210021     0.15746021  

BBB P2(x)
0.5074771     0.0099020811

BBB first bond length
0.61913748    0.0014012095

BBB second bond length
0.61912303    0.0012465368

BBB <phi**2>/<phi>**2
1.2167755     0.0098564899

Time = 21000
Temperature
1.0079483     0.0084754322

Pressure
23.162        0.10119322  

CM Mom
-7.8558534e-18 2.3957812e-17 
1.7859515e-16  1.7856753e-17 
8.3991602e-17  2.2687357e-17 
1.9997925e-16  2.0697526e-17 

CM Pos
7.4979239      0.010748778   
7.5012596      0.0058606165  
7.4963316      0.011403087   
12.987799      0.010651209   

Stress
20.1024      -0.0162139   -0.011944     0.109352     0.0503796    0.0931761   
-0.0162139   20.1826      -0.00313311   0.0503796    0.111289     0.0446946   
-0.011944    -0.00313311  20.1322       0.0931761    0.0446946    0.104833    

Stress Spherical
0            0            0             0            0            0           
0            0            0             0            0            0           
0            0            0             0            0            0           

Inertia
149.954      -56.2414     -56.2174      0.199948     0.0976448    0.135341    
-56.2414     149.921      -56.2328      0.0976448    0.327168     0.0984002   
-56.2174     -56.2328     149.986       0.135341     0.0984002    0.217155    

Bond Length
0.61992474    0.002378961 

BB bond length
0.61992474    0.002378961 

Water EE distance
0             0           

PEG EE distance
7.3988292     0.10574372  

BBB P2(x)
0.51022995    0.0090472804

BBB first bond length
0.61998319    0.0024793791

BBB second bond length
0.61993176    0.0022945933

BBB <phi**2>/<phi>**2
1.2230171     0.0067694181

Time = 22000
Temperature
1.009437      0.0049479466

Pressure
23.265841     0.048993526 

CM Mom
-1.7859597e-17 1.7574221e-17 
1.8325165e-16  1.4275956e-17 
8.1459955e-17  2.4654277e-17 
2.0360516e-16  1.4187521e-17 

CM Pos
7.4939228      0.010094479   
7.4951838      0.015087232   
7.4991473      0.011282078   
12.983612      0.01163782    

Stress
20.287       -0.000799814 0.039966      0.0918875    0.0590006    0.0895852   
-0.000799814 20.2191      -0.0477821    0.0590006    0.0753361    0.0672221   
0.039966     -0.0477821   20.2091       0.0895852    0.0672221    0.103359    

Stress Spherical
0            0            0             0            0            0           
0            0            0             0            0            0           
0            0            0             0            0            0           

Inertia
149.898      -56.1452     -56.2175      0.256432     0.128054     0.155014    
-56.1452     149.909      -56.2206      0.128054     0.207607     0.151304    
-56.2175     -56.2206     149.824       0.155014     0.151304     0.25621     

Bond Length
0.6196638     0.002152596 

BB bond length
0.6196638     0.002152596 

Water EE distance
0             0           

PEG EE distance
7.4460982     0.27282627  

BBB P2(x)
0.51273008    0.011029081 

BBB first bond length
0.6197109     0.0021881992

BBB second bond length
0.61977127    0.0020307721

BBB <phi**2>/<phi>**2
1.2291774     0.009018502 

Time = 23000
Temperature
1.0094619     0.0077326574

Pressure
23.257244     0.10460693  

CM Mom
-7.7011302e-18 1.8100403e-17 
1.5982709e-16  1.1444083e-17 
1.2253557e-16  2.7823929e-17 
2.0383057e-16  1.7459491e-17 

CM Pos
7.5019251      0.014201717   
7.4985922      0.013432447   
7.5061123      0.010319319   
12.994225      0.0089154158  

Stress
20.2585      0.0151652    0.0460155     0.126328     0.0317806    0.0719476   
0.0151652    20.1715      0.00539096    0.0317806    0.13265      0.0803277   
0.0460155    0.00539096   20.2593       0.0719476    0.0803277    0.139263    

Stress Spherical
0            0            0             0            0            0           
0            0            0             0            0            0           
0            0            0             0            0            0           

Inertia
150.079      -56.2513     -56.3094      0.223365     0.161207     0.0829905   
-56.2513     150.098      -56.3018      0.161207     0.123318     0.137496    
-56.3094     -56.3018     150.017       0.0829905    0.137496     0.302538    

Bond Length
0.61800841    0.0019493489

BB bond length
0.61800841    0.0019493489

Water EE distance
0             0           

PEG EE distance
7.1503834     0.12837223  

BBB P2(x)
0.51053332    0.012796205 

BBB first bond length
0.61787077    0.002114969 

BBB second bond length
0.61820877    0.0019884689

BBB <phi**2>/<phi>**2
1.2252893     0.011477565 

Time = 24000
Temperature
1.0148584     0.0080452139

Pressure
23.258218     0.091557606 

CM Mom
-4.1059578e-18 1.3221726e-17 
1.4477157e-16  2.1583135e-17 
1.1799246e-16  2.1220062e-17 
1.8815621e-16  2.4208749e-17 

CM Pos
7.5039998      0.010284144   
7.4993331      0.012470166   
7.4972208      0.010298015   
12.990709      0.012920246   

Stress
20.2285      0.0135113    -0.0114626    0.162589     0.0775121    0.100716    
0.0135113    20.2016      -0.0432034    0.0775121    0.137843     0.0625106   
-0.0114626   -0.0432034   20.2136       0.100716     0.0625106    0.0786858   

Stress Spherical
0            0            0             0            0            0           
0            0            0             0            0            0           
0            0            0             0            0            0           

Inertia
149.949      -56.2397     -56.277       0.274659     0.139162     0.070198    
-56.2397     150.017      -56.2487      0.139162     0.173803     0.128456    
-56.277      -56.2487     150.049       0.070198     0.128456     0.313622    

Bond Length
0.61860313    0.0020619693

BB bond length
0.61860313    0.0020619693

Water EE distance
0             0           

PEG EE distance
7.4438613     0.23167098  

BBB P2(x)
0.50880809    0.0089429526

BBB first bond length
0.61861244    0.0021066754

BBB second bond length
0.61865179    0.0020868119

BBB <phi**2>/<phi>**2
1.2296174     0.0075945116

Time = 25000
Temperature
1.0133491     0.0060621452

Pressure
23.256634     0.056409775 

CM Mom
7.1212438e-19  2.4579259e-17 
1.4141578e-16  3.5231903e-17 
1.4211776e-16  3.2524309e-17 
2.0566388e-16  2.8319868e-17 

CM Pos
7.4998504      0.0069191568  
7.498444       0.011325791   
7.5019629      0.013956042   
12.990539      0.011630599   

Stress
20.1881      0.0470253    0.0641043     0.130944     0.0675774    0.0550445   
0.0470253    20.2007      0.000572997   0.0675774    0.0883861    0.0520792   
0.0641043    0.000572997  20.2637       0.0550445    0.0520792    0.0773866   

Stress Spherical
0            0            0             0            0            0           
0            0            0             0            0            0           
0            0            0             0            0            0           

Inertia
150.009      -56.2688     -56.2593      0.265104     0.12408      0.132757    
-56.2688     150.031      -56.2583      0.12408      0.138525     0.149609    
-56.2593     -56.2583     149.972       0.132757     0.149609     0.245947    

Bond Length
0.61863773    0.0015107083

BB bond length
0.61863773    0.0015107083

Water EE distance
0             0           

PEG EE distance
6.8866828     0.11556234  

BBB P2(x)
0.50897224    0.0080888078

BBB first bond length
0.61837138    0.0016676389

BBB second bond length
0.61878084    0.0015612907

BBB <phi**2>/<phi>**2
1.2255497     0.0065989141

Time = 26000
Temperature
1.0117879     0.0057811861

Pressure
23.27664      0.092171478 

CM Mom
-2.6540824e-18 2.1397239e-17 
1.3461242e-16  7.8774706e-18 
1.5967052e-16  3.3525469e-17 
2.1134699e-16  2.4464739e-17 

CM Pos
7.4997022      0.0046130357  
7.497703       0.013961548   
7.4963316      0.015142444   
12.986775      0.01369568    

Stress
20.1486      0.0246677    -0.0222637    0.128897     0.0543599    0.068801    
0.0246677    20.3237      0.0689185     0.0543599    0.100124     0.0668869   
-0.0222637   0.0689185    20.2542       0.068801     0.0668869    0.109773    

Stress Spherical
0            0            0             0            0            0           
0            0            0             0            0            0           
0            0            0             0            0            0           

Inertia
149.904      -56.227      -56.2362      0.372356     0.110496     0.126379    
-56.227      149.936      -56.2223      0.110496     0.180147     0.188074    
-56.2362     -56.2223     149.956       0.126379     0.188074     0.241739    

Bond Length
0.61773192    0.0026283383

BB bond length
0.61773192    0.0026283383

Water EE distance
0             0           

PEG EE distance
7.159429      0.17304239  

BBB P2(x)
0.51782325    0.011589534 

BBB first bond length
0.61756186    0.0026443169

BBB second bond length
0.61767652    0.0027711318

BBB <phi**2>/<phi>**2
1.2295799     0.012587473 

Time = 27000
Temperature
1.0133867     0.0085868863

Pressure
23.237082     0.10024416  

CM Mom
-2.0924721e-17 2.1158304e-17 
1.1950274e-16  2.4430286e-17 
1.6256727e-16  2.0531477e-17 
2.0463574e-16  2.7150204e-17 

CM Pos
7.5075564      0.015610189   
7.5017042      0.01851452    
7.4976653      0.0087370498  
12.994402      0.012024067   

Stress
20.1548      -0.0173434   -0.0391508    0.12947      0.0525199    0.098844    
-0.0173434   20.2338      -0.0393563    0.0525199    0.122719     0.0618542   
-0.0391508   -0.0393563   20.2049       0.098844     0.0618542    0.101646    

Stress Spherical
0            0            0             0            0            0           
0            0            0             0            0            0           
0            0            0             0            0            0           

Inertia
149.961      -56.3101     -56.279       0.186538     0.191139     0.187261    
-56.3101     150.046      -56.2711      0.191139     0.296529     0.0992815   
-56.279      -56.2711     150.123       0.187261     0.0992815    0.340462    

Bond Length
0.61796392    0.0017094467

BB bond length
0.61796392    0.0017094467

Water EE distance
0             0           

PEG EE distance
6.9213679     0.19205606  

BBB P2(x)
0.50657433    0.0090214409

BBB first bond length
0.61789742    0.0020548272

BBB second bond length
0.61800116    0.0018541668

BBB <phi**2>/<phi>**2
1.2293898     0.0058407276

Time = 28000
Temperature
1.0153816     0.0039926434

Pressure
23.255676     0.11009119  

CM Mom
2.0250163e-17  3.2379166e-17 
1.2681216e-16  1.4148035e-17 
1.6385332e-16  1.8349624e-17 
2.1107152e-16  1.9323634e-17 

CM Pos
7.4961456      0.015159837   
7.5062982      0.01145976    
7.5013701      0.014908592   
12.992605      0.0076026555  

Stress
20.1736      -0.00725496  -0.0252673    0.135191     0.0628123    0.0845343   
-0.00725496  20.2256      -0.00963813   0.0628123    0.164818     0.0828032   
-0.0252673   -0.00963813  20.2321       0.0845343    0.0828032    0.0857213   

Stress Spherical
0            0            0             0            0            0           
