Time = 1000
Temperature
   1.1948451    0.30730641

Pressure
   23.933792     1.2842427

CM Mom
-3.49313e-17   3.3335229e-17 
-4.5892749e-17 4.823888e-17  
1.1271552e-17  3.0083762e-16 
2.2297131e-16  2.1835448e-16 

CM Pos
7.494264       0.016587449   
7.5123803      0.039031271   
7.4976483      0.010867134   
12.992903      0.030997459   

Stress
20.3738      -0.00848136  -0.00754179   0.429155     0.0513986    0.0464255   
-0.00848136  20.3168      -0.0222262    0.0513986    0.382035     0.0964483   
-0.00754179  -0.0222262   20.3688       0.0464255    0.0964483    0.391231    

Stress Spherical
0            0            0             0            0            0           
0            0            0             0            0            0           
0            0            0             0            0            0           

Inertia
150.378      -56.2805     -56.1844      2.11996      0.362819     0.192009    
-56.2805     150.083      -56.3088      0.362819     1.66069      0.352159    
-56.1844     -56.3088     150.272       0.192009     0.352159     2.07091     

Bond Length
0.6193657     0.011408093 

BB bond length
0.6193657     0.011408093 

Water EE distance
0             0           

PEG EE distance
6.9459522     0.044786034 

BBB P2(x)
0.46976531    0.061931348 

BBB first bond length
0.61926738    0.011560776 

BBB second bond length
0.61932145    0.011303733 

BBB <phi**2>/<phi>**2
1.2178797     0.013005796 

Time = 2000
Temperature
1.0094591     0.0056750248

Pressure
23.027582     0.087552886 

CM Mom
-7.0221826e-17 2.119043e-17  
-4.0841915e-17 2.6260824e-17 
2.7959201e-17  6.32585e-17   
1.0562824e-16  3.6930504e-17 

CM Pos
7.4921877      0.017713492   
7.4968079      0.015998165   
7.5053604      0.013658149   
12.987142      0.01849866    

Stress
19.9757      -0.00290397  -0.0353998    0.0809501    0.0694918    0.0639374   
-0.00290397  20.0426      -0.0076876    0.0694918    0.117894     0.08397     
-0.0353998   -0.0076876   19.9892       0.0639374    0.08397      0.110779    

Stress Spherical
0            0            0             0            0            0           
0            0            0             0            0            0           
0            0            0             0            0            0           

Inertia
149.936      -56.1911     -56.213       0.448954     0.195926     0.232066    
-56.1911     149.874      -56.2892      0.195926     0.577774     0.190037    
-56.213      -56.2892     149.725       0.232066     0.190037     0.506458    

Bond Length
0.61684297    0.0016678893

BB bond length
0.61684297    0.0016678893

Water EE distance
0             0           

PEG EE distance
7.09411       0.10729572  

BBB P2(x)
0.50888676    0.0048837068

BBB first bond length
0.61703976    0.0017172965

BBB second bond length
0.6167463     0.0017289984

BBB <phi**2>/<phi>**2
1.2249178     0.008460786 

