Time = 1000
Temperature
   1.1015757    0.13961349

Pressure
   23.666239     0.7338503

CM Mom
-7.0352739e-17 2.9008118e-17 
-1.085078e-17  2.0140928e-17 
-1.4574395e-16 1.4368358e-16 
1.9177902e-16  1.0687119e-16 

CM Pos
7.5033216      0.011760214   
7.5041287      0.032012699   
7.5034317      0.025467121   
12.996696      0.031154958   

Stress
20.3321      -0.00411048  -0.0735805    0.371344     0.0901407    0.0488055   
-0.00411048  20.3341      0.00683676    0.0901407    0.365721     0.0816062   
-0.0735805   0.00683676   20.432        0.0488055    0.0816062    0.314655    

Stress Spherical
0            0            0             0            0            0           
0            0            0             0            0            0           
0            0            0             0            0            0           

Inertia
150.218      -56.316      -56.3197      2.08727      0.215518     0.260314    
-56.316      150.211      -56.3027      0.215518     1.55186      0.409919    
-56.3197     -56.3027     150.226       0.260314     0.409919     1.6548      

Bond Length
0.61966801    0.00631185  

BB bond length
0.61966801    0.00631185  

Water EE distance
0             0           

PEG EE distance
7.0569531     0.21222636  

BBB P2(x)
0.47522238    0.068635194 

BBB first bond length
0.61952579    0.0064576811

BBB second bond length
0.61965666    0.0062676111

BBB <phi**2>/<phi>**2
1.2197293     0.020966016 

Time = 2000
Temperature
1.0090178     0.010608494 

Pressure
23.191823     0.098383574 

CM Mom
-1.0470201e-16 1.5885549e-17 
-1.9310864e-17 2.111184e-17  
-8.9684466e-17 3.7901592e-17 
1.4355377e-16  3.0093698e-17 

CM Pos
7.4996128      0.013732899   
7.5026452      0.021825586   
7.4963107      0.0077100899  
12.989575      0.014572522   

Stress
20.0913      -0.00791172  0.00342145    0.0967523    0.0275921    0.119098    
-0.00791172  20.2053      0.023601      0.0275921    0.135058     0.0670415   
0.00342145   0.023601     20.2102       0.119098     0.0670415    0.104643    

Stress Spherical
0            0            0             0            0            0           
0            0            0             0            0            0           
0            0            0             0            0            0           

Inertia
149.872      -56.2807     -56.2124      0.482274     0.229635     0.102912    
-56.2807     149.835      -56.2166      0.229635     0.313504     0.196919    
-56.2124     -56.2166     149.945       0.102912     0.196919     0.499576    

Bond Length
0.61830984    0.0015974757

BB bond length
0.61830984    0.0015974757

Water EE distance
0             0           

PEG EE distance
7.2451346     0.10608703  

BBB P2(x)
0.5212857     0.0097840193

BBB first bond length
0.61821088    0.0017105234

BBB second bond length
0.61818168    0.0018018264

BBB <phi**2>/<phi>**2
1.2290456     0.0062084838

