Time = 1000
Temperature
   1.1623793    0.24030836

Pressure
   23.786005     1.0813202

CM Mom
-1.4354296e-17 1.9403816e-17 
1.211435e-16   3.7710221e-17 
-5.1792464e-17 5.085373e-16  
3.9271087e-16  3.5178285e-16 

CM Pos
7.5000863      0.024778366   
7.5006626      0.015975703   
7.4994309      0.021303753   
12.990517      0.02215991    

Stress
20.3617      0.00485624   0.0233662     0.387341     0.068199     0.0709741   
0.00485624   20.2704      -0.036968     0.068199     0.352086     0.0904804   
0.0233662    -0.036968    20.2841       0.0709741    0.0904804    0.416345    

Stress Spherical
0            0            0             0            0            0           
0            0            0             0            0            0           
0            0            0             0            0            0           

Inertia
150.176      -56.2316     -56.2124      1.35296      0.233502     0.294663    
-56.2316     150.174      -56.2858      0.233502     1.28336      0.100467    
-56.2124     -56.2858     150.198       0.294663     0.100467     1.04138     

Bond Length
0.62011228    0.0084886736

BB bond length
0.62011228    0.0084886736

Water EE distance
0             0           

PEG EE distance
6.8949223     0.10819153  

BBB P2(x)
0.47068768    0.066315234 

BBB first bond length
0.6200664     0.0087377245

BBB second bond length
0.62019902    0.0085396319

BBB <phi**2>/<phi>**2
1.2222652     0.016501893 

Time = 2000
Temperature
1.011783      0.0062696766

Pressure
23.056537     0.050317912 

CM Mom
1.7137544e-17  2.0365998e-17 
1.1387751e-16  1.1129986e-17 
-7.5889775e-18 8.2620836e-17 
1.3943351e-16  3.5249443e-17 

CM Pos
7.5018675      0.01331628    
7.5058575      0.010661954   
7.5062585      0.018081879   
12.998473      0.012558426   

Stress
20.0372      0.00658084   -0.0117357    0.117658     0.0620334    0.0782391   
0.00658084   19.9644      0.0199755     0.0620334    0.106732     0.0628549   
-0.0117357   0.0199755    20.0791       0.0782391    0.0628549    0.086746    

Stress Spherical
0            0            0             0            0            0           
0            0            0             0            0            0           
0            0            0             0            0            0           

Inertia
150.084      -56.275      -56.3244      0.321118     0.0904187    0.209432    
-56.275      150.014      -56.3456      0.0904187    0.479902     0.190688    
-56.3244     -56.3456     150.036       0.209432     0.190688     0.271111    

Bond Length
0.61761622    0.0022208183

BB bond length
0.61761622    0.0022208183

Water EE distance
0             0           

PEG EE distance
7.1512082     0.11744667  

BBB P2(x)
0.50515406    0.0084928625

BBB first bond length
0.6177207     0.0022823472

BBB second bond length
0.61770874    0.0023804573

BBB <phi**2>/<phi>**2
1.2236409     0.0065352817

