Time = 500
Temperature
   1.0381323   0.049194155

Pressure
   19.235529    0.24022207

CM Mom
-8.1379776e-17 9.6227678e-18 
9.8495668e-18  8.5662614e-18 
-1.1717862e-17 2.123866e-17  
8.5902626e-17  9.7359241e-18 

CM Pos
7.5316569      0.023148387   
7.5017963      0.013013606   
7.5188041      0.016737569   
13.020588      0.021896619   

Stress
16.096       0.00641401   -0.0963425    0.197403     0.0619147    0.0482481   
0.00641401   16.1369      -0.0122821    0.0619147    0.140077     0.119131    
-0.0963425   -0.0122821   16.1379       0.0482481    0.119131     0.111769    

Stress Spherical
0            0            0             0            0            0           
0            0            0             0            0            0           
0            0            0             0            0            0           

Inertia
149.22       -56.3018     -56.6801      0.891692     0.237114     0.269639    
-56.3018     149.743      -56.4286      0.237114     1.05868      0.191778    
-56.6801     -56.4286     149.331       0.269639     0.191778     0.841054    

Bond Length
0.61402307    0.0013474743

BB bond length
0.61402307    0.0013474743

Water EE distance
0             0           

PEG EE distance
3.7529507     0.11678889  

Time = 1000
Temperature
1.001425      0.0051746697

Pressure
19.053361     0.035453089 

CM Mom
-7.8668141e-17 1.1826147e-17 
-4.8738099e-17 1.9625392e-17 
4.4070927e-18  5.4357903e-18 
9.3917895e-17  1.7818297e-17 

CM Pos
7.5346222      0.017477705   
7.5059477      0.01020341    
7.5019018      0.016268696   
13.01495       0.0076403316  

Stress
16.0592      0.00801696   0.037392      0.0859138    0.0770319    0.0858943   
0.00801696   16.0591      0.0177793     0.0770319    0.0809889    0.0421854   
0.037392     0.0177793    16.0361       0.0858943    0.0421854    0.113162    

Stress Spherical
0            0            0             0            0            0           
0            0            0             0            0            0           
0            0            0             0            0            0           

Inertia
149.374      -56.4558     -56.4853      0.31786      0.143235     0.118229    
-56.4558     149.893      -56.3508      0.143235     0.434632     0.175706    
-56.4853     -56.3508     149.914       0.118229     0.175706     0.348113    

Bond Length
0.61437452    0.0020366388

BB bond length
0.61437452    0.0020366388

Water EE distance
0             0           

PEG EE distance
3.686325      0.061583508 

