Time = 500
Temperature
   1.0316228   0.036620253

Pressure
   22.798495   0.092687302

CM Mom
5.7297301e-17  2.2172562e-17 
1.4348477e-18  2.9490366e-17 
1.2676501e-17  2.4973614e-17 
7.1152327e-17  1.9185021e-17 

CM Pos
7.4803255      0.030722754   
7.513911       0.030894136   
7.4749964      0.021481895   
12.972737      0.012537361   

Stress
19.7174      -0.02789     -0.0258456    0.0679848    0.0689516    0.0892246   
-0.02789     19.6795      -0.0200506    0.0689516    0.127338     0.055562    
-0.0258456   -0.0200506   19.7249       0.0892246    0.055562     0.115098    

Stress Spherical
0            0            0             0            0            0           
0            0            0             0            0            0           
0            0            0             0            0            0           

Inertia
149.478      -56.226      -56.0093      0.531074     0.194794     0.376944    
-56.226      148.918      -56.1937      0.194794     0.652822     0.228425    
-56.0093     -56.1937     149.591       0.376944     0.228425     0.496       

Bond Length
0.61743883    0.0069145112

BB bond length
0.61743883    0.0069145112

Water EE distance
0             0           

PEG EE distance
3.7081167     0.10739191  

Time = 1000
Temperature
1.0074961     0.0071717617

Pressure
22.718184     0.038604229 

CM Mom
4.6701439e-17  1.5671698e-17 
2.8666215e-17  3.0790426e-17 
1.1772997e-17  1.203283e-17  
6.4869189e-17  1.6486645e-17 

CM Pos
7.493378       0.025632162   
7.5035283      0.013869676   
7.4833025      0.0044398189  
12.978983      0.018324753   

Stress
19.6605      0.0597232    0.0472788     0.138679     0.0745737    0.0506408   
0.0597232    19.7543      0.00880134    0.0745737    0.118089     0.0366027   
0.0472788    0.00880134   19.683        0.0506408    0.0366027    0.0866967   

Stress Spherical
0            0            0             0            0            0           
0            0            0             0            0            0           
0            0            0             0            0            0           

Inertia
149.382      -56.2872     -56.0302      0.166194     0.254826     0.210548    
-56.2872     149.293      -56.2203      0.254826     0.349337     0.120318    
-56.0302     -56.2203     149.545       0.210548     0.120318     0.414012    

Bond Length
0.61056369    0.0044904104

BB bond length
0.61056369    0.0044904104

Water EE distance
0             0           

PEG EE distance
3.7019255     0.10955684  

