Time = 1000
Temperature
   1.1466478    0.22546214

Pressure
   23.829618      1.016906

CM Mom
-2.8746199e-17 1.2284575e-17 
9.4059525e-17  7.9562828e-17 
-1.2370739e-16 2.2697444e-16 
2.1359146e-16  1.9327259e-16 

CM Pos
7.5062931      0.036245779   
7.493987       0.027766192   
7.5057957      0.014235455   
12.993959      0.023855747   

Stress
20.4277      -0.0385425   -0.00593082   0.403422     0.0812807    0.0902398   
-0.0385425   20.3551      0.0126395     0.0812807    0.348287     0.0677958   
-0.00593082  0.0126395    20.4025       0.0902398    0.0677958    0.353067    

Stress Spherical
0            0            0             0            0            0           
0            0            0             0            0            0           
0            0            0             0            0            0           

Inertia
150.157      -56.2328     -56.3394      1.31505      0.22988      0.309032    
-56.2328     150.359      -56.2659      0.22988      2.03637      0.250275    
-56.3394     -56.2659     150.159       0.309032     0.250275     1.71384     

Bond Length
0.61902324    0.0094565916

BB bond length
0.61902324    0.0094565916

Water EE distance
0             0           

PEG EE distance
6.9302661     0.114572    

BBB P2(x)
0.47817924    0.067595526 

BBB first bond length
0.61892714    0.0095069293

BBB second bond length
0.6192353     0.0096260648

BBB <phi**2>/<phi>**2
1.2204715     0.014290944 

Time = 2000
Temperature
1.0145008     0.0061449379

Pressure
23.080033     0.085022385 

CM Mom
-3.1164825e-17 1.6400757e-17 
6.9954264e-17  3.2145089e-17 
-9.5772386e-17 7.671606e-17  
1.3407971e-16  6.5172639e-17 

CM Pos
7.5033255      0.010095473   
7.4914645      0.024797663   
7.4982282      0.010969281   
12.98638       0.011494565   

Stress
20.0079      -0.0455194   -0.0255705    0.117421     0.0564849    0.0870839   
-0.0455194   20.0182      0.0544296     0.0564849    0.13325      0.0991249   
-0.0255705   0.0544296    20.0979       0.0870839    0.0991249    0.102142    

Stress Spherical
0            0            0             0            0            0           
0            0            0             0            0            0           
0            0            0             0            0            0           

Inertia
149.704      -56.1987     -56.261       0.320753     0.140601     0.159054    
-56.1987     149.886      -56.1597      0.140601     0.454475     0.110778    
-56.261      -56.1597     149.803       0.159054     0.110778     0.352181    

Bond Length
0.61800091    0.0011936066

BB bond length
0.61800091    0.0011936066

Water EE distance
0             0           

PEG EE distance
6.9299369     0.085871879 

BBB P2(x)
0.52259894    0.0094499945

BBB first bond length
0.61792362    0.0014307122

BBB second bond length
0.61776493    0.0011736401

BBB <phi**2>/<phi>**2
1.2319775     0.0068954823

