Time = 500
Temperature
   1.0340824   0.043731416

Pressure
   22.170714    0.13493704

CM Mom
-1.6284496e-17 6.3845459e-18 
-1.8403529e-17 1.4706892e-17 
-3.5319594e-17 1.7864969e-17 
4.7125548e-17  1.4378571e-17 

CM Pos
7.4915096      0.017819352   
7.4789398      0.020884002   
7.4892646      0.020501867   
12.967159      0.017492274   

Stress
19.0289      0.0093059    0.0140419     0.0797507    0.0766285    0.0416491   
0.0093059    19.0674      -0.00684519   0.0766285    0.153166     0.0510131   
0.0140419    -0.00684519  19.1127       0.0416491    0.0510131    0.115687    

Stress Spherical
0            0            0             0            0            0           
0            0            0             0            0            0           
0            0            0             0            0            0           

Inertia
148.881      -55.9873     -56.1752      0.334979     0.173408     0.260681    
-55.9873     149.064      -56.0535      0.173408     0.391089     0.188674    
-56.1752     -56.0535     148.912       0.260681     0.188674     0.341055    

Bond Length
0.61165678    0.0030082123

BB bond length
0.61165678    0.0030082123

Water EE distance
0             0           

PEG EE distance
3.7481826     0.11910891  

Time = 1000
Temperature
1.0139725     0.0070363733

Pressure
22.235361     0.051862965 

CM Mom
-9.9295908e-18 9.2594879e-18 
-2.2461695e-17 4.5497528e-17 
-4.9045728e-17 2.9124809e-17 
7.1581201e-17  2.9812034e-17 

CM Pos
7.4986235      0.013156214   
7.479829       0.015390679   
7.4788901      0.010370234   
12.965777      0.011753543   

Stress
19.2146      -0.0438887   -0.00713302   0.107891     0.0969094    0.0870552   
-0.0438887   19.1954      0.0398893     0.0969094    0.0609087    0.0569855   
-0.00713302  0.0398893    19.174        0.0870552    0.0569855    0.119259    

Stress Spherical
0            0            0             0            0            0           
0            0            0             0            0            0           
0            0            0             0            0            0           

Inertia
148.808      -55.9987     -56.0284      0.256278     0.0901323    0.167832    
-55.9987     149.093      -55.9296      0.0901323    0.342865     0.128953    
-56.0284     -55.9296     149.115       0.167832     0.128953     0.18418     

Bond Length
0.61306253    0.00184337  

BB bond length
0.61306253    0.00184337  

Water EE distance
0             0           

PEG EE distance
3.4101917     0.2176679   

