Time = 500
Temperature
   1.0372845   0.045871069

Pressure
   23.325186    0.16936621

CM Mom
2.9142806e-17  1.2482692e-17 
1.041026e-17   1.5196502e-17 
2.1521263e-18  8.8515441e-18 
3.6658162e-17  9.1426761e-18 

CM Pos
7.4817871      0.016668148   
7.49703        0.021112027   
7.5080426      0.004741209   
12.982818      0.021744037   

Stress
20.2021      -0.0108683   0.00976105    0.0847702    0.0551101    0.0582477   
-0.0108683   20.225       -0.0205287    0.0551101    0.0980737    0.0517786   
0.00976105   -0.0205287   20.2138       0.0582477    0.0517786    0.0706577   

Stress Spherical
0            0            0             0            0            0           
0            0            0             0            0            0           
0            0            0             0            0            0           

Inertia
149.895      -56.0828     -56.1093      0.378873     0.296756     0.205693    
-56.0828     149.752      -56.2803      0.296756     0.150329     0.21632     
-56.1093     -56.2803     149.511       0.205693     0.21632      0.368328    

Bond Length
0.61416141    0.0068007789

BB bond length
0.61416141    0.0068007789

Water EE distance
0             0           

PEG EE distance
3.2997697     0.2373622   

Time = 1000
Temperature
1.0058326     0.0067242806

Pressure
23.273351     0.095769048 

CM Mom
2.0743756e-17  1.0551758e-17 
9.4147987e-18  1.8280694e-17 
4.225844e-17   2.049516e-17  
5.2183906e-17  2.1145508e-17 

CM Pos
7.4868246      0.012800441   
7.4860659      0.0088897669  
7.5228589      0.01786821    
12.987976      0.013461779   

Stress
20.2229      -0.068608    -0.0184324    0.0703606    0.0258042    0.066696    
-0.068608    20.2344      0.025818      0.0258042    0.092281     0.048736    
-0.0184324   0.025818     20.3112       0.066696     0.048736     0.125136    

Stress Spherical
0            0            0             0            0            0           
0            0            0             0            0            0           
0            0            0             0            0            0           

Inertia
150.03       -56.0349     -56.306       0.3117       0.190396     0.0967558   
-56.0349     150.088      -56.2878      0.190396     0.267898     0.133442    
-56.306      -56.2878     149.394       0.0967558    0.133442     0.253121    

Bond Length
0.61603247    0.0096469287

BB bond length
0.61603247    0.0096469287

Water EE distance
0             0           

PEG EE distance
3.3164754     0.35729666  

