Time = 500
Temperature
   1.0357657   0.042350613

Pressure
   23.375552    0.18316008

CM Mom
8.1380532e-18  1.9719628e-17 
6.5397224e-17  6.4825299e-18 
6.9011289e-18  3.0153721e-17 
7.5481206e-17  5.7768351e-18 

CM Pos
7.483385       0.019979464   
7.4929368      0.021560612   
7.492022       0.022818992   
12.972155      0.011000954   

Stress
20.2677      0.0235465    0.0317517     0.0421423    0.0503978    0.0602138   
0.0235465    20.2432      0.0287072     0.0503978    0.135857     0.0435254   
0.0317517    0.0287072    20.2949       0.0602138    0.0435254    0.0780342   

Stress Spherical
0            0            0             0            0            0           
0            0            0             0            0            0           
0            0            0             0            0            0           

Inertia
149.614      -56.068      -56.0685      0.231452     0.294451     0.107838    
-56.068      149.481      -56.1533      0.294451     0.11264      0.14986     
-56.0685     -56.1533     149.489       0.107838     0.14986      0.524055    

Bond Length
0.60946052    0.006934125 

BB bond length
0.60946052    0.006934125 

Water EE distance
0             0           

PEG EE distance
3.8981809     0.47704481  

Time = 1000
Temperature
1.0111327     0.0069102749

Pressure
23.317366     0.092268478 

CM Mom
2.7278681e-17  2.6621257e-17 
6.0280373e-17  1.4897293e-17 
-1.844523e-17  3.0459894e-17 
7.7112204e-17  2.5103988e-17 

CM Pos
7.4759768      0.0094453047  
7.497678       0.0104347     
7.5041713      0.0034302164  
12.977602      0.0070580993  

Stress
20.2589      -0.00117389  0.0705034     0.106799     0.080032     0.0292515   
-0.00117389  20.2768      -0.0199817    0.080032     0.0834158    0.0645349   
0.0705034    -0.0199817   20.3171       0.0292515    0.0645349    0.105034    

Stress Spherical
0            0            0             0            0            0           
0            0            0             0            0            0           
0            0            0             0            0            0           

Inertia
149.86       -56.0684     -56.1202      0.133486     0.142502     0.0629027   
-56.0684     149.553      -56.2581      0.142502     0.146473     0.132006    
-56.1202     -56.2581     149.446       0.0629027    0.132006     0.218095    

Bond Length
0.61742693    0.0072141654

BB bond length
0.61742693    0.0072141654

Water EE distance
0             0           

PEG EE distance
3.2453583     0.30123256  

