Time = 500
Temperature
   1.0416182   0.040459659

Pressure
   22.755284    0.11924933

CM Mom
1.1120454e-16  6.0118269e-18 
-2.7293943e-17 1.0020107e-17 
-2.9712985e-17 1.9670496e-17 
1.2031811e-16  6.4261745e-18 

CM Pos
7.4837463      0.010420746   
7.5081011      0.017256647   
7.4989329      0.0093149323  
12.985087      0.0056929306  

Stress
19.655       -0.0107777   0.0247921     0.111709     0.0546716    0.0272986   
-0.0107777   19.6141      0.0636169     0.0546716    0.0955455    0.0763902   
0.0247921    0.0636169    19.6333       0.0272986    0.0763902    0.0775981   

Stress Spherical
0            0            0             0            0            0           
0            0            0             0            0            0           
0            0            0             0            0            0           

Inertia
149.703      -56.1615     -56.1514      0.158098     0.109788     0.175234    
-56.1615     149.258      -56.2668      0.109788     0.185285     0.0890443   
-56.1514     -56.2668     149.469       0.175234     0.0890443    0.159913    

Bond Length
0.61481052    0.0054544009

BB bond length
0.61481052    0.0054544009

Water EE distance
0             0           

PEG EE distance
3.6493013     0.19611491  

Time = 1000
Temperature
1.0117365     0.013011749 

Pressure
22.740482     0.077730342 

CM Mom
1.2842134e-16  1.7774246e-17 
-1.9675089e-17 1.3748644e-17 
-4.35201e-17   2.2782681e-17 
1.392782e-16   1.996829e-17  

CM Pos
7.4819664      0.0078485651  
7.5193737      0.01351621    
7.5128753      0.014862029   
12.998636      0.0061513932  

Stress
19.679       0.0233013    -0.0140401    0.0898568    0.0345093    0.0773191   
0.0233013    19.7673      -0.00252822   0.0345093    0.105116     0.0715871   
-0.0140401   -0.00252822  19.6803       0.0773191    0.0715871    0.138206    

Stress Spherical
0            0            0             0            0            0           
0            0            0             0            0            0           
0            0            0             0            0            0           

Inertia
150.179      -56.2593     -56.2727      0.223641     0.070701     0.135411    
-56.2593     149.55       -56.4505      0.070701     0.257973     0.100922    
-56.2727     -56.4505     149.739       0.135411     0.100922     0.0933828   

Bond Length
0.61351234    0.0041416691

BB bond length
0.61351234    0.0041416691

Water EE distance
0             0           

PEG EE distance
3.7639636     0.17201809  

