Time = 1000
Temperature
    1.021599   0.035697026

Pressure
   23.714372    0.16044439

CM Mom
7.568406e-18   1.7818306e-17 
2.5830154e-17  1.8033472e-17 
3.8592344e-17  2.6181523e-17 
5.5332223e-17  2.1917163e-17 

CM Pos
7.4991625      0.01798377    
7.5003901      0.019035187   
7.4940827      0.012753529   
12.98673       0.016192436   

Stress
20.6954      -0.0266118   -0.00490138   0.0926428    0.0721259    0.0432175   
-0.0266118   20.5919      -0.0181151    0.0721259    0.129174     0.0686326   
-0.00490138  -0.0181151   20.6651       0.0432175    0.0686326    0.132488    

Stress Spherical
0            0            0             0            0            0           
0            0            0             0            0            0           
0            0            0             0            0            0           

Inertia
149.912      -56.2382     -56.1778      0.286228     0.290589     0.114936    
-56.2382     149.877      -56.2376      0.290589     0.209268     0.0678869   
-56.1778     -56.2376     150.009       0.114936     0.0678869    0.663685    

Bond Length
0.61977853    0.007039701 

BB bond length
0.61977853    0.007039701 

Water EE distance
0             0           

PEG EE distance
3.0365195     0.10460043  

BBB P2(x)
0.51248947    0.039847093 

BBB first bond length
0.61940604    0.006647154 

BBB second bond length
0.62051332    0.0063849858

BBB <phi**2>/<phi>**2
1.2401554     0.028301523 

Time = 2000
Temperature
1.0140528     0.0076593108

Pressure
23.61169      0.072348345 

CM Mom
-6.8946046e-18 1.0334711e-17 
3.2601763e-17  1.7267531e-17 
2.9702593e-17  1.2315497e-17 
4.9476846e-17  1.0066857e-17 

CM Pos
7.4935306      0.011741114   
7.4986116      0.0088179872  
7.4960094      0.016286561   
12.983555      0.011143811   

Stress
20.6204      -0.0311301   0.0150798     0.125786     0.0656727    0.0750549   
-0.0311301   20.5616      0.0246436     0.0656727    0.0568841    0.0663387   
0.0150798    0.0246436    20.5301       0.0750549    0.0663387    0.0910977   

Stress Spherical
0            0            0             0            0            0           
0            0            0             0            0            0           
0            0            0             0            0            0           

Inertia
149.887      -56.2031     -56.1849      0.200842     0.133717     0.136779    
-56.2031     149.84       -56.187       0.133717     0.235212     0.135424    
-56.1849     -56.187      149.867       0.136779     0.135424     0.233122    

Bond Length
0.62082084    0.0037882074

BB bond length
0.62082084    0.0037882074

Water EE distance
0             0           

PEG EE distance
3.0383118     0.073241155 

BBB P2(x)
0.51504922    0.03307018  

BBB first bond length
0.62077441    0.0025789432

BBB second bond length
0.62017588    0.0059578235

BBB <phi**2>/<phi>**2
1.2185049     0.024203549 

