Time = 500
Temperature
    1.041146   0.045559819

Pressure
   22.972547    0.18551725

CM Mom
-2.6907428e-17 2.8256193e-17 
-5.0231293e-17 2.493585e-17  
-3.1689445e-17 2.6994866e-17 
7.6335244e-17  2.3943177e-17 

CM Pos
7.5165164      0.0052738495  
7.5304436      0.014485628   
7.5097568      0.028260743   
13.023158      0.020754463   

Stress
19.8664      0.0505175    -0.0201021    0.0534198    0.0532856    0.0567867   
0.0505175    19.8492      -0.0404773    0.0532856    0.0459647    0.070416    
-0.0201021   -0.0404773   19.8437       0.0567867    0.070416     0.147945    

Stress Spherical
0            0            0             0            0            0           
0            0            0             0            0            0           
0            0            0             0            0            0           

Inertia
150.313      -56.6551     -56.4238      0.421654     0.180915     0.253655    
-56.6551     150.157      -56.5456      0.180915     0.54578      0.256241    
-56.4238     -56.5456     150.483       0.253655     0.256241     0.300662    

Bond Length
0.61367806    0.0047286449

BB bond length
0.61367806    0.0047286449

Water EE distance
0             0           

PEG EE distance
3.3267641     0.15655027  

Time = 1000
Temperature
1.0087691     0.0043659383

Pressure
22.848469     0.075431237 

CM Mom
-4.4389158e-18 2.8336949e-17 
-8.3140465e-17 3.0971942e-17 
-2.5877024e-17 1.6894635e-17 
9.4556674e-17  2.6615208e-17 

CM Pos
7.5162197      0.016793084   
7.5203566      0.0088507321  
7.5035265      0.020265464   
13.013569      0.0044020238  

Stress
19.845       -0.0218995   0.0271087     0.0763623    0.038        0.0398669   
-0.0218995   19.8551      0.000175204   0.038        0.0196974    0.0244248   
0.0271087    0.000175204  19.778        0.0398669    0.0244248    0.183822    

Stress Spherical
0            0            0             0            0            0           
0            0            0             0            0            0           
0            0            0             0            0            0           

Inertia
150.161      -56.581      -56.3351      0.281237     0.117321     0.157343    
-56.581      150.115      -56.4255      0.117321     0.176971     0.200011    
-56.3351     -56.4255     150.382       0.157343     0.200011     0.20017     

Bond Length
0.61170645    0.004500732 

BB bond length
0.61170645    0.004500732 

Water EE distance
0             0           

PEG EE distance
3.7907249     0.24591075  

