Time = 500
Temperature
    1.031509   0.041373338

Pressure
   23.750031     0.1132355

CM Mom
9.9481696e-18  4.9316717e-18 
1.4950287e-17  9.8706208e-18 
-6.2753262e-17 2.4838118e-17 
6.6514492e-17  2.3978198e-17 

CM Pos
7.4953877      0.014993019   
7.4926132      0.017892765   
7.5030573      0.0229418     
12.985258      0.010467855   

Stress
20.638       -0.0352732   0.011827      0.0520549    0.0245191    0.0749762   
-0.0352732   20.6676      -0.0128518    0.0245191    0.0717487    0.0411287   
0.011827     -0.0128518   20.6617       0.0749762    0.0411287    0.0819925   

Stress Spherical
0            0            0             0            0            0           
0            0            0             0            0            0           
0            0            0             0            0            0           

Inertia
149.863      -56.2167     -56.2723      0.365689     0.205878     0.197097    
-56.2167     149.965      -56.2468      0.205878     0.362893     0.0878537   
-56.2723     -56.2468     149.787       0.197097     0.0878537    0.275371    

Bond Length
0.61331871    0.020198736 

BB bond length
0.61331871    0.020198736 

Water EE distance
0             0           

PEG EE distance
3.2399757     1.2026567   

Time = 1000
Temperature
1.0182807     0.0089218588

Pressure
23.756946     0.047505752 

CM Mom
2.7767638e-17  1.9498336e-17 
1.823413e-17   7.3199526e-18 
-5.2010176e-17 2.6511856e-17 
6.5320064e-17  2.6048384e-17 

CM Pos
7.496573       0.015437396   
7.4967617      0.012662501   
7.4912043      0.02607665    
12.981483      0.019144008   

Stress
20.6469      -0.0255763   -0.0740365    0.0973792    0.0796843    0.0783598   
-0.0255763   20.7879      0.00410952    0.0796843    0.0278436    0.0467859   
-0.0740365   0.00410952   20.6723       0.0783598    0.0467859    0.0584666   

Stress Spherical
0            0            0             0            0            0           
0            0            0             0            0            0           
0            0            0             0            0            0           

Inertia
149.816      -56.2528     -56.1508      0.315206     0.0777318    0.323216    
-56.2528     149.791      -56.1832      0.0777318    0.618753     0.173532    
-56.1508     -56.1832     149.898       0.323216     0.173532     0.245306    

Bond Length
0.62144777    0.011388029 

BB bond length
0.62144777    0.011388029 

Water EE distance
0             0           

PEG EE distance
4.6158066     0.88397183  

