Time = 500
Temperature
   1.0401953   0.044040842

Pressure
    23.11289    0.19087342

CM Mom
5.5895501e-17  1.1183626e-17 
6.5795265e-18  1.1286048e-17 
-2.7150499e-17 7.1550787e-18 
6.426372e-17   8.863671e-18  

CM Pos
7.5001564      0.015963178   
7.5279319      0.03289087    
7.498354       0.04369178    
13.005784      0.015899748   

Stress
19.9534      -0.0353557   0.0217775     0.122607     0.0394955    0.0630081   
-0.0353557   19.9474      -0.00915521   0.0394955    0.120966     0.0570918   
0.0217775    -0.00915521  20.0899       0.0630081    0.0570918    0.090732    

Stress Spherical
0            0            0             0            0            0           
0            0            0             0            0            0           
0            0            0             0            0            0           

Inertia
150.117      -56.4717     -56.2352      0.311304     0.172586     0.325303    
-56.4717     149.751      -56.5395      0.172586     0.755679     0.154299    
-56.2352     -56.5395     150.139       0.325303     0.154299     0.272228    

Bond Length
0.61147952    0.0070648178

BB bond length
0.61147952    0.0070648178

Water EE distance
0             0           

PEG EE distance
3.6821113     0.18986685  

Time = 1000
Temperature
1.0180301     0.0074988846

Pressure
23.088928     0.14027826  

CM Mom
5.4222754e-17  1.3298295e-17 
6.9106167e-18  7.9888918e-18 
-2.2187988e-17 3.1133646e-17 
6.8122852e-17  7.029837e-18  

CM Pos
7.5057944      0.013389334   
7.5095343      0.0099749177  
7.5033985      0.012954825   
13.001209      0.0071570949  

Stress
20.0627      -0.0166029   -0.0467189    0.154236     0.081823     0.0392292   
-0.0166029   20.0122      -0.0302241    0.081823     0.182794     0.0974647   
-0.0467189   -0.0302241   20.0432       0.0392292    0.0974647    0.119546    

Stress Spherical
0            0            0             0            0            0           
0            0            0             0            0            0           
0            0            0             0            0            0           

Inertia
149.93       -56.31       -56.3315      0.195145     0.147211     0.142327    
-56.31       149.85       -56.3153      0.147211     0.258834     0.120178    
-56.3315     -56.3153     150.021       0.142327     0.120178     0.204763    

Bond Length
0.61364222    0.004624534 

BB bond length
0.61364222    0.004624534 

Water EE distance
0             0           

PEG EE distance
3.496947      0.20956614  

