Time = 500
Temperature
   1.0443418   0.060510161

Pressure
   19.963543    0.29974475

CM Mom
-4.3280494e-17 1.0944041e-17 
-1.8517059e-17 2.2578133e-17 
2.9196541e-17  1.731825e-17  
6.191291e-17   1.2836594e-17 

CM Pos
7.5015166      0.028351404   
7.5292         0.014619395   
7.5024324      0.028936916   
13.009606      0.010014414   

Stress
16.8273      -0.0437214   -0.00424165   0.114763     0.0625282    0.0659756   
-0.0437214   16.8426      0.022559      0.0625282    0.210788     0.0671681   
-0.00424165  0.022559     16.8226       0.0659756    0.0671681    0.107161    

Stress Spherical
0            0            0             0            0            0           
0            0            0             0            0            0           
0            0            0             0            0            0           

Inertia
149.558      -56.4527     -56.2425      0.16018      0.267211     0.205347    
-56.4527     149.177      -56.5463      0.267211     0.418189     0.199971    
-56.2425     -56.5463     149.638       0.205347     0.199971     1.06434     

Bond Length
0.6142981     0.0013372342

BB bond length
0.6142981     0.0013372342

Water EE distance
0             0           

PEG EE distance
3.7237372     0.13387073  

Time = 1000
Temperature
1.0150189     0.0084840708

Pressure
19.818516     0.061774535 

CM Mom
-3.0950044e-17 2.0674511e-17 
-3.3734374e-17 2.1724675e-17 
1.8670039e-17  3.1247911e-17 
6.4968176e-17  9.9723905e-18 

CM Pos
7.4947011      0.019098637   
7.5395714      0.010409424   
7.4973948      0.011361294   
13.008731      0.011489361   

Stress
16.7917      0.0487678    -0.0388837    0.0484629    0.041407     0.0408816   
0.0487678    16.7627      0.0212641     0.041407     0.0909351    0.0676036   
-0.0388837   0.0212641    16.7669       0.0408816    0.0676036    0.0878869   

Stress Spherical
0            0            0             0            0            0           
0            0            0             0            0            0           
0            0            0             0            0            0           

Inertia
149.933      -56.32       -56.2364      0.253039     0.18072      0.144488    
-56.32       149.288      -56.5832      0.18072      0.438317     0.195059    
-56.2364     -56.5832     150.015       0.144488     0.195059     0.587312    

Bond Length
0.61308419    0.0025621935

BB bond length
0.61308419    0.0025621935

Water EE distance
0             0           

PEG EE distance
3.4883616     0.049628837 

