Time = 500
Temperature
   1.0383896   0.043830233

Pressure
   19.863818    0.23980531

CM Mom
-7.6513977e-17 1.3207751e-17 
-4.8985834e-18 1.1335032e-17 
-3.0946219e-18 2.0672801e-17 
8.0757626e-17  9.8213853e-18 

CM Pos
7.5390973      0.023584903   
7.4850282      0.0088463579  
7.5301852      0.015276363   
13.021815      0.022739001   

Stress
16.7275      0.0351445    0.05724       0.125857     0.0417925    0.0612928   
0.0351445    16.7534      -0.0214035    0.0417925    0.166221     0.0691592   
0.05724      -0.0214035   16.7724       0.0612928    0.0691592    0.152576    

Stress Spherical
0            0            0             0            0            0           
0            0            0             0            0            0           
0            0            0             0            0            0           

Inertia
149.24       -56.3197     -56.7482      0.583147     0.24294      0.29362     
-56.3197     150.021      -56.3638      0.24294      1.09606      0.203564    
-56.7482     -56.3638     149.156       0.29362      0.203564     0.648442    

Bond Length
0.61151641    0.0027764956

BB bond length
0.61151641    0.0027764956

Water EE distance
0             0           

PEG EE distance
3.6714279     0.087951824 

Time = 1000
Temperature
1.0122113     0.0077376825

Pressure
19.771977     0.12829351  

CM Mom
-8.0007223e-17 8.2619486e-18 
-5.0309553e-18 2.0646394e-17 
8.1755081e-18  1.1199883e-17 
8.3898804e-17  8.6178053e-18 

CM Pos
7.5278292      0.016573912   
7.5087507      0.0080665042  
7.4946015      0.006177523   
13.008415      0.011354754   

Stress
16.7785      0.0647781    -0.0724292    0.169064     0.0778406    0.0483358   
0.0647781    16.6992      -0.00548215   0.0778406    0.144195     0.136842    
-0.0724292   -0.00548215  16.7355       0.0483358    0.136842     0.152566    

Stress Spherical
0            0            0             0            0            0           
0            0            0             0            0            0           
0            0            0             0            0            0           

Inertia
149.556      -56.3452     -56.4747      0.181412     0.143171     0.166466    
-56.3452     149.674      -56.3562      0.143171     0.479176     0.0702963   
-56.4747     -56.3562     149.813       0.166466     0.0702963    0.280655    

Bond Length
0.61147135    0.0027042002

BB bond length
0.61147135    0.0027042002

Water EE distance
0             0           

PEG EE distance
3.6825295     0.084104644 

