Time = 1000
Temperature
   1.1692472    0.18594607

Pressure
   24.221933     1.2360414

CM Mom
-4.2527783e-17 2.4689173e-17 
1.1867431e-16  3.5825449e-17 
-2.7376954e-16 3.9775736e-16 
3.6950609e-16  3.3824717e-16 

CM Pos
9.9926165      0.045229173   
9.9990642      0.015694317   
10.00349       0.019803745   
17.31777       0.031886702   

Stress
20.7333      0.00819477   0.0130285     0.7286       0.0593168    0.0481036   
0.00819477   20.6842      0.0239582     0.0593168    0.720359     0.0763732   
0.0130285    0.0239582    20.7263       0.0481036    0.0763732    0.746528    

Stress Spherical
0            0            0             0            0            0           
0            0            0             0            0            0           
0            0            0             0            0            0           

Inertia
267.091      -99.887      -99.9873      3.87435      0.347946     0.601633    
-99.887      266.951      -100.038      0.347946     2.92958      0.180662    
-99.9873     -100.038     266.848       0.601633     0.180662     3.27422     

Bond Length
0.62423253    0.0084231078

BB bond length
0.62423253    0.0084231078

Water EE distance
0             0           

PEG EE distance
6.0172928     0.34862877  

BBB P2(x)
0.09474296    0.017093805 

BBB first bond length
0.6245323     0.0087417248

BBB second bond length
0.62437776    0.0082658169

BBB <phi**2>/<phi>**2
1.1234784     0.0055950983

Time = 2000
Temperature
1.0176302     0.0040298362

Pressure
23.182991     0.080120563 

CM Mom
-6.0659413e-17 1.7926492e-17 
1.0703819e-16  1.9252144e-17 
4.6826184e-17  1.0897816e-16 
1.6468929e-16  5.2679319e-17 

CM Pos
9.9999507      0.021543352   
10.001231      0.012244442   
9.9998227      0.015419495   
17.321104      0.017035878   

Stress
20.107       0.0228068    -0.0241723    0.10374      0.0291029    0.0471684   
0.0228068    20.1413      -0.0372582    0.0291029    0.0852628    0.0503955   
-0.0241723   -0.0372582   20.1432       0.0471684    0.0503955    0.0867169   

Stress Spherical
0            0            0             0            0            0           
0            0            0             0            0            0           
0            0            0             0            0            0           

Inertia
266.634      -100.025     -100.002      1.10883      0.155749     0.337547    
-100.025     266.578      -100.018      0.155749     0.790921     0.148939    
-100.002     -100.018     266.632       0.337547     0.148939     0.966947    

Bond Length
0.62350963    0.0015071015

BB bond length
0.62350963    0.0015071015

Water EE distance
0             0           

PEG EE distance
5.5600032     0.099895908 

BBB P2(x)
0.085332514   0.0047428601

BBB first bond length
0.6236614     0.0016933823

BBB second bond length
0.62369188    0.0013716762

BBB <phi**2>/<phi>**2
1.1220973     0.0021188664

Time = 3000
Temperature
1.0122335     0.0047296335

Pressure
23.140226     0.068025937 

CM Mom
-7.8556017e-17 9.1429022e-18 
1.1261318e-16  1.9793813e-17 
-2.6908231e-17 7.722003e-17  
1.588352e-16   2.8045119e-17 

CM Pos
10.000784      0.0081982465  
10.001148      0.013573778   
9.9960722      0.011013996   
17.319364      0.010098667   

Stress
20.1054      0.00612251   -0.0284476    0.0842384    0.0425895    0.0501988   
0.00612251   20.101       0.0234416     0.0425895    0.0565609    0.0466156   
-0.0284476   0.0234416    20.1053       0.0501988    0.0466156    0.0855816   

Stress Spherical
0            0            0             0            0            0           
0            0            0             0            0            0           
0            0            0             0            0            0           

Inertia
266.525      -100.031     -99.998       0.396721     0.166274     0.147381    
-100.031     266.519      -99.9357      0.166274     0.468263     0.156878    
-99.998      -99.9357     266.634       0.147381     0.156878     0.399147    

Bond Length
0.62266515    0.0010840757

BB bond length
0.62266515    0.0010840757

Water EE distance
0             0           

PEG EE distance
5.3235969     0.045271814 

BBB P2(x)
0.07973355    0.0035772199

BBB first bond length
0.62293052    0.0010830787

BBB second bond length
0.62283649    0.0011463793

BBB <phi**2>/<phi>**2
1.1190095     0.0024581615

Time = 4000
Temperature
1.012732      0.0067656258

Pressure
23.116329     0.06589638  

CM Mom
-9.8309874e-17 2.1065008e-17 
1.0479803e-16  2.5534188e-17 
-1.7402377e-17 2.3326917e-17 
1.4890768e-16  2.0412731e-17 

CM Pos
10.002868      0.0069635687  
9.9976474      0.011530692   
9.999906       0.005362573   
17.320755      0.0094621627  

Stress
20.064       -0.00950835  0.00905533    0.0918905    0.0339924    0.056722    
-0.00950835  20.0864      -0.0227742    0.0339924    0.0928467    0.0551688   
0.00905533   -0.0227742   20.0852       0.056722     0.0551688    0.0495501   

Stress Spherical
0            0            0             0            0            0           
0            0            0             0            0            0           
0            0            0             0            0            0           

Inertia
266.536      -100.001     -100.028      0.325964     0.167741     0.0739395   
-100.001     266.65       -99.9601      0.167741     0.182817     0.142404    
-100.028     -99.9601     266.61        0.0739395    0.142404     0.310093    

Bond Length
0.62388199    0.0011080867

BB bond length
0.62388199    0.0011080867

Water EE distance
0             0           

PEG EE distance
5.217183      0.044000626 

BBB P2(x)
0.079570315   0.004817696 

BBB first bond length
0.6240686     0.00095543764

BBB second bond length
0.62406275    0.0010839785

BBB <phi**2>/<phi>**2
1.1187004     0.002256281 

Time = 5000
Temperature
1.0092968     0.0055546312

Pressure
23.092382     0.073275668 

CM Mom
-9.1032667e-17 1.9381176e-17 
1.1957047e-16  7.5786263e-18 
-1.1488775e-18 2.6693986e-17 
1.5376218e-16  9.3909569e-18 

CM Pos
9.9993673      0.013741613   
9.9968973      0.012193279   
10.002073      0.0087268509  
17.319558      0.0094105606  

Stress
20.0838      -0.019339    0.00339205    0.0976246    0.0564898    0.0532577   
-0.019339    20.0409      -0.00365335   0.0564898    0.109018     0.0457749   
0.00339205   -0.00365335  20.0699       0.0532577    0.0457749    0.0889988   

Stress Spherical
0            0            0             0            0            0           
0            0            0             0            0            0           
0            0            0             0            0            0           

Inertia
266.599      -99.9795     -100.025      0.349388     0.218621     0.127119    
-99.9795     266.642      -100.006      0.218621     0.242115     0.162291    
-100.025     -100.006     266.556       0.127119     0.162291     0.539308    

Bond Length
0.62422016    0.0017145581

BB bond length
0.62422016    0.0017145581

Water EE distance
0             0           

PEG EE distance
5.2231389     0.048923308 

BBB P2(x)
0.074449166   0.0069422719

BBB first bond length
0.62426179    0.0018743086

BBB second bond length
0.62439843    0.0016770123

BBB <phi**2>/<phi>**2
1.1183792     0.0034243612

Time = 6000
Temperature
1.0101909     0.004350749 

Pressure
23.090158     0.066284632 

CM Mom
-1.0322317e-16 1.2116214e-17 
1.2929423e-16  1.6661171e-17 
2.0519139e-17  2.2130993e-17 
1.6867721e-16  1.5976021e-17 

CM Pos
9.9999507      0.007609426   
9.9983975      0.014004726   
9.9993226      0.015561196   
17.319173      0.012796208   

Stress
20.0417      -0.00622054  0.0020625     0.0604524    0.0406261    0.051745    
-0.00622054  20.0619      0.00762058    0.0406261    0.0990121    0.0451652   
0.0020625    0.00762058   20.0763       0.051745     0.0451652    0.113965    

Stress Spherical
0            0            0             0            0            0           
0            0            0             0            0            0           
0            0            0             0            0            0           

Inertia
266.577      -100.021     -100.026      0.50638      0.159925     0.177322    
-100.021     266.617      -99.9913      0.159925     0.301427     0.261089    
-100.026     -99.9913     266.616       0.177322     0.261089     0.386383    

Bond Length
0.62452748    0.0012567731

BB bond length
0.62452748    0.0012567731

Water EE distance
0             0           

PEG EE distance
5.010336      0.050285006 

BBB P2(x)
0.073287806   0.0081219239

BBB first bond length
0.62455525    0.0012420792

BBB second bond length
0.62469836    0.001454095 

BBB <phi**2>/<phi>**2
1.1188641     0.0032587603

Time = 7000
Temperature
1.0125733     0.0057770708

Pressure
23.110578     0.064857409 

CM Mom
-6.7524803e-17 1.853697e-17  
1.267552e-16   1.4561102e-17 
1.931538e-17   1.0751976e-17 
1.4634426e-16  1.5942805e-17 

CM Pos
9.9981171      0.0098190117  
9.9940636      0.010382906   
9.9973224      0.010799048   
17.314455      0.0089970869  

Stress
20.1019      0.0174811    -0.0170636    0.0720175    0.0464198    0.032507    
0.0174811    20.0512      0.0179917     0.0464198    0.0812963    0.0435817   
-0.0170636   0.0179917    20.0665       0.032507     0.0435817    0.0823473   

Stress Spherical
0            0            0             0            0            0           
0            0            0             0            0            0           
0            0            0             0            0            0           

Inertia
266.467      -99.9712     -99.9687      0.259902     0.0709946    0.148848    
-99.9712     266.559      -99.9649      0.0709946    0.259586     0.195798    
-99.9687     -99.9649     266.506       0.148848     0.195798     0.174519    

Bond Length
0.62366144    0.00077743405

BB bond length
0.62366144    0.00077743405

Water EE distance
0             0           

PEG EE distance
4.8925081     0.038632737 

BBB P2(x)
0.076469454   0.0059969685

BBB first bond length
0.62372524    0.00086240236

BBB second bond length
0.62379065    0.00074807817

BBB <phi**2>/<phi>**2
1.1192807     0.0031614827

Time = 8000
Temperature
1.010832      0.0031156239

Pressure
23.11127      0.068508697 

CM Mom
-6.1400117e-17 1.425829e-17  
1.1053293e-16  2.675462e-17  
1.9782946e-17  1.6587319e-17 
1.2989641e-16  2.6458251e-17 

CM Pos
10.000201      0.011864416   
9.9978141      0.0085177966  
9.9970723      0.012596768   
17.317678      0.011942607   

Stress
20.0858      0.00535314   0.0275861     0.0739024    0.0434103    0.0340461   
0.00535314   20.0864      -0.0240659    0.0434103    0.0804695    0.0674611   
0.0275861    -0.0240659   20.0653       0.0340461    0.0674611    0.0916855   

Stress Spherical
0            0            0             0            0            0           
0            0            0             0            0            0           
0            0            0             0            0            0           

Inertia
266.534      -99.9345     -99.9761      0.346393     0.17267      0.187369    
-99.9345     266.591      -99.9294      0.17267      0.299748     0.218502    
-99.9761     -99.9294     266.603       0.187369     0.218502     0.263286    

Bond Length
0.62391496    0.0013608909

BB bond length
0.62391496    0.0013608909

Water EE distance
0             0           

PEG EE distance
4.8334413     0.056915636 

BBB P2(x)
0.076966489   0.0055381939

BBB first bond length
0.62417793    0.0012812494

BBB second bond length
0.62408476    0.0012732416

BBB <phi**2>/<phi>**2
1.118024      0.0024880339

Time = 9000
Temperature
1.0117631     0.0058420011

Pressure
23.09954      0.064202774 

CM Mom
-7.0657874e-17 2.8610818e-17 
1.0821008e-16  1.9327441e-17 
8.0212075e-18  2.033668e-17  
1.3335885e-16  2.4236806e-17 

CM Pos
9.9911163      0.0086789622  
9.9988975      0.0080787571  
10.004573      0.0076403995  
17.317389      0.0081613724  

Stress
20.0714      -0.000341602 -0.0128368    0.0682585    0.0237678    0.0312102   
-0.000341602 20.0848      0.0370802     0.0237678    0.092132     0.06706     
-0.0128368   0.0370802    20.0377       0.0312102    0.06706      0.0461972   

Stress Spherical
0            0            0             0            0            0           
0            0            0             0            0            0           
0            0            0             0            0            0           

Inertia
266.724      -99.9071     -99.989       0.25439      0.135465     0.179592    
-99.9071     266.571      -100.018      0.135465     0.291441     0.148825    
-99.989      -100.018     266.453       0.179592     0.148825     0.197669    

Bond Length
0.62411372    0.00056003996

BB bond length
0.62411372    0.00056003996

Water EE distance
0             0           

PEG EE distance
4.8601327     0.048820692 

BBB P2(x)
0.077514005   0.0050995417

BBB first bond length
0.62431018    0.00076340461

BBB second bond length
0.62414916    0.00054012364

BBB <phi**2>/<phi>**2
1.1190439     0.0020210359

Time = 10000
Temperature
1.009328      0.005691759 

Pressure
23.106153     0.074162983 

CM Mom
-8.2547652e-17 2.1685098e-17 
1.0419878e-16  1.9128642e-17 
6.6181034e-18  2.2021252e-17 
1.3531789e-16  2.6934221e-17 

CM Pos
9.9963669      0.010419302   
9.999731       0.0099859588  
9.9947387      0.010788429   
17.315224      0.010194774   

Stress
20.0678      -0.0282016   0.0261383     0.0848781    0.0398389    0.0583093   
-0.0282016   20.0961      -0.00766806   0.0398389    0.069963     0.0423622   
0.0261383    -0.00766806  20.0718       0.0583093    0.0423622    0.0920058   

Stress Spherical
0            0            0             0            0            0           
0            0            0             0            0            0           
0            0            0             0            0            0           

Inertia
266.552      -99.9475     -99.9066      0.345787     0.165698     0.145923    
-99.9475     266.486      -99.9148      0.165698     0.221071     0.19615     
-99.9066     -99.9148     266.588       0.145923     0.19615      0.283977    

Bond Length
0.62436131    0.0010948805

BB bond length
0.62436131    0.0010948805

Water EE distance
0             0           

PEG EE distance
4.8283497     0.049544838 

BBB P2(x)
0.075562034   0.0046535118

BBB first bond length
0.62459144    0.0011389431

BBB second bond length
0.62458706    0.0012697594

BBB <phi**2>/<phi>**2
1.118133      0.0029305832

Time = 11000
Temperature
1.0104127     0.0050620497

Pressure
23.053796     0.049600526 

CM Mom
-9.0194228e-17 1.761771e-17  
1.0494654e-16  2.1251191e-17 
-4.9571872e-18 1.563909e-17  
1.4123404e-16  1.5260146e-17 

CM Pos
10.004451      0.013751466   
9.9966473      0.0092916135  
9.9980725      0.012433592   
17.32004       0.0099718652  

Stress
20.0198      -0.00651481  0.00465999    0.0713024    0.0639728    0.0528013   
-0.00651481  20.0105      0.021163      0.0639728    0.0802115    0.0588988   
0.00465999   0.021163     20.0385       0.0528013    0.0588988    0.0668077   

Stress Spherical
0            0            0             0            0            0           
0            0            0             0            0            0           
0            0            0             0            0            0           

Inertia
266.561      -100.078     -99.9984      0.231191     0.148743     0.230651    
-100.078     266.715      -99.9227      0.148743     0.408516     0.127127    
-99.9984     -99.9227     266.7         0.230651     0.127127     0.233817    

Bond Length
0.62454491    0.0011839608

BB bond length
0.62454491    0.0011839608

Water EE distance
0             0           

PEG EE distance
4.8897659     0.075436354 

BBB P2(x)
0.07466128    0.0071561907

BBB first bond length
0.62460917    0.0011363576

BBB second bond length
0.62461579    0.0012720672

BBB <phi**2>/<phi>**2
1.1170991     0.0036255972

Time = 12000
Temperature
1.0119014     0.0062270648

Pressure
23.064753     0.045780244 

CM Mom
-8.6765639e-17 1.8795778e-17 
1.1346741e-16  1.4695307e-17 
1.0364244e-18  2.2645901e-17 
1.4611484e-16  1.1693055e-17 

CM Pos
10.001034      0.0077222382  
10.002815      0.0087748741  
10.005157      0.008401199   
17.32571       0.010629881   

Stress
20.028       -0.0189114   -0.0120464    0.0681119    0.0381019    0.0412429   
-0.0189114   20.0221      -0.00773483   0.0381019    0.0622043    0.0545166   
-0.0120464   -0.00773483  20.0381       0.0412429    0.0545166    0.0750546   

Stress Spherical
0            0            0             0            0            0           
0            0            0             0            0            0           
0            0            0             0            0            0           

Inertia
266.818      -100.049     -100.081      0.314286     0.1647       0.131347    
-100.049     266.784      -100.071      0.1647       0.269261     0.137848    
-100.081     -100.071     266.744       0.131347     0.137848     0.229975    

Bond Length
0.62425105    0.00073926119

BB bond length
0.62425105    0.00073926119

Water EE distance
0             0           

PEG EE distance
4.8861114     0.056482243 

BBB P2(x)
0.07429182    0.0043524543

BBB first bond length
0.6242873     0.0007662149

BBB second bond length
0.6243039     0.00071298839

BBB <phi**2>/<phi>**2
1.1192311     0.0028136907

Time = 13000
Temperature
1.0082529     0.0048299802

Pressure
23.028727     0.11262901  

CM Mom
-6.7528042e-17 2.5522269e-17 
1.1285359e-16  8.3398052e-18 
8.69448e-18    1.0232319e-17 
1.3446816e-16  1.0747803e-17 

CM Pos
10.000784      0.013556112   
9.9958138      0.0092841348  
9.9963222      0.011500532   
17.31643       0.0095137391  

Stress
20.0122      -0.0146753   -0.0169689    0.0981495    0.0327459    0.0468892   
-0.0146753   20.0341      0.0180267     0.0327459    0.163863     0.0377514   
-0.0169689   0.0180267    19.9667       0.0468892    0.0377514    0.11014     

Stress Spherical
0            0            0             0            0            0           
0            0            0             0            0            0           
0            0            0             0            0            0           

Inertia
266.524      -99.9804     -99.9896      0.348874     0.11186      0.170196    
-99.9804     266.623      -99.8942      0.11186      0.247196     0.208244    
-99.9896     -99.8942     266.599       0.170196     0.208244     0.282379    

Bond Length
0.62436873    0.0007056932

BB bond length
0.62436873    0.0007056932

Water EE distance
0             0           

PEG EE distance
5.0686678     0.039559775 

BBB P2(x)
0.075781202   0.0086658629

BBB first bond length
0.62450683    0.00078821565

BBB second bond length
0.62445844    0.00067610482

BBB <phi**2>/<phi>**2
1.1181499     0.0035151186

Time = 14000
Temperature
1.0105516     0.0024470746

Pressure
23.102624     0.043641261 

CM Mom
-7.5632469e-17 1.2520282e-17 
1.2028145e-16  8.0843289e-18 
2.5240837e-17  7.7721844e-18 
1.4499021e-16  9.2388997e-18 

CM Pos
10.003368      0.0090691636  
10.002648      0.013511202   
9.9981558      0.0046171235  
17.322922      0.010922274   

Stress
20.1076      0.00153768   -0.0236243    0.0547611    0.0424425    0.0475996   
0.00153768   20.0491      0.0077595     0.0424425    0.0846293    0.0614166   
-0.0236243   0.0077595    20.0574       0.0475996    0.0614166    0.0598744   

Stress Spherical
0            0            0             0            0            0           
0            0            0             0            0            0           
0            0            0             0            0            0           

Inertia
266.693      -100.059     -100.021      0.294324     0.193875     0.101317    
-100.059     266.709      -100          0.193875     0.227389     0.179855    
-100.021     -100         266.788       0.101317     0.179855     0.402251    

Bond Length
0.62387129    0.0013078443

BB bond length
0.62387129    0.0013078443

Water EE distance
0             0           

PEG EE distance
5.1645176     0.079202758 

BBB P2(x)
0.078670423   0.0087493088

BBB first bond length
0.62405711    0.0015707226

BBB second bond length
0.62391827    0.0013656241

BBB <phi**2>/<phi>**2
1.1192262     0.0032047172

Time = 15000
Temperature
1.0111111     0.0039408634

Pressure
23.098493     0.051025019 

CM Mom
-4.4577789e-17 1.260723e-17  
1.1079121e-16  2.3590363e-17 
3.2564136e-17  1.8943859e-17 
1.2666758e-16  1.8759946e-17 

CM Pos
9.9953668      0.0073043559  
9.9928968      0.013163037   
9.9984058      0.006921045   
17.312819      0.0065662847  

Stress
20.07        0.00730328   0.000813056   0.0551727    0.0304401    0.0680898   
0.00730328   20.0952      -0.00298199   0.0304401    0.0888848    0.057207    
0.000813056  -0.00298199  20.0314       0.0680898    0.057207     0.0787781   

Stress Spherical
0            0            0             0            0            0           
0            0            0             0            0            0           
0            0            0             0            0            0           

Inertia
266.511      -99.8769     -99.9657      0.321474     0.147173     0.095476    
-99.8769     266.55       -99.9         0.147173     0.159616     0.135559    
-99.9657     -99.9        266.426       0.095476     0.135559     0.278944    

Bond Length
0.62422935    0.00083861487

BB bond length
0.62422935    0.00083861487

Water EE distance
0             0           

PEG EE distance
5.1553679     0.067442795 

BBB P2(x)
0.078968618   0.0048540274

BBB first bond length
0.62429078    0.00080539777

BBB second bond length
0.62447887    0.00077306684

BBB <phi**2>/<phi>**2
1.1196213     0.0033994696

Time = 16000
Temperature
1.0122566     0.0042863601

Pressure
23.096055     0.056971911 

CM Mom
-6.2687703e-17 9.5300985e-18 
1.18096e-16    1.0670347e-17 
3.2209052e-17  1.1736617e-17 
1.3827211e-16  1.1708461e-17 

CM Pos
9.9980338      0.0094325835  
9.9983141      0.011900659   
10.002573      0.012394424   
17.319895      0.008040435   

Stress
20.0402      0.0318954    0.0236408     0.0510026    0.0630545    0.0499105   
0.0318954    20.0878      -0.0370439    0.0630545    0.0844826    0.0584068   
0.0236408    -0.0370439   20.0509       0.0499105    0.0584068    0.0800516   

Stress Spherical
0            0            0             0            0            0           
0            0            0             0            0            0           
0            0            0             0            0            0           

Inertia
266.702      -99.9763     -100.01       0.23254      0.163767     0.169982    
-99.9763     266.677      -100.054      0.163767     0.307884     0.170176    
-100.01      -100.054     266.603       0.169982     0.170176     0.295545    

Bond Length
0.62396651    0.00085116071

BB bond length
0.62396651    0.00085116071

Water EE distance
0             0           

PEG EE distance
4.9682439     0.080161178 

BBB P2(x)
0.074253468   0.0052384003

BBB first bond length
0.62415622    0.00084265255

BBB second bond length
0.62403261    0.0007682625

BBB <phi**2>/<phi>**2
1.117999      0.0020554992

Time = 17000
Temperature
1.0125515     0.0061940292

Pressure
23.090192     0.046611156 

CM Mom
-5.0397472e-17 1.6365143e-17 
1.2874394e-16  1.5798807e-17 
2.8811345e-17  1.7264877e-17 
1.4369603e-16  1.0580538e-17 

CM Pos
10.000784      0.0087633884  
9.9985642      0.010303661   
10.003406      0.011242451   
17.322105      0.010600212   

Stress
20.0597      0.00954665   -0.00820791   0.0837272    0.0462888    0.0648487   
0.00954665   20.0524      -0.00433897   0.0462888    0.0564587    0.0671613   
-0.00820791  -0.00433897  20.0467       0.0648487    0.0671613    0.0652555   

Stress Spherical
0            0            0             0            0            0           
0            0            0             0            0            0           
0            0            0             0            0            0           

Inertia
266.742      -99.9697     -100.002      0.283449     0.144503     0.15612     
-99.9697     266.757      -100.02       0.144503     0.209419     0.175799    
-100.002     -100.02      266.665       0.15612      0.175799     0.269176    

Bond Length
0.62423807    0.00072469631

BB bond length
0.62423807    0.00072469631

Water EE distance
0             0           

PEG EE distance
4.9737302     0.045574205 

BBB P2(x)
0.077970535   0.0054949127

BBB first bond length
0.62452421    0.00088269051

BBB second bond length
0.62430536    0.00083924631

BBB <phi**2>/<phi>**2
1.1184022     0.0032037547

Time = 18000
Temperature
1.0078142     0.0053381414

Pressure
23.088697     0.054456117 

CM Mom
-4.6723331e-17 1.279865e-17  
1.2420068e-16  2.6088912e-17 
4.0436081e-17  1.0703995e-17 
1.4001548e-16  2.4466985e-17 

CM Pos
9.9980338      0.011623092   
10.000064      0.0096822341  
10.000406      0.010765226   
17.319651      0.011450826   

Stress
20.076       0.0321375    -0.0232898    0.10578      0.0359729    0.0585753   
0.0321375    20.0684      -0.0141325    0.0359729    0.0677628    0.0458459   
-0.0232898   -0.0141325   20.0525       0.0585753    0.0458459    0.0532821   

Stress Spherical
0            0            0             0            0            0           
0            0            0             0            0            0           
0            0            0             0            0            0           

Inertia
266.668      -99.9763     -100.004      0.30862      0.153514     0.156227    
-99.9763     266.63       -100.018      0.153514     0.314082     0.148397    
-100.004     -100.018     266.624       0.156227     0.148397     0.262054    

Bond Length
0.62320684    0.001374909 

BB bond length
0.62320684    0.001374909 

Water EE distance
0             0           

PEG EE distance
4.9533035     0.03259651  

BBB P2(x)
0.075164931   0.008076627 

BBB first bond length
0.62349486    0.0013183603

BBB second bond length
0.62329258    0.0013616162

BBB <phi**2>/<phi>**2
1.1175956     0.0031647505

Time = 19000
Temperature
1.009973      0.0035682559

Pressure
23.083646     0.066744986 

CM Mom
-3.3385457e-17 8.5381555e-18 
1.0497685e-16  1.675315e-17  
2.9789504e-17  2.3434308e-17 
1.1672127e-16  1.734995e-17  

CM Pos
9.9973671      0.0087526812  
9.9980641      0.0096318841  
10.002073      0.0079696849  
17.319073      0.0059805445  

Stress
20.0547      -0.0109354   -0.000351155  0.109068     0.0268273    0.0523566   
-0.0109354   20.025       -0.0209337    0.0268273    0.0759132    0.0522412   
-0.000351155 -0.0209337   20.0827       0.0523566    0.0522412    0.0771439   

Stress Spherical
0            0            0             0            0            0           
0            0            0             0            0            0           
0            0            0             0            0            0           

Inertia
266.67       -99.9331     -99.968       0.166618     0.154986     0.157476    
-99.9331     266.671      -99.9737      0.154986     0.240072     0.0805075   
-99.968      -99.9737     266.593       0.157476     0.0805075    0.238903    

Bond Length
0.62492318    0.00088214123

BB bond length
0.62492318    0.00088214123

Water EE distance
0             0           

PEG EE distance
4.9710171     0.062162915 

BBB P2(x)
0.075570724   0.0055020341

BBB first bond length
0.62507073    0.0010116097

BBB second bond length
0.62508604    0.00094058316

BBB <phi**2>/<phi>**2
1.1194277     0.0028927014

Time = 20000
Temperature
1.0104876     0.0043022769

Pressure
23.10053      0.052778854 

CM Mom
-3.7681401e-17 1.0756413e-17 
1.0831799e-16  1.6282767e-17 
3.0469485e-17  1.9592091e-17 
1.2051827e-16  1.7919032e-17 

CM Pos
10.003868      0.010863179   
9.9963972      0.012047713   
9.9992393      0.0084486067  
17.320226      0.014934086   

Stress
20.1012      0.0029004    -0.00805278   0.027826     0.0381288    0.052892    
0.0029004    20.0686      -0.0142333    0.0381288    0.065871     0.0473521   
-0.00805278  -0.0142333   20.0386       0.052892     0.0473521    0.116511    

Stress Spherical
0            0            0             0            0            0           
0            0            0             0            0            0           
0            0            0             0            0            0           

Inertia
266.573      -99.9752     -99.9817      0.311175     0.172205     0.184127    
-99.9752     266.736      -99.9548      0.172205     0.293343     0.212159    
-99.9817     -99.9548     266.667       0.184127     0.212159     0.39639     

Bond Length
0.62376271    0.0011095424

BB bond length
0.62376271    0.0011095424

Water EE distance
0             0           

PEG EE distance
5.0883296     0.072932826 

BBB P2(x)
0.076804131   0.0079911908

BBB first bond length
0.62390247    0.0012188751

BBB second bond length
0.62385847    0.0011027972

BBB <phi**2>/<phi>**2
1.1193813     0.003474575 

Time = 21000
Temperature
1.0123059     0.0040662097

Pressure
23.113168     0.091692021 

CM Mom
-3.3423684e-17 1.8201883e-17 
1.0376528e-16  2.5777112e-17 
2.008286e-17   1.4536681e-17 
1.1361505e-16  2.4215716e-17 

CM Pos
10.002368      0.0092990863  
9.9980641      0.012247846   
9.9969056      0.010249587   
17.318974      0.015856297   

Stress
20.0747      0.0218353    0.0260454     0.0897153    0.0555869    0.0532753   
0.0218353    20.0713      -0.018996     0.0555869    0.119514     0.0484883   
0.0260454    -0.018996    20.0839       0.0532753    0.0484883    0.106583    

Stress Spherical
0            0            0             0            0            0           
0            0            0             0            0            0           
0            0            0             0            0            0           

Inertia
266.553      -100.008     -99.9557      0.395089     0.189326     0.187711    
-100.008     266.653      -99.9625      0.189326     0.357487     0.188485    
-99.9557     -99.9625     266.664       0.187711     0.188485     0.441088    

Bond Length
0.62324358    0.0011750607

BB bond length
0.62324358    0.0011750607

Water EE distance
0             0           

PEG EE distance
5.0070027     0.072980982 

BBB P2(x)
0.079111934   0.0059729717

BBB first bond length
0.62330817    0.0010565784

BBB second bond length
0.6233216     0.0011671396

BBB <phi**2>/<phi>**2
1.1187563     0.0021470967

Time = 22000
Temperature
1.0088455     0.005076793 

Pressure
23.095846     0.052627144 

CM Mom
-3.5334475e-17 1.5665835e-17 
1.1278677e-16  3.2838043e-17 
1.4753528e-17  2.0595366e-17 
1.2209083e-16  3.2074922e-17 

CM Pos
10.002534      0.0114339     
9.9962305      0.014378669   
10.006073      0.011573684   
17.323309      0.016447495   

Stress
20.0965      -0.00141751  -0.0104203    0.0654264    0.0434397    0.037081    
-0.00141751  20.071       0.0114794     0.0434397    0.110596     0.0596132   
-0.0104203   0.0114794    20.0415       0.037081     0.0596132    0.0969339   

Stress Spherical
0            0            0             0            0            0           
0            0            0             0            0            0           
0            0            0             0            0            0           

Inertia
266.705      -100.036     -100.079      0.47341      0.23032      0.227829    
-100.036     266.841      -100.025      0.23032      0.373562     0.232821    
-100.079     -100.025     266.622       0.227829     0.232821     0.418352    

Bond Length
0.62318448    0.0010940546

BB bond length
0.62318448    0.0010940546

Water EE distance
0             0           

PEG EE distance
4.9744039     0.10589449  

BBB P2(x)
0.076652709   0.0087876445

BBB first bond length
0.62347273    0.001054465 

BBB second bond length
0.62330281    0.00099991736

BBB <phi**2>/<phi>**2
1.118849      0.0031033714

Time = 23000
Temperature
1.0100508     0.0055039407

Pressure
23.092542     0.0435307   

CM Mom
-5.8336212e-17 1.8894976e-17 
1.3321977e-16  2.6468455e-17 
1.6723437e-17  1.6446326e-17 
1.4812902e-16  2.8568629e-17 

CM Pos
10.006285      0.01251156    
10.002731      0.01109568    
9.9976557      0.016031707   
17.324374      0.0097541136  

Stress
20.0683      0.00972183   -0.00968901   0.0710163    0.0434866    0.0274469   
0.00972183   20.0598      -0.0139473    0.0434866    0.0768901    0.045827    
-0.00968901  -0.0139473   20.0602       0.0274469    0.045827     0.0576635   

Stress Spherical
0            0            0             0            0            0           
0            0            0             0            0            0           
0            0            0             0            0            0           

Inertia
266.669      -100.083     -100.058      0.36523      0.140326     0.170919    
-100.083     266.729      -100.014      0.140326     0.375021     0.221631    
-100.058     -100.014     266.835       0.170919     0.221631     0.292052    

Bond Length
0.62382686    0.0010641549

BB bond length
0.62382686    0.0010641549

Water EE distance
0             0           

PEG EE distance
4.8452352     0.080977696 

BBB P2(x)
0.071527243   0.0041894978

BBB first bond length
0.6240095     0.001084119 

BBB second bond length
0.62393446    0.0010429522

BBB <phi**2>/<phi>**2
1.1166242     0.0018031045

Time = 24000
Temperature
1.0104987     0.0038609123

Pressure
23.090039     0.058822771 

CM Mom
-7.5612748e-17 2.5135683e-17 
1.3654802e-16  9.834773e-18  
3.2421987e-17  1.5628911e-17 
1.6188645e-16  1.3393991e-17 

CM Pos
10.001034      0.011507777   
10.000398      0.0096994368  
9.9979891      0.0090307868  
17.320182      0.0066461014  

Stress
20.0541      0.0179749    0.00901196    0.0775895    0.0312419    0.0360593   
0.0179749    20.0736      -0.0181529    0.0312419    0.0822762    0.0474459   
0.00901196   -0.0181529   20.0491       0.0360593    0.0474459    0.0876225   

Stress Spherical
0            0            0             0            0            0           
0            0            0             0            0            0           
0            0            0             0            0            0           

Inertia
266.618      -100.007     -99.9589      0.299761     0.1208       0.120545    
-100.007     266.641      -100.033      0.1208       0.239159     0.174314    
-99.9589     -100.033     266.686       0.120545     0.174314     0.160224    

Bond Length
0.62413837    0.0013155042

BB bond length
0.62413837    0.0013155042

Water EE distance
0             0           

PEG EE distance
4.8716633     0.045487368 

BBB P2(x)
0.07456469    0.0044677723

BBB first bond length
0.62424933    0.0012970746

BBB second bond length
0.62453756    0.0013818766

BBB <phi**2>/<phi>**2
1.1188437     0.0015951886

Time = 25000
Temperature
1.0115105     0.0045512791

Pressure
23.087156     0.046473875 

CM Mom
-4.3405894e-17 1.5421748e-17 
1.460578e-16   2.9446538e-17 
2.8551798e-17  1.5123702e-17 
1.5668377e-16  2.8565895e-17 

CM Pos
10.000034      0.01561022    
10.001064      0.016019354   
10.006907      0.012580214   
17.325148      0.0084492913  

Stress
20.0453      -0.0148147   0.013998      0.0745896    0.0295178    0.0468444   
-0.0148147   20.0445      -0.00365176   0.0295178    0.059881     0.0373102   
0.013998     -0.00365176  20.0692       0.0468444    0.0373102    0.0979798   

Stress Spherical
0            0            0             0            0            0           
0            0            0             0            0            0           
0            0            0             0            0            0           

Inertia
266.809      -100.04      -100.098      0.177373     0.239578     0.134356    
-100.04      266.787      -100.112      0.239578     0.346172     0.132078    
-100.098     -100.112     266.661       0.134356     0.132078     0.453385    

Bond Length
0.62362906    0.00077319949

BB bond length
0.62362906    0.00077319949

Water EE distance
0             0           

PEG EE distance
4.8039581     0.054687092 

BBB P2(x)
0.074301313   0.0059690546

BBB first bond length
0.62376516    0.00074864231

BBB second bond length
0.6238371     0.00097425801

BBB <phi**2>/<phi>**2
1.1177058     0.0018046855

Time = 26000
Temperature
1.0083816     0.0065411295

Pressure
23.102977     0.090824722 

CM Mom
-3.4840725e-17 1.3265044e-17 
1.355868e-16   1.1248307e-17 
3.428219e-17   1.8238556e-17 
1.4578359e-16  1.2457994e-17 

CM Pos
9.9974504      0.013571475   
9.9985642      0.014349655   
10.003573      0.011716839   
17.320283      0.0094345694  

Stress
20.0727      0.0254808    -0.0164702    0.106993     0.0282326    0.0591739   
0.0254808    20.0633      -0.00172253   0.0282326    0.0844027    0.0237632   
-0.0164702   -0.00172253  20.0986       0.0591739    0.0237632    0.104232    

Stress Spherical
0            0            0             0            0            0           
0            0            0             0            0            0           
0            0            0             0            0            0           

Inertia
266.7        -99.9787     -100.024      0.267799     0.208208     0.172934    
-99.9787     266.693      -100.031      0.208208     0.27599      0.180665    
-100.024     -100.031     266.579       0.172934     0.180665     0.390976    

Bond Length
0.62367436    0.00062749529

BB bond length
0.62367436    0.00062749529

Water EE distance
0             0           

PEG EE distance
4.9744027     0.067419992 

BBB P2(x)
0.080622098   0.0066435941

BBB first bond length
0.62380796    0.00071089805

BBB second bond length
0.62391113    0.00068768097

BBB <phi**2>/<phi>**2
1.121177      0.0027565871

Time = 27000
Temperature
1.0112048     0.0056323573

Pressure
23.082032     0.053373834 

CM Mom
-2.0403477e-17 1.4780455e-17 
1.3941159e-16  5.9383494e-18 
2.2091111e-17  1.8902397e-17 
1.4446825e-16  8.9366692e-18 

CM Pos
9.999784       0.0092732799  
10.001731      0.014206626   
10.000239      0.012701106   
17.321531      0.010293683   

Stress
20.0449      -0.0138033   0.00163081    0.0681096    0.0389517    0.0614472   
-0.0138033   20.0468      0.0158659     0.0389517    0.0737026    0.0370184   
0.00163081   0.0158659    20.0547       0.0614472    0.0370184    0.0521761   

Stress Spherical
0            0            0             0            0            0           
0            0            0             0            0            0           
0            0            0             0            0            0           

Inertia
266.688      -100.025     -100          0.335172     0.174417     0.167421    
-100.025     266.656      -100.004      0.174417     0.294053     0.217972    
-100         -100.004     266.686       0.167421     0.217972     0.281877    

Bond Length
0.6239366     0.00073364638

BB bond length
0.6239366     0.00073364638

Water EE distance
0             0           

PEG EE distance
5.0171381     0.085026439 

BBB P2(x)
0.076066968   0.0058248463

BBB first bond length
0.62407159    0.00076974892

BBB second bond length
0.62389692    0.0008099151

BBB <phi**2>/<phi>**2
1.1183648     0.0033443573

Time = 28000
Temperature
1.0126915     0.0064852956

Pressure
23.080138     0.032980665 

CM Mom
-1.6868709e-17 1.474891e-17  
1.4493058e-16  4.0298685e-17 
3.126455e-17   1.9821676e-17 
1.5104645e-16  4.1064361e-17 

CM Pos
10.003618      0.010303661   
10.001815      0.0114339     
9.9931552      0.016612189   
17.319705      0.011682331   

Stress
20.0461      -0.0253102   0.000356869   0.0199377    0.0422942    0.0458704   
-0.0253102   20.0499      0.0300251     0.0422942    0.0618802    0.0450316   
0.000356869  0.0300251    20.0313       0.0458704    0.0450316    0.038222    

Stress Spherical
0            0            0             0            0            0           
