Time = 500
Temperature
   1.0320564   0.047606642

Pressure
   23.462394    0.16758263

CM Mom
-3.3903255e-17 2.0276386e-17 
1.2601659e-17  1.1015815e-17 
-4.9979775e-17 2.6162799e-17 
6.8634034e-17  1.7679136e-17 

CM Pos
7.507885       0.042174113   
7.5129895      0.013105498   
7.5049911      0.019281666   
13.005374      0.028267954   

Stress
20.3775      0.0265005    -0.0327452    0.0837349    0.0845041    0.0499509   
0.0265005    20.3397      -0.0280721    0.0845041    0.114024     0.0522199   
-0.0327452   -0.0280721   20.3824       0.0499509    0.0522199    0.0399629   

Stress Spherical
0            0            0             0            0            0           
0            0            0             0            0            0           
0            0            0             0            0            0           

Inertia
150.085      -56.4126     -56.3389      0.502041     0.27779      0.340119    
-56.4126     150.047      -56.4259      0.27779      0.593027     0.230175    
-56.3389     -56.4259     150.178       0.340119     0.230175     0.687201    

Bond Length
0.61249815    0.0060943604

BB bond length
0.61249815    0.0060943604

Water EE distance
0             0           

PEG EE distance
3.9922266     0.32867082  

Time = 1000
Temperature
1.0180464     0.005465466 

Pressure
23.396222     0.094675337 

CM Mom
-3.8524432e-18 1.0649569e-17 
-1.1561168e-17 1.5599556e-17 
-7.8665837e-17 2.0004731e-17 
8.2138794e-17  1.8627483e-17 

CM Pos
7.4984026      0.013085383   
7.5112116      0.024352842   
7.498472       0.008412724   
12.995079      0.013620644   

Stress
20.3333      -0.0427967   -0.0226565    0.152658     0.090537     0.0634017   
-0.0427967   20.3358      -0.0267999    0.090537     0.0782229    0.0502696   
-0.0226565   -0.0267999   20.358        0.0634017    0.0502696    0.107531    

Stress Spherical
0            0            0             0            0            0           
0            0            0             0            0            0           
0            0            0             0            0            0           

Inertia
149.983      -56.2859     -56.1762      0.393621     0.143462     0.158331    
-56.2859     149.807      -56.372       0.143462     0.308426     0.221336    
-56.1762     -56.372      150.023       0.158331     0.221336     0.289926    

Bond Length
0.6143717     0.0040240614

BB bond length
0.6143717     0.0040240614

Water EE distance
0             0           

PEG EE distance
3.5887949     0.32818962  

