Time = 1000
Temperature
   1.0247231   0.033380097

Pressure
   23.698123    0.14407328

CM Mom
-2.5938879e-17 2.4701503e-17 
-1.6295572e-17 1.7661577e-17 
-6.4030076e-17 2.1503628e-17 
7.6428228e-17  2.411326e-17  

CM Pos
7.5050602      0.035584061   
7.5009998      0.013265328   
7.4989797      0.017646305   
12.993333      0.025804039   

Stress
20.634       0.00669256   -0.0157222    0.0811605    0.0505758    0.0502274   
0.00669256   20.5946      -0.0437934    0.0505758    0.0697901    0.0494636   
-0.0157222   -0.0437934   20.6441       0.0502274    0.0494636    0.103397    

Stress Spherical
0            0            0             0            0            0           
0            0            0             0            0            0           
0            0            0             0            0            0           

Inertia
149.999      -56.323      -56.304       0.306259     0.227412     0.3749      
-56.323      150.044      -56.2141      0.227412     0.754386     0.142547    
-56.304      -56.2141     150.084       0.3749       0.142547     0.47306     

Bond Length
0.56979863    0.0061889616

BB bond length
0.56979863    0.0061889616

Water EE distance
0             0           

PEG EE distance
2.2257078     0.26013071  

Time = 2000
Temperature
1.0050867     0.0070381463

Pressure
23.638909     0.086161392 

CM Mom
-4.4690205e-17 1.8243912e-17 
-2.8009033e-17 2.325917e-17  
-8.6353452e-17 2.0873088e-17 
1.0491868e-16  2.3242731e-17 

CM Pos
7.4995781      0.010745633   
7.5063336      0.014322062   
7.4995723      0.016451407   
12.993564      0.013515876   

Stress
20.6525      0.0352655    0.00412565    0.141261     0.0684862    0.0686235   
0.0352655    20.605       0.0537003     0.0684862    0.126942     0.0647441   
0.00412565   0.0537003    20.6144       0.0686235    0.0647441    0.0700911   

Stress Spherical
0            0            0             0            0            0           
0            0            0             0            0            0           
0            0            0             0            0            0           

Inertia
150.092      -56.3041     -56.2767      0.34726      0.104631     0.159297    
-56.3041     149.977      -56.2655      0.104631     0.366548     0.170851    
-56.2767     -56.2655     150.087       0.159297     0.170851     0.182804    

Bond Length
0.57196629    0.0054707744

BB bond length
0.57196629    0.0054707744

Water EE distance
0             0           

PEG EE distance
2.3113602     0.13962315  

Time = 3000
Temperature
1.0141284     0.0054991698

Pressure
23.686521     0.072044413 

CM Mom
-3.220376e-17  1.1797396e-17 
-3.354411e-17  1.5811634e-17 
-7.0858965e-17 2.6468902e-17 
8.8762151e-17  1.98583e-17   

CM Pos
7.5000226      0.011323553   
7.497592       0.0087466251  
7.4995723      0.007180929   
12.988761      0.012225659   

Stress
20.6707      -0.0193327   0.00687732    0.0670025    0.0654864    0.0787351   
-0.0193327   20.6405      0.0099035     0.0654864    0.111201     0.0775819   
0.00687732   0.0099035    20.6221       0.0787351    0.0775819    0.0890249   

Stress Spherical
0            0            0             0            0            0           
0            0            0             0            0            0           
0            0            0             0            0            0           

Inertia
149.951      -56.2045     -56.3009      0.181254     0.117135     0.132031    
-56.2045     149.968      -56.1988      0.117135     0.260882     0.109377    
-56.3009     -56.1988     149.943       0.132031     0.109377     0.283069    

Bond Length
0.57231936    0.0071247955

BB bond length
0.57231936    0.0071247955

Water EE distance
0             0           

PEG EE distance
2.1266598     0.23805382  

