Time = 500
Temperature
   1.0360929   0.049617882

Pressure
   20.844731     0.1737908

CM Mom
-7.5878039e-18 5.2292674e-18 
-1.8799054e-17 3.2478325e-17 
7.9295376e-18  1.2873349e-17 
3.7764467e-17  1.7193363e-17 

CM Pos
7.5336724      0.011610567   
7.4976889      0.019129169   
7.479084       0.015271834   
12.996492      0.013758024   

Stress
17.7592      -0.000545507 0.0352056     0.0814053    0.0646749    0.0569411   
-0.000545507 17.7784      -0.0186932    0.0646749    0.0281234    0.0549214   
0.0352056    -0.0186932   17.6764       0.0569411    0.0549214    0.0563655   

Stress Spherical
0            0            0             0            0            0           
0            0            0             0            0            0           
0            0            0             0            0            0           

Inertia
148.769      -56.511      -56.2661      0.331263     0.158697     0.187158    
-56.511      149.243      -56.0023      0.158697     0.261726     0.106529    
-56.2661     -56.0023     149.711       0.187158     0.106529     0.768715    

Bond Length
0.61229471    0.002734287 

BB bond length
0.61229471    0.002734287 

Water EE distance
0             0           

PEG EE distance
3.5975243     0.11023948  

Time = 1000
Temperature
1.0008103     0.0071985135

Pressure
20.665015     0.075783287 

CM Mom
-4.4529597e-18 2.5823086e-17 
2.2588979e-17  1.2448051e-17 
1.4952905e-17  2.3828582e-17 
4.2787813e-17  1.7676829e-17 

CM Pos
7.5413799      0.014358357   
7.5065822      0.018331571   
7.4921275      0.0090208245  
13.013587      0.018495008   

Stress
17.59        0.0734832    0.0309754     0.0736399    0.0273612    0.0505438   
0.0734832    17.6895      -0.0117769    0.0273612    0.117242     0.0551816   
0.0309754    -0.0117769   17.7127       0.0505438    0.0551816    0.101883    

Stress Spherical
0            0            0             0            0            0           
0            0            0             0            0            0           
0            0            0             0            0            0           

Inertia
149.333      -56.6258     -56.4432      0.33237      0.201964     0.186237    
-56.6258     149.824      -56.1092      0.201964     0.357688     0.179481    
-56.4432     -56.1092     150.158       0.186237     0.179481     0.442483    

Bond Length
0.61618888    0.0024039642

BB bond length
0.61618888    0.0024039642

Water EE distance
0             0           

PEG EE distance
3.7616262     0.087976146 

