Time = 1000
Temperature
   1.0335043   0.048451891

Pressure
   23.625363    0.20724731

CM Mom
-9.9809412e-18 1.8810765e-17 
2.5636289e-17  2.5166322e-17 
-3.4347525e-17 3.7922105e-17 
5.9824168e-17  2.7980969e-17 

CM Pos
7.5008859      0.022636792   
7.4956093      0.03366003    
7.5052834      0.024773463   
12.991459      0.031412389   

Stress
20.5818      0.00419282   0.0317765     0.113944     0.0581512    0.0680344   
0.00419282   20.5306      0.0192942     0.0581512    0.1259       0.0589764   
0.0317765    0.0192942    20.4777       0.0680344    0.0589764    0.127483    

Stress Spherical
0            0            0             0            0            0           
0            0            0             0            0            0           
0            0            0             0            0            0           

Inertia
150.023      -56.2283     -56.2833      0.426364     0.313277     0.198945    
-56.2283     150.078      -56.2973      0.313277     0.374005     0.419931    
-56.2833     -56.2973     149.954       0.198945     0.419931     0.444547    

Bond Length
0.61921281    0.0058509541

BB bond length
0.61921281    0.0058509541

Water EE distance
0             0           

PEG EE distance
7.0477224     0.25309964  

BBB P2(x)
0.48332925    0.055902659 

BBB first bond length
0.61938109    0.0057888949

BBB second bond length
0.61920152    0.0060781635

BBB <phi**2>/<phi>**2
1.2190589     0.020615801 

Time = 2000
Temperature
1.0110475     0.0080390493

Pressure
23.491569     0.085373298 

CM Mom
-3.3196855e-17 2.7810538e-17 
2.7942022e-17  1.1497015e-17 
-2.9287377e-17 1.4189361e-17 
5.7226005e-17  2.3930481e-17 

CM Pos
7.4994019      0.0088155996  
7.5028808      0.020008889   
7.5037995      0.027423004   
12.993919      0.02350897    

Stress
20.458       -0.0035699   0.0211125     0.119057     0.0587763    0.0482474   
-0.0035699   20.4597      -0.0283904    0.0587763    0.0924005    0.0736755   
0.0211125    -0.0283904   20.4728       0.0482474    0.0736755    0.112772    

Stress Spherical
0            0            0             0            0            0           
0            0            0             0            0            0           
0            0            0             0            0            0           

Inertia
150.04       -56.2454     -56.266       0.497058     0.191671     0.236077    
-56.2454     149.99       -56.2693      0.191671     0.347521     0.308323    
-56.266      -56.2693     149.979       0.236077     0.308323     0.326873    

Bond Length
0.61904524    0.0033549386

BB bond length
0.61904524    0.0033549386

Water EE distance
0             0           

PEG EE distance
7.5678329     0.35682631  

BBB P2(x)
0.51789081    0.01387834  

BBB first bond length
0.61897309    0.003457487 

BBB second bond length
0.61886957    0.0032644627

BBB <phi**2>/<phi>**2
1.2269623     0.010167202 

