Time = 1000
Temperature
    1.112031    0.14709753

Pressure
   23.745029    0.74028079

CM Mom
-1.1027357e-16 1.7592618e-17 
3.2700456e-17  2.3260601e-17 
1.5266939e-16  2.2179555e-16 
2.5137064e-16  1.5295146e-16 

CM Pos
7.4921752      0.025733159   
7.4962047      0.014790704   
7.4955671      0.011762541   
12.98114       0.018081645   

Stress
20.3937      -0.0295479   -0.00577017   0.298281     0.0911406    0.0775419   
-0.0295479   20.383       -0.0185286    0.0911406    0.32193      0.0910423   
-0.00577017  -0.0185286   20.4659       0.0775419    0.0910423    0.364079    

Stress Spherical
0            0            0             0            0            0           
0            0            0             0            0            0           
0            0            0             0            0            0           

Inertia
149.99       -56.1622     -56.1956      1.39393      0.269897     0.21813     
-56.1622     149.954      -56.2119      0.269897     1.65638      0.145798    
-56.1956     -56.2119     149.933       0.21813      0.145798     1.70266     

Bond Length
0.61963146    0.0059516289

BB bond length
0.61963146    0.0059516289

Water EE distance
0             0           

PEG EE distance
7.0105836     0.2471261   

BBB P2(x)
0.47485672    0.058963856 

BBB first bond length
0.61954313    0.0061835524

BBB second bond length
0.61968893    0.0057831119

BBB <phi**2>/<phi>**2
1.2186968     0.013092118 

Time = 2000
Temperature
1.0093068     0.0086122916

Pressure
23.18535      0.05655204  

CM Mom
-9.6585093e-17 1.7872977e-17 
1.3343763e-17  1.8694713e-17 
1.888115e-17   5.3775347e-17 
1.1185837e-16  3.0193739e-17 

CM Pos
7.4969235      0.01268129    
7.5012497      0.008335882   
7.5058055      0.013457086   
12.992689      0.013441106   

Stress
20.1061      -0.00371345  0.0307447     0.0749408    0.0721812    0.0829937   
-0.00371345  20.2098      -0.0218794    0.0721812    0.116304     0.0783051   
0.0307447    -0.0218794   20.1707       0.0829937    0.0783051    0.0722354   

Stress Spherical
0            0            0             0            0            0           
0            0            0             0            0            0           
0            0            0             0            0            0           

Inertia
149.999      -56.2361     -56.2284      0.258183     0.107543     0.159271    
-56.2361     149.93       -56.3416      0.107543     0.306985     0.117161    
-56.2284     -56.3416     149.846       0.159271     0.117161     0.328016    

Bond Length
0.61790822    0.0022551189

BB bond length
0.61790822    0.0022551189

Water EE distance
0             0           

PEG EE distance
7.0387046     0.087349146 

BBB P2(x)
0.51293216    0.0066534548

BBB first bond length
0.61781384    0.0022787329

BBB second bond length
0.61815515    0.0022070848

BBB <phi**2>/<phi>**2
1.2286457     0.0064739332

Time = 3000
Temperature
1.0121248     0.0043434427

Pressure
23.154969     0.11494341  

CM Mom
-7.1057184e-17 1.4063309e-17 
5.1864954e-18  8.2406612e-18 
3.1402047e-17  1.3413819e-17 
7.9081098e-17  1.5934471e-17 

CM Pos
7.5004847      0.012569682   
7.5100043      0.012117511   
7.5037281      0.011112858   
12.998604      0.0091711868  

Stress
20.0947      0.00376862   0.0488376     0.143999     0.0592245    0.0536573   
0.00376862   20.1605      -0.0179785    0.0592245    0.1393       0.105455    
0.0488376    -0.0179785   20.115        0.0536573    0.105455     0.166099    

Stress Spherical
0            0            0             0            0            0           
0            0            0             0            0            0           
0            0            0             0            0            0           

Inertia
150.15       -56.3591     -56.2782      0.289139     0.12744      0.12658     
-56.3591     150.024      -56.3752      0.12744      0.144241     0.157233    
-56.2782     -56.3752     150.116       0.12658      0.157233     0.206632    

Bond Length
0.61758848    0.0027363641

BB bond length
0.61758848    0.0027363641

Water EE distance
0             0           

PEG EE distance
6.7116886     0.14044151  

BBB P2(x)
0.50942122    0.0099707284

BBB first bond length
0.61747841    0.0028818434

BBB second bond length
0.61742644    0.0029493187

BBB <phi**2>/<phi>**2
1.2191525     0.0066516476

Time = 4000
Temperature
1.0083955     0.0044897035

Pressure
23.180568     0.085585921 

CM Mom
-5.3597584e-17 1.5166917e-17 
1.9848847e-17  2.1540317e-17 
3.0131644e-17  1.5290623e-17 
7.0469238e-17  1.1683492e-17 

CM Pos
7.4991492      0.010668082   
7.4966498      0.0084317376  
7.5049152      0.011934429   
12.990805      0.00776424    

Stress
20.1298      0.0030708    -0.028371     0.13075      0.0544372    0.0670482   
0.0030708    20.1723      0.0019457     0.0544372    0.100848     0.0294853   
-0.028371    0.0019457    20.1784       0.0670482    0.0294853    0.110892    

Stress Spherical
0            0            0             0            0            0           
0            0            0             0            0            0           
0            0            0             0            0            0           

Inertia
149.979      -56.2132     -56.2836      0.25934      0.121028     0.121397    
-56.2132     150.025      -56.2448      0.121028     0.208137     0.0893021   
-56.2836     -56.2448     149.908       0.121397     0.0893021    0.124916    

Bond Length
0.61798503    0.0019701857

BB bond length
0.61798503    0.0019701857

Water EE distance
0             0           

PEG EE distance
6.9691357     0.055288625 

BBB P2(x)
0.51851898    0.0051786983

BBB first bond length
0.6180094     0.0020868977

BBB second bond length
0.61801973    0.0022425328

BBB <phi**2>/<phi>**2
1.2299173     0.0073038492

Time = 5000
Temperature
1.0046681     0.0055793047

Pressure
23.124756     0.084405386 

CM Mom
-1.5565252e-17 3.001254e-17  
4.0865136e-17  2.7297335e-17 
4.526089e-17   1.5101481e-17 
7.3715871e-17  2.001766e-17  

CM Pos
7.4945494      0.011335501   
7.493979       0.0084734147  
7.4946768      0.013808357   
12.980695      0.011065477   

Stress
20.1335      -0.0311466   0.0369581     0.0982606    0.0774692    0.0551196   
-0.0311466   20.114       0.0463277     0.0774692    0.137626     0.0565147   
0.0369581    0.0463277    20.0991       0.0551196    0.0565147    0.137215    

Stress Spherical
0            0            0             0            0            0           
0            0            0             0            0            0           
0            0            0             0            0            0           

Inertia
149.805      -56.1733     -56.1902      0.26994      0.147249     0.162766    
-56.1733     149.812      -56.1264      0.147249     0.248132     0.157323    
-56.1902     -56.1264     149.801       0.162766     0.157323     0.241555    

Bond Length
0.61850437    0.0021280684

BB bond length
0.61850437    0.0021280684

Water EE distance
0             0           

PEG EE distance
7.1737581     0.11399993  

BBB P2(x)
0.51883228    0.0085764798

BBB first bond length
0.6184985     0.0022285993

BBB second bond length
0.61852635    0.0023277762

BBB <phi**2>/<phi>**2
1.2266241     0.0057960739

Time = 6000
Temperature
1.0104331     0.0057660097

Pressure
23.067744     0.076545136 

CM Mom
-4.2052072e-18 2.6807438e-17 
4.6825213e-17  1.2055634e-17 
4.8143253e-17  2.4993993e-17 
7.5156537e-17  1.9189287e-17 

CM Pos
7.499446       0.016754101   
7.4942757      0.013092192   
7.498238       0.01472207    
12.985757      0.01424839    

Stress
20.0702      -0.0207843   -0.00455533   0.1206       0.0401035    0.0821736   
-0.0207843   20.0497      -0.0181789    0.0401035    0.105412     0.0607573   
-0.00455533  -0.0181789   20.0038       0.0821736    0.0607573    0.111411    

Stress Spherical
0            0            0             0            0            0           
0            0            0             0            0            0           
0            0            0             0            0            0           

Inertia
149.863      -56.2429     -56.2338      0.32348      0.142879     0.211515    
-56.2429     149.951      -56.1947      0.142879     0.384704     0.18611     
-56.2338     -56.1947     149.888       0.211515     0.18611      0.326555    

Bond Length
0.61930673    0.0015502228

BB bond length
0.61930673    0.0015502228

Water EE distance
0             0           

PEG EE distance
7.3649647     0.17613962  

BBB P2(x)
0.51858394    0.0075483164

BBB first bond length
0.61930893    0.0016068978

BBB second bond length
0.61932061    0.0015358406

BBB <phi**2>/<phi>**2
1.2254483     0.0062510688

Time = 7000
Temperature
1.0078302     0.0097774759

Pressure
23.18401      0.062270694 

CM Mom
1.7588507e-18  1.7205366e-17 
3.3579881e-17  2.2151083e-17 
3.8010161e-17  2.2827131e-17 
5.9811971e-17  1.7486438e-17 

CM Pos
7.5019685      0.012812563   
7.4994691      0.014447318   
7.4960122      0.010289883   
12.988923      0.011059492   

Stress
20.1451      -0.00322993  0.0116703     0.0579163    0.0662515    0.0679023   
-0.00322993  20.2053      -0.034232     0.0662515    0.130152     0.0867844   
0.0116703    -0.034232    20.1455       0.0679023    0.0867844    0.13181     

Stress Spherical
0            0            0             0            0            0           
0            0            0             0            0            0           
0            0            0             0            0            0           

Inertia
149.924      -56.2508     -56.2493      0.292172     0.112139     0.142416    
-56.2508     149.944      -56.2087      0.112139     0.242737     0.18916     
-56.2493     -56.2087     150.015       0.142416     0.18916      0.168       

Bond Length
0.61772997    0.001499651 

BB bond length
0.61772997    0.001499651 

Water EE distance
0             0           

PEG EE distance
7.5222796     0.079664289 

BBB P2(x)
0.51091003    0.0090124572

BBB first bond length
0.61766146    0.0016805434

BBB second bond length
0.61746817    0.0016995295

BBB <phi**2>/<phi>**2
1.2244066     0.0046855792

Time = 8000
Temperature
1.0085034     0.007226831 

Pressure
23.117271     0.072506677 

CM Mom
-1.5257467e-17 1.6320531e-17 
4.0166922e-17  1.6270492e-17 
5.2737516e-17  2.3538583e-17 
7.2844342e-17  2.015621e-17  

CM Pos
7.5028588      0.014235455   
7.4948693      0.013671348   
7.5017992      0.012932293   
12.990117      0.019150402   

Stress
20.1486      -0.0316564   -0.0232754    0.10822      0.0638275    0.085149    
-0.0316564   20.1066      0.0067055     0.0638275    0.0749617    0.0621722   
-0.0232754   0.0067055    20.0344       0.085149     0.0621722    0.112488    

Stress Spherical
0            0            0             0            0            0           
0            0            0             0            0            0           
0            0            0             0            0            0           

Inertia
149.929      -56.2507     -56.2642      0.303939     0.237696     0.193111    
-56.2507     150.048      -56.2294      0.237696     0.311093     0.193393    
-56.2642     -56.2294     149.96        0.193111     0.193393     0.361022    

Bond Length
0.61926371    0.0020962755

BB bond length
0.61926371    0.0020962755

Water EE distance
0             0           

PEG EE distance
7.6190504     0.15928129  

BBB P2(x)
0.51373897    0.0059158304

BBB first bond length
0.61949424    0.0019906846

BBB second bond length
0.61926051    0.0021634036

BBB <phi**2>/<phi>**2
1.2249235     0.005085287 

Time = 9000
Temperature
1.0085949     0.0068882648

Pressure
23.19534      0.042193202 

CM Mom
-7.0027298e-18 1.4441436e-17 
3.8118682e-17  1.2769326e-17 
5.1520206e-17  1.4073553e-17 
6.8002632e-17  1.008571e-17  

CM Pos
7.4963299      0.017418376   
7.4988756      0.015149569   
7.4961606      0.010085654   
12.985415      0.011872039   

Stress
20.1969      -0.00315371  0.0177045     0.0773549    0.0751264    0.0831346   
-0.00315371  20.1383      -0.00917165   0.0751264    0.124439     0.0582866   
0.0177045    -0.00917165  20.1878       0.0831346    0.0582866    0.0932177   

Stress Spherical
0            0            0             0            0            0           
0            0            0             0            0            0           
0            0            0             0            0            0           

Inertia
149.907      -56.2302     -56.1631      0.268665     0.210857     0.146       
-56.2302     149.848      -56.1999      0.210857     0.250591     0.131113    
-56.1631     -56.1999     149.917       0.146        0.131113     0.345409    

Bond Length
0.61842913    0.0015282415

BB bond length
0.61842913    0.0015282415

Water EE distance
0             0           

PEG EE distance
7.5192976     0.158711    

BBB P2(x)
0.51594739    0.0081830933

BBB first bond length
0.61833591    0.0013914405

BBB second bond length
0.61845982    0.0014663381

BBB <phi**2>/<phi>**2
1.2254044     0.0070107934

Time = 10000
Temperature
1.0111637     0.010198016 

Pressure
23.15898      0.09366783  

CM Mom
-6.4719995e-18 1.1286644e-17 
1.2328566e-17  2.3350697e-17 
7.2173283e-17  2.0169882e-17 
7.8112493e-17  1.9513303e-17 

CM Pos
7.4932139      0.01344399    
7.4921984      0.016314668   
7.505212       0.01411508    
12.98499       0.013011443   

Stress
20.1236      0.00485092   0.00202267    0.0904056    0.0809608    0.0291647   
0.00485092   20.139       0.0123185     0.0809608    0.162428     0.0484883   
0.00202267   0.0123185    20.1283       0.0291647    0.0484883    0.135355    

Stress Spherical
0            0            0             0            0            0           
0            0            0             0            0            0           
0            0            0             0            0            0           

Inertia
149.946      -56.141      -56.2562      0.163371     0.202945     0.173803    
-56.141      149.948      -56.2504      0.202945     0.290126     0.111806    
-56.2562     -56.2504     149.76        0.173803     0.111806     0.340947    

Bond Length
0.61733237    0.002807453 

BB bond length
0.61733237    0.002807453 

Water EE distance
0             0           

PEG EE distance
7.4617459     0.20656926  

BBB P2(x)
0.50899644    0.0072786994

BBB first bond length
0.61728965    0.0028431042

BBB second bond length
0.61736842    0.0027976651

BBB <phi**2>/<phi>**2
1.2252619     0.0070677919

Time = 11000
Temperature
1.0116269     0.0090672174

Pressure
23.151695     0.11002245  

CM Mom
-4.7752e-18    1.2184675e-17 
1.194761e-17   1.3275333e-17 
5.3256989e-17  4.0944994e-17 
6.0310007e-17  3.695607e-17  

CM Pos
7.5047878      0.01410884    
7.5083721      0.01187061    
7.501354       0.014812273   
12.998777      0.012340896   

Stress
20.0879      0.0160781    0.0155369     0.180159     0.0666393    0.0716102   
0.0160781    20.1672      0.00978285    0.0666393    0.111657     0.0665739   
0.0155369    0.00978285   20.1097       0.0716102    0.0665739    0.123358    

Stress Spherical
0            0            0             0            0            0           
0            0            0             0            0            0           
0            0            0             0            0            0           

Inertia
150.133      -56.3549     -56.3264      0.35697      0.112882     0.155398    
-56.3549     150.059      -56.3237      0.112882     0.23167      0.220626    
-56.3264     -56.3237     150.174       0.155398     0.220626     0.239906    

Bond Length
0.61834023    0.0015274313

BB bond length
0.61834023    0.0015274313

Water EE distance
0             0           

PEG EE distance
7.1373555     0.056553929 

BBB P2(x)
0.50320241    0.0099004746

BBB first bond length
0.61814847    0.0014615091

BBB second bond length
0.61834957    0.0017465666

BBB <phi**2>/<phi>**2
1.2280415     0.0092693798

Time = 12000
Temperature
1.0109341     0.0047354561

Pressure
23.150521     0.10829469  

CM Mom
-1.1325107e-17 1.3545097e-17 
-8.7643261e-18 1.9986548e-17 
4.979118e-17   1.2420989e-17 
5.6912877e-17  1.3504451e-17 

CM Pos
7.5037491      0.018014898   
7.5019916      0.015760024   
7.4998702      0.011612778   
12.993638      0.016438996   

Stress
20.0071      0.0112158    -0.032744     0.0844319    0.0661844    0.0467023   
0.0112158    20.2095      -0.00844966   0.0661844    0.126196     0.0541459   
-0.032744    -0.00844966  20.151        0.0467023    0.0541459    0.179091    

Stress Spherical
0            0            0             0            0            0           
0            0            0             0            0            0           
0            0            0             0            0            0           

Inertia
150.042      -56.2954     -56.2587      0.227945     0.239096     0.157899    
-56.2954     150.065      -56.2874      0.239096     0.269752     0.150282    
-56.2587     -56.2874     150.099       0.157899     0.150282     0.433243    

Bond Length
0.61836536    0.0023712436

BB bond length
0.61836536    0.0023712436

Water EE distance
0             0           

PEG EE distance
7.3693016     0.06433624  

BBB P2(x)
0.50637164    0.010665351 

BBB first bond length
0.61824893    0.0024818896

BBB second bond length
0.61836664    0.0024249855

BBB <phi**2>/<phi>**2
1.2235839     0.0088462837

Time = 13000
Temperature
1.0096329     0.0077104131

Pressure
23.143166     0.094822278 

CM Mom
-9.3241601e-19 9.4170137e-18 
4.5110704e-18  2.4116817e-17 
4.276676e-17   2.4579402e-17 
5.0452273e-17  2.4067219e-17 

CM Pos
7.500633       0.013799585   
7.4981337      0.0088396702  
7.4957155      0.012661308   
12.987203      0.015306308   

Stress
20.0813      -0.0202444   0.00189587    0.121459     0.0878122    0.0812714   
-0.0202444   20.1392      -0.000142067  0.0878122    0.11878      0.0508883   
0.00189587   -0.000142067 20.1366       0.0812714    0.0508883    0.0845516   

Stress Spherical
0            0            0             0            0            0           
0            0            0             0            0            0           
0            0            0             0            0            0           

Inertia
149.913      -56.238      -56.2041      0.27648      0.161053     0.191384    
-56.238      149.944      -56.2061      0.161053     0.333414     0.142048    
-56.2041     -56.2061     149.989       0.191384     0.142048     0.29082     

Bond Length
0.6185267     0.002422531 

BB bond length
0.6185267     0.002422531 

Water EE distance
0             0           

PEG EE distance
7.1921027     0.07869186  

BBB P2(x)
0.50736342    0.014711134 

BBB first bond length
0.61847195    0.0026730684

BBB second bond length
0.61844531    0.0026003036

BBB <phi**2>/<phi>**2
1.2246925     0.0070847916

Time = 14000
Temperature
1.0065449     0.0066244216

Pressure
23.165547     0.096184459 

CM Mom
-4.2494118e-18 1.5334241e-17 
2.2834857e-17  1.5028665e-17 
2.2907754e-17  1.5243436e-17 
4.0634464e-17  1.031774e-17  

CM Pos
7.4966267      0.0089719358  
7.4967982      0.01444427    
7.4995734      0.012450885   
12.986349      0.013749281   

Stress
20.1304      -0.000510866 -0.0504218    0.139378     0.072622     0.0688605   
-0.000510866 20.1283      0.0591627     0.072622     0.0994478    0.10804     
-0.0504218   0.0591627    20.1933       0.0688605    0.10804      0.143946    

Stress Spherical
0            0            0             0            0            0           
0            0            0             0            0            0           
0            0            0             0            0            0           

Inertia
149.92       -56.2401     -56.233       0.365798     0.167795     0.113969    
-56.2401     149.929      -56.2397      0.167795     0.216011     0.19318     
-56.233      -56.2397     149.894       0.113969     0.19318      0.277003    

Bond Length
0.61806636    0.0023133886

BB bond length
0.61806636    0.0023133886

Water EE distance
0             0           

PEG EE distance
6.8281282     0.22275082  

BBB P2(x)
0.51404833    0.012367732 

BBB first bond length
0.61810299    0.0023815641

BBB second bond length
0.6179979     0.0022688901

BBB <phi**2>/<phi>**2
1.2254689     0.0088782601

Time = 15000
Temperature
1.0103639     0.0083667608

Pressure
23.155113     0.072732539 

CM Mom
-1.0969342e-17 9.738558e-18  
4.082203e-17   1.2788565e-17 
2.7367893e-17  4.0171651e-17 
6.30509e-17    2.07966e-17   

CM Pos
7.5004847      0.015573816   
7.5019916      0.012433189   
7.4952703      0.012293391   
12.989099      0.009119746   

Stress
20.0777      0.00832987   -0.0354019    0.109983     0.0788016    0.0725265   
0.00832987   20.1802      0.00224001    0.0788016    0.106727     0.0601266   
-0.0354019   0.00224001   20.1285       0.0725265    0.0601266    0.0916804   

Stress Spherical
0            0            0             0            0            0           
0            0            0             0            0            0           
0            0            0             0            0            0           

Inertia
149.949      -56.2514     -56.2092      0.230436     0.144524     0.143208    
-56.2514     149.924      -56.247       0.144524     0.235427     0.154998    
-56.2092     -56.247      150.052       0.143208     0.154998     0.272045    

Bond Length
0.61682043    0.0015764231

BB bond length
0.61682043    0.0015764231

Water EE distance
0             0           

PEG EE distance
6.5856404     0.18883051  

BBB P2(x)
0.50354673    0.01415865  

BBB first bond length
0.61651848    0.0018509266

BBB second bond length
0.61679514    0.0015541065

BBB <phi**2>/<phi>**2
1.2225691     0.012738872 

Time = 16000
Temperature
1.0096867     0.0078436832

Pressure
23.122022     0.081398106 

CM Mom
5.9151857e-18  1.9676741e-17 
2.8522705e-17  2.0841214e-17 
3.3487902e-17  3.424068e-17  
5.7023173e-17  2.6688686e-17 

CM Pos
7.4914333      0.016590346   
7.4957596      0.023576034   
7.5089215      0.01428178    
12.988179      0.011282427   

Stress
20.1016      0.0128784    0.00172946    0.125831     0.0799109    0.0562264   
0.0128784    20.1016      -0.00630802   0.0799109    0.0987284    0.100788    
0.00172946   -0.00630802  20.0901       0.0562264    0.100788     0.109634    

Stress Spherical
0            0            0             0            0            0           
0            0            0             0            0            0           
0            0            0             0            0            0           

Inertia
150.061      -56.142      -56.2384      0.347229     0.137623     0.231901    
-56.142      149.984      -56.2999      0.137623     0.385406     0.141227    
-56.2384     -56.2999     149.802       0.231901     0.141227     0.237194    

Bond Length
0.617169      0.0021829128

BB bond length
0.617169      0.0021829128

Water EE distance
0             0           

PEG EE distance
7.1552599     0.10030043  

BBB P2(x)
0.50409609    0.010929846 

BBB first bond length
0.61723093    0.0023094846

BBB second bond length
0.61712039    0.0020074507

BBB <phi**2>/<phi>**2
1.2233497     0.0076136137

Time = 17000
Temperature
1.0147342     0.0080589969

Pressure
23.133816     0.070716591 

CM Mom
-3.058632e-19  2.6417732e-17 
3.4895861e-17  1.5936841e-17 
2.0179558e-17  1.4986535e-17 
5.118981e-17   1.3457651e-17 

CM Pos
7.4998911      0.012488847   
7.5009529      0.0184138     
7.4966058      0.014093226   
12.988923      0.017953777   

Stress
20.0646      -0.0490726   0.020671      0.164955     0.0756983    0.0680841   
-0.0490726   20.069       -0.0301266    0.0756983    0.105924     0.0763995   
0.020671     -0.0301266   20.1496       0.0680841    0.0763995    0.0813362   

Stress Spherical
0            0            0             0            0            0           
0            0            0             0            0            0           
0            0            0             0            0            0           

Inertia
149.953      -56.2885     -56.2136      0.379713     0.218746     0.169553    
-56.2885     149.944      -56.1922      0.218746     0.375669     0.218221    
-56.2136     -56.1922     150.013       0.169553     0.218221     0.390458    

Bond Length
0.61811133    0.0016653504

BB bond length
0.61811133    0.0016653504

Water EE distance
0             0           

PEG EE distance
7.327039      0.13243331  

BBB P2(x)
0.50502594    0.0063203859

BBB first bond length
0.61820097    0.0015649619

BBB second bond length
0.61813136    0.0016772584

BBB <phi**2>/<phi>**2
1.2275672     0.0058649187

Time = 18000
Temperature
1.010555      0.0071426699

Pressure
23.164793     0.095063394 

CM Mom
5.3697662e-18  2.3516374e-17 
-2.2825419e-17 1.3723443e-17 
3.6339033e-17  1.6083833e-17 
5.0641261e-17  1.7488984e-17 

CM Pos
7.4964783      0.013045019   
7.4991724      0.013201885   
7.4992767      0.0083001481  
12.987464      0.011287286   

Stress
20.1264      0.00762364   0.0138368     0.119921     0.0605444    0.0545285   
0.00762364   20.0876      0.0170273     0.0605444    0.0879121    0.0663227   
0.0138368    0.0170273    20.1997       0.0545285    0.0663227    0.0987074   

Stress Spherical
0            0            0             0            0            0           
0            0            0             0            0            0           
0            0            0             0            0            0           

Inertia
149.98       -56.2299     -56.2163      0.236622     0.160532     0.0958215   
-56.2299     149.962      -56.2314      0.160532     0.226828     0.125101    
-56.2163     -56.2314     149.948       0.0958215    0.125101     0.276907    

Bond Length
0.61927888    0.0021909893

BB bond length
0.61927888    0.0021909893

Water EE distance
0             0           

PEG EE distance
7.2774062     0.072228197 

BBB P2(x)
0.5084968     0.0090742139

BBB first bond length
0.61914462    0.0024128072

BBB second bond length
0.61933024    0.0021622114

BBB <phi**2>/<phi>**2
1.2267859     0.0061822864

Time = 19000
Temperature
1.0065549     0.0067349215

Pressure
23.178352     0.076992646 

CM Mom
2.910368e-20   6.1858805e-18 
-3.977567e-17  3.5774236e-17 
5.6075653e-17  1.5240622e-17 
7.4620004e-17  2.6622851e-17 

CM Pos
7.4992976      0.01546315    
7.5012497      0.013449721   
7.5007605      0.010182336   
12.991151      0.012060424   

Stress
20.1507      0.0339338    0.0155748     0.108417     0.0706434    0.0554065   
0.0339338    20.1812      0.0251894     0.0706434    0.107241     0.0635406   
0.0155748    0.0251894    20.1584       0.0554065    0.0635406    0.0966775   

Stress Spherical
0            0            0             0            0            0           
0            0            0             0            0            0           
0            0            0             0            0            0           

Inertia
150.024      -56.2624     -56.253       0.298403     0.151783     0.108462    
-56.2624     149.992      -56.2991      0.151783     0.222475     0.179533    
-56.253      -56.2991     150.014       0.108462     0.179533     0.282332    

Bond Length
0.61690569    0.0014110806

BB bond length
0.61690569    0.0014110806

Water EE distance
0             0           

PEG EE distance
7.3896842     0.10995295  

BBB P2(x)
0.51286607    0.0089457249

BBB first bond length
0.61666346    0.0016855641

BBB second bond length
0.61674691    0.0013502966

BBB <phi**2>/<phi>**2
1.225236      0.0088214242

Time = 20000
Temperature
1.013294      0.0085183147

Pressure
23.185177     0.083113421 

CM Mom
8.2599539e-18  2.3606319e-17 
-1.9920096e-17 2.2898635e-17 
5.1323379e-17  1.5680547e-17 
6.460874e-17   1.588466e-17  

CM Pos
7.5036007      0.017271764   
7.5094108      0.0097763773  
7.4988315      0.0089473618  
12.997227      0.017357588   

Stress
20.1493      -0.0389229   -0.0324547    0.0612055    0.0630113    0.0765075   
-0.0389229   20.1293      0.0465476     0.0630113    0.124626     0.0598716   
-0.0324547   0.0465476    20.1717       0.0765075    0.0598716    0.0828254   

Stress Spherical
0            0            0             0            0            0           
0            0            0             0            0            0           
0            0            0             0            0            0           

Inertia
150.115      -56.3725     -56.267       0.302745     0.177055     0.189868    
-56.3725     150.039      -56.3453      0.177055     0.414558     0.156402    
-56.267      -56.3453     150.202       0.189868     0.156402     0.428756    

Bond Length
0.61792224    0.0026295072

BB bond length
0.61792224    0.0026295072

Water EE distance
0             0           

PEG EE distance
7.4918778     0.23782936  

BBB P2(x)
0.51439833    0.011035655 

BBB first bond length
0.6178129     0.0027508758

BBB second bond length
0.61788485    0.0025558113

BBB <phi**2>/<phi>**2
1.2285919     0.0056558245

Time = 21000
Temperature
1.0069677     0.0072677908

Pressure
23.122917     0.082418539 

CM Mom
4.8799458e-18  1.6934243e-17 
-5.813817e-17  1.0781706e-17 
3.2650211e-17  2.0470637e-17 
7.1224697e-17  1.4798657e-17 

CM Pos
7.4987041      0.012524056   
7.5082237      0.010626724   
7.4986831      0.012782455   
12.993631      0.014649549   

Stress
20.1304      0.000769168  0.0406894     0.0890202    0.0705582    0.06388     
0.000769168  20.0844      -0.0737773    0.0705582    0.069875     0.0389449   
0.0406894    -0.0737773   20.1056       0.06388      0.0389449    0.152633    

Stress Spherical
0            0            0             0            0            0           
0            0            0             0            0            0           
0            0            0             0            0            0           

Inertia
150.087      -56.3295     -56.2141      0.326632     0.114005     0.154759    
-56.3295     149.957      -56.2996      0.114005     0.276503     0.150693    
-56.2141     -56.2996     150.107       0.154759     0.150693     0.237972    

Bond Length
0.61844001    0.0024930233

BB bond length
0.61844001    0.0024930233

Water EE distance
0             0           

PEG EE distance
7.8441542     0.084341344 

BBB P2(x)
0.521719      0.011685908 

BBB first bond length
0.61839738    0.0022855966

BBB second bond length
0.61839551    0.0023896729

BBB <phi**2>/<phi>**2
1.2276054     0.0098261446

Time = 22000
Temperature
1.0083917     0.0078901511

Pressure
23.157416     0.11399574  

CM Mom
-3.0179967e-18 1.8657389e-17 
-5.1343285e-17 2.3848918e-17 
3.898685e-17   3.0036619e-17 
7.4107048e-17  2.2190733e-17 

CM Pos
7.5070135      0.012481793   
7.4994691      0.018722101   
7.5061023      0.013322248   
12.997666      0.015027087   

Stress
20.1421      0.0133366    0.0216906     0.162231     0.0648595    0.0805411   
0.0133366    20.1247      -0.0323045    0.0648595    0.122448     0.0704161   
0.0216906    -0.0323045   20.1443       0.0805411    0.0704161    0.0915267   

Stress Spherical
0            0            0             0            0            0           
0            0            0             0            0            0           
0            0            0             0            0            0           

Inertia
150.072      -56.2954     -56.2991      0.391972     0.189818     0.203994    
-56.2954     150.176      -56.3274      0.189818     0.315402     0.159335    
-56.2991     -56.3274     150.088       0.203994     0.159335     0.27156     

Bond Length
0.61900203    0.0024213665

BB bond length
0.61900203    0.0024213665

Water EE distance
0             0           

PEG EE distance
7.7160026     0.089085198 

BBB P2(x)
0.52546139    0.0066613498

BBB first bond length
0.61888737    0.0025997216

BBB second bond length
0.61919562    0.0024675779

BBB <phi**2>/<phi>**2
1.2318024     0.0097190797

Time = 23000
Temperature
1.0093189     0.004742464 

Pressure
23.166564     0.071575838 

CM Mom
3.0162807e-17  2.3834229e-17 
-5.1052111e-17 2.5240589e-17 
5.1732615e-17  2.445734e-17  
8.5456529e-17  2.6322562e-17 

CM Pos
7.5022653      0.0084980637  
7.4965015      0.0082615952  
7.5075861      0.019941323   
12.994067      0.011627203   

Stress
20.1473      0.0110147    -0.0066403    0.0843777    0.0586544    0.0851806   
0.0110147    20.1206      0.025033      0.0586544    0.0869968    0.0718873   
-0.0066403   0.025033     20.1622       0.0851806    0.0718873    0.164863    

Stress Spherical
0            0            0             0            0            0           
0            0            0             0            0            0           
0            0            0             0            0            0           

Inertia
150.093      -56.2428     -56.3006      0.250715     0.0985747    0.16715     
-56.2428     150.167      -56.2795      0.0985747    0.314666     0.118414    
-56.3006     -56.2795     150.002       0.16715      0.118414     0.184633    

Bond Length
0.61894468    0.0014589126

BB bond length
0.61894468    0.0014589126

Water EE distance
0             0           

PEG EE distance
7.5570888     0.24294025  

BBB P2(x)
0.51099106    0.0082295963

BBB first bond length
0.61878205    0.0016380468

BBB second bond length
0.61902102    0.0016000906

BBB <phi**2>/<phi>**2
1.2226713     0.006799922 

Time = 24000
Temperature
1.0092456     0.01080194  

Pressure
23.150083     0.085191367 

CM Mom
1.4259156e-17  2.3049917e-17 
-8.2094892e-17 3.2676549e-17 
6.5422053e-17  1.634337e-17  
1.1103198e-16  2.7586232e-17 

CM Pos
7.5004847      0.012846885   
7.50214        0.009166156   
7.500167       0.019830604   
12.992008      0.015443972   

Stress
20.1249      0.0390227    0.0151503     0.120026     0.113485     0.0921398   
0.0390227    20.1571      0.0449865     0.113485     0.0858756    0.0685755   
0.0151503    0.0449865    20.0994       0.0921398    0.0685755    0.0823006   

Stress Spherical
0            0            0             0            0            0           
0            0            0             0            0            0           
0            0            0             0            0            0           

Inertia
150.031      -56.2723     -56.2663      0.366686     0.110878     0.155512    
-56.2723     149.984      -56.2999      0.110878     0.299475     0.173314    
-56.2663     -56.2999     150.027       0.155512     0.173314     0.257534    

Bond Length
0.61833198    0.0023005824

BB bond length
0.61833198    0.0023005824

Water EE distance
0             0           

PEG EE distance
7.3178653     0.12528139  

BBB P2(x)
0.50650388    0.0098736762

BBB first bond length
0.61821262    0.0023102659

BBB second bond length
0.61836251    0.0023788624

BBB <phi**2>/<phi>**2
1.2227725     0.010732972 

Time = 25000
Temperature
1.0086347     0.0059007877

Pressure
23.202272     0.1246638   

CM Mom
4.2811788e-17  2.8641486e-17 
-1.3007094e-16 1.8014187e-17 
4.8304421e-17  3.3003916e-17 
1.5204797e-16  1.4146824e-17 

CM Pos
7.5033039      0.014217658   
7.4976885      0.012898198   
7.495122       0.013872784   
12.988154      0.013558823   

Stress
20.1939      -0.0194152   0.0191657     0.166539     0.0348281    0.0848985   
-0.0194152   20.1842      0.0156716     0.0348281    0.113817     0.0672871   
0.0191657    0.0156716    20.1653       0.0848985    0.0672871    0.164925    

Stress Spherical
0            0            0             0            0            0           
0            0            0             0            0            0           
0            0            0             0            0            0           

Inertia
149.877      -56.2561     -56.252       0.28192      0.235109     0.140957    
-56.2561     149.957      -56.2083      0.235109     0.235134     0.162494    
-56.252      -56.2083     150.009       0.140957     0.162494     0.379957    

Bond Length
0.61811464    0.0018741264

BB bond length
0.61811464    0.0018741264

Water EE distance
0             0           

PEG EE distance
7.4250162     0.11851863  

BBB P2(x)
0.51452367    0.0091082094

BBB first bond length
0.61816186    0.0018289578

BBB second bond length
0.6181888     0.0018794118

BBB <phi**2>/<phi>**2
1.2285727     0.0099814968

Time = 26000
Temperature
1.0105523     0.0087757292

Pressure
23.170444     0.13026039  

CM Mom
1.2113995e-17  1.0027965e-17 
-1.359691e-16  1.2697005e-17 
5.1568975e-17  1.7812791e-17 
1.4733559e-16  1.2845177e-17 

CM Pos
7.5034523      0.014894542   
7.5083721      0.013808357   
7.4961606      0.016721873   
12.995015      0.012546625   

Stress
20.1857      -0.0358538   0.046854      0.123741     0.0677868    0.0793554   
-0.0358538   20.1695      0.0454834     0.0677868    0.109195     0.0765603   
0.046854     0.0454834    20.0755       0.0793554    0.0765603    0.151143    

Stress Spherical
0            0            0             0            0            0           
0            0            0             0            0            0           
0            0            0             0            0            0           

Inertia
150.067      -56.3419     -56.2001      0.388616     0.164404     0.0959635   
-56.3419     150.005      -56.2524      0.164404     0.325731     0.22468     
-56.2001     -56.2524     150.199       0.0959635    0.22468      0.232616    

Bond Length
0.61736065    0.001172741 

BB bond length
0.61736065    0.001172741 

Water EE distance
0             0           

PEG EE distance
7.5078194     0.10658596  

BBB P2(x)
0.50942347    0.009168227 

BBB first bond length
0.61736048    0.0012457081

BBB second bond length
0.61731693    0.0011175816

BBB <phi**2>/<phi>**2
1.22342       0.0081261195

Time = 27000
Temperature
1.0140127     0.0066460958

Pressure
23.16954      0.10465444  

CM Mom
2.4587118e-18  9.8680613e-18 
-1.3814638e-16 2.7288736e-17 
6.9396215e-17  1.9931787e-17 
1.5643884e-16  2.5933033e-17 

CM Pos
7.5024136      0.0071609033  
7.5006562      0.013268427   
7.5017992      0.0096345928  
12.993201      0.01008311    

Stress
20.1706      0.0270335    0.00279696    0.192172     0.0593006    0.0859634   
0.0270335    20.0266      -0.0157745    0.0593006    0.1372       0.0625779   
0.00279696   -0.0157745   20.1997       0.0859634    0.0625779    0.0809354   

Stress Spherical
0            0            0             0            0            0           
0            0            0             0            0            0           
0            0            0             0            0            0           

Inertia
150.04       -56.314      -56.2606      0.253967     0.0943022    0.0698774   
-56.314      150.058      -56.3001      0.0943022    0.199467     0.147506    
-56.2606     -56.3001     150.056       0.0698774    0.147506     0.214604    

Bond Length
0.61857537    0.0022023994

BB bond length
0.61857537    0.0022023994

Water EE distance
0             0           

PEG EE distance
7.5806535     0.11591328  

BBB P2(x)
0.51789725    0.007180101 

BBB first bond length
0.61868287    0.0021774412

BBB second bond length
0.61852671    0.0023093642

BBB <phi**2>/<phi>**2
1.222493      0.0079378237

Time = 28000
Temperature
1.00793       0.0074926135

Pressure
23.159542     0.073453209 

CM Mom
1.7994174e-17  2.1429023e-17 
-1.3445488e-16 2.5013743e-17 
4.930438e-17   1.7622284e-17 
1.4698149e-16  2.4994113e-17 

CM Pos
7.5000395      0.012577561   
7.5036238      0.0093327838  
7.503283       0.015374617   
12.994403      0.01357461    

Stress
20.1583      -0.0173101   0.0475721     0.135979     0.0637272    0.0551144   
-0.0173101   20.1499      0.000511415   0.0637272    0.133412     0.0681474   
0.0475721    0.000511415  20.1134       0.0551144    0.0681474    0.120908    

Stress Spherical
0            0            0             0            0            0           
