Time = 1000
Temperature
   1.1234807    0.17769913

Pressure
   23.863959    0.93000028

CM Mom
-1.7905691e-17 2.2810673e-17 
-3.9061778e-18 1.3117307e-17 
-4.6297035e-17 2.9451574e-16 
2.1000527e-16  2.1403034e-16 

CM Pos
7.4995816      0.028275422   
7.4911786      0.032007619   
7.5016798      0.01795217    
12.9861        0.0062494152  

Stress
20.4846      -0.0120643   -0.0482995    0.411841     0.0669248    0.066497    
-0.0120643   20.5047      0.00670142    0.0669248    0.426608     0.0763915   
-0.0482995   0.00670142   20.4923       0.066497     0.0763915    0.411095    

Stress Spherical
0            0            0             0            0            0           
0            0            0             0            0            0           
0            0            0             0            0            0           

Inertia
150.047      -56.1873     -56.2395      1.01827      0.157212     0.265407    
-56.1873     150.15       -56.1848      0.157212     1.75916      0.189805    
-56.2395     -56.1848     150.02        0.265407     0.189805     1.32909     

Bond Length
0.61970318    0.0067988385

BB bond length
0.61970318    0.0067988385

Water EE distance
0             0           

PEG EE distance
7.3563292     0.20989413  

BBB P2(x)
0.47947063    0.06546208  

BBB first bond length
0.61974123    0.0068744595

BBB second bond length
0.6198947     0.0068415286

BBB <phi**2>/<phi>**2
1.222112      0.017265588 

Time = 2000
Temperature
1.0121434     0.0096400909

Pressure
23.194781     0.085863624 

CM Mom
-3.0921395e-17 2.3561466e-17 
4.891975e-18   1.7818929e-17 
-3.4294201e-18 5.9280853e-17 
6.6736885e-17  3.0411997e-17 

CM Pos
7.4948404      0.012997854   
7.4971052      0.018956153   
7.5028651      0.014701004   
12.987404      0.016544294   

Stress
20.1516      -0.00293201  -0.0348557    0.133984     0.0862444    0.106453    
-0.00293201  20.2049      -0.00459148   0.0862444    0.0555164    0.0681028   
-0.0348557   -0.00459148  20.1195       0.106453     0.0681028    0.149704    

Stress Spherical
0            0            0             0            0            0           
0            0            0             0            0            0           
0            0            0             0            0            0           

Inertia
149.861      -56.1696     -56.206       0.317979     0.188396     0.15705     
-56.1696     149.838      -56.2422      0.188396     0.288498     0.211815    
-56.206      -56.2422     149.761       0.15705      0.211815     0.399059    

Bond Length
0.61813727    0.0020032324

BB bond length
0.61813727    0.0020032324

Water EE distance
0             0           

PEG EE distance
7.7013821     0.21683458  

BBB P2(x)
0.51406592    0.010651389 

BBB first bond length
0.61795434    0.0020886899

BBB second bond length
0.61800609    0.0020558148

BBB <phi**2>/<phi>**2
1.2242574     0.0078722896

Time = 3000
Temperature
1.0100823     0.0053879887

Pressure
23.237986     0.072180867 

CM Mom
-4.4738183e-17 2.8276364e-17 
9.869898e-18   1.6999667e-17 
-1.4226515e-17 1.4596385e-17 
5.4005163e-17  2.6198318e-17 

CM Pos
7.4943959      0.012168305   
7.4931048      0.013990207   
7.49279        0.016040631   
12.97901       0.019910976   

Stress
20.1967      -0.0518202   -0.0408551    0.120611     0.0629651    0.0702441   
-0.0518202   20.2589      -0.0177213    0.0629651    0.0815894    0.0868785   
-0.0408551   -0.0177213   20.1685       0.0702441    0.0868785    0.0989217   

Stress Spherical
0            0            0             0            0            0           
0            0            0             0            0            0           
0            0            0             0            0            0           

Inertia
149.728      -56.1586     -56.1575      0.330831     0.156496     0.178028    
-56.1586     149.757      -56.1204      0.156496     0.301499     0.203024    
-56.1575     -56.1204     149.772       0.178028     0.203024     0.247119    

Bond Length
0.6182014     0.0016628003

BB bond length
0.6182014     0.0016628003

Water EE distance
0             0           

PEG EE distance
7.6826394     0.21859112  

BBB P2(x)
0.51719577    0.0089882546

BBB first bond length
0.618147      0.0016791154

BBB second bond length
0.6182972     0.0017677523

BBB <phi**2>/<phi>**2
1.2307301     0.0080751681

Time = 4000
Temperature
1.0084408     0.0048855627

Pressure
23.166921     0.083166863 

CM Mom
-5.8541537e-17 1.484181e-17  
1.3258195e-18  1.4879087e-17 
-3.3516146e-17 2.9389445e-17 
7.3814192e-17  2.0225541e-17 

CM Pos
7.5038783      0.014837746   
7.4966607      0.0097202012  
7.5062729      0.013298383   
12.994327      0.014368198   

Stress
20.164       -0.00551417  -0.010456     0.123642     0.0380401    0.0760018   
-0.00551417  20.1395      -0.0155002    0.0380401    0.1209       0.0815      
-0.010456    -0.0155002   20.1223       0.0760018    0.0815       0.116339    

Stress Spherical
0            0            0             0            0            0           
0            0            0             0            0            0           
0            0            0             0            0            0           

Inertia
149.991      -56.2308     -56.2768      0.220203     0.137114     0.212302    
-56.2308     150.109      -56.2583      0.137114     0.307242     0.14385     
-56.2768     -56.2583     149.974       0.212302     0.14385      0.298933    

Bond Length
0.61886489    0.0023097481

BB bond length
0.61886489    0.0023097481

Water EE distance
0             0           

PEG EE distance
7.4964268     0.1024334   

BBB P2(x)
0.5215356     0.008137601 

BBB first bond length
0.61874906    0.0024191389

BBB second bond length
0.61884635    0.0022567334

BBB <phi**2>/<phi>**2
1.2303469     0.0062655404

Time = 5000
Temperature
1.0081876     0.006749394 

Pressure
23.158027     0.091770469 

CM Mom
-8.6347969e-17 1.5765843e-17 
3.7253444e-17  1.7839309e-17 
-6.405989e-17  1.7513007e-17 
1.1595952e-16  1.9348339e-17 

CM Pos
7.5007669      0.01847941    
7.4971052      0.015963809   
7.4966423      0.016828709   
12.987233      0.019566916   

Stress
20.1561      -0.0486293   -0.0521985    0.149266     0.0594574    0.0809237   
-0.0486293   20.1467      -0.0312706    0.0594574    0.131582     0.072978    
-0.0521985   -0.0312706   20.0985       0.0809237    0.072978     0.101186    

Stress Spherical
0            0            0             0            0            0           
0            0            0             0            0            0           
0            0            0             0            0            0           

Inertia
149.868      -56.2126     -56.2103      0.316514     0.243934     0.188099    
-56.2126     149.908      -56.2497      0.243934     0.345726     0.183189    
-56.2103     -56.2497     149.917       0.188099     0.183189     0.483943    

Bond Length
0.61803549    0.0013181754

BB bond length
0.61803549    0.0013181754

Water EE distance
0             0           

PEG EE distance
7.4519698     0.077402635 

BBB P2(x)
0.52189321    0.0091496028

BBB first bond length
0.61797856    0.0012952987

BBB second bond length
0.61777919    0.0013996373

BBB <phi**2>/<phi>**2
1.2268407     0.0041081129

Time = 6000
Temperature
1.0057582     0.0097929888

Pressure
23.158217     0.1069567   

CM Mom
-7.723858e-17  2.1023463e-17 
5.4793821e-17  1.9876093e-17 
-5.7941272e-17 7.5280853e-18 
1.1343242e-16  1.8765801e-17 

CM Pos
7.4911363      0.012236667   
7.4965125      0.013256223   
7.4876044      0.020388405   
12.976113      0.016266302   

Stress
20.1969      -0.0166597   -0.056025     0.106567     0.0455199    0.0676988   
-0.0166597   20.1641      0.0660537     0.0455199    0.147198     0.0754075   
-0.056025    0.0660537    20.0627       0.0676988    0.0754075    0.118534    

Stress Spherical
0            0            0             0            0            0           
0            0            0             0            0            0           
0            0            0             0            0            0           

Inertia
149.734      -56.1718     -56.0891      0.445628     0.117958     0.195807    
-56.1718     149.676      -56.1157      0.117958     0.328994     0.192108    
-56.0891     -56.1157     149.796       0.195807     0.192108     0.289516    

Bond Length
0.61893354    0.0030518257

BB bond length
0.61893354    0.0030518257

Water EE distance
0             0           

PEG EE distance
7.6307632     0.10180181  

BBB P2(x)
0.51658643    0.0095307536

BBB first bond length
0.61888384    0.0032029537

BBB second bond length
0.61894985    0.0030465593

BBB <phi**2>/<phi>**2
1.2279991     0.0071133717

Time = 7000
Temperature
1.0129813     0.0077701119

Pressure
23.158154     0.11199035  

CM Mom
-9.6656996e-17 1.4680855e-17 
7.1725984e-17  1.8410155e-17 
-4.0690266e-17 2.0516984e-17 
1.2960831e-16  1.7888055e-17 

CM Pos
7.5001742      0.011345826   
7.4974015      0.0095205396  
7.4970868      0.0146254     
12.987314      0.0084454222  

Stress
20.1438      0.013796     -0.00987752   0.101466     0.0769431    0.0468328   
0.013796     20.0616      -0.0489106    0.0769431    0.140419     0.0661779   
-0.00987752  -0.0489106   20.1531       0.0468328    0.0661779    0.102386    

Stress Spherical
0            0            0             0            0            0           
0            0            0             0            0            0           
0            0            0             0            0            0           

Inertia
149.901      -56.2679     -56.2236      0.155416     0.119745     0.142807    
-56.2679     149.947      -56.2589      0.119745     0.218768     0.140045    
-56.2236     -56.2589     149.96        0.142807     0.140045     0.243509    

Bond Length
0.61782462    0.002887011 

BB bond length
0.61782462    0.002887011 

Water EE distance
0             0           

PEG EE distance
7.5414701     0.22767262  

BBB P2(x)
0.51346777    0.011232722 

BBB first bond length
0.61786552    0.0029867512

BBB second bond length
0.61777287    0.0028484923

BBB <phi**2>/<phi>**2
1.2295643     0.0091881937

Time = 8000
Temperature
1.0053577     0.0056207544

Pressure
23.173469     0.071059886 

CM Mom
-1.2757133e-16 3.142672e-17  
7.847804e-17   1.5842256e-17 
-4.7753079e-17 1.6527559e-17 
1.6053295e-16  2.1320253e-17 

CM Pos
7.4966183      0.013465707   
7.4984386      0.012879088   
7.5047912      0.015323212   
12.990312      0.011907547   

Stress
20.1301      -0.00639249  -0.044386     0.117883     0.0777853    0.0802764   
-0.00639249  20.218       0.0216055     0.0777853    0.0847479    0.0399702   
-0.044386    0.0216055    20.125        0.0802764    0.0399702    0.106257    

Stress Spherical
0            0            0             0            0            0           
0            0            0             0            0            0           
0            0            0             0            0            0           

Inertia
150.033      -56.1825     -56.3157      0.192024     0.18411      0.137962    
-56.1825     150.004      -56.2634      0.18411      0.367477     0.113997    
-56.3157     -56.2634     149.921       0.137962     0.113997     0.293106    

Bond Length
0.6186136     0.0025733906

BB bond length
0.6186136     0.0025733906

Water EE distance
0             0           

PEG EE distance
7.6757091     0.13736232  

BBB P2(x)
0.51378616    0.010971608 

BBB first bond length
0.61882917    0.0028343718

BBB second bond length
0.61862286    0.0025336421

BBB <phi**2>/<phi>**2
1.2271556     0.0070632686

Time = 9000
Temperature
1.0118674     0.0063999068

Pressure
23.204968     0.069621275 

CM Mom
-1.2094237e-16 2.1353136e-17 
8.3858904e-17  2.7261168e-17 
-4.5331731e-17 1.5185889e-17 
1.5694422e-16  2.2640411e-17 

CM Pos
7.501804       0.014996679   
7.4979941      0.016448738   
7.4996055      0.0055059969  
12.990046      0.016886778   

Stress
20.1806      -0.000928744 0.0148158     0.131674     0.0482048    0.0728215   
-0.000928744 20.1636      0.0248177     0.0482048    0.0949576    0.0773009   
0.0148158    0.0248177    20.1647       0.0728215    0.0773009    0.105318    

Stress Spherical
0            0            0             0            0            0           
0            0            0             0            0            0           
0            0            0             0            0            0           

Inertia
149.932      -56.2796     -56.2842      0.279132     0.197581     0.161678    
-56.2796     149.977      -56.2765      0.197581     0.270934     0.154144    
-56.2842     -56.2765     149.976       0.161678     0.154144     0.430194    

Bond Length
0.61766179    0.0020117067

BB bond length
0.61766179    0.0020117067

Water EE distance
0             0           

PEG EE distance
7.668127      0.08595274  

BBB P2(x)
0.51549009    0.0053587771

BBB first bond length
0.61764952    0.001934018 

BBB second bond length
0.6175747     0.0020735914

BBB <phi**2>/<phi>**2
1.2271682     0.0067965135

Time = 10000
Temperature
1.0098903     0.0072171133

Pressure
23.131033     0.08947294  

CM Mom
-1.077593e-16  2.5096057e-17 
1.170961e-16   2.2915847e-17 
-3.8414829e-17 1.5069226e-17 
1.6702151e-16  1.6885061e-17 

CM Pos
7.4997297      0.012225899   
7.5009574      0.013355213   
7.4988647      0.019765159   
12.990134      0.020401419   

Stress
20.1072      0.0124641    0.00174092    0.147072     0.0795494    0.0641475   
0.0124641    20.1294      0.00469052    0.0795494    0.118913     0.0814177   
0.00174092   0.00469052   20.0683       0.0641475    0.0814177    0.0878739   

Stress Spherical
0            0            0             0            0            0           
0            0            0             0            0            0           
0            0            0             0            0            0           

Inertia
149.99       -56.2393     -56.2376      0.449162     0.168771     0.220567    
-56.2393     149.962      -56.2688      0.168771     0.437909     0.196708    
-56.2376     -56.2688     149.994       0.220567     0.196708     0.351641    

Bond Length
0.61802509    0.0018316857

BB bond length
0.61802509    0.0018316857

Water EE distance
0             0           

PEG EE distance
7.6738392     0.1070459   

BBB P2(x)
0.51218104    0.0061937679

BBB first bond length
0.61795494    0.0017776446

BBB second bond length
0.61782186    0.0016502101

BBB <phi**2>/<phi>**2
1.2253536     0.0077463967

Time = 11000
Temperature
1.0101274     0.0081707708

Pressure
23.170225     0.087825967 

CM Mom
-1.2133661e-16 2.1757291e-17 
1.1614039e-16  2.2066214e-17 
-1.3187874e-17 1.9080053e-17 
1.7109329e-16  2.089288e-17  

CM Pos
7.4980999      0.010786413   
7.4993276      0.018543447   
7.4993092      0.012368709   
12.988512      0.015194353   

Stress
20.1651      -0.00996238  -0.0347191    0.0925306    0.0253185    0.0890858   
-0.00996238  20.0675      0.0151416     0.0253185    0.153124     0.0429983   
-0.0347191   0.0151416    20.1879       0.0890858    0.0429983    0.122643    

Stress Spherical
0            0            0             0            0            0           
0            0            0             0            0            0           
0            0            0             0            0            0           

Inertia
149.959      -56.2559     -56.1939      0.37503      0.150737     0.141385    
-56.2559     149.942      -56.284       0.150737     0.277694     0.225128    
-56.1939     -56.284      149.956       0.141385     0.225128     0.379493    

Bond Length
0.61825847    0.0016752269

BB bond length
0.61825847    0.0016752269

Water EE distance
0             0           

PEG EE distance
7.4084707     0.18418832  

BBB P2(x)
0.51303355    0.0075986358

BBB first bond length
0.61822361    0.0017032044

BBB second bond length
0.61834161    0.0019160334

BBB <phi**2>/<phi>**2
1.2257641     0.0055424218

Time = 12000
Temperature
1.0093301     0.011568507 

Pressure
23.169508     0.068415263 

CM Mom
-1.0449821e-16 1.4533349e-17 
1.5169228e-16  3.1870538e-17 
-3.0373905e-17 2.3131789e-17 
1.895172e-16   2.6424541e-17 

CM Pos
7.495433       0.014634403   
7.5039206      0.01337164    
7.4966423      0.013899691   
12.988082      0.017467692   

Stress
20.1686      -0.0228262   -0.000887877  0.0995632    0.0332046    0.0742802   
-0.0228262   20.1488      -0.00941831   0.0332046    0.0954525    0.0643303   
-0.000887877 -0.00941831  20.108        0.0742802    0.0643303    0.0935331   

Stress Spherical
0            0            0             0            0            0           
0            0            0             0            0            0           
0            0            0             0            0            0           

Inertia
150.006      -56.2454     -56.2159      0.345438     0.169777     0.224089    
-56.2454     149.867      -56.2692      0.169777     0.331992     0.22126     
-56.2159     -56.2692     149.981       0.224089     0.22126      0.278321    

Bond Length
0.61811957    0.001823701 

BB bond length
0.61811957    0.001823701 

Water EE distance
0             0           

PEG EE distance
7.0996563     0.083360765 

BBB P2(x)
0.51164149    0.0064633476

BBB first bond length
0.61814279    0.0019218889

BBB second bond length
0.61803627    0.0019064617

BBB <phi**2>/<phi>**2
1.2238288     0.0089261348

Time = 13000
Temperature
1.0108996     0.0061046936

Pressure
23.176092     0.087396639 

CM Mom
-7.9939567e-17 2.3079307e-17 
1.4991657e-16  2.0083506e-17 
-2.8839589e-17 1.8615195e-17 
1.7479052e-16  2.0684165e-17 

CM Pos
7.5016559      0.010226452   
7.4939937      0.01260342    
7.4951607      0.022470487   
12.985096      0.016173869   

Stress
20.1516      0.0044232    -0.0160551    0.164591     0.0546196    0.0821517   
0.0044232    20.1329      -0.0484716    0.0546196    0.080154     0.084416    
-0.0160551   -0.0484716   20.1466       0.0821517    0.084416     0.0664203   

Stress Spherical
0            0            0             0            0            0           
0            0            0             0            0            0           
0            0            0             0            0            0           

Inertia
149.824      -56.233      -56.2353      0.456241     0.118561     0.169959    
-56.233      149.951      -56.2128      0.118561     0.357566     0.241955    
-56.2353     -56.2128     149.926       0.169959     0.241955     0.14188     

Bond Length
0.61753891    0.001829433 

BB bond length
0.61753891    0.001829433 

Water EE distance
0             0           

PEG EE distance
6.9093259     0.19023714  

BBB P2(x)
0.51444701    0.010548147 

BBB first bond length
0.61760111    0.0018575049

BBB second bond length
0.61735452    0.0018820034

BBB <phi**2>/<phi>**2
1.2266977     0.0060742208

Time = 14000
Temperature
1.0113442     0.0067586164

Pressure
23.133596     0.079753483 

CM Mom
-8.2197518e-17 2.8124336e-17 
1.2958556e-16  1.8825835e-17 
-5.2345332e-17 1.9241011e-17 
1.6594238e-16  1.6358986e-17 

CM Pos
7.4991371      0.013417529   
7.4965125      0.010709822   
7.5028651      0.01091287    
12.989535      0.011560817   

Stress
20.1317      -0.0279345   0.0782389     0.129002     0.0567392    0.0885644   
-0.0279345   20.0702      0.0119287     0.0567392    0.122921     0.0743611   
0.0782389    0.0119287    20.0977       0.0885644    0.0743611    0.0730452   

Stress Spherical
0            0            0             0            0            0           
0            0            0             0            0            0           
0            0            0             0            0            0           

Inertia
150.002      -56.229      -56.2661      0.220445     0.149875     0.142507    
-56.229      150.035      -56.238       0.149875     0.254976     0.121413    
-56.2661     -56.238      149.946       0.142507     0.121413     0.294279    

Bond Length
0.61844019    0.0010635082

BB bond length
0.61844019    0.0010635082

Water EE distance
0             0           

PEG EE distance
6.8741351     0.11797321  

BBB P2(x)
0.50819186    0.009134155 

BBB first bond length
0.61835881    0.0010670114

BBB second bond length
0.61837629    0.0011247723

BBB <phi**2>/<phi>**2
1.2234324     0.0077676547

Time = 15000
Temperature
1.007144      0.0093842079

Pressure
23.215302     0.11050726  

CM Mom
-9.3547859e-17 1.8071971e-17 
1.2907631e-16  2.0438903e-17 
-2.1263831e-17 1.0980199e-17 
1.6234367e-16  1.9325869e-17 

CM Pos
7.4991371      0.021348298   
7.5022909      0.014444162   
7.506421       0.011637147   
12.994943      0.0067425284  

Stress
20.256       0.0292946    0.0266931     0.172592     0.0653708    0.066666    
0.0292946    20.1827      0.0120487     0.0653708    0.106825     0.0565797   
0.0266931    0.0120487    20.1438       0.066666     0.0565797    0.0752319   

Stress Spherical
0            0            0             0            0            0           
0            0            0             0            0            0           
0            0            0             0            0            0           

Inertia
150.143      -56.2757     -56.3122      0.379736     0.139928     0.131497    
-56.2757     150.075      -56.3245      0.139928     0.201124     0.161222    
-56.3122     -56.3245     150.043       0.131497     0.161222     0.238766    

Bond Length
0.61721731    0.001558181 

BB bond length
0.61721731    0.001558181 

Water EE distance
0             0           

PEG EE distance
7.0100613     0.11184396  

BBB P2(x)
0.51150115    0.007817141 

BBB first bond length
0.61724365    0.0015688289

BBB second bond length
0.61703294    0.001566032 

BBB <phi**2>/<phi>**2
1.2269533     0.01000062  

Time = 16000
Temperature
1.0125906     0.0081454058

Pressure
23.140882     0.078852229 

CM Mom
-9.6926286e-17 1.3966566e-17 
1.3760613e-16  1.2956002e-17 
-3.2452968e-17 1.7160485e-17 
1.7239319e-16  1.7926034e-17 

CM Pos
7.4909881      0.022730315   
7.4982905      0.011477596   
7.4964941      0.018538711   
12.982198      0.014554792   

Stress
20.1517      0.0394411    0.00917965    0.131808     0.040018     0.091427    
0.0394411    20.0757      0.02125       0.040018     0.0708834    0.0792574   
0.00917965   0.02125      20.0828       0.091427     0.0792574    0.147071    

Stress Spherical
0            0            0             0            0            0           
0            0            0             0            0            0           
0            0            0             0            0            0           

Inertia
149.925      -56.1924     -56.1776      0.260369     0.200538     0.191996    
-56.1924     149.812      -56.2189      0.200538     0.365415     0.125267    
-56.1776     -56.2189     149.841       0.191996     0.125267     0.365707    

Bond Length
0.6183212     0.0013576994

BB bond length
0.6183212     0.0013576994

Water EE distance
0             0           

PEG EE distance
6.9165568     0.095415965 

BBB P2(x)
0.5090841     0.0081436808

BBB first bond length
0.61817909    0.0016945216

BBB second bond length
0.61845397    0.0013560973

BBB <phi**2>/<phi>**2
1.2252313     0.0096998435

Time = 17000
Temperature
1.0136261     0.011804844 

Pressure
23.172847     0.076467169 

CM Mom
-1.1967176e-16 1.639973e-17  
1.3293958e-16  1.4405872e-17 
-2.6275955e-17 1.5189412e-17 
1.8233471e-16  1.2080608e-17 

CM Pos
7.4986926      0.017782003   
7.4981423      0.015891451   
7.4996055      0.0078693827  
12.98834       0.016385591   

Stress
20.1582      0.00623855   -0.000553998  0.108308     0.0841464    0.0746557   
0.00623855   20.1056      -0.00511001   0.0841464    0.116588     0.0624029   
-0.000553998 -0.00511001  20.133        0.0746557    0.0624029    0.0883894   

Stress Spherical
0            0            0             0            0            0           
0            0            0             0            0            0           
0            0            0             0            0            0           

Inertia
149.942      -56.1909     -56.2642      0.311965     0.196176     0.168554    
-56.1909     149.957      -56.2422      0.196176     0.348298     0.140542    
-56.2642     -56.2422     149.922       0.168554     0.140542     0.402337    

Bond Length
0.61933838    0.001346002 

BB bond length
0.61933838    0.001346002 

Water EE distance
0             0           

PEG EE distance
7.1955596     0.10837397  

BBB P2(x)
0.50465521    0.01183085  

BBB first bond length
0.61918001    0.0012779049

BBB second bond length
0.61920465    0.0015134215

BBB <phi**2>/<phi>**2
1.2241517     0.0071364579

Time = 18000
Temperature
1.0051729     0.0036260351

Pressure
23.168052     0.086710292 

CM Mom
-1.4219057e-16 1.5884108e-17 
1.5926831e-16  1.8635747e-17 
-3.7907032e-17 1.8444279e-17 
2.1797512e-16  2.1169154e-17 

CM Pos
7.4976555      0.015526017   
7.5021427      0.0081972992  
7.5004945      0.012189935   
12.990564      0.0099982349  

Stress
20.1848      -0.012081    -0.040441     0.0988556    0.0706601    0.062415    
-0.012081    20.1232      0.0169943     0.0706601    0.110842     0.0865266   
-0.040441    0.0169943    20.1506       0.062415     0.0865266    0.126651    

Stress Spherical
0            0            0             0            0            0           
0            0            0             0            0            0           
0            0            0             0            0            0           

Inertia
150.062      -56.2535     -56.2257      0.233949     0.0729481    0.103754    
-56.2535     149.981      -56.2953      0.0729481    0.201653     0.130298    
-56.2257     -56.2953     149.996       0.103754     0.130298     0.196355    

Bond Length
0.61755452    0.0019997357

BB bond length
0.61755452    0.0019997357

Water EE distance
0             0           

PEG EE distance
7.3086973     0.11970833  

BBB P2(x)
0.51081966    0.0084813026

BBB first bond length
0.61751813    0.0021180379

BBB second bond length
0.61745136    0.0018890158

BBB <phi**2>/<phi>**2
1.2246083     0.0075007268

Time = 19000
Temperature
1.0080617     0.0089911824

Pressure
23.149891     0.08296494  

CM Mom
-1.5860376e-16 2.0185842e-17 
1.2633612e-16  2.057317e-17  
-5.9860914e-17 2.0863978e-17 
2.1253446e-16  2.8185592e-17 

CM Pos
7.4940995      0.015240615   
7.507921       0.015408929   
7.4919011      0.015043448   
12.9869        0.010450922   

Stress
20.1603      0.00816182   0.0043016     0.0880805    0.0441668    0.0909239   
0.00816182   20.1237      -0.00547076   0.0441668    0.0862544    0.107526    
0.0043016    -0.00547076  20.094        0.0909239    0.107526     0.148433    

Stress Spherical
0            0            0             0            0            0           
0            0            0             0            0            0           
0            0            0             0            0            0           

Inertia
149.99       -56.2911     -56.1625      0.391765     0.145251     0.0943007   
-56.2911     149.793      -56.2698      0.145251     0.189413     0.248798    
-56.1625     -56.2698     150.025       0.0943007    0.248798     0.13542     

Bond Length
0.61831352    0.0011075643

BB bond length
0.61831352    0.0011075643

Water EE distance
0             0           

PEG EE distance
7.338679      0.13753609  

BBB P2(x)
0.51517857    0.010556196 

BBB first bond length
0.6183876     0.0012063088

BBB second bond length
0.61851098    0.0010671555

BBB <phi**2>/<phi>**2
1.2266466     0.0076818269

Time = 20000
Temperature
1.0122475     0.0038521795

Pressure
23.209852     0.080719375 

CM Mom
-1.7413279e-16 1.1799487e-17 
1.5746903e-16  2.2912575e-17 
-9.5195675e-17 1.4372383e-17 
2.5455213e-16  1.5966522e-17 

CM Pos
7.4966183      0.010328976   
7.4953272      0.014964441   
7.5010872      0.010928951   
12.986367      0.01535735    

Stress
20.1706      0.0221647    0.00173792    0.116975     0.0875974    0.0986273   
0.0221647    20.201       -0.0307511    0.0875974    0.0646959    0.0936186   
0.00173792   -0.0307511   20.1487       0.0986273    0.0936186    0.137195    

Stress Spherical
0            0            0             0            0            0           
0            0            0             0            0            0           
0            0            0             0            0            0           

Inertia
149.947      -56.1965     -56.2289      0.289627     0.168061     0.135919    
-56.1965     149.96       -56.2084      0.168061     0.222077     0.195516    
-56.2289     -56.2084     149.876       0.135919     0.195516     0.32894     

Bond Length
0.61789062    0.0020319626

BB bond length
0.61789062    0.0020319626

Water EE distance
0             0           

PEG EE distance
7.0896329     0.10129296  

BBB P2(x)
0.50278684    0.010819914 

BBB first bond length
0.61776384    0.0022177997

BBB second bond length
0.61795053    0.0021350797

BBB <phi**2>/<phi>**2
1.2252911     0.010211878 

Time = 21000
Temperature
1.0101739     0.010199288 

Pressure
23.190061     0.069302899 

CM Mom
-1.8087429e-16 2.2501485e-17 
1.6234517e-16  2.6485084e-17 
-8.7397027e-17 2.3435369e-17 
2.6131702e-16  1.3420492e-17 

CM Pos
7.4966183      0.014652393   
7.5022909      0.015584584   
7.4978276      0.020178988   
12.988526      0.011827247   

Stress
20.1346      -0.0202919   -0.00849881   0.105932     0.0743777    0.0731847   
-0.0202919   20.2003      0.0290779     0.0743777    0.0994029    0.0815791   
-0.00849881  0.0290779    20.1446       0.0731847    0.0815791    0.115805    

Stress Spherical
0            0            0             0            0            0           
0            0            0             0            0            0           
0            0            0             0            0            0           

Inertia
150.01       -56.2284     -56.2102      0.290634     0.230929     0.126573    
-56.2284     149.928      -56.2827      0.230929     0.267775     0.170388    
-56.2102     -56.2827     149.975       0.126573     0.170388     0.384068    

Bond Length
0.61856931    0.0018827817

BB bond length
0.61856931    0.0018827817

Water EE distance
0             0           

PEG EE distance
6.9682774     0.078790676 

BBB P2(x)
0.51336358    0.013388216 

BBB first bond length
0.61874447    0.0018685786

BBB second bond length
0.61837108    0.0020266274

BBB <phi**2>/<phi>**2
1.22535       0.0074369046

Time = 22000
Temperature
1.006092      0.0071480707

Pressure
23.182221     0.11207254  

CM Mom
-1.6338806e-16 1.9809128e-17 
1.6777346e-16  1.9490907e-17 
-3.35291e-17   1.5081806e-17 
2.3796685e-16  1.8420898e-17 

CM Pos
7.4978036      0.01538041    
7.4935492      0.011783367   
7.5013835      0.010010586   
12.986203      0.010033211   

Stress
20.2221      -0.000438988 0.00400309    0.134917     0.0623136    0.0716104   
-0.000438988 20.1299      0.00992289    0.0623136    0.121469     0.051738    
0.00400309   0.00992289   20.1407       0.0716104    0.051738     0.148228    

Stress Spherical
0            0            0             0            0            0           
0            0            0             0            0            0           
0            0            0             0            0            0           

Inertia
149.92       -56.1691     -56.2898      0.178135     0.127661     0.20614     
-56.1691     149.998      -56.217       0.127661     0.314162     0.114905    
-56.2898     -56.217      149.861       0.20614      0.114905     0.168147    

Bond Length
0.61892172    0.0018978788

BB bond length
0.61892172    0.0018978788

Water EE distance
0             0           

PEG EE distance
6.9959726     0.097492099 

BBB P2(x)
0.5199866     0.0087287034

BBB first bond length
0.61895513    0.0017850175

BBB second bond length
0.61889017    0.001977163 

BBB <phi**2>/<phi>**2
1.2255619     0.0069797628

Time = 23000
Temperature
1.0098733     0.0085160608

Pressure
23.168229     0.082298424 

CM Mom
-1.699907e-16  3.4547259e-17 
1.6054725e-16  1.2273308e-17 
-3.1166627e-17 1.5451059e-17 
2.374123e-16   2.9358144e-17 

CM Pos
7.4964702      0.016610759   
7.496068       0.01953053    
7.4999019      0.011913062   
12.986035      0.017650223   

Stress
20.1774      0.0482333    0.0110943     0.0947387    0.0912923    0.0816058   
0.0482333    20.1238      -0.0202206    0.0912923    0.108461     0.0795772   
0.0110943    -0.0202206   20.1156       0.0816058    0.0795772    0.100418    

Stress Spherical
0            0            0             0            0            0           
0            0            0             0            0            0           
0            0            0             0            0            0           

Inertia
149.945      -56.2028     -56.226       0.30149      0.205735     0.183517    
-56.2028     149.948      -56.2107      0.205735     0.351335     0.191492    
-56.226      -56.2107     149.889       0.183517     0.191492     0.428921    

Bond Length
0.61803986    0.0012381483

BB bond length
0.61803986    0.0012381483

Water EE distance
0             0           

PEG EE distance
7.2445739     0.18752175  

BBB P2(x)
0.51075483    0.012604648 

BBB first bond length
0.61796627    0.001070144 

BBB second bond length
0.6182189     0.0013626673

BBB <phi**2>/<phi>**2
1.2256761     0.008431618 

Time = 24000
Temperature
1.0079729     0.0097533603

Pressure
23.151572     0.099060695 

CM Mom
-1.5594814e-16 1.9663053e-17 
1.6004294e-16  1.5504165e-17 
-6.6467805e-17 1.4658301e-17 
2.3396486e-16  2.1304038e-17 

CM Pos
7.4967665      0.0088016674  
7.4936974      0.013806991   
7.4993092      0.012632126   
12.984492      0.0065963079  

Stress
20.0913      0.0230687    0.00810937    0.142907     0.0558973    0.108148    
0.0230687    20.1463      0.0575256     0.0558973    0.157371     0.049218    
0.00810937   0.0575256    20.1462       0.108148     0.049218     0.104678    

Stress Spherical
0            0            0             0            0            0           
0            0            0             0            0            0           
0            0            0             0            0            0           

Inertia
149.898      -56.2501     -56.1958      0.208627     0.0931433    0.0963803   
-56.2501     149.939      -56.1639      0.0931433    0.212398     0.107258    
-56.1958     -56.1639     149.856       0.0963803    0.107258     0.170797    

Bond Length
0.61825613    0.0016320405

BB bond length
0.61825613    0.0016320405

Water EE distance
0             0           

PEG EE distance
7.416798      0.11599153  

BBB P2(x)
0.51189722    0.0066387899

BBB first bond length
0.61821236    0.0016360869

BBB second bond length
0.61836874    0.0018207152

BBB <phi**2>/<phi>**2
1.2260344     0.007474942 

Time = 25000
Temperature
1.0094816     0.0071857813

Pressure
23.170661     0.13093189  

CM Mom
-1.4117692e-16 2.3229506e-17 
1.3598861e-16  1.6721254e-17 
-8.0319273e-17 2.5251589e-17 
2.1398885e-16  2.3251553e-17 

CM Pos
7.496322       0.012410347   
7.5051059      0.0097843542  
7.4957533      0.01883533    
12.988765      0.018827055   

Stress
20.1691      -0.016258    -0.0437107    0.110809     0.035929     0.093775    
-0.016258    20.1585      0.0215003     0.035929     0.117287     0.0746533   
-0.0437107   0.0215003    20.1          0.093775     0.0746533    0.188687    

Stress Spherical
0            0            0             0            0            0           
0            0            0             0            0            0           
0            0            0             0            0            0           

Inertia
150.017      -56.2951     -56.1908      0.324991     0.178329     0.207181    
-56.2951     149.877      -56.2367      0.178329     0.378538     0.180542    
-56.1908     -56.2367     150.034       0.207181     0.180542     0.243522    

Bond Length
0.61792453    0.0015755958

BB bond length
0.61792453    0.0015755958

Water EE distance
0             0           

PEG EE distance
7.1579772     0.2247955   

BBB P2(x)
0.5044499     0.0076095743

BBB first bond length
0.61785245    0.0016432098

BBB second bond length
0.61813648    0.0016931551

BBB <phi**2>/<phi>**2
1.2242885     0.0076783959

Time = 26000
Temperature
1.0083271     0.0091127378

Pressure
23.233615     0.079385212 

CM Mom
-1.4378699e-16 2.1844982e-17 
1.2234331e-16  1.7633844e-17 
-6.5157064e-17 2.747908e-17  
2.0189365e-16  2.5888919e-17 

CM Pos
7.5069897      0.012728209   
7.5034762      0.017578376   
7.4956051      0.0075896376  
12.993902      0.013447344   

Stress
20.1964      -0.0426115   -0.0391484    0.0936019    0.0873856    0.0687472   
-0.0426115   20.2462      0.0427854     0.0873856    0.0829904    0.068598    
-0.0391484   0.0427854    20.1842       0.0687472    0.068598     0.128491    

Stress Spherical
0            0            0             0            0            0           
0            0            0             0            0            0           
0            0            0             0            0            0           

Inertia
149.987      -56.3335     -56.2426      0.353049     0.162701     0.149305    
-56.3335     150.042      -56.2216      0.162701     0.229227     0.142801    
-56.2426     -56.2216     150.144       0.149305     0.142801     0.353296    

Bond Length
0.61721496    0.0019363275

BB bond length
0.61721496    0.0019363275

Water EE distance
0             0           

PEG EE distance
6.7494428     0.10527397  

BBB P2(x)
0.50448556    0.0075099785

BBB first bond length
0.6172062     0.0020306159

BBB second bond length
0.61712291    0.0017489286

BBB <phi**2>/<phi>**2
1.223535      0.006075837 

Time = 27000
Temperature
1.0074171     0.0081850284

Pressure
23.177254     0.082435644 

CM Mom
-1.3817549e-16 1.7043065e-17 
9.4368683e-17  2.5747472e-17 
-5.3039085e-17 2.0213482e-17 
1.7891228e-16  1.2784281e-17 

CM Pos
7.4985444      0.014757638   
7.491475       0.01455393    
7.4988647      0.016981291   
12.983981      0.017386449   

Stress
20.1151      -0.0356289   -0.020099     0.105735     0.0510515    0.0738441   
-0.0356289   20.2076      -0.0604836    0.0510515    0.118092     0.107587    
-0.020099    -0.0604836   20.1433       0.0738441    0.107587     0.129171    

Stress Spherical
0            0            0             0            0            0           
0            0            0             0            0            0           
0            0            0             0            0            0           

Inertia
149.86       -56.1998     -56.2265      0.368508     0.178294     0.157013    
-56.1998     149.947      -56.1638      0.178294     0.311326     0.161582    
-56.2265     -56.1638     149.843       0.157013     0.161582     0.37354     

Bond Length
0.6171713     0.0014770787

BB bond length
0.6171713     0.0014770787

Water EE distance
0             0           

PEG EE distance
7.1108896     0.3563491   

BBB P2(x)
0.5069106     0.011276746 

BBB first bond length
0.61697385    0.0013992807

BBB second bond length
0.61697147    0.0014625171

BBB <phi**2>/<phi>**2
1.2255716     0.0044657106

Time = 28000
Temperature
1.0089871     0.0082713254

Pressure
23.119984     0.093433102 

CM Mom
-1.5560915e-16 2.0935048e-17 
9.1075793e-17  7.0286408e-18 
-4.0274097e-17 2.3556822e-17 
1.865994e-16   1.8822231e-17 

CM Pos
7.5055081      0.015902498   
7.4956235      0.013953285   
7.5053839      0.011737635   
12.994158      0.016213535   

Stress
20.1727      -0.0449522   0.0186314     0.0565691    0.050836     0.0921165   
-0.0449522   20.0512      0.0113545     0.050836     0.116056     0.0585275   
0.0186314    0.0113545    20.0561       0.0921165    0.0585275    0.121951    

Stress Spherical
0            0            0             0            0            0           
