Time = 1000
Temperature
   1.0722405   0.087574545

Pressure
   23.703789    0.57096959

CM Mom
1.3152835e-17  1.8868551e-17 
4.4463642e-17  2.8796215e-17 
3.6893877e-17  1.5629616e-16 
1.5536777e-16  7.0609909e-17 

CM Pos
7.5029682      0.017843205   
7.4980228      0.017723967   
7.4954312      0.022210184   
12.988339      0.023183402   

Stress
20.4916      0.00274717   -0.0580946    0.333609     0.0794364    0.0736722   
0.00274717   20.4926      0.0392503     0.0794364    0.326682     0.0460714   
-0.0580946   0.0392503    20.4827       0.0736722    0.0460714    0.320117    

Stress Spherical
0            0            0             0            0            0           
0            0            0             0            0            0           
0            0            0             0            0            0           

Inertia
149.959      -56.2719     -56.2358      1.01868      0.271695     0.268962    
-56.2719     150.04       -56.1834      0.271695     0.945295     0.255704    
-56.2358     -56.1834     150.094       0.268962     0.255704     1.42572     

Bond Length
0.61889736    0.004122111 

BB bond length
0.61889736    0.004122111 

Water EE distance
0             0           

PEG EE distance
6.505954      0.16590237  

BBB P2(x)
0.47276476    0.068836801 

BBB first bond length
0.61840345    0.0039267421

BBB second bond length
0.61893426    0.0041113067

BBB <phi**2>/<phi>**2
1.222284      0.015476706 

Time = 2000
Temperature
1.0121696     0.0061290421

Pressure
23.406538     0.082867018 

CM Mom
3.5683977e-18  1.6674796e-17 
2.0267001e-17  6.4092855e-18 
8.6009644e-18  2.4430071e-17 
3.595588e-17   1.0981449e-17 

CM Pos
7.4974835      0.017302385   
7.5021734      0.013291735   
7.5043253      0.014240688   
12.992691      0.020475437   

Stress
20.384       0.011763     -0.00101154   0.119958     0.0818544    0.0528609   
0.011763     20.3574      -0.0157524    0.0818544    0.081244     0.0825759   
-0.00101154  -0.0157524   20.3741       0.0528609    0.0825759    0.0859986   

Stress Spherical
0            0            0             0            0            0           
0            0            0             0            0            0           
0            0            0             0            0            0           

Inertia
149.981      -56.251      -56.2873      0.333377     0.156335     0.217756    
-56.251      149.913      -56.3199      0.156335     0.356372     0.184843    
-56.2873     -56.3199     149.904       0.217756     0.184843     0.347149    

Bond Length
0.61874837    0.002341403 

BB bond length
0.61874837    0.002341403 

Water EE distance
0             0           

PEG EE distance
6.7170127     0.21565777  

BBB P2(x)
0.51529691    0.0094378773

BBB first bond length
0.61863465    0.0027246357

BBB second bond length
0.61873337    0.002452706 

BBB <phi**2>/<phi>**2
1.2282693     0.010869728 

