Time = 1000
Temperature
   1.1736032    0.18816907

Pressure
   24.222639      1.222659

CM Mom
-4.8441414e-17 2.7919977e-17 
2.6486756e-17  5.4153376e-17 
3.2016497e-16  4.6339972e-16 
4.1476293e-16  3.8984208e-16 

CM Pos
10.000384      0.019253128   
9.9946582      0.03359539    
10.002009      0.025909185   
17.318866      0.010856221   

Stress
20.7067      0.0130271    0.00954203    0.728231     0.0332991    0.0454004   
0.0130271    20.7104      -0.0130239    0.0332991    0.745241     0.0510129   
0.00954203   -0.0130239   20.6897       0.0454004    0.0510129    0.678718    

Stress Spherical
0            0            0             0            0            0           
0            0            0             0            0            0           
0            0            0             0            0            0           

Inertia
266.95       -99.9444     -99.9935      3.97158      0.354144     0.383442    
-99.9444     267.062      -99.9542      0.354144     4.75378      0.213889    
-99.9935     -99.9542     266.914       0.383442     0.213889     3.58239     

Bond Length
0.62448322    0.0092554601

BB bond length
0.62448322    0.0092554601

Water EE distance
0             0           

PEG EE distance
5.8217319     0.34209899  

BBB P2(x)
0.090373552   0.019204068 

BBB first bond length
0.62450635    0.0095578386

BBB second bond length
0.62480646    0.0090510058

BBB <phi**2>/<phi>**2
1.1225441     0.0058957136

Time = 2000
Temperature
1.0166672     0.0084837212

Pressure
23.1901       0.069322809 

CM Mom
-2.5968211e-17 1.389969e-17  
4.3038549e-17  2.2721446e-17 
-4.3416535e-17 1.1305948e-16 
1.1059977e-16  7.5307791e-17 

CM Pos
10.000051      0.012200398   
9.9941582      0.01590294    
9.9963412      0.012609169   
17.315064      0.013446359   

Stress
20.135       0.008983     -0.0257363    0.0860831    0.0358623    0.0681509   
0.008983     20.1658      0.00247868    0.0358623    0.0643487    0.0488964   
-0.0257363   0.00247868   20.1206       0.0681509    0.0488964    0.0897718   

Stress Spherical
0            0            0             0            0            0           
0            0            0             0            0            0           
0            0            0             0            0            0           

Inertia
266.386      -99.9245     -99.9541      1.26069      0.223818     0.134517    
-99.9245     266.511      -99.8868      0.223818     1.24121      0.171768    
-99.9541     -99.8868     266.477       0.134517     0.171768     0.942688    

Bond Length
0.62322863    0.00078069169

BB bond length
0.62322863    0.00078069169

Water EE distance
0             0           

PEG EE distance
5.4574539     0.054699974 

BBB P2(x)
0.08138875    0.0057640771

BBB first bond length
0.62344573    0.00077063707

BBB second bond length
0.62348587    0.00071788653

BBB <phi**2>/<phi>**2
1.1200389     0.0027835826

Time = 3000
Temperature
1.0142236     0.004982556 

Pressure
23.155483     0.064489224 

CM Mom
-3.7202094e-17 1.628071e-17  
3.6356369e-17  2.4090156e-17 
1.9726503e-17  2.6500522e-17 
6.6533971e-17  1.4690874e-17 

CM Pos
9.999801       0.0096750573  
9.9969919      0.012490723   
9.9993416      0.0053528493  
17.318282      0.0090083688  

Stress
20.1284      -0.0152028   -0.0231117    0.0975056    0.0333617    0.0433529   
-0.0152028   20.1339      0.00993024    0.0333617    0.0665097    0.0332202   
-0.0231117   0.00993024   20.0773       0.0433529    0.0332202    0.0849056   

Stress Spherical
0            0            0             0            0            0           
0            0            0             0            0            0           
0            0            0             0            0            0           

Inertia
266.488      -99.9895     -99.9687      0.648745     0.193465     0.124933    
-99.9895     266.539      -99.949       0.193465     0.586782     0.152777    
-99.9687     -99.949      266.523       0.124933     0.152777     0.560277    

Bond Length
0.62326031    0.00092733412

BB bond length
0.62326031    0.00092733412

Water EE distance
0             0           

PEG EE distance
5.2545481     0.049493841 

BBB P2(x)
0.076810508   0.0060589761

BBB first bond length
0.62338966    0.0009025882

BBB second bond length
0.62341211    0.00086237357

BBB <phi**2>/<phi>**2
1.11939       0.0027218226

Time = 4000
Temperature
1.0115184     0.0041898968

Pressure
23.086804     0.035163322 

CM Mom
-2.7030833e-17 2.0505393e-17 
4.6317298e-17  1.0935735e-17 
1.1225411e-17  4.7510051e-17 
7.412665e-17   1.7449182e-17 

CM Pos
9.9984675      0.0071481541  
9.9959084      0.010241452   
9.9968413      0.010092856   
17.315441      0.011440882   

Stress
20.032       0.0261375    -0.00391603   0.080059     0.0456278    0.0444137   
0.0261375    20.0483      0.0133693     0.0456278    0.0539931    0.0424388   
-0.00391603  0.0133693    20.0775       0.0444137    0.0424388    0.058199    

Stress Spherical
0            0            0             0            0            0           
0            0            0             0            0            0           
0            0            0             0            0            0           

Inertia
266.436      -99.951      -99.9188      0.398246     0.147808     0.216978    
-99.951      266.484      -99.9266      0.147808     0.454764     0.150593    
-99.9188     -99.9266     266.483       0.216978     0.150593     0.323448    

Bond Length
0.62448803    0.00066869455

BB bond length
0.62448803    0.00066869455

Water EE distance
0             0           

PEG EE distance
5.108488      0.047416858 

BBB P2(x)
0.073094517   0.010147179 

BBB first bond length
0.62456125    0.00080529044

BBB second bond length
0.62458894    0.00066410039

BBB <phi**2>/<phi>**2
1.1165895     0.0035013133

Time = 5000
Temperature
1.0113221     0.004592973 

Pressure
23.07741      0.051666548 

CM Mom
-3.679554e-17  1.657317e-17  
3.0648415e-17  2.4739931e-17 
5.6388511e-17  5.1453909e-17 
8.4852225e-17  4.2511647e-17 

CM Pos
9.9981341      0.013678535   
10.003493      0.01214333    
9.9990082      0.012120428   
17.320879      0.018564061   

Stress
20.0151      0.027631     0.00623179    0.0615268    0.0473809    0.0571779   
0.027631     20.0612      -0.00841846   0.0473809    0.0852876    0.0489081   
0.00623179   -0.00841846  20.0552       0.0571779    0.0489081    0.10749     

Stress Spherical
0            0            0             0            0            0           
0            0            0             0            0            0           
0            0            0             0            0            0           

Inertia
266.647      -99.9908     -99.9613      0.486234     0.205975     0.257833    
-99.9908     266.545      -100.024      0.205975     0.523084     0.202943    
-99.9613     -100.024     266.644       0.257833     0.202943     0.48432     

Bond Length
0.62375679    0.0011358617

BB bond length
0.62375679    0.0011358617

Water EE distance
0             0           

PEG EE distance
5.1541731     0.044498101 

BBB P2(x)
0.076031111   0.0086121636

BBB first bond length
0.62382735    0.0012067773

BBB second bond length
0.62386963    0.0011392384

BBB <phi**2>/<phi>**2
1.1176042     0.0034891462

Time = 6000
Temperature
1.0091796     0.0034428171

Pressure
23.082547     0.057302053 

CM Mom
-4.8797973e-17 9.5422132e-18 
1.9449549e-17  2.7900285e-17 
4.6991206e-17  9.8020802e-18 
7.629068e-17   1.0629829e-17 

CM Pos
10.004635      0.009016546   
9.9969919      0.008693756   
10.002259      0.0096908393  
17.322757      0.0096980918  

Stress
20.0381      0.0175045    0.0146987     0.0680374    0.0567503    0.0384364   
0.0175045    20.078       -0.0289144    0.0567503    0.0945373    0.0433694   
0.0146987    -0.0289144   20.05         0.0384364    0.0433694    0.0825235   

Stress Spherical
0            0            0             0            0            0           
0            0            0             0            0            0           
0            0            0             0            0            0           

Inertia
266.592      -100.009     -100.111      0.203552     0.111847     0.159207    
-100.009     266.753      -99.9604      0.111847     0.353486     0.101969    
-100.111     -99.9604     266.645       0.159207     0.101969     0.279419    

Bond Length
0.62397425    0.0014115194

BB bond length
0.62397425    0.0014115194

Water EE distance
0             0           

PEG EE distance
5.3619069     0.067036718 

BBB P2(x)
0.077035119   0.0061563106

BBB first bond length
0.62405817    0.0013658949

BBB second bond length
0.62397007    0.0014236549

BBB <phi**2>/<phi>**2
1.1185951     0.0028818952

Time = 7000
Temperature
1.0095634     0.0046079371

Pressure
23.074546     0.049611232 

CM Mom
-5.1108335e-17 1.656187e-17  
-1.5140651e-17 2.2703904e-17 
5.332582e-17   8.5934268e-18 
7.9189546e-17  1.6660431e-17 

CM Pos
9.9980508      0.0091908925  
9.9994922      0.0096120316  
9.9986749      0.013156967   
17.318334      0.0059788506  

Stress
20.0412      -0.00017447  -0.00561579   0.109509     0.0629516    0.0382633   
-0.00017447  20.0382      0.0171232     0.0629516    0.0516952    0.0325611   
-0.00561579  0.0171232    20.0593       0.0382633    0.0325611    0.0595883   

Stress Spherical
0            0            0             0            0            0           
0            0            0             0            0            0           
0            0            0             0            0            0           

Inertia
266.574      -99.9375     -99.9746      0.263679     0.165829     0.150791    
-99.9375     266.56       -100.014      0.165829     0.280532     0.105038    
-99.9746     -100.014     266.58        0.150791     0.105038     0.221614    

Bond Length
0.62408753    0.0010051524

BB bond length
0.62408753    0.0010051524

Water EE distance
0             0           

PEG EE distance
5.0879975     0.083591076 

BBB P2(x)
0.075669617   0.0059038817

BBB first bond length
0.62432984    0.00097320037

BBB second bond length
0.62433622    0.0010748593

BBB <phi**2>/<phi>**2
1.1190557     0.0021130085

Time = 8000
Temperature
1.0115844     0.0048965976

Pressure
23.072975     0.048215404 

CM Mom
-6.112056e-17  2.4511511e-17 
-1.739775e-17  1.7464878e-17 
5.8437417e-17  1.9291783e-17 
9.0944345e-17  2.1458601e-17 

CM Pos
9.9970507      0.010337649   
10.000826      0.0089798783  
9.9993416      0.010629188   
17.318908      0.010588925   

Stress
20.0395      -0.00942315  0.0122521     0.0543329    0.0427614    0.0306475   
-0.00942315  20.0539      0.0178633     0.0427614    0.0617596    0.0442158   
0.0122521    0.0178633    20.0224       0.0306475    0.0442158    0.0634887   

Stress Spherical
0            0            0             0            0            0           
0            0            0             0            0            0           
0            0            0             0            0            0           

Inertia
266.631      -100.004     -99.9694      0.315287     0.145387     0.164126    
-100.004     266.565      -99.9471      0.145387     0.285246     0.184769    
-99.9694     -99.9471     266.599       0.164126     0.184769     0.235013    

Bond Length
0.62403498    0.00088293363

BB bond length
0.62403498    0.00088293363

Water EE distance
0             0           

PEG EE distance
4.9385858     0.059285952 

BBB P2(x)
0.076297144   0.0059972223

BBB first bond length
0.62417753    0.00089305022

BBB second bond length
0.62421798    0.00089545009

BBB <phi**2>/<phi>**2
1.1171238     0.0024442449

Time = 9000
Temperature
1.0086813     0.0036841139

Pressure
23.093769     0.021677031 

CM Mom
-7.0529431e-17 1.4527826e-17 
-1.1962645e-17 2.1054575e-17 
3.0160897e-17  2.4182382e-17 
8.3601728e-17  1.6645623e-17 

CM Pos
9.9992176      0.010224142   
9.9962418      0.010765226   
9.9981748      0.0083713809  
17.31684       0.0074324707  

Stress
20.067       0.000684099  0.00711659    0.040179     0.0469517    0.0415564   
0.000684099  20.079       -0.015822     0.0469517    0.0659022    0.0482185   
0.00711659   -0.015822    20.0583       0.0415564    0.0482185    0.0449375   

Stress Spherical
0            0            0             0            0            0           
0            0            0             0            0            0           
0            0            0             0            0            0           

Inertia
266.519      -99.9573     -99.9822      0.266729     0.181351     0.143017    
-99.9573     266.594      -99.9784      0.181351     0.156082     0.138975    
-99.9822     -99.9784     266.541       0.143017     0.138975     0.294183    

Bond Length
0.6237968     0.00081665738

BB bond length
0.6237968     0.00081665738

Water EE distance
0             0           

PEG EE distance
5.0188832     0.062279671 

BBB P2(x)
0.07700663    0.0061756884

BBB first bond length
0.62390027    0.00075570395

BBB second bond length
0.62413214    0.00076004178

BBB <phi**2>/<phi>**2
1.1187537     0.0025904777

Time = 10000
Temperature
1.0103225     0.0049219109

Pressure
23.109463     0.0591273   

CM Mom
-6.8954279e-17 1.7800457e-17 
-2.2675439e-17 1.2084131e-17 
2.7097744e-17  2.4834497e-17 
8.1350696e-17  2.1560492e-17 

CM Pos
9.9974674      0.01218074    
9.9981587      0.011101      
9.9968413      0.012464002   
17.316168      0.011411809   

Stress
20.0724      0.0248323    0.00781159    0.078056     0.0436515    0.054556    
0.0248323    20.0695      -0.0225953    0.0436515    0.10146      0.0447055   
0.00781159   -0.0225953   20.0947       0.054556     0.0447055    0.0494991   

Stress Spherical
0            0            0             0            0            0           
0            0            0             0            0            0           
0            0            0             0            0            0           

Inertia
266.537      -99.9819     -99.9232      0.200762     0.188726     0.178109    
-99.9819     266.53       -99.932       0.188726     0.382249     0.119824    
-99.9232     -99.932      266.558       0.178109     0.119824     0.318983    

Bond Length
0.62326629    0.0010033288

BB bond length
0.62326629    0.0010033288

Water EE distance
0             0           

PEG EE distance
4.8538653     0.04565345  

BBB P2(x)
0.074994256   0.0064526371

BBB first bond length
0.62352511    0.0010184827

BBB second bond length
0.62340931    0.00093961751

BBB <phi**2>/<phi>**2
1.1181423     0.0030213988

Time = 11000
Temperature
1.0090486     0.0044086031

Pressure
23.094087     0.069319597 

CM Mom
-7.7013771e-17 9.9119018e-18 
-2.0876884e-17 2.2258356e-17 
3.4213081e-17  2.7053728e-17 
9.3231864e-17  1.3073023e-17 

CM Pos
10.004052      0.0098645349  
9.9960751      0.01069791    
9.9966746      0.011662468   
17.31867       0.0092465666  

Stress
20.0577      0.0359201    0.00239757    0.0895351    0.0543215    0.0560272   
0.0359201    20.0549      -0.00164841   0.0543215    0.0624259    0.0258704   
0.00239757   -0.00164841  20.0894       0.0560272    0.0258704    0.083888    

Stress Spherical
0            0            0             0            0            0           
0            0            0             0            0            0           
0            0            0             0            0            0           

Inertia
266.512      -100.008     -100.012      0.282557     0.130222     0.204686    
-100.008     266.672      -99.9555      0.130222     0.332245     0.140621    
-100.012     -99.9555     266.661       0.204686     0.140621     0.2606      

Bond Length
0.62354943    0.00071821212

BB bond length
0.62354943    0.00071821212

Water EE distance
0             0           

PEG EE distance
4.8733811     0.056475478 

BBB P2(x)
0.074273812   0.0064800008

BBB first bond length
0.62356748    0.00078427369

BBB second bond length
0.62367417    0.00068942811

BBB <phi**2>/<phi>**2
1.1170128     0.0018514551

Time = 12000
Temperature
1.008718      0.0061725859

Pressure
23.117485     0.084257757 

CM Mom
-7.1771229e-17 1.9631759e-17 
-3.1316078e-17 1.5392755e-17 
1.6616796e-17  1.7410032e-17 
8.391025e-17   1.7101053e-17 

CM Pos
10.002301      0.012411225   
10.001492      0.0083680613  
10.005259      0.0064471658  
17.325738      0.012982723   

Stress
20.113       -0.0150509   0.033466      0.103852     0.0433607    0.0334021   
-0.0150509   20.0587      -0.0170643    0.0433607    0.0895889    0.0420363   
0.033466     -0.0170643   20.1035       0.0334021    0.0420363    0.110604    

Stress Spherical
0            0            0             0            0            0           
0            0            0             0            0            0           
0            0            0             0            0            0           

Inertia
266.804      -100.07      -100.071      0.303239     0.206714     0.179974    
-100.07      266.807      -100.048      0.206714     0.352631     0.203537    
-100.071     -100.048     266.74        0.179974     0.203537     0.327291    

Bond Length
0.62388733    0.0013047269

BB bond length
0.62388733    0.0013047269

Water EE distance
0             0           

PEG EE distance
4.709233      0.053406999 

BBB P2(x)
0.071281378   0.0057602532

BBB first bond length
0.62401634    0.001413421 

BBB second bond length
0.62394866    0.001275537 

BBB <phi**2>/<phi>**2
1.1176021     0.0032558399

Time = 13000
Temperature
1.0072477     0.0052061774

Pressure
23.087631     0.077642706 

CM Mom
-8.6472665e-17 9.8618504e-18 
-1.160837e-17  1.735593e-17  
2.0903313e-17  1.5906801e-17 
9.274649e-17   9.941018e-18  

CM Pos
10.000968      0.0095522266  
10.001659      0.0078930537  
10.000342      0.014885903   
17.322228      0.013516901   

Stress
20.0636      0.00259018   0.00626936    0.0871879    0.0368356    0.0454405   
0.00259018   20.0537      0.00368469    0.0368356    0.1211       0.0349836   
0.00626936   0.00368469   20.0815       0.0454405    0.0349836    0.0800836   

Stress Spherical
0            0            0             0            0            0           
0            0            0             0            0            0           
0            0            0             0            0            0           

Inertia
266.708      -100.032     -100.021      0.373636     0.142174     0.176427    
-100.032     266.683      -100.02       0.142174     0.384949     0.18956     
-100.021     -100.02      266.719       0.176427     0.18956      0.245267    

Bond Length
0.62472227    0.0011613989

BB bond length
0.62472227    0.0011613989

Water EE distance
0             0           

PEG EE distance
4.8677604     0.05308026  

BBB P2(x)
0.074789232   0.0093525397

BBB first bond length
0.62490635    0.00113142  

BBB second bond length
0.62487413    0.0012207971

BBB <phi**2>/<phi>**2
1.1181699     0.003333483 

Time = 14000
Temperature
1.0085014     0.0052937065

Pressure
23.109119     0.052787752 

CM Mom
-7.6997173e-17 1.6756728e-17 
-3.5971096e-20 6.9218342e-18 
1.5137586e-17  2.2834229e-17 
8.2064638e-17  1.6529049e-17 

CM Pos
10.000968      0.007536045   
9.9959917      0.012034157   
9.996758       0.012993074   
17.316887      0.012618257   

Stress
20.0689      -0.0216285   -0.017061     0.0751685    0.0423622    0.0359354   
-0.0216285   20.0907      0.000731699   0.0423622    0.0715082    0.0483549   
-0.017061    0.000731699  20.0924       0.0359354    0.0483549    0.0671172   

Stress Spherical
0            0            0             0            0            0           
0            0            0             0            0            0           
0            0            0             0            0            0           

Inertia
266.533      -99.9717     -99.9459      0.445208     0.157028     0.13027     
-99.9717     266.615      -99.9216      0.157028     0.239855     0.258535    
-99.9459     -99.9216     266.6         0.13027      0.258535     0.287201    

Bond Length
0.62331709    0.0013932853

BB bond length
0.62331709    0.0013932853

Water EE distance
0             0           

PEG EE distance
4.7538683     0.086426047 

BBB P2(x)
0.076762857   0.004219993 

BBB first bond length
0.62331876    0.001346492 

BBB second bond length
0.62342845    0.0016137177

BBB <phi**2>/<phi>**2
1.1189609     0.003434171 

Time = 15000
Temperature
1.0089916     0.0044217326

Pressure
23.07573      0.073396488 

CM Mom
-9.4485082e-17 2.0001944e-17 
-2.4066861e-17 1.6007876e-17 
2.039087e-17   1.7373867e-17 
1.0256277e-16  1.9012933e-17 

CM Pos
9.9983008      0.0093031937  
9.9988254      0.010925663   
9.9946744      0.0088395469  
17.31578       0.009393377   

Stress
20.086       0.0252304    0.0156256     0.106363     0.0495972    0.03011     
0.0252304    20.028       0.0172892     0.0495972    0.0778086    0.0327166   
0.0156256    0.0172892    20.0333       0.03011      0.0327166    0.0804193   

Stress Spherical
0            0            0             0            0            0           
0            0            0             0            0            0           
0            0            0             0            0            0           

Inertia
266.544      -100.003     -99.9278      0.201639     0.190809     0.150349    
-100.003     266.527      -99.9311      0.190809     0.241653     0.147733    
-99.9278     -99.9311     266.621       0.150349     0.147733     0.207374    

Bond Length
0.62414718    0.00058178678

BB bond length
0.62414718    0.00058178678

Water EE distance
0             0           

PEG EE distance
4.7672475     0.12668477  

BBB P2(x)
0.073662528   0.006847316 

BBB first bond length
0.62430534    0.00070161675

BBB second bond length
0.62436364    0.00069585754

BBB <phi**2>/<phi>**2
1.1184439     0.0031494761

Time = 16000
Temperature
1.0120648     0.00319346  

Pressure
23.088809     0.026679659 

CM Mom
-7.171746e-17  1.2817283e-17 
-4.8853954e-17 2.5080604e-17 
2.4460403e-17  1.3031282e-17 
9.4259846e-17  1.4374612e-17 

CM Pos
10.003885      0.015231854   
9.9975753      0.0071111319  
9.9990082      0.013579917   
17.320789      0.010676372   

Stress
20.0466      -0.00769472  -0.00657351   0.0471976    0.0386102    0.0555949   
-0.00769472  20.0592      -0.00354047   0.0386102    0.0561612    0.0585427   
-0.00657351  -0.00354047  20.0532       0.0555949    0.0585427    0.074773    

Stress Spherical
0            0            0             0            0            0           
0            0            0             0            0            0           
0            0            0             0            0            0           

Inertia
266.588      -99.9769     -100.038      0.281252     0.169553     0.169369    
-99.9769     266.702      -99.9471      0.169553     0.285714     0.141186    
-100.038     -99.9471     266.683       0.169369     0.141186     0.38467     

Bond Length
0.62453764    0.00097254779

BB bond length
0.62453764    0.00097254779

Water EE distance
0             0           

PEG EE distance
5.0044204     0.12968343  

BBB P2(x)
0.076236505   0.0055345155

BBB first bond length
0.62460858    0.00096482904

BBB second bond length
0.62486372    0.00098555307

BBB <phi**2>/<phi>**2
1.1184486     0.0016361169

Time = 17000
Temperature
1.0113327     0.004460511 

Pressure
23.117059     0.071173904 

CM Mom
-4.9416826e-17 2.6795138e-17 
-4.7243018e-17 1.1275143e-17 
2.5573194e-17  1.0704909e-17 
7.7143294e-17  1.8344733e-17 

CM Pos
10.000968      0.0098599568  
9.9983254      0.0069275655  
9.9980081      0.013084969   
17.318955      0.011722892   

Stress
20.0844      0.0151336    -0.00704096   0.0889945    0.0645784    0.027737    
0.0151336    20.0781      -0.0181049    0.0645784    0.0495563    0.0518823   
-0.00704096  -0.0181049   20.0879       0.027737     0.0518823    0.0997556   

Stress Spherical
0            0            0             0            0            0           
0            0            0             0            0            0           
0            0            0             0            0            0           

Inertia
266.603      -100.023     -99.9558      0.339713     0.1189       0.17967     
-100.023     266.64       -99.9639      0.1189       0.358401     0.138569    
-99.9558     -99.9639     266.642       0.17967      0.138569     0.306671    

Bond Length
0.62447286    0.0012764141

BB bond length
0.62447286    0.0012764141

Water EE distance
0             0           

PEG EE distance
5.0823172     0.028859075 

BBB P2(x)
0.078695895   0.0058567136

BBB first bond length
0.62454783    0.001197546 

BBB second bond length
0.62455418    0.0012729926

BBB <phi**2>/<phi>**2
1.1197904     0.0027937046

Time = 18000
Temperature
1.0128298     0.0052884109

Pressure
23.107323     0.067137655 

CM Mom
-3.5378383e-17 3.365209e-17  
-3.1115924e-17 2.4359416e-17 
2.3887584e-17  1.5999364e-17 
6.7045627e-17  1.664798e-17  

CM Pos
10.002718      0.010693039   
10.004326      0.010155976   
10.003759      0.011972526   
17.326752      0.010780572   

Stress
20.0579      -0.0252438   -0.0142187    0.0832597    0.0514915    0.0722587   
-0.0252438   20.0907      0.0193244     0.0514915    0.0605478    0.0461136   
-0.0142187   0.0193244    20.059        0.0722587    0.0461136    0.0940058   

Stress Spherical
0            0            0             0            0            0           
0            0            0             0            0            0           
0            0            0             0            0            0           

Inertia
266.832      -100.112     -100.016      0.232554     0.190255     0.198386    
-100.112     266.806      -100.06       0.190255     0.359095     0.154457    
-100.016     -100.06      266.81        0.198386     0.154457     0.325193    

Bond Length
0.62440194    0.00085232013

BB bond length
0.62440194    0.00085232013

Water EE distance
0             0           

PEG EE distance
4.895848      0.066801965 

BBB P2(x)
0.069270251   0.0071090644

BBB first bond length
0.62459167    0.00060642828

BBB second bond length
0.62455737    0.00087767997

BBB <phi**2>/<phi>**2
1.1168802     0.0042058971

Time = 19000
Temperature
1.0082304     0.0063643938

Pressure
23.091249     0.065069245 

CM Mom
-6.7777469e-17 1.7292648e-17 
-2.9698477e-17 2.732523e-17  
1.5757075e-17  1.2404235e-17 
8.0559198e-17  2.0829181e-17 

CM Pos
10.000218      0.0075751172  
9.9984921      0.0081783113  
9.9981748      0.007056711   
17.318712      0.0095145934  

Stress
20.0672      -0.0102863   -0.00721606   0.0631603    0.0581918    0.0461952   
-0.0102863   20.0388      0.00796183    0.0581918    0.0677043    0.0410738   
-0.00721606  0.00796183   20.0948       0.0461952    0.0410738    0.0886513   

Stress Spherical
0            0            0             0            0            0           
0            0            0             0            0            0           
0            0            0             0            0            0           

Inertia
266.608      -99.9921     -99.9754      0.255056     0.137553     0.120912    
-99.9921     266.638      -99.8912      0.137553     0.29407      0.0946994   
-99.9754     -99.8912     266.647       0.120912     0.0946994    0.251272    

Bond Length
0.62437705    0.00082011022

BB bond length
0.62437705    0.00082011022

Water EE distance
0             0           

PEG EE distance
4.9647574     0.051273925 

BBB P2(x)
0.073895187   0.0057656975

BBB first bond length
0.62449396    0.00086449171

BBB second bond length
0.62453475    0.00074854569

BBB <phi**2>/<phi>**2
1.1172737     0.0020551095

Time = 20000
Temperature
1.0096938     0.005233142 

Pressure
23.124483     0.061850599 

CM Mom
-5.9878227e-17 2.1828942e-17 
-1.328386e-17  1.0645114e-17 
3.2540772e-17  2.1686727e-17 
7.3302303e-17  2.2531592e-17 

CM Pos
9.9981341      0.011744078   
10.001909      0.012411225   
9.997008       0.0080464496  
17.318814      0.0087103277  

Stress
20.0843      0.00138841   -0.011343     0.0654801    0.0421438    0.0535759   
0.00138841   20.1175      -0.00384725   0.0421438    0.0889963    0.047846    
-0.011343    -0.00384725  20.0856       0.0535759    0.047846     0.0797108   

Stress Spherical
0            0            0             0            0            0           
0            0            0             0            0            0           
0            0            0             0            0            0           

Inertia
266.651      -100.014     -99.9281      0.25941      0.166983     0.165078    
-100.014     266.574      -99.9437      0.166983     0.267203     0.153643    
-99.9281     -99.9437     266.679       0.165078     0.153643     0.324374    

Bond Length
0.62386501    0.0010821801

BB bond length
0.62386501    0.0010821801

Water EE distance
0             0           

PEG EE distance
4.949866      0.044912551 

BBB P2(x)
0.074512153   0.0043420507

BBB first bond length
0.6239998     0.0011199086

BBB second bond length
0.62394196    0.0011711113

BBB <phi**2>/<phi>**2
1.1177053     0.0024629342

Time = 21000
Temperature
1.0110914     0.0052733434

Pressure
23.114411     0.060093095 

CM Mom
-7.1915533e-17 1.8433201e-17 
-2.9823162e-17 1.744279e-17  
-1.9919428e-18 2.3853546e-17 
8.265975e-17   2.1109804e-17 

CM Pos
10.000634      0.01227617    
9.9989088      0.011453021   
10.002509      0.011786881   
17.3217        0.013151978   

Stress
20.108       0.0231403    0.0106063     0.075735     0.0421752    0.0360398   
0.0231403    20.0959      -0.0067094    0.0421752    0.103436     0.0543941   
0.0106063    -0.0067094   20.0407       0.0360398    0.0543941    0.0738031   

Stress Spherical
0            0            0             0            0            0           
0            0            0             0            0            0           
0            0            0             0            0            0           

Inertia
266.688      -100.002     -100.064      0.342919     0.217255     0.185627    
-100.002     266.734      -100.031      0.217255     0.324163     0.181534    
-100.064     -100.031     266.652       0.185627     0.181534     0.473359    

Bond Length
0.62341415    0.00082173081

BB bond length
0.62341415    0.00082173081

Water EE distance
0             0           

PEG EE distance
4.9575444     0.069505752 

BBB P2(x)
0.075500519   0.0064481883

BBB first bond length
0.62367247    0.00089156542

BBB second bond length
0.62360753    0.00077047369

BBB <phi**2>/<phi>**2
1.1172336     0.0033882614

Time = 22000
Temperature
1.0110008     0.0045127945

Pressure
23.073918     0.044039294 

CM Mom
-7.2579841e-17 1.8998936e-17 
-3.0735046e-17 1.4112538e-17 
-1.1567541e-17 1.6677652e-17 
8.2403681e-17  1.9854097e-17 

CM Pos
10.004718      0.012367775   
10.002659      0.012414862   
10.008009      0.013858389   
17.329404      0.010012814   

Stress
20.0587      -0.00388632  0.00774607    0.0724079    0.0489487    0.0293118   
-0.00388632  20.0385      -0.0144784    0.0489487    0.0745952    0.0464001   
0.00774607   -0.0144784   20.0267       0.0293118    0.0464001    0.0419438   

Stress Spherical
0            0            0             0            0            0           
0            0            0             0            0            0           
0            0            0             0            0            0           

Inertia
266.877      -100.101     -100.143      0.401444     0.175831     0.0954681   
-100.101     266.915      -100.114      0.175831     0.133408     0.19109     
-100.143     -100.114     266.82        0.0954681    0.19109      0.356165    

Bond Length
0.62391302    0.001146819 

BB bond length
0.62391302    0.001146819 

Water EE distance
0             0           

PEG EE distance
5.0767609     0.054413021 

BBB P2(x)
0.077676221   0.0068321877

BBB first bond length
0.62400024    0.0011377957

BBB second bond length
0.62397071    0.0010914524

BBB <phi**2>/<phi>**2
1.1178168     0.0023265091

Time = 23000
Temperature
1.0106701     0.0039749371

Pressure
23.104359     0.069738645 

CM Mom
-8.6649861e-17 2.0434846e-17 
-4.4518916e-17 1.5214893e-17 
-3.3352724e-17 1.4044824e-17 
1.0576679e-16  1.6194325e-17 

CM Pos
9.9986342      0.012295393   
9.9985754      0.012840348   
9.9953411      0.0090230918  
17.316218      0.0059079962  

Stress
20.0859      0.00619183   0.0128508     0.100073     0.0410617    0.0505958   
0.00619183   20.0719      -0.0304596    0.0410617    0.0965131    0.0395592   
0.0128508    -0.0304596   20.0604       0.0505958    0.0395592    0.0526042   

Stress Spherical
0            0            0             0            0            0           
0            0            0             0            0            0           
0            0            0             0            0            0           

Inertia
266.554      -99.9437     -99.9337      0.282092     0.170956     0.146131    
-99.9437     266.531      -99.927       0.170956     0.271291     0.127397    
-99.9337     -99.927      266.611       0.146131     0.127397     0.277105    

Bond Length
0.62387278    0.0013516076

BB bond length
0.62387278    0.0013516076

Water EE distance
0             0           

PEG EE distance
4.922302      0.040588991 

BBB P2(x)
0.076130322   0.010011598 

BBB first bond length
0.62404711    0.0012794531

BBB second bond length
0.62402304    0.0014913278

BBB <phi**2>/<phi>**2
1.1180404     0.0047693595

Time = 24000
Temperature
1.0106272     0.0050765497

Pressure
23.135623     0.048653931 

CM Mom
-8.762562e-17  1.455485e-17  
-3.4605814e-17 1.9524031e-17 
-4.7109703e-17 1.9659054e-17 
1.0879113e-16  1.5464012e-17 

CM Pos
10.004468      0.0076947544  
9.9970752      0.016606961   
10.004009      0.013227522   
17.323727      0.0099074835  

Stress
20.081       -0.00697976  -0.00044847   0.0876531    0.0349142    0.0389396   
-0.00697976  20.1447      0.0188686     0.0349142    0.0599775    0.0643967   
-0.00044847  0.0188686    20.0866       0.0389396    0.0643967    0.0649408   

Stress Spherical
0            0            0             0            0            0           
0            0            0             0            0            0           
0            0            0             0            0            0           

Inertia
266.675      -100.021     -100.069      0.31831      0.221987     0.155257    
-100.021     266.818      -100.012      0.221987     0.353011     0.188717    
-100.069     -100.012     266.685       0.155257     0.188717     0.358883    

Bond Length
0.62387452    0.0010704557

BB bond length
0.62387452    0.0010704557

Water EE distance
0             0           

PEG EE distance
4.9651846     0.071841403 

BBB P2(x)
0.077988866   0.0079338582

BBB first bond length
0.62393922    0.0011317268

BBB second bond length
0.62395439    0.00096371646

BBB <phi**2>/<phi>**2
1.1187035     0.0040398512

Time = 25000
Temperature
1.0118593     0.0032785131

Pressure
23.094452     0.072074755 

CM Mom
-9.7424245e-17 1.5269204e-17 
-3.5071703e-17 2.8902389e-17 
-1.0397035e-17 1.9879903e-17 
1.100276e-16   1.3683584e-17 

CM Pos
9.9968006      0.011042968   
9.9973252      0.0083013891  
9.9987582      0.010986211   
17.316407      0.0073927376  

Stress
20.0615      0.0185323    -0.022836     0.0948228    0.0429263    0.0405482   
0.0185323    20.0498      0.022936      0.0429263    0.0906795    0.0549012   
-0.022836    0.022936     20.0664       0.0405482    0.0549012    0.112383    

Stress Spherical
0            0            0             0            0            0           
0            0            0             0            0            0           
0            0            0             0            0            0           

Inertia
266.586      -99.9116     -99.954       0.218797     0.204461     0.162553    
-99.9116     266.58       -99.9919      0.204461     0.284128     0.102014    
-99.954      -99.9919     266.544       0.162553     0.102014     0.25002     

Bond Length
0.62394616    0.0012625215

BB bond length
0.62394616    0.0012625215

Water EE distance
0             0           

PEG EE distance
4.9690641     0.08264235  

BBB P2(x)
0.073138251   0.0064561592

BBB first bond length
0.62414247    0.0011195149

BBB second bond length
0.62412711    0.001433474 

BBB <phi**2>/<phi>**2
1.1176363     0.0030936354

Time = 26000
Temperature
1.0107802     0.004693653 

Pressure
23.061376     0.048935663 

CM Mom
-9.6173989e-17 1.9501147e-17 
-4.7947274e-17 2.6297572e-17 
-3.574113e-17  1.8610903e-17 
1.1837394e-16  1.5219678e-17 

CM Pos
9.9965506      0.0070271189  
10.002909      0.009584169   
9.9980915      0.0072465942  
17.319098      0.008682787   

Stress
20.0162      -0.00267675  0.0473108     0.0823931    0.0475947    0.0471268   
-0.00267675  20.0526      0.00571938    0.0475947    0.0594195    0.019043    
0.0473108    0.00571938   20.0194       0.0471268    0.019043     0.0630976   

Stress Spherical
0            0            0             0            0            0           
0            0            0             0            0            0           
0            0            0             0            0            0           

Inertia
266.701      -99.9936     -99.9627      0.262635     0.14029      0.138661    
-99.9936     266.551      -100.03       0.14029      0.285821     0.120088    
-99.9627     -100.03      266.671       0.138661     0.120088     0.24841     

Bond Length
0.62477856    0.0014402371

BB bond length
0.62477856    0.0014402371

Water EE distance
0             0           

PEG EE distance
4.9072614     0.043657075 

BBB P2(x)
0.075305497   0.0089013105

BBB first bond length
0.62488307    0.0012864794

BBB second bond length
0.62470471    0.001376917 

BBB <phi**2>/<phi>**2
1.1182606     0.0040193704

Time = 27000
Temperature
1.0098131     0.0036420674

Pressure
23.082511     0.082372361 

CM Mom
-9.1962537e-17 1.4716747e-17 
-3.2343539e-17 1.5135766e-17 
-1.8048931e-17 2.0753772e-17 
1.0257318e-16  1.3568779e-17 

CM Pos
10.003385      0.012994411   
9.9959917      0.0094104655  
9.9952578      0.0099119515  
17.317417      0.012987218   

Stress
20.0501      -0.0216432   0.0125853     0.107064     0.0418906    0.0562985   
-0.0216432   20.0388      0.003679      0.0418906    0.0944972    0.0635601   
0.0125853    0.003679     20.0714       0.0562985    0.0635601    0.0893563   

Stress Spherical
0            0            0             0            0            0           
0            0            0             0            0            0           
0            0            0             0            0            0           

Inertia
266.494      -99.9894     -99.978       0.377366     0.155815     0.202454    
-99.9894     266.642      -99.8882      0.155815     0.328551     0.176296    
-99.978      -99.8882     266.649       0.202454     0.176296     0.359434    

Bond Length
0.62381834    0.0015376612

BB bond length
0.62381834    0.0015376612

Water EE distance
0             0           

PEG EE distance
4.9026541     0.080435812 

BBB P2(x)
0.077830529   0.0056547247

BBB first bond length
0.62399746    0.0015345879

BBB second bond length
0.62403385    0.0017048257

BBB <phi**2>/<phi>**2
1.1197784     0.003664407 

Time = 28000
Temperature
1.0107898     0.0038710887

Pressure
23.098142     0.074395638 

CM Mom
-7.3637577e-17 1.6363211e-17 
-2.3910138e-17 1.3821756e-17 
-2.5452963e-17 2.1645002e-17 
8.4842255e-17  1.9264844e-17 

CM Pos
10.003135      0.015033328   
10.000159      0.012784236   
10.006509      0.010505611   
17.32618       0.0091870037  

Stress
20.0585      -0.0219956   0.00629316    0.0759019    0.0586121    0.0178721   
-0.0219956   20.0736      -0.0139855    0.0586121    0.103633     0.027167    
0.00629316   -0.0139855   20.0663       0.0178721    0.027167     0.0819136   

Stress Spherical
0            0            0             0            0            0           
