Time = 500
Temperature
   1.0366402   0.037626039

Pressure
   22.761348    0.14857958

CM Mom
1.4652573e-17  1.0462535e-17 
4.2597522e-17  1.1042894e-17 
-9.1799515e-18 1.2384751e-17 
4.8763829e-17  1.0972666e-17 

CM Pos
7.4845606      0.014755064   
7.5217875      0.010059819   
7.4925967      0.015612812   
12.989811      0.017397556   

Stress
19.6756      0.0669204    -0.0318219    0.104419     0.0718459    0.0175137   
0.0669204    19.6794      0.0450769     0.0718459    0.136561     0.0973848   
-0.0318219   0.0450769    19.6103       0.0175137    0.0973848    0.085488    

Stress Spherical
0            0            0             0            0            0           
0            0            0             0            0            0           
0            0            0             0            0            0           

Inertia
149.861      -56.3227     -56.2084      0.322128     0.154455     0.259339    
-56.3227     149.323      -56.3963      0.154455     0.236171     0.136711    
-56.2084     -56.3963     149.762       0.259339     0.136711     0.150638    

Bond Length
0.61353758    0.0047839805

BB bond length
0.61353758    0.0047839805

Water EE distance
0             0           

PEG EE distance
3.8623563     0.11342464  

Time = 1000
Temperature
1.0125813     0.0056613305

Pressure
22.726495     0.11110007  

CM Mom
2.9563132e-17  8.6645002e-18 
6.4272834e-17  2.279959e-17  
-8.5080871e-19 1.5951088e-17 
7.2992966e-17  2.2957762e-17 

CM Pos
7.4922734      0.014121187   
7.507845       0.018681752   
7.508319       0.010720446   
12.99527       0.019426851   

Stress
19.7458      0.0235892    0.0203569     0.111232     0.0488362    0.0461475   
0.0235892    19.6625      0.0172652     0.0488362    0.138927     0.0565684   
0.0203569    0.0172652    19.6688       0.0461475    0.0565684    0.156953    

Stress Spherical
0            0            0             0            0            0           
0            0            0             0            0            0           
0            0            0             0            0            0           

Inertia
149.967      -56.2279     -56.2494      0.321878     0.174587     0.136755    
-56.2279     149.699      -56.3535      0.174587     0.305446     0.167131    
-56.2494     -56.3535     149.673       0.136755     0.167131     0.305563    

Bond Length
0.61127892    0.0040567234

BB bond length
0.61127892    0.0040567234

Water EE distance
0             0           

PEG EE distance
3.7373659     0.37590671  

