Time = 1000
Temperature
   1.5304073     1.0631544

Pressure
   29.159307     4.5689199

CM Mom
-3.6608514e-17 5.755768e-17  
1.7772787e-17  3.402845e-17  
2.1282016e-16  5.7772551e-16 
4.2138721e-16  4.5565215e-16 

CM Pos
10.002346      0.021874996   
9.998045       0.025989891   
10.005348      0.013581708   
17.32385       0.019829406   

Stress
24.6131      0.0196367    -0.00613363   1.56761      0.0391583    0.0456131   
0.0196367    24.5724      0.0732184     0.0391583    1.58819      0.102272    
-0.00613363  0.0732184    24.5205       0.0456131    0.102272     1.56572     

Stress Spherical
0            0            0             0            0            0           
0            0            0             0            0            0           
0            0            0             0            0            0           

Inertia
268.104      -100.005     -100.04       7.86225      0.330181     0.217431    
-100.005     268.152      -100.056      0.330181     6.93024      0.326252    
-100.04      -100.056     268.03        0.217431     0.326252     7.37103     

Bond Length
0.61478378    0.027534992 

BB bond length
0.61478378    0.027534992 

Water EE distance
0             0           

PEG EE distance
6.4139651     0.47594037  

BBB P2(x)
0.094507072   0.032605037 

BBB first bond length
0.61518083    0.028101132 

BBB second bond length
0.6150213     0.027750764 

BBB <phi**2>/<phi>**2
1.1251659     0.01113889  

Time = 2000
Temperature
1.0209054     0.0081463904

Pressure
26.111771     0.057854435 

CM Mom
-4.0406298e-17 2.1072518e-17 
3.1952396e-18  1.333543e-17  
2.5061155e-17  1.4954412e-16 
1.3455904e-16  8.4558458e-17 

CM Pos
10.003263      0.0045952573  
9.9970449      0.0079224801  
9.9980967      0.010419302   
17.319593      0.0041937416  

Stress
23.0428      0.0172095    -0.0257791    0.108863     0.0758564    0.0271921   
0.0172095    23.0737      0.0117595     0.0758564    0.0858961    0.0439302   
-0.0257791   0.0117595    23.0318       0.0271921    0.0439302    0.0935921   

Stress Spherical
0            0            0             0            0            0           
0            0            0             0            0            0           
0            0            0             0            0            0           

Inertia
266.911      -100.037     -99.9785      0.570291     0.129972     0.0977213   
-100.037     267.009      -99.9968      0.129972     0.552232     0.109525    
-99.9785     -99.9968     267.016       0.0977213    0.109525     0.415001    

Bond Length
0.60310958    0.00060784623

BB bond length
0.60310958    0.00060784623

Water EE distance
0             0           

PEG EE distance
5.7375555     0.099163089 

BBB P2(x)
0.066508736   0.0051468878

BBB first bond length
0.60330449    0.00059743431

BBB second bond length
0.60323615    0.0005866235

BBB <phi**2>/<phi>**2
1.1169304     0.0018548214

Time = 3000
Temperature
1.0129047     0.0045334016

Pressure
26.025856     0.068980688 

CM Mom
-4.4816054e-17 2.4229735e-17 
-2.0674937e-17 9.5955113e-18 
3.7272244e-17  3.5064912e-17 
7.3892221e-17  1.6546709e-17 

CM Pos
9.9958456      0.010107986   
9.998295       0.0068630935  
9.9977634      0.010608255   
17.315839      0.0083664432  

Stress
23.0018      0.022188     0.0546216     0.111624     0.0621106    0.0525647   
0.022188     22.9782      0.0135543     0.0621106    0.0939541    0.0644461   
0.0546216    0.0135543    22.9826       0.0525647    0.0644461    0.0941098   

Stress Spherical
0            0            0             0            0            0           
0            0            0             0            0            0           
0            0            0             0            0            0           

Inertia
266.69       -99.9465     -99.8938      0.407164     0.122282     0.170631    
-99.9465     266.636      -99.9866      0.122282     0.225105     0.202138    
-99.8938     -99.9866     266.652       0.170631     0.202138     0.186363    

Bond Length
0.60341981    0.00045469075

BB bond length
0.60341981    0.00045469075

Water EE distance
0             0           

PEG EE distance
5.380391      0.095467359 

BBB P2(x)
0.062758237   0.0042641371

BBB first bond length
0.60359497    0.00042739503

BBB second bond length
0.60355266    0.00054264513

BBB <phi**2>/<phi>**2
1.1164635     0.0021494942

Time = 4000
Temperature
1.0103261     0.0071192976

Pressure
26.07235      0.074239746 

CM Mom
-5.5041329e-17 1.3039941e-17 
-1.4171108e-17 2.3111852e-17 
5.6822766e-17  2.8090909e-17 
8.7537102e-17  1.7021976e-17 

CM Pos
10.007597      0.00701079    
9.9964615      0.010603015   
10.002181      0.0082674313  
17.324116      0.010180519   

Stress
23.0842      0.0112477    -0.022794     0.0912808    0.0394168    0.0653446   
0.0112477    23.0044      -0.00966731   0.0394168    0.0870277    0.0641856   
-0.022794    -0.00966731  23.0367       0.0653446    0.0641856    0.0854396   

Stress Spherical
0            0            0             0            0            0           
0            0            0             0            0            0           
0            0            0             0            0            0           

Inertia
266.663      -100.023     -100.125      0.289435     0.145818     0.152948    
-100.023     266.879      -100.027      0.145818     0.254071     0.164272    
-100.125     -100.027     266.779       0.152948     0.164272     0.287839    

Bond Length
0.60299392    0.00052045014

BB bond length
0.60299392    0.00052045014

Water EE distance
0             0           

PEG EE distance
5.1242915     0.062721624 

BBB P2(x)
0.058017817   0.0035413245

BBB first bond length
0.60320738    0.00061125988

BBB second bond length
0.60316402    0.00049982985

BBB <phi**2>/<phi>**2
1.1142167     0.0012977738

Time = 5000
Temperature
1.0122215     0.0051710002

Pressure
26.081763     0.048865998 

CM Mom
-5.4063054e-17 1.1750373e-17 
-1.0717883e-17 1.865896e-17  
8.4637214e-17  1.2721927e-17 
1.0373172e-16  9.4313693e-18 

CM Pos
9.9980125      0.012328397   
10.001212      0.0072542585  
10.000014      0.01265179    
17.320078      0.0055077361  

Stress
23.0466      -0.0159123   0.0145702     0.0776295    0.0693715    0.0480163   
-0.0159123   23.0593      0.0200104     0.0693715    0.0871901    0.0473971   
0.0145702    0.0200104    23.0306       0.0480163    0.0473971    0.067728    

Stress Spherical
0            0            0             0            0            0           
0            0            0             0            0            0           
0            0            0             0            0            0           

Inertia
266.703      -100.011     -100.002      0.307807     0.121791     0.110898    
-100.011     266.624      -100.002      0.121791     0.15536      0.170526    
-100.002     -100.002     266.622       0.110898     0.170526     0.276532    

Bond Length
0.6031621     0.00057554681

BB bond length
0.6031621     0.00057554681

Water EE distance
0             0           

PEG EE distance
4.9684676     0.040893672 

BBB P2(x)
0.055494773   0.0036451016

BBB first bond length
0.60328266    0.00062631767

BBB second bond length
0.60336489    0.00059488276

BBB <phi**2>/<phi>**2
1.1143908     0.0013539452

Time = 6000
Temperature
1.0111965     0.0038494556

Pressure
26.108814     0.087198972 

CM Mom
-2.9886314e-17 2.549399e-17  
-1.8459071e-17 1.6347836e-17 
8.6984704e-17  1.5576511e-17 
9.76286e-17    2.0706213e-17 

CM Pos
10.001263      0.0074935256  
9.995128       0.012268529   
9.9995969      0.012308097   
17.318199      0.010435356   

Stress
23.0702      0.014215     0.0248652     0.111833     0.0560585    0.0661479   
0.014215     23.0612      0.0166121     0.0560585    0.0757914    0.0522201   
0.0248652    0.0166121    23.0954       0.0661479    0.0522201    0.103334    

Stress Spherical
0            0            0             0            0            0           
0            0            0             0            0            0           
0            0            0             0            0            0           

Inertia
266.542      -99.9337     -99.9929      0.353321     0.135939     0.194633    
-99.9337     266.707      -99.9248      0.135939     0.355584     0.218627    
-99.9929     -99.9248     266.595       0.194633     0.218627     0.231654    

Bond Length
0.60307416    0.00078612204

BB bond length
0.60307416    0.00078612204

Water EE distance
0             0           

PEG EE distance
4.8823115     0.035949645 

BBB P2(x)
0.054515888   0.0039354938

BBB first bond length
0.60324262    0.00079720764

BBB second bond length
0.60325435    0.00083689043

BBB <phi**2>/<phi>**2
1.1131093     0.0013187811

Time = 7000
Temperature
1.0092458     0.002782576 

Pressure
26.098248     0.059713226 

CM Mom
-4.8674966e-17 1.6101023e-17 
-2.738505e-17  2.0204806e-17 
8.3420443e-17  2.2512777e-17 
1.0320455e-16  2.4521147e-17 

CM Pos
9.9967624      0.0065603763  
9.9995452      0.0077898547  
9.9954297      0.0056704384  
17.315741      0.0045038396  

Stress
23.0551      -0.00781571  0.0342946     0.0942822    0.0458557    0.0707804   
-0.00781571  23.0899      -0.00488658   0.0458557    0.0694939    0.0719916   
0.0342946    -0.00488658  23.0676       0.0707804    0.0719916    0.0857397   

Stress Spherical
0            0            0             0            0            0           
0            0            0             0            0            0           
0            0            0             0            0            0           

Inertia
266.545      -99.9488     -99.8692      0.187749     0.0837336    0.0668147   
-99.9488     266.528      -99.9531      0.0837336    0.138715     0.143455    
-99.8692     -99.9531     266.595       0.0668147    0.143455     0.155694    

Bond Length
0.60299066    0.00037905733

BB bond length
0.60299066    0.00037905733

Water EE distance
0             0           

PEG EE distance
4.7905323     0.042737036 

BBB P2(x)
0.053271543   0.0027516972

BBB first bond length
0.60313081    0.0003580827

BBB second bond length
0.60314385    0.00048989319

BBB <phi**2>/<phi>**2
1.1132236     0.0011456814

Time = 8000
Temperature
1.0098062     0.0028509248

Pressure
26.103        0.064510782 

CM Mom
-5.9976656e-17 1.7393446e-17 
-1.8500479e-17 1.4113678e-17 
7.6927486e-17  2.6247282e-17 
1.0329177e-16  1.9461827e-17 

CM Pos
9.9981792      0.010907847   
9.9977116      0.0083343751  
9.99718        0.0071111319  
17.316513      0.007123055   

Stress
23.0562      0.0155046    -0.0181938    0.112912     0.0486376    0.0413266   
0.0155046    23.0953      0.0106617     0.0486376    0.102706     0.0497719   
-0.0181938   0.0106617    23.0704       0.0413266    0.0497719    0.057185    

Stress Spherical
0            0            0             0            0            0           
0            0            0             0            0            0           
0            0            0             0            0            0           

Inertia
266.52       -99.9363     -99.9258      0.165232     0.14159      0.141753    
-99.9363     266.577      -99.9422      0.14159      0.250437     0.098747    
-99.9258     -99.9422     266.61        0.141753     0.098747     0.239677    

Bond Length
0.60326964    0.00049038279

BB bond length
0.60326964    0.00049038279

Water EE distance
0             0           

PEG EE distance
4.7083245     0.041177574 

BBB P2(x)
0.053646333   0.0030647229

BBB first bond length
0.60345428    0.00046138264

BBB second bond length
0.60344539    0.0004589901

BBB <phi**2>/<phi>**2
1.1137258     0.0015533658

Time = 9000
Temperature
1.009818      0.0041912052

Pressure
26.07264      0.054412597 

CM Mom
-6.0671442e-17 1.7481994e-17 
-2.3858668e-17 1.5448935e-17 
8.1298842e-17  2.5619387e-17 
1.0880726e-16  1.4878968e-17 

CM Pos
10.000513      0.010336305   
10.004879      0.0090242465  
9.9925127      0.0074189984  
17.319306      0.0073519145  

Stress
23.0489      0.0371659    0.0317879     0.0666221    0.0371279    0.0402912   
0.0371659    23.0607      0.0193508     0.0371279    0.113556     0.0486      
0.0317879    0.0193508    23.0211       0.0402912    0.0486       0.0426707   

Stress Spherical
0            0            0             0            0            0           
0            0            0             0            0            0           
0            0            0             0            0            0           

Inertia
266.602      -100.061     -99.928       0.189231     0.178022     0.0879024   
-100.061     266.538      -99.9753      0.178022     0.153788     0.166579    
-99.928      -99.9753     266.816       0.0879024    0.166579     0.29938     

Bond Length
0.60329163    0.00042166346

BB bond length
0.60329163    0.00042166346

Water EE distance
0             0           

PEG EE distance
4.6427968     0.016391335 

BBB P2(x)
0.054795794   0.0044627913

BBB first bond length
0.6034189     0.0004565567

BBB second bond length
0.60342207    0.00042949294

BBB <phi**2>/<phi>**2
1.1129937     0.0017527681

Time = 10000
Temperature
1.0135413     0.0058990586

Pressure
26.082949     0.029966843 

CM Mom
-7.5254078e-17 1.732919e-17  
-2.8179364e-17 2.0791504e-17 
1.0219493e-16  2.4551291e-17 
1.3403462e-16  1.6466011e-17 

CM Pos
9.9968457      0.0087970109  
10.001379      0.0094821604  
9.9946797      0.0073983718  
17.316415      0.010130273   

Stress
23.046       0.00105109   0.0184744     0.0598843    0.0637895    0.0420441   
0.00105109   22.9798      -0.00787462   0.0637895    0.0703394    0.0740805   
0.0184744    -0.00787462  23.1023       0.0420441    0.0740805    0.0874719   

Stress Spherical
0            0            0             0            0            0           
0            0            0             0            0            0           
0            0            0             0            0            0           

Inertia
266.585      -99.9738     -99.9399      0.260718     0.184533     0.105164    
-99.9738     266.49       -100.007      0.184533     0.221438     0.152132    
-99.9399     -100.007     266.651       0.105164     0.152132     0.371439    

Bond Length
0.60305205    0.00061804105

BB bond length
0.60305205    0.00061804105

Water EE distance
0             0           

PEG EE distance
4.6474692     0.037630895 

BBB P2(x)
0.054566373   0.0037122511

BBB first bond length
0.60319137    0.00061493841

BBB second bond length
0.60319328    0.00064317415

BBB <phi**2>/<phi>**2
1.1141468     0.001101866 

Time = 11000
Temperature
1.0132335     0.0036207583

Pressure
26.062382     0.082654411 

CM Mom
-4.2689826e-17 2.2055362e-17 
-1.8430618e-17 2.3939484e-17 
1.2429633e-16  1.4084413e-17 
1.3656187e-16  1.4847604e-17 

CM Pos
9.9985959      0.010457565   
10.003712      0.010192501   
9.9999303      0.0085161655  
17.321807      0.0088991553  

Stress
22.9716      -0.0320862   0.0299051     0.123673     0.0434898    0.0540567   
-0.0320862   23.0223      -0.00471278   0.0434898    0.0888507    0.0626601   
0.0299051    -0.00471278  23.0752       0.0540567    0.0626601    0.092989    

Stress Spherical
0            0            0             0            0            0           
0            0            0             0            0            0           
0            0            0             0            0            0           

Inertia
266.752      -100.013     -99.9654      0.2455       0.140974     0.133633    
-100.013     266.647      -100.005      0.140974     0.29496      0.100549    
-99.9654     -100.005     266.739       0.133633     0.100549     0.303973    

Bond Length
0.60334271    0.00078047851

BB bond length
0.60334271    0.00078047851

Water EE distance
0             0           

PEG EE distance
4.5782174     0.016144679 

BBB P2(x)
0.053569605   0.0029034013

BBB first bond length
0.60351916    0.00075717103

BBB second bond length
0.60349912    0.00077198688

BBB <phi**2>/<phi>**2
1.1133594     0.0017503043

Time = 12000
Temperature
1.0136329     0.0058180501

Pressure
26.098161     0.0743476   

CM Mom
-4.0848476e-17 1.503007e-17  
6.8424891e-18  1.7287145e-17 
1.1216511e-16  1.7383832e-17 
1.2233678e-16  1.2533423e-17 

CM Pos
10.008514      0.0087653697  
9.9957947      0.0080723059  
9.9986802      0.012070754   
17.322243      0.0060857477  

Stress
23.0947      0.0166925    0.0462769     0.125138     0.0324342    0.0508952   
0.0166925    23.0519      -5.15257e-05  0.0324342    0.101482     0.0815979   
0.0462769    -5.15257e-05 23.0263       0.0508952    0.0815979    0.0712702   

Stress Spherical
0            0            0             0            0            0           
0            0            0             0            0            0           
0            0            0             0            0            0           

Inertia
266.536      -100.087     -100.068      0.244304     0.131003     0.118576    
-100.087     266.805      -99.9515      0.131003     0.112581     0.124565    
-100.068     -99.9515     266.765       0.118576     0.124565     0.299813    

Bond Length
0.6030641     0.00064095526

BB bond length
0.6030641     0.00064095526

Water EE distance
0             0           

PEG EE distance
4.5695009     0.031814251 

BBB P2(x)
0.051733252   0.003192282 

BBB first bond length
0.60324707    0.00061997711

BBB second bond length
0.60324666    0.00057212318

BBB <phi**2>/<phi>**2
1.1122642     0.0018971983

Time = 13000
Temperature
1.0121215     0.0047169273

Pressure
26.04062      0.062522089 

CM Mom
-1.976259e-17  1.5153793e-17 
9.0706151e-18  2.0923279e-17 
1.1174866e-16  1.6080319e-17 
1.1677413e-16  1.5824044e-17 

CM Pos
9.9999294      0.01004975    
10.004046      0.0076130765  
10.001014      0.0094601583  
17.323393      0.010193135   

Stress
22.988       -0.031929    0.00220953    0.0854097    0.0517313    0.0538058   
-0.031929    23.0234      0.0347092     0.0517313    0.101313     0.0425465   
0.00220953   0.0347092    23.0025       0.0538058    0.0425465    0.0683411   

Stress Spherical
0            0            0             0            0            0           
0            0            0             0            0            0           
0            0            0             0            0            0           

Inertia
266.74       -99.9996     -99.9996      0.240401     0.183208     0.163833    
-99.9996     266.681      -100.046      0.183208     0.288066     0.0979568   
-99.9996     -100.046     266.739       0.163833     0.0979568    0.275283    

Bond Length
0.60352352    0.00040304044

BB bond length
0.60352352    0.00040304044

Water EE distance
0             0           

PEG EE distance
4.5980663     0.029939952 

BBB P2(x)
0.052548045   0.0053004249

BBB first bond length
0.6036722     0.0003989648

BBB second bond length
0.60360888    0.00040808279

BBB <phi**2>/<phi>**2
1.1130055     0.0019728347

Time = 14000
Temperature
1.0105855     0.0072697024

Pressure
26.020127     0.058930142 

CM Mom
-7.9209207e-18 1.3059305e-17 
1.998524e-17   1.4313988e-17 
1.129364e-16   2.8003928e-17 
1.1699265e-16  2.6251813e-17 

CM Pos
10.00268       0.013397621   
9.9962114      0.010165205   
10.00068       0.010606618   
17.32027       0.010058265   

Stress
22.9518      -0.00727248  0.0385972     0.0412555    0.0632995    0.0684027   
-0.00727248  23.0088      -0.0422425    0.0632995    0.0787802    0.0701929   
0.0385972    -0.0422425   23.0057       0.0684027    0.0701929    0.0706355   

Stress Spherical
0            0            0             0            0            0           
0            0            0             0            0            0           
0            0            0             0            0            0           

Inertia
266.577      -100.027     -100.078      0.352319     0.155755     0.132331    
-100.027     266.712      -99.9669      0.155755     0.221456     0.177254    
-100.078     -99.9669     266.623       0.132331     0.177254     0.319032    

Bond Length
0.60372414    0.00044621236

BB bond length
0.60372414    0.00044621236

Water EE distance
0             0           

PEG EE distance
4.6528479     0.027827694 

BBB P2(x)
0.048646902   0.0029821144

BBB first bond length
0.60391755    0.00045279325

BBB second bond length
0.60389683    0.00051450069

BBB <phi**2>/<phi>**2
1.1116439     0.0014626113

Time = 15000
Temperature
1.0125169     0.0049195811

Pressure
26.108589     0.091559997 

CM Mom
1.0887792e-17  2.5372717e-17 
4.2423224e-17  1.8016839e-17 
9.3863974e-17  2.014926e-17  
1.083578e-16   1.9017918e-17 

CM Pos
9.9997628      0.0072924592  
10.002129      0.0086215475  
9.9984301      0.011164641   
17.320699      0.0093208279  

Stress
23.0766      0.00716628   0.00382237    0.0867926    0.0639022    0.0532061   
0.00716628   23.0796      -0.00960399   0.0639022    0.106881     0.0429728   
0.00382237   -0.00960399  23.0581       0.0532061    0.0429728    0.121552    

Stress Spherical
0            0            0             0            0            0           
0            0            0             0            0            0           
0            0            0             0            0            0           

Inertia
266.65       -100.024     -99.9495      0.208147     0.130331     0.13204     
-100.024     266.62       -99.9725      0.130331     0.214431     0.119214    
-99.9495     -99.9725     266.692       0.13204      0.119214     0.279862    

Bond Length
0.60294032    0.00063844885

BB bond length
0.60294032    0.00063844885

Water EE distance
0             0           

PEG EE distance
4.6002067     0.038112879 

BBB P2(x)
0.052916197   0.0033904291

BBB first bond length
0.60309083    0.00069113886

BBB second bond length
0.60321013    0.0006043149

BBB <phi**2>/<phi>**2
1.1130412     0.001649401 

Time = 16000
Temperature
1.0121361     0.0047995697

Pressure
26.067457     0.052767848 

CM Mom
9.6203599e-18  1.9179734e-17 
2.8118294e-17  1.2136719e-17 
7.3928353e-17  1.9272537e-17 
8.2903075e-17  1.9033235e-17 

CM Pos
9.9971791      0.0098476206  
10.002879      0.013160926   
10.004348      0.012657279   
17.323059      0.014564104   

Stress
23.0481      0.0455086    -0.00219825   0.0826332    0.0749858    0.067435    
0.0455086    23.0148      0.0364619     0.0749858    0.105848     0.0571875   
-0.00219825  0.0364619    23.0314       0.067435     0.0571875    0.0711886   

Stress Spherical
0            0            0             0            0            0           
0            0            0             0            0            0           
0            0            0             0            0            0           

Inertia
266.782      -100.003     -100.027      0.36182      0.161443     0.206042    
-100.003     266.659      -100.055      0.161443     0.385477     0.241862    
-100.027     -100.055     266.618       0.206042     0.241862     0.371194    

Bond Length
0.60326703    0.00057974469

BB bond length
0.60326703    0.00057974469

Water EE distance
0             0           

PEG EE distance
4.5243328     0.018719267 

BBB P2(x)
0.051140955   0.002174799 

BBB first bond length
0.60340818    0.00062436065

BBB second bond length
0.60342841    0.00055358429

BBB <phi**2>/<phi>**2
1.1125392     0.0016310186

Time = 17000
Temperature
1.0112881     0.0044340382

Pressure
26.06393      0.075789094 

CM Mom
1.2845498e-17  1.6387099e-17 
4.812898e-17   1.5669188e-17 
9.2769689e-17  1.8678213e-17 
1.0810154e-16  1.6266963e-17 

CM Pos
10.00693       0.0084107019  
10.001629      0.01388643    
9.9970133      0.01223082    
17.323738      0.0059512632  

Stress
23.0432      0.0102485    -0.0224879    0.0757725    0.0541131    0.0564796   
0.0102485    23.034       0.000438853   0.0541131    0.120922     0.0611187   
-0.0224879   0.000438853  23.0141       0.0564796    0.0611187    0.0701783   

Stress Spherical
0            0            0             0            0            0           
0            0            0             0            0            0           
0            0            0             0            0            0           

Inertia
266.629      -100.114     -100.064      0.126192     0.172614     0.15912     
-100.114     266.73       -99.94        0.172614     0.300165     0.0632408   
-100.064     -99.94       266.816       0.15912      0.0632408    0.344375    

Bond Length
0.60304451    0.00037838577

BB bond length
0.60304451    0.00037838577

Water EE distance
0             0           

PEG EE distance
4.5210908     0.025731376 

BBB P2(x)
0.052798447   0.0037174317

BBB first bond length
0.6032356     0.00038793959

BBB second bond length
0.60316833    0.00040577401

BBB <phi**2>/<phi>**2
1.1127483     0.0014923626

Time = 18000
Temperature
1.0151304     0.0050096649

Pressure
26.077271     0.064018305 

CM Mom
5.9832309e-18  1.0432625e-17 
4.0298732e-17  1.2035059e-17 
8.6251634e-17  1.063226e-17  
9.6404876e-17  1.3113289e-17 

CM Pos
10.005597      0.0099580961  
10.004129      0.013572754   
9.992346       0.010527738   
17.321713      0.014315163   

Stress
23.0483      -0.000416472 0.0181122     0.10784      0.060685     0.0576969   
-0.000416472 23.0055      -0.00954851   0.060685     0.0555725    0.0608613   
0.0181122    -0.00954851  23.043        0.0576969    0.0608613    0.0739128   

Stress Spherical
0            0            0             0            0            0           
0            0            0             0            0            0           
0            0            0             0            0            0           

Inertia
266.588      -100.086     -99.9818      0.387372     0.182527     0.168116    
-100.086     266.629      -99.9577      0.182527     0.261968     0.202424    
-99.9818     -99.9577     266.837       0.168116     0.202424     0.407148    

Bond Length
0.60353523    0.00041327354

BB bond length
0.60353523    0.00041327354

Water EE distance
0             0           

PEG EE distance
4.5413011     0.025704739 

BBB P2(x)
0.053322255   0.0032527674

BBB first bond length
0.60368965    0.00044680249

BBB second bond length
0.60368601    0.00046845147

BBB <phi**2>/<phi>**2
1.1126901     0.0015644049

Time = 19000
Temperature
1.0136324     0.0045920723

Pressure
26.078442     0.036377413 

CM Mom
1.2860303e-17  2.1668631e-17 
3.5360802e-17  1.9854563e-17 
8.8303837e-17  2.6980355e-17 
9.9876567e-17  2.8804263e-17 

CM Pos
10.011681      0.016444083   
10.004546      0.010027608   
9.9940129      0.012748053   
17.326434      0.013883499   

Stress
23.0745      -0.0267259   -0.0234667    0.108263     0.0614719    0.0354029   
-0.0267259   23.0413      -0.0139239    0.0614719    0.0586717    0.0504874   
-0.0234667   -0.0139239   22.9979       0.0354029    0.0504874    0.0741651   

Stress Spherical
0            0            0             0            0            0           
0            0            0             0            0            0           
0            0            0             0            0            0           

Inertia
266.648      -100.118     -100.07       0.326078     0.212761     0.213077    
-100.118     266.772      -100.011      0.212761     0.46417      0.142127    
-100.07      -100.011     266.943       0.213077     0.142127     0.389678    

Bond Length
0.60297836    0.00048436813

BB bond length
0.60297836    0.00048436813

Water EE distance
0             0           

PEG EE distance
4.5625148     0.016662934 

BBB P2(x)
0.055002303   0.0036386625

BBB first bond length
0.60305167    0.00050842616

BBB second bond length
0.60316317    0.00055144286

BBB <phi**2>/<phi>**2
1.1139428     0.0017232985

Time = 20000
Temperature
1.0112711     0.0067657187

Pressure
26.058373     0.068218576 

CM Mom
1.5222598e-17  1.9114143e-17 
3.1288145e-17  2.8358849e-17 
8.7187114e-17  1.0820706e-17 
9.9887118e-17  1.1022453e-17 

CM Pos
10.002596      0.013819992   
10.003296      0.0099876976  
9.9933462      0.01439798    
17.320079      0.013601454   

Stress
23.0162      0.00782671   -0.00458898   0.0865487    0.0785363    0.0508783   
0.00782671   23.0086      -0.0413893    0.0785363    0.11083      0.0461496   
-0.00458898  -0.0413893   23.0501       0.0508783    0.0461496    0.0670758   

Stress Spherical
0            0            0             0            0            0           
0            0            0             0            0            0           
0            0            0             0            0            0           

Inertia
266.595      -100.093     -99.9467      0.389035     0.214691     0.175992    
-100.093     266.554      -99.9422      0.214691     0.326169     0.192458    
-99.9467     -99.9422     266.764       0.175992     0.192458     0.380502    

Bond Length
0.60293249    0.00046511094

BB bond length
0.60293249    0.00046511094

Water EE distance
0             0           

PEG EE distance
4.6003653     0.026342313 

BBB P2(x)
0.051630557   0.0019518141

BBB first bond length
0.60314841    0.00050832425

BBB second bond length
0.60310089    0.00047076022

BBB <phi**2>/<phi>**2
1.11191       0.0015355487

Time = 21000
Temperature
1.0112267     0.0038508447

Pressure
26.069553     0.069589886 

CM Mom
1.8193972e-17  2.5434777e-17 
4.0480322e-17  1.7136299e-17 
7.3420593e-17  2.9653684e-17 
9.281066e-17   2.3798395e-17 

CM Pos
10.001346      0.01450301    
9.9960448      0.007388977   
10.001097      0.0092059955  
17.319643      0.01004544    

Stress
23.0518      -0.0269098   -0.0174094    0.0657556    0.0414899    0.0442209   
-0.0269098   22.9938      -0.00462273   0.0414899    0.10045      0.0618923   
-0.0174094   -0.00462273  23.0631       0.0442209    0.0618923    0.0907464   

Stress Spherical
0            0            0             0            0            0           
0            0            0             0            0            0           
0            0            0             0            0            0           

Inertia
266.584      -99.9294     -100.006      0.293058     0.137955     0.194076    
-99.9294     266.657      -99.9958      0.137955     0.256905     0.165442    
-100.006     -99.9958     266.575       0.194076     0.165442     0.264054    

Bond Length
0.60300072    0.0006991294

BB bond length
0.60300072    0.0006991294

Water EE distance
0             0           

PEG EE distance
4.5687373     0.028799697 

BBB P2(x)
0.049681185   0.0027691132

BBB first bond length
0.60315328    0.00072321727

BBB second bond length
0.60320257    0.00074519622

BBB <phi**2>/<phi>**2
1.1116506     0.0011383033

Time = 22000
Temperature
1.0109082     0.0041965927

Pressure
26.070845     0.051372806 

CM Mom
3.7806721e-17  1.9890482e-17 
6.2072811e-17  2.409331e-17  
6.1115298e-17  1.6479402e-17 
9.9529959e-17  1.8945675e-17 

CM Pos
10.001096      0.0093716333  
9.9948779      0.010263132   
9.9954297      0.0083630793  
17.315552      0.0078539336  

Stress
23.0618      0.0102813    -0.0113231    0.0837525    0.0542419    0.0744166   
0.0102813    23.0235      0.000724148   0.0542419    0.0678284    0.0475832   
-0.0113231   0.000724148  23.0302       0.0744166    0.0475832    0.0710709   

Stress Spherical
0            0            0             0            0            0           
0            0            0             0            0            0           
0            0            0             0            0            0           

Inertia
266.468      -99.9778     -99.9861      0.252179     0.111143     0.112002    
-99.9778     266.552      -99.9297      0.111143     0.20369      0.168298    
-99.9861     -99.9297     266.589       0.112002     0.168298     0.239477    

Bond Length
0.60345995    0.00056525078

BB bond length
0.60345995    0.00056525078

Water EE distance
0             0           

PEG EE distance
4.6202688     0.021732402 

BBB P2(x)
0.054207462   0.0040559569

BBB first bond length
0.60361214    0.00058644699

BBB second bond length
0.60367242    0.00053429808

BBB <phi**2>/<phi>**2
1.1133737     0.0022282527

Time = 23000
Temperature
1.0124336     0.0050945203

Pressure
26.097596     0.058388599 

CM Mom
6.6577121e-17  1.9422651e-17 
6.9715917e-17  9.1598767e-18 
8.5521744e-17  1.6049819e-17 
1.3054931e-16  1.680503e-17  

CM Pos
10.00168       0.010901477   
10.001795      0.0097083844  
10.005181      0.012891099   
17.325512      0.012284844   

Stress
23.075       0.00392375   -0.0136758    0.0385367    0.0663848    0.0505406   
0.00392375   23.0243      0.0219829     0.0663848    0.0672544    0.0740498   
-0.0136758   0.0219829    23.0828       0.0505406    0.0740498    0.141754    

Stress Spherical
0            0            0             0            0            0           
0            0            0             0            0            0           
0            0            0             0            0            0           

Inertia
266.79       -99.9957     -100.025      0.372916     0.146937     0.15007     
-99.9957     266.745      -100.04       0.146937     0.305148     0.217714    
-100.025     -100.04      266.703       0.15007      0.217714     0.331931    

Bond Length
0.60266591    0.00077679365

BB bond length
0.60266591    0.00077679365

Water EE distance
0             0           

PEG EE distance
4.6539727     0.038987106 

BBB P2(x)
0.053813765   0.0033965647

BBB first bond length
0.60281002    0.00075836589

BBB second bond length
0.60282327    0.00070596026

BBB <phi**2>/<phi>**2
1.1135205     0.0014150241

Time = 24000
Temperature
1.0115677     0.0050932398

Pressure
26.091961     0.073900065 

CM Mom
3.7558914e-17  1.5561845e-17 
6.345926e-17   1.1641173e-17 
6.4837034e-17  2.2572756e-17 
1.0117537e-16  1.7098298e-17 

CM Pos
10.005847      0.013574801   
10.003629      0.018652808   
10.005014      0.014522873   
17.328889      0.014852796   

Stress
23.0495      0.0318359    -0.0146272    0.0776674    0.0539715    0.062774    
0.0318359    23.0504      -0.005944     0.0539715    0.0896218    0.0383968   
-0.0146272   -0.005944    23.0731       0.062774     0.0383968    0.0888713   

Stress Spherical
0            0            0             0            0            0           
0            0            0             0            0            0           
0            0            0             0            0            0           

Inertia
266.774      -100.098     -100.122      0.596238     0.136158     0.167591    
-100.098     266.831      -100.036      0.136158     0.333767     0.292993    
-100.122     -100.036     266.811       0.167591     0.292993     0.29536     

Bond Length
0.60289718    0.0005673524

BB bond length
0.60289718    0.0005673524

Water EE distance
0             0           

PEG EE distance
4.5914712     0.019846878 

BBB P2(x)
0.053416478   0.003126872 

BBB first bond length
0.60308255    0.00053642711

BBB second bond length
0.60304909    0.00057863129

BBB <phi**2>/<phi>**2
1.113077      0.0014288577

Time = 25000
Temperature
1.0094205     0.0043102596

Pressure
26.074479     0.057695911 

CM Mom
4.6843042e-17  1.6196302e-17 
7.2889528e-17  1.695247e-17  
5.6546564e-17  2.0179337e-17 
1.0629619e-16  1.9044696e-17 

CM Pos
10.004347      0.008637646   
10.006963      0.0058513012  
9.9932628      0.011997159   
17.323156      0.009330362   

Stress
23.0149      0.0135076    -0.0387552    0.0809991    0.0570937    0.0726462   
0.0135076    23.0692      -0.0088172    0.0570937    0.0772865    0.0971034   
-0.0387552   -0.0088172   23.0557       0.0726462    0.0971034    0.0704016   

Stress Spherical
0            0            0             0            0            0           
0            0            0             0            0            0           
0            0            0             0            0            0           

Inertia
266.673      -100.108     -100.02       0.269163     0.15918      0.188894    
-100.108     266.589      -99.9507      0.15918      0.334717     0.138792    
-100.02      -99.9507     266.909       0.188894     0.138792     0.271632    

Bond Length
0.60331986    0.00047719879

BB bond length
0.60331986    0.00047719879

Water EE distance
0             0           

PEG EE distance
4.5449401     0.015428198 

BBB P2(x)
0.051570766   0.0048697087

BBB first bond length
0.60350265    0.00051854495

BBB second bond length
0.60347484    0.00048305387

BBB <phi**2>/<phi>**2
1.11312       0.0015231874

Time = 26000
Temperature
1.0132857     0.0066520074

Pressure
26.060568     0.05389147  

CM Mom
1.851031e-17   1.4832412e-17 
6.6921102e-17  1.8561563e-17 
5.3883083e-17  2.8293209e-17 
9.3759055e-17  1.7283792e-17 

CM Pos
10.012181      0.011458175   
10.008546      0.010234667   
9.9980967      0.0092841348  
17.331385      0.010911924   

Stress
22.9702      -0.0155752   -0.041297     0.0673641    0.0536637    0.0739193   
-0.0155752   23.0126      0.00384242    0.0536637    0.116233     0.0824635   
-0.041297    0.00384242   23.0805       0.0739193    0.0824635    0.0746393   

Stress Spherical
0            0            0             0            0            0           
0            0            0             0            0            0           
0            0            0             0            0            0           

Inertia
266.783      -100.173     -100.12       0.268886     0.184944     0.169783    
-100.173     266.826      -100.069      0.184944     0.322968     0.141175    
-100.12      -100.069     267.081       0.169783     0.141175     0.314965    

Bond Length
0.60331206    0.00035006551

BB bond length
0.60331206    0.00035006551

Water EE distance
0             0           

PEG EE distance
4.6228884     0.049665467 

BBB P2(x)
0.052387127   0.0027878938

BBB first bond length
0.60348248    0.00036334459

BBB second bond length
0.60348385    0.00042409694

BBB <phi**2>/<phi>**2
1.112646      0.0014771512

Time = 27000
Temperature
1.0116863     0.0050441967

Pressure
26.034227     0.065419252 

CM Mom
3.6650673e-17  2.3052764e-17 
5.7968636e-17  1.7873369e-17 
6.5853709e-17  1.2513014e-17 
9.9456122e-17  1.2501527e-17 

CM Pos
9.9955122      0.0069834902  
9.998045       0.011858267   
10.001681      0.010622324   
17.317764      0.011199444   

Stress
22.9933      0.0243931    0.0130384     0.104206     0.0362154    0.0756277   
0.0243931    22.9825      -0.0169986    0.0362154    0.0916331    0.0691519   
0.0130384    -0.0169986   23.0228       0.0756277    0.0691519    0.0858011   

Stress Spherical
0            0            0             0            0            0           
0            0            0             0            0            0           
0            0            0             0            0            0           

Inertia
266.642      -99.9125     -99.9828      0.374744     0.164092     0.122355    
-99.9125     266.585      -100.009      0.164092     0.197674     0.20989     
-99.9828     -100.009     266.499       0.122355     0.20989      0.263097    

Bond Length
0.60316519    0.00053632972

BB bond length
0.60316519    0.00053632972

Water EE distance
0             0           

PEG EE distance
4.6510567     0.019592032 

BBB P2(x)
0.052604579   0.0034756912

BBB first bond length
0.60324113    0.00055934474

BBB second bond length
0.60339461    0.0005651652

BBB <phi**2>/<phi>**2
1.1129797     0.0013636313

Time = 28000
Temperature
1.0108812     0.0073089087

Pressure
26.095498     0.069163133 

CM Mom
6.3332956e-17  2.8313455e-17 
4.2327108e-17  2.0883072e-17 
6.478915e-17   2.2916004e-17 
1.0371782e-16  3.1714238e-17 

CM Pos
10.002346      0.010799048   
10.002712      0.0093181147  
9.9920127      0.010973559   
17.318825      0.011755576   

Stress
23.0926      0.0289925    -0.00430616   0.0738932    0.0545391    0.0578468   
0.0289925    23.0572      -0.0223606    0.0545391    0.0994809    0.0627836   
-0.00430616  -0.0223606   23.04         0.0578468    0.0627836    0.0909288   

Stress Spherical
