Time = 500
Temperature
   1.0398575    0.04252961

Pressure
   22.186397    0.16386407

CM Mom
-1.1124743e-16 1.2500634e-17 
3.6864845e-18  2.5704429e-17 
-2.941071e-17  3.3355492e-17 
1.2259936e-16  1.2391125e-17 

CM Pos
7.5197919      0.014807346   
7.484666       0.0086104559  
7.4944284      0.0023710729  
12.989772      0.0087169891  

Stress
19.0132      0.0569624    0.025869      0.077522     0.0698707    0.0683734   
0.0569624    19.0743      -0.0251374    0.0698707    0.100671     0.053805    
0.025869     -0.0251374   19.1158       0.0683734    0.053805     0.052462    

Stress Spherical
0            0            0             0            0            0           
0            0            0             0            0            0           
0            0            0             0            0            0           

Inertia
149.132      -56.2666     -56.3694      0.0965744    0.106194     0.146722    
-56.2666     149.657      -56.1862      0.106194     0.471544     0.06578     
-56.3694     -56.1862     149.451       0.146722     0.06578      0.209225    

Bond Length
0.61300272    0.0063109775

BB bond length
0.61300272    0.0063109775

Water EE distance
0             0           

PEG EE distance
3.7384827     0.16997577  

Time = 1000
Temperature
1.0189004     0.0042461431

Pressure
22.157228     0.087196554 

CM Mom
-1.1884031e-16 1.5179721e-17 
7.2972869e-18  2.5495425e-17 
1.4917045e-17  3.954586e-17  
1.2931848e-16  1.094695e-17  

CM Pos
7.5254232      0.016135931   
7.4748853      0.0089211126  
7.4902791      0.010628584   
12.985005      0.016478906   

Stress
19.1312      0.00440672   0.0171238     0.11951      0.0833701    0.0675673   
0.00440672   19.082       -0.00154903   0.0833701    0.0891554    0.108685    
0.0171238    -0.00154903  19.0911       0.0675673    0.108685     0.113654    

Stress Spherical
0            0            0             0            0            0           
0            0            0             0            0            0           
0            0            0             0            0            0           

Inertia
149.073      -56.228      -56.3176      0.2022       0.20323      0.174331    
-56.228      149.857      -56.1485      0.20323      0.258361     0.137561    
-56.3176     -56.1485     149.618       0.174331     0.137561     0.254759    

Bond Length
0.61474063    0.0036856083

BB bond length
0.61474063    0.0036856083

Water EE distance
0             0           

PEG EE distance
3.7561024     0.11573612  

