Time = 1000
Temperature
   1.0272317   0.038651882

Pressure
   23.548211    0.11682278

CM Mom
2.0690744e-17  1.7076673e-17 
-7.5079436e-18 1.8869154e-17 
-9.603056e-21  9.9429022e-17 
8.3387329e-17  6.3755923e-17 

CM Pos
7.4913901      0.029374405   
7.5005079      0.016645044   
7.4966528      0.0091754024  
12.983811      0.015129486   

Stress
20.4704      0.00169457   -0.0513418    0.101706     0.100907     0.0543821   
0.00169457   20.4722      -0.00324921   0.100907     0.120541     0.049511    
-0.0513418   -0.00324921  20.4652       0.0543821    0.049511     0.111045    

Stress Spherical
0            0            0             0            0            0           
0            0            0             0            0            0           
0            0            0             0            0            0           

Inertia
149.92       -56.1688     -56.1996      0.5802       0.199994     0.244262    
-56.1688     149.801      -56.2501      0.199994     0.150761     0.15052     
-56.1996     -56.2501     149.858       0.244262     0.15052      0.273418    

Bond Length
0.5707689     0.0032684452

BB bond length
0.5707689     0.0032684452

Water EE distance
0             0           

PEG EE distance
2.2633894     0.084974457 

Time = 2000
Temperature
1.0089546     0.010831185 

Pressure
23.498529     0.13077985  

CM Mom
-1.7281797e-17 1.0189856e-17 
5.4748394e-18  1.9022527e-17 
-1.7175203e-17 1.5552137e-17 
3.2977966e-17  1.5608792e-17 

CM Pos
7.5001386      0.017219      
7.4973941      0.011884617   
7.4948735      0.01017529    
12.986015      0.009383445   

Stress
20.4789      -0.0313847   -0.00321668   0.19869      0.0655931    0.0888161   
-0.0313847   20.4667      -0.000416618  0.0655931    0.118116     0.0882224   
-0.00321668  -0.000416618 20.4775       0.0888161    0.0882224    0.108817    

Stress Spherical
0            0            0             0            0            0           
0            0            0             0            0            0           
0            0            0             0            0            0           

Inertia
149.791      -56.2261     -56.2132      0.195827     0.159317     0.166728    
-56.2261     149.851      -56.1734      0.159317     0.230262     0.115065    
-56.2132     -56.1734     149.892       0.166728     0.115065     0.230789    

Bond Length
0.56792123    0.003900346 

BB bond length
0.56792123    0.003900346 

Water EE distance
0             0           

PEG EE distance
2.2635042     0.084673376 

Time = 3000
Temperature
1.0108468     0.0077732391

Pressure
23.439641     0.13113181  

CM Mom
-3.1217477e-17 1.188652e-17  
-6.0030075e-18 1.1922215e-17 
-2.3956058e-17 1.60179e-17   
4.5727351e-17  5.7853913e-18 

CM Pos
7.5044388      0.010634888   
7.4988769      0.012409535   
7.4997667      0.013985559   
12.992172      0.013621757   

Stress
20.3823      0.0207699    0.00936909    0.0816512    0.071137     0.0593495   
0.0207699    20.4197      0.0112902     0.071137     0.145937     0.091741    
0.00936909   0.0112902    20.4274       0.0593495    0.091741     0.174256    

Stress Spherical
0            0            0             0            0            0           
0            0            0             0            0            0           
0            0            0             0            0            0           

Inertia
149.934      -56.2506     -56.2447      0.30385      0.144694     0.12692     
-56.2506     150.022      -56.2604      0.144694     0.218805     0.135375    
-56.2447     -56.2604     149.995       0.12692      0.135375     0.26825     

Bond Length
0.57179832    0.0040254733

BB bond length
0.57179832    0.0040254733

Water EE distance
0             0           

PEG EE distance
2.2013992     0.08418923  

