Time = 1000
Temperature
   1.1059345    0.13505575

Pressure
   23.689145      0.699805

CM Mom
5.0973178e-19  2.1334248e-17 
1.5524212e-17  3.9648727e-17 
9.674569e-17   1.2510947e-16 
1.4144329e-16  8.5289729e-17 

CM Pos
7.4997178      0.021640611   
7.4973748      0.01696594    
7.4986853      0.019932072   
12.987979      0.015177231   

Stress
20.3339      0.0695387    0.0435064     0.372402     0.0386832    0.0643991   
0.0695387    20.4254      -0.0291414    0.0386832    0.331849     0.0825482   
0.0435064    -0.0291414   20.3813       0.0643991    0.0825482    0.262371    

Stress Spherical
0            0            0             0            0            0           
0            0            0             0            0            0           
0            0            0             0            0            0           

Inertia
150.056      -56.2268     -56.2386      1.17208      0.238727     0.143717    
-56.2268     150.086      -56.223       0.238727     1.38358      0.160881    
-56.2386     -56.223      150.067       0.143717     0.160881     1.63456     

Bond Length
0.61997472    0.0051712315

BB bond length
0.61997472    0.0051712315

Water EE distance
0             0           

PEG EE distance
7.1698249     0.17041288  

BBB P2(x)
0.47549274    0.064054297 

BBB first bond length
0.61995921    0.0053823845

BBB second bond length
0.61982242    0.0054372504

BBB <phi**2>/<phi>**2
1.2180665     0.013513663 

Time = 2000
Temperature
1.0113345     0.0066474517

Pressure
23.221275     0.12365774  

CM Mom
-2.2964179e-17 5.3791684e-17 
4.7807969e-18  1.9978024e-17 
-3.4571606e-17 5.5650333e-17 
8.5193466e-17  2.961596e-17  

CM Pos
7.491845       0.011742516   
7.5040592      0.011195154   
7.5006164      0.0074509425  
12.988382      0.011603474   

Stress
20.2137      0.0269789    0.0132213     0.0786327    0.0736772    0.0501974   
0.0269789    20.2263      0.00680876    0.0736772    0.174962     0.0696994   
0.0132213    0.00680876   20.146        0.0501974    0.0696994    0.115351    

Stress Spherical
0            0            0             0            0            0           
0            0            0             0            0            0           
0            0            0             0            0            0           

Inertia
149.916      -56.2665     -56.1781      0.511023     0.119015     0.135595    
-56.2665     149.756      -56.2605      0.119015     0.461647     0.126008    
-56.1781     -56.2605     149.802       0.135595     0.126008     0.441826    

Bond Length
0.61858016    0.00228466  

BB bond length
0.61858016    0.00228466  

Water EE distance
0             0           

PEG EE distance
7.5031434     0.156169    

BBB P2(x)
0.52058458    0.0091445631

BBB first bond length
0.61855416    0.0023059235

BBB second bond length
0.61871068    0.0023617973

BBB <phi**2>/<phi>**2
1.2268802     0.0084853542

