Time = 1000
Temperature
   1.0372033   0.044859489

Pressure
   23.653426    0.17701312

CM Mom
2.5794196e-18  9.6191829e-18 
2.1725637e-17  1.4884759e-17 
-1.6826303e-17 6.0586315e-17 
5.9300398e-17  3.5071788e-17 

CM Pos
7.5003368      0.014870212   
7.4934694      0.038278821   
7.5031314      0.013297182   
12.988667      0.022404091   

Stress
20.5345      -0.0407682   0.0431596     0.0974868    0.0784712    0.0742816   
-0.0407682   20.52        -0.0627045    0.0784712    0.109576     0.0763456   
0.0431596    -0.0627045   20.5774       0.0742816    0.0763456    0.12615     

Stress Spherical
0            0            0             0            0            0           
0            0            0             0            0            0           
0            0            0             0            0            0           

Inertia
149.953      -56.1952     -56.2999      0.259242     0.407693     0.136458    
-56.1952     150.038      -56.2276      0.407693     0.550238     0.218881    
-56.2999     -56.2276     149.902       0.136458     0.218881     0.348198    

Bond Length
0.61972411    0.0043770529

BB bond length
0.61972411    0.0043770529

Water EE distance
0             0           

PEG EE distance
4.7736419     0.33912721  

BBB P2(x)
0.47569108    0.039042334 

BBB first bond length
0.61935099    0.0042135382

BBB second bond length
0.61938964    0.0046286964

BBB <phi**2>/<phi>**2
1.2157685     0.012938401 

Time = 2000
Temperature
1.0134873     0.0097173294

Pressure
23.567254     0.10056537  

CM Mom
-1.7339417e-17 2.6881741e-17 
5.155424e-17   1.1598916e-17 
-4.3911032e-17 2.6929831e-17 
7.8819848e-17  1.6015115e-17 

CM Pos
7.4994473      0.011043429   
7.5028092      0.017581301   
7.5040209      0.013033415   
12.994019      0.016104082   

Stress
20.5107      -0.00272598  0.0136408     0.122893     0.0691137    0.0553384   
-0.00272598  20.5756      -0.04705      0.0691137    0.0928121    0.0745213   
0.0136408    -0.04705     20.5004       0.0553384    0.0745213    0.109129    

Stress Spherical
0            0            0             0            0            0           
0            0            0             0            0            0           
0            0            0             0            0            0           

Inertia
150.035      -56.2751     -56.285       0.281402     0.197876     0.144588    
-56.2751     150.011      -56.3268      0.197876     0.22907      0.172771    
-56.285      -56.3268     149.974       0.144588     0.172771     0.295609    

Bond Length
0.61918613    0.0040372585

BB bond length
0.61918613    0.0040372585

Water EE distance
0             0           

PEG EE distance
5.29867       0.13370343  

BBB P2(x)
0.50546074    0.010536358 

BBB first bond length
0.61922706    0.003719129 

BBB second bond length
0.61888265    0.0041991114

BBB <phi**2>/<phi>**2
1.2260812     0.0089001781

