Time = 1000
Temperature
   1.1782492    0.26996972

Pressure
   23.879029     1.1935719

CM Mom
-1.5622667e-17 2.0423639e-17 
1.1489798e-18  3.7284847e-17 
-6.3538913e-17 1.7580443e-16 
1.6562397e-16  9.7804729e-17 

CM Pos
7.5030715      0.018384415   
7.5052775      0.01682254    
7.504422       0.022915314   
12.997792      0.013064665   

Stress
20.406       -0.0210265   -0.0111437    0.490548     0.0656114    0.0730701   
-0.0210265   20.3927      -0.0180973    0.0656114    0.338991     0.0539674   
-0.0111437   -0.0180973   20.2478       0.0730701    0.0539674    0.423192    

Stress Spherical
0            0            0             0            0            0           
0            0            0             0            0            0           
0            0            0             0            0            0           

Inertia
150.331      -56.3484     -56.2782      1.86197      0.202178     0.114845    
-56.3484     150.3        -56.3512      0.202178     1.65059      0.184403    
-56.2782     -56.3512     150.332       0.114845     0.184403     1.48222     

Bond Length
0.61951677    0.010514493 

BB bond length
0.61951677    0.010514493 

Water EE distance
0             0           

PEG EE distance
6.8536998     0.13485193  

BBB P2(x)
0.47569844    0.064276383 

BBB first bond length
0.61961655    0.010380276 

BBB second bond length
0.6196538     0.010502553 

BBB <phi**2>/<phi>**2
1.2166234     0.011496966 

Time = 2000
Temperature
1.0153887     0.0091469117

Pressure
22.996284     0.070317927 

CM Mom
-8.6905666e-18 2.4108486e-17 
2.8246486e-17  1.553388e-17  
1.9874387e-17  7.2005763e-17 
7.8015663e-17  3.4486053e-17 

CM Pos
7.4996597      0.014228913   
7.5030525      0.017847545   
7.5097622      0.013013279   
12.997604      0.014080503   

Stress
19.9565      -0.0442605   -0.0357033    0.0896972    0.0498523    0.0911822   
-0.0442605   19.9581      0.00831364    0.0498523    0.0668924    0.109107    
-0.0357033   0.00831364   19.9475       0.0911822    0.109107     0.120695    

Stress Spherical
0            0            0             0            0            0           
0            0            0             0            0            0           
0            0            0             0            0            0           

Inertia
150.107      -56.2393     -56.3026      0.487747     0.148781     0.135355    
-56.2393     150.064      -56.3471      0.148781     0.52355      0.169558    
-56.3026     -56.3471     149.952       0.135355     0.169558     0.455124    

Bond Length
0.61703566    0.0014903593

BB bond length
0.61703566    0.0014903593

Water EE distance
0             0           

PEG EE distance
7.2992204     0.13565078  

BBB P2(x)
0.51653246    0.0053491891

BBB first bond length
0.61702197    0.0014765234

BBB second bond length
0.61688158    0.0013887588

BBB <phi**2>/<phi>**2
1.2277787     0.0065824486

