Time = 500
Temperature
   1.0455569   0.050568427

Pressure
    20.20876    0.19257743

CM Mom
1.346944e-17   2.0715773e-17 
1.4149196e-17  1.4826988e-17 
-3.5059732e-17 3.1759253e-17 
5.3476632e-17  2.0216163e-17 

CM Pos
7.5071924      0.029459464   
7.5213392      0.052749754   
7.5304102      0.016658241   
13.024517      0.038143223   

Stress
17.126       0.000711488  0.0288489     0.0761357    0.0726554    0.0508921   
0.000711488  17.0952      -0.0119788    0.0726554    0.0689291    0.0850591   
0.0288489    -0.0119788   17.0052       0.0508921    0.0850591    0.118603    

Stress Spherical
0            0            0             0            0            0           
0            0            0             0            0            0           
0            0            0             0            0            0           

Inertia
149.877      -56.4136     -56.4605      0.419171     0.605593     0.157606    
-56.4136     149.586      -56.6392      0.605593     0.251119     0.307985    
-56.4605     -56.6392     149.39        0.157606     0.307985     0.858109    

Bond Length
0.61318489    0.0025237739

BB bond length
0.61318489    0.0025237739

Water EE distance
0             0           

PEG EE distance
3.7820376     0.033323522 

Time = 1000
Temperature
1.0076827     0.0061019668

Pressure
19.938859     0.033609469 

CM Mom
1.8437123e-17  7.5382928e-18 
1.6973876e-17  1.5656449e-17 
-5.2110448e-17 3.8441918e-18 
6.0373943e-17  3.9056238e-18 

CM Pos
7.5187605      0.019822465   
7.5349836      0.022343076   
7.5244778      0.010249448   
13.035574      0.017933842   

Stress
16.863       0.035394     0.0276884     0.0516655    0.0766534    0.0978206   
0.035394     16.9114      0.0144286     0.0766534    0.0528378    0.0366836   
0.0276884    0.0144286    16.9828       0.0978206    0.0366836    0.115544    

Stress Spherical
0            0            0             0            0            0           
0            0            0             0            0            0           
0            0            0             0            0            0           

Inertia
150.302      -56.4717     -56.5153      0.145483     0.326221     0.102307    
-56.4717     150.072      -56.5687      0.326221     0.145824     0.121434    
-56.5153     -56.5687     150.213       0.102307     0.121434     0.390978    

Bond Length
0.6123302     0.0015562335

BB bond length
0.6123302     0.0015562335

Water EE distance
0             0           

PEG EE distance
3.6208621     0.12900334  

