Time = 1000
Temperature
   1.2234506     0.2790435

Pressure
   24.557566     1.8107845

CM Mom
-2.8127747e-17 2.2772786e-17 
1.5780836e-16  6.4988914e-17 
-4.0425622e-16 7.573223e-16  
6.6375514e-16  5.7168704e-16 

CM Pos
9.9973186      0.034844752   
10.002568      0.0099795607  
9.9966915      0.023010619   
17.318561      0.02932622    

Stress
20.8885      -0.0097651   -0.00930145   1.11171      0.0404901    0.0633207   
-0.0097651   20.8749      0.000577435   0.0404901    1.03687      0.0505875   
-0.00930145  0.000577435  20.8988       0.0633207    0.0505875    1.06728     

Stress Spherical
0            0            0             0            0            0           
0            0            0             0            0            0           
0            0            0             0            0            0           

Inertia
267.29       -99.9884     -99.9131      4.88722      0.395234     0.563778    
-99.9884     267.199      -100.012      0.395234     4.19871      0.214499    
-99.9131     -100.012     267.258       0.563778     0.214499     4.50309     

Bond Length
0.62657683    0.015024722 

BB bond length
0.62657683    0.015024722 

Water EE distance
0             0           

PEG EE distance
7.2237743     0.33879295  

BBB P2(x)
0.10435411    0.019646339 

BBB first bond length
0.62665734    0.0153024   

BBB second bond length
0.62687118    0.015077893 

BBB <phi**2>/<phi>**2
1.1259954     0.0060506273

Time = 2000
Temperature
1.0177016     0.0079409176

Pressure
23.125507     0.090859359 

CM Mom
-7.4110475e-18 1.1417088e-17 
1.06004e-16    3.2725082e-17 
-7.7517845e-17 1.5243432e-16 
1.8373767e-16  8.932389e-17  

CM Pos
10.000652      0.014758852   
9.9969012      0.012882479   
10.005192      0.013702761   
17.322107      0.01112858    

Stress
20.0828      -0.0127887   0.0147748     0.113979     0.0639886    0.0432218   
-0.0127887   20.0275      -0.0172601    0.0639886    0.0779013    0.0578035   
0.0147748    -0.0172601   20.1073       0.0432218    0.0578035    0.117666    

Stress Spherical
0            0            0             0            0            0           
0            0            0             0            0            0           
0            0            0             0            0            0           

Inertia
266.626      -100.009     -100.045      1.198        0.15468      0.244748    
-100.009     266.719      -100.023      0.15468      0.905361     0.19149     
-100.045     -100.023     266.536       0.244748     0.19149      1.18013     

Bond Length
0.62245946    0.0013407557

BB bond length
0.62245946    0.0013407557

Water EE distance
0             0           

PEG EE distance
6.7095586     0.13641826  

BBB P2(x)
0.084886329   0.0070422491

BBB first bond length
0.62261175    0.0014608264

BBB second bond length
0.62258441    0.0013222792

BBB <phi**2>/<phi>**2
1.1205996     0.0031418474

Time = 3000
Temperature
1.0148868     0.0078257344

Pressure
23.029661     0.039691395 

CM Mom
-2.0389633e-17 1.6059987e-17 
1.0375837e-16  1.5402958e-17 
-1.9305964e-18 3.6566953e-17 
1.1332174e-16  1.325754e-17  

CM Pos
10.000069      0.010843076   
9.999318       0.012804884   
10.006192      0.0051936952  
17.323737      0.0069437559  

Stress
19.965       0.0135517    -0.0236208    0.0809879    0.0588758    0.0551068   
0.0135517    19.9948      0.010236      0.0588758    0.0635861    0.0396281   
-0.0236208   0.010236     19.9955       0.0551068    0.0396281    0.0660312   

Stress Spherical
0            0            0             0            0            0           
0            0            0             0            0            0           
0            0            0             0            0            0           

Inertia
266.689      -100.008     -100.084      0.591424     0.0959059    0.152609    
-100.008     266.714      -100.086      0.0959059    0.469502     0.153602    
-100.084     -100.086     266.564       0.152609     0.153602     0.431834    

Bond Length
0.62325771    0.00085677456

BB bond length
0.62325771    0.00085677456

Water EE distance
0             0           

PEG EE distance
6.3769997     0.10292007  

BBB P2(x)
0.081458921   0.0055732263

BBB first bond length
0.6233967     0.0008902914

BBB second bond length
0.62329784    0.00090447945

BBB <phi**2>/<phi>**2
1.1205454     0.0013258208

Time = 4000
Temperature
1.0109016     0.0069142908

Pressure
23.023905     0.086060648 

CM Mom
-2.1654646e-17 1.7596349e-17 
1.0083003e-16  1.3849424e-17 
-2.6712443e-17 2.7555275e-17 
1.1145352e-16  1.3711933e-17 

CM Pos
9.9957352      0.015194062   
9.9976513      0.012624632   
10.002858      0.0082852042  
17.31835       0.0112676     

Stress
20.027       -0.00324785  0.0094959     0.108266     0.064248     0.0576497   
-0.00324785  19.9687      -0.0232922    0.064248     0.084693     0.057476    
0.0094959    -0.0232922   19.9782       0.0576497    0.057476     0.101064    

Stress Spherical
0            0            0             0            0            0           
0            0            0             0            0            0           
0            0            0             0            0            0           

Inertia
266.612      -99.9509     -100.026      0.425357     0.189051     0.176355    
-99.9509     266.585      -100.002      0.189051     0.321632     0.17277     
-100.026     -100.002     266.47        0.176355     0.17277      0.491958    

Bond Length
0.62332523    0.00074442529

BB bond length
0.62332523    0.00074442529

Water EE distance
0             0           

PEG EE distance
6.1038802     0.09776627  

BBB P2(x)
0.076262549   0.0046360032

BBB first bond length
0.62341438    0.0007067586

BBB second bond length
0.62326855    0.00064024679

BBB <phi**2>/<phi>**2
1.1182155     0.0016031315

Time = 5000
Temperature
1.0128338     0.0048473267

Pressure
22.969975     0.057123305 

CM Mom
-2.9837273e-17 2.3409241e-17 
9.9981715e-17  1.1561785e-17 
-2.7380281e-17 3.2644006e-17 
1.1483832e-16  1.3990923e-17 

CM Pos
9.9978186      0.009278497   
10.001568      0.011467823   
9.9999416      0.010983083   
17.320127      0.010886451   

Stress
19.8993      0.036157     0.0162516     0.119476     0.0529789    0.0346834   
0.036157     19.9453      0.0192629     0.0529789    0.0858313    0.0527509   
0.0162516    0.0192629    19.9502       0.0346834    0.0527509    0.061002    

Stress Spherical
0            0            0             0            0            0           
0            0            0             0            0            0           
0            0            0             0            0            0           

Inertia
266.658      -100.011     -99.9743      0.352594     0.181528     0.140054    
-100.011     266.592      -99.99        0.181528     0.294498     0.197487    
-99.9743     -99.99       266.614       0.140054     0.197487     0.298829    

Bond Length
0.62333332    0.0013142269

BB bond length
0.62333332    0.0013142269

Water EE distance
0             0           

PEG EE distance
5.7785632     0.18605021  

BBB P2(x)
0.075555374   0.0064998202

BBB first bond length
0.62341538    0.001298486 

BBB second bond length
0.62327376    0.0014060746

BBB <phi**2>/<phi>**2
1.1182219     0.0018722762

Time = 6000
Temperature
1.0092748     0.0043765624

Pressure
22.974909     0.053185721 

CM Mom
-2.0288957e-17 2.6807393e-17 
1.184271e-16   1.8127642e-17 
-4.2493128e-17 1.8446392e-17 
1.3175493e-16  1.6445149e-17 

CM Pos
10.001152      0.011029462   
10.002401      0.0078336597  
10.002858      0.012900796   
17.324218      0.0094305589  

Stress
19.9756      -0.00626371  0.00947376    0.0764556    0.0361555    0.0532503   
-0.00626371  19.9423      -0.0267378    0.0361555    0.100269     0.0244897   
0.00947376   -0.0267378   19.9238       0.0532503    0.0244897    0.0787148   

Stress Spherical
0            0            0             0            0            0           
0            0            0             0            0            0           
0            0            0             0            0            0           

Inertia
266.741      -100.035     -100.029      0.313705     0.16422      0.155245    
-100.035     266.711      -100.051      0.16422      0.270817     0.125141    
-100.029     -100.051     266.7         0.155245     0.125141     0.294374    

Bond Length
0.62333073    0.00076169001

BB bond length
0.62333073    0.00076169001

Water EE distance
0             0           

PEG EE distance
5.737545      0.02945366  

BBB P2(x)
0.073110444   0.0054933516

BBB first bond length
0.62353673    0.00087140333

BBB second bond length
0.62350744    0.00075686608

BBB <phi**2>/<phi>**2
1.1188167     0.0025505421

Time = 7000
Temperature
1.0096842     0.0051910226

Pressure
23.006149     0.065103424 

CM Mom
-2.262671e-17  1.9638734e-17 
1.1334942e-16  9.3246699e-18 
-5.5249544e-17 2.3978392e-17 
1.3152614e-16  1.2690019e-17 

CM Pos
10.000319      0.011743099   
10.005235      0.013728079   
9.9993582      0.015531978   
17.323358      0.010448494   

Stress
19.9629      0.00147071   -0.0130517    0.092797     0.0343607    0.0617241   
0.00147071   19.9673      0.00302145    0.0343607    0.0921652    0.0378735   
-0.0130517   0.00302145   20.0014       0.0617241    0.0378735    0.099685    

Stress Spherical
0            0            0             0            0            0           
0            0            0             0            0            0           
0            0            0             0            0            0           

Inertia
266.756      -100.082     -99.9759      0.242681     0.118696     0.293114    
-100.082     266.664      -100.049      0.118696     0.42045      0.12828     
-99.9759     -100.049     266.785       0.293114     0.12828      0.323873    

Bond Length
0.62386742    0.00077635238

BB bond length
0.62386742    0.00077635238

Water EE distance
0             0           

PEG EE distance
5.5160728     0.098679912 

BBB P2(x)
0.074131572   0.005453536 

BBB first bond length
0.6240372     0.00081872701

BBB second bond length
0.62398741    0.00079894397

BBB <phi**2>/<phi>**2
1.1180376     0.0031653679

Time = 8000
Temperature
1.0131742     0.0041184825

Pressure
22.979521     0.077050764 

CM Mom
-1.7220971e-17 1.1385393e-17 
1.2712994e-16  1.0722548e-17 
-4.3197455e-17 1.827004e-17  
1.3715566e-16  9.556293e-18  

CM Pos
9.9979853      0.010001806   
9.9979846      0.009554702   
10.002942      0.017124649   
17.319888      0.0140038     

Stress
19.9352      -0.0201434   -0.0297184    0.11968      0.0720264    0.0643132   
-0.0201434   19.9429      0.00274572    0.0720264    0.0899709    0.0331438   
-0.0297184   0.00274572   19.9423       0.0643132    0.0331438    0.088569    

Stress Spherical
0            0            0             0            0            0           
0            0            0             0            0            0           
0            0            0             0            0            0           

Inertia
266.681      -99.9695     -100.066      0.364362     0.128003     0.220315    
-99.9695     266.666      -100.001      0.128003     0.36778      0.175541    
-100.066     -100.001     266.57        0.220315     0.175541     0.267462    

Bond Length
0.62333013    0.00079447003

BB bond length
0.62333013    0.00079447003

Water EE distance
0             0           

PEG EE distance
5.4666116     0.050622039 

BBB P2(x)
0.069839068   0.0056987099

BBB first bond length
0.62349415    0.00067518446

BBB second bond length
0.62349198    0.00086901039

BBB <phi**2>/<phi>**2
1.1162734     0.0029920214

Time = 9000
Temperature
1.0101458     0.0069305624

Pressure
23.015858     0.048440016 

CM Mom
-1.391977e-17  2.6547146e-17 
1.2597162e-16  1.1658354e-17 
-5.3581133e-17 2.8915002e-17 
1.4279793e-16  1.4800083e-17 

CM Pos
9.9952352      0.0077949989  
9.9932344      0.013075117   
9.9991916      0.0123833     
17.313393      0.010779237   

Stress
19.9797      -0.00139598  0.0301712     0.0824585    0.0391524    0.0311687   
-0.00139598  20.0055      0.0177294     0.0391524    0.0688151    0.051173    
0.0301712    0.0177294    19.9714       0.0311687    0.051173     0.0563779   

Stress Spherical
0            0            0             0            0            0           
0            0            0             0            0            0           
0            0            0             0            0            0           

Inertia
266.517      -99.8575     -99.9515      0.261718     0.198993     0.123345    
-99.8575     266.553      -99.8876      0.198993     0.242061     0.181265    
-99.9515     -99.8876     266.422       0.123345     0.181265     0.37784     

Bond Length
0.62296353    0.00079564761

BB bond length
0.62296353    0.00079564761

Water EE distance
0             0           

PEG EE distance
5.5840074     0.080268509 

BBB P2(x)
0.073363717   0.0063628092

BBB first bond length
0.62304109    0.00095015505

BBB second bond length
0.62308684    0.00088895649

BBB <phi**2>/<phi>**2
1.1180983     0.0032058982

Time = 10000
Temperature
1.0090027     0.0031844633

Pressure
22.96394      0.060915403 

CM Mom
-1.9402418e-17 1.0523562e-17 
1.4955142e-16  2.3375287e-17 
-3.536971e-17  1.9613619e-17 
1.5639296e-16  2.4003819e-17 

CM Pos
10.000069      0.011146278   
10.002651      0.0099128771  
10.001358      0.011038274   
17.322869      0.011759983   

Stress
19.929       0.0297197    -0.00320634   0.0633944    0.0491779    0.0371639   
0.0297197    19.9731      0.020328      0.0491779    0.0835907    0.0482535   
-0.00320634  0.020328     19.9091       0.0371639    0.0482535    0.0533672   

Stress Spherical
0            0            0             0            0            0           
0            0            0             0            0            0           
0            0            0             0            0            0           

Inertia
266.761      -100.022     -100.002      0.290271     0.184051     0.163205    
-100.022     266.701      -100.006      0.184051     0.3188       0.187893    
-100.002     -100.006     266.722       0.163205     0.187893     0.345178    

Bond Length
0.62384744    0.0010194403

BB bond length
0.62384744    0.0010194403

Water EE distance
0             0           

PEG EE distance
5.5862102     0.10561684  

BBB P2(x)
0.073207234   0.0064188634

BBB first bond length
0.62395297    0.0010151949

BBB second bond length
0.62403256    0.00097798362

BBB <phi**2>/<phi>**2
1.1175942     0.002118435 

Time = 11000
Temperature
1.0104701     0.0050796583

Pressure
22.985177     0.045225689 

CM Mom
-6.3794223e-19 1.1789994e-17 
1.3494005e-16  2.3068476e-17 
-6.5258159e-17 1.8459017e-17 
1.5198773e-16  1.9480132e-17 

CM Pos
10.001902      0.0087440128  
9.9967346      0.013819846   
10.000775      0.0059450167  
17.320177      0.0058505849  

Stress
19.925       -0.0167218   0.000433357   0.0667379    0.0556238    0.0359314   
-0.0167218   19.9637      -0.0408539    0.0556238    0.0733944    0.0424215   
0.000433357  -0.0408539   19.973        0.0359314    0.0424215    0.0946461   

Stress Spherical
0            0            0             0            0            0           
0            0            0             0            0            0           
0            0            0             0            0            0           

Inertia
266.613      -99.9635     -100.005      0.299263     0.104122     0.152767    
-99.9635     266.713      -99.9964      0.104122     0.270655     0.139693    
-100.005     -99.9964     266.636       0.152767     0.139693     0.158354    

Bond Length
0.62320999    0.0010863387

BB bond length
0.62320999    0.0010863387

Water EE distance
0             0           

PEG EE distance
5.497003      0.068335363 

BBB P2(x)
0.071524999   0.0059573627

BBB first bond length
0.62329543    0.0010499194

BBB second bond length
0.62344668    0.0010918479

BBB <phi**2>/<phi>**2
1.1168872     0.0028517193

Time = 12000
Temperature
1.0129456     0.0042343118

Pressure
22.999513     0.063264545 

CM Mom
-1.7693992e-17 2.017956e-17  
1.2791875e-16  3.0608318e-17 
-7.6047895e-17 9.0082084e-18 
1.5281746e-16  2.3056959e-17 

CM Pos
9.999652       0.010207993   
10.000985      0.011417142   
10.002108      0.0079432698  
17.3221        0.0071884564  

Stress
19.98        0.011665     0.032033      0.0864963    0.0293551    0.058299    
0.011665     19.9602      -0.0063972    0.0293551    0.105543     0.0340728   
0.032033     -0.0063972   19.9422       0.058299     0.0340728    0.0615452   

Stress Spherical
0            0            0             0            0            0           
0            0            0             0            0            0           
0            0            0             0            0            0           

Inertia
266.726      -99.9908     -99.9765      0.26961      0.149195     0.125004    
-99.9908     266.715      -100.061      0.149195     0.240408     0.162341    
-99.9765     -100.061     266.682       0.125004     0.162341     0.245729    

Bond Length
0.62284428    0.00091316807

BB bond length
0.62284428    0.00091316807

Water EE distance
0             0           

PEG EE distance
5.6244412     0.032403061 

BBB P2(x)
0.07572728    0.0035870581

BBB first bond length
0.6229486     0.00097599291

BBB second bond length
0.62284563    0.00086144373

BBB <phi**2>/<phi>**2
1.1182748     0.0024520734

Time = 13000
Temperature
1.008083      0.0044763696

Pressure
22.979219     0.066022637 

CM Mom
-8.9617236e-18 2.7631081e-17 
1.3939633e-16  2.5322331e-17 
-7.7528716e-17 1.1713551e-17 
1.6256303e-16  2.5249113e-17 

CM Pos
9.9967352      0.0099478458  
9.998318       0.019331445   
9.9991916      0.010808112   
17.3172        0.0090022437  

Stress
19.9439      0.00941458   -0.00188175   0.0893785    0.049545     0.0502497   
0.00941458   19.9639      -0.0104344    0.049545     0.0766154    0.0519657   
-0.00188175  -0.0104344   19.9575       0.0502497    0.0519657    0.079497    

Stress Spherical
0            0            0             0            0            0           
0            0            0             0            0            0           
0            0            0             0            0            0           

Inertia
266.623      -99.996      -99.9948      0.375499     0.190272     0.131523    
-99.996      266.581      -99.9812      0.190272     0.167192     0.219913    
-99.9948     -99.9812     266.574       0.131523     0.219913     0.43394     

Bond Length
0.62294776    0.0011159035

BB bond length
0.62294776    0.0011159035

Water EE distance
0             0           

PEG EE distance
5.7543845     0.049037398 

BBB P2(x)
0.074873538   0.0067276382

BBB first bond length
0.62305085    0.0010706595

BBB second bond length
0.62296787    0.0011450048

BBB <phi**2>/<phi>**2
1.1177728     0.0035023482

Time = 14000
Temperature
1.0142798     0.0049785607

Pressure
22.987979     0.035246186 

CM Mom
4.3018309e-18  1.3569924e-17 
1.5144449e-16  1.7079455e-17 
-6.1575303e-17 2.2417341e-17 
1.655082e-16   1.8190158e-17 

CM Pos
9.9953185      0.008248239   
10.005235      0.0093974951  
10.001358      0.011656433   
17.321618      0.011979665   

Stress
19.949       -0.0412033   -0.0084708    0.0839524    0.0379793    0.0572357   
-0.0412033   19.9232      -0.0121752    0.0379793    0.0685163    0.0573202   
-0.0084708   -0.0121752   19.9635       0.0572357    0.0573202    0.0642554   

Stress Spherical
0            0            0             0            0            0           
0            0            0             0            0            0           
0            0            0             0            0            0           

Inertia
266.793      -99.9932     -99.9754      0.3183       0.180359     0.175444    
-99.9932     266.593      -100.021      0.180359     0.344374     0.191253    
-99.9754     -100.021     266.66        0.175444     0.191253     0.328592    

Bond Length
0.62382457    0.00062304538

BB bond length
0.62382457    0.00062304538

Water EE distance
0             0           

PEG EE distance
5.6367414     0.080876394 

BBB P2(x)
0.074670609   0.0070630408

BBB first bond length
0.62391028    0.00074932294

BBB second bond length
0.62396724    0.0006502445

BBB <phi**2>/<phi>**2
1.1192482     0.0027330385

Time = 15000
Temperature
1.008532      0.0031354498

Pressure
23.00355      0.047760633 

CM Mom
1.9152839e-17  1.3897378e-17 
1.5028917e-16  1.8791459e-17 
-7.5103241e-17 1.0774019e-17 
1.7020055e-16  1.697854e-17  

CM Pos
10.000319      0.012774203   
10.007068      0.0065957278  
9.993608       0.011529731   
17.321093      0.0085180884  

Stress
19.9745      0.0238861    0.0234985     0.0921862    0.0301461    0.0311895   
0.0238861    19.9916      0.00190784    0.0301461    0.0788134    0.0507582   
0.0234985    0.00190784   19.9681       0.0311895    0.0507582    0.0891808   

Stress Spherical
0            0            0             0            0            0           
0            0            0             0            0            0           
0            0            0             0            0            0           

Inertia
266.697      -100.079     -99.8869      0.273308     0.108594     0.161019    
-100.079     266.553      -100.031      0.108594     0.242892     0.169568    
-99.8869     -100.031     266.834       0.161019     0.169568     0.263682    

Bond Length
0.62326035    0.00090986112

BB bond length
0.62326035    0.00090986112

Water EE distance
0             0           

PEG EE distance
5.5365165     0.066945476 

BBB P2(x)
0.073999184   0.0076471729

BBB first bond length
0.62341343    0.00090925139

BBB second bond length
0.62339884    0.00086821413

BBB <phi**2>/<phi>**2
1.1171638     0.0032993073

Time = 16000
Temperature
1.0130563     0.0038102921

Pressure
22.999196     0.055319465 

CM Mom
1.1650946e-17  2.3113397e-17 
1.3928016e-16  2.6141236e-17 
-7.9553686e-17 1.1973348e-17 
1.6344201e-16  2.2608846e-17 

CM Pos
10.004152      0.012521615   
10.000151      0.008583691   
10.002108      0.020311797   
17.324224      0.012968087   

Stress
19.9481      -0.00479413  0.000276711   0.0766671    0.0681871    0.0449269   
-0.00479413  19.949       0.0062692     0.0681871    0.0789335    0.0547548   
0.000276711  0.0062692    19.9834       0.0449269    0.0547548    0.0735941   

Stress Spherical
0            0            0             0            0            0           
0            0            0             0            0            0           
0            0            0             0            0            0           

Inertia
266.715      -100.016     -100.025      0.466714     0.136829     0.228461    
-100.016     266.794      -99.9907      0.136829     0.473877     0.217925    
-100.025     -99.9907     266.753       0.228461     0.217925     0.24313     

Bond Length
0.62327243    0.0008611199

BB bond length
0.62327243    0.0008611199

Water EE distance
0             0           

PEG EE distance
5.6946347     0.069168766 

BBB P2(x)
0.070893986   0.0066118471

BBB first bond length
0.6234157     0.00076856145

BBB second bond length
0.62338502    0.00086985477

BBB <phi**2>/<phi>**2
1.1174878     0.0038693607

Time = 17000
Temperature
1.0085327     0.0049553491

Pressure
22.969302     0.075638531 

CM Mom
9.552942e-20   1.5879885e-17 
1.4401592e-16  2.2021005e-17 
-8.1286747e-17 1.2931811e-17 
1.6734014e-16  1.5803029e-17 

CM Pos
10.000069      0.010236867   
10.002485      0.014335142   
10.005942      0.0099478458  
17.325422      0.011212934   

Stress
19.9182      0.0330298    -0.0312777    0.0473955    0.0470059    0.0537527   
0.0330298    19.9592      0.00127098    0.0470059    0.0765967    0.0826091   
-0.0312777   0.00127098   19.9541       0.0537527    0.0826091    0.125738    

Stress Spherical
0            0            0             0            0            0           
0            0            0             0            0            0           
0            0            0             0            0            0           

Inertia
266.821      -100.039     -100.062      0.350091     0.16266      0.202683    
-100.039     266.777      -100.053      0.16266      0.36085      0.188575    
-100.062     -100.053     266.727       0.202683     0.188575     0.303204    

Bond Length
0.62400917    0.00099642775

BB bond length
0.62400917    0.00099642775

Water EE distance
0             0           

PEG EE distance
5.5224742     0.081286818 

BBB P2(x)
0.070280612   0.0052954673

BBB first bond length
0.62405842    0.00098494512

BBB second bond length
0.62418508    0.00093870014

BBB <phi**2>/<phi>**2
1.1163527     0.0015793183

Time = 18000
Temperature
1.0102611     0.0083789364

Pressure
22.961895     0.054158951 

CM Mom
2.8653622e-17  3.6339769e-17 
1.3035747e-16  1.9363148e-17 
-7.7483583e-17 1.5675679e-17 
1.5941814e-16  1.8571498e-17 

CM Pos
9.9957352      0.01408885    
9.9992347      0.015732788   
9.9990249      0.015092017   
17.317055      0.014521277   

Stress
19.9426      -0.0108819   0.00692878    0.0539912    0.0379509    0.028938    
-0.0108819   19.9088      0.00929734    0.0379509    0.0964961    0.0568085   
0.00692878   0.00929734   19.9423       0.028938     0.0568085    0.0772169   

Stress Spherical
0            0            0             0            0            0           
0            0            0             0            0            0           
0            0            0             0            0            0           

Inertia
266.618      -99.9172     -99.9295      0.358519     0.250819     0.234053    
-99.9172     266.562      -99.9869      0.250819     0.431988     0.155508    
-99.9295     -99.9869     266.57        0.234053     0.155508     0.455779    

Bond Length
0.6234783     0.0011850318

BB bond length
0.6234783     0.0011850318

Water EE distance
0             0           

PEG EE distance
5.447828      0.075182969 

BBB P2(x)
0.071640622   0.0067465781

BBB first bond length
0.62356789    0.0011731239

BBB second bond length
0.62360991    0.0011593408

BBB <phi**2>/<phi>**2
1.1176813     0.0030451081

Time = 19000
Temperature
1.0105912     0.0033467483

Pressure
23.007828     0.044959573 

CM Mom
2.4660122e-17  2.565722e-17  
1.3235659e-16  1.9003223e-17 
-1.0755653e-16 1.8946897e-17 
1.753254e-16   1.8281098e-17 

CM Pos
9.9977353      0.015205028   
10.001235      0.0098549076  
10.003275      0.0097859555  
17.321812      0.012836411   

Stress
19.9582      -0.00211481  -0.00356604   0.052096     0.0479415    0.0494705   
-0.00211481  19.9679      -0.00700009   0.0479415    0.0731358    0.0260358   
-0.00356604  -0.00700009  20.0024       0.0494705    0.0260358    0.0524871   

Stress Spherical
0            0            0             0            0            0           
0            0            0             0            0            0           
0            0            0             0            0            0           

Inertia
266.747      -99.9992     -100.002      0.274075     0.26152      0.172044    
-99.9992     266.68       -99.9985      0.26152      0.320817     0.185987    
-100.002     -99.9985     266.635       0.172044     0.185987     0.412967    

Bond Length
0.62334416    0.0013451103

BB bond length
0.62334416    0.0013451103

Water EE distance
0             0           

PEG EE distance
5.4586068     0.058702688 

BBB P2(x)
0.071274113   0.005627962 

BBB first bond length
0.62336594    0.0014021939

BBB second bond length
0.62349257    0.001416314 

BBB <phi**2>/<phi>**2
1.117862      0.0020059948

Time = 20000
Temperature
1.0082142     0.003490384 

Pressure
22.992941     0.045491953 

CM Mom
8.3437893e-19  1.4686602e-17 
1.2043924e-16  2.0743241e-17 
-1.1439746e-16 9.7709883e-18 
1.6740958e-16  1.7566123e-17 

CM Pos
10.001569      0.014211552   
9.9997347      0.014983021   
9.9947747      0.0061358757  
17.318256      0.0089175458  

Stress
19.967       0.0135179    -0.0361041    0.0623207    0.0427051    0.0510434   
0.0135179    19.9991      0.00952062    0.0427051    0.0699948    0.0422723   
-0.0361041   0.00952062   19.9392       0.0510434    0.0422723    0.0895323   

Stress Spherical
0            0            0             0            0            0           
0            0            0             0            0            0           
0            0            0             0            0            0           

Inertia
266.546      -100.036     -99.954       0.344338     0.179534     0.17164     
-100.036     266.59       -99.927       0.179534     0.261462     0.175767    
-99.954      -99.927      266.706       0.17164      0.175767     0.319936    

Bond Length
0.62320424    0.0014384109

BB bond length
0.62320424    0.0014384109

Water EE distance
0             0           

PEG EE distance
5.6172915     0.058374515 

BBB P2(x)
0.069008346   0.0063781055

BBB first bond length
0.62318096    0.0014224007

BBB second bond length
0.62327185    0.0015721156

BBB <phi**2>/<phi>**2
1.116556      0.0024425719

Time = 21000
Temperature
1.0097862     0.0050574294

Pressure
23.000277     0.048561404 

CM Mom
-3.6365945e-18 1.5775066e-17 
1.2358199e-16  7.9678622e-18 
-1.2562697e-16 6.3043612e-18 
1.7710493e-16  7.3345855e-18 

CM Pos
10.003819      0.0085978385  
10.002901      0.013825875   
10.001942      0.009965981   
17.325515      0.012682519   

Stress
19.9611      0.0446794    0.0200985     0.0997303    0.044139     0.0616249   
0.0446794    19.9721      -0.00781026   0.044139     0.0700897    0.0426582   
0.0200985    -0.00781026  19.98         0.0616249    0.0426582    0.0672761   

Stress Spherical
0            0            0             0            0            0           
0            0            0             0            0            0           
0            0            0             0            0            0           

Inertia
266.757      -100.08      -100.051      0.441459     0.100152     0.178097    
-100.08      266.783      -100.049      0.100152     0.304135     0.233887    
-100.051     -100.049     266.808       0.178097     0.233887     0.250064    

Bond Length
0.62344899    0.0010894716

BB bond length
0.62344899    0.0010894716

Water EE distance
0             0           

PEG EE distance
5.4835544     0.041910613 

BBB P2(x)
0.069982442   0.0063048864

BBB first bond length
0.62357372    0.0011818388

BBB second bond length
0.62358405    0.0011594009

BBB <phi**2>/<phi>**2
1.1168504     0.0027617953

Time = 22000
Temperature
1.0068948     0.005423033 

Pressure
23.015002     0.05702102  

CM Mom
-3.7998966e-18 1.8434343e-17 
1.422026e-16   1.4074812e-17 
-1.2501355e-16 1.9685281e-17 
1.909916e-16   1.7664927e-17 

CM Pos
10.001235      0.010488857   
10.001151      0.011310803   
10.002192      0.011632576   
17.323157      0.013914025   

Stress
19.9962      0.0128855    -0.0268323    0.0790416    0.0401419    0.0515049   
0.0128855    19.9959      -0.00145883   0.0401419    0.0788325    0.0524651   
-0.0268323   -0.00145883  19.9912       0.0515049    0.0524651    0.0700071   

Stress Spherical
0            0            0             0            0            0           
0            0            0             0            0            0           
0            0            0             0            0            0           

Inertia
266.719      -100.028     -100.04       0.393532     0.194341     0.184235    
-100.028     266.75       -100.07       0.194341     0.351238     0.237311    
-100.04      -100.07      266.709       0.184235     0.237311     0.38948     

Bond Length
0.62349249    0.00085379699

BB bond length
0.62349249    0.00085379699

Water EE distance
0             0           

PEG EE distance
5.7166424     0.1334747   

BBB P2(x)
0.073848484   0.0074861521

BBB first bond length
0.62348626    0.00084456636

BBB second bond length
0.6235778     0.00081576239

BBB <phi**2>/<phi>**2
1.117474      0.0028796281

Time = 23000
Temperature
1.0081835     0.0051480274

Pressure
23.000836     0.063791398 

CM Mom
2.5792249e-17  1.1368759e-17 
1.4020984e-16  1.3257893e-17 
-1.3121001e-16 1.33881e-17   
1.9469883e-16  1.0804194e-17 

CM Pos
10.004069      0.011280061   
10.001068      0.011473877   
10.003358      0.0092424989  
17.325419      0.011580961   

Stress
19.9758      -0.0170533   0.0304075     0.120662     0.0515062    0.0446234   
-0.0170533   19.9744      0.00985055    0.0515062    0.0970764    0.0446366   
0.0304075    0.00985055   19.979        0.0446234    0.0446366    0.064349    

Stress Spherical
0            0            0             0            0            0           
0            0            0             0            0            0           
0            0            0             0            0            0           

Inertia
266.746      -100.045     -100.059      0.284732     0.171062     0.193031    
-100.045     266.813      -100.059      0.171062     0.308265     0.146446    
-100.059     -100.059     266.782       0.193031     0.146446     0.352596    

Bond Length
0.62389955    0.0010711607

BB bond length
0.62389955    0.0010711607

Water EE distance
0             0           

PEG EE distance
5.7820918     0.032757202 

BBB P2(x)
0.071889205   0.0054049527

BBB first bond length
0.62398721    0.0010366782

BBB second bond length
0.62398923    0.0010845693

BBB <phi**2>/<phi>**2
1.118089      0.0024007124

Time = 24000
Temperature
1.0122328     0.0057264908

Pressure
22.983758     0.033068178 

CM Mom
6.3583734e-18  2.7125598e-17 
1.3100252e-16  2.2501733e-17 
-1.4337809e-16 2.3298632e-17 
1.9763876e-16  2.1982721e-17 

CM Pos
9.9949851      0.0095514305  
10.003568      0.0091806754  
9.9988582      0.011188257   
17.31902       0.010922333   

Stress
19.943       0.00826203   -0.0108886    0.0453565    0.0405948    0.0613765   
0.00826203   19.9649      0.0178893     0.0405948    0.0916938    0.046329    
-0.0108886   0.0178893    19.9337       0.0613765    0.046329     0.0850936   

Stress Spherical
0            0            0             0            0            0           
0            0            0             0            0            0           
0            0            0             0            0            0           

Inertia
266.712      -99.989      -99.9126      0.326012     0.173844     0.120509    
-99.989      266.545      -100.004      0.173844     0.237509     0.17771     
-99.9126     -100.004     266.635       0.120509     0.17771      0.381968    

Bond Length
0.62405852    0.0010394275

BB bond length
0.62405852    0.0010394275

Water EE distance
0             0           

PEG EE distance
5.5856699     0.067993228 

BBB P2(x)
0.069848187   0.0039281905

BBB first bond length
0.62412301    0.0010673389

BBB second bond length
0.62420168    0.0011153983

BBB <phi**2>/<phi>**2
1.1172413     0.0027158061

Time = 25000
Temperature
1.0117515     0.0039896222

Pressure
23.041794     0.047459788 

CM Mom
1.9003878e-17  1.8036756e-17 
1.1002352e-16  2.6434312e-17 
-1.4046075e-16 2.7933028e-17 
1.8290806e-16  2.3335318e-17 

CM Pos
9.9970686      0.011613755   
9.9996513      0.0086143817  
10.001108      0.009711867   
17.319257      0.014091477   

Stress
20.0627      -0.00260986  0.0117864     0.0542941    0.0545794    0.0498437   
-0.00260986  19.9904      -0.0154541    0.0545794    0.0733731    0.0406361   
0.0117864    -0.0154541   19.9669       0.0498437    0.0406361    0.0775854   

Stress Spherical
0            0            0             0            0            0           
0            0            0             0            0            0           
0            0            0             0            0            0           

Inertia
266.683      -99.9356     -100.003      0.309209     0.212604     0.222756    
-99.9356     266.634      -100.021      0.212604     0.367061     0.175448    
-100.003     -100.021     266.614       0.222756     0.175448     0.393679    

Bond Length
0.62320379    0.001077587 

BB bond length
0.62320379    0.001077587 

Water EE distance
0             0           

PEG EE distance
5.5578985     0.05508971  

BBB P2(x)
0.069534737   0.0049160115

BBB first bond length
0.62322512    0.00108362  

BBB second bond length
0.62326176    0.0010461094

BBB <phi**2>/<phi>**2
1.1163744     0.002690291 

Time = 26000
Temperature
1.0132899     0.0057296508

Pressure
22.999554     0.052180436 

CM Mom
-3.3261817e-19 1.1484887e-17 
1.1070183e-16  1.7891054e-17 
-1.2763609e-16 2.0128463e-17 
1.7035705e-16  1.9534637e-17 

CM Pos
9.999652       0.0064358464  
10.000985      0.016526972   
10.002275      0.01293762    
17.3222        0.010647645   

Stress
19.9609      -0.0192645   0.0126001     0.0537888    0.0463364    0.0390884   
-0.0192645   19.975       -0.0139203    0.0463364    0.0606308    0.0386026   
0.0126001    -0.0139203   19.9436       0.0390884    0.0386026    0.0597724   

Stress Spherical
0            0            0             0            0            0           
0            0            0             0            0            0           
0            0            0             0            0            0           

Inertia
266.732      -100.037     -100.03       0.431708     0.128901     0.217638    
-100.037     266.711      -100.031      0.128901     0.302775     0.19194     
-100.03      -100.031     266.684       0.217638     0.19194      0.296566    

Bond Length
0.62350119    0.0009790925

BB bond length
0.62350119    0.0009790925

Water EE distance
0             0           

PEG EE distance
5.4383257     0.050262177 

BBB P2(x)
0.069361014   0.0050534283

BBB first bond length
0.62349956    0.00084997109

BBB second bond length
0.62354616    0.00095716025

BBB <phi**2>/<phi>**2
1.1167507     0.0025413074

Time = 27000
Temperature
1.0100478     0.0040000881

Pressure
22.993129     0.054860552 

CM Mom
5.2315657e-18  2.0640487e-17 
9.8523909e-17  9.4163829e-18 
-1.101948e-16  2.0494725e-17 
1.4998615e-16  1.7779519e-17 

CM Pos
9.9981519      0.011000458   
9.9973179      0.0077467377  
9.9964415      0.019847636   
17.315849      0.014123867   

Stress
19.9646      0.00357083   -0.00854833   0.0670801    0.0502405    0.0517829   
0.00357083   19.9784      0.0141985     0.0502405    0.0942928    0.0441618   
-0.00854833  0.0141985    19.9463       0.0517829    0.0441618    0.0668349   

Stress Spherical
0            0            0             0            0            0           
0            0            0             0            0            0           
0            0            0             0            0            0           

Inertia
266.542      -99.9126     -99.9227      0.351675     0.136317     0.280189    
-99.9126     266.558      -99.9195      0.136317     0.515338     0.206144    
-99.9227     -99.9195     266.584       0.280189     0.206144     0.276826    

Bond Length
0.62344654    0.0012858928

BB bond length
0.62344654    0.0012858928

Water EE distance
0             0           

PEG EE distance
5.4522802     0.10753315  

BBB P2(x)
0.067131806   0.0051061479

BBB first bond length
0.62354846    0.0012942027

BBB second bond length
0.62349029    0.0012586765

BBB <phi**2>/<phi>**2
1.1159033     0.0019107255

Time = 28000
Temperature
1.0095361     0.00407518  

Pressure
22.962183     0.07011028  

CM Mom
1.5016508e-17  1.4045166e-17 
1.0641584e-16  1.6235098e-17 
-7.0600694e-17 2.0344313e-17 
1.3069182e-16  1.8129231e-17 

CM Pos
9.9955685      0.0064901129  
10.001068      0.0074426813  
9.9995249      0.013775551   
17.318296      0.012302236   

Stress
19.9483      -0.014851    0.0193344     0.0652272    0.0405294    0.0703734   
-0.014851    19.9222      -0.00663854   0.0405294    0.0981819    0.0436482   
0.0193344    -0.00663854  19.9306       0.0703734    0.0436482    0.0943036   

Stress Spherical
0            0            0             0            0            0           
