Time = 1000
Temperature
   1.0219905   0.034018966

Pressure
   23.684022     0.1093883

CM Mom
-1.3416255e-16 5.6134525e-17 
2.1545951e-17  3.4415067e-17 
5.4502543e-18  4.602722e-17  
1.4788346e-16  5.5479654e-17 

CM Pos
7.4967825      0.010035362   
7.4898053      0.012890997   
7.5003923      0.018800754   
12.982884      0.012834596   

Stress
20.6329      -0.00502351  0.00850022    0.109957     0.0428417    0.048844    
-0.00502351  20.6052      0.00786771    0.0428417    0.0900333    0.0629797   
0.00850022   0.00786771   20.6206       0.048844     0.0629797    0.149601    

Stress Spherical
0            0            0             0            0            0           
0            0            0             0            0            0           
0            0            0             0            0            0           

Inertia
149.84       -56.1471     -56.2453      0.372703     0.0937386    0.212849    
-56.1471     149.971      -56.187       0.0937386    0.506151     0.157359    
-56.2453     -56.187      149.774       0.212849     0.157359     0.188197    

Bond Length
0.6202378     0.0051383015

BB bond length
0.6202378     0.0051383015

Water EE distance
0             0           

PEG EE distance
2.5980492     0.060257253 

BBB P2(x)
0.50320348    0.028167096 

BBB first bond length
0.61988236    0.0059571721

BBB second bond length
0.62004349    0.0044074013

BBB <phi**2>/<phi>**2
1.2248914     0.013821531 

Time = 2000
Temperature
1.0083986     0.0034627425

Pressure
23.684224     0.065211207 

CM Mom
-1.1450053e-16 2.3254072e-17 
5.3283849e-17  1.1126572e-17 
-8.352865e-18  4.0257e-17    
1.3336072e-16  2.2790475e-17 

CM Pos
7.5046382      0.012912283   
7.5000326      0.017947028   
7.495501       0.013160853   
12.990497      0.016283782   

Stress
20.6663      -0.00795794  0.0319289     0.124144     0.0803222    0.0505524   
-0.00795794  20.6734      -0.0283694    0.0803222    0.0967886    0.0740822   
0.0319289    -0.0283694   20.6418       0.0505524    0.0740822    0.0704434   

Stress Spherical
0            0            0             0            0            0           
0            0            0             0            0            0           
0            0            0             0            0            0           

Inertia
149.924      -56.3157     -56.2619      0.287897     0.182534     0.218278    
-56.3157     149.985      -56.2103      0.182534     0.29532      0.190596    
-56.2619     -56.2103     150.061       0.218278     0.190596     0.372567    

Bond Length
0.61949201    0.0038171941

BB bond length
0.61949201    0.0038171941

Water EE distance
0             0           

PEG EE distance
2.6143238     0.042730074 

BBB P2(x)
0.50079402    0.021859928 

BBB first bond length
0.61907666    0.005160149 

BBB second bond length
0.61990345    0.0045908102

BBB <phi**2>/<phi>**2
1.2182293     0.019210132 

