Time = 1000
Temperature
   1.0494611    0.05977621

Pressure
   23.670584    0.25225197

CM Mom
-4.1737605e-17 1.8366706e-17 
-7.8888599e-18 2.3065952e-17 
-5.142819e-17  9.957769e-17  
9.9632425e-17  7.2853214e-17 

CM Pos
7.4992294      0.011598659   
7.5053174      0.015107752   
7.4969842      0.015096109   
12.991281      0.014890507   

Stress
20.5445      -0.0116404   -0.044509     0.0975973    0.0691676    0.0860559   
-0.0116404   20.4945      -0.0205044    0.0691676    0.166086     0.0881509   
-0.044509    -0.0205044   20.5342       0.0860559    0.0881509    0.097294    

Stress Spherical
0            0            0             0            0            0           
0            0            0             0            0            0           
0            0            0             0            0            0           

Inertia
150.054      -56.2378     -56.2228      0.739781     0.167201     0.188953    
-56.2378     149.958      -56.2416      0.167201     0.611907     0.207269    
-56.2228     -56.2416     150.069       0.188953     0.207269     0.699492    

Bond Length
0.61875324    0.0047917776

BB bond length
0.61875324    0.0047917776

Water EE distance
0             0           

PEG EE distance
6.9499561     0.21196944  

BBB P2(x)
0.47993341    0.05880572  

BBB first bond length
0.61827564    0.0049796204

BBB second bond length
0.6186914     0.0049802318

BBB <phi**2>/<phi>**2
1.2142786     0.01307392  

Time = 2000
Temperature
1.0113313     0.0029063899

Pressure
23.521474     0.097503785 

CM Mom
-6.2550446e-17 1.6122895e-17 
-5.8081518e-18 1.731394e-17  
7.8307043e-18  3.7157978e-17 
7.4272971e-17  2.0774364e-17 

CM Pos
7.4993777      0.019542112   
7.5045761      0.010711045   
7.4953535      0.014910802   
12.990002      0.015157705   

Stress
20.4854      0.0561917    -0.0421811    0.117875     0.0419851    0.0779279   
0.0561917    20.4655      0.0129425     0.0419851    0.101953     0.0887392   
-0.0421811   0.0129425    20.5178       0.0779279    0.0887392    0.14649     

Stress Spherical
0            0            0             0            0            0           
0            0            0             0            0            0           
0            0            0             0            0            0           

Inertia
149.922      -56.278      -56.1913      0.227674     0.194252     0.207779    
-56.278      149.852      -56.2423      0.194252     0.511179     0.142043    
-56.1913     -56.2423     149.981       0.207779     0.142043     0.487456    

Bond Length
0.61824611    0.0028620273

BB bond length
0.61824611    0.0028620273

Water EE distance
0             0           

PEG EE distance
7.6108795     0.37988752  

BBB P2(x)
0.51918336    0.018042203 

BBB first bond length
0.61796689    0.0032460778

BBB second bond length
0.61842734    0.0030605017

BBB <phi**2>/<phi>**2
1.220127      0.011175179 

