Time = 1000
Temperature
   1.0462885   0.061963647

Pressure
   23.687044    0.26490205

CM Mom
-4.4988282e-19 2.2436255e-17 
1.3209136e-17  1.8508143e-17 
-8.0974245e-17 1.1074002e-16 
1.0754424e-16  9.0967229e-17 

CM Pos
7.5025386      0.019743513   
7.4974495      0.036302039   
7.4967902      0.032978355   
12.988622      0.013687506   

Stress
20.5405      -0.0299834   -0.0105403    0.14909      0.0624481    0.0597211   
-0.0299834   20.536       0.035771      0.0624481    0.121685     0.0595362   
-0.0105403   0.035771     20.5746       0.0597211    0.0595362    0.165787    

Stress Spherical
0            0            0             0            0            0           
0            0            0             0            0            0           
0            0            0             0            0            0           

Inertia
149.941      -56.2278     -56.2495      0.771525     0.412636     0.189632    
-56.2278     150.003      -56.1844      0.412636     0.913688     0.151968    
-56.2495     -56.1844     150.025       0.189632     0.151968     0.17253     

Bond Length
0.61785479    0.0037176239

BB bond length
0.61785479    0.0037176239

Water EE distance
0             0           

PEG EE distance
6.0306706     0.12894302  

BBB P2(x)
0.4834953     0.054019346 

BBB first bond length
0.61767752    0.0038778935

BBB second bond length
0.61805295    0.0036075127

BBB <phi**2>/<phi>**2
1.2214154     0.0095078042

Time = 2000
Temperature
1.0092777     0.0083065505

Pressure
23.481846     0.089996901 

CM Mom
1.0359649e-18  1.5011499e-17 
3.4732051e-17  1.8572489e-17 
-3.1849235e-17 2.6235033e-17 
5.6912436e-17  1.5533719e-17 

CM Pos
7.5038729      0.014979185   
7.4904817      0.026906573   
7.5012378      0.021880911   
12.987888      0.013429275   

Stress
20.4462      0.0128903    -0.00777979   0.122621     0.0771903    0.0373645   
0.0128903    20.4798      -0.0219986    0.0771903    0.0959112    0.0584524   
-0.00777979  -0.0219986   20.4423       0.0373645    0.0584524    0.104649    

Stress Spherical
0            0            0             0            0            0           
0            0            0             0            0            0           
0            0            0             0            0            0           

Inertia
149.775      -56.2295     -56.3126      0.333359     0.292735     0.222968    
-56.2295     149.976      -56.231       0.292735     0.530234     0.145761    
-56.3126     -56.231      149.834       0.222968     0.145761     0.283953    

Bond Length
0.6190423     0.001687884 

BB bond length
0.6190423     0.001687884 

Water EE distance
0             0           

PEG EE distance
6.2193174     0.33789471  

BBB P2(x)
0.51424445    0.0093936478

BBB first bond length
0.61908531    0.0018826933

BBB second bond length
0.61921222    0.0018597194

BBB <phi**2>/<phi>**2
1.2259435     0.012540167 

