Time = 1000
Temperature
   1.0310925   0.039627078

Pressure
   23.499442    0.18689365

CM Mom
1.0538565e-17  2.1786398e-17 
-1.433837e-19  1.5686656e-17 
4.4857441e-17  5.9743888e-17 
7.3781101e-17  3.1139547e-17 

CM Pos
7.499209       0.037786157   
7.5012173      0.0097562688  
7.5015065      0.013115545   
12.99155       0.018132822   

Stress
20.3941      0.0355512    -0.00360573   0.105179     0.0492954    0.0568511   
0.0355512    20.3986      0.0297441     0.0492954    0.165598     0.0447565   
-0.00360573  0.0297441    20.4267       0.0568511    0.0447565    0.113401    

Stress Spherical
0            0            0             0            0            0           
0            0            0             0            0            0           
0            0            0             0            0            0           

Inertia
150.001      -56.272      -56.273       0.574934     0.312411     0.208965    
-56.272      149.983      -56.2819      0.312411     0.295987     0.0941417   
-56.273      -56.2819     149.983       0.208965     0.0941417    0.361542    

Bond Length
0.56974249    0.0042804468

BB bond length
0.56974249    0.0042804468

Water EE distance
0             0           

PEG EE distance
2.1934977     0.12955041  

Time = 2000
Temperature
1.0115699     0.0056030762

Pressure
23.423793     0.12622319  

CM Mom
2.9200379e-17  3.1141534e-17 
-4.6329659e-18 1.0100941e-17 
6.000279e-17   1.8729499e-17 
7.3694984e-17  2.1590019e-17 

CM Pos
7.5118029      0.019541767   
7.5013654      0.0070451364  
7.5000249      0.010700595   
12.998015      0.013329609   

Stress
20.3816      -0.0274294   -0.00191065   0.162841     0.0643459    0.0499289   
-0.0274294   20.4416      0.0110743     0.0643459    0.134554     0.061549    
-0.00191065  0.0110743    20.345        0.0499289    0.061549     0.115053    

Stress Spherical
0            0            0             0            0            0           
0            0            0             0            0            0           
0            0            0             0            0            0           

Inertia
149.917      -56.3694     -56.363       0.243374     0.185799     0.169193    
-56.3694     150.11       -56.2766      0.185799     0.212558     0.107804    
-56.363      -56.2766     150.128       0.169193     0.107804     0.275378    

Bond Length
0.57002967    0.0043578419

BB bond length
0.57002967    0.0043578419

Water EE distance
0             0           

PEG EE distance
2.3285651     0.09452865  

Time = 3000
Temperature
1.0083036     0.0087212562

Pressure
23.446948     0.091918155 

CM Mom
6.4279764e-17  9.8029176e-18 
-2.572353e-17  1.9224921e-17 
4.4281712e-17  1.3878504e-17 
8.5329157e-17  1.147609e-17  

CM Pos
7.5027649      0.016579011   
7.4979577      0.0078119872  
7.4949873      0.01098405    
12.987914      0.015114509   

Stress
20.4262      0.0106756    -0.0124851    0.0871248    0.0495207    0.0671357   
0.0106756    20.4072      -0.0248771    0.0495207    0.130118     0.0503363   
-0.0124851   -0.0248771   20.4337       0.0671357    0.0503363    0.0994691   

Stress Spherical
0            0            0             0            0            0           
0            0            0             0            0            0           
0            0            0             0            0            0           

Inertia
149.851      -56.2707     -56.2445      0.22052      0.157595     0.19121     
-56.2707     149.945      -56.1733      0.157595     0.350288     0.123657    
-56.2445     -56.1733     149.984       0.19121      0.123657     0.297008    

Bond Length
0.56917432    0.0031315906

BB bond length
0.56917432    0.0031315906

Water EE distance
0             0           

PEG EE distance
2.2449638     0.083176735 

