Time = 1000
Temperature
   1.1752591    0.27386187

Pressure
   23.887651     1.1845103

CM Mom
3.7079067e-17  3.652544e-17  
-2.3734544e-17 3.4793776e-17 
-4.4193063e-17 2.8540394e-16 
1.8062968e-16  2.3508351e-16 

CM Pos
7.5027737      0.037221921   
7.5030783      0.026817116   
7.4958087      0.018411895   
12.991411      0.0250561     

Stress
20.3517      0.00795367   0.00603193    0.382204     0.0640948    0.0511093   
0.00795367   20.3392      -0.00845846   0.0640948    0.431601     0.0763449   
0.00603193   -0.00845846  20.4073       0.0511093    0.0763449    0.365379    

Stress Spherical
0            0            0             0            0            0           
0            0            0             0            0            0           
0            0            0             0            0            0           

Inertia
150.165      -56.2679     -56.2298      1.57922      0.389055     0.188501    
-56.2679     150.159      -56.2569      0.389055     1.70899      0.226226    
-56.2298     -56.2569     150.247       0.188501     0.226226     2.14622     

Bond Length
0.61914806    0.0097179234

BB bond length
0.61914806    0.0097179234

Water EE distance
0             0           

PEG EE distance
7.1191851     0.13134981  

BBB P2(x)
0.47594889    0.064779828 

BBB first bond length
0.61920307    0.0098278406

BBB second bond length
0.61922556    0.0097204411

BBB <phi**2>/<phi>**2
1.2217458     0.013484248 

Time = 2000
Temperature
1.0130208     0.0074750708

Pressure
23.038709     0.069673116 

CM Mom
1.607013e-17   3.7120028e-17 
-3.9158882e-17 1.5903714e-17 
3.5323656e-17  1.7761989e-17 
6.7532892e-17  2.0616719e-17 

CM Pos
7.4993623      0.017692876   
7.4913608      0.018855234   
7.496847       0.01256471    
12.983228      0.016246912   

Stress
19.9781      0.00447584   -0.0158221    0.0989707    0.0721947    0.0481593   
0.00447584   20.0008      -0.00160303   0.0721947    0.102335     0.0767957   
-0.0158221   -0.00160303  20.0309       0.0481593    0.0767957    0.0788185   

Stress Spherical
0            0            0             0            0            0           
0            0            0             0            0            0           
0            0            0             0            0            0           

Inertia
149.709      -56.1737     -56.2508      0.566325     0.183205     0.145278    
-56.1737     149.82       -56.1902      0.183205     0.396781     0.163624    
-56.2508     -56.1902     149.75        0.145278     0.163624     0.590195    

Bond Length
0.61754077    0.0010813519

BB bond length
0.61754077    0.0010813519

Water EE distance
0             0           

PEG EE distance
7.1085322     0.088584987 

BBB P2(x)
0.51047933    0.0053066442

BBB first bond length
0.61747955    0.0011770377

BBB second bond length
0.61752423    0.0012610923

BBB <phi**2>/<phi>**2
1.2261169     0.0046096816

