Time = 1000
Temperature
   1.0678601    0.17441183

Pressure
   23.928517    0.60069119

CM Mom
-1.8027362e-17 2.3269841e-17 
1.8094187e-17  2.1081156e-17 
-7.3734658e-18 2.413045e-17  
4.2680084e-17  2.1291855e-17 

CM Pos
7.4997481      0.024009796   
7.4983383      0.025826583   
7.5010158      0.02190307    
12.989879      0.03604019    

Stress
20.7118      -0.0145964   0.00819302    0.120448     0.0687311    0.0767586   
-0.0145964   20.7345      0.00640477    0.0687311    0.131344     0.0702312   
0.00819302   0.00640477   20.7295       0.0767586    0.0702312    0.15216     

Stress Spherical
0            0            0             0            0            0           
0            0            0             0            0            0           
0            0            0             0            0            0           

Inertia
149.99       -56.2389     -56.2578      0.731465     0.341165     0.329138    
-56.2389     150.017      -56.2427      0.341165     0.716359     0.32154     
-56.2578     -56.2427     149.969       0.329138     0.32154      0.752095    

Bond Length
0.57212526    0.031651038 

BB bond length
0.57212526    0.031651038 

Water EE distance
0             0           

PEG EE distance
2.6395258     0.64769966  

Time = 2000
Temperature
1.0111336     0.006906436 

Pressure
23.743386     0.097334094 

CM Mom
-3.0196197e-17 1.6961528e-17 
3.322394e-17   1.9923317e-17 
-3.4951025e-17 1.8956959e-17 
6.3453354e-17  1.5965113e-17 

CM Pos
7.5012149      0.014291151   
7.4993458      0.017065696   
7.5024826      0.015345623   
12.992152      0.019342303   

Stress
20.6978      -0.00921299  -0.00126813   0.136451     0.061293     0.0693873   
-0.00921299  20.7195      -0.00347712   0.061293     0.118671     0.0795034   
-0.00126813  -0.00347712  20.7135       0.0693873    0.0795034    0.11349     

Stress Spherical
0            0            0             0            0            0           
0            0            0             0            0            0           
0            0            0             0            0            0           

Inertia
150.026      -56.2566     -56.2788      0.424172     0.2096       0.179717    
-56.2566     150.054      -56.2739      0.2096       0.376995     0.208775    
-56.2788     -56.2739     150.004       0.179717     0.208775     0.422323    

Bond Length
0.57219613    0.024915218 

BB bond length
0.57219613    0.024915218 

Water EE distance
0             0           

PEG EE distance
2.1569823     0.63220022  

Time = 3000
Temperature
1.0079711     0.0085689932

Pressure
23.727086     0.091497351 

CM Mom
-4.8335873e-17 2.0972231e-17 
8.6431381e-18  2.3213359e-17 
-3.2605413e-17 2.0900811e-17 
6.7091204e-17  1.970995e-17  

CM Pos
7.4991702      0.01142752    
7.4999829      0.01215372    
7.5009565      0.014276774   
12.990456      0.013466699   

Stress
20.6923      -0.00214636  -0.00770371   0.11532      0.0680537    0.0624545   
-0.00214636  20.7073      0.00194575    0.0680537    0.117488     0.075335    
-0.00770371  0.00194575   20.7108       0.0624545    0.075335     0.113814    

Stress Spherical
0            0            0             0            0            0           
0            0            0             0            0            0           
0            0            0             0            0            0           

Inertia
150.014      -56.2412     -56.2499      0.296683     0.155977     0.159234    
-56.2412     149.995      -56.2594      0.155977     0.288415     0.158817    
-56.2499     -56.2594     149.977       0.159234     0.158817     0.251819    

Bond Length
0.56797216    0.023478727 

BB bond length
0.56797216    0.023478727 

Water EE distance
0             0           

PEG EE distance
1.8318707     0.55176838  

