Time = 500
Temperature
    1.034276   0.047716275

Pressure
   22.900087    0.17826438

CM Mom
-1.8730622e-17 2.655391e-17  
-5.5974202e-17 2.22488e-17   
-3.2774197e-17 4.5679713e-17 
8.4129266e-17  2.7696884e-17 

CM Pos
7.467052       0.016954785   
7.5034271      0.0081248402  
7.5183165      0.029092525   
12.983994      0.021711063   

Stress
19.7688      -0.00290492  -0.00994188   0.134131     0.08533      0.0451822   
-0.00290492  19.8159      0.0165304     0.08533      0.118712     0.0227451   
-0.00994188  0.0165304    19.819        0.0451822    0.0227451    0.0568839   

Stress Spherical
0            0            0             0            0            0           
0            0            0             0            0            0           
0            0            0             0            0            0           

Inertia
149.987      -56.0495     -56.1863      0.261276     0.145463     0.380765    
-56.0495     149.459      -56.3732      0.145463     0.586335     0.181581    
-56.1863     -56.3732     149.21        0.380765     0.181581     0.25497     

Bond Length
0.61950273    0.0034746579

BB bond length
0.61950273    0.0034746579

Water EE distance
0             0           

PEG EE distance
3.4023622     0.2339074   

Time = 1000
Temperature
1.0131314     0.008536857 

Pressure
22.827116     0.069273488 

CM Mom
-1.1899325e-17 1.5923332e-17 
-3.2966883e-17 1.3467662e-17 
-3.8806203e-17 2.4454281e-17 
5.9652928e-17  1.4449953e-17 

CM Pos
7.4884127      0.0067912519  
7.5001637      0.0069196423  
7.5245468      0.01743594    
12.997997      0.0076380444  

Stress
19.7957      -0.0932656   0.00731693    0.116653     0.0651869    0.0865663   
-0.0932656   19.8047      0.00366455    0.0651869    0.10075      0.10099     
0.00731693   0.00366455   19.7745       0.0865663    0.10099      0.0794835   

Stress Spherical
0            0            0             0            0            0           
0            0            0             0            0            0           
0            0            0             0            0            0           

Inertia
150.063      -56.1361     -56.3071      0.20054      0.136372     0.159727    
-56.1361     149.937      -56.4025      0.136372     0.228993     0.104542    
-56.3071     -56.4025     149.534       0.159727     0.104542     0.214661    

Bond Length
0.61600952    0.0059477318

BB bond length
0.61600952    0.0059477318

Water EE distance
0             0           

PEG EE distance
3.6046584     0.30168525  

