Time = 1000
Temperature
   1.0545837   0.069938098

Pressure
   23.566958    0.35145369

CM Mom
3.8409037e-18  2.8490089e-17 
1.2314477e-17  1.9822806e-17 
-6.7996491e-18 1.3702222e-16 
1.1568181e-16  8.2523153e-17 

CM Pos
7.5005649      0.028178014   
7.5003459      0.0089253689  
7.4990415      0.034350756   
12.990427      0.011535539   

Stress
20.4758      -0.0107207   0.00771637    0.211773     0.0922239    0.0782372   
-0.0107207   20.3653      -0.0466729    0.0922239    0.178718     0.0682119   
0.00771637   -0.0466729   20.3863       0.0782372    0.0682119    0.159264    

Stress Spherical
0            0            0             0            0            0           
0            0            0             0            0            0           
0            0            0             0            0            0           

Inertia
150.041      -56.2847     -56.2279      1.50221      0.212919     0.134922    
-56.2847     150.046      -56.2456      0.212919     1.05619      0.311534    
-56.2279     -56.2456     150.081       0.134922     0.311534     0.655614    

Bond Length
0.61898814    0.0051809585

BB bond length
0.61898814    0.0051809585

Water EE distance
0             0           

PEG EE distance
6.6739486     0.24050897  

BBB P2(x)
0.47468279    0.0514897   

BBB first bond length
0.61876514    0.0054661312

BBB second bond length
0.61878911    0.0050745485

BBB <phi**2>/<phi>**2
1.2171119     0.014386067 

Time = 2000
Temperature
1.007395      0.0066414005

Pressure
23.337354     0.072171697 

CM Mom
2.1035779e-17  1.2705055e-17 
1.6276533e-17  1.3843831e-17 
-3.4638167e-18 3.06117e-17   
4.272563e-17   1.3568136e-17 

CM Pos
7.5001196      0.0109313     
7.5000491      0.010304703   
7.4968151      0.014630384   
12.988651      0.011979917   

Stress
20.3379      -0.00389298  -0.0323475    0.0674694    0.0562025    0.0604265   
-0.00389298  20.3358      0.00541062    0.0562025    0.0936788    0.0735385   
-0.0323475   0.00541062   20.2888       0.0604265    0.0735385    0.12102     

Stress Spherical
0            0            0             0            0            0           
0            0            0             0            0            0           
0            0            0             0            0            0           

Inertia
149.84       -56.2645     -56.2113      0.304404     0.158984     0.120397    
-56.2645     149.845      -56.2083      0.158984     0.256765     0.139845    
-56.2113     -56.2083     149.905       0.120397     0.139845     0.293674    

Bond Length
0.62003871    0.0026150519

BB bond length
0.62003871    0.0026150519

Water EE distance
0             0           

PEG EE distance
7.1829021     0.18370552  

BBB P2(x)
0.52126448    0.011176059 

BBB first bond length
0.61978849    0.0025061768

BBB second bond length
0.6199321     0.0024325908

BBB <phi**2>/<phi>**2
1.2329619     0.013498899 

Time = 3000
Temperature
1.0119377     0.0065344125

Pressure
23.374686     0.083259051 

CM Mom
1.082017e-17   1.250225e-17  
5.1038291e-17  2.5542983e-17 
2.1430512e-17  7.8051331e-18 
5.9949603e-17  2.137675e-17  

CM Pos
7.5019008      0.019749116   
7.4924793      0.011638961   
7.4942918      0.010936337   
12.983858      0.016135039   

Stress
20.3604      0.0137807    -0.00806691   0.114124     0.0621245    0.0529728   
0.0137807    20.3636      -0.014371     0.0621245    0.149041     0.0563664   
-0.00806691  -0.014371    20.3096       0.0529728    0.0563664    0.0619514   

Stress Spherical
0            0            0             0            0            0           
0            0            0             0            0            0           
0            0            0             0            0            0           

Inertia
149.731      -56.1919     -56.2059      0.241613     0.172154     0.212614    
-56.1919     149.877      -56.1796      0.172154     0.306447     0.116167    
-56.2059     -56.1796     149.859       0.212614     0.116167     0.314784    

Bond Length
0.62008404    0.003155328 

BB bond length
0.62008404    0.003155328 

Water EE distance
0             0           

PEG EE distance
6.704135      0.36183069  

BBB P2(x)
0.51420104    0.012120613 

BBB first bond length
0.620062      0.0031590585

BBB second bond length
0.6199772     0.0031080269

BBB <phi**2>/<phi>**2
1.2224885     0.011073489 

Time = 4000
Temperature
1.0099725     0.0070927282

Pressure
23.383272     0.078172393 

CM Mom
2.0452434e-17  6.7270828e-18 
8.7316086e-17  1.9788165e-17 
2.8365698e-17  1.8807712e-17 
9.6555349e-17  1.7737911e-17 

CM Pos
7.5053146      0.01638687    
7.5053924      0.020233992   
7.4916201      0.012906295   
12.991756      0.01265313    

Stress
20.3353      -0.0180524   0.0295928     0.0776045    0.0551129    0.0613705   
-0.0180524   20.359       -0.0395327    0.0551129    0.115465     0.035666    
0.0295928    -0.0395327   20.3828       0.0613705    0.035666     0.0853412   

Stress Spherical
0            0            0             0            0            0           
0            0            0             0            0            0           
0            0            0             0            0            0           

Inertia
149.9        -56.3295     -56.211       0.227408     0.232804     0.168523    
-56.3295     149.903      -56.2535      0.232804     0.270879     0.184053    
-56.211      -56.2535     150.124       0.168523     0.184053     0.41372     

Bond Length
0.62030847    0.0035331046

BB bond length
0.62030847    0.0035331046

Water EE distance
0             0           

PEG EE distance
7.0894456     0.16428032  

BBB P2(x)
0.49948086    0.017248664 

BBB first bond length
0.62029763    0.0038837923

BBB second bond length
0.62003937    0.0035385679

BBB <phi**2>/<phi>**2
1.2186937     0.0099353686

Time = 5000
Temperature
1.00358       0.0088726404

Pressure
23.363181     0.035557177 

CM Mom
2.7971584e-17  1.3776384e-17 
5.0768452e-17  2.241682e-17  
1.4810755e-17  2.0613967e-17 
6.5365387e-17  2.05866e-17   

CM Pos
7.4998228      0.022673845   
7.5012365      0.01172101    
7.4947371      0.013751714   
12.987978      0.015202983   

Stress
20.3613      -0.0195787   0.0303442     0.0786367    0.0677738    0.0821786   
-0.0195787   20.3646      0.0221306     0.0677738    0.0910418    0.0580781   
0.0303442    0.0221306    20.3484       0.0821786    0.0580781    0.117532    

Stress Spherical
0            0            0             0            0            0           
0            0            0             0            0            0           
0            0            0             0            0            0           

Inertia
149.896      -56.2474     -56.2257      0.274082     0.136194     0.18777     
-56.2474     149.873      -56.2247      0.136194     0.468373     0.142352    
-56.2257     -56.2247     149.979       0.18777      0.142352     0.357083    

Bond Length
0.61781712    0.0026641636

BB bond length
0.61781712    0.0026641636

Water EE distance
0             0           

PEG EE distance
7.27132       0.11153213  

BBB P2(x)
0.52307995    0.0138038   

BBB first bond length
0.6182317     0.0025290204

BBB second bond length
0.6175676     0.002647666 

BBB <phi**2>/<phi>**2
1.2248417     0.0091714305

Time = 6000
Temperature
1.0121631     0.0071418067

Pressure
23.445938     0.060553546 

CM Mom
1.4737425e-18  1.8915996e-17 
8.4959636e-17  4.0092305e-17 
3.8117227e-17  2.2982706e-17 
1.0017327e-16  3.3644669e-17 

CM Pos
7.5045724      0.013229139   
7.5043534      0.011714429   
7.4904327      0.02066545    
12.990035      0.015855395   

Stress
20.4001      -0.0105723   0.000508373   0.0690381    0.0550443    0.0652066   
-0.0105723   20.4271      0.00250888    0.0550443    0.0750973    0.077602    
0.000508373  0.00250888   20.4182       0.0652066    0.077602     0.0980203   

Stress Spherical
0            0            0             0            0            0           
0            0            0             0            0            0           
0            0            0             0            0            0           

Inertia
149.889      -56.2737     -56.2171      0.377003     0.178814     0.181538    
-56.2737     149.892      -56.2222      0.178814     0.249011     0.183019    
-56.2171     -56.2222     150.107       0.181538     0.183019     0.369013    

Bond Length
0.61949473    0.0037523813

BB bond length
0.61949473    0.0037523813

Water EE distance
0             0           

PEG EE distance
7.4710114     0.095125042 

BBB P2(x)
0.51423617    0.019086399 

BBB first bond length
0.61951673    0.003906445 

BBB second bond length
0.61963696    0.003749742 

BBB <phi**2>/<phi>**2
1.2237856     0.012266273 

Time = 7000
Temperature
1.0064705     0.0050209375

Pressure
23.345131     0.043552548 

CM Mom
-1.4260642e-17 1.8198575e-17 
5.2913289e-17  2.9622535e-17 
3.5182787e-17  1.3130335e-17 
6.8557913e-17  3.0362997e-17 

CM Pos
7.5016039      0.011596294   
7.4976742      0.016112329   
7.4935497      0.017260944   
12.986256      0.017982421   

Stress
20.3303      -0.016492    0.0128877     0.117907     0.0722258    0.0687305   
-0.016492    20.3437      -0.0193852    0.0722258    0.131033     0.0608563   
0.0128877    -0.0193852   20.3202       0.0687305    0.0608563    0.105352    

Stress Spherical
0            0            0             0            0            0           
0            0            0             0            0            0           
0            0            0             0            0            0           

Inertia
149.857      -56.2682     -56.2146      0.45353      0.164065     0.181582    
-56.2682     149.915      -56.1806      0.164065     0.303012     0.210754    
-56.2146     -56.1806     149.994       0.181582     0.210754     0.264983    

Bond Length
0.61968629    0.0033717282

BB bond length
0.61968629    0.0033717282

Water EE distance
0             0           

PEG EE distance
7.264786      0.12372099  

BBB P2(x)
0.51093403    0.012877663 

BBB first bond length
0.61966614    0.0032866825

BBB second bond length
0.61970369    0.0033366316

BBB <phi**2>/<phi>**2
1.2248388     0.015110435 

Time = 8000
Temperature
1.0087874     0.0067203862

Pressure
23.37809      0.051424181 

CM Mom
-7.7372855e-18 1.7192771e-17 
3.6724367e-17  1.547791e-17  
9.0720579e-18  1.0218285e-17 
4.4674662e-17  1.1601376e-17 

CM Pos
7.4941826      0.0090089002  
7.5015333      0.014708477   
7.4925107      0.0061359667  
12.983595      0.009199594   

Stress
20.3738      -0.00813359  0.0194303     0.0968362    0.0638241    0.0671948   
-0.00813359  20.3284      0.0118617     0.0638241    0.0722993    0.0775732   
0.0194303    0.0118617    20.3701       0.0671948    0.0775732    0.0729384   

Stress Spherical
0            0            0             0            0            0           
0            0            0             0            0            0           
0            0            0             0            0            0           

Inertia
149.894      -56.2216     -56.1469      0.248297     0.117198     0.116152    
-56.2216     149.796      -56.1658      0.117198     0.157662     0.106467    
-56.1469     -56.1658     149.936       0.116152     0.106467     0.234038    

Bond Length
0.61846157    0.0025685727

BB bond length
0.61846157    0.0025685727

Water EE distance
0             0           

PEG EE distance
7.2401566     0.039102738 

BBB P2(x)
0.52092183    0.014225524 

BBB first bond length
0.61853286    0.0026768217

BBB second bond length
0.6182267     0.0024011609

BBB <phi**2>/<phi>**2
1.2308419     0.0083370866

Time = 9000
Temperature
1.009779      0.0057793914

Pressure
23.380963     0.10285835  

CM Mom
-1.0199199e-17 2.3478166e-17 
2.8334526e-17  1.2974974e-17 
4.7729785e-18  1.8342578e-17 
4.2226332e-17  1.4234173e-17 

CM Pos
7.4996744      0.010609134   
7.4988617      0.0094760873  
7.4975572      0.016635049   
12.988135      0.015536838   

Stress
20.3407      0.0292319    -0.0491122    0.147096     0.079417     0.0683285   
0.0292319    20.3487      -0.0409535    0.079417     0.0831367    0.0868025   
-0.0491122   -0.0409535   20.3825       0.0683285    0.0868025    0.13359     

Stress Spherical
0            0            0             0            0            0           
0            0            0             0            0            0           
0            0            0             0            0            0           

Inertia
149.931      -56.234      -56.2433      0.300937     0.138014     0.200606    
-56.234      149.942      -56.2461      0.138014     0.352622     0.165118    
-56.2433     -56.2461     149.966       0.200606     0.165118     0.276028    

Bond Length
0.62022453    0.0017957965

BB bond length
0.62022453    0.0017957965

Water EE distance
0             0           

PEG EE distance
7.8222348     0.2209922   

BBB P2(x)
0.52648945    0.017327163 

BBB first bond length
0.61989929    0.0019130524

BBB second bond length
0.61980246    0.0016957385

BBB <phi**2>/<phi>**2
1.2311425     0.014229534 

Time = 10000
Temperature
1.0110793     0.0066138562

Pressure
23.389239     0.087679337 

CM Mom
-1.3427508e-17 1.5367435e-17 
1.7256327e-17  2.1505672e-17 
-2.5476987e-17 2.1569491e-17 
4.3869128e-17  1.9145501e-17 

CM Pos
7.494331       0.011952726   
7.4967837      0.0089253689  
7.4981509      0.0093178386  
12.984189      0.012994288   

Stress
20.3378      -0.016852    0.00726779    0.0997404    0.0580102    0.063302    
-0.016852    20.3918      -0.0180716    0.0580102    0.146605     0.0703719   
0.00726779   -0.0180716   20.3555       0.063302     0.0703719    0.0794871   

Stress Spherical
0            0            0             0            0            0           
0            0            0             0            0            0           
0            0            0             0            0            0           

Inertia
149.913      -56.1655     -56.1763      0.218002     0.136855     0.140445    
-56.1655     149.884      -56.2153      0.136855     0.247203     0.145955    
-56.1763     -56.2153     149.878       0.140445     0.145955     0.221452    

Bond Length
0.62135982    0.0020884343

BB bond length
0.62135982    0.0020884343

Water EE distance
0             0           

PEG EE distance
7.6086455     0.24754638  

BBB P2(x)
0.51543709    0.017301323 

BBB first bond length
0.62121243    0.0021323797

BBB second bond length
0.6212742     0.0018731331

BBB <phi**2>/<phi>**2
1.2251719     0.012354472 

Time = 11000
Temperature
1.0110051     0.0091254119

Pressure
23.362045     0.088559948 

CM Mom
-2.5603873e-17 1.3851691e-17 
5.2308796e-18  1.6241951e-17 
-1.0382662e-17 1.8755321e-17 
3.8313877e-17  1.1410491e-17 

CM Pos
7.4995259      0.011400869   
7.4887686      0.01878873    
7.4968151      0.014795095   
12.981809      0.010778149   

Stress
20.3202      0.0152404    -0.0666639    0.114331     0.0947316    0.0822458   
0.0152404    20.4006      -0.00762401   0.0947316    0.0983908    0.0648588   
-0.0666639   -0.00762401  20.2834       0.0822458    0.0648588    0.129177    

Stress Spherical
0            0            0             0            0            0           
0            0            0             0            0            0           
0            0            0             0            0            0           

Inertia
149.788      -56.1356     -56.2108      0.33315      0.12555      0.166355    
-56.1356     149.957      -56.1667      0.12555      0.304535     0.135104    
-56.2108     -56.1667     149.843       0.166355     0.135104     0.241749    

Bond Length
0.62001506    0.0039266838

BB bond length
0.62001506    0.0039266838

Water EE distance
0             0           

PEG EE distance
7.8734685     0.19064491  

BBB P2(x)
0.52221857    0.0094121568

BBB first bond length
0.61997489    0.003917694 

BBB second bond length
0.61995666    0.0040298131

BBB <phi**2>/<phi>**2
1.2234851     0.0095841692

Time = 12000
Temperature
1.0031987     0.0058806998

Pressure
23.386221     0.10832513  

CM Mom
-5.6282078e-17 2.3089049e-17 
2.1095721e-17  1.5165005e-17 
-6.2344307e-19 1.3645992e-17 
6.3557526e-17  2.2865388e-17 

CM Pos
7.494331       0.0091556524  
7.5046503      0.013183264   
7.5023069      0.010871684   
12.991136      0.012338762   

Stress
20.3755      0.0460799    0.029899      0.130257     0.0728494    0.0537513   
0.0460799    20.3982      -0.0245666    0.0728494    0.160749     0.0896808   
0.029899     -0.0245666   20.3731       0.0537513    0.0896808    0.0808427   

Stress Spherical
0            0            0             0            0            0           
0            0            0             0            0            0           
0            0            0             0            0            0           

Inertia
150.081      -56.2239     -56.2221      0.374549     0.121923     0.196408    
-56.2239     149.928      -56.2775      0.121923     0.266072     0.19775     
-56.2221     -56.2775     149.998       0.196408     0.19775      0.199212    

Bond Length
0.61909052    0.0024931451

BB bond length
0.61909052    0.0024931451

Water EE distance
0             0           

PEG EE distance
7.4348433     0.14739068  

BBB P2(x)
0.51624969    0.011776402 

BBB first bond length
0.61907609    0.0024656344

BBB second bond length
0.61911604    0.002442651 

BBB <phi**2>/<phi>**2
1.2304534     0.010435099 

Time = 13000
Temperature
1.0112856     0.0082976368

Pressure
23.364149     0.085413289 

CM Mom
-5.9331731e-17 1.343224e-17  
3.5653803e-17  1.7092224e-17 
-4.0781965e-18 2.2909165e-17 
7.4698785e-17  1.5018993e-17 

CM Pos
7.5013071      0.011588693   
7.5070251      0.012383625   
7.5023069      0.0088373099  
12.996535      0.0092514238  

Stress
20.3483      -0.00498633  0.0267197     0.137433     0.0775647    0.100555    
-0.00498633  20.2948      -0.0138114    0.0775647    0.110193     0.0569184   
0.0267197    -0.0138114   20.3649       0.100555     0.0569184    0.0815982   

Stress Spherical
0            0            0             0            0            0           
0            0            0             0            0            0           
0            0            0             0            0            0           

Inertia
150.123      -56.3554     -56.2435      0.275843     0.111413     0.158946    
-56.3554     150.036      -56.3413      0.111413     0.262149     0.161775    
-56.2435     -56.3413     150.125       0.158946     0.161775     0.159401    

Bond Length
0.61967304    0.0026914024

BB bond length
0.61967304    0.0026914024

Water EE distance
0             0           

PEG EE distance
7.080661      0.098532359 

BBB P2(x)
0.51734123    0.006958679 

BBB first bond length
0.61993379    0.0027040877

BBB second bond length
0.61991891    0.0025393948

BBB <phi**2>/<phi>**2
1.2332465     0.0097743293

Time = 14000
Temperature
1.0085407     0.0063372475

Pressure
23.334988     0.078006697 

CM Mom
-4.7053748e-17 1.3438498e-17 
2.5885246e-17  1.436847e-17  
-1.9715906e-17 2.1901793e-17 
6.2501336e-17  1.5268788e-17 

CM Pos
7.5038303      0.013065764   
7.5010881      0.012077409   
7.4968151      0.017101948   
12.991396      0.016341912   

Stress
20.3207      -0.0127768   -0.0166556    0.13705      0.0505183    0.0598803   
-0.0127768   20.2887      0.0491471     0.0505183    0.0886494    0.0632598   
-0.0166556   0.0491471    20.3357       0.0598803    0.0632598    0.115183    

Stress Spherical
0            0            0             0            0            0           
0            0            0             0            0            0           
0            0            0             0            0            0           

Inertia
149.924      -56.3009     -56.2223      0.339552     0.0751346    0.190534    
-56.3009     149.978      -56.2052      0.0751346    0.408429     0.180254    
-56.2223     -56.2052     150.07        0.190534     0.180254     0.225211    

Bond Length
0.61926695    0.0033037338

BB bond length
0.61926695    0.0033037338

Water EE distance
0             0           

PEG EE distance
7.3581801     0.066394368 

BBB P2(x)
0.51486065    0.015521998 

BBB first bond length
0.61933857    0.0031114053

BBB second bond length
0.619064      0.0033185032

BBB <phi**2>/<phi>**2
1.2332304     0.012029937 

Time = 15000
Temperature
1.0084968     0.010720804 

Pressure
23.398046     0.066800052 

CM Mom
-8.9308906e-18 1.1649636e-17 
1.926906e-18   1.2529599e-17 
-7.9240438e-18 8.3380631e-18 
2.1946812e-17  5.1797509e-18 

CM Pos
7.4946279      0.014709226   
7.4990101      0.010412108   
7.5057207      0.017609685   
12.990028      0.01595741    

Stress
20.4067      -0.00106245  -0.00524825   0.0947214    0.0684913    0.0611615   
-0.00106245  20.3684      -0.0251728    0.0684913    0.0983775    0.0653619   
-0.00524825  -0.0251728   20.3597       0.0611615    0.0653619    0.0570314   

Stress Spherical
0            0            0             0            0            0           
0            0            0             0            0            0           
0            0            0             0            0            0           

Inertia
150.07       -56.259      -56.2462      0.226262     0.15067      0.210629    
-56.259      150.011      -56.2554      0.15067      0.428512     0.146998    
-56.2462     -56.2554     149.95        0.210629     0.146998     0.246511    

Bond Length
0.61818898    0.0033555163

BB bond length
0.61818898    0.0033555163

Water EE distance
0             0           

PEG EE distance
7.0702509     0.23831072  

BBB P2(x)
0.50818186    0.0069515099

BBB first bond length
0.61811741    0.0033680658

BBB second bond length
0.61825372    0.0033953868

BBB <phi**2>/<phi>**2
1.2213161     0.011645616 

Time = 16000
Temperature
1.0079568     0.0072337444

Pressure
23.348015     0.069235428 

CM Mom
-1.1274432e-17 2.0676518e-17 
-9.5311262e-18 2.0854607e-17 
-9.7438384e-18 1.3468277e-17 
3.3570548e-17  1.5157289e-17 

CM Pos
7.5050177      0.0097341198  
7.4963384      0.009322566   
7.5083923      0.017311922   
12.996028      0.0090683287  

Stress
20.3433      -0.0397367   0.0078107     0.104344     0.0703298    0.0484984   
-0.0397367   20.3473      0.0237928     0.0703298    0.0836377    0.0582286   
0.0078107    0.0237928    20.2988       0.0484984    0.0582286    0.123279    

Stress Spherical
0            0            0             0            0            0           
0            0            0             0            0            0           
0            0            0             0            0            0           

Inertia
150.089      -56.2553     -56.3353      0.194731     0.11453      0.165216    
-56.2553     150.207      -56.3236      0.11453      0.267793     0.110815    
-56.3353     -56.3236     150.046       0.165216     0.110815     0.267845    

Bond Length
0.61869283    0.0026128085

BB bond length
0.61869283    0.0026128085

Water EE distance
0             0           

PEG EE distance
6.7273167     0.12069283  

BBB P2(x)
0.50990548    0.0094712432

BBB first bond length
0.61850532    0.0027711403

BBB second bond length
0.61856395    0.0024603898

BBB <phi**2>/<phi>**2
1.2209091     0.0084644071

Time = 17000
Temperature
1.0129329     0.005595328 

Pressure
23.390404     0.064759978 

CM Mom
7.7913905e-18  1.7686213e-17 
-1.4677553e-17 1.5726388e-17 
2.2364853e-17  2.0507074e-17 
3.9448751e-17  1.4169704e-17 

CM Pos
7.4987838      0.0095097379  
7.5000491      0.0073617238  
7.505127       0.0077181872  
12.992673      0.0093351326  

Stress
20.3392      0.00357341   -0.0131528    0.0779098    0.0656021    0.0471925   
0.00357341   20.3535      -0.0188534    0.0656021    0.110724     0.0395712   
-0.0131528   -0.0188534   20.3792       0.0471925    0.0395712    0.107345    

Stress Spherical
0            0            0             0            0            0           
0            0            0             0            0            0           
0            0            0             0            0            0           

Inertia
150.084      -56.2694     -56.2804      0.138902     0.110603     0.108971    
-56.2694     150.055      -56.2866      0.110603     0.16675      0.10407     
-56.2804     -56.2866     150.01        0.108971     0.10407      0.180797    

Bond Length
0.617967      0.0029618571

BB bond length
0.617967      0.0029618571

Water EE distance
0             0           

PEG EE distance
6.866534      0.23470811  

BBB P2(x)
0.5177331     0.0096506855

BBB first bond length
0.61763856    0.0031422116

BBB second bond length
0.61780815    0.0029831113

BBB <phi**2>/<phi>**2
1.2329916     0.013979833 

Time = 18000
Temperature
1.0117001     0.0075256521

Pressure
23.323918     0.073750184 

CM Mom
2.2577702e-17  1.3326902e-17 
-2.2590611e-17 3.3443378e-17 
6.5716942e-17  1.9316999e-17 
8.1194178e-17  2.0384371e-17 

CM Pos
7.4947763      0.0092644883  
7.5009396      0.016477367   
7.4953308      0.0083910315  
12.985226      0.0093384191  

Stress
20.2559      0.0154039    0.0110687     0.141363     0.089838     0.0865736   
0.0154039    20.308       0.0558551     0.089838     0.0635369    0.0833198   
0.0110687    0.0558551    20.3197       0.0865736    0.0833198    0.0902401   

Stress Spherical
0            0            0             0            0            0           
0            0            0             0            0            0           
0            0            0             0            0            0           

Inertia
149.931      -56.1991     -56.1804      0.246109     0.101566     0.14276     
-56.1991     149.828      -56.2359      0.101566     0.19812      0.138655    
-56.1804     -56.2359     149.946       0.14276      0.138655     0.221418    

Bond Length
0.6194599     0.0023511309

BB bond length
0.6194599     0.0023511309

Water EE distance
0             0           

PEG EE distance
7.4753753     0.17399351  

BBB P2(x)
0.51864889    0.011677306 

BBB first bond length
0.61957772    0.0023785257

BBB second bond length
0.61957459    0.0025082131

BBB <phi**2>/<phi>**2
1.2219172     0.010180544 

Time = 19000
Temperature
1.0132775     0.0083288311

Pressure
23.379121     0.067237009 

CM Mom
2.6606188e-17  1.9940404e-17 
-3.7467006e-17 2.0560511e-17 
5.1640723e-17  1.4486481e-17 
7.3430325e-17  2.0411514e-17 

CM Pos
7.5002681      0.01447065    
7.5028692      0.012654626   
7.4991899      0.009737514   
12.991741      0.0060143497  

Stress
20.3529      0.021422     0.0240092     0.134241     0.0485398    0.0632054   
0.021422     20.349       0.00640734    0.0485398    0.0912436    0.0497238   
0.0240092    0.00640734   20.3331       0.0632054    0.0497238    0.0694993   

Stress Spherical
0            0            0             0            0            0           
0            0            0             0            0            0           
0            0            0             0            0            0           

Inertia
150.02       -56.2623     -56.2693      0.251166     0.14174      0.114623    
-56.2623     149.989      -56.2426      0.14174      0.15346      0.15238     
-56.2693     -56.2426     150.061       0.114623     0.15238      0.170176    

Bond Length
0.61943297    0.0031840577

BB bond length
0.61943297    0.0031840577

Water EE distance
0             0           

PEG EE distance
7.3196488     0.23188643  

BBB P2(x)
0.51368445    0.0092615555

BBB first bond length
0.61939573    0.0031365596

BBB second bond length
0.61915121    0.0029688612

BBB <phi**2>/<phi>**2
1.22664       0.013437245 

Time = 20000
Temperature
1.0152708     0.0071049644

Pressure
23.407297     0.093488071 

CM Mom
4.0740769e-17  2.0357717e-17 
-4.8948246e-17 2.3380739e-17 
5.1712268e-17  1.785637e-17  
8.7488336e-17  1.8858321e-17 

CM Pos
7.4980417      0.012854127   
7.4952994      0.011683358   
7.4968151      0.017634688   
12.98471       0.017296321   

Stress
20.3426      0.0577855    -0.0361572    0.122479     0.0706552    0.0665316   
0.0577855    20.3633      0.00208165    0.0706552    0.105432     0.0632269   
-0.0361572   0.00208165   20.3957       0.0665316    0.0632269    0.111223    

Stress Spherical
0            0            0             0            0            0           
0            0            0             0            0            0           
0            0            0             0            0            0           

Inertia
149.871      -56.1738     -56.2146      0.308371     0.195786     0.218846    
-56.1738     149.926      -56.1332      0.195786     0.341554     0.164051    
-56.2146     -56.1332     149.919       0.218846     0.164051     0.270631    

Bond Length
0.61909728    0.0022122048

BB bond length
0.61909728    0.0022122048

Water EE distance
0             0           

PEG EE distance
6.9991022     0.17798746  

BBB P2(x)
0.51941591    0.013647851 

BBB first bond length
0.61915255    0.0025364779

BBB second bond length
0.61900794    0.0024605836

BBB <phi**2>/<phi>**2
1.2224132     0.01020224  

Time = 21000
Temperature
1.0061709     0.0072933847

Pressure
23.350843     0.097745475 

CM Mom
4.9084469e-17  9.7121521e-18 
-5.0843842e-17 1.4510183e-17 
3.8684505e-17  2.4748522e-17 
8.3565412e-17  2.061686e-17  

CM Pos
7.4961121      0.018154834   
7.4987132      0.011808086   
7.4963698      0.020092499   
12.985323      0.014891828   

Stress
20.3753      0.00624101   -0.00286678   0.101524     0.0720061    0.0615077   
0.00624101   20.3107      0.0124543     0.0720061    0.110505     0.0582928   
-0.00286678  0.0124543    20.328        0.0615077    0.0582928    0.123315    

Stress Spherical
0            0            0             0            0            0           
0            0            0             0            0            0           
0            0            0             0            0            0           

Inertia
149.911      -56.1871     -56.1991      0.318795     0.212191     0.143754    
-56.1871     149.884      -56.2152      0.212191     0.325384     0.174831    
-56.1991     -56.2152     149.933       0.143754     0.174831     0.423802    

Bond Length
0.62017553    0.0026950166

BB bond length
0.62017553    0.0026950166

Water EE distance
0             0           

PEG EE distance
7.3740063     0.13904259  

BBB P2(x)
0.50801727    0.012023193 

BBB first bond length
0.62073723    0.0025433237

BBB second bond length
0.62027842    0.0026378038

BBB <phi**2>/<phi>**2
1.2266916     0.012145245 

Time = 22000
Temperature
1.0102795     0.0046845294

Pressure
23.403474     0.10748153  

CM Mom
4.8186931e-17  6.2931115e-18 
-5.9841403e-17 1.9174151e-17 
5.8859205e-17  1.9844463e-17 
1.0009861e-16  1.2194332e-17 

CM Pos
7.5057599      0.016959656   
7.4917372      0.012350669   
7.4996352      0.011856495   
12.988742      0.015727834   

Stress
20.3633      -0.00374492  -0.0145477    0.134216     0.0554254    0.0707187   
-0.00374492  20.3495      0.0127026     0.0554254    0.104019     0.0383733   
-0.0145477   0.0127026    20.4222       0.0707187    0.0383733    0.154013    

Stress Spherical
0            0            0             0            0            0           
0            0            0             0            0            0           
0            0            0             0            0            0           

Inertia
149.852      -56.253      -56.3036      0.252435     0.209488     0.154008    
-56.253      150.085      -56.2044      0.209488     0.253325     0.124683    
-56.3036     -56.2044     149.98        0.154008     0.124683     0.388512    

Bond Length
0.61920795    0.0024198333

BB bond length
0.61920795    0.0024198333

Water EE distance
0             0           

PEG EE distance
7.5878695     0.096569685 

BBB P2(x)
0.51982687    0.016438911 

BBB first bond length
0.61933468    0.0023397847

BBB second bond length
0.61924711    0.0028015791

BBB <phi**2>/<phi>**2
1.2314221     0.012417827 

Time = 23000
Temperature
1.0133765     0.0061654627

Pressure
23.389451     0.11219799  

CM Mom
7.3596974e-17  2.2029079e-17 
-6.9324947e-17 1.6737484e-17 
6.542829e-17   9.398067e-18  
1.2273597e-16  1.7115877e-17 

CM Pos
7.4975964      0.0071507161  
7.4988617      0.0077067613  
7.4962214      0.015527445   
12.986164      0.010251424   

Stress
20.3348      -0.0161531   0.0383196     0.124213     0.0580765    0.0831926   
-0.0161531   20.3583      0.0124599     0.0580765    0.128775     0.084097    
0.0383196    0.0124599    20.3719       0.0831926    0.084097     0.162375    

Stress Spherical
0            0            0             0            0            0           
0            0            0             0            0            0           
0            0            0             0            0            0           

Inertia
149.912      -56.2709     -56.1967      0.213809     0.125796     0.113229    
-56.2709     149.912      -56.2322      0.125796     0.20698      0.135036    
-56.1967     -56.2322     149.952       0.113229     0.135036     0.214374    

Bond Length
0.61972264    0.0025264465

BB bond length
0.61972264    0.0025264465

Water EE distance
0             0           

PEG EE distance
7.3480626     0.14396054  

BBB P2(x)
0.52090096    0.009089917 

BBB first bond length
0.62002804    0.0028900479

BBB second bond length
0.61945333    0.0026786244

BBB <phi**2>/<phi>**2
1.2262775     0.0051498673

Time = 24000
Temperature
1.0081283     0.0079938721

Pressure
23.337315     0.10560054  

CM Mom
6.8140542e-17  2.2371998e-17 
-8.6016193e-17 3.3225417e-17 
6.6946251e-17  7.9152113e-18 
1.3122743e-16  3.1147482e-17 

CM Pos
7.4978932      0.006912605   
7.4987132      0.014640168   
7.5077986      0.016310734   
12.992942      0.011000228   

Stress
20.3074      0.0228218    0.0273206     0.116432     0.0730797    0.071159    
0.0228218    20.3236      0.00259935    0.0730797    0.162815     0.0453823   
0.0273206    0.00259935   20.3248       0.071159     0.0453823    0.103984    

Stress Spherical
0            0            0             0            0            0           
0            0            0             0            0            0           
0            0            0             0            0            0           

Inertia
150.101      -56.1913     -56.297       0.351332     0.12206      0.119436    
-56.1913     150.083      -56.2933      0.12206      0.315906     0.154564    
-56.297      -56.2933     149.962       0.119436     0.154564     0.235699    

Bond Length
0.61935304    0.0041169838

BB bond length
0.61935304    0.0041169838

Water EE distance
0             0           

PEG EE distance
7.3151509     0.13703721  

BBB P2(x)
0.50970596    0.008463621 

BBB first bond length
0.61939038    0.0046019935

BBB second bond length
0.61925203    0.0038989789

BBB <phi**2>/<phi>**2
1.22444       0.0098810458

Time = 25000
Temperature
1.0086182     0.0088859084

Pressure
23.429634     0.070947551 

CM Mom
2.25891e-17    2.6371511e-17 
-8.1412327e-17 1.1064631e-17 
4.814752e-17   1.8564746e-17 
1.0249752e-16  1.0639961e-17 

CM Pos
7.4950731      0.014975656   
7.5022755      0.0082440297  
7.5055722      0.018371961   
12.992091      0.0093226512  

Stress
20.4336      -0.00361244  0.0376807     0.0955016    0.0569972    0.0779121   
-0.00361244  20.4224      -0.0262175    0.0569972    0.132005     0.0732742   
0.0376807    -0.0262175   20.3724       0.0779121    0.0732742    0.124107    

Stress Spherical
0            0            0             0            0            0           
0            0            0             0            0            0           
0            0            0             0            0            0           

Inertia
150.092      -56.2311     -56.2604      0.315836     0.130457     0.133726    
-56.2311     149.981      -56.2871      0.130457     0.246414     0.185251    
-56.2604     -56.2871     149.953       0.133726     0.185251     0.211349    

Bond Length
0.61827195    0.0024579066

BB bond length
0.61827195    0.0024579066

Water EE distance
0             0           

PEG EE distance
7.6584086     0.17265266  

BBB P2(x)
0.50957328    0.011951157 

BBB first bond length
0.61838002    0.0027552836

BBB second bond length
0.61854322    0.0025753841

BBB <phi**2>/<phi>**2
1.2274204     0.01203363  

Time = 26000
Temperature
1.0119981     0.0089741803

Pressure
23.358325     0.074078094 

CM Mom
5.2047884e-17  1.6320585e-17 
-9.2423375e-17 2.7962764e-17 
4.5188362e-17  2.0843722e-17 
1.1924267e-16  2.3600318e-17 

CM Pos
7.5002681      0.015414237   
7.49619        0.014978598   
7.5034943      0.018299872   
12.990379      0.012510099   

Stress
20.3092      0.0600553    0.0362439     0.134852     0.0878929    0.0957377   
0.0600553    20.3482      -0.0644963    0.0878929    0.10818      0.0683261   
0.0362439    -0.0644963   20.3267       0.0957377    0.0683261    0.0544174   

Stress Spherical
0            0            0             0            0            0           
0            0            0             0            0            0           
0            0            0             0            0            0           

Inertia
150.007      -56.2193     -56.3223      0.317478     0.153219     0.153851    
-56.2193     150.06       -56.2533      0.153219     0.298785     0.21942     
-56.3223     -56.2533     149.969       0.153851     0.21942      0.297612    

Bond Length
0.61952476    0.0034468158

BB bond length
0.61952476    0.0034468158

Water EE distance
0             0           

PEG EE distance
7.4847319     0.14078411  

BBB P2(x)
0.50475527    0.011161613 

BBB first bond length
0.61955683    0.0033874688

BBB second bond length
0.61941379    0.0034886803

BBB <phi**2>/<phi>**2
1.2297719     0.011860205 

Time = 27000
Temperature
1.010866      0.0076710364

Pressure
23.349992     0.080693948 

CM Mom
5.2523293e-17  1.5884756e-17 
-8.2106079e-17 3.1403991e-17 
6.9907743e-17  1.9147096e-17 
1.2439986e-16  2.2738079e-17 

CM Pos
7.5042756      0.0087760215  
7.4984164      0.011135958   
7.5091345      0.016413736   
12.997225      0.011153729   

Stress
20.3167      0.00730353   -0.0645998    0.0936708    0.080147     0.0795706   
0.00730353   20.354       0.00144179    0.080147     0.121579     0.0943754   
-0.0645998   0.00144179   20.2986       0.0795706    0.0943754    0.103491    

Stress Spherical
0            0            0             0            0            0           
0            0            0             0            0            0           
0            0            0             0            0            0           

Inertia
150.117      -56.2829     -56.3732      0.321442     0.126954     0.0751153   
-56.2829     150.219      -56.2899      0.126954     0.216918     0.185232    
-56.3732     -56.2899     150.031       0.0751153    0.185232     0.17812     

Bond Length
0.61870482    0.0016922528

BB bond length
0.61870482    0.0016922528

Water EE distance
0             0           

PEG EE distance
7.0076238     0.14489553  

BBB P2(x)
0.51635644    0.013495946 

BBB first bond length
0.61861088    0.0017696538

BBB second bond length
0.61870607    0.0016079009

BBB <phi**2>/<phi>**2
1.2266063     0.0088602236

Time = 28000
Temperature
1.0060047     0.0074978838

Pressure
23.371254     0.057513307 

CM Mom
5.8495988e-17  8.7474974e-18 
-4.6662654e-17 2.5214948e-17 
8.8783511e-17  1.3241969e-17 
1.1873607e-16  1.6465246e-17 

CM Pos
7.5011586      0.013199964   
7.5089547      0.012076497   
7.5021584      0.0093685338  
12.997481      0.0081239443  

Stress
20.3554      0.00392129   -0.00396257   0.118557     0.0675219    0.0668969   
0.00392129   20.35        -0.0176282    0.0675219    0.0569005    0.0726576   
-0.00396257  -0.0176282   20.3713       0.0668969    0.0726576    0.0662798   

Stress Spherical
0            0            0             0            0            0           
