Time = 1000
Temperature
   1.1203597    0.17159366

Pressure
   23.853361    0.87853049

CM Mom
-2.7521995e-17 1.4374057e-17 
-2.6891435e-17 2.0124929e-17 
5.0410912e-17  1.5639047e-16 
1.2660975e-16  1.1428669e-16 

CM Pos
7.4991632      0.010750739   
7.5001396      0.027969429   
7.5028783      0.01601872    
12.991659      0.026183685   

Stress
20.5075      0.000257258  0.0521101     0.327548     0.0869158    0.0723411   
0.000257258  20.4992      0.00858749    0.0869158    0.407041     0.073003    
0.0521101    0.00858749   20.4711       0.0723411    0.073003     0.402711    

Stress Spherical
0            0            0             0            0            0           
0            0            0             0            0            0           
0            0            0             0            0            0           

Inertia
150.17       -56.2258     -56.2743      0.856518     0.289054     0.182858    
-56.2258     150.154      -56.2479      0.289054     1.00823      0.262637    
-56.2743     -56.2479     150.118       0.182858     0.262637     0.817779    

Bond Length
0.61843338    0.0061709779

BB bond length
0.61843338    0.0061709779

Water EE distance
0             0           

PEG EE distance
7.4293889     0.21225648  

BBB P2(x)
0.47872825    0.065713624 

BBB first bond length
0.61822243    0.006315891 

BBB second bond length
0.61838553    0.006289798 

BBB <phi**2>/<phi>**2
1.2182633     0.015169558 

Time = 2000
Temperature
1.0193822     0.010650117 

Pressure
23.302902     0.12773412  

CM Mom
-1.4053111e-17 1.548389e-17  
-3.2714925e-17 2.4261723e-17 
-4.7469053e-17 4.1068658e-17 
7.2784464e-17  2.7175463e-17 

CM Pos
7.5042007      0.013810965   
7.5019176      0.015254292   
7.500804       0.012971649   
12.994396      0.01080313    

Stress
20.3022      -0.0405296   -0.00710544   0.148778     0.0816055    0.0814226   
-0.0405296   20.2356      -0.0238385    0.0816055    0.143455     0.0652503   
-0.00710544  -0.0238385   20.1973       0.0814226    0.0652503    0.16264     

Stress Spherical
0            0            0             0            0            0           
0            0            0             0            0            0           
0            0            0             0            0            0           

Inertia
149.904      -56.3151     -56.2803      0.208655     0.104062     0.205286    
-56.3151     149.932      -56.3166      0.104062     0.401345     0.18099     
-56.2803     -56.3166     149.972       0.205286     0.18099      0.30314     

Bond Length
0.61887962    0.0020821466

BB bond length
0.61887962    0.0020821466

Water EE distance
0             0           

PEG EE distance
7.2904022     0.35490513  

BBB P2(x)
0.52084498    0.0055914679

BBB first bond length
0.61888673    0.0022067027

BBB second bond length
0.61909637    0.0020074086

BBB <phi**2>/<phi>**2
1.2265507     0.0087636654

Time = 3000
Temperature
1.0039024     0.0080376626

Pressure
23.199977     0.095826671 

CM Mom
-1.8625659e-17 1.9783784e-17 
-3.4090778e-17 2.6517065e-17 
-4.5508836e-17 1.4710395e-17 
6.7522538e-17  1.8215538e-17 

CM Pos
7.5077566      0.015999522   
7.4962874      0.0099787386  
7.4972481      0.012474743   
12.991145      0.011564089   

Stress
20.2308      0.0121186    -0.0178581    0.108533     0.0705215    0.0496388   
0.0121186    20.1695      -0.0542172    0.0705215    0.150684     0.0599165   
-0.0178581   -0.0542172   20.1654       0.0496388    0.0599165    0.131564    

Stress Spherical
0            0            0             0            0            0           
0            0            0             0            0            0           
0            0            0             0            0            0           

Inertia
149.858      -56.2786     -56.2871      0.19268      0.128917     0.174262    
-56.2786     150.034      -56.1425      0.128917     0.299062     0.123421    
-56.2871     -56.1425     150.013       0.174262     0.123421     0.337606    

Bond Length
0.61725827    0.0015418872

BB bond length
0.61725827    0.0015418872

Water EE distance
0             0           

PEG EE distance
7.057759      0.17107706  

BBB P2(x)
0.51562582    0.0071422793

BBB first bond length
0.61729016    0.0015857487

BBB second bond length
0.61723897    0.0016001363

BBB <phi**2>/<phi>**2
1.2251756     0.01059364  

Time = 4000
Temperature
1.0068013     0.010524674 

Pressure
23.228061     0.070366395 

CM Mom
1.5379616e-17  1.5624607e-17 
-4.0546608e-17 1.3367407e-17 
-2.5957659e-17 1.734149e-17  
5.6000516e-17  1.1909888e-17 

CM Pos
7.5036081      0.018003455   
7.500436       0.023124788   
7.4963592      0.008148953   
12.990647      0.010083074   

Stress
20.2076      0.0137118    0.0116521     0.144631     0.065662     0.09721     
0.0137118    20.2154      -0.0150705    0.065662     0.09613      0.0680675   
0.0116521    -0.0150705   20.2009       0.09721      0.0680675    0.0955437   

Stress Spherical
0            0            0             0            0            0           
0            0            0             0            0            0           
0            0            0             0            0            0           

Inertia
149.925      -56.2532     -56.2453      0.2488       0.191106     0.172296    
-56.2532     149.967      -56.245       0.191106     0.308379     0.140868    
-56.2453     -56.245      150.041       0.172296     0.140868     0.306519    

Bond Length
0.61733763    0.0024496947

BB bond length
0.61733763    0.0024496947

Water EE distance
0             0           

PEG EE distance
7.2982074     0.17173106  

BBB P2(x)
0.51904585    0.0064822196

BBB first bond length
0.61706599    0.0024518394

BBB second bond length
0.61749389    0.0025313203

BBB <phi**2>/<phi>**2
1.2256471     0.0044884687

Time = 5000
Temperature
1.0120896     0.0060069265

Pressure
23.24705      0.11398661  

CM Mom
2.0518948e-17  2.5045068e-17 
-4.2425675e-17 1.8297069e-17 
-4.9253261e-17 1.7580679e-17 
7.302587e-17   2.4190693e-17 

CM Pos
7.5040526      0.014021555   
7.4979172      0.020519877   
7.4956184      0.015623974   
12.989018      0.012032071   

Stress
20.2425      -0.00291944  0.0245097     0.116661     0.0547738    0.0791734   
-0.00291944  20.2019      -0.0210233    0.0547738    0.145955     0.106005    
0.0245097    -0.0210233   20.1888       0.0791734    0.106005     0.156898    

Stress Spherical
0            0            0             0            0            0           
0            0            0             0            0            0           
0            0            0             0            0            0           

Inertia
149.886      -56.2952     -56.2425      0.264634     0.185112     0.166761    
-56.2952     149.968      -56.202       0.185112     0.403216     0.154041    
-56.2425     -56.202      149.996       0.166761     0.154041     0.245033    

Bond Length
0.61777726    0.0010963997

BB bond length
0.61777726    0.0010963997

Water EE distance
0             0           

PEG EE distance
7.2184191     0.052188331 

BBB P2(x)
0.51756292    0.010512645 

BBB first bond length
0.61795881    0.001248631 

BBB second bond length
0.61771186    0.0011863163

BBB <phi**2>/<phi>**2
1.2232735     0.013217199 

Time = 6000
Temperature
1.0109046     0.0072302144

Pressure
23.254681     0.073777743 

CM Mom
1.2184051e-17  1.8759842e-17 
-2.2505758e-17 2.3945712e-17 
-2.8347273e-17 1.398557e-17  
4.9873253e-17  9.5974871e-18 

CM Pos
7.5052379      0.014730093   
7.4992507      0.017801744   
7.495322       0.013800629   
12.990292      0.015575491   

Stress
20.2186      0.0320237    -0.0297926    0.0931421    0.0744444    0.0637693   
0.0320237    20.213       -0.0366635    0.0744444    0.114264     0.0859795   
-0.0297926   -0.0366635   20.2352       0.0637693    0.0859795    0.160674    

Stress Spherical
0            0            0             0            0            0           
0            0            0             0            0            0           
0            0            0             0            0            0           

Inertia
149.904      -56.2821     -56.2426      0.268003     0.239437     0.147606    
-56.2821     149.999      -56.2013      0.239437     0.24219      0.127713    
-56.2426     -56.2013     150.077       0.147606     0.127713     0.451864    

Bond Length
0.61882437    0.0014897957

BB bond length
0.61882437    0.0014897957

Water EE distance
0             0           

PEG EE distance
7.1425853     0.10369332  

BBB P2(x)
0.51017578    0.01070978  

BBB first bond length
0.61882493    0.0013046042

BBB second bond length
0.61865008    0.0014679309

BBB <phi**2>/<phi>**2
1.2307899     0.0058428901

Time = 7000
Temperature
1.0059674     0.0082403817

Pressure
23.156875     0.13557868  

CM Mom
2.1487268e-17  2.8247237e-17 
-4.5278819e-17 2.1307578e-17 
-5.5034119e-17 1.5018987e-17 
7.9866596e-17  2.5287241e-17 

CM Pos
7.5042007      0.0099930277  
7.4988062      0.013570449   
7.4968037      0.016602167   
12.990285      0.015901224   

Stress
20.1546      0.0509186    0.00926612    0.16196      0.0502562    0.0674565   
0.0509186    20.1637      0.00746027    0.0502562    0.128159     0.091069    
0.00926612   0.00746027   20.0995       0.0674565    0.091069     0.157069    

Stress Spherical
0            0            0             0            0            0           
0            0            0             0            0            0           
0            0            0             0            0            0           

Inertia
149.921      -56.2999     -56.2562      0.390516     0.125882     0.158198    
-56.2999     150.015      -56.1972      0.125882     0.322119     0.20138     
-56.2562     -56.1972     150.036       0.158198     0.20138      0.36014     

Bond Length
0.61986418    0.001739933 

BB bond length
0.61986418    0.001739933 

Water EE distance
0             0           

PEG EE distance
7.2425602     0.073818845 

BBB P2(x)
0.51429151    0.0090166291

BBB first bond length
0.620196      0.0015435987

BBB second bond length
0.61997391    0.0018696361

BBB <phi**2>/<phi>**2
1.2249684     0.011457993 

Time = 8000
Temperature
1.013349      0.0069433402

Pressure
23.229725     0.059727068 

CM Mom
3.7174487e-17  1.5645947e-17 
-6.2941881e-17 2.6845152e-17 
-6.0223897e-17 2.1898044e-17 
1.0001225e-16  2.0324177e-17 

CM Pos
7.5006448      0.015767333   
7.5071033      0.014292142   
7.5045081      0.0122716     
12.997477      0.010093695   

Stress
20.2237      -0.00752646  0.00827371    0.0967568    0.0472671    0.0650264   
-0.00752646  20.1673      -0.039546     0.0472671    0.0890263    0.0496297   
0.00827371   -0.039546    20.1789       0.0650264    0.0496297    0.098722    

Stress Spherical
0            0            0             0            0            0           
0            0            0             0            0            0           
0            0            0             0            0            0           

Inertia
150.169      -56.3185     -56.3182      0.299687     0.18236      0.0611518   
-56.3185     150.081      -56.3795      0.18236      0.202196     0.13386     
-56.3182     -56.3795     150.111       0.0611518    0.13386      0.323447    

Bond Length
0.6178464     0.0024728487

BB bond length
0.6178464     0.0024728487

Water EE distance
0             0           

PEG EE distance
7.2390982     0.11416884  

BBB P2(x)
0.5079884     0.0062407475

BBB first bond length
0.6179416     0.0026088116

BBB second bond length
0.61781708    0.0026176669

BBB <phi**2>/<phi>**2
1.2230252     0.0078449781

Time = 9000
Temperature
1.0079644     0.0092013198

Pressure
23.208442     0.087361289 

CM Mom
5.328089e-17   2.1853379e-17 
-2.966288e-17  3.3271499e-17 
-6.2520229e-17 1.153945e-17  
9.5108464e-17  1.7309554e-17 

CM Pos
7.5065713      0.0071133567  
7.4996951      0.0082293722  
7.4930996      0.014212047   
12.990026      0.010690131   

Stress
20.1858      0.00900348   -0.0202033    0.0966912    0.066768     0.053217    
0.00900348   20.1568      -0.0293842    0.066768     0.149012     0.0741689   
-0.0202033   -0.0293842   20.2119       0.053217     0.0741689    0.0735338   

Stress Spherical
0            0            0             0            0            0           
0            0            0             0            0            0           
0            0            0             0            0            0           

Inertia
149.883      -56.2913     -56.2781      0.320811     0.0831451    0.116939    
-56.2913     150.004      -56.1632      0.0831451    0.234676     0.145714    
-56.2781     -56.1632     150.066       0.116939     0.145714     0.250384    

Bond Length
0.61823351    0.0017883342

BB bond length
0.61823351    0.0017883342

Water EE distance
0             0           

PEG EE distance
7.0573157     0.09532458  

BBB P2(x)
0.50798945    0.013399302 

BBB first bond length
0.61811535    0.0018369891

BBB second bond length
0.61826901    0.0017508523

BBB <phi**2>/<phi>**2
1.2277535     0.012056587 

Time = 10000
Temperature
1.0120397     0.0052184869

Pressure
23.158027     0.070008461 

CM Mom
5.6184479e-17  1.8429713e-17 
-1.8149142e-17 1.977181e-17  
-5.8374165e-17 2.0907401e-17 
8.8109388e-17  1.7264531e-17 

CM Pos
7.4973852      0.010726208   
7.5065106      0.014031727   
7.4988779      0.016916531   
12.992002      0.011422184   

Stress
20.0984      -0.0320533   -0.0182464    0.114878     0.0894513    0.0541601   
-0.0320533   20.1688      0.0143067     0.0894513    0.0932269    0.0669877   
-0.0182464   0.0143067    20.0994       0.0541601    0.0669877    0.101679    

Stress Spherical
0            0            0             0            0            0           
0            0            0             0            0            0           
0            0            0             0            0            0           

Inertia
150.085      -56.208      -56.2321      0.269486     0.173465     0.144475    
-56.208      149.963      -56.296       0.173465     0.251392     0.137438    
-56.2321     -56.296      150.069       0.144475     0.137438     0.374956    

Bond Length
0.61853721    0.0013560654

BB bond length
0.61853721    0.0013560654

Water EE distance
0             0           

PEG EE distance
7.24506       0.16318451  

BBB P2(x)
0.51084239    0.011507714 

BBB first bond length
0.61858419    0.0013694882

BBB second bond length
0.61856901    0.0015190709

BBB <phi**2>/<phi>**2
1.2259547     0.0074173603

Time = 11000
Temperature
1.0126708     0.004685385 

Pressure
23.197223     0.06667173  

CM Mom
5.7713174e-17  1.1053304e-17 
-3.7877972e-17 1.5182688e-17 
-6.0586468e-17 1.8939444e-17 
9.4761638e-17  1.295744e-17  

CM Pos
7.498126       0.014946093   
7.5008804      0.013596307   
7.495322       0.013397062   
12.987121      0.014871634   

Stress
20.177       0.0169426    -0.0287818    0.112643     0.104286     0.0521804   
0.0169426    20.1681      -0.0078153    0.104286     0.0747259    0.0719818   
-0.0287818   -0.0078153   20.1334       0.0521804    0.0719818    0.102571    

Stress Spherical
0            0            0             0            0            0           
0            0            0             0            0            0           
0            0            0             0            0            0           

Inertia
149.952      -56.2283     -56.2008      0.251761     0.221059     0.13708     
-56.2283     149.909      -56.2015      0.221059     0.214468     0.140997    
-56.2008     -56.2015     150           0.13708      0.140997     0.456629    

Bond Length
0.61848964    0.0017284726

BB bond length
0.61848964    0.0017284726

Water EE distance
0             0           

PEG EE distance
7.297275      0.1744481   

BBB P2(x)
0.51441715    0.010739298 

BBB first bond length
0.61832852    0.0018118439

BBB second bond length
0.6185213     0.0017641787

BBB <phi**2>/<phi>**2
1.230247      0.0068134485

Time = 12000
Temperature
1.0089106     0.0050515638

Pressure
23.212563     0.06594315  

CM Mom
3.8982547e-17  1.4188231e-17 
-5.4680218e-17 5.1469836e-18 
-5.5828624e-17 3.0060283e-17 
9.1070663e-17  2.1539562e-17 

CM Pos
7.4954591      0.016657609   
7.5002878      0.0096805983  
7.5012485      0.013990207   
12.988659      0.015886107   

Stress
20.1571      0.0272916    -0.0270798    0.0809187    0.057284     0.0421803   
0.0272916    20.2029      0.00342059    0.057284     0.137896     0.0808133   
-0.0270798   0.00342059   20.1984       0.0421803    0.0808133    0.0889012   

Stress Spherical
0            0            0             0            0            0           
0            0            0             0            0            0           
0            0            0             0            0            0           

Inertia
150.029      -56.2224     -56.1833      0.290096     0.125315     0.208146    
-56.2224     149.955      -56.2809      0.125315     0.323976     0.211827    
-56.1833     -56.2809     149.932       0.208146     0.211827     0.268209    

Bond Length
0.61862669    0.001069209 

BB bond length
0.61862669    0.001069209 

Water EE distance
0             0           

PEG EE distance
7.2852409     0.14303693  

BBB P2(x)
0.51272528    0.0083536275

BBB first bond length
0.61866518    0.0013684476

BBB second bond length
0.61855388    0.0011479171

BBB <phi**2>/<phi>**2
1.2274262     0.00725816  

Time = 13000
Temperature
1.0077639     0.0094530246

Pressure
23.204649     0.10948942  

CM Mom
9.997929e-18   1.4597896e-17 
-5.5713479e-17 2.155431e-17  
-4.9091372e-17 2.0477796e-17 
8.0013565e-17  1.7571837e-17 

CM Pos
7.5050897      0.018124978   
7.5081404      0.0076644709  
7.5021375      0.011838197   
12.999267      0.013885811   

Stress
20.2177      0.0465738    -0.00632947   0.152622     0.0721624    0.0840212   
0.0465738    20.1404      9.51513e-05   0.0721624    0.147595     0.0525155   
-0.00632947  9.51513e-05  20.1869       0.0840212    0.0525155    0.0905819   

Stress Spherical
0            0            0             0            0            0           
0            0            0             0            0            0           
0            0            0             0            0            0           

Inertia
150.172      -56.3517     -56.3426      0.16535      0.128648     0.205207    
-56.3517     150.126      -56.3421      0.128648     0.379445     0.118828    
-56.3426     -56.3421     150.214       0.205207     0.118828     0.24176     

Bond Length
0.61757021    0.0024350115

BB bond length
0.61757021    0.0024350115

Water EE distance
0             0           

PEG EE distance
7.4660142     0.10616618  

BBB P2(x)
0.51367028    0.0099020274

BBB first bond length
0.6175527     0.0026756352

BBB second bond length
0.61757341    0.0026481703

BBB <phi**2>/<phi>**2
1.2319385     0.008991342 

Time = 14000
Temperature
1.0100849     0.0087507072

Pressure
23.216674     0.086292301 

CM Mom
-5.0274767e-18 6.7884767e-18 
-3.8504693e-17 1.8489789e-17 
-1.9478936e-17 1.6045816e-17 
4.6794195e-17  1.8521423e-17 

CM Pos
7.5043489      0.013465707   
7.50414        0.018709035   
7.4975445      0.0098736905  
12.993885      0.011060413   

Stress
20.1289      0.014042     0.0113611     0.0959048    0.0469708    0.0305498   
0.014042     20.2423      -0.0132769    0.0469708    0.119485     0.0569517   
0.0113611    -0.0132769   20.1889       0.0305498    0.0569517    0.0911749   

Stress Spherical
0            0            0             0            0            0           
0            0            0             0            0            0           
0            0            0             0            0            0           

Inertia
150.032      -56.2987     -56.2134      0.288023     0.126459     0.159438    
-56.2987     150.03       -56.2671      0.126459     0.254311     0.14315     
-56.2134     -56.2671     150.13        0.159438     0.14315      0.285839    

Bond Length
0.61815121    0.0017287409

BB bond length
0.61815121    0.0017287409

Water EE distance
0             0           

PEG EE distance
7.3135924     0.12081764  

BBB P2(x)
0.51409672    0.0096397033

BBB first bond length
0.61812107    0.0020971473

BBB second bond length
0.61815087    0.001789359 

BBB <phi**2>/<phi>**2
1.2245355     0.0083999324

Time = 15000
Temperature
1.0111814     0.0079788608

Pressure
23.176079     0.077365949 

CM Mom
-4.3549715e-19 1.0369166e-17 
-4.8638603e-17 2.4304419e-17 
-1.3061899e-17 1.0986049e-17 
5.2779127e-17  2.3870442e-17 

CM Pos
7.504497       0.012404154   
7.5039919      0.01388626    
7.4984334      0.012684153   
12.994392      0.012337822   

Stress
20.0877      0.0263655    -0.0376079    0.133431     0.0789255    0.0613815   
0.0263655    20.1072      -0.0126934    0.0789255    0.112778     0.0601983   
-0.0376079   -0.0126934   20.2337       0.0613815    0.0601983    0.0805285   

Stress Spherical
0            0            0             0            0            0           
0            0            0             0            0            0           
0            0            0             0            0            0           

Inertia
150.033      -56.3259     -56.2608      0.278226     0.147023     0.120136    
-56.3259     150.033      -56.2614      0.147023     0.180238     0.148621    
-56.2608     -56.2614     150.107       0.120136     0.148621     0.335835    

Bond Length
0.61935701    0.0023173386

BB bond length
0.61935701    0.0023173386

Water EE distance
0             0           

PEG EE distance
7.0931537     0.064260002 

BBB P2(x)
0.51018606    0.0072360294

BBB first bond length
0.61944993    0.0023165792

BBB second bond length
0.61924197    0.002428223 

BBB <phi**2>/<phi>**2
1.2235737     0.0062988993

Time = 16000
Temperature
1.0048165     0.0062707382

Pressure
23.170603     0.059423338 

CM Mom
-6.6463692e-18 2.0923585e-17 
-2.5247595e-17 2.4539058e-17 
-1.4151944e-17 2.3960435e-17 
4.6090849e-17  1.9276687e-17 

CM Pos
7.4982742      0.0095435695  
7.4974727      0.013235507   
7.5028783      0.013025691   
12.9896        0.011250489   

Stress
20.1538      0.0206816    -0.027618     0.0577867    0.0471774    0.055702    
0.0206816    20.115       -0.0338704    0.0471774    0.136427     0.11868     
-0.027618    -0.0338704   20.2005       0.055702     0.11868      0.0545879   

Stress Spherical
0            0            0             0            0            0           
0            0            0             0            0            0           
0            0            0             0            0            0           

Inertia
150.004      -56.2236     -56.2496      0.222064     0.148547     0.113287    
-56.2236     150.003      -56.2687      0.148547     0.251253     0.141336    
-56.2496     -56.2687     149.932       0.113287     0.141336     0.274498    

Bond Length
0.61740734    0.0012611187

BB bond length
0.61740734    0.0012611187

Water EE distance
0             0           

PEG EE distance
7.2132758     0.11236355  

BBB P2(x)
0.51374004    0.0070907641

BBB first bond length
0.61746705    0.0010923103

BBB second bond length
0.61751048    0.001421928 

BBB <phi**2>/<phi>**2
1.2247439     0.0062372599

Time = 17000
Temperature
1.0108409     0.0071872194

Pressure
23.20812      0.086598128 

CM Mom
-1.5529579e-17 1.1366119e-17 
-3.7953159e-17 1.3117117e-17 
-1.9389424e-17 1.5046601e-17 
4.8305252e-17  1.5868527e-17 

CM Pos
7.4985705      0.012856056   
7.5014731      0.021399651   
7.5059897      0.010806746   
12.993888      0.012947318   

Stress
20.1424      -0.030551    0.0348379     0.099364     0.060734     0.059009    
-0.030551    20.1672      -0.0323592    0.060734     0.11011      0.0960003   
0.0348379    -0.0323592   20.2181       0.059009     0.0960003    0.089882    

Stress Spherical
0            0            0             0            0            0           
0            0            0             0            0            0           
0            0            0             0            0            0           

Inertia
150.135      -56.2447     -56.3126      0.314705     0.218346     0.11108     
-56.2447     150.068      -56.3566      0.218346     0.238681     0.18876     
-56.3126     -56.3566     150.002       0.11108      0.18876      0.356126    

Bond Length
0.61832125    0.0016421847

BB bond length
0.61832125    0.0016421847

Water EE distance
0             0           

PEG EE distance
7.206897      0.12413062  

BBB P2(x)
0.50699004    0.0098403311

BBB first bond length
0.61836855    0.0017721003

BBB second bond length
0.61822065    0.001625815 

BBB <phi**2>/<phi>**2
1.2251967     0.0059817759

Time = 18000
Temperature
1.0098279     0.0063461992

Pressure
23.213752     0.10582389  

CM Mom
1.2607074e-18  3.0982188e-17 
-4.1818693e-17 9.9435135e-18 
-2.9883028e-17 1.8914164e-17 
6.293919e-17   9.927802e-18  

CM Pos
7.4979779      0.011128001   
7.4976209      0.011175246   
7.4942849      0.013921784   
12.984547      0.016323844   

Stress
20.2008      0.031978     -0.00952168   0.0906734    0.0553457    0.0486721   
0.031978     20.2243      -0.0304214    0.0553457    0.147073     0.0469362   
-0.00952168  -0.0304214   20.1286       0.0486721    0.0469362    0.111653    

Stress Spherical
0            0            0             0            0            0           
0            0            0             0            0            0           
0            0            0             0            0            0           

Inertia
149.883      -56.2291     -56.1966      0.262527     0.133588     0.165101    
-56.2291     149.861      -56.2179      0.133588     0.371729     0.151001    
-56.1966     -56.2179     149.933       0.165101     0.151001     0.211939    

Bond Length
0.61717868    0.0019987079

BB bond length
0.61717868    0.0019987079

Water EE distance
0             0           

PEG EE distance
6.9906501     0.088967663 

BBB P2(x)
0.50614651    0.0098975143

BBB first bond length
0.61721918    0.0020759814

BBB second bond length
0.61710809    0.0020540699

BBB <phi**2>/<phi>**2
1.2243545     0.010520129 

Time = 19000
Temperature
1.013047      0.0046399634

Pressure
23.151788     0.069649219 

CM Mom
2.2800202e-17  1.4484919e-17 
-5.2836757e-17 1.4252058e-17 
-1.8754479e-17 1.7029587e-17 
6.4008779e-17  1.6404868e-17 

CM Pos
7.5002003      0.021479005   
7.4992507      0.012268021   
7.4978408      0.017103017   
12.988842      0.016367692   

Stress
20.1421      -0.0029748   -0.0146441    0.104656     0.0464131    0.0592162   
-0.0029748   20.1326      -0.0132109    0.0464131    0.0871451    0.0666276   
-0.0146441   -0.0132109   20.0642       0.0592162    0.0666276    0.13755     

Stress Spherical
0            0            0             0            0            0           
0            0            0             0            0            0           
0            0            0             0            0            0           

Inertia
149.951      -56.2842     -56.2349      0.170164     0.231039     0.191858    
-56.2842     149.948      -56.1689      0.231039     0.33828      0.108896    
-56.2349     -56.1689     149.976       0.191858     0.108896     0.38794     

Bond Length
0.61897204    0.0016203328

BB bond length
0.61897204    0.0016203328

Water EE distance
0             0           

PEG EE distance
6.8134819     0.085193154 

BBB P2(x)
0.50556924    0.010404747 

BBB first bond length
0.6187955     0.0018748174

BBB second bond length
0.61878756    0.0016658138

BBB <phi**2>/<phi>**2
1.2253437     0.0080645353

Time = 20000
Temperature
1.0100152     0.0069341158

Pressure
23.193802     0.10188767  

CM Mom
4.1818145e-17  2.3023102e-17 
-6.6190153e-17 2.1502288e-17 
-3.3423481e-17 6.8231362e-18 
8.8348364e-17  2.192159e-17  

CM Pos
7.4959036      0.010049981   
7.5081404      0.012428023   
7.488951       0.019184077   
12.986357      0.017223425   

Stress
20.1443      -0.0305283   -0.0139873    0.141633     0.0901248    0.061944    
-0.0305283   20.1753      0.0139542     0.0901248    0.108614     0.0656729   
-0.0139873   0.0139542    20.1726       0.061944     0.0656729    0.136197    

Stress Spherical
0            0            0             0            0            0           
0            0            0             0            0            0           
0            0            0             0            0            0           

Inertia
149.954      -56.2688     -56.1641      0.354131     0.147544     0.166531    
-56.2688     149.766      -56.2297      0.147544     0.322108     0.190033    
-56.1641     -56.2297     150.052       0.166531     0.190033     0.275647    

Bond Length
0.61769289    0.0016341039

BB bond length
0.61769289    0.0016341039

Water EE distance
0             0           

PEG EE distance
6.8698709     0.13089872  

BBB P2(x)
0.49935054    0.01073475  

BBB first bond length
0.61772216    0.0016063246

BBB second bond length
0.61772168    0.0016378432

BBB <phi**2>/<phi>**2
1.22161       0.0041194477

Time = 21000
Temperature
1.0067356     0.0070227052

Pressure
23.144141     0.089605472 

CM Mom
6.35978e-17    2.6158911e-17 
-8.2387234e-17 1.5988332e-17 
-1.7642501e-17 1.0856478e-17 
1.0909325e-16  1.7321532e-17 

CM Pos
7.4972371      0.0096885318  
7.5056217      0.010227526   
7.5005077      0.012520413   
12.992333      0.013381796   

Stress
20.1198      0.0171002    0.0214696     0.117609     0.0615732    0.0815078   
0.0171002    20.1041      -0.00826088   0.0615732    0.0859556    0.0349826   
0.0214696    -0.00826088  20.1488       0.0815078    0.0349826    0.10877     

Stress Spherical
0            0            0             0            0            0           
0            0            0             0            0            0           
0            0            0             0            0            0           

Inertia
150.088      -56.262      -56.2307      0.231545     0.117351     0.185097    
-56.262      149.968      -56.2776      0.117351     0.314042     0.115281    
-56.2307     -56.2776     150.024       0.185097     0.115281     0.274336    

Bond Length
0.61785876    0.001954247 

BB bond length
0.61785876    0.001954247 

Water EE distance
0             0           

PEG EE distance
6.9760364     0.18602454  

BBB P2(x)
0.51121251    0.010670686 

BBB first bond length
0.61759683    0.0020165136

BBB second bond length
0.61791433    0.002143952 

BBB <phi**2>/<phi>**2
1.2273067     0.0088967184

Time = 22000
Temperature
1.007483      0.0076541569

Pressure
23.21524      0.09652894  

CM Mom
8.2138437e-17  1.4487783e-17 
-1.1656273e-16 1.966512e-17  
-6.8401977e-18 1.6502739e-17 
1.4421101e-16  2.1272462e-17 

CM Pos
7.499904       0.014845881   
7.4953984      0.007956769   
7.5091012      0.014463147   
12.992941      0.01187629    

Stress
20.2265      -0.0243957   -0.0158009    0.133882     0.0432344    0.0938539   
-0.0243957   20.1657      0.00882281    0.0432344    0.128965     0.0763328   
-0.0158009   0.00882281   20.1871       0.0938539    0.0763328    0.110991    

Stress Spherical
0            0            0             0            0            0           
0            0            0             0            0            0           
0            0            0             0            0            0           

Inertia
150.086      -56.2217     -56.3011      0.202945     0.145567     0.17269     
-56.2217     150.142      -56.2923      0.145567     0.349626     0.122594    
-56.3011     -56.2923     149.942       0.17269      0.122594     0.297589    

Bond Length
0.61785455    0.0014721583

BB bond length
0.61785455    0.0014721583

Water EE distance
0             0           

PEG EE distance
6.9477191     0.088542231 

BBB P2(x)
0.50732163    0.0078055073

BBB first bond length
0.61771326    0.0011844783

BBB second bond length
0.61796463    0.0015073891

BBB <phi**2>/<phi>**2
1.2280851     0.0068455096

Time = 23000
Temperature
1.0121214     0.0064852182

Pressure
23.192955     0.063993166 

CM Mom
6.2202893e-17  1.5111453e-17 
-1.2406008e-16 1.2036138e-17 
1.4215171e-17  1.9085918e-17 
1.4181629e-16  9.3706423e-18 

CM Pos
7.4920514      0.019135956   
7.4999915      0.012019463   
7.5022857      0.018413361   
12.987131      0.016363199   

Stress
20.1592      -0.0118791   0.019838      0.103579     0.0844863    0.0597633   
-0.0118791   20.1108      0.0277667     0.0844863    0.105557     0.0613646   
0.019838     0.0277667    20.2006       0.0597633    0.0613646    0.0857829   

Stress Spherical
0            0            0             0            0            0           
0            0            0             0            0            0           
0            0            0             0            0            0           

Inertia
150.033      -56.1801     -56.1954      0.367408     0.167431     0.195731    
-56.1801     149.9        -56.2457      0.167431     0.348563     0.221679    
-56.1954     -56.2457     149.863       0.195731     0.221679     0.219603    

Bond Length
0.61866506    0.0015199816

BB bond length
0.61866506    0.0015199816

Water EE distance
0             0           

PEG EE distance
7.0379942     0.13586293  

BBB P2(x)
0.50857403    0.0076580676

BBB first bond length
0.61867559    0.0016487677

BBB second bond length
0.6188126     0.0017752123

BBB <phi**2>/<phi>**2
1.2209791     0.0055710297

Time = 24000
Temperature
1.006529      0.006314989 

Pressure
23.173041     0.099431517 

CM Mom
6.0442673e-17  2.0519081e-17 
-1.0921068e-16 7.9337298e-18 
2.4996193e-17  2.6519132e-17 
1.310456e-16   1.4811853e-17 

CM Pos
7.5004966      0.016594232   
7.5001396      0.012014896   
7.5015449      0.0087654284  
12.991657      0.0074424001  

Stress
20.1707      0.0311577    0.00958633    0.0986042    0.0532403    0.0803422   
0.0311577    20.1103      -0.0183423    0.0532403    0.0945798    0.0789367   
0.00958633   -0.0183423   20.1803       0.0803422    0.0789367    0.178494    

Stress Spherical
0            0            0             0            0            0           
0            0            0             0            0            0           
0            0            0             0            0            0           

Inertia
150.02       -56.2607     -56.2895      0.211046     0.203408     0.144355    
-56.2607     150.03       -56.2338      0.203408     0.209179     0.113989    
-56.2895     -56.2338     150.017       0.144355     0.113989     0.269604    

Bond Length
0.61760615    0.0011480946

BB bond length
0.61760615    0.0011480946

Water EE distance
0             0           

PEG EE distance
6.8285239     0.15150295  

BBB P2(x)
0.51209147    0.007236378 

BBB first bond length
0.61751027    0.0011876154

BBB second bond length
0.61747796    0.00131738  

BBB <phi**2>/<phi>**2
1.2222323     0.010072931 

Time = 25000
Temperature
1.0124726     0.010631246 

Pressure
23.212938     0.09806274  

CM Mom
3.476575e-17   2.6793033e-17 
-1.2402992e-16 2.1077021e-17 
1.8030432e-17  3.7081604e-17 
1.3774619e-16  2.191605e-17  

CM Pos
7.5043489      0.017754823   
7.5044363      0.019477067   
7.4985816      0.016657609   
12.994664      0.014624807   

Stress
20.1528      0.0454647    0.00528422    0.142793     0.0519881    0.0570589   
0.0454647    20.1788      -0.0444181    0.0519881    0.104073     0.0520946   
0.00528422   -0.0444181   20.1959       0.0570589    0.0520946    0.131296    

Stress Spherical
0            0            0             0            0            0           
0            0            0             0            0            0           
0            0            0             0            0            0           

Inertia
150.035      -56.3281     -56.2862      0.473098     0.0906398    0.175033    
-56.3281     150.05       -56.2901      0.0906398    0.340055     0.252687    
-56.2862     -56.2901     150.133       0.175033     0.252687     0.171466    

Bond Length
0.61803281    0.0016353434

BB bond length
0.61803281    0.0016353434

Water EE distance
0             0           

PEG EE distance
6.6930234     0.12134516  

BBB P2(x)
0.50200603    0.0095296445

BBB first bond length
0.61800371    0.0013195569

BBB second bond length
0.61803386    0.001567102 

BBB <phi**2>/<phi>**2
1.2243893     0.0052267818

Time = 26000
Temperature
1.0082805     0.014044272 

Pressure
23.186995     0.081123839 

CM Mom
2.9202298e-17  2.5190303e-17 
-1.2865493e-16 1.9346705e-17 
3.2005957e-17  1.8023705e-17 
1.3907075e-16  2.054934e-17  

CM Pos
7.4987187      0.011549096   
7.505029       0.011273036   
7.4959147      0.0085061439  
12.990199      0.0069396438  

Stress
20.1627      0.0279799    0.000629375   0.131451     0.0843475    0.0748557   
0.0279799    20.187       0.0343054     0.0843475    0.157962     0.0531721   
0.000629375  0.0343054    20.1376       0.0748557    0.0531721    0.100398    

Stress Spherical
0            0            0             0            0            0           
0            0            0             0            0            0           
0            0            0             0            0            0           

Inertia
150.017      -56.2776     -56.231       0.100692     0.103965     0.135666    
-56.2776     149.924      -56.1941      0.103965     0.232294     0.0866238   
-56.231      -56.1941     150.055       0.135666     0.0866238    0.179075    

Bond Length
0.61706827    0.0025879536

BB bond length
0.61706827    0.0025879536

Water EE distance
0             0           

PEG EE distance
6.8249792     0.16376079  

BBB P2(x)
0.49722354    0.0087397732

BBB first bond length
0.61688692    0.0026355521

BBB second bond length
0.61701561    0.002594632 

BBB <phi**2>/<phi>**2
1.2228979     0.0069234424

Time = 27000
Temperature
1.0165401     0.00911375  

Pressure
23.216173     0.067360357 

CM Mom
5.7326888e-17  2.2256411e-17 
-1.2801286e-16 2.7174521e-17 
2.1822287e-17  1.1036132e-17 
1.4492443e-16  2.2413966e-17 

CM Pos
7.4948665      0.012610385   
7.5025102      0.0095837386  
7.4893955      0.011681393   
12.982758      0.010508071   

Stress
20.1563      0.00554429   -0.00931422   0.0868952    0.0557877    0.097419    
0.00554429   20.1798      -0.0358619    0.0557877    0.12148      0.054411    
-0.00931422  -0.0358619   20.1644       0.097419     0.054411     0.120041    

Stress Spherical
0            0            0             0            0            0           
0            0            0             0            0            0           
0            0            0             0            0            0           

Inertia
149.898      -56.2734     -56.1499      0.273174     0.108291     0.138609    
-56.2734     149.775      -56.1791      0.108291     0.253331     0.123217    
-56.1499     -56.1791     149.976       0.138609     0.123217     0.25699     

Bond Length
0.61819518    0.0025035219

BB bond length
0.61819518    0.0025035219

Water EE distance
0             0           

PEG EE distance
6.8700297     0.11111424  

BBB P2(x)
0.49557364    0.0076875733

BBB first bond length
0.61806908    0.0025543398

BBB second bond length
0.61786697    0.0023241377

BBB <phi**2>/<phi>**2
1.2216504     0.0035366209

Time = 28000
Temperature
1.0114842     0.010082135 

Pressure
23.208268     0.087657302 

CM Mom
3.7759262e-17  1.4912145e-17 
-1.0662772e-16 1.7323611e-17 
1.0445078e-17  2.2783149e-17 
1.1671186e-16  1.8006203e-17 

CM Pos
7.4947183      0.011481421   
7.4973245      0.014493471   
7.4925069      0.014970308   
12.981476      0.01377308    

Stress
20.1216      0.0177507    0.000238635   0.11099      0.0767233    0.0413925   
0.0177507    20.2732      0.0130137     0.0767233    0.159076     0.0598911   
0.000238635  0.0130137    20.1276       0.0413925    0.0598911    0.0851585   

Stress Spherical
0            0            0             0            0            0           
