Time = 1000
Temperature
   1.0464205   0.052978731

Pressure
    23.66423    0.19330747

CM Mom
1.2989763e-17  1.1593478e-17 
7.9409284e-17  1.3647749e-17 
3.5609953e-17  9.1028095e-17 
1.1861086e-16  4.77586e-17   

CM Pos
7.4914582      0.019814792   
7.4992347      0.017196809   
7.5045436      0.025087925   
12.987653      0.028777831   

Stress
20.5498      0.00663757   0.0109023     0.121685     0.0504443    0.0466954   
0.00663757   20.5401      -0.00894686   0.0504443    0.0981977    0.0518579   
0.0109023    -0.00894686  20.5009       0.0466954    0.0518579    0.128544    

Stress Spherical
0            0            0             0            0            0           
0            0            0             0            0            0           
0            0            0             0            0            0           

Inertia
150.121      -56.2        -56.2302      0.317889     0.250105     0.28394     
-56.2        149.979      -56.2977      0.250105     0.320065     0.234977    
-56.2302     -56.2977     149.902       0.28394      0.234977     0.384852    

Bond Length
0.62162824    0.0026627191

BB bond length
0.62162824    0.0026627191

Water EE distance
0             0           

PEG EE distance
6.9946273     0.39673237  

BBB P2(x)
0.48497642    0.047342669 

BBB first bond length
0.62171859    0.0026995067

BBB second bond length
0.62151486    0.0029203564

BBB <phi**2>/<phi>**2
1.224482      0.014366118 

Time = 2000
Temperature
1.0068938     0.00603245  

Pressure
23.468725     0.084511115 

CM Mom
2.185834e-17   2.4602296e-17 
7.5072681e-17  1.6227492e-17 
-3.3619243e-17 4.0566365e-17 
9.7682455e-17  1.4707831e-17 

CM Pos
7.4976909      0.0051170181  
7.4987895      0.01885522    
7.4969753      0.0060752343  
12.986614      0.011793553   

Stress
20.4707      -0.0132601   -0.0171588    0.0786944    0.0565823    0.0595392   
-0.0132601   20.4139      0.0238962     0.0565823    0.131642     0.0727931   
-0.0171588   0.0238962    20.4747       0.0595392    0.0727931    0.0672808   

Stress Spherical
0            0            0             0            0            0           
0            0            0             0            0            0           
0            0            0             0            0            0           

Inertia
149.856      -56.2288     -56.2407      0.356411     0.1294       0.0956961   
-56.2288     149.844      -56.1869      0.1294       0.175071     0.179165    
-56.2407     -56.1869     149.871       0.0956961    0.179165     0.300087    

Bond Length
0.62034289    0.0030995319

BB bond length
0.62034289    0.0030995319

Water EE distance
0             0           

PEG EE distance
7.4479575     0.25776743  

BBB P2(x)
0.50743495    0.01477691  

BBB first bond length
0.62002614    0.0031777041

BBB second bond length
0.62016432    0.0032152447

BBB <phi**2>/<phi>**2
1.2195682     0.014527029 

