Time = 500
Temperature
   1.0355119   0.043678361

Pressure
   23.615471    0.18878225

CM Mom
9.3882604e-17  1.0914933e-17 
-4.8119077e-17 1.5488755e-17 
-3.8867675e-17 1.0441876e-17 
1.133038e-16   1.6443935e-17 

CM Pos
7.5017051      0.018338698   
7.4962339      0.013370819   
7.5058975      0.010005103   
12.99261       0.017217603   

Stress
20.4373      0.0178919    0.00114392    0.0711613    0.0494338    0.0659824   
0.0178919    20.5349      -0.00372522   0.0494338    0.108744     0.0475286   
0.00114392   -0.00372522  20.5556       0.0659824    0.0475286    0.0899322   

Stress Spherical
0            0            0             0            0            0           
0            0            0             0            0            0           
0            0            0             0            0            0           

Inertia
149.909      -56.2142     -56.3052      0.130254     0.219631     0.209721    
-56.2142     150.047      -56.2392      0.219631     0.380047     0.109667    
-56.3052     -56.2392     149.882       0.209721     0.109667     0.259787    

Bond Length
0.61329108    0.0088670576

BB bond length
0.61329108    0.0088670576

Water EE distance
0             0           

PEG EE distance
3.2429756     0.54793859  

Time = 1000
Temperature
1.0089351     0.0090478172

Pressure
23.548458     0.042863361 

CM Mom
1.0425284e-16  1.1838693e-17 
-5.7867798e-17 1.6073592e-17 
-2.0685087e-17 1.4266067e-17 
1.224674e-16   1.5779149e-17 

CM Pos
7.4954823      0.0089586427  
7.4941596      0.0097832323  
7.5050085      0.010375627   
12.987305      0.0057086121  

Stress
20.4417      -0.0199721   -0.0277294    0.10749      0.0910446    0.0745615   
-0.0199721   20.5611      0.0571255     0.0910446    0.0848185    0.0497168   
-0.0277294   0.0571255    20.563        0.0745615    0.0497168    0.057765    

Stress Spherical
0            0            0             0            0            0           
0            0            0             0            0            0           
0            0            0             0            0            0           

Inertia
149.855      -56.1688     -56.3043      0.0589656    0.169568     0.101297    
-56.1688     149.936      -56.273       0.169568     0.134879     0.0731369   
-56.3043     -56.273      149.745       0.101297     0.0731369    0.254345    

Bond Length
0.61302535    0.0062446251

BB bond length
0.61302535    0.0062446251

Water EE distance
0             0           

PEG EE distance
3.7414832     0.42851137  

