Time = 1000
Temperature
   1.0435081   0.056007889

Pressure
    23.64549    0.20063031

CM Mom
-4.371915e-17  1.2539419e-17 
6.1915249e-17  3.0504602e-17 
-9.0698207e-17 6.3184797e-17 
1.310714e-16   4.3259698e-17 

CM Pos
7.4990522      0.021326313   
7.5008187      0.0084764729  
7.4963547      0.019658614   
12.988217      0.023046972   

Stress
20.5184      0.0210607    -0.014105     0.120291     0.0770204    0.0485996   
0.0210607    20.5007      0.00417838    0.0770204    0.080503     0.0735649   
-0.014105    0.00417838   20.5396       0.0485996    0.0735649    0.158036    

Stress Spherical
0            0            0             0            0            0           
0            0            0             0            0            0           
0            0            0             0            0            0           

Inertia
149.969      -56.2656     -56.2295      0.904261     0.204479     0.314734    
-56.2656     149.958      -56.2295      0.204479     1.10307      0.18662     
-56.2295     -56.2295     150.013       0.314734     0.18662      0.915163    

Bond Length
0.61923554    0.0041544526

BB bond length
0.61923554    0.0041544526

Water EE distance
0             0           

PEG EE distance
7.3063705     0.46409916  

BBB P2(x)
0.48302374    0.055945486 

BBB first bond length
0.61947017    0.0042512845

BBB second bond length
0.61898169    0.0042987062

BBB <phi**2>/<phi>**2
1.2179401     0.014161853 

Time = 2000
Temperature
1.0136045     0.0061745533

Pressure
23.482387     0.052992013 

CM Mom
-2.6007057e-17 2.2577193e-17 
9.1623324e-17  2.8757791e-17 
-4.3518876e-17 1.6116831e-17 
1.0844796e-16  2.8295318e-17 

CM Pos
7.4972717      0.01115131    
7.4991866      0.018826367   
7.5058503      0.018313678   
12.991731      0.020501385   

Stress
20.3879      0.00580067   -0.0508989    0.0926759    0.0588717    0.0807635   
0.00580067   20.4655      0.0193955     0.0588717    0.0998143    0.0556145   
-0.0508989   0.0193955    20.4848       0.0807635    0.0556145    0.0734587   

Stress Spherical
0            0            0             0            0            0           
0            0            0             0            0            0           
0            0            0             0            0            0           

Inertia
150.004      -56.1498     -56.292       0.559643     0.228064     0.156438    
-56.1498     149.981      -56.335       0.228064     0.435475     0.240885    
-56.292      -56.335      149.873       0.156438     0.240885     0.552192    

Bond Length
0.61779552    0.0028514295

BB bond length
0.61779552    0.0028514295

Water EE distance
0             0           

PEG EE distance
6.655575      0.22133361  

BBB P2(x)
0.5107204     0.013140134 

BBB first bond length
0.61767332    0.003001129 

BBB second bond length
0.61791438    0.0025168981

BBB <phi**2>/<phi>**2
1.2186719     0.019292409 

Time = 3000
Temperature
1.0090044     0.0068918411

Pressure
23.441984     0.092974263 

CM Mom
-1.9017648e-17 1.8056922e-17 
8.1829257e-17  2.6049842e-17 
-5.1366758e-17 3.22786e-17   
1.0449272e-16  2.8706573e-17 

CM Pos
7.5015744      0.017828865   
7.4934003      0.014295774   
7.4942776      0.013389334   
12.984191      0.01847953    

Stress
20.4255      0.00352699   -0.0245939    0.11548      0.058622     0.0454923   
0.00352699   20.3984      0.0106331     0.058622     0.0970658    0.0658682   
-0.0245939   0.0106331    20.4344       0.0454923    0.0658682    0.147789    

Stress Spherical
0            0            0             0            0            0           
0            0            0             0            0            0           
0            0            0             0            0            0           

Inertia
149.778      -56.2129     -56.2276      0.341801     0.240423     0.231069    
-56.2129     149.889      -56.1513      0.240423     0.376731     0.15644     
-56.2276     -56.1513     149.887       0.231069     0.15644      0.467858    

Bond Length
0.61974754    0.0038589601

BB bond length
0.61974754    0.0038589601

Water EE distance
0             0           

PEG EE distance
7.3392004     0.22904522  

BBB P2(x)
0.51383769    0.013043988 

BBB first bond length
0.61999604    0.0038455751

BBB second bond length
0.61973732    0.004129638 

BBB <phi**2>/<phi>**2
1.2256229     0.016777608 

Time = 4000
Temperature
1.0092329     0.0079767628

Pressure
23.525446     0.072238211 

CM Mom
-1.182975e-17  8.2363044e-18 
1.0132707e-16  2.5631676e-17 
-5.9901117e-17 1.7710776e-17 
1.2062708e-16  2.1974109e-17 

CM Pos
7.5066189      0.011166105   
7.496516       0.014958698   
7.4942776      0.014615561   
12.988903      0.015326305   

Stress
20.4609      0.0243617    2.78324e-05   0.0781414    0.06109      0.0779934   
0.0243617    20.477       0.0295456     0.06109      0.0904541    0.0638257   
2.78324e-05  0.0295456    20.5688       0.0779934    0.0638257    0.109258    

Stress Spherical
0            0            0             0            0            0           
0            0            0             0            0            0           
0            0            0             0            0            0           

Inertia
149.821      -56.2769     -56.2735      0.336787     0.2018       0.164153    
-56.2769     149.974      -56.2161      0.2018       0.238253     0.177093    
-56.2735     -56.2161     150.008       0.164153     0.177093     0.347709    

Bond Length
0.61981011    0.0023763256

BB bond length
0.61981011    0.0023763256

Water EE distance
0             0           

PEG EE distance
7.7385159     0.17373883  

BBB P2(x)
0.52981006    0.018553335 

BBB first bond length
0.61974281    0.0023003206

BBB second bond length
0.61973651    0.0025095262

BBB <phi**2>/<phi>**2
1.2254556     0.016152854 

Time = 5000
Temperature
1.0098746     0.0078083509

Pressure
23.46963      0.10297496  

CM Mom
2.1548045e-17  1.5960774e-17 
1.3344118e-16  1.9504811e-17 
-7.8319934e-17 2.2820898e-17 
1.5949167e-16  1.1102399e-17 

CM Pos
7.496975       0.0096256389  
7.4994834      0.0083995133  
7.498877       0.012470854   
12.987697      0.009301521   

Stress
20.4034      -0.012963    0.0291652     0.129926     0.0647183    0.0562814   
-0.012963    20.4507      0.0073063     0.0647183    0.10616      0.0582239   
0.0291652    0.0073063    20.4793       0.0562814    0.0582239    0.0935876   

Stress Spherical
0            0            0             0            0            0           
0            0            0             0            0            0           
0            0            0             0            0            0           

Inertia
149.937      -56.236      -56.2457      0.223792     0.0954648    0.109767    
-56.236      149.908      -56.2543      0.0954648    0.243934     0.159314    
-56.2457     -56.2543     149.906       0.109767     0.159314     0.141945    

Bond Length
0.61931601    0.0037029686

BB bond length
0.61931601    0.0037029686

Water EE distance
0             0           

PEG EE distance
7.6806932     0.1167882   

BBB P2(x)
0.50999229    0.014926253 

BBB first bond length
0.61925149    0.0036101052

BBB second bond length
0.61918321    0.0040236547

BBB <phi**2>/<phi>**2
1.2310156     0.01123185  

Time = 6000
Temperature
1.0115053     0.0067747851

Pressure
23.469399     0.072209461 

CM Mom
2.247076e-18   1.5624745e-17 
1.4845801e-16  2.4826527e-17 
-9.4407118e-17 1.9737547e-17 
1.7797124e-16  2.3104792e-17 

CM Pos
7.5015744      0.011318832   
7.497703       0.014985163   
7.5013992      0.010612199   
12.990784      0.012735013   

Stress
20.3942      0.0157381    -0.0283281    0.102524     0.0448435    0.067023    
0.0157381    20.4415      -0.000181992  0.0448435    0.105316     0.0615688   
-0.0283281   -0.000181992 20.4824       0.067023     0.0615688    0.0962605   

Stress Spherical
0            0            0             0            0            0           
0            0            0             0            0            0           
0            0            0             0            0            0           

Inertia
149.973      -56.272      -56.2968      0.279603     0.193976     0.120253    
-56.272      150.041      -56.2311      0.193976     0.184006     0.120583    
-56.2968     -56.2311     149.976       0.120253     0.120583     0.318017    

Bond Length
0.61975133    0.0034504264

BB bond length
0.61975133    0.0034504264

Water EE distance
0             0           

PEG EE distance
7.6738977     0.16031667  

BBB P2(x)
0.52066697    0.024038985 

BBB first bond length
0.61964982    0.0035220302

BBB second bond length
0.61975204    0.0035730813

BBB <phi**2>/<phi>**2
1.2312973     0.015290503 

Time = 7000
Temperature
1.0104967     0.0084024797

Pressure
23.465397     0.073299976 

CM Mom
5.9876271e-18  1.697785e-17  
1.611218e-16   1.8578213e-17 
-9.3050636e-17 2.1299297e-17 
1.8829369e-16  1.6942632e-17 

CM Pos
7.5020195      0.011241749   
7.5005219      0.012356476   
7.4990254      0.015292699   
12.991301      0.010681357   

Stress
20.4151      -0.00382248  0.0226728     0.0749579    0.0646137    0.039591    
-0.00382248  20.4308      0.0176455     0.0646137    0.105619     0.0981777   
0.0226728    0.0176455    20.4693       0.039591     0.0981777    0.115641    

Stress Spherical
0            0            0             0            0            0           
0            0            0             0            0            0           
0            0            0             0            0            0           

Inertia
149.966      -56.2463     -56.2855      0.308496     0.142199     0.0929154   
-56.2463     150.001      -56.278       0.142199     0.204502     0.191118    
-56.2855     -56.278      150.021       0.0929154    0.191118     0.165333    

Bond Length
0.6238543     0.0033166629

BB bond length
0.6238543     0.0033166629

Water EE distance
0             0           

PEG EE distance
7.614667      0.20430573  

BBB P2(x)
0.52020111    0.013457688 

BBB first bond length
0.62343621    0.0034449006

BBB second bond length
0.62344416    0.0033175584

BBB <phi**2>/<phi>**2
1.2250103     0.0093984768

Time = 8000
Temperature
1.0128097     0.0069420369

Pressure
23.513459     0.088577131 

CM Mom
1.4062276e-17  1.1480105e-17 
1.6568733e-16  6.9400409e-18 
-8.6791493e-17 1.9306838e-17 
1.8869197e-16  1.1439133e-17 

CM Pos
7.4980136      0.0060885117  
7.5023024      0.014824921   
7.5015476      0.011833216   
12.991466      0.013174251   

Stress
20.4325      0.0126112    -0.00699677   0.1057       0.0613204    0.0778845   
0.0126112    20.4552      -0.00337645   0.0613204    0.162398     0.0848422   
-0.00699677  -0.00337645  20.5508       0.0778845    0.0848422    0.120907    

Stress Spherical
0            0            0             0            0            0           
0            0            0             0            0            0           
0            0            0             0            0            0           

Inertia
150.025      -56.2685     -56.2584      0.33566      0.120418     0.129369    
-56.2685     149.975      -56.2886      0.120418     0.222785     0.162566    
-56.2584     -56.2886     149.969       0.129369     0.162566     0.216451    

Bond Length
0.62136121    0.003703277 

BB bond length
0.62136121    0.003703277 

Water EE distance
0             0           

PEG EE distance
7.100991      0.31426433  

BBB P2(x)
0.50412629    0.023960093 

BBB first bond length
0.62167721    0.0041902267

BBB second bond length
0.62144022    0.0039560171

BBB <phi**2>/<phi>**2
1.2199949     0.014231974 

Time = 9000
Temperature
1.0107509     0.010072249 

Pressure
23.482615     0.11993343  

CM Mom
4.0521493e-19  1.3455462e-17 
1.4719899e-16  2.3116317e-17 
-1.3148868e-16 1.9932017e-17 
1.9878198e-16  2.3566997e-17 

CM Pos
7.4954913      0.0094642009  
7.4944389      0.0080022472  
7.4944259      0.010305967   
12.981355      0.010020858   

Stress
20.4238      0.0249952    0.0274031     0.131563     0.0642877    0.0771375   
0.0249952    20.4665      0.0358925     0.0642877    0.104096     0.0576965   
0.0274031    0.0358925    20.4743       0.0771375    0.0576965    0.135789    

Stress Spherical
0            0            0             0            0            0           
0            0            0             0            0            0           
0            0            0             0            0            0           

Inertia
149.823      -56.183      -56.1623      0.244489     0.112616     0.15459     
-56.183      149.841      -56.144       0.112616     0.240189     0.165866    
-56.1623     -56.144      149.844       0.15459      0.165866     0.175535    

Bond Length
0.61923355    0.0053329469

BB bond length
0.61923355    0.0053329469

Water EE distance
0             0           

PEG EE distance
6.7643195     0.32372969  

BBB P2(x)
0.51824774    0.017786606 

BBB first bond length
0.61937724    0.0053144201

BBB second bond length
0.61953931    0.0053060541

BBB <phi**2>/<phi>**2
1.2292742     0.018592255 

Time = 10000
Temperature
1.0083234     0.0073548257

Pressure
23.463675     0.069710829 

CM Mom
-7.6793171e-18 2.8639517e-17 
1.5577494e-16  1.3502093e-17 
-1.3003693e-16 2.4464314e-17 
2.0627675e-16  1.6892e-17    

CM Pos
7.5078059      0.017764545   
7.5107593      0.016500891   
7.5003607      0.012488493   
13.001334      0.011319025   

Stress
20.4487      -0.0517005   0.0309812     0.0793743    0.0548059    0.0615337   
-0.0517005   20.4406      0.00851377    0.0548059    0.124392     0.0329163   
0.0309812    0.00851377   20.4403       0.0615337    0.0329163    0.14345     

Stress Spherical
0            0            0             0            0            0           
0            0            0             0            0            0           
0            0            0             0            0            0           

Inertia
150.171      -56.4161     -56.283       0.259193     0.208775     0.101418    
-56.4161     150.104      -56.3388      0.208775     0.252635     0.152702    
-56.283      -56.3388     150.277       0.101418     0.152702     0.309132    

Bond Length
0.61762215    0.0047021606

BB bond length
0.61762215    0.0047021606

Water EE distance
0             0           

PEG EE distance
5.8987964     0.22043493  

BBB P2(x)
0.51124237    0.013376922 

BBB first bond length
0.61775723    0.004728207 

BBB second bond length
0.61764576    0.0045121979

BBB <phi**2>/<phi>**2
1.2251938     0.013905225 

Time = 11000
Temperature
1.0094612     0.0077060008

Pressure
23.437629     0.1080331   

CM Mom
4.1412362e-17  1.3486394e-17 
1.6994484e-16  1.7624906e-17 
-9.9223026e-17 1.7473829e-17 
2.0253479e-16  1.4797018e-17 

CM Pos
7.5055803      0.0099760211  
7.5002252      0.014106664   
7.5019927      0.009411722   
12.994889      0.016292774   

Stress
20.4314      0.0366981    0.00106897    0.186502     0.0745444    0.0569327   
0.0366981    20.4167      0.00565495    0.0745444    0.144044     0.0690394   
0.00106897   0.00565495   20.3931       0.0569327    0.0690394    0.117774    

Stress Spherical
0            0            0             0            0            0           
0            0            0             0            0            0           
0            0            0             0            0            0           

Inertia
150.041      -56.2692     -56.2982      0.275218     0.190859     0.150952    
-56.2692     150.118      -56.2408      0.190859     0.285681     0.210095    
-56.2982     -56.2408     150.092       0.150952     0.210095     0.269398    

Bond Length
0.61952251    0.0046561306

BB bond length
0.61952251    0.0046561306

Water EE distance
0             0           

PEG EE distance
6.2934395     0.43390929  

BBB P2(x)
0.51864795    0.024191034 

BBB first bond length
0.61954834    0.0047490318

BBB second bond length
0.6195322     0.0046102876

BBB <phi**2>/<phi>**2
1.2255009     0.014573284 

Time = 12000
Temperature
1.0050077     0.0090301094

Pressure
23.443927     0.035293746 

CM Mom
3.4182597e-17  1.8385914e-17 
1.8084377e-16  1.918153e-17  
-8.0697208e-17 3.0590987e-17 
2.0301747e-16  2.8471896e-17 

CM Pos
7.5033548      0.012620873   
7.506605       0.021946925   
7.4954645      0.0091411999  
12.993532      0.017045381   

Stress
20.4641      -0.0300122   -0.0182683    0.108733     0.0855628    0.0894766   
-0.0300122   20.405       0.0183041     0.0855628    0.0868056    0.0528205   
-0.0182683   0.0183041    20.4309       0.0894766    0.0528205    0.110383    

Stress Spherical
0            0            0             0            0            0           
0            0            0             0            0            0           
0            0            0             0            0            0           

Inertia
150.025      -56.3018     -56.2721      0.313527     0.278711     0.113438    
-56.3018     149.985      -56.2536      0.278711     0.171008     0.173132    
-56.2721     -56.2536     150.147       0.113438     0.173132     0.489043    

Bond Length
0.62052248    0.0044554469

BB bond length
0.62052248    0.0044554469

Water EE distance
0             0           

PEG EE distance
6.6987028     0.37307318  

BBB P2(x)
0.51836527    0.013678256 

BBB first bond length
0.6204296     0.0046372002

BBB second bond length
0.62083715    0.0045560879

BBB <phi**2>/<phi>**2
1.2266302     0.0084487159

Time = 13000
Temperature
1.012051      0.0053911087

Pressure
23.481951     0.083422275 

CM Mom
3.1534699e-17  1.6397537e-17 
1.97193e-16    1.2430681e-17 
-4.864899e-17  2.6496133e-17 
2.0786919e-16  1.2731291e-17 

CM Pos
7.501426       0.015108054   
7.5083854      0.011818325   
7.5022894      0.013867444   
12.997383      0.013742518   

Stress
20.4282      -0.0208088   -0.0163217    0.112114     0.0591069    0.0711374   
-0.0208088   20.4719      0.0415208     0.0591069    0.0791158    0.0519683   
-0.0163217   0.0415208    20.4509       0.0711374    0.0519683    0.107496    

Stress Spherical
0            0            0             0            0            0           
0            0            0             0            0            0           
0            0            0             0            0            0           

Inertia
150.175      -56.2873     -56.2961      0.166528     0.203308     0.210597    
-56.2873     150.062      -56.3865      0.203308     0.304561     0.101546    
-56.2961     -56.3865     150.176       0.210597     0.101546     0.347976    

Bond Length
0.62010159    0.0035449718

BB bond length
0.62010159    0.0035449718

Water EE distance
0             0           

PEG EE distance
6.9160572     0.19209739  

BBB P2(x)
0.51433959    0.016554663 

BBB first bond length
0.61989561    0.0036174071

BBB second bond length
0.61996172    0.0035959983

BBB <phi**2>/<phi>**2
1.2246333     0.021395573 

Time = 14000
Temperature
1.0065135     0.0089078361

Pressure
23.483728     0.11666299  

CM Mom
7.0392368e-17  2.8834433e-17 
2.1278602e-16  2.4911894e-17 
-3.4758436e-17 2.1115826e-17 
2.2889576e-16  3.0753231e-17 

CM Pos
7.5039483      0.015844141   
7.4990383      0.021313406   
7.49769        0.015319305   
12.990798      0.016373037   

Stress
20.4951      -0.0143738   -0.0128666    0.172764     0.0982498    0.0568929   
-0.0143738   20.4472      -0.00314025   0.0982498    0.123057     0.0517719   
-0.0128666   -0.00314025  20.4637       0.0568929    0.0517719    0.163228    

Stress Spherical
0            0            0             0            0            0           
0            0            0             0            0            0           
0            0            0             0            0            0           

Inertia
149.958      -56.2691     -56.2761      0.477135     0.15328      0.1358      
-56.2691     150.049      -56.2509      0.15328      0.275252     0.271823    
-56.2761     -56.2509     150.054       0.1358       0.271823     0.282991    

Bond Length
0.6214146     0.0042557499

BB bond length
0.6214146     0.0042557499

Water EE distance
0             0           

PEG EE distance
7.2084183     0.24585326  

BBB P2(x)
0.52061415    0.012437318 

BBB first bond length
0.62169104    0.004400275 

BBB second bond length
0.62161483    0.0044757005

BBB <phi**2>/<phi>**2
1.2325173     0.018859324 

Time = 15000
Temperature
1.0100655     0.0068420794

Pressure
23.459056     0.098607804 

CM Mom
7.7869626e-17  1.4394234e-17 
2.3444649e-16  1.5705942e-17 
-2.4542202e-17 1.6737215e-17 
2.4920707e-16  1.6155396e-17 

CM Pos
7.5057287      0.010715413   
7.5002252      0.018696717   
7.4996188      0.010698965   
12.993615      0.01273153    

Stress
20.4351      0.00964201   -0.0140931    0.113772     0.0721005    0.0571102   
0.00964201   20.4587      -0.0139345    0.0721005    0.126639     0.0666132   
-0.0140931   -0.0139345   20.4062       0.0571102    0.0666132    0.114905    

Stress Spherical
0            0            0             0            0            0           
0            0            0             0            0            0           
0            0            0             0            0            0           

Inertia
149.987      -56.323      -56.2824      0.247116     0.212404     0.161848    
-56.323      150.076      -56.2791      0.212404     0.268262     0.0936239   
-56.2824     -56.2791     150.102       0.161848     0.0936239    0.312309    

Bond Length
0.61918563    0.0041004629

BB bond length
0.61918563    0.0041004629

Water EE distance
0             0           

PEG EE distance
7.3318053     0.41509379  

BBB P2(x)
0.5091895     0.020488107 

BBB first bond length
0.61905422    0.0040790788

BBB second bond length
0.61916162    0.0039846306

BBB <phi**2>/<phi>**2
1.2281661     0.016435224 

Time = 16000
Temperature
1.0086382     0.007314938 

Pressure
23.485127     0.10438722  

CM Mom
1.0307531e-16  1.1492725e-17 
2.2936757e-16  1.4678764e-17 
-3.9579012e-17 6.8493162e-18 
2.5498942e-16  1.3242315e-17 

CM Pos
7.5024646      0.012469971   
7.4990383      0.016978896   
7.4942776      0.01508983    
12.987965      0.013915268   

Stress
20.4843      0.00771935   0.00397867    0.147313     0.0674725    0.112398    
0.00771935   20.4521      -0.0217398    0.0674725    0.135162     0.0634128   
0.00397867   -0.0217398   20.4547       0.112398     0.0634128    0.115908    

Stress Spherical
0            0            0             0            0            0           
0            0            0             0            0            0           
0            0            0             0            0            0           

Inertia
149.9        -56.247      -56.2139      0.379497     0.181435     0.139722    
-56.247      149.966      -56.1783      0.181435     0.198671     0.214681    
-56.2139     -56.1783     150.047       0.139722     0.214681     0.261978    

Bond Length
0.6212518     0.002403495 

BB bond length
0.6212518     0.002403495 

Water EE distance
0             0           

PEG EE distance
7.1843125     0.17500061  

BBB P2(x)
0.50233638    0.015632722 

BBB first bond length
0.62130815    0.0028114721

BBB second bond length
0.62131681    0.0027068718

BBB <phi**2>/<phi>**2
1.220945      0.013612268 

Time = 17000
Temperature
1.0047212     0.010012631 

Pressure
23.473865     0.082118441 

CM Mom
1.1527569e-16  1.510078e-17  
2.4431715e-16  1.9797837e-17 
-3.6899953e-17 2.9432622e-17 
2.7450886e-16  2.1728138e-17 

CM Pos
7.4938593      0.0095187032  
7.4985932      0.0055692357  
7.4967998      0.01231454    
12.984183      0.010194291   

Stress
20.4981      -0.00363224  -0.00333493   0.083006     0.0662827    0.0568009   
-0.00363224  20.4456      -0.0206213    0.0662827    0.0971107    0.0754786   
-0.00333493  -0.0206213   20.4488       0.0568009    0.0754786    0.164581    

Stress Spherical
0            0            0             0            0            0           
0            0            0             0            0            0           
0            0            0             0            0            0           

Inertia
149.938      -56.1579     -56.1657      0.219417     0.120317     0.0742959   
-56.1579     149.864      -56.1887      0.120317     0.245718     0.125879    
-56.1657     -56.1887     149.896       0.0742959    0.125879     0.176044    

Bond Length
0.61767391    0.0028230994

BB bond length
0.61767391    0.0028230994

Water EE distance
0             0           

PEG EE distance
6.9340923     0.2805401   

BBB P2(x)
0.51879641    0.017795644 

BBB first bond length
0.61790201    0.0029634277

BBB second bond length
0.61758048    0.0027494284

BBB <phi**2>/<phi>**2
1.2300419     0.012126654 

Time = 18000
Temperature
1.011186      0.0088463706

Pressure
23.461707     0.083501273 

CM Mom
1.3032931e-16  1.5930751e-17 
2.5166648e-16  1.5630312e-17 
-3.3381364e-17 2.5626626e-17 
2.8704939e-16  1.3911453e-17 

CM Pos
7.4989038      0.011314941   
7.4979997      0.019449788   
7.4953162      0.016686613   
12.985908      0.017622628   

Stress
20.4098      -0.00564972  -0.0148986    0.0935317    0.0610137    0.0727831   
-0.00564972  20.4483      0.00314262    0.0610137    0.112532     0.0689411   
-0.0148986   0.00314262   20.4399       0.0727831    0.0689411    0.0926569   

Stress Spherical
0            0            0             0            0            0           
0            0            0             0            0            0           
0            0            0             0            0            0           

Inertia
149.892      -56.2045     -56.2157      0.310714     0.22124      0.21251     
-56.2045     149.894      -56.2043      0.22124      0.35136      0.176857    
-56.2157     -56.2043     149.957       0.21251      0.176857     0.371245    

Bond Length
0.61927894    0.0034109787

BB bond length
0.61927894    0.0034109787

Water EE distance
0             0           

PEG EE distance
7.0399648     0.11103266  

BBB P2(x)
0.51433576    0.016868149 

BBB first bond length
0.61941814    0.0037030229

BBB second bond length
0.61924009    0.0038479748

BBB <phi**2>/<phi>**2
1.2221612     0.015274658 

Time = 19000
Temperature
1.0107456     0.0089114435

Pressure
23.478143     0.081369463 

CM Mom
1.2044602e-16  1.8549512e-17 
2.1066839e-16  1.8656489e-17 
-5.5779304e-17 1.8938192e-17 
2.5020918e-16  2.1116656e-17 

CM Pos
7.5018711      0.009495549   
7.4963676      0.012345783   
7.4957613      0.0083719501  
12.986927      0.0092062395  

Stress
20.4002      -0.00152236  0.00498858    0.105958     0.0732698    0.083382    
-0.00152236  20.4778      -0.0110226    0.0732698    0.104711     0.0513159   
0.00498858   -0.0110226   20.4732       0.083382     0.0513159    0.12605     

Stress Spherical
0            0            0             0            0            0           
0            0            0             0            0            0           
0            0            0             0            0            0           

Inertia
149.859      -56.217      -56.2462      0.225117     0.136025     0.103239    
-56.217      149.946      -56.1898      0.136025     0.224353     0.106921    
-56.2462     -56.1898     149.96        0.103239     0.106921     0.240956    

Bond Length
0.62035863    0.0041336573

BB bond length
0.62035863    0.0041336573

Water EE distance
0             0           

PEG EE distance
6.8319857     0.36320231  

BBB P2(x)
0.49786813    0.017813733 

BBB first bond length
0.62060303    0.0040418506

BBB second bond length
0.6200489     0.0044943629

BBB <phi**2>/<phi>**2
1.2252734     0.019014894 

Time = 20000
Temperature
1.0115736     0.007767655 

Pressure
23.433748     0.067556607 

CM Mom
1.2400991e-16  2.5052138e-17 
1.9164525e-16  1.4732415e-17 
-6.4166169e-17 2.3168459e-17 
2.3912946e-16  2.0547186e-17 

CM Pos
7.5063222      0.012374279   
7.4985932      0.014709394   
7.4996188      0.016454802   
12.993017      0.014246544   

Stress
20.39        -0.0267572   0.0251197     0.11581      0.0461853    0.0787152   
-0.0267572   20.385       -0.00301417   0.0461853    0.0562647    0.0462563   
0.0251197    -0.00301417  20.4355       0.0787152    0.0462563    0.152318    

Stress Spherical
0            0            0             0            0            0           
0            0            0             0            0            0           
0            0            0             0            0            0           

Inertia
149.979      -56.3306     -56.2681      0.294853     0.165419     0.180668    
-56.3306     150.083      -56.2146      0.165419     0.326072     0.175269    
-56.2681     -56.2146     150.08        0.180668     0.175269     0.344109    

Bond Length
0.62015744    0.0022395746

BB bond length
0.62015744    0.0022395746

Water EE distance
0             0           

PEG EE distance
6.3783307     0.18695036  

BBB P2(x)
0.50593645    0.016482462 

BBB first bond length
0.62011732    0.0025661721

BBB second bond length
0.6202088     0.0021658955

BBB <phi**2>/<phi>**2
1.221747      0.012477254 

Time = 21000
Temperature
1.0071999     0.00520603  

Pressure
23.471418     0.07991538  

CM Mom
1.0336001e-16  1.3910658e-17 
2.0503628e-16  1.1024056e-17 
-5.9362478e-17 3.5724607e-17 
2.4027422e-16  1.0327437e-17 

CM Pos
7.504245       0.010014562   
7.497703       0.0095475671  
7.498877       0.014464924   
12.990867      0.012844394   

Stress
20.4628      -0.0138685   0.0230373     0.114161     0.0598114    0.0535625   
-0.0138685   20.4888      -0.0139358    0.0598114    0.0746845    0.0557551   
0.0230373    -0.0139358   20.4113       0.0535625    0.0557551    0.131312    

Stress Spherical
0            0            0             0            0            0           
0            0            0             0            0            0           
0            0            0             0            0            0           

Inertia
149.938      -56.2244     -56.2748      0.274775     0.108993     0.149749    
-56.2244     150.035      -56.2224      0.108993     0.240093     0.154213    
-56.2748     -56.2224     150.021       0.149749     0.154213     0.227711    

Bond Length
0.61944804    0.0034697118

BB bond length
0.61944804    0.0034697118

Water EE distance
0             0           

PEG EE distance
5.9431982     0.24341067  

BBB P2(x)
0.50262982    0.018210573 

BBB first bond length
0.61927442    0.0038878542

BBB second bond length
0.61951199    0.0036753062

BBB <phi**2>/<phi>**2
1.2224225     0.019489632 

Time = 22000
Temperature
1.0108511     0.0071939719

Pressure
23.537243     0.075780792 

CM Mom
1.0960839e-16  1.9694607e-17 
1.9880535e-16  1.6798024e-17 
-4.3370077e-17 1.4196258e-17 
2.3212875e-16  2.0158314e-17 

CM Pos
7.5023162      0.01385871    
7.5043795      0.013366297   
7.4966515      0.015013781   
12.99233       0.014536351   

Stress
20.5077      -0.0141336   0.0259072     0.147695     0.0696999    0.0756528   
-0.0141336   20.5281      0.0332962     0.0696999    0.127369     0.0528318   
0.0259072    0.0332962    20.4917       0.0756528    0.0528318    0.0952908   

Stress Spherical
0            0            0             0            0            0           
0            0            0             0            0            0           
0            0            0             0            0            0           

Inertia
150.006      -56.2915     -56.2277      0.356093     0.185671     0.166959    
-56.2915     149.972      -56.2388      0.185671     0.262302     0.171255    
-56.2277     -56.2388     150.076       0.166959     0.171255     0.337196    

Bond Length
0.61831284    0.003107978 

BB bond length
0.61831284    0.003107978 

Water EE distance
0             0           

PEG EE distance
6.7360171     0.25170486  

BBB P2(x)
0.48726455    0.024442825 

BBB first bond length
0.61783479    0.0029950593

BBB second bond length
0.61824567    0.0028821362

BBB <phi**2>/<phi>**2
1.2189447     0.015621449 

Time = 23000
Temperature
1.0077422     0.0094454672

Pressure
23.441232     0.07074741  

CM Mom
1.0545554e-16  2.5378535e-17 
1.8306449e-16  5.8771762e-18 
-3.1759132e-17 2.36606e-17   
2.1611309e-16  1.3254719e-17 

CM Pos
7.4987554      0.0091327676  
7.4975546      0.012392055   
7.501696       0.011947075   
12.989238      0.013656706   

Stress
20.4037      -0.0491754   0.0124124     0.0773588    0.058689     0.0667403   
-0.0491754   20.448       -0.00581689   0.058689     0.0960173    0.0525498   
0.0124124    -0.00581689  20.4158       0.0667403    0.0525498    0.0771284   

Stress Spherical
0            0            0             0            0            0           
0            0            0             0            0            0           
0            0            0             0            0            0           

Inertia
149.98       -56.2278     -56.2566      0.344931     0.139687     0.132314    
-56.2278     149.999      -56.2455      0.139687     0.216718     0.150466    
-56.2566     -56.2455     149.944       0.132314     0.150466     0.272509    

Bond Length
0.62088745    0.0030861394

BB bond length
0.62088745    0.0030861394

Water EE distance
0             0           

PEG EE distance
7.4733655     0.29467774  

BBB P2(x)
0.50573854    0.0085943418

BBB first bond length
0.6207118     0.0029645232

BBB second bond length
0.62082772    0.003307939 

BBB <phi**2>/<phi>**2
1.2209575     0.0060893453

Time = 24000
Temperature
1.0123697     0.0067026368

Pressure
23.542716     0.070961264 

CM Mom
8.6213046e-17  7.037322e-18  
1.8052984e-16  2.3125817e-17 
-2.2166025e-17 1.664642e-17  
2.024302e-16   1.9962227e-17 

CM Pos
7.495343       0.010167265   
7.5002252      0.013170529   
7.5002123      0.014854589   
12.987958      0.0132016     

Stress
20.5004      0.0121663    0.0173885     0.0708389    0.062026     0.0561492   
0.0121663    20.4892      0.0234704     0.062026     0.120677     0.0744409   
0.0173885    0.0234704    20.5407       0.0561492    0.0744409    0.09804     

Stress Spherical
0            0            0             0            0            0           
0            0            0             0            0            0           
0            0            0             0            0            0           

Inertia
149.985      -56.2384     -56.2263      0.308552     0.191288     0.122605    
-56.2384     149.908      -56.2494      0.191288     0.24014      0.19096     
-56.2263     -56.2494     149.918       0.122605     0.19096      0.266197    

Bond Length
0.61901988    0.002941384 

BB bond length
0.61901988    0.002941384 

Water EE distance
0             0           

PEG EE distance
6.943676      0.1243744   

BBB P2(x)
0.50489103    0.012298619 

BBB first bond length
0.61892763    0.003033554 

BBB second bond length
0.61902258    0.003153195 

BBB <phi**2>/<phi>**2
1.2240733     0.009079647 

Time = 25000
Temperature
1.0147428     0.0069304358

Pressure
23.55379      0.08551441  

CM Mom
6.8072677e-17  1.5542723e-17 
1.4788217e-16  2.0670681e-17 
-2.9927429e-17 2.7890727e-17 
1.6893328e-16  1.7520579e-17 

CM Pos
7.501426       0.0093236008  
7.5003736      0.011803414   
7.4978384      0.016835677   
12.990188      0.0099704551  

Stress
20.5039      -0.0229978   -0.0482748    0.101498     0.0518974    0.0759301   
-0.0229978   20.4841      -0.0241333    0.0518974    0.0990894    0.081057    
-0.0482748   -0.0241333   20.5543       0.0759301    0.081057     0.109258    

Stress Spherical
0            0            0             0            0            0           
0            0            0             0            0            0           
0            0            0             0            0            0           

Inertia
149.97       -56.2666     -56.2623      0.235515     0.133554     0.158108    
-56.2666     149.97       -56.2115      0.133554     0.283999     0.0958532   
-56.2623     -56.2115     150.03        0.158108     0.0958532    0.20501     

Bond Length
0.61905702    0.0036038138

BB bond length
0.61905702    0.0036038138

Water EE distance
0             0           

PEG EE distance
7.0553677     0.26398251  

BBB P2(x)
0.50066058    0.013886671 

BBB first bond length
0.6189716     0.0038079171

BBB second bond length
0.61906631    0.0038133411

BBB <phi**2>/<phi>**2
1.2221067     0.0089797852

Time = 26000
Temperature
1.0125069     0.0063368069

Pressure
23.478713     0.084249948 

CM Mom
3.8196174e-17  1.5748927e-17 
1.5196658e-16  1.686955e-17  
-3.8868787e-17 1.5058719e-17 
1.6305802e-16  1.5330702e-17 

CM Pos
7.5009809      0.011400221   
7.5045279      0.0070361458  
7.5009541      0.0088636659  
12.994121      0.0066058687  

Stress
20.4295      0.00342164   0.0575489     0.0908505    0.0413134    0.0799863   
0.00342164   20.4324      -0.0300605    0.0413134    0.121318     0.0549942   
0.0575489    -0.0300605   20.4752       0.0799863    0.0549942    0.111385    

Stress Spherical
0            0            0             0            0            0           
0            0            0             0            0            0           
0            0            0             0            0            0           

Inertia
150.089      -56.2804     -56.2751      0.139436     0.126999     0.0697988   
-56.2804     150.029      -56.2775      0.126999     0.136682     0.102846    
-56.2751     -56.2775     150.091       0.0697988    0.102846     0.225556    

Bond Length
0.61706832    0.0025896657

BB bond length
0.61706832    0.0025896657

Water EE distance
0             0           

PEG EE distance
7.0734462     0.072518922 

BBB P2(x)
0.50075371    0.02074833  

BBB first bond length
0.6170518     0.0030229929

BBB second bond length
0.61735729    0.0024686424

BBB <phi**2>/<phi>**2
1.2349863     0.016614287 

Time = 27000
Temperature
1.0111793     0.0065471096

Pressure
23.513541     0.085897444 

CM Mom
5.3231955e-17  1.5119529e-17 
1.7473837e-16  1.7045798e-17 
-3.9493356e-17 1.3486837e-17 
1.8767705e-16  2.0130678e-17 

CM Pos
7.4993489      0.007630499   
7.4959225      0.013972607   
7.5018443      0.01401665    
12.988726      0.014034767   

Stress
20.4785      -0.0311982   0.0162865     0.0798137    0.0727637    0.0734669   
-0.0311982   20.4807      -0.00522839   0.0727637    0.133391     0.0750039   
0.0162865    -0.00522839  20.4942       0.0734669    0.0750039    0.103314    

Stress Spherical
0            0            0             0            0            0           
0            0            0             0            0            0           
0            0            0             0            0            0           

Inertia
149.939      -56.221      -56.2686      0.328832     0.157565     0.186578    
-56.221      150.023      -56.2057      0.157565     0.295826     0.173654    
-56.2686     -56.2057     149.921       0.186578     0.173654     0.248657    

Bond Length
0.61811363    0.0020182806

BB bond length
0.61811363    0.0020182806

Water EE distance
0             0           

PEG EE distance
7.2733369     0.17881801  

BBB P2(x)
0.51883234    0.022717869 

BBB first bond length
0.61768978    0.0016851019

BBB second bond length
0.61845814    0.0021043781

BBB <phi**2>/<phi>**2
1.2237316     0.015503368 

Time = 28000
Temperature
1.0119755     0.0059604608

Pressure
23.485351     0.097749445 

CM Mom
5.8122674e-17  2.3842417e-17 
1.4681794e-16  1.4618785e-17 
-5.1373621e-17 1.7226759e-17 
1.6886685e-16  1.1658405e-17 

CM Pos
7.5039483      0.009846089   
7.4932519      0.023289988   
7.4941292      0.017467767   
12.985408      0.012148063   

Stress
20.4778      -0.0313778   -0.00379493   0.158165     0.0380591    0.0882648   
-0.0313778   20.4119      0.0388942     0.0380591    0.152861     0.0379867   
-0.00379493  0.0388942    20.472        0.0882648    0.0379867    0.116878    

Stress Spherical
0            0            0             0            0            0           
