Time = 500
Temperature
   1.0448837   0.039178806

Pressure
     22.8201     0.2103609

CM Mom
-2.3747992e-17 1.3407606e-17 
-9.1074955e-18 2.4448022e-17 
4.6490658e-17  4.276281e-17  
6.6102829e-17  3.2323961e-17 

CM Pos
7.5047255      0.011083679   
7.506303       0.017179985   
7.5046303      0.032018738   
12.999476      0.0057327705  

Stress
19.6704      -0.0118093   -0.00823761   0.112897     0.0437582    0.0740036   
-0.0118093   19.6704      -0.0566138    0.0437582    0.1208       0.0800912   
-0.00823761  -0.0566138   19.7267       0.0740036    0.0800912    0.127177    

Stress Spherical
0            0            0             0            0            0           
0            0            0             0            0            0           
0            0            0             0            0            0           

Inertia
149.658      -56.312      -56.213       0.338134     0.208741     0.184226    
-56.312      149.713      -56.3439      0.208741     0.386585     0.148425    
-56.213      -56.3439     149.77        0.184226     0.148425     0.50205     

Bond Length
0.6138123     0.0022300529

BB bond length
0.6138123     0.0022300529

Water EE distance
0             0           

PEG EE distance
3.5730631     0.24203041  

Time = 1000
Temperature
1.0042344     0.0064313359

Pressure
22.615512     0.05310599  

CM Mom
-2.921732e-17  8.3443723e-18 
2.9860641e-18  1.9030025e-17 
9.6139737e-17  2.893975e-17  
1.0337111e-16  2.6250921e-17 

CM Pos
7.5050222      0.016291344   
7.5104561      0.029792073   
7.5179795      0.021039007   
13.009712      0.03630933    

Stress
19.6151      -0.0410642   0.020787      0.0639254    0.0550809    0.0801693   
-0.0410642   19.6474      0.0047451     0.0550809    0.157203     0.0635167   
0.020787     0.0047451    19.5567       0.0801693    0.0635167    0.146906    

Stress Spherical
0            0            0             0            0            0           
0            0            0             0            0            0           
0            0            0             0            0            0           

Inertia
149.998      -56.3977     -56.3476      0.818908     0.345691     0.31318     
-56.3977     149.899      -56.5098      0.345691     0.592707     0.36291     
-56.3476     -56.5098     149.842       0.31318      0.36291      0.725047    

Bond Length
0.61638984    0.0042781355

BB bond length
0.61638984    0.0042781355

Water EE distance
0             0           

PEG EE distance
3.6275776     0.14528691  

