Time = 1000
Temperature
   1.1072566    0.13866849

Pressure
   23.668023    0.76208418

CM Mom
-8.7371638e-18 1.6303387e-17 
7.813765e-17   1.8601359e-17 
-3.5115683e-17 4.0234919e-16 
2.7715417e-16  3.0511832e-16 

CM Pos
7.4965514      0.010999558   
7.4969717      0.017452656   
7.4978383      0.017389288   
12.985406      0.020049615   

Stress
20.3703      -0.028036    -0.00344514   0.355259     0.0827725    0.0467704   
-0.028036    20.3314      -0.00772486   0.0827725    0.395494     0.0772059   
-0.00344514  -0.00772486  20.3666       0.0467704    0.0772059    0.382666    

Stress Spherical
0            0            0             0            0            0           
0            0            0             0            0            0           
0            0            0             0            0            0           

Inertia
150.061      -56.2262     -56.2369      1.25488      0.211269     0.151362    
-56.2262     150.03       -56.2474      0.211269     1.18741      0.235405    
-56.2369     -56.2474     150.041       0.151362     0.235405     1.00121     

Bond Length
0.62015625    0.0068753072

BB bond length
0.62015625    0.0068753072

Water EE distance
0             0           

PEG EE distance
6.8170333     0.17770304  

BBB P2(x)
0.47511556    0.057565802 

BBB first bond length
0.62001869    0.0071047767

BBB second bond length
0.62030653    0.0068814964

BBB <phi**2>/<phi>**2
1.2185956     0.012831975 

Time = 2000
Temperature
1.0118989     0.0096683686

Pressure
23.123299     0.10683836  

CM Mom
-4.4543643e-18 1.9117459e-17 
8.251558e-17   1.6889803e-17 
3.790925e-18   5.4817175e-17 
1.0053103e-16  1.9804318e-17 

CM Pos
7.5005633      0.01395545    
7.4992005      0.015313259   
7.5046734      0.014929993   
12.992963      0.011816888   

Stress
20.0998      0.0114689    -0.00520314   0.106058     0.0657377    0.0713711   
0.0114689    20.0957      0.00574235    0.0657377    0.143955     0.0736313   
-0.00520314  0.00574235   20.0943       0.0713711    0.0736313    0.144921    

Stress Spherical
0            0            0             0            0            0           
0            0            0             0            0            0           
0            0            0             0            0            0           

Inertia
149.944      -56.2648     -56.2822      0.353955     0.194184     0.122197    
-56.2648     149.957      -56.2669      0.194184     0.361252     0.151259    
-56.2822     -56.2669     149.894       0.122197     0.151259     0.44406     

Bond Length
0.61926716    0.0018323469

BB bond length
0.61926716    0.0018323469

Water EE distance
0             0           

PEG EE distance
7.0024383     0.12148754  

BBB P2(x)
0.52162287    0.011467799 

BBB first bond length
0.61935197    0.0019750718

BBB second bond length
0.61939082    0.0017672401

BBB <phi**2>/<phi>**2
1.2255419     0.006563717 

