Time = 1000
Temperature
   1.1419214    0.22002287

Pressure
   23.764441    0.99424854

CM Mom
-1.6046801e-17 3.1297795e-17 
-2.0511077e-17 2.0933956e-17 
1.1465553e-16  2.4742745e-16 
1.7661024e-16  2.1276993e-16 

CM Pos
7.4937277      0.012039848   
7.4931913      0.021639034   
7.4965067      0.012053545   
12.980829      0.017747705   

Stress
20.3708      -0.0114383   0.000296578   0.334592     0.0489175    0.0485068   
-0.0114383   20.3491      0.0510134     0.0489175    0.420288     0.0673278   
0.000296578  0.0510134    20.3083       0.0485068    0.0673278    0.316536    

Stress Spherical
0            0            0             0            0            0           
0            0            0             0            0            0           
0            0            0             0            0            0           

Inertia
150.001      -56.1553     -56.1893      1.66521      0.159762     0.198715    
-56.1553     150.019      -56.1251      0.159762     1.57306      0.237645    
-56.1893     -56.1251     149.958       0.198715     0.237645     1.63537     

Bond Length
0.61907922    0.0080626176

BB bond length
0.61907922    0.0080626176

Water EE distance
0             0           

PEG EE distance
6.5654138     0.10337488  

BBB P2(x)
0.46670133    0.067688584 

BBB first bond length
0.6190488     0.0081186442

BBB second bond length
0.61900747    0.0081017811

BBB <phi**2>/<phi>**2
1.2220004     0.01433337  

Time = 2000
Temperature
1.0132577     0.0065857301

Pressure
23.097143     0.083963496 

CM Mom
1.4639673e-17  8.3645976e-18 
-1.3933228e-17 2.5862677e-17 
-7.4888457e-17 5.7833782e-17 
8.8160455e-17  4.8249983e-17 

CM Pos
7.505297       0.012576086   
7.5029807      0.015864422   
7.502143       0.0090756799  
12.996413      0.0090821598  

Stress
20.0821      -0.00602262  -0.0199916    0.102608     0.10645      0.0524785   
-0.00602262  20.0741      0.0137371     0.10645      0.147476     0.075366    
-0.0199916   0.0137371    20.0268       0.0524785    0.075366     0.100261    

Stress Spherical
0            0            0             0            0            0           
0            0            0             0            0            0           
0            0            0             0            0            0           

Inertia
149.954      -56.3303     -56.3567      0.329201     0.181338     0.118104    
-56.3303     149.989      -56.2219      0.181338     0.350464     0.142224    
-56.3567     -56.2219     149.989       0.118104     0.142224     0.496951    

Bond Length
0.61808349    0.0014348555

BB bond length
0.61808349    0.0014348555

Water EE distance
0             0           

PEG EE distance
6.9647857     0.14380771  

BBB P2(x)
0.51489747    0.010296394 

BBB first bond length
0.61831296    0.001651809 

BBB second bond length
0.61807393    0.0014008293

BBB <phi**2>/<phi>**2
1.2271917     0.0091391802

