Time = 1000
Temperature
   1.1029543    0.13907516

Pressure
   23.730412    0.72513098

CM Mom
-7.1980284e-18 1.8311455e-17 
-1.54084e-17   2.9901792e-17 
1.4363521e-16  2.8881376e-16 
2.3436309e-16  2.2502679e-16 

CM Pos
7.5021262      0.010166097   
7.4934965      0.040945747   
7.4989314      0.026779325   
12.987325      0.015854098   

Stress
20.4617      0.00113947   0.0296604     0.397437     0.059833     0.0627805   
0.00113947   20.4187      0.0207679     0.059833     0.309069     0.0668362   
0.0296604    0.0207679    20.4137       0.0627805    0.0668362    0.296449    

Stress Spherical
0            0            0             0            0            0           
0            0            0             0            0            0           
0            0            0             0            0            0           

Inertia
149.997      -56.1917     -56.262       1.07445      0.274028     0.208259    
-56.1917     150.116      -56.2224      0.274028     1.57391      0.18731     
-56.262      -56.2224     150.056       0.208259     0.18731      0.722754    

Bond Length
0.61939678    0.0065656989

BB bond length
0.61939678    0.0065656989

Water EE distance
0             0           

PEG EE distance
6.8308684     0.19909517  

BBB P2(x)
0.4697728     0.065431576 

BBB first bond length
0.61930941    0.0066382444

BBB second bond length
0.61955123    0.0067062822

BBB <phi**2>/<phi>**2
1.2183685     0.013986086 

Time = 2000
Temperature
1.013752      0.0043159417

Pressure
23.201439     0.10928016  

CM Mom
-1.8528737e-17 2.3599826e-17 
4.0651402e-17  3.381658e-17  
-1.2312258e-17 4.3364754e-17 
6.9080647e-17  3.0924444e-17 

CM Pos
7.4880103      0.016028275   
7.5105842      0.019225411   
7.5001201      0.016471881   
12.98967       0.018650921   

Stress
20.1664      0.0183536    0.0164704     0.111348     0.0443403    0.0417035   
0.0183536    20.1078      0.0225446     0.0443403    0.128706     0.047471    
0.0164704    0.0225446    20.2333       0.0417035    0.047471     0.133077    

Stress Spherical
0            0            0             0            0            0           
0            0            0             0            0            0           
0            0            0             0            0            0           

Inertia
150.04       -56.2135     -56.149       0.485769     0.207775     0.225419    
-56.2135     149.699      -56.329       0.207775     0.709262     0.173818    
-56.149      -56.329      149.85        0.225419     0.173818     0.520071    

Bond Length
0.61890853    0.0023601288

BB bond length
0.61890853    0.0023601288

Water EE distance
0             0           

PEG EE distance
6.8991484     0.099860368 

BBB P2(x)
0.50622458    0.010748868 

BBB first bond length
0.61890746    0.0024137056

BBB second bond length
0.61908325    0.0023818702

BBB <phi**2>/<phi>**2
1.2232153     0.0098750792

