Time = 1000
Temperature
   1.0321367    0.03579104

Pressure
   23.591166    0.12898141

CM Mom
-1.4950806e-18 1.6879142e-17 
-2.1262788e-17 2.1198346e-17 
3.0085164e-17  3.475506e-17  
5.2752325e-17  2.2778066e-17 

CM Pos
7.5069087      0.018669133   
7.5055565      0.017758656   
7.5041891      0.020549437   
13.00003       0.014856519   

Stress
20.4944      0.00318042   0.0138143     0.103497     0.0827442    0.0554135   
0.00318042   20.5043      0.0159452     0.0827442    0.0947503    0.0505455   
0.0138143    0.0159452    20.5076       0.0554135    0.0505455    0.0741522   

Stress Spherical
0            0            0             0            0            0           
0            0            0             0            0            0           
0            0            0             0            0            0           

Inertia
150.122      -56.3772     -56.3465      0.372216     0.241649     0.113295    
-56.3772     150.175      -56.3181      0.241649     0.480736     0.202278    
-56.3465     -56.3181     150.172       0.113295     0.202278     0.825025    

Bond Length
0.62119904    0.0042220289

BB bond length
0.62119904    0.0042220289

Water EE distance
0             0           

PEG EE distance
6.9761278     0.36919677  

BBB P2(x)
0.47985061    0.055793191 

BBB first bond length
0.62103162    0.0042250618

BBB second bond length
0.62126943    0.0041899439

BBB <phi**2>/<phi>**2
1.2169057     0.028516305 

Time = 2000
Temperature
1.0086408     0.0091359794

Pressure
23.454057     0.067049636 

CM Mom
-2.8183821e-17 3.1428694e-17 
-1.9177754e-17 1.8643293e-17 
5.4812522e-17  1.7696257e-17 
7.3703268e-17  1.956649e-17  

CM Pos
7.5012656      0.014581021   
7.49531        0.0079748866  
7.4979521      0.012827009   
12.987234      0.011356246   

Stress
20.368       0.0442398    -0.0109255    0.118606     0.0692021    0.0920053   
0.0442398    20.4662      -0.0283285    0.0692021    0.078492     0.075025    
-0.0109255   -0.0283285   20.4716       0.0920053    0.075025     0.119581    

Stress Spherical
0            0            0             0            0            0           
0            0            0             0            0            0           
0            0            0             0            0            0           

Inertia
149.859      -56.2145     -56.2551      0.239658     0.13588      0.140197    
-56.2145     149.931      -56.1599      0.13588      0.339954     0.120939    
-56.2551     -56.1599     149.892       0.140197     0.120939     0.478423    

Bond Length
0.62121356    0.0039341014

BB bond length
0.62121356    0.0039341014

Water EE distance
0             0           

PEG EE distance
6.9315595     0.32015273  

BBB P2(x)
0.51663047    0.015934275 

BBB first bond length
0.62108688    0.0040477071

BBB second bond length
0.62139377    0.0040424236

BBB <phi**2>/<phi>**2
1.2252384     0.018363453 

