Time = 1000
Temperature
   1.0524627   0.069426735

Pressure
    23.64759    0.29705541

CM Mom
1.1551133e-17  1.2345041e-17 
-3.3571527e-19 1.8112896e-17 
4.2837213e-17  1.6227161e-16 
1.3569389e-16  1.018248e-16  

CM Pos
7.4987042      0.017856038   
7.5011018      0.025029544   
7.4996316      0.015936245   
12.990098      0.011328292   

Stress
20.4724      0.00404397   -0.0266246    0.14091      0.0665918    0.051281    
0.00404397   20.5215      -0.0200091    0.0665918    0.127181     0.0622724   
-0.0266246   -0.0200091   20.4973       0.051281     0.0622724    0.114775    

Stress Spherical
0            0            0             0            0            0           
0            0            0             0            0            0           
0            0            0             0            0            0           

Inertia
150.067      -56.2524     -56.2439      1.15111      0.230092     0.170411    
-56.2524     150.006      -56.2409      0.230092     0.589945     0.157332    
-56.2439     -56.2409     150.038       0.170411     0.157332     1.0872      

Bond Length
0.61908103    0.0050703831

BB bond length
0.61908103    0.0050703831

Water EE distance
0             0           

PEG EE distance
7.1648881     0.22964606  

BBB P2(x)
0.47279492    0.068094561 

BBB first bond length
0.61876705    0.0051778076

BBB second bond length
0.61892578    0.0055304332

BBB <phi**2>/<phi>**2
1.2209946     0.021865459 

Time = 2000
Temperature
1.0098989     0.0071101653

Pressure
23.35814      0.10231408  

CM Mom
1.79778e-17    2.1952136e-17 
-4.7369644e-18 2.3307762e-17 
2.1167919e-17  3.1679925e-17 
4.5707915e-17  2.7079016e-17 

CM Pos
7.5034553      0.01166795    
7.4964992      0.01038128    
7.5011163      0.0087345735  
12.991008      0.01058517    

Stress
20.3765      0.00858587   -0.04447      0.123067     0.0798446    0.0671161   
0.00858587   20.3104      -0.0587512    0.0798446    0.0849283    0.0357658   
-0.04447     -0.0587512   20.3183       0.0671161    0.0357658    0.101866    

Stress Spherical
0            0            0             0            0            0           
0            0            0             0            0            0           
0            0            0             0            0            0           

Inertia
149.854      -56.2594     -56.2977      0.356595     0.155441     0.115928    
-56.2594     149.976      -56.2435      0.155441     0.332685     0.138461    
-56.2977     -56.2435     149.908       0.115928     0.138461     0.403618    

Bond Length
0.62009137    0.0022197456

BB bond length
0.62009137    0.0022197456

Water EE distance
0             0           

PEG EE distance
7.6282235     0.35756531  

BBB P2(x)
0.51052739    0.013903482 

BBB first bond length
0.6202422     0.0019057861

BBB second bond length
0.62003783    0.0025695789

BBB <phi**2>/<phi>**2
1.2262244     0.006799602 

Time = 3000
Temperature
1.014551      0.0073882633

Pressure
23.416867     0.060485863 

CM Mom
-6.3692494e-18 8.944433e-18  
9.476676e-18   1.9608943e-17 
-1.9538244e-17 1.1629829e-17 
3.1616239e-17  1.0597057e-17 

CM Pos
7.5016736      0.010994858   
7.4975385      0.013978346   
7.4938412      0.005386031   
12.986383      0.0064155664  

Stress
20.4246      -0.0116773   -0.00571317   0.100216     0.053825     0.0483398   
-0.0116773   20.3388      0.0104293     0.053825     0.10771      0.0526404   
-0.00571317  0.0104293    20.3761       0.0483398    0.0526404    0.0804623   

Stress Spherical
0            0            0             0            0            0           
0            0            0             0            0            0           
0            0            0             0            0            0           

Inertia
149.8        -56.2793     -56.1854      0.242147     0.128074     0.136484    
-56.2793     149.851      -56.1591      0.128074     0.22042      0.106953    
-56.1854     -56.1591     149.916       0.136484     0.106953     0.231636    

Bond Length
0.6192989     0.0026080292

BB bond length
0.6192989     0.0026080292

Water EE distance
0             0           

PEG EE distance
8.0438155     0.15595855  

BBB P2(x)
0.52452708    0.018888887 

BBB first bond length
0.61910799    0.0026743336

BBB second bond length
0.61943536    0.0025190569

BBB <phi**2>/<phi>**2
1.2293358     0.014700291 

Time = 4000
Temperature
1.0064401     0.0054518786

Pressure
23.346803     0.10880233  

CM Mom
3.1023305e-17  3.8658243e-17 
-5.0570203e-18 3.8853104e-17 
-5.5463898e-17 1.8818973e-17 
7.960862e-17   3.2937938e-17 

CM Pos
7.4969226      0.010710495   
7.5016957      0.012120161   
7.4945836      0.0092015938  
12.986462      0.014700649   

Stress
20.3197      -0.047659    0.0185313     0.12486      0.0670473    0.104089    
-0.047659    20.3634      -0.0015233    0.0670473    0.128607     0.0774119   
0.0185313    -0.0015233   20.319        0.104089     0.0774119    0.126033    

Stress Spherical
0            0            0             0            0            0           
0            0            0             0            0            0           
0            0            0             0            0            0           

Inertia
149.889      -56.2195     -56.1496      0.235431     0.159641     0.129829    
-56.2195     149.817      -56.2517      0.159641     0.227565     0.143889    
-56.1496     -56.2517     149.917       0.129829     0.143889     0.324356    

Bond Length
0.61976168    0.0025600604

BB bond length
0.61976168    0.0025600604

Water EE distance
0             0           

PEG EE distance
7.5942918     0.22695575  

BBB P2(x)
0.51904782    0.019156543 

BBB first bond length
0.6198286     0.002786535 

BBB second bond length
0.61980478    0.0027576775

BBB <phi**2>/<phi>**2
1.2242026     0.014985102 

Time = 5000
Temperature
1.0074365     0.0084995688

Pressure
23.360903     0.080658328 

CM Mom
4.9243688e-17  2.281751e-17  
-2.9766571e-18 2.8915352e-17 
-3.7380878e-17 1.0799969e-17 
7.0045207e-17  1.9954349e-17 

CM Pos
7.5003374      0.012668827   
7.5019926      0.0085341628  
7.4960683      0.012135611   
12.989465      0.013399896   

Stress
20.3539      -0.0083721   -0.000749668  0.121858     0.0686562    0.0445606   
-0.0083721   20.3716      -0.00874699   0.0686562    0.0973337    0.0543354   
-0.000749668 -0.00874699  20.31         0.0445606    0.0543354    0.0967642   

Stress Spherical
0            0            0             0            0            0           
0            0            0             0            0            0           
0            0            0             0            0            0           

Inertia
149.907      -56.2531     -56.2173      0.187517     0.110979     0.141503    
-56.2531     149.895      -56.1881      0.110979     0.293347     0.132003    
-56.2173     -56.1881     149.99        0.141503     0.132003     0.263965    

Bond Length
0.61938894    0.0017724269

BB bond length
0.61938894    0.0017724269

Water EE distance
0             0           

PEG EE distance
7.2782323     0.10351913  

BBB P2(x)
0.52038888    0.017661331 

BBB first bond length
0.61940325    0.0018769086

BBB second bond length
0.61934643    0.001860035 

BBB <phi**2>/<phi>**2
1.2260624     0.012857708 

Time = 6000
Temperature
1.0123333     0.0095955749

Pressure
23.35845      0.061684542 

CM Mom
2.1973141e-17  1.4141652e-17 
-1.2991796e-17 1.8357632e-17 
-2.5556119e-17 2.1118643e-17 
4.496238e-17   1.6312305e-17 

CM Pos
7.5028614      0.01743125    
7.495163       0.013542616   
7.5017102      0.016934129   
12.990252      0.013084204   

Stress
20.3158      -0.045995    -0.00201589   0.093034     0.0463533    0.0788168   
-0.045995    20.3479      -0.0347507    0.0463533    0.122072     0.0795297   
-0.00201589  -0.0347507   20.3204       0.0788168    0.0795297    0.0886054   

Stress Spherical
0            0            0             0            0            0           
0            0            0             0            0            0           
0            0            0             0            0            0           

Inertia
149.921      -56.2117     -56.2577      0.329213     0.122294     0.190246    
-56.2117     150.045      -56.2033      0.122294     0.313695     0.172168    
-56.2577     -56.2033     149.941       0.190246     0.172168     0.249922    

Bond Length
0.62052163    0.0017041725

BB bond length
0.62052163    0.0017041725

Water EE distance
0             0           

PEG EE distance
7.669567      0.18934108  

BBB P2(x)
0.51745779    0.012142398 

BBB first bond length
0.6206246     0.0020057981

BBB second bond length
0.62046807    0.0018113042

BBB <phi**2>/<phi>**2
1.224299      0.013202341 

Time = 7000
Temperature
1.0064609     0.0067630766

Pressure
23.341754     0.059933351 

CM Mom
4.7042995e-17  1.574372e-17  
-4.1191054e-17 1.4026395e-17 
-3.0137725e-17 7.5366436e-18 
7.1723877e-17  1.3233282e-17 

CM Pos
7.5041976      0.018401391   
7.4911542      0.012153762   
7.4971076      0.011384909   
12.986046      0.014824481   

Stress
20.3688      -0.00680975  0.0483724     0.05805      0.0889731    0.059309    
-0.00680975  20.3065      -0.0116662    0.0889731    0.135462     0.0587385   
0.0483724    -0.0116662   20.3115       0.059309     0.0587385    0.120637    

Stress Spherical
0            0            0             0            0            0           
0            0            0             0            0            0           
0            0            0             0            0            0           

Inertia
149.783      -56.2318     -56.2861      0.257424     0.165505     0.167272    
-56.2318     149.99       -56.1533      0.165505     0.340606     0.135885    
-56.2861     -56.1533     149.9         0.167272     0.135885     0.287422    

Bond Length
0.61860119    0.0026567435

BB bond length
0.61860119    0.0026567435

Water EE distance
0             0           

PEG EE distance
7.531805      0.15828085  

BBB P2(x)
0.51311433    0.016260325 

BBB first bond length
0.61850311    0.0025594366

BBB second bond length
0.61872636    0.0024363678

BBB <phi**2>/<phi>**2
1.2284209     0.010827704 

Time = 8000
Temperature
1.0051662     0.0085673534

Pressure
23.392653     0.091953865 

CM Mom
5.624989e-17   1.8451629e-17 
-2.8735524e-17 1.393356e-17  
-4.6928434e-17 2.2026819e-17 
8.2094856e-17  2.1732012e-17 

CM Pos
7.4976649      0.010878966   
7.5037743      0.018730867   
7.4913172      0.011489948   
12.986213      0.017471842   

Stress
20.4031      -0.0128317   0.0209255     0.136316     0.0494222    0.0411751   
-0.0128317   20.3702      0.0125861     0.0494222    0.120508     0.0723479   
0.0209255    0.0125861    20.3778       0.0411751    0.0723479    0.0619379   

Stress Spherical
0            0            0             0            0            0           
0            0            0             0            0            0           
0            0            0             0            0            0           

Inertia
149.894      -56.2462     -56.1285      0.341335     0.233013     0.183349    
-56.2462     149.802      -56.1981      0.233013     0.266637     0.213145    
-56.1285     -56.1981     150           0.183349     0.213145     0.316251    

Bond Length
0.61854332    0.0029874858

BB bond length
0.61854332    0.0029874858

Water EE distance
0             0           

PEG EE distance
7.6379515     0.16089223  

BBB P2(x)
0.51046043    0.017173292 

BBB first bond length
0.61856785    0.0031513011

BBB second bond length
0.61860028    0.0026944515

BBB <phi**2>/<phi>**2
1.2269153     0.011635909 

Time = 9000
Temperature
1.016302      0.005535551 

Pressure
23.395296     0.082502998 

CM Mom
7.2829883e-17  2.0418653e-17 
-1.7212962e-17 1.2343627e-17 
-4.6231729e-17 1.0478674e-17 
9.0110786e-17  1.7233281e-17 

CM Pos
7.5000405      0.013947561   
7.4991717      0.010308832   
7.4994831      0.011252477   
12.98964       0.010270217   

Stress
20.371       -0.0044539   -0.0037832    0.108104     0.0703094    0.0878687   
-0.0044539   20.3472      0.0209645     0.0703094    0.163237     0.0511776   
-0.0037832   0.0209645    20.3409       0.0878687    0.0511776    0.10145     

Stress Spherical
0            0            0             0            0            0           
0            0            0             0            0            0           
0            0            0             0            0            0           

Inertia
149.947      -56.286      -56.2817      0.229377     0.110758     0.189842    
-56.286      149.989      -56.2101      0.110758     0.355008     0.115551    
-56.2817     -56.2101     149.956       0.189842     0.115551     0.142997    

Bond Length
0.61870989    0.0026121637

BB bond length
0.61870989    0.0026121637

Water EE distance
0             0           

PEG EE distance
7.3325721     0.1708765   

BBB P2(x)
0.51256565    0.015885851 

BBB first bond length
0.61870232    0.0027981357

BBB second bond length
0.61860553    0.0024766451

BBB <phi**2>/<phi>**2
1.2261847     0.012707415 

Time = 10000
Temperature
1.0106437     0.005900903 

Pressure
23.411954     0.085649917 

CM Mom
7.7064236e-17  2.6475063e-17 
-2.2906935e-17 1.309807e-17  
-1.5859387e-17 1.0949308e-17 
8.4604098e-17  2.3444971e-17 

CM Pos
7.497368       0.0097143449  
7.4942721      0.0081103634  
7.5006709      0.012156482   
12.985952      0.0078588245  

Stress
20.4122      -0.0218709   -0.0296824    0.0829003    0.0643312    0.0736791   
-0.0218709   20.4031      -0.0264081    0.0643312    0.098799     0.0452082   
-0.0296824   -0.0264081   20.3445       0.0736791    0.0452082    0.132216    

Stress Spherical
0            0            0             0            0            0           
0            0            0             0            0            0           
0            0            0             0            0            0           

Inertia
149.905      -56.2036     -56.2583      0.128641     0.14984      0.114357    
-56.2036     149.963      -56.2218      0.14984      0.261559     0.0926011   
-56.2583     -56.2218     149.871       0.114357     0.0926011    0.197359    

Bond Length
0.61818323    0.0029407914

BB bond length
0.61818323    0.0029407914

Water EE distance
0             0           

PEG EE distance
7.4851618     0.21791615  

BBB P2(x)
0.5212201     0.016133092 

BBB first bond length
0.61817566    0.0031167402

BBB second bond length
0.61784163    0.0031168826

BBB <phi**2>/<phi>**2
1.2227656     0.0095630092

Time = 11000
Temperature
1.0123746     0.008055151 

Pressure
23.348988     0.078296122 

CM Mom
7.9805178e-17  3.5197231e-17 
-2.2967237e-17 1.3774546e-17 
-2.2098828e-17 1.9206473e-17 
8.9039671e-17  3.5413662e-17 

CM Pos
7.4954379      0.014640752   
7.5021411      0.016980926   
7.4979984      0.011732008   
12.987847      0.012152507   

Stress
20.3539      0.0080901    0.00910675    0.0933186    0.0429909    0.054286    
0.0080901    20.2662      0.0696117     0.0429909    0.116305     0.0545466   
0.00910675   0.0696117    20.3353       0.054286     0.0545466    0.123535    

Stress Spherical
0            0            0             0            0            0           
0            0            0             0            0            0           
0            0            0             0            0            0           

Inertia
149.981      -56.1887     -56.1779      0.282878     0.126811     0.166922    
-56.1887     149.895      -56.2627      0.126811     0.334227     0.162326    
-56.1779     -56.2627     149.951       0.166922     0.162326     0.221654    

Bond Length
0.62077071    0.0025162043

BB bond length
0.62077071    0.0025162043

Water EE distance
0             0           

PEG EE distance
7.6080054     0.16060448  

BBB P2(x)
0.5143867     0.015139776 

BBB first bond length
0.62096157    0.0024358844

BBB second bond length
0.62074807    0.0025783723

BBB <phi**2>/<phi>**2
1.2290108     0.01116128  

Time = 12000
Temperature
1.0133009     0.0087219719

Pressure
23.356796     0.084856236 

CM Mom
4.8308932e-17  1.8567907e-17 
-4.5472935e-17 1.6919897e-17 
6.0416385e-18  9.4060848e-18 
7.0532291e-17  1.3518973e-17 

CM Pos
7.4985558      0.011937824   
7.4984293      0.0075355306  
7.5037888      0.021650783   
12.990844      0.016659291   

Stress
20.3315      0.0186256    0.0220344     0.122027     0.0550588    0.0459613   
0.0186256    20.31        0.0299846     0.0550588    0.123553     0.063255    
0.0220344    0.0299846    20.329        0.0459613    0.063255     0.113673    

Stress Spherical
0            0            0             0            0            0           
0            0            0             0            0            0           
0            0            0             0            0            0           

Inertia
150.004      -56.2522     -56.2629      0.425193     0.10306      0.213538    
-56.2522     150.029      -56.2562      0.10306      0.337372     0.18135     
-56.2629     -56.2562     149.937       0.213538     0.18135      0.244792    

Bond Length
0.6204963     0.003389328 

BB bond length
0.6204963     0.003389328 

Water EE distance
0             0           

PEG EE distance
6.978154      0.14424135  

BBB P2(x)
0.51429476    0.017068018 

BBB first bond length
0.62034875    0.0034907259

BBB second bond length
0.62017739    0.0038500417

BBB <phi**2>/<phi>**2
1.2246192     0.012758619 

Time = 13000
Temperature
1.0087939     0.0085422788

Pressure
23.368962     0.070802129 

CM Mom
5.5187249e-17  1.8361321e-17 
-2.9346102e-17 1.7631106e-17 
-1.093712e-17  4.9070991e-17 
7.9701012e-17  2.7021318e-17 

CM Pos
7.4906868      0.012021548   
7.5123856      0.010226176   
7.5027495      0.0097765481  
12.993759      0.012437364   

Stress
20.3135      0.0061188    -0.0151317    0.0875797    0.0694389    0.077209    
0.0061188    20.3596      0.0307538     0.0694389    0.0793747    0.0863342   
-0.0151317   0.0307538    20.3744       0.077209     0.0863342    0.122043    

Stress Spherical
0            0            0             0            0            0           
0            0            0             0            0            0           
0            0            0             0            0            0           

Inertia
150.196      -56.3094     -56.2108      0.212789     0.133507     0.163958    
-56.3094     149.889      -56.321       0.133507     0.256137     0.125518    
-56.2108     -56.321      150.027       0.163958     0.125518     0.169234    

Bond Length
0.61893911    0.0015241033

BB bond length
0.61893911    0.0015241033

Water EE distance
0             0           

PEG EE distance
7.1436602     0.17975026  

BBB P2(x)
0.51819724    0.018799495 

BBB first bond length
0.61866544    0.0011979593

BBB second bond length
0.61867932    0.0016005759

BBB <phi**2>/<phi>**2
1.2318646     0.0068311139

Time = 14000
Temperature
1.010037      0.0086630936

Pressure
23.395464     0.08711027  

CM Mom
5.6663352e-17  1.8340458e-17 
-1.0790416e-17 2.0157031e-17 
-7.6676048e-19 1.8351903e-17 
6.477082e-17   1.4559121e-17 

CM Pos
7.4991496      0.016472226   
7.4966477      0.012892186   
7.4993347      0.0085869507  
12.987582      0.014750935   

Stress
20.3953      -0.0147264   -0.0197271    0.126209     0.0563385    0.0558043   
-0.0147264   20.3392      -0.0505243    0.0563385    0.109122     0.0501635   
-0.0197271   -0.0505243   20.3813       0.0558043    0.0501635    0.119267    

Stress Spherical
0            0            0             0            0            0           
0            0            0             0            0            0           
0            0            0             0            0            0           

Inertia
149.912      -56.1822     -56.2315      0.304635     0.157377     0.137765    
-56.1822     149.979      -56.2407      0.157377     0.257488     0.121445    
-56.2315     -56.2407     149.918       0.137765     0.121445     0.34869     

Bond Length
0.62020832    0.002777013 

BB bond length
0.62020832    0.002777013 

Water EE distance
0             0           

PEG EE distance
7.0291185     0.28908789  

BBB P2(x)
0.52546679    0.0088698764

BBB first bond length
0.62011334    0.0027441174

BBB second bond length
0.62023771    0.0027236845

BBB <phi**2>/<phi>**2
1.2354264     0.012009815 

Time = 15000
Temperature
1.0101169     0.0075476583

Pressure
23.346994     0.09486884  

CM Mom
7.9684848e-17  1.5332612e-17 
4.1208912e-18  1.8625567e-17 
4.1225945e-17  2.1113589e-17 
9.3287447e-17  1.9785649e-17 

CM Pos
7.4992981      0.0049687817  
7.5045166      0.013146999   
7.5080944      0.011580719   
12.997269      0.0069164262  

Stress
20.3546      0.00275538   -0.0213417    0.0943937    0.0916521    0.100889    
0.00275538   20.248       -0.0217122    0.0916521    0.139757     0.0755287   
-0.0213417   -0.0217122   20.3671       0.100889     0.0755287    0.101935    

Stress Spherical
0            0            0             0            0            0           
0            0            0             0            0            0           
0            0            0             0            0            0           

Inertia
150.18       -56.2585     -56.302       0.201032     0.103404     0.121274    
-56.2585     150.113      -56.3495      0.103404     0.192185     0.148408    
-56.302      -56.3495     150.049       0.121274     0.148408     0.185856    

Bond Length
0.62066328    0.0038644151

BB bond length
0.62066328    0.0038644151

Water EE distance
0             0           

PEG EE distance
7.2541903     0.099382926 

BBB P2(x)
0.51867156    0.012490162 

BBB first bond length
0.62081408    0.0038415315

BBB second bond length
0.62080834    0.0040876094

BBB <phi**2>/<phi>**2
1.2267183     0.009740893 

Time = 16000
Temperature
1.0090025     0.0066568401

Pressure
23.355805     0.059250647 

CM Mom
1.3572897e-16  1.8445051e-17 
8.4467967e-18  2.6557023e-17 
3.9396818e-17  1.8510049e-17 
1.4525265e-16  1.831923e-17  

CM Pos
7.4992981      0.016182631   
7.4920451      0.015133096   
7.5067582      0.01306627    
12.98931       0.010504858   

Stress
20.3798      -0.0328804   -0.00271701   0.0949856    0.0859019    0.072413    
-0.0328804   20.2873      -0.000563003  0.0859019    0.0687857    0.11176     
-0.00271701  -0.000563003 20.3389       0.072413     0.11176      0.152108    

Stress Spherical
0            0            0             0            0            0           
0            0            0             0            0            0           
0            0            0             0            0            0           

Inertia
149.95       -56.2438     -56.2791      0.203573     0.145608     0.160206    
-56.2438     150.073      -56.2092      0.145608     0.320911     0.13234     
-56.2791     -56.2092     149.85        0.160206     0.13234      0.262662    

Bond Length
0.61853336    0.0022805235

BB bond length
0.61853336    0.0022805235

Water EE distance
0             0           

PEG EE distance
7.3324379     0.17594836  

BBB P2(x)
0.5070799     0.013194616 

BBB first bond length
0.61824154    0.0023442858

BBB second bond length
0.61866878    0.0020772038

BBB <phi**2>/<phi>**2
1.2240017     0.0086081805

Time = 17000
Temperature
1.0130269     0.0059578508

Pressure
23.309693     0.066358816 

CM Mom
1.4422048e-16  1.6807763e-17 
-1.4717351e-17 2.9064863e-17 
4.0902867e-17  3.3135485e-17 
1.56347e-16    2.1680265e-17 

CM Pos
7.4966256      0.015440958   
7.500211       0.0091088954  
7.5039372      0.013643161   
12.990842      0.012873853   

Stress
20.2801      0.00546712   -0.0147636    0.0772664    0.0357432    0.0669432   
0.00546712   20.2922      -0.0187915    0.0357432    0.0969425    0.0639614   
-0.0147636   -0.0187915   20.2594       0.0669432    0.0639614    0.101701    

Stress Spherical
0            0            0             0            0            0           
0            0            0             0            0            0           
0            0            0             0            0            0           

Inertia
150.029      -56.2653     -56.2322      0.224716     0.11541      0.15357     
-56.2653     150          -56.3028      0.11541      0.381206     0.105135    
-56.2322     -56.3028     149.923       0.15357      0.105135     0.211938    

Bond Length
0.62078321    0.0017842842

BB bond length
0.62078321    0.0017842842

Water EE distance
0             0           

PEG EE distance
7.4064784     0.1783491   

BBB P2(x)
0.51137653    0.009411212 

BBB first bond length
0.62095305    0.0017206721

BBB second bond length
0.6203148     0.0019888771

BBB <phi**2>/<phi>**2
1.2257624     0.0096506411

Time = 18000
Temperature
1.0073686     0.0069725261

Pressure
23.345412     0.090272139 

CM Mom
1.5172956e-16  1.5390618e-17 
-4.349216e-17  1.9477067e-17 
6.4260627e-17  2.1818865e-17 
1.729657e-16   1.4765233e-17 

CM Pos
7.4954379      0.011330566   
7.495163       0.011690599   
7.505422       0.013610809   
12.9881        0.010578527   

Stress
20.3047      -0.00680548  -0.0308481    0.0941558    0.0472834    0.0944134   
-0.00680548  20.3422      0.00151368    0.0472834    0.11919      0.0698239   
-0.0308481   0.00151368   20.3427       0.0944134    0.0698239    0.130104    

Stress Spherical
0            0            0             0            0            0           
0            0            0             0            0            0           
0            0            0             0            0            0           

Inertia
149.988      -56.1802     -56.2708      0.246273     0.125687     0.170743    
-56.1802     150.012      -56.2372      0.125687     0.333525     0.14471     
-56.2708     -56.2372     149.839       0.170743     0.14471      0.184028    

Bond Length
0.61929622    0.0023710371

BB bond length
0.61929622    0.0023710371

Water EE distance
0             0           

PEG EE distance
7.5504079     0.13910674  

BBB P2(x)
0.5065808     0.01253774  

BBB first bond length
0.61931518    0.0025203441

BBB second bond length
0.61933223    0.0024964194

BBB <phi**2>/<phi>**2
1.2267312     0.013366224 

Time = 19000
Temperature
1.0117981     0.0061154914

Pressure
23.341587     0.075324174 

CM Mom
1.6554526e-16  1.6488495e-17 
-4.0098744e-17 2.6108866e-17 
5.7232447e-17  2.0242304e-17 
1.8290987e-16  1.3998942e-17 

CM Pos
7.4932108      0.011019891   
7.5071891      0.017153995   
7.4978499      0.0095357067  
12.989389      0.011468452   

Stress
20.3069      0.011392     -0.0453856    0.134556     0.0540605    0.0635509   
0.011392     20.2991      -0.0188079    0.0540605    0.102053     0.0725659   
-0.0453856   -0.0188079   20.3324       0.0635509    0.0725659    0.100673    

Stress Spherical
0            0            0             0            0            0           
0            0            0             0            0            0           
0            0            0             0            0            0           

Inertia
150.05       -56.2579     -56.1732      0.267589     0.143299     0.14907     
-56.2579     149.863      -56.2763      0.143299     0.245166     0.124072    
-56.1732     -56.2763     149.982       0.14907      0.124072     0.259104    

Bond Length
0.61880733    0.0022736851

BB bond length
0.61880733    0.0022736851

Water EE distance
0             0           

PEG EE distance
7.355104      0.16458693  

BBB P2(x)
0.51877344    0.011600142 

BBB first bond length
0.61881492    0.0025785533

BBB second bond length
0.61925214    0.0020823091

BBB <phi**2>/<phi>**2
1.2261772     0.011600403 

Time = 20000
Temperature
1.0089749     0.0096320567

Pressure
23.349216     0.10845244  

CM Mom
1.8167749e-16  2.0183072e-17 
-3.8885828e-17 1.9108145e-17 
4.5049307e-17  8.8254468e-18 
1.9254573e-16  1.8021301e-17 

CM Pos
7.4972195      0.0093477638  
7.4918966      0.017564786   
7.4972561      0.012269291   
12.98253       0.011214138   

Stress
20.319       -0.0228854   0.00489379    0.121268     0.0691519    0.0800357   
-0.0228854   20.3451      -0.0175305    0.0691519    0.0957157    0.0585258   
0.00489379   -0.0175305   20.3225       0.0800357    0.0585258    0.12252     

Stress Spherical
0            0            0             0            0            0           
0            0            0             0            0            0           
0            0            0             0            0            0           

Inertia
149.836      -56.1819     -56.2395      0.238221     0.159667     0.109077    
-56.1819     149.907      -56.1536      0.159667     0.203779     0.174439    
-56.2395     -56.1536     149.809       0.109077     0.174439     0.326162    

Bond Length
0.61992034    0.0026087462

BB bond length
0.61992034    0.0026087462

Water EE distance
0             0           

PEG EE distance
6.8955615     0.27599146  

BBB P2(x)
0.50804616    0.012455794 

BBB first bond length
0.62006148    0.0024286629

BBB second bond length
0.62005059    0.0023240784

BBB <phi**2>/<phi>**2
1.2244099     0.007436022 

Time = 21000
Temperature
1.0081403     0.012799541 

Pressure
23.304055     0.098558212 

CM Mom
1.8289779e-16  1.886592e-17  
-4.5641342e-17 1.6703057e-17 
3.6755327e-17  1.8554907e-17 
1.9361993e-16  1.9396109e-17 

CM Pos
7.4952894      0.013197204   
7.4985778      0.017340596   
7.5033434      0.015326324   
12.988794      0.011843011   

Stress
20.2986      -0.00469374  0.00802453    0.0789717    0.061804     0.0469968   
-0.00469374  20.2766      -0.0348663    0.061804     0.132814     0.0949216   
0.00802453   -0.0348663   20.2834       0.0469968    0.0949216    0.134112    

Stress Spherical
0            0            0             0            0            0           
0            0            0             0            0            0           
0            0            0             0            0            0           

Inertia
150.011      -56.1711     -56.221       0.340729     0.146794     0.143651    
-56.1711     149.972      -56.2448      0.146794     0.287922     0.162858    
-56.221      -56.2448     149.891       0.143651     0.162858     0.271279    

Bond Length
0.61900951    0.0032238971

BB bond length
0.61900951    0.0032238971

Water EE distance
0             0           

PEG EE distance
7.4084446     0.31698332  

BBB P2(x)
0.50913064    0.018646672 

BBB first bond length
0.61903783    0.0032831819

BBB second bond length
0.61855407    0.0034690501

BBB <phi**2>/<phi>**2
1.2281281     0.014764327 

Time = 22000
Temperature
1.0089689     0.0058976762

Pressure
23.34774      0.084326665 

CM Mom
1.8450411e-16  1.8648705e-17 
-7.3390324e-17 1.8955201e-17 
3.4251062e-17  1.4418205e-17 
2.0337863e-16  1.2374632e-17 

CM Pos
7.4960318      0.0095252984  
7.5005079      0.011134316   
7.4994831      0.009852911   
12.98809       0.013379657   

Stress
20.3121      0.00996054   -0.0309861    0.0780745    0.0750265    0.0645801   
0.00996054   20.3613      -0.0697068    0.0750265    0.123481     0.0579697   
-0.0309861   -0.0697068   20.3088       0.0645801    0.0579697    0.126353    

Stress Spherical
0            0            0             0            0            0           
0            0            0             0            0            0           
0            0            0             0            0            0           

Inertia
149.994      -56.2386     -56.2816      0.277523     0.157041     0.154373    
-56.2386     149.951      -56.2748      0.157041     0.256792     0.158687    
-56.2816     -56.2748     149.956       0.154373     0.158687     0.264623    

Bond Length
0.6206988     0.0027655509

BB bond length
0.6206988     0.0027655509

Water EE distance
0             0           

PEG EE distance
6.8965805     0.16355014  

BBB P2(x)
0.52133887    0.013494243 

BBB first bond length
0.62051505    0.0027413338

BBB second bond length
0.6208174     0.0030112927

BBB <phi**2>/<phi>**2
1.2262423     0.011706416 

Time = 23000
Temperature
1.0107408     0.010171369 

Pressure
23.400522     0.070329579 

CM Mom
1.8830179e-16  1.6660704e-17 
-8.9296827e-17 2.3391873e-17 
4.4381723e-17  1.4324356e-17 
2.1450548e-16  2.0458946e-17 

CM Pos
7.497368       0.017429353   
7.5011018      0.01217098    
7.5043827      0.016106853   
12.992048      0.014459329   

Stress
20.3785      -0.0109509   0.00162428    0.094832     0.0721506    0.0781309   
-0.0109509   20.3359      -0.0250872    0.0721506    0.0841499    0.0714422   
0.00162428   -0.0250872   20.4103       0.0781309    0.0714422    0.0786696   

Stress Spherical
0            0            0             0            0            0           
0            0            0             0            0            0           
0            0            0             0            0            0           

Inertia
150.065      -56.2498     -56.2577      0.275534     0.193871     0.152841    
-56.2498     150.04       -56.2844      0.193871     0.278049     0.143929    
-56.2577     -56.2844     149.96        0.152841     0.143929     0.332216    

Bond Length
0.61937703    0.0035659915

BB bond length
0.61937703    0.0035659915

Water EE distance
0             0           

PEG EE distance
6.72974       0.19381887  

BBB P2(x)
0.50336197    0.013440862 

BBB first bond length
0.61931075    0.0034356831

BBB second bond length
0.61922881    0.0036060652

BBB <phi**2>/<phi>**2
1.2250533     0.012668019 

Time = 24000
Temperature
1.0114559     0.0058687798

Pressure
23.37968      0.06731075  

CM Mom
1.8071952e-16  2.0102401e-17 
-7.8546109e-17 8.4463075e-18 
1.7494282e-17  1.9484348e-17 
1.9919155e-16  1.7688893e-17 

CM Pos
7.4967741      0.014563005   
7.494866       0.0088536384  
7.5008194      0.013595414   
12.98604       0.013277598   

Stress
20.353       -0.00633467  -0.00237963   0.106173     0.0473746    0.0593198   
-0.00633467  20.3881      0.00888438    0.0473746    0.128973     0.0521587   
-0.00237963  0.00888438   20.3146       0.0593198    0.0521587    0.121142    

Stress Spherical
0            0            0             0            0            0           
0            0            0             0            0            0           
0            0            0             0            0            0           

Inertia
149.932      -56.1475     -56.1911      0.187068     0.15051      0.19622     
-56.1475     149.982      -56.2104      0.15051      0.292341     0.136582    
-56.1911     -56.2104     149.867       0.19622      0.136582     0.301004    

Bond Length
0.61937767    0.0024483518

BB bond length
0.61937767    0.0024483518

Water EE distance
0             0           

PEG EE distance
7.1734804     0.21888452  

BBB P2(x)
0.52141229    0.011794631 

BBB first bond length
0.61931924    0.0027030135

BBB second bond length
0.61955555    0.0022963051

BBB <phi**2>/<phi>**2
1.2276966     0.014950163 

Time = 25000
Temperature
1.0174231     0.0039365626

Pressure
23.371285     0.11049588  

CM Mom
1.7427125e-16  1.0085378e-17 
-9.2674721e-17 1.3141091e-17 
1.5574084e-17  2.4050078e-17 
1.9973923e-16  1.2596666e-17 

CM Pos
7.5044946      0.013994894   
7.4947175      0.012841647   
7.4960683      0.014578134   
12.987673      0.014050271   

Stress
20.304       -0.0413631   0.0418179     0.10728      0.0524387    0.10278     
-0.0413631   20.3498      -0.00953847   0.0524387    0.177802     0.0527673   
0.0418179    -0.00953847  20.3231       0.10278      0.0527673    0.0856769   

Stress Spherical
0            0            0             0            0            0           
0            0            0             0            0            0           
0            0            0             0            0            0           

Inertia
149.853      -56.2451     -56.2567      0.28847      0.115876     0.174512    
-56.2451     149.982      -56.1488      0.115876     0.369585     0.153314    
-56.2567     -56.1488     149.971       0.174512     0.153314     0.248647    

Bond Length
0.61909286    0.0019930907

BB bond length
0.61909286    0.0019930907

Water EE distance
0             0           

PEG EE distance
7.384918      0.18719047  

BBB P2(x)
0.51747094    0.015900286 

BBB first bond length
0.61932897    0.0022292055

BBB second bond length
0.61921753    0.0021255907

BBB <phi**2>/<phi>**2
1.2247865     0.0057598094

Time = 26000
Temperature
1.0078976     0.0043237104

Pressure
23.385825     0.097857346 

CM Mom
1.5195017e-16  1.7719732e-17 
-1.0584234e-16 2.1062672e-17 
4.4137492e-17  1.2781727e-17 
1.9245154e-16  1.1089382e-17 

CM Pos
7.5031583      0.010627851   
7.5045166      0.013624568   
7.5070551      0.011691541   
12.998899      0.0096708653  

Stress
20.3463      -0.0229332   -0.0152887    0.0972389    0.0681407    0.0581067   
-0.0229332   20.3556      0.00351128    0.0681407    0.146046     0.0392765   
-0.0152887   0.00351128   20.4042       0.0581067    0.0392765    0.124319    

Stress Spherical
0            0            0             0            0            0           
0            0            0             0            0            0           
0            0            0             0            0            0           

Inertia
150.182      -56.3138     -56.311       0.296198     0.100857     0.104166    
-56.3138     150.16       -56.3628      0.100857     0.126723     0.182745    
-56.311      -56.3628     150.104       0.104166     0.182745     0.23765     

Bond Length
0.61807708    0.0023068216

BB bond length
0.61807708    0.0023068216

Water EE distance
0             0           

PEG EE distance
7.3443414     0.27073105  

BBB P2(x)
0.51455484    0.013482201 

BBB first bond length
0.6181461     0.0021257362

BBB second bond length
0.61832119    0.0023267992

BBB <phi**2>/<phi>**2
1.232827      0.014234357 

Time = 27000
Temperature
1.0062902     0.0070714806

Pressure
23.377233     0.079602258 

CM Mom
1.2650449e-16  1.0698885e-17 
-1.1533001e-16 6.9335311e-18 
3.0786903e-17  1.9511668e-17 
1.7523899e-16  9.3151351e-18 

CM Pos
7.4997435      0.014210598   
7.5009533      0.013419161   
7.5021556      0.017644923   
12.99204       0.019521496   

Stress
20.3978      0.038342     -0.0471206    0.0970116    0.0584089    0.0718326   
0.038342     20.3543      -0.0205026    0.0584089    0.104012     0.0505669   
-0.0471206   -0.0205026   20.3427       0.0718326    0.0505669    0.139147    

Stress Spherical
0            0            0             0            0            0           
0            0            0             0            0            0           
0            0            0             0            0            0           

Inertia
150.053      -56.2077     -56.2764      0.403295     0.133087     0.174437    
-56.2077     150.035      -56.3304      0.133087     0.392138     0.191831    
-56.2764     -56.3304     150.01        0.174437     0.191831     0.334995    

Bond Length
0.61735452    0.0034555767

BB bond length
0.61735452    0.0034555767

Water EE distance
0             0           

PEG EE distance
6.9541003     0.13821227  

BBB P2(x)
0.50623251    0.011774383 

BBB first bond length
0.6174336     0.0030781048

BBB second bond length
0.61749856    0.0036638203

BBB <phi**2>/<phi>**2
1.2230537     0.01195936  

Time = 28000
Temperature
1.0054938     0.0059734331

Pressure
23.395024     0.082057881 

CM Mom
1.2387674e-16  2.3367831e-17 
-5.7697421e-17 2.8909362e-17 
1.3896194e-17  1.617471e-17  
1.4115677e-16  2.4202023e-17 

CM Pos
7.4954379      0.012174602   
7.5030319      0.010666154   
7.5052735      0.016682326   
12.992557      0.0142842     

Stress
20.3518      0.0387017    -0.0353253    0.109316     0.0432287    0.0570213   
0.0387017    20.3786      0.00330398    0.0432287    0.0815961    0.0665736   
-0.0353253   0.00330398   20.425        0.0570213    0.0665736    0.118995    

Stress Spherical
0            0            0             0            0            0           
