Time = 1000
Temperature
   1.1553253    0.24933005

Pressure
   23.868731     1.1434951

CM Mom
-9.4164626e-18 1.6999859e-17 
-2.3230371e-17 3.3501685e-17 
-7.7541882e-17 1.102765e-16  
1.286049e-16   6.0614423e-17 

CM Pos
7.5009366      0.017239428   
7.504819       0.026766205   
7.5014729      0.006238428   
12.994574      0.023422046   

Stress
20.407       -0.0121135   0.0129373     0.445412     0.0776472    0.069249    
-0.0121135   20.3975      0.0185697     0.0776472    0.392101     0.0550583   
0.0129373    0.0185697    20.416        0.069249     0.0550583    0.443907    

Stress Spherical
0            0            0             0            0            0           
0            0            0             0            0            0           
0            0            0             0            0            0           

Inertia
150.261      -56.3013     -56.2653      1.13455      0.30336      0.170272    
-56.3013     150.219      -56.3227      0.30336      1.19023      0.265757    
-56.2653     -56.3227     150.257       0.170272     0.265757     0.912708    

Bond Length
0.61880663    0.0089397428

BB bond length
0.61880663    0.0089397428

Water EE distance
0             0           

PEG EE distance
7.0065671     0.18728247  

BBB P2(x)
0.46720666    0.066030638 

BBB first bond length
0.61867156    0.0091431587

BBB second bond length
0.61860493    0.0087812215

BBB <phi**2>/<phi>**2
1.2148804     0.014586329 

Time = 2000
Temperature
1.0216915     0.0056314134

Pressure
23.137791     0.09270656  

CM Mom
-4.8419249e-18 2.0586269e-17 
-5.7476245e-18 8.8248358e-18 
-6.2317827e-17 5.3741765e-17 
8.0439774e-17  2.9313534e-17 

CM Pos
7.5019748      0.0090902127  
7.5049673      0.012071783   
7.4999897      0.018195545   
12.994398      0.014022664   

Stress
20.0115      -0.0162568   -0.00347632   0.0918231    0.0606951    0.0631991   
-0.0162568   20.1097      0.00250789    0.0606951    0.124443     0.0799852   
-0.00347632  0.00250789   20.1079       0.0631991    0.0799852    0.126466    

Stress Spherical
0            0            0             0            0            0           
0            0            0             0            0            0           
0            0            0             0            0            0           

Inertia
149.976      -56.3025     -56.2129      0.476214     0.139462     0.192219    
-56.3025     149.937      -56.2648      0.139462     0.523145     0.176324    
-56.2129     -56.2648     150.012       0.192219     0.176324     0.2863      

Bond Length
0.61668713    0.0018914707

BB bond length
0.61668713    0.0018914707

Water EE distance
0             0           

PEG EE distance
7.3305682     0.16272422  

BBB P2(x)
0.5087799     0.0078909465

BBB first bond length
0.61656994    0.0021724047

BBB second bond length
0.61660508    0.0017869612

BBB <phi**2>/<phi>**2
1.2266383     0.0080330182

