Time = 500
Temperature
   1.0350392   0.045599959

Pressure
   22.925773    0.22050678

CM Mom
-1.9748399e-17 1.831036e-17  
-7.8369976e-18 2.9767852e-17 
4.9664145e-17  1.8650076e-17 
6.5375203e-17  1.4602997e-17 

CM Pos
7.5110665      0.031220256   
7.4911805      0.021732492   
7.5010295      0.021352517   
12.99229       0.040794444   

Stress
19.8253      0.0223637    -0.00848974   0.135576     0.020371     0.0975012   
0.0223637    19.8377      0.010578      0.020371     0.204888     0.0896165   
-0.00848974  0.010578     19.8109       0.0975012    0.0896165    0.0985539   

Stress Spherical
0            0            0             0            0            0           
0            0            0             0            0            0           
0            0            0             0            0            0           

Inertia
149.651      -56.3214     -56.3304      0.766316     0.411003     0.323728    
-56.3214     149.897      -56.245       0.411003     0.953505     0.342165    
-56.3304     -56.245      149.717       0.323728     0.342165     0.94965     

Bond Length
0.61654861    0.0014580121

BB bond length
0.61654861    0.0014580121

Water EE distance
0             0           

PEG EE distance
3.1374046     0.17110288  

Time = 1000
Temperature
1.0049063     0.0042752455

Pressure
22.793749     0.077324291 

CM Mom
-4.0495363e-17 1.0794016e-17 
-3.9020299e-18 3.5323589e-18 
6.9348316e-17  9.4040134e-18 
8.1354456e-17  7.9476743e-18 

CM Pos
7.506023       0.010294315   
7.4846536      0.0070830714  
7.4805588      0.0068557476  
12.973796      0.0034671227  

Stress
19.8195      -0.0461142   -0.0171006    0.0989406    0.0769658    0.066113    
-0.0461142   19.7465      -0.00178373   0.0769658    0.100002     0.0602284   
-0.0171006   -0.00178373  19.7827       0.066113     0.0602284    0.0756845   

Stress Spherical
0            0            0             0            0            0           
0            0            0             0            0            0           
0            0            0             0            0            0           

Inertia
149.279      -56.1647     -56.143       0.154941     0.0881231    0.0721433   
-56.1647     149.511      -56.0857      0.0881231    0.149853     0.0986936   
-56.143      -56.0857     149.55        0.0721433    0.0986936    0.211023    

Bond Length
0.61322982    0.0029350946

BB bond length
0.61322982    0.0029350946

Water EE distance
0             0           

PEG EE distance
3.3660931     0.17227404  

