Time = 1000
Temperature
   1.0831691    0.23966987

Pressure
   23.510772    0.68401677

CM Mom
-9.7609096e-18 2.7606605e-17 
-2.3237704e-17 1.7018751e-17 
-2.5023384e-17 5.8074896e-17 
6.4186885e-17  3.9571907e-17 

CM Pos
7.5028995      0.012921647   
7.4944396      0.039611972   
7.4972035      0.01435745    
12.987287      0.022186081   

Stress
20.2488      -0.0165839   0.00856133    0.142183     0.0635146    0.0657816   
-0.0165839   20.2699      -0.00525707   0.0635146    0.135866     0.0755032   
0.00856133   -0.00525707  20.2708       0.0657816    0.0755032    0.143081    

Stress Spherical
0            0            0             0            0            0           
0            0            0             0            0            0           
0            0            0             0            0            0           

Inertia
149.737      -56.2302     -56.236       0.993129     0.31701      0.146422    
-56.2302     149.89       -56.1989      0.31701      0.373672     0.282545    
-56.236      -56.1989     149.826       0.146422     0.282545     0.978222    

Bond Length
0.57377983    0.017921899 

BB bond length
0.57377983    0.017921899 

Water EE distance
0             0           

PEG EE distance
2.3109848     0.22710795  

Time = 2000
Temperature
1.0113701     0.0072140767

Pressure
23.27851      0.08024609  

CM Mom
-3.0880546e-17 2.0938614e-17 
-1.2237393e-17 1.9101307e-17 
-4.8280274e-18 2.661231e-17  
4.8281004e-17  1.7524754e-17 

CM Pos
7.50244        0.013795954   
7.495833       0.0149305     
7.5027179      0.012978906   
12.990969      0.014117925   

Stress
20.2543      0.000838539  -0.00472166   0.113485     0.0794676    0.0607533   
0.000838539  20.2489      -0.00446151   0.0794676    0.11419      0.0662599   
-0.00472166  -0.00446151  20.2353       0.0607533    0.0662599    0.111099    

Stress Spherical
0            0            0             0            0            0           
0            0            0             0            0            0           
0            0            0             0            0            0           

Inertia
149.904      -56.23       -56.2811      0.426384     0.169365     0.154196    
-56.23       149.999      -56.238       0.169365     0.295269     0.173549    
-56.2811     -56.238      149.894       0.154196     0.173549     0.329853    

Bond Length
0.5701212     0.0030539457

BB bond length
0.5701212     0.0030539457

Water EE distance
0             0           

PEG EE distance
2.2513701     0.064427485 

Time = 3000
Temperature
1.0117778     0.0069612218

Pressure
23.278561     0.086402443 

CM Mom
-3.3751852e-17 1.5457723e-17 
1.2230371e-17  1.9433301e-17 
6.7173965e-18  1.8823216e-17 
4.5575191e-17  1.5089824e-17 

CM Pos
7.5036704      0.017621232   
7.4959219      0.013854943   
7.5049118      0.012486857   
12.993003      0.011696005   

Stress
20.2523      0.010539     0.0059477     0.128394     0.0655672    0.0714332   
0.010539     20.2495      -0.0139653    0.0655672    0.119447     0.0747341   
0.0059477    -0.0139653   20.2333       0.0714332    0.0747341    0.117779    

Stress Spherical
0            0            0             0            0            0           
0            0            0             0            0            0           
0            0            0             0            0            0           

Inertia
149.963      -56.2549     -56.2818      0.274086     0.165251     0.157406    
-56.2549     150.065      -56.2442      0.165251     0.297874     0.146943    
-56.2818     -56.2442     149.934       0.157406     0.146943     0.297308    

Bond Length
0.57007643    0.0027993061

BB bond length
0.57007643    0.0027993061

Water EE distance
0             0           

PEG EE distance
2.2488382     0.06849337  

