Time = 1000
Temperature
   1.1536294    0.23427898

Pressure
   23.788267     1.1048728

CM Mom
6.0531653e-18  1.9356255e-17 
2.9217852e-17  3.4973637e-17 
1.2293583e-16  4.2692743e-16 
2.7775527e-16  3.5031472e-16 

CM Pos
7.5060025      0.043784863   
7.5040215      0.023877789   
7.494523       0.022271916   
12.993076      0.035453406   

Stress
20.3493      -0.000715632 0.0200112     0.388024     0.0811265    0.0706381   
-0.000715632 20.3438      -0.0931861    0.0811265    0.406303     0.0842066   
0.0200112    -0.0931861   20.3085       0.0706381    0.0842066    0.455041    

Stress Spherical
0            0            0             0            0            0           
0            0            0             0            0            0           
0            0            0             0            0            0           

Inertia
150.149      -56.3298     -56.2962      1.54615      0.504788     0.33992     
-56.3298     150.2        -56.2049      0.504788     1.91931      0.194834    
-56.2962     -56.2049     150.333       0.33992      0.194834     2.37667     

Bond Length
0.61893483    0.0088012049

BB bond length
0.61893483    0.0088012049

Water EE distance
0             0           

PEG EE distance
7.0857302     0.14653394  

BBB P2(x)
0.47451148    0.062666298 

BBB first bond length
0.61871642    0.0090182217

BBB second bond length
0.61892709    0.0084034671

BBB <phi**2>/<phi>**2
1.2206086     0.017569436 

Time = 2000
Temperature
1.0180177     0.0086852307

Pressure
23.01581      0.10736033  

CM Mom
-6.924887e-18  1.8563589e-17 
4.8114974e-17  1.3603798e-17 
-2.8591731e-17 1.1831959e-16 
9.4756523e-17  9.3439225e-17 

CM Pos
7.5000654      0.015368434   
7.4945222      0.010624696   
7.495562       0.016703772   
12.984707      0.017610394   

Stress
19.9782      -0.0237659   -0.00650468   0.0963799    0.0809013    0.0705472   
-0.0237659   19.979       -0.0449976    0.0809013    0.16989      0.0546936   
-0.00650468  -0.0449976   19.9452       0.0705472    0.0546936    0.102808    

Stress Spherical
0            0            0             0            0            0           
0            0            0             0            0            0           
0            0            0             0            0            0           

Inertia
149.737      -56.2222     -56.2052      0.512924     0.149156     0.232182    
-56.2222     149.811      -56.1832      0.149156     0.663901     0.199816    
-56.2052     -56.1832     149.799       0.232182     0.199816     0.52939     

Bond Length
0.61825567    0.0018735977

BB bond length
0.61825567    0.0018735977

Water EE distance
0             0           

PEG EE distance
7.0570228     0.097484314 

BBB P2(x)
0.5108507     0.0086690044

BBB first bond length
0.61822301    0.001850295 

BBB second bond length
0.61818677    0.0018181371

BBB <phi**2>/<phi>**2
1.2243899     0.007166597 

