Time = 500
Temperature
   1.0339955   0.040795515

Pressure
   23.303981    0.18462864

CM Mom
3.4873219e-17  2.1368054e-17 
-6.5740468e-17 1.1566679e-17 
-1.0595315e-17 2.8545915e-17 
8.3548022e-17  8.6712434e-18 

CM Pos
7.5001081      0.012592965   
7.4945523      0.028790892   
7.4978918      0.017975999   
12.986122      0.016363435   

Stress
20.2592      -0.042515    0.00660274    0.0654209    0.056269     0.0658046   
-0.042515    20.1527      -0.0375247    0.056269     0.154532     0.0411095   
0.00660274   -0.0375247   20.195        0.0658046    0.0411095    0.146869    

Stress Spherical
0            0            0             0            0            0           
0            0            0             0            0            0           
0            0            0             0            0            0           

Inertia
149.752      -56.2992     -56.2046      0.361552     0.232445     0.107708    
-56.2992     149.841      -56.1911      0.232445     0.256246     0.168835    
-56.2046     -56.1911     149.778       0.107708     0.168835     0.500424    

Bond Length
0.61780964    0.0055677561

BB bond length
0.61780964    0.0055677561

Water EE distance
0             0           

PEG EE distance
3.5308311     0.34081263  

Time = 1000
Temperature
1.0182435     0.011981519 

Pressure
23.267997     0.094053605 

CM Mom
5.274704e-17   1.4495719e-17 
-7.820361e-17  1.686975e-17  
-5.3869504e-17 4.4366821e-17 
1.1749949e-16  2.1377041e-17 

CM Pos
7.4992192      0.0069114404  
7.4984045      0.0081476059  
7.4884094      0.016138185   
12.982333      0.0061401001  

Stress
20.2342      -0.0245153   0.0123424     0.100959     0.0760672    0.0325963   
-0.0245153   20.2626      0.0028872     0.0760672    0.100878     0.0474246   
0.0123424    0.0028872    20.144        0.0325963    0.0474246    0.111019    

Stress Spherical
0            0            0             0            0            0           
0            0            0             0            0            0           
0            0            0             0            0            0           

Inertia
149.711      -56.2776     -56.0879      0.141828     0.0691111    0.161133    
-56.2776     149.737      -56.1135      0.0691111    0.186742     0.0587989   
-56.0879     -56.1135     149.834       0.161133     0.0587989    0.177373    

Bond Length
0.61746751    0.0045862945

BB bond length
0.61746751    0.0045862945

Water EE distance
0             0           

PEG EE distance
3.6308761     0.52420635  

