Time = 1000
Temperature
   1.1378365    0.19129914

Pressure
   23.794493    0.98049052

CM Mom
-7.0450553e-18 1.6852769e-17 
1.0056815e-16  3.1606291e-17 
9.1452125e-17  3.4222743e-16 
2.808868e-16   2.4089888e-16 

CM Pos
7.5031196      0.015180316   
7.5007128      0.017962815   
7.4966102      0.020974192   
12.990667      0.014709452   

Stress
20.3695      -0.0345446   -0.0229661    0.424174     0.0779817    0.0680213   
-0.0345446   20.4097      -0.00295685   0.0779817    0.465717     0.101357    
-0.0229661   -0.00295685  20.3709       0.0680213    0.101357     0.379996    

Stress Spherical
0            0            0             0            0            0           
0            0            0             0            0            0           
0            0            0             0            0            0           

Inertia
150.133      -56.3162     -56.2732      1.47859      0.136916     0.236165    
-56.3162     150.123      -56.2555      0.136916     1.61769      0.144786    
-56.2732     -56.2555     150.207       0.236165     0.144786     1.56983     

Bond Length
0.61988744    0.0071691408

BB bond length
0.61988744    0.0071691408

Water EE distance
0             0           

PEG EE distance
7.0609353     0.11997199  

BBB P2(x)
0.48009453    0.059094554 

BBB first bond length
0.61966687    0.0070576264

BBB second bond length
0.62007169    0.0071967625

BBB <phi**2>/<phi>**2
1.2203948     0.013691467 

Time = 2000
Temperature
1.0144646     0.0093297928

Pressure
23.239629     0.090897465 

CM Mom
-4.2826924e-17 3.087254e-17  
7.1188196e-17  1.9945003e-17 
1.0813784e-17  5.8605642e-17 
1.0147545e-16  3.882157e-17  

CM Pos
7.5044539      0.010211015   
7.5027883      0.01442609    
7.5000199      0.012911431   
12.994584      0.015179925   

Stress
20.2422      0.0172228    0.0154043     0.110523     0.07338      0.077385    
0.0172228    20.1806      0.0373152     0.07338      0.138661     0.0733654   
0.0154043    0.0373152    20.1722       0.077385     0.0733654    0.0855594   

Stress Spherical
0            0            0             0            0            0           
0            0            0             0            0            0           
0            0            0             0            0            0           

Inertia
149.918      -56.2853     -56.2756      0.250205     0.174907     0.184217    
-56.2853     149.919      -56.2641      0.174907     0.32073      0.196894    
-56.2756     -56.2641     149.984       0.184217     0.196894     0.348868    

Bond Length
0.61725547    0.0024149281

BB bond length
0.61725547    0.0024149281

Water EE distance
0             0           

PEG EE distance
7.1639703     0.17413541  

BBB P2(x)
0.5194195     0.0069893605

BBB first bond length
0.61715971    0.0024599425

BBB second bond length
0.61712298    0.0024089931

BBB <phi**2>/<phi>**2
1.2268777     0.0073091888

