Time = 1000
Temperature
   1.0243921   0.031296969

Pressure
   23.747864    0.13894741

CM Mom
-2.8018766e-18 8.4778497e-18 
1.3165324e-17  1.1849754e-17 
-1.3033112e-17 2.3460102e-17 
3.0097847e-17  1.4416134e-17 

CM Pos
7.4937532      0.019988801   
7.4970488      0.038570446   
7.501133       0.020435725   
12.9858        0.01927452    

Stress
20.6897      0.005354     -0.0201276    0.13568      0.0469217    0.0871994   
0.005354     20.6922      0.0328567     0.0469217    0.101484     0.0377926   
-0.0201276   0.0328567    20.6431       0.0871994    0.0377926    0.132961    

Stress Spherical
0            0            0             0            0            0           
0            0            0             0            0            0           
0            0            0             0            0            0           

Inertia
149.988      -56.1784     -56.1831      0.329348     0.329887     0.174064    
-56.1784     149.9        -56.2491      0.329887     0.370657     0.195582    
-56.1831     -56.2491     149.842       0.174064     0.195582     0.766386    

Bond Length
0.61885233    0.0048817655

BB bond length
0.61885233    0.0048817655

Water EE distance
0             0           

PEG EE distance
1.6865311     0.021405245 

BBB P2(x)
0.51950369    0.045583359 

BBB first bond length
0.61903268    0.0075580354

BBB second bond length
0.61958283    0.0066281427

BBB <phi**2>/<phi>**2
1.2372197     0.032492771 

Time = 2000
Temperature
1.0079748     0.0030585965

Pressure
23.66807      0.075812064 

CM Mom
-4.211862e-18  1.2517314e-17 
-8.8611402e-18 1.1099938e-17 
-2.7257125e-17 1.5576294e-17 
3.5493707e-17  1.0095541e-17 

CM Pos
7.5085694      0.014638153   
7.4960117      0.0094127105  
7.4978734      0.01258599    
12.991816      0.0093107321  

Stress
20.6834      -0.00432357  -0.0193199    0.0794942    0.0786409    0.0528124   
-0.00432357  20.6274      -0.0107081    0.0786409    0.0964398    0.0530318   
-0.0193199   -0.0107081   20.6225       0.0528124    0.0530318    0.130175    

Stress Spherical
0            0            0             0            0            0           
0            0            0             0            0            0           
0            0            0             0            0            0           

Inertia
149.926      -56.2815     -56.3017      0.209423     0.159192     0.0907923   
-56.2815     150.096      -56.187       0.159192     0.214942     0.116491    
-56.3017     -56.187      150.079       0.0907923    0.116491     0.303684    

Bond Length
0.62051055    0.0044920203

BB bond length
0.62051055    0.0044920203

Water EE distance
0             0           

PEG EE distance
1.6959083     0.025140676 

BBB P2(x)
0.51396693    0.051225545 

BBB first bond length
0.61994363    0.0062493851

BBB second bond length
0.62121001    0.0057423312

BBB <phi**2>/<phi>**2
1.2211146     0.031640269 

