Time = 500
Temperature
   1.0392969    0.04049184

Pressure
    23.45042    0.17550138

CM Mom
7.6489585e-18  2.3566077e-17 
-6.1619352e-18 1.3366501e-17 
-9.1604366e-17 4.8508152e-17 
9.9422563e-17  4.1110265e-17 

CM Pos
7.5093904      0.013643854   
7.5089331      0.027992965   
7.5071281      0.021401189   
13.005085      0.034428294   

Stress
20.3619      0.00187966   -0.0102937    0.115507     0.0558646    0.0672782   
0.00187966   20.2801      -0.0016355    0.0558646    0.120525     0.0457486   
-0.0102937   -0.0016355   20.3565       0.0672782    0.0457486    0.144525    

Stress Spherical
0            0            0             0            0            0           
0            0            0             0            0            0           
0            0            0             0            0            0           

Inertia
150.048      -56.409      -56.418       0.815336     0.279325     0.304931    
-56.409      150.028      -56.3789      0.279325     0.740529     0.396843    
-56.418      -56.3789     150.1         0.304931     0.396843     0.579373    

Bond Length
0.61587393    0.0099062469

BB bond length
0.61587393    0.0099062469

Water EE distance
0             0           

PEG EE distance
3.8619241     0.3376659   

Time = 1000
Temperature
1.013919      0.010159945 

Pressure
23.367479     0.048606691 

CM Mom
-2.1209273e-17 1.5366781e-17 
2.4058579e-17  3.4935472e-17 
-4.3130256e-17 2.0956516e-17 
6.6612635e-17  1.8639341e-17 

CM Pos
7.513539       0.016877555   
7.5148596      0.0027158686  
7.5074244      0.010543528   
13.011071      0.015504342   

Stress
20.2945      0.0297768    0.0223308     0.0364903    0.0459442    0.0726978   
0.0297768    20.3849      0.0226044     0.0459442    0.07529      0.058704    
0.0223308    0.0226044    20.2987       0.0726978    0.058704     0.0450775   

Stress Spherical
0            0            0             0            0            0           
0            0            0             0            0            0           
0            0            0             0            0            0           

Inertia
150.183      -56.5226     -56.4142      0.195196     0.175703     0.230322    
-56.5226     150.202      -56.4122      0.175703     0.395909     0.11772     
-56.4142     -56.4122     150.279       0.230322     0.11772      0.296454    

Bond Length
0.61749002    0.0076429996

BB bond length
0.61749002    0.0076429996

Water EE distance
0             0           

PEG EE distance
3.3172341     0.36116922  

