Time = 500
Temperature
   1.0449786   0.052701654

Pressure
   20.388053     0.2675052

CM Mom
8.0391298e-18  1.1569207e-17 
-2.8337246e-18 1.0229798e-17 
2.1702907e-17  3.5610702e-17 
4.408585e-17   1.033097e-17  

CM Pos
7.4882198      0.034054066   
7.4675038      0.028268242   
7.4785803      0.020864839   
12.952529      0.024677068   

Stress
17.2488      0.0266964    -0.039763     0.0897191    0.0885833    0.0484218   
0.0266964    17.2372      0.0209744     0.0885833    0.150825     0.0741411   
-0.039763    0.0209744    17.2817       0.0484218    0.0741411    0.204993    

Stress Spherical
0            0            0             0            0            0           
0            0            0             0            0            0           
0            0            0             0            0            0           

Inertia
148.256      -55.9688     -56.0353      0.455214     0.445188     0.156217    
-55.9688     148.584      -55.7817      0.445188     0.565507     0.0943193   
-56.0353     -55.7817     148.431       0.156217     0.0943193    1.49733     

Bond Length
0.61439242    0.00284063  

BB bond length
0.61439242    0.00284063  

Water EE distance
0             0           

PEG EE distance
3.928056      0.1607134   

Time = 1000
Temperature
1.0154733     0.0071619412

Pressure
20.203423     0.10123578  

CM Mom
-3.13773e-18   7.6904947e-18 
-3.3168955e-18 1.2343318e-17 
2.1961366e-17  1.1253552e-17 
2.7368714e-17  9.6044711e-18 

CM Pos
7.4864405      0.017378512   
7.490932       0.016948081   
7.5144641      0.027347905   
12.985724      0.018355753   

Stress
17.0878      0.06037      -0.0529929    0.0699921    0.0720948    0.0662246   
0.06037      17.2772      0.0155694     0.0720948    0.157139     0.04451     
-0.0529929   0.0155694    17.1141       0.0662246    0.04451      0.135986    

Stress Spherical
0            0            0             0            0            0           
0            0            0             0            0            0           
0            0            0             0            0            0           

Inertia
149.434      -56.0601     -56.2579      0.471867     0.275593     0.149836    
-56.0601     149.413      -56.2737      0.275593     0.368961     0.239759    
-56.2579     -56.2737     148.967       0.149836     0.239759     0.645856    

Bond Length
0.61437828    0.0032623363

BB bond length
0.61437828    0.0032623363

Water EE distance
0             0           

PEG EE distance
3.577393      0.1530046   

