Time = 1000
Temperature
   1.1174773    0.16428287

Pressure
   23.751039    0.82397446

CM Mom
-3.7210702e-17 2.6711933e-17 
5.0296101e-17  5.6503447e-17 
-6.055707e-17  3.341354e-16  
2.8724209e-16  2.015592e-16  

CM Pos
7.5100239      0.032238666   
7.5032219      0.010904861   
7.4987856      0.01828481    
12.99738       0.013365015   

Stress
20.4795      -0.0519005   0.0210291     0.371034     0.0475267    0.0897538   
-0.0519005   20.3718      0.0342598     0.0475267    0.317102     0.0987246   
0.0210291    0.0342598    20.3604       0.0897538    0.0987246    0.376606    

Stress Spherical
0            0            0             0            0            0           
0            0            0             0            0            0           
0            0            0             0            0            0           

Inertia
150.153      -56.3492     -56.3662      1.22809      0.231497     0.200379    
-56.3492     150.274      -56.2654      0.231497     1.67888      0.218482    
-56.3662     -56.2654     150.332       0.200379     0.218482     1.79369     

Bond Length
0.6198874     0.0064332218

BB bond length
0.6198874     0.0064332218

Water EE distance
0             0           

PEG EE distance
7.2167911     0.21721161  

BBB P2(x)
0.48147794    0.065367427 

BBB first bond length
0.61977806    0.0064395673

BBB second bond length
0.61994744    0.006604673 

BBB <phi**2>/<phi>**2
1.2209434     0.014394748 

Time = 2000
Temperature
1.0089117     0.0077771087

Pressure
23.177326     0.07579623  

CM Mom
-1.8344104e-17 1.518477e-17  
5.3557773e-17  3.2885648e-17 
-8.7083702e-17 6.8247743e-17 
1.2725132e-16  2.3778407e-17 

CM Pos
7.5000822      0.012795367   
7.4968414      0.012145642   
7.5017533      0.010455449   
12.98963       0.0094611322  

Stress
20.1265      0.00493382   -0.0162013    0.16797      0.0527017    0.0794038   
0.00493382   20.1611      -0.00939274   0.0527017    0.073738     0.0775966   
-0.0162013   -0.00939274  20.1785       0.0794038    0.0775966    0.0851778   

Stress Spherical
0            0            0             0            0            0           
0            0            0             0            0            0           
0            0            0             0            0            0           

Inertia
149.828      -56.1787     -56.2541      0.3449       0.0835247    0.128639    
-56.1787     149.892      -56.2116      0.0835247    0.442971     0.138652    
-56.2541     -56.2116     149.836       0.128639     0.138652     0.348755    

Bond Length
0.61807239    0.0026131386

BB bond length
0.61807239    0.0026131386

Water EE distance
0             0           

PEG EE distance
7.6166192     0.13120901  

BBB P2(x)
0.52117908    0.013288423 

BBB first bond length
0.61799261    0.0026716614

BBB second bond length
0.61796334    0.0027515155

BBB <phi**2>/<phi>**2
1.2263463     0.0095097164

Time = 3000
Temperature
1.0099496     0.0079710725

Pressure
23.123855     0.090160931 

CM Mom
-1.939472e-17  1.2543532e-17 
9.2070041e-17  2.6913492e-17 
-9.1379378e-17 1.0650807e-17 
1.3302071e-16  2.2446477e-17 

CM Pos
7.4993403      0.0107626     
7.5002542      0.017694901   
7.4968566      0.014474724   
12.988351      0.012369688   

Stress
20.1107      -0.0380341   0.00730161    0.124793     0.0656736    0.0851903   
-0.0380341   20.1281      0.0165504     0.0656736    0.106456     0.0601693   
0.00730161   0.0165504    20.0576       0.0851903    0.0601693    0.107276    

Stress Spherical
0            0            0             0            0            0           
0            0            0             0            0            0           
0            0            0             0            0            0           

Inertia
149.897      -56.2184     -56.235       0.329607     0.160441     0.16533     
-56.2184     149.89       -56.2174      0.160441     0.284429     0.200258    
-56.235      -56.2174     149.957       0.16533      0.200258     0.198012    

Bond Length
0.61882318    0.0020204053

BB bond length
0.61882318    0.0020204053

Water EE distance
0             0           

PEG EE distance
7.6047204     0.20129351  

BBB P2(x)
0.52010519    0.0098466681

BBB first bond length
0.61894125    0.0018862293

BBB second bond length
0.6188187     0.0020007021

BBB <phi**2>/<phi>**2
1.2231328     0.0086370173

Time = 4000
Temperature
1.0085521     0.0050965305

Pressure
23.156702     0.07318766  

CM Mom
-8.7085898e-18 1.4514166e-17 
8.1418094e-17  2.5190672e-17 
-8.5498101e-17 2.3830301e-17 
1.2349997e-16  1.3249237e-17 

CM Pos
7.4905857      0.0114975     
7.5048541      0.015508647   
7.5100627      0.015807452   
12.993586      0.0095507699  

Stress
20.2156      -0.0358052   -0.00448764   0.117071     0.100354     0.048589    
-0.0358052   20.102       -0.0227037    0.100354     0.0931824    0.0433666   
-0.00448764  -0.0227037   20.0899       0.048589     0.0433666    0.120533    

Stress Spherical
0            0            0             0            0            0           
0            0            0             0            0            0           
0            0            0             0            0            0           

Inertia
150.15       -56.1885     -56.2902      0.265576     0.155539     0.0996341   
-56.1885     149.967      -56.3338      0.155539     0.273408     0.110931    
-56.2902     -56.3338     149.891       0.0996341    0.110931     0.274753    

Bond Length
0.61875901    0.001103579 

BB bond length
0.61875901    0.001103579 

Water EE distance
0             0           

PEG EE distance
7.6178719     0.090223824 

BBB P2(x)
0.52329474    0.011425024 

BBB first bond length
0.61880833    0.0012721533

BBB second bond length
0.61873766    0.0013426065

BBB <phi**2>/<phi>**2
1.226117      0.007841532 

Time = 5000
Temperature
1.0091587     0.0054957268

Pressure
23.188905     0.075023579 

CM Mom
8.4167294e-18  2.1529128e-17 
9.744928e-17   1.4247976e-17 
-7.6559015e-17 2.0387784e-17 
1.2798162e-16  1.1461313e-17 

CM Pos
7.4990435      0.013574375   
7.4934286      0.015103719   
7.5045725      0.016230103   
12.988692      0.017089376   

Stress
20.2416      0.000554279  0.0108798     0.115719     0.0584873    0.0739202   
0.000554279  20.138       -0.0256188    0.0584873    0.132537     0.0823258   
0.0108798    -0.0256188   20.1191       0.0739202    0.0823258    0.102174    

Stress Spherical
0            0            0             0            0            0           
0            0            0             0            0            0           
0            0            0             0            0            0           

Inertia
149.916      -56.2233     -56.2685      0.42428      0.138046     0.172051    
-56.2233     150.027      -56.2733      0.138046     0.297636     0.21538     
-56.2685     -56.2733     149.844       0.172051     0.21538      0.255948    

Bond Length
0.61720523    0.0014766747

BB bond length
0.61720523    0.0014766747

Water EE distance
0             0           

PEG EE distance
7.475065      0.14783116  

BBB P2(x)
0.52449234    0.0093222956

BBB first bond length
0.6171536     0.0015309644

BBB second bond length
0.61729812    0.0013358663

BBB <phi**2>/<phi>**2
1.2284644     0.0074699285

Time = 6000
Temperature
1.0099038     0.0046043477

Pressure
23.158926     0.091069335 

CM Mom
1.2244001e-17  1.0956913e-17 
1.0777916e-16  1.2829557e-17 
-8.7869227e-17 1.7199752e-17 
1.4100401e-16  1.3624121e-17 

CM Pos
7.4865794      0.011590004   
7.4978801      0.0088546021  
7.4978953      0.011053261   
12.980207      0.008494768   

Stress
20.1657      0.0283134    0.00639291    0.103298     0.0640328    0.0666521   
0.0283134    20.087       0.0130072     0.0640328    0.0924775    0.0715984   
0.00639291   0.0130072    20.1494       0.0666521    0.0715984    0.104214    

Stress Spherical
0            0            0             0            0            0           
0            0            0             0            0            0           
0            0            0             0            0            0           

Inertia
149.893      -56.1395     -56.074       0.147193     0.105309     0.138467    
-56.1395     149.725      -56.2299      0.105309     0.328479     0.0938064   
-56.074      -56.2299     149.728       0.138467     0.0938064    0.178228    

Bond Length
0.6188575     0.0018945468

BB bond length
0.6188575     0.0018945468

Water EE distance
0             0           

PEG EE distance
7.5041421     0.11426429  

BBB P2(x)
0.52177196    0.010890833 

BBB first bond length
0.61880757    0.0019745796

BBB second bond length
0.6188884     0.0020394984

BBB <phi**2>/<phi>**2
1.222857      0.0081826137

Time = 7000
Temperature
1.0078455     0.010892184 

Pressure
23.107804     0.061616674 

CM Mom
1.6586901e-17  1.4064235e-17 
1.0922549e-16  1.9625127e-17 
-1.0029272e-16 9.2993741e-18 
1.5034142e-16  1.8189212e-17 

CM Pos
7.4937018      0.0083477593  
7.4941706      0.012032724   
7.505908       0.016403497   
12.986801      0.017361193   

Stress
20.1166      0.024719     -0.00657763   0.104419     0.0645106    0.0630449   
0.024719     20.0361      -0.00279566   0.0645106    0.0942474    0.0835265   
-0.00657763  -0.00279566  20.1145       0.0630449    0.0835265    0.0525803   

Stress Spherical
0            0            0             0            0            0           
0            0            0             0            0            0           
0            0            0             0            0            0           

Inertia
149.978      -56.1647     -56.2577      0.360067     0.135558     0.209977    
-56.1647     149.996      -56.2564      0.135558     0.367144     0.218956    
-56.2577     -56.2564     149.808       0.209977     0.218956     0.246939    

Bond Length
0.61824607    0.0020933675

BB bond length
0.61824607    0.0020933675

Water EE distance
0             0           

PEG EE distance
7.0703856     0.18629954  

BBB P2(x)
0.51876649    0.0085535923

BBB first bond length
0.61824647    0.0021683956

BBB second bond length
0.6181114     0.0021026277

BBB <phi**2>/<phi>**2
1.229304      0.0061362744

Time = 8000
Temperature
1.0110886     0.010841984 

Pressure
23.13442      0.076296174 

CM Mom
5.1837498e-17  2.7637173e-17 
9.4455719e-17  2.6026735e-17 
-9.5870542e-17 1.2941961e-17 
1.4794938e-16  2.2800226e-17 

CM Pos
7.4956307      0.011470659   
7.4941706      0.0084408721  
7.4967083      0.0081394331  
12.982597      0.012789183   

Stress
20.0728      0.00161808   0.0334249     0.104904     0.0768413    0.0766996   
0.00161808   20.1081      0.00821363    0.0768413    0.116484     0.070723    
0.0334249    0.00821363   20.1369       0.0766996    0.070723     0.0899077   

Stress Spherical
0            0            0             0            0            0           
0            0            0             0            0            0           
0            0            0             0            0            0           

Inertia
149.835      -56.1794     -56.1738      0.209167     0.127178     0.15402     
-56.1794     149.851      -56.1965      0.127178     0.281823     0.108347    
-56.1738     -56.1965     149.833       0.15402      0.108347     0.269795    

Bond Length
0.61846436    0.001740823 

BB bond length
0.61846436    0.001740823 

Water EE distance
0             0           

PEG EE distance
7.2523224     0.068322246 

BBB P2(x)
0.52230767    0.0058902582

BBB first bond length
0.61845574    0.0017509114

BBB second bond length
0.61849639    0.0019113929

BBB <phi**2>/<phi>**2
1.2287862     0.0045818803

Time = 9000
Temperature
1.01005       0.0086742666

Pressure
23.128564     0.063132138 

CM Mom
3.7214683e-17  1.7093367e-17 
8.2977204e-17  2.357675e-17  
-1.0099965e-16 1.3508059e-17 
1.3840982e-16  1.8555733e-17 

CM Pos
7.5000822      0.012881116   
7.4968414      0.0092427015  
7.5030887      0.0066425055  
12.990394      0.012392424   

Stress
20.0444      0.0400134    -0.00848939   0.0872992    0.0532268    0.0921308   
0.0400134    20.082       -0.000429034  0.0532268    0.137804     0.0530189   
-0.00848939  -0.000429034 20.1833       0.0921308    0.0530189    0.0878912   

Stress Spherical
0            0            0             0            0            0           
0            0            0             0            0            0           
0            0            0             0            0            0           

Inertia
149.965      -56.217      -56.2675      0.221907     0.15312      0.123617    
-56.217      150.033      -56.2383      0.15312      0.268612     0.12077     
-56.2675     -56.2383     149.939       0.123617     0.12077      0.254287    

Bond Length
0.61862381    0.0022625557

BB bond length
0.61862381    0.0022625557

Water EE distance
0             0           

PEG EE distance
7.2924249     0.12467952  

BBB P2(x)
0.51802498    0.010806791 

BBB first bond length
0.61867984    0.002463841 

BBB second bond length
0.61861578    0.0022611685

BBB <phi**2>/<phi>**2
1.2260632     0.012175678 

Time = 10000
Temperature
1.0086014     0.0094475309

Pressure
23.13222      0.12392358  

CM Mom
2.8434021e-17  1.7008074e-17 
8.8217647e-17  3.6586094e-17 
-1.0101723e-16 2.3105852e-17 
1.4000196e-16  3.6830354e-17 

CM Pos
7.4980049      0.01763445    
7.5060412      0.011470659   
7.5004178      0.015803969   
12.992981      0.011796895   

Stress
20.0914      0.00250134   0.0066882     0.15167      0.0616007    0.0915852   
0.00250134   20.0856      -0.0108233    0.0616007    0.128937     0.069851    
0.0066882    -0.0108233   20.1566       0.0915852    0.069851     0.171645    

Stress Spherical
0            0            0             0            0            0           
0            0            0             0            0            0           
0            0            0             0            0            0           

Inertia
150.06       -56.2917     -56.2491      0.290922     0.195023     0.11022     
-56.2917     149.947      -56.2806      0.195023     0.209627     0.142736    
-56.2491     -56.2806     150.038       0.11022      0.142736     0.388368    

Bond Length
0.61743734    0.0024048694

BB bond length
0.61743734    0.0024048694

Water EE distance
0             0           

PEG EE distance
7.1502814     0.1020569   

BBB P2(x)
0.50148316    0.0084933961

BBB first bond length
0.61734947    0.0024464849

BBB second bond length
0.61746959    0.0024591367

BBB <phi**2>/<phi>**2
1.2231732     0.0068616108

Time = 11000
Temperature
1.0083684     0.0054963048

Pressure
23.135454     0.083519925 

CM Mom
1.9356693e-18  1.1966257e-17 
5.5039727e-17  1.2907627e-17 
-7.8621532e-17 1.9577701e-17 
9.7355372e-17  2.0723893e-17 

CM Pos
7.4991919      0.013433341   
7.5009962      0.013400521   
7.5023468      0.010791203   
12.991854      0.01575892    

Stress
20.1288      0.0139355    0.0036332     0.154861     0.0728712    0.0634738   
0.0139355    20.0563      -0.00697048   0.0728712    0.145354     0.0704176   
0.0036332    -0.00697048  20.1603       0.0634738    0.0704176    0.0886658   

Stress Spherical
0            0            0             0            0            0           
0            0            0             0            0            0           
0            0            0             0            0            0           

Inertia
150.038      -56.2427     -56.276       0.279655     0.159936     0.151238    
-56.2427     150.011      -56.2992      0.159936     0.268839     0.162994    
-56.276      -56.2992     149.986       0.151238     0.162994     0.337656    

Bond Length
0.61780168    0.0024680954

BB bond length
0.61780168    0.0024680954

Water EE distance
0             0           

PEG EE distance
7.266347      0.21112436  

BBB P2(x)
0.50928996    0.0078169758

BBB first bond length
0.61780214    0.0024761544

BBB second bond length
0.61765984    0.0024224963

BBB <phi**2>/<phi>**2
1.2248315     0.0069659479

Time = 12000
Temperature
1.0142986     0.0040463371

Pressure
23.101517     0.1200292   

CM Mom
-1.2218809e-17 1.8785565e-17 
4.6455514e-17  2.1266439e-17 
-6.5865746e-17 1.3274539e-17 
8.6077658e-17  1.4755327e-17 

CM Pos
7.5052756      0.022949474   
7.5002542      0.010701052   
7.5026436      0.016042489   
12.995116      0.022367319   

Stress
20.0092      0.0332337    -0.00329446   0.10612      0.0827874    0.048102    
0.0332337    20.0552      -0.0034604    0.0827874    0.111771     0.0746483   
-0.00329446  -0.0034604   20.1259       0.048102     0.0746483    0.170786    

Stress Spherical
0            0            0             0            0            0           
0            0            0             0            0            0           
0            0            0             0            0            0           

Inertia
150.036      -56.2624     -56.3049      0.37631      0.179262     0.267919    
-56.2624     150.103      -56.258       0.179262     0.494657     0.204076    
-56.3049     -56.258      150.063       0.267919     0.204076     0.454277    

Bond Length
0.61869939    0.0015771688

BB bond length
0.61869939    0.0015771688

Water EE distance
0             0           

PEG EE distance
7.1315902     0.10842049  

BBB P2(x)
0.51190136    0.011459031 

BBB first bond length
0.61855312    0.0015640047

BBB second bond length
0.61861843    0.001557785 

BBB <phi**2>/<phi>**2
1.2289994     0.010266386 

Time = 13000
Temperature
1.0056428     0.0055687254

Pressure
23.183876     0.073533439 

CM Mom
-9.6799938e-18 7.5431315e-18 
2.5462116e-17  9.6867722e-18 
-7.0923643e-17 1.0715151e-17 
7.7001379e-17  1.0417261e-17 

CM Pos
7.4985984      0.013449721   
7.4940222      0.0073430664  
7.5023468      0.0095346664  
12.987486      0.0092301254  

Stress
20.1746      0.006888     -0.0244757    0.119195     0.0599043    0.0785134   
0.006888     20.1268      0.00387189    0.0599043    0.0853641    0.0811805   
-0.0244757   0.00387189   20.2137       0.0785134    0.0811805    0.124219    

Stress Spherical
0            0            0             0            0            0           
0            0            0             0            0            0           
0            0            0             0            0            0           

Inertia
149.926      -56.1591     -56.2161      0.149902     0.155327     0.143747    
-56.1591     149.995      -56.2291      0.155327     0.289973     0.111808    
-56.2161     -56.2291     149.876       0.143747     0.111808     0.319524    

Bond Length
0.61912726    0.0015818389

BB bond length
0.61912726    0.0015818389

Water EE distance
0             0           

PEG EE distance
7.3928718     0.17885856  

BBB P2(x)
0.51441674    0.0087462479

BBB first bond length
0.61890545    0.001591573 

BBB second bond length
0.61896965    0.001390156 

BBB <phi**2>/<phi>**2
1.2236428     0.0087887878

Time = 14000
Temperature
1.0089587     0.0080087588

Pressure
23.174288     0.12472462  

CM Mom
-3.0479241e-17 1.3384012e-17 
3.3172155e-17  2.2282023e-17 
-3.3577135e-17 1.3768766e-17 
6.2906308e-17  8.0495701e-18 

CM Pos
7.4944437      0.014689131   
7.495506       0.010375119   
7.5032371      0.013955069   
12.986463      0.012367375   

Stress
20.1175      -0.0207437   -0.0188761    0.183197     0.0965264    0.0813283   
-0.0207437   20.1959      -0.0229669    0.0965264    0.134552     0.040608    
-0.0188761   -0.0229669   20.1432       0.0813283    0.040608     0.125564    

Stress Spherical
0            0            0             0            0            0           
0            0            0             0            0            0           
0            0            0             0            0            0           

Inertia
149.968      -56.142      -56.221       0.216286     0.141135     0.142072    
-56.142      149.95       -56.2596      0.141135     0.271437     0.0845358   
-56.221      -56.2596     149.826       0.142072     0.0845358    0.349867    

Bond Length
0.6171106     0.0011874517

BB bond length
0.6171106     0.0011874517

Water EE distance
0             0           

PEG EE distance
7.3438532     0.092132057 

BBB P2(x)
0.51363542    0.0051043654

BBB first bond length
0.61712969    0.0012809435

BBB second bond length
0.61695438    0.0011666636

BBB <phi**2>/<phi>**2
1.2299294     0.0063810206

Time = 15000
Temperature
1.0062055     0.0061362572

Pressure
23.155519     0.052120114 

CM Mom
-3.9350852e-17 1.9700405e-17 
3.2919831e-17  3.7157053e-17 
-2.3879569e-17 1.7047619e-17 
7.1877602e-17  9.7684689e-18 

CM Pos
7.497263       0.012754866   
7.498622       0.011940884   
7.5035339      0.0097538303  
12.990054      0.01405218    

Stress
20.1185      0.036198     -0.00658261   0.113767     0.066302     0.0663661   
0.036198     20.1622      0.0269601     0.066302     0.103402     0.0634475   
-0.00658261  0.0269601    20.1444       0.0663661    0.0634475    0.121414    

Stress Spherical
0            0            0             0            0            0           
0            0            0             0            0            0           
0            0            0             0            0            0           

Inertia
150.037      -56.2463     -56.201       0.234934     0.185378     0.0959987   
-56.2463     150.01       -56.278       0.185378     0.240776     0.154652    
-56.201      -56.278      149.932       0.0959987    0.154652     0.359779    

Bond Length
0.61641425    0.0026443509

BB bond length
0.61641425    0.0026443509

Water EE distance
0             0           

PEG EE distance
7.1791102     0.088110152 

BBB P2(x)
0.5136001     0.014192532 

BBB first bond length
0.61642752    0.0027106982

BBB second bond length
0.61644545    0.0027901115

BBB <phi**2>/<phi>**2
1.2288557     0.0079438994

Time = 16000
Temperature
1.0110083     0.010274064 

Pressure
23.130543     0.078317463 

CM Mom
-2.0279362e-17 2.2869386e-17 
5.2274602e-17  1.3748441e-17 
-1.7888055e-17 1.7756085e-17 
6.5136151e-17  1.5762548e-17 

CM Pos
7.4997855      0.011401349   
7.4965447      0.0084147474  
7.4980437      0.019289742   
12.987147      0.014308193   

Stress
20.1177      0.0654515    0.0508711     0.0981461    0.0764313    0.0614981   
0.0654515    20.1066      -0.0552505    0.0764313    0.123284     0.0866138   
0.0508711    -0.0552505   20.0826       0.0614981    0.0866138    0.0584244   

Stress Spherical
0            0            0             0            0            0           
0            0            0             0            0            0           
0            0            0             0            0            0           

Inertia
149.924      -56.2573     -56.2187      0.327293     0.175354     0.155429    
-56.2573     149.961      -56.202       0.175354     0.386241     0.163605    
-56.2187     -56.202      149.93        0.155429     0.163605     0.238802    

Bond Length
0.61729079    0.00211451  

BB bond length
0.61729079    0.00211451  

Water EE distance
0             0           

PEG EE distance
7.3466446     0.12397112  

BBB P2(x)
0.50843394    0.0073722652

BBB first bond length
0.61725       0.0021207223

BBB second bond length
0.61737741    0.0023596302

BBB <phi**2>/<phi>**2
1.2243009     0.0065070853

Time = 17000
Temperature
1.007676      0.0056611207

Pressure
23.108668     0.081139042 

CM Mom
-4.5345455e-17 2.4528731e-17 
4.9567823e-17  2.6904974e-17 
-2.5126223e-17 1.7497333e-17 
8.0378754e-17  1.7761061e-17 

CM Pos
7.4980049      0.01041219    
7.5009962      0.012691703   
7.5026436      0.0083530327  
12.991341      0.0084040166  

Stress
20.0803      0.0219021    0.0291146     0.153477     0.078445     0.0902551   
0.0219021    20.0664      0.00851091    0.078445     0.115304     0.0751076   
0.0291146    0.00851091   20.1246       0.0902551    0.0751076    0.101253    

Stress Spherical
0            0            0             0            0            0           
0            0            0             0            0            0           
0            0            0             0            0            0           

Inertia
150.075      -56.2325     -56.2237      0.254651     0.104251     0.0789802   
-56.2325     150.029      -56.2673      0.104251     0.154567     0.170258    
-56.2237     -56.2673     149.978       0.0789802    0.170258     0.201916    

Bond Length
0.61806746    0.0024330003

BB bond length
0.61806746    0.0024330003

Water EE distance
0             0           

PEG EE distance
7.5245574     0.15381103  

BBB P2(x)
0.51279871    0.0075622579

BBB first bond length
0.61820189    0.0024089643

BBB second bond length
0.61802657    0.0026712716

BBB <phi**2>/<phi>**2
1.2263313     0.0046157853

Time = 18000
Temperature
1.0102625     0.0098854041

Pressure
23.194025     0.068426311 

CM Mom
-5.531374e-17  2.2694618e-17 
7.1513096e-17  2.5021254e-17 
-2.9294776e-17 1.3732326e-17 
1.0018631e-16  1.8008496e-17 

CM Pos
7.4996371      0.0064763536  
7.4892739      0.016328158   
7.5004178      0.014796657   
12.984234      0.015991402   

Stress
20.1665      0.022219     0.0464935     0.0913584    0.0483383    0.0703068   
0.022219     20.1518      0.0356179     0.0483383    0.0894745    0.0760925   
0.0464935    0.0356179    20.1858       0.0703068    0.0760925    0.134652    

Stress Spherical
0            0            0             0            0            0           
0            0            0             0            0            0           
0            0            0             0            0            0           

Inertia
149.863      -56.1685     -56.2543      0.459897     0.169653     0.151303    
-56.1685     150.021      -56.1664      0.169653     0.29453      0.209254    
-56.2543     -56.1664     149.843       0.151303     0.209254     0.312223    

Bond Length
0.61731651    0.0017764334

BB bond length
0.61731651    0.0017764334

Water EE distance
0             0           

PEG EE distance
7.0858659     0.18960173  

BBB P2(x)
0.49906963    0.013847477 

BBB first bond length
0.61743764    0.0018306805

BBB second bond length
0.61736124    0.0020131855

BBB <phi**2>/<phi>**2
1.2225411     0.0085272979

Time = 19000
Temperature
1.0090826     0.0083125762

Pressure
23.14145      0.097090096 

CM Mom
-5.0431735e-17 3.0166646e-17 
8.9962358e-17  1.0182149e-17 
-9.0991557e-18 1.3419992e-17 
1.0842704e-16  1.2520241e-17 

CM Pos
7.5014177      0.019663358   
7.4944673      0.016698156   
7.4998243      0.0082295526  
12.987928      0.010909086   

Stress
20.1099      0.0190484    -0.0302414    0.130095     0.0565505    0.04822     
0.0190484    20.1093      -0.0233771    0.0565505    0.12718      0.109307    
-0.0302414   -0.0233771   20.1378       0.04822      0.109307     0.106546    

Stress Spherical
0            0            0             0            0            0           
0            0            0             0            0            0           
0            0            0             0            0            0           

Inertia
149.907      -56.2219     -56.239       0.338776     0.103757     0.1913      
-56.2219     150.014      -56.2146      0.103757     0.282901     0.168896    
-56.239      -56.2146     149.929       0.1913       0.168896     0.207377    

Bond Length
0.61871417    0.0013035092

BB bond length
0.61871417    0.0013035092

Water EE distance
0             0           

PEG EE distance
6.6829614     0.092712435 

BBB P2(x)
0.50363341    0.0088974413

BBB first bond length
0.61860094    0.0014488197

BBB second bond length
0.61877273    0.0015321032

BBB <phi**2>/<phi>**2
1.2246818     0.0065392663

Time = 20000
Temperature
1.010309      0.0097169949

Pressure
23.141933     0.073795906 

CM Mom
-4.1928931e-17 8.2699685e-18 
8.4110459e-17  1.0293107e-17 
7.4999634e-18  1.8603084e-17 
9.6502269e-17  9.8275693e-18 

CM Pos
7.5026047      0.012595055   
7.4947641      0.013875164   
7.4973018      0.013716367   
12.987319      0.013940689   

Stress
20.1469      0.0526083    -0.00910382   0.142096     0.0798676    0.0570176   
0.0526083    19.9999      0.00969041    0.0798676    0.119114     0.0696193   
-0.00910382  0.00969041   20.2006       0.0570176    0.0696193    0.0810734   

Stress Spherical
0            0            0             0            0            0           
0            0            0             0            0            0           
0            0            0             0            0            0           

Inertia
149.89       -56.172      -56.2718      0.251939     0.161546     0.180564    
-56.172      150.004      -56.208       0.161546     0.339928     0.148468    
-56.2718     -56.208      149.949       0.180564     0.148468     0.289279    

Bond Length
0.61776204    0.001681604 

BB bond length
0.61776204    0.001681604 

Water EE distance
0             0           

PEG EE distance
6.8115783     0.11230334  

BBB P2(x)
0.50630364    0.0084426213

BBB first bond length
0.61782449    0.0019482736

BBB second bond length
0.61750329    0.0015559194

BBB <phi**2>/<phi>**2
1.2255136     0.0073251188

Time = 21000
Temperature
1.0092011     0.0075440035

Pressure
23.152617     0.09178592  

CM Mom
-7.7305964e-18 2.501114e-17  
6.8369349e-17  1.1785342e-17 
2.3245329e-17  1.0045477e-17 
7.7436034e-17  1.1979109e-17 

CM Pos
7.5089852      0.01190395    
7.4972866      0.018003283   
7.5035339      0.021666405   
12.996075      0.012712877   

Stress
20.1004      0.0166924    -0.0495935    0.126467     0.0377901    0.085427    
0.0166924    20.164       -0.0355499    0.0377901    0.121528     0.0728193   
-0.0495935   -0.0355499   20.125        0.085427     0.0728193    0.11054     

Stress Spherical
0            0            0             0            0            0           
0            0            0             0            0            0           
0            0            0             0            0            0           

Inertia
150.028      -56.3312     -56.3387      0.314419     0.17162      0.189364    
-56.3312     150.193      -56.25        0.17162      0.353124     0.189025    
-56.3387     -56.25       150.096       0.189364     0.189025     0.31056     

Bond Length
0.61808645    0.002159982 

BB bond length
0.61808645    0.002159982 

Water EE distance
0             0           

PEG EE distance
6.5331403     0.19305631  

BBB P2(x)
0.50417917    0.0098989744

BBB first bond length
0.61789333    0.0022219563

BBB second bond length
0.61796474    0.0022844428

BBB <phi**2>/<phi>**2
1.2251529     0.0067282011

Time = 22000
Temperature
1.0070113     0.006826729 

Pressure
23.215069     0.081055841 

CM Mom
-1.9838276e-17 1.8024556e-17 
5.5470379e-17  2.8442068e-17 
6.4208278e-17  2.1117702e-17 
9.4356838e-17  1.6425691e-17 

CM Pos
7.4966694      0.019281179   
7.4981769      0.016056207   
7.5035339      0.012290704   
12.989473      0.010351018   

Stress
20.1814      0.0257018    -0.0143093    0.104835     0.0922516    0.0973828   
0.0257018    20.1523      0.00355013    0.0922516    0.12868      0.100553    
-0.0143093   0.00355013   20.2627       0.0973828    0.100553     0.112841    

Stress Spherical
0            0            0             0            0            0           
0            0            0             0            0            0           
0            0            0             0            0            0           

Inertia
150.022      -56.1813     -56.2723      0.250545     0.116986     0.20935     
-56.1813     149.996      -56.2472      0.116986     0.48008      0.155169    
-56.2723     -56.2472     149.907       0.20935      0.155169     0.185732    

Bond Length
0.6170973     0.0011129134

BB bond length
0.6170973     0.0011129134

Water EE distance
0             0           

PEG EE distance
6.5119864     0.065836856 

BBB P2(x)
0.50717979    0.01021282  

BBB first bond length
0.61716029    0.001202439 

BBB second bond length
0.61708249    0.0011419565

BBB <phi**2>/<phi>**2
1.2300844     0.0063234309

Time = 23000
Temperature
1.0132544     0.0056311367

Pressure
23.199166     0.095515593 

CM Mom
-4.9565352e-17 8.9777066e-18 
1.9565223e-17  3.1268564e-17 
7.0303165e-17  2.1190081e-17 
9.4686918e-17  1.7994066e-17 

CM Pos
7.5024563      0.0096208715  
7.5014413      0.016976036   
7.4980437      0.012901612   
12.991516      0.014258361   

Stress
20.1825      0.0258901    -0.0431375    0.121767     0.0507538    0.0812054   
0.0258901    20.1481      0.0233546     0.0507538    0.0942762    0.0632362   
-0.0431375   0.0233546    20.1621       0.0812054    0.0632362    0.135712    

Stress Spherical
0            0            0             0            0            0           
0            0            0             0            0            0           
0            0            0             0            0            0           

Inertia
149.972      -56.2568     -56.2655      0.359275     0.141506     0.124296    
-56.2568     149.98       -56.2814      0.141506     0.227693     0.216463    
-56.2655     -56.2814     150.034       0.124296     0.216463     0.326718    

Bond Length
0.61734778    0.0015770318

BB bond length
0.61734778    0.0015770318

Water EE distance
0             0           

PEG EE distance
6.9011332     0.2791599   

BBB P2(x)
0.4990724     0.010331913 

BBB first bond length
0.61728841    0.0016132411

BBB second bond length
0.61728727    0.0016082889

BBB <phi**2>/<phi>**2
1.2245654     0.0098520538

Time = 24000
Temperature
1.0129886     0.0082207766

Pressure
23.164694     0.077659577 

CM Mom
-2.7268775e-17 1.4118832e-17 
-3.2585139e-18 1.9373093e-17 
7.3164455e-17  1.734823e-17  
8.2350519e-17  1.4186361e-17 

CM Pos
7.493405       0.010721608   
7.5069315      0.014104938   
7.5060564      0.014157911   
12.994092      0.010774801   

Stress
20.1053      0.0393469    -0.000478762  0.107164     0.0657257    0.0608149   
0.0393469    20.0814      -0.0358359    0.0657257    0.176288     0.102982    
-0.000478762 -0.0358359   20.2049       0.0608149    0.102982     0.0895861   

Stress Spherical
0            0            0             0            0            0           
0            0            0             0            0            0           
0            0            0             0            0            0           

Inertia
150.225      -56.2716     -56.246       0.327219     0.136636     0.082471    
-56.2716     149.996      -56.3412      0.136636     0.147366     0.194292    
-56.246      -56.3412     150.029       0.082471     0.194292     0.161557    

Bond Length
0.61784749    0.0013795439

BB bond length
0.61784749    0.0013795439

Water EE distance
0             0           

PEG EE distance
7.2260975     0.10291741  

BBB P2(x)
0.51484336    0.011487186 

BBB first bond length
0.61786493    0.0013441582

BBB second bond length
0.61768105    0.0011695721

BBB <phi**2>/<phi>**2
1.2253569     0.0071505794

Time = 25000
Temperature
1.0095984     0.0075222886

Pressure
23.170276     0.06407263  

CM Mom
-3.1390241e-17 1.5457801e-17 
1.3152736e-17  3.8529016e-17 
7.8156011e-17  1.3911919e-17 
9.4093252e-17  1.8169582e-17 

CM Pos
7.5000822      0.018731507   
7.5029251      0.013460357   
7.4974502      0.014766868   
12.990663      0.017603038   

Stress
20.146       0.044246     0.0607968     0.104777     0.0798319    0.0807337   
0.044246     20.1476      -0.00327433   0.0798319    0.0912147    0.0726578   
0.0607968    -0.00327433  20.1452       0.0807337    0.0726578    0.0618422   

Stress Spherical
0            0            0             0            0            0           
0            0            0             0            0            0           
0            0            0             0            0            0           

Inertia
150.017      -56.2233     -56.2316      0.312523     0.232285     0.130644    
-56.2233     149.968      -56.2491      0.232285     0.280525     0.181375    
-56.2316     -56.2491     150.048       0.130644     0.181375     0.414056    

Bond Length
0.61655587    0.0028754862

BB bond length
0.61655587    0.0028754862

Water EE distance
0             0           

PEG EE distance
7.3241229     0.099273822 

BBB P2(x)
0.51225403    0.014375689 

BBB first bond length
0.61644167    0.0028714771

BBB second bond length
0.61635548    0.0029583516

BBB <phi**2>/<phi>**2
1.2261836     0.0080945893

Time = 26000
Temperature
1.0135958     0.0058676527

Pressure
23.181501     0.11488569  

CM Mom
-3.660584e-17  1.2990678e-17 
2.0053397e-17  1.2559662e-17 
1.0569633e-16  2.844463e-17  
1.1556446e-16  2.6349485e-17 

CM Pos
7.5020112      0.019956774   
7.5008478      0.016173707   
7.5011597      0.01176722    
12.992715      0.021059575   

Stress
20.1458      0.0516279    0.0162378     0.131348     0.056946     0.0608712   
0.0516279    20.1691      -0.0407312    0.056946     0.144994     0.0408105   
0.0162378    -0.0407312   20.1216       0.0608712    0.0408105    0.148124    

Stress Spherical
0            0            0             0            0            0           
0            0            0             0            0            0           
0            0            0             0            0            0           

Inertia
150.014      -56.2653     -56.255       0.301442     0.255704     0.202618    
-56.2653     150.052      -56.2401      0.255704     0.390441     0.184825    
-56.255      -56.2401     150.026       0.202618     0.184825     0.491225    

Bond Length
0.61880893    0.0013952074

BB bond length
0.61880893    0.0013952074

Water EE distance
0             0           

PEG EE distance
7.4829872     0.089581631 

BBB P2(x)
0.50687149    0.0056775519

BBB first bond length
0.6187544     0.0014483188

BBB second bond length
0.61887953    0.0014696055

BBB <phi**2>/<phi>**2
1.2204076     0.0055077551

Time = 27000
Temperature
1.0119436     0.010721776 

Pressure
23.182328     0.054887218 

CM Mom
-2.9563024e-17 1.6809307e-17 
1.157393e-17   1.533378e-17  
1.2566145e-16  3.7774173e-17 
1.3110355e-16  3.9435449e-17 

CM Pos
7.503495       0.013361854   
7.5048541      0.017011666   
7.5065015      0.010783038   
12.998971      0.013623005   

Stress
20.1739      -0.0100887   -0.0333525    0.100686     0.0797144    0.0766584   
-0.0100887   20.1676      0.0405143     0.0797144    0.104921     0.0621918   
-0.0333525   0.0405143    20.1124       0.0766584    0.0621918    0.132399    

Stress Spherical
0            0            0             0            0            0           
0            0            0             0            0            0           
0            0            0             0            0            0           

Inertia
150.168      -56.289      -56.322       0.319872     0.124858     0.153857    
-56.289      150.169      -56.3164      0.124858     0.300403     0.162131    
-56.322      -56.3164     150.106       0.153857     0.162131     0.260592    

Bond Length
0.61792723    0.0019686327

BB bond length
0.61792723    0.0019686327

Water EE distance
0             0           

PEG EE distance
7.2652312     0.15776242  

BBB P2(x)
0.51672071    0.012711253 

BBB first bond length
0.61788657    0.0020623115

BBB second bond length
0.6178048     0.0021840667

BBB <phi**2>/<phi>**2
1.2246606     0.0095696976

Time = 28000
Temperature
1.0058264     0.0049423114

Pressure
23.10878      0.084380325 

CM Mom
-4.5839943e-17 1.130774e-17  
1.7860599e-17  3.7837751e-17 
1.520427e-16   1.6706034e-17 
1.6495206e-16  1.2913411e-17 

CM Pos
7.5005274      0.011748494   
7.504409       0.0099637582  
7.4974502      0.0073355666  
12.991769      0.0077729539  

Stress
20.1202      -0.0445248   -0.0176736    0.110195     0.0746566    0.0593166   
-0.0445248   20.0674      -0.000513218  0.0746566    0.0867619    0.0760981   
-0.0176736   -0.000513218 20.1006       0.0593166    0.0760981    0.0951774   

Stress Spherical
0            0            0             0            0            0           
