Time = 500
Temperature
   1.0325099   0.038743825

Pressure
   23.577592    0.16077801

CM Mom
2.1793226e-17  5.1782617e-18 
-3.1142502e-17 1.2466706e-17 
2.0260145e-17  5.1797397e-17 
6.5625741e-17  2.0340579e-17 

CM Pos
7.4920387      0.012124026   
7.5147894      0.010290649   
7.5045426      0.02646106    
12.996965      0.02659401    

Stress
20.4903      0.0017351    0.0242878     0.183791     0.0603099    0.0376056   
0.0017351    20.489       -0.0223199    0.0603099    0.0344477    0.0443247   
0.0242878    -0.0223199   20.4618       0.0376056    0.0443247    0.0723624   

Stress Spherical
0            0            0             0            0            0           
0            0            0             0            0            0           
0            0            0             0            0            0           

Inertia
150.249      -56.316      -56.2137      0.691801     0.180393     0.249874    
-56.316      149.912      -56.3813      0.180393     0.774738     0.240902    
-56.2137     -56.3813     150.02        0.249874     0.240902     0.424344    

Bond Length
0.62453409    0.0029993197

BB bond length
0.62453409    0.0029993197

Water EE distance
0             0           

PEG EE distance
3.4360116     0.23872956  

Time = 1000
Temperature
1.0118842     0.0077207776

Pressure
23.617534     0.057216438 

CM Mom
2.2816925e-17  1.5316479e-17 
-6.4275377e-17 1.2824191e-17 
1.1700987e-17  2.435546e-17  
7.599144e-17   2.5284806e-18 

CM Pos
7.4947056      0.010459915   
7.506196       0.012160184   
7.4787623      0.011651286   
12.978668      0.0068963488  

Stress
20.6077      0.0242209    0.0139982     0.0537192    0.060935     0.028805    
0.0242209    20.6389      -0.0326086    0.060935     0.068661     0.0587964   
0.0139982    -0.0326086   20.5          0.028805     0.0587964    0.113423    

Stress Spherical
0            0            0             0            0            0           
0            0            0             0            0            0           
0            0            0             0            0            0           

Inertia
149.728      -56.266      -56.0815      0.250288     0.0889911    0.109884    
-56.266      149.549      -56.1162      0.0889911    0.223682     0.139878    
-56.0815     -56.1162     149.921       0.109884     0.139878     0.184511    

Bond Length
0.61676105    0.0088429267

BB bond length
0.61676105    0.0088429267

Water EE distance
0             0           

PEG EE distance
3.6277095     0.37301127  

