Time = 1000
Temperature
   1.0468474   0.058962964

Pressure
   23.698195    0.23647424

CM Mom
2.5167926e-17  2.1812087e-17 
1.1436789e-16  3.6835121e-17 
-3.7267031e-17 1.6986636e-16 
1.9125552e-16  9.5972747e-17 

CM Pos
7.5024737      0.012656994   
7.5103247      0.015997337   
7.5042577      0.030804757   
13.000261      0.023325749   

Stress
20.5536      0.00542382   0.0149123     0.136473     0.0756359    0.0684568   
0.00542382   20.5937      -0.0182194    0.0756359    0.118409     0.0750528   
0.0149123    -0.0182194   20.5322       0.0684568    0.0750528    0.110335    

Stress Spherical
0            0            0             0            0            0           
0            0            0             0            0            0           
0            0            0             0            0            0           

Inertia
150.263      -56.3406     -56.2736      0.417981     0.149352     0.290551    
-56.3406     150.115      -56.3503      0.149352     0.490088     0.255879    
-56.2736     -56.3503     150.202       0.290551     0.255879     0.612313    

Bond Length
0.61830907    0.0044221752

BB bond length
0.61830907    0.0044221752

Water EE distance
0             0           

PEG EE distance
6.7466701     0.22442622  

BBB P2(x)
0.48300975    0.055567526 

BBB first bond length
0.61838797    0.0044015334

BBB second bond length
0.6182014     0.0040609177

BBB <phi**2>/<phi>**2
1.2129793     0.020359673 

Time = 2000
Temperature
1.0114132     0.0076629152

Pressure
23.487278     0.059084479 

CM Mom
5.2419578e-18  2.323462e-17  
9.603078e-17   3.0765166e-17 
1.4428346e-17  2.4745589e-17 
1.03764e-16    2.8094234e-17 

CM Pos
7.5035114      0.019575822   
7.4963891      0.014123549   
7.5079639      0.01726404    
12.994953      0.011241143   

Stress
20.4312      0.0317459    -0.0198892    0.107466     0.0754213    0.0530697   
0.0317459    20.5546      0.0296026     0.0754213    0.0756984    0.0821004   
-0.0198892   0.0296026    20.3795       0.0530697    0.0821004    0.109486    

Stress Spherical
0            0            0             0            0            0           
0            0            0             0            0            0           
0            0            0             0            0            0           

Inertia
149.99       -56.2418     -56.3734      0.33127      0.231872     0.17825     
-56.2418     150.097      -56.2907      0.231872     0.402899     0.0990817   
-56.3734     -56.2907     149.911       0.17825      0.0990817    0.586569    

Bond Length
0.62067584    0.0045483678

BB bond length
0.62067584    0.0045483678

Water EE distance
0             0           

PEG EE distance
6.9875983     0.18371614  

BBB P2(x)
0.51296038    0.017161822 

BBB first bond length
0.62099097    0.0045161329

BBB second bond length
0.62083497    0.0047327761

BBB <phi**2>/<phi>**2
1.2260334     0.0096125513

