Time = 1000
Temperature
    1.088775    0.11055641

Pressure
   23.669765    0.54273732

CM Mom
8.9205525e-18  1.582569e-17  
-9.1017641e-18 1.9012721e-17 
1.0889211e-16  2.2391896e-16 
1.9307348e-16  1.5966897e-16 

CM Pos
7.4935344      0.027513277   
7.4997793      0.015408948   
7.4922909      0.012468556   
12.982087      0.027229475   

Stress
20.3639      0.00354198   0.00457582    0.22465      0.0644322    0.107036    
0.00354198   20.4425      0.00170963    0.0644322    0.247907     0.0614531   
0.00457582   0.00170963   20.4194       0.107036     0.0614531    0.265258    

Stress Spherical
0            0            0             0            0            0           
0            0            0             0            0            0           
0            0            0             0            0            0           

Inertia
149.969      -56.1887     -56.1126      1.18774      0.251179     0.235937    
-56.1887     149.872      -56.2217      0.251179     1.0421       0.200459    
-56.1126     -56.2217     149.988       0.235937     0.200459     1.12841     

Bond Length
0.61954004    0.0065879432

BB bond length
0.61954004    0.0065879432

Water EE distance
0             0           

PEG EE distance
7.0233633     0.082528281 

BBB P2(x)
0.47870643    0.056041061 

BBB first bond length
0.6198029     0.0065370175

BBB second bond length
0.61937273    0.0063662412

BBB <phi**2>/<phi>**2
1.2219926     0.01380097  

Time = 2000
Temperature
1.0139555     0.0057263449

Pressure
23.303974     0.12614035  

CM Mom
1.7262189e-17  2.4304642e-17 
2.1418661e-18  1.6829288e-17 
-3.7734843e-17 2.7881817e-17 
5.2222378e-17  2.5507817e-17 

CM Pos
7.5052566      0.0095427452  
7.5011147      0.012182747   
7.4994133      0.012542502   
12.993729      0.0142748     

Stress
20.2518      0.00720343   -0.03816      0.151227     0.0505467    0.0598269   
0.00720343   20.25        -0.0177917    0.0505467    0.11773      0.0564442   
-0.03816     -0.0177917   20.2989       0.0598269    0.0564442    0.172832    

Stress Spherical
0            0            0             0            0            0           
0            0            0             0            0            0           
0            0            0             0            0            0           

Inertia
149.873      -56.2957     -56.2951      0.368133     0.141656     0.138845    
-56.2957     149.943      -56.2571      0.141656     0.355608     0.127563    
-56.2951     -56.2571     149.973       0.138845     0.127563     0.429955    

Bond Length
0.61794593    0.0037420476

BB bond length
0.61794593    0.0037420476

Water EE distance
0             0           

PEG EE distance
7.2541661     0.08542587  

BBB P2(x)
0.52446115    0.0056010354

BBB first bond length
0.61770798    0.0040524836

BBB second bond length
0.61796103    0.0037648962

BBB <phi**2>/<phi>**2
1.2246695     0.0061878662

Time = 3000
Temperature
1.0089654     0.0082843149

Pressure
23.283133     0.092928541 

CM Mom
-5.2819061e-18 1.8714339e-17 
-3.8067064e-17 1.6488638e-17 
-4.6515918e-17 2.2493603e-17 
6.5468378e-17  2.1970114e-17 

CM Pos
7.5076307      0.013416941   
7.4984438      0.017846057   
7.5029745      0.019901535   
12.995629      0.017957197   

Stress
20.3039      0.0312949    -0.0347667    0.118521     0.0756851    0.0827611   
0.0312949    20.2221      -0.0179682    0.0756851    0.119879     0.0500929   
-0.0347667   -0.0179682   20.2571       0.0827611    0.0500929    0.107164    

Stress Spherical
0            0            0             0            0            0           
0            0            0             0            0            0           
0            0            0             0            0            0           

Inertia
149.951      -56.2969     -56.3204      0.621182     0.168231     0.130631    
-56.2969     150.103      -56.2657      0.168231     0.357157     0.294964    
-56.3204     -56.2657     150.032       0.130631     0.294964     0.315934    

Bond Length
0.61837117    0.0029488047

BB bond length
0.61837117    0.0029488047

Water EE distance
0             0           

PEG EE distance
7.531868      0.15427023  

BBB P2(x)
0.52293848    0.0051113483

BBB first bond length
0.6185344     0.0029504503

BBB second bond length
0.61842393    0.0028264234

BBB <phi**2>/<phi>**2
1.2286162     0.0089540353

Time = 4000
Temperature
1.0102708     0.0099049842

Pressure
23.260348     0.074407494 

CM Mom
2.2145979e-17  2.367112e-17  
-3.9764413e-17 1.3768965e-17 
-4.7698872e-17 3.629376e-17  
7.5245947e-17  2.7423093e-17 

CM Pos
7.4975407      0.012036383   
7.4951794      0.012782455   
7.5000068      0.011897474   
12.986193      0.013441808   

Stress
20.218       0.0318874    -0.0308978    0.088266     0.0829943    0.0512199   
0.0318874    20.257       -0.0112571    0.0829943    0.131302     0.0515603   
-0.0308978   -0.0112571   20.228        0.0512199    0.0515603    0.126141    

Stress Spherical
0            0            0             0            0            0           
0            0            0             0            0            0           
0            0            0             0            0            0           

Inertia
149.852      -56.1976     -56.2314      0.278586     0.144393     0.146179    
-56.1976     149.915      -56.2385      0.144393     0.250316     0.149246    
-56.2314     -56.2385     149.824       0.146179     0.149246     0.30026     

Bond Length
0.61961802    0.0018565396

BB bond length
0.61961802    0.0018565396

Water EE distance
0             0           

PEG EE distance
7.4237994     0.11943082  

BBB P2(x)
0.51801131    0.012694552 

BBB first bond length
0.61941667    0.001967504 

BBB second bond length
0.61966029    0.0017686476

BBB <phi**2>/<phi>**2
1.2260297     0.010882415 

Time = 5000
Temperature
1.0143304     0.0063348884

Pressure
23.202562     0.076106108 

CM Mom
3.9378377e-17  1.7564404e-17 
-3.3499434e-17 1.672849e-17  
-8.536782e-18  1.9493655e-17 
5.8231371e-17  1.7977931e-17 

CM Pos
7.4948698      0.0090938095  
7.4977019      0.0075660592  
7.4916974      0.012747959   
12.981307      0.010917144   

Stress
20.1668      0.000319257  0.00463576    0.151493     0.070146     0.051446    
0.000319257  20.1564      -0.000921912  0.070146     0.101416     0.0816999   
0.00463576   -0.000921912 20.17         0.051446     0.0816999    0.107745    

Stress Spherical
0            0            0             0            0            0           
0            0            0             0            0            0           
0            0            0             0            0            0           

Inertia
149.791      -56.2097     -56.1364      0.276196     0.128165     0.116556    
-56.2097     149.763      -56.1666      0.128165     0.270681     0.14284     
-56.1364     -56.1666     149.837       0.116556     0.14284      0.184289    

Bond Length
0.61998279    0.002462169 

BB bond length
0.61998279    0.002462169 

Water EE distance
0             0           

PEG EE distance
7.3813024     0.14747473  

BBB P2(x)
0.52038558    0.0093044013

BBB first bond length
0.6199706     0.002286918 

BBB second bond length
0.61996583    0.0023723482

BBB <phi**2>/<phi>**2
1.2257294     0.0076324511

Time = 6000
Temperature
1.0052492     0.0089283306

Pressure
23.192363     0.10114071  

CM Mom
5.4264635e-17  2.023155e-17  
-3.4951049e-17 1.0098267e-17 
1.0914292e-17  2.2977341e-17 
7.125589e-17   1.572244e-17  

CM Pos
7.4994697      0.013272575   
7.4996309      0.0092438924  
7.5111355      0.014204489   
12.996305      0.013894126   

Stress
20.1814      -0.0070329   -0.00915016   0.196356     0.0811121    0.0727901   
-0.0070329   20.1655      0.0397348     0.0811121    0.138661     0.0749961   
-0.00915016  0.0397348    20.1972       0.0727901    0.0749961    0.104267    

Stress Spherical
0            0            0             0            0            0           
0            0            0             0            0            0           
0            0            0             0            0            0           

Inertia
150.127      -56.2501     -56.3163      0.207369     0.127902     0.154268    
-56.2501     150.129      -56.3008      0.127902     0.356061     0.111671    
-56.3163     -56.3008     149.941       0.154268     0.111671     0.280962    

Bond Length
0.61770405    0.0022208148

BB bond length
0.61770405    0.0022208148

Water EE distance
0             0           

PEG EE distance
7.1565248     0.14282594  

BBB P2(x)
0.50969993    0.010256771 

BBB first bond length
0.61762618    0.0024004922

BBB second bond length
0.61751503    0.0020867903

BBB <phi**2>/<phi>**2
1.2256444     0.0075955872

Time = 7000
Temperature
1.0087175     0.0097042715

Pressure
23.144458     0.083149406 

CM Mom
6.9282203e-17  1.5986346e-17 
-2.8350554e-17 3.0084159e-17 
-7.4343429e-18 1.2127115e-17 
8.101087e-17   2.0099071e-17 

CM Pos
7.4999148      0.018829984   
7.5083855      0.0076471058  
7.494665       0.012018993   
12.992107      0.016861368   

Stress
20.1543      -0.0493002   0.0347544     0.106972     0.0792834    0.0597981   
-0.0493002   20.1186      0.00970407    0.0792834    0.0942065    0.0917802   
0.0347544    0.00970407   20.0964       0.0597981    0.0917802    0.092192    

Stress Spherical
0            0            0             0            0            0           
0            0            0             0            0            0           
0            0            0             0            0            0           

Inertia
150.035      -56.2993     -56.2161      0.265135     0.173156     0.208235    
-56.2993     149.917      -56.2654      0.173156     0.381561     0.117192    
-56.2161     -56.2654     150.112       0.208235     0.117192     0.360381    

Bond Length
0.61865344    0.0022476026

BB bond length
0.61865344    0.0022476026

Water EE distance
0             0           

PEG EE distance
7.2846594     0.094088263 

BBB P2(x)
0.51247764    0.012494353 

BBB first bond length
0.61880303    0.0023314587

BBB second bond length
0.6185826     0.0025426672

BBB <phi**2>/<phi>**2
1.2217488     0.0061426361

Time = 8000
Temperature
1.0158226     0.010808039 

Pressure
23.200999     0.097108405 

CM Mom
7.8168092e-17  1.3949208e-17 
-4.8466413e-17 1.8722544e-17 
-3.6421059e-17 1.9076561e-17 
1.0225196e-16  1.5469401e-17 

CM Pos
7.497244       0.010980315   
7.4991858      0.0079353499  
7.494665       0.012092046   
12.98525       0.0076977919  

Stress
20.207       0.00872765   -0.0230136    0.119152     0.0618345    0.0893685   
0.00872765   20.1172      0.00368468    0.0618345    0.116148     0.0752665   
-0.0230136   0.00368468   20.1508       0.0893685    0.0752665    0.0727089   

Stress Spherical
0            0            0             0            0            0           
0            0            0             0            0            0           
0            0            0             0            0            0           

Inertia
149.886      -56.2141     -56.1673      0.274703     0.100095     0.0889421   
-56.2141     149.892      -56.1577      0.100095     0.151454     0.153831    
-56.1673     -56.1577     149.948       0.0889421    0.153831     0.199495    

Bond Length
0.61839595    0.0022168895

BB bond length
0.61839595    0.0022168895

Water EE distance
0             0           

PEG EE distance
7.2307302     0.15721459  

BBB P2(x)
0.51229129    0.0078843959

BBB first bond length
0.61839257    0.0022879226

BBB second bond length
0.61854447    0.0022666817

BBB <phi**2>/<phi>**2
1.2256829     0.0051135549

Time = 9000
Temperature
1.0102576     0.0058925993

Pressure
23.214377     0.10672972  

CM Mom
2.7658655e-17  2.9438509e-17 
-3.2207787e-17 2.0836652e-17 
-4.8365923e-17 2.1599906e-17 
7.5401038e-17  1.4954481e-17 

CM Pos
7.5019922      0.013037422   
7.5006696      0.0066358729  
7.5013423      0.014337172   
12.992703      0.012684181   

Stress
20.2065      0.0518294    -0.015454     0.1277       0.0649157    0.0734251   
0.0518294    20.1728      -0.00251519   0.0649157    0.143991     0.0739668   
-0.015454    -0.00251519  20.1859       0.0734251    0.0739668    0.0834554   

Stress Spherical
0            0            0             0            0            0           
0            0            0             0            0            0           
0            0            0             0            0            0           

Inertia
150.01       -56.2891     -56.2858      0.269969     0.12602      0.171905    
-56.2891     150.039      -56.2622      0.12602      0.370272     0.131747    
-56.2858     -56.2622     150.021       0.171905     0.131747     0.253505    

Bond Length
0.61815037    0.0020279759

BB bond length
0.61815037    0.0020279759

Water EE distance
0             0           

PEG EE distance
6.7523617     0.17501293  

BBB P2(x)
0.50723351    0.0083257092

BBB first bond length
0.61809233    0.0019422687

BBB second bond length
0.61821238    0.0019314403

BBB <phi**2>/<phi>**2
1.2219716     0.0058085818

Time = 10000
Temperature
1.0115783     0.0088083666

Pressure
23.212616     0.12683959  

CM Mom
1.0743788e-17  8.8284513e-18 
-2.1245137e-17 1.4863552e-17 
-2.5868229e-17 2.4562361e-17 
4.212873e-17   1.9060339e-17 

CM Pos
7.492199       0.012221541   
7.4982955      0.021617063   
7.4961489      0.011532872   
12.982692      0.014095978   

Stress
20.2134      0.00191846   -0.0376902    0.148093     0.092323     0.0745218   
0.00191846   20.1777      -0.0181664    0.092323     0.140892     0.0398798   
-0.0376902   -0.0181664   20.157        0.0745218    0.0398798    0.182132    

Stress Spherical
0            0            0             0            0            0           
0            0            0             0            0            0           
0            0            0             0            0            0           

Inertia
149.894      -56.148      -56.1808      0.380677     0.206809     0.103171    
-56.148      149.818      -56.1953      0.206809     0.264554     0.185426    
-56.1808     -56.1953     149.839       0.103171     0.185426     0.32435     

Bond Length
0.61808736    0.0010270338

BB bond length
0.61808736    0.0010270338

Water EE distance
0             0           

PEG EE distance
6.7357993     0.18847754  

BBB P2(x)
0.49831928    0.011574054 

BBB first bond length
0.61822287    0.00077747909

BBB second bond length
0.61798289    0.0010812676

BBB <phi**2>/<phi>**2
1.2232407     0.0071645715

Time = 11000
Temperature
1.0146821     0.0060074769

Pressure
23.204683     0.091971234 

CM Mom
1.8600546e-17  2.7248749e-17 
-2.3508635e-17 1.5974554e-17 
-3.7911113e-17 1.7672271e-17 
5.748858e-17   1.8464606e-17 

CM Pos
7.4988762      0.012153796   
7.4994825      0.011698726   
7.495407       0.020015711   
12.986804      0.010184196   

Stress
20.1631      -0.0272057   -0.0145975    0.103564     0.070073     0.0798249   
-0.0272057   20.1724      -0.0489391    0.070073     0.10002      0.0608215   
-0.0145975   -0.0489391   20.1609       0.0798249    0.0608215    0.141713    

Stress Spherical
0            0            0             0            0            0           
0            0            0             0            0            0           
0            0            0             0            0            0           

Inertia
149.9        -56.2476     -56.2397      0.301855     0.13681      0.123574    
-56.2476     149.891      -56.2009      0.13681      0.264509     0.164688    
-56.2397     -56.2009     149.954       0.123574     0.164688     0.263749    

Bond Length
0.61848376    0.0023175917

BB bond length
0.61848376    0.0023175917

Water EE distance
0             0           

PEG EE distance
6.6978977     0.17838309  

BBB P2(x)
0.50651452    0.0091662338

BBB first bond length
0.61841813    0.0023316575

BBB second bond length
0.61808324    0.0023090147

BBB <phi**2>/<phi>**2
1.226094      0.0088289373

Time = 12000
Temperature
1.0077966     0.0094563792

Pressure
23.225842     0.095118179 

CM Mom
3.7674577e-17  1.350538e-17  
3.1349606e-18  2.5622295e-17 
-1.0038573e-17 1.3134513e-17 
4.8168468e-17  1.4872325e-17 

CM Pos
7.5015471      0.013841006   
7.5063081      0.0084928804  
7.5029745      0.022692842   
12.996653      0.016623215   

Stress
20.1793      -0.0291586   -0.0182509    0.117035     0.0690352    0.0550263   
-0.0291586   20.2169      -0.0120243    0.0690352    0.137466     0.0411171   
-0.0182509   -0.0120243   20.2255       0.0550263    0.0411171    0.108249    

Stress Spherical
0            0            0             0            0            0           
0            0            0             0            0            0           
0            0            0             0            0            0           

Inertia
150.113      -56.2811     -56.319       0.291189     0.115416     0.2585      
-56.2811     150.064      -56.3497      0.115416     0.536266     0.147581    
-56.319      -56.3497     150.097       0.2585       0.147581     0.213988    

Bond Length
0.61752799    0.002903108 

BB bond length
0.61752799    0.002903108 

Water EE distance
0             0           

PEG EE distance
7.0586016     0.090410016 

BBB P2(x)
0.51329884    0.012924231 

BBB first bond length
0.61727708    0.0029113058

BBB second bond length
0.61744755    0.0028708568

BBB <phi**2>/<phi>**2
1.2244518     0.0086077822

Time = 13000
Temperature
1.0148408     0.0068833831

Pressure
23.203816     0.09379637  

CM Mom
7.7820495e-17  2.598892e-17  
5.0689001e-17  2.4127641e-17 
-2.0096091e-17 3.7872119e-17 
1.0415604e-16  2.9540493e-17 

CM Pos
7.4997665      0.014752696   
7.4994825      0.0085703012  
7.5052002      0.014358655   
12.992964      0.011687862   

Stress
20.2066      0.0244975    -0.0577732    0.109952     0.0912703    0.0948292   
0.0244975    20.1803      -0.0319494    0.0912703    0.0758833    0.042914    
-0.0577732   -0.0319494   20.1054       0.0948292    0.042914     0.111512    

Stress Spherical
0            0            0             0            0            0           
0            0            0             0            0            0           
0            0            0             0            0            0           

Inertia
150.048      -56.2514     -56.2961      0.230615     0.128499     0.181258    
-56.2514     150.059      -56.2564      0.128499     0.295719     0.112875    
-56.2961     -56.2564     149.995       0.181258     0.112875     0.254308    

Bond Length
0.61866335    0.0017325986

BB bond length
0.61866335    0.0017325986

Water EE distance
0             0           

PEG EE distance
7.0510123     0.23233041  

BBB P2(x)
0.51321015    0.0097387974

BBB first bond length
0.61866792    0.0014156431

BBB second bond length
0.6188592     0.0017997164

BBB <phi**2>/<phi>**2
1.2302805     0.0076114234

Time = 14000
Temperature
1.0114022     0.0061631374

Pressure
23.224431     0.071896494 

CM Mom
7.2456906e-17  1.5077203e-17 
8.7155088e-17  1.2373002e-17 
2.349271e-17   1.8121201e-17 
1.1839243e-16  9.483843e-18  

CM Pos
7.5037728      0.0092140714  
7.5023018      0.012633454   
7.4930328      0.015826244   
12.989877      0.016737319   

Stress
20.1625      0.01552      -0.0209041    0.128588     0.0789775    0.0771493   
0.01552      20.2106      0.0255486     0.0789775    0.105128     0.0802328   
-0.0209041   0.0255486    20.2119       0.0771493    0.0802328    0.114598    

Stress Spherical
0            0            0             0            0            0           
0            0            0             0            0            0           
0            0            0             0            0            0           

Inertia
149.935      -56.2972     -56.2212      0.320997     0.16168      0.183491    
-56.2972     149.955      -56.2099      0.16168      0.351296     0.17588     
-56.2212     -56.2099     150.092       0.183491     0.17588      0.275641    

Bond Length
0.61843486    0.001995115 

BB bond length
0.61843486    0.001995115 

Water EE distance
0             0           

PEG EE distance
6.9296985     0.13535933  

BBB P2(x)
0.51316058    0.010848436 

BBB first bond length
0.6182908     0.001762305 

BBB second bond length
0.6184921     0.001935172 

BBB <phi**2>/<phi>**2
1.2217141     0.010350862 

Time = 15000
Temperature
1.0073284     0.0083847839

Pressure
23.207442     0.053592608 

CM Mom
6.2734081e-17  1.6708114e-17 
1.1113872e-16  1.2884463e-17 
5.1059661e-17  1.2477035e-17 
1.3891236e-16  1.4095051e-17 

CM Pos
7.5016954      0.0079851364  
7.5066049      0.016118479   
7.5038648      0.014080722   
12.997417      0.014110618   

Stress
20.1948      -0.0133892   -0.0173358    0.106249     0.0762174    0.0873254   
-0.0133892   20.1403      -0.0137581    0.0762174    0.0845978    0.0605604   
-0.0173358   -0.0137581   20.2356       0.0873254    0.0605604    0.0883753   

Stress Spherical
0            0            0             0            0            0           
0            0            0             0            0            0           
0            0            0             0            0            0           

Inertia
150.178      -56.3334     -56.2586      0.281593     0.167642     0.131538    
-56.3334     150.082      -56.3616      0.167642     0.256631     0.163739    
-56.2586     -56.3616     150.132       0.131538     0.163739     0.347466    

Bond Length
0.61876075    0.0016912838

BB bond length
0.61876075    0.0016912838

Water EE distance
0             0           

PEG EE distance
6.7711353     0.18048705  

BBB P2(x)
0.51232331    0.0097964392

BBB first bond length
0.6186782     0.0014348385

BBB second bond length
0.61888325    0.0017488573

BBB <phi**2>/<phi>**2
1.2206067     0.0086893092

Time = 16000
Temperature
1.0071832     0.0065776513

Pressure
23.229091     0.095159825 

CM Mom
8.937644e-17   3.0046392e-17 
1.1472396e-16  1.2271979e-17 
3.8677418e-17  2.8197908e-17 
1.5492044e-16  2.2222603e-17 

CM Pos
7.4991729      0.011559569   
7.4979987      0.011432205   
7.4983746      0.010382544   
12.98782       0.010188382   

Stress
20.1725      0.00865576   0.0206307     0.127975     0.0625485    0.0738006   
0.00865576   20.2298      -0.05039      0.0625485    0.119345     0.0536277   
0.0206307    -0.05039     20.2346       0.0738006    0.0536277    0.149577    

Stress Spherical
0            0            0             0            0            0           
0            0            0             0            0            0           
0            0            0             0            0            0           

Inertia
149.95       -56.183      -56.245       0.217578     0.130439     0.140775    
-56.183      149.967      -56.2215      0.130439     0.259647     0.142157    
-56.245      -56.2215     149.949       0.140775     0.142157     0.206763    

Bond Length
0.61934708    0.0017950927

BB bond length
0.61934708    0.0017950927

Water EE distance
0             0           

PEG EE distance
7.3824517     0.16434972  

BBB P2(x)
0.5116829     0.011299007 

BBB first bond length
0.61912198    0.001831636 

BBB second bond length
0.61929057    0.0018246934

BBB <phi**2>/<phi>**2
1.2204252     0.0070446057

Time = 17000
Temperature
1.0093017     0.0055583957

Pressure
23.199916     0.084153429 

CM Mom
8.9024313e-17  2.4168814e-17 
1.3252525e-16  2.4675161e-17 
1.9660085e-17  2.0994801e-17 
1.6401165e-16  2.4672756e-17 

CM Pos
7.5021406      0.010268464   
7.5006696      0.014568726   
7.4909555      0.009725573   
12.986799      0.0060660073  

Stress
20.1871      -0.000342674 -0.00199005   0.100999     0.0650691    0.0951794   
-0.000342674 20.1428      -0.0201118    0.0650691    0.148305     0.0449484   
-0.00199005  -0.0201118   20.2004       0.0951794    0.0449484    0.0972641   

Stress Spherical
0            0            0             0            0            0           
0            0            0             0            0            0           
0            0            0             0            0            0           

Inertia
149.892      -56.2976     -56.2127      0.179845     0.145367     0.140594    
-56.2976     149.909      -56.1738      0.145367     0.218401     0.162975    
-56.2127     -56.1738     150.058       0.140594     0.162975     0.200718    

Bond Length
0.61780721    0.0021153054

BB bond length
0.61780721    0.0021153054

Water EE distance
0             0           

PEG EE distance
7.3658409     0.12852259  

BBB P2(x)
0.51342144    0.01499499  

BBB first bond length
0.61787223    0.0023960271

BBB second bond length
0.61779253    0.0025440269

BBB <phi**2>/<phi>**2
1.2253053     0.009300323 

Time = 18000
Temperature
1.0106811     0.0096687172

Pressure
23.201169     0.1207703   

CM Mom
8.4045388e-17  1.6831481e-17 
1.0891682e-16  1.1741972e-17 
2.2994104e-17  2.0471243e-17 
1.4170427e-16  1.467564e-17  

CM Pos
7.4990246      0.012396834   
7.5106112      0.0090513404  
7.500452       0.017566899   
12.996221      0.014622075   

Stress
20.1454      -0.0103875   0.013224      0.151002     0.0601444    0.0786665   
-0.0103875   20.2048      0.0382357     0.0601444    0.149358     0.0658088   
0.013224     0.0382357    20.1716       0.0786665    0.0658088    0.15821     

Stress Spherical
0            0            0             0            0            0           
0            0            0             0            0            0           
0            0            0             0            0            0           

Inertia
150.191      -56.3362     -56.2722      0.338791     0.132452     0.201944    
-56.3362     150.023      -56.322       0.132452     0.356268     0.208373    
-56.2722     -56.322      150.163       0.201944     0.208373     0.225457    

Bond Length
0.6182033     0.0018288474

BB bond length
0.6182033     0.0018288474

Water EE distance
0             0           

PEG EE distance
7.7575308     0.084751951 

BBB P2(x)
0.51173141    0.0082403789

BBB first bond length
0.6179992     0.00178971  

BBB second bond length
0.61806925    0.0017683429

BBB <phi**2>/<phi>**2
1.2219281     0.0075605208

Time = 19000
Temperature
1.0098313     0.0076545725

Pressure
23.226603     0.10877363  

CM Mom
7.8599156e-17  2.9873877e-17 
1.3314989e-16  2.5191169e-17 
1.6149865e-17  2.590354e-17  
1.6114345e-16  1.9959049e-17 

CM Pos
7.5028825      0.013191875   
7.5017083      0.014124436   
7.505497       0.013618907   
12.996219      0.013986844   

Stress
20.2487      0.0503087    -0.0453667    0.155964     0.0472554    0.0664191   
0.0503087    20.2115      0.0148563     0.0472554    0.149718     0.0570942   
-0.0453667   0.0148563    20.1455       0.0664191    0.0570942    0.134515    

Stress Spherical
0            0            0             0            0            0           
0            0            0             0            0            0           
0            0            0             0            0            0           

Inertia
150.117      -56.3223     -56.2972      0.250112     0.166866     0.220656    
-56.3223     150.149      -56.3371      0.166866     0.418725     0.100515    
-56.2972     -56.3371     150.061       0.220656     0.100515     0.261104    

Bond Length
0.61923647    0.0015351835

BB bond length
0.61923647    0.0015351835

Water EE distance
0             0           

PEG EE distance
7.4609835     0.31377083  

BBB P2(x)
0.51480813    0.009597634 

BBB first bond length
0.61928105    0.0014168788

BBB second bond length
0.61912182    0.0014895847

BBB <phi**2>/<phi>**2
1.2288691     0.0053555437

Time = 20000
Temperature
1.007011      0.0070977496

Pressure
23.190396     0.071915683 

CM Mom
8.8628943e-17  2.4740888e-17 
1.192456e-16   1.7664437e-17 
3.3762465e-17  2.3738625e-17 
1.5631193e-16  1.6393734e-17 

CM Pos
7.5068888      0.010238401   
7.5006696      0.021553822   
7.498523       0.011860405   
12.993909      0.017410748   

Stress
20.1812      -0.0331515   -0.023608     0.118584     0.0545502    0.0708787   
-0.0331515   20.1748      -0.00610152   0.0545502    0.114368     0.0734936   
-0.023608    -0.00610152  20.1664       0.0708787    0.0734936    0.0795792   

Stress Spherical
0            0            0             0            0            0           
0            0            0             0            0            0           
0            0            0             0            0            0           

Inertia
149.991      -56.3174     -56.3085      0.429859     0.238708     0.119073    
-56.3174     150.087      -56.2611      0.238708     0.198681     0.259058    
-56.3085     -56.2611     150.102       0.119073     0.259058     0.341446    

Bond Length
0.61810507    0.0015205791

BB bond length
0.61810507    0.0015205791

Water EE distance
0             0           

PEG EE distance
7.0591865     0.085177227 

BBB P2(x)
0.50636004    0.019856542 

BBB first bond length
0.61806659    0.0013917553

BBB second bond length
0.6180983     0.0014665595

BBB <phi**2>/<phi>**2
1.2241792     0.012620904 

Time = 21000
Temperature
1.0078288     0.0044328565

Pressure
23.203585     0.056448202 

CM Mom
9.282756e-17   1.8129827e-17 
1.5132376e-16  3.2244613e-17 
-2.5903579e-17 1.1015648e-17 
1.8111591e-16  2.9556884e-17 

CM Pos
7.5021406      0.010007856   
7.4920634      0.013135006   
7.5025293      0.011323841   
12.988508      0.011111664   

Stress
20.2059      0.0129856    0.0121333     0.0626072    0.0841703    0.054775    
0.0129856    20.1652      -0.00259187   0.0841703    0.0942173    0.0771355   
0.0121333    -0.00259187  20.1836       0.054775     0.0771355    0.154065    

Stress Spherical
0            0            0             0            0            0           
0            0            0             0            0            0           
0            0            0             0            0            0           

Inertia
149.931      -56.2291     -56.2563      0.229473     0.188923     0.0865555   
-56.2291     150.062      -56.1708      0.188923     0.210368     0.0940991   
-56.2563     -56.1708     149.885       0.0865555    0.0940991    0.3073      

Bond Length
0.61925561    0.0009980985

BB bond length
0.61925561    0.0009980985

Water EE distance
0             0           

PEG EE distance
6.8883935     0.11396063  

BBB P2(x)
0.50423721    0.0096040465

BBB first bond length
0.61913114    0.0012317083

BBB second bond length
0.61912818    0.00092257779

BBB <phi**2>/<phi>**2
1.2233485     0.011385874 

Time = 22000
Temperature
1.0104939     0.0084025676

Pressure
23.194737     0.054818989 

CM Mom
1.11874e-16    1.9901242e-17 
1.4354656e-16  2.5621383e-17 
8.4191318e-18  1.5672359e-17 
1.8476701e-16  1.8750401e-17 

CM Pos
7.4951666      0.012905024   
7.4979987      0.01786517    
7.5044583      0.013879131   
12.989029      0.014761824   

Stress
20.1956      0.0181769    0.00639419    0.123157     0.0667012    0.0770347   
0.0181769    20.1717      -0.0183306    0.0667012    0.0873788    0.0451766   
0.00639419   -0.0183306   20.1369       0.0770347    0.0451766    0.106314    

Stress Spherical
0            0            0             0            0            0           
0            0            0             0            0            0           
0            0            0             0            0            0           

Inertia
150.067      -56.1883     -56.2191      0.276861     0.158267     0.190584    
-56.1883     149.996      -56.258       0.158267     0.34461      0.147022    
-56.2191     -56.258      149.898       0.190584     0.147022     0.288077    

Bond Length
0.61861902    0.0013076767

BB bond length
0.61861902    0.0013076767

Water EE distance
0             0           

PEG EE distance
6.6541519     0.18013279  

BBB P2(x)
0.51031474    0.010557132 

BBB first bond length
0.61864232    0.0012601199

BBB second bond length
0.61847426    0.0016154783

BBB <phi**2>/<phi>**2
1.2267153     0.0085639923

Time = 23000
Temperature
1.0089875     0.0078102284

Pressure
23.228179     0.0868581   

CM Mom
1.3804864e-16  1.879208e-17  
1.1407764e-16  2.1509022e-17 
-2.3858291e-17 2.1264772e-17 
1.8380152e-16  1.1194811e-17 

CM Pos
7.4927925      0.0067281338  
7.4978503      0.011559569   
7.4961489      0.0098437086  
12.982762      0.01084732    

Stress
20.2492      -9.17826e-05 -0.0199487    0.0956608    0.0553956    0.0433271   
-9.17826e-05 20.1909      -0.0160778    0.0553956    0.0818277    0.0978056   
-0.0199487   -0.0160778   20.1779       0.0433271    0.0978056    0.13036     

Stress Spherical
0            0            0             0            0            0           
0            0            0             0            0            0           
0            0            0             0            0            0           

Inertia
149.94       -56.1463     -56.1778      0.190009     0.151531     0.126586    
-56.1463     149.841      -56.2277      0.151531     0.174011     0.111669    
-56.1778     -56.2277     149.853       0.126586     0.111669     0.236288    

Bond Length
0.61890261    0.0020715673

BB bond length
0.61890261    0.0020715673

Water EE distance
0             0           

PEG EE distance
7.160294      0.13439489  

BBB P2(x)
0.50800533    0.01227796  

BBB first bond length
0.61886995    0.0021152682

BBB second bond length
0.618629      0.0021440188

BBB <phi**2>/<phi>**2
1.2262754     0.0094057695

Time = 24000
Temperature
1.0115125     0.0068146198

Pressure
23.178256     0.086292416 

CM Mom
1.1950774e-16  3.0455631e-17 
1.0763275e-16  2.3996221e-17 
-1.3783201e-17 1.756647e-17  
1.6608712e-16  1.6849292e-17 

CM Pos
7.493386       0.011848332   
7.495773       0.012953557   
7.5008971      0.01753491    
12.984662      0.0084303573  

Stress
20.1548      -0.0181713   -0.00121811   0.119736     0.0659253    0.0421236   
-0.0181713   20.1308      -0.0312222    0.0659253    0.10951      0.0419993   
-0.00121811  -0.0312222   20.16         0.0421236    0.0419993    0.14448     

Stress Spherical
0            0            0             0            0            0           
0            0            0             0            0            0           
0            0            0             0            0            0           

Inertia
149.965      -56.1749     -56.2208      0.290697     0.157003     0.147701    
-56.1749     149.907      -56.2532      0.157003     0.236626     0.19701     
-56.2208     -56.2532     149.836       0.147701     0.19701      0.212238    

Bond Length
0.61857358    0.0022801478

BB bond length
0.61857358    0.0022801478

Water EE distance
0             0           

PEG EE distance
7.0403873     0.11525637  

BBB P2(x)
0.50901285    0.01099696  

BBB first bond length
0.61836568    0.0023833114

BBB second bond length
0.61842983    0.0022737225

BBB <phi**2>/<phi>**2
1.2264305     0.010814135 

Time = 25000
Temperature
1.0100767     0.0074481278

Pressure
23.228927     0.1074436   

CM Mom
1.1126996e-16  1.3890578e-17 
8.6381644e-17  2.4693513e-17 
-7.5191828e-18 1.8021285e-17 
1.4403682e-16  1.6739445e-17 

CM Pos
7.5019922      0.013966897   
7.4979987      0.010015553   
7.5026777      0.015912956   
12.991938      0.012105927   

Stress
20.2249      -0.00537708  0.0360169     0.11813      0.0552883    0.0801695   
-0.00537708  20.1711      0.0173024     0.0552883    0.143246     0.0901735   
0.0360169    0.0173024    20.2144       0.0801695    0.0901735    0.106122    

Stress Spherical
0            0            0             0            0            0           
0            0            0             0            0            0           
0            0            0             0            0            0           

Inertia
149.995      -56.2575     -56.2825      0.261927     0.143896     0.12963     
-56.2575     150.06       -56.2703      0.143896     0.284458     0.142553    
-56.2825     -56.2703     149.985       0.12963      0.142553     0.291796    

Bond Length
0.61919612    0.0021872701

BB bond length
0.61919612    0.0021872701

Water EE distance
0             0           

PEG EE distance
6.8235817     0.10728452  

BBB P2(x)
0.50672715    0.0098180539

BBB first bond length
0.61913388    0.0018336236

BBB second bond length
0.61906276    0.0021731284

BBB <phi**2>/<phi>**2
1.2250289     0.0064736331

Time = 26000
Temperature
1.0111984     0.0092024465

Pressure
23.186536     0.10254337  

CM Mom
9.4167702e-17  1.7671373e-17 
7.3867336e-17  1.3633444e-17 
-1.4590759e-17 2.6366961e-17 
1.2402862e-16  1.8630538e-17 

CM Pos
7.5067405      0.013168488   
7.493844       0.024670815   
7.4958521      0.015021863   
12.98835       0.020645336   

Stress
20.0866      -0.00166947  -0.0362035    0.100697     0.0958213    0.0745154   
-0.00166947  20.1654      -0.0259726    0.0958213    0.124052     0.0729607   
-0.0362035   -0.0259726   20.2212       0.0745154    0.0729607    0.10881     

Stress Spherical
0            0            0             0            0            0           
0            0            0             0            0            0           
0            0            0             0            0            0           

Inertia
149.845      -56.2835     -56.2949      0.425615     0.291643     0.178433    
-56.2835     150.028      -56.1731      0.291643     0.315916     0.208913    
-56.2949     -56.1731     150.018       0.178433     0.208913     0.522253    

Bond Length
0.61953539    0.002805414 

BB bond length
0.61953539    0.002805414 

Water EE distance
0             0           

PEG EE distance
6.8047928     0.096987314 

BBB P2(x)
0.49969374    0.012781394 

BBB first bond length
0.61936869    0.0026920376

BBB second bond length
0.61957785    0.0027866451

BBB <phi**2>/<phi>**2
1.2191666     0.0082169361

Time = 27000
Temperature
1.0091534     0.0066070988

Pressure
23.219206     0.052362168 

CM Mom
1.1443896e-16  1.5960093e-17 
9.9890419e-17  1.6768109e-17 
6.217205e-18   1.4841136e-17 
1.5353463e-16  1.7213238e-17 

CM Pos
7.4944247      0.012546012   
7.5009663      0.013218552   
7.4973359      0.013958224   
12.986193      0.016486551   

Stress
20.201       0.0154418    0.0298226     0.0840174    0.0294032    0.0765623   
0.0154418    20.1207      -0.00151571   0.0294032    0.0723979    0.0790969   
0.0298226    -0.00151571  20.2678       0.0765623    0.0790969    0.0818512   

Stress Spherical
0            0            0             0            0            0           
0            0            0             0            0            0           
0            0            0             0            0            0           

Inertia
149.979      -56.2274     -56.165       0.347481     0.196419     0.157037    
-56.2274     149.883      -56.2116      0.196419     0.325736     0.153905    
-56.165      -56.2116     149.95        0.157037     0.153905     0.333592    

Bond Length
0.6190094     0.0026357862

BB bond length
0.6190094     0.0026357862

Water EE distance
0             0           

PEG EE distance
6.9778592     0.30249503  

BBB P2(x)
0.50442269    0.012382401 

BBB first bond length
0.61902081    0.0025474904

BBB second bond length
0.61903856    0.0027486998

BBB <phi**2>/<phi>**2
1.2222663     0.010857814 

Time = 28000
Temperature
1.0113515     0.0067241414

Pressure
23.186973     0.055108916 

CM Mom
1.2339137e-16  1.8355598e-17 
1.1070992e-16  1.5266308e-17 
2.8383776e-17  2.9892123e-17 
1.7125741e-16  2.0547005e-17 

CM Pos
7.5028825      0.008932585   
7.502005       0.013095555   
7.4945167      0.016600296   
12.990049      0.016032373   

Stress
20.173       -0.0324338   -0.0125015    0.0770558    0.0825707    0.0725756   
-0.0324338   20.1036      -0.0316404    0.0825707    0.106994     0.0388614   
-0.0125015   -0.0316404   20.1965       0.0725756    0.0388614    0.0995619   

Stress Spherical
0            0            0             0            0            0           
