Time = 500
Temperature
   1.0374711   0.046044685

Pressure
   23.535021    0.17531354

CM Mom
1.88126e-17    1.5680032e-17 
-1.888388e-18  1.1974265e-17 
5.7950045e-17  1.7363082e-17 
6.4798683e-17  1.4406296e-17 

CM Pos
7.5046039      0.019931061   
7.5107659      0.011127015   
7.4923651      0.013185655   
12.994872      0.014367919   

Stress
20.4718      -0.000184418 0.0157607     0.0803808    0.100002     0.0543964   
-0.000184418 20.3385      0.0114811     0.100002     0.120154     0.0647654   
0.0157607    0.0114811    20.4584       0.0543964    0.0647654    0.0683018   

Stress Spherical
0            0            0             0            0            0           
0            0            0             0            0            0           
0            0            0             0            0            0           

Inertia
149.871      -56.3438     -56.2039      0.275248     0.088997     0.217524    
-56.3438     149.77       -56.2747      0.088997     0.313563     0.155696    
-56.2039     -56.2747     150.069       0.217524     0.155696     0.192256    

Bond Length
0.6145568     0.0086909587

BB bond length
0.6145568     0.0086909587

Water EE distance
0             0           

PEG EE distance
3.4511446     0.10810639  

Time = 1000
Temperature
1.0069624     0.012886807 

Pressure
23.395748     0.11307228  

CM Mom
1.6263632e-17  2.1252713e-17 
-5.2884735e-19 1.9442047e-17 
6.8060926e-17  2.5424441e-17 
7.4925006e-17  2.7557064e-17 

CM Pos
7.5090488      0.012516028   
7.494468       0.0033786312  
7.4846607      0.012445674   
12.983578      0.00520646    

Stress
20.3637      0.0257295    -0.040873     0.116529     0.0945926    0.0532243   
0.0257295    20.3544      -0.0465024    0.0945926    0.0812392    0.0639962   
-0.040873    -0.0465024   20.4074       0.0532243    0.0639962    0.0625424   

Stress Spherical
0            0            0             0            0            0           
0            0            0             0            0            0           
0            0            0             0            0            0           

Inertia
149.517      -56.2763     -56.1634      0.141542     0.128133     0.125066    
-56.2763     149.811      -56.0796      0.128133     0.124982     0.0787392   
-56.1634     -56.0796     150.022       0.125066     0.0787392    0.279151    

Bond Length
0.60931464    0.010818524 

BB bond length
0.60931464    0.010818524 

Water EE distance
0             0           

PEG EE distance
3.6120102     0.45708012  

