Time = 1000
Temperature
   1.0249856   0.032464964

Pressure
   23.613599     0.1292205

CM Mom
-5.5629652e-17 2.3137991e-17 
-2.6051646e-17 2.4922692e-17 
-2.0449219e-17 2.1861617e-17 
7.2817559e-17  2.2881383e-17 

CM Pos
7.5024525      0.0084001748  
7.5009066      0.041996668   
7.5049341      0.014428386   
12.995224      0.025251398   

Stress
20.5312      -0.0243518   0.0253666     0.112716     0.0579119    0.0695364   
-0.0243518   20.5666      0.00785712    0.0579119    0.0906353    0.0577956   
0.0253666    0.00785712   20.5454       0.0695364    0.0577956    0.117305    

Stress Spherical
0            0            0             0            0            0           
0            0            0             0            0            0           
0            0            0             0            0            0           

Inertia
150.052      -56.2694     -56.2787      0.622768     0.337269     0.151973    
-56.2694     150.081      -56.2667      0.337269     0.249584     0.326945    
-56.2787     -56.2667     150.03        0.151973     0.326945     0.787698    

Bond Length
0.61828589    0.005567449 

BB bond length
0.61828589    0.005567449 

Water EE distance
0             0           

PEG EE distance
5.7726059     0.65464634  

BBB P2(x)
0.45493003    0.045677097 

BBB first bond length
0.61757691    0.0062336343

BBB second bond length
0.61824595    0.0051702249

BBB <phi**2>/<phi>**2
1.2089032     0.017240531 

Time = 2000
Temperature
1.011889      0.0091351864

Pressure
23.520592     0.10312511  

CM Mom
-7.2506114e-17 1.0108978e-17 
-3.6982689e-17 1.9365579e-17 
3.6955195e-18  2.0269528e-17 
8.6092796e-17  1.07058e-17   

CM Pos
7.5080989      0.01300467    
7.4942201      0.022332299   
7.5037454      0.015080809   
12.99391       0.016955178   

Stress
20.4709      0.0189314    0.0102764     0.130424     0.0661344    0.0528422   
0.0189314    20.5084      0.0300547     0.0661344    0.125953     0.0932367   
0.0102764    0.0300547    20.5024       0.0528422    0.0932367    0.133684    

Stress Spherical
0            0            0             0            0            0           
0            0            0             0            0            0           
0            0            0             0            0            0           

Inertia
149.942      -56.2614     -56.3433      0.399782     0.205236     0.169944    
-56.2614     150.168      -56.2262      0.205236     0.259717     0.192461    
-56.3433     -56.2262     150.013       0.169944     0.192461     0.474488    

Bond Length
0.62129231    0.0059951381

BB bond length
0.62129231    0.0059951381

Water EE distance
0             0           

PEG EE distance
7.8613777     1.0151277   

BBB P2(x)
0.51923329    0.026260339 

BBB first bond length
0.62128427    0.006191463 

BBB second bond length
0.62129185    0.006556902 

BBB <phi**2>/<phi>**2
1.2349176     0.020566262 

