Time = 500
Temperature
   1.0338629   0.040435516

Pressure
   21.610951    0.16850846

CM Mom
-2.1618689e-17 2.1802543e-17 
3.7466325e-17  6.6847682e-18 
2.8485047e-18  2.1196757e-17 
5.2054296e-17  1.1785454e-17 

CM Pos
7.5011975      0.0097591607  
7.5169926      0.048483302   
7.5219505      0.023252871   
13.013668      0.01805564    

Stress
18.4526      0.064355     0.0357078     0.0656188    0.077327     0.0435562   
0.064355     18.5161      -0.0616197    0.077327     0.0994772    0.0641464   
0.0357078    -0.0616197   18.563        0.0435562    0.0641464    0.10397     

Stress Spherical
0            0            0             0            0            0           
0            0            0             0            0            0           
0            0            0             0            0            0           

Inertia
149.859      -56.2758     -56.4801      0.34011      0.373843     0.159191    
-56.2758     149.523      -56.6557      0.373843     0.339976     0.177333    
-56.4801     -56.6557     149.621       0.159191     0.177333     0.697927    

Bond Length
0.61561934    0.0013611111

BB bond length
0.61561934    0.0013611111

Water EE distance
0             0           

PEG EE distance
3.8562189     0.13747013  

Time = 1000
Temperature
1.0068308     0.0078035388

Pressure
21.511604     0.046352152 

CM Mom
-8.7273336e-18 3.1529937e-17 
5.451183e-17   1.3862721e-17 
3.5088686e-17  2.9886103e-17 
7.8887083e-17  1.1629318e-17 

CM Pos
7.5074222      0.014356938   
7.5232173      0.028276036   
7.497941       0.0061179036  
13.006913      0.023759598   

Stress
18.4969      -0.0165675   0.01115       0.0861368    0.0512603    0.0559704   
-0.0165675   18.489       -0.018978     0.0512603    0.0819863    0.0658118   
0.01115      -0.018978    18.491        0.0559704    0.0658118    0.0757056   

Stress Spherical
0            0            0             0            0            0           
0            0            0             0            0            0           
0            0            0             0            0            0           

Inertia
149.698      -56.4003     -56.258       0.373999     0.28422      0.176586    
-56.4003     149.492      -56.4179      0.28422      0.262218     0.22636     
-56.258      -56.4179     149.984       0.176586     0.22636      0.505933    

Bond Length
0.61665268    0.0029116206

BB bond length
0.61665268    0.0029116206

Water EE distance
0             0           

PEG EE distance
3.6570047     0.16197949  

