Time = 1000
Temperature
   1.1084885    0.16161068

Pressure
   23.706924    0.81267315

CM Mom
-2.8000437e-17 2.0940628e-17 
-2.9537137e-17 3.3380343e-17 
-1.0908153e-17 1.9828284e-16 
1.5445706e-16  1.3706682e-16 

CM Pos
7.5002363      0.020675998   
7.5002849      0.028875585   
7.5002794      0.017827102   
12.990891      0.018582324   

Stress
20.4045      0.00943899   0.0159994     0.332939     0.0528901    0.0746123   
0.00943899   20.3875      -0.0355074    0.0528901    0.334764     0.0785942   
0.0159994    -0.0355074   20.3662       0.0746123    0.0785942    0.400888    

Stress Spherical
0            0            0             0            0            0           
0            0            0             0            0            0           
0            0            0             0            0            0           

Inertia
150.131      -56.2529     -56.2433      1.41747      0.375126     0.125959    
-56.2529     150.1        -56.3327      0.375126     1.24124      0.150537    
-56.2433     -56.3327     150.107       0.125959     0.150537     1.81152     

Bond Length
0.62029966    0.0068000661

BB bond length
0.62029966    0.0068000661

Water EE distance
0             0           

PEG EE distance
7.1000598     0.075000135 

BBB P2(x)
0.48295633    0.061119475 

BBB first bond length
0.61995242    0.0068285034

BBB second bond length
0.62004673    0.0067353487

BBB <phi**2>/<phi>**2
1.2249036     0.015565101 

Time = 2000
Temperature
1.010726      0.0081153894

Pressure
23.233615     0.10983417  

CM Mom
-3.8287926e-17 3.2410384e-17 
-3.2605595e-17 2.0222677e-17 
-6.0886032e-18 4.2826301e-17 
7.1344586e-17  2.7741538e-17 

CM Pos
7.4981593      0.012933139   
7.5031036      0.011816225   
7.4959771      0.01140392    
12.988803      0.0084133225  

Stress
20.2014      0.00608845   0.0374302     0.0821282    0.079065     0.0838271   
0.00608845   20.2336      0.0185818     0.079065     0.141967     0.0597202   
0.0374302    0.0185818    20.1819       0.0838271    0.0597202    0.160372    

Stress Spherical
0            0            0             0            0            0           
0            0            0             0            0            0           
0            0            0             0            0            0           

Inertia
149.856      -56.242      -56.199       0.380357     0.1188       0.0710112   
-56.242      149.796      -56.279       0.1188       0.23989      0.0948      
-56.199      -56.279      149.904       0.0710112    0.0948       0.405072    

Bond Length
0.61793942    0.0016903452

BB bond length
0.61793942    0.0016903452

Water EE distance
0             0           

PEG EE distance
7.0127724     0.098790271 

BBB P2(x)
0.51570208    0.012482764 

BBB first bond length
0.61773391    0.0017181219

BBB second bond length
0.61786905    0.0017329151

BBB <phi**2>/<phi>**2
1.2264263     0.0058979207

Time = 3000
Temperature
1.0102536     0.005966999 

Pressure
23.216873     0.068479491 

CM Mom
-1.6017858e-17 1.3107718e-17 
-4.1737471e-17 7.4960506e-18 
-2.7678164e-17 1.8402134e-17 
5.6131279e-17  1.3438384e-17 

CM Pos
7.498456       0.010569585   
7.5005816      0.0091463135  
7.4998343      0.012216422   
12.989734      0.015198425   

Stress
20.2107      0.0190567    0.011427      0.0994189    0.079039     0.083252    
0.0190567    20.2352      -0.0449253    0.079039     0.117723     0.102625    
0.011427     -0.0449253   20.125        0.083252     0.102625     0.0984813   

Stress Spherical
0            0            0             0            0            0           
0            0            0             0            0            0           
0            0            0             0            0            0           

Inertia
149.968      -56.2177     -56.2222      0.280588     0.13894      0.149885    
-56.2177     149.916      -56.2837      0.13894      0.327966     0.135314    
-56.2222     -56.2837     149.958       0.149885     0.135314     0.341402    

Bond Length
0.61877193    0.0012001314

BB bond length
0.61877193    0.0012001314

Water EE distance
0             0           

PEG EE distance
7.2924636     0.1049127   

BBB P2(x)
0.5219632     0.012556353 

BBB first bond length
0.61887104    0.0013162662

BBB second bond length
0.61845497    0.0013305693

BBB <phi**2>/<phi>**2
1.2261468     0.013188308 

Time = 4000
Temperature
1.008107      0.0074853086

Pressure
23.202896     0.076062013 

CM Mom
-2.5201821e-17 1.6599498e-17 
-2.8821493e-17 1.3688709e-17 
-6.6247736e-17 2.3789745e-17 
8.028614e-17   2.091852e-17  

CM Pos
7.5024616      0.010829789   
7.4976145      0.0088776764  
7.5013178      0.011625635   
12.991195      0.010549992   

Stress
20.2035      0.0262183    -0.0114319    0.0967434    0.0797145    0.0744359   
0.0262183    20.1766      0.0210901     0.0797145    0.114541     0.0673874   
-0.0114319   0.0210901    20.1682       0.0744359    0.0673874    0.114923    

Stress Spherical
0            0            0             0            0            0           
0            0            0             0            0            0           
0            0            0             0            0            0           

Inertia
149.936      -56.2955     -56.2729      0.199865     0.156652     0.109886    
-56.2955     150.008      -56.2874      0.156652     0.247757     0.14073     
-56.2729     -56.2874     149.986       0.109886     0.14073      0.25666     

Bond Length
0.61851438    0.0024715178

BB bond length
0.61851438    0.0024715178

Water EE distance
0             0           

PEG EE distance
7.2053623     0.092712807 

BBB P2(x)
0.50701134    0.010289164 

BBB first bond length
0.61849023    0.0024435601

BBB second bond length
0.6185955     0.002528063 

BBB <phi**2>/<phi>**2
1.2237074     0.010685851 

Time = 5000
Temperature
1.0121807     0.006673614 

Pressure
23.180339     0.057263856 

CM Mom
-2.9285962e-17 1.2816436e-17 
-5.1632343e-18 2.1777511e-17 
-6.640901e-17  2.2749562e-17 
7.8582897e-17  1.6591415e-17 

CM Pos
7.4999396      0.019192121   
7.498653       0.0075993958  
7.4953837      0.0099308088  
12.986915      0.01544774    

Stress
20.2195      0.00704939   0.0686946     0.121515     0.0438353    0.0627664   
0.00704939   20.1193      0.00559782    0.0438353    0.0947094    0.08062     
0.0686946    0.00559782   20.1053       0.0627664    0.08062      0.108356    

Stress Spherical
0            0            0             0            0            0           
0            0            0             0            0            0           
0            0            0             0            0            0           

Inertia
149.877      -56.2544     -56.2145      0.249693     0.19796      0.193694    
-56.2544     149.894      -56.1777      0.19796      0.397056     0.124598    
-56.2145     -56.1777     149.955       0.193694     0.124598     0.387054    

Bond Length
0.61959712    0.0013133377

BB bond length
0.61959712    0.0013133377

Water EE distance
0             0           

PEG EE distance
7.128161      0.17647449  

BBB P2(x)
0.52378979    0.0082460134

BBB first bond length
0.61958932    0.0014893683

BBB second bond length
0.61975126    0.0013306616

BBB <phi**2>/<phi>**2
1.2275096     0.0080940692

Time = 6000
Temperature
1.0065002     0.01020927  

Pressure
23.195709     0.071478779 

CM Mom
-2.3431171e-17 2.6080809e-17 
-8.6020735e-18 1.3570193e-17 
-2.8031182e-17 1.3920976e-17 
4.7547131e-17  1.4359153e-17 

CM Pos
7.5037967      0.012706525   
7.5063674      0.01609069    
7.5019112      0.012420102   
12.997364      0.016887754   

Stress
20.2491      0.0304285    -0.00383313   0.0878428    0.0893606    0.0526501   
0.0304285    20.1334      0.0169588     0.0893606    0.149619     0.0824701   
-0.00383313  0.0169588    20.1587       0.0526501    0.0824701    0.110815    

Stress Spherical
0            0            0             0            0            0           
0            0            0             0            0            0           
0            0            0             0            0            0           

Inertia
150.114      -56.3599     -56.287       0.422836     0.178469     0.185977    
-56.3599     150.062      -56.3324      0.178469     0.333452     0.208878    
-56.287      -56.3324     150.159       0.185977     0.208878     0.370661    

Bond Length
0.6186817     0.0010559788

BB bond length
0.6186817     0.0010559788

Water EE distance
0             0           

PEG EE distance
6.9779037     0.23236475  

BBB P2(x)
0.51359318    0.0087523873

BBB first bond length
0.61861286    0.000948534 

BBB second bond length
0.61849272    0.0010685218

BBB <phi**2>/<phi>**2
1.2215047     0.0068128814

Time = 7000
Temperature
1.011538      0.0079387922

Pressure
23.210947     0.071914267 

CM Mom
-5.0404191e-17 1.3568055e-17 
-4.0638269e-18 1.4955277e-17 
-2.5322605e-17 3.4701864e-17 
6.3975568e-17  2.6784884e-17 

CM Pos
7.4968241      0.0066494713  
7.496576       0.0092170258  
7.4996859      0.0089799699  
12.986393      0.011505853   

Stress
20.2101      -0.0341145   0.0108209     0.0955065    0.0642154    0.0605096   
-0.0341145   20.1606      0.0174014     0.0642154    0.109106     0.0627883   
0.0108209    0.0174014    20.1708       0.0605096    0.0627883    0.0851824   

Stress Spherical
0            0            0             0            0            0           
0            0            0             0            0            0           
0            0            0             0            0            0           

Inertia
149.932      -56.2036     -56.1981      0.237534     0.143175     0.126632    
-56.2036     149.92       -56.2178      0.143175     0.213627     0.102615    
-56.1981     -56.2178     149.899       0.126632     0.102615     0.231026    

Bond Length
0.61934654    0.0017300447

BB bond length
0.61934654    0.0017300447

Water EE distance
0             0           

PEG EE distance
7.2631272     0.16434385  

BBB P2(x)
0.51529271    0.00892105  

BBB first bond length
0.61939027    0.0020475281

BBB second bond length
0.61935461    0.0017327822

BBB <phi**2>/<phi>**2
1.2262386     0.0043613481

Time = 8000
Temperature
1.0118368     0.0089293784

Pressure
23.198064     0.079858883 

CM Mom
-4.7827241e-17 2.6660682e-17 
4.0761798e-18  1.3637942e-17 
-4.0254643e-17 2.5005844e-17 
6.8969242e-17  2.6264384e-17 

CM Pos
7.5027583      0.0055686849  
7.4964277      0.011802247   
7.5014662      0.0066279224  
12.990764      0.0085011019  

Stress
20.1745      0.0464514    0.0416028     0.0850478    0.0987037    0.0648637   
0.0464514    20.1379      -0.0402305    0.0987037    0.111889     0.0597959   
0.0416028    -0.0402305   20.1878       0.0648637    0.0597959    0.130931    

Stress Spherical
0            0            0             0            0            0           
0            0            0             0            0            0           
0            0            0             0            0            0           

Inertia
149.96       -56.2243     -56.2908      0.177538     0.141659     0.102087    
-56.2243     150.042      -56.2777      0.141659     0.13165      0.124088    
-56.2908     -56.2777     149.983       0.102087     0.124088     0.280077    

Bond Length
0.61771711    0.0017363925

BB bond length
0.61771711    0.0017363925

Water EE distance
0             0           

PEG EE distance
7.4887445     0.15089022  

BBB P2(x)
0.51134284    0.0089890376

BBB first bond length
0.61767002    0.0018104107

BBB second bond length
0.61774043    0.0018096525

BBB <phi**2>/<phi>**2
1.2233753     0.0045478065

Time = 9000
Temperature
1.0115417     0.0057498141

Pressure
23.167439     0.071217054 

CM Mom
-6.2463359e-17 1.4250323e-17 
7.2284663e-18  1.4954032e-17 
-4.7289753e-17 2.252137e-17  
8.2564094e-17  1.7530542e-17 

CM Pos
7.4966758      0.024788763   
7.5023618      0.021224891   
7.492565       0.012247909   
12.985575      0.012739693   

Stress
20.1227      0.00544284   0.0572914     0.075358     0.0774575    0.0597691   
0.00544284   20.1448      0.0259523     0.0774575    0.0972651    0.0505474   
0.0572914    0.0259523    20.1435       0.0597691    0.0505474    0.13913     

Stress Spherical
0            0            0             0            0            0           
0            0            0             0            0            0           
0            0            0             0            0            0           

Inertia
149.907      -56.2435     -56.1963      0.329034     0.137975     0.205076    
-56.2435     149.825      -56.2249      0.137975     0.38572      0.182592    
-56.1963     -56.2249     149.974       0.205076     0.182592     0.301206    

Bond Length
0.61868262    0.0016900506

BB bond length
0.61868262    0.0016900506

Water EE distance
0             0           

PEG EE distance
7.5849254     0.084026476 

BBB P2(x)
0.51392713    0.0074693663

BBB first bond length
0.61872752    0.0016452335

BBB second bond length
0.61846408    0.0017271791

BBB <phi**2>/<phi>**2
1.2260197     0.0069556089

Time = 10000
Temperature
1.0108191     0.0087921065

Pressure
23.184986     0.07089505  

CM Mom
-5.5571543e-17 3.0369761e-17 
8.4685937e-19  1.6209351e-17 
-6.9445488e-17 2.5882038e-17 
9.3528953e-17  3.1919737e-17 

CM Pos
7.4944505      0.017768363   
7.4992464      0.011752726   
7.5145213      0.012146864   
12.995146      0.01703366    

Stress
20.1853      -0.0050386   0.0291393     0.108949     0.0419705    0.0673131   
-0.0050386   20.1917      0.00610355    0.0419705    0.0865371    0.0294829   
0.0291393    0.00610355   20.0931       0.0673131    0.0294829    0.0408319   

Stress Spherical
0            0            0             0            0            0           
0            0            0             0            0            0           
0            0            0             0            0            0           

Inertia
150.194      -56.1907     -56.3496      0.222784     0.203976     0.230273    
-56.1907     150.126      -56.3951      0.203976     0.409676     0.208744    
-56.3496     -56.3951     149.89        0.230273     0.208744     0.346195    

Bond Length
0.61877897    0.0027847783

BB bond length
0.61877897    0.0027847783

Water EE distance
0             0           

PEG EE distance
7.8213956     0.15300701  

BBB P2(x)
0.51024303    0.010450791 

BBB first bond length
0.61888964    0.002727197 

BBB second bond length
0.61861167    0.0028438363

BBB <phi**2>/<phi>**2
1.2241325     0.0080033001

Time = 11000
Temperature
1.0056573     0.0092129786

Pressure
23.1489       0.092699722 

CM Mom
-2.1413052e-17 1.5645516e-17 
-5.404802e-18  1.1272867e-17 
-8.8131021e-17 3.1435726e-17 
9.4257778e-17  2.7024869e-17 

CM Pos
7.4971209      0.015173429   
7.5039937      0.014641198   
7.509774       0.021232666   
12.9967        0.011197499   

Stress
20.1683      0.0292025    -0.0331216    0.150274     0.0594066    0.0780493   
0.0292025    20.1333      -0.00219729   0.0594066    0.129064     0.0757805   
-0.0331216   -0.00219729  20.1067       0.0780493    0.0757805    0.0825756   

Stress Spherical
0            0            0             0            0            0           
0            0            0             0            0            0           
0            0            0             0            0            0           

Inertia
150.201      -56.3062     -56.272       0.246757     0.169393     0.173334    
-56.3062     150.098      -56.3522      0.169393     0.371493     0.162089    
-56.272      -56.3522     150.018       0.173334     0.162089     0.279678    

Bond Length
0.61816974    0.0021142786

BB bond length
0.61816974    0.0021142786

Water EE distance
0             0           

PEG EE distance
7.5940914     0.096647368 

BBB P2(x)
0.51003024    0.0068844559

BBB first bond length
0.61825647    0.0021627505

BBB second bond length
0.61817168    0.0020983839

BBB <phi**2>/<phi>**2
1.2265079     0.0047022722

Time = 12000
Temperature
1.0119901     0.006008166 

Pressure
23.237232     0.09465301  

CM Mom
4.1852421e-17  3.5695567e-17 
-1.743995e-17  1.2199164e-17 
-1.097107e-16  2.7429071e-17 
1.2457768e-16  2.7348936e-17 

CM Pos
7.4989011      0.01128363    
7.4998398      0.019442771   
7.5011695      0.010905732   
12.990347      0.013208696   

Stress
20.2383      0.0152661    -0.017342     0.110995     0.0973614    0.0767194   
0.0152661    20.2024      0.0388095     0.0973614    0.141655     0.0499716   
-0.017342    0.0388095    20.1756       0.0767194    0.0499716    0.115545    

Stress Spherical
0            0            0             0            0            0           
0            0            0             0            0            0           
0            0            0             0            0            0           

Inertia
150.022      -56.251      -56.2541      0.336281     0.187008     0.0783442   
-56.251      149.996      -56.2403      0.187008     0.168016     0.168711    
-56.2541     -56.2403     149.972       0.0783442    0.168711     0.390101    

Bond Length
0.61868784    0.0017024252

BB bond length
0.61868784    0.0017024252

Water EE distance
0             0           

PEG EE distance
7.3705827     0.10434938  

BBB P2(x)
0.50930582    0.0081393518

BBB first bond length
0.61863874    0.0017272529

BBB second bond length
0.61870719    0.0016716869

BBB <phi**2>/<phi>**2
1.2249209     0.010115041 

Time = 13000
Temperature
1.0083036     0.0083038148

Pressure
23.165981     0.084326265 

CM Mom
5.5312681e-17  1.8100491e-17 
-5.648401e-17  4.3719168e-17 
-9.5807383e-17 1.906273e-17  
1.327254e-16   2.0379911e-17 

CM Pos
7.4975659      0.011741485   
7.4958343      0.017805484   
7.500131       0.017268347   
12.986663      0.017913265   

Stress
20.1288      -0.0381889   0.00841022    0.0761016    0.0656561    0.0714981   
-0.0381889   20.1534      0.0239846     0.0656561    0.133835     0.0607569   
0.00841022   0.0239846    20.1535       0.0714981    0.0607569    0.0838609   

Stress Spherical
0            0            0             0            0            0           
0            0            0             0            0            0           
0            0            0             0            0            0           

Inertia
149.92       -56.196      -56.2554      0.560439     0.0945838    0.185554    
-56.196      149.955      -56.2545      0.0945838    0.257268     0.266962    
-56.2554     -56.2545     149.881       0.185554     0.266962     0.320302    

Bond Length
0.6194402     0.0024192334

BB bond length
0.6194402     0.0024192334

Water EE distance
0             0           

PEG EE distance
7.6286651     0.12038457  

BBB P2(x)
0.51793286    0.008223356 

BBB first bond length
0.61954455    0.002351894 

BBB second bond length
0.61962918    0.0023916268

BBB <phi**2>/<phi>**2
1.2285666     0.008476932 

Time = 14000
Temperature
1.0112404     0.0055640411

Pressure
23.212989     0.080506663 

CM Mom
7.6577773e-17  2.4788944e-17 
-4.3052848e-17 2.464458e-17  
-1.0157701e-16 1.8008203e-17 
1.3900032e-16  1.6144465e-17 

CM Pos
7.4962307      0.016993413   
7.5023618      0.012366828   
7.4977574      0.0086516803  
12.988286      0.014577949   

Stress
20.1772      -0.0109837   0.0315263     0.112983     0.0480209    0.0726403   
-0.0109837   20.1881      -0.0348786    0.0480209    0.149604     0.0922602   
0.0315263    -0.0348786   20.1851       0.0726403    0.0922602    0.12118     

Stress Spherical
0            0            0             0            0            0           
0            0            0             0            0            0           
0            0            0             0            0            0           

Inertia
150.005      -56.2177     -56.1952      0.188999     0.148427     0.17572     
-56.2177     149.919      -56.2952      0.148427     0.329446     0.114605    
-56.1952     -56.2952     149.984       0.17572      0.114605     0.332678    

Bond Length
0.61718848    0.0022020956

BB bond length
0.61718848    0.0022020956

Water EE distance
0             0           

PEG EE distance
7.4130275     0.25968897  

BBB P2(x)
0.5057777     0.0081463439

BBB first bond length
0.61690082    0.0021696979

BBB second bond length
0.6171848     0.0023082046

BBB <phi**2>/<phi>**2
1.2239156     0.0078689541

Time = 15000
Temperature
1.0079535     0.0075664299

Pressure
23.227468     0.09847508  

CM Mom
6.535572e-17   1.4014623e-17 
-5.5164447e-17 2.536208e-17  
-1.1097838e-16 1.7519925e-17 
1.4305296e-16  1.7695505e-17 

CM Pos
7.500533       0.012183047   
7.5008783      0.01513567    
7.5036915      0.0074782414  
12.993342      0.0076749167  

Stress
20.1505      0.026181     0.0312174     0.117151     0.0560752    0.0701877   
0.026181     20.2848      -0.0133459    0.0560752    0.135116     0.0382352   
0.0312174    -0.0133459   20.1881       0.0701877    0.0382352    0.140798    

Stress Spherical
0            0            0             0            0            0           
0            0            0             0            0            0           
0            0            0             0            0            0           

Inertia
150.068      -56.2613     -56.3082      0.284471     0.0858312    0.164732    
-56.2613     150.048      -56.2772      0.0858312    0.166587     0.15687     
-56.3082     -56.2772     150.009       0.164732     0.15687      0.185307    

Bond Length
0.61807801    0.0024597268

BB bond length
0.61807801    0.0024597268

Water EE distance
0             0           

PEG EE distance
7.2028034     0.12847161  

BBB P2(x)
0.50772757    0.0091947842

BBB first bond length
0.61817506    0.0024668534

BBB second bond length
0.6180643     0.0026200926

BBB <phi**2>/<phi>**2
1.2227628     0.0070559523

Time = 16000
Temperature
1.009538      0.006465968 

Pressure
23.160864     0.12193232  

CM Mom
8.6892712e-17  2.2274752e-17 
-5.7211184e-17 2.0259663e-17 
-1.1450101e-16 1.1902131e-17 
1.5750487e-16  1.320755e-17  

CM Pos
7.500978       0.0089369768  
7.5050322      0.019637066   
7.4968672      0.0077952555  
12.992055      0.015450365   

Stress
20.0952      -0.00740805  -0.0169841    0.125525     0.0499124    0.107752    
-0.00740805  20.1991      -0.0140095    0.0499124    0.161197     0.0797076   
-0.0169841   -0.0140095   20.1149       0.107752     0.0797076    0.113129    

Stress Spherical
0            0            0             0            0            0           
0            0            0             0            0            0           
0            0            0             0            0            0           

Inertia
150.054      -56.3151     -56.2016      0.297836     0.194776     0.146642    
-56.3151     149.975      -56.3073      0.194776     0.193031     0.151691    
-56.2016     -56.3073     150.094       0.146642     0.151691     0.367147    

Bond Length
0.61792214    0.0020718019

BB bond length
0.61792214    0.0020718019

Water EE distance
0             0           

PEG EE distance
7.2786752     0.134547    

BBB P2(x)
0.50893144    0.010720792 

BBB first bond length
0.61810621    0.0017975403

BBB second bond length
0.61775421    0.0020015899

BBB <phi**2>/<phi>**2
1.2249873     0.0070581857

Time = 17000
Temperature
1.0109319     0.006797487 

Pressure
23.231387     0.057542038 

CM Mom
7.4193939e-17  1.9953542e-17 
-6.8295845e-17 2.6927572e-17 
-1.3626255e-16 1.0689005e-17 
1.7196411e-16  2.0059498e-17 

CM Pos
7.5014231      0.014653219   
7.4993948      0.010910776   
7.4927133      0.0078065407  
12.98666       0.0095581825  

Stress
20.1634      -0.0121708   0.00144213    0.0811038    0.0270068    0.0487365   
-0.0121708   20.2488      -0.0140397    0.0270068    0.101708     0.0706808   
0.00144213   -0.0140397   20.1962       0.0487365    0.0706808    0.0908523   

Stress Spherical
0            0            0             0            0            0           
0            0            0             0            0            0           
0            0            0             0            0            0           

Inertia
149.886      -56.239      -56.2308      0.222653     0.10648      0.133026    
-56.239      149.917      -56.1915      0.10648      0.234095     0.1496      
-56.2308     -56.1915     150.012       0.133026     0.1496       0.245736    

Bond Length
0.61880329    0.0012732718

BB bond length
0.61880329    0.0012732718

Water EE distance
0             0           

PEG EE distance
7.4050959     0.14043682  

BBB P2(x)
0.50187188    0.0061899693

BBB first bond length
0.61855046    0.0010464184

BBB second bond length
0.61883146    0.0013305606

BBB <phi**2>/<phi>**2
1.2210599     0.0077938412

Time = 18000
Temperature
1.0142949     0.0061740402

Pressure
23.168636     0.088597446 

CM Mom
5.75513e-17    2.3710539e-17 
-8.2098143e-17 1.0078709e-17 
-1.2025266e-16 4.4976645e-17 
1.6045111e-16  3.8145358e-17 

CM Pos
7.5027583      0.015033539   
7.4999882      0.011082893   
7.5020596      0.012030344   
12.993171      0.010608828   

Stress
20.1226      -0.00319013  0.00518364    0.129841     0.0825974    0.0485492   
-0.00319013  20.2013      -0.0336446    0.0825974    0.0956418    0.0530907   
0.00518364   -0.0336446   20.066        0.0485492    0.0530907    0.149303    

Stress Spherical
0            0            0             0            0            0           
0            0            0             0            0            0           
0            0            0             0            0            0           

Inertia
150.023      -56.2747     -56.3113      0.199378     0.122038     0.137487    
-56.2747     150.056      -56.3206      0.122038     0.283874     0.126629    
-56.3113     -56.3206     150.021       0.137487     0.126629     0.255822    

Bond Length
0.61818773    0.0022075962

BB bond length
0.61818773    0.0022075962

Water EE distance
0             0           

PEG EE distance
7.2831559     0.21331285  

BBB P2(x)
0.50220757    0.0071288419

BBB first bond length
0.61835445    0.0022329527

BBB second bond length
0.61806052    0.0022633034

BBB <phi**2>/<phi>**2
1.2225189     0.0096953529

Time = 19000
Temperature
1.0160375     0.0066466016

Pressure
23.187308     0.12913766  

CM Mom
3.8034829e-17  2.3258527e-17 
-9.2092182e-17 1.5332279e-17 
-8.4159978e-17 2.3146916e-17 
1.3321969e-16  2.3976079e-17 

CM Pos
7.5017198      0.012110572   
7.4924221      0.012319576   
7.5023563      0.0037058637  
12.988369      0.011062577   

Stress
20.1345      -0.00185976  0.0278919     0.179701     0.0948337    0.0992927   
-0.00185976  20.1611      0.0134449     0.0948337    0.143695     0.0974189   
0.0278919    0.0134449    20.1346       0.0992927    0.0974189    0.0964969   

Stress Spherical
0            0            0             0            0            0           
0            0            0             0            0            0           
0            0            0             0            0            0           

Inertia
149.926      -56.2043     -56.2567      0.220321     0.149675     0.137077    
-56.2043     150.069      -56.2161      0.149675     0.166804     0.155927    
-56.2567     -56.2161     149.922       0.137077     0.155927     0.285457    

Bond Length
0.61908219    0.0014995476

BB bond length
0.61908219    0.0014995476

Water EE distance
0             0           

PEG EE distance
7.004996      0.12588114  

BBB P2(x)
0.51365698    0.010712495 

BBB first bond length
0.61928251    0.0013385744

BBB second bond length
0.61918983    0.0017406637

BBB <phi**2>/<phi>**2
1.2273566     0.0088344076

Time = 20000
Temperature
1.0072065     0.0086705989

Pressure
23.210096     0.098772338 

CM Mom
6.3097474e-17  1.8038575e-17 
-1.0068822e-16 2.1628984e-17 
-9.7319102e-17 1.1978166e-17 
1.558423e-16   1.5500774e-17 

CM Pos
7.495934       0.0049759202  
7.5120048      0.012748028   
7.4962738      0.007448753   
12.992827      0.0066737959  

Stress
20.2291      0.0109633    0.0356827     0.094278     0.0650074    0.0937722   
0.0109633    20.161       0.0531058     0.0650074    0.133138     0.0765765   
0.0356827    0.0531058    20.1879       0.0937722    0.0765765    0.130899    

Stress Spherical
0            0            0             0            0            0           
0            0            0             0            0            0           
0            0            0             0            0            0           

Inertia
150.127      -56.3068     -56.2062      0.172441     0.156359     0.0489922   
-56.3068     149.863      -56.2811      0.156359     0.109552     0.0650602   
-56.2062     -56.2811     150.099       0.0489922    0.0650602    0.232449    

Bond Length
0.61789131    0.0018161971

BB bond length
0.61789131    0.0018161971

Water EE distance
0             0           

PEG EE distance
7.2381266     0.082286473 

BBB P2(x)
0.5077524     0.013563282 

BBB first bond length
0.61797546    0.0018209179

BBB second bond length
0.61816132    0.0021126338

BBB <phi**2>/<phi>**2
1.223962      0.010140024 

Time = 21000
Temperature
1.0119625     0.0082381841

Pressure
23.192017     0.050513632 

CM Mom
7.2182614e-17  1.3165585e-17 
-1.2100083e-16 1.5878121e-17 
-1.1457609e-16 1.7692581e-17 
1.8278332e-16  1.7548393e-17 

CM Pos
7.4989011      0.011909914   
7.4955376      0.016706055   
7.5004277      0.0093697751  
12.98743       0.013904534   

Stress
20.1475      0.0368234    -0.0189845    0.102952     0.0706545    0.0510438   
0.0368234    20.1452      0.00622841    0.0706545    0.109785     0.0601228   
-0.0189845   0.00622841   20.1883       0.0510438    0.0601228    0.0964235   

Stress Spherical
0            0            0             0            0            0           
0            0            0             0            0            0           
0            0            0             0            0            0           

Inertia
149.931      -56.199      -56.2154      0.258286     0.204054     0.120437    
-56.199      149.988      -56.2529      0.204054     0.218395     0.147785    
-56.2154     -56.2529     149.892       0.120437     0.147785     0.375976    

Bond Length
0.61856005    0.0019199299

BB bond length
0.61856005    0.0019199299

Water EE distance
0             0           

PEG EE distance
7.3949178     0.1594867   

BBB P2(x)
0.50017095    0.012067357 

BBB first bond length
0.61851476    0.0019869501

BBB second bond length
0.61846778    0.0020138939

BBB <phi**2>/<phi>**2
1.2235226     0.0082841993

Time = 22000
Temperature
1.0119661     0.0059371031

Pressure
23.224733     0.11901138  

CM Mom
8.8503804e-17  1.597656e-17  
-1.4600411e-16 2.7445675e-17 
-9.3197903e-17 1.5253115e-17 
1.9687218e-16  1.7846367e-17 

CM Pos
7.4986044      0.019592183   
7.5025102      0.016332342   
7.497609       0.026578019   
12.989677      0.022575153   

Stress
20.1766      0.00359681   0.0179839     0.114008     0.0675849    0.0841268   
0.00359681   20.2317      -0.0200247    0.0675849    0.159142     0.0790678   
0.0179839    -0.0200247   20.1708       0.0841268    0.0790678    0.110602    

Stress Spherical
0            0            0             0            0            0           
0            0            0             0            0            0           
0            0            0             0            0            0           

Inertia
150.001      -56.2301     -56.2736      0.434014     0.130877     0.297062    
-56.2301     149.955      -56.2317      0.130877     0.578204     0.225725    
-56.2736     -56.2317     150.016       0.297062     0.225725     0.347212    

Bond Length
0.61792658    0.0024311177

BB bond length
0.61792658    0.0024311177

Water EE distance
0             0           

PEG EE distance
7.480719      0.10778472  

BBB P2(x)
0.50286562    0.008323079 

BBB first bond length
0.61797045    0.0025242028

BBB second bond length
0.61795332    0.0023455672

BBB <phi**2>/<phi>**2
1.2255879     0.0051291153

Time = 23000
Temperature
1.0129054     0.0082909312

Pressure
23.201779     0.085125984 

CM Mom
8.5094818e-17  1.8281044e-17 
-1.1410613e-16 2.5842368e-17 
-6.1530853e-17 1.1645993e-17 
1.5702469e-16  2.2984436e-17 

CM Pos
7.4971209      0.011701115   
7.5026585      0.017483671   
7.5013178      0.014939551   
12.991028      0.018455495   

Stress
20.1101      -0.0215041   0.0143582     0.10499      0.0593096    0.0835528   
-0.0215041   20.2073      0.0200166     0.0593096    0.0944596    0.0687599   
0.0143582    0.0200166    20.1844       0.0835528    0.0687599    0.0854225   

Stress Spherical
0            0            0             0            0            0           
0            0            0             0            0            0           
0            0            0             0            0            0           

Inertia
150.044      -56.2319     -56.2319      0.506823     0.142622     0.149753    
-56.2319     149.953      -56.3211      0.142622     0.267349     0.2199      
-56.2319     -56.3211     149.986       0.149753     0.2199       0.329725    

Bond Length
0.6179609     0.0019363617

BB bond length
0.6179609     0.0019363617

Water EE distance
0             0           

PEG EE distance
7.3322919     0.17033458  

BBB P2(x)
0.51089647    0.0063096505

BBB first bond length
0.6180179     0.0021884014

BBB second bond length
0.61809365    0.001828643 

BBB <phi**2>/<phi>**2
1.2235886     0.0090478888

Time = 24000
Temperature
1.0070827     0.0056613522

Pressure
23.176331     0.099019615 

CM Mom
6.0692503e-17  1.1181507e-17 
-1.0366286e-16 1.2814932e-17 
-6.7197124e-17 2.3605801e-17 
1.396734e-16   1.6818029e-17 

CM Pos
7.5037967      0.016437115   
7.4979112      0.011876604   
7.5017629      0.009705525   
12.992398      0.013385344   

Stress
20.1443      0.0156646    -0.00802941   0.145525     0.0696816    0.0647089   
0.0156646    20.1695      0.000447841   0.0696816    0.0959226    0.0684505   
-0.00802941  0.000447841  20.164        0.0647089    0.0684505    0.100788    

Stress Spherical
0            0            0             0            0            0           
0            0            0             0            0            0           
0            0            0             0            0            0           

Inertia
150.009      -56.2723     -56.3162      0.279929     0.171607     0.125938    
-56.2723     150.086      -56.2323      0.171607     0.308647     0.137554    
-56.3162     -56.2323     150.04        0.125938     0.137554     0.299178    

Bond Length
0.61777678    0.0026559571

BB bond length
0.61777678    0.0026559571

Water EE distance
0             0           

PEG EE distance
7.0533967     0.11643453  

BBB P2(x)
0.50831492    0.011205248 

BBB first bond length
0.61739574    0.0025574464

BBB second bond length
0.61769826    0.0022683067

BBB <phi**2>/<phi>**2
1.2224928     0.0059777375

Time = 25000
Temperature
1.0138221     0.010490282 

Pressure
23.170445     0.11927768  

CM Mom
7.6472911e-17  1.3673275e-17 
-7.590358e-17  2.0692663e-17 
-6.1768577e-17 3.7199612e-17 
1.2948712e-16  2.5629266e-17 

CM Pos
7.4999396      0.013048343   
7.5041421      0.011345874   
7.492565       0.011097777   
12.988459      0.01118247    

Stress
20.103       -0.0122612   -0.00178394   0.109435     0.0590038    0.060094    
-0.0122612   20.1519      0.0350597     0.0590038    0.135629     0.0818261   
-0.00178394  0.0350597    20.1447       0.060094     0.0818261    0.185987    

Stress Spherical
0            0            0             0            0            0           
0            0            0             0            0            0           
0            0            0             0            0            0           

Inertia
149.967      -56.2786     -56.1688      0.294417     0.104216     0.158814    
-56.2786     149.903      -56.2156      0.104216     0.226459     0.160162    
-56.1688     -56.2156     150.069       0.158814     0.160162     0.23537     

Bond Length
0.61821703    0.0024541317

BB bond length
0.61821703    0.0024541317

Water EE distance
0             0           

PEG EE distance
7.108113      0.093183033 

BBB P2(x)
0.51276594    0.0079077941

BBB first bond length
0.61811532    0.0024311802

BBB second bond length
0.61825384    0.0025666691

BBB <phi**2>/<phi>**2
1.2237286     0.0064603073

Time = 26000
Temperature
1.0078155     0.0077429719

Pressure
23.163657     0.0750519   

CM Mom
7.8149267e-17  1.359721e-17  
-6.7403932e-17 1.9691452e-17 
-6.740177e-17  1.9471777e-17 
1.2547266e-16  2.0049818e-17 

CM Pos
7.5032033      0.012362378   
7.5023618      0.011307012   
7.5008728      0.01743009    
12.994118      0.0084363863  

Stress
20.1562      -0.00482816  -0.00269843   0.134749     0.0686223    0.0927418   
-0.00482816  20.1586      -0.0320286    0.0686223    0.0581264    0.0503056   
-0.00269843  -0.0320286   20.1183       0.0927418    0.0503056    0.123275    

Stress Spherical
0            0            0             0            0            0           
0            0            0             0            0            0           
0            0            0             0            0            0           

Inertia
150.048      -56.2978     -56.2546      0.218685     0.108392     0.187599    
-56.2978     150.076      -56.3075      0.108392     0.311734     0.15118     
-56.2546     -56.3075     150.1         0.187599     0.15118      0.175905    

Bond Length
0.61833605    0.0012367087

BB bond length
0.61833605    0.0012367087

Water EE distance
0             0           

PEG EE distance
6.9276872     0.15736262  

BBB P2(x)
0.506768      0.0078840489

BBB first bond length
0.61848532    0.0013946025

BBB second bond length
0.61828976    0.0014415039

BBB <phi**2>/<phi>**2
1.2206744     0.0083921107

Time = 27000
Temperature
1.009397      0.0059147485

Pressure
23.201969     0.060987434 

CM Mom
6.4094764e-17  2.2971474e-17 
-9.0829991e-17 1.9723905e-17 
-7.0211093e-17 1.985333e-17  
1.3480975e-16  2.0616268e-17 

CM Pos
7.5049836      0.0081580815  
7.4968727      0.017016063   
7.4992409      0.010841976   
12.99103       0.010337709   

Stress
20.2067      0.00354291   0.0207323     0.104366     0.0447839    0.0765959   
0.00354291   20.1593      0.0247884     0.0447839    0.0905605    0.0395498   
0.0207323    0.0247884    20.1678       0.0765959    0.0395498    0.121769    

Stress Spherical
0            0            0             0            0            0           
0            0            0             0            0            0           
0            0            0             0            0            0           

Inertia
149.924      -56.2366     -56.28        0.257341     0.132963     0.116743    
-56.2366     150.064      -56.2632      0.132963     0.227823     0.0904632   
-56.28       -56.2632     150.048       0.116743     0.0904632    0.271109    

Bond Length
0.61876643    0.0026505656

BB bond length
0.61876643    0.0026505656

Water EE distance
0             0           

PEG EE distance
6.7686029     0.1249569   

BBB P2(x)
0.51265419    0.010793351 

BBB first bond length
0.61880126    0.0026858923

BBB second bond length
0.61879452    0.0026968016

BBB <phi**2>/<phi>**2
1.2242144     0.0062015413

Time = 28000
Temperature
1.0117826     0.0081225838

Pressure
23.179477     0.054544993 

CM Mom
5.3708041e-17  1.0913561e-17 
-9.1371871e-17 1.5515177e-17 
-3.212548e-17  1.4514729e-17 
1.1288146e-16  9.6797757e-18 

CM Pos
7.4986044      0.011434757   
7.4985046      0.018446583   
7.5057684      0.0081269979  
12.992059      0.011276683   

Stress
20.124       -0.0105973   -0.0208156    0.0901028    0.0906676    0.0595222   
-0.0105973   20.1575      0.00130071    0.0906676    0.112587     0.121462    
-0.0208156   0.00130071   20.1634       0.0595222    0.121462     0.103021    

Stress Spherical
0            0            0             0            0            0           
