Time = 1000
Temperature
   1.1716992    0.26249072

Pressure
   23.815633     1.1640759

CM Mom
-5.4273239e-18 1.8649158e-17 
-2.2956265e-17 3.8023067e-17 
-3.9600278e-17 2.5035165e-16 
1.8430361e-16  1.8062752e-16 

CM Pos
7.4998755      0.014949117   
7.4969945      0.022882643   
7.4992807      0.020318058   
12.988186      0.021609014   

Stress
20.3966      0.0483172    -0.0114652    0.364942     0.0987543    0.0433965   
0.0483172    20.228       -0.0217473    0.0987543    0.427807     0.0372596   
-0.0114652   -0.0217473   20.2905       0.0433965    0.0372596    0.404278    

Stress Spherical
0            0            0             0            0            0           
0            0            0             0            0            0           
0            0            0             0            0            0           

Inertia
150.122      -56.2514     -56.2939      1.70161      0.270615     0.233139    
-56.2514     150.172      -56.2098      0.270615     1.5664       0.231554    
-56.2939     -56.2098     150.137       0.233139     0.231554     1.84175     

Bond Length
0.61949999    0.0097780796

BB bond length
0.61949999    0.0097780796

Water EE distance
0             0           

PEG EE distance
6.7939149     0.15727665  

BBB P2(x)
0.47478004    0.056747873 

BBB first bond length
0.61935461    0.0098828141

BBB second bond length
0.6196117     0.0095995764

BBB <phi**2>/<phi>**2
1.2206967     0.012451813 

Time = 2000
Temperature
1.0089994     0.0065312975

Pressure
23.004586     0.093255774 

CM Mom
-1.0447317e-17 1.3767466e-17 
-1.8727054e-17 1.9596673e-17 
-3.5526149e-18 4.9233789e-17 
5.1097175e-17  2.9310195e-17 

CM Pos
7.4937937      0.018834331   
7.4989229      0.016144393   
7.5028408      0.012186357   
12.987835      0.01803898    

Stress
19.9689      0.018937     0.00494671    0.120631     0.0918955    0.0860543   
0.018937     19.9877      -0.0162728    0.0918955    0.0897971    0.0716958   
0.00494671   -0.0162728   19.9878       0.0860543    0.0716958    0.179092    

Stress Spherical
0            0            0             0            0            0           
0            0            0             0            0            0           
0            0            0             0            0            0           

Inertia
149.919      -56.2169     -56.211       0.426141     0.241477     0.0805701   
-56.2169     149.849      -56.2731      0.241477     0.428503     0.146512    
-56.211      -56.2731     149.793       0.0805701    0.146512     0.601065    

Bond Length
0.61707932    0.0011705024

BB bond length
0.61707932    0.0011705024

Water EE distance
0             0           

PEG EE distance
6.7205667     0.16359357  

BBB P2(x)
0.51875609    0.0067944044

BBB first bond length
0.6170858     0.0012318971

BBB second bond length
0.61704891    0.001213044 

BBB <phi**2>/<phi>**2
1.2300453     0.0086194056

