Time = 1000
Temperature
    1.160027     0.2334543

Pressure
   23.744774     1.0529032

CM Mom
-2.05765e-17   2.490648e-17  
1.2440956e-16  1.7575572e-17 
-1.6629973e-16 3.5987526e-16 
3.1660766e-16  2.7158011e-16 

CM Pos
7.4971774      0.01690005    
7.4989036      0.012486734   
7.4971618      0.022106275   
12.986507      0.015097967   

Stress
20.3401      0.0296873    0.0058611     0.365609     0.0935482    0.102372    
0.0296873    20.268       -0.0218427    0.0935482    0.418575     0.0424083   
0.0058611    -0.0218427   20.2118       0.102372     0.0424083    0.377672    

Stress Spherical
0            0            0             0            0            0           
0            0            0             0            0            0           
0            0            0             0            0            0           

Inertia
150.13       -56.2352     -56.2227      1.10803      0.174145     0.138834    
-56.2352     150.103      -56.2008      0.174145     1.33583      0.203724    
-56.2227     -56.2008     150.135       0.138834     0.203724     1.49642     

Bond Length
0.61945391    0.0093215987

BB bond length
0.61945391    0.0093215987

Water EE distance
0             0           

PEG EE distance
6.9473987     0.127671    

BBB P2(x)
0.47127557    0.063361704 

BBB first bond length
0.61950862    0.0094411392

BBB second bond length
0.6194809     0.0092566421

BBB <phi**2>/<phi>**2
1.2165492     0.016972321 

Time = 2000
Temperature
1.014056      0.0072863784

Pressure
23.116852     0.087219441 

CM Mom
-3.5890982e-17 1.1420615e-17 
1.6558839e-16  2.7031953e-17 
4.1196694e-17  4.9388299e-17 
1.8181607e-16  2.5458263e-17 

CM Pos
7.4997021      0.010917609   
7.4974184      0.0099726368  
7.4977559      0.010990099   
12.987434      0.0079630038  

Stress
20.1134      -0.00972347  0.0585115     0.159795     0.101152     0.0553064   
-0.00972347  20.0996      0.0157474     0.101152     0.0983963    0.0749114   
0.0585115    0.0157474    20.0336       0.0553064    0.0749114    0.0973114   

Stress Spherical
0            0            0             0            0            0           
0            0            0             0            0            0           
0            0            0             0            0            0           

Inertia
149.808      -56.249      -56.2448      0.379875     0.126943     0.0988951   
-56.249      149.842      -56.2625      0.126943     0.332569     0.138536    
-56.2448     -56.2625     149.825       0.0988951    0.138536     0.356746    

Bond Length
0.61764217    0.0021145589

BB bond length
0.61764217    0.0021145589

Water EE distance
0             0           

PEG EE distance
7.1860432     0.089233451 

BBB P2(x)
0.51196388    0.0078538893

BBB first bond length
0.61767872    0.0022771397

BBB second bond length
0.6175358     0.0020378352

BBB <phi**2>/<phi>**2
1.2264729     0.007210395 

