Time = 1000
Temperature
   1.3158181    0.44292873

Pressure
   27.431312     4.0987013

CM Mom
-7.749658e-17  2.287358e-17  
1.0597031e-16  3.6142166e-17 
1.4132202e-16  6.1061915e-16 
4.7425938e-16  4.3240096e-16 

CM Pos
9.9963093      0.022350727   
10.009836      0.0088160954  
9.9995188      0.017333986   
17.323787      0.025681513   

Stress
23.4574      -0.0105711   0.00837624    2.80578      0.0851429    0.0439309   
-0.0105711   23.4843      -0.0189405    0.0851429    2.8256       0.0561472   
0.00837624   -0.0189405   23.5159       0.0439309    0.0561472    2.85453     

Stress Spherical
0            0            0             0            0            0           
0            0            0             0            0            0           
0            0            0             0            0            0           

Inertia
268.736      -100.017     -99.948       7.75725      0.241878     0.407732    
-100.017     268.512      -100.087      0.241878     7.98258      0.263318    
-99.948      -100.087     268.687       0.407732     0.263318     7.83246     

Bond Length
0.61251618    0.010718045 

BB bond length
0.61251618    0.010718045 

Water EE distance
0             0           

PEG EE distance
4.3135957     0.32380649  

BBB P2(x)
0.069740392   0.015213275 

BBB first bond length
0.61282841    0.010948411 

BBB second bond length
0.61293036    0.010625809 

BBB <phi**2>/<phi>**2
1.1179937     0.0049407399

Time = 2000
Temperature
1.0151678     0.0046093528

Pressure
24.723147     0.10226865  

CM Mom
-7.8340772e-17 1.3143584e-17 
1.0995318e-16  1.8320727e-17 
1.9414324e-18  8.645716e-17  
1.5671319e-16  4.0681283e-17 

CM Pos
9.9996443      0.013320187   
10.003416      0.010006392   
9.9976012      0.015593804   
17.320902      0.01099789    

Stress
21.6484      -0.0376175   0.0154813     0.110919     0.0451754    0.0817183   
-0.0376175   21.6761      -0.0339059    0.0451754    0.125221     0.062153    
0.0154813    -0.0339059   21.713        0.0817183    0.062153     0.105724    

Stress Spherical
0            0            0             0            0            0           
0            0            0             0            0            0           
0            0            0             0            0            0           

Inertia
266.774      -100.017     -99.9885      1.11695      0.143629     0.221992    
-100.017     266.702      -100.008      0.143629     1.38408      0.140215    
-99.9885     -100.008     266.832       0.221992     0.140215     1.12498     

Bond Length
0.60885992    0.00051661662

BB bond length
0.60885992    0.00051661662

Water EE distance
0             0           

PEG EE distance
3.9115836     0.049584758 

BBB P2(x)
0.059215721   0.0066863663

BBB first bond length
0.60913236    0.00066081898

BBB second bond length
0.60902269    0.00058040135

BBB <phi**2>/<phi>**2
1.1148607     0.002716846 

Time = 3000
Temperature
1.0129789     0.0056506961

Pressure
24.643646     0.041362919 

CM Mom
-8.2239271e-17 1.2769249e-17 
9.9243192e-17  1.3634908e-17 
1.5649595e-17  2.1639093e-17 
1.3196804e-16  1.6095663e-17 

CM Pos
10.004647      0.0078319283  
10.003666      0.0090218553  
10.004438      0.0093383745  
17.327874      0.008695211   

Stress
21.6083      0.0152562    -0.0609332    0.0461732    0.0301615    0.038651    
0.0152562    21.5965      -0.017085     0.0301615    0.0755398    0.0416175   
-0.0609332   -0.017085    21.6139       0.038651     0.0416175    0.0796997   

Stress Spherical
0            0            0             0            0            0           
0            0            0             0            0            0           
0            0            0             0            0            0           

Inertia
266.956      -100.073     -100.118      0.43941      0.116193     0.158658    
-100.073     266.985      -100.058      0.116193     0.460069     0.127096    
-100.118     -100.058     266.976       0.158658     0.127096     0.474934    

Bond Length
0.60892207    0.00068367196

BB bond length
0.60892207    0.00068367196

Water EE distance
0             0           

PEG EE distance
3.7906214     0.027396108 

BBB P2(x)
0.053575959   0.0045958898

BBB first bond length
0.60913185    0.00074992135

BBB second bond length
0.60911711    0.00072796066

BBB <phi**2>/<phi>**2
1.1132785     0.0018255194

Time = 4000
Temperature
1.0098785     0.0045244314

Pressure
24.604466     0.051500212 

CM Mom
-8.9111157e-17 1.5983884e-17 
8.8318975e-17  1.3567e-17    
3.8084658e-17  1.6718066e-17 
1.3327544e-16  1.2172916e-17 

CM Pos
9.9992274      0.0087955708  
10.012587      0.0043515052  
10.003187      0.011067229   
17.329177      0.0064577022  

Stress
21.579       0.0340313    0.0012608     0.0758306    0.0589134    0.0514734   
0.0340313    21.5768      -0.0176778    0.0589134    0.0768018    0.0436265   
0.0012608    -0.0176778   21.5732       0.0514734    0.0436265    0.0742572   

Stress Spherical
0            0            0             0            0            0           
0            0            0             0            0            0           
0            0            0             0            0            0           

Inertia
267.026      -100.143     -100.054      0.31472      0.095276     0.136004    
-100.143     266.712      -100.181      0.095276     0.184934     0.15256     
-100.054     -100.181     266.91        0.136004     0.15256      0.176016    

Bond Length
0.60931265    0.0006137246

BB bond length
0.60931265    0.0006137246

Water EE distance
0             0           

PEG EE distance
3.7593334     0.050845445 

BBB P2(x)
0.051939689   0.0032590333

BBB first bond length
0.60960511    0.00058696972

BBB second bond length
0.60955672    0.0006397676

BBB <phi**2>/<phi>**2
1.1131013     0.0014876761

Time = 5000
Temperature
1.0106887     0.0042483679

Pressure
24.610689     0.047364679 

CM Mom
-7.8119426e-17 2.193439e-17  
9.1106971e-17  1.4516176e-17 
5.9012866e-17  2.1158474e-17 
1.3703678e-16  1.5687018e-17 

CM Pos
10.001145      0.0073047177  
10.003999      0.0074203769  
9.9977679      0.014794075   
17.322196      0.011750356   

Stress
21.5701      0.0124666    -0.0108351    0.0815879    0.0317884    0.0659516   
0.0124666    21.582       0.0155352     0.0317884    0.0610492    0.0570255   
-0.0108351   0.0155352    21.5884       0.0659516    0.0570255    0.109738    

Stress Spherical
0            0            0             0            0            0           
0            0            0             0            0            0           
0            0            0             0            0            0           

Inertia
266.739      -100.017     -99.9435      0.39035      0.135377     0.192745    
-100.017     266.679      -100.008      0.135377     0.328699     0.18008     
-99.9435     -100.008     266.803       0.192745     0.18008      0.256067    

Bond Length
0.60921538    0.00058204928

BB bond length
0.60921538    0.00058204928

Water EE distance
0             0           

PEG EE distance
3.7628954     0.024376395 

BBB P2(x)
0.05269399    0.0043439352

BBB first bond length
0.6094015     0.00057201834

BBB second bond length
0.60941954    0.00060765733

BBB <phi**2>/<phi>**2
1.1131779     0.0021700432

Time = 6000
Temperature
1.0125184     0.004867359 

Pressure
24.623224     0.058071242 

CM Mom
-7.506548e-17  2.0326083e-17 
9.3538072e-17  1.9579387e-17 
7.4079664e-17  1.4586743e-17 
1.4322391e-16  1.9188002e-17 

CM Pos
9.9965594      0.012938181   
10.008585      0.0083274911  
10.00202       0.0081451891  
17.324653      0.0085316203  

Stress
21.5912      0.02779      -0.0202498    0.0725701    0.0665483    0.0521713   
0.02779      21.5761      -0.0204243    0.0665483    0.0829952    0.060786    
-0.0202498   -0.0204243   21.5943       0.0521713    0.060786     0.0700689   

Stress Spherical
0            0            0             0            0            0           
0            0            0             0            0            0           
0            0            0             0            0            0           

Inertia
266.891      -99.9981     -100.013      0.298159     0.150428     0.152612    
-99.9981     266.616      -100.128      0.150428     0.299534     0.122989    
-100.013     -100.128     266.786       0.152612     0.122989     0.322712    

Bond Length
0.60889563    0.00078556744

BB bond length
0.60889563    0.00078556744

Water EE distance
0             0           

PEG EE distance
3.7396431     0.022659682 

BBB P2(x)
0.053289672   0.0031326032

BBB first bond length
0.60912447    0.00072126288

BBB second bond length
0.6090952     0.0008403374

BBB <phi**2>/<phi>**2
1.1130782     0.0013611273

Time = 7000
Temperature
1.0093642     0.003378241 

Pressure
24.646601     0.05073459  

CM Mom
-7.5358563e-17 2.4784189e-17 
1.1004551e-16  1.7182248e-17 
9.5340368e-17  3.2437118e-17 
1.6709187e-16  3.0342609e-17 

CM Pos
10.000728      0.011098903   
9.9968291      0.010671026   
10.000853      0.011228111   
17.319598      0.0094524714  

Stress
21.5923      -0.0554769   0.00455089    0.0882737    0.0283903    0.0371587   
-0.0554769   21.6154      -0.0454691    0.0283903    0.0902158    0.0428716   
0.00455089   -0.0454691   21.6524       0.0371587    0.0428716    0.075728    

Stress Spherical
0            0            0             0            0            0           
0            0            0             0            0            0           
0            0            0             0            0            0           

Inertia
266.639      -99.9748     -100          0.320174     0.1703       0.121816    
-99.9748     266.727      -99.971       0.1703       0.293991     0.141923    
-100         -99.971      266.618       0.121816     0.141923     0.356023    

Bond Length
0.60834489    0.00050627285

BB bond length
0.60834489    0.00050627285

Water EE distance
0             0           

PEG EE distance
3.758385      0.028363235 

BBB P2(x)
0.050260392   0.0038197603

BBB first bond length
0.60863446    0.00055620026

BBB second bond length
0.60855849    0.00046678926

BBB <phi**2>/<phi>**2
1.1115566     0.0014988397

Time = 8000
Temperature
1.0114699     0.0060730014

Pressure
24.622603     0.070147684 

CM Mom
-7.7197943e-17 1.6382883e-17 
8.8626001e-17  1.8884925e-17 
1.1175287e-16  1.1482802e-17 
1.6370691e-16  1.6116325e-17 

CM Pos
9.9947252      0.0086102624  
9.9986634      0.012307068   
10.001603      0.0126634     
17.317625      0.011120611   

Stress
21.5996      0.000318345  0.0218411     0.0738006    0.0695685    0.0582346   
0.000318345  21.5621      -0.0120413    0.0695685    0.109187     0.0320617   
0.0218411    -0.0120413   21.6074       0.0582346    0.0320617    0.0767002   

Stress Spherical
0            0            0             0            0            0           
0            0            0             0            0            0           
0            0            0             0            0            0           

Inertia
266.688      -99.9025     -99.9145      0.389693     0.134061     0.198893    
-99.9025     266.625      -100.028      0.134061     0.290489     0.190066    
-99.9145     -100.028     266.557       0.198893     0.190066     0.274965    

Bond Length
0.60873934    0.00060165544

BB bond length
0.60873934    0.00060165544

Water EE distance
0             0           

PEG EE distance
3.7565193     0.027818585 

BBB P2(x)
0.054604305   0.0035067553

BBB first bond length
0.60895954    0.00060887558

BBB second bond length
0.60891949    0.00063712394

BBB <phi**2>/<phi>**2
1.1137953     0.0021567322

Time = 9000
Temperature
1.0096444     0.004770158 

Pressure
24.6354       0.035331696 

CM Mom
-7.724006e-17  1.4919036e-17 
1.0671477e-16  1.9650874e-17 
1.2127051e-16  1.33188e-17   
1.8050975e-16  1.6215967e-17 

CM Pos
10.001729      0.0082659091  
9.9964123      0.0067713659  
10.00102       0.011985141   
17.320028      0.010161028   

Stress
21.5752      -0.0240612   0.00723676    0.0615676    0.0675422    0.053818    
-0.0240612   21.6499      -0.0135698    0.0675422    0.0911413    0.0276062   
0.00723676   -0.0135698   21.5989       0.053818     0.0276062    0.110275    

Stress Spherical
0            0            0             0            0            0           
0            0            0             0            0            0           
0            0            0             0            0            0           

Inertia
266.647      -100.003     -100.032      0.29723      0.17501      0.163116    
-100.003     266.734      -100.004      0.17501      0.315236     0.19789     
-100.032     -100.004     266.657       0.163116     0.19789      0.181027    

Bond Length
0.60906229    0.00051955195

BB bond length
0.60906229    0.00051955195

Water EE distance
0             0           

PEG EE distance
3.7718418     0.033110702 

BBB P2(x)
0.054653312   0.0032433809

BBB first bond length
0.60929005    0.00061174786

BBB second bond length
0.60927901    0.00056730187

BBB <phi**2>/<phi>**2
1.1137529     0.0011367435

Time = 10000
Temperature
1.011296      0.0069539108

Pressure
24.654138     0.072169523 

CM Mom
-8.916253e-17  1.6489378e-17 
1.1589341e-16  1.2644247e-17 
1.079127e-16   2.167952e-17  
1.8331119e-16  1.8032629e-17 

CM Pos
10.005481      0.012163613   
10.003249      0.0093603083  
10.001103      0.010131009   
17.326189      0.014352395   

Stress
21.6247      0.0229389    -0.0118716    0.098712     0.0562655    0.0304405   
0.0229389    21.6328      -0.0234603    0.0562655    0.0776821    0.046051    
-0.0118716   -0.0234603   21.6078       0.0304405    0.046051     0.10148     

Stress Spherical
0            0            0             0            0            0           
0            0            0             0            0            0           
0            0            0             0            0            0           

Inertia
266.756      -100.068     -100.057      0.335836     0.214926     0.213453    
-100.068     266.812      -100.03       0.214926     0.381745     0.143458    
-100.057     -100.03      266.834       0.213453     0.143458     0.271362    

Bond Length
0.60884521    0.00049063229

BB bond length
0.60884521    0.00049063229

Water EE distance
0             0           

PEG EE distance
3.7643141     0.02421586  

BBB P2(x)
0.052368166   0.0032452175

BBB first bond length
0.60908379    0.00056833243

BBB second bond length
0.60917979    0.00058711608

BBB <phi**2>/<phi>**2
1.1129313     0.001245283 

Time = 11000
Temperature
1.0131617     0.0052881619

Pressure
24.673546     0.040832756 

CM Mom
-9.9562078e-17 1.1993926e-17 
1.08186e-16    6.5885033e-18 
1.0065781e-16  1.0072749e-17 
1.7882244e-16  7.750602e-18  

CM Pos
10.004647      0.0089269694  
9.9978296      0.0067162189  
10.000936      0.011601118   
17.322485      0.0079173637  

Stress
21.6434      -0.00584036  0.0410891     0.048537     0.0561016    0.0357979   
-0.00584036  21.6245      -0.0157005    0.0561016    0.0904254    0.0624418   
0.0410891    -0.0157005   21.6388       0.0357979    0.0624418    0.0867427   

Stress Spherical
0            0            0             0            0            0           
0            0            0             0            0            0           
0            0            0             0            0            0           

Inertia
266.659      -100.023     -100.067      0.207928     0.115731     0.155822    
-100.023     266.821      -99.9787      0.115731     0.317865     0.130673    
-100.067     -99.9787     266.71        0.155822     0.130673     0.224371    

Bond Length
0.60870924    0.00087021019

BB bond length
0.60870924    0.00087021019

Water EE distance
0             0           

PEG EE distance
3.7673299     0.022550628 

BBB P2(x)
0.050353238   0.0043048223

BBB first bond length
0.6088694     0.00089640254

BBB second bond length
0.60899471    0.00090010648

BBB <phi**2>/<phi>**2
1.1120582     0.00098198679

Time = 12000
Temperature
1.0118226     0.0057842756

Pressure
24.680179     0.048634587 

CM Mom
-8.8202806e-17 1.6657658e-17 
1.2100346e-16  9.4409038e-18 
9.8009533e-17  1.7351648e-17 
1.8055348e-16  9.7759834e-18 

CM Pos
10.001312      0.011803972   
9.9934108      0.0097173936  
9.9968508      0.0076976414  
17.315646      0.014275038   

Stress
21.631       -0.00046901  0.00603972    0.0934175    0.0437936    0.028352    
-0.00046901  21.6374      -0.0457788    0.0437936    0.0896287    0.0627299   
0.00603972   -0.0457788   21.6703       0.028352     0.0627299    0.050584    

Stress Spherical
0            0            0             0            0            0           
0            0            0             0            0            0           
0            0            0             0            0            0           

Inertia
266.463      -99.9691     -99.9805      0.294795     0.238809     0.200991    
-99.9691     266.647      -99.8883      0.238809     0.349702     0.185583    
-99.9805     -99.8883     266.537       0.200991     0.185583     0.397542    

Bond Length
0.60855465    0.00061305826

BB bond length
0.60855465    0.00061305826

Water EE distance
0             0           

PEG EE distance
3.7685147     0.023317841 

BBB P2(x)
0.049715404   0.0032498743

BBB first bond length
0.60880164    0.00068358103

BBB second bond length
0.6088792     0.00072892413

BBB <phi**2>/<phi>**2
1.1123264     0.0013948974

Time = 13000
Temperature
1.0130497     0.0046806739

Pressure
24.650517     0.037647863 

CM Mom
-8.6514192e-17 1.1317421e-17 
1.1465264e-16  1.8655545e-17 
1.1430743e-16  1.140385e-17  
1.8476954e-16  1.2747586e-17 

CM Pos
10.008482      0.011395264   
9.9991636      0.0056701144  
9.9961838      0.01434535    
17.32273       0.0073184804  

Stress
21.5534      -0.0236537   0.00482747    0.0566986    0.0577576    0.0475821   
-0.0236537   21.687       -0.0556161    0.0577576    0.0740125    0.0605704   
0.00482747   -0.0556161   21.5982       0.0475821    0.0605704    0.085193    

Stress Spherical
0            0            0             0            0            0           
0            0            0             0            0            0           
0            0            0             0            0            0           

Inertia
266.549      -100.046     -100.069      0.268208     0.156595     0.157146    
-100.046     266.758      -99.9476      0.156595     0.250212     0.146334    
-100.069     -99.9476     266.787       0.157146     0.146334     0.275076    

Bond Length
0.60891207    0.00066171595

BB bond length
0.60891207    0.00066171595

Water EE distance
0             0           

PEG EE distance
3.7809976     0.035791831 

BBB P2(x)
0.051041499   0.0061873072

BBB first bond length
0.60909303    0.00063426578

BBB second bond length
0.60908823    0.00071406491

BBB <phi**2>/<phi>**2
1.1123791     0.0027545401

Time = 14000
Temperature
1.009868      0.0051365398

Pressure
24.655341     0.080822001 

CM Mom
-9.8826881e-17 1.9381099e-17 
1.1249779e-16  1.8389793e-17 
1.2201531e-16  2.5220079e-17 
1.9459341e-16  2.8169277e-17 

CM Pos
10.009483      0.011296008   
10.002332      0.0083045036  
10.001103      0.014666659   
17.327975      0.012192261   

Stress
21.6188      0.00733866   -0.00465283   0.108267     0.0457773    0.0483425   
0.00733866   21.6217      0.0136184     0.0457773    0.0758127    0.0333849   
-0.00465283  0.0136184    21.6413       0.0483425    0.0333849    0.110501    

Stress Spherical
0            0            0             0            0            0           
0            0            0             0            0            0           
0            0            0             0            0            0           

Inertia
266.698      -100.108     -100.116      0.37233      0.176974     0.177552    
-100.108     266.855      -100.023      0.176974     0.334755     0.175812    
-100.116     -100.023     266.881       0.177552     0.175812     0.348526    

Bond Length
0.60878042    0.00080260159

BB bond length
0.60878042    0.00080260159

Water EE distance
0             0           

PEG EE distance
3.7354866     0.020623215 

BBB P2(x)
0.051886892   0.0043402338

BBB first bond length
0.60901322    0.00089714226

BBB second bond length
0.60901291    0.00084395752

BBB <phi**2>/<phi>**2
1.112414      0.0015810503

Time = 15000
Temperature
1.0108543     0.0033908284

Pressure
24.690577     0.064066218 

CM Mom
-9.5477074e-17 2.0566375e-17 
1.0872461e-16  2.3727783e-17 
1.0195904e-16  2.2481823e-17 
1.8000686e-16  2.0530635e-17 

CM Pos
10.008399      0.0084241784  
9.9969959      0.0098117204  
9.9979347      0.0090878773  
17.322438      0.0085523882  

Stress
21.6722      -0.00693339  -0.0119256    0.0581933    0.0555346    0.0547438   
-0.00693339  21.624       0.0327352     0.0555346    0.0927475    0.0708329   
-0.0119256   0.0327352    21.6824       0.0547438    0.0708329    0.0931268   

Stress Spherical
0            0            0             0            0            0           
0            0            0             0            0            0           
0            0            0             0            0            0           

Inertia
266.536      -100.082     -100.062      0.290284     0.123974     0.0974662   
-100.082     266.773      -99.9473      0.123974     0.194146     0.142625    
-100.062     -99.9473     266.762       0.0974662    0.142625     0.28064     

Bond Length
0.60832781    0.00042017378

BB bond length
0.60832781    0.00042017378

Water EE distance
0             0           

PEG EE distance
3.7189212     0.013337361 

BBB P2(x)
0.054348275   0.0025639557

BBB first bond length
0.60853423    0.00046456025

BBB second bond length
0.60857572    0.00050015426

BBB <phi**2>/<phi>**2
1.1129387     0.0010886103

Time = 16000
Temperature
1.0122806     0.0049795874

Pressure
24.623072     0.04961227  

CM Mom
-1.119837e-16  2.2430406e-17 
9.4819054e-17  2.6063542e-17 
1.1070735e-16  1.6724952e-17 
1.8645565e-16  2.1990153e-17 

CM Pos
10.005481      0.013157413   
10.004583      0.0090337903  
9.9956835      0.0082199483  
17.323834      0.010575324   

Stress
21.5845      -0.0157337   -0.0555445    0.0835453    0.0499951    0.0533824   
-0.0157337   21.5743      -0.0114076    0.0499951    0.0893222    0.0426274   
-0.0555445   -0.0114076   21.6044       0.0533824    0.0426274    0.0756355   

Stress Spherical
0            0            0             0            0            0           
0            0            0             0            0            0           
0            0            0             0            0            0           

Inertia
266.681      -100.097     -99.9854      0.28359      0.172203     0.149046    
-100.097     266.672      -100.011      0.172203     0.336814     0.157634    
-99.9854     -100.011     266.876       0.149046     0.157634     0.28404     

Bond Length
0.60924478    0.00045479079

BB bond length
0.60924478    0.00045479079

Water EE distance
0             0           

PEG EE distance
3.6997423     0.033991319 

BBB P2(x)
0.052384007   0.0035704794

BBB first bond length
0.60935543    0.00043388463

BBB second bond length
0.60943691    0.00047257043

BBB <phi**2>/<phi>**2
1.1131641     0.0011813043

Time = 17000
Temperature
1.0130105     0.003072023 

Pressure
24.625862     0.068861811 

CM Mom
-9.978377e-17  1.1696293e-17 
9.7243559e-17  3.6340773e-17 
1.0360456e-16  1.7918887e-17 
1.7595935e-16  3.1046137e-17 

CM Pos
10.000061      0.0091443053  
9.9974128      0.013501606   
10.003354      0.010465475   
17.320997      0.005266961   

Stress
21.598       0.00690591   -0.00274532   0.111968     0.049173     0.0879569   
0.00690591   21.5629      0.0153968     0.049173     0.0831061    0.0469151   
-0.00274532  0.0153968    21.6042       0.0879569    0.0469151    0.0909883   

Stress Spherical
0            0            0             0            0            0           
0            0            0             0            0            0           
0            0            0             0            0            0           

Inertia
266.697      -99.9671     -100.061      0.209279     0.0965936    0.164892    
-99.9671     266.738      -99.9747      0.0965936    0.307636     0.139275    
-100.061     -99.9747     266.644       0.164892     0.139275     0.185242    

Bond Length
0.60901138    0.00093702283

BB bond length
0.60901138    0.00093702283

Water EE distance
0             0           

PEG EE distance
3.7101903     0.024213547 

BBB P2(x)
0.052298955   0.004660011 

BBB first bond length
0.60923153    0.00088420173

BBB second bond length
0.60923909    0.0009607845

BBB <phi**2>/<phi>**2
1.1131111     0.0016856362

Time = 18000
Temperature
1.0112479     0.0055040672

Pressure
24.65741      0.029614885 

CM Mom
-1.202494e-16  1.9392355e-17 
1.2015822e-16  1.5470953e-17 
8.9907793e-17  1.8489121e-17 
1.9389241e-16  1.8555903e-17 

CM Pos
10.006064      0.010234772   
9.9954951      0.0099033943  
10.000436      0.011785406   
17.321667      0.012132341   

Stress
21.5832      0.0218373    0.000281782   0.0687997    0.0447575    0.0441098   
0.0218373    21.6259      0.0145784     0.0447575    0.0812788    0.0650983   
0.000281782  0.0145784    21.6665       0.0441098    0.0650983    0.0774301   

Stress Spherical
0            0            0             0            0            0           
0            0            0             0            0            0           
0            0            0             0            0            0           

Inertia
266.589      -99.9964     -100.127      0.332235     0.198873     0.170287    
-99.9964     266.791      -99.9271      0.198873     0.366062     0.161271    
-100.127     -99.9271     266.716       0.170287     0.161271     0.340725    

Bond Length
0.60891909    0.00071892524

BB bond length
0.60891909    0.00071892524

Water EE distance
0             0           

PEG EE distance
3.7422974     0.023680978 

BBB P2(x)
0.050920054   0.0044794495

BBB first bond length
0.60914373    0.00077630828

BBB second bond length
0.60912302    0.00075084551

BBB <phi**2>/<phi>**2
1.1126354     0.0017108749

Time = 19000
Temperature
1.010997      0.0046710834

Pressure
24.61629      0.056590026 

CM Mom
-1.0468809e-16 1.6143135e-17 
1.356073e-16   1.4470318e-17 
1.2217573e-16  2.9902086e-17 
2.1297292e-16  1.6807913e-17 

CM Pos
10.000145      0.011849817   
9.9938276      0.0090602987  
10.000853      0.0068428496  
17.317526      0.010003926   

Stress
21.5779      0.0215411    -0.0158818    0.0999658    0.0515402    0.0680203   
0.0215411    21.5671      -0.00698396   0.0515402    0.0691894    0.052708    
-0.0158818   -0.00698396  21.6094       0.0680203    0.052708     0.122272    

Stress Spherical
0            0            0             0            0            0           
0            0            0             0            0            0           
0            0            0             0            0            0           

Inertia
266.571      -99.9288     -100.047      0.226587     0.144607     0.194505    
-99.9288     266.697      -99.9457      0.144607     0.343826     0.157604    
-100.047     -99.9457     266.554       0.194505     0.157604     0.224062    

Bond Length
0.60914651    0.00044352861

BB bond length
0.60914651    0.00044352861

Water EE distance
0             0           

PEG EE distance
3.7830343     0.028149712 

BBB P2(x)
0.053486085   0.003354688 

BBB first bond length
0.60934692    0.00046962167

BBB second bond length
0.60930839    0.00050137452

BBB <phi**2>/<phi>**2
1.1130579     0.0010103407

Time = 20000
Temperature
1.0125004     0.0058166729

Pressure
24.629578     0.041211972 

CM Mom
-9.829255e-17  1.3998075e-17 
1.3727821e-16  1.5274505e-17 
1.5099777e-16  2.0328856e-17 
2.2749357e-16  1.9906189e-17 

CM Pos
9.9998944      0.01413471    
9.9979964      0.011306157   
9.9959337      0.0093294376  
17.316951      0.011071688   

Stress
21.5606      0.00113446   -0.0091593    0.0662011    0.0417694    0.04383     
0.00113446   21.617       0.0180387     0.0417694    0.0656523    0.0780149   
-0.0091593   0.0180387    21.6031       0.04383      0.0780149    0.0882233   

Stress Spherical
0            0            0             0            0            0           
0            0            0             0            0            0           
0            0            0             0            0            0           

Inertia
266.558      -99.9879     -99.9839      0.192086     0.228525     0.226494    
-99.9879     266.597      -99.9493      0.228525     0.387646     0.13525     
-99.9839     -99.9493     266.633       0.226494     0.13525      0.348324    

Bond Length
0.60895049    0.0006901246

BB bond length
0.60895049    0.0006901246

Water EE distance
0             0           

PEG EE distance
3.7435843     0.030445677 

BBB P2(x)
0.051325966   0.0035564094

BBB first bond length
0.60919462    0.00070603644

BBB second bond length
0.60917444    0.00060131206

BBB <phi**2>/<phi>**2
1.1121356     0.0015792084

Time = 21000
Temperature
1.0113955     0.0057324991

Pressure
24.647035     0.059280019 

CM Mom
-9.2145549e-17 1.4550509e-17 
1.211412e-16   1.1475898e-17 
1.5370119e-16  1.699982e-17  
2.1728047e-16  1.4548337e-17 

CM Pos
10.000728      0.013966498   
10.003749      0.007830153   
10.004104      0.012542053   
17.325474      0.0050105908  

Stress
21.6162      -0.00742706  0.00760335    0.0923904    0.0530264    0.0337405   
-0.00742706  21.598       -0.0076267    0.0530264    0.064823     0.0688029   
0.00760335   -0.0076267   21.6289       0.0337405    0.0688029    0.0677762   

Stress Spherical
0            0            0             0            0            0           
0            0            0             0            0            0           
0            0            0             0            0            0           

Inertia
266.869      -100.086     -100.016      0.282845     0.0890473    0.160954    
-100.086     266.809      -100.04       0.0890473    0.32191      0.151523    
-100.016     -100.04      266.761       0.160954     0.151523     0.293944    

Bond Length
0.60871406    0.00045663688

BB bond length
0.60871406    0.00045663688

Water EE distance
0             0           

PEG EE distance
3.7809909     0.020538147 

BBB P2(x)
0.053114672   0.0037868063

BBB first bond length
0.60900997    0.0003318959

BBB second bond length
0.60894935    0.00047662326

BBB <phi**2>/<phi>**2
1.1131808     0.0024324819

Time = 22000
Temperature
1.009496      0.0038502108

Pressure
24.650325     0.057775083 

CM Mom
-1.0203125e-16 1.1465618e-17 
1.420906e-16   1.7493488e-17 
1.5665033e-16  1.2293691e-17 
2.3550901e-16  1.62346e-17   

CM Pos
10.00348       0.0070154024  
10.003332      0.0087145844  
10.002937      0.0055436552  
17.326139      0.008278265   

Stress
21.6106      0.0272253    -0.0201065    0.0779095    0.0656092    0.0558303   
0.0272253    21.5943      0.00220237    0.0656092    0.0971567    0.0657909   
-0.0201065   0.00220237   21.6651       0.0558303    0.0657909    0.101605    

Stress Spherical
0            0            0             0            0            0           
0            0            0             0            0            0           
0            0            0             0            0            0           

Inertia
266.776      -100.06      -100.06       0.180944     0.183061     0.105304    
-100.06      266.786      -100.109      0.183061     0.15512      0.149931    
-100.06      -100.109     266.795       0.105304     0.149931     0.220589    

Bond Length
0.60867651    0.00053804563

BB bond length
0.60867651    0.00053804563

Water EE distance
0             0           

PEG EE distance
3.7369255     0.025277383 

BBB P2(x)
0.055101961   0.0042992749

BBB first bond length
0.60894245    0.00063484239

BBB second bond length
0.60886126    0.00065166834

BBB <phi**2>/<phi>**2
1.1132933     0.001052908 

Time = 23000
Temperature
1.0119761     0.0036835889

Pressure
24.697913     0.086042502 

CM Mom
-1.1695409e-16 1.3439331e-17 
1.5083179e-16  2.1647041e-17 
1.4604815e-16  2.744692e-17  
2.4174262e-16  2.6862625e-17 

CM Pos
10.000895      0.006818935   
9.9994971      0.010187117   
9.9952667      0.0098173866  
17.318008      0.0071506085  

Stress
21.6804      0.000411904  0.00728309    0.112856     0.066375     0.0632649   
0.000411904  21.6581      0.000349154   0.066375     0.10094      0.0574837   
0.00728309   0.000349154  21.652        0.0632649    0.0574837    0.0793409   

Stress Spherical
0            0            0             0            0            0           
0            0            0             0            0            0           
0            0            0             0            0            0           

Inertia
266.588      -100.055     -99.9492      0.238565     0.123744     0.100113    
-100.055     266.588      -99.9395      0.123744     0.202889     0.132038    
-99.9492     -99.9395     266.693       0.100113     0.132038     0.227229    

Bond Length
0.60875682    0.00061066648

BB bond length
0.60875682    0.00061066648

Water EE distance
0             0           

PEG EE distance
3.7510255     0.0075180986

BBB P2(x)
0.051604724   0.0029631209

BBB first bond length
0.6089485     0.00062765594

BBB second bond length
0.60892969    0.00054113147

BBB <phi**2>/<phi>**2
1.1128021     0.0016173762

Time = 24000
Temperature
1.0112365     0.0043516509

Pressure
24.669586     0.07806175  

CM Mom
-1.3488691e-16 2.2272169e-17 
1.6781548e-16  2.0831461e-17 
1.2545612e-16  2.3640704e-17 
2.5097067e-16  2.4461324e-17 

CM Pos
10.000478      0.016270737   
10.002249      0.010052137   
10.004771      0.0084653365  
17.324842      0.016793287   

Stress
21.6539      0.0347292    -0.00632735   0.101979     0.0608163    0.0484616   
0.0347292    21.6113      0.00913342    0.0608163    0.0779808    0.0430497   
-0.00632735  0.00913342   21.6469       0.0484616    0.0430497    0.11182     

Stress Spherical
0            0            0             0            0            0           
0            0            0             0            0            0           
0            0            0             0            0            0           

Inertia
266.797      -100.073     -99.9976      0.36507      0.248961     0.212971    
-100.073     266.739      -100.08       0.248961     0.475546     0.132644    
-99.9976     -100.08      266.717       0.212971     0.132644     0.54434     

Bond Length
0.60888105    0.00070562554

BB bond length
0.60888105    0.00070562554

Water EE distance
0             0           

PEG EE distance
3.7164277     0.030213656 

BBB P2(x)
0.052572044   0.0044832002

BBB first bond length
0.60909721    0.00075018043

BBB second bond length
0.60901452    0.00071738786

BBB <phi**2>/<phi>**2
1.1129547     0.0016779202

Time = 25000
Temperature
1.008974      0.0028103984

Pressure
24.623063     0.060791822 

CM Mom
-1.3880623e-16 9.1976794e-18 
1.7452215e-16  1.2057053e-17 
1.2953759e-16  1.7794746e-17 
2.5844406e-16  1.6075616e-17 

CM Pos
10.002562      0.0077179334  
10.006084      0.0061697515  
9.9981014      0.0072823201  
17.324406      0.009587145   

Stress
21.6441      0.0436624    0.0140241     0.0774139    0.0575045    0.0692812   
0.0436624    21.5955      -0.0155101    0.0575045    0.0655232    0.070293    
0.0140241    -0.0155101   21.5534       0.0692812    0.070293     0.11014     

Stress Spherical
0            0            0             0            0            0           
0            0            0             0            0            0           
0            0            0             0            0            0           

Inertia
266.785      -100.065     -99.9991      0.240975     0.131138     0.162871    
-100.065     266.716      -99.9861      0.131138     0.191558     0.127263    
-99.9991     -99.9861     266.858       0.162871     0.127263     0.242833    

Bond Length
0.60866587    0.00067286192

BB bond length
0.60866587    0.00067286192

Water EE distance
0             0           

PEG EE distance
3.6655224     0.029692989 

BBB P2(x)
0.049114819   0.0024198825

BBB first bond length
0.60887505    0.0007439701

BBB second bond length
0.60894336    0.00067084057

BBB <phi**2>/<phi>**2
1.1121002     0.0014514646

Time = 26000
Temperature
1.011461      0.0047916852

Pressure
24.61987      0.042780281 

CM Mom
-1.4236627e-16 9.5726083e-18 
1.5427914e-16  2.0643211e-17 
1.5342589e-16  1.3777168e-17 
2.6104303e-16  1.3184636e-17 

CM Pos
9.9982269      0.015292215   
10.001665      0.012209531   
10.000102      0.011937777   
17.320512      0.016303      

Stress
21.5777      0.0331162    0.0174        0.0772101    0.0556512    0.0797406   
0.0331162    21.5839      0.0271685     0.0556512    0.0658428    0.0530313   
0.0174       0.0271685    21.5994       0.0797406    0.0530313    0.0571933   

Stress Spherical
0            0            0             0            0            0           
0            0            0             0            0            0           
0            0            0             0            0            0           

Inertia
266.671      -99.9961     -99.997       0.323356     0.264674     0.249898    
-99.9961     266.638      -100.09       0.264674     0.428532     0.193897    
-99.997      -100.09      266.656       0.249898     0.193897     0.487276    

Bond Length
0.60858829    0.00041547679

BB bond length
0.60858829    0.00041547679

Water EE distance
0             0           

PEG EE distance
3.690811      0.026835816 

BBB P2(x)
0.053819796   0.0035873234

BBB first bond length
0.60886689    0.00043802872

BBB second bond length
0.6087179     0.00038149517

BBB <phi**2>/<phi>**2
1.1134136     0.0012362403

Time = 27000
Temperature
1.009455      0.0040163007

Pressure
24.627655     0.049291493 

CM Mom
-1.3353084e-16 1.8087108e-17 
1.5710757e-16  2.2552884e-17 
1.6795793e-16  3.0120266e-17 
2.6819509e-16  2.3184939e-17 

CM Pos
10.004063      0.017062571   
9.9947448      0.009497436   
9.9992687      0.012841107   
17.31941       0.012734356   

Stress
21.6043      -0.0354351   0.00262686    0.0725748    0.0466662    0.0676215   
-0.0354351   21.5972      0.0236513     0.0466662    0.0705031    0.0590005   
0.00262686   0.0236513    21.601        0.0676215    0.0590005    0.0668645   

Stress Spherical
0            0            0             0            0            0           
0            0            0             0            0            0           
0            0            0             0            0            0           

Inertia
266.513      -99.9903     -100.035      0.377942     0.264244     0.189223    
-99.9903     266.734      -99.9561      0.264244     0.349596     0.192081    
-100.035     -99.9561     266.615       0.189223     0.192081     0.484196    

Bond Length
0.60888989    0.00080812824

BB bond length
0.60888989    0.00080812824

Water EE distance
0             0           

PEG EE distance
3.7105588     0.037088666 

BBB P2(x)
0.053999395   0.0027958969

BBB first bond length
0.6091145     0.00081537986

BBB second bond length
0.60906607    0.00075839956

BBB <phi**2>/<phi>**2
1.1136194     0.0018060203

Time = 28000
Temperature
1.0107049     0.0046570153

Pressure
24.670057     0.037232695 

CM Mom
-1.3670257e-16 2.021727e-17  
1.6622035e-16  2.0280685e-17 
1.2501371e-16  1.8610154e-17 
2.5038929e-16  2.0415969e-17 

CM Pos
10.005481      0.014854799   
10.008252      0.010441536   
10.002604      0.010265967   
17.329946      0.015198959   

Stress
21.6688      0.00216847   0.0280261     0.0733703    0.0477614    0.0270128   
0.00216847   21.6281      0.00939453    0.0477614    0.0664256    0.0431809   
0.0280261    0.00939453   21.6214       0.0270128    0.0431809    0.06502     

Stress Spherical
