Time = 500
Temperature
   1.0375367    0.04464798

Pressure
   21.905629    0.19214862

CM Mom
-6.0329473e-17 1.5695574e-17 
-2.7006315e-18 1.4592385e-17 
-3.4498646e-17 4.1233335e-17 
8.060131e-17   2.2360697e-17 

CM Pos
7.5183884      0.028555344   
7.4876536      0.067198439   
7.4903907      0.047253689   
12.988594      0.032463532   

Stress
18.7659      0.00509366   -0.0143899    0.0663317    0.0326033    0.0590023   
0.00509366   18.8489      0.0147151     0.0326033    0.122377     0.0529124   
-0.0143899   0.0147151    18.7753       0.0590023    0.0529124    0.142123    

Stress Spherical
0            0            0             0            0            0           
0            0            0             0            0            0           
0            0            0             0            0            0           

Inertia
148.994      -56.3339     -56.2336      0.379597     0.666274     0.304434    
-56.3339     149.444      -56.0658      0.666274     0.738976     0.293007    
-56.2336     -56.0658     149.365       0.304434     0.293007     1.27199     

Bond Length
0.61585056    0.0018482232

BB bond length
0.61585056    0.0018482232

Water EE distance
0             0           

PEG EE distance
3.5295786     0.13267912  

Time = 1000
Temperature
1.0127847     0.010061202 

Pressure
21.824199     0.05999647  

CM Mom
-5.5334403e-17 1.2537206e-17 
1.6796336e-17  1.4035342e-17 
-1.8144182e-17 2.171231e-17  
6.4957358e-17  1.6714151e-17 

CM Pos
7.5258046      0.016532631   
7.5158351      0.020172056   
7.4844577      0.016817606   
13.005516      0.012103208   

Stress
18.7774      0.00763068   0.00747297    0.0817211    0.059081     0.0447038   
0.00763068   18.8242      -0.0381589    0.059081     0.0930269    0.0500311   
0.00747297   -0.0381589   18.7668       0.0447038    0.0500311    0.133204    

Stress Spherical
0            0            0             0            0            0           
0            0            0             0            0            0           
0            0            0             0            0            0           

Inertia
149.427      -56.5415     -56.2423      0.257967     0.274651     0.129165    
-56.5415     149.662      -56.3203      0.274651     0.0964324    0.129577    
-56.2423     -56.3203     150.078       0.129165     0.129577     0.503442    

Bond Length
0.61129721    0.0027490719

BB bond length
0.61129721    0.0027490719

Water EE distance
0             0           

PEG EE distance
3.8041238     0.18987706  

