Time = 500
Temperature
   1.0347892   0.042128317

Pressure
   23.033383    0.17165329

CM Mom
1.5464723e-17  2.0472683e-17 
5.3236023e-17  2.2857327e-17 
1.3876964e-17  2.209648e-17  
6.5154494e-17  2.1225843e-17 

CM Pos
7.507175       0.0077029502  
7.4795263      0.0078725146  
7.4961391      0.010861243   
12.980497      0.0064066493  

Stress
19.9275      0.00134267   -0.00997696   0.156877     0.0829883    0.0180758   
0.00134267   19.9323      -0.00973667   0.0829883    0.157158     0.0784824   
-0.00997696  -0.00973667  19.9401       0.0180758    0.0784824    0.106701    

Stress Spherical
0            0            0             0            0            0           
0            0            0             0            0            0           
0            0            0             0            0            0           

Inertia
149.324      -56.2351     -56.3214      0.174192     0.145264     0.0888813   
-56.2351     149.739      -56.1         0.145264     0.200047     0.0404888   
-56.3214     -56.1        149.539       0.0888813    0.0404888    0.158214    

Bond Length
0.61486251    0.0029995332

BB bond length
0.61486251    0.0029995332

Water EE distance
0             0           

PEG EE distance
3.2107711     0.30297691  

Time = 1000
Temperature
1.0056895     0.005842409 

Pressure
22.978258     0.046959415 

CM Mom
1.7643224e-17  1.0394018e-17 
3.5095389e-17  8.1530588e-18 
5.1151953e-18  1.5935153e-17 
4.4232779e-17  6.4057234e-18 

CM Pos
7.4947133      0.015319945   
7.4804165      0.019397439   
7.4827873      0.02120985    
12.966108      0.023621236   

Stress
19.9211      -0.0360965   -0.0198685    0.105301     0.0452888    0.0503304   
-0.0360965   19.9582      0.012355      0.0452888    0.113202     0.104244    
-0.0198685   0.012355     20.0168       0.0503304    0.104244     0.0436265   

Stress Spherical
0            0            0             0            0            0           
0            0            0             0            0            0           
0            0            0             0            0            0           

Inertia
149.188      -56.0503     -56.0713      0.422837     0.192439     0.277962    
-56.0503     149.365      -55.9694      0.192439     0.500577     0.194752    
-56.0713     -55.9694     149.403       0.277962     0.194752     0.464049    

Bond Length
0.61329809    0.0032469453

BB bond length
0.61329809    0.0032469453

Water EE distance
0             0           

PEG EE distance
3.855063      0.26766419  

