Time = 1000
Temperature
   1.0858923    0.11138878

Pressure
   23.734114    0.56483388

CM Mom
5.4276473e-17  2.4658841e-17 
-1.2783177e-17 1.3792918e-17 
3.1042565e-17  2.6770585e-16 
2.3146311e-16  1.5153396e-16 

CM Pos
7.5046962      0.01962904    
7.4984021      0.027633034   
7.5010311      0.017361423   
12.992802      0.022784142   

Stress
20.5434      0.0355879    -0.0134976    0.249976     0.0600983    0.0923319   
0.0355879    20.4587      0.0387483     0.0600983    0.237234     0.0907138   
-0.0134976   0.0387483    20.4359       0.0923319    0.0907138    0.282808    

Stress Spherical
0            0            0             0            0            0           
0            0            0             0            0            0           
0            0            0             0            0            0           

Inertia
150.104      -56.2712     -56.2649      0.861153     0.226938     0.187704    
-56.2712     150.169      -56.2564      0.226938     1.08044      0.235217    
-56.2649     -56.2564     150.125       0.187704     0.235217     0.806315    

Bond Length
0.61968894    0.0048575429

BB bond length
0.61968894    0.0048575429

Water EE distance
0             0           

PEG EE distance
6.2300899     0.23595431  

BBB P2(x)
0.46868628    0.064449676 

BBB first bond length
0.61955951    0.0048812245

BBB second bond length
0.61987391    0.005039186 

BBB <phi**2>/<phi>**2
1.2192023     0.019495902 

Time = 2000
Temperature
1.0104017     0.0068899484

Pressure
23.305892     0.081238648 

CM Mom
5.1012257e-17  2.0961944e-17 
-1.041328e-17  1.723172e-17  
-3.6418355e-17 4.8903546e-17 
8.2576143e-17  1.860258e-17  

CM Pos
7.5020271      0.0074671876  
7.502554       0.014422846   
7.4964344      0.012578476   
12.99098       0.011051176   

Stress
20.322       0.0149747    -0.0138177    0.0767533    0.0682036    0.0635517   
0.0149747    20.2868      -0.0106403    0.0682036    0.0934333    0.0641883   
-0.0138177   -0.0106403   20.2233       0.0635517    0.0641883    0.156028    

Stress Spherical
0            0            0             0            0            0           
0            0            0             0            0            0           
0            0            0             0            0            0           

Inertia
149.854      -56.2971     -56.2539      0.338789     0.154906     0.132055    
-56.2971     149.843      -56.2302      0.154906     0.440216     0.1698      
-56.2539     -56.2302     149.942       0.132055     0.1698       0.211404    

Bond Length
0.61837615    0.0029625725

BB bond length
0.61837615    0.0029625725

Water EE distance
0             0           

PEG EE distance
7.1402078     0.24027186  

BBB P2(x)
0.51032989    0.010663321 

BBB first bond length
0.61834375    0.0029281951

BBB second bond length
0.61814553    0.0028990117

BBB <phi**2>/<phi>**2
1.2256266     0.0084011565

