Time = 1000
Temperature
    1.112143    0.14603213

Pressure
   23.666726    0.76034536

CM Mom
-2.4486982e-17 1.8141727e-17 
-2.103793e-17  3.7107875e-17 
7.34948e-17    2.1526333e-16 
1.7503413e-16  1.5443822e-16 

CM Pos
7.5016765      0.032001425   
7.5013692      0.024434729   
7.5104713      0.0067634552  
12.998246      0.011728929   

Stress
20.3606      0.00897796   -0.00503856   0.390341     0.0701723    0.107663    
0.00897796   20.2795      -0.0348443    0.0701723    0.302156     0.0785685   
-0.00503856  -0.0348443   20.3705       0.107663     0.0785685    0.358261    

Stress Spherical
0            0            0             0            0            0           
0            0            0             0            0            0           
0            0            0             0            0            0           

Inertia
150.292      -56.2422     -56.375       1.73306      0.15549      0.227603    
-56.2422     150.317      -56.3175      0.15549      0.981182     0.169124    
-56.375      -56.3175     150.186       0.227603     0.169124     1.29042     

Bond Length
0.61921043    0.0078673581

BB bond length
0.61921043    0.0078673581

Water EE distance
0             0           

PEG EE distance
6.9417235     0.20291511  

BBB P2(x)
0.47566676    0.058660538 

BBB first bond length
0.61876144    0.007895608 

BBB second bond length
0.61941976    0.0075906009

BBB <phi**2>/<phi>**2
1.2199185     0.014279928 

Time = 2000
Temperature
1.0097235     0.01245598  

Pressure
23.222525     0.076119844 

CM Mom
-4.9385286e-17 1.3405567e-17 
-4.2863893e-17 1.6790348e-17 
6.2410904e-18  3.1783981e-17 
7.3665412e-17  1.898485e-17  

CM Pos
7.5033094      0.020997502   
7.4939472      0.012765957   
7.4993382      0.016015853   
12.98844       0.015600542   

Stress
20.1923      0.0106774    0.0361976     0.0729215    0.0863699    0.0536757   
0.0106774    20.2012      0.00120369    0.0863699    0.1401       0.0792862   
0.0361976    0.00120369   20.2045       0.0536757    0.0792862    0.15        

Stress Spherical
0            0            0             0            0            0           
0            0            0             0            0            0           
0            0            0             0            0            0           

Inertia
149.75       -56.2366     -56.2771      0.527351     0.181131     0.198374    
-56.2366     149.914      -56.2052      0.181131     0.267985     0.184949    
-56.2771     -56.2052     149.824       0.198374     0.184949     0.306781    

Bond Length
0.61842053    0.0017792234

BB bond length
0.61842053    0.0017792234

Water EE distance
0             0           

PEG EE distance
7.156343      0.10926473  

BBB P2(x)
0.5188172     0.0090535656

BBB first bond length
0.61840272    0.0018981719

BBB second bond length
0.6184145     0.0019653656

BBB <phi**2>/<phi>**2
1.2299424     0.0098760373

Time = 3000
Temperature
1.0133309     0.0095711323

Pressure
23.271919     0.082311363 

CM Mom
-3.6078678e-17 1.2160587e-17 
-5.588031e-17  1.3322741e-17 
-1.9698905e-17 2.2264417e-17 
7.387002e-17   1.3290093e-17 

CM Pos
7.5079111      0.013474683   
7.4995879      0.014754803   
7.5012679      0.010111461   
12.995458      0.011915561   

Stress
20.2507      0.00923733   0.0101026     0.0985873    0.0496556    0.0497167   
0.00923733   20.2548      -0.0383242    0.0496556    0.0647471    0.0791127   
0.0101026    -0.0383242   20.2083       0.0497167    0.0791127    0.0962121   

Stress Spherical
0            0            0             0            0            0           
0            0            0             0            0            0           
0            0            0             0            0            0           

Inertia
149.937      -56.2696     -56.3425      0.277549     0.162714     0.149806    
-56.2696     150.068      -56.2705      0.162714     0.257427     0.147098    
-56.3425     -56.2705     150.054       0.149806     0.147098     0.319287    

Bond Length
0.61815706    0.0026074119

BB bond length
0.61815706    0.0026074119

Water EE distance
0             0           

PEG EE distance
7.1801208     0.16405684  

BBB P2(x)
0.51580216    0.010370061 

BBB first bond length
0.61818052    0.002626948 

BBB second bond length
0.61826445    0.0026409327

BBB <phi**2>/<phi>**2
1.2229501     0.0080136959

Time = 4000
Temperature
1.0112928     0.0056613105

Pressure
23.20298      0.074839984 

CM Mom
-4.0054413e-17 1.6121168e-17 
-2.53557e-17   1.8018429e-17 
-3.3956152e-17 2.3438637e-17 
6.2147853e-17  2.5920218e-17 

CM Pos
7.501825       0.01502781    
7.4923143      0.011696765   
7.5002288      0.0109495     
12.987144      0.012916391   

Stress
20.2271      -0.00358737  0.0253001     0.152769     0.0947343    0.0851046   
-0.00358737  20.1391      -0.0190965    0.0947343    0.0987475    0.0844412   
0.0253001    -0.0190965   20.1591       0.0851046    0.0844412    0.118061    

Stress Spherical
0            0            0             0            0            0           
0            0            0             0            0            0           
0            0            0             0            0            0           

Inertia
149.827      -56.2332     -56.3047      0.217908     0.181219     0.157262    
-56.2332     149.986      -56.2073      0.181219     0.275303     0.104903    
-56.3047     -56.2073     149.848       0.157262     0.104903     0.262934    

Bond Length
0.61815947    0.0028430754

BB bond length
0.61815947    0.0028430754

Water EE distance
0             0           

PEG EE distance
7.1319527     0.13947319  

BBB P2(x)
0.51745809    0.0068388111

BBB first bond length
0.61819979    0.0029234777

BBB second bond length
0.61794129    0.0029708551

BBB <phi**2>/<phi>**2
1.2262909     0.0086870028

Time = 5000
Temperature
1.0070423     0.0085799651

Pressure
23.155134     0.087806541 

CM Mom
-7.7651888e-17 2.2220512e-17 
-4.7881458e-18 2.9260502e-17 
-3.5295589e-17 9.3021729e-18 
9.107069e-17   2.1002586e-17 

CM Pos
7.5028641      0.012334039   
7.4988457      0.015358481   
7.5006741      0.016849239   
12.991777      0.012806777   

Stress
20.1306      -0.00662289  -0.0508121    0.140695     0.0656042    0.0612009   
-0.00662289  20.1373      0.0421506     0.0656042    0.153588     0.0830641   
-0.0508121   0.0421506    20.152        0.0612009    0.0830641    0.0916969   

Stress Spherical
0            0            0             0            0            0           
0            0            0             0            0            0           
0            0            0             0            0            0           

Inertia
149.942      -56.2744     -56.2629      0.260851     0.159804     0.154642    
-56.2744     149.995      -56.2596      0.159804     0.295688     0.159876    
-56.2629     -56.2596     149.976       0.154642     0.159876     0.273573    

Bond Length
0.61824721    0.0018019511

BB bond length
0.61824721    0.0018019511

Water EE distance
0             0           

PEG EE distance
7.2414748     0.082606015 

BBB P2(x)
0.51301987    0.010088219 

BBB first bond length
0.61814914    0.0018151195

BBB second bond length
0.61832445    0.0015526287

BBB <phi**2>/<phi>**2
1.2274389     0.0089578832

Time = 6000
Temperature
1.0108475     0.0056747829

Pressure
23.187406     0.089285291 

CM Mom
-1.2007054e-16 1.590969e-17  
3.1457463e-18  1.752306e-17  
-9.1586533e-18 2.6206124e-17 
1.2472912e-16  1.4152534e-17 

CM Pos
7.5028641      0.012858827   
7.503299       0.0095569037  
7.5011195      0.012568523   
12.994594      0.014526913   

Stress
20.2084      -0.021261    0.016008      0.110323     0.0689152    0.0535362   
-0.021261    20.1294      -0.0313281    0.0689152    0.141517     0.0970482   
0.016008     -0.0313281   20.1448       0.0535362    0.0970482    0.109683    

Stress Spherical
0            0            0             0            0            0           
0            0            0             0            0            0           
0            0            0             0            0            0           

Inertia
150.013      -56.3094     -56.2847      0.245917     0.161111     0.15373     
-56.3094     150.027      -56.2874      0.161111     0.343441     0.132327    
-56.2847     -56.2874     150.072       0.15373      0.132327     0.26743     

Bond Length
0.61863382    0.0012786576

BB bond length
0.61863382    0.0012786576

Water EE distance
0             0           

PEG EE distance
7.3691671     0.11421016  

BBB P2(x)
0.51360096    0.011045747 

BBB first bond length
0.61861238    0.0013938717

BBB second bond length
0.61863127    0.0013021713

BBB <phi**2>/<phi>**2
1.2265358     0.0075517616

Time = 7000
Temperature
1.0107657     0.0088447271

Pressure
23.157722     0.073001926 

CM Mom
-1.072983e-16  2.033882e-17  
1.3906628e-18  1.7053035e-17 
-2.5239033e-17 1.675418e-17  
1.1266058e-16  2.1086433e-17 

CM Pos
7.5025672      0.011405862   
7.5012208      0.021474803   
7.4931036      0.010501637   
12.988605      0.016509966   

Stress
20.1497      0.047055     0.0107761     0.0596164    0.0779081    0.0444431   
0.047055     20.1164      0.0110987     0.0779081    0.142314     0.075421    
0.0107761    0.0110987    20.1282       0.0444431    0.075421     0.122066    

Stress Spherical
0            0            0             0            0            0           
0            0            0             0            0            0           
0            0            0             0            0            0           

Inertia
149.888      -56.255      -56.2487      0.332392     0.234805     0.114171    
-56.255      149.927      -56.2412      0.234805     0.179621     0.21727     
-56.2487     -56.2412     150.034       0.114171     0.21727      0.407373    

Bond Length
0.61758646    0.0017755461

BB bond length
0.61758646    0.0017755461

Water EE distance
0             0           

PEG EE distance
7.1765559     0.11035836  

BBB P2(x)
0.51116411    0.012612189 

BBB first bond length
0.6176298     0.0015916055

BBB second bond length
0.61743578    0.0014677181

BBB <phi**2>/<phi>**2
1.2246008     0.0075189751

Time = 8000
Temperature
1.0074937     0.0068381336

Pressure
23.12586      0.090211313 

CM Mom
-9.8230841e-17 2.0075658e-17 
6.0561677e-18  2.4626324e-17 
-9.4320203e-18 1.5772846e-17 
1.0338129e-16  1.8588091e-17 

CM Pos
7.494106       0.012313477   
7.4967676      0.017392996   
7.498596       0.012219168   
12.984315      0.016311727   

Stress
20.1458      0.039976     -0.00972703   0.144342     0.0667961    0.0834516   
0.039976     20.0712      0.0367777     0.0667961    0.108327     0.0711553   
-0.00972703  0.0367777    20.1111       0.0834516    0.0711553    0.112648    

Stress Spherical
0            0            0             0            0            0           
0            0            0             0            0            0           
0            0            0             0            0            0           

Inertia
149.907      -56.1626     -56.1871      0.354943     0.176742     0.138912    
-56.1626     149.877      -56.1823      0.176742     0.32261      0.170875    
-56.1871     -56.1823     149.843       0.138912     0.170875     0.448745    

Bond Length
0.61791592    0.0013343267

BB bond length
0.61791592    0.0013343267

Water EE distance
0             0           

PEG EE distance
7.4036372     0.13297025  

BBB P2(x)
0.51480182    0.010517399 

BBB first bond length
0.61796116    0.0013588801

BBB second bond length
0.61781435    0.001410013 

BBB <phi**2>/<phi>**2
1.2283744     0.0053509159

Time = 9000
Temperature
1.0071296     0.0077525378

Pressure
23.157273     0.088725944 

CM Mom
-1.3396199e-16 1.6631693e-17 
-7.8556107e-18 1.9087304e-17 
-2.5834453e-17 1.9865657e-17 
1.3933894e-16  1.718097e-17  

CM Pos
7.4995983      0.012944223   
7.5016661      0.0089853019  
7.5018617      0.011616426   
12.992198      0.0077463528  

Stress
20.1418      0.0326262    0.0122873     0.14972      0.0697273    0.0843718   
0.0326262    20.1248      0.0180169     0.0697273    0.0863177    0.0973707   
0.0122873    0.0180169    20.159        0.0843718    0.0973707    0.12792     

Stress Spherical
0            0            0             0            0            0           
0            0            0             0            0            0           
0            0            0             0            0            0           

Inertia
150.043      -56.292      -56.2532      0.161157     0.130267     0.140666    
-56.292      150.015      -56.285       0.130267     0.268446     0.12139     
-56.2532     -56.285      150.006       0.140666     0.12139      0.206242    

Bond Length
0.61823943    0.002626671 

BB bond length
0.61823943    0.002626671 

Water EE distance
0             0           

PEG EE distance
7.4639225     0.071272869 

BBB P2(x)
0.51078454    0.0087706773

BBB first bond length
0.61823531    0.0026973349

BBB second bond length
0.61818196    0.0026372551

BBB <phi**2>/<phi>**2
1.2259259     0.011969342 

Time = 10000
Temperature
1.007231      0.0090504931

Pressure
23.134348     0.066609965 

CM Mom
-1.3807623e-16 1.90603e-17   
9.2453809e-18  1.8205776e-17 
-3.1898998e-18 2.2433181e-17 
1.4123989e-16  2.0248086e-17 

CM Pos
7.4942545      0.018358783   
7.496916       0.013682397   
7.4981506      0.016007596   
12.984228      0.021483257   

Stress
20.1303      -0.0102878   -0.0131626    0.0828249    0.0633868    0.0686087   
-0.0102878   20.1032      -0.0152888    0.0633868    0.120553     0.072714    
-0.0131626   -0.0152888   20.1223       0.0686087    0.072714     0.0777613   

Stress Spherical
0            0            0             0            0            0           
0            0            0             0            0            0           
0            0            0             0            0            0           

Inertia
149.928      -56.1811     -56.1752      0.3079       0.23168      0.283909    
-56.1811     149.869      -56.2328      0.23168      0.50531      0.221929    
-56.1752     -56.2328     149.869       0.283909     0.221929     0.402617    

Bond Length
0.61973906    0.0016827564

BB bond length
0.61973906    0.0016827564

Water EE distance
0             0           

PEG EE distance
7.4158644     0.10105652  

BBB P2(x)
0.51120793    0.00839517  

BBB first bond length
0.61972609    0.0017910413

BBB second bond length
0.61962268    0.001710561 

BBB <phi**2>/<phi>**2
1.2241856     0.0072453426

Time = 11000
Temperature
1.0122183     0.0070943638

Pressure
23.175903     0.075718709 

CM Mom
-1.1520665e-16 2.4334411e-17 
1.1754164e-17  1.6558637e-17 
2.286587e-17   2.24235e-17   
1.2120675e-16  2.4731964e-17 

CM Pos
7.5039031      0.0088581071  
7.5003301      0.013495108   
7.49726        0.013557013   
12.991253      0.014655064   

Stress
20.1546      -0.0101551   -0.0500425    0.0706309    0.0816867    0.031505    
-0.0101551   20.1657      -0.0345999    0.0816867    0.12626      0.0571822   
-0.0500425   -0.0345999   20.1154       0.031505     0.0571822    0.0957731   

Stress Spherical
0            0            0             0            0            0           
0            0            0             0            0            0           
0            0            0             0            0            0           

Inertia
149.944      -56.2817     -56.2687      0.355647     0.131616     0.159646    
-56.2817     150.005      -56.2161      0.131616     0.305648     0.192392    
-56.2687     -56.2161     150.062       0.159646     0.192392     0.279025    

Bond Length
0.61863264    0.0019974507

BB bond length
0.61863264    0.0019974507

Water EE distance
0             0           

PEG EE distance
7.5620328     0.1041322   

BBB P2(x)
0.50564065    0.0082312038

BBB first bond length
0.61851726    0.0020064001

BBB second bond length
0.61881536    0.0019292714

BBB <phi**2>/<phi>**2
1.2242881     0.0076024364

Time = 12000
Temperature
1.0063728     0.0064082639

Pressure
23.159508     0.082632118 

CM Mom
-1.2763829e-16 2.3720499e-17 
1.9839537e-18  1.7000041e-17 
-2.6029264e-18 2.6940927e-17 
1.316533e-16   2.3390836e-17 

CM Pos
7.5080595      0.017112013   
7.49558        0.010112551   
7.4950334      0.010863636   
12.989635      0.010333952   

Stress
20.1659      0.000933352  0.00718723    0.117567     0.0838318    0.0546553   
0.000933352  20.1512      -0.00256514   0.0838318    0.187166     0.0590814   
0.00718723   -0.00256514  20.122        0.0546553    0.0590814    0.0664156   

Stress Spherical
0            0            0             0            0            0           
0            0            0             0            0            0           
0            0            0             0            0            0           

Inertia
149.844      -56.2725     -56.274       0.258676     0.166956     0.0959595   
-56.2725     150.03       -56.2057      0.166956     0.237681     0.165958    
-56.274      -56.2057     150.036       0.0959595    0.165958     0.277944    

Bond Length
0.61884415    0.0021257554

BB bond length
0.61884415    0.0021257554

Water EE distance
0             0           

PEG EE distance
7.4469768     0.12681836  

BBB P2(x)
0.51434269    0.0093197015

BBB first bond length
0.61868006    0.002155683 

BBB second bond length
0.61900175    0.0023855193

BBB <phi**2>/<phi>**2
1.2267489     0.0076369721

Time = 13000
Temperature
1.0072962     0.0075966042

Pressure
23.1776       0.083395441 

CM Mom
-1.0672122e-16 1.9667086e-17 
-4.3518985e-18 1.4249504e-17 
1.473394e-17   1.6514618e-17 
1.1009825e-16  1.9141514e-17 

CM Pos
7.5059813      0.011913287   
7.5098304      0.010630931   
7.4951818      0.011333185   
12.996743      0.010936982   

Stress
20.1771      -0.0284932   -0.00267165   0.128183     0.0621704    0.0601281   
-0.0284932   20.172       -0.0413992    0.0621704    0.102746     0.0685948   
-0.00267165  -0.0413992   20.1359       0.0601281    0.0685948    0.110156    

Stress Spherical
0            0            0             0            0            0           
0            0            0             0            0            0           
0            0            0             0            0            0           

Inertia
150.061      -56.3773     -56.2787      0.222555     0.112551     0.130387    
-56.3773     150.003      -56.3403      0.112551     0.21963      0.128503    
-56.2787     -56.3403     150.231       0.130387     0.128503     0.232105    

Bond Length
0.6191033     0.0023247472

BB bond length
0.6191033     0.0023247472

Water EE distance
0             0           

PEG EE distance
6.9995665     0.14869033  

BBB P2(x)
0.5141282     0.013205692 

BBB first bond length
0.61919607    0.0023672551

BBB second bond length
0.61915585    0.0023018876

BBB <phi**2>/<phi>**2
1.2255252     0.0077579631

Time = 14000
Temperature
1.0054933     0.0082455838

Pressure
23.194991     0.080802153 

CM Mom
-9.8776477e-17 8.8344307e-18 
-2.4246919e-17 2.4818868e-17 
3.050037e-17   1.6412367e-17 
1.1031704e-16  8.2775074e-18 

CM Pos
7.5033094      0.015057107   
7.4951347      0.015918563   
7.4963693      0.02052628    
12.987416      0.013379718   

Stress
20.1984      -0.0287149   0.0166707     0.0907239    0.0565816    0.0494975   
-0.0287149   20.1814      -0.00652031   0.0565816    0.0739357    0.0560497   
0.0166707    -0.00652031  20.1736       0.0494975    0.0560497    0.112002    

Stress Spherical
0            0            0             0            0            0           
0            0            0             0            0            0           
0            0            0             0            0            0           

Inertia
149.876      -56.2148     -56.2728      0.282191     0.118274     0.227346    
-56.2148     150.007      -56.1954      0.118274     0.530043     0.124136    
-56.2728     -56.1954     149.988       0.227346     0.124136     0.197986    

Bond Length
0.61815228    0.0026739615

BB bond length
0.61815228    0.0026739615

Water EE distance
0             0           

PEG EE distance
7.2976795     0.070587396 

BBB P2(x)
0.51391037    0.01267093  

BBB first bond length
0.61827916    0.0027982347

BBB second bond length
0.61831172    0.002694184 

BBB <phi**2>/<phi>**2
1.2299122     0.0073260351

Time = 15000
Temperature
1.012174      0.0071460655

Pressure
23.137537     0.04014084  

CM Mom
-9.7486206e-17 1.7767759e-17 
-2.0853625e-17 2.1735735e-17 
2.09168e-17    1.9182529e-17 
1.0580311e-16  1.8378051e-17 

CM Pos
7.499153       0.013916329   
7.4937987      0.010505832   
7.5076509      0.01403615    
12.990745      0.013163263   

Stress
20.1585      -0.0341311   -0.0403858    0.10363      0.0798788    0.0594461   
-0.0341311   20.0674      -0.0368949    0.0798788    0.092985     0.0820942   
-0.0403858   -0.0368949   20.0952       0.0594461    0.0820942    0.0699838   

Stress Spherical
0            0            0             0            0            0           
0            0            0             0            0            0           
0            0            0             0            0            0           

Inertia
150.034      -56.1583     -56.33        0.288475     0.205157     0.13227     
-56.1583     150.089      -56.2614      0.205157     0.294015     0.172275    
-56.33       -56.2614     149.894       0.13227      0.172275     0.318351    

Bond Length
0.61824428    0.0015720937

BB bond length
0.61824428    0.0015720937

Water EE distance
0             0           

PEG EE distance
7.1318135     0.19185378  

BBB P2(x)
0.50469147    0.0085181095

BBB first bond length
0.61836039    0.0015808663

BBB second bond length
0.61821975    0.0016155272

BBB <phi**2>/<phi>**2
1.2234808     0.0079046697

Time = 16000
Temperature
1.0120535     0.0060900602

Pressure
23.130864     0.073157102 

CM Mom
-8.0168979e-17 2.130089e-17  
-4.7088481e-17 1.94923e-17   
3.1893779e-17  8.8281e-18    
1.0091308e-16  1.9742491e-17 

CM Pos
7.5064267      0.0094816741  
7.5007755      0.012469075   
7.5069087      0.016527065   
12.998542      0.013038763   

Stress
20.1371      -0.0650249   0.00182764    0.101921     0.0863611    0.0738568   
-0.0650249   20.0735      -0.00401074   0.0863611    0.0922228    0.0804528   
0.00182764   -0.00401074  20.0915       0.0738568    0.0804528    0.112448    

Stress Spherical
0            0            0             0            0            0           
0            0            0             0            0            0           
0            0            0             0            0            0           

Inertia
150.118      -56.3019     -56.332       0.333813     0.108916     0.118646    
-56.3019     150.2        -56.3241      0.108916     0.259749     0.14348     
-56.332      -56.3241     150.092       0.118646     0.14348      0.268647    

Bond Length
0.61979281    0.0020197583

BB bond length
0.61979281    0.0020197583

Water EE distance
0             0           

PEG EE distance
7.241615      0.19739481  

BBB P2(x)
0.51350169    0.009308857 

BBB first bond length
0.61963871    0.0021317377

BBB second bond length
0.61982483    0.0019827548

BBB <phi**2>/<phi>**2
1.2269389     0.0066666252

Time = 17000
Temperature
1.0124691     0.01042475  

Pressure
23.198485     0.085554066 

CM Mom
-9.3012903e-17 1.376403e-17  
-7.6157124e-17 1.7306729e-17 
4.1638308e-17  1.6475292e-17 
1.2895683e-16  1.7765139e-17 

CM Pos
7.4976686      0.009351806   
7.5003301      0.010606029   
7.4960725      0.011953909   
12.986969      0.0089997366  

Stress
20.203       0.0105229    0.00344868    0.0802911    0.071185     0.0600956   
0.0105229    20.1446      -0.0217075    0.071185     0.121095     0.079401    
0.00344868   -0.0217075   20.1536       0.0600956    0.079401     0.112134    

Stress Spherical
0            0            0             0            0            0           
0            0            0             0            0            0           
0            0            0             0            0            0           

Inertia
149.938      -56.2276     -56.2238      0.191988     0.167122     0.100392    
-56.2276     149.888      -56.2366      0.167122     0.194903     0.112567    
-56.2238     -56.2366     149.94        0.100392     0.112567     0.26882     

Bond Length
0.61884391    0.0018384386

BB bond length
0.61884391    0.0018384386

Water EE distance
0             0           

PEG EE distance
7.3181305     0.20343275  

BBB P2(x)
0.50891586    0.010811122 

BBB first bond length
0.6188153     0.0018756841

BBB second bond length
0.61889805    0.001803146 

BBB <phi**2>/<phi>**2
1.228736      0.0098429848

Time = 18000
Temperature
1.0119508     0.0089825157

Pressure
23.142905     0.070999327 

CM Mom
-8.9932734e-17 8.2563389e-18 
-5.9328539e-17 1.9292522e-17 
2.684394e-17   9.7519031e-18 
1.1278845e-16  1.1941683e-17 

CM Pos
7.5039031      0.013043427   
7.4976582      0.014207785   
7.4944396      0.012226379   
12.98809       0.010842178   

Stress
20.1003      -0.0139952   0.0111282     0.11311      0.0868557    0.0811077   
-0.0139952   20.1464      0.0160044     0.0868557    0.082364     0.0745371   
0.0111282    0.0160044    20.0925       0.0811077    0.0745371    0.126387    

Stress Spherical
0            0            0             0            0            0           
0            0            0             0            0            0           
0            0            0             0            0            0           

Inertia
149.883      -56.2246     -56.2116      0.177232     0.101303     0.181199    
-56.2246     149.974      -56.176       0.101303     0.383516     0.135309    
-56.2116     -56.176      150.019       0.181199     0.135309     0.232589    

Bond Length
0.61891055    0.0029678773

BB bond length
0.61891055    0.0029678773

Water EE distance
0             0           

PEG EE distance
7.2989476     0.14013039  

BBB P2(x)
0.51734485    0.011696117 

BBB first bond length
0.61882159    0.0030264239

BBB second bond length
0.61869437    0.0031377155

BBB <phi**2>/<phi>**2
1.2257823     0.0091748395

Time = 19000
Temperature
1.0144386     0.0094740064

Pressure
23.139063     0.073332185 

CM Mom
-9.713188e-17  2.2003465e-17 
-6.4220716e-17 1.8392106e-17 
3.3907741e-17  1.4961659e-17 
1.2343819e-16  2.275792e-17  

CM Pos
7.5013796      0.011012709   
7.4945409      0.01524255    
7.5069087      0.01236259    
12.992034      0.0087084894  

Stress
20.0794      -0.00275457  -0.032254     0.137356     0.0453707    0.049794    
-0.00275457  20.0835      0.000942903   0.0453707    0.080264     0.0564051   
-0.032254    0.000942903  20.1424       0.049794     0.0564051    0.0983826   

Stress Spherical
0            0            0             0            0            0           
0            0            0             0            0            0           
0            0            0             0            0            0           

Inertia
150.029      -56.2302     -56.2778      0.231021     0.147246     0.136676    
-56.2302     150.131      -56.2644      0.147246     0.251536     0.119488    
-56.2778     -56.2644     149.928       0.136676     0.119488     0.209279    

Bond Length
0.61956614    0.0017307031

BB bond length
0.61956614    0.0017307031

Water EE distance
0             0           

PEG EE distance
7.3628192     0.086898842 

BBB P2(x)
0.50502764    0.006597754 

BBB first bond length
0.61937847    0.0014748903

BBB second bond length
0.61944733    0.0015404587

BBB <phi**2>/<phi>**2
1.2232926     0.0067030861

Time = 20000
Temperature
1.0107199     0.0059251869

Pressure
23.174584     0.075662147 

CM Mom
-1.3670026e-16 1.155121e-17  
-8.6970675e-17 1.5523648e-17 
5.5282624e-17  1.9898619e-17 
1.7283395e-16  1.4346478e-17 

CM Pos
7.4958873      0.014026727   
7.5059709      0.0089324214  
7.4974084      0.019795645   
12.989979      0.012967542   

Stress
20.1441      0.0579108    0.0235552     0.121762     0.0776335    0.0598453   
0.0579108    20.1347      0.0199728     0.0776335    0.124765     0.0714962   
0.0235552    0.0199728    20.1664       0.0598453    0.0714962    0.0626487   

Stress Spherical
0            0            0             0            0            0           
0            0            0             0            0            0           
0            0            0             0            0            0           

Inertia
150.041      -56.2523     -56.1773      0.318841     0.132872     0.169179    
-56.2523     149.878      -56.2502      0.132872     0.259287     0.197728    
-56.1773     -56.2502     150.001       0.169179     0.197728     0.282835    

Bond Length
0.61881583    0.0016012819

BB bond length
0.61881583    0.0016012819

Water EE distance
0             0           

PEG EE distance
6.9873083     0.1149919   

BBB P2(x)
0.51244785    0.011477144 

BBB first bond length
0.61859126    0.0016574933

BBB second bond length
0.61902117    0.0015350988

BBB <phi**2>/<phi>**2
1.2269255     0.0090318981

Time = 21000
Temperature
1.0123988     0.0071361882

Pressure
23.194525     0.071398656 

CM Mom
-1.2188941e-16 1.44003e-17   
-1.0250913e-16 2.0638227e-17 
8.768901e-17   1.690315e-17  
1.8370506e-16  1.5032859e-17 

CM Pos
7.5042         0.01129033    
7.4937987      0.0080610632  
7.5091353      0.018963929   
12.994518      0.013951793   

Stress
20.1505      -0.0145802   -0.00816295   0.0988859    0.0781157    0.0466353   
-0.0145802   20.1254      -0.00707057   0.0781157    0.0770437    0.0456307   
-0.00816295  -0.00707057  20.2141       0.0466353    0.0456307    0.101665    

Stress Spherical
0            0            0             0            0            0           
0            0            0             0            0            0           
0            0            0             0            0            0           

Inertia
150.043      -56.2355     -56.3674      0.32615      0.0747645    0.187041    
-56.2355     150.183      -56.2804      0.0747645    0.318056     0.178392    
-56.3674     -56.2804     149.948       0.187041     0.178392     0.160452    

Bond Length
0.61781619    0.002378891 

BB bond length
0.61781619    0.002378891 

Water EE distance
0             0           

PEG EE distance
7.0034045     0.093003871 

BBB P2(x)
0.49877969    0.0070851655

BBB first bond length
0.6177273     0.002309868 

BBB second bond length
0.61773024    0.002601765 

BBB <phi**2>/<phi>**2
1.222069      0.0061826009

Time = 22000
Temperature
1.0091492     0.0061285422

Pressure
23.221862     0.058635385 

CM Mom
-1.12071e-16   1.9808929e-17 
-1.1596584e-16 1.9663728e-17 
9.4268702e-17  2.086829e-17  
1.8936833e-16  1.5771861e-17 

CM Pos
7.4952936      0.011598392   
7.5031505      0.016598904   
7.5002288      0.014575249   
12.989632      0.014004438   

Stress
20.1731      -0.0215759   0.00983194    0.115255     0.0434371    0.0966774   
-0.0215759   20.1673      0.00905946    0.0434371    0.0986142    0.082498    
0.00983194   0.00905946   20.2608       0.0966774    0.082498     0.092493    

Stress Spherical
0            0            0             0            0            0           
0            0            0             0            0            0           
0            0            0             0            0            0           

Inertia
150.041      -56.2263     -56.2085      0.346425     0.0975425    0.161024    
-56.2263     149.922      -56.291       0.0975425    0.336807     0.175029    
-56.2085     -56.291      149.969       0.161024     0.175029     0.253657    

Bond Length
0.61839928    0.0019661611

BB bond length
0.61839928    0.0019661611

Water EE distance
0             0           

PEG EE distance
7.3511558     0.15744368  

BBB P2(x)
0.50331073    0.0090940392

BBB first bond length
0.61819848    0.0019008968

BBB second bond length
0.61855528    0.0020469529

BBB <phi**2>/<phi>**2
1.2195396     0.0068227708

Time = 23000
Temperature
1.0129        0.0051486434

Pressure
23.188985     0.085742684 

CM Mom
-1.181992e-16  1.0753792e-17 
-1.1938166e-16 2.5783486e-17 
7.6941862e-17  7.8772814e-18 
1.8589298e-16  2.0721143e-17 

CM Pos
7.4923247      0.011093447   
7.4976582      0.014469036   
7.5042367      0.011068591   
12.987054      0.016012632   

Stress
20.1426      -0.00376576  0.00619514    0.0899361    0.104076     0.0881662   
-0.00376576  20.183       0.0384901     0.104076     0.126758     0.051845    
0.00619514   0.0384901    20.1433       0.0881662    0.051845     0.130996    

Stress Spherical
0            0            0             0            0            0           
0            0            0             0            0            0           
0            0            0             0            0            0           

Inertia
150.027      -56.1374     -56.2125      0.280661     0.260739     0.153489    
-56.1374     149.93       -56.2598      0.260739     0.242625     0.180406    
-56.2125     -56.2598     149.826       0.153489     0.180406     0.289954    

Bond Length
0.61844433    0.0014436932

BB bond length
0.61844433    0.0014436932

Water EE distance
0             0           

PEG EE distance
7.1617753     0.24285798  

BBB P2(x)
0.51219791    0.0090158568

BBB first bond length
0.61809717    0.0015138149

BBB second bond length
0.61841328    0.0015711723

BBB <phi**2>/<phi>**2
1.2225343     0.0077162865

Time = 24000
Temperature
1.0096196     0.0088356392

Pressure
23.147941     0.067360404 

CM Mom
-1.1936161e-16 2.0305355e-17 
-9.3518024e-17 1.484859e-17  
7.2068362e-17  1.7176231e-17 
1.6956246e-16  1.9053763e-17 

CM Pos
7.4970748      0.016847278   
7.5003301      0.014623547   
7.4991897      0.009082865   
12.988428      0.015585424   

Stress
20.1205      0.0250537    -0.0186114    0.130319     0.0721708    0.0903058   
0.0250537    20.1121      -0.0329905    0.0721708    0.0888581    0.0786807   
-0.0186114   -0.0329905   20.1426       0.0903058    0.0786807    0.0888957   

Stress Spherical
0            0            0             0            0            0           
0            0            0             0            0            0           
0            0            0             0            0            0           

Inertia
150.002      -56.2267     -56.1968      0.33689      0.173189     0.18137     
-56.2267     149.941      -56.2715      0.173189     0.322988     0.151163    
-56.1968     -56.2715     149.986       0.18137      0.151163     0.330414    

Bond Length
0.61857538    0.0031392859

BB bond length
0.61857538    0.0031392859

Water EE distance
0             0           

PEG EE distance
6.9281616     0.15714393  

BBB P2(x)
0.51609516    0.012653199 

BBB first bond length
0.61838744    0.0032566709

BBB second bond length
0.61840398    0.0032341363

BBB <phi**2>/<phi>**2
1.2282418     0.0081848294

Time = 25000
Temperature
1.0088553     0.0081378819

Pressure
23.207147     0.10944168  

CM Mom
-1.0559712e-16 1.2598896e-17 
-1.0941218e-16 2.5703215e-17 
7.1934871e-17  2.4752054e-17 
1.7079355e-16  2.3622415e-17 

CM Pos
7.4995983      0.010810772   
7.5049318      0.015613887   
7.5045336      0.0076501328  
12.995625      0.012482034   

Stress
20.1916      -0.0245127   0.00267532    0.0844291    0.0733561    0.0550495   
-0.0245127   20.1628      0.00539242    0.0733561    0.16236      0.055588    
0.00267532   0.00539242   20.2053       0.0550495    0.055588     0.130124    

Stress Spherical
0            0            0             0            0            0           
0            0            0             0            0            0           
0            0            0             0            0            0           

Inertia
150.144      -56.2974     -56.2928      0.245999     0.180702     0.15065     
-56.2974     150.069      -56.3064      0.180702     0.183016     0.138903    
-56.2928     -56.3064     150.07        0.15065      0.138903     0.332185    

Bond Length
0.61747424    0.0018918518

BB bond length
0.61747424    0.0018918518

Water EE distance
0             0           

PEG EE distance
6.7578668     0.1088905   

BBB P2(x)
0.50678332    0.0072973309

BBB first bond length
0.61767029    0.0018063298

BBB second bond length
0.61731737    0.0018243198

BBB <phi**2>/<phi>**2
1.2250111     0.0075593651

Time = 26000
Temperature
1.0095321     0.008186284 

Pressure
23.140974     0.085388853 

CM Mom
-1.0201801e-16 2.3288812e-17 
-1.0168511e-16 2.4576129e-17 
6.6234335e-17  1.6667574e-17 
1.6078026e-16  2.6615693e-17 

CM Pos
7.4878715      0.014773459   
7.49558        0.0077146679  
7.4982991      0.017887031   
12.979863      0.013660712   

Stress
20.1079      -0.0209799   -0.017088     0.12532      0.0878793    0.0768712   
-0.0209799   20.1341      0.0340553     0.0878793    0.102451     0.0490958   
-0.017088    0.0340553    20.1131       0.0768712    0.0490958    0.0744199   

Stress Spherical
0            0            0             0            0            0           
0            0            0             0            0            0           
0            0            0             0            0            0           

Inertia
149.922      -56.0971     -56.1562      0.327468     0.126801     0.166575    
-56.0971     149.796      -56.181       0.126801     0.264535     0.178548    
-56.1562     -56.181      149.749       0.166575     0.178548     0.167556    

Bond Length
0.61804269    0.002435207 

BB bond length
0.61804269    0.002435207 

Water EE distance
0             0           

PEG EE distance
6.6957074     0.11426754  

BBB P2(x)
0.51612072    0.0090779998

BBB first bond length
0.6178493     0.0025072816

BBB second bond length
0.61791954    0.0023852942

BBB <phi**2>/<phi>**2
1.2272648     0.011504539 

Time = 27000
Temperature
1.0149192     0.0067887059

Pressure
23.216453     0.094048463 

CM Mom
-1.0480703e-16 1.6666928e-17 
-1.3317238e-16 1.2127409e-17 
7.4723476e-17  2.7032819e-17 
1.8737037e-16  1.873422e-17  

CM Pos
7.495442       0.016113924   
7.5099788      0.013893351   
7.4941427      0.011834417   
12.99015       0.01448453    

Stress
20.1967      -0.0308206   -0.00668211   0.173722     0.0492037    0.0742977   
-0.0308206   20.1775      0.0526866     0.0492037    0.132534     0.0696131   
-0.00668211  0.0526866    20.1589       0.0742977    0.0696131    0.128937    

Stress Spherical
0            0            0             0            0            0           
0            0            0             0            0            0           
0            0            0             0            0            0           

Inertia
150.065      -56.2993     -56.1767      0.320038     0.144839     0.139432    
-56.2993     149.857      -56.2322      0.144839     0.317449     0.158185    
-56.1767     -56.2322     150.086       0.139432     0.158185     0.295157    

Bond Length
0.6184315     0.001949729 

BB bond length
0.6184315     0.001949729 

Water EE distance
0             0           

PEG EE distance
6.7921961     0.088682476 

BBB P2(x)
0.50771546    0.0089143222

BBB first bond length
0.6184018     0.0020006046

BBB second bond length
0.6184586     0.0021805411

BBB <phi**2>/<phi>**2
1.2283981     0.0076658153

Time = 28000
Temperature
1.0103919     0.0071014533

Pressure
23.13178      0.12140262  

CM Mom
-8.4738967e-17 1.9877845e-17 
-1.2264833e-16 1.0638469e-17 
3.9930124e-17  2.0765853e-17 
1.5652686e-16  1.6018437e-17 

CM Pos
7.4984108      0.017237104   
7.4994395      0.016956787   
7.4942912      0.016663163   
12.985862      0.020029568   

Stress
20.0226      -0.00826359  -0.000827606  0.140312     0.0789888    0.0749014   
-0.00826359  20.1548      0.0289247     0.0789888    0.158377     0.0680915   
-0.000827606 0.0289247    20.1423       0.0749014    0.0680915    0.120655    

Stress Spherical
0            0            0             0            0            0           
