Time = 1000
Temperature
   1.1685933    0.26709283

Pressure
   23.920249     1.1425485

CM Mom
-3.2493222e-17 2.449732e-17  
1.3463209e-16  2.3303313e-17 
-2.1573405e-16 3.5628807e-16 
3.3862465e-16  2.8131919e-16 

CM Pos
7.4985153      0.018537152   
7.5042209      0.022227766   
7.4963382      0.024589112   
12.989892      0.017162716   

Stress
20.4213      0.0204692    -0.00353651   0.362645     0.0911552    0.0865041   
0.0204692    20.4849      -0.00302172   0.0911552    0.399888     0.086729    
-0.00353651  -0.00302172  20.3423       0.0865041    0.086729     0.383231    

Stress Spherical
0            0            0             0            0            0           
0            0            0             0            0            0           
0            0            0             0            0            0           

Inertia
150.191      -56.2759     -56.2066      1.16301      0.187524     0.160651    
-56.2759     150.087      -56.2206      0.187524     1.38518      0.27325     
-56.2066     -56.2206     150.205       0.160651     0.27325      1.68794     

Bond Length
0.62005481    0.011360007 

BB bond length
0.62005481    0.011360007 

Water EE distance
0             0           

PEG EE distance
7.4438839     0.18380431  

BBB P2(x)
0.46794304    0.069649598 

BBB first bond length
0.62004372    0.011512235 

BBB second bond length
0.6199889     0.011244835 

BBB <phi**2>/<phi>**2
1.2205697     0.014228539 

Time = 2000
Temperature
1.0111552     0.0078318236

Pressure
23.175445     0.071540552 

CM Mom
-4.3527983e-17 1.295903e-17  
1.1941233e-16  2.5171161e-17 
2.5783613e-17  3.7325642e-17 
1.3582979e-16  2.3744042e-17 

CM Pos
7.4879916      0.012450593   
7.4959205      0.014417145   
7.4988579      0.010035362   
12.980443      0.016766891   

Stress
20.2061      0.00730862   0.0044884     0.121069     0.0977555    0.0935906   
0.00730862   20.1478      -0.0464147    0.0977555    0.0839046    0.0686764   
0.0044884    -0.0464147   20.0765       0.0935906    0.0686764    0.144924    

Stress Spherical
0            0            0             0            0            0           
0            0            0             0            0            0           
0            0            0             0            0            0           

Inertia
149.814      -56.1426     -56.1571      0.422861     0.197744     0.169765    
-56.1426     149.675      -56.2165      0.197744     0.377293     0.200477    
-56.1571     -56.2165     149.636       0.169765     0.200477     0.46094     

Bond Length
0.61764904    0.0021080603

BB bond length
0.61764904    0.0021080603

Water EE distance
0             0           

PEG EE distance
7.3280679     0.16449505  

BBB P2(x)
0.50744064    0.0084219375

BBB first bond length
0.61760294    0.0021344131

BBB second bond length
0.61758491    0.0021620691

BBB <phi**2>/<phi>**2
1.2254273     0.0081197617

