Time = 1000
Temperature
   1.0844148    0.10138112

Pressure
   23.647493    0.49265461

CM Mom
-2.2815083e-17 2.6389668e-17 
9.3387894e-17  2.7699028e-17 
9.0926029e-17  1.9977488e-16 
2.1241078e-16  1.1732299e-16 

CM Pos
7.4954526      0.017334934   
7.4948139      0.017021642   
7.5044031      0.017544879   
12.987328      0.017764585   

Stress
20.4226      -0.0255914   0.00958617    0.198174     0.0808409    0.0479485   
-0.0255914   20.3522      -0.00869662   0.0808409    0.246605     0.0600984   
0.00958617   -0.00869662  20.432        0.0479485    0.0600984    0.233817    

Stress Spherical
0            0            0             0            0            0           
0            0            0             0            0            0           
0            0            0             0            0            0           

Inertia
150.095      -56.2016     -56.25        1.01157      0.174528     0.176285    
-56.2016     150.099      -56.2455      0.174528     1.27254      0.278934    
-56.25       -56.2455     149.941       0.176285     0.278934     1.22067     

Bond Length
0.61919993    0.0060505379

BB bond length
0.61919993    0.0060505379

Water EE distance
0             0           

PEG EE distance
6.6881675     0.12820999  

BBB P2(x)
0.48702668    0.058475342 

BBB first bond length
0.61905933    0.0064810523

BBB second bond length
0.61896167    0.0058019827

BBB <phi**2>/<phi>**2
1.2211324     0.01558439  

Time = 2000
Temperature
1.0121767     0.0092198724

Pressure
23.238163     0.093563775 

CM Mom
-2.7997406e-17 2.7924317e-17 
1.1470548e-16  2.7598004e-17 
4.4108007e-18  4.3387983e-17 
1.2904585e-16  2.7051056e-17 

CM Pos
7.499314       0.011388291   
7.4951109      0.011546015   
7.4978685      0.016176533   
12.985943      0.015326671   

Stress
20.2669      0.0154096    0.00600887    0.126266     0.0661872    0.0627325   
0.0154096    20.1668      -0.0159911    0.0661872    0.116088     0.0691851   
0.00600887   -0.0159911   20.1937       0.0627325    0.0691851    0.13125     

Stress Spherical
0            0            0             0            0            0           
0            0            0             0            0            0           
0            0            0             0            0            0           

Inertia
149.77       -56.2177     -56.2639      0.310225     0.180481     0.17505     
-56.2177     149.844      -56.213       0.180481     0.347024     0.185441    
-56.2639     -56.213      149.796       0.17505      0.185441     0.401481    

Bond Length
0.61799021    0.0030650298

BB bond length
0.61799021    0.0030650298

Water EE distance
0             0           

PEG EE distance
6.7733518     0.16825007  

BBB P2(x)
0.51228271    0.011029922 

BBB first bond length
0.61780938    0.0032039182

BBB second bond length
0.61792202    0.0030519908

BBB <phi**2>/<phi>**2
1.2298224     0.0092745899

Time = 3000
Temperature
1.0094968     0.0075196797

Pressure
23.211032     0.090067652 

CM Mom
-6.2719357e-17 1.7125253e-17 
1.1779714e-16  1.5974529e-17 
3.7651125e-17  2.2323209e-17 
1.4126164e-16  1.7872434e-17 

CM Pos
7.4935219      0.014049379   
7.500606       0.019012801   
7.4978685      0.015998297   
12.98578       0.018048168   

Stress
20.2206      -0.0352574   0.000121759   0.101208     0.0580118    0.072945    
-0.0352574   20.1556      -0.0120829    0.0580118    0.121513     0.040664    
0.000121759  -0.0120829   20.1938       0.072945     0.040664     0.108789    

Stress Spherical
0            0            0             0            0            0           
0            0            0             0            0            0           
0            0            0             0            0            0           

Inertia
149.935      -56.1961     -56.1969      0.370254     0.255774     0.132358    
-56.1961     149.822      -56.2553      0.255774     0.278798     0.19106     
-56.1969     -56.2553     149.867       0.132358     0.19106      0.547773    

Bond Length
0.61932679    0.0019059139

BB bond length
0.61932679    0.0019059139

Water EE distance
0             0           

PEG EE distance
6.6288636     0.14760239  

BBB P2(x)
0.51259242    0.011196897 

BBB first bond length
0.61949117    0.0020382766

BBB second bond length
0.6195967     0.0020451705

BBB <phi**2>/<phi>**2
1.2212051     0.0069309857

Time = 4000
Temperature
1.0036778     0.0056236911

Pressure
23.189478     0.097049061 

CM Mom
-5.4123372e-17 1.4224578e-17 
1.2480226e-16  2.3892935e-17 
3.6041714e-17  2.4542176e-17 
1.4409769e-16  2.0379742e-17 

CM Pos
7.4942645      0.01539405    
7.5010515      0.012605403   
7.5103437      0.018970411   
12.993666      0.020968179   

Stress
20.1866      0.0104035    -0.0201096    0.152317     0.0637452    0.0931841   
0.0104035    20.2166      0.00581312    0.0637452    0.11067      0.06139     
-0.0201096   0.00581312   20.1545       0.0931841    0.06139      0.111506    

Stress Spherical
0            0            0             0            0            0           
0            0            0             0            0            0           
0            0            0             0            0            0           

Inertia
150.118      -56.1983     -56.3444      0.346111     0.206041     0.241836    
-56.1983     150.027      -56.3854      0.206041     0.439688     0.204033    
-56.3444     -56.3854     149.881       0.241836     0.204033     0.297092    

Bond Length
0.61790892    0.001621627 

BB bond length
0.61790892    0.001621627 

Water EE distance
0             0           

PEG EE distance
6.658898      0.22515797  

BBB P2(x)
0.50639212    0.01189361  

BBB first bond length
0.6177089     0.0017365701

BBB second bond length
0.61777824    0.0016097342

BBB <phi**2>/<phi>**2
1.2214695     0.009751756 

Time = 5000
Temperature
1.0141593     0.0073617789

Pressure
23.276609     0.066988295 

CM Mom
-4.461008e-17  1.6168201e-17 
1.1729685e-16  2.2682724e-17 
-1.2083362e-17 1.5424655e-17 
1.2813081e-16  2.2157378e-17 

CM Pos
7.5057002      0.010502636   
7.4992693      0.010434159   
7.5011358      0.0094444236  
12.993917      0.0074379856  

Stress
20.3055      -0.00124372  -0.0250247    0.0815907    0.052161     0.0466312   
-0.00124372  20.2196      0.00505996    0.052161     0.142108     0.0778049   
-0.0250247   0.00505996   20.1999       0.0466312    0.0778049    0.10382     

Stress Spherical
0            0            0             0            0            0           
0            0            0             0            0            0           
0            0            0             0            0            0           

Inertia
149.965      -56.3241     -56.3063      0.243914     0.111119     0.136301    
-56.3241     150.056      -56.287       0.111119     0.164224     0.116891    
-56.3063     -56.287      150.039       0.136301     0.116891     0.15698     

Bond Length
0.61841741    0.0023254286

BB bond length
0.61841741    0.0023254286

Water EE distance
0             0           

PEG EE distance
6.5839301     0.098479703 

BBB P2(x)
0.50978076    0.012657485 

BBB first bond length
0.6183652     0.0023545054

BBB second bond length
0.61856317    0.0022548347

BBB <phi**2>/<phi>**2
1.2239572     0.0079644904

Time = 6000
Temperature
1.0125894     0.0087563777

Pressure
23.218889     0.071910997 

CM Mom
-4.0950466e-18 2.6045281e-17 
6.7760772e-17  1.6651705e-17 
-1.1516709e-17 1.7225264e-17 
7.5880339e-17  1.534425e-17  

CM Pos
7.4991655      0.02241       
7.4982297      0.021047756   
7.4943041      0.0154484     
12.985609      0.025943949   

Stress
20.2079      -0.0215072   -0.0349907    0.0830019    0.0492269    0.0496774   
-0.0215072   20.1948      0.00596659    0.0492269    0.0883596    0.0692259   
-0.0349907   0.00596659   20.1631       0.0496774    0.0692259    0.107833    

Stress Spherical
0            0            0             0            0            0           
0            0            0             0            0            0           
0            0            0             0            0            0           

Inertia
149.842      -56.2018     -56.1658      0.424796     0.261348     0.297159    
-56.2018     149.857      -56.1996      0.261348     0.615751     0.193566    
-56.1658     -56.1996     149.916       0.297159     0.193566     0.479266    

Bond Length
0.61838508    0.0010500423

BB bond length
0.61838508    0.0010500423

Water EE distance
0             0           

PEG EE distance
6.778088      0.15566791  

BBB P2(x)
0.5061609     0.0085454665

BBB first bond length
0.61820237    0.0014389935

BBB second bond length
0.61856309    0.001408626 

BBB <phi**2>/<phi>**2
1.2238049     0.0092224974

Time = 7000
Temperature
1.01057       0.0052063186

Pressure
23.221712     0.058359861 

CM Mom
1.1245405e-17  1.0874923e-17 
7.1335196e-17  3.0095158e-17 
-1.506743e-17  1.4689519e-17 
7.7280443e-17  2.6640088e-17 

CM Pos
7.5013932      0.012899436   
7.4991208      0.0092139073  
7.498017       0.011661017   
12.989545      0.009086957   

Stress
20.2231      -0.0111464   0.0104493     0.0804391    0.0783304    0.0777001   
-0.0111464   20.1545      -0.0588788    0.0783304    0.103921     0.0739363   
0.0104493    -0.0588788   20.2149       0.0777001    0.0739363    0.0690247   

Stress Spherical
0            0            0             0            0            0           
0            0            0             0            0            0           
0            0            0             0            0            0           

Inertia
149.928      -56.2508     -56.2204      0.193149     0.135745     0.110744    
-56.2508     149.98       -56.2074      0.135745     0.227417     0.164112    
-56.2204     -56.2074     150.006       0.110744     0.164112     0.250137    

Bond Length
0.61965482    0.0017703379

BB bond length
0.61965482    0.0017703379

Water EE distance
0             0           

PEG EE distance
6.8571956     0.18411926  

BBB P2(x)
0.50688922    0.011618783 

BBB first bond length
0.61961356    0.0017109197

BBB second bond length
0.61929588    0.0019460854

BBB <phi**2>/<phi>**2
1.2265544     0.01082708  

Time = 8000
Temperature
1.0081044     0.010944553 

Pressure
23.198236     0.097137324 

CM Mom
2.5659892e-17  1.4257441e-17 
5.6043729e-17  1.7129634e-17 
-2.4243533e-18 1.5929896e-17 
6.6153732e-17  1.3392212e-17 

CM Pos
7.5052546      0.0077740113  
7.5077347      0.011908076   
7.5024724      0.0087925308  
12.999313      0.012457076   

Stress
20.2049      0.0200813    -0.0327426    0.126193     0.0622809    0.059745    
0.0200813    20.1921      -0.0525059    0.0622809    0.135426     0.0604859   
-0.0327426   -0.0525059   20.1471       0.059745     0.0604859    0.128082    

Stress Spherical
0            0            0             0            0            0           
0            0            0             0            0            0           
0            0            0             0            0            0           

Inertia
150.136      -56.3284     -56.3163      0.29865      0.129115     0.0991991   
-56.3284     150.098      -56.2998      0.129115     0.213524     0.172635    
-56.3163     -56.2998     150.188       0.0991991    0.172635     0.218786    

Bond Length
0.61844526    0.0018196553

BB bond length
0.61844526    0.0018196553

Water EE distance
0             0           

PEG EE distance
6.788052      0.13221329  

BBB P2(x)
0.50150708    0.012601297 

BBB first bond length
0.61841178    0.0019861   

BBB second bond length
0.61838921    0.0018991289

BBB <phi**2>/<phi>**2
1.2248076     0.0069585714

Time = 9000
Temperature
1.0073158     0.0041087777

Pressure
23.246867     0.060653124 

CM Mom
8.724869e-18   1.5221269e-17 
4.6044576e-17  1.4191486e-17 
-1.4238473e-17 1.6529337e-17 
5.4345437e-17  1.2322264e-17 

CM Pos
7.5005021      0.014788977   
7.4982297      0.013187751   
7.5018784      0.012091882   
12.990748      0.012629781   

Stress
20.1848      0.0124515    0.0348054     0.106082     0.0825884    0.031502    
0.0124515    20.2779      -0.00533272   0.0825884    0.12263      0.0712789   
0.0348054    -0.00533272  20.2345       0.031502     0.0712789    0.100104    

Stress Spherical
0            0            0             0            0            0           
0            0            0             0            0            0           
0            0            0             0            0            0           

Inertia
149.995      -56.2316     -56.2636      0.222922     0.129172     0.152967    
-56.2316     150.04       -56.217       0.129172     0.254704     0.134634    
-56.2636     -56.217      149.991       0.152967     0.134634     0.32679     

Bond Length
0.61886319    0.0023791031

BB bond length
0.61886319    0.0023791031

Water EE distance
0             0           

PEG EE distance
7.1882891     0.1272044   

BBB P2(x)
0.51088278    0.0035630722

BBB first bond length
0.61926224    0.0024171598

BBB second bond length
0.61892058    0.0023876804

BBB <phi**2>/<phi>**2
1.2251434     0.0075963448

Time = 10000
Temperature
1.0120445     0.0094834526

Pressure
23.238394     0.10521359  

CM Mom
-3.2267093e-17 1.9357492e-17 
2.1566357e-17  2.1980849e-17 
-1.5964677e-17 1.7453898e-17 
5.1246898e-17  1.7245528e-17 

CM Pos
7.5070368      0.01238653    
7.5081802      0.012720364   
7.5033635      0.014127658   
13.001124      0.011439596   

Stress
20.2457      -0.015875    0.0164712     0.121267     0.0437346    0.0945662   
-0.015875    20.2163      -0.00346791   0.0437346    0.101323     0.0523376   
0.0164712    -0.00346791  20.1673       0.0945662    0.0523376    0.112533    

Stress Spherical
0            0            0             0            0            0           
0            0            0             0            0            0           
0            0            0             0            0            0           

Inertia
150.171      -56.3323     -56.3464      0.337289     0.110953     0.1051      
-56.3323     150.15       -56.3432      0.110953     0.277379     0.133581    
-56.3464     -56.3432     150.233       0.1051       0.133581     0.152006    

Bond Length
0.61887988    0.0019060485

BB bond length
0.61887988    0.0019060485

Water EE distance
0             0           

PEG EE distance
7.0436446     0.11337765  

BBB P2(x)
0.51050284    0.011769306 

BBB first bond length
0.61873703    0.0017125479

BBB second bond length
0.61900526    0.001849295 

BBB <phi**2>/<phi>**2
1.2315504     0.011175441 

Time = 11000
Temperature
1.0098688     0.0095357586

Pressure
23.268665     0.10315948  

CM Mom
-3.0714705e-17 1.6950932e-17 
2.3129051e-17  8.2055026e-18 
-6.2364305e-17 1.4683053e-17 
7.5414683e-17  1.5828283e-17 

CM Pos
7.5028784      0.010400282   
7.5020911      0.010636194   
7.4959378      0.017081791   
12.990923      0.0078444461  

Stress
20.3047      0.0404021    -0.0108418    0.147374     0.0636455    0.0693673   
0.0404021    20.2363      -0.019641     0.0636455    0.110874     0.0650238   
-0.0108418   -0.019641    20.1986       0.0693673    0.0650238    0.121103    

Stress Spherical
0            0            0             0            0            0           
0            0            0             0            0            0           
0            0            0             0            0            0           

Inertia
149.959      -56.3151     -56.2356      0.141973     0.134388     0.16635     
-56.3151     149.977      -56.2318      0.134388     0.26309      0.0847194   
-56.2356     -56.2318     150.06        0.16635      0.0847194    0.248482    

Bond Length
0.6177951     0.0017733088

BB bond length
0.6177951     0.0017733088

Water EE distance
0             0           

PEG EE distance
7.3042883     0.18736096  

BBB P2(x)
0.51093898    0.012219384 

BBB first bond length
0.61773569    0.0018062198

BBB second bond length
0.617795      0.0017117247

BBB <phi**2>/<phi>**2
1.2226756     0.01168039  

Time = 12000
Temperature
1.0138549     0.0078365622

Pressure
23.255258     0.076899889 

CM Mom
8.1101242e-18  2.1896293e-17 
4.1624982e-17  2.2906361e-17 
-6.3410773e-17 2.9066417e-17 
8.4885557e-17  2.151249e-17  

CM Pos
7.4926309      0.016567895   
7.4971901      0.012350865   
7.5052942      0.012411435   
12.987581      0.011905977   

Stress
20.167       0.0467795    -0.00616388   0.119463     0.0655433    0.062062    
0.0467795    20.2678      -0.0235123    0.0655433    0.0969015    0.0551142   
-0.00616388  -0.0235123   20.2288       0.062062     0.0551142    0.12754     

Stress Spherical
0            0            0             0            0            0           
0            0            0             0            0            0           
0            0            0             0            0            0           

Inertia
150.045      -56.1657     -56.2222      0.23855      0.15057      0.21692     
-56.1657     149.98       -56.2552      0.15057      0.360557     0.0987885   
-56.2222     -56.2552     149.867       0.21692      0.0987885    0.242806    

Bond Length
0.61864818    0.001963175 

BB bond length
0.61864818    0.001963175 

Water EE distance
0             0           

PEG EE distance
6.6919618     0.15847079  

BBB P2(x)
0.50921768    0.0078239347

BBB first bond length
0.61873134    0.0021628137

BBB second bond length
0.6186795     0.0022212767

BBB <phi**2>/<phi>**2
1.2299361     0.0061957952

Time = 13000
Temperature
1.0146803     0.0060349911

Pressure
23.199584     0.077082265 

CM Mom
-1.2005523e-17 1.4563784e-17 
3.7409844e-17  2.3760674e-17 
-5.9587442e-17 2.1820262e-17 
7.7516772e-17  1.8391293e-17 

CM Pos
7.499017       0.012098264   
7.5007545      0.0095281277  
7.498017       0.016407363   
12.989118      0.012782113   

Stress
20.15        -0.0186927   -0.0631736    0.0945369    0.0666401    0.0426868   
-0.0186927   20.1966      0.0122042     0.0666401    0.0931713    0.105272    
-0.0631736   0.0122042    20.1426       0.0426868    0.105272     0.0931818   

Stress Spherical
0            0            0             0            0            0           
0            0            0             0            0            0           
0            0            0             0            0            0           

Inertia
149.99       -56.2082     -56.2502      0.278556     0.140257     0.16272     
-56.2082     149.97       -56.2515      0.140257     0.240121     0.138563    
-56.2502     -56.2515     150.017       0.16272      0.138563     0.299981    

Bond Length
0.61991997    0.0014966436

BB bond length
0.61991997    0.0014966436

Water EE distance
0             0           

PEG EE distance
6.8085772     0.22838399  

BBB P2(x)
0.5097013     0.0072508994

BBB first bond length
0.61993368    0.001573626 

BBB second bond length
0.61983909    0.001584084 

BBB <phi**2>/<phi>**2
1.2224024     0.009033166 

Time = 14000
Temperature
1.0039405     0.0056215346

Pressure
23.267355     0.10151126  

CM Mom
-2.7153747e-18 2.043719e-17  
6.2870226e-17  1.6538324e-17 
-4.4913262e-17 1.845343e-17  
8.0924479e-17  2.1452093e-17 

CM Pos
7.5018388      0.0070618773  
7.5013485      0.016818282   
7.4974229      0.018435593   
12.99075       0.016172154   

Stress
20.2857      0.0322093    -0.0365572    0.139521     0.0743188    0.0734696   
0.0322093    20.257       -0.0295478    0.0743188    0.107544     0.0639237   
-0.0365572   -0.0295478   20.2463       0.0734696    0.0639237    0.121592    

Stress Spherical
0            0            0             0            0            0           
0            0            0             0            0            0           
0            0            0             0            0            0           

Inertia
149.992      -56.2745     -56.248       0.410381     0.160123     0.15172     
-56.2745     149.991      -56.2894      0.160123     0.273852     0.210607    
-56.248      -56.2894     150.063       0.15172      0.210607     0.239285    

Bond Length
0.61840288    0.0030223484

BB bond length
0.61840288    0.0030223484

Water EE distance
0             0           

PEG EE distance
6.7395515     0.31039064  

BBB P2(x)
0.50637758    0.013396073 

BBB first bond length
0.61867766    0.0031200417

BBB second bond length
0.61797088    0.0030338285

BBB <phi**2>/<phi>**2
1.2281623     0.0074095786

Time = 15000
Temperature
1.0108182     0.0090402187

Pressure
23.246165     0.080914399 

CM Mom
-2.1487212e-17 2.3752633e-17 
5.0108432e-17  1.6569191e-17 
-3.6302919e-17 1.3332991e-17 
7.1575709e-17  1.3559843e-17 

CM Pos
7.5043635      0.0051532727  
7.5050614      0.012433629   
7.5069279      0.010569626   
12.999831      0.0079549075  

Stress
20.2505      0.0145842    -0.0429247    0.0961423    0.0458034    0.0437753   
0.0145842    20.2195      -0.0292841    0.0458034    0.12291      0.0739538   
-0.0429247   -0.0292841   20.1936       0.0437753    0.0739538    0.100355    

Stress Spherical
0            0            0             0            0            0           
0            0            0             0            0            0           
0            0            0             0            0            0           

Inertia
150.192      -56.3187     -56.3305      0.195433     0.127076     0.0911023   
-56.3187     150.175      -56.3479      0.127076     0.188427     0.0947103   
-56.3305     -56.3479     150.14        0.0911023    0.0947103    0.151248    

Bond Length
0.61827626    0.0016075918

BB bond length
0.61827626    0.0016075918

Water EE distance
0             0           

PEG EE distance
7.2896915     0.10456129  

BBB P2(x)
0.50976414    0.012037507 

BBB first bond length
0.61835947    0.0017429663

BBB second bond length
0.61835344    0.0016727149

BBB <phi**2>/<phi>**2
1.224835      0.012025682 

Time = 16000
Temperature
1.0123281     0.0076000225

Pressure
23.214989     0.065932015 

CM Mom
6.6338574e-19  1.7158975e-17 
2.5881112e-17  1.9231784e-17 
-3.5386847e-17 1.7935181e-17 
5.2057568e-17  1.4088055e-17 

CM Pos
7.5046606      0.0099227484  
7.4974872      0.012390091   
7.4943041      0.013595397   
12.988348      0.009808215   

Stress
20.1895      -0.00361653  -0.0245001    0.0957086    0.0718017    0.0997912   
-0.00361653  20.2009      -0.00294701   0.0718017    0.133442     0.0660425   
-0.0245001   -0.00294701  20.1662       0.0997912    0.0660425    0.0741746   

Stress Spherical
0            0            0             0            0            0           
0            0            0             0            0            0           
0            0            0             0            0            0           

Inertia
149.875      -56.2435     -56.2079      0.300222     0.0911912    0.158633    
-56.2435     149.988      -56.1824      0.0911912    0.196775     0.176776    
-56.2079     -56.1824     150.026       0.158633     0.176776     0.169619    

Bond Length
0.6206547     0.0024286913

BB bond length
0.6206547     0.0024286913

Water EE distance
0             0           

PEG EE distance
7.4016985     0.13074505  

BBB P2(x)
0.51121055    0.010240398 

BBB first bond length
0.62046056    0.0024796084

BBB second bond length
0.6208639     0.0025192153

BBB <phi**2>/<phi>**2
1.2229947     0.0079339147

Time = 17000
Temperature
1.0109803     0.009133356 

Pressure
23.239131     0.093326683 

CM Mom
-6.9883593e-18 1.7209882e-17 
3.2699366e-18  1.7850325e-17 
-5.9875647e-17 3.1503785e-17 
6.7147707e-17  2.7260059e-17 

CM Pos
7.4948586      0.013448592   
7.4971901      0.0097342394  
7.503215       0.016657515   
12.987666      0.0098467792  

Stress
20.2352      -0.0237295   0.0102213     0.111103     0.0622556    0.0725299   
-0.0237295   20.2707      -0.0512727    0.0622556    0.100674     0.0944456   
0.0102213    -0.0512727   20.1351       0.0725299    0.0944456    0.101688    

Stress Spherical
0            0            0             0            0            0           
0            0            0             0            0            0           
0            0            0             0            0            0           

Inertia
150.007      -56.2041     -56.2084      0.252861     0.110262     0.126218    
-56.2041     149.971      -56.2266      0.110262     0.262259     0.0909713   
-56.2084     -56.2266     149.884       0.126218     0.0909713    0.253834    

Bond Length
0.62002413    0.0032497109

BB bond length
0.62002413    0.0032497109

Water EE distance
0             0           

PEG EE distance
7.1993442     0.12773877  

BBB P2(x)
0.51234342    0.0047945124

BBB first bond length
0.61999412    0.0031727914

BBB second bond length
0.61959889    0.0033181435

BBB <phi**2>/<phi>**2
1.2250838     0.0060310068

Time = 18000
Temperature
1.0101433     0.0064368669

Pressure
23.252232     0.073647397 

CM Mom
1.4251183e-17  1.7414102e-17 
1.1157192e-18  2.3790197e-17 
-5.2429183e-17 7.7370091e-18 
6.1769876e-17  8.1687507e-18 

CM Pos
7.4947101      0.015568579   
7.4961505      0.011435644   
7.4977199      0.012355329   
12.983803      0.011811863   

Stress
20.2027      -0.00202622  -0.00520571   0.0837908    0.0847505    0.0418781   
-0.00202622  20.224       -0.00230259   0.0847505    0.129931     0.0616544   
-0.00520571  -0.00230259  20.2612       0.0418781    0.0616544    0.0807467   

Stress Spherical
0            0            0             0            0            0           
0            0            0             0            0            0           
0            0            0             0            0            0           

Inertia
149.921      -56.1965     -56.1488      0.285288     0.165049     0.196258    
-56.1965     149.877      -56.2253      0.165049     0.292967     0.125361    
-56.1488     -56.2253     149.858       0.196258     0.125361     0.281178    

Bond Length
0.61870824    0.001787768 

BB bond length
0.61870824    0.001787768 

Water EE distance
0             0           

PEG EE distance
6.8828357     0.093048507 

BBB P2(x)
0.50359739    0.014657252 

BBB first bond length
0.61869515    0.0017914467

BBB second bond length
0.61856331    0.0019529925

BBB <phi**2>/<phi>**2
1.2231091     0.0095918845

Time = 19000
Temperature
1.0137096     0.007830396 

Pressure
23.255959     0.10861092  

CM Mom
2.0003251e-17  2.1118022e-17 
-6.0518147e-18 3.013619e-17  
-7.4019861e-17 3.0058769e-17 
8.7619067e-17  2.2277427e-17 

CM Pos
7.5005021      0.011746764   
7.4976357      0.012110109   
7.4925219      0.011614583   
12.984996      0.016393767   

Stress
20.2307      -0.00302788  0.0316967     0.115864     0.0623046    0.0805275   
-0.00302788  20.2075      0.0393523     0.0623046    0.100618     0.0579631   
0.0316967    0.0393523    20.2288       0.0805275    0.0579631    0.135126    

Stress Spherical
0            0            0             0            0            0           
0            0            0             0            0            0           
0            0            0             0            0            0           

Inertia
149.857      -56.2257     -56.2139      0.311313     0.176063     0.171393    
-56.2257     149.894      -56.222       0.176063     0.3044       0.16347     
-56.2139     -56.222      149.956       0.171393     0.16347      0.25793     

Bond Length
0.61854785    0.0018045267

BB bond length
0.61854785    0.0018045267

Water EE distance
0             0           

PEG EE distance
7.3961516     0.11399911  

BBB P2(x)
0.51269319    0.015150145 

BBB first bond length
0.61862537    0.0015619602

BBB second bond length
0.6184788     0.001899621 

BBB <phi**2>/<phi>**2
1.2259481     0.0078739224

Time = 20000
Temperature
1.0097514     0.0065954057

Pressure
23.226504     0.071370547 

CM Mom
2.2733465e-18  1.9249203e-17 
5.7929459e-19  1.4601028e-17 
-4.8274366e-17 2.1390468e-17 
5.5065515e-17  1.8573666e-17 

CM Pos
7.5021358      0.012988895   
7.4936258      0.0090873615  
7.5021754      0.0203747     
12.989212      0.011568436   

Stress
20.2453      0.00737413   -0.0107517    0.0890457    0.0648222    0.0786334   
0.00737413   20.2256      0.0205345     0.0648222    0.0978653    0.0718228   
-0.0107517   0.0205345    20.1433       0.0786334    0.0718228    0.0949936   

Stress Spherical
0            0            0             0            0            0           
0            0            0             0            0            0           
0            0            0             0            0            0           

Inertia
149.942      -56.2251     -56.2613      0.274366     0.094523     0.190505    
-56.2251     150.064      -56.1945      0.094523     0.323471     0.135885    
-56.2613     -56.1945     149.932       0.190505     0.135885     0.161267    

Bond Length
0.61917637    0.0030968014

BB bond length
0.61917637    0.0030968014

Water EE distance
0             0           

PEG EE distance
7.3854213     0.11445617  

BBB P2(x)
0.50649085    0.012948174 

BBB first bond length
0.61916048    0.0033313427

BBB second bond length
0.61944098    0.0028860749

BBB <phi**2>/<phi>**2
1.2179789     0.0068138693

Time = 21000
Temperature
1.0107966     0.0089967953

Pressure
23.243503     0.091412469 

CM Mom
3.833787e-17   1.5682936e-17 
-2.4786004e-17 3.0782065e-17 
-4.4469241e-17 1.1724191e-17 
7.2182143e-17  1.3503206e-17 

CM Pos
7.5030269      0.012623762   
7.4982297      0.012305242   
7.4947496      0.014717964   
12.988093      0.010361736   

Stress
20.2173      -0.0278743   0.023845      0.128117     0.0688994    0.0891075   
-0.0278743   20.2183      0.0505126     0.0688994    0.100638     0.0562087   
0.023845     0.0505126    20.2202       0.0891075    0.0562087    0.113384    

Stress Spherical
0            0            0             0            0            0           
0            0            0             0            0            0           
0            0            0             0            0            0           

Inertia
149.902      -56.2345     -56.257       0.351884     0.0890026    0.173312    
-56.2345     149.967      -56.1844      0.0890026    0.218712     0.193484    
-56.257      -56.1844     150.022       0.173312     0.193484     0.110226    

Bond Length
0.62002711    0.0021395267

BB bond length
0.62002711    0.0021395267

Water EE distance
0             0           

PEG EE distance
7.3330765     0.22799687  

BBB P2(x)
0.51681896    0.0099927376

BBB first bond length
0.62010506    0.0022080753

BBB second bond length
0.61991308    0.0023186321

BBB <phi**2>/<phi>**2
1.2229657     0.0091063804

Time = 22000
Temperature
1.0094018     0.0059881322

Pressure
23.229064     0.089729957 

CM Mom
3.2623794e-17  1.2013701e-17 
-1.8013369e-17 3.0197926e-17 
-6.4244539e-17 2.2291447e-17 
8.181076e-17   1.9398613e-17 

CM Pos
7.5016903      0.011372786   
7.5084773      0.014839599   
7.4984625      0.008831328   
12.995378      0.010449938   

Stress
20.2235      0.0157414    -0.0338733    0.0999646    0.0746639    0.0805952   
0.0157414    20.1594      0.0229237     0.0746639    0.15161      0.0512667   
-0.0338733   0.0229237    20.242        0.0805952    0.0512667    0.126874    

Stress Spherical
0            0            0             0            0            0           
0            0            0             0            0            0           
0            0            0             0            0            0           

Inertia
150.111      -56.3251     -56.2461      0.269681     0.121424     0.142252    
-56.3251     150.009      -56.2901      0.121424     0.24331      0.109127    
-56.2461     -56.2901     150.15        0.142252     0.109127     0.259222    

Bond Length
0.61898256    0.0021336111

BB bond length
0.61898256    0.0021336111

Water EE distance
0             0           

PEG EE distance
7.3210479     0.11424181  

BBB P2(x)
0.50978573    0.018869605 

BBB first bond length
0.61895116    0.0023817778

BBB second bond length
0.61892134    0.0020753065

BBB <phi**2>/<phi>**2
1.2237175     0.010247441 

Time = 23000
Temperature
1.0095857     0.0085622082

Pressure
23.220285     0.099448383 

CM Mom
4.7557393e-17  1.6854279e-17 
2.524933e-17   2.4939226e-17 
-9.7790862e-17 2.8147299e-17 
1.1595146e-16  2.6755345e-17 

CM Pos
7.4970863      0.0084340223  
7.4998634      0.011353375   
7.4974229      0.013390243   
12.987144      0.0080217828  

Stress
20.2175      0.00892682   -0.00101981   0.159997     0.0654386    0.0377167   
0.00892682   20.1723      0.0186639     0.0654386    0.0946149    0.0546031   
-0.00101981  0.0186639    20.2072       0.0377167    0.0546031    0.101543    

Stress Spherical
0            0            0             0            0            0           
0            0            0             0            0            0           
0            0            0             0            0            0           

Inertia
149.977      -56.2127     -56.1886      0.148349     0.124295     0.152614    
-56.2127     149.93       -56.2466      0.124295     0.19963      0.0763816   
-56.1886     -56.2466     149.973       0.152614     0.0763816    0.26221     

Bond Length
0.6187131     0.0019151445

BB bond length
0.6187131     0.0019151445

Water EE distance
0             0           

PEG EE distance
7.1690184     0.15311883  

BBB P2(x)
0.51192252    0.012096059 

BBB first bond length
0.61880733    0.0018381666

BBB second bond length
0.61862849    0.0019952537

BBB <phi**2>/<phi>**2
1.2249875     0.010586925 

Time = 24000
Temperature
1.0056199     0.0055360514

Pressure
23.180981     0.096603587 

CM Mom
4.3046699e-17  2.1694802e-17 
1.8120956e-17  3.296795e-17  
-1.1070133e-16 1.9839757e-17 
1.2643922e-16  2.0011496e-17 

CM Pos
7.4954526      0.012779183   
7.491398       0.011758963   
7.4914823      0.010882197   
12.977882      0.012989286   

Stress
20.1485      0.023486     -0.0400561    0.0983793    0.0626815    0.0801372   
0.023486     20.1849      -0.0153845    0.0626815    0.0631127    0.0339569   
-0.0400561   -0.0153845   20.1813       0.0801372    0.0339569    0.12633     

Stress Spherical
0            0            0             0            0            0           
0            0            0             0            0            0           
0            0            0             0            0            0           

Inertia
149.728      -56.1879     -56.1291      0.198945     0.114364     0.170126    
-56.1879     149.792      -56.162       0.114364     0.23547      0.113994    
-56.1291     -56.162      149.818       0.170126     0.113994     0.259409    

Bond Length
0.61924676    0.0017682799

BB bond length
0.61924676    0.0017682799

Water EE distance
0             0           

PEG EE distance
7.3777673     0.261993    

BBB P2(x)
0.49947654    0.0079046327

BBB first bond length
0.61922162    0.0017277929

BBB second bond length
0.61908515    0.0017633019

BBB <phi**2>/<phi>**2
1.2249367     0.0075747012

Time = 25000
Temperature
1.0076391     0.0084955878

Pressure
23.230974     0.092963989 

CM Mom
5.288344e-17   1.8141945e-17 
4.9613229e-17  1.8681937e-17 
-9.9877477e-17 1.540101e-17  
1.2560218e-16  1.9315018e-17 

CM Pos
7.5052546      0.018902855   
7.4952594      0.021524409   
7.4916308      0.0077113396  
12.985869      0.019358911   

Stress
20.1891      0.019178     -0.0224165    0.12343      0.051574     0.0884916   
0.019178     20.2442      0.0470967     0.051574     0.0993157    0.0293593   
-0.0224165   0.0470967    20.2133       0.0884916    0.0293593    0.121166    

Stress Spherical
0            0            0             0            0            0           
0            0            0             0            0            0           
0            0            0             0            0            0           

Inertia
149.816      -56.2467     -56.2383      0.279033     0.289558     0.108429    
-56.2467     149.957      -56.1624      0.289558     0.237249     0.152599    
-56.2383     -56.1624     150.042       0.108429     0.152599     0.528422    

Bond Length
0.61837949    0.0024001933

BB bond length
0.61837949    0.0024001933

Water EE distance
0             0           

PEG EE distance
6.9880279     0.2207454   

BBB P2(x)
0.51573372    0.015343506 

BBB first bond length
0.61820179    0.0024931619

BBB second bond length
0.61852265    0.0022258377

BBB <phi**2>/<phi>**2
1.2290784     0.0067293141

Time = 26000
Temperature
1.009799      0.0074038348

Pressure
23.191669     0.078908419 

CM Mom
4.6937289e-17  1.4952272e-17 
3.842361e-17   2.2473944e-17 
-8.2482151e-17 1.881685e-17  
1.0622561e-16  1.6781823e-17 

CM Pos
7.503918       0.019550445   
7.5013485      0.0093740993  
7.5058883      0.012841168   
12.996838      0.014247492   

Stress
20.1801      -0.0100513   0.00342714    0.0576535    0.061993     0.0819304   
-0.0100513   20.1507      0.0230088     0.061993     0.125995     0.0794771   
0.00342714   0.0230088    20.1784       0.0819304    0.0794771    0.117424    

Stress Spherical
0            0            0             0            0            0           
0            0            0             0            0            0           
0            0            0             0            0            0           

Inertia
150.12       -56.2941     -56.3164      0.222332     0.162405     0.229156    
-56.2941     150.128      -56.3019      0.162405     0.453395     0.0867925   
-56.3164     -56.3019     150.101       0.229156     0.0867925    0.270856    

Bond Length
0.6195098     0.0022430255

BB bond length
0.6195098     0.0022430255

Water EE distance
0             0           

PEG EE distance
7.0956386     0.19056668  

BBB P2(x)
0.51023599    0.0084933294

BBB first bond length
0.61923863    0.0023690337

BBB second bond length
0.61953374    0.0023618597

BBB <phi**2>/<phi>**2
1.2220802     0.011867177 

Time = 27000
Temperature
1.0116067     0.0063359382

Pressure
23.226562     0.047384059 

CM Mom
9.4775672e-17  2.6487416e-17 
3.112142e-17   1.3729581e-17 
-6.6098117e-17 1.678316e-17  
1.2203449e-16  2.4480084e-17 

CM Pos
7.4981259      0.011877475   
7.4951109      0.0074316808  
7.5047001      0.012584388   
12.989198      0.013867614   

Stress
20.2102      -0.0195018   -0.018879     0.120908     0.0786727    0.0627757   
-0.0195018   20.218       -0.00248734   0.0786727    0.12398      0.0664098   
-0.018879    -0.00248734  20.1696       0.0627757    0.0664098    0.0994146   

Stress Spherical
0            0            0             0            0            0           
0            0            0             0            0            0           
0            0            0             0            0            0           

Inertia
150          -56.2443     -56.2932      0.229478     0.100328     0.144996    
-56.2443     150.038      -56.2605      0.100328     0.335094     0.112336    
-56.2932     -56.2605     149.91        0.144996     0.112336     0.193673    

Bond Length
0.61831158    0.0025985312

BB bond length
0.61831158    0.0025985312

Water EE distance
0             0           

PEG EE distance
6.9667556     0.098215239 

BBB P2(x)
0.50999159    0.011976153 

BBB first bond length
0.61851716    0.0027035071

BBB second bond length
0.61826083    0.0028694398

BBB <phi**2>/<phi>**2
1.2222243     0.0057599341

Time = 28000
Temperature
1.006189      0.0052417327

Pressure
23.194359     0.069192192 

CM Mom
1.0010722e-16  1.5552652e-17 
2.6072104e-17  2.3768299e-17 
-7.2649807e-17 2.4259442e-17 
1.3132106e-16  1.137194e-17  

CM Pos
7.4981259      0.014759119   
7.4979327      0.0040969646  
7.4997991      0.012283714   
12.987998      0.012985014   

Stress
20.1834      -0.00944582  0.0149859     0.103067     0.0486365    0.0679763   
-0.00944582  20.1877      0.00942987    0.0486365    0.109715     0.0852095   
0.0149859    0.00942987   20.1787       0.0679763    0.0852095    0.133509    

Stress Spherical
0            0            0             0            0            0           
