Time = 500
Temperature
   1.0419872   0.038816978

Pressure
   23.048103    0.16924348

CM Mom
3.0407879e-17  6.0298207e-18 
1.9010277e-17  6.5342766e-18 
4.8313533e-19  2.5948564e-17 
4.434445e-17   8.4980203e-18 

CM Pos
7.4914226      0.010295333   
7.4996171      0.021976324   
7.5042292      0.01216135    
12.98766       0.023587576   

Stress
19.9805      0.0104853    -0.0169072    0.073012     0.0948053    0.0454746   
0.0104853    19.9202      0.0248269     0.0948053    0.112439     0.0589105   
-0.0169072   0.0248269    19.8787       0.0454746    0.0589105    0.114353    

Stress Spherical
0            0            0             0            0            0           
0            0            0             0            0            0           
0            0            0             0            0            0           

Inertia
149.739      -56.2035     -56.2499      0.47692      0.234698     0.1808      
-56.2035     149.693      -56.2357      0.234698     0.196033     0.25932     
-56.2499     -56.2357     149.617       0.1808       0.25932      0.255885    

Bond Length
0.61299746    0.004330918 

BB bond length
0.61299746    0.004330918 

Water EE distance
0             0           

PEG EE distance
3.4863711     0.20641363  

Time = 1000
Temperature
1.0097584     0.0049531244

Pressure
22.944196     0.097910466 

CM Mom
3.5581544e-17  1.942473e-17  
3.0347487e-17  1.4238267e-17 
-1.8566671e-17 2.3081287e-17 
5.5324692e-17  2.4160095e-17 

CM Pos
7.4881588      0.0096418219  
7.4835949      0.0048391375  
7.5137238      0.014882725   
12.982028      0.007420549   

Stress
19.9105      0.00370691   0.0226414     0.0572969    0.0236118    0.0939201   
0.00370691   19.8998      -0.0307562    0.0236118    0.120594     0.0520994   
0.0226414    -0.0307562   19.947        0.0939201    0.0520994    0.119891    

Stress Spherical
0            0            0             0            0            0           
0            0            0             0            0            0           
0            0            0             0            0            0           

Inertia
149.677      -56.0165     -56.1828      0.253026     0.0573517    0.0674314   
-56.0165     149.765      -56.1785      0.0573517    0.190178     0.150565    
-56.1828     -56.1785     149.318       0.0674314    0.150565     0.19965     

Bond Length
0.61266613    0.0073076358

BB bond length
0.61266613    0.0073076358

Water EE distance
0             0           

PEG EE distance
3.801354      0.15366272  

