Time = 1000
Temperature
   1.0743825   0.092595425

Pressure
   23.718693    0.58922709

CM Mom
-3.6284776e-18 1.8303474e-17 
-1.3946395e-17 2.1853251e-17 
-9.5968594e-17 1.8981108e-16 
1.7323728e-16  1.2746494e-16 

CM Pos
7.4929354      0.01181272    
7.4965356      0.024349836   
7.5008234      0.021532954   
12.984815      0.015593519   

Stress
20.4788      0.0330875    -0.0073166    0.340907     0.0553847    0.0881057   
0.0330875    20.5         0.00686559    0.0553847    0.295173     0.0505504   
-0.0073166   0.00686559   20.5183       0.0881057    0.0505504    0.377872    

Stress Spherical
0            0            0             0            0            0           
0            0            0             0            0            0           
0            0            0             0            0            0           

Inertia
150.028      -56.1989     -56.216       1.07615      0.233109     0.221284    
-56.1989     149.964      -56.2427      0.233109     0.812469     0.143624    
-56.216      -56.2427     149.91        0.221284     0.143624     1.27005     

Bond Length
0.61970159    0.0053047933

BB bond length
0.61970159    0.0053047933

Water EE distance
0             0           

PEG EE distance
6.7082221     0.16580532  

BBB P2(x)
0.47233713    0.056909283 

BBB first bond length
0.61957441    0.0055583959

BBB second bond length
0.61948733    0.0053147383

BBB <phi**2>/<phi>**2
1.2161631     0.012518813 

Time = 2000
Temperature
1.0083684     0.0068811683

Pressure
23.334427     0.045096436 

CM Mom
-2.7068187e-17 1.407677e-17  
-2.8726911e-17 2.0558484e-17 
-1.1567659e-17 4.2673925e-17 
6.0862977e-17  2.0719592e-17 

CM Pos
7.5125122      0.01046185    
7.5014298      0.015515872   
7.5014166      0.02704927    
12.999268      0.025422388   

Stress
20.2902      0.00685999   0.004715      0.0698746    0.0648631    0.0432637   
0.00685999   20.297       -0.0126031    0.0648631    0.111849     0.0588872   
0.004715     -0.0126031   20.3506       0.0432637    0.0588872    0.063614    

Stress Spherical
0            0            0             0            0            0           
0            0            0             0            0            0           
0            0            0             0            0            0           

Inertia
149.934      -56.3129     -56.3533      0.464586     0.198336     0.280542    
-56.3129     150.09       -56.2873      0.198336     0.462012     0.29054     
-56.3533     -56.2873     150.081       0.280542     0.29054      0.208407    

Bond Length
0.6189635     0.0030510827

BB bond length
0.6189635     0.0030510827

Water EE distance
0             0           

PEG EE distance
7.3239895     0.1582345   

BBB P2(x)
0.52073425    0.014288171 

BBB first bond length
0.6190155     0.0030063321

BBB second bond length
0.61896354    0.0028400407

BBB <phi**2>/<phi>**2
1.2264338     0.0086927725

Time = 3000
Temperature
1.0066705     0.0073702115

Pressure
23.376061     0.087131588 

CM Mom
6.374397e-18   1.4040921e-17 
-9.176574e-18  1.2351598e-17 
1.4115991e-17  2.1725472e-17 
3.271087e-17   8.7067888e-18 

CM Pos
7.5012407      0.016645032   
7.5006882      0.015211645   
7.5031963      0.011414998   
12.993357      0.014691431   

Stress
20.3324      -0.00736813  0.0197052     0.0943972    0.0546359    0.0844212   
-0.00736813  20.3462      -0.0215143    0.0546359    0.0902302    0.0627329   
0.0197052    -0.0215143   20.3994       0.0844212    0.0627329    0.140907    

Stress Spherical
0            0            0             0            0            0           
0            0            0             0            0            0           
0            0            0             0            0            0           

Inertia
150.025      -56.2384     -56.2929      0.28426      0.192733     0.135351    
-56.2384     150.022      -56.299       0.192733     0.291193     0.156082    
-56.2929     -56.299      149.976       0.135351     0.156082     0.393349    

Bond Length
0.61810663    0.0029961539

BB bond length
0.61810663    0.0029961539

Water EE distance
0             0           

PEG EE distance
7.3788911     0.17216873  

BBB P2(x)
0.5213484     0.011985054 

BBB first bond length
0.61787523    0.0030247308

BBB second bond length
0.6179803     0.0028443803

BBB <phi**2>/<phi>**2
1.2295719     0.013147081 

Time = 4000
Temperature
1.0083767     0.0085815427

Pressure
23.304833     0.097098511 

CM Mom
-1.4031467e-18 9.1740724e-18 
-5.71289e-18   2.8692972e-17 
-2.1346052e-17 2.1011224e-17 
3.6548112e-17  2.243696e-17  

CM Pos
7.4964948      0.015498142   
7.4990568      0.017578872   
7.4988954      0.012981086   
12.987198      0.010658448   

Stress
20.2398      -0.0198697   0.00567816    0.114353     0.0646636    0.0630092   
-0.0198697   20.3053      0.0133725     0.0646636    0.150387     0.0567226   
0.00567816   0.0133725    20.3039       0.0630092    0.0567226    0.111044    

Stress Spherical
0            0            0             0            0            0           
0            0            0             0            0            0           
0            0            0             0            0            0           

Inertia
149.947      -56.184      -56.2266      0.279921     0.179781     0.11734     
-56.184      149.884      -56.2286      0.179781     0.174691     0.146314    
-56.2266     -56.2286     149.882       0.11734      0.146314     0.392086    

Bond Length
0.6195063     0.0021884137

BB bond length
0.6195063     0.0021884137

Water EE distance
0             0           

PEG EE distance
7.5543577     0.25053468  

BBB P2(x)
0.51228988    0.013876489 

BBB first bond length
0.61943841    0.0024511099

BBB second bond length
0.61928556    0.0019359985

BBB <phi**2>/<phi>**2
1.2219226     0.0091595409

Time = 5000
Temperature
1.0092937     0.0046497964

Pressure
23.283144     0.10353423  

CM Mom
2.571713e-17   1.5180301e-17 
2.1191001e-17  3.203334e-17  
-3.0400917e-17 1.8259996e-17 
5.6927839e-17  1.9592602e-17 

CM Pos
7.5070248      0.014522954   
7.5018747      0.012650703   
7.5017132      0.006705154   
12.996518      0.013326994   

Stress
20.2087      -0.0302245   0.0192968     0.172875     0.0658962    0.0458839   
-0.0302245   20.2868      -0.0224518    0.0658962    0.110241     0.0805408   
0.0192968    -0.0224518   20.2801       0.0458839    0.0805408    0.0864684   

Stress Spherical
0            0            0             0            0            0           
0            0            0             0            0            0           
0            0            0             0            0            0           

Inertia
150.031      -56.3264     -56.2994      0.25803      0.194972     0.195723    
-56.3264     150.094      -56.2641      0.194972     0.342055     0.159592    
-56.2994     -56.2641     150.108       0.195723     0.159592     0.293559    

Bond Length
0.62004896    0.0028793795

BB bond length
0.62004896    0.0028793795

Water EE distance
0             0           

PEG EE distance
7.4115745     0.19822655  

BBB P2(x)
0.51139354    0.013583737 

BBB first bond length
0.61998344    0.0027756196

BBB second bond length
0.62028283    0.0029042443

BBB <phi**2>/<phi>**2
1.2279059     0.013671492 

Time = 6000
Temperature
1.0145449     0.0060471481

Pressure
23.342979     0.090818555 

CM Mom
4.1538686e-18  7.511347e-18  
3.2038013e-17  2.7620298e-17 
-2.9859884e-17 1.3437684e-17 
5.1870407e-17  1.5640812e-17 

CM Pos
7.5050968      0.0096981112  
7.5035061      0.0097805441  
7.4947427      0.014477447   
12.992324      0.012959276   

Stress
20.2545      0.015911     0.0507629     0.0888348    0.0609901    0.0684472   
0.015911     20.3205      0.00380344    0.0609901    0.104311     0.0629887   
0.0507629    0.00380344   20.333        0.0684472    0.0629887    0.13663     

Stress Spherical
0            0            0             0            0            0           
0            0            0             0            0            0           
0            0            0             0            0            0           

Inertia
149.957      -56.3306     -56.2738      0.29367      0.0886485    0.140644    
-56.3306     149.97       -56.2351      0.0886485    0.261137     0.180198    
-56.2738     -56.2351     150.093       0.140644     0.180198     0.209966    

Bond Length
0.61894525    0.0027078324

BB bond length
0.61894525    0.0027078324

Water EE distance
0             0           

PEG EE distance
7.0483801     0.14746205  

BBB P2(x)
0.51405959    0.0060250273

BBB first bond length
0.61897175    0.0029504643

BBB second bond length
0.61878255    0.0026180963

BBB <phi**2>/<phi>**2
1.223254      0.011511089 

Time = 7000
Temperature
1.0117663     0.0056454982

Pressure
23.334096     0.090892441 

CM Mom
-3.7673378e-18 9.0890351e-18 
1.9802124e-17  1.419143e-17  
-2.0302131e-17 3.7931307e-17 
4.022939e-17   3.0378955e-17 

CM Pos
7.4969398      0.011809926   
7.4990568      0.021156306   
7.5033446      0.014440937   
12.990025      0.013365132   

Stress
20.2755      0.0160573    0.00611343    0.149067     0.0566063    0.078663    
0.0160573    20.2816      0.0322923     0.0566063    0.110411     0.0932118   
0.00611343   0.0322923    20.3492       0.078663     0.0932118    0.115809    

Stress Spherical
0            0            0             0            0            0           
0            0            0             0            0            0           
0            0            0             0            0            0           

Inertia
150.024      -56.2199     -56.2635      0.398707     0.157194     0.158548    
-56.2199     149.982      -56.2689      0.157194     0.267556     0.199515    
-56.2635     -56.2689     149.911       0.158548     0.199515     0.321086    

Bond Length
0.61811902    0.002696752 

BB bond length
0.61811902    0.002696752 

Water EE distance
0             0           

PEG EE distance
7.2806975     0.19678341  

BBB P2(x)
0.50716077    0.012536543 

BBB first bond length
0.61802624    0.0028223985

BBB second bond length
0.6182012     0.0029953671

BBB <phi**2>/<phi>**2
1.2217827     0.012411032 

Time = 8000
Temperature
1.0125859     0.0073120898

Pressure
23.336088     0.080796863 

CM Mom
-1.8099303e-17 3.0825603e-17 
-2.8526716e-18 2.2455699e-17 
1.289822e-17   1.6060852e-17 
4.2254089e-17  2.0714866e-17 

CM Pos
7.4950117      0.011602298   
7.4992051      0.021645026   
7.5014166      0.013185353   
12.987881      0.016031437   

Stress
20.2668      0.0283512    0.0605612     0.132849     0.0644187    0.0766961   
0.0283512    20.313       0.00863171    0.0644187    0.101258     0.0621211   
0.0605612    0.00863171   20.3251       0.0766961    0.0621211    0.07778     

Stress Spherical
0            0            0             0            0            0           
0            0            0             0            0            0           
0            0            0             0            0            0           

Inertia
150.006      -56.2189     -56.2428      0.363453     0.186748     0.143347    
-56.2189     149.921      -56.2656      0.186748     0.282468     0.153663    
-56.2428     -56.2656     149.9         0.143347     0.153663     0.370998    

Bond Length
0.61965974    0.00084243736

BB bond length
0.61965974    0.00084243736

Water EE distance
0             0           

PEG EE distance
6.9297142     0.25796767  

BBB P2(x)
0.51652849    0.011808468 

BBB first bond length
0.61971258    0.0010360303

BBB second bond length
0.61977297    0.0011077938

BBB <phi**2>/<phi>**2
1.2315268     0.0084294804

Time = 9000
Temperature
1.0086054     0.0072325693

Pressure
23.298937     0.061467904 

CM Mom
-1.5032852e-17 1.3301176e-17 
-3.2747682e-17 1.3959855e-17 
-1.6325679e-18 8.7007464e-18 
4.0173075e-17  1.1605537e-17 

CM Pos
7.4948634      0.014911537   
7.4953491      0.014458443   
7.5031963      0.0074509729  
12.986589      0.013193109   

Stress
20.2653      -0.0171792   0.00749633    0.0930973    0.0756452    0.0871864   
-0.0171792   20.2985      0.0340569     0.0756452    0.128017     0.0502493   
0.00749633   0.0340569    20.2654       0.0871864    0.0502493    0.0889625   

Stress Spherical
0            0            0             0            0            0           
0            0            0             0            0            0           
0            0            0             0            0            0           

Inertia
149.981      -56.199      -56.2742      0.237442     0.215447     0.120495    
-56.199      149.949      -56.2518      0.215447     0.222865     0.11003     
-56.2742     -56.2518     149.838       0.120495     0.11003      0.2993      

Bond Length
0.61788526    0.0021509128

BB bond length
0.61788526    0.0021509128

Water EE distance
0             0           

PEG EE distance
6.4842864     0.19824643  

BBB P2(x)
0.51169687    0.010058837 

BBB first bond length
0.61762428    0.0023127347

BBB second bond length
0.61797769    0.0022062437

BBB <phi**2>/<phi>**2
1.2213524     0.010084797 

Time = 10000
Temperature
1.0087533     0.0062857771

Pressure
23.388198     0.069502445 

CM Mom
-1.2943637e-17 1.9951205e-17 
-3.3032812e-18 1.9227049e-17 
-3.1051996e-17 1.514926e-17  
4.335049e-17   1.6144379e-17 

CM Pos
7.4963465      0.0114966     
7.4952008      0.023729947   
7.5103152      0.015142079   
12.991485      0.017778228   

Stress
20.311       0.0228557    0.0156544     0.0941661    0.0331959    0.0417076   
0.0228557    20.3749      0.0174547     0.0331959    0.128826     0.0893054   
0.0156544    0.0174547    20.4098       0.0417076    0.0893054    0.065625    

Stress Spherical
0            0            0             0            0            0           
0            0            0             0            0            0           
0            0            0             0            0            0           

Inertia
150.064      -56.17       -56.3196      0.439574     0.232699     0.171241    
-56.17       150.063      -56.2772      0.232699     0.296773     0.245123    
-56.3196     -56.2772     149.83        0.171241     0.245123     0.436157    

Bond Length
0.61813795    0.0020091298

BB bond length
0.61813795    0.0020091298

Water EE distance
0             0           

PEG EE distance
6.5267364     0.15500621  

BBB P2(x)
0.50484773    0.0095967116

BBB first bond length
0.61809055    0.0021393011

BBB second bond length
0.61804297    0.0020438537

BBB <phi**2>/<phi>**2
1.2207785     0.0092323764

Time = 11000
Temperature
1.0134664     0.0069292709

Pressure
23.33482      0.087014127 

CM Mom
-2.2806348e-17 2.3678913e-17 
-2.4818277e-17 1.9357904e-17 
-3.7571702e-17 1.5665616e-17 
5.9026519e-17  1.5633623e-17 

CM Pos
7.5012407      0.014299352   
7.4956457      0.0090017743  
7.4985987      0.011415961   
12.987788      0.0088279745  

Stress
20.254       0.00109789   -0.00602715   0.0567337    0.0587669    0.071256    
0.00109789   20.3195      0.0167472     0.0587669    0.135916     0.0714146   
-0.00602715  0.0167472    20.3197       0.071256     0.0714146    0.108221    

Stress Spherical
0            0            0             0            0            0           
0            0            0             0            0            0           
0            0            0             0            0            0           

Inertia
149.9        -56.2494     -56.2085      0.245938     0.134853     0.107338    
-56.2494     149.97       -56.1914      0.134853     0.188165     0.130873    
-56.2085     -56.1914     149.936       0.107338     0.130873     0.235931    

Bond Length
0.61911051    0.0019451391

BB bond length
0.61911051    0.0019451391

Water EE distance
0             0           

PEG EE distance
6.6542381     0.11022481  

BBB P2(x)
0.50838027    0.012652784 

BBB first bond length
0.61920661    0.0019442619

BBB second bond length
0.61920924    0.0020499847

BBB <phi**2>/<phi>**2
1.2195857     0.0072028496

Time = 12000
Temperature
1.0119243     0.0088429271

Pressure
23.37277      0.11033455  

CM Mom
-3.9857853e-17 9.9653981e-18 
-1.0833566e-17 1.5360791e-17 
-5.2389404e-17 3.0429212e-17 
7.1825926e-17  2.3513838e-17 

CM Pos
7.5028721      0.012689763   
7.5057308      0.010063197   
7.5000818      0.009002996   
12.995401      0.014688186   

Stress
20.2732      -0.0174727   0.00966769    0.150764     0.064794     0.0590628   
-0.0174727   20.372       0.00700905    0.064794     0.0397614    0.0703164   
0.00966769   0.00700905   20.3757       0.0590628    0.0703164    0.166464    

Stress Spherical
0            0            0             0            0            0           
0            0            0             0            0            0           
0            0            0             0            0            0           

Inertia
150.081      -56.3306     -56.2532      0.295727     0.160682     0.147395    
-56.3306     150.015      -56.2835      0.160682     0.341402     0.156584    
-56.2532     -56.2835     150.111       0.147395     0.156584     0.301995    

Bond Length
0.61774863    0.002472597 

BB bond length
0.61774863    0.002472597 

Water EE distance
0             0           

PEG EE distance
6.9383263     0.14431911  

BBB P2(x)
0.50084648    0.0098557213

BBB first bond length
0.61799203    0.0024576551

BBB second bond length
0.61779746    0.0026072971

BBB <phi**2>/<phi>**2
1.2200429     0.0092355631

Time = 13000
Temperature
1.0108569     0.0069269578

Pressure
23.32938      0.077260652 

CM Mom
-5.8744042e-17 1.6306677e-17 
-7.9780128e-18 2.4159327e-17 
-3.3569592e-17 1.753056e-17  
7.4095685e-17  1.7554472e-17 

CM Pos
7.4988678      0.013151947   
7.5042477      0.0065390768  
7.5000818      0.0069957345  
12.992233      0.010728827   

Stress
20.2906      -0.0180368   -0.0116485    0.0554545    0.0838583    0.0679558   
-0.0180368   20.3341      -0.0130883    0.0838583    0.132991     0.0502487   
-0.0116485   -0.0130883   20.2757       0.0679558    0.0502487    0.12667     

Stress Spherical
0            0            0             0            0            0           
0            0            0             0            0            0           
0            0            0             0            0            0           

Inertia
150.064      -56.2456     -56.2187      0.151887     0.130127     0.167947    
-56.2456     149.969      -56.2654      0.130127     0.27609      0.0827583   
-56.2187     -56.2654     150.045       0.167947     0.0827583    0.257344    

Bond Length
0.61832143    0.0032683158

BB bond length
0.61832143    0.0032683158

Water EE distance
0             0           

PEG EE distance
7.063387      0.17433408  

BBB P2(x)
0.5132562     0.010675025 

BBB first bond length
0.61818386    0.0035036484

BBB second bond length
0.61830105    0.0029915198

BBB <phi**2>/<phi>**2
1.2256453     0.0066683811

Time = 14000
Temperature
1.0103367     0.0089919179

Pressure
23.355387     0.1240805   

CM Mom
-7.3489157e-17 1.0856617e-17 
-5.0250929e-17 2.8003842e-17 
-5.8372605e-17 4.6923642e-17 
1.175668e-16   2.4801831e-17 

CM Pos
7.5040586      0.0096674442  
7.5046926      0.0094743976  
7.4988954      0.014501735   
12.994804      0.014023615   

Stress
20.3488      0.0026028    0.0056116     0.181531     0.0573541    0.0573916   
0.0026028    20.3238      -0.0118898    0.0573541    0.127996     0.0712659   
0.0056116    -0.0118898   20.3104       0.0573916    0.0712659    0.13157     

Stress Spherical
0            0            0             0            0            0           
0            0            0             0            0            0           
0            0            0             0            0            0           

Inertia
150.043      -56.3136     -56.271       0.365386     0.10625      0.153731    
-56.3136     150.023      -56.2617      0.10625      0.278262     0.206839    
-56.271      -56.2617     150.127       0.153731     0.206839     0.217231    

Bond Length
0.61795546    0.0031565227

BB bond length
0.61795546    0.0031565227

Water EE distance
0             0           

PEG EE distance
6.8888164     0.1412764   

BBB P2(x)
0.50583732    0.015365071 

BBB first bond length
0.61817546    0.0032209741

BBB second bond length
0.61799009    0.0031310365

BBB <phi**2>/<phi>**2
1.2237251     0.013788446 

Time = 15000
Temperature
1.0128986     0.0067084909

Pressure
23.339276     0.044234319 

CM Mom
-5.921345e-17  1.9968288e-17 
-7.2341365e-17 9.5870893e-18 
-7.5462358e-17 1.9389303e-17 
1.2277013e-16  1.5104906e-17 

CM Pos
7.4982745      0.0092571603  
7.5095868      0.016475018   
7.5002302      0.01216136    
12.995065      0.016180372   

Stress
20.3169      -0.0195464   0.0335366     0.0839857    0.0506472    0.0453067   
-0.0195464   20.2854      0.0436637     0.0506472    0.083464     0.0906176   
0.0335366    0.0436637    20.3093       0.0453067    0.0906176    0.0917902   

Stress Spherical
0            0            0             0            0            0           
0            0            0             0            0            0           
0            0            0             0            0            0           

Inertia
150.14       -56.3454     -56.2663      0.348708     0.161513     0.187327    
-56.3454     149.953      -56.3192      0.161513     0.306463     0.199707    
-56.2663     -56.3192     150.1         0.187327     0.199707     0.278381    

Bond Length
0.61807112    0.0016524739

BB bond length
0.61807112    0.0016524739

Water EE distance
0             0           

PEG EE distance
7.29955       0.12173205  

BBB P2(x)
0.51584156    0.013531728 

BBB first bond length
0.61812574    0.0015528911

BBB second bond length
0.61823166    0.0016832262

BBB <phi**2>/<phi>**2
1.2240902     0.010910972 

Time = 16000
Temperature
1.0102506     0.010238719 

Pressure
23.364611     0.098587793 

CM Mom
-5.6944485e-17 2.2991015e-17 
-5.4141004e-17 2.2084469e-17 
-8.2322697e-17 1.6977077e-17 
1.163933e-16   2.6609763e-17 

CM Pos
7.5061349      0.020606452   
7.4983153      0.0109829     
7.5051244      0.010867134   
12.995933      0.0086998185  

Stress
20.322       0.0223124    0.00474721    0.145534     0.0576906    0.0578165   
0.0223124    20.3083      0.0150538     0.0576906    0.0909368    0.0551253   
0.00474721   0.0150538    20.3811       0.0578165    0.0551253    0.108457    

Stress Spherical
0            0            0             0            0            0           
0            0            0             0            0            0           
0            0            0             0            0            0           

Inertia
150.064      -56.2798     -56.3344      0.217148     0.180625     0.146881    
-56.2798     150.192      -56.2634      0.180625     0.286967     0.101906    
-56.3344     -56.2634     150.076       0.146881     0.101906     0.265736    

Bond Length
0.61866329    0.0025488346

BB bond length
0.61866329    0.0025488346

Water EE distance
0             0           

PEG EE distance
6.8110292     0.39393414  

BBB P2(x)
0.50313729    0.010747864 

BBB first bond length
0.61877601    0.0025394538

BBB second bond length
0.61890184    0.0028461229

BBB <phi**2>/<phi>**2
1.2222321     0.0092811674

Time = 17000
Temperature
1.008598      0.0068071584

Pressure
23.327185     0.079531936 

CM Mom
-5.6712457e-17 2.6478459e-17 
-6.9611774e-17 1.999135e-17  
-1.0788285e-16 2.4461587e-17 
1.4360662e-16  2.7876228e-17 

CM Pos
7.49516        0.022467264   
7.5017264      0.017410397   
7.5008234      0.01660799    
12.989076      0.025958546   

Stress
20.2858      -0.0082035   0.0102954     0.0998947    0.0743057    0.0593349   
-0.0082035   20.3296      -0.0143594    0.0743057    0.118529     0.103688    
0.0102954    -0.0143594   20.2987       0.0593349    0.103688     0.09676     

Stress Spherical
0            0            0             0            0            0           
0            0            0             0            0            0           
0            0            0             0            0            0           

Inertia
150.045      -56.2392     -56.2267      0.417793     0.291203     0.235897    
-56.2392     149.946      -56.2498      0.291203     0.473967     0.206222    
-56.2267     -56.2498     149.981       0.235897     0.206222     0.558376    

Bond Length
0.6190965     0.0027392641

BB bond length
0.6190965     0.0027392641

Water EE distance
0             0           

PEG EE distance
6.4752999     0.18518393  

BBB P2(x)
0.50443993    0.014772492 

BBB first bond length
0.61885362    0.0027034987

BBB second bond length
0.6190762     0.002699214 

BBB <phi**2>/<phi>**2
1.2249674     0.010179876 

Time = 18000
Temperature
1.0097078     0.0095962294

Pressure
23.296337     0.10480109  

CM Mom
-3.1036491e-17 1.8495207e-17 
-5.2483395e-17 2.1832099e-17 
-1.2651729e-16 1.9791419e-17 
1.4333391e-16  1.9753467e-17 

CM Pos
7.5002026      0.0069325663  
7.502468       0.013702364   
7.5076456      0.016262705   
12.996347      0.01665613    

Stress
20.2727      -0.0183909   0.0206577     0.109223     0.0570754    0.0825128   
-0.0183909   20.3014      -0.0585888    0.0570754    0.158138     0.0522575   
0.0206577    -0.0585888   20.2374       0.0825128    0.0522575    0.116188    

Stress Spherical
0            0            0             0            0            0           
0            0            0             0            0            0           
0            0            0             0            0            0           

Inertia
150.155      -56.2919     -56.2943      0.404863     0.131072     0.176104    
-56.2919     150.122      -56.3468      0.131072     0.304659     0.218466    
-56.2943     -56.3468     150.05        0.176104     0.218466     0.235889    

Bond Length
0.61935856    0.0015331596

BB bond length
0.61935856    0.0015331596

Water EE distance
0             0           

PEG EE distance
6.6041947     0.11856301  

BBB P2(x)
0.50500615    0.010728226 

BBB first bond length
0.61956789    0.0014864937

BBB second bond length
0.61931857    0.0019331358

BBB <phi**2>/<phi>**2
1.2272722     0.0093367612

Time = 19000
Temperature
1.007831      0.0083389152

Pressure
23.327469     0.12561565  

CM Mom
1.3155015e-18  2.2166866e-17 
-6.3216658e-17 1.5639039e-17 
-1.1733852e-16 1.1671259e-17 
1.3584231e-16  1.3617595e-17 

CM Pos
7.4996093      0.016941698   
7.5046926      0.01388178    
7.4983021      0.016793038   
12.9919        0.019806124   

Stress
20.2333      -0.00266797  0.0125051     0.164581     0.095021     0.0855561   
-0.00266797  20.3396      0.047039      0.095021     0.103082     0.0474524   
0.0125051    0.047039     20.3489       0.0855561    0.0474524    0.163874    

Stress Spherical
0            0            0             0            0            0           
0            0            0             0            0            0           
0            0            0             0            0            0           

Inertia
150.045      -56.3081     -56.2055      0.347485     0.209994     0.212553    
-56.3081     149.958      -56.2666      0.209994     0.359262     0.208528    
-56.2055     -56.2666     150.07        0.212553     0.208528     0.390771    

Bond Length
0.61911177    0.002595719 

BB bond length
0.61911177    0.002595719 

Water EE distance
0             0           

PEG EE distance
6.7580676     0.29268875  

BBB P2(x)
0.50479801    0.015262066 

BBB first bond length
0.61905307    0.0025125695

BBB second bond length
0.61888131    0.0026791098

BBB <phi**2>/<phi>**2
1.2242231     0.010064279 

Time = 20000
Temperature
1.0099478     0.0057794559

Pressure
23.338783     0.049185744 

CM Mom
1.5982576e-17  1.4417126e-17 
-6.1122092e-17 1.7404513e-17 
-1.1106594e-16 1.5711616e-17 
1.2982754e-16  1.5146923e-17 

CM Pos
7.4988678      0.011141966   
7.5026163      0.011659977   
7.4962258      0.0080811545  
12.98907       0.0073496953  

Stress
20.361       -0.0230838   0.0126346     0.104576     0.0481647    0.0583347   
-0.0230838   20.3029      -0.00923436   0.0481647    0.0675319    0.0885925   
0.0126346    -0.00923436  20.2727       0.0583347    0.0885925    0.112914    

Stress Spherical
0            0            0             0            0            0           
0            0            0             0            0            0           
0            0            0             0            0            0           

Inertia
149.969      -56.3175     -56.2392      0.216477     0.100113     0.152082    
-56.3175     149.909      -56.2693      0.100113     0.206953     0.142521    
-56.2392     -56.2693     150.01        0.152082     0.142521     0.141919    

Bond Length
0.61978613    0.002935779 

BB bond length
0.61978613    0.002935779 

Water EE distance
0             0           

PEG EE distance
7.0122811     0.26957144  

BBB P2(x)
0.51643426    0.011645349 

BBB first bond length
0.61967405    0.0031346021

BBB second bond length
0.61983013    0.0028914897

BBB <phi**2>/<phi>**2
1.2265582     0.010269824 

Time = 21000
Temperature
1.0123471     0.0099484913

Pressure
23.325234     0.09611853  

CM Mom
2.5669654e-17  2.5699442e-17 
-4.5740717e-17 1.0601355e-17 
-1.063415e-16  1.1865056e-17 
1.2165998e-16  1.3120086e-17 

CM Pos
7.4984229      0.017920891   
7.5006882      0.010918625   
7.5037896      0.0095886276  
12.992073      0.0095928998  

Stress
20.2716      -0.0163095   0.00427752    0.11715      0.0371924    0.074621    
-0.0163095   20.2582      0.000569369   0.0371924    0.121699     0.120355    
0.00427752   0.000569369  20.3447       0.074621     0.120355     0.144556    

Stress Spherical
0            0            0             0            0            0           
0            0            0             0            0            0           
0            0            0             0            0            0           

Inertia
150.07       -56.2708     -56.3079      0.217536     0.141512     0.101952    
-56.2708     150.024      -56.315       0.141512     0.264089     0.160647    
-56.3079     -56.315      149.996       0.101952     0.160647     0.239865    

Bond Length
0.61912397    0.0021472037

BB bond length
0.61912397    0.0021472037

Water EE distance
0             0           

PEG EE distance
7.3925288     0.25703716  

BBB P2(x)
0.51779479    0.0091466347

BBB first bond length
0.61924154    0.0021113744

BBB second bond length
0.61908785    0.0020476848

BBB <phi**2>/<phi>**2
1.2327967     0.0086965621

Time = 22000
Temperature
1.0113594     0.0072228176

Pressure
23.307547     0.096652604 

CM Mom
9.5743563e-18  1.6296973e-17 
-5.3522239e-17 1.037087e-17  
-1.0435111e-16 1.3851339e-17 
1.1963865e-16  9.8514874e-18 

CM Pos
7.5061349      0.012536301   
7.5012815      0.011625025   
7.4974123      0.017091638   
12.993182      0.016853736   

Stress
20.3215      -0.02323     -0.0209426    0.10953      0.054926     0.0662415   
-0.02323     20.223       -0.0379687    0.054926     0.143389     0.0504917   
-0.0209426   -0.0379687   20.2857       0.0662415    0.0504917    0.180551    

Stress Spherical
0            0            0             0            0            0           
0            0            0             0            0            0           
0            0            0             0            0            0           

Inertia
149.964      -56.3429     -56.2921      0.297213     0.128331     0.210695    
-56.3429     150.033      -56.263       0.128331     0.395575     0.159433    
-56.2921     -56.263      150.094       0.210695     0.159433     0.229753    

Bond Length
0.61931465    0.0017903496

BB bond length
0.61931465    0.0017903496

Water EE distance
0             0           

PEG EE distance
7.1177426     0.32339211  

BBB P2(x)
0.51605991    0.012495746 

BBB first bond length
0.6190004     0.0019781537

BBB second bond length
0.61922548    0.0021152246

BBB <phi**2>/<phi>**2
1.2261521     0.0051718453

Time = 23000
Temperature
1.0084736     0.010307389 

Pressure
23.296285     0.10501529  

CM Mom
2.8014566e-17  1.9388662e-17 
-2.9414351e-17 2.5217434e-17 
-1.2083335e-16 3.0560332e-17 
1.3155216e-16  2.9841606e-17 

CM Pos
7.4927871      0.016222757   
7.5029129      0.015727078   
7.4985987      0.011043814   
12.987111      0.010588807   

Stress
20.3175      0.0269289    -0.0370021    0.135261     0.0861825    0.0743153   
0.0269289    20.2396      0.000737508   0.0861825    0.121778     0.0517484   
-0.0370021   0.000737508  20.2654       0.0743153    0.0517484    0.150379    

Stress Spherical
0            0            0             0            0            0           
0            0            0             0            0            0           
0            0            0             0            0            0           

Inertia
150.039      -56.2114     -56.2021      0.346691     0.170088     0.118177    
-56.2114     149.868      -56.2644      0.170088     0.210722     0.205367    
-56.2021     -56.2644     149.934       0.118177     0.205367     0.271774    

Bond Length
0.61905154    0.0017778996

BB bond length
0.61905154    0.0017778996

Water EE distance
0             0           

PEG EE distance
7.4915944     0.26216614  

BBB P2(x)
0.50027019    0.012271365 

BBB first bond length
0.6190836     0.0020107678

BBB second bond length
0.61899517    0.0020549897

BBB <phi**2>/<phi>**2
1.2208493     0.009441224 

Time = 24000
Temperature
1.0104605     0.0064662027

Pressure
23.29706      0.055406083 

CM Mom
5.6496894e-17  9.6124727e-18 
-5.6423622e-17 1.9428339e-17 
-9.0687927e-17 3.3416707e-17 
1.229656e-16   3.2646914e-17 

CM Pos
7.4997576      0.012908872   
7.5052858      0.013105875   
7.503048       0.011299765   
12.995064      0.013882599   

Stress
20.2245      0.0450753    0.0232351     0.0652944    0.0757645    0.0584268   
0.0450753    20.2437      -0.0308245    0.0757645    0.102754     0.0696414   
0.0232351    -0.0308245   20.3386       0.0584268    0.0696414    0.0877096   

Stress Spherical
0            0            0             0            0            0           
0            0            0             0            0            0           
0            0            0             0            0            0           

Inertia
150.114      -56.2772     -56.259       0.27368      0.139131     0.150526    
-56.2772     150.04       -56.3341      0.139131     0.271798     0.120194    
-56.259      -56.3341     150.068       0.150526     0.120194     0.297612    

Bond Length
0.61957869    0.0027139702

BB bond length
0.61957869    0.0027139702

Water EE distance
0             0           

PEG EE distance
7.5781027     0.052175286 

BBB P2(x)
0.51243551    0.012451598 

BBB first bond length
0.61972411    0.0026198507

BBB second bond length
0.61949962    0.0027943026

BBB <phi**2>/<phi>**2
1.2266524     0.0066312835

Time = 25000
Temperature
1.0091625     0.0057284959

Pressure
23.328068     0.062880746 

CM Mom
6.6916349e-17  2.0212621e-17 
-3.8510518e-17 1.3289076e-17 
-6.6570845e-17 1.8011819e-17 
1.045084e-16   1.9496286e-17 

CM Pos
7.5033171      0.010512188   
7.5006882      0.0082575109  
7.494891       0.011938666   
12.989755      0.0081880826  

Stress
20.2615      -0.00685316  -0.0436162    0.114506     0.0560252    0.0831073   
-0.00685316  20.3119      0.00291248    0.0560252    0.0917154    0.0597611   
-0.0436162   0.00291248   20.3382       0.0831073    0.0597611    0.0790629   

Stress Spherical
0            0            0             0            0            0           
0            0            0             0            0            0           
0            0            0             0            0            0           

Inertia
149.962      -56.2835     -56.2439      0.231746     0.0595302    0.126744    
-56.2835     149.98       -56.231       0.0595302    0.181924     0.175561    
-56.2439     -56.231      150.052       0.126744     0.175561     0.106844    

Bond Length
0.61816361    0.002792263 

BB bond length
0.61816361    0.002792263 

Water EE distance
0             0           

PEG EE distance
7.0580908     0.10452131  

BBB P2(x)
0.51236872    0.016123808 

BBB first bond length
0.61821417    0.0029573689

BBB second bond length
0.61847831    0.0026534184

BBB <phi**2>/<phi>**2
1.2233494     0.013124227 

Time = 26000
Temperature
1.0099792     0.0065845533

Pressure
23.326804     0.061315211 

CM Mom
4.2659996e-17  2.3613449e-17 
-1.6710426e-17 2.0321976e-17 
-4.052111e-17  1.4079854e-17 
6.6632261e-17  2.1680307e-17 

CM Pos
7.4972364      0.015515872   
7.4931245      0.011515716   
7.50112        0.0090407854  
12.985475      0.012916587   

Stress
20.3081      -0.00122241  -0.0231709    0.0859614    0.0576553    0.0721505   
-0.00122241  20.3185      -0.0214969    0.0576553    0.0848376    0.0817673   
-0.0231709   -0.0214969   20.2739       0.0721505    0.0817673    0.0963718   

Stress Spherical
0            0            0             0            0            0           
0            0            0             0            0            0           
0            0            0             0            0            0           

Inertia
149.908      -56.1706     -56.2124      0.269201     0.163097     0.1441      
-56.1706     149.96       -56.2083      0.163097     0.271939     0.121476    
-56.2124     -56.2083     149.85        0.1441       0.121476     0.302036    

Bond Length
0.618966      0.0021768279

BB bond length
0.618966      0.0021768279

Water EE distance
0             0           

PEG EE distance
7.0788229     0.18311241  

BBB P2(x)
0.51703161    0.012921483 

BBB first bond length
0.61900656    0.0024491109

BBB second bond length
0.61876632    0.0023210972

BBB <phi**2>/<phi>**2
1.2254156     0.0094067467

Time = 27000
Temperature
1.0054407     0.0056587635

Pressure
23.323128     0.077548436 

CM Mom
9.3566669e-18  2.6225204e-17 
-1.2341269e-17 1.7451168e-17 
-5.0183008e-17 1.3594391e-17 
6.0481765e-17  1.6651024e-17 

CM Pos
7.5053934      0.014287041   
7.4989085      0.014513106   
7.4956326      0.012198381   
12.990359      0.01422751    

Stress
20.3161      -0.0309015   -0.0336578    0.0844135    0.077799     0.0691607   
-0.0309015   20.3328      -0.00096575   0.077799     0.142981     0.0629971   
-0.0336578   -0.00096575  20.2814       0.0691607    0.0629971    0.0899098   

Stress Spherical
0            0            0             0            0            0           
0            0            0             0            0            0           
0            0            0             0            0            0           

Inertia
149.927      -56.2968     -56.2695      0.32688      0.135364     0.155025    
-56.2968     150.039      -56.2226      0.135364     0.284608     0.144948    
-56.2695     -56.2226     150.052       0.155025     0.144948     0.298965    

Bond Length
0.619807      0.0028935147

BB bond length
0.619807      0.0028935147

Water EE distance
0             0           

PEG EE distance
6.6914526     0.14999693  

BBB P2(x)
0.5084001     0.0086940788

BBB first bond length
0.61996329    0.0029661897

BBB second bond length
0.61991858    0.0029226157

BBB <phi**2>/<phi>**2
1.2235519     0.0059534099

Time = 28000
Temperature
1.0131111     0.0040252433

Pressure
23.378348     0.085870595 

CM Mom
2.0291153e-18  1.7051413e-17 
-1.9902702e-17 1.7180198e-17 
-3.4470571e-17 1.5687819e-17 
4.5545128e-17  1.8604139e-17 

CM Pos
7.4970881      0.008074347   
7.5057308      0.011997478   
7.5012683      0.012356041   
12.992752      0.010130685   

Stress
20.344       -0.0249248   0.0320213     0.123516     0.0917403    0.0633274   
-0.0249248   20.3219      0.00570336    0.0917403    0.164258     0.0783286   
0.0320213    0.00570336   20.361        0.0633274    0.0783286    0.0753801   

Stress Spherical
0            0            0             0            0            0           
