Time = 500
Temperature
   1.0336814     0.0389997

Pressure
   23.499148    0.14082398

CM Mom
-9.1036314e-17 2.9173786e-17 
-1.0705252e-17 1.3918734e-17 
-1.5010601e-17 4.9934083e-17 
1.0360847e-16  3.7829481e-17 

CM Pos
7.4978242      0.014774734   
7.5049226      0.014798488   
7.4940907      0.0098280071  
12.988566      0.018051657   

Stress
20.419       -0.0374822   -0.00125896   0.173884     0.05814      0.103588    
-0.0374822   20.3792      -0.01304      0.05814      0.0922221    0.0701607   
-0.00125896  -0.01304     20.3971       0.103588     0.0701607    0.117391    

Stress Spherical
0            0            0             0            0            0           
0            0            0             0            0            0           
0            0            0             0            0            0           

Inertia
149.786      -56.3401     -56.1713      0.341892     0.278353     0.13738     
-56.3401     149.72       -56.3232      0.278353     0.143575     0.164764    
-56.1713     -56.3232     149.848       0.13738      0.164764     0.439389    

Bond Length
0.61026762    0.0060852856

BB bond length
0.61026762    0.0060852856

Water EE distance
0             0           

PEG EE distance
3.3665921     0.32958564  

Time = 1000
Temperature
1.0121808     0.011417027 

Pressure
23.380372     0.081528422 

CM Mom
-7.2140919e-17 2.76868e-17   
-3.71701e-18   8.1159151e-18 
7.2201782e-18  1.103734e-17  
7.4392354e-17  2.627331e-17  

CM Pos
7.4978242      0.00445475    
7.4918843      0.011963629   
7.5074253      0.0069494505  
12.988738      0.0056081006  

Stress
20.3821      -0.0118357   0.04847       0.0738221    0.0933467    0.074154    
-0.0118357   20.3484      0.0135771     0.0933467    0.122574     0.0837453   
0.04847      0.0135771    20.3019       0.074154     0.0837453    0.0802123   

Stress Spherical
0            0            0             0            0            0           
0            0            0             0            0            0           
0            0            0             0            0            0           

Inertia
149.867      -56.1554     -56.2567      0.070252     0.107308     0.0723298   
-56.1554     149.942      -56.2423      0.107308     0.201362     0.0933163   
-56.2567     -56.2423     149.693       0.0723298    0.0933163    0.151137    

Bond Length
0.61228961    0.0078636256

BB bond length
0.61228961    0.0078636256

Water EE distance
0             0           

PEG EE distance
4.0730437     0.39532578  

