Time = 1000
Temperature
   1.1113842    0.14780127

Pressure
   23.686009    0.76806397

CM Mom
1.0077012e-17  1.5597597e-17 
4.9264019e-17  2.2413706e-17 
1.0782673e-16  2.6006191e-16 
1.8902106e-16  2.163423e-16  

CM Pos
7.5006266      0.034431165   
7.5039099      0.022750982   
7.5011516      0.010791203   
12.993691      0.033876928   

Stress
20.3559      -0.0476494   0.0207949     0.372764     0.0553817    0.0627032   
-0.0476494   20.3401      -0.0113056    0.0553817    0.373814     0.0871692   
0.0207949    -0.0113056   20.3754       0.0627032    0.0871692    0.299222    

Stress Spherical
0            0            0             0            0            0           
0            0            0             0            0            0           
0            0            0             0            0            0           

Inertia
150.224      -56.2719     -56.2569      1.06788      0.400137     0.297238    
-56.2719     150.166      -56.3229      0.400137     0.937279     0.237306    
-56.2569     -56.3229     150.195       0.297238     0.237306     0.709296    

Bond Length
0.61959951    0.007548425 

BB bond length
0.61959951    0.007548425 

Water EE distance
0             0           

PEG EE distance
7.1798973     0.079893628 

BBB P2(x)
0.48281931    0.053619277 

BBB first bond length
0.61984755    0.0074312355

BBB second bond length
0.61996595    0.0076879984

BBB <phi**2>/<phi>**2
1.2249234     0.018189437 

Time = 2000
Temperature
1.0126895     0.0027302395

Pressure
23.145327     0.067018459 

CM Mom
2.8738786e-17  3.4800923e-17 
2.1458061e-17  1.4672123e-17 
-4.0439838e-17 2.7702879e-17 
6.8412935e-17  2.0862453e-17 

CM Pos
7.4994396      0.011885439   
7.5080646      0.0085355487  
7.502487       0.012712504   
12.996161      0.010427819   

Stress
20.0868      0.0110286    0.0587451     0.0974339    0.0681583    0.0944495   
0.0110286    20.1364      0.0414459     0.0681583    0.0690117    0.0999764   
0.0587451    0.0414459    20.113        0.0944495    0.0999764    0.123796    

Stress Spherical
0            0            0             0            0            0           
0            0            0             0            0            0           
0            0            0             0            0            0           

Inertia
150.033      -56.3044     -56.2623      0.44755      0.101332     0.119275    
-56.3044     149.921      -56.296       0.101332     0.323766     0.138756    
-56.2623     -56.296      149.99        0.119275     0.138756     0.196503    

Bond Length
0.61790415    0.0025949406

BB bond length
0.61790415    0.0025949406

Water EE distance
0             0           

PEG EE distance
7.1801038     0.11133624  

BBB P2(x)
0.51305543    0.006879421 

BBB first bond length
0.61791596    0.0026311426

BBB second bond length
0.61795133    0.0025567596

BBB <phi**2>/<phi>**2
1.2251247     0.010511347 

Time = 3000
Temperature
1.0116362     0.010477992 

Pressure
23.173066     0.086288209 

CM Mom
1.1819663e-17  1.5776541e-17 
2.8213821e-17  1.1662893e-17 
-5.6837153e-17 1.3441235e-17 
6.7518755e-17  1.3152681e-17 

CM Pos
7.4961752      0.010263102   
7.512516       0.0093008808  
7.5001129      0.016985761   
12.995486      0.0080493048  

Stress
20.1212      -0.018637    0.0110753     0.0962088    0.0770139    0.045688    
-0.018637    20.1272      0.0176874     0.0770139    0.137851     0.108261    
0.0110753    0.0176874    20.1805       0.045688     0.108261     0.140245    

Stress Spherical
0            0            0             0            0            0           
0            0            0             0            0            0           
0            0            0             0            0            0           

Inertia
150.14       -56.3533     -56.206       0.215549     0.116942     0.124841    
-56.3533     149.913      -56.3557      0.116942     0.215339     0.0977075   
-56.206      -56.3557     150.104       0.124841     0.0977075    0.251582    

Bond Length
0.61851701    0.0018255122

BB bond length
0.61851701    0.0018255122

Water EE distance
0             0           

PEG EE distance
7.0646216     0.12711046  

BBB P2(x)
0.51504034    0.0079310179

BBB first bond length
0.61858898    0.0017554202

BBB second bond length
0.61844586    0.0018429346

BBB <phi**2>/<phi>**2
1.2284409     0.0080981129

Time = 4000
Temperature
1.0092586     0.0059320095

Pressure
23.169623     0.10012292  

CM Mom
1.102096e-18   2.0630863e-17 
3.4201217e-17  2.250831e-17  
-5.7774546e-17 3.2042544e-17 
7.5000292e-17  2.9030558e-17 

CM Pos
7.4963235      0.016119162   
7.4964907      0.010647423   
7.5038225      0.011406176   
12.988455      0.010987605   

Stress
20.105       -0.000798267 -0.0116354    0.106864     0.0437404    0.0638257   
-0.000798267 20.1518      -0.0107345    0.0437404    0.10036      0.0784999   
-0.0116354   -0.0107345   20.1831       0.0638257    0.0784999    0.157613    

Stress Spherical
0            0            0             0            0            0           
0            0            0             0            0            0           
0            0            0             0            0            0           

Inertia
149.947      -56.1566     -56.2632      0.248399     0.184101     0.114288    
-56.1566     149.964      -56.242       0.184101     0.206353     0.136482    
-56.2632     -56.242      149.845       0.114288     0.136482     0.274976    

Bond Length
0.61801985    0.0014986417

BB bond length
0.61801985    0.0014986417

Water EE distance
0             0           

PEG EE distance
7.1891723     0.12137734  

BBB P2(x)
0.51675131    0.0084901794

BBB first bond length
0.61795715    0.0016648101

BBB second bond length
0.61814989    0.0013085189

BBB <phi**2>/<phi>**2
1.2283631     0.0079904935

Time = 5000
Temperature
1.0150961     0.0063692878

Pressure
23.171475     0.10390739  

CM Mom
-6.6064667e-18 1.3568159e-17 
6.0723318e-17  1.2848788e-17 
-7.7756384e-17 1.557019e-17  
1.0127339e-16  1.0599082e-17 

CM Pos
7.4954332      0.022142845   
7.5042066      0.012055575   
7.4931389      0.012661308   
12.986226      0.022287885   

Stress
20.0825      -0.0142072   -0.00166069   0.172123     0.0671439    0.0521101   
-0.0142072   20.1318      -0.0167064    0.0671439    0.148935     0.111646    
-0.00166069  -0.0167064   20.1786       0.0521101    0.111646     0.13681     

Stress Spherical
0            0            0             0            0            0           
0            0            0             0            0            0           
0            0            0             0            0            0           

Inertia
149.93       -56.2546     -56.1721      0.328778     0.248619     0.223444    
-56.2546     149.814      -56.2176      0.248619     0.412343     0.144642    
-56.1721     -56.2176     149.98        0.223444     0.144642     0.55937     

Bond Length
0.61794882    0.0020017485

BB bond length
0.61794882    0.0020017485

Water EE distance
0             0           

PEG EE distance
6.9037863     0.11691399  

BBB P2(x)
0.51352499    0.0098284939

BBB first bond length
0.61780292    0.0020763434

BBB second bond length
0.61826646    0.0017318023

BBB <phi**2>/<phi>**2
1.2240657     0.0078219671

Time = 6000
Temperature
1.0078569     0.0085219962

Pressure
23.066405     0.073345168 

CM Mom
-4.3490782e-19 1.4086476e-17 
7.0295821e-17  1.5258718e-17 
-4.9740386e-17 1.3598245e-17 
8.8471581e-17  1.4308964e-17 

CM Pos
7.5044846      0.013612438   
7.4987165      0.014796657   
7.5045644      0.010988332   
12.994878      0.014103415   

Stress
20.0708      0.00686172   0.000788729   0.104027     0.0516757    0.0692757   
0.00686172   20.0322      -0.0200531    0.0516757    0.132779     0.0482785   
0.000788729  -0.0200531   20.0399       0.0692757    0.0482785    0.123808    

Stress Spherical
0            0            0             0            0            0           
0            0            0             0            0            0           
0            0            0             0            0            0           

Inertia
150.019      -56.2746     -56.3197      0.227833     0.125928     0.19106     
-56.2746     150.124      -56.2847      0.125928     0.313439     0.0855347   
-56.3197     -56.2847     150.029       0.19106      0.0855347    0.285229    

Bond Length
0.61812657    0.0013328118

BB bond length
0.61812657    0.0013328118

Water EE distance
0             0           

PEG EE distance
7.2132783     0.10336026  

BBB P2(x)
0.5150834     0.0088674388

BBB first bond length
0.61821516    0.0015359649

BBB second bond length
0.61794702    0.0013952824

BBB <phi**2>/<phi>**2
1.2254277     0.007249456 

Time = 7000
Temperature
1.0084269     0.0076746155

Pressure
23.093828     0.10233941  

CM Mom
8.1001582e-18  2.3108933e-17 
6.4379537e-17  1.5470959e-17 
-6.8264947e-17 1.8600873e-17 
9.9033093e-17  1.3500099e-17 

CM Pos
7.5006266      0.010090019   
7.5050969      0.009740277   
7.5015967      0.01164969    
12.994618      0.0076662003  

Stress
20.0288      0.0410739    -0.0378865    0.122672     0.0616504    0.0625443   
0.0410739    20.0874      -0.0211717    0.0616504    0.126907     0.0936648   
-0.0378865   -0.0211717   20.1038       0.0625443    0.0936648    0.147893    

Stress Spherical
0            0            0             0            0            0           
0            0            0             0            0            0           
0            0            0             0            0            0           

Inertia
150.075      -56.2987     -56.2579      0.171819     0.130831     0.126442    
-56.2987     150.031      -56.2791      0.130831     0.21685      0.092195    
-56.2579     -56.2791     150.069       0.126442     0.092195     0.223815    

Bond Length
0.618847      0.0011902085

BB bond length
0.618847      0.0011902085

Water EE distance
0             0           

PEG EE distance
7.3579576     0.12650416  

BBB P2(x)
0.51321929    0.0077806386

BBB first bond length
0.61900619    0.0014696683

BBB second bond length
0.61861642    0.0010333548

BBB <phi**2>/<phi>**2
1.2287524     0.008527225 

Time = 8000
Temperature
1.010613      0.0048423306

Pressure
23.119419     0.087404305 

CM Mom
5.0776312e-17  2.4835044e-17 
5.2527063e-17  3.0170412e-17 
-8.1946353e-17 1.3882993e-17 
1.1471923e-16  2.4734571e-17 

CM Pos
7.5003299      0.013175174   
7.4967875      0.015406805   
7.5002613      0.012059227   
12.988878      0.01681487    

Stress
20.1268      -0.0119652   -0.0366462    0.106323     0.0347011    0.0852751   
-0.0119652   20.0723      0.0362406     0.0347011    0.0782869    0.068565    
-0.0366462   0.0362406    20.0781       0.0852751    0.068565     0.16803     

Stress Spherical
0            0            0             0            0            0           
0            0            0             0            0            0           
0            0            0             0            0            0           

Inertia
149.918      -56.2632     -56.2656      0.307124     0.196399     0.194739    
-56.2632     149.988      -56.2609      0.196399     0.280355     0.168995    
-56.2656     -56.2609     149.941       0.194739     0.168995     0.378504    

Bond Length
0.61867418    0.0023626176

BB bond length
0.61867418    0.0023626176

Water EE distance
0             0           

PEG EE distance
7.4326863     0.14534976  

BBB P2(x)
0.50926911    0.0055346378

BBB first bond length
0.61847685    0.0025031219

BBB second bond length
0.61866337    0.0022724461

BBB <phi**2>/<phi>**2
1.2255133     0.005558723 

Time = 9000
Temperature
1.0098845     0.011554062 

Pressure
23.115146     0.09971157  

CM Mom
2.6184251e-17  1.2802732e-17 
5.9275136e-17  1.7023123e-17 
-7.9458538e-17 1.7117494e-17 
1.0456215e-16  1.8063169e-17 

CM Pos
7.4969171      0.014575525   
7.5013873      0.013667321   
7.502487       0.012396834   
12.990852      0.014513511   

Stress
20.0936      -0.0134092   0.0125252     0.15219      0.0767692    0.113486    
-0.0134092   20.103       -0.0721214    0.0767692    0.154784     0.0901805   
0.0125252    -0.0721214   20.0743       0.113486     0.0901805    0.104241    

Stress Spherical
0            0            0             0            0            0           
0            0            0             0            0            0           
0            0            0             0            0            0           

Inertia
150.054      -56.2135     -56.2478      0.249541     0.156827     0.172229    
-56.2135     149.978      -56.2774      0.156827     0.297688     0.133675    
-56.2478     -56.2774     149.956       0.172229     0.133675     0.353443    

Bond Length
0.6180788     0.0027868686

BB bond length
0.6180788     0.0027868686

Water EE distance
0             0           

PEG EE distance
7.6298246     0.069238382 

BBB P2(x)
0.51231017    0.008508799 

BBB first bond length
0.617961      0.0028726145

BBB second bond length
0.61797202    0.0028593114

BBB <phi**2>/<phi>**2
1.2309284     0.004843473 

Time = 10000
Temperature
1.0120585     0.0065388921

Pressure
23.047223     0.089039366 

CM Mom
1.4522187e-17  1.4574192e-17 
6.4890499e-17  1.4531816e-17 
-6.3285678e-17 9.2996893e-18 
9.4092704e-17  9.1310365e-18 

CM Pos
7.5037427      0.012146548   
7.4990132      0.010168271   
7.5020419      0.02212892    
12.99317       0.016236323   

Stress
20.0613      -0.0313844   -0.0305833    0.0982008    0.0615971    0.0532231   
-0.0313844   20.0056      -0.0105501    0.0615971    0.109502     0.0700954   
-0.0305833   -0.0105501   19.9806       0.0532231    0.0700954    0.121708    

Stress Spherical
0            0            0             0            0            0           
0            0            0             0            0            0           
0            0            0             0            0            0           

Inertia
150.01       -56.2827     -56.2983      0.501654     0.0769598    0.167572    
-56.2827     150.095      -56.2388      0.0769598    0.308904     0.25365     
-56.2983     -56.2388     150.032       0.167572     0.25365      0.156126    

Bond Length
0.61795749    0.001866264 

BB bond length
0.61795749    0.001866264 

Water EE distance
0             0           

PEG EE distance
7.4776496     0.067960112 

BBB P2(x)
0.52380488    0.0074330493

BBB first bond length
0.61792176    0.0019533447

BBB second bond length
0.61828656    0.0020259164

BBB <phi**2>/<phi>**2
1.2236018     0.0048162803

Time = 11000
Temperature
1.0102781     0.0070967856

Pressure
23.127333     0.10348057  

CM Mom
8.6204551e-18  1.1351394e-17 
8.2123446e-17  1.9412033e-17 
-8.4468764e-17 1.9656491e-17 
1.205614e-16   1.7622466e-17 

CM Pos
7.5030008      0.013773233   
7.4970843      0.011324813   
7.5072353      0.011661024   
12.99462       0.013768567   

Stress
20.125       -0.0272201   0.0337074     0.124679     0.0625734    0.0542366   
-0.0272201   20.1268      -0.0190341    0.0625734    0.162186     0.0801384   
0.0337074    -0.0190341   20.0521       0.0542366    0.0801384    0.0864289   

Stress Spherical
0            0            0             0            0            0           
0            0            0             0            0            0           
0            0            0             0            0            0           

Inertia
150.053      -56.2659     -56.2985      0.271095     0.140743     0.172981    
-56.2659     150.168      -56.2806      0.140743     0.319393     0.120627    
-56.2985     -56.2806     149.989       0.172981     0.120627     0.268416    

Bond Length
0.61692689    0.0019826527

BB bond length
0.61692689    0.0019826527

Water EE distance
0             0           

PEG EE distance
7.6499354     0.16148285  

BBB P2(x)
0.51724554    0.010995131 

BBB first bond length
0.61691052    0.0019870438

BBB second bond length
0.61694623    0.0021140766

BBB <phi**2>/<phi>**2
1.2259345     0.0064603841

Time = 12000
Temperature
1.0042841     0.0071313295

Pressure
23.16594      0.12002787  

CM Mom
1.9327589e-17  1.5130075e-17 
1.0456348e-16  1.6021159e-17 
-8.9790619e-17 1.7529246e-17 
1.415e-16      1.1834436e-17 

CM Pos
7.5044846      0.0065959375  
7.5003487      0.014584586   
7.5053063      0.014331796   
12.996244      0.016045181   

Stress
20.1658      -0.0192098   -0.0179216    0.125998     0.0838306    0.0623746   
-0.0192098   20.146       -0.020933     0.0838306    0.159472     0.0789702   
-0.0179216   -0.020933    20.1617       0.0623746    0.0789702    0.134465    

Stress Spherical
0            0            0             0            0            0           
0            0            0             0            0            0           
0            0            0             0            0            0           

Inertia
150.077      -56.2724     -56.3052      0.417917     0.138792     0.15622     
-56.2724     150.138      -56.2918      0.138792     0.240669     0.18989     
-56.3052     -56.2918     150.068       0.15622      0.18989      0.270341    

Bond Length
0.61830468    0.0027821302

BB bond length
0.61830468    0.0027821302

Water EE distance
0             0           

PEG EE distance
7.5077704     0.15533548  

BBB P2(x)
0.51518464    0.0063481427

BBB first bond length
0.61824274    0.002785633 

BBB second bond length
0.61819801    0.002883502 

BBB <phi**2>/<phi>**2
1.2260324     0.0071727062

Time = 13000
Temperature
1.0085746     0.0094435516

Pressure
23.161591     0.071422003 

CM Mom
8.5114536e-21  1.428227e-17  
1.1716702e-16  2.1354155e-17 
-7.8942908e-17 1.6513892e-17 
1.4274655e-16  2.2720237e-17 

CM Pos
7.5009234      0.01983893    
7.4990132      0.0094266773  
7.5093126      0.019665037   
12.995748      0.014753755   

Stress
20.1405      0.0130041    -0.0201935    0.128157     0.0924532    0.0879353   
0.0130041    20.1391      -0.0403959    0.0924532    0.104121     0.0640224   
-0.0201935   -0.0403959   20.1424       0.0879353    0.0640224    0.116826    

Stress Spherical
0            0            0             0            0            0           
0            0            0             0            0            0           
0            0            0             0            0            0           

Inertia
150.135      -56.274      -56.3213      0.371682     0.205654     0.143446    
-56.274      150.162      -56.3229      0.205654     0.295317     0.180278    
-56.3213     -56.3229     150.012       0.143446     0.180278     0.319887    

Bond Length
0.61769659    0.0020886785

BB bond length
0.61769659    0.0020886785

Water EE distance
0             0           

PEG EE distance
7.2870664     0.075340732 

BBB P2(x)
0.51756657    0.0079680385

BBB first bond length
0.61766916    0.0021525399

BBB second bond length
0.61790101    0.0022381152

BBB <phi**2>/<phi>**2
1.2258683     0.0071782797

Time = 14000
Temperature
1.0088709     0.0043604753

Pressure
23.140153     0.071749039 

CM Mom
1.310654e-17   1.235841e-17  
1.0873245e-16  2.4748658e-17 
-8.3380396e-17 1.56534e-17   
1.4023408e-16  1.7072645e-17 

CM Pos
7.5041878      0.021369159   
7.5013873      0.013275063   
7.4996677      0.017512294   
12.993439      0.011747312   

Stress
20.0971      0.0116921    0.00525825    0.0882461    0.0462284    0.0770355   
0.0116921    20.1378      0.0414644     0.0462284    0.114757     0.0497676   
0.00525825   0.0414644    20.12         0.0770355    0.0497676    0.149466    

Stress Spherical
0            0            0             0            0            0           
0            0            0             0            0            0           
0            0            0             0            0            0           

Inertia
150.023      -56.3168     -56.2565      0.242613     0.224583     0.213107    
-56.3168     150.073      -56.2797      0.224583     0.293079     0.153973    
-56.2565     -56.2797     150.072       0.213107     0.153973     0.418031    

Bond Length
0.61844242    0.0014394878

BB bond length
0.61844242    0.0014394878

Water EE distance
0             0           

PEG EE distance
7.5567768     0.11725198  

BBB P2(x)
0.51589208    0.005447983 

BBB first bond length
0.61846197    0.0014171484

BBB second bond length
0.61832669    0.0015636263

BBB <phi**2>/<phi>**2
1.2306462     0.0065450287

Time = 15000
Temperature
1.013619      0.0050317779

Pressure
23.142167     0.13625143  

CM Mom
-6.165038e-18  3.6767582e-17 
1.0109246e-16  1.256893e-17  
-7.910847e-17  1.4198712e-17 
1.3435536e-16  1.3263322e-17 

CM Pos
7.4964719      0.016928631   
7.5003487      0.012885389   
7.4926938      0.011725045   
12.98434       0.016905722   

Stress
20.0669      -0.0489704   0.0361338     0.119778     0.0544446    0.0706132   
-0.0489704   20.1311      -0.00148285   0.0544446    0.181527     0.0696864   
0.0361338    -0.00148285  20.1203       0.0706132    0.0696864    0.161433    

Stress Spherical
0            0            0             0            0            0           
0            0            0             0            0            0           
0            0            0             0            0            0           

Inertia
149.897      -56.2075     -56.1602      0.335273     0.217241     0.145615    
-56.2075     149.836      -56.2328      0.217241     0.273513     0.174858    
-56.1602     -56.2328     149.948       0.145615     0.174858     0.395662    

Bond Length
0.61771372    0.001203876 

BB bond length
0.61771372    0.001203876 

Water EE distance
0             0           

PEG EE distance
7.3648865     0.19247526  

BBB P2(x)
0.50377376    0.010445797 

BBB first bond length
0.61757707    0.0014675966

BBB second bond length
0.61748114    0.0012300667

BBB <phi**2>/<phi>**2
1.2235073     0.0075628816

Time = 16000
Temperature
1.0129676     0.005291345 

Pressure
23.118456     0.05966914  

CM Mom
2.0559279e-18  1.0426623e-17 
1.1901758e-16  2.1569336e-17 
-8.3248468e-17 1.9422988e-17 
1.4755619e-16  1.6676061e-17 

CM Pos
7.510865       0.016960466   
7.5045034      0.0064079997  
7.4913583      0.010497481   
12.994282      0.013956353   

Stress
20.0841      -0.00691028  0.0269028     0.108279     0.100283     0.062936    
-0.00691028  20.0813      -0.0488209    0.100283     0.109753     0.0589636   
0.0269028    -0.0488209   20.0877       0.062936     0.0589636    0.089318    

Stress Spherical
0            0            0             0            0            0           
0            0            0             0            0            0           
0            0            0             0            0            0           

Inertia
149.926      -56.3846     -56.2802      0.260615     0.145199     0.165951    
-56.3846     150.034      -56.2328      0.145199     0.347445     0.103696    
-56.2802     -56.2328     150.224       0.165951     0.103696     0.26204     

Bond Length
0.61805448    0.0019239325

BB bond length
0.61805448    0.0019239325

Water EE distance
0             0           

PEG EE distance
7.2210358     0.14682954  

BBB P2(x)
0.51052407    0.010867721 

BBB first bond length
0.61800846    0.0020263308

BBB second bond length
0.61820537    0.0021834846

BBB <phi**2>/<phi>**2
1.2248791     0.0054907241

Time = 17000
Temperature
1.0072678     0.0065105598

Pressure
23.075876     0.068598792 

CM Mom
6.5170278e-18  1.0929838e-17 
7.4885416e-17  1.2016082e-17 
-6.1770639e-17 1.4906563e-17 
9.932135e-17   9.3397873e-18 

CM Pos
7.5034459      0.010476486   
7.5080646      0.0088147275  
7.5029322      0.014077594   
12.998727      0.013975348   

Stress
20.0013      0.00284522   -0.0123444    0.132452     0.0618968    0.0751564   
0.00284522   20.1199      0.00671401    0.0618968    0.12857      0.0480078   
-0.0123444   0.00671401   20.0553       0.0751564    0.0480078    0.081283    

Stress Spherical
0            0            0             0            0            0           
0            0            0             0            0            0           
0            0            0             0            0            0           

Inertia
150.163      -56.3024     -56.2864      0.266226     0.123224     0.15533     
-56.3024     150.088      -56.3364      0.123224     0.312474     0.16679     
-56.2864     -56.3364     150.167       0.15533      0.16679      0.192174    

Bond Length
0.61904673    0.0021876167

BB bond length
0.61904673    0.0021876167

Water EE distance
0             0           

PEG EE distance
7.1876196     0.10384831  

BBB P2(x)
0.51614876    0.0060630421

BBB first bond length
0.61906514    0.0020457012

BBB second bond length
0.61893123    0.002343118 

BBB <phi**2>/<phi>**2
1.226547      0.0092262755

Time = 18000
Temperature
1.00867       0.0091495349

Pressure
23.120757     0.10188613  

CM Mom
4.1171137e-17  1.2254314e-17 
6.769214e-17   1.5063442e-17 
-5.2488212e-17 3.446818e-17  
1.0139444e-16  1.7793235e-17 

CM Pos
7.5047814      0.013875164   
7.4920392      0.011152413   
7.4910616      0.013088828   
12.983399      0.015250976   

Stress
20.0728      0.0185185    0.0313688     0.158773     0.0568061    0.0661819   
0.0185185    20.1059      0.0443146     0.0568061    0.0726874    0.0870451   
0.0313688    0.0443146    20.1198       0.0661819    0.0870451    0.129705    

Stress Spherical
0            0            0             0            0            0           
0            0            0             0            0            0           
0            0            0             0            0            0           

Inertia
149.724      -56.2436     -56.1947      0.272158     0.196524     0.126887    
-56.2436     149.93       -56.1122      0.196524     0.228288     0.127559    
-56.1947     -56.1122     149.931       0.126887     0.127559     0.316979    

Bond Length
0.61678668    0.0018074701

BB bond length
0.61678668    0.0018074701

Water EE distance
0             0           

PEG EE distance
6.9877308     0.082242433 

BBB P2(x)
0.50413976    0.0084115663

BBB first bond length
0.61689398    0.0019759787

BBB second bond length
0.61676844    0.0017883311

BBB <phi**2>/<phi>**2
1.2204279     0.0075297914

Time = 19000
Temperature
1.0142747     0.006189597 

Pressure
23.145138     0.089131694 

CM Mom
8.8125394e-17  2.6159891e-17 
3.5057305e-17  1.6330666e-17 
-6.9221181e-17 1.3286028e-17 
1.2080067e-16  1.7928189e-17 

CM Pos
7.4998847      0.016740954   
7.4990132      0.017237949   
7.5027838      0.0099935453  
12.991369      0.015442496   

Stress
20.1267      0.00585964   0.055365      0.109033     0.0758908    0.0448145   
0.00585964   20.0935      -0.00738449   0.0758908    0.139123     0.0503479   
0.055365     -0.00738449  20.1012       0.0448145    0.0503479    0.153276    

Stress Spherical
0            0            0             0            0            0           
0            0            0             0            0            0           
0            0            0             0            0            0           

Inertia
150.034      -56.2366     -56.262       0.23345      0.221146     0.211075    
-56.2366     150.054      -56.2331      0.221146     0.328899     0.135123    
-56.262      -56.2331     149.976       0.211075     0.135123     0.412647    

Bond Length
0.61754784    0.0015124573

BB bond length
0.61754784    0.0015124573

Water EE distance
0             0           

PEG EE distance
7.0544855     0.088812656 

BBB P2(x)
0.50402547    0.009202595 

BBB first bond length
0.61741482    0.0016543229

BBB second bond length
0.61766324    0.0014820592

BBB <phi**2>/<phi>**2
1.2220817     0.0083216749

Time = 20000
Temperature
1.0088071     0.010689166 

Pressure
23.10213      0.083887082 

CM Mom
6.1522434e-17  2.612804e-17  
1.5418361e-17  2.2721689e-17 
-4.9679158e-17 1.7515727e-17 
8.4605844e-17  2.8954378e-17 

CM Pos
7.4909818      0.020382503   
7.5042066      0.010639148   
7.4944744      0.016881744   
12.984434      0.019255386   

Stress
20.0817      -0.0261116   0.00653048    0.120403     0.0682394    0.0922881   
-0.0261116   20.1048      0.00289867    0.0682394    0.110239     0.0880102   
0.00653048   0.00289867   20.055        0.0922881    0.0880102    0.180148    

Stress Spherical
0            0            0             0            0            0           
0            0            0             0            0            0           
0            0            0             0            0            0           

Inertia
149.973      -56.1889     -56.1505      0.373815     0.185842     0.208404    
-56.1889     149.781      -56.242       0.185842     0.41894      0.189174    
-56.1505     -56.242      149.929       0.208404     0.189174     0.371859    

Bond Length
0.6186629     0.0019937349

BB bond length
0.6186629     0.0019937349

Water EE distance
0             0           

PEG EE distance
7.277914      0.14300192  

BBB P2(x)
0.50466252    0.010779082 

BBB first bond length
0.61848845    0.0021113173

BBB second bond length
0.61864845    0.0020517327

BBB <phi**2>/<phi>**2
1.2260367     0.010412642 

Time = 21000
Temperature
1.0158011     0.0079874512

Pressure
23.120895     0.11149224  

CM Mom
3.0337841e-17  1.7089415e-17 
2.4069018e-17  2.0040682e-17 
-3.2951955e-17 1.5025196e-17 
5.6655528e-17  1.7179007e-17 

CM Pos
7.4975106      0.016672424   
7.5036131      0.015946128   
7.499371       0.011152413   
12.99068       0.01779771    

Stress
20.0457      -0.0109065   0.0219355     0.0898619    0.0548178    0.0602552   
-0.0109065   20.0678      -0.0144747    0.0548178    0.14724      0.046206    
0.0219355    -0.0144747   20.1214       0.0602552    0.046206     0.116826    

Stress Spherical
0            0            0             0            0            0           
0            0            0             0            0            0           
0            0            0             0            0            0           

Inertia
150.051      -56.2716     -56.2317      0.347337     0.171547     0.190724    
-56.2716     149.94       -56.2591      0.171547     0.306563     0.173666    
-56.2317     -56.2591     150.014       0.190724     0.173666     0.331063    

Bond Length
0.61865239    0.001520783 

BB bond length
0.61865239    0.001520783 

Water EE distance
0             0           

PEG EE distance
7.0667921     0.2139812   

BBB P2(x)
0.51430908    0.017983647 

BBB first bond length
0.61862285    0.0017834376

BBB second bond length
0.6188089     0.001355442 

BBB <phi**2>/<phi>**2
1.2281638     0.0097357   

Time = 22000
Temperature
1.0140986     0.0080333002

Pressure
23.151        0.090713938 

CM Mom
4.2933968e-17  2.1848667e-17 
5.0673179e-17  2.957485e-17  
-1.295251e-17  1.6142687e-17 
7.3995132e-17  2.6762045e-17 

CM Pos
7.49573        0.015449618   
7.5027228      0.0099327736  
7.4972936      0.016777739   
12.987941      0.015103421   

Stress
20.1363      -0.0441262   -0.00880952   0.162004     0.0389292    0.0609839   
-0.0441262   20.074       -0.0451842    0.0389292    0.104413     0.0521716   
-0.00880952  -0.0451842   20.1302       0.0609839    0.0521716    0.0955614   

Stress Spherical
0            0            0             0            0            0           
0            0            0             0            0            0           
0            0            0             0            0            0           

Inertia
149.984      -56.248      -56.197       0.279083     0.169554     0.215117    
-56.248      149.886      -56.2847      0.169554     0.332132     0.154903    
-56.197      -56.2847     149.981       0.215117     0.154903     0.232163    

Bond Length
0.61810881    0.0014064871

BB bond length
0.61810881    0.0014064871

Water EE distance
0             0           

PEG EE distance
7.0360828     0.088599387 

BBB P2(x)
0.51188785    0.0076081819

BBB first bond length
0.61819229    0.0014499536

BBB second bond length
0.61820316    0.0014326142

BBB <phi**2>/<phi>**2
1.2266176     0.0087076199

Time = 23000
Temperature
1.0089172     0.0072617916

Pressure
23.104784     0.1013667   

CM Mom
7.8425083e-17  2.1294252e-17 
5.629448e-17   1.6974388e-17 
-2.3538562e-17 1.7220634e-17 
1.0280214e-16  1.8532985e-17 

CM Pos
7.497659       0.01407994    
7.4970843      0.017446794   
7.5041192      0.012153796   
12.989743      0.014126258   

Stress
20.1013      -0.0396052   -0.0102682    0.119368     0.059344     0.0824388   
-0.0396052   20.0805      -0.0795447    0.059344     0.15358      0.0598432   
-0.0102682   -0.0795447   20.0666       0.0824388    0.0598432    0.0979866   

Stress Spherical
0            0            0             0            0            0           
0            0            0             0            0            0           
0            0            0             0            0            0           

Inertia
150.022      -56.2413     -56.2431      0.245996     0.203044     0.126524    
-56.2413     150.022      -56.2499      0.203044     0.211698     0.168276    
-56.2431     -56.2499     149.922       0.126524     0.168276     0.354665    

Bond Length
0.61888695    0.0017441262

BB bond length
0.61888695    0.0017441262

Water EE distance
0             0           

PEG EE distance
7.1661715     0.097099529 

BBB P2(x)
0.51751906    0.010946545 

BBB first bond length
0.61884208    0.0018370892

BBB second bond length
0.61903461    0.0018320946

BBB <phi**2>/<phi>**2
1.2243989     0.003283096 

Time = 24000
Temperature
1.0118531     0.0073354861

Pressure
23.160552     0.083155313 

CM Mom
7.4057609e-17  2.8180782e-17 
5.9786097e-17  1.890828e-17  
-3.2403653e-17 1.7384635e-17 
1.0568748e-16  1.9823358e-17 

CM Pos
7.5016653      0.015045296   
7.5018325      0.014986646   
7.502487       0.01100435    
12.993849      0.015237961   

Stress
20.174       -0.0392152   0.0208033     0.0643712    0.057337     0.0782115   
-0.0392152   20.0704      -0.0469506    0.057337     0.114526     0.0804466   
0.0208033    -0.0469506   20.1449       0.0782115    0.0804466    0.161732    

Stress Spherical
0            0            0             0            0            0           
0            0            0             0            0            0           
0            0            0             0            0            0           

Inertia
150.041      -56.3111     -56.3081      0.311875     0.180896     0.156038    
-56.3111     150.039      -56.2847      0.180896     0.273768     0.154635    
-56.3081     -56.2847     150.038       0.156038     0.154635     0.327386    

Bond Length
0.61762757    0.0018914926

BB bond length
0.61762757    0.0018914926

Water EE distance
0             0           

PEG EE distance
7.0349263     0.11400526  

BBB P2(x)
0.51241088    0.0066417523

BBB first bond length
0.61774788    0.0018161222

BBB second bond length
0.6175313     0.0022304484

BBB <phi**2>/<phi>**2
1.2207064     0.0062833974

Time = 25000
Temperature
1.0077652     0.004760459 

Pressure
23.109629     0.044979371 

CM Mom
8.0761339e-17  2.902905e-17  
4.8736583e-17  1.7097376e-17 
-2.9218722e-17 1.3451165e-17 
1.0217163e-16  2.5065524e-17 

CM Pos
7.5032975      0.012956106   
7.4976778      0.011952863   
7.4964033      0.011425462   
12.988879      0.012650924   

Stress
20.1109      -0.0104172   -0.0292319    0.108401     0.0858664    0.0571979   
-0.0104172   20.0602      -0.0369893    0.0858664    0.0866488    0.0553689   
-0.0292319   -0.0369893   20.1023       0.0571979    0.0553689    0.0845079   

Stress Spherical
0            0            0             0            0            0           
0            0            0             0            0            0           
0            0            0             0            0            0           

Inertia
149.91       -56.2725     -56.2534      0.293436     0.113667     0.136772    
-56.2725     149.982      -56.1908      0.113667     0.259083     0.185715    
-56.2534     -56.1908     149.998       0.136772     0.185715     0.228958    

Bond Length
0.61789671    0.0021547131

BB bond length
0.61789671    0.0021547131

Water EE distance
0             0           

PEG EE distance
7.047129      0.10177746  

BBB P2(x)
0.5015714     0.012217317 

BBB first bond length
0.61774569    0.0022088643

BBB second bond length
0.61774968    0.0024677083

BBB <phi**2>/<phi>**2
1.2248806     0.0074012265

Time = 26000
Temperature
1.0132216     0.0084821447

Pressure
23.134209     0.07940903  

CM Mom
1.0391085e-16  1.2756953e-17 
3.0709874e-17  1.7430322e-17 
-2.0341962e-17 1.305804e-17  
1.1218942e-16  1.4316328e-17 

CM Pos
7.5047814      0.015451755   
7.495452       0.014480807   
7.4950679      0.01338737    
12.98768       0.019397952   

Stress
20.142       -0.0546885   -0.0197313    0.113491     0.0874913    0.0636578   
-0.0546885   20.1163      -0.025599     0.0874913    0.108977     0.0503696   
-0.0197313   -0.025599    20.0397       0.0636578    0.0503696    0.114993    

Stress Spherical
0            0            0             0            0            0           
0            0            0             0            0            0           
0            0            0             0            0            0           

Inertia
149.874      -56.1928     -56.2731      0.348438     0.207155     0.163402    
-56.1928     149.995      -56.1829      0.207155     0.266599     0.182568    
-56.2731     -56.1829     150.005       0.163402     0.182568     0.394439    

Bond Length
0.61896946    0.0026671779

BB bond length
0.61896946    0.0026671779

Water EE distance
0             0           

PEG EE distance
7.209283      0.14638188  

BBB P2(x)
0.50966187    0.0084907512

BBB first bond length
0.61896594    0.0027364776

BBB second bond length
0.61905243    0.0028348889

BBB <phi**2>/<phi>**2
1.2244368     0.006299502 

Time = 27000
Temperature
1.0123984     0.0056601187

Pressure
23.134462     0.076417118 

CM Mom
7.1107704e-17  2.1727114e-17 
2.8115253e-17  2.3641918e-17 
-1.9279815e-17 1.4459393e-17 
8.4836848e-17  1.6164013e-17 

CM Pos
7.4952849      0.013887853   
7.4987165      0.01019854    
7.5047128      0.014856799   
12.989656      0.010495985   

Stress
20.0752      -0.0137933   -0.0158859    0.0666375    0.0582487    0.104605    
-0.0137933   20.1349      0.00452434    0.0582487    0.139219     0.0525522   
-0.0158859   0.00452434   20.0961       0.104605     0.0525522    0.0866964   

Stress Spherical
0            0            0             0            0            0           
0            0            0             0            0            0           
0            0            0             0            0            0           

Inertia
150.043      -56.2173     -56.2566      0.266819     0.145514     0.140035    
-56.2173     150.006      -56.2457      0.145514     0.244572     0.131692    
-56.2566     -56.2457     149.883       0.140035     0.131692     0.247709    

Bond Length
0.61757731    0.0011446342

BB bond length
0.61757731    0.0011446342

Water EE distance
0             0           

PEG EE distance
7.5174951     0.2201375   

BBB P2(x)
0.51626483    0.011251675 

BBB first bond length
0.61751807    0.0010577311

BBB second bond length
0.61750152    0.0011260353

BBB <phi**2>/<phi>**2
1.226093      0.0078502518

Time = 28000
Temperature
1.0154285     0.0068879663

Pressure
23.119848     0.06177316  

CM Mom
7.826515e-17   3.3002998e-17 
3.9055079e-17  2.0402441e-17 
-4.4349547e-17 2.8171341e-17 
1.0691474e-16  2.2043956e-17 

CM Pos
7.4933559      0.016669783   
7.5000519      0.0095991061  
7.5020419      0.017657533   
12.987771      0.016546205   

Stress
20.1372      0.00767467   -0.0152386    0.0722242    0.0827338    0.0516      
0.00767467   20.0694      -0.0315315    0.0827338    0.107511     0.0804984   
-0.0152386   -0.0315315   20.0285       0.0516       0.0804984    0.087698    

Stress Spherical
0            0            0             0            0            0           
