Time = 500
Temperature
   1.0323947  0.0054682125

Pressure
   23.854339   0.022278582

CM Mom
-2.1667979e-17 2.1515873e-17 
1.2833522e-17  2.0389022e-17 
1.6580527e-17  2.8119453e-17 
4.5376083e-17  2.2791978e-17 

CM Pos
24.99963       0.0073356144  
25.005834      0.014438651   
25.009088      0.012116839   
43.309676      0.0079172732  

Stress
20.7638      -0.00253358  0.0024061     0.0143883    0.00473503   0.00682407  
-0.00253358  20.7504      -0.00434324   0.00473503   0.0110385    0.00675793  
0.0024061    -0.00434324  20.7576       0.00682407   0.00675793   0.0114835   

Stress Spherical
0            0            0             0            0            0           
0            0            0             0            0            0           
0            0            0             0            0            0           

Inertia
1667.29      -625.183     -625.197      0.78297      0.212577     0.299963    
-625.183     1667.1       -625.449      0.212577     0.584603     0.406052    
-625.197     -625.449     1666.9        0.299963     0.406052     0.462519    

Bond Length
0.62752703    0.0055503148

BB bond length
0.62752703    0.0055503148

Water EE distance
0             0           

PEG EE distance
8.3887808     1.0404528   

BBB P2(x)
0.08454075    0.040479833 

BBB first bond length
0.62704526    0.0062247767

BBB second bond length
0.62774436    0.0052648175

BBB <phi**2>/<phi>**2
1.1154926     0.021717217 

Time = 1000
Temperature
1.0294284     0.00091493932

Pressure
23.836234     0.0073127695

CM Mom
-2.0609702e-17 1.077228e-17  
1.5123589e-17  1.1600215e-17 
3.8877717e-18  4.2047972e-17 
4.5649923e-17  2.4562593e-17 

CM Pos
25.006324      0.012593722   
24.99282       0.014844469   
24.993327      0.0096179243  
43.29693       0.0039429817  

Stress
20.7496      0.0030604    0.00112057    0.0108891    0.00924154   0.00594158  
0.0030604    20.7442      0.00379948    0.00924154   0.0118133    0.0106532   
0.00112057   0.00379948   20.7503       0.00594158   0.0106532    0.00986713  

Stress Spherical
0            0            0             0            0            0           
0            0            0             0            0            0           
0            0            0             0            0            0           

Inertia
1666.05      -624.955     -625.012      0.689367     0.174015     0.219012    
-624.955     1666.65      -624.73       0.174015     0.444242     0.483076    
-625.012     -624.73      1666.6        0.219012     0.483076     0.314591    

Bond Length
0.62919477    0.0047817868

BB bond length
0.62919477    0.0047817868

Water EE distance
0             0           

PEG EE distance
6.8668634     1.0212888   

BBB P2(x)
0.11650239    0.030011533 

BBB first bond length
0.62913733    0.0053893025

BBB second bond length
0.62964454    0.0051416898

BBB <phi**2>/<phi>**2
1.1289233     0.014591588 

Time = 1500
Temperature
1.0288944     0.00077211706

Pressure
23.844622     0.010501792 

CM Mom
1.2173194e-18  2.8769239e-17 
1.5786778e-17  1.2608884e-17 
-2.6890677e-18 1.6491056e-17 
3.6223736e-17  1.4296303e-17 

CM Pos
24.999683      0.012381815   
25.002794      0.010463815   
24.999541      0.012494737   
43.302439      0.0084223969  

Stress
20.7665      0.00172901   -0.00268427   0.0100795    0.00482732   0.00435316  
0.00172901   20.7551      -0.00589412   0.00482732   0.0136383    0.00784298  
-0.00268427  -0.00589412  20.7526       0.00435316   0.00784298   0.0137236   

Stress Spherical
0            0            0             0            0            0           
0            0            0             0            0            0           
0            0            0             0            0            0           

Inertia
1666.71      -625.056     -624.94       0.90258      0.418379     0.233108    
-625.056     1666.57      -624.964      0.418379     0.392295     0.637374    
-624.94      -624.964     1666.79       0.233108     0.637374     0.411736    

Bond Length
0.6286718     0.0037739979

BB bond length
0.6286718     0.0037739979

Water EE distance
0             0           

PEG EE distance
5.5495216     0.307469    

BBB P2(x)
0.083643503   0.011349037 

BBB first bond length
0.62879115    0.0047653662

BBB second bond length
0.62873543    0.0037269074

BBB <phi**2>/<phi>**2
1.1149334     0.0094093573

Time = 2000
Temperature
1.0282271     0.0013256273

Pressure
23.834508     0.014646461 

CM Mom
-6.9410367e-18 1.6319218e-17 
1.0056181e-17  1.1700401e-17 
3.7283373e-18  2.1575936e-17 
2.9733005e-17  1.2161042e-17 

CM Pos
25.001417      0.012000895   
25.001407      0.0090216591  
24.998021      0.01216721    
43.301762      0.0063367797  

Stress
20.7536      0.00910601   -0.00598377   0.0207832    0.00627022   0.00392917  
0.00910601   20.7417      -0.00211194   0.00627022   0.024977     0.00439715  
-0.00598377  -0.00211194  20.7545       0.00392917   0.00439715   0.0151433   

Stress Spherical
0            0            0             0            0            0           
0            0            0             0            0            0           
0            0            0             0            0            0           

Inertia
1666.56      -625.067     -624.937      0.826819     0.166404     0.270322    
-625.067     1666.62      -624.975      0.166404     0.315764     0.539765    
-624.937     -624.975     1666.74       0.270322     0.539765     0.393716    

Bond Length
0.62465779    0.0062220213

BB bond length
0.62465779    0.0062220213

Water EE distance
0             0           

PEG EE distance
5.7385032     0.50876318  

BBB P2(x)
0.069583318   0.031901136 

BBB first bond length
0.62460264    0.0061641091

BBB second bond length
0.62496515    0.00515495  

BBB <phi**2>/<phi>**2
1.1085299     0.011430077 

Time = 2500
Temperature
1.0298178     0.001098083 

Pressure
23.841271     0.0085264176

CM Mom
-2.664479e-17  1.9769727e-17 
9.8163037e-18  1.3351566e-17 
1.3530652e-17  2.1998856e-17 
4.1304185e-17  1.8341307e-17 

CM Pos
25.000137      0.0085608824  
24.999354      0.010171355   
25.002554      0.0085430865  
43.302453      0.0067302289  

Stress
20.7548      -0.0032852   0.00152297    0.0164686    0.0120466    0.0088958   
-0.0032852   20.7496      -0.00550519   0.0120466    0.00573847   0.0093745   
0.00152297   -0.00550519  20.7514       0.0088958    0.0093745    0.0164937   

Stress Spherical
0            0            0             0            0            0           
0            0            0             0            0            0           
0            0            0             0            0            0           

Inertia
1666.79      -625.078     -625.1        0.706383     0.0214453    0.15315     
-625.078     1666.79      -625.078      0.0214453    0.189931     0.426303    
-625.1       -625.078     1666.67       0.15315      0.426303     0.283018    

Bond Length
0.62525407    0.0045448329

BB bond length
0.62525407    0.0045448329

Water EE distance
0             0           

PEG EE distance
5.9739666     0.12092329  

BBB P2(x)
0.073705156   0.019316931 

BBB first bond length
0.62545481    0.0048170312

BBB second bond length
0.62517285    0.0044846359

BBB <phi**2>/<phi>**2
1.1167885     0.011219132 

Time = 3000
Temperature
1.0294455     0.00052184192

Pressure
23.842251     0.010616616 

CM Mom
-1.9678735e-17 9.5254032e-18 
8.8675432e-18  1.8119887e-17 
1.7261942e-17  4.6665331e-18 
3.3719313e-17  8.2285284e-18 

CM Pos
24.99515       0.015458869   
24.999514      0.0026326875  
25.000688      0.0044811315  
43.298588      0.0092460378  

Stress
20.7504      0.00146827   0.0035202     0.0120757    0.00832649   0.00947418  
0.00146827   20.7579      -0.0039484    0.00832649   0.0191541    0.00565813  
0.0035202    -0.0039484   20.7538       0.00947418   0.00565813   0.0072119   

Stress Spherical
0            0            0             0            0            0           
0            0            0             0            0            0           
0            0            0             0            0            0           

Inertia
1666.59      -624.884     -624.92       0.269833     0.379324     0.447594    
-624.884     1666.44      -625.065      0.379324     0.990424     0.087971    
-624.92      -625.065     1666.39       0.447594     0.087971     0.725802    

Bond Length
0.62867602    0.004198016 

BB bond length
0.62867602    0.004198016 

Water EE distance
0             0           

PEG EE distance
5.9838212     0.45978879  

BBB P2(x)
0.10875769    0.021100185 

BBB first bond length
0.62863055    0.0044371824

BBB second bond length
0.62907086    0.0044955995

BBB <phi**2>/<phi>**2
1.1212271     0.011237134 

Time = 3500
Temperature
1.0293048     0.0013412011

Pressure
23.841254     0.0092612629

CM Mom
8.5869564e-19  2.5203146e-17 
5.0153889e-18  1.9228615e-17 
2.4760059e-17  2.323239e-17  
3.9414109e-17  2.5103031e-17 

CM Pos
25.006404      0.014896358   
24.996207      0.0066013279  
24.997114      0.0048382648  
43.301114      0.0086901325  

Stress
20.7518      0.00202337   0.000692733   0.0183464    0.0166223    0.00302     
0.00202337   20.7602      -0.000610594  0.0166223    0.0136957    0.00781093  
0.000692733  -0.000610594 20.7484       0.00302      0.00781093   0.00434194  

Stress Spherical
0            0            0             0            0            0           
0            0            0             0            0            0           
0            0            0             0            0            0           

Inertia
1666.35      -625.049     -625.167      0.356457     0.259516     0.425127    
-625.049     1666.83      -624.898      0.259516     0.962431     0.149488    
-625.167     -624.898     1666.78       0.425127     0.149488     0.703683    

Bond Length
0.63025468    0.0032267367

BB bond length
0.63025468    0.0032267367

Water EE distance
0             0           

PEG EE distance
6.1193739     0.376516    

BBB P2(x)
0.049762324   0.032146219 

BBB first bond length
0.63024044    0.0028796988

BBB second bond length
0.63035046    0.0040238577

BBB <phi**2>/<phi>**2
1.1098666     0.0050723238

Time = 4000
Temperature
1.0289634     0.00095266437

Pressure
23.842054     0.0075134673

CM Mom
-2.5297932e-17 1.2165587e-17 
2.603136e-17   1.7585912e-17 
2.3449625e-17  1.9044197e-17 
4.8467068e-17  1.8395451e-17 

CM Pos
24.999283      0.01587736    
25.003567      0.0087457969  
25.000554      0.0037625138  
43.30324       0.0062592569  

Stress
20.7557      0.00643749   5.69812e-05   0.00825755   0.00500874   0.00687756  
0.00643749   20.7628      0.00650059    0.00500874   0.0190302    0.0116246   
5.69812e-05  0.00650059   20.7473       0.00687756   0.0116246    0.0102168   

Stress Spherical
0            0            0             0            0            0           
0            0            0             0            0            0           
0            0            0             0            0            0           

Inertia
1666.87      -625.049     -625.054      0.36036      0.301143     0.501727    
-625.049     1666.67      -625.02       0.301143     0.865381     0.183463    
-625.054     -625.02      1666.82       0.501727     0.183463     0.636942    

Bond Length
0.62566654    0.0039061173

BB bond length
0.62566654    0.0039061173

Water EE distance
0             0           

PEG EE distance
7.0820252     0.2394695   

BBB P2(x)
0.071678884   0.038650287 

BBB first bond length
0.62613863    0.0046588014

BBB second bond length
0.62623856    0.0040670055

BBB <phi**2>/<phi>**2
1.115153      0.013231166 

Time = 4500
Temperature
1.0291692     0.0010777351

Pressure
23.837932     0.005401529 

CM Mom
-1.857926e-17  6.1832997e-18 
2.5356895e-17  1.8219582e-17 
1.4763108e-17  4.8153169e-18 
3.8497673e-17  1.0835736e-17 

CM Pos
24.99859       0.0092846616  
25.001354      0.010249711   
25.002394      0.0021867541  
43.302622      0.0036799073  

Stress
20.752       -0.000153763 -0.00498814   0.0137666    0.00958665   0.00646621  
-0.000153763 20.7491      -0.00152706   0.00958665   0.0119957    0.0148163   
-0.00498814  -0.00152706  20.7505       0.00646621   0.0148163    0.012729    

Stress Spherical
0            0            0             0            0            0           
0            0            0             0            0            0           
0            0            0             0            0            0           

Inertia
1666.83      -624.999     -625.003      0.441527     0.176356     0.231502    
-624.999     1666.72      -625.056      0.176356     0.507408     0.302482    
-625.003     -625.056     1666.63       0.231502     0.302482     0.276226    

Bond Length
0.63098379    0.004137918 

BB bond length
0.63098379    0.004137918 

Water EE distance
0             0           

PEG EE distance
6.6679117     0.38516496  

BBB P2(x)
0.095178946   0.0248992   

BBB first bond length
0.6311284     0.0045464825

BBB second bond length
0.63151465    0.0049819233

BBB <phi**2>/<phi>**2
1.1184091     0.011708386 

Time = 5000
Temperature
1.0270849     0.0016527511

Pressure
23.836037     0.011737042 

CM Mom
-1.8250961e-17 2.0297249e-17 
2.0769699e-18  1.5627772e-17 
2.7531731e-17  1.4040842e-17 
4.0967563e-17  1.6444366e-17 

CM Pos
25.001177      0.0093531159  
24.99946       0.0077212184  
25.003461      0.0046963991  
43.303638      0.0075398203  

Stress
20.7458      -0.00271201  0.000770008   0.0124036    0.00516359   0.00854773  
-0.00271201  20.7692      0.00660954    0.00516359   0.0113383    0.00576492  
0.000770008  0.00660954   20.7497       0.00854773   0.00576492   0.018539    

Stress Spherical
0            0            0             0            0            0           
0            0            0             0            0            0           
0            0            0             0            0            0           

Inertia
1666.83      -624.989     -625.113      0.346595     0.304254     0.263273    
-624.989     1666.9       -625.105      0.304254     0.639997     0.229791    
-625.113     -625.105     1666.73       0.263273     0.229791     0.655344    

Bond Length
0.62368604    0.0017677524

BB bond length
0.62368604    0.0017677524

Water EE distance
0             0           

PEG EE distance
6.3012949     0.30602403  

BBB P2(x)
0.089931255   0.031880722 

BBB first bond length
0.62401533    0.0018842419

BBB second bond length
0.6245678     0.0015954794

BBB <phi**2>/<phi>**2
1.125086      0.010293606 

Time = 5500
Temperature
1.0286247     0.0011634139

Pressure
23.838034     0.0052685137

CM Mom
-1.4849361e-17 1.3981568e-17 
7.3215032e-18  1.9774172e-17 
2.0215276e-17  1.2294925e-17 
3.5618523e-17  1.2318822e-17 

CM Pos
24.996083      0.011625847   
24.99906       0.010254082   
24.998074      0.0058056091  
43.297357      0.0063129109  

Stress
20.7563      -0.00577016  0.000555258   0.0045958    0.00455489   0.00746635  
-0.00577016  20.7471      0.0110426     0.00455489   0.00658137   0.0108889   
0.000555258  0.0110426    20.7535       0.00746635   0.0108889    0.00741204  

Stress Spherical
0            0            0             0            0            0           
0            0            0             0            0            0           
0            0            0             0            0            0           

Inertia
1666.47      -624.833     -624.823      0.390369     0.202414     0.454633    
-624.833     1666.35      -624.909      0.202414     0.910556     0.139235    
-624.823     -624.909     1666.38       0.454633     0.139235     0.438865    

Bond Length
0.62719338    0.0055212394

BB bond length
0.62719338    0.0055212394

Water EE distance
0             0           

PEG EE distance
6.4828449     0.084590611 

BBB P2(x)
0.095611091   0.036211637 

BBB first bond length
0.62619719    0.0049347597

BBB second bond length
0.62789617    0.0057962185

BBB <phi**2>/<phi>**2
1.1158307     0.012732033 

Time = 6000
Temperature
1.0281315     0.00089665361

Pressure
23.833277     0.009255419 

CM Mom
-1.5875277e-17 8.4550266e-18 
1.3188882e-17  9.0067624e-18 
1.3041349e-17  1.6214886e-17 
3.0718144e-17  8.2447074e-18 

CM Pos
25.004697      0.014963094   
24.999114      0.0075175579  
25.001381      0.0085017805  
43.30427       0.010990312   

Stress
20.7489      0.00199395   -0.00220534   0.00889573   0.00678919   0.00433009  
0.00199395   20.7524      0.00174327    0.00678919   0.013081     0.00611673  
-0.00220534  0.00174327   20.7458       0.00433009   0.00611673   0.00845863  

Stress Spherical
0            0            0             0            0            0           
0            0            0             0            0            0           
0            0            0             0            0            0           

Inertia
1666.66      -625.041     -625.161      0.36577      0.348752     0.611071    
-625.041     1666.98      -625.041      0.348752     1.20967      0.157402    
-625.161     -625.041     1666.83       0.611071     0.157402     0.694531    

Bond Length
0.62721586    0.0065581431

BB bond length
0.62721586    0.0065581431

Water EE distance
0             0           

PEG EE distance
4.8065751     0.58646504  

BBB P2(x)
0.080389862   0.040058988 

BBB first bond length
0.62719858    0.005541252 

BBB second bond length
0.62720299    0.0061576029

BBB <phi**2>/<phi>**2
1.1280215     0.014057789 

Time = 6500
Temperature
1.0292435     0.0014614602

Pressure
23.83139      0.013299168 

CM Mom
-1.9448806e-17 6.9731291e-18 
1.6192214e-17  1.4545169e-17 
1.2810443e-17  1.3866506e-17 
3.4116309e-17  9.6485896e-18 

CM Pos
25.003177      0.013973231   
24.997327      0.0064495129  
24.998767      0.0043997719  
43.300852      0.0058503277  

Stress
20.7427      0.0031825    -0.0041011    0.0136083    0.00759558   0.00792564  
0.0031825    20.7395      0.00256935    0.00759558   0.0133953    0.00825918  
-0.0041011   0.00256935   20.7491       0.00792564   0.00825918   0.00780482  

Stress Spherical
0            0            0             0            0            0           
0            0            0             0            0            0           
0            0            0             0            0            0           

Inertia
1666.5       -624.991     -625.028      0.183118     0.308768     0.339193    
-624.991     1666.76      -624.957      0.308768     0.743757     0.123261    
-625.028     -624.957     1666.69       0.339193     0.123261     0.634022    

Bond Length
0.62707784    0.0041622085

BB bond length
0.62707784    0.0041622085

Water EE distance
0             0           

PEG EE distance
5.3343897     0.41406515  

BBB P2(x)
0.11283183    0.015947989 

BBB first bond length
0.62738976    0.0041864351

BBB second bond length
0.62702362    0.0048499769

BBB <phi**2>/<phi>**2
1.1399671     0.0078297553

Time = 7000
Temperature
1.0284382     0.00095740601

Pressure
23.837933     0.011755647 

CM Mom
-1.6173192e-18 3.1285894e-17 
1.3104205e-17  1.0857345e-17 
1.3585203e-17  8.1656278e-18 
3.3795913e-17  1.9496063e-17 

CM Pos
24.995337      0.0063267195  
25.00154       0.0096567394  
25.003354      0.004345777   
43.301406      0.0032138988  

Stress
20.7479      -0.00119671  0.00261637    0.0182332    0.00891579   0.0087288   
-0.00119671  20.7497      -0.000691044  0.00891579   0.0040466    0.0115193   
0.00261637   -0.000691044 20.7606       0.0087288    0.0115193    0.0146687   

Stress Spherical
0            0            0             0            0            0           
0            0            0             0            0            0           
0            0            0             0            0            0           

Inertia
1666.84      -624.937     -625.008      0.302123     0.261316     0.24179     
-624.937     1666.57      -625.095      0.261316     0.477025     0.170041    
-625.008     -625.095     1666.47       0.24179      0.170041     0.442307    

Bond Length
0.62857435    0.0068625321

BB bond length
0.62857435    0.0068625321

Water EE distance
0             0           

PEG EE distance
6.1834913     0.33223126  

BBB P2(x)
0.084738731   0.020496757 

BBB first bond length
0.62847167    0.0065225444

BBB second bond length
0.62849026    0.0067684188

BBB <phi**2>/<phi>**2
1.1227577     0.015782221 

Time = 7500
Temperature
1.0287989     0.00039907679

Pressure
23.836266     0.0084466113

CM Mom
-1.3220783e-17 8.1789362e-18 
2.2026137e-17  2.0393716e-17 
5.1239804e-18  1.242523e-17  
3.1722448e-17  1.7806354e-17 

CM Pos
25.002537      0.0060743922  
24.99802       0.0094448212  
24.999008      0.0087944508  
43.301021      0.0021329356  

Stress
20.7449      0.000667122  0.000496694   0.01136      0.00354837   0.00640199  
0.000667122  20.7546      -0.00331847   0.00354837   0.00961947   0.00860307  
0.000496694  -0.00331847  20.7505       0.00640199   0.00860307   0.0117553   

Stress Spherical
0            0            0             0            0            0           
0            0            0             0            0            0           
0            0            0             0            0            0           

Inertia
1666.54      -625.004     -624.97       0.382961     0.242945     0.180687    
-625.004     1666.71      -624.929      0.242945     0.453185     0.182146    
-624.97      -624.929     1666.67       0.180687     0.182146     0.445862    

Bond Length
0.62876724    0.005971027 

BB bond length
0.62876724    0.005971027 

Water EE distance
0             0           

PEG EE distance
5.6896448     0.48575023  

BBB P2(x)
0.092294966   0.022075108 

BBB first bond length
0.62903248    0.0064880745

BBB second bond length
0.62879492    0.0064989157

BBB <phi**2>/<phi>**2
1.1258687     0.010872871 

Time = 8000
Temperature
1.0292557     0.0012524362

Pressure
23.843918     0.0095831593

CM Mom
-1.5021415e-17 1.1321372e-17 
2.4176814e-17  9.6148586e-18 
2.3022076e-17  3.5915875e-17 
4.8669455e-17  2.1955191e-17 

CM Pos
25.002137      0.010719102   
25.00074       0.0087763182  
25.000714      0.004684421   
43.303346      0.0028091153  

Stress
20.7589      0.0022317    -0.013781     0.0157554    0.0110241    0.00958821  
0.0022317    20.7599      0.00131648    0.0110241    0.00468603   0.00874793  
-0.013781    0.00131648   20.75         0.00958821   0.00874793   0.0152675   

Stress Spherical
0            0            0             0            0            0           
0            0            0             0            0            0           
0            0            0             0            0            0           

Inertia
1666.73      -625.086     -625.061      0.606967     0.170412     0.223625    
-625.086     1666.8       -625.079      0.170412     0.424194     0.178175    
-625.061     -625.079     1666.8        0.223625     0.178175     0.257697    

Bond Length
0.62866888    0.0034664437

BB bond length
0.62866888    0.0034664437

Water EE distance
0             0           

PEG EE distance
5.8348956     0.43791744  

BBB P2(x)
0.073992698   0.026644075 

BBB first bond length
0.6293749     0.0026584437

BBB second bond length
0.62856236    0.0035425806

BBB <phi**2>/<phi>**2
1.1154694     0.011988965 

Time = 8500
Temperature
1.0289624     0.0013543406

Pressure
23.829782     0.0090935158

CM Mom
-2.6063217e-17 7.9055632e-18 
1.9727439e-17  8.4479123e-18 
2.893727e-18   8.4240754e-18 
3.4973178e-17  7.6513921e-18 

CM Pos
25.00243       0.010871019   
24.99762       0.0095284076  
24.998607      0.003588173   
43.300498      0.0041405565  

Stress
20.7487      0.00665025   0.00261371    0.00825278   0.00719472   0.00679173  
0.00665025   20.7432      0.00589615    0.00719472   0.0211848    0.0100264   
0.00261371   0.00589615   20.7371       0.00679173   0.0100264    0.00968429  

Stress Spherical
0            0            0             0            0            0           
0            0            0             0            0            0           
0            0            0             0            0            0           

Inertia
1666.49      -625.03      -624.942      0.346915     0.242562     0.356149    
-625.03      1666.76      -624.894      0.242562     0.711069     0.144738    
-624.942     -624.894     1666.68       0.356149     0.144738     0.345978    

Bond Length
0.62781341    0.0062259078

BB bond length
0.62781341    0.0062259078

Water EE distance
0             0           

PEG EE distance
6.4228263     0.61103152  

BBB P2(x)
0.072749011   0.020419072 

BBB first bond length
0.62796731    0.0059099815

BBB second bond length
0.62874074    0.0064347854

BBB <phi**2>/<phi>**2
1.1195028     0.0059682335

Time = 9000
Temperature
1.0283125     0.00083980395

Pressure
23.841715     0.0071766162

CM Mom
-2.4954004e-17 1.7686717e-17 
2.6503475e-17  6.059499e-18  
-2.7454101e-18 1.3972454e-17 
4.1618849e-17  1.205455e-17  

CM Pos
24.997843      0.0097309825  
25.00074       0.0084988523  
25.001194      0.0065850405  
43.301144      0.0042369151  

Stress
20.7569      -0.000930558 -0.00604704   0.0159756    0.00518432   0.0105751   
-0.000930558 20.7541      -6.64284e-05  0.00518432   0.0136853    0.00540455  
-0.00604704  -6.64284e-05 20.7597       0.0105751    0.00540455   0.00716585  

Stress Spherical
0            0            0             0            0            0           
0            0            0             0            0            0           
0            0            0             0            0            0           

Inertia
1666.75      -625.031     -625.085      0.629156     0.0565569    0.143631    
-625.031     1666.6       -625.03       0.0565569    0.487689     0.31513     
-625.085     -625.03      1666.6        0.143631     0.31513      0.122536    

Bond Length
0.63040967    0.006357345 

BB bond length
0.63040967    0.006357345 

Water EE distance
0             0           

PEG EE distance
6.6905263     0.22957279  

BBB P2(x)
0.077263359   0.012157344 

BBB first bond length
0.63071816    0.0065650367

BBB second bond length
0.63068272    0.0066875118

BBB <phi**2>/<phi>**2
1.1166182     0.0069679383

Time = 9500
Temperature
1.0288678     0.00096462218

Pressure
23.835463     0.0088684366

CM Mom
-1.953669e-17  1.5440305e-17 
9.5199363e-18  1.2219104e-17 
8.8668622e-18  4.7924883e-17 
4.773418e-17   3.0933553e-17 

CM Pos
24.994003      0.0060102469  
24.99826       0.0037124703  
25.001674      0.0042412597  
43.297771      0.0029283447  

Stress
20.7396      -0.00303156  -0.00756185   0.0153535    0.00421335   0.0119625   
-0.00303156  20.7508      -0.00330922   0.00421335   0.0237024    0.0051683   
-0.00756185  -0.00330922  20.7566       0.0119625    0.0051683    0.00835241  

Stress Spherical
0            0            0             0            0            0           
0            0            0             0            0            0           
0            0            0             0            0            0           

Inertia
1666.64      -624.769     -624.898      0.324639     0.110568     0.107112    
-624.769     1666.44      -625.057      0.110568     0.398129     0.161038    
-624.898     -625.057     1666.28       0.107112     0.161038     0.223285    

Bond Length
0.62871709    0.0046663575

BB bond length
0.62871709    0.0046663575

Water EE distance
0             0           

PEG EE distance
6.0690403     0.32819944  

BBB P2(x)
0.056102458   0.031412729 

BBB first bond length
0.62870817    0.0046755574

BBB second bond length
0.62889499    0.0033188999

BBB <phi**2>/<phi>**2
1.1140359     0.0095211969

Time = 10000
Temperature
1.0289848     0.00035813714

Pressure
23.838874     0.0043947242

CM Mom
-8.0980908e-18 1.249045e-17  
1.385408e-17   1.0160965e-17 
5.1323222e-19  1.6233497e-17 
2.5102691e-17  1.2264416e-17 

CM Pos
25.001817      0.006285557   
24.99714       0.0075392847  
25.001274      0.0054086213  
43.301405      0.0033203385  

Stress
20.7473      0.00227645   0.00317729    0.0118597    0.00821758   0.00199844  
0.00227645   20.7472      0.00051405    0.00821758   0.010112     0.00779849  
0.00317729   0.00051405   20.7617       0.00199844   0.00779849   0.00608501  

Stress Spherical
0            0            0             0            0            0           
0            0            0             0            0            0           
0            0            0             0            0            0           

Inertia
1666.62      -624.944     -625.115      0.271851     0.196284     0.119959    
-624.944     1666.84      -624.98       0.196284     0.338397     0.259437    
-625.115     -624.98      1666.63       0.119959     0.259437     0.428188    

Bond Length
0.62636338    0.0037134113

BB bond length
0.62636338    0.0037134113

Water EE distance
0             0           

PEG EE distance
6.5067056     0.35800695  

BBB P2(x)
0.10162552    0.030108485 

BBB first bond length
0.62679225    0.0039371113

BBB second bond length
0.62567112    0.0034352874

BBB <phi**2>/<phi>**2
1.1325611     0.013422589 

