Time = 500
Temperature
   1.0388719   0.045376162

Pressure
   19.768653    0.22431754

CM Mom
-1.3059899e-17 1.1534686e-17 
-1.2733073e-17 1.9740262e-17 
-3.6250323e-17 8.8561961e-18 
4.5373465e-17  1.3754482e-17 

CM Pos
7.5086438      0.01678007    
7.4818827      0.052358444   
7.5208627      0.032309473   
12.997129      0.019660958   

Stress
16.6394      -0.0167466   0.0179201     0.0815931    0.0415791    0.0563827   
-0.0167466   16.6752      0.0345785     0.0415791    0.215654     0.0347153   
0.0179201    0.0345785    16.6434       0.0563827    0.0347153    0.0643495   

Stress Spherical
0            0            0             0            0            0           
0            0            0             0            0            0           
0            0            0             0            0            0           

Inertia
148.88       -56.1408     -56.5216      0.348064     0.486131     0.154585    
-56.1408     149.208      -56.3041      0.486131     0.648632     0.141468    
-56.5216     -56.3041     148.753       0.154585     0.141468     0.662751    

Bond Length
0.61236704    0.0014560163

BB bond length
0.61236704    0.0014560163

Water EE distance
0             0           

PEG EE distance
3.745297      0.074400305 

Time = 1000
Temperature
1.0113583     0.0040581767

Pressure
19.559771     0.029971569 

CM Mom
-3.1726024e-17 2.222345e-17  
-4.2417253e-17 2.068678e-17  
-1.914622e-17  9.1759378e-18 
6.0840046e-17  2.1836962e-17 

CM Pos
7.5006422      0.017111765   
7.4981822      0.038678564   
7.484411       0.019374445   
12.980767      0.024868905   

Stress
16.5046      0.0340095    0.0318843     0.0951031    0.0474793    0.06593     
0.0340095    16.5395      -0.0486825    0.0474793    0.0990553    0.0940718   
0.0318843    -0.0486825   16.5348       0.06593      0.0940718    0.0936891   

Stress Spherical
0            0            0             0            0            0           
0            0            0             0            0            0           
0            0            0             0            0            0           

Inertia
148.764      -56.188      -56.2098      0.320088     0.439768     0.126562    
-56.188      148.789      -56.2032      0.439768     0.242904     0.224141    
-56.2098     -56.2032     149.206       0.126562     0.224141     0.646076    

Bond Length
0.61253234    0.0010946246

BB bond length
0.61253234    0.0010946246

Water EE distance
0             0           

PEG EE distance
3.6519835     0.059358139 

