Time = 1000
Temperature
   1.2272495    0.36981399

Pressure
   23.847375      1.483298

CM Mom
-2.3096113e-17 2.6699383e-17 
8.4914525e-18  5.2314234e-17 
-1.2417995e-16 6.4055536e-16 
3.2415126e-16  5.6983591e-16 

CM Pos
7.4967488      0.015218358   
7.4952683      0.017523187   
7.5036251      0.012446733   
12.987883      0.01619235    

Stress
20.1954      0.0288754    -0.00921222   0.435755     0.0668517    0.0476302   
0.0288754    20.1954      0.0172515     0.0668517    0.482748     0.070532    
-0.00921222  0.0172515    20.1355       0.0476302    0.070532     0.305225    

Stress Spherical
0            0            0             0            0            0           
0            0            0             0            0            0           
0            0            0             0            0            0           

Inertia
150.211      -56.2074     -56.2356      1.436        0.194952     0.173823    
-56.2074     150.228      -56.288       0.194952     1.514        0.151096    
-56.2356     -56.288      150.111       0.173823     0.151096     1.31186     

Bond Length
0.6191621     0.011027937 

BB bond length
0.6191621     0.011027937 

Water EE distance
0             0           

PEG EE distance
7.2430589     0.13143411  

BBB P2(x)
0.4705267     0.0628922   

BBB first bond length
0.6191439     0.011099225 

BBB second bond length
0.61916075    0.010807431 

BBB <phi**2>/<phi>**2
1.2171865     0.011792809 

Time = 2000
Temperature
1.0128844     0.0073492618

Pressure
22.931992     0.10765595  

CM Mom
-3.9602682e-17 1.3985707e-17 
-4.8106366e-18 1.5453266e-17 
-1.4234009e-17 6.909037e-17  
7.7496334e-17  3.1564577e-17 

CM Pos
7.5004624      0.014914466   
7.5104198      0.012781714   
7.5006542      0.012744544   
12.997057      0.014697634   

Stress
19.8801      0.00314771   -0.0104033    0.19679      0.0715867    0.09135     
0.00314771   19.9558      -0.0280112    0.0715867    0.152417     0.0769682   
-0.0104033   -0.0280112   19.8684       0.09135      0.0769682    0.127857    

Stress Spherical
0            0            0             0            0            0           
0            0            0             0            0            0           
0            0            0             0            0            0           

Inertia
150.067      -56.2856     -56.2497      0.323995     0.182757     0.200743    
-56.2856     149.903      -56.3108      0.182757     0.326674     0.140815    
-56.2497     -56.3108     150.06        0.200743     0.140815     0.290311    

Bond Length
0.61539247    0.0028877976

BB bond length
0.61539247    0.0028877976

Water EE distance
0             0           

PEG EE distance
7.31281       0.076001072 

BBB P2(x)
0.50784759    0.0098046269

BBB first bond length
0.61527733    0.002854323 

BBB second bond length
0.61546436    0.0028829135

BBB <phi**2>/<phi>**2
1.2238384     0.0063495725

