Time = 1000
Temperature
   1.7130379     1.4460781

Pressure
   29.269772     3.7904104

CM Mom
-2.3914757e-17 2.1084734e-17 
-5.7541708e-18 5.877158e-17  
-1.4897394e-16 4.5201739e-16 
3.6044108e-16  3.1796049e-16 

CM Pos
9.9914956      0.042125324   
9.9987127      0.019183428   
9.9931753      0.020673622   
17.310985      0.012490231   

Stress
24.1077      0.0485572    0.00437925    1.01507      0.0486337    0.0432063   
0.0485572    24.1614      -0.0197931    0.0486337    0.973102     0.087973    
0.00437925   -0.0197931   24.13         0.0432063    0.087973     0.914192    

Stress Spherical
0            0            0             0            0            0           
0            0            0             0            0            0           
0            0            0             0            0            0           

Inertia
267.423      -99.9322     -99.8196      6.39159      0.381374     0.303867    
-99.9322     267.306      -99.906       0.381374     5.36343      0.301486    
-99.8196     -99.906      267.412       0.303867     0.301486     5.28019     

Bond Length
0.61823274    0.038696465 

BB bond length
0.61823274    0.038696465 

Water EE distance
0             0           

PEG EE distance
7.6878077     0.41702856  

BBB P2(x)
0.11712031    0.040919449 

BBB first bond length
0.61863409    0.039540471 

BBB second bond length
0.61863993    0.039017152 

BBB <phi**2>/<phi>**2
1.1318946     0.013573946 

Time = 2000
Temperature
1.0177587     0.0062419556

Pressure
26.732531     0.061133558 

CM Mom
-5.0711342e-17 1.9573284e-17 
9.861797e-18   2.2645994e-17 
-2.538046e-17  1.0350605e-16 
1.0946817e-16  5.421474e-17  

CM Pos
10.004085      0.011138451   
9.9997966      0.015823252   
10.004014      0.0090905574  
17.325078      0.0082350477  

Stress
23.6962      0.0191273    -0.000413939  0.0669452    0.0568359    0.0592257   
0.0191273    23.6497      0.0197892     0.0568359    0.0895813    0.0529707   
-0.000413939 0.0197892    23.696        0.0592257    0.0529707    0.0860033   

Stress Spherical
0            0            0             0            0            0           
0            0            0             0            0            0           
0            0            0             0            0            0           

Inertia
267.112      -100.093     -100.124      1.22137      0.140466     0.168478    
-100.093     267.235      -100.097      0.140466     0.95302      0.198709    
-100.124     -100.097     267.129       0.168478     0.198709     1.15071     

Bond Length
0.60145246    0.00046000259

BB bond length
0.60145246    0.00046000259

Water EE distance
0             0           

PEG EE distance
6.8573714     0.19269656  

BBB P2(x)
0.075847598   0.0059311374

BBB first bond length
0.60156755    0.00049132634

BBB second bond length
0.60159411    0.0004407632

BBB <phi**2>/<phi>**2
1.1196175     0.0023791626

Time = 3000
Temperature
1.0125218     0.0049353583

Pressure
26.649215     0.036958564 

CM Mom
-4.5959086e-17 1.1647222e-17 
6.3688916e-18  1.8442133e-17 
-4.4535614e-17 3.5758564e-17 
7.4920646e-17  1.6660224e-17 

CM Pos
9.9970815      0.0077230136  
9.9965451      0.010364931   
10.000679      0.0088503519  
17.317226      0.0070213798  

Stress
23.5917      0.00972877   -0.00756335   0.057104     0.0667765    0.075344    
0.00972877   23.6055      0.0138933     0.0667765    0.0789663    0.061174    
-0.00756335  0.0138933    23.6419       0.075344     0.061174     0.0365803   

Stress Spherical
0            0            0             0            0            0           
0            0            0             0            0            0           
0            0            0             0            0            0           

Inertia
266.723      -99.9243     -99.9343      0.232373     0.106648     0.127118    
-99.9243     266.771      -99.9412      0.106648     0.216764     0.164064    
-99.9343     -99.9412     266.666       0.127118     0.164064     0.234868    

Bond Length
0.60130055    0.00051066375

BB bond length
0.60130055    0.00051066375

Water EE distance
0             0           

PEG EE distance
6.4319202     0.12946093  

BBB P2(x)
0.068985906   0.0040193755

BBB first bond length
0.60143028    0.00056654922

BBB second bond length
0.60141969    0.00048659671

BBB <phi**2>/<phi>**2
1.1174155     0.0014022755

Time = 4000
Temperature
1.0112629     0.0040733319

Pressure
26.702184     0.071194703 

CM Mom
-5.2482353e-17 1.3722383e-17 
3.2955537e-17  2.7215068e-17 
-7.6716184e-17 2.7881222e-17 
1.0522036e-16  1.8995803e-17 

CM Pos
9.9969981      0.012803437   
10.000714      0.0074457838  
9.9999284      0.011707692   
17.319154      0.0090594419  

Stress
23.6737      -0.023867    0.0219234     0.0902837    0.0371946    0.0746142   
-0.023867    23.6455      0.0136075     0.0371946    0.125364     0.0661619   
0.0219234    0.0136075    23.6901       0.0746142    0.0661619    0.0793919   

Stress Spherical
0            0            0             0            0            0           
0            0            0             0            0            0           
0            0            0             0            0            0           

Inertia
266.726      -99.9466     -99.9997      0.185899     0.212488     0.172055    
-99.9466     266.67       -99.9987      0.212488     0.330684     0.0877836   
-99.9997     -99.9987     266.655       0.172055     0.0877836    0.412128    

Bond Length
0.60082321    0.00083258615

BB bond length
0.60082321    0.00083258615

Water EE distance
0             0           

PEG EE distance
6.0351186     0.11325781  

BBB P2(x)
0.062768154   0.0041191374

BBB first bond length
0.60096794    0.0008647437

BBB second bond length
0.60098419    0.00088182673

BBB <phi**2>/<phi>**2
1.1160528     0.0014387904

Time = 5000
Temperature
1.0103495     0.0044973784

Pressure
26.665226     0.083631026 

CM Mom
-6.2948891e-17 1.8874731e-17 
4.1614851e-17  2.5251907e-17 
-9.2922055e-17 1.5168786e-17 
1.2315386e-16  1.9646891e-17 

CM Pos
9.9995826      0.010453409   
9.9973788      0.0068931682  
9.9961766      0.0086742474  
17.316552      0.0062846589  

Stress
23.6133      0.00545435   0.0105175     0.113072     0.0638269    0.0467867   
0.00545435   23.6487      -0.00178747   0.0638269    0.0993873    0.0423637   
0.0105175    -0.00178747  23.6447       0.0467867    0.0423637    0.103277    

Stress Spherical
0            0            0             0            0            0           
0            0            0             0            0            0           
0            0            0             0            0            0           

Inertia
266.545      -99.9629     -99.9582      0.183415     0.16663      0.144995    
-99.9629     266.598      -99.9039      0.16663      0.23738      0.109311    
-99.9582     -99.9039     266.621       0.144995     0.109311     0.235312    

Bond Length
0.60116477    0.00061197934

BB bond length
0.60116477    0.00061197934

Water EE distance
0             0           

PEG EE distance
5.7837425     0.082873808 

BBB P2(x)
0.062883498   0.0024667885

BBB first bond length
0.60130028    0.00059534609

BBB second bond length
0.60131329    0.00057097334

BBB <phi**2>/<phi>**2
1.1155612     0.001838015 

Time = 6000
Temperature
1.0121984     0.0044817214

Pressure
26.691314     0.045449906 

CM Mom
-8.5204839e-17 1.917385e-17  
3.144957e-17   2.1913417e-17 
-9.609684e-17  2.0407945e-17 
1.3572607e-16  1.8063666e-17 

CM Pos
10.003918      0.012101517   
9.9987127      0.0091039284  
9.9952596      0.0054949375  
17.319297      0.0065396541  

Stress
23.6491      -0.00716609  -0.0207208    0.0562885    0.0547631    0.0534816   
-0.00716609  23.6246      -0.0109006    0.0547631    0.0612192    0.0641362   
-0.0207208   -0.0109006   23.6946       0.0534816    0.0641362    0.103347    

Stress Spherical
0            0            0             0            0            0           
0            0            0             0            0            0           
0            0            0             0            0            0           

Inertia
266.552      -99.994      -99.9881      0.194918     0.1639       0.128456    
-99.994      266.652      -99.935       0.1639       0.189403     0.111684    
-99.9881     -99.935      266.764       0.128456     0.111684     0.317745    

Bond Length
0.60105891    0.00030096496

BB bond length
0.60105891    0.00030096496

Water EE distance
0             0           

PEG EE distance
5.6246294     0.045712443 

BBB P2(x)
0.059913883   0.0031453501

BBB first bond length
0.60117058    0.00029783069

BBB second bond length
0.6011887     0.00027460903

BBB <phi**2>/<phi>**2
1.1151102     0.0013831597

Time = 7000
Temperature
1.0120214     0.0027575005

Pressure
26.712439     0.045996637 

CM Mom
-7.5022665e-17 2.8057291e-17 
1.774464e-17   9.4596964e-18 
-1.0537157e-16 1.1418144e-17 
1.3274598e-16  2.0784982e-17 

CM Pos
10.003168      0.0085674151  
9.9947943      0.010245206   
9.995593       0.01250462    
17.316793      0.012663011   

Stress
23.6812      0.0125994    0.00381963    0.0973857    0.0485739    0.0528566   
0.0125994    23.6637      -0.0209625    0.0485739    0.0948648    0.0768274   
0.00381963   -0.0209625   23.6884       0.0528566    0.0768274    0.0643582   

Stress Spherical
0            0            0             0            0            0           
0            0            0             0            0            0           
0            0            0             0            0            0           

Inertia
266.452      -99.9766     -99.9975      0.342561     0.175504     0.178912    
-99.9766     266.644      -99.8794      0.175504     0.315902     0.185331    
-99.9975     -99.8794     266.636       0.178912     0.185331     0.352024    

Bond Length
0.60064709    0.00048983328

BB bond length
0.60064709    0.00048983328

Water EE distance
0             0           

PEG EE distance
5.4927055     0.060192896 

BBB P2(x)
0.056883341   0.0034224242

BBB first bond length
0.60075528    0.0005290377

BBB second bond length
0.60083468    0.00047497318

BBB <phi**2>/<phi>**2
1.1138495     0.0014595475

Time = 8000
Temperature
1.008893      0.0036467677

Pressure
26.678453     0.044707477 

CM Mom
-8.914302e-17  2.3226939e-17 
3.4374845e-18  3.3201543e-17 
-1.0604397e-16 1.5218159e-17 
1.433889e-16   2.2730292e-17 

CM Pos
9.9921625      0.013032655   
9.9951278      0.0089441     
10.002846      0.0091119416  
17.314821      0.011578155   

Stress
23.658       0.00829129   -0.0132021    0.0835705    0.0594219    0.0420934   
0.00829129   23.5974      -0.0335761    0.0594219    0.0783641    0.0656364   
-0.0132021   -0.0335761   23.7041       0.0420934    0.0656364    0.0490572   

Stress Spherical
0            0            0             0            0            0           
0            0            0             0            0            0           
0            0            0             0            0            0           

Inertia
266.591      -99.8731     -99.9484      0.195177     0.209494     0.11917     
-99.8731     266.519      -99.9825      0.209494     0.293561     0.112869    
-99.9484     -99.9825     266.369       0.11917      0.112869     0.447195    

Bond Length
0.60096297    0.00058246311

BB bond length
0.60096297    0.00058246311

Water EE distance
0             0           

PEG EE distance
5.3557252     0.028588197 

BBB P2(x)
0.054618278   0.0035614033

BBB first bond length
0.60111744    0.00064360719

BBB second bond length
0.60108978    0.00058468826

BBB <phi**2>/<phi>**2
1.1131637     0.0015267537

Time = 9000
Temperature
1.0113314     0.003471947 

Pressure
26.690609     0.064945458 

CM Mom
-1.0520299e-16 1.8541264e-17 
1.7620608e-17  1.7663311e-17 
-8.7614202e-17 2.061099e-17  
1.3970371e-16  2.4856808e-17 

CM Pos
9.9991657      0.0069534068  
9.9919596      0.0079448315  
10.005264      0.0059211408  
17.318429      0.0066149675  

Stress
23.641       -0.00358976  -0.0231195    0.0895715    0.0448644    0.0587816   
-0.00358976  23.6668      -0.0475317    0.0448644    0.127864     0.0563209   
-0.0231195   -0.0475317   23.6662       0.0587816    0.0563209    0.0623985   

Stress Spherical
0            0            0             0            0            0           
0            0            0             0            0            0           
0            0            0             0            0            0           

Inertia
266.573      -99.9056     -100.099      0.249389     0.118938     0.102197    
-99.9056     266.721      -100.047      0.118938     0.181167     0.111712    
-100.099     -100.047     266.458       0.102197     0.111712     0.237798    

Bond Length
0.60103126    0.0004360359

BB bond length
0.60103126    0.0004360359

Water EE distance
0             0           

PEG EE distance
5.3090991     0.028096475 

BBB P2(x)
0.053912506   0.0045261701

BBB first bond length
0.60120392    0.00038308542

BBB second bond length
0.60114843    0.00048868246

BBB <phi**2>/<phi>**2
1.1127124     0.0018893437

Time = 10000
Temperature
1.0100674     0.0048310134

Pressure
26.649854     0.043491677 

CM Mom
-8.0836769e-17 1.230032e-17  
3.1972366e-17  2.2442296e-17 
-5.0171017e-17 2.7352544e-17 
1.0476999e-16  2.2367646e-17 

CM Pos
9.9868268      0.012417603   
10.006633      0.0076270156  
10.003847      0.0070452656  
17.318965      0.009181345   

Stress
23.6009      -0.0152223   0.0253775     0.0903153    0.0524946    0.0473812   
-0.0152223   23.6305      -0.0155895    0.0524946    0.103369     0.035679    
0.0253775    -0.0155895   23.6317       0.0473812    0.035679     0.0447569   

Stress Spherical
0            0            0             0            0            0           
0            0            0             0            0            0           
0            0            0             0            0            0           

Inertia
266.835      -99.9316     -99.9079      0.149463     0.12884      0.155164    
-99.9316     266.474      -100.115      0.12884      0.346057     0.128208    
-99.9079     -100.115     266.537       0.155164     0.128208     0.26957     

Bond Length
0.60137201    0.00043442677

BB bond length
0.60137201    0.00043442677

Water EE distance
0             0           

PEG EE distance
5.2281173     0.033348161 

BBB P2(x)
0.055262795   0.0048338482

BBB first bond length
0.60156433    0.00046869845

BBB second bond length
0.60148799    0.0004837877

BBB <phi**2>/<phi>**2
1.1130668     0.0022996311

Time = 11000
Temperature
1.0109249     0.0053985375

Pressure
26.754704     0.059236834 

CM Mom
-1.027249e-16  1.6090694e-17 
5.7339231e-18  2.587218e-17  
-3.708318e-17  1.9368853e-17 
1.1358161e-16  1.9055077e-17 

CM Pos
9.9991657      0.0082432496  
9.9990462      0.01084343    
9.9936755      0.011279834   
17.315831      0.010462824   

Stress
23.7474      0.0169203    -0.023826     0.0874352    0.048294     0.0453988   
0.0169203    23.7043      0.00906173    0.048294     0.0611121    0.0576923   
-0.023826    0.00906173   23.7182       0.0453988    0.0576923    0.0599477   

Stress Spherical
0            0            0             0            0            0           
0            0            0             0            0            0           
0            0            0             0            0            0           

Inertia
266.482      -100.03      -99.9339      0.40254      0.106447     0.084489    
-100.03      266.542      -99.9101      0.106447     0.205671     0.235791    
-99.9339     -99.9101     266.609       0.084489     0.235791     0.211376    

Bond Length
0.60096498    0.00081528023

BB bond length
0.60096498    0.00081528023

Water EE distance
0             0           

PEG EE distance
5.1332603     0.042139443 

BBB P2(x)
0.056297784   0.0037741353

BBB first bond length
0.60106732    0.00076798395

BBB second bond length
0.60112242    0.00081354096

BBB <phi**2>/<phi>**2
1.1140876     0.001805826 

Time = 12000
Temperature
1.0117712     0.0050254967

Pressure
26.701987     0.076826004 

CM Mom
-9.3073334e-17 1.4988915e-17 
-1.233792e-17  1.3198059e-17 
-2.7284556e-17 1.7916899e-17 
1.0010337e-16  1.6078035e-17 

CM Pos
9.9999995      0.0096782838  
10.005382      0.0086818566  
9.9974272      0.010545759   
17.322136      0.0099120878  

Stress
23.7152      0.00737807   -0.0152244    0.0834904    0.0415012    0.0430841   
0.00737807   23.6386      -0.0172415    0.0415012    0.0827096    0.0971383   
-0.0152244   -0.0172415   23.6505       0.0430841    0.0971383    0.126357    

Stress Spherical
0            0            0             0            0            0           
0            0            0             0            0            0           
0            0            0             0            0            0           

Inertia
266.728      -100.087     -99.9606      0.278008     0.166687     0.140551    
-100.087     266.619      -100.002      0.166687     0.262197     0.173534    
-99.9606     -100.002     266.74        0.140551     0.173534     0.295992    

Bond Length
0.60121804    0.00043038266

BB bond length
0.60121804    0.00043038266

Water EE distance
0             0           

PEG EE distance
5.1178469     0.026643296 

BBB P2(x)
0.0544132     0.0020168413

BBB first bond length
0.60141103    0.00043050055

BBB second bond length
0.60138136    0.00037284458

BBB <phi**2>/<phi>**2
1.1137898     0.0012497537

Time = 13000
Temperature
1.0109121     0.0039541133

Pressure
26.683618     0.079461926 

CM Mom
-7.6966562e-17 1.9036274e-17 
-9.4824126e-18 7.8566467e-18 
-3.7075428e-17 3.0636134e-17 
9.1312142e-17  2.0325533e-17 

CM Pos
9.9988323      0.0112462     
9.99271        0.008923482   
9.997594       0.013959693   
17.314246      0.0078460707  

Stress
23.6806      -0.0137417   -0.0100601    0.120022     0.0598644    0.0443941   
-0.0137417   23.6408      0.00876916    0.0598644    0.0826124    0.0633474   
-0.0100601   0.00876916   23.6354       0.0443941    0.0633474    0.108191    

Stress Spherical
0            0            0             0            0            0           
0            0            0             0            0            0           
0            0            0             0            0            0           

Inertia
266.485      -99.9463     -100.006      0.341495     0.127544     0.183434    
-99.9463     266.597      -99.8705      0.127544     0.243805     0.187212    
-100.006     -99.8705     266.5         0.183434     0.187212     0.273418    

Bond Length
0.60101685    0.00053988527

BB bond length
0.60101685    0.00053988527

Water EE distance
0             0           

PEG EE distance
5.068139      0.016981577 

BBB P2(x)
0.053434756   0.0023812132

BBB first bond length
0.60113067    0.0005375423

BBB second bond length
0.60116255    0.0004627883

BBB <phi**2>/<phi>**2
1.1130856     0.0013440792

Time = 14000
Temperature
1.0142185     0.0041033524

Pressure
26.738391     0.068684382 

CM Mom
-5.4253016e-17 1.5751673e-17 
-1.7311223e-18 1.7021077e-17 
-3.5417313e-17 1.5787391e-17 
6.8625001e-17  1.6686993e-17 

CM Pos
10.003001      0.009169354   
10.001047      0.0068729714  
9.9996783      0.0065546155  
17.322663      0.0065940987  

Stress
23.7327      -0.0288483   0.00869827    0.0748248    0.0450887    0.0510464   
-0.0288483   23.6693      0.0416157     0.0450887    0.0990691    0.0565846   
0.00869827   0.0416157    23.6894       0.0510464    0.0565846    0.108396    

Stress Spherical
0            0            0             0            0            0           
0            0            0             0            0            0           
0            0            0             0            0            0           

Inertia
266.674      -100.097     -100.005      0.168063     0.133721     0.122014    
-100.097     266.726      -99.9911      0.133721     0.191133     0.104251    
-100.005     -99.9911     266.762       0.122014     0.104251     0.220192    

Bond Length
0.60081848    0.00045983563

BB bond length
0.60081848    0.00045983563

Water EE distance
0             0           

PEG EE distance
4.999152      0.037472563 

BBB P2(x)
0.052720481   0.0020700706

BBB first bond length
0.60099476    0.00046198393

BBB second bond length
0.60095729    0.0004478744

BBB <phi**2>/<phi>**2
1.1131658     0.001572976 

Time = 15000
Temperature
1.0124739     0.004497801 

Pressure
26.697376     0.067156501 

CM Mom
-7.5789417e-17 1.8102613e-17 
7.0331326e-18  2.3065966e-17 
-9.0317562e-18 1.828718e-17  
8.1776336e-17  1.9541454e-17 

CM Pos
9.999666       0.010189081   
10.00755       0.011339756   
9.9902573      0.0098237014  
17.31906       0.010036873   

Stress
23.6192      -0.000607532 0.00480752    0.0699606    0.0580795    0.0657357   
-0.000607532 23.6796      -0.0223011    0.0580795    0.0962379    0.0595831   
0.00480752   -0.0223011   23.6852       0.0657357    0.0595831    0.120136    

Stress Spherical
0            0            0             0            0            0           
0            0            0             0            0            0           
0            0            0             0            0            0           

Inertia
266.613      -100.095     -99.8897      0.291121     0.164998     0.110977    
-100.095     266.437      -100.011      0.164998     0.216907     0.14327     
-99.8897     -100.011     266.819       0.110977     0.14327      0.339513    

Bond Length
0.60111147    0.00056164129

BB bond length
0.60111147    0.00056164129

Water EE distance
0             0           

PEG EE distance
4.965134      0.029045442 

BBB P2(x)
0.050833841   0.0030169705

BBB first bond length
0.6012736     0.00050481698

BBB second bond length
0.60127337    0.00060678522

BBB <phi**2>/<phi>**2
1.1129259     0.0013090224

Time = 16000
Temperature
1.0141289     0.0056047791

Pressure
26.729726     0.057009417 

CM Mom
-6.2340765e-17 1.9630736e-17 
-2.3012981e-18 1.3833806e-17 
6.7119459e-18  3.1259674e-17 
7.1465837e-17  1.9576991e-17 

CM Pos
9.9990824      0.0060632383  
10.000047      0.0084530689  
9.9949261      0.0093880951  
17.317081      0.0057481811  

Stress
23.7462      -0.0173918   -0.0313275    0.0567603    0.0556138    0.0469671   
-0.0173918   23.673       0.0463222     0.0556138    0.104881     0.0630629   
-0.0313275   0.0463222    23.647        0.0469671    0.0630629    0.0740984   

Stress Spherical
0            0            0             0            0            0           
0            0            0             0            0            0           
0            0            0             0            0            0           

Inertia
266.585      -99.9408     -99.9737      0.1989       0.119891     0.135939    
-99.9408     266.571      -99.9665      0.119891     0.164837     0.106027    
-99.9737     -99.9665     266.684       0.135939     0.106027     0.19653     

Bond Length
0.60104915    0.00051622261

BB bond length
0.60104915    0.00051622261

Water EE distance
0             0           

PEG EE distance
5.0586865     0.040401263 

BBB P2(x)
0.053183096   0.0047574724

BBB first bond length
0.60124493    0.00056300378

BBB second bond length
0.60124445    0.00047485479

BBB <phi**2>/<phi>**2
1.1127202     0.001849179 

Time = 17000
Temperature
1.0124104     0.0039689779

Pressure
26.678902     0.064458486 

CM Mom
-5.7491031e-17 1.3853797e-17 
1.5828511e-17  2.1655418e-17 
-4.8345772e-18 2.1623161e-17 
6.7826851e-17  1.0348806e-17 

CM Pos
10.00075       0.012875169   
10.000297      0.0069459055  
9.9922582      0.010668952   
17.316651      0.0083546286  

Stress
23.6434      -0.0152815   0.018821      0.0824076    0.0604026    0.0660055   
-0.0152815   23.6249      0.023651      0.0604026    0.093404     0.0469497   
0.018821     0.023651     23.6608       0.0660055    0.0469497    0.0972555   

Stress Spherical
0            0            0             0            0            0           
0            0            0             0            0            0           
0            0            0             0            0            0           

Inertia
266.529      -100.003     -99.9287      0.239992     0.177134     0.203187    
-100.003     266.565      -99.8945      0.177134     0.254372     0.136161    
-99.9287     -99.8945     266.692       0.203187     0.136161     0.274918    

Bond Length
0.60136078    0.00049661736

BB bond length
0.60136078    0.00049661736

Water EE distance
0             0           

PEG EE distance
5.0042099     0.034410072 

BBB P2(x)
0.054282587   0.0047993304

BBB first bond length
0.60151348    0.00044189693

BBB second bond length
0.60149147    0.00048085189

BBB <phi**2>/<phi>**2
1.1141072     0.0017541912

Time = 18000
Temperature
1.0086068     0.0044802402

Pressure
26.716356     0.062114773 

CM Mom
-5.867992e-17  1.1345786e-17 
4.0067e-17     1.4170681e-17 
8.9848972e-18  1.730288e-17  
7.5051289e-17  1.1209575e-17 

CM Pos
10.00225       0.011745923   
9.9980458      0.0099990258  
9.9972605      0.0072566777  
17.319106      0.0045597329  

Stress
23.7452      -0.0231298   0.0209905     0.135355     0.0576325    0.0620845   
-0.0231298   23.6535      0.0212411     0.0576325    0.0987208    0.0634075   
0.0209905    0.0212411    23.6771       0.0620845    0.0634075    0.0604104   

Stress Spherical
0            0            0             0            0            0           
0            0            0             0            0            0           
0            0            0             0            0            0           

Inertia
266.564      -99.9878     -99.9791      0.234653     0.0829469    0.146532    
-99.9878     266.694      -99.9793      0.0829469    0.269094     0.138479    
-99.9791     -99.9793     266.676       0.146532     0.138479     0.134989    

Bond Length
0.60103951    0.00052109489

BB bond length
0.60103951    0.00052109489

Water EE distance
0             0           

PEG EE distance
4.9655518     0.037586627 

BBB P2(x)
0.054906944   0.0032827889

BBB first bond length
0.60116646    0.00053356062

BBB second bond length
0.60117565    0.00056882753

BBB <phi**2>/<phi>**2
1.1137295     0.00087424036

Time = 19000
Temperature
1.0134        0.0042330455

Pressure
26.675749     0.068765823 

CM Mom
-4.1469646e-17 2.8947272e-17 
1.8730067e-17  1.9798066e-17 
-1.9690619e-17 1.2641809e-17 
5.6263183e-17  2.6123648e-17 

CM Pos
10.003001      0.010977218   
9.994961       0.0088895338  
9.9941757      0.011019246   
17.315977      0.0089533786  

Stress
23.6229      -0.0240336   0.0193604     0.144937     0.0546535    0.0702252   
-0.0240336   23.6706      0.0151321     0.0546535    0.0832069    0.0457609   
0.0193604    0.0151321    23.6173       0.0702252    0.0457609    0.0705387   

Stress Spherical
0            0            0             0            0            0           
0            0            0             0            0            0           
0            0            0             0            0            0           

Inertia
266.474      -99.9661     -99.9649      0.188217     0.105892     0.179682    
-99.9661     266.658      -99.892       0.105892     0.389486     0.125566    
-99.9649     -99.892      266.596       0.179682     0.125566     0.246862    

Bond Length
0.60126862    0.00053548643

BB bond length
0.60126862    0.00053548643

Water EE distance
0             0           

PEG EE distance
4.9304798     0.030888513 

BBB P2(x)
0.054436092   0.0039965524

BBB first bond length
0.60141334    0.0005893421

BBB second bond length
0.60143588    0.00053229344

BBB <phi**2>/<phi>**2
1.1135596     0.0016831096

Time = 20000
Temperature
1.0127614     0.0071017666

Pressure
26.704086     0.056855985 

CM Mom
-4.8344673e-17 1.6968495e-17 
3.0465531e-17  1.3777909e-17 
-2.5147669e-17 1.6259534e-17 
6.5912199e-17  1.7189424e-17 

CM Pos
10.00225       0.010335718   
10.002715      0.010017083   
9.9974272      0.0073537295  
17.321895      0.0095044889  

Stress
23.6724      0.0127323    0.0204539     0.0763798    0.0578172    0.0525421   
0.0127323    23.6156      -0.0270393    0.0578172    0.0503943    0.0492602   
0.0204539    -0.0270393   23.7135       0.0525421    0.0492602    0.124393    

Stress Spherical
0            0            0             0            0            0           
0            0            0             0            0            0           
0            0            0             0            0            0           

Inertia
266.684      -100.014     -99.9945      0.262263     0.180745     0.143866    
-100.014     266.687      -100.012      0.180745     0.312939     0.219409    
-99.9945     -100.012     266.737       0.143866     0.219409     0.258335    

Bond Length
0.60080841    0.00040708816

BB bond length
0.60080841    0.00040708816

Water EE distance
0             0           

PEG EE distance
4.9223624     0.030997917 

BBB P2(x)
0.051614521   0.0040193013

BBB first bond length
0.60089272    0.0004364335

BBB second bond length
0.60097428    0.00040170562

BBB <phi**2>/<phi>**2
1.1123645     0.0019333758

Time = 21000
Temperature
1.0114305     0.0042517159

Pressure
26.677837     0.086293086 

CM Mom
-5.549611e-17  1.3886996e-17 
5.1192602e-17  2.3044462e-17 
-4.2082574e-17 2.1855687e-17 
9.0134876e-17  2.3424662e-17 

CM Pos
10.006836      0.010198627   
10.003798      0.0053675997  
10.00343       0.010471678   
17.328633      0.0083973906  

Stress
23.6235      0.02363      -0.0126197    0.101924     0.057159     0.0607521   
0.02363      23.6358      -0.0140704    0.057159     0.123978     0.0841488   
-0.0126197   -0.0140704   23.6755       0.0607521    0.0841488    0.0959482   

Stress Spherical
0            0            0             0            0            0           
0            0            0             0            0            0           
0            0            0             0            0            0           

Inertia
266.78       -100.072     -100.125      0.300132     0.129378     0.12744     
-100.072     266.894      -100.061      0.129378     0.244035     0.185922    
-100.125     -100.061     266.852       0.12744      0.185922     0.17326     

Bond Length
0.60120105    0.00058254806

BB bond length
0.60120105    0.00058254806

Water EE distance
0             0           

PEG EE distance
4.9679791     0.025318356 

BBB P2(x)
0.051740294   0.0016093386

BBB first bond length
0.60137001    0.00055414396

BBB second bond length
0.60137483    0.00057331094

BBB <phi**2>/<phi>**2
1.1121673     0.00082826691

Time = 22000
Temperature
1.0133367     0.004110791 

Pressure
26.68801      0.063281047 

CM Mom
-4.8014867e-17 2.8399115e-17 
3.8967201e-17  1.6703535e-17 
-3.0827676e-17 1.762665e-17  
7.4563055e-17  2.4714029e-17 

CM Pos
10.001667      0.0078191665  
10.001297      0.013008366   
10.004014      0.012362907   
17.324544      0.012017353   

Stress
23.6442      -0.00736779  0.0286935     0.0913256    0.056869     0.0506216   
-0.00736779  23.6535      0.0290271     0.056869     0.113454     0.0400463   
0.0286935    0.0290271    23.6504       0.0506216    0.0400463    0.0818791   

Stress Spherical
0            0            0             0            0            0           
0            0            0             0            0            0           
0            0            0             0            0            0           

Inertia
266.761      -100.028     -100.019      0.440551     0.132155     0.167647    
-100.028     266.767      -100.053      0.132155     0.26211      0.212331    
-100.019     -100.053     266.724       0.167647     0.212331     0.263069    

Bond Length
0.60075463    0.00053238951

BB bond length
0.60075463    0.00053238951

Water EE distance
0             0           

PEG EE distance
4.9257166     0.031381101 

BBB P2(x)
0.05284687    0.0025917128

BBB first bond length
0.60094315    0.00055913757

BBB second bond length
0.60094171    0.00048816764

BBB <phi**2>/<phi>**2
1.1132239     0.0014834556

Time = 23000
Temperature
1.0156453     0.0049787096

Pressure
26.707514     0.068664114 

CM Mom
-6.4439066e-17 2.4816814e-17 
4.534344e-17   1.9696523e-17 
-4.531787e-17  1.5932949e-17 
9.479021e-17   2.3122116e-17 

CM Pos
10.008087      0.011452289   
10.005549      0.010593109   
10.005598      0.0054005202  
17.331617      0.010335771   

Stress
23.6419      0.00822728   -0.0140076    0.095174     0.0777201    0.0539834   
0.00822728   23.6472      0.0443008     0.0777201    0.0695282    0.0424167   
-0.0140076   0.0443008    23.6968       0.0539834    0.0424167    0.102501    

Stress Spherical
0            0            0             0            0            0           
0            0            0             0            0            0           
0            0            0             0            0            0           

Inertia
266.901      -100.092     -100.097      0.209082     0.171211     0.166284    
-100.092     266.977      -100.121      0.171211     0.279609     0.131332    
-100.097     -100.121     266.945       0.166284     0.131332     0.367321    

Bond Length
0.60109001    0.00059257251

BB bond length
0.60109001    0.00059257251

Water EE distance
0             0           

PEG EE distance
4.9649844     0.017432091 

BBB P2(x)
0.051599388   0.003361771 

BBB first bond length
0.60118243    0.00060066197

BBB second bond length
0.60121988    0.00056158557

BBB <phi**2>/<phi>**2
1.1126551     0.0012986987

Time = 24000
Temperature
1.0114649     0.0041913744

Pressure
26.73803      0.069793728 

CM Mom
-6.4185969e-17 2.5512919e-17 
2.0979401e-17  1.7550257e-17 
-1.598708e-17  1.6531635e-17 
7.3571912e-17  2.5198212e-17 

CM Pos
9.9969981      0.017369316   
9.9968786      0.011836411   
10.003096      0.0098350158  
17.318766      0.01897576    

Stress
23.7216      0.0166404    0.0270004     0.0746413    0.0321331    0.0605575   
0.0166404    23.6982      -0.00732449   0.0321331    0.115308     0.0444627   
0.0270004    -0.00732449  23.6952       0.0605575    0.0444627    0.0813212   

Stress Spherical
0            0            0             0            0            0           
0            0            0             0            0            0           
0            0            0             0            0            0           

Inertia
266.69       -99.9168     -99.9981      0.315423     0.252326     0.278708    
-99.9168     266.723      -99.9547      0.252326     0.503676     0.176055    
-99.9981     -99.9547     266.562       0.278708     0.176055     0.578056    

Bond Length
0.60094013    0.0006714382

BB bond length
0.60094013    0.0006714382

Water EE distance
0             0           

PEG EE distance
4.9325533     0.017833916 

BBB P2(x)
0.052995011   0.002928571 

BBB first bond length
0.60112393    0.00064325954

BBB second bond length
0.60104184    0.00063182136

BBB <phi**2>/<phi>**2
1.1132471     0.0013306096

Time = 25000
Temperature
1.0109621     0.0055676578

Pressure
26.711004     0.056472292 

CM Mom
-8.1826564e-17 3.3281961e-17 
7.2316181e-18  1.6976111e-17 
-1.4304581e-17 2.3576083e-17 
8.7565715e-17  3.5163311e-17 

CM Pos
9.9949138      0.0099798909  
10.001547      0.0087821545  
9.9993448      0.0080663855  
17.318092      0.0081379324  

Stress
23.6864      -0.0150904   -0.00269352   0.072328     0.0607323    0.0730039   
-0.0150904   23.6857      -0.00895951   0.0607323    0.071027     0.0559572   
-0.00269352  -0.00895951  23.6665       0.0730039    0.0559572    0.0897714   

Stress Spherical
0            0            0             0            0            0           
0            0            0             0            0            0           
0            0            0             0            0            0           

Inertia
266.67       -99.9518     -99.968       0.241132     0.145711     0.128658    
-99.9518     266.596      -99.9826      0.145711     0.20651      0.13727     
-99.968      -99.9826     266.598       0.128658     0.13727      0.287799    

Bond Length
0.60108542    0.0005012989

BB bond length
0.60108542    0.0005012989

Water EE distance
0             0           

PEG EE distance
4.8781542     0.046172359 

BBB P2(x)
0.051705399   0.0037847196

BBB first bond length
0.60130932    0.00054508293

BBB second bond length
0.60121948    0.0005572643

BBB <phi**2>/<phi>**2
1.1128232     0.0020730941

Time = 26000
Temperature
1.0135554     0.0038662223

Pressure
26.722983     0.066888806 

CM Mom
-7.5643634e-17 1.8453707e-17 
1.4977644e-17  2.027351e-17  
-1.6582768e-17 3.2156052e-17 
8.7591047e-17  1.8293496e-17 

CM Pos
9.9969147      0.0081793392  
9.9987127      0.0097455595  
10.000012      0.013210905   
17.317997      0.010837953   

Stress
23.6542      -0.0184896   -0.0286078    0.108488     0.0453761    0.0718043   
-0.0184896   23.6704      -0.00357016   0.0453761    0.100744     0.0487129   
-0.0286078   -0.00357016  23.7265       0.0718043    0.0487129    0.0949016   

Stress Spherical
0            0            0             0            0            0           
0            0            0             0            0            0           
0            0            0             0            0            0           

Inertia
266.653      -99.9667     -99.9804      0.450732     0.153323     0.21201     
-99.9667     266.645      -99.9923      0.153323     0.308557     0.212276    
-99.9804     -99.9923     266.568       0.21201      0.212276     0.278988    

Bond Length
0.60110288    0.00059229448

BB bond length
0.60110288    0.00059229448

Water EE distance
0             0           

PEG EE distance
4.9436642     0.023527034 

BBB P2(x)
0.051413975   0.0029282642

BBB first bond length
0.60122967    0.00066408921

BBB second bond length
0.60126572    0.0005632732

BBB <phi**2>/<phi>**2
1.1126102     0.0014786933

Time = 27000
Temperature
1.0111505     0.0047254328

Pressure
26.681437     0.0654622   

CM Mom
-6.4910953e-17 1.4087721e-17 
-1.3742996e-18 1.8930316e-17 
-2.5999925e-17 1.8816585e-17 
7.5032719e-17  1.3126019e-17 

CM Pos
10.003084      0.0095237167  
10.000797      0.01182848    
10.000012      0.0090752522  
17.322761      0.012291983   

Stress
23.6555      -0.0221831   -0.00962204   0.0717558    0.0554144    0.0396622   
-0.0221831   23.6326      0.0187045     0.0554144    0.0648461    0.0700873   
-0.00962204  0.0187045    23.66         0.0396622    0.0700873    0.116788    

Stress Spherical
0            0            0             0            0            0           
0            0            0             0            0            0           
0            0            0             0            0            0           

Inertia
266.722      -100.043     -100.016      0.34131      0.19843      0.179694    
-100.043     266.761      -99.9892      0.19843      0.284878     0.180885    
-100.016     -99.9892     266.732       0.179694     0.180885     0.33881     

Bond Length
0.60088916    0.0005004681

BB bond length
0.60088916    0.0005004681

Water EE distance
0             0           

PEG EE distance
4.9576875     0.039097874 

BBB P2(x)
0.052832858   0.0036847332

BBB first bond length
0.6010398     0.00051381419

BBB second bond length
0.60101374    0.00053773414

BBB <phi**2>/<phi>**2
1.1132424     0.0019432256

Time = 28000
Temperature
1.0134082     0.0055316822

Pressure
26.738422     0.080554874 

CM Mom
-4.8172799e-17 2.1438271e-17 
2.525128e-17   1.6810269e-17 
1.68785e-17    1.8785708e-17 
6.3032001e-17  1.9109779e-17 

CM Pos
10.003668      0.0090656732  
10.002715      0.010257072   
9.9976773      0.0097373539  
17.322857      0.010727961   

Stress
23.6878      -0.0102774   -0.0159963    0.132554     0.066346     0.041059    
-0.0102774   23.7365      -0.00280926   0.066346     0.118899     0.0544918   
-0.0159963   -0.00280926  23.6745       0.041059     0.0544918    0.11575     

Stress Spherical
