Time = 1000
Temperature
   1.0205952   0.039486742

Pressure
    23.71051    0.14813267

CM Mom
-4.2576187e-17 1.7707097e-17 
-2.8161875e-17 1.7698585e-17 
-6.609084e-18  1.2016063e-17 
5.6294171e-17  1.5863044e-17 

CM Pos
7.495094       0.01204136    
7.5008198      0.026356739   
7.5004531      0.011923192   
12.988309      0.018601115   

Stress
20.662       -0.018584    0.00580021    0.150726     0.0734128    0.062183    
-0.018584    20.6375      0.00635809    0.0734128    0.104251     0.0572228   
0.00580021   0.00635809   20.6475       0.062183     0.0572228    0.109913    

Stress Spherical
0            0            0             0            0            0           
0            0            0             0            0            0           
0            0            0             0            0            0           

Inertia
149.991      -56.2346     -56.2123      0.283849     0.284527     0.127375    
-56.2346     149.903      -56.284       0.284527     0.214435     0.200441    
-56.2123     -56.284      149.888       0.127375     0.200441     0.425675    

Bond Length
0.61982149    0.0065483524

BB bond length
0.61982149    0.0065483524

Water EE distance
0             0           

PEG EE distance
7.4949915     0.46784962  

BBB P2(x)
0.46901754    0.058701199 

BBB first bond length
0.61950191    0.0065887189

BBB second bond length
0.6201309     0.0067966511

BBB <phi**2>/<phi>**2
1.2191535     0.030136038 

Time = 2000
Temperature
1.014665      0.0084886368

Pressure
23.71694      0.087340973 

CM Mom
-6.3270869e-17 1.8219013e-17 
8.3137873e-18  2.126436e-17  
-9.5749059e-18 3.64081e-17   
7.6855401e-17  1.9154718e-17 

CM Pos
7.4985017      0.021066226   
7.4977084      0.011011994   
7.4920078      0.011230113   
12.983598      0.014696253   

Stress
20.6492      0.0116946    -0.00257644   0.143895     0.0873282    0.0372435   
0.0116946    20.6781      -0.0129123    0.0873282    0.0875341    0.0568592   
-0.00257644  -0.0129123   20.6925       0.0372435    0.0568592    0.0727476   

Stress Spherical
0            0            0             0            0            0           
0            0            0             0            0            0           
0            0            0             0            0            0           

Inertia
149.825      -56.2479     -56.1744      0.235884     0.185135     0.189915    
-56.2479     149.837      -56.1425      0.185135     0.347705     0.139167    
-56.1744     -56.1425     149.931       0.189915     0.139167     0.325991    

Bond Length
0.61800216    0.0052835449

BB bond length
0.61800216    0.0052835449

Water EE distance
0             0           

PEG EE distance
8.0858147     0.51844688  

BBB P2(x)
0.54075354    0.021278616 

BBB first bond length
0.61812074    0.0050940014

BBB second bond length
0.61797522    0.0061088407

BBB <phi**2>/<phi>**2
1.2421305     0.026660514 

