Time = 1000
Temperature
   1.0383965   0.040665997

Pressure
   23.436257    0.17784241

CM Mom
-3.4407035e-17 2.2789736e-17 
1.7167708e-17  9.9728494e-18 
1.102238e-17   4.2909283e-17 
5.43673e-17    3.3231013e-17 

CM Pos
7.5012998      0.029411723   
7.5068847      0.01643396    
7.4986682      0.030600837   
12.994412      0.013136677   

Stress
20.297       0.00587038   0.0222158     0.127001     0.0747784    0.0816574   
0.00587038   20.349       0.0230082     0.0747784    0.140352     0.0573672   
0.0222158    0.0230082    20.3264       0.0816574    0.0573672    0.0896583   

Stress Spherical
0            0            0             0            0            0           
0            0            0             0            0            0           
0            0            0             0            0            0           

Inertia
150.041      -56.3        -56.2846      0.998302     0.270864     0.112321    
-56.3        149.948      -56.2813      0.270864     0.615785     0.278082    
-56.2846     -56.2813     150.081       0.112321     0.278082     0.31771     

Bond Length
0.57098127    0.0031065715

BB bond length
0.57098127    0.0031065715

Water EE distance
0             0           

PEG EE distance
2.217406      0.082411927 

Time = 2000
Temperature
1.0093866     0.0088951353

Pressure
23.274064     0.07797913  

CM Mom
-4.8695326e-17 2.5969059e-17 
5.4660511e-18  1.9228379e-17 
-1.0657702e-18 2.7422764e-17 
6.2498743e-17  1.7096377e-17 

CM Pos
7.4998169      0.011289886   
7.4990251      0.013591426   
7.4968887      0.0086278922  
12.987926      0.012165744   

Stress
20.2383      -0.00616571  -0.015675     0.0699059    0.0616999    0.0722542   
-0.00616571  20.2654      -0.00108545   0.0616999    0.116994     0.0723425   
-0.015675    -0.00108545  20.243        0.0722542    0.0723425    0.0819179   

Stress Spherical
0            0            0             0            0            0           
0            0            0             0            0            0           
0            0            0             0            0            0           

Inertia
149.857      -56.2489     -56.2681      0.282141     0.179058     0.112175    
-56.2489     149.843      -56.2102      0.179058     0.184955     0.131925    
-56.2681     -56.2102     149.875       0.112175     0.131925     0.277385    

Bond Length
0.57114839    0.0026280471

BB bond length
0.57114839    0.0026280471

Water EE distance
0             0           

PEG EE distance
2.2143868     0.067268486 

Time = 3000
Temperature
1.0122998     0.0075220582

Pressure
23.324718     0.05543021  

CM Mom
-4.4305198e-17 2.2628463e-17 
-1.9097702e-17 1.7018425e-17 
-5.5102295e-17 2.1433373e-17 
7.8428241e-17  2.1771777e-17 

CM Pos
7.5012998      0.014602314   
7.4969489      0.010127556   
7.5037103      0.0099799079  
12.991525      0.0095510551  

Stress
20.332       -0.00608712  -0.0139026    0.0753193    0.0778791    0.0460521   
-0.00608712  20.2678      0.0163067     0.0778791    0.0904206    0.0594086   
-0.0139026   0.0163067    20.2726       0.0460521    0.0594086    0.102929    

Stress Spherical
0            0            0             0            0            0           
0            0            0             0            0            0           
0            0            0             0            0            0           

Inertia
149.925      -56.2872     -56.2849      0.266848     0.111772     0.126725    
-56.2872     149.979      -56.2792      0.111772     0.246335     0.134985    
-56.2849     -56.2792     149.89        0.126725     0.134985     0.207631    

Bond Length
0.56958051    0.0024518505

BB bond length
0.56958051    0.0024518505

Water EE distance
0             0           

PEG EE distance
2.29273       0.043864192 

