Time = 500
Temperature
   1.0390044    0.03685953

Pressure
   23.727671    0.16750778

CM Mom
2.5549715e-17  1.2842541e-17 
-8.1331184e-18 1.8918112e-17 
3.6217133e-17  1.5742898e-17 
5.1586518e-17  1.1836895e-17 

CM Pos
7.4983912      0.012655565   
7.5104426      0.010543528   
7.4850254      0.017253173   
12.986863      0.01375102    

Stress
20.5994      0.0247755    0.0475639     0.158634     0.023855     0.0490275   
0.0247755    20.6471      0.0134481     0.023855     0.118464     0.078664    
0.0475639    0.0134481    20.5864       0.0490275    0.078664     0.198233    

Stress Spherical
0            0            0             0            0            0           
0            0            0             0            0            0           
0            0            0             0            0            0           

Inertia
149.854      -56.2927     -56.0799      0.38993      0.0182165    0.173021    
-56.2927     149.655      -56.1728      0.0182165    0.401619     0.21772     
-56.0799     -56.1728     150.074       0.173021     0.21772      0.145405    

Bond Length
0.61763136    0.012719454 

BB bond length
0.61763136    0.012719454 

Water EE distance
0             0           

PEG EE distance
3.5931052     0.29507543  

Time = 1000
Temperature
1.0066438     0.0055662274

Pressure
23.583376     0.073310199 

CM Mom
9.6250765e-18  8.9852597e-18 
-4.7257404e-17 1.1379833e-17 
5.8374439e-17  1.3125981e-17 
7.6250491e-17  1.7374376e-17 

CM Pos
7.4957243      0.019194944   
7.5196287      0.0092575065  
7.5054719      0.01640263    
13.002425      0.021669676   

Stress
20.5768      0.0143788    0.000719215   0.125553     0.0547695    0.0401666   
0.0143788    20.5397      -0.0119784    0.0547695    0.0343384    0.0555551   
0.000719215  -0.0119784   20.5748       0.0401666    0.0555551    0.0588726   

Stress Spherical
0            0            0             0            0            0           
0            0            0             0            0            0           
0            0            0             0            0            0           

Inertia
150.303      -56.3304     -56.2618      0.354843     0.174365     0.213603    
-56.3304     149.95       -56.484       0.174365     0.441377     0.191819    
-56.2618     -56.484      150.219       0.213603     0.191819     0.43613     

Bond Length
0.61100813    0.0091830667

BB bond length
0.61100813    0.0091830667

Water EE distance
0             0           

PEG EE distance
3.8376649     0.18633172  

