Time = 1000
Temperature
    1.056704   0.067372093

Pressure
   23.624247    0.32491005

CM Mom
-5.3010401e-18 2.4070358e-17 
1.2176618e-16  1.9051028e-17 
6.7051288e-17  1.3320705e-16 
1.7393432e-16  8.8228539e-17 

CM Pos
7.4959108      0.018019326   
7.5049186      0.021581206   
7.5005838      0.018858462   
12.991235      0.014028558   

Stress
20.5322      0.0128004    0.00169383    0.140234     0.0628621    0.0788841   
0.0128004    20.4448      0.00062198    0.0628621    0.164777     0.0296843   
0.00169383   0.00062198   20.4088       0.0788841    0.0296843    0.164561    

Stress Spherical
0            0            0             0            0            0           
0            0            0             0            0            0           
0            0            0             0            0            0           

Inertia
150.167      -56.277      -56.2393      0.884505     0.187492     0.203708    
-56.277      150.003      -56.2633      0.187492     0.91252      0.211231    
-56.2393     -56.2633     150.076       0.203708     0.211231     0.932986    

Bond Length
0.61941008    0.0039158154

BB bond length
0.61941008    0.0039158154

Water EE distance
0             0           

PEG EE distance
6.6595464     0.25310438  

BBB P2(x)
0.46585502    0.058076149 

BBB first bond length
0.61915348    0.0038417596

BBB second bond length
0.61947101    0.0038829785

BBB <phi**2>/<phi>**2
1.2194715     0.016298092 

Time = 2000
Temperature
1.0129266     0.0075367774

Pressure
23.36002      0.075488451 

CM Mom
-3.4285006e-18 2.4737667e-17 
1.4759728e-16  1.7754731e-17 
3.7714125e-17  5.5813089e-17 
1.6345206e-16  2.3340392e-17 

CM Pos
7.4994751      0.0068847487  
7.4970473      0.0099016089  
7.5074155      0.014136242   
12.992666      0.010469981   

Stress
20.3672      0.00214576   0.0259852     0.0817026    0.0798645    0.0528671   
0.00214576   20.3061      0.0524847     0.0798645    0.116133     0.114329    
0.0259852    0.0524847    20.3129       0.0528671    0.114329     0.0971315   

Stress Spherical
0            0            0             0            0            0           
0            0            0             0            0            0           
0            0            0             0            0            0           

Inertia
149.96       -56.2383     -56.3414      0.379607     0.139444     0.155285    
-56.2383     149.98       -56.2479      0.139444     0.368088     0.11796     
-56.3414     -56.2479     149.839       0.155285     0.11796      0.338832    

Bond Length
0.61750592    0.0031240582

BB bond length
0.61750592    0.0031240582

Water EE distance
0             0           

PEG EE distance
7.2163957     0.085588226 

BBB P2(x)
0.50524356    0.013981736 

BBB first bond length
0.61748826    0.0032631956

BBB second bond length
0.61728579    0.0031197142

BBB <phi**2>/<phi>**2
1.2245516     0.011985781 

Time = 3000
Temperature
1.0148999     0.0081774771

Pressure
23.394714     0.10133708  

CM Mom
5.3406124e-18  2.6867503e-17 
1.6682186e-16  2.1024002e-17 
9.4324988e-18  3.3676728e-17 
1.7266082e-16  2.0815011e-17 

CM Pos
7.4944256      0.011937675   
7.5059582      0.012553678   
7.4944947      0.010073862   
12.987439      0.010226773   

Stress
20.3694      -0.0259013   0.0123526     0.158711     0.0697881    0.058154    
-0.0259013   20.3572      -0.026397     0.0697881    0.0926726    0.0733101   
0.0123526    -0.026397    20.3461       0.058154     0.0733101    0.114073    

Stress Spherical
0            0            0             0            0            0           
0            0            0             0            0            0           
0            0            0             0            0            0           

Inertia
149.979      -56.2342     -56.1432      0.250702     0.149632     0.163769    
-56.2342     149.788      -56.2305      0.149632     0.285313     0.124314    
-56.1432     -56.2305     149.958       0.163769     0.124314     0.200652    

Bond Length
0.62000416    0.0030900876

BB bond length
0.62000416    0.0030900876

Water EE distance
0             0           

PEG EE distance
7.1617407     0.17826998  

BBB P2(x)
0.50823229    0.01331585  

BBB first bond length
0.61995479    0.0030516037

BBB second bond length
0.62028303    0.0035166293

BBB <phi**2>/<phi>**2
1.2196123     0.010000794 

Time = 4000
Temperature
1.0085522     0.0052734455

Pressure
23.339918     0.11318496  

CM Mom
-1.771905e-17  1.055493e-17  
1.8317938e-16  2.1315564e-17 
1.748512e-17   2.216938e-17  
1.8645362e-16  2.1602534e-17 

CM Pos
7.5012573      0.0081898905  
7.5031364      0.0085108211  
7.5011778      0.011821633   
12.993607      0.006881664   

Stress
20.3182      -0.0520075   -0.0109522    0.133567     0.0449436    0.0873321   
-0.0520075   20.3378      -0.0218903    0.0449436    0.144115     0.0647629   
-0.0109522   -0.0218903   20.3092       0.0873321    0.0647629    0.178934    

Stress Spherical
0            0            0             0            0            0           
0            0            0             0            0            0           
0            0            0             0            0            0           

Inertia
150.026      -56.2855     -56.2709      0.209707     0.0340615    0.143753    
-56.2855     149.991      -56.2947      0.0340615    0.224684     0.119314    
-56.2709     -56.2947     150.016       0.143753     0.119314     0.106165    

Bond Length
0.6195996     0.0043259722

BB bond length
0.6195996     0.0043259722

Water EE distance
0             0           

PEG EE distance
7.3287739     0.14513704  

BBB P2(x)
0.51868065    0.01370899  

BBB first bond length
0.61929094    0.0046852364

BBB second bond length
0.61995508    0.0045749779

BBB <phi**2>/<phi>**2
1.2275185     0.015061051 

Time = 5000
Temperature
1.0087367     0.0089712224

Pressure
23.331477     0.10933125  

CM Mom
-4.7824231e-17 2.0487513e-17 
1.8668812e-16  2.9719463e-17 
4.8523204e-17  1.8108525e-17 
2.0002678e-16  3.3381222e-17 

CM Pos
7.498287       0.01393272    
7.4997206      0.018597594   
7.5034056      0.011154444   
12.99121       0.018097715   

Stress
20.3074      0.0184548    0.0214275     0.131412     0.0680027    0.0609849   
0.0184548    20.3461      0.0170175     0.0680027    0.13092      0.0864415   
0.0214275    0.0170175    20.2848       0.0609849    0.0864415    0.100672    

Stress Spherical
0            0            0             0            0            0           
0            0            0             0            0            0           
0            0            0             0            0            0           

Inertia
150.009      -56.2697     -56.2689      0.306666     0.224427     0.205342    
-56.2697     149.987      -56.252       0.224427     0.309991     0.171069    
-56.2689     -56.252      149.943       0.205342     0.171069     0.373403    

Bond Length
0.62079016    0.0027756825

BB bond length
0.62079016    0.0027756825

Water EE distance
0             0           

PEG EE distance
7.9848943     0.19393246  

BBB P2(x)
0.50814807    0.012207571 

BBB first bond length
0.62091412    0.0028241622

BBB second bond length
0.62061337    0.002996284 

BBB <phi**2>/<phi>**2
1.2329637     0.013449811 

Time = 6000
Temperature
1.0086078     0.0083657715

Pressure
23.385835     0.085866125 

CM Mom
-6.1758629e-17 9.9098396e-18 
2.0405185e-16  2.0682725e-17 
5.9781388e-17  2.1488645e-17 
2.2267567e-16  2.0697505e-17 

CM Pos
7.5048217      0.009785089   
7.5019483      0.0092461678  
7.4940491      0.017647664   
12.990869      0.012819202   

Stress
20.3802      0.0118706    0.0162829     0.131086     0.0863454    0.0278213   
0.0118706    20.3681      -0.0423735    0.0863454    0.0688324    0.0607137   
0.0162829    -0.0423735   20.3542       0.0278213    0.0607137    0.139086    

Stress Spherical
0            0            0             0            0            0           
0            0            0             0            0            0           
0            0            0             0            0            0           

Inertia
149.916      -56.3062     -56.2562      0.349995     0.121627     0.156723    
-56.3062     149.957      -56.1931      0.121627     0.256709     0.130017    
-56.2562     -56.1931     150.08        0.156723     0.130017     0.262022    

Bond Length
0.61705655    0.0023449652

BB bond length
0.61705655    0.0023449652

Water EE distance
0             0           

PEG EE distance
7.6230196     0.19651906  

BBB P2(x)
0.50518437    0.01103339  

BBB first bond length
0.61713987    0.0025002527

BBB second bond length
0.6168029     0.0025639755

BBB <phi**2>/<phi>**2
1.2213382     0.0082550873

Time = 7000
Temperature
1.0146226     0.0061268079

Pressure
23.403463     0.074039278 

CM Mom
-5.7117677e-17 1.9049923e-17 
1.8537812e-16  1.9727576e-17 
5.2517946e-17  2.5528911e-17 
2.0365078e-16  1.7769946e-17 

CM Pos
7.5027424      0.0094875304  
7.5020968      0.0083340522  
7.5019204      0.022307405   
12.994304      0.011194078   

Stress
20.3817      0.0316479    0.0392662     0.122869     0.0493322    0.0485271   
0.0316479    20.3589      -0.0182351    0.0493322    0.0859867    0.0812588   
0.0392662    -0.0182351   20.3608       0.0485271    0.0812588    0.0694501   

Stress Spherical
0            0            0             0            0            0           
0            0            0             0            0            0           
0            0            0             0            0            0           

Inertia
150.039      -56.2739     -56.2915      0.366399     0.119696     0.167881    
-56.2739     150.032      -56.257       0.119696     0.279684     0.23509     
-56.2915     -56.257      150.046       0.167881     0.23509      0.170558    

Bond Length
0.61764615    0.0029777611

BB bond length
0.61764615    0.0029777611

Water EE distance
0             0           

PEG EE distance
7.2910142     0.14222231  

BBB P2(x)
0.51998678    0.0093756862

BBB first bond length
0.61744761    0.0031680155

BBB second bond length
0.61760155    0.0030531545

BBB <phi**2>/<phi>**2
1.2250317     0.011022407 

Time = 8000
Temperature
1.0150923     0.0086875556

Pressure
23.339203     0.065700092 

CM Mom
-6.4458065e-17 2.4949419e-17 
2.0271573e-16  9.470581e-18  
4.7648217e-17  2.5755516e-17 
2.203567e-16   1.8365686e-17 

CM Pos
7.4926434      0.013036356   
7.5046216      0.016974929   
7.4918214      0.0142024     
12.984104      0.011731463   

Stress
20.2974      -0.000678849 0.0293306     0.108111     0.0347686    0.0878177   
-0.000678849 20.3321      0.0203875     0.0347686    0.0831716    0.0653513   
0.0293306    0.0203875    20.2748       0.0878177    0.0653513    0.0966489   

Stress Spherical
0            0            0             0            0            0           
0            0            0             0            0            0           
0            0            0             0            0            0           

Inertia
149.925      -56.2884     -56.1837      0.240941     0.134879     0.227383    
-56.2884     149.746      -56.2175      0.134879     0.377875     0.147294    
-56.1837     -56.2175     149.948       0.227383     0.147294     0.243402    

Bond Length
0.62036542    0.0027427935

BB bond length
0.62036542    0.0027427935

Water EE distance
0             0           

PEG EE distance
7.3149653     0.19501488  

BBB P2(x)
0.51705443    0.010513139 

BBB first bond length
0.62034505    0.0026554574

BBB second bond length
0.62039493    0.0028100498

BBB <phi**2>/<phi>**2
1.2300502     0.015465004 

Time = 9000
Temperature
1.0102351     0.0066493623

Pressure
23.384752     0.073697652 

CM Mom
-6.4355562e-17 1.2326164e-17 
1.9368995e-16  1.1761033e-17 
2.4528234e-17  2.3551359e-17 
2.0741499e-16  9.1111474e-18 

CM Pos
7.4978415      0.015675178   
7.4949681      0.012679551   
7.4952372      0.014759119   
12.9835        0.010843194   

Stress
20.3985      -0.00535882  -0.0110105    0.103209     0.0651291    0.0974752   
-0.00535882  20.335       0.0174071     0.0651291    0.0851643    0.0986073   
-0.0110105   0.0174071    20.3511       0.0974752    0.0986073    0.193607    

Stress Spherical
0            0            0             0            0            0           
0            0            0             0            0            0           
0            0            0             0            0            0           

Inertia
149.824      -56.205      -56.1663      0.345339     0.166636     0.116225    
-56.205      149.885      -56.1861      0.166636     0.213288     0.190713    
-56.1663     -56.1861     149.872       0.116225     0.190713     0.257406    

Bond Length
0.61945965    0.0026055824

BB bond length
0.61945965    0.0026055824

Water EE distance
0             0           

PEG EE distance
7.3251125     0.146026    

BBB P2(x)
0.518947      0.018495682 

BBB first bond length
0.61938452    0.0027385074

BBB second bond length
0.61944714    0.0024694016

BBB <phi**2>/<phi>**2
1.2303166     0.016240582 

Time = 10000
Temperature
1.0063088     0.0053582708

Pressure
23.313587     0.075642488 

CM Mom
-8.3836953e-17 1.973947e-17  
1.8883492e-16  1.7640527e-17 
1.1739647e-17  2.5412661e-17 
2.0965007e-16  1.4784104e-17 

CM Pos
7.5008118      0.0089108911  
7.504176       0.014230327   
7.4967224      0.017905743   
12.991384      0.015252251   

Stress
20.295       0.0496454    0.0201831     0.116918     0.101593     0.0626488   
0.0496454    20.3079      0.00101489    0.101593     0.136423     0.0487987   
0.0201831    0.00101489   20.3035       0.0626488    0.0487987    0.113298    

Stress Spherical
0            0            0             0            0            0           
0            0            0             0            0            0           
0            0            0             0            0            0           

Inertia
150.012      -56.3069     -56.2219      0.396437     0.123081     0.175533    
-56.3069     149.934      -56.2563      0.123081     0.295086     0.198417    
-56.2219     -56.2563     150.057       0.175533     0.198417     0.204577    

Bond Length
0.62043051    0.0029600986

BB bond length
0.62043051    0.0029600986

Water EE distance
0             0           

PEG EE distance
7.441562      0.16616715  

BBB P2(x)
0.51554511    0.014639188 

BBB first bond length
0.62043079    0.0028027845

BBB second bond length
0.62043524    0.0029758769

BBB <phi**2>/<phi>**2
1.2236531     0.015423887 

Time = 11000
Temperature
1.0107808     0.0042213362

Pressure
23.349271     0.074748852 

CM Mom
-6.466472e-17  2.5751748e-17 
2.0610913e-16  1.6693637e-17 
1.6282492e-17  1.3366648e-17 
2.188735e-16   1.1937547e-17 

CM Pos
7.5025939      0.012943817   
7.5028394      0.0087409538  
7.4989501      0.015477642   
12.992924      0.012993367   

Stress
20.379       -0.0195508   -0.0571506    0.0837583    0.086444     0.0505568   
-0.0195508   20.3146      0.039366      0.086444     0.123895     0.0584339   
-0.0571506   0.039366     20.2797       0.0505568    0.0584339    0.09087     

Stress Spherical
0            0            0             0            0            0           
0            0            0             0            0            0           
0            0            0             0            0            0           

Inertia
150.007      -56.291      -56.249       0.287457     0.151542     0.148034    
-56.291      149.997      -56.298       0.151542     0.229774     0.160297    
-56.249      -56.298      150.077       0.148034     0.160297     0.29157     

Bond Length
0.61845346    0.0030154644

BB bond length
0.61845346    0.0030154644

Water EE distance
0             0           

PEG EE distance
6.5067902     0.25726765  

BBB P2(x)
0.51360061    0.018006553 

BBB first bond length
0.61817882    0.0029478354

BBB second bond length
0.61800794    0.003213265 

BBB <phi**2>/<phi>**2
1.2270746     0.015978679 

Time = 12000
Temperature
1.0069778     0.006931924 

Pressure
23.350476     0.091479    

CM Mom
-6.8407326e-17 1.0645594e-17 
2.3570406e-16  1.5398968e-17 
1.7263418e-18  1.8848341e-17 
2.4645165e-16  1.4361332e-17 

CM Pos
7.4972474      0.019033092   
7.5074433      0.010464766   
7.5023659      0.027370284   
12.994496      0.014718538   

Stress
20.3694      -0.0310836   -0.0059834    0.113944     0.0478757    0.0570274   
-0.0310836   20.3188      -0.00887919   0.0478757    0.0957089    0.0692726   
-0.0059834   -0.00887919  20.3229       0.0570274    0.0692726    0.143604    

Stress Spherical
0            0            0             0            0            0           
0            0            0             0            0            0           
0            0            0             0            0            0           

Inertia
150.122      -56.2947     -56.2702      0.401389     0.165766     0.19533     
-56.2947     149.972      -56.3312      0.165766     0.459329     0.243399    
-56.2702     -56.3312     150.045       0.19533      0.243399     0.246796    

Bond Length
0.62016585    0.0027015998

BB bond length
0.62016585    0.0027015998

Water EE distance
0             0           

PEG EE distance
6.7588339     0.23430868  

BBB P2(x)
0.51774436    0.011828952 

BBB first bond length
0.61997243    0.0025957997

BBB second bond length
0.6203192     0.0026911132

BBB <phi**2>/<phi>**2
1.2271002     0.010895365 

Time = 13000
Temperature
1.0103471     0.009060694 

Pressure
23.362363     0.068535579 

CM Mom
-4.368549e-17  1.6746867e-17 
2.1395413e-16  1.2280573e-17 
8.9360587e-18  1.4372709e-17 
2.1962557e-16  1.2926636e-17 

CM Pos
7.4938316      0.012355329   
7.4988295      0.01393272    
7.4998412      0.0073195375  
12.986062      0.012905333   

Stress
20.369       -0.0159329   0.00501108    0.11481      0.0701801    0.0789591   
-0.0159329   20.3579      -0.0579278    0.0701801    0.084873     0.0503577   
0.00501108   -0.0579278   20.2895       0.0789591    0.0503577    0.078267    

Stress Spherical
0            0            0             0            0            0           
0            0            0             0            0            0           
0            0            0             0            0            0           

Inertia
149.971      -56.246      -56.2014      0.217786     0.19222      0.190779    
-56.246      149.88       -56.2152      0.19222      0.244196     0.122116    
-56.2014     -56.2152     149.876       0.190779     0.122116     0.342763    

Bond Length
0.61855933    0.0021951423

BB bond length
0.61855933    0.0021951423

Water EE distance
0             0           

PEG EE distance
7.2807811     0.23426918  

BBB P2(x)
0.51079939    0.014673994 

BBB first bond length
0.61865508    0.0020775284

BBB second bond length
0.61857779    0.00231194  

BBB <phi**2>/<phi>**2
1.2258885     0.011940975 

Time = 14000
Temperature
1.0163015     0.010250495 

Pressure
23.38031      0.097511494 

CM Mom
-2.6202363e-17 2.5495739e-17 
2.2538297e-16  1.4978966e-17 
-1.8785029e-17 2.0241136e-17 
2.2995383e-16  1.5564895e-17 

CM Pos
7.4935345      0.015540218   
7.503879       0.011588918   
7.5014749      0.013643981   
12.989758      0.011713827   

Stress
20.3256      0.0107528    -0.0129414    0.0923626    0.0743128    0.0530694   
0.0107528    20.3625      0.0169039     0.0743128    0.132882     0.08731     
-0.0129414   0.0169039    20.3286       0.0530694    0.08731      0.0818722   

Stress Spherical
0            0            0             0            0            0           
0            0            0             0            0            0           
0            0            0             0            0            0           

Inertia
150.072      -56.2073     -56.212       0.332521     0.178357     0.132463    
-56.2073     149.883      -56.2896      0.178357     0.22768      0.195375    
-56.212      -56.2896     149.931       0.132463     0.195375     0.213006    

Bond Length
0.61832841    0.0021428451

BB bond length
0.61832841    0.0021428451

Water EE distance
0             0           

PEG EE distance
7.478062      0.19653565  

BBB P2(x)
0.50828222    0.01656344  

BBB first bond length
0.61849169    0.0021883552

BBB second bond length
0.61824385    0.0020404828

BBB <phi**2>/<phi>**2
1.2231231     0.0085457274

Time = 15000
Temperature
1.0124349     0.0080957872

Pressure
23.357667     0.10309645  

CM Mom
-2.2216827e-17 2.0585102e-17 
2.1396966e-16  1.9197711e-17 
-3.4822805e-17 1.6944276e-17 
2.1962548e-16  1.8256137e-17 

CM Pos
7.5101682      0.012828279   
7.4973443      0.009417528   
7.4958313      0.0078249148  
12.992323      0.012179541   

Stress
20.3316      0.00598037   -0.0128909    0.140886     0.0889838    0.0665339   
0.00598037   20.3132      -0.00203478   0.0889838    0.132871     0.0759427   
-0.0128909   -0.00203478  20.3388       0.0665339    0.0759427    0.1017      

Stress Spherical
0            0            0             0            0            0           
0            0            0             0            0            0           
0            0            0             0            0            0           

Inertia
149.881      -56.324      -56.2744      0.15502      0.148687     0.16306     
-56.324      150.067      -56.1846      0.148687     0.241663     0.134145    
-56.2744     -56.1846     150.104       0.16306      0.134145     0.230249    

Bond Length
0.62022545    0.0019276412

BB bond length
0.62022545    0.0019276412

Water EE distance
0             0           

PEG EE distance
7.6871181     0.21572418  

BBB P2(x)
0.50885626    0.0070537308

BBB first bond length
0.61991616    0.0019579118

BBB second bond length
0.62017293    0.0021443918

BBB <phi**2>/<phi>**2
1.2212151     0.0070188985

Time = 16000
Temperature
1.0108971     0.0061879178

Pressure
23.396127     0.090068034 

CM Mom
-4.8488166e-17 2.6115811e-17 
1.7345284e-16  1.7785805e-17 
-8.869143e-18  1.4801982e-17 
1.8323196e-16  1.2616171e-17 

CM Pos
7.4965048      0.016729524   
7.5007602      0.013627806   
7.4985046      0.014322254   
12.98796       0.010962132   

Stress
20.3633      -0.0154529   -0.00227015   0.101603     0.0608042    0.0864163   
-0.0154529   20.4068      0.00581214    0.0608042    0.112334     0.0870621   
-0.00227015  0.00581214   20.3427       0.0864163    0.0870621    0.114677    

Stress Spherical
0            0            0             0            0            0           
0            0            0             0            0            0           
0            0            0             0            0            0           

Inertia
149.98       -56.255      -56.2232      0.276914     0.0999887    0.132871    
-56.255      149.9        -56.2551      0.0999887    0.341952     0.172421    
-56.2232     -56.2551     149.945       0.132871     0.172421     0.286131    

Bond Length
0.61696262    0.0028034045

BB bond length
0.61696262    0.0028034045

Water EE distance
0             0           

PEG EE distance
7.5322384     0.40962381  

BBB P2(x)
0.51336896    0.014737742 

BBB first bond length
0.61699329    0.0029740557

BBB second bond length
0.61707801    0.0029598926

BBB <phi**2>/<phi>**2
1.2220754     0.013722231 

Time = 17000
Temperature
1.0145012     0.0079746877

Pressure
23.373689     0.059935961 

CM Mom
-4.5791753e-17 1.6051e-17    
1.79287e-16    1.7098953e-17 
-1.8807151e-17 1.7306124e-17 
1.8746595e-16  1.7333567e-17 

CM Pos
7.4970989      0.013154258   
7.5046216      0.019849942   
7.4998412      0.01418997    
12.991298      0.019727565   

Stress
20.3278      -0.0401918   -0.0107087    0.081497     0.0718264    0.0540366   
-0.0401918   20.3227      -0.00557278   0.0718264    0.113697     0.0689963   
-0.0107087   -0.00557278  20.3626       0.0540366    0.0689963    0.0944415   

Stress Spherical
0            0            0             0            0            0           
0            0            0             0            0            0           
0            0            0             0            0            0           

Inertia
150.068      -56.245      -56.2439      0.487946     0.199117     0.154918    
-56.245      149.943      -56.2758      0.199117     0.278103     0.267345    
-56.2439     -56.2758     150.026       0.154918     0.267345     0.336034    

Bond Length
0.62017137    0.0020548702

BB bond length
0.62017137    0.0020548702

Water EE distance
0             0           

PEG EE distance
7.1022242     0.11275346  

BBB P2(x)
0.50535094    0.010790769 

BBB first bond length
0.61997997    0.0021050662

BBB second bond length
0.62020817    0.0021493849

BBB <phi**2>/<phi>**2
1.224989      0.0049222708

Time = 18000
Temperature
1.0069738     0.006919398 

Pressure
23.356126     0.10052784  

CM Mom
-3.7474424e-17 1.9067737e-17 
1.7070902e-16  2.3917794e-17 
-2.832745e-17  1.6336368e-17 
1.786919e-16   2.4901128e-17 

CM Pos
7.4966533      0.010455277   
7.4976414      0.014932206   
7.4958313      0.010869015   
12.984695      0.007697837   

Stress
20.3297      -0.000756487 -0.00680867   0.136569     0.119959     0.0590767   
-0.000756487 20.3542      0.00480383    0.119959     0.0992443    0.0449239   
-0.00680867  0.00480383   20.3441       0.0590767    0.0449239    0.13126     

Stress Spherical
0            0            0             0            0            0           
0            0            0             0            0            0           
0            0            0             0            0            0           

Inertia
149.901      -56.2071     -56.1841      0.218634     0.110972     0.124091    
-56.2071     149.883      -56.1957      0.110972     0.217496     0.127766    
-56.1841     -56.1957     149.902       0.124091     0.127766     0.205293    

Bond Length
0.61894599    0.0031362893

BB bond length
0.61894599    0.0031362893

Water EE distance
0             0           

PEG EE distance
7.0448251     0.18495003  

BBB P2(x)
0.50497852    0.0082105946

BBB first bond length
0.61884438    0.0031932212

BBB second bond length
0.61892035    0.0033064206

BBB <phi**2>/<phi>**2
1.2233086     0.010556296 

Time = 19000
Temperature
1.0079772     0.0098012907

Pressure
23.355815     0.084654281 

CM Mom
-5.9173238e-17 1.3198264e-17 
1.8071051e-16  2.1417899e-17 
-2.3414714e-17 2.8269409e-17 
1.9415917e-16  2.0983492e-17 

CM Pos
7.5000692      0.0089170771  
7.4980869      0.0095512486  
7.4999897      0.01468721    
12.989323      0.007828913   

Stress
20.3577      0.00399626   -0.0406731    0.136514     0.0519684    0.0914598   
0.00399626   20.3203      -0.021173     0.0519684    0.127546     0.0322919   
-0.0406731   -0.021173    20.34         0.0914598    0.0322919    0.0903201   

Stress Spherical
0            0            0             0            0            0           
0            0            0             0            0            0           
0            0            0             0            0            0           

Inertia
149.959      -56.2477     -56.2385      0.19512      0.125732     0.10767     
-56.2477     149.989      -56.1896      0.125732     0.186643     0.131848    
-56.2385     -56.1896     149.98        0.10767      0.131848     0.222341    

Bond Length
0.62031373    0.002712559 

BB bond length
0.62031373    0.002712559 

Water EE distance
0             0           

PEG EE distance
6.6620227     0.15915383  

BBB P2(x)
0.52083983    0.013739872 

BBB first bond length
0.62034756    0.0027404934

BBB second bond length
0.62031512    0.0028174305

BBB <phi**2>/<phi>**2
1.2305684     0.013299252 

Time = 20000
Temperature
1.0124208     0.0070875429

Pressure
23.353436     0.075367878 

CM Mom
-8.7847221e-17 1.7560324e-17 
1.8559741e-16  1.548564e-17  
-4.597189e-17  2.6743292e-17 
2.1299759e-16  1.3128198e-17 

CM Pos
7.4988811      0.0083234592  
7.5071463      0.014896713   
7.5014749      0.015562202   
12.99473       0.011228877   

Stress
20.3197      -0.00513072  -0.0545395    0.122538     0.0571216    0.070047    
-0.00513072  20.3387      0.00151075    0.0571216    0.0983776    0.0917444   
-0.0545395   0.00151075   20.3126       0.070047     0.0917444    0.0759727   

Stress Spherical
0            0            0             0            0            0           
0            0            0             0            0            0           
0            0            0             0            0            0           

Inertia
150.115      -56.3178     -56.2863      0.263464     0.1275       0.204662    
-56.3178     149.997      -56.3001      0.1275       0.296828     0.151192    
-56.2863     -56.3001     150.093       0.204662     0.151192     0.248047    

Bond Length
0.62045185    0.0023551822

BB bond length
0.62045185    0.0023551822

Water EE distance
0             0           

PEG EE distance
6.7600472     0.26232821  

BBB P2(x)
0.50820297    0.011947854 

BBB first bond length
0.62058975    0.0023457337

BBB second bond length
0.62025832    0.0027966468

BBB <phi**2>/<phi>**2
1.2221902     0.0099515504

Time = 21000
Temperature
1.0066685     0.0095167458

Pressure
23.350751     0.064883331 

CM Mom
-9.2842126e-17 1.3159497e-17 
1.6403765e-16  1.4055731e-17 
-7.1295555e-17 1.6866554e-17 
2.0251698e-16  1.5910837e-17 

CM Pos
7.5006632      0.015469089   
7.5028394      0.015016901   
7.5020689      0.013468258   
12.993611      0.017555182   

Stress
20.3399      -0.0236005   -0.0181173    0.110107     0.0481397    0.0788303   
-0.0236005   20.3302      0.016678      0.0481397    0.102762     0.102776    
-0.0181173   0.016678     20.3445       0.0788303    0.102776     0.0825228   

Stress Spherical
0            0            0             0            0            0           
0            0            0             0            0            0           
0            0            0             0            0            0           

Inertia
150.046      -56.2604     -56.2526      0.387218     0.152818     0.183438    
-56.2604     150.022      -56.2591      0.152818     0.272111     0.218665    
-56.2526     -56.2591     150.017       0.183438     0.218665     0.330136    

Bond Length
0.61803594    0.0028943876

BB bond length
0.61803594    0.0028943876

Water EE distance
0             0           

PEG EE distance
6.594867      0.26248208  

BBB P2(x)
0.51044554    0.017268582 

BBB first bond length
0.6178108     0.0025722918

BBB second bond length
0.61788084    0.0028960054

BBB <phi**2>/<phi>**2
1.2276917     0.0095980834

Time = 22000
Temperature
1.0112778     0.010332868 

Pressure
23.343457     0.11224399  

CM Mom
-9.873043e-17  2.6442402e-17 
1.6344626e-16  1.6055815e-17 
-8.5650958e-17 2.4552104e-17 
2.1177441e-16  2.2580127e-17 

CM Pos
7.4978415      0.011694071   
7.4912552      0.010526759   
7.4924155      0.0076438273  
12.979717      0.0081027361  

Stress
20.3302      -0.00593108  -0.00148695   0.117361     0.0436316    0.0645046   
-0.00593108  20.3096      -0.00649837   0.0436316    0.140368     0.0603188   
-0.00148695  -0.00649837  20.3115       0.0645046    0.0603188    0.110203    

Stress Spherical
0            0            0             0            0            0           
0            0            0             0            0            0           
0            0            0             0            0            0           

Inertia
149.759      -56.156      -56.2026      0.203987     0.108541     0.126826    
-56.156      149.862      -56.1401      0.108541     0.138066     0.0827423   
-56.2026     -56.1401     149.838       0.126826     0.0827423    0.253857    

Bond Length
0.61741067    0.0031146626

BB bond length
0.61741067    0.0031146626

Water EE distance
0             0           

PEG EE distance
6.986755      0.12155208  

BBB P2(x)
0.50832069    0.015634318 

BBB first bond length
0.61759183    0.0033516498

BBB second bond length
0.61756492    0.0028395323

BBB <phi**2>/<phi>**2
1.2204414     0.016265419 

Time = 23000
Temperature
1.0100298     0.0056474649

Pressure
23.373975     0.095879179 

CM Mom
-9.4648986e-17 1.7190084e-17 
1.8215902e-16  1.6584779e-17 
-8.8749964e-17 2.8944308e-17 
2.25407e-16    2.4837617e-17 

CM Pos
7.4981385      0.013960396   
7.5015028      0.017424406   
7.4973164      0.018771713   
12.988654      0.010245469   

Stress
20.3256      -0.0164388   0.0425558     0.15058      0.0706991    0.0469565   
-0.0164388   20.3723      0.0067358     0.0706991    0.112613     0.0766512   
0.0425558    0.0067358    20.3562       0.0469565    0.0766512    0.0871099   

Stress Spherical
0            0            0             0            0            0           
0            0            0             0            0            0           
0            0            0             0            0            0           

Inertia
149.991      -56.2545     -56.2511      0.424768     0.111336     0.153184    
-56.2545     149.945      -56.2112      0.111336     0.262733     0.216542    
-56.2511     -56.2112     150.02        0.153184     0.216542     0.199897    

Bond Length
0.61918431    0.0036241585

BB bond length
0.61918431    0.0036241585

Water EE distance
0             0           

PEG EE distance
6.8913099     0.18211191  

BBB P2(x)
0.51011272    0.013015333 

BBB first bond length
0.61915508    0.0037605213

BBB second bond length
0.6192824     0.0036579496

BBB <phi**2>/<phi>**2
1.2228712     0.011605862 

Time = 24000
Temperature
1.0131257     0.0048868168

Pressure
23.373405     0.068657123 

CM Mom
-9.1880848e-17 2.1003878e-17 
2.0568111e-16  2.5571111e-17 
-1.159845e-16  1.6474149e-17 
2.5554668e-16  1.6172597e-17 

CM Pos
7.5019999      0.017532302   
7.499275       0.015072611   
7.4985046      0.011599381   
12.990274      0.012147552   

Stress
20.3198      -0.000409384 0.0116322     0.076685     0.0413332    0.0463244   
-0.000409384 20.3649      0.00959264    0.0413332    0.10138      0.0385366   
0.0116322    0.00959264   20.34         0.0463244    0.0385366    0.0943192   

Stress Spherical
0            0            0             0            0            0           
0            0            0             0            0            0           
0            0            0             0            0            0           

Inertia
149.967      -56.2831     -56.2558      0.287638     0.1624       0.15625     
-56.2831     150.022      -56.2342      0.1624       0.318114     0.179096    
-56.2558     -56.2342     150.034       0.15625      0.179096     0.266765    

Bond Length
0.62189033    0.003767225 

BB bond length
0.62189033    0.003767225 

Water EE distance
0             0           

PEG EE distance
7.2304921     0.12073877  

BBB P2(x)
0.51773396    0.015813721 

BBB first bond length
0.621447      0.0035692433

BBB second bond length
0.62180915    0.0034918145

BBB <phi**2>/<phi>**2
1.2236853     0.014441967 

Time = 25000
Temperature
1.0161994     0.0063718041

Pressure
23.366263     0.058008943 

CM Mom
-1.164558e-16  1.4427684e-17 
2.0457948e-16  1.3895625e-17 
-1.3639832e-16 2.5436146e-17 
2.7313693e-16  2.1533246e-17 

CM Pos
7.5036335      0.012644712   
7.4997206      0.013514851   
7.4971679      0.017876772   
12.990697      0.017434823   

Stress
20.2605      0.00413497   0.00283108    0.074018     0.0353791    0.074238    
0.00413497   20.3714      0.028043      0.0353791    0.149874     0.0820936   
0.00283108   0.028043     20.3436       0.074238     0.0820936    0.0600592   

Stress Spherical
0            0            0             0            0            0           
0            0            0             0            0            0           
0            0            0             0            0            0           

Inertia
149.947      -56.2855     -56.2644      0.268348     0.22222      0.189515    
-56.2855     150.004      -56.2084      0.22222      0.364742     0.176685    
-56.2644     -56.2084     150.064       0.189515     0.176685     0.339096    

Bond Length
0.61874597    0.002989003 

BB bond length
0.61874597    0.002989003 

Water EE distance
0             0           

PEG EE distance
7.1277455     0.20814361  

BBB P2(x)
0.51492616    0.012529628 

BBB first bond length
0.61855578    0.0032274583

BBB second bond length
0.61873051    0.0031854584

BBB <phi**2>/<phi>**2
1.2294887     0.0091157406

Time = 26000
Temperature
1.0169483     0.0067860296

Pressure
23.355803     0.099707353 

CM Mom
-1.2874245e-16 1.2919385e-17 
2.1331644e-16  5.3744331e-17 
-1.4204644e-16 2.8040466e-17 
2.91096e-16    3.6884432e-17 

CM Pos
7.4984355      0.011314454   
7.5016513      0.010505786   
7.4968709      0.0074093879  
12.988634      0.0076655039  

Stress
20.2998      -0.0250134   0.0624086     0.145032     0.0627657    0.0783411   
-0.0250134   20.3261      -0.0177569    0.0627657    0.0827972    0.0885245   
0.0624086    -0.0177569   20.3116       0.0783411    0.0885245    0.149951    

Stress Spherical
0            0            0             0            0            0           
0            0            0             0            0            0           
0            0            0             0            0            0           

Inertia
149.949      -56.2733     -56.2178      0.194097     0.109392     0.146329    
-56.2733     149.938      -56.2246      0.109392     0.200179     0.0764091   
-56.2178     -56.2246     150.013       0.146329     0.0764091    0.175789    

Bond Length
0.62019822    0.0033691559

BB bond length
0.62019822    0.0033691559

Water EE distance
0             0           

PEG EE distance
6.9732304     0.10003666  

BBB P2(x)
0.51748837    0.012896897 

BBB first bond length
0.62038779    0.0032024164

BBB second bond length
0.62020114    0.0035480187

BBB <phi**2>/<phi>**2
1.2253013     0.0069564361

Time = 27000
Temperature
1.0123753     0.0050527057

Pressure
23.349076     0.069156487 

CM Mom
-1.4027503e-16 1.6975753e-17 
2.1913989e-16  2.9417187e-17 
-1.5047699e-16 1.4397259e-17 
3.0204388e-16  2.1749008e-17 

CM Pos
7.5027424      0.0056766876  
7.4998691      0.015859829   
7.5048907      0.0096717268  
12.994722      0.011980671   

Stress
20.2905      -0.0165421   -0.0185392    0.0900838    0.0541642    0.0950057   
-0.0165421   20.3343      0.00676023    0.0541642    0.0921082    0.0568037   
-0.0185392   0.00676023   20.3336       0.0950057    0.0568037    0.127222    

Stress Spherical
0            0            0             0            0            0           
0            0            0             0            0            0           
0            0            0             0            0            0           

Inertia
150.019      -56.185      -56.293       0.31224      0.114339     0.0919692   
-56.185      150.099      -56.2936      0.114339     0.183572     0.153011    
-56.293      -56.2936     150.013       0.0919692    0.153011     0.317391    

Bond Length
0.61896132    0.0040487517

BB bond length
0.61896132    0.0040487517

Water EE distance
0             0           

PEG EE distance
6.9030619     0.15939453  

BBB P2(x)
0.51743156    0.012689891 

BBB first bond length
0.61896493    0.0040954459

BBB second bond length
0.61878673    0.0040810537

BBB <phi**2>/<phi>**2
1.2282822     0.010259736 

Time = 28000
Temperature
1.0062562     0.0068634962

Pressure
23.329423     0.095367492 

CM Mom
-1.349564e-16  2.4240037e-17 
2.2377864e-16  2.666839e-17  
-1.6744527e-16 1.0079881e-17 
3.1173752e-16  2.3412267e-17 

CM Pos
7.4957622      0.016948922   
7.5072948      0.014839599   
7.5093461      0.012811074   
12.997565      0.013189418   

Stress
20.2565      -0.00947098  0.0168897     0.113006     0.0721128    0.0538729   
-0.00947098  20.3195      -0.000731779  0.0721128    0.143257     0.0497319   
0.0168897    -0.000731779 20.3784       0.0538729    0.0497319    0.134062    

Stress Spherical
0            0            0             0            0            0           
