Time = 500
Temperature
   1.0416846   0.054291862

Pressure
   19.344135    0.20218305

CM Mom
-2.2101794e-17 1.4275408e-17 
8.4647506e-18  4.2998579e-18 
1.4734529e-17  2.0896255e-17 
3.5892257e-17  1.2162362e-17 

CM Pos
7.5082524      0.0077598834  
7.4877442      0.0056763307  
7.4991909      0.010697907   
12.987615      0.010246252   

Stress
16.2614      0.0266115    0.00532252    0.12499      0.0855323    0.0327964   
0.0266115    16.1435      0.00114565    0.0855323    0.113364     0.0545665   
0.00532252   0.00114565   16.2653       0.0327964    0.0545665    0.149162    

Stress Spherical
0            0            0             0            0            0           
0            0            0             0            0            0           
0            0            0             0            0            0           

Inertia
148.691      -56.1425     -56.1742      0.793951     0.0965559    0.210945    
-56.1425     149.092      -56.091       0.0965559    0.737755     0.092174    
-56.1742     -56.091      149.021       0.210945     0.092174     0.855751    

Bond Length
0.61170805    0.0019689487

BB bond length
0.61170805    0.0019689487

Water EE distance
0             0           

PEG EE distance
3.707851      0.06117802  

Time = 1000
Temperature
1.010701      0.0084625722

Pressure
19.181403     0.10863244  

CM Mom
-5.3660414e-17 3.0852365e-17 
1.399665e-17   2.0297513e-17 
5.8766825e-18  2.7474535e-17 
6.5855637e-17  2.9860077e-17 

CM Pos
7.5230877      0.01642372    
7.4984256      0.017132074   
7.4985975      0.021612787   
13.002029      0.021497124   

Stress
16.1025      -0.00934813  -0.0442749    0.100622     0.0625725    0.0578135   
-0.00934813  16.2266      0.00362541    0.0625725    0.162824     0.0717668   
-0.0442749   0.00362541   16.1314       0.0578135    0.0717668    0.092322    

Stress Spherical
0            0            0             0            0            0           
0            0            0             0            0            0           
0            0            0             0            0            0           

Inertia
149.203      -56.3895     -56.2555      0.555865     0.300356     0.254346    
-56.3895     149.484      -56.1202      0.300356     0.637855     0.188918    
-56.2555     -56.1202     149.608       0.254346     0.188918     0.398932    

Bond Length
0.61389551    0.0014069094

BB bond length
0.61389551    0.0014069094

Water EE distance
0             0           

PEG EE distance
3.7033345     0.11897946  

