Time = 500
Temperature
   1.0371465   0.051119058

Pressure
   23.155677    0.20965113

CM Mom
3.3490081e-17  3.0159235e-17 
1.1535448e-17  2.7778944e-17 
1.7353961e-17  1.8319533e-17 
5.5037182e-17  2.3314698e-17 

CM Pos
7.5021266      0.036627357   
7.4907682      0.022154073   
7.5063941      0.014777329   
12.990003      0.036618539   

Stress
20.0756      -0.0473294   -0.113666     0.165989     0.0568042    0.0899537   
-0.0473294   20.0421      -0.0423362    0.0568042    0.105833     0.0594397   
-0.113666    -0.0423362   20.0288       0.0899537    0.0594397    0.0848432   

Stress Spherical
0            0            0             0            0            0           
0            0            0             0            0            0           
0            0            0             0            0            0           

Inertia
149.7        -56.2134     -56.37        0.543587     0.323259     0.345464    
-56.2134     149.804      -56.1576      0.323259     0.743407     0.302918    
-56.37       -56.1576     149.589       0.345464     0.302918     0.693869    

Bond Length
0.61585231    0.0078552215

BB bond length
0.61585231    0.0078552215

Water EE distance
0             0           

PEG EE distance
3.8900464     0.1660335   

Time = 1000
Temperature
1.0089595     0.0054124018

Pressure
23.088033     0.14757597  

CM Mom
2.5864573e-17  1.3792292e-17 
3.0071303e-17  1.2184644e-17 
1.8192942e-17  2.5659713e-17 
5.3046845e-17  9.3481812e-18 

CM Pos
7.4861028      0.012140815   
7.4972964      0.0060376825  
7.5173733      0.0080502433  
12.990852      0.010250264   

Stress
20.0772      0.033469     0.0241025     0.114315     0.0675104    0.0364      
0.033469     20.0563      -0.0258549    0.0675104    0.15695      0.0546003   
0.0241025    -0.0258549   20.0634       0.0364       0.0546003    0.196407    

Stress Spherical
0            0            0             0            0            0           
0            0            0             0            0            0           
0            0            0             0            0            0           

Inertia
150.031      -56.0876     -56.3239      0.232929     0.0941688    0.105037    
-56.0876     149.836      -56.3755      0.0941688    0.25745      0.144168    
-56.3239     -56.3755     149.531       0.105037     0.144168     0.212199    

Bond Length
0.61618693    0.0056646093

BB bond length
0.61618693    0.0056646093

Water EE distance
0             0           

PEG EE distance
3.5396685     0.21843057  

