Time = 500
Temperature
    1.038753   0.044752358

Pressure
    23.63813     0.1873698

CM Mom
-4.3905022e-17 1.4164592e-17 
-1.5424029e-17 2.492925e-17  
3.0817352e-17  1.9233994e-17 
6.2390024e-17  2.0366526e-17 

CM Pos
7.5039533      0.0178387     
7.5032291      0.031276037   
7.4924569      0.0059707947  
12.9902        0.026352906   

Stress
20.469       0.0219275    0.0485893     0.117044     0.0617607    0.0645698   
0.0219275    20.555       0.0159311     0.0617607    0.14016      0.093665    
0.0485893    0.0159311    20.5425       0.0645698    0.093665     0.147592    

Stress Spherical
0            0            0             0            0            0           
0            0            0             0            0            0           
0            0            0             0            0            0           

Inertia
149.77       -56.3109     -56.1934      0.183311     0.372856     0.144288    
-56.3109     149.786      -56.2792      0.372856     0.224645     0.18643     
-56.1934     -56.2792     149.927       0.144288     0.18643      0.490341    

Bond Length
0.61261115    0.00257877  

BB bond length
0.61261115    0.00257877  

Water EE distance
0             0           

PEG EE distance
4.483938      0.27259744  

Time = 1000
Temperature
1.0140681     0.0060559819

Pressure
23.524955     0.10848706  

CM Mom
-2.553491e-17  1.7393828e-17 
-1.8257708e-17 1.0640054e-17 
2.4948216e-17  1.7589349e-17 
4.5947745e-17  1.4890765e-17 

CM Pos
7.5113614      0.0093424829  
7.4887091      0.0098011668  
7.4903826      0.0082227007  
12.98489       0.0041420783  

Stress
20.4198      0.0193978    -0.0181166    0.155341     0.0724887    0.0799857   
0.0193978    20.4806      0.00936363    0.0724887    0.0653481    0.0844469   
-0.0181166   0.00936363   20.5487       0.0799857    0.0844469    0.132687    

Stress Spherical
0            0            0             0            0            0           
0            0            0             0            0            0           
0            0            0             0            0            0           

Inertia
149.615      -56.2447     -56.2547      0.160848     0.0482925    0.0547624   
-56.2447     149.92       -56.1366      0.0482925    0.102015     0.122483    
-56.2547     -56.1366     149.915       0.0547624    0.122483     0.171646    

Bond Length
0.61197809    0.0057826976

BB bond length
0.61197809    0.0057826976

Water EE distance
0             0           

PEG EE distance
3.5824661     0.75421683  

