Time = 500
Temperature
   1.0368711   0.038364714

Pressure
   22.762259    0.10338735

CM Mom
2.4180532e-17  6.4392472e-18 
1.3925817e-17  1.1563574e-17 
1.6426097e-17  2.6455103e-17 
4.1088537e-17  1.5337142e-17 

CM Pos
7.4859635      0.016339887   
7.4882685      0.03166499    
7.5031613      0.013179982   
12.977388      0.009881815   

Stress
19.6271      0.016102     0.0239715     0.0923453    0.0654129    0.0605631   
0.016102     19.701       -0.040578     0.0654129    0.0844068    0.0752893   
0.0239715    -0.040578    19.6379       0.0605631    0.0752893    0.0718934   

Stress Spherical
0            0            0             0            0            0           
0            0            0             0            0            0           
0            0            0             0            0            0           

Inertia
149.407      -56.0858     -56.1552      0.403294     0.218558     0.168064    
-56.0858     149.348      -56.2301      0.218558     0.258342     0.228536    
-56.1552     -56.2301     149.136       0.168064     0.228536     0.312186    

Bond Length
0.61464339    0.0053670698

BB bond length
0.61464339    0.0053670698

Water EE distance
0             0           

PEG EE distance
3.2581945     0.14708455  

Time = 1000
Temperature
1.0066984     0.0096049669

Pressure
22.597768     0.082384291 

CM Mom
3.7980924e-17  2.3315305e-17 
8.0129713e-18  4.9054401e-18 
2.3200181e-17  2.6960034e-17 
5.6204651e-17  1.3437045e-17 

CM Pos
7.4933796      0.0080369132  
7.5039909      0.008145672   
7.5013814      0.011083679   
12.98967       0.0079913321  

Stress
19.5516      0.00688644   0.0094005     0.129722     0.0940841    0.0978523   
0.00688644   19.598       -0.00211304   0.0940841    0.108264     0.0333017   
0.0094005    -0.00211304  19.5941       0.0978523    0.0333017    0.0359591   

Stress Spherical
0            0            0             0            0            0           
0            0            0             0            0            0           
0            0            0             0            0            0           

Inertia
149.656      -56.236      -56.2808      0.123769     0.0793767    0.0538535   
-56.236      149.576      -56.2686      0.0793767    0.217477     0.13657     
-56.2808     -56.2686     149.557       0.0538535    0.13657      0.0968192   

Bond Length
0.61316445    0.0025650263

BB bond length
0.61316445    0.0025650263

Water EE distance
0             0           

PEG EE distance
3.4600637     0.17954385  

