Time = 1000
Temperature
    1.032018   0.044372967

Pressure
   23.641459     0.2196605

CM Mom
-1.5649887e-18 1.4400819e-17 
1.4828714e-17  2.5102575e-17 
2.5394925e-17  5.3771808e-17 
5.9379647e-17  3.2714368e-17 

CM Pos
7.4990064      0.020456977   
7.5005304      0.012044852   
7.5017322      0.016696472   
12.991139      0.013490745   

Stress
20.5015      0.0320421    -0.00432934   0.154863     0.0619765    0.0500233   
0.0320421    20.574       -0.0368501    0.0619765    0.124482     0.0568003   
-0.00432934  -0.0368501   20.5671       0.0500233    0.0568003    0.155844    

Stress Spherical
0            0            0             0            0            0           
0            0            0             0            0            0           
0            0            0             0            0            0           

Inertia
150.037      -56.2662     -56.2635      0.232279     0.133943     0.178177    
-56.2662     150.011      -56.28        0.133943     0.553013     0.181061    
-56.2635     -56.28       150.008       0.178177     0.181061     0.765401    

Bond Length
0.62178517    0.003954004 

BB bond length
0.62178517    0.003954004 

Water EE distance
0             0           

PEG EE distance
5.1199562     0.23906137  

BBB P2(x)
0.49224244    0.055576717 

BBB first bond length
0.6215553     0.0038771044

BBB second bond length
0.62163732    0.0037383976

BBB <phi**2>/<phi>**2
1.2220168     0.019402745 

Time = 2000
Temperature
1.0094031     0.0081752617

Pressure
23.488688     0.092205284 

CM Mom
1.6780218e-17  3.1588721e-17 
5.3809346e-19  2.2776287e-17 
1.5598864e-17  2.3717141e-17 
4.2161241e-17  2.8752895e-17 

CM Pos
7.5044917      0.019591534   
7.4969724      0.012684746   
7.5027699      0.013955261   
12.992851      0.01055563    

Stress
20.4693      -0.00774625  0.0337941     0.114168     0.0514085    0.0502952   
-0.00774625  20.4437      0.0245162     0.0514085    0.123608     0.0516989   
0.0337941    0.0245162    20.4747       0.0502952    0.0516989    0.1258      

Stress Spherical
0            0            0             0            0            0           
0            0            0             0            0            0           
0            0            0             0            0            0           

Inertia
149.929      -56.2645     -56.3056      0.260088     0.135494     0.198053    
-56.2645     150.046      -56.2354      0.135494     0.339366     0.144488    
-56.3056     -56.2354     149.945       0.198053     0.144488     0.240652    

Bond Length
0.62027367    0.0028944915

BB bond length
0.62027367    0.0028944915

Water EE distance
0             0           

PEG EE distance
5.5496125     0.20233563  

BBB P2(x)
0.5192069     0.023049112 

BBB first bond length
0.62045272    0.0028444694

BBB second bond length
0.62038099    0.0032542638

BBB <phi**2>/<phi>**2
1.2273401     0.016306174 

