Time = 1000
Temperature
   1.1452295    0.20739963

Pressure
   23.755003    0.95060206

CM Mom
5.9367802e-17  2.7154611e-17 
8.8212235e-18  1.9429523e-17 
2.1580468e-16  2.5856863e-16 
2.4249797e-16  2.4360082e-16 

CM Pos
7.499309       0.014143262   
7.4966563      0.025489233   
7.4955829      0.019343454   
12.985542      0.013151382   

Stress
20.337       0.00300131   -0.014724     0.34694      0.112953     0.0733568   
0.00300131   20.367       -0.0298124    0.112953     0.359722     0.0671516   
-0.014724    -0.0298124   20.2793       0.0733568    0.0671516    0.343103    

Stress Spherical
0            0            0             0            0            0           
0            0            0             0            0            0           
0            0            0             0            0            0           

Inertia
150.056      -56.2009     -56.1913      1.5377       0.186388     0.224197    
-56.2009     150.091      -56.1735      0.186388     1.18654      0.209725    
-56.1913     -56.1735     150.115       0.224197     0.209725     1.66525     

Bond Length
0.61929485    0.0095906436

BB bond length
0.61929485    0.0095906436

Water EE distance
0             0           

PEG EE distance
6.7187523     0.23718339  

BBB P2(x)
0.47395448    0.061540999 

BBB first bond length
0.619149      0.0095630637

BBB second bond length
0.61924411    0.0092871654

BBB <phi**2>/<phi>**2
1.2187346     0.01549435  

Time = 2000
Temperature
1.0134606     0.0047318839

Pressure
23.074728     0.10058961  

CM Mom
4.2872746e-17  2.1738836e-17 
2.3932451e-17  4.0613061e-17 
6.619801e-17   2.1885966e-17 
9.1692909e-17  3.1407239e-17 

CM Pos
7.5003486      0.010055234   
7.4935375      0.014941066   
7.5001868      0.017797632   
12.986975      0.016372054   

Stress
20.0478      0.0150227    0.0253585     0.106186     0.0559354    0.0450507   
0.0150227    20.0465      -0.049227     0.0559354    0.131122     0.107307    
0.0253585    -0.049227    20.0313       0.0450507    0.107307     0.142985    

Stress Spherical
0            0            0             0            0            0           
0            0            0             0            0            0           
0            0            0             0            0            0           

Inertia
149.788      -56.2436     -56.2422      0.477391     0.165947     0.194208    
-56.2436     149.893      -56.207       0.165947     0.395642     0.181307    
-56.2422     -56.207      149.79        0.194208     0.181307     0.401657    

Bond Length
0.61746315    0.0013025598

BB bond length
0.61746315    0.0013025598

Water EE distance
0             0           

PEG EE distance
7.1744547     0.066143662 

BBB P2(x)
0.51225421    0.011963007 

BBB first bond length
0.61732453    0.0012305995

BBB second bond length
0.61752973    0.0013158431

BBB <phi**2>/<phi>**2
1.2276987     0.0075586155

