Time = 1000
Temperature
   1.9964131     1.9323964

Pressure
   28.886653     1.2798576

CM Mom
-5.8852049e-17 3.4419521e-17 
6.4782217e-17  9.9328171e-17 
1.6956397e-16  7.7298703e-16 
6.2208017e-16  5.0792543e-16 

CM Pos
9.9959128      0.038754231   
10.005589      0.0098226957  
10.000281      0.02783777    
17.321569      0.036405251   

Stress
22.9092      0.182709     0.0235776     4.70484      0.512417     0.0870462   
0.182709     22.8777      0.00399269    0.512417     4.66852      0.105334    
0.0235776    0.00399269   22.9143       0.0870462    0.105334     4.53295     

Stress Spherical
0            0            0             0            0            0           
0            0            0             0            0            0           
0            0            0             0            0            0           

Inertia
267.68       -100.051     -100.011      2.23625      0.36775      0.707301    
-100.051     267.44       -100.104      0.36775      3.01931      0.173256    
-100.011     -100.104     267.591       0.707301     0.173256     2.44563     

Bond Length
0.62706273    0.06000286  

BB bond length
0.62706273    0.06000286  

Water EE distance
0             0           

PEG EE distance
9.5850513     0.075573704 

BBB P2(x)
0.15869061    0.043856482 

BBB first bond length
0.62759937    0.060880699 

BBB second bond length
0.62755351    0.060826301 

BBB <phi**2>/<phi>**2
1.1445083     0.017585047 

Time = 2000
Temperature
1.0169458     0.0098447364

Pressure
27.91367      0.043644613 

CM Mom
-6.0653361e-17 1.9286346e-17 
5.7961806e-17  1.6861167e-17 
-1.0158601e-16 1.7989428e-16 
1.9658661e-16  1.0830529e-16 

CM Pos
9.9964965      0.0085633087  
9.996168       0.0064587395  
9.9944443      0.019481943   
17.313075      0.013289575   

Stress
24.8865      -0.0244304   0.00970292    0.0814267    0.0497658    0.0453729   
-0.0244304   24.8498      -0.0101097    0.0497658    0.0932936    0.0442841   
0.00970292   -0.0101097   24.8567       0.0453729    0.0442841    0.0816613   

Stress Spherical
0            0            0             0            0            0           
0            0            0             0            0            0           
0            0            0             0            0            0           

Inertia
266.712      -99.928      -99.9179      0.462866     0.12121      0.168622    
-99.928      266.692      -99.9211      0.12121      0.356319     0.243915    
-99.9179     -99.9211     266.766       0.168622     0.243915     0.195998    

Bond Length
0.59723932    0.00050966455

BB bond length
0.59723932    0.00050966455

Water EE distance
0             0           

PEG EE distance
9.3941679     0.063491408 

BBB P2(x)
0.10278304    0.0054239421

BBB first bond length
0.59736717    0.00052890587

BBB second bond length
0.59739123    0.00054016182

BBB <phi**2>/<phi>**2
1.1260408     0.0014023421

Time = 3000
Temperature
1.0117485     0.004149614 

Pressure
27.910416     0.065946438 

CM Mom
-6.3122182e-17 3.1458566e-17 
7.0537206e-17  2.6604025e-17 
-1.6369403e-17 3.007286e-17  
1.0746797e-16  1.6741911e-17 

CM Pos
9.9978305      0.0072804107  
9.9917491      0.010158075   
10.0062        0.013963511   
17.31808       0.013194138   

Stress
24.9095      -0.0264512   0.00354902    0.0966133    0.0806768    0.077693    
-0.0264512   24.8438      0.0111289     0.0806768    0.0984667    0.066834    
0.00354902   0.0111289    24.8767       0.077693     0.066834     0.0618214   

Stress Spherical
0            0            0             0            0            0           
0            0            0             0            0            0           
0            0            0             0            0            0           

Inertia
266.736      -99.9289     -100.047      0.265861     0.153927     0.22167     
-99.9289     266.841      -99.9965      0.153927     0.331312     0.189206    
-100.047     -99.9965     266.587       0.22167      0.189206     0.28182     

Bond Length
0.59746953    0.00045077857

BB bond length
0.59746953    0.00045077857

Water EE distance
0             0           

PEG EE distance
8.9808962     0.12724837  

BBB P2(x)
0.088107877   0.0034736245

BBB first bond length
0.59766274    0.00050606183

BBB second bond length
0.59757985    0.00045099569

BBB <phi**2>/<phi>**2
1.1219991     0.0014536953

Time = 4000
Temperature
1.0130958     0.0057039933

Pressure
27.920999     0.053941512 

CM Mom
-5.8620463e-17 2.9318834e-17 
6.2808503e-17  2.6871592e-17 
-2.7080315e-17 2.6924499e-17 
9.7670823e-17  2.9692181e-17 

CM Pos
10.000332      0.010878763   
10.002088      0.010024438   
9.9987798      0.013642966   
17.32121       0.0092596127  

Stress
24.8818      0.0316144    0.00722528    0.0698519    0.0726084    0.0425114   
0.0316144    24.8642      0.0072402     0.0726084    0.0750414    0.0464344   
0.00722528   0.0072402    24.9037       0.0425114    0.0464344    0.0646005   

Stress Spherical
0            0            0             0            0            0           
0            0            0             0            0            0           
0            0            0             0            0            0           

Inertia
266.761      -100.045     -99.9997      0.358621     0.10553      0.16001     
-100.045     266.709      -100.056      0.10553      0.318162     0.248785    
-99.9997     -100.056     266.819       0.16001      0.248785     0.136183    

Bond Length
0.59717701    0.00048298756

BB bond length
0.59717701    0.00048298756

Water EE distance
0             0           

PEG EE distance
8.5354268     0.11236043  

BBB P2(x)
0.078526402   0.0035508612

BBB first bond length
0.59730357    0.00046216958

BBB second bond length
0.59730544    0.00045904086

BBB <phi**2>/<phi>**2
1.119875      0.0011909818

Time = 5000
Temperature
1.0115332     0.0064226457

Pressure
27.907273     0.044052158 

CM Mom
-4.414326e-17  1.4432688e-17 
4.9387985e-17  1.6387744e-17 
-1.3072907e-17 2.7799318e-17 
7.5541264e-17  1.009364e-17  

CM Pos
9.9931615      0.013692047   
9.9960846      0.013019324   
10.000197      0.0089444729  
17.314423      0.011059647   

Stress
24.8957      0.0155694    0.0119478     0.0581291    0.0449456    0.0658492   
0.0155694    24.842       -0.0182756    0.0449456    0.0786321    0.0418089   
0.0119478    -0.0182756   24.8849       0.0658492    0.0418089    0.0594145   

Stress Spherical
0            0            0             0            0            0           
0            0            0             0            0            0           
0            0            0             0            0            0           

Inertia
266.593      -99.9597     -99.9711      0.268287     0.187892     0.186528    
-99.9597     266.522      -99.9741      0.187892     0.380981     0.170824    
-99.9711     -99.9741     266.479       0.186528     0.170824     0.306627    

Bond Length
0.59715377    0.00030098368

BB bond length
0.59715377    0.00030098368

Water EE distance
0             0           

PEG EE distance
8.2696394     0.10353659  

BBB P2(x)
0.074565031   0.0021748362

BBB first bond length
0.59727507    0.00031920996

BBB second bond length
0.59727718    0.00029418936

BBB <phi**2>/<phi>**2
1.1191495     0.0014726558

Time = 6000
Temperature
1.0133907     0.0050058505

Pressure
27.931793     0.035297091 

CM Mom
-6.078758e-17  7.6869876e-18 
5.9637867e-17  1.9320868e-17 
-3.4667047e-17 2.5059546e-17 
9.6846863e-17  1.1604351e-17 

CM Pos
9.9985808      0.012271716   
10.000337      0.0081011179  
10.003699      0.0088977203  
17.322026      0.0078266537  

Stress
24.9172      -0.0372954   -0.0140528    0.0821615    0.071552     0.042688    
-0.0372954   24.8726      -0.0217163    0.071552     0.110989     0.0575502   
-0.0140528   -0.0217163   24.8896       0.042688     0.0575502    0.0612619   

Stress Spherical
0            0            0             0            0            0           
0            0            0             0            0            0           
0            0            0             0            0            0           

Inertia
266.692      -99.9713     -100.026      0.16841      0.092089     0.166429    
-99.9713     266.67       -99.9955      0.092089     0.333532     0.0976259   
-100.026     -99.9955     266.639       0.166429     0.0976259    0.244911    

Bond Length
0.59719737    0.00045139736

BB bond length
0.59719737    0.00045139736

Water EE distance
0             0           

PEG EE distance
7.8958912     0.11105446  

BBB P2(x)
0.072088716   0.0024907922

BBB first bond length
0.59734455    0.000458959 

BBB second bond length
0.59734128    0.00045530643

BBB <phi**2>/<phi>**2
1.1184305     0.0014072397

Time = 7000
Temperature
1.0150742     0.0031043073

Pressure
27.891903     0.05304513  

CM Mom
-7.5614274e-17 1.6512806e-17 
4.6438984e-17  1.2732104e-17 
-3.4780786e-17 1.2926584e-17 
9.6323922e-17  2.0183619e-17 

CM Pos
9.9944955      0.011944763   
10.001421      0.0081178332  
9.998363       0.010513521   
17.317212      0.0097128292  

Stress
24.843       0.0291841    -0.0175011    0.0473158    0.0656643    0.0305156   
0.0291841    24.8538      -0.0123465    0.0656643    0.0924433    0.0454068   
-0.0175011   -0.0123465   24.8478       0.0305156    0.0454068    0.137864    

Stress Spherical
0            0            0             0            0            0           
0            0            0             0            0            0           
0            0            0             0            0            0           

Inertia
266.626      -99.9214     -99.8938      0.215845     0.129507     0.200344    
-99.9214     266.501      -100.03       0.129507     0.36482      0.140019    
-99.8938     -100.03      266.576       0.200344     0.140019     0.278045    

Bond Length
0.59735355    0.0006859893

BB bond length
0.59735355    0.0006859893

Water EE distance
0             0           

PEG EE distance
7.6930386     0.038652258 

BBB P2(x)
0.068084218   0.0041521202

BBB first bond length
0.59745794    0.00073632666

BBB second bond length
0.59743678    0.00069699726

BBB <phi**2>/<phi>**2
1.1168891     0.0018203503

Time = 8000
Temperature
1.0125783     0.0051242861

Pressure
27.948156     0.066495728 

CM Mom
-7.3948569e-17 1.8930358e-17 
4.3044631e-17  1.9626097e-17 
-5.036709e-17  2.2373297e-17 
1.0457484e-16  1.289513e-17  

CM Pos
10.00325       0.0071915487  
10.001837      0.013460612   
10.002115      0.011807504   
17.324672      0.013272121   

Stress
24.9337      -0.0216099   0.00820893    0.0995784    0.0657869    0.0669367   
-0.0216099   24.9092      0.0328054     0.0657869    0.0864055    0.0922683   
0.00820893   0.0328054    24.893        0.0669367    0.0922683    0.125138    

Stress Spherical
0            0            0             0            0            0           
0            0            0             0            0            0           
0            0            0             0            0            0           

Inertia
266.705      -100.034     -100.027      0.431708     0.155695     0.180843    
-100.034     266.76       -100.01       0.155695     0.323525     0.24776     
-100.027     -100.01      266.75        0.180843     0.24776      0.290102    

Bond Length
0.59695749    0.00036561595

BB bond length
0.59695749    0.00036561595

Water EE distance
0             0           

PEG EE distance
7.4555329     0.087592538 

BBB P2(x)
0.065720067   0.0031283668

BBB first bond length
0.59707361    0.00037443316

BBB second bond length
0.59714988    0.00046833616

BBB <phi**2>/<phi>**2
1.1166018     0.0012452529

Time = 9000
Temperature
1.0136658     0.0049800408

Pressure
27.954938     0.075769225 

CM Mom
-7.1576363e-17 2.3659636e-17 
5.4996143e-17  9.8506545e-18 
-6.5025663e-17 1.4105788e-17 
1.1364055e-16  1.7824139e-17 

CM Pos
9.9999148      0.012937912   
9.996168       0.014450842   
10.00003       0.011365028   
17.318277      0.0079083568  

Stress
24.9224      -0.0412649   -0.00550394   0.120406     0.0617648    0.0715754   
-0.0412649   24.9138      0.0161837     0.0617648    0.0693614    0.0582715   
-0.00550394  0.0161837    24.9101       0.0715754    0.0582715    0.123398    

Stress Spherical
0            0            0             0            0            0           
0            0            0             0            0            0           
0            0            0             0            0            0           

Inertia
266.609      -99.9393     -99.9887      0.37409      0.161145     0.127335    
-99.9393     266.671      -99.9766      0.161145     0.185626     0.170449    
-99.9887     -99.9766     266.614       0.127335     0.170449     0.316718    

Bond Length
0.59717724    0.00063467058

BB bond length
0.59717724    0.00063467058

Water EE distance
0             0           

PEG EE distance
7.1962866     0.072446616 

BBB P2(x)
0.061396258   0.0033986456

BBB first bond length
0.59732556    0.00064744229

BBB second bond length
0.59731666    0.0006419912

BBB <phi**2>/<phi>**2
1.1151109     0.0017322633

Time = 10000
Temperature
1.0130249     0.0037382992

Pressure
27.952428     0.081820092 

CM Mom
-8.7836423e-17 2.6658665e-17 
6.7302064e-17  1.8739771e-17 
-7.0255635e-17 1.9675362e-17 
1.357277e-16   1.4409498e-17 

CM Pos
10.001165      0.007973111   
10.001754      0.011655816   
9.9980295      0.0076145636  
17.321062      0.0085583504  

Stress
24.9364      0.0138932    0.00771074    0.107493     0.0417702    0.0560007   
0.0138932    24.8717      0.0149019     0.0417702    0.0725046    0.0266483   
0.00771074   0.0149019    24.9365       0.0560007    0.0266483    0.123862    

Stress Spherical
0            0            0             0            0            0           
0            0            0             0            0            0           
0            0            0             0            0            0           

Inertia
266.67       -100.031     -100.012      0.343345     0.0956536    0.150191    
-100.031     266.663      -100.009      0.0956536    0.229952     0.209458    
-100.012     -100.009     266.749       0.150191     0.209458     0.231639    

Bond Length
0.59719719    0.00030385842

BB bond length
0.59719719    0.00030385842

Water EE distance
0             0           

PEG EE distance
6.9078424     0.072804132 

BBB P2(x)
0.062228189   0.002558151 

BBB first bond length
0.59731833    0.00029845947

BBB second bond length
0.59738298    0.00026854129

BBB <phi**2>/<phi>**2
1.1152607     0.0015735787

Time = 11000
Temperature
1.0111237     0.0034109121

Pressure
27.942614     0.083263906 

CM Mom
-6.6166525e-17 2.0036786e-17 
3.967417e-17   2.0337081e-17 
-5.6739371e-17 2.0160122e-17 
9.9937627e-17  2.013395e-17  

CM Pos
10.004751      0.010882277   
9.9967516      0.010929444   
9.9988632      0.0062174515  
17.320725      0.01039709    

Stress
24.9055      -0.0198381   -0.0231146    0.169384     0.0520515    0.0626083   
-0.0198381   24.9359      -0.018422     0.0520515    0.0817802    0.0526142   
-0.0231146   -0.018422    24.8908       0.0626083    0.0526142    0.101123    

Stress Spherical
0            0            0             0            0            0           
0            0            0             0            0            0           
0            0            0             0            0            0           

Inertia
266.558      -100.015     -100.018      0.212949     0.193448     0.165736    
-100.015     266.724      -100.015      0.193448     0.283453     0.127416    
-100.018     -100.015     266.703       0.165736     0.127416     0.374487    

Bond Length
0.59721382    0.00046441105

BB bond length
0.59721382    0.00046441105

Water EE distance
0             0           

PEG EE distance
6.7520409     0.028471211 

BBB P2(x)
0.060821625   0.0024386636

BBB first bond length
0.5972851     0.00048981192

BBB second bond length
0.59733992    0.00041205415

BBB <phi**2>/<phi>**2
1.1152142     0.0015090815

Time = 12000
Temperature
1.0129692     0.0047857145

Pressure
27.949749     0.058716776 

CM Mom
-7.4238123e-17 2.0110477e-17 
4.0412086e-17  2.4001773e-17 
-6.042811e-17  2.4575442e-17 
1.0695335e-16  3.0682923e-17 

CM Pos
9.9978305      0.012662303   
9.9984191      0.010999185   
9.997029       0.0091367003  
17.316634      0.011615258   

Stress
24.9059      0.011729     -0.00771984   0.0926989    0.0554306    0.0579999   
0.011729     24.9313      0.00912684    0.0554306    0.0846605    0.0482903   
-0.00771984  0.00912684   24.8998       0.0579999    0.0482903    0.0881505   

Stress Spherical
0            0            0             0            0            0           
0            0            0             0            0            0           
0            0            0             0            0            0           

Inertia
266.58       -99.9362     -99.9543      0.270449     0.194897     0.152471    
-99.9362     266.547      -99.9742      0.194897     0.303327     0.113371    
-99.9543     -99.9742     266.623       0.152471     0.113371     0.417265    

Bond Length
0.59727584    0.00051397436

BB bond length
0.59727584    0.00051397436

Water EE distance
0             0           

PEG EE distance
6.6463609     0.021755226 

BBB P2(x)
0.057874339   0.0026475814

BBB first bond length
0.59734416    0.00054360789

BBB second bond length
0.597446      0.0004842102

BBB <phi**2>/<phi>**2
1.1142183     0.0016166925

Time = 13000
Temperature
1.0090372     0.0063607262

Pressure
27.96971      0.040541543 

CM Mom
-6.5317936e-17 2.2672282e-17 
5.8057611e-17  1.5629991e-17 
-5.2567473e-17 1.3899357e-17 
1.032063e-16   2.6465788e-17 

CM Pos
10.006168      0.0065251275  
9.9929163      0.010392154   
10.003532      0.011238322   
17.322027      0.0089291596  

Stress
24.9885      -0.00194442  0.00615481    0.0555829    0.0663705    0.0444101   
-0.00194442  24.9612      -0.0250159    0.0663705    0.103294     0.0555731   
0.00615481   -0.0250159   24.8827       0.0444101    0.0555731    0.102503    

Stress Spherical
0            0            0             0            0            0           
0            0            0             0            0            0           
0            0            0             0            0            0           

Inertia
266.593      -99.9903     -100.082      0.28944      0.134933     0.131353    
-99.9903     266.842      -100.03       0.134933     0.241071     0.159826    
-100.082     -100.03      266.65        0.131353     0.159826     0.285872    

Bond Length
0.59725829    0.00035343423

BB bond length
0.59725829    0.00035343423

Water EE distance
0             0           

PEG EE distance
6.5301524     0.040990231 

BBB P2(x)
0.059728749   0.0037824396

BBB first bond length
0.59738666    0.00036852492

BBB second bond length
0.59738785    0.00037571886

BBB <phi**2>/<phi>**2
1.1150786     0.0016403022

Time = 14000
Temperature
1.0082315     0.003923431 

Pressure
27.983689     0.06015597  

CM Mom
-5.4282121e-17 3.1705583e-17 
4.9447285e-17  3.0805698e-17 
-2.7243229e-17 1.2064982e-17 
8.827525e-17   2.1001313e-17 

CM Pos
10.004751      0.008004002   
10.002838      0.0084538324  
10.004283      0.0048011272  
17.327365      0.0082115356  

Stress
24.9704      -0.0112401   0.00644931    0.0707178    0.0517704    0.0561225   
-0.0112401   24.9649      0.0160725     0.0517704    0.0726106    0.0368571   
0.00644931   0.0160725    24.9462       0.0561225    0.0368571    0.100392    

Stress Spherical
0            0            0             0            0            0           
0            0            0             0            0            0           
0            0            0             0            0            0           

Inertia
266.816      -100.068     -100.072      0.212899     0.103749     0.147348    
-100.068     266.821      -100.017      0.103749     0.231415     0.0947448   
-100.072     -100.017     266.822       0.147348     0.0947448    0.214649    

Bond Length
0.59671065    0.00060148855

BB bond length
0.59671065    0.00060148855

Water EE distance
0             0           

PEG EE distance
6.4384754     0.031679874 

BBB P2(x)
0.05959151    0.0032256925

BBB first bond length
0.59683368    0.00059085555

BBB second bond length
0.59684587    0.00058241823

BBB <phi**2>/<phi>**2
1.1150963     0.0014180376

Time = 15000
Temperature
1.0080939     0.0047593292

Pressure
27.939008     0.072298429 

CM Mom
-6.6706698e-17 2.8613799e-17 
4.4166401e-17  1.8847895e-17 
-2.0763804e-17 1.8116519e-17 
8.6303572e-17  2.9757093e-17 

CM Pos
10.002666      0.0084456057  
10.006173      0.0072305902  
10.001198      0.0074241231  
17.326306      0.0087188633  

Stress
24.9267      -0.0389528   -0.0230523    0.0566283    0.0701914    0.0382871   
-0.0389528   24.9341      -0.0160435    0.0701914    0.124875     0.0523995   
-0.0230523   -0.0160435   24.888        0.0382871    0.0523995    0.113657    

Stress Spherical
0            0            0             0            0            0           
0            0            0             0            0            0           
0            0            0             0            0            0           

Inertia
266.776      -100.064     -100.037      0.182436     0.15452      0.109322    
-100.064     266.709      -100.064      0.15452      0.301923     0.120471    
-100.037     -100.064     266.833       0.109322     0.120471     0.24171     

Bond Length
0.59705043    0.00071592275

BB bond length
0.59705043    0.00071592275

Water EE distance
0             0           

PEG EE distance
6.3285444     0.03995819  

BBB P2(x)
0.055255876   0.00170499  

BBB first bond length
0.59718067    0.00074541968

BBB second bond length
0.59721937    0.00073926889

BBB <phi**2>/<phi>**2
1.113236      0.0014143466

Time = 16000
Temperature
1.013407      0.0035050724

Pressure
27.939419     0.074644495 

CM Mom
-5.0702985e-17 1.1639739e-17 
3.9226214e-17  1.2305214e-17 
-3.9708072e-17 1.4171844e-17 
7.7744153e-17  1.139338e-17  

CM Pos
10.000332      0.012362297   
9.9945005      0.01185011    
9.9954448      0.0061358578  
17.314903      0.0064965251  

Stress
24.8961      -0.00741803  -0.0217982    0.0755168    0.0357688    0.0622846   
-0.00741803  24.9206      0.00672459    0.0357688    0.102071     0.0605376   
-0.0217982   0.00672459   24.8854       0.0622846    0.0605376    0.133763    

Stress Spherical
0            0            0             0            0            0           
0            0            0             0            0            0           
0            0            0             0            0            0           

Inertia
266.417      -99.9807     -99.9867      0.230525     0.133113     0.137844    
-99.9807     266.546      -99.8748      0.133113     0.283255     0.135708    
-99.9867     -99.8748     266.561       0.137844     0.135708     0.262113    

Bond Length
0.59735369    0.00049875045

BB bond length
0.59735369    0.00049875045

Water EE distance
0             0           

PEG EE distance
6.2729319     0.056785757 

BBB P2(x)
0.058453369   0.0040455177

BBB first bond length
0.59752767    0.00050830201

BBB second bond length
0.59745168    0.00050894529

BBB <phi**2>/<phi>**2
1.1146757     0.0012796764

Time = 17000
Temperature
1.0115033     0.004923417 

Pressure
27.904926     0.046958145 

CM Mom
-1.5310374e-17 1.7092259e-17 
3.4396526e-17  1.0567407e-17 
-4.8840927e-17 2.352123e-17  
6.7613527e-17  1.372732e-17  

CM Pos
9.9977471      0.012678487   
10.00117       0.0062062609  
10.002532      0.014910149   
17.321351      0.014463099   

Stress
24.9061      -0.00729484  -0.0276099    0.121947     0.0525083    0.0781154   
-0.00729484  24.8674      0.0122945     0.0525083    0.079283     0.0644253   
-0.0276099   0.0122945    24.8423       0.0781154    0.0644253    0.0583833   

Stress Spherical
0            0            0             0            0            0           
0            0            0             0            0            0           
0            0            0             0            0            0           

Inertia
266.727      -100.027     -99.9548      0.312419     0.122951     0.257301    
-100.027     266.626      -100.049      0.122951     0.486046     0.184129    
-99.9548     -100.049     266.647       0.257301     0.184129     0.280979    

Bond Length
0.59725504    0.00044627348

BB bond length
0.59725504    0.00044627348

Water EE distance
0             0           

PEG EE distance
6.1848721     0.015996807 

BBB P2(x)
0.055209308   0.0020251824

BBB first bond length
0.59734417    0.00040421229

BBB second bond length
0.59734366    0.00047017964

BBB <phi**2>/<phi>**2
1.1133008     0.00073476006

Time = 18000
Temperature
1.0112854     0.0064460405

Pressure
27.975666     0.064861503 

CM Mom
-1.3223586e-17 2.3019887e-17 
4.4519536e-17  1.892412e-17  
-5.6465264e-17 1.2500461e-17 
7.8033925e-17  1.7325814e-17 

CM Pos
9.9989977      0.0059360439  
9.9975853      0.009104308   
9.9961952      0.0056480039  
17.316341      0.0086602447  

Stress
24.9451      0.0358143    -0.0276935    0.101296     0.0400831    0.0494943   
0.0358143    24.9489      -0.0116384    0.0400831    0.0932842    0.0577041   
-0.0276935   -0.0116384   24.936        0.0494943    0.0577041    0.111161    

Stress Spherical
0            0            0             0            0            0           
0            0            0             0            0            0           
0            0            0             0            0            0           

Inertia
266.559      -99.9865     -99.9633      0.169838     0.149044     0.0932889   
-99.9865     266.559      -99.8939      0.149044     0.144217     0.105505    
-99.9633     -99.8939     266.611       0.0932889    0.105505     0.254123    

Bond Length
0.59725336    0.00071020982

BB bond length
0.59725336    0.00071020982

Water EE distance
0             0           

PEG EE distance
6.1260455     0.030800299 

BBB P2(x)
0.055678086   0.002214919 

BBB first bond length
0.59730199    0.00066963244

BBB second bond length
0.59738054    0.00071888553

BBB <phi**2>/<phi>**2
1.1137501     0.0016322773

Time = 19000
Temperature
1.0137627     0.0053574308

Pressure
27.964303     0.033153013 

CM Mom
1.5547889e-17  1.8284537e-17 
5.0792194e-17  1.4515006e-17 
-7.9945731e-17 1.7262565e-17 
9.8514115e-17  1.8731757e-17 

CM Pos
10.000415      0.0085205845  
10.007424      0.01334938    
10.000364      0.010084242   
17.325249      0.014346218   

Stress
24.9206      -0.0130382   -0.0105172    0.0567101    0.0371728    0.0286562   
-0.0130382   24.9413      0.0137748     0.0371728    0.0624026    0.0514967   
-0.0105172   0.0137748    24.9118       0.0286562    0.0514967    0.0736988   

Stress Spherical
0            0            0             0            0            0           
0            0            0             0            0            0           
0            0            0             0            0            0           

Inertia
266.847      -100.091     -99.9447      0.395406     0.195998     0.121414    
-100.091     266.728      -100.111      0.195998     0.291158     0.242083    
-99.9447     -100.111     266.846       0.121414     0.242083     0.387472    

Bond Length
0.59687823    0.00027380728

BB bond length
0.59687823    0.00027380728

Water EE distance
0             0           

PEG EE distance
6.0832502     0.039064346 

BBB P2(x)
0.056085828   0.0047035456

BBB first bond length
0.59697061    0.00026693514

BBB second bond length
0.59697864    0.00025787056

BBB <phi**2>/<phi>**2
1.1133294     0.0018771833

Time = 20000
Temperature
1.0145928     0.0045681598

Pressure
27.994588     0.075303746 

CM Mom
3.7678529e-17  2.1724303e-17 
2.8348627e-17  1.9694998e-17 
-7.7597534e-17 2.2237006e-17 
9.6059604e-17  1.9276116e-17 

CM Pos
9.9985808      0.013299296   
10.00709       0.011936322   
10.003115      0.0077336793  
17.325587      0.013672397   

Stress
25.0199      0.0111913    0.00560988    0.0564445    0.0571907    0.0473215   
0.0111913    24.9268      -0.0191085    0.0571907    0.14319      0.0551477   
0.00560988   -0.0191085   24.9103       0.0473215    0.0551477    0.0984505   

Stress Spherical
0            0            0             0            0            0           
0            0            0             0            0            0           
0            0            0             0            0            0           

Inertia
266.864      -100.029     -99.9814      0.247063     0.219005     0.178992    
-100.029     266.703      -100.108      0.219005     0.275557     0.145442    
-99.9814     -100.108     266.772       0.178992     0.145442     0.403468    

Bond Length
0.5971882     0.00071262362

BB bond length
0.5971882     0.00071262362

Water EE distance
0             0           

PEG EE distance
6.0385599     0.032138469 

BBB P2(x)
0.054571683   0.0024888397

BBB first bond length
0.59733547    0.00073270106

BBB second bond length
0.59735767    0.0007354318

BBB <phi**2>/<phi>**2
1.1133226     0.0012448355

Time = 21000
Temperature
1.0172073     0.0047492577

Pressure
27.987465     0.067534544 

CM Mom
2.3931142e-17  1.5268282e-17 
3.2057065e-17  2.1659467e-17 
-1.0606754e-16 2.0220085e-17 
1.158586e-16   2.3207046e-17 

CM Pos
10.000915      0.0079429751  
10.007173      0.010745032   
10.000614      0.0090966695  
17.325539      0.0073422165  

Stress
24.9438      0.0421424    -0.0337594    0.100248     0.0333821    0.0474914   
0.0421424    24.9515      -0.0100497    0.0333821    0.124371     0.0494486   
-0.0337594   -0.0100497   24.9168       0.0474914    0.0494486    0.0949389   

Stress Spherical
0            0            0             0            0            0           
0            0            0             0            0            0           
0            0            0             0            0            0           

Inertia
266.781      -100.088     -100.051      0.211601     0.156079     0.12066     
-100.088     266.686      -100.071      0.156079     0.234471     0.144172    
-100.051     -100.071     266.8         0.12066      0.144172     0.264965    

Bond Length
0.59718365    0.00050860953

BB bond length
0.59718365    0.00050860953

Water EE distance
0             0           

PEG EE distance
6.0142051     0.03354949  

BBB P2(x)
0.055554163   0.0029172215

BBB first bond length
0.59735496    0.00054113465

BBB second bond length
0.59734146    0.00052491852

BBB <phi**2>/<phi>**2
1.113826      0.0012101667

Time = 22000
Temperature
1.0122697     0.0042444214

Pressure
27.982809     0.084090106 

CM Mom
3.8218009e-17  3.0474875e-17 
5.9574518e-17  1.8977361e-17 
-1.0126921e-16 2.7413248e-17 
1.2961328e-16  2.2492972e-17 

CM Pos
10.008336      0.013232485   
10.005589      0.010039682   
10.004533      0.0088428634  
17.331169      0.013984908   

Stress
24.9529      -0.0163016   0.0146738     0.102964     0.0546358    0.0549286   
-0.0163016   24.9283      0.0066911     0.0546358    0.142759     0.0449863   
0.0146738    0.0066911    24.9614       0.0549286    0.0449863    0.0881946   

Stress Spherical
0            0            0             0            0            0           
0            0            0             0            0            0           
0            0            0             0            0            0           

Inertia
266.832      -100.134     -100.151      0.313339     0.235345     0.145963    
-100.134     266.896      -100.101      0.235345     0.343753     0.162076    
-100.151     -100.101     266.908       0.145963     0.162076     0.406843    

Bond Length
0.59693553    0.00056507388

BB bond length
0.59693553    0.00056507388

Water EE distance
0             0           

PEG EE distance
5.9766932     0.04970156  

BBB P2(x)
0.054251782   0.0030223197

BBB first bond length
0.59703131    0.00060004102

BBB second bond length
0.59707821    0.00059647678

BBB <phi**2>/<phi>**2
1.1136849     0.0020965598

Time = 23000
Temperature
1.0111582     0.0028987845

Pressure
27.999006     0.052545725 

CM Mom
1.0959796e-17  2.9468607e-17 
7.2164207e-17  2.1764901e-17 
-8.2197834e-17 3.0998851e-17 
1.1673757e-16  2.7561767e-17 

CM Pos
10.004834      0.0071765506  
10.001671      0.011583128   
10.010286      0.010940887   
17.330208      0.011087692   

Stress
24.964       -0.0105292   -0.0178378    0.112583     0.0484681    0.0513972   
-0.0105292   25.0007      -0.00960858   0.0484681    0.115784     0.0700974   
-0.0178378   -0.00960858  24.9364       0.0513972    0.0700974    0.0945728   

Stress Spherical
0            0            0             0            0            0           
0            0            0             0            0            0           
0            0            0             0            0            0           

Inertia
266.878      -100.083     -100.152      0.358841     0.135989     0.135222    
-100.083     266.955      -100.101      0.135989     0.268565     0.176272    
-100.152     -100.101     266.778       0.135222     0.176272     0.22074     

Bond Length
0.59707036    0.00026716243

BB bond length
0.59707036    0.00026716243

Water EE distance
0             0           

PEG EE distance
5.9222346     0.036717861 

BBB P2(x)
0.054845897   0.0026386527

BBB first bond length
0.59717931    0.0002937703

BBB second bond length
0.59724082    0.00024493758

BBB <phi**2>/<phi>**2
1.112734      0.00088267137

Time = 24000
Temperature
1.0111605     0.0062698901

Pressure
27.941738     0.073196745 

CM Mom
6.748326e-18   1.9855516e-17 
7.7837797e-17  1.534533e-17  
-9.1867854e-17 1.2355387e-17 
1.2325326e-16  1.1617932e-17 

CM Pos
10.002249      0.007648721   
10.005256      0.0066407563  
10.002198      0.0087527889  
17.326114      0.0077600857  

Stress
24.9234      0.00949614   -0.0222085    0.0955802    0.0714448    0.0349854   
0.00949614   24.8981      -0.00546348   0.0714448    0.101358     0.0355929   
-0.0222085   -0.00546348  24.9078       0.0349854    0.0355929    0.0851557   

Stress Spherical
0            0            0             0            0            0           
0            0            0             0            0            0           
0            0            0             0            0            0           

Inertia
266.812      -100.072     -100.048      0.278515     0.0932732    0.119853    
-100.072     266.741      -100.094      0.0932732    0.222785     0.132774    
-100.048     -100.094     266.836       0.119853     0.132774     0.179631    

Bond Length
0.59713242    0.00038238374

BB bond length
0.59713242    0.00038238374

Water EE distance
0             0           

PEG EE distance
5.9615874     0.040575961 

BBB P2(x)
0.052272509   0.0022868043

BBB first bond length
0.59727026    0.00034990235

BBB second bond length
0.59728123    0.00040357314

BBB <phi**2>/<phi>**2
1.1124796     0.0010910338

Time = 25000
Temperature
1.0120989     0.004543419 

Pressure
27.992038     0.048587522 

CM Mom
2.5018432e-17  2.3892804e-17 
9.516866e-17   1.3173239e-17 
-1.1230247e-16 1.0890794e-17 
1.5153743e-16  1.3937646e-17 

CM Pos
9.9989143      0.0081588326  
10.008924      0.0090183874  
10.001865      0.010376422   
17.326116      0.009876276   

Stress
24.915       0.0091243    0.0119824     0.103328     0.0735744    0.0508191   
0.0091243    24.9336      0.0215587     0.0735744    0.0570232    0.0520658   
0.0119824    0.0215587    25.0232       0.0508191    0.0520658    0.0687687   

Stress Spherical
0            0            0             0            0            0           
0            0            0             0            0            0           
0            0            0             0            0            0           

Inertia
266.866      -100.117     -99.9882      0.345171     0.117843     0.173195    
-100.117     266.707      -100.053      0.117843     0.341869     0.144237    
-99.9882     -100.053     266.85        0.173195     0.144237     0.230125    

Bond Length
0.5969825     0.00045418614

BB bond length
0.5969825     0.00045418614

Water EE distance
0             0           

PEG EE distance
5.944212      0.063035758 

BBB P2(x)
0.054464051   0.0022854806

BBB first bond length
0.59714731    0.00044976265

BBB second bond length
0.59713608    0.00050659781

BBB <phi**2>/<phi>**2
1.1132972     0.0013908977

Time = 26000
Temperature
1.0134275     0.0038565788

Pressure
27.958577     0.079576447 

CM Mom
1.6598964e-17  1.4820187e-17 
9.1161006e-17  1.4145918e-17 
-1.3663084e-16 2.1140912e-17 
1.6701822e-16  1.5014561e-17 

CM Pos
9.9946622      0.012372415   
10.003255      0.0098566061  
10.000447      0.0074740486  
17.319573      0.0061674783  

Stress
24.9073      -0.0382534   0.00943429    0.133454     0.0606685    0.0560513   
-0.0382534   24.936       0.0310621     0.0606685    0.108959     0.082285    
0.00943429   0.0310621    24.9162       0.0560513    0.082285     0.0594283   

Stress Spherical
0            0            0             0            0            0           
0            0            0             0            0            0           
0            0            0             0            0            0           

Inertia
266.734      -99.9929     -100.003      0.291717     0.0858739    0.14917     
-99.9929     266.588      -100.009      0.0858739    0.25667      0.12406     
-100.003     -100.009     266.674       0.14917      0.12406      0.198615    

Bond Length
0.5971458     0.00057348426

BB bond length
0.5971458     0.00057348426

Water EE distance
0             0           

PEG EE distance
5.909278      0.048730677 

BBB P2(x)
0.053351369   0.0025375226

BBB first bond length
0.59723795    0.00058814554

BBB second bond length
0.59722974    0.00056505292

BBB <phi**2>/<phi>**2
1.1130869     0.0016024965

Time = 27000
Temperature
1.0112714     0.0043585772

Pressure
27.948182     0.055246633 

CM Mom
1.0244154e-17  2.8108763e-17 
8.9881644e-17  1.1785301e-17 
-1.4816343e-16 1.1618752e-17 
1.7596488e-16  1.5375547e-17 

CM Pos
10.000999      0.015146054   
10.00067       0.011013395   
9.9986131      0.0071624918  
17.320681      0.0079992781  

Stress
24.9298      0.0193333    -0.0269083    0.0883303    0.0567414    0.0464249   
0.0193333    24.9531      0.0143552     0.0567414    0.086604     0.0337167   
-0.0269083   0.0143552    24.8648       0.0464249    0.0337167    0.0887192   

Stress Spherical
0            0            0             0            0            0           
0            0            0             0            0            0           
0            0            0             0            0            0           

Inertia
266.614      -100.051     -99.9743      0.231515     0.154254     0.181066    
-100.051     266.659      -99.9652      0.154254     0.372601     0.157969    
-99.9743     -99.9652     266.698       0.181066     0.157969     0.213797    

Bond Length
0.59695476    0.000589637 

BB bond length
0.59695476    0.000589637 

Water EE distance
0             0           

PEG EE distance
5.8485119     0.063826391 

BBB P2(x)
0.053845408   0.0028930141

BBB first bond length
0.59702886    0.00054843571

BBB second bond length
0.59712344    0.00067172499

BBB <phi**2>/<phi>**2
1.1129061     0.0014940366

Time = 28000
Temperature
1.0118119     0.0059900188

Pressure
27.974476     0.073658744 

CM Mom
-5.5287838e-18 2.0433187e-17 
8.8666498e-17  1.9075153e-17 
-1.3481888e-16 7.5962755e-18 
1.6351754e-16  1.3020789e-17 

CM Pos
10.000415      0.011768584   
10.001421      0.0086886213  
9.999697       0.013841509   
17.3214        0.012451055   

Stress
24.9154      -0.00700683  0.0139228     0.0855335    0.0396734    0.0450893   
-0.00700683  24.9725      0.0285521     0.0396734    0.0894936    0.0534411   
0.0139228    0.0285521    24.9338       0.0450893    0.0534411    0.0983198   

Stress Spherical
