Time = 1000
Temperature
   1.3000251     0.4497309

Pressure
   24.913074      2.590589

CM Mom
-4.5166838e-17 1.955016e-17  
2.3204948e-17  2.0171802e-17 
3.8028252e-17  6.9813657e-16 
4.394194e-16   5.4691775e-16 

CM Pos
9.9997713      0.0074518473  
9.9932664      0.034215691   
10.000653      0.025924309   
17.316918      0.01058639    

Stress
20.999       0.0144524    0.0237504     1.43632      0.0312799    0.101111    
0.0144524    21.022       -0.0126832    0.0312799    1.40289      0.0472898   
0.0237504    -0.0126832   21.0263       0.101111     0.0472898    1.47182     

Stress Spherical
0            0            0             0            0            0           
0            0            0             0            0            0           
0            0            0             0            0            0           

Inertia
267.4        -99.9059     -100.024      6.03474      0.507764     0.299384    
-99.9059     267.533      -99.9495      0.507764     6.645        0.15214     
-100.024     -99.9495     267.364       0.299384     0.15214      5.57901     

Bond Length
0.62997811    0.023503987 

BB bond length
0.62997811    0.023503987 

Water EE distance
0             0           

PEG EE distance
8.5208776     0.3263526   

BBB P2(x)
0.11890764    0.032460371 

BBB first bond length
0.63021797    0.023930329 

BBB second bond length
0.63011218    0.02358246  

BBB <phi**2>/<phi>**2
1.1324189     0.011591991 

Time = 2000
Temperature
1.0233608     0.010548684 

Pressure
23.064562     0.066104082 

CM Mom
-6.1343664e-17 2.0917837e-17 
1.983338e-17   1.5590232e-17 
-5.0816671e-17 2.3373921e-16 
2.1074483e-16  1.3281561e-16 

CM Pos
9.9978532      0.01783038    
10.007276      0.011451207   
10.001904      0.0095067339  
17.324583      0.009340283   

Stress
20.0144      0.0322747    -0.0311271    0.0725223    0.0406608    0.053632    
0.0322747    19.98        -0.00317339   0.0406608    0.0976957    0.0703302   
-0.0311271   -0.00317339  19.9956       0.053632     0.0703302    0.0624319   

Stress Spherical
0            0            0             0            0            0           
0            0            0             0            0            0           
0            0            0             0            0            0           

Inertia
266.77       -100.027     -99.9922      1.15424      0.170771     0.166545    
-100.027     266.574      -100.15       0.170771     1.41964      0.164664    
-99.9922     -100.15      266.683       0.166545     0.164664     1.25151     

Bond Length
0.62182873    0.00071457882

BB bond length
0.62182873    0.00071457882

Water EE distance
0             0           

PEG EE distance
8.3531373     0.062551872 

BBB P2(x)
0.09583403    0.0054657824

BBB first bond length
0.62203468    0.00069339474

BBB second bond length
0.62189314    0.00067205705

BBB <phi**2>/<phi>**2
1.1243739     0.002238548 

Time = 3000
Temperature
1.0120989     0.0075798879

Pressure
22.941935     0.067281626 

CM Mom
-5.4685879e-17 1.1005446e-17 
2.4535961e-18  2.1337045e-17 
-3.3300904e-17 5.7940651e-17 
8.4755731e-17  2.9248762e-17 

CM Pos
9.9971861      0.020945277   
10.00319       0.0079817465  
9.99615        0.01013861    
17.318513      0.016824361   

Stress
19.9303      0.0302271    0.00319032    0.0828608    0.0483468    0.0469306   
0.0302271    19.9282      0.00170269    0.0483468    0.0689629    0.0422319   
0.00319032   0.00170269   19.8648       0.0469306    0.0422319    0.086861    

Stress Spherical
0            0            0             0            0            0           
0            0            0             0            0            0           
0            0            0             0            0            0           

Inertia
266.586      -100.004     -99.8887      0.52346      0.261348     0.246255    
-100.004     266.458      -99.9826      0.261348     0.804857     0.144561    
-99.8887     -99.9826     266.589       0.246255     0.144561     0.842132    

Bond Length
0.62262544    0.0011526903

BB bond length
0.62262544    0.0011526903

Water EE distance
0             0           

PEG EE distance
8.00834       0.076048953 

BBB P2(x)
0.080375817   0.0053235189

BBB first bond length
0.62267399    0.0011660708

BBB second bond length
0.62271099    0.0013056766

BBB <phi**2>/<phi>**2
1.1199228     0.0019475408

Time = 4000
Temperature
1.0117734     0.0070003996

Pressure
22.903728     0.049068587 

CM Mom
-4.0957962e-17 2.9207606e-17 
-1.6434326e-17 2.6718491e-17 
-7.6862101e-17 5.4368435e-17 
1.0173465e-16  4.5037479e-17 

CM Pos
9.99802        0.01758453    
10.001856      0.011013166   
10.002738      0.0069049715  
17.322026      0.013048254   

Stress
19.8822      0.0178384    -0.0094871    0.0621719    0.0495739    0.0427965   
0.0178384    19.8796      -0.0268747    0.0495739    0.069642     0.047665    
-0.0094871   -0.0268747   19.8498       0.0427965    0.047665     0.0616163   

Stress Spherical
0            0            0             0            0            0           
0            0            0             0            0            0           
0            0            0             0            0            0           

Inertia
266.713      -100.004     -100.016      0.325496     0.246274     0.19587     
-100.004     266.634      -100.064      0.246274     0.514533     0.0871936   
-100.016     -100.064     266.617       0.19587      0.0871936    0.514424    

Bond Length
0.62275332    0.000675621 

BB bond length
0.62275332    0.000675621 

Water EE distance
0             0           

PEG EE distance
7.5899318     0.1341319   

BBB P2(x)
0.084237261   0.0057327522

BBB first bond length
0.6227638     0.00055962195

BBB second bond length
0.62282172    0.00067412906

BBB <phi**2>/<phi>**2
1.121162      0.0019442431

Time = 5000
Temperature
1.0086212     0.0027912364

Pressure
22.869688     0.056458634 

CM Mom
-1.0298831e-17 1.5989221e-17 
-1.0106314e-17 1.8089809e-17 
-5.678835e-17  9.9079918e-18 
6.308014e-17   1.1622428e-17 

CM Pos
9.9971027      0.0068264717  
10.004441      0.005350128   
9.9997358      0.011753301   
17.321252      0.0075432704  

Stress
19.8571      -0.00419507  -0.00753294   0.100499     0.0477201    0.0263899   
-0.00419507  19.8238      -0.0347358    0.0477201    0.0772466    0.0369402   
-0.00753294  -0.0347358   19.857        0.0263899    0.0369402    0.0901362   

Stress Spherical
0            0            0             0            0            0           
0            0            0             0            0            0           
0            0            0             0            0            0           

Inertia
266.711      -100.021     -99.9476      0.261597     0.0836351    0.159337    
-100.021     266.564      -100.038      0.0836351    0.295712     0.104389    
-99.9476     -100.038     266.678       0.159337     0.104389     0.201999    

Bond Length
0.6230084     0.001166413 

BB bond length
0.6230084     0.001166413 

Water EE distance
0             0           

PEG EE distance
7.2130677     0.062720702 

BBB P2(x)
0.073870801   0.0059059505

BBB first bond length
0.6231128     0.0011403009

BBB second bond length
0.62313903    0.0012138379

BBB <phi**2>/<phi>**2
1.1189689     0.001913949 

Time = 6000
Temperature
1.0108162     0.0042217074

Pressure
22.882275     0.05601912  

CM Mom
7.0612786e-19  2.1112945e-17 
-1.569128e-17  1.4663857e-17 
-6.369374e-17  1.2479925e-17 
7.0588637e-17  1.1721148e-17 

CM Pos
9.998854       0.010988828   
10.00344       0.014965161   
9.9974842      0.010643236   
17.320389      0.013398075   

Stress
19.8389      -0.0177303   0.00394782    0.101364     0.0347023    0.0321033   
-0.0177303   19.8484      -0.00443519   0.0347023    0.0675603    0.0336644   
0.00394782   -0.00443519  19.8687       0.0321033    0.0336644    0.0617581   

Stress Spherical
0            0            0             0            0            0           
0            0            0             0            0            0           
0            0            0             0            0            0           

Inertia
266.666      -100.034     -100.003      0.323199     0.173536     0.185182    
-100.034     266.584      -100.005      0.173536     0.348675     0.174535    
-100.003     -100.005     266.701       0.185182     0.174535     0.3615      

Bond Length
0.62337425    0.00096652146

BB bond length
0.62337425    0.00096652146

Water EE distance
0             0           

PEG EE distance
6.9278249     0.091895931 

BBB P2(x)
0.07579556    0.008122371 

BBB first bond length
0.62348771    0.00098639849

BBB second bond length
0.62338768    0.0010111877

BBB <phi**2>/<phi>**2
1.1179798     0.002133504 

Time = 7000
Temperature
1.0111646     0.0051819195

Pressure
22.913334     0.060241953 

CM Mom
3.194906e-17   1.4173841e-17 
-1.9406393e-17 2.7470996e-17 
-7.713997e-17  1.5446376e-17 
9.1182874e-17  1.5091481e-17 

CM Pos
10.002106      0.011876027   
10.001856      0.0085942739  
9.9981514      0.015610425   
17.321736      0.013955651   

Stress
19.8814      -0.0156585   0.021686      0.0631554    0.0596806    0.0583194   
-0.0156585   19.8693      0.0430376     0.0596806    0.0966672    0.0529106   
0.021686     0.0430376    19.8953       0.0583194    0.0529106    0.0655405   

Stress Spherical
0            0            0             0            0            0           
0            0            0             0            0            0           
0            0            0             0            0            0           

Inertia
266.653      -100.021     -100.001      0.322894     0.206606     0.197231    
-100.021     266.647      -100.038      0.206606     0.374834     0.1406      
-100.001     -100.038     266.741       0.197231     0.1406       0.332758    

Bond Length
0.62204737    0.00058880043

BB bond length
0.62204737    0.00058880043

Water EE distance
0             0           

PEG EE distance
6.6245373     0.084539558 

BBB P2(x)
0.07061876    0.0040704122

BBB first bond length
0.62215536    0.00061446233

BBB second bond length
0.62206653    0.00065332217

BBB <phi**2>/<phi>**2
1.1161897     0.0020998941

Time = 8000
Temperature
1.0082556     0.004635882 

Pressure
22.896597     0.061078983 

CM Mom
4.2338276e-17  1.1694157e-17 
-1.9042943e-17 1.5248737e-17 
-7.5241068e-17 1.5675684e-17 
9.1024268e-17  1.208175e-17  

CM Pos
10.002356      0.011946962   
9.9990205      0.0096825008  
10.00157       0.0085598148  
17.322216      0.010051113   

Stress
19.859       0.00418316   0.0399994     0.0707809    0.0239907    0.0359847   
0.00418316   19.8753      -0.0186403    0.0239907    0.102999     0.0282789   
0.0399994    -0.0186403   19.8876       0.0359847    0.0282789    0.0878155   

Stress Spherical
0            0            0             0            0            0           
0            0            0             0            0            0           
0            0            0             0            0            0           

Inertia
266.658      -99.978      -100.036      0.198413     0.156501     0.177166    
-99.978      266.737      -99.9922      0.156501     0.325395     0.1191      
-100.036     -99.9922     266.693       0.177166     0.1191       0.337641    

Bond Length
0.62288611    0.00089634517

BB bond length
0.62288611    0.00089634517

Water EE distance
0             0           

PEG EE distance
6.4838394     0.080512443 

BBB P2(x)
0.069801892   0.0041874678

BBB first bond length
0.62296717    0.00091391815

BBB second bond length
0.62302299    0.00089894397

BBB <phi**2>/<phi>**2
1.1164235     0.0028281845

Time = 9000
Temperature
1.0120486     0.0056886328

Pressure
22.906277     0.076924589 

CM Mom
6.9987611e-17  2.3150618e-17 
-1.2017193e-17 1.5813653e-17 
-8.3647248e-17 1.7172262e-17 
1.1213521e-16  2.336975e-17  

CM Pos
10.006109      0.011400385   
10.003607      0.012435259   
10.002571      0.020488073   
17.327619      0.011763228   

Stress
19.8401      0.0185273    -0.00559802   0.0844822    0.0438527    0.0367442   
0.0185273    19.8678      0.0320343     0.0438527    0.0809907    0.0683459   
-0.00559802  0.0320343    19.9089       0.0367442    0.0683459    0.113829    

Stress Spherical
0            0            0             0            0            0           
0            0            0             0            0            0           
0            0            0             0            0            0           

Inertia
266.778      -100.091     -100.111      0.489298     0.165778     0.209909    
-100.091     266.84       -100.078      0.165778     0.343571     0.270933    
-100.111     -100.078     266.858       0.209909     0.270933     0.29244     

Bond Length
0.62250448    0.00061338648

BB bond length
0.62250448    0.00061338648

Water EE distance
0             0           

PEG EE distance
6.4129846     0.078540939 

BBB P2(x)
0.06769947    0.0042645475

BBB first bond length
0.62249019    0.00056618596

BBB second bond length
0.62262412    0.00067123911

BBB <phi**2>/<phi>**2
1.1153549     0.0024703585

Time = 10000
Temperature
1.0089575     0.0058219935

Pressure
22.924604     0.078800854 

CM Mom
6.3594675e-17  2.2797009e-17 
8.3476199e-19  9.3656728e-18 
-8.4043826e-17 2.0852002e-17 
1.0909561e-16  1.5770801e-17 

CM Pos
9.9996879      0.01025557    
9.9987703      0.0083808328  
10.006074      0.010095648   
17.32313       0.0102168     

Stress
19.881       -0.0091965   0.00687133    0.0955353    0.0536842    0.0467161   
-0.0091965   19.9009      -0.0136688    0.0536842    0.0606437    0.0382975   
0.00687133   -0.0136688   19.9178       0.0467161    0.0382975    0.0997586   

Stress Spherical
0            0            0             0            0            0           
0            0            0             0            0            0           
0            0            0             0            0            0           

Inertia
266.766      -99.9552     -100.083      0.182569     0.198235     0.133096    
-99.9552     266.785      -100.064      0.198235     0.316459     0.136128    
-100.083     -100.064     266.651       0.133096     0.136128     0.358337    

Bond Length
0.62260246    0.00098989993

BB bond length
0.62260246    0.00098989993

Water EE distance
0             0           

PEG EE distance
6.2684879     0.069410828 

BBB P2(x)
0.074544666   0.0044417553

BBB first bond length
0.62267101    0.00099227356

BBB second bond length
0.6227273     0.0010833304

BBB <phi**2>/<phi>**2
1.1183842     0.0024064435

Time = 11000
Temperature
1.0107529     0.0077421453

Pressure
22.897243     0.060355547 

CM Mom
7.2774973e-17  1.5705091e-17 
-4.9149751e-18 1.6943497e-17 
-5.5068136e-17 2.2849903e-17 
9.4258987e-17  2.2889884e-17 

CM Pos
9.99802        0.0070287479  
9.9986035      0.013409332   
10.000236      0.0092996552  
17.318701      0.010244446   

Stress
19.8618      -0.00230857  0.0134645     0.0835714    0.0548729    0.0437245   
-0.00230857  19.8182      0.0202075     0.0548729    0.0822782    0.0512318   
0.0134645    0.0202075    19.9214       0.0437245    0.0512318    0.101209    

Stress Spherical
0            0            0             0            0            0           
0            0            0             0            0            0           
0            0            0             0            0            0           

Inertia
266.639      -99.9914     -99.9678      0.362189     0.152503     0.137713    
-99.9914     266.638      -100.013      0.152503     0.248545     0.184026    
-99.9678     -100.013     266.6         0.137713     0.184026     0.288837    

Bond Length
0.62203392    0.0012351846

BB bond length
0.62203392    0.0012351846

Water EE distance
0             0           

PEG EE distance
6.2783764     0.048757722 

BBB P2(x)
0.073945249   0.0043412685

BBB first bond length
0.62215334    0.001192729 

BBB second bond length
0.62215102    0.0012341676

BBB <phi**2>/<phi>**2
1.1179183     0.0022765323

Time = 12000
Temperature
1.0110586     0.0062135159

Pressure
22.908745     0.055260993 

CM Mom
3.075484e-17   8.8713798e-18 
1.8649315e-17  3.0397766e-17 
-7.1249881e-17 1.9242284e-17 
8.6697578e-17  1.5057346e-17 

CM Pos
10.001272      0.011324492   
10.00369       0.0080026298  
9.9950659      0.013316699   
17.320531      0.013687623   

Stress
19.8742      -0.0297398   0.00336652    0.0703417    0.0526986    0.0523655   
-0.0297398   19.9046      -0.0081684    0.0526986    0.106501     0.039782    
0.00336652   -0.0081684   19.8544       0.0523655    0.039782     0.0483246   

Stress Spherical
0            0            0             0            0            0           
0            0            0             0            0            0           
0            0            0             0            0            0           

Inertia
266.641      -100.051     -99.9842      0.327227     0.134964     0.219873    
-100.051     266.582      -100.005      0.134964     0.433291     0.172774    
-99.9842     -100.005     266.763       0.219873     0.172774     0.252468    

Bond Length
0.62245402    0.00075597486

BB bond length
0.62245402    0.00075597486

Water EE distance
0             0           

PEG EE distance
6.2856001     0.085416764 

BBB P2(x)
0.071624288   0.0072191938

BBB first bond length
0.62257093    0.00080364606

BBB second bond length
0.62261808    0.00070611197

BBB <phi**2>/<phi>**2
1.1176401     0.0030172933

Time = 13000
Temperature
1.0082292     0.0043934711

Pressure
22.887134     0.053635251 

CM Mom
2.7515783e-17  2.0507057e-17 
1.8740135e-17  1.3815064e-17 
-7.463279e-17  8.7347338e-18 
8.4717644e-17  1.3746856e-17 

CM Pos
9.9991875      0.013528088   
10.002273      0.010320463   
10.000737      0.0077586313  
17.321785      0.0082001325  

Stress
19.8887      -0.0212818   -0.00336698   0.083476     0.0358799    0.0441579   
-0.0212818   19.8476      -0.00112158   0.0358799    0.069796     0.056109    
-0.00336698  -0.00112158  19.8574       0.0441579    0.056109     0.0897112   

Stress Spherical
0            0            0             0            0            0           
0            0            0             0            0            0           
0            0            0             0            0            0           

Inertia
266.713      -100.02      -100.031      0.196309     0.236568     0.170795    
-100.02      266.662      -100.019      0.236568     0.270068     0.123373    
-100.031     -100.019     266.69        0.170795     0.123373     0.342992    

Bond Length
0.62300995    0.0012182034

BB bond length
0.62300995    0.0012182034

Water EE distance
0             0           

PEG EE distance
6.2392119     0.048734935 

BBB P2(x)
0.069806982   0.0049442964

BBB first bond length
0.62309756    0.0012920646

BBB second bond length
0.62317585    0.0013043399

BBB <phi**2>/<phi>**2
1.1177937     0.0021755311

Time = 14000
Temperature
1.0085891     0.0062072226

Pressure
22.87972      0.059694015 

CM Mom
3.3453552e-17  8.988192e-18  
2.4598051e-17  1.0679411e-17 
-5.6799518e-17 1.6816803e-17 
7.2730502e-17  1.176035e-17  

CM Pos
9.9981034      0.0080095787  
10.003357      0.0086039786  
10.002404      0.0082537418  
17.322744      0.0070470196  

Stress
19.8971      -0.0294021   -0.0276368    0.0670485    0.0524028    0.0436155   
-0.0294021   19.8263      -0.0113193    0.0524028    0.0778535    0.0505589   
-0.0276368   -0.0113193   19.8448       0.0436155    0.0505589    0.0840315   

Stress Spherical
0            0            0             0            0            0           
0            0            0             0            0            0           
0            0            0             0            0            0           

Inertia
266.794      -100.015     -99.9922      0.137382     0.151896     0.138074    
-100.015     266.674      -100.022      0.151896     0.302963     0.0649633   
-99.9922     -100.022     266.702       0.138074     0.0649633    0.234928    

Bond Length
0.62227392    0.001000623 

BB bond length
0.62227392    0.001000623 

Water EE distance
0             0           

PEG EE distance
6.2188921     0.042085368 

BBB P2(x)
0.068501586   0.0060719381

BBB first bond length
0.62242766    0.0010401945

BBB second bond length
0.62234524    0.0010571887

BBB <phi**2>/<phi>**2
1.1165962     0.0025615942

Time = 15000
Temperature
1.0124746     0.004802059 

Pressure
22.927187     0.048423978 

CM Mom
3.1441062e-17  1.8101581e-17 
1.9607475e-17  2.5460965e-17 
-2.8666893e-17 2.5456673e-17 
5.8243315e-17  2.0651164e-17 

CM Pos
10.002523      0.0084288229  
10.002773      0.0071230977  
10.004656      0.014598435   
17.326261      0.0098168414  

Stress
19.8984      0.00872261   0.0328479     0.0803249    0.0432589    0.0460046   
0.00872261   19.8979      -0.0181561    0.0432589    0.0746697    0.0507071   
0.0328479    -0.0181561   19.8795       0.0460046    0.0507071    0.0753344   

Stress Spherical
0            0            0             0            0            0           
0            0            0             0            0            0           
0            0            0             0            0            0           

Inertia
266.813      -100.087     -100.041      0.250874     0.125876     0.172054    
-100.087     266.795      -100.076      0.125876     0.369654     0.135776    
-100.041     -100.076     266.765       0.172054     0.135776     0.224178    

Bond Length
0.62257212    0.00066312215

BB bond length
0.62257212    0.00066312215

Water EE distance
0             0           

PEG EE distance
6.0335773     0.12763769  

BBB P2(x)
0.070423918   0.0027654933

BBB first bond length
0.62275384    0.00076656422

BBB second bond length
0.62268951    0.00059142543

BBB <phi**2>/<phi>**2
1.1172468     0.0021071356

Time = 16000
Temperature
1.0098742     0.0043332781

Pressure
22.895165     0.062712189 

CM Mom
3.3107635e-17  1.4643635e-17 
9.2433717e-18  1.0495719e-17 
4.9121686e-19  2.452674e-17  
4.3317761e-17  1.5215959e-17 

CM Pos
9.9997713      0.0091674767  
10.00244       0.009121467   
9.9986517      0.0091811211  
17.321012      0.0081770902  

Stress
19.8923      0.00684408   0.010055      0.0784982    0.0338057    0.0578852   
0.00684408   19.8631      -0.00453883   0.0338057    0.0862832    0.0285444   
0.010055     -0.00453883  19.8477       0.0578852    0.0285444    0.0770771   

Stress Spherical
0            0            0             0            0            0           
0            0            0             0            0            0           
0            0            0             0            0            0           

Inertia
266.711      -100.023     -100.004      0.265642     0.0983062    0.164947    
-100.023     266.636      -100.039      0.0983062    0.248945     0.125142    
-100.004     -100.039     266.715       0.164947     0.125142     0.172247    

Bond Length
0.62218846    0.00083453841

BB bond length
0.62218846    0.00083453841

Water EE distance
0             0           

PEG EE distance
5.9901072     0.078398243 

BBB P2(x)
0.069445233   0.0064223821

BBB first bond length
0.62224968    0.0008664664

BBB second bond length
0.62229161    0.0009014068

BBB <phi**2>/<phi>**2
1.116835      0.0020598153

Time = 17000
Temperature
1.0083535     0.0037739224

Pressure
22.888019     0.051769346 

CM Mom
2.1637093e-17  7.7100198e-18 
1.5134734e-17  8.4313767e-18 
4.6200656e-18  1.3193112e-17 
3.0590015e-17  9.3493683e-18 

CM Pos
10.002106      0.0074593094  
9.9981031      0.010061147   
9.9978178      0.0096609298  
17.319372      0.012812956   

Stress
19.8372      -0.0291514   -0.00760235   0.0862657    0.0548562    0.0775865   
-0.0291514   19.8676      0.0189475     0.0548562    0.0573997    0.0387411   
-0.00760235  0.0189475    19.8905       0.0775865    0.0387411    0.0589606   

Stress Spherical
0            0            0             0            0            0           
0            0            0             0            0            0           
0            0            0             0            0            0           

Inertia
266.598      -99.9641     -100.037      0.32546      0.140806     0.1822      
-99.9641     266.668      -99.9398      0.140806     0.296231     0.180375    
-100.037     -99.9398     266.671       0.1822       0.180375     0.255253    

Bond Length
0.62280235    0.00056341408

BB bond length
0.62280235    0.00056341408

Water EE distance
0             0           

PEG EE distance
6.0326895     0.075554329 

BBB P2(x)
0.06643923    0.0035710631

BBB first bond length
0.62289659    0.00058061365

BBB second bond length
0.62278426    0.00061704599

BBB <phi**2>/<phi>**2
1.1164958     0.0021859447

Time = 18000
Temperature
1.0110873     0.0041729782

Pressure
22.943161     0.048769122 

CM Mom
2.7908687e-17  1.2788323e-17 
2.6933949e-17  1.8914615e-17 
2.3030311e-19  1.8665454e-17 
4.6702055e-17  1.3892681e-17 

CM Pos
9.9990207      0.0073480018  
10.001772      0.014645757   
10.002321      0.011615517   
17.322315      0.010343469   

Stress
19.9221      0.033403     -0.0174051    0.0540575    0.0585148    0.0588843   
0.033403     19.9104      0.0113973     0.0585148    0.087125     0.0471951   
-0.0174051   0.0113973    19.9037       0.0588843    0.0471951    0.048958    

Stress Spherical
0            0            0             0            0            0           
0            0            0             0            0            0           
0            0            0             0            0            0           

Inertia
266.755      -100.02      -99.9923      0.345456     0.161202     0.142261    
-100.02      266.701      -100.027      0.161202     0.303608     0.210196    
-99.9923     -100.027     266.701       0.142261     0.210196     0.44453     

Bond Length
0.62247639    0.00072665147

BB bond length
0.62247639    0.00072665147

Water EE distance
0             0           

PEG EE distance
6.1535149     0.080017322 

BBB P2(x)
0.06607757    0.0059881038

BBB first bond length
0.62257365    0.00068017641

BBB second bond length
0.62251342    0.00073110326

BBB <phi**2>/<phi>**2
1.1156721     0.0018092762

Time = 19000
Temperature
1.0080135     0.0049240134

Pressure
22.868958     0.068359506 

CM Mom
2.9400912e-17  1.349014e-17  
5.8436695e-17  2.0753287e-17 
3.0598257e-17  1.9622584e-17 
7.5026085e-17  2.4172907e-17 

CM Pos
9.9991875      0.0080316885  
10.002356      0.014880579   
9.9979012      0.0096331762  
17.320196      0.0092182332  

Stress
19.8466      -0.0103506   0.00219776    0.0770488    0.0463636    0.0599931   
-0.0103506   19.8365      -0.0132784    0.0463636    0.061127     0.0300257   
0.00219776   -0.0132784   19.8581       0.0599931    0.0300257    0.0926413   

Stress Spherical
0            0            0             0            0            0           
0            0            0             0            0            0           
0            0            0             0            0            0           

Inertia
266.678      -100.002     -100.031      0.301964     0.145089     0.155419    
-100.002     266.605      -100.046      0.145089     0.258134     0.184192    
-100.031     -100.046     266.701       0.155419     0.184192     0.279791    

Bond Length
0.62220959    0.00099268405

BB bond length
0.62220959    0.00099268405

Water EE distance
0             0           

PEG EE distance
6.1774143     0.061464987 

BBB P2(x)
0.069602933   0.0041911214

BBB first bond length
0.622317      0.0010393231

BBB second bond length
0.62235592    0.0010830309

BBB <phi**2>/<phi>**2
1.1156639     0.001796629 

Time = 20000
Temperature
1.0134966     0.0059432248

Pressure
22.907429     0.080415209 

CM Mom
3.3838818e-17  1.3321478e-17 
6.4543315e-17  1.0748315e-17 
3.3804794e-17  2.4955959e-17 
8.5137764e-17  1.100083e-17  

CM Pos
10.000105      0.012258683   
10.000021      0.011089936   
10.004239      0.014023816   
17.323039      0.010982573   

Stress
19.8993      -0.0100861   -0.0366114    0.101954     0.0494389    0.0540584   
-0.0100861   19.8587      -0.00190138   0.0494389    0.0857582    0.0527042   
-0.0366114   -0.00190138  19.8493       0.0540584    0.0527042    0.092606    

Stress Spherical
0            0            0             0            0            0           
0            0            0             0            0            0           
0            0            0             0            0            0           

Inertia
266.755      -100.031     -100.039      0.521053     0.121471     0.196646    
-100.031     266.749      -100.039      0.121471     0.340619     0.229149    
-100.039     -100.039     266.674       0.196646     0.229149     0.2457      

Bond Length
0.62276779    0.0012981785

BB bond length
0.62276779    0.0012981785

Water EE distance
0             0           

PEG EE distance
6.2596847     0.027992433 

BBB P2(x)
0.071399267   0.0045653181

BBB first bond length
0.62292544    0.0013733144

BBB second bond length
0.62283152    0.0012137493

BBB <phi**2>/<phi>**2
1.1178053     0.0027036166

Time = 21000
Temperature
1.0111941     0.0045058314

Pressure
22.905817     0.059286993 

CM Mom
2.4344052e-17  1.4457174e-17 
6.777864e-17   2.0439399e-17 
3.1847188e-17  2.9660535e-17 
8.1710021e-17  3.2106371e-17 

CM Pos
9.9981034      0.0098970306  
9.9995208      0.015802585   
9.9965669      0.014385129   
17.317163      0.015785494   

Stress
19.8695      0.0167447    0.0122293     0.0802946    0.0430303    0.0620949   
0.0167447    19.8708      -0.00951545   0.0430303    0.0731732    0.0551616   
0.0122293    -0.00951545  19.8829       0.0620949    0.0551616    0.0720106   

Stress Spherical
0            0            0             0            0            0           
0            0            0             0            0            0           
0            0            0             0            0            0           

Inertia
266.593      -99.9623     -99.954       0.523526     0.224442     0.240454    
-99.9623     266.568      -99.968       0.224442     0.477494     0.201313    
-99.954      -99.968      266.635       0.240454     0.201313     0.320689    

Bond Length
0.62269565    0.00086057532

BB bond length
0.62269565    0.00086057532

Water EE distance
0             0           

PEG EE distance
6.2416879     0.050876707 

BBB P2(x)
0.066748199   0.0034798825

BBB first bond length
0.62286743    0.00085528093

BBB second bond length
0.62283344    0.00086710391

BBB <phi**2>/<phi>**2
1.1166895     0.0016761973

Time = 22000
Temperature
1.01007       0.0055915274

Pressure
22.896678     0.053722331 

CM Mom
3.0305329e-17  1.7263291e-17 
6.6731426e-17  1.1456284e-17 
4.0555799e-17  3.2800513e-17 
9.0169361e-17  1.9771109e-17 

CM Pos
10.00269       0.0070267688  
9.9988537      0.011473352   
10.004906      0.014433392   
17.324241      0.0088734375  

Stress
19.8744      -0.0165028   0.0116298     0.0563672    0.0600391    0.0495457   
-0.0165028   19.8619      -0.0194791    0.0600391    0.0873288    0.04211     
0.0116298    -0.0194791   19.8695       0.0495457    0.04211      0.0694376   

Stress Spherical
0            0            0             0            0            0           
0            0            0             0            0            0           
0            0            0             0            0            0           

Inertia
266.735      -100.015     -100.066      0.262753     0.102327     0.242955    
-100.015     266.807      -100.046      0.102327     0.415098     0.122498    
-100.066     -100.046     266.719       0.242955     0.122498     0.286753    

Bond Length
0.62243579    0.00059027792

BB bond length
0.62243579    0.00059027792

Water EE distance
0             0           

PEG EE distance
6.0925483     0.087715548 

BBB P2(x)
0.068557147   0.006494536 

BBB first bond length
0.62253427    0.00057983064

BBB second bond length
0.62265277    0.00060243885

BBB <phi**2>/<phi>**2
1.1167717     0.0028445896

Time = 23000
Temperature
1.0091303     0.0074270723

Pressure
22.894737     0.064518088 

CM Mom
1.2996502e-17  1.1654353e-17 
5.508457e-17   1.0226457e-17 
4.5328918e-17  1.8716264e-17 
7.5599125e-17  1.1550104e-17 

CM Pos
9.993767       0.0070961986  
10.000855      0.0069596444  
9.9974008      0.013978119   
17.31591       0.0078612605  

Stress
19.8426      -0.00232946  0.00110648    0.0711036    0.0460869    0.050097    
-0.00232946  19.8638      0.00817092    0.0460869    0.0712714    0.0550316   
0.00110648   0.00817092   19.9021       0.050097     0.0550316    0.0753867   

Stress Spherical
0            0            0             0            0            0           
0            0            0             0            0            0           
0            0            0             0            0            0           

Inertia
266.637      -99.945      -99.9465      0.284692     0.116615     0.131195    
-99.945      266.499      -99.9864      0.116615     0.275784     0.162441    
-99.9465     -99.9864     266.563       0.131195     0.162441     0.176353    

Bond Length
0.62235593    0.00072909137

BB bond length
0.62235593    0.00072909137

Water EE distance
0             0           

PEG EE distance
5.8376443     0.083683591 

BBB P2(x)
0.069772452   0.0057245535

BBB first bond length
0.62250227    0.0007098515

BBB second bond length
0.62239418    0.00069687569

BBB <phi**2>/<phi>**2
1.1160916     0.0028033182

Time = 24000
Temperature
1.011014      0.0057075835

Pressure
22.895987     0.063351674 

CM Mom
1.8658024e-17  1.8329626e-17 
2.5816169e-17  1.257328e-17  
4.7544168e-17  9.58345e-18   
6.1766999e-17  6.7666307e-18 

CM Pos
10.003857      0.011471837   
10.004941      0.012051284   
10.002071      0.0096403926  
17.32679       0.01226381    

Stress
19.8664      -0.00987499  -0.00403624   0.0997015    0.0609783    0.0377201   
-0.00987499  19.8284      0.0119268     0.0609783    0.0895378    0.0591072   
-0.00403624  0.0119268    19.9004       0.0377201    0.0591072    0.0913923   

Stress Spherical
0            0            0             0            0            0           
0            0            0             0            0            0           
0            0            0             0            0            0           

Inertia
266.81       -100.062     -100.092      0.359906     0.191973     0.209168    
-100.062     266.777      -100.064      0.191973     0.35071      0.220347    
-100.092     -100.064     266.846       0.209168     0.220347     0.340557    

Bond Length
0.62224109    0.0010372   

BB bond length
0.62224109    0.0010372   

Water EE distance
0             0           

PEG EE distance
5.8117188     0.094024299 

BBB P2(x)
0.068802002   0.0043464368

BBB first bond length
0.6223942     0.0010984403

BBB second bond length
0.62231456    0.0010332262

BBB <phi**2>/<phi>**2
1.1168529     0.0017689531

Time = 25000
Temperature
1.0088749     0.0035404757

Pressure
22.89795      0.046211496 

CM Mom
1.0429968e-17  2.0281284e-17 
3.1024375e-17  1.7906047e-17 
4.1224026e-17  1.7032653e-17 
6.015825e-17   1.3182169e-17 

CM Pos
9.9982702      0.010738209   
10.002523      0.013192088   
9.9993189      0.0048115321  
17.320579      0.0099516555  

Stress
19.8576      0.0265451    0.00156314    0.0946085    0.0478309    0.0708427   
0.0265451    19.8851      0.016197      0.0478309    0.0617734    0.0560343   
0.00156314   0.016197     19.8777       0.0708427    0.0560343    0.0601901   

Stress Spherical
0            0            0             0            0            0           
0            0            0             0            0            0           
0            0            0             0            0            0           

Inertia
266.697      -99.9824     -99.9772      0.208686     0.231177     0.075134    
-99.9824     266.613      -100.006      0.231177     0.129149     0.177186    
-99.9772     -100.006     266.675       0.075134     0.177186     0.377439    

Bond Length
0.62189543    0.0010025643

BB bond length
0.62189543    0.0010025643

Water EE distance
0             0           

PEG EE distance
5.8000312     0.077251702 

BBB P2(x)
0.070996471   0.0058124136

BBB first bond length
0.62203379    0.0010485657

BBB second bond length
0.6220387     0.0010338749

BBB <phi**2>/<phi>**2
1.1166643     0.0022141404

Time = 26000
Temperature
1.0124572     0.0050980682

Pressure
22.923703     0.075348338 

CM Mom
2.3706407e-17  2.1053547e-17 
4.0361488e-18  2.1049468e-17 
3.2561157e-17  2.5981452e-17 
5.2791968e-17  2.0319673e-17 

CM Pos
10.002607      0.0081319352  
9.9992706      0.0096042564  
9.9972341      0.0086035744  
17.319999      0.010757902   

Stress
19.8843      0.0145998    0.0095994     0.106622     0.0472864    0.0346208   
0.0145998    19.9045      0.00412998    0.0472864    0.106414     0.0336563   
0.0095994    0.00412998   19.8767       0.0346208    0.0336563    0.0741172   

Stress Spherical
0            0            0             0            0            0           
0            0            0             0            0            0           
0            0            0             0            0            0           

Inertia
266.601      -100.032     -99.9955      0.306532     0.204651     0.127999    
-100.032     266.656      -99.957       0.204651     0.193002     0.151007    
-99.9955     -99.957      266.704       0.127999     0.151007     0.342946    

Bond Length
0.62242778    0.00094830155

BB bond length
0.62242778    0.00094830155

Water EE distance
0             0           

PEG EE distance
5.9802425     0.084386013 

BBB P2(x)
0.068049407   0.0029929193

BBB first bond length
0.62252084    0.00095534858

BBB second bond length
0.62254583    0.00092969952

BBB <phi**2>/<phi>**2
1.1159631     0.0025921779

Time = 27000
Temperature
1.0118194     0.0053481056

Pressure
22.894021     0.063402874 

CM Mom
2.5265987e-17  7.4905507e-18 
-1.0139471e-17 2.073798e-17  
4.4343533e-17  1.029697e-17  
5.5111879e-17  1.6199027e-17 

CM Pos
9.9976031      0.010134493   
9.9957682      0.010906247   
9.9972341      0.0089986547  
17.31509       0.010523961   

Stress
19.8744      -0.00504365  0.00851503    0.0965138    0.0478287    0.0474074   
-0.00504365  19.8492      0.0427467     0.0478287    0.0653833    0.0519171   
0.00851503   0.0427467    19.8586       0.0474074    0.0519171    0.0773406   

Stress Spherical
0            0            0             0            0            0           
0            0            0             0            0            0           
0            0            0             0            0            0           

Inertia
266.538      -99.9352     -99.9006      0.203236     0.155409     0.176511    
-99.9352     266.571      -99.9625      0.155409     0.346355     0.125709    
-99.9006     -99.9625     266.545       0.176511     0.125709     0.329819    

Bond Length
0.62253465    0.0010484622

BB bond length
0.62253465    0.0010484622

Water EE distance
0             0           

PEG EE distance
6.0511528     0.054002884 

BBB P2(x)
0.067794831   0.0050752977

BBB first bond length
0.62254737    0.0010394087

BBB second bond length
0.62258086    0.0010805646

BBB <phi**2>/<phi>**2
1.1171833     0.0027929535

Time = 28000
Temperature
1.0077486     0.0056506171

Pressure
22.859734     0.058192662 

CM Mom
1.7992257e-17  1.2986719e-17 
-8.3620861e-18 1.3210683e-17 
6.4613911e-17  1.3334853e-17 
6.9892741e-17  1.4303961e-17 

CM Pos
10.006192      0.010865361   
10.001189      0.0085407013  
9.9989853      0.0089510004  
17.32419       0.0087202529  

Stress
19.8291      0.0287846    -0.00597699   0.0819825    0.0551079    0.0411996   
0.0287846    19.8422      -0.000916492  0.0551079    0.08171      0.0583528   
-0.00597699  -0.000916492 19.8446       0.0411996    0.0583528    0.0715283   

Stress Spherical
0            0            0             0            0            0           
