Time = 1000
Temperature
   1.1259084    0.17847343

Pressure
   23.882224    0.94971767

CM Mom
-1.8962837e-17 2.8645561e-17 
1.3073688e-17  3.9745455e-17 
-1.1006276e-16 2.4672042e-16 
1.6959542e-16  2.171473e-16  

CM Pos
7.4985059      0.011087487   
7.4947619      0.0076759189  
7.496892       0.009648799   
12.984706      0.011337658   

Stress
20.5164      0.00933731   -0.0169048    0.357052     0.0623929    0.0690814   
0.00933731   20.4274      0.0268207     0.0623929    0.43484      0.067613    
-0.0169048   0.0268207    20.5707       0.0690814    0.067613     0.514727    

Stress Spherical
0            0            0             0            0            0           
0            0            0             0            0            0           
0            0            0             0            0            0           

Inertia
150.02       -56.2205     -56.2134      1.27687      0.135954     0.151361    
-56.2205     150.084      -56.1916      0.135954     1.34308      0.0973092   
-56.2134     -56.1916     150.051       0.151361     0.0973092    1.35314     

Bond Length
0.61786861    0.007254777 

BB bond length
0.61786861    0.007254777 

Water EE distance
0             0           

PEG EE distance
6.7506219     0.094637938 

BBB P2(x)
0.47273341    0.065579343 

BBB first bond length
0.61776363    0.0071668259

BBB second bond length
0.61809193    0.0071759536

BBB <phi**2>/<phi>**2
1.2190329     0.018005665 

Time = 2000
Temperature
1.0061114     0.0068244917

Pressure
23.188302     0.058497314 

CM Mom
2.198541e-17   2.5899902e-17 
-4.1274219e-18 1.201991e-17  
-1.3866342e-17 4.254225e-17  
4.5195099e-17  3.5709921e-17 

CM Pos
7.5032471      0.011978299   
7.5023182      0.015326793   
7.4924471      0.01399413    
12.989249      0.015722407   

Stress
20.1348      -0.0186242   -0.0213404    0.0830857    0.0632004    0.0413519   
-0.0186242   20.1567      -0.030751     0.0632004    0.112738     0.0724908   
-0.0213404   -0.030751    20.2194       0.0413519    0.0724908    0.0676079   

Stress Spherical
0            0            0             0            0            0           
0            0            0             0            0            0           
0            0            0             0            0            0           

Inertia
149.801      -56.2773     -56.2391      0.414613     0.175818     0.206081    
-56.2773     149.835      -56.178       0.175818     0.448859     0.152306    
-56.2391     -56.178      149.968       0.206081     0.152306     0.48956     

Bond Length
0.61749762    0.0014965977

BB bond length
0.61749762    0.0014965977

Water EE distance
0             0           

PEG EE distance
6.6434885     0.13133064  

BBB P2(x)
0.51775244    0.010811954 

BBB first bond length
0.61760297    0.001598448 

BBB second bond length
0.61758237    0.0018270012

BBB <phi**2>/<phi>**2
1.2262159     0.007677144 

