Time = 1000
Temperature
   1.1427235    0.20475287

Pressure
   23.733426     1.0385154

CM Mom
-5.0745597e-18 1.7909531e-17 
1.1061332e-16  2.761263e-17  
3.3761238e-16  5.1435871e-16 
4.7219799e-16  4.1099918e-16 

CM Pos
7.5033435      0.015372105   
7.5013014      0.017896883   
7.4969622      0.034711483   
12.991365      0.018193422   

Stress
20.3218      0.0184975    0.0389219     0.390078     0.0547251    0.0830737   
0.0184975    20.3411      0.0185816     0.0547251    0.503708     0.0501627   
0.0389219    0.0185816    20.2731       0.0830737    0.0501627    0.45929     

Stress Spherical
0            0            0             0            0            0           
0            0            0             0            0            0           
0            0            0             0            0            0           

Inertia
150.155      -56.2675     -56.2691      1.12062      0.207751     0.264584    
-56.2675     150.166      -56.2528      0.207751     1.08456      0.254504    
-56.2691     -56.2528     150.237       0.264584     0.254504     1.58002     

Bond Length
0.61947151    0.0069853645

BB bond length
0.61947151    0.0069853645

Water EE distance
0             0           

PEG EE distance
6.9564509     0.10750829  

BBB P2(x)
0.47105406    0.060332794 

BBB first bond length
0.61954572    0.007102872 

BBB second bond length
0.61929117    0.0069506115

BBB <phi**2>/<phi>**2
1.2178922     0.016272265 

Time = 2000
Temperature
1.0125973     0.0053034427

Pressure
23.146694     0.085290913 

CM Mom
5.1923939e-18  1.7110088e-17 
9.0357102e-17  1.36284e-17   
4.3392361e-17  3.0501427e-17 
1.0662896e-16  1.0646793e-17 

CM Pos
7.4896869      0.014772713   
7.4965513      0.013608115   
7.4993372      0.012735716   
12.982072      0.01135498    

Stress
20.0874      -0.0255345   -0.0324836    0.117618     0.0613608    0.0959423   
-0.0255345   20.1139      -0.0286381    0.0613608    0.132586     0.0597351   
-0.0324836   -0.0286381   20.1435       0.0959423    0.0597351    0.0932791   

Stress Spherical
0            0            0             0            0            0           
0            0            0             0            0            0           
0            0            0             0            0            0           

Inertia
149.809      -56.1749     -56.1614      0.314404     0.134256     0.10767     
-56.1749     149.714      -56.2068      0.134256     0.39287      0.171485    
-56.1614     -56.2068     149.67        0.10767      0.171485     0.448888    

Bond Length
0.61759592    0.0011387573

BB bond length
0.61759592    0.0011387573

Water EE distance
0             0           

PEG EE distance
7.2937737     0.17107782  

BBB P2(x)
0.51632505    0.0081946722

BBB first bond length
0.61755997    0.0012561278

BBB second bond length
0.61773797    0.0012930367

BBB <phi**2>/<phi>**2
1.2254892     0.0065159219

