Time = 500
Temperature
   1.0392327   0.041236593

Pressure
   22.953923     0.1686423

CM Mom
-2.5502408e-17 2.6730671e-17 
-2.5754682e-17 2.1909357e-17 
5.6449971e-18  3.9631661e-17 
5.8707854e-17  2.5771062e-17 

CM Pos
7.4998594      0.012125101   
7.515916       0.020875157   
7.5115346      0.0089011967  
13.006166      0.018591971   

Stress
19.8285      0.0462305    0.0196139     0.0911703    0.0431663    0.0642837   
0.0462305    19.8498      0.0278525     0.0431663    0.141021     0.0808892   
0.0196139    0.0278525    19.8433       0.0642837    0.0808892    0.0751393   

Stress Spherical
0            0            0             0            0            0           
0            0            0             0            0            0           
0            0            0             0            0            0           

Inertia
150.093      -56.3129     -56.3174      0.65253      0.281574     0.036765    
-56.3129     149.784      -56.4578      0.281574     0.321079     0.210324    
-56.3174     -56.4578     149.933       0.036765     0.210324     0.504753    

Bond Length
0.61439271    0.0043736625

BB bond length
0.61439271    0.0043736625

Water EE distance
0             0           

PEG EE distance
3.8943816     0.16356339  

Time = 1000
Temperature
1.0081062     0.0075197898

Pressure
22.880886     0.084440767 

CM Mom
-1.9133806e-17 3.0390208e-17 
-3.6617266e-17 1.1923435e-17 
1.020843e-17   1.8746185e-17 
5.6527102e-17  5.742642e-18  

CM Pos
7.506387       0.0058293589  
7.505828       0.009307321   
7.5100511      0.014805627   
13.003245      0.01124201    

Stress
19.9168      -0.0176896   0.00678817    0.126591     0.0522895    0.0188492   
-0.0176896   19.8257      -0.0167611    0.0522895    0.0564925    0.0787202   
0.00678817   -0.0167611   19.8398       0.0188492    0.0787202    0.106761    

Stress Spherical
0            0            0             0            0            0           
0            0            0             0            0            0           
0            0            0             0            0            0           

Inertia
149.915      -56.27       -56.3317      0.304655     0.137517     0.124094    
-56.27       149.903      -56.3882      0.137517     0.24315      0.200635    
-56.3317     -56.3882     149.985       0.124094     0.200635     0.183422    

Bond Length
0.61600678    0.0060730568

BB bond length
0.61600678    0.0060730568

Water EE distance
0             0           

PEG EE distance
3.5165788     0.16746147  

