Time = 500
Temperature
   1.0474198    0.05457682

Pressure
   19.337589    0.19968016

CM Mom
4.5914736e-18  8.7700248e-18 
1.0869503e-16  1.7217192e-17 
5.2638122e-17  1.8040597e-17 
1.2209239e-16  1.9967964e-17 

CM Pos
7.4854104      0.017467346   
7.4905965      0.027673893   
7.4795992      0.025414047   
12.964773      0.034508348   

Stress
16.218       0.0252444    -0.0101785    0.114938     0.0704548    0.0698105   
0.0252444    16.1885      0.0532684     0.0704548    0.0758171    0.101495    
-0.0101785   0.0532684    16.1814       0.0698105    0.101495     0.0722031   

Stress Spherical
0            0            0             0            0            0           
0            0            0             0            0            0           
0            0            0             0            0            0           

Inertia
148.588      -55.9937     -56.0823      0.706118     0.330707     0.275828    
-55.9937     148.288      -55.978       0.330707     0.797574     0.298881    
-56.0823     -55.978      148.576       0.275828     0.298881     0.721701    

Bond Length
0.61255173    0.0033409693

BB bond length
0.61255173    0.0033409693

Water EE distance
0             0           

PEG EE distance
3.8324666     0.15752198  

Time = 1000
Temperature
1.014098      0.0063429026

Pressure
19.2828       0.077752015 

CM Mom
4.5445882e-19  6.4812269e-18 
1.067774e-16   1.3542537e-17 
2.8191253e-17  9.73869e-18   
1.1096696e-16  1.4246002e-17 

CM Pos
7.5257147      0.01054457    
7.5157867      0.017557617   
7.5059748      0.0070505051  
13.01781       0.013227615   

Stress
16.2455      -0.0313687   0.0155673     0.152387     0.0597772    0.0582319   
-0.0313687   16.3173      0.0235993     0.0597772    0.0448834    0.0461451   
0.0155673    0.0235993    16.1604       0.0582319    0.0461451    0.118718    

Stress Spherical
0            0            0             0            0            0           
0            0            0             0            0            0           
0            0            0             0            0            0           

Inertia
149.715      -56.6115     -56.5539      0.411154     0.211903     0.0940815   
-56.6115     149.619      -56.3485      0.211903     0.270592     0.0614973   
-56.5539     -56.3485     149.951       0.0940815    0.0614973    0.468393    

Bond Length
0.61375214    0.0011496079

BB bond length
0.61375214    0.0011496079

Water EE distance
0             0           

PEG EE distance
3.6197386     0.080262552 

