Time = 1000
Temperature
   1.0933953    0.24898979

Pressure
   23.524148    0.69570922

CM Mom
-1.1368436e-18 2.8270484e-17 
9.5493142e-17  2.1159222e-17 
-2.5238575e-17 1.7019113e-16 
1.670815e-16   1.097859e-16  

CM Pos
7.5052086      0.021014246   
7.5044962      0.023537168   
7.499534       0.015098616   
12.995733      0.028076846   

Stress
20.2455      0.00343934   -0.00549912   0.164315     0.0791525    0.0726681   
0.00343934   20.2535      -0.0136257    0.0791525    0.159833     0.0672487   
-0.00549912  -0.0136257   20.2339       0.0726681    0.0672487    0.157977    

Stress Spherical
0            0            0             0            0            0           
0            0            0             0            0            0           
0            0            0             0            0            0           

Inertia
149.909      -56.3151     -56.2964      0.545592     0.317553     0.231681    
-56.3151     149.921      -56.277       0.317553     0.584889     0.256149    
-56.2964     -56.277      149.998       0.231681     0.256149     0.313552    

Bond Length
0.57414648    0.019491097 

BB bond length
0.57414648    0.019491097 

Water EE distance
0             0           

PEG EE distance
2.220131      0.25686949  

Time = 2000
Temperature
1.0104802     0.0068685963

Pressure
23.247055     0.093053376 

CM Mom
-1.9147701e-17 1.5050769e-17 
1.016008e-16   1.6343684e-17 
-4.3672078e-17 3.9390554e-17 
1.1968988e-16  1.7781944e-17 

CM Pos
7.4999489      0.015885172   
7.4989845      0.012893942   
7.4948669      0.012406808   
12.986815      0.015654135   

Stress
20.2145      -0.000330318 -0.0100471    0.123185     0.0699434    0.0649567   
-0.000330318 20.211       0.00756008    0.0699434    0.104488     0.0761184   
-0.0100471   0.00756008   20.2222       0.0649567    0.0761184    0.134634    

Stress Spherical
0            0            0             0            0            0           
0            0            0             0            0            0           
0            0            0             0            0            0           

Inertia
149.789      -56.2443     -56.2158      0.287349     0.18584      0.160947    
-56.2443     149.816      -56.2035      0.18584      0.235146     0.175488    
-56.2158     -56.2035     149.862       0.160947     0.175488     0.246936    

Bond Length
0.56951853    0.0023609934

BB bond length
0.56951853    0.0023609934

Water EE distance
0             0           

PEG EE distance
2.2119198     0.068121048 

Time = 3000
Temperature
1.0105628     0.0075314051

Pressure
23.22485      0.084346913 

CM Mom
-1.9245773e-17 1.9434736e-17 
9.0468286e-17  1.6600517e-17 
-6.8633419e-17 1.957389e-17  
1.1847249e-16  1.6314091e-17 

CM Pos
7.500823       0.010818481   
7.4974436      0.01251652    
7.4977709      0.015329973   
12.988104      0.015279141   

Stress
20.1998      -0.0119589   0.00638259    0.119199     0.0770635    0.0693853   
-0.0119589   20.206       -0.00533213   0.0770635    0.113957     0.0696072   
0.00638259   -0.00533213  20.1746       0.0693853    0.0696072    0.120168    

Stress Spherical
0            0            0             0            0            0           
0            0            0             0            0            0           
0            0            0             0            0            0           

Inertia
149.801      -56.2456     -56.2397      0.319182     0.142829     0.165896    
-56.2456     149.875      -56.2178      0.142829     0.304483     0.164702    
-56.2397     -56.2178     149.859       0.165896     0.164702     0.259156    

Bond Length
0.56980384    0.0023171073

BB bond length
0.56980384    0.0023171073

Water EE distance
0             0           

PEG EE distance
2.2562662     0.067268786 

