Time = 500
Temperature
   1.0293387   0.040161344

Pressure
   23.482154    0.14523472

CM Mom
1.6200439e-17  2.3183537e-17 
-8.8459246e-18 1.4107903e-17 
1.0984891e-17  1.2927118e-17 
3.6574464e-17  5.2250084e-18 

CM Pos
7.5063053      0.021843837   
7.4906807      0.0085370567  
7.4969846      0.013663147   
12.986926      0.013823929   

Stress
20.4468      -0.0195192   0.0302256     0.069046     0.0867263    0.0386259   
-0.0195192   20.3616      -0.0236881    0.0867263    0.0760839    0.0501491   
0.0302256    -0.0236881   20.3749       0.0386259    0.0501491    0.140837    

Stress Spherical
0            0            0             0            0            0           
0            0            0             0            0            0           
0            0            0             0            0            0           

Inertia
149.629      -56.235      -56.2699      0.31739      0.16118      0.0885062   
-56.235      149.9        -56.1596      0.16118      0.332263     0.192395    
-56.2699     -56.1596     149.781       0.0885062    0.192395     0.354851    

Bond Length
0.61818081    0.0079401362

BB bond length
0.61818081    0.0079401362

Water EE distance
0             0           

PEG EE distance
4.035749      0.4926207   

Time = 1000
Temperature
1.0159874     0.0054555601

Pressure
23.447234     0.066379156 

CM Mom
3.9768005e-17  4.3447143e-17 
-2.9071525e-18 9.5741949e-18 
1.461801e-18   2.7230907e-17 
6.3673883e-17  1.607983e-17  

CM Pos
7.4994898      0.0065861648  
7.4897917      0.020776628   
7.4949103      0.0071610308  
12.981269      0.013797577   

Stress
20.4458      -0.0313999   -0.0216074    0.100624     0.10365      0.05574     
-0.0313999   20.3944      -0.00340599   0.10365      0.0783732    0.104222    
-0.0216074   -0.00340599  20.3585       0.05574      0.104222     0.127083    

Stress Spherical
0            0            0             0            0            0           
0            0            0             0            0            0           
0            0            0             0            0            0           

Inertia
149.649      -56.1818     -56.2188      0.324511     0.227187     0.0835961   
-56.1818     149.774      -56.1612      0.227187     0.125449     0.191375    
-56.2188     -56.1612     149.728       0.0835961    0.191375     0.421278    

Bond Length
0.60907825    0.0042392603

BB bond length
0.60907825    0.0042392603

Water EE distance
0             0           

PEG EE distance
3.8580273     0.50762252  

