Time = 1000
Temperature
   1.1783012    0.27340413

Pressure
   23.866092     1.1605153

CM Mom
4.6862774e-18  2.6097076e-17 
8.3667003e-17  3.2862646e-17 
-2.4630718e-16 4.5056131e-16 
3.1248076e-16  4.1810482e-16 

CM Pos
7.4907608      0.016212571   
7.5011982      0.012796939   
7.5033055      0.012827048   
12.987663      0.016307435   

Stress
20.3672      -0.0111792   0.0499055     0.377249     0.0925437    0.096449    
-0.0111792   20.3366      -0.014773     0.0925437    0.360825     0.0644844   
0.0499055    -0.014773    20.3128       0.096449     0.0644844    0.374831    

Stress Spherical
0            0            0             0            0            0           
0            0            0             0            0            0           
0            0            0             0            0            0           

Inertia
150.272      -56.2042     -56.2781      1.46746      0.126373     0.217022    
-56.2042     150.085      -56.232       0.126373     1.37423      0.157088    
-56.2781     -56.232      150.064       0.217022     0.157088     1.36187     

Bond Length
0.61989749    0.010508373 

BB bond length
0.61989749    0.010508373 

Water EE distance
0             0           

PEG EE distance
7.4855569     0.13084709  

BBB P2(x)
0.47737121    0.062093278 

BBB first bond length
0.61989308    0.010514788 

BBB second bond length
0.61974098    0.010411207 

BBB <phi**2>/<phi>**2
1.218075      0.014772179 

Time = 2000
Temperature
1.0141894     0.0056371994

Pressure
23.02564      0.10302108  

CM Mom
-6.1365564e-18 1.6020481e-17 
9.1749719e-17  1.3922363e-17 
-3.0361078e-17 4.2909663e-17 
1.0694627e-16  1.5221196e-17 

CM Pos
7.5094681      0.010681643   
7.5004559      0.022791107   
7.5044933      0.01183676    
12.998722      0.018851982   

Stress
19.9949      -0.0111487   0.0111624     0.179376     0.104767     0.061592    
-0.0111487   19.9499      -0.0134044    0.104767     0.0898138    0.0938109   
0.0111624    -0.0134044   20.0243       0.061592     0.0938109    0.0993545   

Stress Spherical
0            0            0             0            0            0           
0            0            0             0            0            0           
0            0            0             0            0            0           

Inertia
149.971      -56.3071     -56.366       0.53409      0.165993     0.120533    
-56.3071     150.09       -56.3035      0.165993     0.353045     0.213376    
-56.366      -56.3035     150.04        0.120533     0.213376     0.503944    

Bond Length
0.61709123    0.0015246827

BB bond length
0.61709123    0.0015246827

Water EE distance
0             0           

PEG EE distance
7.486928      0.098463985 

BBB P2(x)
0.52992012    0.0064643554

BBB first bond length
0.61712022    0.0015920826

BBB second bond length
0.61704038    0.001470078 

BBB <phi**2>/<phi>**2
1.2292999     0.0063188407

