Time = 1000
Temperature
   1.1146122    0.16320687

Pressure
   23.706298    0.85262406

CM Mom
-1.7917829e-17 1.6031254e-17 
3.4203348e-17  4.1932353e-17 
7.8008499e-17  3.3137115e-16 
2.5180534e-16  2.366273e-16  

CM Pos
7.5000914      0.035052946   
7.4969144      0.020756651   
7.4929169      0.013689682   
12.98462       0.019694114   

Stress
20.4147      -0.0191743   -0.0265237    0.461313     0.0837023    0.0954179   
-0.0191743   20.3093      0.0103203     0.0837023    0.366861     0.0679696   
-0.0265237   0.0103203    20.3862       0.0954179    0.0679696    0.335074    

Stress Spherical
0            0            0             0            0            0           
0            0            0             0            0            0           
0            0            0             0            0            0           

Inertia
149.978      -56.2053     -56.2102      1.3134       0.205541     0.36955     
-56.2053     150.013      -56.1397      0.205541     1.83603      0.149093    
-56.2102     -56.1397     150.092       0.36955      0.149093     1.69696     

Bond Length
0.61922771    0.0065372898

BB bond length
0.61922771    0.0065372898

Water EE distance
0             0           

PEG EE distance
7.0283013     0.096348938 

BBB P2(x)
0.46879261    0.063565795 

BBB first bond length
0.61913173    0.0067174986

BBB second bond length
0.61910037    0.0064210555

BBB <phi**2>/<phi>**2
1.2200055     0.016490957 

Time = 2000
Temperature
1.0087933     0.0078556648

Pressure
23.159805     0.061122515 

CM Mom
-1.0360809e-17 1.3020341e-17 
2.6452421e-17  1.3463957e-17 
-2.180442e-18  3.8462464e-17 
4.6246644e-17  2.2433185e-17 

CM Pos
7.498755       0.010453207   
7.5025569      0.011000958   
7.501826       0.012599408   
12.992203      0.011820387   

Stress
20.111       -0.00246982  -0.0276444    0.102745     0.0576539    0.069286    
-0.00246982  20.1716      -0.000395921  0.0576539    0.082059     0.0533264   
-0.0276444   -0.000395921 20.1383       0.069286     0.0533264    0.146052    

Stress Spherical
0            0            0             0            0            0           
0            0            0             0            0            0           
0            0            0             0            0            0           

Inertia
149.948      -56.2364     -56.266       0.350058     0.135994     0.179168    
-56.2364     149.872      -56.2627      0.135994     0.497405     0.123551    
-56.266      -56.2627     149.902       0.179168     0.123551     0.392793    

Bond Length
0.61851599    0.0011537543

BB bond length
0.61851599    0.0011537543

Water EE distance
0             0           

PEG EE distance
7.2166995     0.086768789 

BBB P2(x)
0.51834804    0.0073648081

BBB first bond length
0.61843996    0.0015402147

BBB second bond length
0.61854477    0.0012391204

BBB <phi**2>/<phi>**2
1.2325831     0.0052073738

Time = 3000
Temperature
1.0159482     0.0044170715

Pressure
23.175444     0.13546499  

CM Mom
5.1755274e-18  1.2767066e-17 
2.9851943e-19  1.5934339e-17 
1.0610147e-17  2.7923918e-17 
3.482584e-17   1.1102145e-17 

CM Pos
7.5005369      0.011194661   
7.4997356      0.014756197   
7.5019745      0.023650241   
12.991707      0.012772441   

Stress
20.1742      -0.000501536 -0.0305402    0.207801     0.0803539    0.0426588   
-0.000501536 20.087       -0.0276392    0.0803539    0.145764     0.0860189   
-0.0305402   -0.0276392   20.1424       0.0426588    0.0860189    0.175105    

Stress Spherical
0            0            0             0            0            0           
0            0            0             0            0            0           
0            0            0             0            0            0           

Inertia
149.965      -56.2728     -56.2825      0.454399     0.0978789    0.149837    
-56.2728     149.986      -56.2738      0.0978789    0.442466     0.187366    
-56.2825     -56.2738     149.967       0.149837     0.187366     0.22246     

Bond Length
0.61910167    0.0029309507

BB bond length
0.61910167    0.0029309507

Water EE distance
0             0           

PEG EE distance
7.1254485     0.19152619  

BBB P2(x)
0.51535957    0.0082678506

BBB first bond length
0.61926987    0.0028402708

BBB second bond length
0.61929164    0.002867246 

BBB <phi**2>/<phi>**2
1.2314156     0.0081273835

Time = 4000
Temperature
1.0117094     0.0088801696

Pressure
23.139867     0.079532665 

CM Mom
3.6630106e-18  2.1236173e-17 
-4.4518273e-18 1.3312168e-17 
2.4216204e-17  1.5757803e-17 
3.6911433e-17  1.1563057e-17 

CM Pos
7.4953399      0.015149155   
7.5019629      0.015937822   
7.4995987      0.022452748   
12.988625      0.012768583   

Stress
20.1478      0.0307511    -0.0206377    0.0942163    0.065397     0.0332774   
0.0307511    20.1019      0.0194164     0.065397     0.139927     0.0664323   
-0.0206377   0.0194164    20.0853       0.0332774    0.0664323    0.147176    

Stress Spherical
0            0            0             0            0            0           
0            0            0             0            0            0           
0            0            0             0            0            0           

Inertia
149.985      -56.1935     -56.2497      0.319611     0.194725     0.219445    
-56.1935     149.888      -56.2626      0.194725     0.448214     0.14471     
-56.2497     -56.2626     149.938       0.219445     0.14471      0.236354    

Bond Length
0.61869628    0.0025831788

BB bond length
0.61869628    0.0025831788

Water EE distance
0             0           

PEG EE distance
7.232404      0.10193144  

BBB P2(x)
0.51131456    0.0079548527

BBB first bond length
0.61878257    0.0028116137

BBB second bond length
0.61852196    0.0026219408

BBB <phi**2>/<phi>**2
1.2250927     0.0060241486

Time = 5000
Temperature
1.0110753     0.0083530541

Pressure
23.172516     0.071220327 

CM Mom
-9.5826386e-18 1.6301375e-17 
-2.0776293e-17 2.321298e-17  
4.3428876e-18  1.8398488e-17 
3.7969354e-17  1.5612552e-17 

CM Pos
7.4926671      0.01601235    
7.5031508      0.011352099   
7.5052411      0.014834432   
12.991011      0.0150365     

Stress
20.1969      0.0115473    0.00410951    0.118148     0.0895512    0.0921838   
0.0115473    20.1152      -0.034844     0.0895512    0.122428     0.0540547   
0.00410951   -0.034844    20.1265       0.0921838    0.0540547    0.16863     

Stress Spherical
0            0            0             0            0            0           
0            0            0             0            0            0           
0            0            0             0            0            0           

Inertia
150.092      -56.2171     -56.2249      0.320305     0.140639     0.179862    
-56.2171     149.955      -56.3114      0.140639     0.326223     0.167344    
-56.2249     -56.3114     149.912       0.179862     0.167344     0.283746    

Bond Length
0.61824283    0.0017902419

BB bond length
0.61824283    0.0017902419

Water EE distance
0             0           

PEG EE distance
7.1699572     0.14867828  

BBB P2(x)
0.5129119     0.010424987 

BBB first bond length
0.6183213     0.0021419103

BBB second bond length
0.61830792    0.0017883819

BBB <phi**2>/<phi>**2
1.2268698     0.0080120804

Time = 6000
Temperature
1.0102945     0.0093585435

Pressure
23.165688     0.11336013  

CM Mom
-2.9434318e-17 2.040656e-17  
-1.1746252e-17 2.5820917e-17 
-4.5405726e-18 7.5528271e-18 
4.4496802e-17  1.3608733e-17 

CM Pos
7.4951914      0.021587149   
7.5044872      0.016022674   
7.5062805      0.0079408485  
12.993838      0.020579989   

Stress
20.1182      0.0381397    -0.0097283    0.0949645    0.0577359    0.0698642   
0.0381397    20.1667      -0.0644889    0.0577359    0.121993     0.083132    
-0.0097283   -0.0644889   20.1402       0.0698642    0.083132     0.15416     

Stress Spherical
0            0            0             0            0            0           
0            0            0             0            0            0           
0            0            0             0            0            0           

Inertia
150.131      -56.2574     -56.281       0.304343     0.288934     0.236097    
-56.2574     149.994      -56.3158      0.288934     0.409403     0.138247    
-56.281      -56.3158     149.967       0.236097     0.138247     0.545135    

Bond Length
0.61797747    0.0030019855

BB bond length
0.61797747    0.0030019855

Water EE distance
0             0           

PEG EE distance
7.1302856     0.1539394   

BBB P2(x)
0.50875224    0.0096702984

BBB first bond length
0.61787678    0.0029140813

BBB second bond length
0.61802279    0.0030416414

BBB <phi**2>/<phi>**2
1.2259635     0.011870085 

Time = 7000
Temperature
1.0094382     0.0067908701

Pressure
23.107755     0.098358844 

CM Mom
-3.4430157e-17 1.5018203e-17 
2.1010099e-17  1.8004109e-17 
-2.1956084e-17 2.476743e-17  
5.4987602e-17  1.5761127e-17 

CM Pos
7.5082581      0.023591903   
7.5019629      0.012335021   
7.5050927      0.015753459   
12.999232      0.026936076   

Stress
20.0616      -0.010828    -0.039879     0.109689     0.0775423    0.0860227   
-0.010828    20.0947      -0.0342151    0.0775423    0.143269     0.0505337   
-0.039879    -0.0342151   20.1027       0.0860227    0.0505337    0.0886007   

Stress Spherical
0            0            0             0            0            0           
0            0            0             0            0            0           
0            0            0             0            0            0           

Inertia
150.09       -56.3321     -56.3543      0.39695      0.268199     0.308626    
-56.3321     150.187      -56.3025      0.268199     0.639084     0.184903    
-56.3543     -56.3025     150.136       0.308626     0.184903     0.585681    

Bond Length
0.61848295    0.0030752045

BB bond length
0.61848295    0.0030752045

Water EE distance
0             0           

PEG EE distance
7.2468889     0.21861638  

BBB P2(x)
0.50908971    0.011296221 

BBB first bond length
0.61839345    0.0032744007

BBB second bond length
0.61865897    0.0031858828

BBB <phi**2>/<phi>**2
1.2255841     0.0072472798

Time = 8000
Temperature
1.0141083     0.0088250243

Pressure
23.165657     0.058801933 

CM Mom
-4.3706926e-17 1.6088532e-17 
2.086339e-17   1.5516364e-17 
-2.7835254e-17 1.9272391e-17 
6.1763424e-17  1.329213e-17  

CM Pos
7.4997944      0.021542675   
7.4981023      0.014062285   
7.4988563      0.0097820248  
12.988519      0.020723584   

Stress
20.1784      0.0181081    -0.0318171    0.0824178    0.0507638    0.0831587   
0.0181081    20.1413      -0.0485661    0.0507638    0.064797     0.0713601   
-0.0318171   -0.0485661   20.071        0.0831587    0.0713601    0.115256    

Stress Spherical
0            0            0             0            0            0           
0            0            0             0            0            0           
0            0            0             0            0            0           

Inertia
149.929      -56.2721     -56.2104      0.293946     0.253846     0.241627    
-56.2721     149.974      -56.2239      0.253846     0.346882     0.174209    
-56.2104     -56.2239     149.957       0.241627     0.174209     0.447783    

Bond Length
0.61990468    0.0022383966

BB bond length
0.61990468    0.0022383966

Water EE distance
0             0           

PEG EE distance
7.4592869     0.080452357 

BBB P2(x)
0.51300848    0.0089817727

BBB first bond length
0.62022033    0.0022324416

BBB second bond length
0.6198895     0.0021465968

BBB <phi**2>/<phi>**2
1.2239394     0.0069600337

Time = 9000
Temperature
1.008729      0.0062751442

Pressure
23.15257      0.070872689 

CM Mom
-2.7423399e-17 1.5285466e-17 
9.6185626e-18  1.1342071e-17 
-2.8134873e-17 2.0739597e-17 
4.6993137e-17  1.4838956e-17 

CM Pos
7.4965278      0.01292847    
7.4940932      0.0097639768  
7.5001926      0.012849783   
12.985086      0.014972104   

Stress
20.142       0.0183681    -0.0356515    0.0987347    0.0696735    0.0577345   
0.0183681    20.1047      -0.00447735   0.0696735    0.0706351    0.0847854   
-0.0356515   -0.00447735  20.1531       0.0577345    0.0847854    0.125299    

Stress Spherical
0            0            0             0            0            0           
0            0            0             0            0            0           
0            0            0             0            0            0           

Inertia
149.886      -56.2302     -56.2292      0.263099     0.151662     0.148432    
-56.2302     149.939      -56.1864      0.151662     0.322743     0.143978    
-56.2292     -56.1864     149.854       0.148432     0.143978     0.271712    

Bond Length
0.61805667    0.0020465298

BB bond length
0.61805667    0.0020465298

Water EE distance
0             0           

PEG EE distance
7.4324159     0.167046    

BBB P2(x)
0.5155212     0.011499317 

BBB first bond length
0.61809098    0.0019802828

BBB second bond length
0.6177162     0.0021876567

BBB <phi**2>/<phi>**2
1.2220932     0.0074262911

Time = 10000
Temperature
1.0123564     0.0077130068

Pressure
23.083285     0.10152828  

CM Mom
-2.4835223e-17 1.8937461e-17 
-2.8157814e-17 1.7619495e-17 
-2.6316967e-17 2.2935165e-17 
5.6101511e-17  1.2245404e-17 

CM Pos
7.4992005      0.0093734196  
7.496469       0.010265919   
7.5010836      0.013151654   
12.988517      0.010217318   

Stress
20.0965      0.00478215   0.00111726    0.155091     0.0674665    0.064835    
0.00478215   20.0423      -0.00968282   0.0674665    0.136165     0.0716257   
0.00111726   -0.00968282  20.0205       0.064835     0.0716257    0.0982542   

Stress Spherical
0            0            0             0            0            0           
0            0            0             0            0            0           
0            0            0             0            0            0           

Inertia
149.944      -56.2395     -56.2347      0.280493     0.14393      0.154312    
-56.2395     149.987      -56.2044      0.14393      0.21973      0.123669    
-56.2347     -56.2044     149.915       0.154312     0.123669     0.216528    

Bond Length
0.61903402    0.0016663138

BB bond length
0.61903402    0.0016663138

Water EE distance
0             0           

PEG EE distance
6.8967063     0.11879689  

BBB P2(x)
0.50851996    0.012667877 

BBB first bond length
0.6187806     0.0017449365

BBB second bond length
0.61897667    0.0017339828

BBB <phi**2>/<phi>**2
1.2242216     0.0085145404

Time = 11000
Temperature
1.0134099     0.0072048872

Pressure
23.182854     0.086107348 

CM Mom
-2.9649862e-17 1.5771319e-17 
-2.7485356e-17 1.9112254e-17 
-9.44327e-19   2.0922102e-17 
4.986178e-17   1.4177477e-17 

CM Pos
7.4992005      0.016617771   
7.4986962      0.016350264   
7.4991532      0.0093392508  
12.9887        0.0080683849  

Stress
20.1837      -0.00578561  -0.00281645   0.154725     0.0495323    0.0548673   
-0.00578561  20.134       -0.0589186    0.0495323    0.0762386    0.054413    
-0.00281645  -0.0589186   20.1309       0.0548673    0.054413     0.114544    

Stress Spherical
0            0            0             0            0            0           
0            0            0             0            0            0           
0            0            0             0            0            0           

Inertia
149.959      -56.2334     -56.2149      0.243191     0.148919     0.159025    
-56.2334     149.965      -56.2397      0.148919     0.282192     0.115523    
-56.2149     -56.2397     149.992       0.159025     0.115523     0.204373    

Bond Length
0.61747676    0.0020246789

BB bond length
0.61747676    0.0020246789

Water EE distance
0             0           

PEG EE distance
7.1523736     0.099724817 

BBB P2(x)
0.51507449    0.01053152  

BBB first bond length
0.61747536    0.0021179319

BBB second bond length
0.61754394    0.0021944391

BBB <phi**2>/<phi>**2
1.2211145     0.0092709079

Time = 12000
Temperature
1.0067136     0.003884274 

Pressure
23.13049      0.092861379 

CM Mom
-3.4237005e-18 1.8051235e-17 
-6.5498982e-17 2.143411e-17  
1.597965e-18   1.1166407e-17 
6.890632e-17   2.1593233e-17 

CM Pos
7.5101884      0.012572255   
7.501666       0.015276692   
7.5039048      0.0098090346  
12.999492      0.014709068   

Stress
20.1122      0.0142997    0.00484721    0.121395     0.0710149    0.0569266   
0.0142997    20.0788      -0.00903803   0.0710149    0.112804     0.0661799   
0.00484721   -0.00903803  20.1606       0.0569266    0.0661799    0.126483    

Stress Spherical
0            0            0             0            0            0           
0            0            0             0            0            0           
0            0            0             0            0            0           

Inertia
150.07       -56.377      -56.3575      0.243337     0.193472     0.130904    
-56.377      150.218      -56.3025      0.193472     0.234926     0.153556    
-56.3575     -56.3025     150.178       0.130904     0.153556     0.336794    

Bond Length
0.61866782    0.0025671687

BB bond length
0.61866782    0.0025671687

Water EE distance
0             0           

PEG EE distance
7.0328017     0.075522077 

BBB P2(x)
0.51444981    0.0096085444

BBB first bond length
0.61853993    0.0025525471

BBB second bond length
0.61856041    0.0029183756

BBB <phi**2>/<phi>**2
1.2297818     0.008056192 

Time = 13000
Temperature
1.0129932     0.0092696249

Pressure
23.132665     0.079948661 

CM Mom
-6.1487035e-18 1.2378494e-17 
-5.4095348e-17 1.9804337e-17 
1.6378043e-17  2.7075851e-17 
6.3476476e-17  2.1946094e-17 

CM Pos
7.5014278      0.014996295   
7.4997356      0.017351845   
7.5056866      0.015547781   
12.994361      0.011812023   

Stress
20.0846      0.0398328    0.0324733     0.0852347    0.0442367    0.069242    
0.0398328    20.1216      -0.0313298    0.0442367    0.0923751    0.0812831   
0.0324733    -0.0313298   20.0956       0.069242     0.0812831    0.103426    

Stress Spherical
0            0            0             0            0            0           
0            0            0             0            0            0           
0            0            0             0            0            0           

Inertia
150.08       -56.2867     -56.3514      0.291609     0.153874     0.222787    
-56.2867     150.127      -56.2824      0.153874     0.375147     0.15416     
-56.3514     -56.2824     150.039       0.222787     0.15416      0.243748    

Bond Length
0.61907844    0.0021993782

BB bond length
0.61907844    0.0021993782

Water EE distance
0             0           

PEG EE distance
7.5211334     0.17612213  

BBB P2(x)
0.51449649    0.0069526712

BBB first bond length
0.61913797    0.0023196969

BBB second bond length
0.61933318    0.0022955294

BBB <phi**2>/<phi>**2
1.2222476     0.0062905766

Time = 14000
Temperature
1.0137519     0.005501689 

Pressure
23.17827      0.069793071 

CM Mom
-3.6608126e-18 1.5905951e-17 
-7.3553649e-17 1.3743674e-17 
2.7708868e-19  3.0072371e-17 
8.1130165e-17  1.3702164e-17 

CM Pos
7.5024672      0.013528483   
7.5058235      0.012808538   
7.5028654      0.011250651   
12.996836      0.011340153   

Stress
20.1336      -0.0468048   -0.00818629   0.112943     0.0662365    0.0643541   
-0.0468048   20.1637      -0.00289216   0.0662365    0.0890324    0.0862353   
-0.00818629  -0.00289216  20.1345       0.0643541    0.0862353    0.0928764   

Stress Spherical
0            0            0             0            0            0           
0            0            0             0            0            0           
0            0            0             0            0            0           

Inertia
150.13       -56.3012     -56.2755      0.236857     0.179472     0.129184    
-56.3012     150.09       -56.3106      0.179472     0.235068     0.137949    
-56.2755     -56.3106     150.143       0.129184     0.137949     0.30283     

Bond Length
0.61909757    0.0026105689

BB bond length
0.61909757    0.0026105689

Water EE distance
0             0           

PEG EE distance
7.2338364     0.12765334  

BBB P2(x)
0.5102555     0.0096274311

BBB first bond length
0.61916385    0.0026393677

BBB second bond length
0.61916703    0.002703823 

BBB <phi**2>/<phi>**2
1.2322016     0.0086941154

Time = 15000
Temperature
1.0107001     0.0059459702

Pressure
23.117293     0.10416105  

CM Mom
-7.4779598e-18 2.280722e-17  
-5.167587e-17  1.8210367e-17 
2.1062586e-18  1.9482916e-17 
6.110245e-17   1.5119959e-17 

CM Pos
7.5051399      0.0098326073  
7.501369       0.012512487   
7.501529       0.018873429   
12.995042      0.0093955973  

Stress
20.049       0.0120977    0.0269915     0.121918     0.0800899    0.0529038   
0.0120977    20.0845      0.0192081     0.0800899    0.0930057    0.0827595   
0.0269915    0.0192081    20.1427       0.0529038    0.0827595    0.12879     

Stress Spherical
0            0            0             0            0            0           
0            0            0             0            0            0           
0            0            0             0            0            0           

Inertia
150.046      -56.3097     -56.2503      0.1445       0.160095     0.165571    
-56.3097     150.119      -56.274       0.160095     0.29746      0.113554    
-56.2503     -56.274      150.122       0.165571     0.113554     0.264303    

Bond Length
0.61851219    0.00095819709

BB bond length
0.61851219    0.00095819709

Water EE distance
0             0           

PEG EE distance
7.0875485     0.12579334  

BBB P2(x)
0.5070481     0.0099608927

BBB first bond length
0.6185203     0.0012081071

BBB second bond length
0.61849469    0.00090524844

BBB <phi**2>/<phi>**2
1.2256275     0.008582296 

Time = 16000
Temperature
1.0086378     0.0056454563

Pressure
23.159132     0.088451693 

CM Mom
1.4553681e-17  1.7345595e-17 
-2.1059564e-17 1.2228627e-17 
2.816537e-17   1.5803836e-17 
4.430835e-17   1.3621427e-17 

CM Pos
7.4989035      0.013198511   
7.4976569      0.010641342   
7.4942532      0.011567579   
12.985093      0.0049420723  

Stress
20.1358      -0.0129177   -0.0325688    0.155586     0.0844397    0.0692597   
-0.0129177   20.1334      0.0337298     0.0844397    0.0678073    0.0908406   
-0.0325688   0.0337298    20.1511       0.0692597    0.0908406    0.133231    

Stress Spherical
0            0            0             0            0            0           
0            0            0             0            0            0           
0            0            0             0            0            0           

Inertia
149.885      -56.2659     -56.2099      0.163266     0.124501     0.120719    
-56.2659     149.906      -56.2057      0.124501     0.233652     0.169461    
-56.2099     -56.2057     149.977       0.120719     0.169461     0.181088    

Bond Length
0.61814754    0.0021216992

BB bond length
0.61814754    0.0021216992

Water EE distance
0             0           

PEG EE distance
6.8579244     0.12197975  

BBB P2(x)
0.51086692    0.013319291 

BBB first bond length
0.61801274    0.002158995 

BBB second bond length
0.61805394    0.0020264811

BBB <phi**2>/<phi>**2
1.2249019     0.0087925329

Time = 17000
Temperature
1.010466      0.0083581983

Pressure
23.158913     0.096098972 

CM Mom
2.7415431e-17  1.3594951e-17 
-5.9690149e-18 2.8874327e-17 
2.402058e-17   1.9038105e-17 
4.7861759e-17  2.1318399e-17 

CM Pos
7.5011308      0.0086275029  
7.5034478      0.012227306   
7.4970744      0.0084987654  
12.991344      0.0090928316  

Stress
20.108       -0.0167567   0.0185394     0.134801     0.0644486    0.0757998   
-0.0167567   20.1328      0.0167237     0.0644486    0.104594     0.0548981   
0.0185394    0.0167237    20.1624       0.0757998    0.0548981    0.0979615   

Stress Spherical
0            0            0             0            0            0           
0            0            0             0            0            0           
0            0            0             0            0            0           

Inertia
149.998      -56.3054     -56.2162      0.217783     0.114251     0.113609    
-56.3054     149.971      -56.1992      0.114251     0.19989      0.100792    
-56.2162     -56.1992     150.073       0.113609     0.100792     0.236805    

Bond Length
0.61915718    0.0014189565

BB bond length
0.61915718    0.0014189565

Water EE distance
0             0           

PEG EE distance
6.9700281     0.099268866 

BBB P2(x)
0.51293178    0.0077362404

BBB first bond length
0.6192413     0.001427299 

BBB second bond length
0.61936922    0.0012157857

BBB <phi**2>/<phi>**2
1.2281211     0.0087108513

Time = 18000
Temperature
1.0154328     0.0080241982

Pressure
23.16648      0.073174124 

CM Mom
5.7577571e-17  2.6238043e-17 
7.2496399e-18  1.8448928e-17 
4.539034e-17   2.5828686e-17 
8.3453777e-17  1.2625485e-17 

CM Pos
7.4932611      0.0081666997  
7.5012205      0.012240822   
7.5019745      0.0079810065  
12.988344      0.0090227249  

Stress
20.1362      0.00793665   -0.00550344   0.105899     0.0819811    0.0491152   
0.00793665   20.0664      0.0437927     0.0819811    0.129503     0.0714563   
-0.00550344  0.0437927    20.1786       0.0491152    0.0714563    0.0782406   

Stress Spherical
0            0            0             0            0            0           
0            0            0             0            0            0           
0            0            0             0            0            0           

Inertia
150.056      -56.2515     -56.192       0.210842     0.123226     0.116143    
-56.2515     149.945      -56.2987      0.123226     0.222728     0.110557    
-56.192      -56.2987     149.923       0.116143     0.110557     0.233806    

Bond Length
0.61753654    0.0015477317

BB bond length
0.61753654    0.0015477317

Water EE distance
0             0           

PEG EE distance
7.0679634     0.10363784  

BBB P2(x)
0.5115923     0.006425913 

BBB first bond length
0.61752879    0.0015628106

BBB second bond length
0.61739473    0.0016769852

BBB <phi**2>/<phi>**2
1.2288602     0.0085133129

Time = 19000
Temperature
1.0117863     0.0072826539

Pressure
23.168377     0.086738276 

CM Mom
7.7484269e-17  1.2261685e-17 
-1.8556287e-17 2.4505156e-17 
7.0692918e-17  1.6801952e-17 
1.1006956e-16  1.6232259e-17 

CM Pos
7.4965278      0.018283015   
7.500775       0.014973489   
7.5046472      0.011297586   
12.991522      0.018157748   

Stress
20.1472      -0.0154494   -0.0194785    0.107763     0.0536714    0.0589282   
-0.0154494   20.1047      -0.00559627   0.0536714    0.132868     0.0687166   
-0.0194785   -0.00559627  20.1679       0.0589282    0.0687166    0.0878795   

Stress Spherical
0            0            0             0            0            0           
0            0            0             0            0            0           
0            0            0             0            0            0           

Inertia
150.1        -56.2179     -56.2516      0.297103     0.210834     0.176768    
-56.2179     150.046      -56.2865      0.210834     0.291326     0.174033    
-56.2516     -56.2865     149.969       0.176768     0.174033     0.464467    

Bond Length
0.61750674    0.0028476366

BB bond length
0.61750674    0.0028476366

Water EE distance
0             0           

PEG EE distance
7.4496401     0.14729913  

BBB P2(x)
0.49996541    0.010456487 

BBB first bond length
0.61765325    0.0026032913

BBB second bond length
0.61760968    0.0028854123

BBB <phi**2>/<phi>**2
1.2226021     0.0071963061

Time = 20000
Temperature
1.0049959     0.010072103 

Pressure
23.135367     0.090779598 

CM Mom
5.8421613e-17  1.7465906e-17 
-2.4960511e-17 1.8917579e-17 
6.7809589e-17  1.9673316e-17 
9.6927678e-17  1.7007338e-17 

CM Pos
7.5008338      0.014368605   
7.4998841      0.012063929   
7.506726       0.013977364   
12.994694      0.01343425    

Stress
20.089       -0.0178026   0.013488      0.137305     0.0730414    0.0714005   
-0.0178026   20.1414      -0.0545902    0.0730414    0.109955     0.0808611   
0.013488     -0.0545902   20.1513       0.0714005    0.0808611    0.148475    

Stress Spherical
0            0            0             0            0            0           
0            0            0             0            0            0           
0            0            0             0            0            0           

Inertia
150.124      -56.2625     -56.2993      0.350104     0.133044     0.181257    
-56.2625     150.109      -56.309       0.133044     0.274651     0.150984    
-56.2993     -56.309      150.009       0.181257     0.150984     0.251746    

Bond Length
0.61849884    0.0017546463

BB bond length
0.61849884    0.0017546463

Water EE distance
0             0           

PEG EE distance
7.4106659     0.17275956  

BBB P2(x)
0.51297495    0.0079499385

BBB first bond length
0.61867753    0.0015887817

BBB second bond length
0.61855203    0.0016606954

BBB <phi**2>/<phi>**2
1.225755      0.004731168 

Time = 21000
Temperature
1.0144774     0.0063505062

Pressure
23.122919     0.092842548 

CM Mom
6.5477277e-17  1.4322703e-17 
-4.2513948e-17 1.0104861e-17 
4.3419534e-17  1.7605311e-17 
9.12005e-17    1.6722122e-17 

CM Pos
7.503952       0.020607405   
7.5052296      0.015720535   
7.4994502      0.018175978   
12.995387      0.020852135   

Stress
20.0744      -0.0607021   0.0534601     0.148631     0.096538     0.0929931   
-0.0607021   20.0637      -0.0182379    0.096538     0.0778814    0.0671252   
0.0534601    -0.0182379   20.1212       0.0929931    0.0671252    0.132156    

Stress Spherical
0            0            0             0            0            0           
0            0            0             0            0            0           
0            0            0             0            0            0           

Inertia
150.081      -56.314      -56.2659      0.357009     0.196197     0.2988      
-56.314      150.078      -56.2605      0.196197     0.524989     0.213649    
-56.2659     -56.2605     150.145       0.2988       0.213649     0.320853    

Bond Length
0.61801461    0.0027235855

BB bond length
0.61801461    0.0027235855

Water EE distance
0             0           

PEG EE distance
7.1596262     0.14546678  

BBB P2(x)
0.51773723    0.010325951 

BBB first bond length
0.61802218    0.0027998434

BBB second bond length
0.61803963    0.0028568919

BBB <phi**2>/<phi>**2
1.2282483     0.0071960157

Time = 22000
Temperature
1.0144387     0.01207163  

Pressure
23.163094     0.08629876  

CM Mom
4.575796e-17   2.973282e-17  
-7.6810574e-17 2.5003533e-17 
2.6829932e-17  1.3167437e-17 
9.834691e-17   2.6906959e-17 

CM Pos
7.4956368      0.0096332617  
7.4982508      0.018207489   
7.4975199      0.01258978    
12.985441      0.0076406047  

Stress
20.1329      0.00364404   -0.0267698    0.110166     0.0608484    0.0754137   
0.00364404   20.1138      -0.0187456    0.0608484    0.110515     0.0569522   
-0.0267698   -0.0187456   20.1334       0.0754137    0.0569522    0.102209    

Stress Spherical
0            0            0             0            0            0           
0            0            0             0            0            0           
0            0            0             0            0            0           

Inertia
149.966      -56.2258     -56.2153      0.2186       0.158953     0.12015     
-56.2258     149.915      -56.1881      0.158953     0.274204     0.161905    
-56.2153     -56.1881     149.932       0.12015      0.161905     0.183839    

Bond Length
0.61834837    0.002178065 

BB bond length
0.61834837    0.002178065 

Water EE distance
0             0           

PEG EE distance
6.9194946     0.19722658  

BBB P2(x)
0.50116205    0.0092177514

BBB first bond length
0.61832278    0.002502963 

BBB second bond length
0.61834903    0.0022835953

BBB <phi**2>/<phi>**2
1.2237538     0.0061046873

Time = 23000
Temperature
1.0118941     0.0097964156

Pressure
23.081297     0.083546727 

CM Mom
5.1920126e-17  2.676774e-17  
-8.7872141e-17 2.1705955e-17 
1.1932535e-18  2.2775975e-17 
1.0816227e-16  2.0638916e-17 

CM Pos
7.5033581      0.020424712   
7.4988447      0.012828318   
7.5039048      0.015870587   
12.993935      0.011687403   

Stress
20.0705      0.0625375    -0.00219863   0.155543     0.065957     0.0523225   
0.0625375    20.0431      -0.0259304    0.065957     0.100232     0.0723924   
-0.00219863  -0.0259304   20.044        0.0523225    0.0723924    0.128709    

Stress Spherical
0            0            0             0            0            0           
0            0            0             0            0            0           
0            0            0             0            0            0           

Inertia
150.049      -56.2314     -56.3174      0.242677     0.166993     0.194853    
-56.2314     150.121      -56.3093      0.166993     0.438661     0.149912    
-56.3174     -56.3093     150.07        0.194853     0.149912     0.256726    

Bond Length
0.61840395    0.0031568523

BB bond length
0.61840395    0.0031568523

Water EE distance
0             0           

PEG EE distance
6.9289673     0.16058302  

BBB P2(x)
0.50437482    0.012241668 

BBB first bond length
0.61834662    0.0030535523

BBB second bond length
0.61819559    0.002991759 

BBB <phi**2>/<phi>**2
1.2227198     0.009546384 

Time = 24000
Temperature
1.0100859     0.0074031264

Pressure
23.183365     0.077387022 

CM Mom
2.4375561e-17  2.2843955e-17 
-7.4620516e-17 1.7959638e-17 
1.1418471e-17  1.1574677e-17 
8.2589808e-17  2.1214675e-17 

CM Pos
7.5069217      0.015896267   
7.4967659      0.010088272   
7.5001926      0.010880043   
12.992636      0.011731745   

Stress
20.1355      -0.0308309   -0.0112477    0.135577     0.091021     0.0589932   
-0.0308309   20.1847      -0.0246913    0.091021     0.140414     0.0431153   
-0.0112477   -0.0246913   20.1598       0.0589932    0.0431153    0.119475    

Stress Spherical
0            0            0             0            0            0           
0            0            0             0            0            0           
0            0            0             0            0            0           

Inertia
149.972      -56.2833     -56.2812      0.224522     0.142829     0.130251    
-56.2833     150.139      -56.1963      0.142829     0.26594      0.156701    
-56.2812     -56.1963     150.064       0.130251     0.156701     0.190302    

Bond Length
0.6180309     0.0016147739

BB bond length
0.6180309     0.0016147739

Water EE distance
0             0           

PEG EE distance
6.9343808     0.15004628  

BBB P2(x)
0.50522575    0.010485105 

BBB first bond length
0.6179937     0.001632925 

BBB second bond length
0.61811165    0.0014777585

BBB <phi**2>/<phi>**2
1.2214298     0.005975602 

Time = 25000
Temperature
1.0071156     0.0094600853

Pressure
23.085161     0.10177483  

CM Mom
1.1839668e-17  1.0714974e-17 
-9.8821883e-17 1.9906415e-17 
4.0176347e-17  1.7789189e-17 
1.0941363e-16  1.9397662e-17 

CM Pos
7.509446       0.012283974   
7.5022599      0.0088208355  
7.5010836      0.011293683   
12.997775      0.011877638   

Stress
20.0578      0.00867738   -0.0135246    0.0986113    0.090399     0.0763946   
0.00867738   20.0681      -0.01709      0.090399     0.11051      0.0666772   
-0.0135246   -0.01709     20.0861       0.0763946    0.0666772    0.154052    

Stress Spherical
0            0            0             0            0            0           
0            0            0             0            0            0           
0            0            0             0            0            0           

Inertia
150.05       -56.3178     -56.3128      0.255063     0.116021     0.150093    
-56.3178     150.164      -56.2657      0.116021     0.231286     0.149052    
-56.3128     -56.2657     150.186       0.150093     0.149052     0.177234    

Bond Length
0.61923702    0.0023428964

BB bond length
0.61923702    0.0023428964

Water EE distance
0             0           

PEG EE distance
7.2464088     0.22421379  

BBB P2(x)
0.50576856    0.011193482 

BBB first bond length
0.61936903    0.0023985275

BBB second bond length
0.6190672     0.002170481 

BBB <phi**2>/<phi>**2
1.2192091     0.0067449592

Time = 26000
Temperature
1.0092762     0.0059672704

Pressure
23.086114     0.084345909 

CM Mom
7.389764e-18   1.7550431e-17 
-9.1644641e-17 2.1635943e-17 
1.4023132e-17  2.3576078e-17 
9.7958677e-17  1.9648352e-17 

CM Pos
7.4934096      0.012084928   
7.4955781      0.014183275   
7.5033108      0.01043632    
12.985946      0.014252087   

Stress
20.0589      -0.00813907  -0.0178778    0.149907     0.0610124    0.0832655   
-0.00813907  20.0819      -0.0433912    0.0610124    0.0710419    0.0610378   
-0.0178778   -0.0433912   20.0547       0.0832655    0.0610378    0.0864345   

Stress Spherical
0            0            0             0            0            0           
0            0            0             0            0            0           
0            0            0             0            0            0           

Inertia
149.983      -56.1791     -56.2376      0.267598     0.189165     0.10445     
-56.1791     149.944      -56.2162      0.189165     0.215573     0.167071    
-56.2376     -56.2162     149.849       0.10445      0.167071     0.331241    

Bond Length
0.61796997    0.0020663156

BB bond length
0.61796997    0.0020663156

Water EE distance
0             0           

PEG EE distance
7.1762605     0.21293568  

BBB P2(x)
0.51380652    0.0059589412

BBB first bond length
0.61782887    0.0021823246

BBB second bond length
0.61804851    0.0021805791

BBB <phi**2>/<phi>**2
1.2286162     0.0074823307

Time = 27000
Temperature
1.0079488     0.006887515 

Pressure
23.09361      0.062090572 

CM Mom
3.7980244e-17  1.8248281e-17 
-9.8868454e-17 1.1320693e-17 
-1.0383682e-17 2.1415502e-17 
1.1036958e-16  7.9767835e-18 

CM Pos
7.498755       0.011875123   
7.5027054      0.01716019    
7.5068745      0.013317415   
12.995208      0.016372322   

Stress
20.0235      0.0260574    0.0487468     0.10118      0.067849     0.0940131   
0.0260574    20.0882      -0.0364238    0.067849     0.100541     0.0624269   
0.0487468    -0.0364238   20.1182       0.0940131    0.0624269    0.0862335   

Stress Spherical
0            0            0             0            0            0           
0            0            0             0            0            0           
0            0            0             0            0            0           

Inertia
150.143      -56.2688     -56.2939      0.374927     0.131505     0.177015    
-56.2688     150.095      -56.3081      0.131505     0.347903     0.197945    
-56.2939     -56.3081     150.024       0.177015     0.197945     0.250583    

Bond Length
0.61750753    0.0019844908

BB bond length
0.61750753    0.0019844908

Water EE distance
0             0           

PEG EE distance
6.762986      0.089643395 

BBB P2(x)
0.50055175    0.0061634528

BBB first bond length
0.61756649    0.001939962 

BBB second bond length
0.61747148    0.002076384 

BBB <phi**2>/<phi>**2
1.2253309     0.0093035199

Time = 28000
Temperature
1.0139347     0.005711018 

Pressure
23.130955     0.10229056  

CM Mom
1.4190457e-17  3.1461232e-17 
-1.0590159e-16 1.5622149e-17 
4.2746114e-18  1.4187332e-17 
1.1244525e-16  1.5033117e-17 

CM Pos
7.5009823      0.014624874   
7.5021114      0.012683126   
7.5007866      0.013674373   
12.992634      0.015489558   

Stress
20.0411      0.0119211    -0.0309494    0.138016     0.0705319    0.0712753   
0.0119211    20.1717      -0.0257095    0.0705319    0.0681471    0.0602798   
-0.0309494   -0.0257095   20.0754       0.0712753    0.0602798    0.123464    

Stress Spherical
0            0            0             0            0            0           
