Time = 500
Temperature
   1.0380395   0.047450587

Pressure
   23.159579    0.23636569

CM Mom
-5.4610674e-17 5.9785545e-18 
-1.3336952e-17 1.286423e-17  
-5.3539984e-18 5.0790761e-17 
7.4311623e-17  2.1156106e-17 

CM Pos
7.505088       0.018132482   
7.4938403      0.0093648272  
7.5085208      0.0053081732  
12.994697      0.013262208   

Stress
20.0621      -0.0500978   -0.0914466    0.230981     0.0848149    0.140296    
-0.0500978   20.0651      0.0219773     0.0848149    0.190533     0.0562186   
-0.0914466   0.0219773    20.023        0.140296     0.0562186    0.1137      

Stress Spherical
0            0            0             0            0            0           
0            0            0             0            0            0           
0            0            0             0            0            0           

Inertia
149.822      -56.2593     -56.3386      0.256733     0.200326     0.245254    
-56.2593     149.893      -56.2677      0.200326     0.43217      0.104774    
-56.3386     -56.2677     149.686       0.245254     0.104774     0.298903    

Bond Length
0.61643061    0.00391692  

BB bond length
0.61643061    0.00391692  

Water EE distance
0             0           

PEG EE distance
3.6159607     0.32013074  

Time = 1000
Temperature
1.0094539     0.0081518667

Pressure
23.11873      0.036562778 

CM Mom
-4.9776921e-17 6.9770037e-18 
-3.2702712e-18 2.2935702e-17 
-2.2201715e-17 1.5340093e-17 
6.1430063e-17  4.2123036e-18 

CM Pos
7.49945        0.011142423   
7.5137216      0.0080173627  
7.5022894      0.013707786   
12.999321      0.011471144   

Stress
20.0828      0.0279357    0.0315848     0.109639     0.0609116    0.085476    
0.0279357    20.0435      -0.0158891    0.0609116    0.0654541    0.0636149   
0.0315848    -0.0158891   20.1583       0.085476     0.0636149    0.0738372   

Stress Spherical
0            0            0             0            0            0           
0            0            0             0            0            0           
0            0            0             0            0            0           

Inertia
150.096      -56.3195     -56.3125      0.2684       0.0860542    0.165622    
-56.3195     149.816      -56.3597      0.0860542    0.365167     0.064751    
-56.3125     -56.3597     150.008       0.165622     0.064751     0.149631    

Bond Length
0.61190129    0.0038619934

BB bond length
0.61190129    0.0038619934

Water EE distance
0             0           

PEG EE distance
3.7993618     0.20899596  

