Time = 1000
Temperature
   1.0399749   0.047710557

Pressure
   23.638366    0.23216607

CM Mom
8.4487318e-18  1.4020745e-17 
1.0671678e-16  1.428809e-17  
3.0080538e-17  8.4724581e-17 
1.3824877e-16  2.8826274e-17 

CM Pos
7.4966722      0.019512705   
7.49347        0.022084434   
7.4984804      0.033891133   
12.983858      0.028826237   

Stress
20.4887      -0.0197343   0.0605837     0.176936     0.0471741    0.0821339   
-0.0197343   20.5552      0.0164946     0.0471741    0.158165     0.0722163   
0.0605837    0.0164946    20.5327       0.0821339    0.0722163    0.0966657   

Stress Spherical
0            0            0             0            0            0           
0            0            0             0            0            0           
0            0            0             0            0            0           

Inertia
149.922      -56.1475     -56.1841      0.586592     0.163023     0.329673    
-56.1475     149.952      -56.2015      0.163023     0.349861     0.337873    
-56.1841     -56.2015     149.856       0.329673     0.337873     0.391806    

Bond Length
0.62035719    0.0072141606

BB bond length
0.62035719    0.0072141606

Water EE distance
0             0           

PEG EE distance
7.0943446     0.51973925  

BBB P2(x)
0.49069494    0.060398198 

BBB first bond length
0.62028735    0.0066252179

BBB second bond length
0.62037703    0.007287601 

BBB <phi**2>/<phi>**2
1.2256687     0.02218164  

Time = 2000
Temperature
1.0084307     0.0095724691

Pressure
23.528168     0.063090379 

CM Mom
2.3983007e-17  2.627926e-17  
1.2480035e-16  2.6267109e-17 
2.2290733e-17  1.5100285e-17 
1.3216651e-16  2.8067451e-17 

CM Pos
7.5035026      0.021591745   
7.4956973      0.011226128   
7.5013016      0.016279992   
12.990701      0.010343158   

Stress
20.528       0.0469455    0.0150405     0.076339     0.0588263    0.0587945   
0.0469455    20.5067      0.0669084     0.0588263    0.084442     0.0571079   
0.0150405    0.0669084    20.4946       0.0587945    0.0571079    0.113762    

Stress Spherical
0            0            0             0            0            0           
0            0            0             0            0            0           
0            0            0             0            0            0           

Inertia
149.872      -56.2198     -56.2707      0.235991     0.181138     0.155664    
-56.2198     150.018      -56.1999      0.181138     0.337781     0.106973    
-56.2707     -56.1999     149.9         0.155664     0.106973     0.611081    

Bond Length
0.6181263     0.0040207978

BB bond length
0.6181263     0.0040207978

Water EE distance
0             0           

PEG EE distance
7.6742105     0.4880698   

BBB P2(x)
0.51370098    0.024361431 

BBB first bond length
0.6184345     0.0039991583

BBB second bond length
0.61842012    0.0039744809

BBB <phi**2>/<phi>**2
1.2198875     0.016390083 

Time = 3000
Temperature
1.0161714     0.0087176268

Pressure
23.528597     0.083146664 

CM Mom
1.7397102e-17  1.5438614e-17 
1.0016295e-16  1.2758927e-17 
-1.2564879e-17 1.9725649e-17 
1.0553732e-16  1.205279e-17  

CM Pos
7.4942965      0.02139479    
7.4954003      0.013660661   
7.5036774      0.015616406   
12.986582      0.015697027   

Stress
20.4323      0.0325071    -0.02193      0.106289     0.0658072    0.0529061   
0.0325071    20.49        0.030308      0.0658072    0.13029      0.0512113   
-0.02193     0.030308     20.5387       0.0529061    0.0512113    0.0986517   

Stress Spherical
0            0            0             0            0            0           
0            0            0             0            0            0           
0            0            0             0            0            0           

Inertia
149.938      -56.1702     -56.2113      0.325287     0.189447     0.210133    
-56.1702     149.934      -56.2438      0.189447     0.386017     0.164401    
-56.2113     -56.2438     149.802       0.210133     0.164401     0.361398    

Bond Length
0.62009191    0.0048446135

BB bond length
0.62009191    0.0048446135

Water EE distance
0             0           

PEG EE distance
7.7523284     0.22256748  

BBB P2(x)
0.52875199    0.015342701 

BBB first bond length
0.62026416    0.0044065191

BBB second bond length
0.62020212    0.0049600199

BBB <phi**2>/<phi>**2
1.2319164     0.018794048 

Time = 4000
Temperature
1.0081856     0.0074799797

Pressure
23.459665     0.074356355 

CM Mom
-8.2085459e-18 2.5695286e-17 
1.1677674e-16  1.3624596e-17 
-6.5447329e-17 3.1978378e-17 
1.4016358e-16  1.4498436e-17 

CM Pos
7.4951874      0.013104629   
7.5001518      0.0090515248  
7.5059047      0.010304505   
12.991111      0.01112121    

Stress
20.3819      2.73753e-05  -0.0133512    0.138221     0.0738948    0.0604729   
2.73753e-05  20.4429      -0.0268335    0.0738948    0.0897794    0.0536539   
-0.0133512   -0.0268335   20.5011       0.0604729    0.0536539    0.0788911   

Stress Spherical
0            0            0             0            0            0           
0            0            0             0            0            0           
0            0            0             0            0            0           

Inertia
150.047      -56.1978     -56.2632      0.172952     0.123619     0.124134    
-56.1978     149.987      -56.336       0.123619     0.297307     0.148396    
-56.2632     -56.336      149.889       0.124134     0.148396     0.253942    

Bond Length
0.62061923    0.0025130997

BB bond length
0.62061923    0.0025130997

Water EE distance
0             0           

PEG EE distance
7.2426354     0.18782575  

BBB P2(x)
0.52501764    0.022668636 

BBB first bond length
0.62099389    0.0023889687

BBB second bond length
0.61982531    0.0023836316

BBB <phi**2>/<phi>**2
1.2229817     0.015610474 

Time = 5000
Temperature
1.0070951     0.0084140512

Pressure
23.426218     0.085301555 

CM Mom
-5.2455895e-18 7.7331813e-18 
9.0058628e-17  1.6229357e-17 
-8.9077346e-17 2.4802186e-17 
1.2948653e-16  1.5634184e-17 

CM Pos
7.5049874      0.012965934   
7.4919851      0.0078865205  
7.5001137      0.0078976952  
12.988709      0.010325195   

Stress
20.4417      -0.00621924  -0.0180666    0.136559     0.0510565    0.0636949   
-0.00621924  20.3777      0.0240906     0.0510565    0.101749     0.0800729   
-0.0180666   0.0240906    20.4161       0.0636949    0.0800729    0.0957506   

Stress Spherical
0            0            0             0            0            0           
0            0            0             0            0            0           
0            0            0             0            0            0           

Inertia
149.843      -56.2357     -56.3055      0.212904     0.0891781    0.165796    
-56.2357     150.058      -56.1878      0.0891781    0.264639     0.135072    
-56.3055     -56.1878     149.902       0.165796     0.135072     0.24317     

Bond Length
0.62209444    0.004804985 

BB bond length
0.62209444    0.004804985 

Water EE distance
0             0           

PEG EE distance
7.378693      0.39284467  

BBB P2(x)
0.51996593    0.017966307 

BBB first bond length
0.62224943    0.0047782109

BBB second bond length
0.62191497    0.0049385416

BBB <phi**2>/<phi>**2
1.2281496     0.012600056 

Time = 6000
Temperature
1.0111532     0.0062191335

Pressure
23.515967     0.087497726 

CM Mom
2.4772305e-17  1.2816201e-17 
3.194941e-17   1.4220538e-17 
-1.0066685e-16 1.5174733e-17 
1.1001879e-16  1.6151286e-17 

CM Pos
7.4953359      0.012262417   
7.5011912      0.016105709   
7.4999652      0.017691591   
12.98837       0.019135696   

Stress
20.5337      -0.0303839   -0.0293282    0.108173     0.0559969    0.078584    
-0.0303839   20.4879      0.00638022    0.0559969    0.136118     0.0380837   
-0.0293282   0.00638022   20.4467       0.078584     0.0380837    0.0639652   

Stress Spherical
0            0            0             0            0            0           
0            0            0             0            0            0           
0            0            0             0            0            0           

Inertia
149.984      -56.2339     -56.2139      0.410688     0.18808      0.162852    
-56.2339     149.93       -56.2367      0.18808      0.341441     0.207723    
-56.2139     -56.2367     149.928       0.162852     0.207723     0.370726    

Bond Length
0.62094446    0.0060721831

BB bond length
0.62094446    0.0060721831

Water EE distance
0             0           

PEG EE distance
7.77596       0.12798597  

BBB P2(x)
0.53254818    0.015080766 

BBB first bond length
0.62115628    0.0064734316

BBB second bond length
0.62078002    0.0061002205

BBB <phi**2>/<phi>**2
1.21919       0.013725786 

Time = 7000
Temperature
1.012716      0.008687543 

Pressure
23.522163     0.067708591 

CM Mom
2.3848309e-17  1.1657701e-17 
2.5893298e-17  1.2966813e-17 
-8.35512e-17   7.5982681e-18 
9.2183936e-17  9.1598908e-18 

CM Pos
7.4968207      0.01336369    
7.5041609      0.01574576    
7.4972925      0.00690098    
12.989398      0.012343861   

Stress
20.5358      -0.0178486   -0.00265734   0.0744173    0.0618371    0.0864316   
-0.0178486   20.4988      0.00997905    0.0618371    0.0868523    0.0755435   
-0.00265734  0.00997905   20.4382       0.0864316    0.0755435    0.102023    

Stress Spherical
0            0            0             0            0            0           
0            0            0             0            0            0           
0            0            0             0            0            0           

Inertia
149.989      -56.3186     -56.1971      0.206814     0.185886     0.120103    
-56.3186     149.89       -56.2478      0.185886     0.246142     0.122049    
-56.1971     -56.2478     149.986       0.120103     0.122049     0.328149    

Bond Length
0.62124671    0.0042049836

BB bond length
0.62124671    0.0042049836

Water EE distance
0             0           

PEG EE distance
8.0811226     0.23210687  

BBB P2(x)
0.52652399    0.016152602 

BBB first bond length
0.62198157    0.0042458721

BBB second bond length
0.6208903     0.0042001852

BBB <phi**2>/<phi>**2
1.2203977     0.011242619 

Time = 8000
Temperature
1.0076543     0.0075212186

Pressure
23.489744     0.081322738 

CM Mom
3.3409448e-17  1.3163992e-17 
9.5647109e-18  1.6343337e-17 
-8.2289017e-17 2.1021763e-17 
9.1877872e-17  2.0492042e-17 

CM Pos
7.4962268      0.012175807   
7.4991124      0.012107711   
7.5036774      0.011786602   
12.989827      0.010153748   

Stress
20.4567      0.00766634   -0.0309981    0.123089     0.0679856    0.0706702   
0.00766634   20.4848      0.0572875     0.0679856    0.095641     0.0567901   
-0.0309981   0.0572875    20.4795       0.0706702    0.0567901    0.08992     

Stress Spherical
0            0            0             0            0            0           
0            0            0             0            0            0           
0            0            0             0            0            0           

Inertia
150.011      -56.1742     -56.2296      0.202815     0.209109     0.133589    
-56.1742     149.986      -56.258       0.209109     0.195082     0.071158    
-56.2296     -56.258      149.902       0.133589     0.071158     0.321773    

Bond Length
0.61757573    0.0026277403

BB bond length
0.61757573    0.0026277403

Water EE distance
0             0           

PEG EE distance
7.9629403     0.1966722   

BBB P2(x)
0.51109982    0.020024651 

BBB first bond length
0.61788611    0.0031237003

BBB second bond length
0.61726005    0.0029541456

BBB <phi**2>/<phi>**2
1.2290904     0.01445158  

Time = 9000
Temperature
1.0089095     0.010799936 

Pressure
23.496874     0.097905786 

CM Mom
6.3880136e-20  3.6007028e-17 
6.2814093e-18  1.7016197e-17 
-4.4973814e-17 1.4466526e-17 
6.030381e-17   1.4862435e-17 

CM Pos
7.5020177      0.0088905469  
7.4946579      0.018539287   
7.5155562      0.0070291826  
12.997464      0.012302261   

Stress
20.4537      0.00073026   0.0365737     0.0959847    0.0901307    0.0427749   
0.00073026   20.4828      -0.0140719    0.0901307    0.0834974    0.0496423   
0.0365737    -0.0140719   20.4946       0.0427749    0.0496423    0.139824    

Stress Spherical
0            0            0             0            0            0           
0            0            0             0            0            0           
0            0            0             0            0            0           

Inertia
150.135      -56.2318     -56.3764      0.282328     0.190151     0.111468    
-56.2318     150.255      -56.3306      0.190151     0.166986     0.154054    
-56.3764     -56.3306     149.924       0.111468     0.154054     0.346751    

Bond Length
0.61899272    0.0046865774

BB bond length
0.61899272    0.0046865774

Water EE distance
0             0           

PEG EE distance
8.5032123     0.27597965  

BBB P2(x)
0.51645007    0.021157914 

BBB first bond length
0.6188842     0.0051471412

BBB second bond length
0.61885351    0.0042849909

BBB <phi**2>/<phi>**2
1.2361322     0.018744625 

Time = 10000
Temperature
1.012351      0.0088941199

Pressure
23.51777      0.057010144 

CM Mom
-2.6494321e-17 2.4786302e-17 
5.3068045e-17  2.0425815e-17 
-4.9883037e-17 1.170417e-17  
8.2005347e-17  2.1217191e-17 

CM Pos
7.5012753      0.0098940791  
7.4971821      0.016451759   
7.5070925      0.011974962   
12.993603      0.010452252   

Stress
20.4867      0.0231479    -0.0265616    0.103286     0.0862384    0.0514908   
0.0231479    20.5154      0.00743808    0.0862384    0.122142     0.0610177   
-0.0265616   0.00743808   20.4608       0.0514908    0.0610177    0.0558704   

Stress Spherical
0            0            0             0            0            0           
0            0            0             0            0            0           
0            0            0             0            0            0           

Inertia
150.043      -56.2334     -56.3003      0.292901     0.138816     0.120006    
-56.2334     150.123      -56.2418      0.138816     0.160327     0.123088    
-56.3003     -56.2418     149.961       0.120006     0.123088     0.31948     

Bond Length
0.61815044    0.0029970943

BB bond length
0.61815044    0.0029970943

Water EE distance
0             0           

PEG EE distance
7.3726114     0.29207896  

BBB P2(x)
0.52568447    0.01972638  

BBB first bond length
0.61848013    0.0029222817

BBB second bond length
0.6180405     0.0029475314

BBB <phi**2>/<phi>**2
1.2378724     0.022064095 

Time = 11000
Temperature
1.0102818     0.0078439156

Pressure
23.474213     0.050533054 

CM Mom
-3.0329464e-17 1.9636281e-17 
5.0130933e-17  1.1026608e-17 
-5.9650996e-17 1.9758149e-17 
8.7256863e-17  1.6583793e-17 

CM Pos
7.4956328      0.013957632   
7.4930245      0.012316239   
7.5032319      0.010951746   
12.985713      0.011387601   

Stress
20.4461      0.0100299    -0.000429027  0.0835991    0.0804335    0.0645162   
0.0100299    20.4716      4.43402e-05   0.0804335    0.070732     0.0772796   
-0.000429027 4.43402e-05  20.4331       0.0645162    0.0772796    0.0844379   

Stress Spherical
0            0            0             0            0            0           
0            0            0             0            0            0           
0            0            0             0            0            0           

Inertia
149.922      -56.1688     -56.2772      0.25825      0.175267     0.117521    
-56.1688     149.964      -56.2131      0.175267     0.153812     0.128279    
-56.2772     -56.2131     149.81        0.117521     0.128279     0.338758    

Bond Length
0.62005255    0.0034296727

BB bond length
0.62005255    0.0034296727

Water EE distance
0             0           

PEG EE distance
7.2854625     0.28034886  

BBB P2(x)
0.52122593    0.012146941 

BBB first bond length
0.62001066    0.0036502749

BBB second bond length
0.62038373    0.003594463 

BBB <phi**2>/<phi>**2
1.2227155     0.013439243 

Time = 12000
Temperature
1.0080601     0.0089780611

Pressure
23.517477     0.10395449  

CM Mom
-3.2179103e-17 2.155584e-17  
5.3414921e-17  1.7065301e-17 
-4.0893178e-17 3.252135e-17  
8.2639147e-17  2.3349279e-17 

CM Pos
7.5027601      0.015881697   
7.4949548      0.0058665847  
7.5059047      0.0069898648  
12.992483      0.0095996172  

Stress
20.4855      -0.00332508  0.0124746     0.0933221    0.0839633    0.0690146   
-0.00332508  20.4841      -0.0262676    0.0839633    0.152787     0.0544896   
0.0124746    -0.0262676   20.5309       0.0690146    0.0544896    0.123505    

Stress Spherical
0            0            0             0            0            0           
0            0            0             0            0            0           
0            0            0             0            0            0           

Inertia
150.021      -56.2144     -56.3319      0.150649     0.114235     0.121295    
-56.2144     150.159      -56.2695      0.114235     0.244376     0.0800751   
-56.3319     -56.2695     149.96        0.121295     0.0800751    0.248568    

Bond Length
0.61993475    0.0039540794

BB bond length
0.61993475    0.0039540794

Water EE distance
0             0           

PEG EE distance
7.6042736     0.31339249  

BBB P2(x)
0.51033376    0.013740343 

BBB first bond length
0.61999238    0.0038620374

BBB second bond length
0.61999443    0.0042198202

BBB <phi**2>/<phi>**2
1.2188349     0.01118192  

Time = 13000
Temperature
1.0106684     0.0063918446

Pressure
23.509469     0.075407729 

CM Mom
-7.7145224e-18 9.9475731e-18 
7.9986173e-17  3.3708817e-17 
-2.2684454e-17 2.7386567e-17 
9.0702045e-17  2.7023838e-17 

CM Pos
7.5000874      0.016717642   
7.5008942      0.014180943   
7.5002622      0.012686602   
12.991119      0.011533509   

Stress
20.4789      0.0262089    0.0392253     0.133289     0.0721191    0.0551508   
0.0262089    20.4903      -0.0261503    0.0721191    0.137109     0.0380555   
0.0392253    -0.0261503   20.4838       0.0551508    0.0380555    0.0896845   

Stress Spherical
0            0            0             0            0            0           
0            0            0             0            0            0           
0            0            0             0            0            0           

Inertia
150.003      -56.2668     -56.2251      0.316902     0.116816     0.129735    
-56.2668     150          -56.2609      0.116816     0.222329     0.162145    
-56.2251     -56.2609     149.98        0.129735     0.162145     0.319975    

Bond Length
0.61993436    0.0034424699

BB bond length
0.61993436    0.0034424699

Water EE distance
0             0           

PEG EE distance
7.6458049     0.31355685  

BBB P2(x)
0.51127078    0.014347003 

BBB first bond length
0.62015592    0.0035676655

BBB second bond length
0.61951977    0.0033074401

BBB <phi**2>/<phi>**2
1.2266172     0.0096028528

Time = 14000
Temperature
1.0121564     0.0078564667

Pressure
23.485812     0.083642926 

CM Mom
2.5934236e-17  1.7018678e-17 
8.2043525e-17  1.3194107e-17 
-3.1290963e-17 5.242857e-18  
9.3762731e-17  9.0888244e-18 

CM Pos
7.5014238      0.010508952   
7.5003003      0.0088955053  
7.5042713      0.012565238   
12.99385       0.012906856   

Stress
20.4873      0.0160709    0.0104526     0.110669     0.0840366    0.0642481   
0.0160709    20.4293      -0.0492551    0.0840366    0.125649     0.0280311   
0.0104526    -0.0492551   20.4522       0.0642481    0.0280311    0.0968584   

Stress Spherical
0            0            0             0            0            0           
0            0            0             0            0            0           
0            0            0             0            0            0           

Inertia
150.061      -56.2783     -56.2922      0.246348     0.127858     0.146533    
-56.2783     150.088      -56.3034      0.127858     0.302573     0.168834    
-56.2922     -56.3034     150.015       0.146533     0.168834     0.168715    

Bond Length
0.61921038    0.0034428665

BB bond length
0.61921038    0.0034428665

Water EE distance
0             0           

PEG EE distance
8.4685882     0.38658963  

BBB P2(x)
0.5174987     0.011169204 

BBB first bond length
0.61899657    0.0037555462

BBB second bond length
0.61932502    0.0037457222

BBB <phi**2>/<phi>**2
1.2232462     0.018927202 

Time = 15000
Temperature
1.0083784     0.0064205195

Pressure
23.491056     0.070676117 

CM Mom
4.0481186e-17  3.0962791e-17 
1.3027852e-16  2.782503e-17  
-3.7742857e-18 2.1146655e-17 
1.4319052e-16  1.7379502e-17 

CM Pos
7.4986026      0.01943742    
7.5000033      0.012582773   
7.5011531      0.013612156   
12.990258      0.017700033   

Stress
20.4884      0.00225857   -0.0325077    0.0700918    0.0460392    0.0456985   
0.00225857   20.4859      -0.0289949    0.0460392    0.0856567    0.0802486   
-0.0325077   -0.0289949   20.4441       0.0456985    0.0802486    0.108635    

Stress Spherical
0            0            0             0            0            0           
0            0            0             0            0            0           
0            0            0             0            0            0           

Inertia
150.012      -56.2433     -56.2283      0.317376     0.145835     0.228311    
-56.2433     149.999      -56.243       0.145835     0.345426     0.190045    
-56.2283     -56.243      149.975       0.228311     0.190045     0.332284    

Bond Length
0.61828014    0.0023694994

BB bond length
0.61828014    0.0023694994

Water EE distance
0             0           

PEG EE distance
8.5390928     0.16508067  

BBB P2(x)
0.53174021    0.014597167 

BBB first bond length
0.61846167    0.0022797437

BBB second bond length
0.61829852    0.0022495368

BBB <phi**2>/<phi>**2
1.2350884     0.017264787 

Time = 16000
Temperature
1.0104234     0.0086464729

Pressure
23.509291     0.098240269 

CM Mom
3.7251049e-18  2.2021287e-17 
1.2213937e-16  1.7496316e-17 
1.6569408e-17  8.7573841e-18 
1.2556728e-16  1.7523001e-17 

CM Pos
7.4947419      0.016214176   
7.502973       0.012352883   
7.4961046      0.010947718   
12.986832      0.0093760878  

Stress
20.4782      0.0487891    -0.0156839    0.0968632    0.0548153    0.0828338   
0.0487891    20.4856      -0.0477969    0.0548153    0.0554333    0.0409889   
-0.0156839   -0.0477969   20.4909       0.0828338    0.0409889    0.165017    

Stress Spherical
0            0            0             0            0            0           
0            0            0             0            0            0           
0            0            0             0            0            0           

Inertia
149.969      -56.2435     -56.2071      0.209408     0.145885     0.162033    
-56.2435     149.861      -56.2304      0.145885     0.243694     0.133688    
-56.2071     -56.2304     149.947       0.162033     0.133688     0.321596    

Bond Length
0.61925466    0.0028044558

BB bond length
0.61925466    0.0028044558

Water EE distance
0             0           

PEG EE distance
8.4943331     0.21196975  

BBB P2(x)
0.52016773    0.016529382 

BBB first bond length
0.61901007    0.0029454732

BBB second bond length
0.61926311    0.0033472928

BBB <phi**2>/<phi>**2
1.2296406     0.016701974 

Time = 17000
Temperature
1.003727      0.0055431312

Pressure
23.487801     0.086440319 

CM Mom
-3.2692617e-17 8.2720143e-18 
1.1030465e-16  1.5255318e-17 
1.3268935e-17  1.2613311e-17 
1.1677983e-16  1.5320046e-17 

CM Pos
7.5015723      0.019403361   
7.5010427      0.01647051    
7.5014501      0.018073796   
12.992759      0.013396725   

Stress
20.5068      0.0235793    0.0227564     0.125586     0.0615226    0.0698477   
0.0235793    20.458       -0.0199228    0.0615226    0.124828     0.0649544   
0.0227564    -0.0199228   20.4856       0.0698477    0.0649544    0.102534    

Stress Spherical
0            0            0             0            0            0           
0            0            0             0            0            0           
0            0            0             0            0            0           

Inertia
150.025      -56.321      -56.2816      0.238051     0.257182     0.143066    
-56.321      150.039      -56.3022      0.257182     0.254129     0.14212     
-56.2816     -56.3022     150.015       0.143066     0.14212      0.421579    

Bond Length
0.619232      0.0031258206

BB bond length
0.619232      0.0031258206

Water EE distance
0             0           

PEG EE distance
7.6709905     0.69249106  

BBB P2(x)
0.51539606    0.022475724 

BBB first bond length
0.6192494     0.0031293458

BBB second bond length
0.61911695    0.0033272589

BBB <phi**2>/<phi>**2
1.2309009     0.025133503 

Time = 18000
Temperature
1.0086376     0.0065112842

Pressure
23.472169     0.093809499 

CM Mom
-3.9018262e-17 1.4896997e-17 
8.4877468e-17  1.8329759e-17 
3.0537796e-17  1.362103e-17  
1.0104984e-16  1.3839385e-17 

CM Pos
7.4994935      0.014347106   
7.4918366      0.010927561   
7.4950652      0.0090867757  
12.982539      0.010701442   

Stress
20.4611      0.0187011    0.0112176     0.10965      0.0486629    0.0364549   
0.0187011    20.4264      -0.00506025   0.0486629    0.108927     0.0432077   
0.0112176    -0.00506025  20.4719       0.0364549    0.0432077    0.113733    

Stress Spherical
0            0            0             0            0            0           
0            0            0             0            0            0           
0            0            0             0            0            0           

Inertia
149.8        -56.1711     -56.1962      0.159198     0.104959     0.160333    
-56.1711     149.904      -56.1803      0.104959     0.341922     0.0947057   
-56.1962     -56.1803     149.853       0.160333     0.0947057    0.263181    

Bond Length
0.61885502    0.0044786459

BB bond length
0.61885502    0.0044786459

Water EE distance
0             0           

PEG EE distance
7.0329273     0.33226055  

BBB P2(x)
0.51757475    0.015936179 

BBB first bond length
0.61814924    0.0042226572

BBB second bond length
0.61893498    0.0043637633

BBB <phi**2>/<phi>**2
1.2239218     0.017305757 

Time = 19000
Temperature
1.0124862     0.0069472421

Pressure
23.503099     0.075136366 

CM Mom
-4.9343215e-17 1.1186104e-17 
9.181334e-17   8.6070433e-18 
3.6925741e-17  1.8222178e-17 
1.1248776e-16  1.0281788e-17 

CM Pos
7.4978601      0.016747289   
7.4936185      0.0075771238  
7.4947683      0.01140635    
12.982451      0.014236287   

Stress
20.4413      -0.0290216   -0.00138516   0.0669887    0.035783     0.0637021   
-0.0290216   20.4906      -0.0250936    0.035783     0.111143     0.057279    
-0.00138516  -0.0250936   20.4857       0.0637021    0.057279     0.116127    

Stress Spherical
0            0            0             0            0            0           
0            0            0             0            0            0           
0            0            0             0            0            0           

Inertia
149.821      -56.1933     -56.2129      0.166184     0.179926     0.166623    
-56.1933     149.879      -56.1501      0.179926     0.32011      0.109722    
-56.2129     -56.1501     149.876       0.166623     0.109722     0.293163    

Bond Length
0.6210144     0.0042271959

BB bond length
0.6210144     0.0042271959

Water EE distance
0             0           

PEG EE distance
7.8635009     0.27624466  

BBB P2(x)
0.50983652    0.0217612   

BBB first bond length
0.62111093    0.0039837547

BBB second bond length
0.62093418    0.0038356722

BBB <phi**2>/<phi>**2
1.2249761     0.016520414 

Time = 20000
Temperature
1.0079792     0.0091848629

Pressure
23.476736     0.077201753 

CM Mom
-5.2421276e-17 1.4940315e-17 
1.1048434e-16  1.9637341e-17 
1.0154359e-16  1.9128318e-17 
1.6132003e-16  1.4712554e-17 

CM Pos
7.498751       0.017201897   
7.5040124      0.0083785801  
7.5021925      0.010667209   
12.993258      0.0091978299  

Stress
20.4589      0.00393838   0.0206981     0.0855438    0.0848859    0.0437839   
0.00393838   20.4807      0.0129392     0.0848859    0.158639     0.0682523   
0.0206981    0.0129392    20.4394       0.0437839    0.0682523    0.0824833   

Stress Spherical
0            0            0             0            0            0           
0            0            0             0            0            0           
0            0            0             0            0            0           

Inertia
150.097      -56.3047     -56.2042      0.200095     0.0880412    0.15092     
-56.3047     150.027      -56.3084      0.0880412    0.269236     0.105421    
-56.2042     -56.3084     150.054       0.15092      0.105421     0.246284    

Bond Length
0.62038667    0.0053505589

BB bond length
0.62038667    0.0053505589

Water EE distance
0             0           

PEG EE distance
7.6306781     0.2902223   

BBB P2(x)
0.49686641    0.028265274 

BBB first bond length
0.62082362    0.0051705536

BBB second bond length
0.62034724    0.0052554369

BBB <phi**2>/<phi>**2
1.2159881     0.015001094 

Time = 21000
Temperature
1.0134778     0.0094545781

Pressure
23.531147     0.099499296 

CM Mom
-3.9206193e-17 1.4546773e-17 
1.0020733e-16  1.095534e-17  
1.2866201e-16  1.8009868e-17 
1.6900668e-16  1.5009081e-17 

CM Pos
7.5035026      0.018631818   
7.498073       0.0097865316  
7.5047168      0.011230056   
12.994029      0.01393456    

Stress
20.5081      0.018532     0.0374756     0.115949     0.0688807    0.070362    
0.018532     20.5029      0.00311859    0.0688807    0.146883     0.0810381   
0.0374756    0.00311859   20.4819       0.070362     0.0810381    0.120966    

Stress Spherical
0            0            0             0            0            0           
0            0            0             0            0            0           
0            0            0             0            0            0           

Inertia
150.049      -56.2744     -56.332       0.212244     0.182693     0.138663    
-56.2744     150.123      -56.2641      0.182693     0.246911     0.089694    
-56.332      -56.2641     150.018       0.138663     0.089694     0.393388    

Bond Length
0.61864284    0.0028073504

BB bond length
0.61864284    0.0028073504

Water EE distance
0             0           

PEG EE distance
6.9773489     0.25446954  

BBB P2(x)
0.50138854    0.023940375 

BBB first bond length
0.61841281    0.0032441499

BBB second bond length
0.61875173    0.003256378 

BBB <phi**2>/<phi>**2
1.2277786     0.015068864 

Time = 22000
Temperature
1.0081928     0.0054663918

Pressure
23.497637     0.050776874 

CM Mom
-1.8905773e-17 2.1605903e-17 
1.0263024e-16  1.7730082e-17 
1.3057952e-16  3.3248089e-17 
1.700086e-16   3.0415225e-17 

CM Pos
7.4991965      0.015476715   
7.5046064      0.0097096314  
7.5048653      0.019422101   
12.995406      0.013909061   

Stress
20.4967      0.0110425    0.00482875    0.115087     0.0734047    0.0882971   
0.0110425    20.5055      -0.00346076   0.0734047    0.0664923    0.073515    
0.00482875   -0.00346076  20.4375       0.0882971    0.073515     0.105911    

Stress Spherical
0            0            0             0            0            0           
0            0            0             0            0            0           
0            0            0             0            0            0           

Inertia
150.167      -56.3131     -56.3153      0.28178      0.134349     0.189372    
-56.3131     150.086      -56.3068      0.134349     0.351267     0.157965    
-56.3153     -56.3068     150.059       0.189372     0.157965     0.286137    

Bond Length
0.62140807    0.0059072551

BB bond length
0.62140807    0.0059072551

Water EE distance
0             0           

PEG EE distance
7.5782292     0.27117558  

BBB P2(x)
0.49395352    0.028437917 

BBB first bond length
0.62131442    0.006071675 

BBB second bond length
0.62139506    0.0062804679

BBB <phi**2>/<phi>**2
1.22099       0.018303093 

Time = 23000
Temperature
1.0115797     0.0068485217

Pressure
23.467158     0.083450929 

CM Mom
-8.1079691e-19 2.398356e-17  
8.0302208e-17  1.3966899e-17 
1.521914e-16   1.8015909e-17 
1.7460082e-16  1.4857202e-17 

CM Pos
7.5008298      0.011444944   
7.498073       0.0085865169  
7.5062016      0.017966126   
12.993343      0.013049809   

Stress
20.4415      -0.00264475  -0.0117822    0.123648     0.0664484    0.0532346   
-0.00264475  20.4059      0.0484809     0.0664484    0.102124     0.0650417   
-0.0117822   0.0484809    20.4705       0.0532346    0.0650417    0.077807    

Stress Spherical
0            0            0             0            0            0           
0            0            0             0            0            0           
0            0            0             0            0            0           

Inertia
150.077      -56.2429     -56.3101      0.302243     0.108617     0.179555    
-56.2429     150.111      -56.2833      0.108617     0.351022     0.142179    
-56.3101     -56.2833     149.98        0.179555     0.142179     0.224151    

Bond Length
0.62027885    0.0043107428

BB bond length
0.62027885    0.0043107428

Water EE distance
0             0           

PEG EE distance
6.9389827     0.28037853  

BBB P2(x)
0.50168055    0.023327304 

BBB first bond length
0.620867      0.0044867799

BBB second bond length
0.62000875    0.0042731463

BBB <phi**2>/<phi>**2
1.2227208     0.01521777  

Time = 24000
Temperature
1.0056046     0.0053775177

Pressure
23.480892     0.067828717 

CM Mom
2.0219093e-17  2.4981992e-17 
9.3027062e-17  2.4158457e-17 
1.6052721e-16  3.0576661e-17 
1.8902069e-16  3.5294082e-17 

CM Pos
7.4948904      0.011617029   
7.4977761      0.012437374   
7.5053107      0.012084928   
12.989229      0.0095510976  

Stress
20.483       0.00019064   -0.00172013   0.0953354    0.0713353    0.0833767   
0.00019064   20.4672      0.0581799     0.0713353    0.0891262    0.0499703   
-0.00172013  0.0581799    20.4626       0.0833767    0.0499703    0.0964644   

Stress Spherical
0            0            0             0            0            0           
0            0            0             0            0            0           
0            0            0             0            0            0           

Inertia
150.046      -56.189      -56.2405      0.139731     0.143227     0.199864    
-56.189      150          -56.2922      0.143227     0.371672     0.108508    
-56.2405     -56.2922     149.891       0.199864     0.108508     0.192002    

Bond Length
0.61880363    0.0039663309

BB bond length
0.61880363    0.0039663309

Water EE distance
0             0           

PEG EE distance
6.9455715     0.15100108  

BBB P2(x)
0.52259885    0.016613536 

BBB first bond length
0.6187465     0.0041953501

BBB second bond length
0.61854798    0.0040794689

BBB <phi**2>/<phi>**2
1.2271945     0.014848056 

Time = 25000
Temperature
1.0092635     0.0075915462

Pressure
23.46548      0.089318552 

CM Mom
3.6010263e-17  1.6408793e-17 
1.168751e-16   1.5357503e-17 
1.7792033e-16  1.8537021e-17 
2.1724891e-16  1.6242035e-17 

CM Pos
7.5012753      0.010393981   
7.4924306      0.011600886   
7.4989258      0.0078697288  
12.986132      0.01476848    

Stress
20.439       -0.014719    0.0249506     0.0779092    0.0220844    0.0708841   
-0.014719    20.4405      -0.0394936    0.0220844    0.118779     0.0943655   
0.0249506    -0.0394936   20.4543       0.0708841    0.0943655    0.119079    

Stress Spherical
0            0            0             0            0            0           
0            0            0             0            0            0           
0            0            0             0            0            0           

Inertia
149.847      -56.1545     -56.2324      0.245782     0.173333     0.150392    
-56.1545     150.003      -56.1958      0.173333     0.233839     0.128526    
-56.2324     -56.1958     149.892       0.150392     0.128526     0.304858    

Bond Length
0.6196662     0.0024486275

BB bond length
0.6196662     0.0024486275

Water EE distance
0             0           

PEG EE distance
6.6091275     0.089120604 

BBB P2(x)
0.50182882    0.016602275 

BBB first bond length
0.61950418    0.002405722 

BBB second bond length
0.6202015     0.0024918222

BBB <phi**2>/<phi>**2
1.2175326     0.015009636 

Time = 26000
Temperature
1.0152919     0.0098881419

Pressure
23.473663     0.078170586 

CM Mom
3.8032447e-17  2.3311305e-17 
1.2620393e-16  2.0508392e-17 
1.5689538e-16  1.8903641e-17 
2.0751137e-16  1.5825691e-17 

CM Pos
7.4980086      0.011967596   
7.4991124      0.0092120832  
7.4961046      0.016303675   
12.986481      0.014548977   

Stress
20.4563      0.0401274    -0.00441225   0.0584953    0.0824806    0.0469045   
0.0401274    20.3923      0.00323013    0.0824806    0.121135     0.0828977   
-0.00441225  0.00323013   20.4555       0.0469045    0.0828977    0.100244    

Stress Spherical
0            0            0             0            0            0           
0            0            0             0            0            0           
0            0            0             0            0            0           

Inertia
149.926      -56.2423     -56.2165      0.353536     0.120675     0.178163    
-56.2423     149.892      -56.2189      0.120675     0.330206     0.16359     
-56.2165     -56.2189     149.935       0.178163     0.16359      0.198619    

Bond Length
0.62103604    0.0024476953

BB bond length
0.62103604    0.0024476953

Water EE distance
0             0           

PEG EE distance
6.4552406     0.18278093  

BBB P2(x)
0.51639599    0.023333315 

BBB first bond length
0.62103142    0.0028538369

BBB second bond length
0.62128382    0.0027201106

BBB <phi**2>/<phi>**2
1.2382092     0.017412133 

Time = 27000
Temperature
1.0088873     0.004692653 

Pressure
23.475725     0.054359518 

CM Mom
3.9442687e-17  1.3869143e-17 
1.2170224e-16  1.5432829e-17 
1.8768685e-16  3.0574864e-17 
2.2819923e-16  2.973163e-17  

CM Pos
7.499048       0.013433625   
7.4925791      0.010851635   
7.4968471      0.019575879   
12.98374       0.018921522   

Stress
20.5178      -0.00438603  -0.0421115    0.105441     0.0696568    0.0603033   
-0.00438603  20.4282      -0.0137013    0.0696568    0.0849643    0.0733016   
-0.0421115   -0.0137013   20.4219       0.0603033    0.0733016    0.0903428   

Stress Spherical
0            0            0             0            0            0           
0            0            0             0            0            0           
0            0            0             0            0            0           

Inertia
149.813      -56.2106     -56.1876      0.380999     0.192747     0.207007    
-56.2106     149.91       -56.1873      0.192747     0.454926     0.190472    
-56.1876     -56.1873     149.855       0.207007     0.190472     0.367916    

Bond Length
0.61788182    0.0036831994

BB bond length
0.61788182    0.0036831994

Water EE distance
0             0           

PEG EE distance
6.4314099     0.34794894  

BBB P2(x)
0.5089367     0.02082393  

BBB first bond length
0.61854884    0.0036116996

BBB second bond length
0.61738572    0.0036293812

BBB <phi**2>/<phi>**2
1.2254008     0.012946142 

Time = 28000
Temperature
1.0124096     0.0048973114

Pressure
23.514944     0.083744238 

CM Mom
2.2566036e-17  9.7922363e-18 
1.1990755e-16  1.7502514e-17 
2.2473258e-16  2.0121334e-17 
2.5648537e-16  2.0350204e-17 

CM Pos
7.4986026      0.0099562787  
7.5004488      0.010971859   
7.4998168      0.0064055597  
12.989737      0.004943944   

Stress
20.4183      -0.0151854   -0.0250752    0.0763222    0.070655     0.0711438   
-0.0151854   20.5252      -0.009355     0.070655     0.116807     0.0393152   
-0.0250752   -0.009355    20.5104       0.0711438    0.0393152    0.13641     

Stress Spherical
0            0            0             0            0            0           
