Time = 1000
Temperature
   1.0922581    0.12482269

Pressure
   23.710507    0.62808747

CM Mom
8.3307907e-19  1.5365945e-17 
2.4928405e-17  1.5656797e-17 
-3.873701e-17  1.9682942e-16 
1.5415959e-16  1.3259172e-16 

CM Pos
7.5055142      0.019116449   
7.5002359      0.025670657   
7.5093933      0.014406979   
12.999171      0.0079951401  

Stress
20.4132      0.00236848   -0.0171037    0.302072     0.0575904    0.0825136   
0.00236848   20.3938      0.014698      0.0575904    0.294369     0.0535077   
-0.0171037   0.014698     20.5088       0.0825136    0.0535077    0.276756    

Stress Spherical
0            0            0             0            0            0           
0            0            0             0            0            0           
0            0            0             0            0            0           

Inertia
150.251      -56.2928     -56.3709      1.01754      0.149435     0.196069    
-56.2928     150.318      -56.3271      0.149435     1.45591      0.150816    
-56.3709     -56.3271     150.172       0.196069     0.150816     1.02783     

Bond Length
0.61917614    0.0064465748

BB bond length
0.61917614    0.0064465748

Water EE distance
0             0           

PEG EE distance
6.7682208     0.24753961  

BBB P2(x)
0.46784074    0.066993395 

BBB first bond length
0.61910592    0.0063735356

BBB second bond length
0.61908232    0.0062814032

BBB <phi**2>/<phi>**2
1.2185482     0.018133592 

Time = 2000
Temperature
1.0150861     0.0069316266

Pressure
23.289219     0.055643109 

CM Mom
-1.1544096e-17 2.4814269e-17 
9.2392299e-18  1.5984368e-17 
2.468901e-17   3.0952637e-17 
4.678626e-17   2.16457e-17   

CM Pos
7.503437       0.012649619   
7.4972685      0.011138471   
7.4993043      0.0087888446  
12.990398      0.0090810385  

Stress
20.254       0.0307161    0.00262676    0.0910949    0.065818     0.0794781   
0.0307161    20.2221      -0.0370414    0.065818     0.0812022    0.0786537   
0.00262676   -0.0370414   20.2693       0.0794781    0.0786537    0.0694351   

Stress Spherical
0            0            0             0            0            0           
0            0            0             0            0            0           
0            0            0             0            0            0           

Inertia
149.813      -56.2528     -56.2765      0.30761      0.111277     0.102314    
-56.2528     149.904      -56.2206      0.111277     0.411589     0.156449    
-56.2765     -56.2206     149.885       0.102314     0.156449     0.425233    

Bond Length
0.61802367    0.0021151539

BB bond length
0.61802367    0.0021151539

Water EE distance
0             0           

PEG EE distance
7.0358507     0.12769269  

BBB P2(x)
0.51865719    0.0099906359

BBB first bond length
0.61793599    0.0021607074

BBB second bond length
0.61828592    0.0020737829

BBB <phi**2>/<phi>**2
1.2309431     0.0097376778

Time = 3000
Temperature
1.0107381     0.0082324579

Pressure
23.295234     0.084939578 

CM Mom
-2.9871767e-17 2.9276873e-17 
1.5382793e-17  1.4640283e-17 
1.4701258e-17  3.2166914e-17 
5.4320347e-17  2.2373269e-17 

CM Pos
7.496167       0.012108134   
7.4934109      0.011836006   
7.4964853      0.017727332   
12.982349      0.015200432   

Stress
20.2544      -0.0567414   0.0307514     0.128301     0.0805517    0.0612399   
-0.0567414   20.2865      0.00738907    0.0805517    0.0888319    0.0620101   
0.0307514    0.00738907   20.2615       0.0612399    0.0620101    0.155562    

Stress Spherical
0            0            0             0            0            0           
0            0            0             0            0            0           
0            0            0             0            0            0           

Inertia
149.792      -56.1945     -56.2236      0.393198     0.132503     0.158314    
-56.1945     149.816      -56.1531      0.132503     0.392687     0.199247    
-56.2236     -56.1531     149.77        0.158314     0.199247     0.275581    

Bond Length
0.61946679    0.0029381724

BB bond length
0.61946679    0.0029381724

Water EE distance
0             0           

PEG EE distance
7.0956655     0.14520418  

BBB P2(x)
0.51401262    0.0073322896

BBB first bond length
0.61931983    0.0031257895

BBB second bond length
0.6193318     0.00290229  

BBB <phi**2>/<phi>**2
1.227115      0.008863169 

Time = 4000
Temperature
1.0091286     0.0053826512

Pressure
23.255295     0.080885082 

CM Mom
-4.2480307e-17 2.4168976e-17 
7.8306893e-18  1.7559092e-17 
6.7563276e-19  1.828725e-17  
5.0748125e-17  2.2756648e-17 

CM Pos
7.4931996      0.015855252   
7.4981587      0.012409806   
7.4970788      0.012886677   
12.983724      0.0099773554  

Stress
20.2086      -0.0232373   0.0201624     0.0846434    0.0516462    0.067528    
-0.0232373   20.2423      -0.0625998    0.0516462    0.112665     0.105507    
0.0201624    -0.0625998   20.2464       0.067528     0.105507     0.131218    

Stress Spherical
0            0            0             0            0            0           
0            0            0             0            0            0           
0            0            0             0            0            0           

Inertia
149.891      -56.1681     -56.2089      0.285325     0.113192     0.114809    
-56.1681     149.805      -56.1818      0.113192     0.244924     0.161937    
-56.2089     -56.1818     149.84        0.114809     0.161937     0.189635    

Bond Length
0.62045583    0.002720023 

BB bond length
0.62045583    0.002720023 

Water EE distance
0             0           

PEG EE distance
6.9884573     0.14292178  

BBB P2(x)
0.51487076    0.011687482 

BBB first bond length
0.62074616    0.0028649634

BBB second bond length
0.62045089    0.0027958386

BBB <phi**2>/<phi>**2
1.2236677     0.0079127896

Time = 5000
Temperature
1.0075293     0.0059624187

Pressure
23.27067      0.068490041 

CM Mom
-1.9360681e-17 1.85791e-17   
2.0049423e-17  1.3879658e-17 
-5.168944e-18  1.2712061e-17 
3.5309275e-17  1.6006647e-17 

CM Pos
7.5009148      0.012480558   
7.5039451      0.013982056   
7.5030135      0.0098012727  
12.99494       0.010719123   

Stress
20.2607      0.014162     -0.0438647    0.127995     0.0730344    0.0592551   
0.014162     20.1925      -0.0174427    0.0730344    0.0857902    0.0429363   
-0.0438647   -0.0174427   20.3045       0.0592551    0.0429363    0.0848626   

Stress Spherical
0            0            0             0            0            0           
0            0            0             0            0            0           
0            0            0             0            0            0           

Inertia
150.076      -56.284      -56.2703      0.205645     0.196417     0.12807     
-56.284      150.013      -56.2964      0.196417     0.203962     0.0720038   
-56.2703     -56.2964     150.02        0.12807      0.0720038    0.32754     

Bond Length
0.6188749     0.0012396299

BB bond length
0.6188749     0.0012396299

Water EE distance
0             0           

PEG EE distance
7.0910028     0.16933722  

BBB P2(x)
0.52066575    0.010212669 

BBB first bond length
0.61881894    0.0011485489

BBB second bond length
0.61885407    0.0011495987

BBB <phi**2>/<phi>**2
1.2283702     0.0081610036

Time = 6000
Temperature
1.0049018     0.0068706234

Pressure
23.254327     0.083492321 

CM Mom
-8.5748531e-18 1.2622802e-17 
1.0035658e-17  1.7671676e-17 
-3.1396745e-17 2.6568949e-17 
4.629367e-17   1.3943692e-17 

CM Pos
7.4955735      0.015292699   
7.5052804      0.014720613   
7.5019749      0.011709794   
12.992024      0.019696233   

Stress
20.2262      -0.0126025   -0.0396873    0.0719238    0.045515     0.0594529   
-0.0126025   20.2731      0.0109247     0.045515     0.123741     0.0790677   
-0.0396873   0.0109247    20.233        0.0594529    0.0790677    0.0722855   

Stress Spherical
0            0            0             0            0            0           
0            0            0             0            0            0           
0            0            0             0            0            0           

Inertia
150.098      -56.2092     -56.2372      0.353979     0.223668     0.22837     
-56.2092     149.94       -56.331       0.223668     0.338674     0.172508    
-56.2372     -56.331      149.999       0.22837      0.172508     0.412787    

Bond Length
0.61856137    0.0017802393

BB bond length
0.61856137    0.0017802393

Water EE distance
0             0           

PEG EE distance
6.911066      0.19686123  

BBB P2(x)
0.5192372     0.01074681  

BBB first bond length
0.61863       0.0017291144

BBB second bond length
0.61877274    0.0016547894

BBB <phi**2>/<phi>**2
1.2263661     0.0074401945

Time = 7000
Temperature
1.0047483     0.0091002031

Pressure
23.22591      0.05842084  

CM Mom
-4.2508446e-17 1.4201911e-17 
-2.5517285e-17 1.1670082e-17 
-3.6094946e-17 2.4307413e-17 
6.6559583e-17  1.6109073e-17 

CM Pos
7.4979474      0.01993659    
7.4991973      0.017558267   
7.4994527      0.016182312   
12.988441      0.018201923   

Stress
20.261       -0.0589817   -0.029917     0.126699     0.0727645    0.0465895   
-0.0589817   20.2138      -0.0179352    0.0727645    0.0633666    0.0477657   
-0.029917    -0.0179352   20.1736       0.0465895    0.0477657    0.110312    

Stress Spherical
0            0            0             0            0            0           
0            0            0             0            0            0           
0            0            0             0            0            0           

Inertia
149.986      -56.2015     -56.2271      0.438473     0.229107     0.152192    
-56.2015     149.938      -56.2574      0.229107     0.248289     0.223506    
-56.2271     -56.2574     149.939       0.152192     0.223506     0.491196    

Bond Length
0.6198        0.0013327627

BB bond length
0.6198        0.0013327627

Water EE distance
0             0           

PEG EE distance
6.7413601     0.092085279 

BBB P2(x)
0.51323082    0.015112319 

BBB first bond length
0.61966772    0.0013452972

BBB second bond length
0.6199596     0.0014461969

BBB <phi**2>/<phi>**2
1.2243991     0.010310662 

Time = 8000
Temperature
1.0126188     0.0084480817

Pressure
23.247681     0.11966902  

CM Mom
-4.1172967e-17 2.1934688e-17 
-3.2304772e-17 1.0215543e-17 
-2.7947064e-17 1.3868682e-17 
6.3967439e-17  1.4347292e-17 

CM Pos
7.4908258      0.011225092   
7.5014228      0.019127386   
7.4901055      0.019167049   
12.980215      0.019244869   

Stress
20.2355      0.0139769    -0.0096552    0.129396     0.0660537    0.0971809   
0.0139769    20.169       -0.0225051    0.0660537    0.170354     0.0876858   
-0.0096552   -0.0225051   20.2385       0.0971809    0.0876858    0.120054    

Stress Spherical
0            0            0             0            0            0           
0            0            0             0            0            0           
0            0            0             0            0            0           

Inertia
149.861      -56.1713     -56.1054      0.464492     0.174962     0.180309    
-56.1713     149.693      -56.2005      0.174962     0.283505     0.25547     
-56.1054     -56.2005     149.885       0.180309     0.25547      0.34335     

Bond Length
0.61906318    0.0018011922

BB bond length
0.61906318    0.0018011922

Water EE distance
0             0           

PEG EE distance
6.5717046     0.17029565  

BBB P2(x)
0.52319104    0.01314974  

BBB first bond length
0.61924168    0.0016485198

BBB second bond length
0.61864386    0.0018160461

BBB <phi**2>/<phi>**2
1.2248257     0.006097712 

Time = 9000
Temperature
1.0110118     0.0084203741

Pressure
23.26184      0.069773498 

CM Mom
-6.2201041e-17 1.4267744e-17 
-2.2382909e-17 1.0332895e-17 
-2.5341445e-17 2.4060226e-17 
7.5928905e-17  1.166988e-17  

CM Pos
7.5069979      0.015504983   
7.497862       0.0098684209  
7.5024201      0.016031979   
12.994599      0.015688661   

Stress
20.2478      -0.0220443   0.052802      0.077398     0.0406096    0.0628669   
-0.0220443   20.2469      0.0115374     0.0406096    0.147097     0.0726009   
0.052802     0.0115374    20.2052       0.0628669    0.0726009    0.108335    

Stress Spherical
0            0            0             0            0            0           
0            0            0             0            0            0           
0            0            0             0            0            0           

Inertia
149.995      -56.2672     -56.3182      0.258023     0.164502     0.162952    
-56.2672     150.127      -56.2751      0.164502     0.388248     0.136262    
-56.3182     -56.2751     150.072       0.162952     0.136262     0.281684    

Bond Length
0.61918358    0.0028129385

BB bond length
0.61918358    0.0028129385

Water EE distance
0             0           

PEG EE distance
6.466902      0.23021664  

BBB P2(x)
0.5170335     0.0095434254

BBB first bond length
0.61924598    0.002599441 

BBB second bond length
0.61929952    0.0030795031

BBB <phi**2>/<phi>**2
1.2234261     0.0063584824

Time = 10000
Temperature
1.0112728     0.0076641063

Pressure
23.246584     0.085727063 

CM Mom
-5.9734062e-17 2.2187239e-17 
-2.4847966e-17 1.5150571e-17 
-2.9168337e-17 1.3333015e-17 
7.3795262e-17  2.2140763e-17 

CM Pos
7.4948317      0.019040297   
7.5003842      0.010944085   
7.4998978      0.012955674   
12.987579      0.012982829   

Stress
20.1898      0.0337997    0.0105349     0.134985     0.0609523    0.0606859   
0.0337997    20.1865      -0.00293214   0.0609523    0.154549     0.053331    
0.0105349    -0.00293214  20.2754       0.0606859    0.053331     0.102817    

Stress Spherical
0            0            0             0            0            0           
0            0            0             0            0            0           
0            0            0             0            0            0           

Inertia
150.01       -56.2219     -56.2163      0.294575     0.136283     0.166328    
-56.2219     149.91       -56.2639      0.136283     0.327559     0.1599      
-56.2163     -56.2639     149.928       0.166328     0.1599       0.322174    

Bond Length
0.61845682    0.0021863449

BB bond length
0.61845682    0.0021863449

Water EE distance
0             0           

PEG EE distance
6.846199      0.1135483   

BBB P2(x)
0.52436681    0.012212678 

BBB first bond length
0.61843641    0.002098572 

BBB second bond length
0.61852129    0.0023657212

BBB <phi**2>/<phi>**2
1.2301918     0.0094384259

Time = 11000
Temperature
1.0119887     0.0076527785

Pressure
23.330288     0.0917657   

CM Mom
-4.0865898e-17 8.9300622e-18 
-4.2569256e-17 2.1766051e-17 
-1.2574292e-17 1.7097281e-17 
6.5032907e-17  1.6025638e-17 

CM Pos
7.504624       0.01175857    
7.5008293      0.016309681   
7.492331       0.018161595   
12.989117      0.020395601   

Stress
20.2939      0.00831425   0.0507408     0.130625     0.0443361    0.0756532   
0.00831425   20.2688      0.0306987     0.0443361    0.082516     0.0751173   
0.0507408    0.0306987    20.3337       0.0756532    0.0751173    0.14035     

Stress Spherical
0            0            0             0            0            0           
0            0            0             0            0            0           
0            0            0             0            0            0           

Inertia
149.905      -56.2925     -56.2353      0.422366     0.206418     0.209056    
-56.2925     149.963      -56.225       0.206418     0.458802     0.23463     
-56.2353     -56.225      150.102       0.209056     0.23463      0.464756    

Bond Length
0.61757418    0.0017475389

BB bond length
0.61757418    0.0017475389

Water EE distance
0             0           

PEG EE distance
6.6264215     0.2171306   

BBB P2(x)
0.50526669    0.013528327 

BBB first bond length
0.61750104    0.0017360382

BBB second bond length
0.6174389     0.0020033076

BBB <phi**2>/<phi>**2
1.224852      0.0098996651

Time = 12000
Temperature
1.0122227     0.013401328 

Pressure
23.304037     0.056355103 

CM Mom
-7.213567e-17  2.5765493e-17 
-4.9239654e-17 1.5187065e-17 
-3.323737e-17  1.0729122e-17 
9.6705183e-17  1.9762347e-17 

CM Pos
7.4998762      0.014464924   
7.4996424      0.012409806   
7.5040521      0.0081548404  
12.99245       0.015824211   

Stress
20.2603      -0.0511338   -0.0434585    0.109176     0.109094     0.046882    
-0.0511338   20.3024      -0.00427993   0.109094     0.0712931    0.0484647   
-0.0434585   -0.00427993  20.2529       0.046882     0.0484647    0.12314     

Stress Spherical
0            0            0             0            0            0           
0            0            0             0            0            0           
0            0            0             0            0            0           

Inertia
150.05       -56.2169     -56.2881      0.26587      0.212504     0.123003    
-56.2169     150.065      -56.2701      0.212504     0.363836     0.142965    
-56.2881     -56.2701     150.01        0.123003     0.142965     0.3717      

Bond Length
0.61731158    0.0030454956

BB bond length
0.61731158    0.0030454956

Water EE distance
0             0           

PEG EE distance
6.7601955     0.21954762  

BBB P2(x)
0.50020949    0.0098363556

BBB first bond length
0.61728305    0.0029912224

BBB second bond length
0.61713265    0.0030435742

BBB <phi**2>/<phi>**2
1.225157      0.012112899 

Time = 13000
Temperature
1.0106656     0.0064690359

Pressure
23.258625     0.084060883 

CM Mom
-5.6900577e-17 1.7464795e-17 
-5.0438278e-17 1.8304238e-17 
-4.3464655e-17 1.1278829e-17 
9.0643136e-17  1.4898649e-17 

CM Pos
7.503437       0.011896297   
7.4963783      0.012852468   
7.492331       0.011244686   
12.985862      0.009484806   

Stress
20.2449      -0.00817029  0.0308605     0.120535     0.0865977    0.0511733   
-0.00817029  20.2299      -0.00105992   0.0865977    0.113317     0.0732968   
0.0308605    -0.00105992  20.2186       0.0511733    0.0732968    0.112043    

Stress Spherical
0            0            0             0            0            0           
0            0            0             0            0            0           
0            0            0             0            0            0           

Inertia
149.845      -56.2752     -56.1991      0.242714     0.153108     0.124069    
-56.2752     149.938      -56.1352      0.153108     0.225369     0.0882835   
-56.1991     -56.1352     150           0.124069     0.0882835    0.206404    

Bond Length
0.61879696    0.0019567572

BB bond length
0.61879696    0.0019567572

Water EE distance
0             0           

PEG EE distance
6.6830943     0.11331788  

BBB P2(x)
0.50701181    0.014191063 

BBB first bond length
0.61867406    0.0020551955

BBB second bond length
0.61855399    0.0020305833

BBB <phi**2>/<phi>**2
1.225566      0.0087649473

Time = 14000
Temperature
1.0102792     0.0071162967

Pressure
23.221097     0.074535109 

CM Mom
-6.5883116e-17 1.9153451e-17 
-7.7178894e-17 1.4981534e-17 
-3.6054108e-17 1.3491422e-17 
1.0992628e-16  1.6929179e-17 

CM Pos
7.493348       0.007607385   
7.5043902      0.011201535   
7.500788       0.0096256389  
12.98954       0.008692454   

Stress
20.2048      -0.0101056   -0.00993756   0.127148     0.0994264    0.0688084   
-0.0101056   20.2156      -0.0331996    0.0994264    0.106871     0.0942529   
-0.00993756  -0.0331996   20.1638       0.0688084    0.0942529    0.102864    

Stress Spherical
0            0            0             0            0            0           
0            0            0             0            0            0           
0            0            0             0            0            0           

Inertia
150.067      -56.2167     -56.2619      0.208852     0.130401     0.0883088   
-56.2167     149.909      -56.327       0.130401     0.163093     0.143812    
-56.2619     -56.327      149.97        0.0883088    0.143812     0.192262    

Bond Length
0.61922381    0.0023278618

BB bond length
0.61922381    0.0023278618

Water EE distance
0             0           

PEG EE distance
7.1788779     0.24355076  

BBB P2(x)
0.5185381     0.0078722691

BBB first bond length
0.61943441    0.0024131669

BBB second bond length
0.61939387    0.0023765399

BBB <phi**2>/<phi>**2
1.2303567     0.0073697305

Time = 15000
Temperature
1.0158598     0.0064154891

Pressure
23.296916     0.091458578 

CM Mom
-3.5233658e-17 1.144013e-17  
-1.0895258e-16 2.2120792e-17 
-4.7758808e-17 2.0658696e-17 
1.263771e-16   2.1651652e-17 

CM Pos
7.501805       0.017814043   
7.4975652      0.016696504   
7.497969       0.011353784   
12.988863      0.016177384   

Stress
20.2319      -0.026019    0.0470765     0.126148     0.0744263    0.0666605   
-0.026019    20.2354      0.033765      0.0744263    0.0909962    0.083739    
0.0470765    0.033765     20.2942       0.0666605    0.083739     0.108194    

Stress Spherical
0            0            0             0            0            0           
0            0            0             0            0            0           
0            0            0             0            0            0           

Inertia
149.923      -56.2735     -56.2547      0.210033     0.228077     0.138093    
-56.2735     150.007      -56.1691      0.228077     0.319224     0.111969    
-56.2547     -56.1691     149.987       0.138093     0.111969     0.416941    

Bond Length
0.61889777    0.001389094 

BB bond length
0.61889777    0.001389094 

Water EE distance
0             0           

PEG EE distance
7.7062969     0.085261002 

BBB P2(x)
0.50966526    0.01184567  

BBB first bond length
0.61887728    0.0015481043

BBB second bond length
0.61891777    0.0015884016

BBB <phi**2>/<phi>**2
1.2282251     0.0075665775

Time = 16000
Temperature
1.0098064     0.0047371289

Pressure
23.253762     0.090601923 

CM Mom
-1.5777027e-17 2.0589834e-17 
-1.0225267e-16 2.6218044e-17 
-9.0207543e-17 1.351386e-17  
1.4013077e-16  2.2343719e-17 

CM Pos
7.5028436      0.0080242239  
7.4962299      0.010927982   
7.4939631      0.0083995133  
12.98637       0.0082264017  

Stress
20.2118      0.0497526    -0.0233967    0.136377     0.0638166    0.0847442   
0.0497526    20.2808      -0.0292772    0.0638166    0.12059      0.0933215   
-0.0233967   -0.0292772   20.1939       0.0847442    0.0933215    0.0933177   

Stress Spherical
0            0            0             0            0            0           
0            0            0             0            0            0           
0            0            0             0            0            0           

Inertia
149.87       -56.2649     -56.1944      0.240666     0.103551     0.138248    
-56.2649     149.96       -56.1874      0.103551     0.171274     0.118683    
-56.1944     -56.1874     149.984       0.138248     0.118683     0.182155    

Bond Length
0.61896804    0.0020068542

BB bond length
0.61896804    0.0020068542

Water EE distance
0             0           

PEG EE distance
7.3484745     0.18711804  

BBB P2(x)
0.51455219    0.012988387 

BBB first bond length
0.61897677    0.0023321024

BBB second bond length
0.61888047    0.0020912022

BBB <phi**2>/<phi>**2
1.2234993     0.012264507 

Time = 17000
Temperature
1.0066101     0.0090575625

Pressure
23.263507     0.083249838 

CM Mom
2.9800868e-18  2.0691043e-17 
-1.1334927e-16 1.3486064e-17 
-1.0846637e-16 3.6886777e-17 
1.6042616e-16  2.9256877e-17 

CM Pos
7.5029919      0.009574045   
7.5024614      0.013566544   
7.4930729      0.0088138556  
12.989539      0.013366368   

Stress
20.2193      -0.00532913  -0.00971179   0.15006      0.0833056    0.0502478   
-0.00532913  20.248       -0.0221382    0.0833056    0.11015      0.0794382   
-0.00971179  -0.0221382   20.2772       0.0502478    0.0794382    0.155359    

Stress Spherical
0            0            0             0            0            0           
0            0            0             0            0            0           
0            0            0             0            0            0           

Inertia
149.938      -56.3184     -56.2209      0.297735     0.175827     0.0933649   
-56.3184     149.955      -56.2366      0.175827     0.180751     0.135793    
-56.2209     -56.2366     150.108       0.0933649    0.135793     0.357214    

Bond Length
0.6192729     0.0020021667

BB bond length
0.6192729     0.0020021667

Water EE distance
0             0           

PEG EE distance
6.9369028     0.17218234  

BBB P2(x)
0.5129065     0.0093008037

BBB first bond length
0.61937179    0.0020288766

BBB second bond length
0.61900795    0.0021781355

BBB <phi**2>/<phi>**2
1.227477      0.011944017 

Time = 18000
Temperature
1.0093884     0.00524643  

Pressure
23.288386     0.10694596  

CM Mom
-7.1519337e-18 1.9015766e-17 
-9.805213e-17  1.4280202e-17 
-7.8444504e-17 1.370722e-17  
1.2797287e-16  1.397377e-17  

CM Pos
7.4998762      0.011818325   
7.4986038      0.0093236008  
7.5001945      0.015561669   
12.989626      0.014566359   

Stress
20.232       -0.0136778   -0.0193091    0.101897     0.0704538    0.0580253   
-0.0136778   20.2496      0.0113377     0.0704538    0.155112     0.0781734   
-0.0193091   0.0113377    20.3126       0.0580253    0.0781734    0.128599    

Stress Spherical
0            0            0             0            0            0           
0            0            0             0            0            0           
0            0            0             0            0            0           

Inertia
150.003      -56.2483     -56.2635      0.305782     0.133127     0.180245    
-56.2483     150.011      -56.2131      0.133127     0.371528     0.153533    
-56.2635     -56.2131     150.01        0.180245     0.153533     0.204534    

Bond Length
0.61860362    0.0018520391

BB bond length
0.61860362    0.0018520391

Water EE distance
0             0           

PEG EE distance
6.6827037     0.18609416  

BBB P2(x)
0.51581338    0.0083383578

BBB first bond length
0.61878757    0.0021880037

BBB second bond length
0.61856463    0.0018050736

BBB <phi**2>/<phi>**2
1.2290366     0.0060941687

Time = 19000
Temperature
1.008128      0.0080632585

Pressure
23.277994     0.079719658 

CM Mom
-9.5423175e-18 1.307686e-17  
-1.3305655e-16 1.5917641e-17 
-5.4814928e-17 1.914792e-17  
1.4580314e-16  1.8227494e-17 

CM Pos
7.4992827      0.0088387959  
7.4919273      0.0091988131  
7.5030135      0.0089563135  
12.987055      0.0080347662  

Stress
20.2665      0.000805483  -0.0538187    0.11824      0.078913     0.125976    
0.000805483  20.2258      -0.0291349    0.078913     0.100277     0.0533771   
-0.0538187   -0.0291349   20.2819       0.125976     0.0533771    0.101768    

Stress Spherical
0            0            0             0            0            0           
0            0            0             0            0            0           
0            0            0             0            0            0           

Inertia
149.92       -56.209      -56.2939      0.247868     0.11025      0.0622087   
-56.209      150.028      -56.2281      0.11025      0.116119     0.123727    
-56.2939     -56.2281     149.869       0.0622087    0.123727     0.162005    

Bond Length
0.61800037    0.0023706006

BB bond length
0.61800037    0.0023706006

Water EE distance
0             0           

PEG EE distance
6.811056      0.10167822  

BBB P2(x)
0.51445232    0.010399562 

BBB first bond length
0.61793261    0.0024447651

BBB second bond length
0.61779824    0.0023782934

BBB <phi**2>/<phi>**2
1.2251669     0.011382046 

Time = 20000
Temperature
1.0142035     0.0085867696

Pressure
23.291192     0.08971121  

CM Mom
-7.7413622e-18 2.3719215e-17 
-1.2308623e-16 2.1557716e-17 
-6.1908111e-17 2.6006018e-17 
1.4163278e-16  2.6202451e-17 

CM Pos
7.4966121      0.015660376   
7.4991973      0.0084517658  
7.493518       0.0066946672  
12.984231      0.0085601284  

Stress
20.2493      0.0266162    0.01059       0.118493     0.0636029    0.0621249   
0.0266162    20.2461      -0.0382604    0.0636029    0.0859833    0.061091    
0.01059      -0.0382604   20.2639       0.0621249    0.061091     0.0951997   

Stress Spherical
0            0            0             0            0            0           
0            0            0             0            0            0           
0            0            0             0            0            0           

Inertia
149.902      -56.2266     -56.2074      0.106975     0.128349     0.159466    
-56.2266     149.839      -56.1814      0.128349     0.243345     0.0849227   
-56.2074     -56.1814     149.945       0.159466     0.0849227    0.253338    

Bond Length
0.61972322    0.0021245152

BB bond length
0.61972322    0.0021245152

Water EE distance
0             0           

PEG EE distance
6.7422824     0.17204522  

BBB P2(x)
0.50926007    0.010383838 

BBB first bond length
0.61969934    0.0020002867

BBB second bond length
0.61999145    0.0020659163

BBB <phi**2>/<phi>**2
1.224569      0.0062415648

Time = 21000
Temperature
1.0162181     0.0096926467

Pressure
23.332236     0.078213823 

CM Mom
4.2875638e-19  1.4717991e-17 
-1.1702091e-16 3.1652727e-17 
-4.7513098e-17 1.2347673e-17 
1.2773818e-16  3.1709777e-17 

CM Pos
7.5031403      0.012253612   
7.5002359      0.0099925568  
7.496337       0.017560775   
12.990229      0.01502335    

Stress
20.2836      0.00214854   -0.0273128    0.107096     0.0422064    0.0727606   
0.00214854   20.2913      -0.0208838    0.0422064    0.124056     0.0795354   
-0.0273128   -0.0208838   20.2893       0.0727606    0.0795354    0.117373    

Stress Spherical
0            0            0             0            0            0           
0            0            0             0            0            0           
0            0            0             0            0            0           

Inertia
149.954      -56.2907     -56.2568      0.325968     0.112988     0.177185    
-56.2907     149.979      -56.1937      0.112988     0.360841     0.142055    
-56.2568     -56.1937     150.06        0.177185     0.142055     0.150127    

Bond Length
0.61852277    0.0016291127

BB bond length
0.61852277    0.0016291127

Water EE distance
0             0           

PEG EE distance
7.0544149     0.10849422  

BBB P2(x)
0.51389704    0.0096510405

BBB first bond length
0.61886066    0.0017399577

BBB second bond length
0.61855068    0.0016066882

BBB <phi**2>/<phi>**2
1.2233862     0.0069823677

Time = 22000
Temperature
1.0073147     0.0074520676

Pressure
23.222092     0.092914752 

CM Mom
5.7906477e-18  1.8091636e-17 
-9.8018362e-17 3.2250346e-17 
-1.5227406e-17 3.0277622e-17 
1.0510599e-16  3.331459e-17  

CM Pos
7.5028436      0.014781053   
7.5003842      0.020126155   
7.49515        0.01059663    
12.989461      0.018456779   

Stress
20.2331      0.0118828    -0.0489259    0.133258     0.0379218    0.0723214   
0.0118828    20.1987      -0.0289537    0.0379218    0.110177     0.0681783   
-0.0489259   -0.0289537   20.182        0.0723214    0.0681783    0.114484    

Stress Spherical
0            0            0             0            0            0           
0            0            0             0            0            0           
0            0            0             0            0            0           

Inertia
149.939      -56.2915     -56.1841      0.415091     0.188518     0.183902    
-56.2915     149.975      -56.1407      0.188518     0.367455     0.193844    
-56.1841     -56.1407     150.051       0.183902     0.193844     0.418741    

Bond Length
0.62026131    0.0025099114

BB bond length
0.62026131    0.0025099114

Water EE distance
0             0           

PEG EE distance
7.1842155     0.10683829  

BBB P2(x)
0.51779859    0.0098401663

BBB first bond length
0.62031942    0.0025626584

BBB second bond length
0.62050214    0.0025503878

BBB <phi**2>/<phi>**2
1.2297627     0.0071119978

Time = 23000
Temperature
1.0096361     0.0073952546

Pressure
23.249626     0.086756589 

CM Mom
1.1909915e-17  2.2720899e-17 
-1.208791e-16  1.5247045e-17 
2.0994718e-17  1.9756563e-17 
1.2726473e-16  1.1709103e-17 

CM Pos
7.5019534      0.01280528    
7.4914822      0.01446188    
7.5031619      0.012271563   
12.988434      0.012839145   

Stress
20.2499      -0.0419985   -0.0115533    0.090546     0.0986443    0.0692606   
-0.0419985   20.2031      0.0296663     0.0986443    0.0812928    0.0811924   
-0.0115533   0.0296663    20.2226       0.0692606    0.0811924    0.10345     

Stress Spherical
0            0            0             0            0            0           
0            0            0             0            0            0           
0            0            0             0            0            0           

Inertia
149.939      -56.2186     -56.3077      0.225594     0.149463     0.145371    
-56.2186     150.101      -56.2019      0.149463     0.297616     0.123006    
-56.3077     -56.2019     149.924       0.145371     0.123006     0.337554    

Bond Length
0.62000593    0.0017508698

BB bond length
0.62000593    0.0017508698

Water EE distance
0             0           

PEG EE distance
7.5264546     0.12089825  

BBB P2(x)
0.51558702    0.01142439  

BBB first bond length
0.62042047    0.0015978987

BBB second bond length
0.62002536    0.001928011 

BBB <phi**2>/<phi>**2
1.2218014     0.0073388041

Time = 24000
Temperature
1.0078249     0.006513027 

Pressure
23.228178     0.077523658 

CM Mom
1.9154436e-17  2.6969067e-17 
-1.2373221e-16 9.1430555e-18 
-3.4609363e-18 1.7605688e-17 
1.2913901e-16  1.1512334e-17 

CM Pos
7.5015082      0.014464163   
7.4943011      0.012427532   
7.497969       0.017274516   
12.986806      0.016102501   

Stress
20.1817      -0.0181312   -0.0145713    0.0946975    0.0637499    0.0706141   
-0.0181312   20.2346      0.0341543     0.0637499    0.148593     0.0398245   
-0.0145713   0.0341543    20.2113       0.0706141    0.0398245    0.104415    

Stress Spherical
0            0            0             0            0            0           
0            0            0             0            0            0           
0            0            0             0            0            0           

Inertia
149.887      -56.2222     -56.2454      0.228583     0.148127     0.239184    
-56.2222     149.997      -56.1683      0.148127     0.393869     0.166683    
-56.2454     -56.1683     149.938       0.239184     0.166683     0.254877    

Bond Length
0.61904253    0.0026984946

BB bond length
0.61904253    0.0026984946

Water EE distance
0             0           

PEG EE distance
7.3703857     0.20080827  

BBB P2(x)
0.51394278    0.012673097 

BBB first bond length
0.61906531    0.0027886812

BBB second bond length
0.61883325    0.002787614 

BBB <phi**2>/<phi>**2
1.2258885     0.010292604 

Time = 25000
Temperature
1.0123263     0.0080447308

Pressure
23.270024     0.073408231 

CM Mom
-3.4686508e-17 1.6794935e-17 
-1.3472422e-16 1.919292e-17  
9.7268056e-18  1.6472877e-17 
1.4168157e-16  1.721938e-17  

CM Pos
7.498986       0.0075492903  
7.5030549      0.011424332   
7.4996011      0.01476317    
12.991342      0.0094067396  

Stress
20.2282      -0.0139635   -0.0174845    0.0831303    0.0599362    0.0783243   
-0.0139635   20.2866      -0.0120643    0.0599362    0.109123     0.053501    
-0.0174845   -0.0120643   20.1978       0.0783243    0.053501     0.101847    

Stress Spherical
0            0            0             0            0            0           
0            0            0             0            0            0           
0            0            0             0            0            0           

Inertia
150.037      -56.2987     -56.2489      0.240834     0.132511     0.1514      
-56.2987     149.975      -56.2752      0.132511     0.232371     0.134291    
-56.2489     -56.2752     150.015       0.1514       0.134291     0.222498    

Bond Length
0.61792112    0.0022580211

BB bond length
0.61792112    0.0022580211

Water EE distance
0             0           

PEG EE distance
7.0948084     0.10214836  

BBB P2(x)
0.5092092     0.0097961548

BBB first bond length
0.61776973    0.0021975314

BBB second bond length
0.61795709    0.0022202754

BBB <phi**2>/<phi>**2
1.2273228     0.0087285916

Time = 26000
Temperature
1.0074589     0.0060016506

Pressure
23.243867     0.040340849 

CM Mom
-8.8176801e-18 2.0702077e-17 
-1.210327e-16  1.6290263e-17 
1.4667216e-17  1.4369785e-17 
1.2475324e-16  1.6699159e-17 

CM Pos
7.4975023      0.013311012   
7.5005326      0.013090056   
7.5004913      0.020455954   
12.989551      0.015195796   

Stress
20.1846      -0.0338682   0.0211157     0.0703324    0.0808835    0.0835415   
-0.0338682   20.2582      0.0293139     0.0808835    0.0909541    0.056986    
0.0211157    0.0293139    20.2351       0.0835415    0.056986     0.126652    

Stress Spherical
0            0            0             0            0            0           
0            0            0             0            0            0           
0            0            0             0            0            0           

Inertia
150.016      -56.2308     -56.2526      0.451237     0.13188      0.19468     
-56.2308     149.974      -56.2468      0.13188      0.238359     0.22014     
-56.2526     -56.2468     149.954       0.19468      0.22014      0.188944    

Bond Length
0.61860986    0.0012979664

BB bond length
0.61860986    0.0012979664

Water EE distance
0             0           

PEG EE distance
6.9685386     0.15056732  

BBB P2(x)
0.50908944    0.0084121377

BBB first bond length
0.6185733     0.0014153681

BBB second bond length
0.61890241    0.0014107377

BBB <phi**2>/<phi>**2
1.2264076     0.0088778593

Time = 27000
Temperature
1.0102033     0.0075378313

Pressure
23.24884      0.069499672 

CM Mom
-4.9759625e-19 1.9426154e-17 
-1.2315336e-16 1.5841424e-17 
1.1432222e-17  9.9411556e-18 
1.2563913e-16  1.5480766e-17 

CM Pos
7.4988376      0.012981984   
7.4972685      0.009724611   
7.5040521      0.015014514   
12.990486      0.012992727   

Stress
20.2538      0.0108128    -0.04466      0.0907676    0.0935835    0.0603937   
0.0108128    20.2356      -0.0351356    0.0935835    0.114541     0.049803    
-0.04466     -0.0351356   20.1788       0.0603937    0.049803     0.099549    

Stress Spherical
0            0            0             0            0            0           
0            0            0             0            0            0           
0            0            0             0            0            0           

Inertia
150.035      -56.2116     -56.2513      0.351671     0.132347     0.132465    
-56.2116     150.045      -56.2288      0.132347     0.26477      0.213499    
-56.2513     -56.2288     149.939       0.132465     0.213499     0.20017     

Bond Length
0.61988829    0.0011455563

BB bond length
0.61988829    0.0011455563

Water EE distance
0             0           

PEG EE distance
7.0538835     0.30963648  

BBB P2(x)
0.51283404    0.0094235511

BBB first bond length
0.62004051    0.0012172584

BBB second bond length
0.61973198    0.0010635004

BBB <phi**2>/<phi>**2
1.2269795     0.008472988 

Time = 28000
Temperature
1.0088287     0.0058838295

Pressure
23.291458     0.087656914 

CM Mom
-6.8013789e-17 2.7699868e-17 
-1.3229828e-16 1.0986903e-17 
1.605623e-17   1.3986043e-17 
1.5237421e-16  1.5881415e-17 

CM Pos
7.4991344      0.013775068   
7.5000875      0.01599968    
7.5062776      0.011039214   
12.993576      0.0087232983  

Stress
20.2769      0.0219548    0.0235852     0.108403     0.0526019    0.0786294   
0.0219548    20.2729      -0.00645883   0.0526019    0.138706     0.0645358   
0.0235852    -0.00645883  20.2586       0.0786294    0.0645358    0.110207    

Stress Spherical
0            0            0             0            0            0           
