Time = 1000
Temperature
   1.0808216   0.096413394

Pressure
   23.737758     0.4991551

CM Mom
-3.0742063e-17 1.8953812e-17 
-3.8558828e-17 2.2916552e-17 
6.2900295e-17  2.4899299e-16 
2.0021664e-16  1.7083186e-16 

CM Pos
7.5026148      0.026007286   
7.4947905      0.015976512   
7.4993892      0.016410735   
12.988563      0.019783658   

Stress
20.4907      -0.0245709   -0.0153853    0.218919     0.0647422    0.0875421   
-0.0245709   20.5115      0.0241101     0.0647422    0.226513     0.0565531   
-0.0153853   0.0241101    20.4895       0.0875421    0.0565531    0.264792    

Stress Spherical
0            0            0             0            0            0           
0            0            0             0            0            0           
0            0            0             0            0            0           

Inertia
149.997      -56.2149     -56.2256      1.09727      0.270586     0.169384    
-56.2149     150.108      -56.2218      0.270586     0.993183     0.161147    
-56.2256     -56.2218     150.049       0.169384     0.161147     0.704697    

Bond Length
0.61874714    0.0054344709

BB bond length
0.61874714    0.0054344709

Water EE distance
0             0           

PEG EE distance
6.9256979     0.20878452  

BBB P2(x)
0.47588201    0.059910245 

BBB first bond length
0.61879812    0.0055435535

BBB second bond length
0.6185435     0.0052516852

BBB <phi**2>/<phi>**2
1.2221396     0.016669846 

Time = 2000
Temperature
1.0109464     0.011339425 

Pressure
23.370324     0.080593074 

CM Mom
-3.9538461e-17 2.108562e-17  
-1.7130339e-17 1.670132e-17  
3.3243604e-17  2.8075445e-17 
6.4344884e-17  1.8258683e-17 

CM Pos
7.4997983      0.015215686   
7.5039811      0.011750917   
7.4992409      0.012879481   
12.992144      0.0079613497  

Stress
20.3401      0.0188543    0.00605369    0.113233     0.0419683    0.0670809   
0.0188543    20.3459      0.00792352    0.0419683    0.0906632    0.0920936   
0.00605369   0.00792352   20.3319       0.0670809    0.0920936    0.112482    

Stress Spherical
0            0            0             0            0            0           
0            0            0             0            0            0           
0            0            0             0            0            0           

Inertia
149.92       -56.3112     -56.2795      0.315764     0.123167     0.126461    
-56.3112     149.847      -56.3013      0.123167     0.29341      0.0841365   
-56.2795     -56.3013     149.927       0.126461     0.0841365    0.360966    

Bond Length
0.62025921    0.0028659961

BB bond length
0.62025921    0.0028659961

Water EE distance
0             0           

PEG EE distance
7.0269854     0.14115989  

BBB P2(x)
0.51056709    0.010551234 

BBB first bond length
0.62025245    0.0029575524

BBB second bond length
0.62040246    0.0028152216

BBB <phi**2>/<phi>**2
1.2230579     0.0087797318

Time = 3000
Temperature
1.0143132     0.0044119475

Pressure
23.311937     0.09430992  

CM Mom
-1.6747976e-17 1.5290682e-17 
1.8123275e-17  2.2057617e-17 
2.8204591e-17  2.1644746e-17 
4.8669802e-17  1.498451e-17  

CM Pos
7.4959441      0.018500422   
7.505167       0.0056563249  
7.4891609      0.01310946    
12.984788      0.0074565611  

Stress
20.298       -0.0219273   -0.00628557   0.114704     0.074197     0.0513739   
-0.0219273   20.2511      -0.0281458    0.074197     0.153248     0.0630432   
-0.00628557  -0.0281458   20.2633       0.0513739    0.0630432    0.0992316   

Stress Spherical
0            0            0             0            0            0           
0            0            0             0            0            0           
0            0            0             0            0            0           

Inertia
149.86       -56.2634     -56.1306      0.288471     0.116867     0.128783    
-56.2634     149.705      -56.2059      0.116867     0.205939     0.145913    
-56.1306     -56.2059     149.957       0.128783     0.145913     0.223542    

Bond Length
0.61874601    0.0020114638

BB bond length
0.61874601    0.0020114638

Water EE distance
0             0           

PEG EE distance
6.6950539     0.16508056  

BBB P2(x)
0.51306437    0.012708889 

BBB first bond length
0.61894965    0.0017916441

BBB second bond length
0.61893518    0.0019170915

BBB <phi**2>/<phi>**2
1.2227509     0.0086754798

Time = 4000
Temperature
1.0115217     0.0065067009

Pressure
23.314854     0.086585806 

CM Mom
-1.1501599e-17 1.6380849e-17 
1.1855435e-17  2.1890997e-17 
1.6594373e-17  1.2079526e-17 
3.5068467e-17  1.4555991e-17 

CM Pos
7.4989089      0.011818044   
7.4980517      0.023440043   
7.4987962      0.010372283   
12.987945      0.020897919   

Stress
20.2537      -0.0248395   -0.0154587    0.0849258    0.0660313    0.089736    
-0.0248395   20.3272      0.00501786    0.0660313    0.160152     0.0642098   
-0.0154587   0.00501786   20.2654       0.089736     0.0642098    0.0750743   

Stress Spherical
0            0            0             0            0            0           
0            0            0             0            0            0           
0            0            0             0            0            0           

Inertia
149.916      -56.2202     -56.233       0.396235     0.20681      0.129057    
-56.2202     149.924      -56.2519      0.20681      0.294653     0.233434    
-56.233      -56.2519     149.911       0.129057     0.233434     0.459765    

Bond Length
0.62060595    0.0022019298

BB bond length
0.62060595    0.0022019298

Water EE distance
0             0           

PEG EE distance
6.7066828     0.22828569  

BBB P2(x)
0.51058013    0.010918171 

BBB first bond length
0.6206737     0.0019756022

BBB second bond length
0.62028477    0.0022121005

BBB <phi**2>/<phi>**2
1.2305456     0.010604184 

Time = 5000
Temperature
1.0139559     0.0059115199

Pressure
23.37523      0.069599657 

CM Mom
-3.9626577e-17 1.5865861e-17 
4.6099243e-17  2.1949234e-17 
-2.2757981e-18 1.7355441e-17 
6.7909853e-17  1.1114977e-17 

CM Pos
7.5011324      0.0093529745  
7.5005717      0.010279714   
7.5057633      0.010402956   
12.994701      0.0091947893  

Stress
20.3336      0.0182274    0.0187063     0.0908975    0.0654628    0.0515044   
0.0182274    20.3115      -0.0288877    0.0654628    0.0867724    0.0774077   
0.0187063    -0.0288877   20.3604       0.0515044    0.0774077    0.0998      

Stress Spherical
0            0            0             0            0            0           
0            0            0             0            0            0           
0            0            0             0            0            0           

Inertia
150.05       -56.2659     -56.2754      0.253953     0.118874     0.0970318   
-56.2659     150.042      -56.2941      0.118874     0.184244     0.122266    
-56.2754     -56.2941     149.988       0.0970318    0.122266     0.203279    

Bond Length
0.61996731    0.0024492595

BB bond length
0.61996731    0.0024492595

Water EE distance
0             0           

PEG EE distance
6.5819985     0.25877271  

BBB P2(x)
0.50921942    0.0076197033

BBB first bond length
0.61976543    0.0026438246

BBB second bond length
0.61999531    0.0025253274

BBB <phi**2>/<phi>**2
1.2266955     0.0049465608

Time = 6000
Temperature
1.0120547     0.0078739144

Pressure
23.392409     0.083182976 

CM Mom
-6.2868751e-17 1.6215277e-17 
2.8192797e-17  1.738444e-17  
-1.4248904e-17 2.0517414e-17 
7.5162714e-17  1.694195e-17  

CM Pos
7.5035042      0.0097891888  
7.4953834      0.016496208   
7.500575       0.0096978519  
12.99008       0.016073285   

Stress
20.3602      0.0405065    0.00328516    0.134858     0.0766318    0.0593399   
0.0405065    20.3632      -0.0218865    0.0766318    0.0966839    0.0604086   
0.00328516   -0.0218865   20.3507       0.0593399    0.0604086    0.117574    

Stress Spherical
0            0            0             0            0            0           
0            0            0             0            0            0           
0            0            0             0            0            0           

Inertia
149.907      -56.2598     -56.2479      0.331107     0.1809       0.127018    
-56.2598     150.011      -56.2266      0.1809       0.24923      0.153388    
-56.2479     -56.2266     149.958       0.127018     0.153388     0.347432    

Bond Length
0.61995238    0.0024552393

BB bond length
0.61995238    0.0024552393

Water EE distance
0             0           

PEG EE distance
7.2810072     0.13326514  

BBB P2(x)
0.51558512    0.015258355 

BBB first bond length
0.61998978    0.0024784271

BBB second bond length
0.61987432    0.0025193153

BBB <phi**2>/<phi>**2
1.2231953     0.012254559 

Time = 7000
Temperature
1.0112595     0.0096436482

Pressure
23.341855     0.067865116 

CM Mom
-5.7337591e-17 1.407786e-17  
3.8168511e-17  1.8955621e-17 
-4.4991242e-17 1.5448531e-17 
8.5339529e-17  1.6791964e-17 

CM Pos
7.4962406      0.011351432   
7.497607       0.011977798   
7.5056151      0.0086993186  
12.990085      0.0064568049  

Stress
20.323       -0.0156407   0.00899367    0.105341     0.0618301    0.0849443   
-0.0156407   20.3173      0.0452628     0.0618301    0.0927914    0.0674685   
0.00899367   0.0452628    20.2893       0.0849443    0.0674685    0.0857584   

Stress Spherical
0            0            0             0            0            0           
0            0            0             0            0            0           
0            0            0             0            0            0           

Inertia
150.038      -56.1966     -56.242       0.198108     0.0927154    0.117431    
-56.1966     149.993      -56.2756      0.0927154    0.206408     0.103716    
-56.242      -56.2756     149.909       0.117431     0.103716     0.109809    

Bond Length
0.61889074    0.0022986161

BB bond length
0.61889074    0.0022986161

Water EE distance
0             0           

PEG EE distance
7.039256      0.23691159  

BBB P2(x)
0.51425118    0.0088902543

BBB first bond length
0.6187819     0.0023898745

BBB second bond length
0.6186936     0.0022595327

BBB <phi**2>/<phi>**2
1.2258573     0.0093694789

Time = 8000
Temperature
1.0095893     0.0087707806

Pressure
23.3543       0.081630558 

CM Mom
-5.6408496e-17 1.2415314e-17 
7.856571e-17   1.5017061e-17 
-4.8989866e-17 2.5208789e-17 
1.1149193e-16  1.8416853e-17 

CM Pos
7.495203       0.015993695   
7.4980517      0.013781962   
7.4996856      0.017962875   
12.986326      0.015531521   

Stress
20.3494      -0.00642263  -0.00150657   0.0544576    0.0440388    0.0538801   
-0.00642263  20.2549      0.0289893     0.0440388    0.105239     0.062179    
-0.00150657  0.0289893    20.3777       0.0538801    0.062179     0.0859146   

Stress Spherical
0            0            0             0            0            0           
0            0            0             0            0            0           
0            0            0             0            0            0           

Inertia
149.962      -56.1932     -56.2333      0.376778     0.203504     0.148546    
-56.1932     149.904      -56.2499      0.203504     0.31742      0.199487    
-56.2333     -56.2499     149.889       0.148546     0.199487     0.351552    

Bond Length
0.61882708    0.0020585227

BB bond length
0.61882708    0.0020585227

Water EE distance
0             0           

PEG EE distance
6.8631758     0.25051449  

BBB P2(x)
0.50584716    0.014903297 

BBB first bond length
0.61844963    0.0020120584

BBB second bond length
0.61869316    0.002255568 

BBB <phi**2>/<phi>**2
1.222894      0.010676099 

Time = 9000
Temperature
1.0102335     0.0069160797

Pressure
23.301182     0.081522815 

CM Mom
-3.9427784e-17 1.490017e-17  
5.8236239e-17  1.4498944e-17 
-2.7412437e-17 1.5453429e-17 
7.8307599e-17  1.5375767e-17 

CM Pos
7.502763       0.010414567   
7.497014       0.016198471   
7.5048739      0.014992369   
12.993084      0.012472405   

Stress
20.3088      0.0224225    -0.0188348    0.143312     0.0788099    0.0443432   
0.0224225    20.2929      -0.0248888    0.0788099    0.0992815    0.0529341   
-0.0188348   -0.0248888   20.2151       0.0443432    0.0529341    0.091124    

Stress Spherical
0            0            0             0            0            0           
0            0            0             0            0            0           
0            0            0             0            0            0           

Inertia
150.016      -56.2055     -56.3296      0.249914     0.174959     0.193458    
-56.2055     150.104      -56.246       0.174959     0.316722     0.189009    
-56.3296     -56.246      149.996       0.193458     0.189009     0.251503    

Bond Length
0.61970994    0.0016253034

BB bond length
0.61970994    0.0016253034

Water EE distance
0             0           

PEG EE distance
6.5104666     0.24584539  

BBB P2(x)
0.50079746    0.014840076 

BBB first bond length
0.61961627    0.0012650781

BBB second bond length
0.61958965    0.0013859602

BBB <phi**2>/<phi>**2
1.224434      0.0082485348

Time = 10000
Temperature
1.0114117     0.0086912009

Pressure
23.324837     0.070503112 

CM Mom
-2.7356481e-17 1.9660159e-17 
4.9451774e-17  1.5700944e-17 
-1.8722465e-17 2.1439221e-17 
6.6853825e-17  1.2947336e-17 

CM Pos
7.4953512      0.014566402   
7.497014       0.018704187   
7.5033915      0.014240688   
12.987949      0.018149155   

Stress
20.3552      -0.00493403  0.0364665     0.122422     0.0583074    0.11279     
-0.00493403  20.2702      0.0171503     0.0583074    0.0824057    0.0807113   
0.0364665    0.0171503    20.2518       0.11279      0.0807113    0.0998511   

Stress Spherical
0            0            0             0            0            0           
0            0            0             0            0            0           
0            0            0             0            0            0           

Inertia
150.008      -56.2005     -56.254       0.315675     0.185362     0.189659    
-56.2005     149.984      -56.2437      0.185362     0.399709     0.175455    
-56.254      -56.2437     149.885       0.189659     0.175455     0.38185     

Bond Length
0.61881132    0.0027322473

BB bond length
0.61881132    0.0027322473

Water EE distance
0             0           

PEG EE distance
6.4096208     0.11848715  

BBB P2(x)
0.50279043    0.01161563  

BBB first bond length
0.61884197    0.0027061798

BBB second bond length
0.61882755    0.0028221192

BBB <phi**2>/<phi>**2
1.223704      0.0086051822

Time = 11000
Temperature
1.011951      0.0075977111

Pressure
23.350098     0.033984383 

CM Mom
-6.9210924e-17 1.9167465e-17 
8.1292375e-17  8.594359e-18  
-2.2473815e-17 1.7493127e-17 
1.1169289e-16  1.325285e-17  

CM Pos
7.5012806      0.01283419    
7.4971623      0.012434164   
7.5022056      0.012069177   
12.990765      0.015638703   

Stress
20.3222      0.0140855    0.0397603     0.108839     0.0288893    0.0553208   
0.0140855    20.3043      0.017779      0.0288893    0.131138     0.0700751   
0.0397603    0.017779     20.3216       0.0553208    0.0700751    0.0934618   

Stress Spherical
0            0            0             0            0            0           
0            0            0             0            0            0           
0            0            0             0            0            0           

Inertia
149.977      -56.2564     -56.2791      0.261825     0.123387     0.171526    
-56.2564     150.041      -56.2618      0.123387     0.328686     0.15222     
-56.2791     -56.2618     149.963       0.171526     0.15222      0.336289    

Bond Length
0.61907567    0.0029446446

BB bond length
0.61907567    0.0029446446

Water EE distance
0             0           

PEG EE distance
6.4818094     0.36552181  

BBB P2(x)
0.50166118    0.016902466 

BBB first bond length
0.61897962    0.0029810032

BBB second bond length
0.61895567    0.0029566891

BBB <phi**2>/<phi>**2
1.2207462     0.012025384 

Time = 12000
Temperature
1.0085712     0.01015635  

Pressure
23.344598     0.083119455 

CM Mom
-8.9642363e-17 1.7319418e-17 
5.8248034e-17  2.9958066e-17 
-2.0462297e-17 2.0526602e-17 
1.1461044e-16  1.8180445e-17 

CM Pos
7.5043936      0.0050682837  
7.5027952      0.012875215   
7.5017609      0.012731047   
12.995555      0.013129722   

Stress
20.334       0.0403203    0.0153163     0.0975466    0.050944     0.0685408   
0.0403203    20.312       0.0166486     0.050944     0.127206     0.0691467   
0.0153163    0.0166486    20.316        0.0685408    0.0691467    0.082555    

Stress Spherical
0            0            0             0            0            0           
0            0            0             0            0            0           
0            0            0             0            0            0           

Inertia
150.081      -56.3016     -56.3106      0.328688     0.125718     0.074727    
-56.3016     150.085      -56.3177      0.125718     0.199147     0.173105    
-56.3106     -56.3177     150.105       0.074727     0.173105     0.209769    

Bond Length
0.62068312    0.0016234949

BB bond length
0.62068312    0.0016234949

Water EE distance
0             0           

PEG EE distance
6.2838292     0.16971934  

BBB P2(x)
0.50634695    0.011229385 

BBB first bond length
0.62058037    0.0016015667

BBB second bond length
0.62063282    0.0015771154

BBB <phi**2>/<phi>**2
1.2208561     0.0085789914

Time = 13000
Temperature
1.0132836     0.0084065664

Pressure
23.354037     0.075221338 

CM Mom
-8.8249647e-17 1.9047034e-17 
6.7983468e-17  1.6313729e-17 
-3.8424836e-17 2.846303e-17  
1.2276776e-16  1.5917562e-17 

CM Pos
7.4937206      0.0094697161  
7.4956799      0.011818044   
7.4989444      0.016012918   
12.983665      0.013018654   

Stress
20.3162      0.0286264    0.0127372     0.109051     0.0767941    0.0657592   
0.0286264    20.2818      -0.0417611    0.0767941    0.0902865    0.0877958   
0.0127372    -0.0417611   20.3499       0.0657592    0.0877958    0.122505    

Stress Spherical
0            0            0             0            0            0           
0            0            0             0            0            0           
0            0            0             0            0            0           

Inertia
149.931      -56.1845     -56.2102      0.328422     0.103892     0.19553     
-56.1845     149.891      -56.2163      0.103892     0.304094     0.141764    
-56.2102     -56.2163     149.85        0.19553      0.141764     0.194611    

Bond Length
0.61888824    0.0017203383

BB bond length
0.61888824    0.0017203383

Water EE distance
0             0           

PEG EE distance
6.9638486     0.44001998  

BBB P2(x)
0.50572245    0.010356587 

BBB first bond length
0.61883227    0.0016444124

BBB second bond length
0.61872343    0.0017206321

BBB <phi**2>/<phi>**2
1.2226759     0.0067323505

Time = 14000
Temperature
1.0095024     0.0062038823

Pressure
23.339759     0.07801355  

CM Mom
-8.9616305e-17 1.2010923e-17 
9.6025267e-17  2.1259885e-17 
-5.1452183e-17 2.1860744e-17 
1.4372461e-16  1.7794255e-17 

CM Pos
7.49713        0.0075585821  
7.4964211      0.0082547618  
7.5004268      0.010150648   
12.986912      0.0052323449  

Stress
20.3676      0.00209441   0.022263      0.112516     0.0653293    0.0926702   
0.00209441   20.2641      -0.0252653    0.0653293    0.126948     0.0930796   
0.022263     -0.0252653   20.3074       0.0926702    0.0930796    0.117907    

Stress Spherical
0            0            0             0            0            0           
0            0            0             0            0            0           
0            0            0             0            0            0           

Inertia
149.947      -56.2308     -56.2303      0.169985     0.114575     0.0966001   
-56.2308     149.963      -56.2053      0.114575     0.158709     0.0865325   
-56.2303     -56.2053     149.903       0.0966001    0.0865325    0.179254    

Bond Length
0.61990178    0.0036081102

BB bond length
0.61990178    0.0036081102

Water EE distance
0             0           

PEG EE distance
6.8905605     0.23065952  

BBB P2(x)
0.51443302    0.013502839 

BBB first bond length
0.61988014    0.0038211401

BBB second bond length
0.61961715    0.0036708953

BBB <phi**2>/<phi>**2
1.2250161     0.010094661 

Time = 15000
Temperature
1.0100701     0.0058290107

Pressure
23.316781     0.072663499 

CM Mom
-1.0917282e-16 1.2177114e-17 
1.3258903e-16  2.4660197e-17 
-3.1348385e-17 2.8849568e-17 
1.7780438e-16  2.1344463e-17 

CM Pos
7.4983159      0.011459323   
7.5039811      0.010795815   
7.5048739      0.012427977   
12.994531      0.0129051     

Stress
20.337       -0.00548526  0.0107471     0.0751287    0.0503472    0.0637715   
-0.00548526  20.2708      0.0267415     0.0503472    0.160593     0.0809481   
0.0107471    0.0267415    20.2573       0.0637715    0.0809481    0.091945    

Stress Spherical
0            0            0             0            0            0           
0            0            0             0            0            0           
0            0            0             0            0            0           

Inertia
150.12       -56.2724     -56.2762      0.300299     0.150854     0.153511    
-56.2724     150.043      -56.3286      0.150854     0.231837     0.177756    
-56.2762     -56.3286     150.029       0.153511     0.177756     0.225945    

Bond Length
0.61889436    0.0015055999

BB bond length
0.61889436    0.0015055999

Water EE distance
0             0           

PEG EE distance
7.1904368     0.18857854  

BBB P2(x)
0.51339264    0.015914615 

BBB first bond length
0.61892825    0.0013122103

BBB second bond length
0.61876844    0.0014537971

BBB <phi**2>/<phi>**2
1.2240885     0.0099692145

Time = 16000
Temperature
1.0104436     0.0069267661

Pressure
23.322749     0.13530945  

CM Mom
-8.9542246e-17 1.5341558e-17 
1.7249121e-16  2.9452809e-17 
-3.6716822e-17 2.1124776e-17 
1.9954682e-16  2.9142883e-17 

CM Pos
7.4995018      0.018350155   
7.4981999      0.013925507   
7.4900503      0.012655743   
12.983325      0.018295643   

Stress
20.3336      0.0179483    0.0099015     0.147679     0.086996     0.0842733   
0.0179483    20.3358      0.0162924     0.086996     0.131222     0.054448    
0.0099015    0.0162924    20.2103       0.0842733    0.054448     0.195449    

Stress Spherical
0            0            0             0            0            0           
0            0            0             0            0            0           
0            0            0             0            0            0           

Inertia
149.822      -56.2309     -56.1837      0.283069     0.200479     0.185033    
-56.2309     149.832      -56.1399      0.200479     0.339203     0.183648    
-56.1837     -56.1399     149.959       0.185033     0.183648     0.372883    

Bond Length
0.61922819    0.0027009178

BB bond length
0.61922819    0.0027009178

Water EE distance
0             0           

PEG EE distance
7.3133795     0.15088713  

BBB P2(x)
0.51086958    0.0089257705

BBB first bond length
0.61919383    0.0028016134

BBB second bond length
0.61909958    0.0026774934

BBB <phi**2>/<phi>**2
1.2256123     0.0057924016

Time = 17000
Temperature
1.0074434     0.0047420055

Pressure
23.362479     0.084552961 

CM Mom
-1.0534488e-16 1.3743197e-17 
2.0118088e-16  2.0253585e-17 
-9.7992076e-18 1.9828385e-17 
2.2891851e-16  1.5996137e-17 

CM Pos
7.5033559      0.011478482   
7.4984964      0.011597513   
7.5002786      0.015012142   
12.991622      0.015304345   

Stress
20.327       -0.0171816   0.00781813    0.0781647    0.0832879    0.0471427   
-0.0171816   20.3695      -0.00226776   0.0832879    0.146806     0.0774552   
0.00781813   -0.00226776  20.3293       0.0471427    0.0774552    0.10949     

Stress Spherical
0            0            0             0            0            0           
0            0            0             0            0            0           
0            0            0             0            0            0           

Inertia
150          -56.2499     -56.3008      0.320722     0.192013     0.15101     
-56.2499     150.073      -56.2388      0.192013     0.306932     0.162767    
-56.3008     -56.2388     150.016       0.15101      0.162767     0.339859    

Bond Length
0.61833812    0.0021388299

BB bond length
0.61833812    0.0021388299

Water EE distance
0             0           

PEG EE distance
7.4498636     0.13957148  

BBB P2(x)
0.51151049    0.015938353 

BBB first bond length
0.61831214    0.0021452504

BBB second bond length
0.61835469    0.0020036173

BBB <phi**2>/<phi>**2
1.2273524     0.0071012792

Time = 18000
Temperature
1.0072654     0.0058175995

Pressure
23.322621     0.1038659   

CM Mom
-9.5183329e-17 1.9807516e-17 
2.0855494e-16  3.0682639e-17 
-3.0924467e-17 1.3011703e-17 
2.3291824e-16  2.763171e-17  

CM Pos
7.507803       0.014641634   
7.5030917      0.012731047   
7.4949421      0.012609647   
12.993768      0.012860918   

Stress
20.2893      0.0184421    -0.00238754   0.104919     0.0688273    0.0668467   
0.0184421    20.3378      0.0333643     0.0688273    0.165328     0.0744729   
-0.00238754  0.0333643    20.2807       0.0668467    0.0744729    0.120931    

Stress Spherical
0            0            0             0            0            0           
0            0            0             0            0            0           
0            0            0             0            0            0           

Inertia
149.973      -56.3428     -56.2895      0.203504     0.13471      0.166666    
-56.3428     150.06       -56.2727      0.13471      0.335824     0.144586    
-56.2895     -56.2727     150.149       0.166666     0.144586     0.317096    

Bond Length
0.6192571     0.0034794418

BB bond length
0.6192571     0.0034794418

Water EE distance
0             0           

PEG EE distance
7.7809924     0.20768342  

BBB P2(x)
0.50820756    0.010270073 

BBB first bond length
0.61920462    0.0034898315

BBB second bond length
0.61923546    0.0035407595

BBB <phi**2>/<phi>**2
1.2200588     0.0095952248

Time = 19000
Temperature
1.0121991     0.0039808059

Pressure
23.364009     0.079399285 

CM Mom
-1.0597122e-16 1.4297626e-17 
1.8438587e-16  7.9221474e-18 
-4.5475367e-17 1.553277e-17  
2.1822782e-16  1.3458154e-17 

CM Pos
7.4968336      0.013743643   
7.502647       0.017987935   
7.4965727      0.015911047   
12.988128      0.011321487   

Stress
20.3248      0.0143285    -0.0222392    0.113046     0.0797478    0.0473813   
0.0143285    20.357       -0.00561234   0.0797478    0.138315     0.0617586   
-0.0222392   -0.00561234  20.3058       0.0473813    0.0617586    0.106785    

Stress Spherical
0            0            0             0            0            0           
0            0            0             0            0            0           
0            0            0             0            0            0           

Inertia
150.017      -56.2248     -56.1562      0.311866     0.15855      0.157272    
-56.2248     149.917      -56.2734      0.15855      0.300696     0.144088    
-56.1562     -56.2734     150.009       0.157272     0.144088     0.269168    

Bond Length
0.61903644    0.0021649612

BB bond length
0.61903644    0.0021649612

Water EE distance
0             0           

PEG EE distance
7.245078      0.13617135  

BBB P2(x)
0.51483525    0.0099235972

BBB first bond length
0.61884459    0.0020916491

BBB second bond length
0.61923443    0.0025120423

BBB <phi**2>/<phi>**2
1.2266142     0.0059758138

Time = 20000
Temperature
1.0079976     0.0090013981

Pressure
23.383861     0.088833466 

CM Mom
-1.0063707e-16 1.5558348e-17 
1.9268141e-16  1.7600656e-17 
-2.4764973e-17 1.5771213e-17 
2.1993803e-16  1.717808e-17  

CM Pos
7.4984642      0.025653394   
7.5075388      0.01283419    
7.5027986      0.0073597341  
12.995484      0.018868814   

Stress
20.371       0.0414259    0.0162995     0.140217     0.0669253    0.0619249   
0.0414259    20.3627      0.0182427     0.0669253    0.107301     0.0845059   
0.0162995    0.0182427    20.3513       0.0619249    0.0845059    0.0893295   

Stress Spherical
0            0            0             0            0            0           
0            0            0             0            0            0           
0            0            0             0            0            0           

Inertia
150.179      -56.3037     -56.2719      0.16806      0.228979     0.202917    
-56.3037     150.024      -56.3261      0.228979     0.417701     0.113721    
-56.2719     -56.3261     150.088       0.202917     0.113721     0.483197    

Bond Length
0.6180117     0.0019361086

BB bond length
0.6180117     0.0019361086

Water EE distance
0             0           

PEG EE distance
6.8999729     0.099482051 

BBB P2(x)
0.51658065    0.013310951 

BBB first bond length
0.61799701    0.0019374441

BBB second bond length
0.61798808    0.0018756731

BBB <phi**2>/<phi>**2
1.2240639     0.011390817 

Time = 21000
Temperature
1.0162337     0.0082684766

Pressure
23.369243     0.059230102 

CM Mom
-1.0286788e-16 1.141032e-17  
2.1062255e-16  1.8379519e-17 
-1.3036398e-17 1.7574942e-17 
2.356466e-16   1.900444e-17  

CM Pos
7.4944618      0.0049520584  
7.4924187      0.0081785439  
7.5050221      0.018070205   
12.985717      0.015192752   

Stress
20.3252      0.0289314    -0.003087     0.0949938    0.058526     0.0957351   
0.0289314    20.3841      0.0166567     0.058526     0.0449143    0.0954974   
-0.003087    0.0166567    20.2578       0.0957351    0.0954974    0.141969    

Stress Spherical
0            0            0             0            0            0           
0            0            0             0            0            0           
0            0            0             0            0            0           

Inertia
149.959      -56.1538     -56.2419      0.37963      0.0715808    0.164506    
-56.1538     150.003      -56.2329      0.0715808    0.310663     0.175771    
-56.2419     -56.2329     149.804       0.164506     0.175771     0.194768    

Bond Length
0.62044094    0.0033603299

BB bond length
0.62044094    0.0033603299

Water EE distance
0             0           

PEG EE distance
7.0955373     0.077265095 

BBB P2(x)
0.52052839    0.014064652 

BBB first bond length
0.62047385    0.0033466679

BBB second bond length
0.62016235    0.0037016645

BBB <phi**2>/<phi>**2
1.2300997     0.0098295929

Time = 22000
Temperature
1.0075106     0.0075163145

Pressure
23.29779      0.11303399  

CM Mom
-9.7628022e-17 2.5681686e-17 
2.0097352e-16  1.5822417e-17 
-1.0722062e-17 1.5979419e-17 
2.2574765e-16  1.5484978e-17 

CM Pos
7.4983159      0.0055385537  
7.4980517      0.019567151   
7.5050221      0.011821762   
12.991202      0.010129012   

Stress
20.2516      -0.0392103   -0.0215129    0.147432     0.0445643    0.0599821   
-0.0392103   20.2711      -0.0259032    0.0445643    0.144269     0.0925698   
-0.0215129   -0.0259032   20.3085       0.0599821    0.0925698    0.0942305   

Stress Spherical
0            0            0             0            0            0           
0            0            0             0            0            0           
0            0            0             0            0            0           

Inertia
150.058      -56.1872     -56.2822      0.264161     0.151997     0.14917     
-56.1872     150.062      -56.2695      0.151997     0.212483     0.151629    
-56.2822     -56.2695     149.951       0.14917      0.151629     0.253743    

Bond Length
0.62000149    0.0021368274

BB bond length
0.62000149    0.0021368274

Water EE distance
0             0           

PEG EE distance
7.2797618     0.24470493  

BBB P2(x)
0.51528836    0.0075330161

BBB first bond length
0.62006102    0.001931577 

BBB second bond length
0.61999349    0.0021474135

BBB <phi**2>/<phi>**2
1.2248425     0.009596401 

Time = 23000
Temperature
1.0084856     0.0083528701

Pressure
23.31227      0.10521872  

CM Mom
-7.689932e-17  2.3685551e-17 
2.0208769e-16  1.6907488e-17 
-3.0471063e-17 3.1447796e-17 
2.2188574e-16  1.6851667e-17 

CM Pos
7.5048383      0.0094871035  
7.5062047      0.0133651     
7.498055       0.0087459235  
12.995645      0.0090966578  

Stress
20.2773      0.00743428   0.0416781     0.108919     0.0775068    0.0480231   
0.00743428   20.2883      0.0213083     0.0775068    0.121196     0.0626219   
0.0416781    0.0213083    20.3002       0.0480231    0.0626219    0.160623    

Stress Spherical
0            0            0             0            0            0           
0            0            0             0            0            0           
0            0            0             0            0            0           

Inertia
150.084      -56.3367     -56.2516      0.216293     0.18026      0.0941016   
-56.3367     150.069      -56.2772      0.18026      0.218891     0.129535    
-56.2516     -56.2772     150.17        0.0941016    0.129535     0.20958     

Bond Length
0.61912114    0.0021770805

BB bond length
0.61912114    0.0021770805

Water EE distance
0             0           

PEG EE distance
7.1430629     0.12390383  

BBB P2(x)
0.51484393    0.0072682039

BBB first bond length
0.6191811     0.0021049613

BBB second bond length
0.61884359    0.0021765914

BBB <phi**2>/<phi>**2
1.2277635     0.008424838 

Time = 24000
Temperature
1.0115704     0.0085913541

Pressure
23.369092     0.046617721 

CM Mom
-6.057293e-17  1.6055229e-17 
1.9371576e-16  2.0637222e-17 
-1.8865096e-17 1.8267187e-17 
2.0552361e-16  1.811539e-17  

CM Pos
7.497723       0.0094266902  
7.4958282      0.01579183    
7.5044292      0.0098149691  
12.989229      0.010690727   

Stress
20.3353      -0.000783602 -0.0154717    0.09682      0.0738189    0.0777224   
-0.000783602 20.3808      -0.00464796   0.0738189    0.0957683    0.0689057   
-0.0154717   -0.00464796  20.2925       0.0777224    0.0689057    0.0915582   

Stress Spherical
0            0            0             0            0            0           
0            0            0             0            0            0           
0            0            0             0            0            0           

Inertia
150.024      -56.1844     -56.2335      0.280907     0.121317     0.144976    
-56.1844     150.032      -56.2352      0.121317     0.223712     0.20018     
-56.2335     -56.2352     149.904       0.144976     0.20018      0.224753    

Bond Length
0.62006986    0.001764945 

BB bond length
0.62006986    0.001764945 

Water EE distance
0             0           

PEG EE distance
7.1695762     0.25476316  

BBB P2(x)
0.51736771    0.0088772838

BBB first bond length
0.6200478     0.0016316889

BBB second bond length
0.61976512    0.0015181626

BBB <phi**2>/<phi>**2
1.2275272     0.010241342 

Time = 25000
Temperature
1.0099052     0.0084854844

Pressure
23.295162     0.10669422  

CM Mom
-7.4216198e-17 1.4636161e-17 
1.7176845e-16  1.5670015e-17 
2.7826069e-17  1.6898364e-17 
1.9016754e-16  1.9192728e-17 

CM Pos
7.4984642      0.0093623674  
7.4998305      0.015634506   
7.5151022      0.011818044   
12.998134      0.012475268   

Stress
20.2806      0.00069462   -0.035548     0.126929     0.0450849    0.07624     
0.00069462   20.2816      -0.0167948    0.0450849    0.0725317    0.0783545   
-0.035548    -0.0167948   20.2395       0.07624      0.0783545    0.151715    

Stress Spherical
0            0            0             0            0            0           
0            0            0             0            0            0           
0            0            0             0            0            0           

Inertia
150.249      -56.2308     -56.3533      0.243498     0.137318     0.134801    
-56.2308     150.198      -56.4095      0.137318     0.254292     0.169594    
-56.3533     -56.4095     149.98        0.134801     0.169594     0.241517    

Bond Length
0.61884961    0.0015487189

BB bond length
0.61884961    0.0015487189

Water EE distance
0             0           

PEG EE distance
6.8867379     0.17620433  

BBB P2(x)
0.51090858    0.006971051 

BBB first bond length
0.61879619    0.001485842 

BBB second bond length
0.61879333    0.0016772984

BBB <phi**2>/<phi>**2
1.2221333     0.0041722652

Time = 26000
Temperature
1.0148096     0.0064541969

Pressure
23.350236     0.089524927 

CM Mom
-8.8928656e-17 2.8937948e-17 
1.6673204e-16  2.4395683e-17 
2.7886687e-17  2.4124466e-17 
1.9384045e-16  3.042977e-17  

CM Pos
7.4986124      0.01050281    
7.4961246      0.016379239   
7.5056151      0.01354069    
12.990604      0.0095040415  

Stress
20.3339      0.00616959   0.0113889     0.101566     0.0605203    0.0753347   
0.00616959   20.2911      -0.00465214   0.0605203    0.0662437    0.085154    
0.0113889    -0.00465214  20.2978       0.0753347    0.085154     0.144611    

Stress Spherical
0            0            0             0            0            0           
0            0            0             0            0            0           
0            0            0             0            0            0           

Inertia
150.025      -56.2146     -56.253       0.261213     0.173311     0.0794085   
-56.2146     150.035      -56.2973      0.173311     0.212138     0.129924    
-56.253      -56.2973     149.902       0.0794085    0.129924     0.311005    

Bond Length
0.618855      0.0021042981

BB bond length
0.618855      0.0021042981

Water EE distance
0             0           

PEG EE distance
6.6968885     0.17760997  

BBB P2(x)
0.50619473    0.0075568901

BBB first bond length
0.61881724    0.0020280263

BBB second bond length
0.61865829    0.0021578717

BBB <phi**2>/<phi>**2
1.2245627     0.013801012 

Time = 27000
Temperature
1.0109146     0.0085495546

Pressure
23.369947     0.091124623 

CM Mom
-9.5705855e-17 1.7974097e-17 
1.8257266e-16  1.6268406e-17 
4.1435736e-17  1.6993603e-17 
2.1176027e-16  1.5601525e-17 

CM Pos
7.4871982      0.010292532   
7.4959764      0.012613132   
7.5050221      0.0085155094  
12.983582      0.0094654792  

Stress
20.3337      -0.0222339   -0.0486876    0.0931538    0.0547669    0.0635676   
-0.0222339   20.3647      0.0382613     0.0547669    0.102163     0.053087    
-0.0486876   0.0382613    20.3186       0.0635676    0.053087     0.144426    

Stress Spherical
0            0            0             0            0            0           
0            0            0             0            0            0           
0            0            0             0            0            0           

Inertia
150.008      -56.1112     -56.2027      0.263007     0.0576288    0.130828    
-56.1112     149.865      -56.2711      0.0576288    0.197683     0.130383    
-56.2027     -56.2711     149.743       0.130828     0.130383     0.197159    

Bond Length
0.61801877    0.0016337563

BB bond length
0.61801877    0.0016337563

Water EE distance
0             0           

PEG EE distance
6.9588537     0.16523879  

BBB P2(x)
0.50205752    0.013819662 

BBB first bond length
0.61800942    0.0016996166

BBB second bond length
0.61793691    0.0018732622

BBB <phi**2>/<phi>**2
1.2209881     0.011022882 

Time = 28000
Temperature
1.0131034     0.0095145283

Pressure
23.350873     0.092217551 

CM Mom
-5.7842631e-17 1.8886117e-17 
1.7305453e-16  2.6704655e-17 
6.043359e-17   1.7731497e-17 
1.9462706e-16  2.1222537e-17 

CM Pos
7.5067654      0.0095896199  
7.4983482      0.0095425301  
7.5106551      0.0050400237  
12.999494      0.0071105439  

Stress
20.3035      -0.0263856   -0.0127355    0.137856     0.0533222    0.0437353   
-0.0263856   20.3351      0.00714079    0.0533222    0.127854     0.0736829   
-0.0127355   0.00714079   20.3015       0.0437353    0.0736829    0.175774    

Stress Spherical
0            0            0             0            0            0           
