Time = 1000
Temperature
   1.1538173    0.23752785

Pressure
   23.724704     1.0675807

CM Mom
3.1533303e-17  2.7097882e-17 
1.27942e-17    6.4993419e-17 
-1.6749328e-16 2.8429729e-16 
2.5676192e-16  2.2151466e-16 

CM Pos
7.5025766      0.012713647   
7.5013713      0.021714253   
7.505179       0.016803635   
12.99568       0.012077878   

Stress
20.372       -0.0235023   -0.0157942    0.393537     0.0650044    0.0757412   
-0.0235023   20.2176      -0.00555833   0.0650044    0.384423     0.0519824   
-0.0157942   -0.00555833  20.231        0.0757412    0.0519824    0.396712    

Stress Spherical
0            0            0             0            0            0           
0            0            0             0            0            0           
0            0            0             0            0            0           

Inertia
150.261      -56.2696     -56.3501      1.32264      0.163294     0.192387    
-56.2696     150.266      -56.2969      0.163294     1.61315      0.17126     
-56.3501     -56.2969     150.242       0.192387     0.17126      1.33186     

Bond Length
0.6194417     0.0088418867

BB bond length
0.6194417     0.0088418867

Water EE distance
0             0           

PEG EE distance
7.2121726     0.18754619  

BBB P2(x)
0.46605955    0.061494342 

BBB first bond length
0.61931024    0.008877202 

BBB second bond length
0.61947611    0.0088559636

BBB <phi**2>/<phi>**2
1.2156276     0.016851721 

Time = 2000
Temperature
1.0099953     0.0057021311

Pressure
22.963233     0.075455819 

CM Mom
2.3743046e-17  3.1375234e-17 
3.8367719e-17  1.9629595e-17 
-4.9974608e-17 3.8293015e-17 
7.8756726e-17  3.4157502e-17 

CM Pos
7.4967816      0.014146366   
7.4983996      0.012691921   
7.5016129      0.011663007   
12.988543      0.013151741   

Stress
19.9504      -0.0241795   0.0181762     0.0520372    0.0673287    0.0563163   
-0.0241795   19.9119      -0.00428214   0.0673287    0.144744     0.0379418   
0.0181762    -0.00428214  19.9643       0.0563163    0.0379418    0.109708    

Stress Spherical
0            0            0             0            0            0           
0            0            0             0            0            0           
0            0            0             0            0            0           

Inertia
149.889      -56.2731     -56.2728      0.216292     0.151272     0.192185    
-56.2731     149.852      -56.2536      0.151272     0.370342     0.137763    
-56.2728     -56.2536     149.809       0.192185     0.137763     0.328806    

Bond Length
0.61752556    0.0024876551

BB bond length
0.61752556    0.0024876551

Water EE distance
0             0           

PEG EE distance
6.844198      0.063296509 

BBB P2(x)
0.51405276    0.0089683616

BBB first bond length
0.61741907    0.0026916033

BBB second bond length
0.61757937    0.0022457532

BBB <phi**2>/<phi>**2
1.2287157     0.0059009496

