Time = 1000
Temperature
   1.1872472    0.28404632

Pressure
   23.797441     1.2551458

CM Mom
3.9280669e-17  2.4772356e-17 
1.2152873e-16  2.5200194e-17 
-1.590723e-16  3.6207593e-16 
3.3692766e-16  2.4585289e-16 

CM Pos
7.4894909      0.016466519   
7.49752        0.016458472   
7.5067052      0.015853764   
12.986773      0.020294874   

Stress
20.2303      -0.0106046   -0.00181898   0.445099     0.10643      0.074792    
-0.0106046   20.2318      0.0237427     0.10643      0.433208     0.0651058   
-0.00181898  0.0237427    20.2766       0.074792     0.0651058    0.403506    

Stress Spherical
0            0            0             0            0            0           
0            0            0             0            0            0           
0            0            0             0            0            0           

Inertia
150.294      -56.1745     -56.2254      1.41937      0.195436     0.223312    
-56.1745     150.151      -56.282       0.195436     1.43721      0.194046    
-56.2254     -56.282      150.019       0.223312     0.194046     1.32458     

Bond Length
0.6202126     0.0095081819

BB bond length
0.6202126     0.0095081819

Water EE distance
0             0           

PEG EE distance
6.9873488     0.099744732 

BBB P2(x)
0.46848479    0.056802391 

BBB first bond length
0.62014155    0.0096464875

BBB second bond length
0.62012426    0.0094056978

BBB <phi**2>/<phi>**2
1.2175269     0.01394096  

Time = 2000
Temperature
1.0056103     0.008781815 

Pressure
22.88643      0.091913303 

CM Mom
5.7078331e-19  2.6025661e-17 
1.0118426e-16  1.8802217e-17 
-3.3135538e-17 3.4494499e-17 
1.1389674e-16  2.418278e-17  

CM Pos
7.4957317      0.013197629   
7.5085155      0.016970982   
7.5038821      0.0098842011  
12.995096      0.0095199431  

Stress
19.839       0.0153412    -0.00556207   0.0997263    0.0601444    0.0568633   
0.0153412    19.9359      0.0341214     0.0601444    0.154905     0.0630304   
-0.00556207  0.0341214    19.8607       0.0568633    0.0630304    0.111512    

Stress Spherical
0            0            0             0            0            0           
0            0            0             0            0            0           
0            0            0             0            0            0           

Inertia
150.077      -56.2896     -56.2551      0.376947     0.135259     0.127036    
-56.2896     149.883      -56.3194      0.135259     0.399936     0.161263    
-56.2551     -56.3194     149.97        0.127036     0.161263     0.32329     

Bond Length
0.61642077    0.00091859784

BB bond length
0.61642077    0.00091859784

Water EE distance
0             0           

PEG EE distance
6.9772012     0.14478888  

BBB P2(x)
0.50812319    0.010408107 

BBB first bond length
0.61642873    0.00097140306

BBB second bond length
0.61671124    0.001011592 

BBB <phi**2>/<phi>**2
1.2221871     0.0076454498

