Time = 1000
Temperature
   1.0413843   0.059327625

Pressure
   23.650789    0.32292041

CM Mom
9.1372847e-18  3.1208889e-17 
1.6146679e-17  2.2352258e-17 
-1.9937216e-17 3.8876043e-17 
4.972065e-17   3.5419199e-17 

CM Pos
7.4965849      0.012215169   
7.5050394      0.014571613   
7.4942084      0.03523129    
12.988006      0.029277245   

Stress
20.5373      0.0119329    -0.0148396    0.191301     0.0657845    0.0728135   
0.0119329    20.4644      -0.0104316    0.0657845    0.196621     0.0528332   
-0.0148396   -0.0104316   20.5847       0.0728135    0.0528332    0.194748    

Stress Spherical
0            0            0             0            0            0           
0            0            0             0            0            0           
0            0            0             0            0            0           

Inertia
150.019      -56.2678     -56.2048      0.361297     0.157048     0.32501     
-56.2678     149.876      -56.2809      0.157048     0.407094     0.343247    
-56.2048     -56.2809     150.05        0.32501      0.343247     0.603189    

Bond Length
0.61863594    0.004299385 

BB bond length
0.61863594    0.004299385 

Water EE distance
0             0           

PEG EE distance
6.7921722     0.30473929  

BBB P2(x)
0.47176118    0.055875165 

BBB first bond length
0.61877356    0.0043734561

BBB second bond length
0.61872339    0.0042232236

BBB <phi**2>/<phi>**2
1.21675       0.0095636511

Time = 2000
Temperature
1.0135809     0.0064875066

Pressure
23.487509     0.095937733 

CM Mom
6.8046149e-18  1.6213068e-17 
4.4496703e-17  1.5025105e-17 
5.2932555e-18  2.6730052e-17 
5.4720612e-17  1.6218678e-17 

CM Pos
7.5023667      0.012818324   
7.4979233      0.016660233   
7.5038447      0.011075226   
12.992784      0.013404943   

Stress
20.4595      -0.0181928   0.0175032     0.119687     0.0495853    0.0567765   
-0.0181928   20.4245      -0.00360844   0.0495853    0.130668     0.073823    
0.0175032    -0.00360844  20.4626       0.0567765    0.073823     0.112483    

Stress Spherical
0            0            0             0            0            0           
0            0            0             0            0            0           
0            0            0             0            0            0           

Inertia
149.937      -56.2808     -56.2943      0.233589     0.0955061    0.18723     
-56.2808     150.029      -56.2815      0.0955061    0.276445     0.160473    
-56.2943     -56.2815     149.924       0.18723      0.160473     0.247183    

Bond Length
0.61766473    0.0032483819

BB bond length
0.61766473    0.0032483819

Water EE distance
0             0           

PEG EE distance
7.0074115     0.2134848   

BBB P2(x)
0.50284885    0.00876636  

BBB first bond length
0.6174413     0.0036385437

BBB second bond length
0.61780226    0.0033516962

BBB <phi**2>/<phi>**2
1.2251477     0.0067348214

