Time = 1000
Temperature
   1.1280857    0.18794488

Pressure
   23.755939    0.91677502

CM Mom
-4.7655097e-17 1.3981635e-17 
-3.7540267e-17 4.0080703e-17 
8.6881866e-17  3.5572488e-16 
2.3671125e-16  2.8903056e-16 

CM Pos
7.4988076      0.023981045   
7.4994556      0.017905073   
7.4977672      0.02458453    
12.988123      0.02478896    

Stress
20.3682      -0.00714536  -0.0168053    0.413206     0.100027     0.062571    
-0.00714536  20.3828      0.0287523     0.100027     0.362587     0.0773186   
-0.0168053   0.0287523    20.3731       0.062571     0.0773186    0.333487    

Stress Spherical
0            0            0             0            0            0           
0            0            0             0            0            0           
0            0            0             0            0            0           

Inertia
150.073      -56.2407     -56.2383      1.60798      0.301925     0.2297      
-56.2407     150.07       -56.2153      0.301925     1.65099      0.252166    
-56.2383     -56.2153     150.098       0.2297       0.252166     1.78198     

Bond Length
0.61960841    0.0067176229

BB bond length
0.61960841    0.0067176229

Water EE distance
0             0           

PEG EE distance
7.3860181     0.17301398  

BBB P2(x)
0.47804054    0.053885475 

BBB first bond length
0.61955367    0.0066377401

BBB second bond length
0.61972933    0.0067932243

BBB <phi**2>/<phi>**2
1.2216746     0.01216849  

Time = 2000
Temperature
1.0116256     0.0083896277

Pressure
23.195035     0.089037258 

CM Mom
-4.3009756e-17 1.8813009e-17 
-1.4121431e-17 2.4381511e-17 
-1.5539802e-17 5.1380634e-17 
6.9913765e-17  3.1482722e-17 

CM Pos
7.4983628      0.016028644   
7.5040523      0.012024398   
7.5060709      0.0092136633  
12.995292      0.014540499   

Stress
20.188       -0.0683095   -0.0869921    0.132705     0.057364     0.0887045   
-0.0683095   20.1493      -0.0277429    0.057364     0.0996837    0.0655967   
-0.0869921   -0.0277429   20.1513       0.0887045    0.0655967    0.0774776   

Stress Spherical
0            0            0             0            0            0           
0            0            0             0            0            0           
0            0            0             0            0            0           

Inertia
150.029      -56.2687     -56.2788      0.373432     0.202305     0.146926    
-56.2687     149.952      -56.3433      0.202305     0.410522     0.124018    
-56.2788     -56.3433     149.911       0.146926     0.124018     0.559201    

Bond Length
0.6179413     0.0029325736

BB bond length
0.6179413     0.0029325736

Water EE distance
0             0           

PEG EE distance
7.4580401     0.10325259  

BBB P2(x)
0.52156514    0.0085228463

BBB first bond length
0.61755768    0.0030308417

BBB second bond length
0.61797127    0.0030424241

BBB <phi**2>/<phi>**2
1.2288856     0.0053943374

