Time = 1000
Temperature
   1.0310127   0.043904166

Pressure
   23.466063    0.17105263

CM Mom
-4.0459426e-17 1.6292193e-17 
-3.0805289e-17 2.4912027e-17 
-8.2222192e-17 9.1727452e-17 
1.1831271e-16  6.8179857e-17 

CM Pos
7.5015388      0.040440569   
7.509504       0.02059889    
7.4980427      0.040619577   
12.995715      0.038592095   

Stress
20.3876      0.0184694    -0.0177668    0.130245     0.071246     0.0741552   
0.0184694    20.3675      0.0376294     0.071246     0.100273     0.0644266   
-0.0177668   0.0376294    20.3648       0.0741552    0.0644266    0.121364    

Stress Spherical
0            0            0             0            0            0           
0            0            0             0            0            0           
0            0            0             0            0            0           

Inertia
150.036      -56.325      -56.2442      0.931948     0.233347     0.590693    
-56.325      149.91       -56.2933      0.233347     1.4937       0.342723    
-56.2442     -56.2933     150.099       0.590693     0.342723     0.804363    

Bond Length
0.5692795     0.0028389109

BB bond length
0.5692795     0.0028389109

Water EE distance
0             0           

PEG EE distance
2.222134      0.12124906  

Time = 2000
Temperature
1.0106942     0.0096685181

Pressure
23.394489     0.089444134 

CM Mom
-5.814497e-17  3.279998e-18  
-7.647622e-17  2.8435143e-17 
-2.2424608e-17 2.04664e-17   
1.0279339e-16  2.0100258e-17 

CM Pos
7.4950196      0.017076685   
7.5060963      0.0096658474  
7.493746       0.027780423   
12.987437      0.025657179   

Stress
20.3756      0.0173019    0.00479019    0.123868     0.0455597    0.0530888   
0.0173019    20.3952      0.038459      0.0455597    0.124868     0.0860068   
0.00479019   0.038459     20.3173       0.0530888    0.0860068    0.114073    

Stress Spherical
0            0            0             0            0            0           
0            0            0             0            0            0           
0            0            0             0            0            0           

Inertia
149.879      -56.2162     -56.1678      0.563376     0.159929     0.347917    
-56.2162     149.721      -56.2183      0.159929     0.797225     0.203488    
-56.1678     -56.2183     149.913       0.347917     0.203488     0.419676    

Bond Length
0.56862278    0.0026603133

BB bond length
0.56862278    0.0026603133

Water EE distance
0             0           

PEG EE distance
2.2504175     0.04502965  

Time = 3000
Temperature
1.0107236     0.0067422078

Pressure
23.366971     0.094702209 

CM Mom
-6.7404596e-17 1.5872154e-17 
-8.7027602e-17 2.0193942e-17 
-2.3600875e-17 1.9280184e-17 
1.1528616e-16  2.0364941e-17 

CM Pos
7.4910192      0.015145251   
7.5063926      0.010518514   
7.4927088      0.019197803   
12.984695      0.01942483    

Stress
20.3111      -0.0389885   -0.0431192    0.115323     0.0785001    0.0552728   
-0.0389885   20.366       -0.00888732   0.0785001    0.146973     0.087831    
-0.0431192   -0.00888732  20.3282       0.0552728    0.087831     0.115304    

Stress Spherical
0            0            0             0            0            0           
0            0            0             0            0            0           
0            0            0             0            0            0           

Inertia
149.936      -56.2177     -56.1248      0.421123     0.180267     0.238259    
-56.2177     149.697      -56.2347      0.180267     0.454749     0.162854    
-56.1248     -56.2347     149.914       0.238259     0.162854     0.320703    

Bond Length
0.57080102    0.0022045378

BB bond length
0.57080102    0.0022045378

Water EE distance
0             0           

PEG EE distance
2.2641198     0.073165719 

