Time = 1000
Temperature
   1.2101411    0.33288832

Pressure
   23.963263     1.4550961

CM Mom
-1.0147241e-17 1.1011807e-17 
1.3392545e-16  4.0698537e-17 
-1.2918973e-16 3.6434342e-16 
3.1693795e-16  2.623034e-16  

CM Pos
7.4994325      0.019293842   
7.5065805      0.01970898    
7.4979978      0.0149373     
12.992717      0.022395336   

Stress
20.3059      -0.0206968   -0.0111693    0.492901     0.0482753    0.112851    
-0.0206968   20.3697      -0.00905812   0.0482753    0.558003     0.0857415   
-0.0111693   -0.00905812  20.3283       0.112851     0.0857415    0.393474    

Stress Spherical
0            0            0             0            0            0           
0            0            0             0            0            0           
0            0            0             0            0            0           

Inertia
150.326      -56.2976     -56.164       1.73718      0.277806     0.200722    
-56.2976     150.178      -56.3057      0.277806     1.68139      0.242299    
-56.164      -56.3057     150.285       0.200722     0.242299     1.78568     

Bond Length
0.61955423    0.0098183834

BB bond length
0.61955423    0.0098183834

Water EE distance
0             0           

PEG EE distance
6.9411296     0.078010156 

BBB P2(x)
0.47098832    0.055820784 

BBB first bond length
0.61958308    0.010006634 

BBB second bond length
0.61966384    0.0098686928

BBB <phi**2>/<phi>**2
1.2219391     0.012380324 

Time = 2000
Temperature
1.0121573     0.0048883514

Pressure
23.046731     0.06278549  

CM Mom
7.6947671e-18  2.8908666e-17 
1.3265821e-16  1.7633012e-17 
-5.045097e-17  6.3096736e-17 
1.5702654e-16  2.5946243e-17 

CM Pos
7.4991361      0.012695225   
7.4913137      0.012244196   
7.4962191      0.013323442   
12.982696      0.014413797   

Stress
19.9596      -0.0149234   -0.0203913    0.109451     0.0443926    0.0578808   
-0.0149234   20.0099      0.0376282     0.0443926    0.128491     0.0655371   
-0.0203913   0.0376282    20.0657       0.0578808    0.0655371    0.0679846   

Stress Spherical
0            0            0             0            0            0           
0            0            0             0            0            0           
0            0            0             0            0            0           

Inertia
149.693      -56.1584     -56.1957      0.529734     0.161676     0.165226    
-56.1584     149.81       -56.1359      0.161676     0.44801      0.191261    
-56.1957     -56.1359     149.749       0.165226     0.191261     0.324693    

Bond Length
0.61630769    0.00097986684

BB bond length
0.61630769    0.00097986684

Water EE distance
0             0           

PEG EE distance
7.2527113     0.17754969  

BBB P2(x)
0.51008062    0.0061527127

BBB first bond length
0.6162204     0.00099114133

BBB second bond length
0.61623092    0.00098028494

BBB <phi**2>/<phi>**2
1.2265239     0.0062426184

