Time = 1000
Temperature
   1.0307884   0.040812227

Pressure
   23.379856    0.17838122

CM Mom
-5.1171857e-18 1.5893921e-17 
-1.2167031e-17 4.0290371e-17 
-2.2565154e-17 1.1046182e-16 
1.013835e-16   6.6951767e-17 

CM Pos
7.4997966      0.022094623   
7.4953451      0.01476493    
7.5021514      0.010969463   
12.988843      0.014845146   

Stress
20.2862      -0.00618662  -0.0136925    0.11711      0.0850882    0.040075    
-0.00618662  20.3203      -0.0253268    0.0850882    0.143183     0.057987    
-0.0136925   -0.0253268   20.2615       0.040075     0.057987     0.141556    

Stress Spherical
0            0            0             0            0            0           
0            0            0             0            0            0           
0            0            0             0            0            0           

Inertia
149.893      -56.2083     -56.2684      0.686335     0.227224     0.206722    
-56.2083     149.978      -56.251       0.227224     0.409344     0.0924655   
-56.2684     -56.251      149.856       0.206722     0.0924655    0.603463    

Bond Length
0.57224914    0.0048323394

BB bond length
0.57224914    0.0048323394

Water EE distance
0             0           

PEG EE distance
2.2312262     0.085023054 

Time = 2000
Temperature
1.0107175     0.0073938853

Pressure
23.247662     0.058257594 

CM Mom
-1.9601981e-17 1.7508148e-17 
-3.0552939e-17 1.4188353e-17 
-4.1291596e-17 1.9819144e-17 
5.900339e-17   2.1022813e-17 

CM Pos
7.4996484      0.016946298   
7.4983098      0.015660485   
7.4971113      0.010714089   
12.987546      0.018702792   

Stress
20.2042      0.00168221   -0.0494745    0.104945     0.0572952    0.0513976   
0.00168221   20.2276      -0.0394715    0.0572952    0.136475     0.0772462   
-0.0494745   -0.0394715   20.2201       0.0513976    0.0772462    0.036127    

Stress Spherical
0            0            0             0            0            0           
0            0            0             0            0            0           
0            0            0             0            0            0           

Inertia
149.811      -56.2296     -56.2473      0.416711     0.26798      0.205653    
-56.2296     149.85       -56.2482      0.26798      0.457148     0.153013    
-56.2473     -56.2482     149.883       0.205653     0.153013     0.663785    

Bond Length
0.56995045    0.0020790993

BB bond length
0.56995045    0.0020790993

Water EE distance
0             0           

PEG EE distance
2.2306325     0.062449701 

Time = 3000
Temperature
1.0083819     0.0054530559

Pressure
23.300315     0.052057028 

CM Mom
-6.0919086e-17 1.3517246e-17 
-5.0632051e-17 2.1604189e-17 
-5.684558e-17  1.8559236e-17 
1.0067032e-16  1.9119298e-17 

CM Pos
7.501872       0.0086740224  
7.4894157      0.0111335     
7.5014102      0.0089691963  
12.986178      0.006964973   

Stress
20.2996      -0.0350536   -0.00428976   0.0946702    0.0614212    0.0353613   
-0.0350536   20.2431      -0.0059991    0.0614212    0.0809481    0.080621    
-0.00428976  -0.0059991   20.2882       0.0353613    0.080621     0.0934925   

Stress Spherical
0            0            0             0            0            0           
0            0            0             0            0            0           
0            0            0             0            0            0           

Inertia
149.783      -56.163      -56.2422      0.239345     0.101314     0.101664    
-56.163      149.993      -56.2107      0.101314     0.134795     0.123595    
-56.2422     -56.2107     149.819       0.101664     0.123595     0.206338    

Bond Length
0.56806361    0.0029973197

BB bond length
0.56806361    0.0029973197

Water EE distance
0             0           

PEG EE distance
2.2402838     0.081614182 

