Time = 1000
Temperature
   1.0430644   0.049752908

Pressure
   23.621258     0.2195538

CM Mom
-1.1136723e-16 1.7716426e-17 
-7.9884333e-18 2.2529284e-17 
5.936891e-18   1.0508894e-16 
1.479508e-16   4.9773566e-17 

CM Pos
7.5039368      0.017672293   
7.5005136      0.015597389   
7.4942045      0.016034002   
12.989619      0.021823079   

Stress
20.4719      -0.0298687   -0.00059727   0.144203     0.0783111    0.0515646   
-0.0298687   20.538       0.0354781     0.0783111    0.141589     0.0923554   
-0.00059727  0.0354781    20.4681       0.0515646    0.0923554    0.119737    

Stress Spherical
0            0            0             0            0            0           
0            0            0             0            0            0           
0            0            0             0            0            0           

Inertia
149.96       -56.2789     -56.2224      0.703643     0.191838     0.236653    
-56.2789     150.027      -56.2343      0.191838     0.619507     0.226085    
-56.2224     -56.2343     150.093       0.236653     0.226085     0.550924    

Bond Length
0.61765127    0.0032058299

BB bond length
0.61765127    0.0032058299

Water EE distance
0             0           

PEG EE distance
5.9397453     0.38381352  

BBB P2(x)
0.49137672    0.048705675 

BBB first bond length
0.61801697    0.0028937209

BBB second bond length
0.6175452     0.0034462719

BBB <phi**2>/<phi>**2
1.2239968     0.019785948 

Time = 2000
Temperature
1.0094705     0.0049988972

Pressure
23.479218     0.10441207  

CM Mom
-1.1168113e-16 1.5907434e-17 
-1.5731267e-17 1.7793425e-17 
1.6867757e-18  3.3795813e-17 
1.1837389e-16  2.0552963e-17 

CM Pos
7.5057149      0.0081214203  
7.49755        0.011226334   
7.4971681      0.0069957947  
12.990639      0.0091176952  

Stress
20.4674      -0.0202751   -0.0381284    0.135954     0.0585818    0.0585779   
-0.0202751   20.4643      -0.0205647    0.0585818    0.123513     0.047538    
-0.0381284   -0.0205647   20.4225       0.0585779    0.047538     0.128936    

Stress Spherical
0            0            0             0            0            0           
0            0            0             0            0            0           
0            0            0             0            0            0           

Inertia
149.863      -56.2401     -56.2428      0.381832     0.127502     0.0784728   
-56.2401     149.982      -56.247       0.127502     0.260345     0.125018    
-56.2428     -56.247      149.999       0.0784728    0.125018     0.324809    

Bond Length
0.61690546    0.0020079167

BB bond length
0.61690546    0.0020079167

Water EE distance
0             0           

PEG EE distance
6.0708095     0.13968566  

BBB P2(x)
0.50844995    0.013841597 

BBB first bond length
0.61737661    0.0019779955

BBB second bond length
0.61673865    0.0023034906

BBB <phi**2>/<phi>**2
1.2225864     0.0084839479

