Time = 1000
Temperature
   1.0815958     0.1066401

Pressure
   23.717955      0.575419

CM Mom
-1.7590137e-17 1.535744e-17  
1.7504052e-17  3.2922289e-17 
1.7817522e-16  2.0947849e-16 
1.890903e-16   2.0447014e-16 

CM Pos
7.5007629      0.01241742    
7.4939307      0.011587049   
7.5034148      0.02136012    
12.989304      0.020213671   

Stress
20.4531      0.0177744    0.0205802     0.299614     0.0855334    0.0494011   
0.0177744    20.4825      0.0399061     0.0855334    0.248332     0.0697299   
0.0205802    0.0399061    20.4849       0.0494011    0.0697299    0.28887     

Stress Spherical
0            0            0             0            0            0           
0            0            0             0            0            0           
0            0            0             0            0            0           

Inertia
150.033      -56.2423     -56.268       0.87308      0.166522     0.233792    
-56.2423     150.127      -56.2264      0.166522     0.954414     0.201436    
-56.268      -56.2264     149.994       0.233792     0.201436     0.965727    

Bond Length
0.62035403    0.0037261707

BB bond length
0.62035403    0.0037261707

Water EE distance
0             0           

PEG EE distance
7.354235      0.34283434  

BBB P2(x)
0.47028858    0.05853634  

BBB first bond length
0.62039986    0.0036607627

BBB second bond length
0.62028833    0.0033825208

BBB <phi**2>/<phi>**2
1.2185336     0.015871418 

Time = 2000
Temperature
1.0130508     0.0075217607

Pressure
23.376341     0.091243775 

CM Mom
-2.4994274e-17 2.432711e-17  
3.2399371e-17  3.6959919e-17 
4.4735989e-17  1.3095873e-17 
7.2793779e-17  2.249785e-17  

CM Pos
7.495429       0.010822984   
7.5040057      0.0093236662  
7.5046001      0.015386118   
12.99272       0.01555116    

Stress
20.3285      -0.00929392  0.0194473     0.123218     0.0510026    0.0631914   
-0.00929392  20.2902      0.0271298     0.0510026    0.129737     0.0386359   
0.0194473    0.0271298    20.3937       0.0631914    0.0386359    0.115142    

Stress Spherical
0            0            0             0            0            0           
0            0            0             0            0            0           
0            0            0             0            0            0           

Inertia
150.021      -56.2424     -56.2886      0.27895      0.14099      0.215501    
-56.2424     149.898      -56.3366      0.14099      0.251522     0.147388    
-56.2886     -56.3366     149.878       0.215501     0.147388     0.417154    

Bond Length
0.61902921    0.0024242005

BB bond length
0.61902921    0.0024242005

Water EE distance
0             0           

PEG EE distance
7.3651068     0.201118    

BBB P2(x)
0.51893025    0.010845734 

BBB first bond length
0.61890038    0.0025121733

BBB second bond length
0.61895457    0.0026128446

BBB <phi**2>/<phi>**2
1.2231305     0.010910395 

