Time = 1000
Temperature
   1.0258388   0.038555846

Pressure
   23.594877    0.16617525

CM Mom
6.4814312e-18  1.7707271e-17 
-2.4806597e-18 2.4128376e-17 
1.5907169e-17  6.9582104e-17 
6.9174031e-17  3.5405498e-17 

CM Pos
7.4968581      0.017816738   
7.4994291      0.021462906   
7.4993957      0.01863972    
12.987905      0.0265014     

Stress
20.5324      0.0146576    -0.0239085    0.11986      0.0433424    0.0543536   
0.0146576    20.5221      -0.00986251   0.0433424    0.126267     0.0553397   
-0.0239085   -0.00986251  20.5213       0.0543536    0.0553397    0.0974248   

Stress Spherical
0            0            0             0            0            0           
0            0            0             0            0            0           
0            0            0             0            0            0           

Inertia
149.972      -56.2424     -56.2026      0.795768     0.280323     0.207646    
-56.2424     149.954      -56.2465      0.280323     0.846034     0.270298    
-56.2026     -56.2465     149.95        0.207646     0.270298     0.908095    

Bond Length
0.61872949    0.0043599402

BB bond length
0.61872949    0.0043599402

Water EE distance
0             0           

PEG EE distance
6.4284052     0.48942028  

BBB P2(x)
0.46868967    0.053949387 

BBB first bond length
0.61875746    0.0048414661

BBB second bond length
0.61870169    0.0045444917

BBB <phi**2>/<phi>**2
1.2235165     0.018920261 

Time = 2000
Temperature
1.0097726     0.0078049587

Pressure
23.49063      0.12457749  

CM Mom
-1.0587602e-17 2.2953552e-17 
3.7626546e-17  2.0062203e-17 
3.4340894e-17  2.1416876e-17 
5.9643329e-17  2.3191912e-17 

CM Pos
7.4999772      0.01492408    
7.486507       0.018893053   
7.4961281      0.012019887   
12.980368      0.012824493   

Stress
20.4393      0.00538482   -0.0118095    0.196497     0.0848034    0.051028    
0.00538482   20.4729      -0.00715711   0.0848034    0.128342     0.0609231   
-0.0118095   -0.00715711  20.4951       0.051028     0.0609231    0.145417    

Stress Spherical
0            0            0             0            0            0           
0            0            0             0            0            0           
0            0            0             0            0            0           

Inertia
149.675      -56.1346     -56.2021      0.473192     0.11547      0.171017    
-56.1346     149.876      -56.1198      0.11547      0.331132     0.259416    
-56.2021     -56.1198     149.71        0.171017     0.259416     0.31622     

Bond Length
0.61988013    0.0040703498

BB bond length
0.61988013    0.0040703498

Water EE distance
0             0           

PEG EE distance
6.9850085     0.16371055  

BBB P2(x)
0.50864971    0.020412697 

BBB first bond length
0.61967169    0.0039567172

BBB second bond length
0.62000191    0.0039544922

BBB <phi**2>/<phi>**2
1.2179125     0.021051957 

