Time = 500
Temperature
   1.0370993   0.041874101

Pressure
   22.964335    0.14358442

CM Mom
7.6793811e-17  3.0625072e-17 
-2.9293373e-17 2.0490737e-17 
2.383614e-17   1.5679309e-17 
9.1312408e-17  2.4273505e-17 

CM Pos
7.4978558      0.014805627   
7.5094792      0.027588924   
7.4971126      0.0095868823  
12.99299       0.010072387   

Stress
19.8535      0.0348385    0.0362442     0.0657452    0.0403742    0.0448252   
0.0348385    19.8403      -0.0154412    0.0403742    0.0476501    0.0151478   
0.0362442    -0.0154412   19.8782       0.0448252    0.0151478    0.12087     

Stress Spherical
0            0            0             0            0            0           
0            0            0             0            0            0           
0            0            0             0            0            0           

Inertia
149.811      -56.2838     -56.2915      0.375636     0.119908     0.116382    
-56.2838     149.498      -56.2909      0.119908     0.147135     0.220832    
-56.2915     -56.2909     149.806       0.116382     0.220832     0.268515    

Bond Length
0.61693271    0.0052016398

BB bond length
0.61693271    0.0052016398

Water EE distance
0             0           

PEG EE distance
3.8429085     0.19713747  

Time = 1000
Temperature
1.0093045     0.0061443992

Pressure
22.863535     0.050900057 

CM Mom
6.0151995e-17  2.6546953e-17 
-2.5468918e-17 1.8708001e-17 
8.8701999e-18  2.0191382e-17 
7.0227382e-17  2.9599756e-17 

CM Pos
7.4853941      0.01203766    
7.5124463      0.011399094   
7.5009698      0.0098674449  
12.989721      0.0065811489  

Stress
19.8468      0.00700664   -0.0809557    0.0632805    0.0829013    0.0721317   
0.00700664   19.8256      0.00472283    0.0829013    0.119481     0.113766    
-0.0809557   0.00472283   19.8469       0.0721317    0.113766     0.0746583   

Stress Spherical
0            0            0             0            0            0           
0            0            0             0            0            0           
0            0            0             0            0            0           

Inertia
149.955      -56.2113     -56.1676      0.190904     0.091742     0.0794504   
-56.2113     149.502      -56.3986      0.091742     0.199512     0.129715    
-56.1676     -56.3986     149.806       0.0794504    0.129715     0.153438    

Bond Length
0.61394379    0.0067994361

BB bond length
0.61394379    0.0067994361

Water EE distance
0             0           

PEG EE distance
3.7406932     0.20331117  

