Time = 1000
Temperature
   1.0694511   0.085107629

Pressure
   23.734917    0.42023693

CM Mom
-2.1373275e-17 2.1398151e-17 
3.1018598e-18  2.599351e-17  
-9.0837926e-18 2.7025099e-16 
1.8568772e-16  2.0059453e-16 

CM Pos
7.501971       0.027673277   
7.4960473      0.033851826   
7.501282       0.024487847   
12.990056      0.022213468   

Stress
20.516       -0.0108558   -0.0723549    0.19745      0.0559065    0.0909575   
-0.0108558   20.5652      0.0121521     0.0559065    0.168921     0.0337702   
-0.0723549   0.0121521    20.5051       0.0909575    0.0337702    0.226393    

Stress Spherical
0            0            0             0            0            0           
0            0            0             0            0            0           
0            0            0             0            0            0           

Inertia
150.051      -56.2461     -56.2535      0.902241     0.494752     0.163319    
-56.2461     150.122      -56.2694      0.494752     0.999482     0.133377    
-56.2535     -56.2694     150.055       0.163319     0.133377     0.598522    

Bond Length
0.61882598    0.0044325314

BB bond length
0.61882598    0.0044325314

Water EE distance
0             0           

PEG EE distance
7.0297013     0.46904678  

BBB P2(x)
0.47689012    0.062701885 

BBB first bond length
0.61868804    0.0047051705

BBB second bond length
0.61894244    0.0043787265

BBB <phi**2>/<phi>**2
1.2213557     0.018139051 

Time = 2000
Temperature
1.0159938     0.0080123982

Pressure
23.418784     0.12424489  

CM Mom
-5.3446902e-18 2.1138228e-17 
2.8895782e-17  1.6385438e-17 
1.6912851e-17  3.491314e-17  
4.9394979e-17  2.5376111e-17 

CM Pos
7.5000437      0.01662061    
7.5031634      0.019338613   
7.5017268      0.019082916   
12.993264      0.010874359   

Stress
20.4366      0.0195181    -0.0043349    0.124323     0.0761534    0.0729431   
0.0195181    20.3131      -0.0327951    0.0761534    0.147088     0.081057    
-0.0043349   -0.0327951   20.369        0.0729431    0.081057     0.148       

Stress Spherical
0            0            0             0            0            0           
0            0            0             0            0            0           
0            0            0             0            0            0           

Inertia
149.952      -56.2923     -56.2455      0.386859     0.226457     0.0821171   
-56.2923     149.888      -56.2787      0.226457     0.374351     0.16666     
-56.2455     -56.2787     149.914       0.0821171    0.16666      0.379707    

Bond Length
0.62105988    0.0020326181

BB bond length
0.62105988    0.0020326181

Water EE distance
0             0           

PEG EE distance
7.4431528     0.15410654  

BBB P2(x)
0.50773868    0.0094445755

BBB first bond length
0.62097641    0.0023611646

BBB second bond length
0.62094042    0.001791421 

BBB <phi**2>/<phi>**2
1.224572      0.0073196643

