Time = 500
Temperature
    1.045439   0.059548021

Pressure
   19.558055     0.2257378

CM Mom
-7.7658582e-17 1.7053985e-17 
5.1107767e-18  1.7640233e-17 
1.5027438e-17  1.6074937e-17 
8.2788221e-17  1.7009691e-17 

CM Pos
7.5300741      0.023316177   
7.5094011      0.013398385   
7.4820273      0.017796102   
13.002855      0.025433384   

Stress
16.4624      -0.0248647   0.00174805    0.0766438    0.0784146    0.0771543   
-0.0248647   16.3522      0.0200046     0.0784146    0.109782     0.0324347   
0.00174805   0.0200046    16.4525       0.0771543    0.0324347    0.118429    

Stress Spherical
0            0            0             0            0            0           
0            0            0             0            0            0           
0            0            0             0            0            0           

Inertia
148.821      -56.662      -56.2311      1.00549      0.287217     0.288055    
-56.662      149.2        -56.1021      0.287217     1.21973      0.251298    
-56.2311     -56.1021     149.43        0.288055     0.251298     0.983829    

Bond Length
0.61465548    0.002137051 

BB bond length
0.61465548    0.002137051 

Water EE distance
0             0           

PEG EE distance
3.7838476     0.10872329  

Time = 1000
Temperature
1.0024308     0.0036061593

Pressure
19.421216     0.13243584  

CM Mom
-7.6288762e-17 1.2252e-17    
2.2107948e-17  1.3268112e-17 
2.9345839e-18  1.7097071e-17 
8.2613235e-17  1.0529285e-17 

CM Pos
7.5119964      0.011905943   
7.5028813      0.010627534   
7.4802492      0.0051840924  
12.987596      0.0085463367  

Stress
16.4533      -0.0121255   0.0760479     0.193129     0.0714793    0.0618629   
-0.0121255   16.3721      0.0542821     0.0714793    0.149531     0.0455604   
0.0760479    0.0542821    16.4181       0.0618629    0.0455604    0.124814    

Stress Spherical
0            0            0             0            0            0           
0            0            0             0            0            0           
0            0            0             0            0            0           

Inertia
148.902      -56.5066     -56.127       0.343466     0.119786     0.124126    
-56.5066     148.987      -56.1905      0.119786     0.23002      0.0540664   
-56.127      -56.1905     149.295       0.124126     0.0540664    0.278755    

Bond Length
0.61298774    0.0011451185

BB bond length
0.61298774    0.0011451185

Water EE distance
0             0           

PEG EE distance
3.6165643     0.10649734  

