Time = 1000
Temperature
   1.0449781    0.05483815

Pressure
   23.677555    0.26477143

CM Mom
3.3073656e-18  9.8961941e-18 
4.3335149e-18  2.0701819e-17 
3.3899296e-17  9.2424256e-17 
7.4410228e-17  6.8634841e-17 

CM Pos
7.4960831      0.014401074   
7.497766       0.0088705991  
7.4971948      0.020746733   
12.985234      0.010047874   

Stress
20.5531      -0.026504    -0.02969      0.135124     0.0832993    0.0594849   
-0.026504    20.541       -0.00387606   0.0832993    0.166918     0.05344     
-0.02969     -0.00387606  20.5458       0.0594849    0.05344      0.173153    

Stress Spherical
0            0            0             0            0            0           
0            0            0             0            0            0           
0            0            0             0            0            0           

Inertia
149.933      -56.2284     -56.1856      0.436472     0.103897     0.195797    
-56.2284     149.902      -56.2073      0.103897     0.421547     0.152141    
-56.1856     -56.2073     149.94        0.195797     0.152141     0.827075    

Bond Length
0.61892037    0.0065530063

BB bond length
0.61892037    0.0065530063

Water EE distance
0             0           

PEG EE distance
6.5709504     0.71044792  

BBB P2(x)
0.47849752    0.054679822 

BBB first bond length
0.61921291    0.0066564399

BBB second bond length
0.61881035    0.0067238033

BBB <phi**2>/<phi>**2
1.2198626     0.015790841 

Time = 2000
Temperature
1.0168672     0.0082572027

Pressure
23.451981     0.092994505 

CM Mom
3.4987067e-17  1.5255632e-17 
-1.9537049e-17 1.2549109e-17 
1.3667947e-17  2.6977199e-17 
5.1273253e-17  1.6782165e-17 

CM Pos
7.5128453      0.016028809   
7.5035512      0.014188648   
7.5022383      0.01187543    
13.001157      0.014614326   

Stress
20.3715      0.0157108    -0.00121253   0.120612     0.0778147    0.0545906   
0.0157108    20.4412      0.00968869    0.0778147    0.139135     0.0513841   
-0.00121253  0.00968869   20.4032       0.0545906    0.0513841    0.145119    

Stress Spherical
0            0            0             0            0            0           
0            0            0             0            0            0           
0            0            0             0            0            0           

Inertia
150.01       -56.3295     -56.4131      0.265765     0.157619     0.205397    
-56.3295     150.165      -56.2593      0.157619     0.249421     0.16671     
-56.4131     -56.2593     150.162       0.205397     0.16671      0.154426    

Bond Length
0.62071576    0.0040671522

BB bond length
0.62071576    0.0040671522

Water EE distance
0             0           

PEG EE distance
7.2978547     0.31859781  

BBB P2(x)
0.51592501    0.017756217 

BBB first bond length
0.62080202    0.0038388583

BBB second bond length
0.62091992    0.004228027 

BBB <phi**2>/<phi>**2
1.2246388     0.014675603 

