Time = 500
Temperature
   1.0333022   0.042844417

Pressure
   22.949453    0.18209605

CM Mom
-8.9678067e-17 2.3647126e-17 
1.6731847e-17  2.4372538e-17 
-1.5700345e-18 5.7094586e-17 
1.0912534e-16  2.8796437e-17 

CM Pos
7.4999221      0.028129631   
7.4789179      0.0090668751  
7.4997707      0.005421974   
12.978069      0.015304682   

Stress
19.8597      0.0247531    0.058179      0.134854     0.0560695    0.0430337   
0.0247531    19.8601      -0.0328414    0.0560695    0.120008     0.0621281   
0.058179     -0.0328414   19.8408       0.0430337    0.0621281    0.067442    

Stress Spherical
0            0            0             0            0            0           
0            0            0             0            0            0           
0            0            0             0            0            0           

Inertia
149.276      -56.1116     -56.2664      0.124072     0.184005     0.209658    
-56.1116     149.63       -56.1164      0.184005     0.669102     0.116676    
-56.2664     -56.1164     149.243       0.209658     0.116676     0.394562    

Bond Length
0.61346081    0.005631891 

BB bond length
0.61346081    0.005631891 

Water EE distance
0             0           

PEG EE distance
3.731663      0.17356015  

Time = 1000
Temperature
1.0159183     0.0067026364

Pressure
22.891932     0.040858674 

CM Mom
-1.1408442e-16 2.4017042e-17 
1.4340564e-17  2.5835231e-17 
7.4269221e-18  1.3600174e-17 
1.1927367e-16  2.1888349e-17 

CM Pos
7.5017022      0.013314165   
7.4901916      0.012318358   
7.4997707      0.0087708142  
12.985585      0.006644892   

Stress
19.8632      -0.0346196   0.0200639     0.0889041    0.111294     0.081982    
-0.0346196   19.852       0.00570267    0.111294     0.0914919    0.0631904   
0.0200639    0.00570267   19.829        0.081982     0.0631904    0.0723577   

Stress Spherical
0            0            0             0            0            0           
0            0            0             0            0            0           
0            0            0             0            0            0           

Inertia
149.527      -56.1486     -56.2423      0.101682     0.119911     0.162192    
-56.1486     149.652      -56.234       0.119911     0.231538     0.0791656   
-56.2423     -56.234      149.473       0.162192     0.0791656    0.332846    

Bond Length
0.61793866    0.0063748242

BB bond length
0.61793866    0.0063748242

Water EE distance
0             0           

PEG EE distance
3.6759007     0.18723555  

