Time = 1000
Temperature
   1.0983381    0.13337919

Pressure
   23.783604    0.67092233

CM Mom
-9.5226877e-17 2.9251156e-17 
-1.8235109e-17 1.1835428e-17 
5.335607e-19   2.2545947e-16 
1.9483294e-16  1.5254104e-16 

CM Pos
7.4975237      0.019851903   
7.5016008      0.016380811   
7.4963919      0.013136912   
12.987818      0.01360325    

Stress
20.4753      -0.00259753  0.0108653     0.309188     0.0478572    0.0417699   
-0.00259753  20.4307      -0.00158667   0.0478572    0.34466      0.0597568   
0.0108653    -0.00158667  20.5617       0.0417699    0.0597568    0.258176    

Stress Spherical
0            0            0             0            0            0           
0            0            0             0            0            0           
0            0            0             0            0            0           

Inertia
150.053      -56.2572     -56.1535      1.57083      0.159654     0.17794     
-56.2572     150.026      -56.2249      0.159654     1.25303      0.204266    
-56.1535     -56.2249     150.098       0.17794      0.204266     1.18581     

Bond Length
0.61888166    0.0071729905

BB bond length
0.61888166    0.0071729905

Water EE distance
0             0           

PEG EE distance
6.5147125     0.1548496   

BBB P2(x)
0.45600397    0.069837757 

BBB first bond length
0.61884097    0.0072631065

BBB second bond length
0.61882942    0.0071810894

BBB <phi**2>/<phi>**2
1.2151801     0.016394789 

Time = 2000
Temperature
1.0073836     0.0053740985

Pressure
23.372773     0.077248836 

CM Mom
-1.011443e-16  3.4130143e-17 
-2.9156378e-17 7.2216711e-18 
3.033564e-17   2.8904827e-17 
1.1416993e-16  3.1910021e-17 

CM Pos
7.4990054      0.015175712   
7.4940437      0.0095157133  
7.4999482      0.016727649   
12.986357      0.011085652   

Stress
20.3813      -0.0213082   0.00647517    0.0792913    0.0959215    0.0764353   
-0.0213082   20.3735      0.025338      0.0959215    0.1277       0.0861528   
0.00647517   0.025338     20.2989       0.0764353    0.0861528    0.119245    

Stress Spherical
0            0            0             0            0            0           
0            0            0             0            0            0           
0            0            0             0            0            0           

Inertia
149.779      -56.2412     -56.2701      0.437532     0.0978801    0.158584    
-56.2412     149.853      -56.1854      0.0978801    0.366371     0.171596    
-56.2701     -56.1854     149.757       0.158584     0.171596     0.213832    

Bond Length
0.61810747    0.0017017354

BB bond length
0.61810747    0.0017017354

Water EE distance
0             0           

PEG EE distance
6.7045817     0.081725746 

BBB P2(x)
0.50302142    0.012386426 

BBB first bond length
0.61794066    0.0017458626

BBB second bond length
0.61824056    0.0017281917

BBB <phi**2>/<phi>**2
1.2250438     0.011001242 

