Time = 1000
Temperature
   1.0496941   0.070912872

Pressure
   23.610296    0.31575935

CM Mom
9.9813954e-18  2.0578974e-17 
9.4682637e-17  3.3618502e-17 
-3.9365302e-18 1.6737927e-16 
1.8550009e-16  6.510883e-17  

CM Pos
7.5060412      0.034366479   
7.5038316      0.028740466   
7.4937608      0.019911647   
12.992515      0.039277554   

Stress
20.462       -0.0141764   -0.00748182   0.14149      0.05038      0.0859677   
-0.0141764   20.491       0.0282042     0.05038      0.17379      0.0716636   
-0.00748182  0.0282042    20.4577       0.0859677    0.0716636    0.157862    

Stress Spherical
0            0            0             0            0            0           
0            0            0             0            0            0           
0            0            0             0            0            0           

Inertia
150.006      -56.3395     -56.2583      0.402135     0.376793     0.361399    
-56.3395     150.038      -56.2255      0.376793     0.33264      0.353998    
-56.2583     -56.2255     150.166       0.361399     0.353998     0.302116    

Bond Length
0.61744553    0.0050794156

BB bond length
0.61744553    0.0050794156

Water EE distance
0             0           

PEG EE distance
6.9374908     0.21779249  

BBB P2(x)
0.49027771    0.047926217 

BBB first bond length
0.61758065    0.0047654566

BBB second bond length
0.61715362    0.0049846458

BBB <phi**2>/<phi>**2
1.2263376     0.02281628  

Time = 2000
Temperature
1.0104225     0.0066956004

Pressure
23.37803      0.091371052 

CM Mom
-1.7320568e-17 2.4226064e-17 
1.0331337e-16  1.4715506e-17 
8.3354356e-18  1.5907604e-17 
1.0890367e-16  1.5479779e-17 

CM Pos
7.5110927      0.012536662   
7.5042773      0.02436835    
7.5065381      0.018910927   
13.003066      0.014161698   

Stress
20.348       0.00722307   0.00207851    0.15212      0.0651356    0.0438987   
0.00722307   20.327       -0.00956037   0.0651356    0.137216     0.0311514   
0.00207851   -0.00956037  20.3913       0.0438987    0.0311514    0.0990864   

Stress Spherical
0            0            0             0            0            0           
0            0            0             0            0            0           
0            0            0             0            0            0           

Inertia
150.076      -56.3578     -56.397       0.308645     0.203625     0.210431    
-56.3578     150.185      -56.3164      0.203625     0.351691     0.190148    
-56.397      -56.3164     150.126       0.210431     0.190148     0.294049    

Bond Length
0.61803429    0.0027673492

BB bond length
0.61803429    0.0027673492

Water EE distance
0             0           

PEG EE distance
7.2863811     0.29424439  

BBB P2(x)
0.51206128    0.024837696 

BBB first bond length
0.61792577    0.002770548 

BBB second bond length
0.61797904    0.0025974015

BBB <phi**2>/<phi>**2
1.2267596     0.017501107 

