Time = 1000
Temperature
   1.0298655   0.044171863

Pressure
   23.628113    0.14400756

CM Mom
2.1628277e-17  1.6956241e-17 
-1.2396173e-18 1.4528176e-17 
-7.1628646e-17 9.5424037e-17 
1.0602536e-16  6.2951844e-17 

CM Pos
7.4990214      0.013209405   
7.5019394      0.01098173    
7.5010182      0.034578491   
12.99156       0.023301273   

Stress
20.5937      -0.0193549   0.025677      0.0617946    0.0777665    0.0828929   
-0.0193549   20.5232      -0.0149852    0.0777665    0.150513     0.0745128   
0.025677     -0.0149852   20.5069       0.0828929    0.0745128    0.0699502   

Stress Spherical
0            0            0             0            0            0           
0            0            0             0            0            0           
0            0            0             0            0            0           

Inertia
150.038      -56.2609     -56.2567      0.310009     0.0883306    0.332564    
-56.2609     150.009      -56.2719      0.0883306    0.318066     0.277218    
-56.2567     -56.2719     149.994       0.332564     0.277218     0.355868    

Bond Length
0.61803084    0.0026458795

BB bond length
0.61803084    0.0026458795

Water EE distance
0             0           

PEG EE distance
4.863137      0.27854009  

BBB P2(x)
0.49575618    0.039620416 

BBB first bond length
0.61798525    0.0028762258

BBB second bond length
0.61826121    0.0029171588

BBB <phi**2>/<phi>**2
1.227129      0.011174665 

Time = 2000
Temperature
1.0063391     0.0038459599

Pressure
23.478273     0.055647044 

CM Mom
2.8150124e-17  2.0040227e-17 
7.7395144e-18  1.5692066e-17 
-5.9349356e-17 4.2607583e-17 
7.3500816e-17  3.7888828e-17 

CM Pos
7.5034698      0.011671808   
7.5019394      0.012481086   
7.5001285      0.012739138   
12.993587      0.014994013   

Stress
20.4626      0.00166793   -0.0186007    0.0799728    0.049138     0.054436    
0.00166793   20.4413      -0.0113087    0.049138     0.112869     0.0634194   
-0.0186007   -0.0113087   20.482        0.054436     0.0634194    0.0730837   

Stress Spherical
0            0            0             0            0            0           
0            0            0             0            0            0           
0            0            0             0            0            0           

Inertia
149.952      -56.3178     -56.3065      0.269226     0.17677      0.171563    
-56.3178     149.991      -56.266       0.17677      0.2725       0.153796    
-56.3065     -56.266      150.026       0.171563     0.153796     0.285826    

Bond Length
0.6193207     0.0026964196

BB bond length
0.6193207     0.0026964196

Water EE distance
0             0           

PEG EE distance
5.0230189     0.1340504   

BBB P2(x)
0.51265295    0.012396544 

BBB first bond length
0.61932422    0.0027915064

BBB second bond length
0.61908055    0.0027509266

BBB <phi**2>/<phi>**2
1.225175      0.010290909 

