Time = 1000
Temperature
   1.0330688   0.045951456

Pressure
   23.457833    0.17934679

CM Mom
-1.1936954e-16 2.0171942e-17 
1.3328379e-17  1.1786655e-17 
-1.7011393e-17 8.6606411e-17 
1.4547335e-16  4.00016e-17   

CM Pos
7.4955259      0.022957583   
7.4979382      0.018083145   
7.5010824      0.031999045   
12.987289      0.020447146   

Stress
20.36        -0.00778178  -0.0086663    0.140756     0.0692927    0.0651313   
-0.00778178  20.3803      0.0242173     0.0692927    0.148381     0.0522129   
-0.0086663   0.0242173    20.3365       0.0651313    0.0522129    0.0877463   

Stress Spherical
0            0            0             0            0            0           
0            0            0             0            0            0           
0            0            0             0            0            0           

Inertia
149.932      -56.2407     -56.252       0.541354     0.267494     0.188909    
-56.2407     149.928      -56.2349      0.267494     0.546224     0.280999    
-56.252      -56.2349     149.855       0.188909     0.280999     0.90229     

Bond Length
0.57202766    0.0046570576

BB bond length
0.57202766    0.0046570576

Water EE distance
0             0           

PEG EE distance
2.1896838     0.11399931  

Time = 2000
Temperature
1.008554      0.0077600915

Pressure
23.404463     0.1010775   

CM Mom
-1.2724385e-16 1.8383892e-17 
1.2457898e-17  8.7311053e-18 
2.9725114e-17  1.4713252e-17 
1.323381e-16   1.8630258e-17 

CM Pos
7.5008598      0.010439958   
7.5017904      0.0068283595  
7.5007861      0.024776432   
12.992383      0.017107268   

Stress
20.31        -0.0328161   -0.00472922   0.151767     0.0831672    0.0737249   
-0.0328161   20.3941      0.00395607    0.0831672    0.103534     0.0763361   
-0.00472922  0.00395607   20.4332       0.0737249    0.0763361    0.155498    

Stress Spherical
0            0            0             0            0            0           
0            0            0             0            0            0           
0            0            0             0            0            0           

Inertia
149.968      -56.2384     -56.2459      0.260294     0.11271      0.285286    
-56.2384     149.961      -56.2598      0.11271      0.369228     0.218495    
-56.2459     -56.2598     149.975       0.285286     0.218495     0.205289    

Bond Length
0.56916191    0.0028331791

BB bond length
0.56916191    0.0028331791

Water EE distance
0             0           

PEG EE distance
2.2355394     0.081608745 

Time = 3000
Temperature
1.0145091     0.0077580161

Pressure
23.411644     0.088389987 

CM Mom
-1.1764084e-16 2.500809e-17  
2.3129464e-17  1.8581863e-17 
3.8329233e-17  2.1298464e-17 
1.289698e-16   2.5190801e-17 

CM Pos
7.4981928      0.0076716279  
7.4889003      0.005585167   
7.5030085      0.012579884   
12.984676      0.010071191   

Stress
20.3536      0.00189447   0.00893387    0.113277     0.0996444    0.0749351   
0.00189447   20.3928      -0.00587626   0.0996444    0.129587     0.0582201   
0.00893387   -0.00587626  20.3589       0.0749351    0.0582201    0.108954    

Stress Spherical
0            0            0             0            0            0           
0            0            0             0            0            0           
0            0            0             0            0            0           

Inertia
149.823      -56.1378     -56.2724      0.248386     0.0628674    0.128446    
-56.1378     149.979      -56.1808      0.0628674    0.246049     0.145843    
-56.2724     -56.1808     149.767       0.128446     0.145843     0.157349    

Bond Length
0.56910422    0.002388513 

BB bond length
0.56910422    0.002388513 

Water EE distance
0             0           

PEG EE distance
2.2995634     0.057114135 

