Time = 1000
Temperature
   1.0559147   0.066207908

Pressure
   23.578254     0.3383546

CM Mom
-3.5931803e-17 2.0499097e-17 
-1.9493625e-17 2.0752617e-17 
-4.7969377e-17 9.0151157e-17 
9.9741383e-17  5.4789859e-17 

CM Pos
7.501091       0.042704462   
7.4985919      0.021777262   
7.4982439      0.023584905   
12.989271      0.02428216    

Stress
20.3855      0.0557604    -0.018027     0.170841     0.0718273    0.09842     
0.0557604    20.412       0.0620136     0.0718273    0.248192     0.0749143   
-0.018027    0.0620136    20.4481       0.09842      0.0749143    0.174452    

Stress Spherical
0            0            0             0            0            0           
0            0            0             0            0            0           
0            0            0             0            0            0           

Inertia
150.006      -56.2264     -56.2619      0.995082     0.424496     0.276824    
-56.2264     150.035      -56.1911      0.424496     0.626687     0.13706     
-56.2619     -56.1911     150.051       0.276824     0.13706      0.347265    

Bond Length
0.61889992    0.0037427516

BB bond length
0.61889992    0.0037427516

Water EE distance
0             0           

PEG EE distance
6.6268139     0.12591134  

BBB P2(x)
0.47002573    0.065384794 

BBB first bond length
0.61881155    0.0040643792

BBB second bond length
0.61905853    0.0042570569

BBB <phi**2>/<phi>**2
1.2228388     0.021395761 

Time = 2000
Temperature
1.0081898     0.0044887969

Pressure
23.362726     0.060762771 

CM Mom
-6.8073638e-17 1.7722415e-17 
-2.8986045e-17 1.6762e-17    
-4.3593549e-18 6.1760428e-17 
9.4189454e-17  3.2108578e-17 

CM Pos
7.506729       0.016090229   
7.4975533      0.011064112   
7.4917158      0.011261313   
12.988085      0.015588491   

Stress
20.3763      0.0294671    0.00683704    0.0690829    0.0607838    0.0588823   
0.0294671    20.351       0.0434468     0.0607838    0.0899187    0.047002    
0.00683704   0.0434468    20.3006       0.0588823    0.047002     0.0924615   

Stress Spherical
0            0            0             0            0            0           
0            0            0             0            0            0           
0            0            0             0            0            0           

Inertia
149.709      -56.2481     -56.2331      0.4216       0.196894     0.163669    
-56.2481     149.871      -56.2076      0.196894     0.353586     0.108124    
-56.2331     -56.2076     149.95        0.163669     0.108124     0.307835    

Bond Length
0.62038083    0.0033587296

BB bond length
0.62038083    0.0033587296

Water EE distance
0             0           

PEG EE distance
7.4618519     0.20052579  

BBB P2(x)
0.52166007    0.016811625 

BBB first bond length
0.62062213    0.002771245 

BBB second bond length
0.62025054    0.0032820816

BBB <phi**2>/<phi>**2
1.224472      0.017197816 

Time = 3000
Temperature
1.0107944     0.0071167467

Pressure
23.343117     0.083215359 

CM Mom
-5.5909777e-17 6.0756827e-18 
4.5161149e-18  2.2812777e-17 
-1.8015078e-17 1.6800473e-17 
6.5134011e-17  8.2458903e-18 

CM Pos
7.4961949      0.011659871   
7.5052684      0.0050727955  
7.4991342      0.014278055   
12.990736      0.011830466   

Stress
20.3292      0.0157808    0.0258171     0.112237     0.0509205    0.0665017   
0.0157808    20.3115      -0.0236211    0.0509205    0.100757     0.0866637   
0.0258171    -0.0236211   20.305        0.0665017    0.0866637    0.117345    

Stress Spherical
0            0            0             0            0            0           
0            0            0             0            0            0           
0            0            0             0            0            0           

Inertia
150.013      -56.2688     -56.1932      0.279555     0.146707     0.122227    
-56.2688     149.867      -56.2823      0.146707     0.269376     0.151878    
-56.1932     -56.2823     149.972       0.122227     0.151878     0.181882    

Bond Length
0.62041491    0.002238853 

BB bond length
0.62041491    0.002238853 

Water EE distance
0             0           

PEG EE distance
7.5142684     0.25890756  

BBB P2(x)
0.52260327    0.014983754 

BBB first bond length
0.62041304    0.0020285706

BBB second bond length
0.61997808    0.0025384598

BBB <phi**2>/<phi>**2
1.2289828     0.012160385 

Time = 4000
Temperature
1.007649      0.008701159 

Pressure
23.389193     0.10403498  

CM Mom
-8.1488421e-17 2.0373595e-17 
-6.690988e-18  2.4367333e-17 
-4.7398617e-18 2.5561497e-17 
8.9181604e-17  2.0407846e-17 

CM Pos
7.499459       0.01400015    
7.5066038      0.01397812    
7.4927543      0.014372559   
12.989719      0.011825548   

Stress
20.4074      -0.0391298   0.000565374   0.108766     0.0531958    0.0454565   
-0.0391298   20.3488      -0.0332029    0.0531958    0.174868     0.0784525   
0.000565374  -0.0332029   20.3559       0.0454565    0.0784525    0.0860913   

Stress Spherical
0            0            0             0            0            0           
0            0            0             0            0            0           
0            0            0             0            0            0           

Inertia
149.925      -56.2757     -56.2227      0.345059     0.122415     0.128061    
-56.2757     149.836      -56.2388      0.122415     0.223343     0.187689    
-56.2227     -56.2388     150.033       0.128061     0.187689     0.322795    

Bond Length
0.62061371    0.0026607785

BB bond length
0.62061371    0.0026607785

Water EE distance
0             0           

PEG EE distance
7.7818761     0.27976378  

BBB P2(x)
0.52887467    0.012551496 

BBB first bond length
0.62073834    0.002782446 

BBB second bond length
0.62032713    0.0030827421

BBB <phi**2>/<phi>**2
1.2274612     0.012054101 

Time = 5000
Temperature
1.0088626     0.0053692467

Pressure
23.439493     0.091973277 

CM Mom
-7.1435398e-17 1.4085328e-17 
1.4632761e-19  1.2031439e-17 
-1.6340374e-17 2.3130772e-17 
7.7551864e-17  1.5295043e-17 

CM Pos
7.4918922      0.018328697   
7.5031913      0.010241688   
7.5009146      0.011822049   
12.988086      0.015494454   

Stress
20.4137      -0.0211843   -0.0263299    0.178973     0.0862825    0.0559939   
-0.0211843   20.3891      -0.0558051    0.0862825    0.102603     0.0802212   
-0.0263299   -0.0558051   20.4494       0.0559939    0.0802212    0.128119    

Stress Spherical
0            0            0             0            0            0           
0            0            0             0            0            0           
0            0            0             0            0            0           

Inertia
150.003      -56.2348     -56.1899      0.278054     0.174972     0.16148     
-56.2348     149.847      -56.2878      0.174972     0.349643     0.13951     
-56.1899     -56.2878     149.882       0.16148      0.13951      0.320876    

Bond Length
0.61875897    0.0026597411

BB bond length
0.61875897    0.0026597411

Water EE distance
0             0           

PEG EE distance
7.1569322     0.19880205  

BBB P2(x)
0.53393668    0.010675681 

BBB first bond length
0.61872344    0.0023907594

BBB second bond length
0.61893462    0.0024745837

BBB <phi**2>/<phi>**2
1.2321218     0.0081915909

Time = 6000
Temperature
1.0075264     0.0080774592

Pressure
23.417803     0.073564799 

CM Mom
-7.8514648e-17 1.5364884e-17 
-6.0436325e-18 2.0150785e-17 
-3.2500379e-17 3.7387855e-17 
9.3004611e-17  2.5445589e-17 

CM Pos
7.5025747      0.0091760511  
7.4926572      0.010474399   
7.4949799      0.012025129   
12.984741      0.0094359882  

Stress
20.4315      -0.0287606   0.0574344     0.0873402    0.0630828    0.0733471   
-0.0287606   20.4005      0.00252805    0.0630828    0.113865     0.0344442   
0.0574344    0.00252805   20.3671       0.0733471    0.0344442    0.11797     

Stress Spherical
0            0            0             0            0            0           
0            0            0             0            0            0           
0            0            0             0            0            0           

Inertia
149.789      -56.1811     -56.2522      0.202303     0.129712     0.136743    
-56.1811     149.941      -56.196       0.129712     0.295424     0.0909691   
-56.2522     -56.196      149.92        0.136743     0.0909691    0.235133    

Bond Length
0.61837503    0.0028208037

BB bond length
0.61837503    0.0028208037

Water EE distance
0             0           

PEG EE distance
6.8920481     0.11747831  

BBB P2(x)
0.51884907    0.013941182 

BBB first bond length
0.61846967    0.0029027126

BBB second bond length
0.61857661    0.0029182919

BBB <phi**2>/<phi>**2
1.2299731     0.011761465 

Time = 7000
Temperature
1.0081419     0.0061389779

Pressure
23.34964      0.052057473 

CM Mom
-1.0537565e-16 1.5047834e-17 
-3.1667712e-17 1.2262698e-17 
7.4827494e-18  2.3327966e-17 
1.134046e-16   1.4942036e-17 

CM Pos
7.5025747      0.0090795853  
7.506307       0.014311164   
7.5050689      0.017480364   
12.998454      0.011388574   

Stress
20.3478      -0.00393565  -0.0197824    0.129178     0.0861638    0.0571242   
-0.00393565  20.287       0.00642274    0.0861638    0.0741968    0.0478722   
-0.0197824   0.00642274   20.3543       0.0571242    0.0478722    0.0807992   

Stress Spherical
0            0            0             0            0            0           
0            0            0             0            0            0           
0            0            0             0            0            0           

Inertia
150.123      -56.296      -56.2922      0.268514     0.126092     0.164191    
-56.296      150.09       -56.3498      0.126092     0.332524     0.145133    
-56.2922     -56.3498     150.117       0.164191     0.145133     0.211686    

Bond Length
0.6192573     0.0015294646

BB bond length
0.6192573     0.0015294646

Water EE distance
0             0           

PEG EE distance
7.3447438     0.15563349  

BBB P2(x)
0.51624164    0.012853536 

BBB first bond length
0.61919137    0.0014461295

BBB second bond length
0.61950282    0.0017886337

BBB <phi**2>/<phi>**2
1.2312433     0.012121568 

Time = 8000
Temperature
1.0058303     0.004222698 

Pressure
23.357709     0.11113318  

CM Mom
-1.214036e-16  1.4945729e-17 
-4.7664161e-17 1.879125e-17  
7.1928396e-18  1.4510472e-17 
1.3265525e-16  1.5876674e-17 

CM Pos
7.4889248      0.013221408   
7.5058619      0.016825868   
7.5086297      0.009806886   
12.992379      0.010762756   

Stress
20.3537      0.0263464    0.0186111     0.13359      0.0514328    0.0829208   
0.0263464    20.3149      0.0107082     0.0514328    0.104965     0.0490586   
0.0186111    0.0107082    20.3654       0.0829208    0.0490586    0.148682    

Stress Spherical
0            0            0             0            0            0           
0            0            0             0            0            0           
0            0            0             0            0            0           

Inertia
150.191      -56.2438     -56.2563      0.324141     0.14938      0.109059    
-56.2438     149.961      -56.3385      0.14938      0.230917     0.178225    
-56.2563     -56.3385     149.926       0.109059     0.178225     0.24501     

Bond Length
0.62076684    0.0028266345

BB bond length
0.62076684    0.0028266345

Water EE distance
0             0           

PEG EE distance
7.2124394     0.13878405  

BBB P2(x)
0.5114759     0.0091076743

BBB first bond length
0.62071324    0.0029260641

BBB second bond length
0.62089541    0.0027924004

BBB <phi**2>/<phi>**2
1.2232815     0.012261928 

Time = 9000
Temperature
1.0139737     0.0083065335

Pressure
23.432547     0.094563967 

CM Mom
-1.1695942e-16 1.5121903e-17 
-5.5984177e-17 2.6630252e-17 
-1.7680109e-17 1.2770857e-17 
1.3379425e-16  1.8065261e-17 

CM Pos
7.5025747      0.0099140438  
7.5024494      0.025979224   
7.502695       0.01311106    
12.994866      0.014148944   

Stress
20.3939      0.0103113    -0.0143913    0.097572     0.0581225    0.0526123   
0.0103113    20.3922      -0.0645271    0.0581225    0.122682     0.0616249   
-0.0143913   -0.0645271   20.3993       0.0526123    0.0616249    0.110396    

Stress Spherical
0            0            0             0            0            0           
0            0            0             0            0            0           
0            0            0             0            0            0           

Inertia
150.051      -56.3061     -56.2693      0.283479     0.23129      0.145178    
-56.3061     150.069      -56.2751      0.23129      0.221425     0.153461    
-56.2693     -56.2751     150.083       0.145178     0.153461     0.448291    

Bond Length
0.61891476    0.0016455842

BB bond length
0.61891476    0.0016455842

Water EE distance
0             0           

PEG EE distance
6.9436284     0.070170984 

BBB P2(x)
0.50667517    0.011758345 

BBB first bond length
0.61888535    0.0019713242

BBB second bond length
0.61882788    0.0017345113

BBB <phi**2>/<phi>**2
1.224109      0.010921509 

Time = 10000
Temperature
1.0145437     0.010122232 

Pressure
23.41679      0.059781028 

CM Mom
-1.1171907e-16 1.7675232e-17 
-7.1795589e-17 1.0083843e-17 
-7.456394e-19  1.7142042e-17 
1.3443024e-16  1.6515807e-17 

CM Pos
7.5105866      0.011520272   
7.5058619      0.012607784   
7.4979472      0.016554167   
12.998714      0.0094666192  

Stress
20.3514      -0.0476959   0.0352122     0.115934     0.0557339    0.0398673   
-0.0476959   20.4004      -0.0093807    0.0557339    0.0898117    0.0804637   
0.0352122    -0.0093807   20.3812       0.0398673    0.0804637    0.0918312   

Stress Spherical
0            0            0             0            0            0           
0            0            0             0            0            0           
0            0            0             0            0            0           

Inertia
150.046      -56.3236     -56.3033      0.33574      0.110896     0.115621    
-56.3236     150.111      -56.2695      0.110896     0.204871     0.160705    
-56.3033     -56.2695     150.239       0.115621     0.160705     0.241382    

Bond Length
0.6192494     0.0022693604

BB bond length
0.6192494     0.0022693604

Water EE distance
0             0           

PEG EE distance
7.4683256     0.23476607  

BBB P2(x)
0.52011999    0.0074419236

BBB first bond length
0.61923106    0.0021669127

BBB second bond length
0.61906136    0.0024063996

BBB <phi**2>/<phi>**2
1.229075      0.012333784 

Time = 11000
Temperature
1.0174621     0.0083412182

Pressure
23.385234     0.086419297 

CM Mom
-1.2625932e-16 1.9184052e-17 
-7.3541568e-17 9.5450357e-18 
7.5123993e-18  1.8001718e-17 
1.4811431e-16  1.5860708e-17 

CM Pos
7.4935242      0.013005701   
7.4977017      0.011079024   
7.4975021      0.014172052   
12.983886      0.01321545    

Stress
20.2926      -0.0271684   0.0344577     0.126618     0.080197     0.0558449   
-0.0271684   20.3637      -0.00296442   0.080197     0.0867042    0.0786849   
0.0344577    -0.00296442  20.3558       0.0558449    0.0786849    0.0724831   

Stress Spherical
0            0            0             0            0            0           
0            0            0             0            0            0           
0            0            0             0            0            0           

Inertia
149.923      -56.2056     -56.1816      0.235379     0.140847     0.169384    
-56.2056     149.867      -56.2343      0.140847     0.299563     0.131324    
-56.1816     -56.2343     149.888       0.169384     0.131324     0.290932    

Bond Length
0.62057047    0.0020586117

BB bond length
0.62057047    0.0020586117

Water EE distance
0             0           

PEG EE distance
7.1778926     0.17549767  

BBB P2(x)
0.51288876    0.015086871 

BBB first bond length
0.62053818    0.0019322612

BBB second bond length
0.62026789    0.0024392434

BBB <phi**2>/<phi>**2
1.230059      0.0084462802

Time = 12000
Temperature
1.0122701     0.00545742  

Pressure
23.365368     0.096766792 

CM Mom
-1.2484079e-16 1.1159492e-17 
-8.6543861e-17 1.1818888e-17 
1.3469828e-17  1.4982191e-17 
1.535696e-16   1.2710724e-17 

CM Pos
7.50391        0.012971806   
7.4994821      0.0092893032  
7.5052172      0.0092370222  
12.995359      0.012992417   

Stress
20.3161      0.0199902    -0.0425351    0.119244     0.0364917    0.0868642   
0.0199902    20.3497      -0.0343137    0.0364917    0.128638     0.0380935   
-0.0425351   -0.0343137   20.3334       0.0868642    0.0380935    0.118042    

Stress Spherical
0            0            0             0            0            0           
0            0            0             0            0            0           
0            0            0             0            0            0           

Inertia
150.064      -56.2612     -56.2954      0.232694     0.155323     0.161223    
-56.2612     150.136      -56.308       0.155323     0.354879     0.159483    
-56.2954     -56.308      150.052       0.161223     0.159483     0.204907    

Bond Length
0.61985143    0.0031956307

BB bond length
0.61985143    0.0031956307

Water EE distance
0             0           

PEG EE distance
7.6502495     0.36013129  

BBB P2(x)
0.52001537    0.014470107 

BBB first bond length
0.61984204    0.0034366036

BBB second bond length
0.61972286    0.0031434418

BBB <phi**2>/<phi>**2
1.2258035     0.0094796724

Time = 13000
Temperature
1.0076191     0.0062960656

Pressure
23.34044      0.092778568 

CM Mom
-1.5446266e-16 1.5813905e-17 
-1.0589562e-16 2.175068e-17  
1.1086856e-17  2.068525e-17  
1.9036804e-16  1.0323585e-17 

CM Pos
7.5018329      0.013630486   
7.499037       0.013982056   
7.4920125      0.0065835928  
12.986286      0.010443159   

Stress
20.3531      -0.0234777   0.012039      0.0860856    0.0670216    0.0476627   
-0.0234777   20.3112      -0.0301323    0.0670216    0.115674     0.0704544   
0.012039     -0.0301323   20.3019       0.0476627    0.0704544    0.145206    

Stress Spherical
0            0            0             0            0            0           
0            0            0             0            0            0           
0            0            0             0            0            0           

Inertia
149.849      -56.2426     -56.1878      0.281965     0.120177     0.128728    
-56.2426     149.912      -56.2227      0.120177     0.229479     0.16086     
-56.1878     -56.2227     150.044       0.128728     0.16086      0.227961    

Bond Length
0.61913936    0.0033902933

BB bond length
0.61913936    0.0033902933

Water EE distance
0             0           

PEG EE distance
7.8015738     0.26289424  

BBB P2(x)
0.51528965    0.012139145 

BBB first bond length
0.61923235    0.0033410988

BBB second bond length
0.61904838    0.0035275642

BBB <phi**2>/<phi>**2
1.2225846     0.0097307298

Time = 14000
Temperature
1.0063869     0.0065279364

Pressure
23.428242     0.078285321 

CM Mom
-1.5320968e-16 1.5074954e-17 
-1.3776292e-16 2.2774833e-17 
-5.680696e-18  2.2794267e-17 
2.0822456e-16  1.9802957e-17 

CM Pos
7.4964916      0.010154266   
7.4953278      0.012794102   
7.4967603      0.0092762606  
12.983796      0.011689046   

Stress
20.448       -0.0174344   -0.000412356  0.108099     0.07958      0.0743551   
-0.0174344   20.3648      -0.00674363   0.07958      0.129253     0.0561687   
-0.000412356 -0.00674363  20.4279       0.0743551    0.0561687    0.0605974   

Stress Spherical
0            0            0             0            0            0           
0            0            0             0            0            0           
0            0            0             0            0            0           

Inertia
149.882      -56.166      -56.1923      0.262495     0.164423     0.101077    
-56.166      149.912      -56.1994      0.164423     0.17303      0.12537     
-56.1923     -56.1994     149.899       0.101077     0.12537      0.290418    

Bond Length
0.6186749     0.0027347771

BB bond length
0.6186749     0.0027347771

Water EE distance
0             0           

PEG EE distance
7.1365411     0.29205687  

BBB P2(x)
0.5052264     0.014272585 

BBB first bond length
0.61893592    0.0028724757

BBB second bond length
0.61873371    0.0027427328

BBB <phi**2>/<phi>**2
1.2327437     0.014644763 

Time = 15000
Temperature
1.0093599     0.0055971894

Pressure
23.391084     0.085402923 

CM Mom
-1.3527027e-16 1.9123912e-17 
-1.5814666e-16 1.5936535e-17 
-6.7107546e-18 2.8643539e-17 
2.1091866e-16  1.7518986e-17 

CM Pos
7.4951563      0.012698251   
7.5042299      0.010507971   
7.4982439      0.017846759   
12.989033      0.010371911   

Stress
20.3615      0.0193616    0.0408394     0.101555     0.0617352    0.0645215   
0.0193616    20.3811      -0.0211642    0.0617352    0.180478     0.0773322   
0.0408394    -0.0211642   20.3599       0.0645215    0.0773322    0.101788    

Stress Spherical
0            0            0             0            0            0           
0            0            0             0            0            0           
0            0            0             0            0            0           

Inertia
150.027      -56.2151     -56.1857      0.214553     0.189833     0.115593    
-56.2151     149.91       -56.2659      0.189833     0.228084     0.122796    
-56.1857     -56.2659     149.999       0.115593     0.122796     0.310594    

Bond Length
0.61983633    0.0032207474

BB bond length
0.61983633    0.0032207474

Water EE distance
0             0           

PEG EE distance
6.6863384     0.20974023  

BBB P2(x)
0.5207341     0.016399335 

BBB first bond length
0.61988098    0.003313935 

BBB second bond length
0.61965707    0.0035550477

BBB <phi**2>/<phi>**2
1.2249998     0.0077792522

Time = 16000
Temperature
1.0099322     0.0076619173

Pressure
23.383245     0.074356025 

CM Mom
-1.2329282e-16 1.6050263e-17 
-1.6949652e-16 1.6827526e-17 
-7.0610624e-19 3.0116561e-17 
2.1233297e-16  1.7122586e-17 

CM Pos
7.5003492      0.0097967798  
7.509126       0.0097799131  
7.5035852      0.010741061   
12.997929      0.011744997   

Stress
20.335       0.0429173    -0.016975     0.0831618    0.0937591    0.0671389   
0.0429173    20.3544      0.00933491    0.0937591    0.0977753    0.0826904   
-0.016975    0.00933491   20.3844       0.0671389    0.0826904    0.138597    

Stress Spherical
0            0            0             0            0            0           
0            0            0             0            0            0           
0            0            0             0            0            0           

Inertia
150.194      -56.3377     -56.2474      0.236576     0.141666     0.110526    
-56.3377     150.062      -56.3531      0.141666     0.233351     0.131672    
-56.2474     -56.3531     150.147       0.110526     0.131672     0.217285    

Bond Length
0.61896029    0.0031559775

BB bond length
0.61896029    0.0031559775

Water EE distance
0             0           

PEG EE distance
6.8503506     0.10342055  

BBB P2(x)
0.50613163    0.017374942 

BBB first bond length
0.61881144    0.0027894997

BBB second bond length
0.61899904    0.0031996802

BBB <phi**2>/<phi>**2
1.2153215     0.0092240661

Time = 17000
Temperature
1.0111228     0.006038084 

Pressure
23.387692     0.096995953 

CM Mom
-1.4685912e-16 2.9559789e-17 
-1.7595031e-16 1.1412495e-17 
-1.6725686e-17 9.5071347e-18 
2.3084578e-16  2.4708246e-17 

CM Pos
7.5092513      0.011434925   
7.5037848      0.019921678   
7.5037336      0.018858495   
13.000092      0.012187551   

Stress
20.3808      0.0365496    -0.014795     0.0883074    0.0604421    0.0869406   
0.0365496    20.3631      -0.0518093    0.0604421    0.121624     0.0507772   
-0.014795    -0.0518093   20.3326       0.0869406    0.0507772    0.160139    

Stress Spherical
0            0            0             0            0            0           
0            0            0             0            0            0           
0            0            0             0            0            0           

Inertia
150.105      -56.3665     -56.3509      0.298913     0.168125     0.161438    
-56.3665     150.18       -56.3419      0.168125     0.309501     0.164305    
-56.3509     -56.3419     150.19        0.161438     0.164305     0.250122    

Bond Length
0.6200448     0.0020738671

BB bond length
0.6200448     0.0020738671

Water EE distance
0             0           

PEG EE distance
6.9958391     0.32817716  

BBB P2(x)
0.51191802    0.016265977 

BBB first bond length
0.6201501     0.0022125706

BBB second bond length
0.62014516    0.0019108495

BBB <phi**2>/<phi>**2
1.226257      0.011248814 

Time = 18000
Temperature
1.0189398     0.004874334 

Pressure
23.361874     0.088346832 

CM Mom
-1.1898123e-16 2.5277399e-17 
-1.7340275e-16 1.0257825e-17 
-1.601203e-17  1.5627359e-17 
2.1231253e-16  1.9829513e-17 

CM Pos
7.5033165      0.010922945   
7.5061586      0.013953688   
7.5044754      0.016601969   
12.998447      0.017296883   

Stress
20.2959      -0.0813284   0.035313      0.152811     0.0677109    0.0871436   
-0.0813284   20.2975      -0.0393386    0.0677109    0.102241     0.0654477   
0.035313     -0.0393386   20.3353       0.0871436    0.0654477    0.172676    

Stress Spherical
0            0            0             0            0            0           
0            0            0             0            0            0           
0            0            0             0            0            0           

Inertia
150.14       -56.2815     -56.3082      0.378164     0.161729     0.154911    
-56.2815     150.096      -56.3409      0.161729     0.388001     0.211002    
-56.3082     -56.3409     150.145       0.154911     0.211002     0.299316    

Bond Length
0.6201525     0.0021194299

BB bond length
0.6201525     0.0021194299

Water EE distance
0             0           

PEG EE distance
7.2735772     0.24813157  

BBB P2(x)
0.51411245    0.0074436182

BBB first bond length
0.62033802    0.0020747394

BBB second bond length
0.61994687    0.0022044547

BBB <phi**2>/<phi>**2
1.22057       0.007712487 

Time = 19000
Temperature
1.009692      0.0052106255

Pressure
23.384346     0.12198088  

CM Mom
-8.351628e-17  2.1932489e-17 
-1.7921783e-16 1.0847629e-17 
-1.0288369e-17 1.3578043e-17 
1.9934066e-16  1.5691422e-17 

CM Pos
7.4990139      0.0077222633  
7.5054168      0.021180792   
7.4977988      0.022664874   
12.991705      0.010622249   

Stress
20.3779      -0.0167192   -0.0241923    0.129262     0.0750152    0.0530657   
-0.0167192   20.3919      -0.0473155    0.0750152    0.153902     0.083878    
-0.0241923   -0.0473155   20.3095       0.0530657    0.083878     0.140302    

Stress Spherical
0            0            0             0            0            0           
0            0            0             0            0            0           
0            0            0             0            0            0           

Inertia
150.04       -56.3054     -56.2577      0.263904     0.137072     0.20436     
-56.3054     149.953      -56.2595      0.137072     0.37678      0.170007    
-56.2577     -56.2595     150.072       0.20436      0.170007     0.271322    

Bond Length
0.62022958    0.0023741841

BB bond length
0.62022958    0.0023741841

Water EE distance
0             0           

PEG EE distance
7.4931042     0.12094754  

BBB P2(x)
0.51763595    0.012022382 

BBB first bond length
0.62003289    0.0025804314

BBB second bond length
0.6201225     0.0023112125

BBB <phi**2>/<phi>**2
1.2337578     0.01116706  

Time = 20000
Temperature
1.01048       0.0089267236

Pressure
23.396463     0.074257644 

CM Mom
-8.8225256e-17 1.9025487e-17 
-1.7695182e-16 1.9587633e-17 
-1.0510331e-17 1.5066196e-17 
1.9927592e-16  2.1629808e-17 

CM Pos
7.5046518      0.013442661   
7.503488       0.021856468   
7.5028434      0.014564263   
12.996752      0.010364689   

Stress
20.4159      -0.0170375   -0.0209432    0.13962      0.0616898    0.0976247   
-0.0170375   20.3757      0.00451343    0.0616898    0.110679     0.0565552   
-0.0209432   0.00451343   20.317        0.0976247    0.0565552    0.07633     

Stress Spherical
0            0            0             0            0            0           
0            0            0             0            0            0           
0            0            0             0            0            0           

Inertia
150.098      -56.3025     -56.3353      0.223708     0.141405     0.19065     
-56.3025     150.104      -56.3009      0.141405     0.401768     0.123848    
-56.3353     -56.3009     150.122       0.19065      0.123848     0.270964    

Bond Length
0.61955775    0.0023397993

BB bond length
0.61955775    0.0023397993

Water EE distance
0             0           

PEG EE distance
7.0845272     0.33012913  

BBB P2(x)
0.51875356    0.012282624 

BBB first bond length
0.61942614    0.0024577548

BBB second bond length
0.61975296    0.0022249219

BBB <phi**2>/<phi>**2
1.2290843     0.013825796 

Time = 21000
Temperature
1.0106055     0.0073573071

Pressure
23.364659     0.12437924  

CM Mom
-9.3889068e-17 9.9341671e-18 
-1.6021501e-16 3.6156565e-17 
-2.6408154e-17 2.1505094e-17 
1.9002868e-16  3.0642319e-17 

CM Pos
7.4923373      0.015104411   
7.5024494      0.01288326    
7.4966119      0.0089513965  
12.985431      0.010693515   

Stress
20.4066      -0.0212128   -0.0268152    0.225676     0.0752906    0.0641325   
-0.0212128   20.3065      -0.0227588    0.0752906    0.117042     0.0225823   
-0.0268152   -0.0227588   20.299        0.0641325    0.0225823    0.128455    

Stress Spherical
0            0            0             0            0            0           
0            0            0             0            0            0           
0            0            0             0            0            0           

Inertia
149.969      -56.2448     -56.1712      0.216891     0.101217     0.151468    
-56.2448     149.828      -56.2437      0.101217     0.280754     0.132372    
-56.1712     -56.2437     149.94        0.151468     0.132372     0.224184    

Bond Length
0.61914285    0.0029183015

BB bond length
0.61914285    0.0029183015

Water EE distance
0             0           

PEG EE distance
6.97223       0.19956258  

BBB P2(x)
0.50710652    0.0092769427

BBB first bond length
0.61927372    0.0030294454

BBB second bond length
0.61923188    0.0028955984

BBB <phi**2>/<phi>**2
1.223072      0.0060832243

Time = 22000
Temperature
1.0186899     0.0075557917

Pressure
23.385548     0.096957743 

CM Mom
-7.4587138e-17 2.143844e-17  
-1.6202667e-16 2.0589752e-17 
-6.558195e-17  2.6635258e-17 
1.9287986e-16  2.252152e-17  

CM Pos
7.5114768      0.015872597   
7.5057135      0.01184716    
7.4982439      0.012770853   
12.999315      0.0076126356  

Stress
20.4054      0.0342872    0.0173847     0.102279     0.0726561    0.0600238   
0.0342872    20.2822      0.0243092     0.0726561    0.112323     0.0731964   
0.0173847    0.0243092    20.3144       0.0600238    0.0731964    0.080486    

Stress Spherical
0            0            0             0            0            0           
0            0            0             0            0            0           
0            0            0             0            0            0           

Inertia
150.047      -56.396      -56.302       0.17903      0.124325     0.155848    
-56.396      150.132      -56.3152      0.124325     0.289341     0.115497    
-56.302      -56.3152     150.256       0.155848     0.115497     0.232037    

Bond Length
0.62044496    0.0039791977

BB bond length
0.62044496    0.0039791977

Water EE distance
0             0           

PEG EE distance
7.0955597     0.18622633  

BBB P2(x)
0.50466528    0.010731647 

BBB first bond length
0.6204506     0.0039122833

BBB second bond length
0.62073161    0.0043505653

BBB <phi**2>/<phi>**2
1.221735      0.010614226 

Time = 23000
Temperature
1.0114309     0.0078459251

Pressure
23.398655     0.067625364 

CM Mom
-3.091164e-17  3.8714027e-17 
-1.3595235e-16 2.7654598e-17 
-8.5181889e-17 1.5521779e-17 
1.6880906e-16  2.6504853e-17 

CM Pos
7.5053937      0.0080228521  
7.5009658      0.013120291   
7.501508       0.011123639   
12.994933      0.010589106   

Stress
20.3781      0.0088569    -0.0120986    0.119981     0.0735648    0.0672694   
0.0088569    20.4015      -0.0181534    0.0735648    0.0971014    0.0622923   
-0.0120986   -0.0181534   20.327        0.0672694    0.0622923    0.0609078   

Stress Spherical
0            0            0             0            0            0           
0            0            0             0            0            0           
0            0            0             0            0            0           

Inertia
150.039      -56.3013     -56.3013      0.272803     0.137104     0.138893    
-56.3013     150.109      -56.2892      0.137104     0.231006     0.160446    
-56.3013     -56.2892     150.098       0.138893     0.160446     0.178325    

Bond Length
0.61972311    0.0028262243

BB bond length
0.61972311    0.0028262243

Water EE distance
0             0           

PEG EE distance
7.3645913     0.13127865  

BBB P2(x)
0.49850247    0.0080737843

BBB first bond length
0.61984699    0.0028334657

BBB second bond length
0.61966887    0.0028409168

BBB <phi**2>/<phi>**2
1.2221045     0.009014123 

Time = 24000
Temperature
1.0041037     0.0051158375

Pressure
23.36082      0.088028199 

CM Mom
4.0544829e-18  1.7333738e-17 
-1.1395393e-16 1.0535617e-17 
-5.1459002e-17 2.6587604e-17 
1.2892723e-16  1.2086947e-17 

CM Pos
7.5110317      0.015656862   
7.5045266      0.018746101   
7.4986891      0.015364503   
12.998626      0.020504774   

Stress
20.3566      0.0041689    -0.00413188   0.108132     0.0523941    0.0639407   
0.0041689    20.3699      0.00989698    0.0523941    0.118231     0.0688916   
-0.00413188  0.00989698   20.3324       0.0639407    0.0688916    0.132759    

Stress Spherical
0            0            0             0            0            0           
0            0            0             0            0            0           
0            0            0             0            0            0           

Inertia
150.026      -56.3685     -56.3141      0.435434     0.233239     0.201221    
-56.3685     150.133      -56.3057      0.233239     0.349361     0.255394    
-56.3141     -56.3057     150.221       0.201221     0.255394     0.365739    

Bond Length
0.61986945    0.0041173058

BB bond length
0.61986945    0.0041173058

Water EE distance
0             0           

PEG EE distance
7.5202996     0.16199242  

BBB P2(x)
0.50359363    0.011068532 

BBB first bond length
0.61984041    0.0042512658

BBB second bond length
0.61987918    0.0042319717

BBB <phi**2>/<phi>**2
1.2244614     0.011669095 

Time = 25000
Temperature
1.0086023     0.0042854825

Pressure
23.390462     0.12207091  

CM Mom
5.920009e-17   1.1450122e-17 
-1.0843164e-16 1.802073e-17  
-4.296651e-17  1.1040274e-17 
1.3200834e-16  1.6116141e-17 

CM Pos
7.5034649      0.012509627   
7.5023011      0.015482251   
7.505514       0.01358195    
12.996911      0.011807985   

Stress
20.341       0.0177933    -0.00452467   0.103591     0.067555     0.0606166   
0.0177933    20.3711      0.0432148     0.067555     0.132863     0.0730645   
-0.00452467  0.0432148    20.3954       0.0606166    0.0730645    0.183408    

Stress Spherical
0            0            0             0            0            0           
0            0            0             0            0            0           
0            0            0             0            0            0           

Inertia
150.103      -56.2742     -56.3021      0.296372     0.1248       0.144423    
-56.2742     150.11       -56.3352      0.1248       0.292015     0.15984     
-56.3021     -56.3352     150.09        0.144423     0.15984      0.227055    

Bond Length
0.62008255    0.0026699317

BB bond length
0.62008255    0.0026699317

Water EE distance
0             0           

PEG EE distance
6.9311187     0.24113561  

BBB P2(x)
0.50657979    0.010200847 

BBB first bond length
0.62021382    0.0028173884

BBB second bond length
0.62020204    0.0026219994

BBB <phi**2>/<phi>**2
1.2254749     0.0080135464

Time = 26000
Temperature
1.009834      0.0084629977

Pressure
23.361779     0.069358487 

CM Mom
8.1730424e-17  1.6139852e-17 
-9.6150146e-17 1.7792917e-17 
-1.1940937e-17 1.5860843e-17 
1.288956e-16   1.678903e-17  

CM Pos
7.5021296      0.0095418013  
7.5112032      0.013327539   
7.501508       0.0094548926  
12.998962      0.009794907   

Stress
20.3388      0.0178597    0.0327204     0.102705     0.0380197    0.0519027   
0.0178597    20.3473      0.0194573     0.0380197    0.120542     0.0563176   
0.0327204    0.0194573    20.3243       0.0519027    0.0563176    0.0898807   

Stress Spherical
0            0            0             0            0            0           
0            0            0             0            0            0           
0            0            0             0            0            0           

Inertia
150.185      -56.3301     -56.2673      0.267364     0.142066     0.098694    
-56.3301     150.056      -56.3862      0.142066     0.10032      0.144713    
-56.2673     -56.3862     150.19        0.098694     0.144713     0.204469    

Bond Length
0.6200023     0.0024486849

BB bond length
0.6200023     0.0024486849

Water EE distance
0             0           

PEG EE distance
6.4220131     0.15530221  

BBB P2(x)
0.50783236    0.0092734175

BBB first bond length
0.61997097    0.0025335995

BBB second bond length
0.62002403    0.0025402593

BBB <phi**2>/<phi>**2
1.2252959     0.0090780424

Time = 27000
Temperature
1.0031897     0.0077075996

Pressure
23.338098     0.093293969 

CM Mom
1.0920405e-16  2.0119046e-17 
-8.1708324e-17 1.4240676e-17 
-7.5519325e-18 1.9111033e-17 
1.3932156e-16  1.4869921e-17 

CM Pos
7.5028714      0.019694973   
7.5031913      0.01151645    
7.4967603      0.0079192915  
12.992029      0.012260119   

Stress
20.335       -0.024128    -0.0222314    0.125974     0.051638     0.0381073   
-0.024128    20.2722      0.00607988    0.051638     0.095031     0.069377    
-0.0222314   0.00607988   20.3918       0.0381073    0.069377     0.116756    

Stress Spherical
0            0            0             0            0            0           
0            0            0             0            0            0           
0            0            0             0            0            0           

Inertia
149.984      -56.2988     -56.255       0.203234     0.21104      0.144789    
-56.2988     149.968      -56.2046      0.21104      0.29872      0.144076    
-56.255      -56.2046     150.086       0.144789     0.144076     0.316984    

Bond Length
0.61945598    0.0026637557

BB bond length
0.61945598    0.0026637557

Water EE distance
0             0           

PEG EE distance
6.4743348     0.18199281  

BBB P2(x)
0.49919874    0.01242656  

BBB first bond length
0.6192869     0.0027363016

BBB second bond length
0.61926397    0.0028790882

BBB <phi**2>/<phi>**2
1.218969      0.0094298046

Time = 28000
Temperature
1.0077245     0.0087451714

Pressure
23.395001     0.11536781  

CM Mom
9.9850066e-17  1.4367795e-17 
-1.0056386e-16 3.4876279e-17 
-8.4478116e-18 1.6200459e-17 
1.4502174e-16  2.8432887e-17 

CM Pos
7.5043551      0.014970466   
7.500669       0.016465501   
7.5003211      0.0098472068  
12.993481      0.015638498   

Stress
20.3782      0.0223408    0.00696263    0.0988219    0.0795414    0.0581979   
0.0223408    20.3554      -0.0713707    0.0795414    0.161982     0.0543916   
0.00696263   -0.0713707   20.3953       0.0581979    0.0543916    0.12129     

Stress Spherical
0            0            0             0            0            0           
