Time = 1000
Temperature
   1.1907579    0.30543086

Pressure
   23.953994     1.2685582

CM Mom
-3.1872712e-17 1.6104248e-17 
1.7197873e-17  4.167469e-17  
-8.3096733e-18 1.085187e-16  
1.111436e-16   5.2917133e-17 

CM Pos
7.4949178      0.028261128   
7.501862       0.015780025   
7.4913544      0.032166789   
12.983565      0.035371818   

Stress
20.3777      -0.00519659  0.025767      0.392363     0.0678185    0.0485545   
-0.00519659  20.3799      -0.0364031    0.0678185    0.306064     0.0790237   
0.025767     -0.0364031   20.3897       0.0485545    0.0790237    0.42021     

Stress Spherical
0            0            0             0            0            0           
0            0            0             0            0            0           
0            0            0             0            0            0           

Inertia
150.082      -56.2438     -56.1246      0.938658     0.295097     0.476036    
-56.2438     149.999      -56.2004      0.295097     1.05307      0.328161    
-56.1246     -56.2004     150.194       0.476036     0.328161     1.23574     

Bond Length
0.61938419    0.011156037 

BB bond length
0.61938419    0.011156037 

Water EE distance
0             0           

PEG EE distance
6.8743257     0.15142769  

BBB P2(x)
0.46885424    0.061491714 

BBB first bond length
0.6192537     0.011136293 

BBB second bond length
0.61926146    0.011034447 

BBB <phi**2>/<phi>**2
1.2197031     0.016026235 

Time = 2000
Temperature
1.0124543     0.0070244465

Pressure
23.060251     0.08693176  

CM Mom
-1.35463e-17   1.4601984e-17 
3.4518033e-17  1.8621853e-17 
8.7016183e-18  5.7822201e-17 
6.5114427e-17  3.3380003e-17 

CM Pos
7.5036602      0.014803658   
7.5123826      0.009258421   
7.500245       0.012295155   
12.999797      0.014588608   

Stress
20.065       0.022722     0.050811      0.11956      0.0677616    0.0966642   
0.022722     19.9782      0.0424989     0.0677616    0.0873035    0.0705365   
0.050811     0.0424989    20.0273       0.0966642    0.0705365    0.128214    

Stress Spherical
0            0            0             0            0            0           
0            0            0             0            0            0           
0            0            0             0            0            0           

Inertia
150.092      -56.3198     -56.2919      0.242782     0.146906     0.199919    
-56.3198     149.959      -56.3613      0.146906     0.370247     0.129986    
-56.2919     -56.3613     150.148       0.199919     0.129986     0.289009    

Bond Length
0.61760107    0.0017114194

BB bond length
0.61760107    0.0017114194

Water EE distance
0             0           

PEG EE distance
7.0602337     0.11909607  

BBB P2(x)
0.50835063    0.0093246309

BBB first bond length
0.61755478    0.0017031925

BBB second bond length
0.61768853    0.0018207397

BBB <phi**2>/<phi>**2
1.224619      0.0081666278

