Time = 1000
Temperature
   1.0311411   0.040438699

Pressure
   23.610556    0.16373307

CM Mom
-2.4219838e-18 1.8416083e-17 
-5.3700348e-18 2.1397158e-17 
2.3189548e-17  4.770824e-17  
5.2850628e-17  2.9194796e-17 

CM Pos
7.5031254      0.02057732    
7.4961733      0.019344389   
7.4966509      0.02074808    
12.988081      0.016382047   

Stress
20.4859      0.0392757    -0.0428832    0.114128     0.0323525    0.0746162   
0.0392757    20.5307      -0.0402541    0.0323525    0.108874     0.0695536   
-0.0428832   -0.0402541   20.5569       0.0746162    0.0695536    0.0998974   

Stress Spherical
0            0            0             0            0            0           
0            0            0             0            0            0           
0            0            0             0            0            0           

Inertia
149.882      -56.2707     -56.2122      0.454237     0.253837     0.155631    
-56.2707     150.002      -56.163       0.253837     0.401451     0.168344    
-56.2122     -56.163      150.012       0.155631     0.168344     0.922865    

Bond Length
0.6198023     0.0048892342

BB bond length
0.6198023     0.0048892342

Water EE distance
0             0           

PEG EE distance
7.1461482     0.20661897  

BBB P2(x)
0.47684583    0.060933673 

BBB first bond length
0.62011966    0.0050915534

BBB second bond length
0.61981532    0.004670511 

BBB <phi**2>/<phi>**2
1.2226525     0.019279822 

Time = 2000
Temperature
1.009855      0.0094426958

Pressure
23.527134     0.083594835 

CM Mom
-4.028007e-18  1.8905589e-17 
-2.0520606e-17 1.6032095e-17 
-2.4427984e-18 1.7330078e-17 
3.4212974e-17  1.3694551e-17 

CM Pos
7.5062439      0.017218334   
7.5028558      0.012177012   
7.5037789      0.018505407   
12.997837      0.015792468   

Stress
20.5178      0.0193751    0.0297149     0.0912043    0.0720274    0.0808793   
0.0193751    20.5256      5.97892e-05   0.0720274    0.105018     0.0553794   
0.0297149    5.97892e-05  20.4708       0.0808793    0.0553794    0.100911    

Stress Spherical
0            0            0             0            0            0           
0            0            0             0            0            0           
0            0            0             0            0            0           

Inertia
150.046      -56.3227     -56.3213      0.250825     0.180411     0.136948    
-56.3227     150.113      -56.3196      0.180411     0.359683     0.131677    
-56.3213     -56.3196     150.089       0.136948     0.131677     0.497087    

Bond Length
0.62149674    0.0052182573

BB bond length
0.62149674    0.0052182573

Water EE distance
0             0           

PEG EE distance
7.0464792     0.34239743  

BBB P2(x)
0.49898428    0.016836181 

BBB first bond length
0.62165268    0.0051573274

BBB second bond length
0.62183506    0.0050103513

BBB <phi**2>/<phi>**2
1.2261024     0.014846834 

Time = 3000
Temperature
1.0115678     0.0054341536

Pressure
23.47567      0.061450633 

CM Mom
1.0271294e-17  1.7636445e-17 
-6.5969296e-18 3.4745034e-17 
-1.6058995e-17 2.4737178e-17 
4.7379556e-17  1.7096127e-17 

CM Pos
7.4907999      0.010416203   
7.5000343      0.011353222   
7.4896714      0.011215449   
12.979137      0.012180255   

Stress
20.4306      0.00188844   -0.0266605    0.0542524    0.100925     0.0562087   
0.00188844   20.4801      -0.0515985    0.100925     0.087629     0.0667697   
-0.0266605   -0.0515985   20.4338       0.0562087    0.0667697    0.114254    

Stress Spherical
0            0            0             0            0            0           
0            0            0             0            0            0           
0            0            0             0            0            0           

Inertia
149.812      -56.1902     -56.1201      0.261403     0.153381     0.153406    
-56.1902     149.667      -56.1695      0.153381     0.212982     0.156588    
-56.1201     -56.1695     149.839       0.153406     0.156588     0.29539     

Bond Length
0.61885804    0.004650595 

BB bond length
0.61885804    0.004650595 

Water EE distance
0             0           

PEG EE distance
7.216424      0.31199143  

BBB P2(x)
0.51532613    0.023091645 

BBB first bond length
0.61868205    0.0046149334

BBB second bond length
0.61846889    0.0046174106

BBB <phi**2>/<phi>**2
1.2277624     0.011965949 

Time = 4000
Temperature
1.0125795     0.0076270318

Pressure
23.509125     0.11853811  

CM Mom
1.0479303e-17  2.0382651e-17 
1.33928e-18    3.1538357e-17 
-2.9353561e-17 1.3769283e-17 
4.8374765e-17  1.5258989e-17 

CM Pos
7.5017889      0.017810115   
7.4961733      0.013921839   
7.506155       0.011656079   
12.992778      0.01344509    

Stress
20.4496      0.010866     0.0348723     0.153581     0.0537661    0.0737951   
0.010866     20.4765      -0.00197524   0.0537661    0.0870648    0.0443359   
0.0348723    -0.00197524  20.5096       0.0737951    0.0443359    0.17606     

Stress Spherical
0            0            0             0            0            0           
0            0            0             0            0            0           
0            0            0             0            0            0           

Inertia
150.018      -56.2102     -56.3248      0.304517     0.175852     0.159242    
-56.2102     150.099      -56.2393      0.175852     0.263861     0.160287    
-56.3248     -56.2393     149.936       0.159242     0.160287     0.309196    

Bond Length
0.62006584    0.0046982685

BB bond length
0.62006584    0.0046982685

Water EE distance
0             0           

PEG EE distance
7.3739325     0.28906384  

BBB P2(x)
0.51467714    0.018715837 

BBB first bond length
0.61998854    0.0046758766

BBB second bond length
0.62024226    0.0050918838

BBB <phi**2>/<phi>**2
1.2220867     0.01872569  

Time = 5000
Temperature
1.0124994     0.0080741081

Pressure
23.515955     0.089967485 

CM Mom
2.0080682e-17  1.3774586e-17 
-2.0694542e-17 3.7123492e-17 
-1.8114628e-17 2.020937e-17  
4.7496422e-17  2.9665451e-17 

CM Pos
7.5026799      0.0098727473  
7.4955792      0.015705251   
7.5092735      0.0095503031  
12.994742      0.01491691    

Stress
20.5224      0.027184     -0.0176826    0.142091     0.0891243    0.0430882   
0.027184     20.4548      -0.0483373    0.0891243    0.146342     0.0749429   
-0.0176826   -0.0483373   20.4797       0.0430882    0.0749429    0.146205    

Stress Spherical
0            0            0             0            0            0           
0            0            0             0            0            0           
0            0            0             0            0            0           

Inertia
150.072      -56.2613     -56.3289      0.304273     0.15979      0.092034    
-56.2613     150.164      -56.2504      0.15979      0.170788     0.208142    
-56.3289     -56.2504     149.951       0.092034     0.208142     0.300495    

Bond Length
0.61937384    0.0038119583

BB bond length
0.61937384    0.0038119583

Water EE distance
0             0           

PEG EE distance
7.6198696     0.46924873  

BBB P2(x)
0.51871756    0.023548537 

BBB first bond length
0.6197852     0.0039668563

BBB second bond length
0.61939848    0.003985864 

BBB <phi**2>/<phi>**2
1.2280033     0.020098854 

Time = 6000
Temperature
1.0105843     0.0068949105

Pressure
23.552414     0.070975101 

CM Mom
1.1405038e-17  4.4002098e-17 
7.5875132e-18  2.5172259e-17 
-2.7649785e-18 3.2057019e-17 
5.4062227e-17  2.9496536e-17 

CM Pos
7.5013434      0.012868204   
7.4991433      0.013730443   
7.5024424      0.011632406   
12.99208       0.017201391   

Stress
20.5058      -0.00752464  0.00373823    0.0574069    0.0866454    0.063894    
-0.00752464  20.51        0.0411548     0.0866454    0.112141     0.106532    
0.00373823   0.0411548    20.5677       0.063894     0.106532     0.136798    

Stress Spherical
0            0            0             0            0            0           
0            0            0             0            0            0           
0            0            0             0            0            0           

Inertia
150.03       -56.2441     -56.304       0.354956     0.14259      0.154543    
-56.2441     150.039      -56.2536      0.14259      0.254015     0.222724    
-56.304      -56.2536     149.997       0.154543     0.222724     0.317416    

Bond Length
0.61952891    0.0046114556

BB bond length
0.61952891    0.0046114556

Water EE distance
0             0           

PEG EE distance
8.0723459     0.23166893  

BBB P2(x)
0.53046691    0.014789141 

BBB first bond length
0.61938567    0.0046939947

BBB second bond length
0.6193803     0.0045164533

BBB <phi**2>/<phi>**2
1.2264933     0.019997008 

Time = 7000
Temperature
1.0111454     0.0085415255

Pressure
23.480157     0.099911675 

CM Mom
3.4658061e-18  2.0269434e-17 
-9.8887997e-18 1.8047082e-17 
-4.640685e-17  1.7362424e-17 
5.40355e-17    1.9533599e-17 

CM Pos
7.4952549      0.013496368   
7.4942427      0.012392424   
7.4965024      0.012438605   
12.98231       0.01382539    

Stress
20.4458      0.00742028   -0.0361261    0.133488     0.0900583    0.0379172   
0.00742028   20.478       0.0061486     0.0900583    0.113531     0.0652691   
-0.0361261   0.0061486    20.4379       0.0379172    0.0652691    0.121856    

Stress Spherical
0            0            0             0            0            0           
0            0            0             0            0            0           
0            0            0             0            0            0           

Inertia
149.862      -56.1487     -56.1903      0.27799      0.117455     0.15992     
-56.1487     149.871      -56.2032      0.117455     0.30589      0.173647    
-56.1903     -56.2032     149.824       0.15992      0.173647     0.253756    

Bond Length
0.61738622    0.0038805577

BB bond length
0.61738622    0.0038805577

Water EE distance
0             0           

PEG EE distance
7.9638346     0.16515562  

BBB P2(x)
0.50887481    0.017412785 

BBB first bond length
0.61735197    0.0038864452

BBB second bond length
0.61712458    0.0036658895

BBB <phi**2>/<phi>**2
1.2240683     0.019577697 

Time = 8000
Temperature
1.0126704     0.0096455809

Pressure
23.519549     0.058975042 

CM Mom
1.1212125e-17  1.1114354e-17 
6.8516511e-18  2.0944773e-17 
-4.895324e-17  1.7129623e-17 
5.5589794e-17  1.8289007e-17 

CM Pos
7.5000069      0.016798249   
7.4871147      0.011187887   
7.5071945      0.010733181   
12.987121      0.012980681   

Stress
20.4605      -0.00399261  -0.00875279   0.10335      0.049655     0.0693911   
-0.00399261  20.4906      -0.0475498    0.049655     0.0961243    0.0660709   
-0.00875279  -0.0475498   20.5151       0.0693911    0.0660709    0.0677773   

Stress Spherical
0            0            0             0            0            0           
0            0            0             0            0            0           
0            0            0             0            0            0           

Inertia
149.908      -56.1727     -56.2737      0.260503     0.162836     0.115659    
-56.1727     150.086      -56.1984      0.162836     0.246132     0.118328    
-56.2737     -56.1984     149.785       0.115659     0.118328     0.257284    

Bond Length
0.61896017    0.0039114786

BB bond length
0.61896017    0.0039114786

Water EE distance
0             0           

PEG EE distance
7.8692056     0.19474749  

BBB P2(x)
0.51494957    0.028271085 

BBB first bond length
0.61890527    0.0039334712

BBB second bond length
0.61945179    0.0039690495

BBB <phi**2>/<phi>**2
1.2281787     0.018539292 

Time = 9000
Temperature
1.0087008     0.0085517669

Pressure
23.478928     0.080205342 

CM Mom
1.9937522e-17  1.7947137e-17 
-3.5688488e-18 1.554293e-17  
-3.6472849e-17 2.0231236e-17 
4.9026603e-17  1.7603625e-17 

CM Pos
7.4968884      0.0082266938  
7.4988463      0.012460746   
7.4965024      0.012420863   
12.985911      0.0081573331  

Stress
20.4636      -0.0331336   0.0252496     0.086298     0.0743345    0.0849519   
-0.0331336   20.4346      -0.0151734    0.0743345    0.128291     0.0462772   
0.0252496    -0.0151734   20.4818       0.0849519    0.0462772    0.118486    

Stress Spherical
0            0            0             0            0            0           
0            0            0             0            0            0           
0            0            0             0            0            0           

Inertia
149.931      -56.2234     -56.1921      0.184013     0.152074     0.154083    
-56.2234     149.88       -56.2015      0.152074     0.258194     0.116778    
-56.1921     -56.2015     149.919       0.154083     0.116778     0.220566    

Bond Length
0.62148082    0.0042332232

BB bond length
0.62148082    0.0042332232

Water EE distance
0             0           

PEG EE distance
8.1160822     0.16600821  

BBB P2(x)
0.49990195    0.019275933 

BBB first bond length
0.62185839    0.0040915365

BBB second bond length
0.62162622    0.004463181 

BBB <phi**2>/<phi>**2
1.2206475     0.017978557 

Time = 10000
Temperature
1.0110882     0.0078360449

Pressure
23.515461     0.050361309 

CM Mom
1.5291533e-18  2.0026111e-17 
-9.3315449e-18 1.6239015e-17 
-4.9113987e-17 2.8380596e-17 
6.0142434e-17  1.8833386e-17 

CM Pos
7.5041649      0.010223887   
7.5000343      0.0083807253  
7.5068975      0.018099969   
12.996803      0.011031332   

Stress
20.4632      -0.050752    0.0110185     0.0659488    0.0489382    0.0390625   
-0.050752    20.5162      -0.0248272    0.0489382    0.0751839    0.0921476   
0.0110185    -0.0248272   20.4888       0.0390625    0.0921476    0.0651659   

Stress Spherical
0            0            0             0            0            0           
0            0            0             0            0            0           
0            0            0             0            0            0           

Inertia
150.101      -56.2986     -56.3478      0.284229     0.122279     0.171655    
-56.2986     150.157      -56.2951      0.122279     0.307829     0.113779    
-56.3478     -56.2951     150.059       0.171655     0.113779     0.18087     

Bond Length
0.62063511    0.0036052618

BB bond length
0.62063511    0.0036052618

Water EE distance
0             0           

PEG EE distance
7.0992306     0.45461833  

BBB P2(x)
0.50328025    0.02262206  

BBB first bond length
0.62053657    0.0040280788

BBB second bond length
0.62060203    0.0040116863

BBB <phi**2>/<phi>**2
1.2224271     0.011352593 

Time = 11000
Temperature
1.012063      0.0077588113

Pressure
23.500725     0.10314019  

CM Mom
2.1516685e-17  1.7886273e-17 
1.0116318e-17  1.8759249e-17 
-6.0207424e-17 2.315835e-17  
7.109102e-17   1.8559251e-17 

CM Pos
7.4962944      0.011991789   
7.5015193      0.008485325   
7.4984329      0.012032178   
12.988224      0.01076888    

Stress
20.5126      0.0269279    -0.0104669    0.117822     0.0827976    0.0543413   
0.0269279    20.4403      0.0209131     0.0827976    0.141921     0.0744556   
-0.0104669   0.0209131    20.4623       0.0543413    0.0744556    0.162579    

Stress Spherical
0            0            0             0            0            0           
0            0            0             0            0            0           
0            0            0             0            0            0           

Inertia
150.014      -56.1957     -56.1796      0.18717      0.0831519    0.174892    
-56.1957     149.901      -56.2703      0.0831519    0.28096      0.119152    
-56.1796     -56.2703     149.959       0.174892     0.119152     0.164915    

Bond Length
0.62173042    0.004029229 

BB bond length
0.62173042    0.004029229 

Water EE distance
0             0           

PEG EE distance
5.8964445     0.23817102  

BBB P2(x)
0.49547061    0.017132934 

BBB first bond length
0.62168577    0.004224715 

BBB second bond length
0.62217773    0.0040374067

BBB <phi**2>/<phi>**2
1.2238155     0.014778072 

Time = 12000
Temperature
1.0084531     0.0061292524

Pressure
23.518039     0.093746057 

CM Mom
4.8492434e-17  1.5679552e-17 
1.9811123e-17  1.3598737e-17 
-5.1574852e-17 2.7212992e-17 
7.814301e-17   2.1655323e-17 

CM Pos
7.5008979      0.0091734156  
7.5024103      0.010081618   
7.4984329      0.011940188   
12.991391      0.014212599   

Stress
20.5361      -0.010881    0.00854439    0.122477     0.0777734    0.0561818   
-0.010881    20.4816      -0.0160397    0.0777734    0.128237     0.0835237   
0.00854439   -0.0160397   20.4819       0.0561818    0.0835237    0.137998    

Stress Spherical
0            0            0             0            0            0           
0            0            0             0            0            0           
0            0            0             0            0            0           

Inertia
149.997      -56.2865     -56.2548      0.281857     0.14515      0.111066    
-56.2865     149.967      -56.285       0.14515      0.221633     0.186993    
-56.2548     -56.285      150.04        0.111066     0.186993     0.231818    

Bond Length
0.62154147    0.0021184145

BB bond length
0.62154147    0.0021184145

Water EE distance
0             0           

PEG EE distance
5.9040849     0.20558414  

BBB P2(x)
0.509618      0.017401461 

BBB first bond length
0.62120486    0.0023912347

BBB second bond length
0.62121824    0.002378035 

BBB <phi**2>/<phi>**2
1.2176746     0.012204545 

Time = 13000
Temperature
1.0103662     0.0070182319

Pressure
23.561539     0.12685575  

CM Mom
4.327765e-17   1.3426803e-17 
3.7852384e-17  8.7174357e-18 
-6.2011908e-17 1.5776531e-17 
8.6416581e-17  1.3732475e-17 

CM Pos
7.5130749      0.016253814   
7.5031528      0.011136521   
7.5014029      0.012105267   
13.000572      0.017389783   

Stress
20.5486      0.0411867    0.0357621     0.135685     0.080199     0.106358    
0.0411867    20.5028      0.00890645    0.080199     0.162269     0.0683869   
0.0357621    0.00890645   20.5615       0.106358     0.0683869    0.123529    

Stress Spherical
0            0            0             0            0            0           
0            0            0             0            0            0           
0            0            0             0            0            0           

Inertia
150.073      -56.3721     -56.3295      0.271209     0.154231     0.199408    
-56.3721     150.212      -56.246       0.154231     0.369943     0.163068    
-56.3295     -56.246      150.222       0.199408     0.163068     0.264689    

Bond Length
0.6199709     0.0057642994

BB bond length
0.6199709     0.0057642994

Water EE distance
0             0           

PEG EE distance
6.0763434     0.32851446  

BBB P2(x)
0.50704121    0.027120561 

BBB first bond length
0.61977237    0.0060043678

BBB second bond length
0.620127      0.0058904341

BBB <phi**2>/<phi>**2
1.2149639     0.032199465 

Time = 14000
Temperature
1.0120499     0.0064989024

Pressure
23.548583     0.070889311 

CM Mom
3.0248934e-17  1.6133946e-17 
4.1847417e-17  6.6016992e-18 
-7.975778e-17  1.0191869e-17 
9.6350234e-17  1.2324818e-17 

CM Pos
7.5037194      0.0076890962  
7.4985493      0.015733309   
7.5039274      0.016291759   
12.993971      0.016275496   

Stress
20.5119      0.0373588    0.0183561     0.102209     0.0342914    0.0823281   
0.0373588    20.5191      -0.027374     0.0342914    0.100092     0.0739422   
0.0183561    -0.027374    20.5279       0.0823281    0.0739422    0.0991679   

Stress Spherical
0            0            0             0            0            0           
0            0            0             0            0            0           
0            0            0             0            0            0           

Inertia
150.035      -56.2789     -56.2866      0.360206     0.157475     0.199291    
-56.2789     150.08       -56.2833      0.157475     0.355574     0.201899    
-56.2866     -56.2833     150.017       0.199291     0.201899     0.275385    

Bond Length
0.6175339     0.0037306652

BB bond length
0.6175339     0.0037306652

Water EE distance
0             0           

PEG EE distance
6.863884      0.37657211  

BBB P2(x)
0.50660516    0.022746125 

BBB first bond length
0.61780702    0.0037370364

BBB second bond length
0.61765839    0.0038162947

BBB <phi**2>/<phi>**2
1.2254383     0.017855917 

Time = 15000
Temperature
1.0128385     0.006794409 

Pressure
23.476329     0.068462503 

CM Mom
2.4692598e-17  1.1708101e-17 
4.627468e-17   1.0238241e-17 
-6.6994502e-17 9.5874676e-18 
8.6325966e-17  1.0999182e-17 

CM Pos
7.5013434      0.0079817966  
7.5050833      0.016013935   
7.505264       0.011002047   
12.997142      0.012484827   

Stress
20.4568      0.0237223    -0.0182836    0.0824977    0.0416117    0.0838718   
0.0237223    20.4466      -0.0573258    0.0416117    0.106842     0.0741449   
-0.0182836   -0.0573258   20.4317       0.0838718    0.0741449    0.0952807   

Stress Spherical
0            0            0             0            0            0           
0            0            0             0            0            0           
0            0            0             0            0            0           

Inertia
150.148      -56.3165     -56.3203      0.279789     0.165402     0.0957113   
-56.3165     150.097      -56.3209      0.165402     0.245086     0.117026    
-56.3203     -56.3209     150.075       0.0957113    0.117026     0.286479    

Bond Length
0.6229586     0.0043374714

BB bond length
0.6229586     0.0043374714

Water EE distance
0             0           

PEG EE distance
6.5903118     0.33040819  

BBB P2(x)
0.50428096    0.018100588 

BBB first bond length
0.62301631    0.004422354 

BBB second bond length
0.62295361    0.0051184015

BBB <phi**2>/<phi>**2
1.2257651     0.011171797 

Time = 16000
Temperature
1.0087964     0.0063148753

Pressure
23.468678     0.056881182 

CM Mom
3.3378821e-17  1.5337895e-17 
6.3910641e-17  1.1952912e-17 
-4.310866e-17  1.8806068e-17 
8.7371751e-17  1.2451534e-17 

CM Pos
7.4986704      0.017968518   
7.5022618      0.018819135   
7.4990269      0.013471018   
12.990383      0.014188461   

Stress
20.4734      -0.0215802   -0.0127918    0.0800257    0.0716304    0.0806429   
-0.0215802   20.4455      -0.056712     0.0716304    0.0918406    0.084797    
-0.0127918   -0.056712    20.4296       0.0806429    0.084797     0.0983755   

Stress Spherical
0            0            0             0            0            0           
0            0            0             0            0            0           
0            0            0             0            0            0           

Inertia
150.027      -56.3163     -56.2089      0.235178     0.198361     0.157534    
-56.3163     149.963      -56.24        0.198361     0.214142     0.122725    
-56.2089     -56.24       150.007       0.157534     0.122725     0.552688    

Bond Length
0.62155826    0.004300954 

BB bond length
0.62155826    0.004300954 

Water EE distance
0             0           

PEG EE distance
6.3364539     0.26283111  

BBB P2(x)
0.52158755    0.020549226 

BBB first bond length
0.62165281    0.004389406 

BBB second bond length
0.62201126    0.0043119605

BBB <phi**2>/<phi>**2
1.2278222     0.021610481 

Time = 17000
Temperature
1.0089653     0.0068457436

Pressure
23.53411      0.076751601 

CM Mom
4.6579962e-17  3.0264521e-17 
9.5977316e-17  3.0078611e-17 
-8.0879984e-17 1.8647029e-17 
1.3884488e-16  2.8519878e-17 

CM Pos
7.5050559      0.013515961   
7.5064198      0.010475315   
7.5018484      0.019405282   
12.998084      0.020079794   

Stress
20.5194      0.0206705    -0.00922267   0.0986849    0.0528199    0.0648724   
0.0206705    20.463       -0.0283144    0.0528199    0.0950956    0.0552003   
-0.00922267  -0.0283144   20.5608       0.0648724    0.0552003    0.116028    

Stress Spherical
0            0            0             0            0            0           
0            0            0             0            0            0           
0            0            0             0            0            0           

Inertia
150.133      -56.3413     -56.3012      0.378703     0.165714     0.219644    
-56.3413     150.105      -56.3094      0.165714     0.451938     0.188029    
-56.3012     -56.3094     150.166       0.219644     0.188029     0.371553    

Bond Length
0.6194463     0.0024174149

BB bond length
0.6194463     0.0024174149

Water EE distance
0             0           

PEG EE distance
6.3782144     0.24794479  

BBB P2(x)
0.50126024    0.019988282 

BBB first bond length
0.61959832    0.0027183688

BBB second bond length
0.6195838     0.0021603925

BBB <phi**2>/<phi>**2
1.2176535     0.013257618 

Time = 18000
Temperature
1.013057      0.010779731 

Pressure
23.505775     0.090224636 

CM Mom
5.7387215e-17  1.8565345e-17 
8.0463004e-17  2.2849638e-17 
-8.1300123e-17 2.2031776e-17 
1.3204514e-16  1.7133486e-17 

CM Pos
7.5090654      0.004927431   
7.5018163      0.01035356    
7.4957599      0.012531336   
12.994226      0.010695816   

Stress
20.4581      0.00603214   0.00184467    0.107591     0.0741014    0.077964    
0.00603214   20.4735      -0.0054947    0.0741014    0.0594359    0.0436299   
0.00184467   -0.0054947   20.4898       0.077964     0.0436299    0.126698    

Stress Spherical
0            0            0             0            0            0           
0            0            0             0            0            0           
0            0            0             0            0            0           

Inertia
149.972      -56.3359     -56.277       0.285515     0.0893087    0.108188    
-56.3359     150.098      -56.2859      0.0893087    0.151794     0.130653    
-56.277      -56.2859     150.171       0.108188     0.130653     0.212464    

Bond Length
0.6188573     0.0045418486

BB bond length
0.6188573     0.0045418486

Water EE distance
0             0           

PEG EE distance
6.6761833     0.35186847  

BBB P2(x)
0.51113078    0.012924606 

BBB first bond length
0.61888717    0.0046114868

BBB second bond length
0.61853782    0.0041809419

BBB <phi**2>/<phi>**2
1.2275049     0.014594159 

Time = 19000
Temperature
1.009995      0.0079521128

Pressure
23.503061     0.051268676 

CM Mom
5.318723e-17   1.9899998e-17 
5.2220655e-17  1.8135485e-17 
-1.040143e-16  2.3472869e-17 
1.308905e-16   2.2768664e-17 

CM Pos
7.4988189      0.011195769   
7.4961733      0.015136092   
7.5066005      0.010563362   
12.991313      0.013735669   

Stress
20.4415      0.00595473   -0.0235597    0.0777089    0.0813704    0.105966    
0.00595473   20.5275      -0.0169235    0.0813704    0.0962955    0.0714246   
-0.0235597   -0.0169235   20.4718       0.105966     0.0714246    0.0814433   

Stress Spherical
0            0            0             0            0            0           
0            0            0             0            0            0           
0            0            0             0            0            0           

Inertia
150.059      -56.2003     -56.2722      0.310463     0.127723     0.140376    
-56.2003     150.09       -56.3005      0.127723     0.283303     0.165183    
-56.2722     -56.3005     149.937       0.140376     0.165183     0.249433    

Bond Length
0.62128046    0.0049448741

BB bond length
0.62128046    0.0049448741

Water EE distance
0             0           

PEG EE distance
6.9227996     0.48314323  

BBB P2(x)
0.50687309    0.019141084 

BBB first bond length
0.62120921    0.005133395 

BBB second bond length
0.62154028    0.0048539095

BBB <phi**2>/<phi>**2
1.2233538     0.015329799 

Time = 20000
Temperature
1.0106916     0.0058075803

Pressure
23.471391     0.059234794 

CM Mom
6.5891808e-17  1.0477767e-17 
5.1699671e-17  1.6584518e-17 
-7.1828303e-17 1.2057093e-17 
1.1239193e-16  8.49405e-18   

CM Pos
7.5001554      0.0072156404  
7.5038953      0.013388917   
7.5042244      0.015421152   
12.995175      0.0072333071  

Stress
20.436       -0.0130107   -0.0337351    0.138206     0.0722566    0.0800768   
-0.0130107   20.4696      -0.045438     0.0722566    0.0822515    0.0627758   
-0.0337351   -0.045438    20.4338       0.0800768    0.0627758    0.079299    

Stress Spherical
0            0            0             0            0            0           
0            0            0             0            0            0           
0            0            0             0            0            0           

Inertia
150.118      -56.2581     -56.2778      0.166287     0.131447     0.16059     
-56.2581     150.078      -56.3233      0.131447     0.191465     0.148877    
-56.2778     -56.3233     150.056       0.16059      0.148877     0.227309    

Bond Length
0.61962855    0.0044481161

BB bond length
0.61962855    0.0044481161

Water EE distance
0             0           

PEG EE distance
7.9168284     0.35850758  

BBB P2(x)
0.51773132    0.022383082 

BBB first bond length
0.61968185    0.00437945  

BBB second bond length
0.61981961    0.0046188785

BBB <phi**2>/<phi>**2
1.229602      0.020527312 

Time = 21000
Temperature
1.0112717     0.0052763339

Pressure
23.486168     0.10508963  

CM Mom
6.9750275e-17  2.8527802e-17 
6.2675228e-17  2.1477602e-17 
-1.169026e-16  4.1837398e-17 
1.5527999e-16  3.7055618e-17 

CM Pos
7.4968884      0.013421818   
7.5028558      0.0095595349  
7.5006604      0.012739893   
12.99063       0.007393462   

Stress
20.4497      -0.00145884  -0.0128737    0.109405     0.0712351    0.0793947   
-0.00145884  20.4587      -0.00727891   0.0712351    0.16934      0.0500281   
-0.0128737   -0.00727891  20.4703       0.0793947    0.0500281    0.137967    

Stress Spherical
0            0            0             0            0            0           
0            0            0             0            0            0           
0            0            0             0            0            0           

Inertia
150.048      -56.2423     -56.2378      0.25754      0.126259     0.0702202   
-56.2423     149.961      -56.2923      0.126259     0.17364      0.186766    
-56.2378     -56.2923     149.99        0.0702202    0.186766     0.204456    

Bond Length
0.62113651    0.0029855779

BB bond length
0.62113651    0.0029855779

Water EE distance
0             0           

PEG EE distance
7.4310563     0.19458552  

BBB P2(x)
0.51980876    0.021251214 

BBB first bond length
0.6212391     0.0027348974

BBB second bond length
0.62105593    0.0037047941

BBB <phi**2>/<phi>**2
1.2289482     0.012838344 

Time = 22000
Temperature
1.0131932     0.010702002 

Pressure
23.537116     0.091973699 

CM Mom
8.3006235e-17  3.4999022e-17 
5.4049319e-17  1.5468901e-17 
-1.2652707e-16 3.2472878e-17 
1.6570718e-16  2.9669852e-17 

CM Pos
7.4980764      0.010572752   
7.5001828      0.012551557   
7.5008089      0.014782293   
12.989861      0.0054473751  

Stress
20.5457      0.0367123    0.00796253    0.131194     0.050259     0.0564915   
0.0367123    20.4542      0.023902      0.050259     0.088982     0.0718614   
0.00796253   0.023902     20.5143       0.0564915    0.0718614    0.0884075   

Stress Spherical
0            0            0             0            0            0           
0            0            0             0            0            0           
0            0            0             0            0            0           

Inertia
150.005      -56.2288     -56.2593      0.140257     0.220905     0.149707    
-56.2288     149.978      -56.2924      0.220905     0.245281     0.0904105   
-56.2593     -56.2924     149.957       0.149707     0.0904105    0.244946    

Bond Length
0.62017393    0.0030470323

BB bond length
0.62017393    0.0030470323

Water EE distance
0             0           

PEG EE distance
7.3738364     0.12687989  

BBB P2(x)
0.52122568    0.018673035 

BBB first bond length
0.62017594    0.0028395129

BBB second bond length
0.62018872    0.0033116088

BBB <phi**2>/<phi>**2
1.2229342     0.016254735 

Time = 23000
Temperature
1.0143115     0.0039940455

Pressure
23.5361       0.093835485 

CM Mom
9.6749655e-17  2.3125472e-17 
5.8302096e-17  3.6226825e-17 
-1.2419679e-16 2.0103715e-17 
1.7330579e-16  2.0022618e-17 

CM Pos
7.4967399      0.016415817   
7.4939457      0.015913785   
7.4953144      0.012104356   
12.982316      0.014508629   

Stress
20.5148      0.0138698    -0.0252624    0.143996     0.0984676    0.0584249   
0.0138698    20.4651      -0.0423388    0.0984676    0.10463      0.0809724   
-0.0252624   -0.0423388   20.5212       0.0584249    0.0809724    0.104545    

Stress Spherical
0            0            0             0            0            0           
0            0            0             0            0            0           
0            0            0             0            0            0           

Inertia
149.819      -56.1885     -56.177       0.32143      0.223169     0.138787    
-56.1885     149.891      -56.189       0.223169     0.273065     0.145184    
-56.177      -56.189      149.843       0.138787     0.145184     0.381823    

Bond Length
0.62071267    0.003693593 

BB bond length
0.62071267    0.003693593 

Water EE distance
0             0           

PEG EE distance
7.2822206     0.29941404  

BBB P2(x)
0.51095227    0.015856096 

BBB first bond length
0.62080734    0.0037700441

BBB second bond length
0.62113143    0.003769887 

BBB <phi**2>/<phi>**2
1.2206987     0.01496819  

Time = 24000
Temperature
1.0080768     0.0059472442

Pressure
23.511562     0.066275372 

CM Mom
1.2435458e-16  2.2836746e-17 
7.799369e-17   1.2890004e-17 
-1.1861723e-16 1.7534721e-17 
1.9073193e-16  1.5283765e-17 

CM Pos
7.5010464      0.013421818   
7.5037468      0.015446871   
7.5074915      0.013351807   
12.997491      0.012525981   

Stress
20.4821      -0.0103144   0.0105873     0.134385     0.0827069    0.0578594   
-0.0103144   20.4594      -0.00452327   0.0827069    0.0881894    0.0675851   
0.0105873    -0.00452327  20.542        0.0578594    0.0675851    0.0745331   

Stress Spherical
0            0            0             0            0            0           
0            0            0             0            0            0           
0            0            0             0            0            0           

Inertia
150.16       -56.2708     -56.343       0.223933     0.186538     0.151267    
-56.2708     150.145      -56.3095      0.186538     0.17748      0.131977    
-56.343      -56.3095     150.08        0.151267     0.131977     0.47335     

Bond Length
0.61759188    0.0037179229

BB bond length
0.61759188    0.0037179229

Water EE distance
0             0           

PEG EE distance
7.4323199     0.32832269  

BBB P2(x)
0.52725703    0.017089565 

BBB first bond length
0.61768893    0.0038174817

BBB second bond length
0.61711354    0.0036966535

BBB <phi**2>/<phi>**2
1.2315345     0.0085003141

Time = 25000
Temperature
1.0124338     0.0064094388

Pressure
23.509147     0.051482587 

CM Mom
1.2436509e-16  1.4082098e-17 
6.7961454e-17  1.2661291e-17 
-1.125145e-16  1.7071941e-17 
1.8224623e-16  1.3465736e-17 

CM Pos
7.5022344      0.011522884   
7.5027073      0.012566482   
7.5018484      0.009480778   
12.994311      0.011509621   

Stress
20.4975      -0.007072    0.0443182     0.101147     0.0617868    0.0805187   
-0.007072    20.4573      -0.0034549    0.0617868    0.0762584    0.078901    
0.0443182    -0.0034549   20.4823       0.0805187    0.078901     0.0730944   

Stress Spherical
0            0            0             0            0            0           
0            0            0             0            0            0           
0            0            0             0            0            0           

Inertia
150.066      -56.2894     -56.3133      0.213914     0.155564     0.106474    
-56.2894     150.078      -56.2626      0.155564     0.224421     0.142996    
-56.3133     -56.2626     150.093       0.106474     0.142996     0.356722    

Bond Length
0.62013762    0.0039406491

BB bond length
0.62013762    0.0039406491

Water EE distance
0             0           

PEG EE distance
7.2715272     0.19638269  

BBB P2(x)
0.52599095    0.015070662 

BBB first bond length
0.62034114    0.0044005262

BBB second bond length
0.6204055     0.0036263582

BBB <phi**2>/<phi>**2
1.2352029     0.014704173 

Time = 26000
Temperature
1.0090748     0.0086645462

Pressure
23.49823      0.086806891 

CM Mom
1.8083853e-16  2.9774911e-17 
4.8980719e-17  1.1239698e-17 
-1.0497713e-16 3.2714745e-17 
2.1752043e-16  2.9830764e-17 

CM Pos
7.4982249      0.014968344   
7.5059743      0.013369138   
7.4877409      0.0084017494  
12.985747      0.011498489   

Stress
20.4506      -0.0591611   0.000402692   0.112384     0.106687     0.0520148   
-0.0591611   20.4989      0.0300319     0.106687     0.0976727    0.0794216   
0.000402692  0.0300319    20.485        0.0520148    0.0794216    0.113743    

Stress Spherical
0            0            0             0            0            0           
0            0            0             0            0            0           
0            0            0             0            0            0           

Inertia
149.906      -56.228      -56.1634      0.272606     0.131161     0.135565    
-56.228      149.793      -56.2076      0.131161     0.227831     0.189817    
-56.1634     -56.2076     150.057       0.135565     0.189817     0.268355    

Bond Length
0.62113533    0.0043123599

BB bond length
0.62113533    0.0043123599

Water EE distance
0             0           

PEG EE distance
7.1326076     0.31575837  

BBB P2(x)
0.49706318    0.022970051 

BBB first bond length
0.62111163    0.0042696225

BBB second bond length
0.62073846    0.0046762633

BBB <phi**2>/<phi>**2
1.2140946     0.016553515 

Time = 27000
Temperature
1.0135448     0.0072396177

Pressure
23.498751     0.088293103 

CM Mom
1.5504007e-16  2.4543989e-17 
3.6229256e-17  3.1004091e-17 
-9.3286872e-17 1.8264875e-17 
1.887275e-16   1.8210423e-17 

CM Pos
7.4982249      0.009008465   
7.5074593      0.0065154176  
7.5014029      0.016038704   
12.994481      0.014339473   

Stress
20.5284      -0.00291846  -0.0458828    0.0686299    0.0691348    0.0560838   
-0.00291846  20.4468      -0.0107313    0.0691348    0.16996      0.0884562   
-0.0458828   -0.0107313   20.4207       0.0560838    0.0884562    0.13647     

Stress Spherical
0            0            0             0            0            0           
0            0            0             0            0            0           
0            0            0             0            0            0           

Inertia
150.132      -56.257      -56.2522      0.285836     0.114938     0.219066    
-56.257      149.994      -56.3079      0.114938     0.331181     0.177203    
-56.2522     -56.3079     150.09        0.219066     0.177203     0.236799    

Bond Length
0.62160141    0.003811669 

BB bond length
0.62160141    0.003811669 

Water EE distance
0             0           

PEG EE distance
7.3410356     0.47922361  

BBB P2(x)
0.51179752    0.013942207 

BBB first bond length
0.62136605    0.0038528149

BBB second bond length
0.62104673    0.0040294121

BBB <phi**2>/<phi>**2
1.2243918     0.014557503 

Time = 28000
Temperature
1.010022      0.0089144796

Pressure
23.509792     0.091926061 

CM Mom
1.5408343e-16  1.4757745e-17 
2.9705143e-17  2.5353013e-17 
-9.1124349e-17 2.0241273e-17 
1.8425803e-16  1.5716188e-17 

CM Pos
7.4965914      0.016368058   
7.5015193      0.0071295538  
7.4979874      0.021425232   
12.988147      0.017172674   

Stress
20.4615      0.0161875    0.00226288    0.0990215    0.0698063    0.0472822   
0.0161875    20.5288      0.0192655     0.0698063    0.106749     0.0788421   
0.00226288   0.0192655    20.4705       0.0472822    0.0788421    0.0839548   

Stress Spherical
0            0            0             0            0            0           
