Time = 1000
Temperature
   1.1420767    0.22648539

Pressure
   23.742287     1.0965008

CM Mom
3.4343952e-17  2.4820892e-17 
-4.1457074e-17 5.2133066e-17 
-7.915368e-17  3.7345145e-16 
2.6901002e-16  2.8212945e-16 

CM Pos
7.5015581      0.015016901   
7.5068621      0.02853998    
7.4879854      0.01743959    
12.988357      0.01394737    

Stress
20.2965      0.00112771   0.00463923    0.437564     0.0996587    0.0739085   
0.00112771   20.3175      -0.0122053    0.0996587    0.382968     0.0781351   
0.00463923   -0.0122053   20.3595       0.0739085    0.0781351    0.490688    

Stress Spherical
0            0            0             0            0            0           
0            0            0             0            0            0           
0            0            0             0            0            0           

Inertia
150.102      -56.3094     -56.2037      1.64037      0.310186     0.0837504   
-56.3094     149.993      -56.2119      0.310186     1.20193      0.168655    
-56.2037     -56.2119     150.295       0.0837504    0.168655     1.85201     

Bond Length
0.6193708     0.0072350914

BB bond length
0.6193708     0.0072350914

Water EE distance
0             0           

PEG EE distance
6.9788054     0.20908544  

BBB P2(x)
0.47722976    0.068344091 

BBB first bond length
0.6195087     0.0076315867

BBB second bond length
0.61923555    0.0071216441

BBB <phi**2>/<phi>**2
1.2197609     0.015100087 

Time = 2000
Temperature
1.0093203     0.0064849398

Pressure
23.06831      0.090785845 

CM Mom
4.2512748e-19  9.8132392e-18 
1.1632746e-17  1.158795e-17  
-1.9951038e-19 3.4415749e-17 
3.5865017e-17  1.6256257e-17 

CM Pos
7.5030432      0.022894421   
7.5027037      0.01393905    
7.4958567      0.011333931   
12.991329      0.017389282   

Stress
20.0478      0.0367185    -0.0403851    0.117374     0.0704079    0.0748556   
0.0367185    20.0804      0.0358509     0.0704079    0.0749376    0.0715627   
-0.0403851   0.0358509    20.0153       0.0748556    0.0715627    0.146509    

Stress Spherical
0            0            0             0            0            0           
0            0            0             0            0            0           
0            0            0             0            0            0           

Inertia
149.868      -56.2913     -56.2481      0.369931     0.227902     0.231303    
-56.2913     149.863      -56.265       0.227902     0.433855     0.0812113   
-56.2481     -56.265      149.973       0.231303     0.0812113    0.64368     

Bond Length
0.61778844    0.0019179005

BB bond length
0.61778844    0.0019179005

Water EE distance
0             0           

PEG EE distance
7.2487293     0.13509774  

BBB P2(x)
0.52293344    0.0083109572

BBB first bond length
0.61805627    0.0020066423

BBB second bond length
0.61769678    0.0020177856

BBB <phi**2>/<phi>**2
1.2277315     0.0062590986

