Time = 1000
Temperature
   1.0712132   0.092676999

Pressure
   23.710649    0.46878129

CM Mom
-2.908545e-17  2.4547718e-17 
2.306726e-17   2.5788678e-17 
-5.2214113e-17 1.4088661e-16 
1.3118983e-16  8.9500218e-17 

CM Pos
7.5038799      0.042256693   
7.500077       0.0099311859  
7.4995443      0.01481312    
12.992449      0.030013169   

Stress
20.5002      0.0359116    0.0288958     0.204933     0.0770581    0.0694319   
0.0359116    20.4734      0.0242725     0.0770581    0.207695     0.064463    
0.0288958    0.0242725    20.5279       0.0694319    0.064463     0.233239    

Stress Spherical
0            0            0             0            0            0           
0            0            0             0            0            0           
0            0            0             0            0            0           

Inertia
150.057      -56.2603     -56.3143      1.19409      0.302037     0.449493    
-56.2603     150.122      -56.2483      0.302037     1.77594      0.172293    
-56.3143     -56.2483     150.132       0.449493     0.172293     1.61432     

Bond Length
0.61876484    0.0040930266

BB bond length
0.61876484    0.0040930266

Water EE distance
0             0           

PEG EE distance
7.2000026     0.1123807   

BBB P2(x)
0.47614374    0.060693098 

BBB first bond length
0.61890757    0.0040313843

BBB second bond length
0.61883024    0.004042552 

BBB <phi**2>/<phi>**2
1.2247905     0.01488975  

Time = 2000
Temperature
1.0109438     0.0066049532

Pressure
23.350767     0.099416872 

CM Mom
-6.0637727e-17 2.4279679e-17 
4.3013321e-17  2.6908001e-17 
-5.0287153e-17 6.0238059e-17 
1.0771769e-16  3.7348947e-17 

CM Pos
7.497206       0.024877085   
7.4954794      0.012323956   
7.5041419      0.013072266   
12.988567      0.022879648   

Stress
20.309       -0.00613067  0.00648461    0.125729     0.0586873    0.0477796   
-0.00613067  20.3423      0.0207755     0.0586873    0.124015     0.0472608   
0.00648461   0.0207755    20.3124       0.0477796    0.0472608    0.107194    

Stress Spherical
0            0            0             0            0            0           
0            0            0             0            0            0           
0            0            0             0            0            0           

Inertia
149.894      -56.1852     -56.226       0.478799     0.260897     0.259999    
-56.1852     149.904      -56.2447      0.260897     0.630453     0.153985    
-56.226      -56.2447     149.78        0.259999     0.153985     0.720992    

Bond Length
0.61852833    0.0017755004

BB bond length
0.61852833    0.0017755004

Water EE distance
0             0           

PEG EE distance
7.2924582     0.15594694  

BBB P2(x)
0.52002353    0.0091518625

BBB first bond length
0.61815446    0.0020153143

BBB second bond length
0.6184196     0.001872457 

BBB <phi**2>/<phi>**2
1.2199477     0.010892014 

Time = 3000
Temperature
1.0132196     0.0071579237

Pressure
23.345518     0.10959815  

CM Mom
-7.6190208e-17 1.5910154e-17 
6.4900955e-17  1.7369887e-17 
-7.4415383e-17 1.6456774e-17 
1.2626762e-16  2.0901951e-17 

CM Pos
7.5016553      0.011054763   
7.5085306      0.011603246   
7.5063666      0.01288158    
12.999947      0.013891594   

Stress
20.3011      0.0224062    -0.0556599    0.0927187    0.101286     0.0715885   
0.0224062    20.3103      -0.010539     0.101286     0.121675     0.0709311   
-0.0556599   -0.010539    20.3161       0.0715885    0.0709311    0.157681    

Stress Spherical
0            0            0             0            0            0           
0            0            0             0            0            0           
0            0            0             0            0            0           

Inertia
150.169      -56.3346     -56.2775      0.249067     0.202287     0.206439    
-56.3346     150.042      -56.3866      0.202287     0.335504     0.124525    
-56.2775     -56.3866     150.074       0.206439     0.124525     0.271995    

Bond Length
0.61897312    0.0025636241

BB bond length
0.61897312    0.0025636241

Water EE distance
0             0           

PEG EE distance
7.1216895     0.11534804  

BBB P2(x)
0.50638773    0.012935426 

BBB first bond length
0.61875256    0.0024536421

BBB second bond length
0.61899603    0.0023308376

BBB <phi**2>/<phi>**2
1.226506      0.0094422455

Time = 4000
Temperature
1.0133928     0.0079071582

Pressure
23.334916     0.062468039 

CM Mom
-3.9137516e-17 1.7412e-17    
5.3036778e-17  2.1109907e-17 
-5.4336054e-17 1.3201053e-17 
8.9013252e-17  1.7226908e-17 

CM Pos
7.5023968      0.016502364   
7.4956277      0.019520566   
7.4989511      0.013135212   
12.988653      0.019465943   

Stress
20.2727      -0.00457537  0.0490926     0.0900285    0.0607683    0.0876169   
-0.00457537  20.3486      0.00819925    0.0607683    0.090151     0.0408967   
0.0490926    0.00819925   20.2728       0.0876169    0.0408967    0.0760591   

Stress Spherical
0            0            0             0            0            0           
0            0            0             0            0            0           
0            0            0             0            0            0           

Inertia
149.864      -56.2183     -56.2569      0.376338     0.246672     0.164527    
-56.2183     149.961      -56.1723      0.246672     0.323157     0.18559     
-56.2569     -56.1723     149.922       0.164527     0.18559      0.458563    

Bond Length
0.61910581    0.0025112762

BB bond length
0.61910581    0.0025112762

Water EE distance
0             0           

PEG EE distance
6.9043914     0.18203609  

BBB P2(x)
0.51416965    0.0044432885

BBB first bond length
0.61893634    0.0027076679

BBB second bond length
0.61903765    0.0023140116

BBB <phi**2>/<phi>**2
1.2202133     0.0058192036

Time = 5000
Temperature
1.0093241     0.0062690389

Pressure
23.331479     0.043992232 

CM Mom
-3.8213451e-17 1.8143469e-17 
4.4565482e-17  1.2275696e-17 
-8.1645548e-17 1.4230119e-17 
1.0317729e-16  1.2213368e-17 

CM Pos
7.4943881      0.010103552   
7.50156        0.013118456   
7.4985062      0.015390616   
12.987192      0.014206308   

Stress
20.2428      0.00699796   -0.0185923    0.0551095    0.0878959    0.0596102   
0.00699796   20.3629      -0.00132258   0.0878959    0.161155     0.0856236   
-0.0185923   -0.00132258  20.3147       0.0596102    0.0856236    0.077633    

Stress Spherical
0            0            0             0            0            0           
0            0            0             0            0            0           
0            0            0             0            0            0           

Inertia
149.961      -56.2173     -56.1791      0.39298      0.140466     0.132375    
-56.2173     149.859      -56.2541      0.140466     0.265841     0.179728    
-56.1791     -56.2541     149.91        0.132375     0.179728     0.204134    

Bond Length
0.62044384    0.0023442521

BB bond length
0.62044384    0.0023442521

Water EE distance
0             0           

PEG EE distance
7.3880858     0.16100282  

BBB P2(x)
0.52714612    0.0084291384

BBB first bond length
0.62023755    0.0024550605

BBB second bond length
0.62070773    0.0024286013

BBB <phi**2>/<phi>**2
1.225001      0.0085838687

Time = 6000
Temperature
1.0125918     0.0062387272

Pressure
23.330584     0.055619231 

CM Mom
-1.7134142e-17 1.5428068e-17 
3.0219384e-17  1.2034355e-17 
-5.135989e-17  1.5346962e-17 
6.4909889e-17  1.5802365e-17 

CM Pos
7.4998756      0.015398474   
7.4965175      0.013686303   
7.4971714      0.012528403   
12.986678      0.016285717   

Stress
20.3012      0.0396806    -0.00320275   0.117097     0.089141     0.0549552   
0.0396806    20.2718      0.0278475     0.089141     0.0931594    0.0688287   
-0.00320275  0.0278475    20.3153       0.0549552    0.0688287    0.0827362   

Stress Spherical
0            0            0             0            0            0           
0            0            0             0            0            0           
0            0            0             0            0            0           

Inertia
149.873      -56.245      -56.2283      0.318268     0.210116     0.177062    
-56.245      149.927      -56.2064      0.210116     0.282504     0.146695    
-56.2283     -56.2064     149.921       0.177062     0.146695     0.413037    

Bond Length
0.61947127    0.0018444092

BB bond length
0.61947127    0.0018444092

Water EE distance
0             0           

PEG EE distance
7.2613768     0.16942011  

BBB P2(x)
0.51644321    0.01276801  

BBB first bond length
0.61930727    0.0019384248

BBB second bond length
0.6195029     0.0018627371

BBB <phi**2>/<phi>**2
1.2224996     0.0084662657

Time = 7000
Temperature
1.0121725     0.00493488  

Pressure
23.338587     0.10021706  

CM Mom
-3.3536935e-17 1.6982872e-17 
5.3883935e-17  2.2206609e-17 
-4.3035378e-17 1.4880306e-17 
7.9440452e-17  2.3925671e-17 

CM Pos
7.5025451      0.011934981   
7.4980006      0.011598506   
7.4953917      0.0085711983  
12.988044      0.011984308   

Stress
20.3822      -0.0252485   0.0391996     0.0978216    0.0505447    0.0836514   
-0.0252485   20.2779      -0.000197669  0.0505447    0.138202     0.0728944   
0.0391996    -0.000197669 20.256        0.0836514    0.0728944    0.109289    

Stress Spherical
0            0            0             0            0            0           
0            0            0             0            0            0           
0            0            0             0            0            0           

Inertia
149.883      -56.2292     -56.2566      0.210138     0.150061     0.136672    
-56.2292     149.935      -56.2067      0.150061     0.26571      0.102372    
-56.2566     -56.2067     149.968       0.136672     0.102372     0.244444    

Bond Length
0.61970338    0.0035555266

BB bond length
0.61970338    0.0035555266

Water EE distance
0             0           

PEG EE distance
7.2268711     0.16528861  

BBB P2(x)
0.51248399    0.0099925783

BBB first bond length
0.6199184     0.0037452691

BBB second bond length
0.61974712    0.003697863 

BBB <phi**2>/<phi>**2
1.2238481     0.012340466 

Time = 8000
Temperature
1.0108914     0.0053974145

Pressure
23.332056     0.079085956 

CM Mom
-4.2595505e-17 1.7069059e-17 
8.4711587e-17  2.0079131e-17 
-5.5424707e-17 1.6837193e-17 
1.1279916e-16  1.7795899e-17 

CM Pos
7.501507       0.015673842   
7.4953311      0.010698846   
7.5028071      0.013865133   
12.990191      0.014046221   

Stress
20.3143      0.0148766    -0.0160718    0.0918995    0.0592652    0.0688747   
0.0148766    20.3107      -0.0497181    0.0592652    0.129313     0.0765532   
-0.0160718   -0.0497181   20.283        0.0688747    0.0765532    0.083086    

Stress Spherical
0            0            0             0            0            0           
0            0            0             0            0            0           
0            0            0             0            0            0           

Inertia
149.954      -56.2071     -56.303       0.194144     0.165181     0.177079    
-56.2071     150.048      -56.2354      0.165181     0.28846      0.119971    
-56.303      -56.2354     149.94        0.177079     0.119971     0.331424    

Bond Length
0.61972953    0.002290991 

BB bond length
0.61972953    0.002290991 

Water EE distance
0             0           

PEG EE distance
7.2396557     0.15071311  

BBB P2(x)
0.52006373    0.01335181  

BBB first bond length
0.61993676    0.0023237851

BBB second bond length
0.61971791    0.002145944 

BBB <phi**2>/<phi>**2
1.2245982     0.0075344989

Time = 9000
Temperature
1.0104956     0.0050500478

Pressure
23.342601     0.054414801 

CM Mom
-2.4149601e-17 2.3230747e-17 
6.2391043e-17  2.7152031e-17 
-4.2017013e-17 2.5496359e-17 
8.6996921e-17  2.449031e-17  

CM Pos
7.5022485      0.015907164   
7.4982972      0.020733615   
7.4995443      0.010793003   
12.990447      0.020983366   

Stress
20.2963      0.0453398    0.00980564    0.0895563    0.0469843    0.0794644   
0.0453398    20.282       0.0347587     0.0469843    0.0876678    0.0577447   
0.00980564   0.0347587    20.365        0.0794644    0.0577447    0.121545    

Stress Spherical
0            0            0             0            0            0           
0            0            0             0            0            0           
0            0            0             0            0            0           

Inertia
149.958      -56.2852     -56.2353      0.349843     0.224587     0.132829    
-56.2852     150.014      -56.2504      0.224587     0.281275     0.177634    
-56.2353     -56.2504     149.974       0.132829     0.177634     0.488487    

Bond Length
0.61937012    0.0026352392

BB bond length
0.61937012    0.0026352392

Water EE distance
0             0           

PEG EE distance
7.3681857     0.10453589  

BBB P2(x)
0.51378535    0.010593148 

BBB first bond length
0.61935456    0.0027690953

BBB second bond length
0.6194514     0.0025215121

BBB <phi**2>/<phi>**2
1.2223538     0.0074454481

Time = 10000
Temperature
1.011357      0.0077928282

Pressure
23.344782     0.072250039 

CM Mom
1.7283362e-17  1.3352557e-17 
5.4624477e-17  1.3614796e-17 
-5.5049153e-17 1.5258033e-17 
8.1963628e-17  1.3834085e-17 

CM Pos
7.5012103      0.010703985   
7.4988905      0.017844016   
7.4970231      0.017591381   
12.988745      0.010641501   

Stress
20.3185      0.0400626    -0.0275216    0.111387     0.0471243    0.0787419   
0.0400626    20.325       -0.0177003    0.0471243    0.0912531    0.0505742   
-0.0275216   -0.0177003   20.2986       0.0787419    0.0505742    0.0923431   

Stress Spherical
0            0            0             0            0            0           
0            0            0             0            0            0           
0            0            0             0            0            0           

Inertia
149.93       -56.2518     -56.2399      0.286459     0.101708     0.159141    
-56.2518     149.968      -56.2271      0.101708     0.37016      0.154797    
-56.2399     -56.2271     149.986       0.159141     0.154797     0.199977    

Bond Length
0.61851173    0.002810199 

BB bond length
0.61851173    0.002810199 

Water EE distance
0             0           

PEG EE distance
7.6442057     0.14525515  

BBB P2(x)
0.51021974    0.0083603043

BBB first bond length
0.61848481    0.0026395124

BBB second bond length
0.61843726    0.0029913876

BBB <phi**2>/<phi>**2
1.2298094     0.013576267 

Time = 11000
Temperature
1.0057593     0.0073867436

Pressure
23.319586     0.052729544 

CM Mom
3.5959579e-18  2.1668369e-17 
4.2544874e-17  2.0971926e-17 
-5.4729582e-17 1.1848988e-17 
7.5120844e-17  1.4997386e-17 

CM Pos
7.5066978      0.0123409     
7.4994837      0.011953396   
7.4940569      0.0077192092  
12.990533      0.0080793093  

Stress
20.2635      0.00130342   0.0158621     0.142036     0.027742     0.113222    
0.00130342   20.3039      -0.00263981   0.027742     0.0891068    0.0608434   
0.0158621    -0.00263981  20.3493       0.113222     0.0608434    0.1092      

Stress Spherical
0            0            0             0            0            0           
0            0            0             0            0            0           
0            0            0             0            0            0           

Inertia
149.915      -56.2833     -56.2472      0.118249     0.16126      0.132767    
-56.2833     150.017      -56.2035      0.16126      0.211706     0.108652    
-56.2472     -56.2035     150.098       0.132767     0.108652     0.260983    

Bond Length
0.61780909    0.0028980834

BB bond length
0.61780909    0.0028980834

Water EE distance
0             0           

PEG EE distance
7.3487273     0.24783192  

BBB P2(x)
0.52017745    0.0080250324

BBB first bond length
0.61772506    0.0028134939

BBB second bond length
0.61758902    0.00294438  

BBB <phi**2>/<phi>**2
1.2284411     0.0082419011

Time = 12000
Temperature
1.0085295     0.0053861332

Pressure
23.314785     0.11984715  

CM Mom
-1.8644041e-17 1.4341859e-17 
6.6782154e-17  2.1403794e-17 
-6.6807127e-17 1.2435633e-17 
9.9395429e-17  1.4479419e-17 

CM Pos
7.5031384      0.01235159    
7.5009668      0.01297685    
7.4959849      0.0093845909  
12.990446      0.0098415974  

Stress
20.2368      0.0394698    0.00226524    0.129111     0.0537902    0.0512832   
0.0394698    20.2755      -0.0245586    0.0537902    0.116524     0.0659009   
0.00226524   -0.0245586   20.3652       0.0512832    0.0659009    0.153958    

Stress Spherical
0            0            0             0            0            0           
0            0            0             0            0            0           
0            0            0             0            0            0           

Inertia
149.959      -56.3249     -56.2647      0.279029     0.148753     0.121323    
-56.3249     149.976      -56.2311      0.148753     0.227377     0.14427     
-56.2647     -56.2311     150.067       0.121323     0.14427      0.228486    

Bond Length
0.61793421    0.0019572813

BB bond length
0.61793421    0.0019572813

Water EE distance
0             0           

PEG EE distance
7.0187206     0.12523014  

BBB P2(x)
0.51048569    0.011991036 

BBB first bond length
0.61785127    0.0019432867

BBB second bond length
0.61802232    0.0020402525

BBB <phi**2>/<phi>**2
1.2261569     0.0057119615

Time = 13000
Temperature
1.009877      0.010759224 

Pressure
23.310569     0.060337763 

CM Mom
1.8949204e-19  4.5196546e-17 
8.3309812e-17  1.5041215e-17 
-7.8786015e-17 1.1954485e-17 
1.2342627e-16  1.8045158e-17 

CM Pos
7.4983925      0.01109845    
7.4985939      0.009842195   
7.4976163      0.01006429    
12.987271      0.012850648   

Stress
20.2586      -0.0456604   0.00444579    0.110575     0.0649512    0.0672722   
-0.0456604   20.3365      0.0473709     0.0649512    0.0680125    0.0909979   
0.00444579   0.0473709    20.2575       0.0672722    0.0909979    0.139119    

Stress Spherical
0            0            0             0            0            0           
0            0            0             0            0            0           
0            0            0             0            0            0           

Inertia
149.964      -56.2635     -56.1963      0.233943     0.16312      0.156826    
-56.2635     149.929      -56.2639      0.16312      0.232773     0.110229    
-56.1963     -56.2639     149.956       0.156826     0.110229     0.229876    

Bond Length
0.61940495    0.0027514055

BB bond length
0.61940495    0.0027514055

Water EE distance
0             0           

PEG EE distance
7.3219674     0.12518181  

BBB P2(x)
0.51202848    0.00872155  

BBB first bond length
0.61945066    0.002606703 

BBB second bond length
0.61961924    0.0025026972

BBB <phi**2>/<phi>**2
1.229386      0.0097835155

Time = 14000
Temperature
1.0100235     0.0071006631

Pressure
23.313107     0.054660909 

CM Mom
-7.1614544e-18 1.5810393e-17 
9.113243e-17   1.3795481e-17 
-6.7056307e-17 1.3626013e-17 
1.1556637e-16  1.1104992e-17 

CM Pos
7.4989857      0.014041685   
7.5008185      0.009914561   
7.4947984      0.015444116   
12.987281      0.011306933   

Stress
20.243       0.021022     0.036641      0.167038     0.0245751    0.049579    
0.021022     20.3048      0.0434418     0.0245751    0.0818876    0.0449943   
0.036641     0.0434418    20.3112       0.049579     0.0449943    0.0917534   

Stress Spherical
0            0            0             0            0            0           
0            0            0             0            0            0           
0            0            0             0            0            0           

Inertia
149.953      -56.2186     -56.1864      0.224206     0.121429     0.127491    
-56.2186     149.921      -56.2247      0.121429     0.269317     0.150229    
-56.1864     -56.2247     150.01        0.127491     0.150229     0.270351    

Bond Length
0.61867639    0.0019749448

BB bond length
0.61867639    0.0019749448

Water EE distance
0             0           

PEG EE distance
7.2371291     0.091954804 

BBB P2(x)
0.50384524    0.010540911 

BBB first bond length
0.61869349    0.0021910219

BBB second bond length
0.61877187    0.0017443908

BBB <phi**2>/<phi>**2
1.2266615     0.0077720659

Time = 15000
Temperature
1.012731      0.0077865936

Pressure
23.305613     0.071466375 

CM Mom
1.421945e-17   1.8595939e-17 
8.9947934e-17  1.739188e-17  
-5.2534713e-17 1.7895619e-17 
1.086598e-16   1.4639241e-17 

CM Pos
7.5016553      0.016094119   
7.5046745      0.01029762    
7.5047352      0.016341636   
12.996782      0.017388202   

Stress
20.2445      -0.0124749   0.00847421    0.053312     0.0549892    0.0791204   
-0.0124749   20.2662      0.00406109    0.0549892    0.0882206    0.0515647   
0.00847421   0.00406109   20.3015       0.0791204    0.0515647    0.13836     

Stress Spherical
0            0            0             0            0            0           
0            0            0             0            0            0           
0            0            0             0            0            0           

Inertia
150.161      -56.3292     -56.3396      0.362874     0.162509     0.229053    
-56.3292     150.111      -56.2951      0.162509     0.42017      0.141213    
-56.3396     -56.2951     150.113       0.229053     0.141213     0.335591    

Bond Length
0.61771515    0.0027022276

BB bond length
0.61771515    0.0027022276

Water EE distance
0             0           

PEG EE distance
7.1390579     0.16279838  

BBB P2(x)
0.50708325    0.014234276 

BBB first bond length
0.61754968    0.002731556 

BBB second bond length
0.6178165     0.0028480273

BBB <phi**2>/<phi>**2
1.2252441     0.011973304 

Time = 16000
Temperature
1.0077014     0.006645814 

Pressure
23.283934     0.065115261 

CM Mom
8.7643842e-18  1.0980553e-17 
1.0228879e-16  1.0256908e-17 
-5.500401e-17  2.0702215e-17 
1.1840263e-16  1.4157276e-17 

CM Pos
7.4951297      0.014051081   
7.5017084      0.010736813   
7.4942052      0.010249448   
12.985221      0.013171172   

Stress
20.2608      -0.00798003  -0.0102119    0.12327      0.0565369    0.0624277   
-0.00798003  20.2756      -0.0116441    0.0565369    0.100416     0.0695885   
-0.0102119   -0.0116441   20.256        0.0624277    0.0695885    0.0707359   

Stress Spherical
0            0            0             0            0            0           
0            0            0             0            0            0           
0            0            0             0            0            0           

Inertia
149.95       -56.2514     -56.209       0.250663     0.166313     0.176319    
-56.2514     149.838      -56.2269      0.166313     0.305817     0.161602    
-56.209      -56.2269     149.961       0.176319     0.161602     0.289965    

Bond Length
0.61945746    0.0021140668

BB bond length
0.61945746    0.0021140668

Water EE distance
0             0           

PEG EE distance
7.4139909     0.090399162 

BBB P2(x)
0.50763109    0.014984335 

BBB first bond length
0.61965059    0.0022399708

BBB second bond length
0.61927238    0.0024409477

BBB <phi**2>/<phi>**2
1.2240199     0.011811477 

Time = 17000
Temperature
1.0118989     0.0072862619

Pressure
23.302775     0.1042243   

CM Mom
3.2707067e-17  1.8517215e-17 
9.7269379e-17  2.1053884e-17 
-7.3429332e-17 1.7931924e-17 
1.2931555e-16  1.7554094e-17 

CM Pos
7.5038799      0.0061167463  
7.5079373      0.01499978    
7.4943535      0.011059736   
12.993956      0.012435528   

Stress
20.2754      -0.00702844  0.00272386    0.1165       0.0707339    0.0583499   
-0.00702844  20.2796      0.00364341    0.0707339    0.134887     0.0719753   
0.00272386   0.00364341   20.2562       0.0583499    0.0719753    0.127133    

Stress Spherical
0            0            0             0            0            0           
0            0            0             0            0            0           
0            0            0             0            0            0           

Inertia
150.032      -56.3093     -56.2206      0.292926     0.101784     0.11677     
-56.3093     149.957      -56.2577      0.101784     0.225808     0.183019    
-56.2206     -56.2577     150.161       0.11677      0.183019     0.220884    

Bond Length
0.62072995    0.001704415 

BB bond length
0.62072995    0.001704415 

Water EE distance
0             0           

PEG EE distance
7.1894479     0.24824237  

BBB P2(x)
0.50959774    0.010118478 

BBB first bond length
0.62084788    0.0019085441

BBB second bond length
0.62084166    0.0018110666

BBB <phi**2>/<phi>**2
1.2304927     0.0048464755

Time = 18000
Temperature
1.006521      0.0061831017

Pressure
23.348283     0.05851473  

CM Mom
3.5804528e-17  1.5890975e-17 
8.7983034e-17  1.6108505e-17 
-7.4504538e-17 1.3932601e-17 
1.227912e-16   1.4224948e-17 

CM Pos
7.50299        0.010579972   
7.5011151      0.023655678   
7.4996926      0.0096901698  
12.992593      0.016718206   

Stress
20.3509      0.0489029    0.0248022     0.0853017    0.0566049    0.0444708   
0.0489029    20.3225      -0.00301877   0.0566049    0.130177     0.0518364   
0.0248022    -0.00301877  20.3226       0.0444708    0.0518364    0.106412    

Stress Spherical
0            0            0             0            0            0           
0            0            0             0            0            0           
0            0            0             0            0            0           

Inertia
149.992      -56.265      -56.2592      0.349688     0.255803     0.116416    
-56.265      150.024      -56.2487      0.255803     0.181734     0.148068    
-56.2592     -56.2487     150.042       0.116416     0.148068     0.470816    

Bond Length
0.61875472    0.0011202318

BB bond length
0.61875472    0.0011202318

Water EE distance
0             0           

PEG EE distance
7.1228825     0.19782664  

BBB P2(x)
0.51351722    0.012305033 

BBB first bond length
0.61840426    0.0011138424

BBB second bond length
0.61897413    0.0013352116

BBB <phi**2>/<phi>**2
1.2231854     0.00901658  

Time = 19000
Temperature
1.0109409     0.0069260454

Pressure
23.326424     0.08408627  

CM Mom
1.7921748e-17  1.1896663e-17 
9.4937022e-17  1.369582e-17  
-9.1360342e-17 1.5125139e-17 
1.3458406e-16  1.1222533e-17 

CM Pos
7.5102572      0.016974772   
7.5014117      0.016531662   
7.5072564      0.016381295   
13.001324      0.020876749   

Stress
20.3154      -0.00126186  -0.0037041    0.0946778    0.0612494    0.0594233   
-0.00126186  20.2799      0.00951742    0.0612494    0.118666     0.074556    
-0.0037041   0.00951742   20.2954       0.0594233    0.074556     0.0972934   

Stress Spherical
0            0            0             0            0            0           
0            0            0             0            0            0           
0            0            0             0            0            0           

Inertia
150.118      -56.3167     -56.3568      0.360254     0.20928      0.268338    
-56.3167     150.253      -56.3238      0.20928      0.437215     0.195222    
-56.3568     -56.3238     150.172       0.268338     0.195222     0.425479    

Bond Length
0.61893547    0.0026484944

BB bond length
0.61893547    0.0026484944

Water EE distance
0             0           

PEG EE distance
7.0484107     0.17239764  

BBB P2(x)
0.51058429    0.012806228 

BBB first bond length
0.61890188    0.0031236226

BBB second bond length
0.61899296    0.0030105806

BBB <phi**2>/<phi>**2
1.219601      0.0087659347

Time = 20000
Temperature
1.0080284     0.0097696044

Pressure
23.324218     0.10832571  

CM Mom
1.3720267e-17  6.5538411e-18 
1.1751223e-16  1.4949657e-17 
-8.5289256e-17 1.7296645e-17 
1.4702779e-16  1.4834964e-17 

CM Pos
7.499134       0.010471307   
7.4945895      0.013105875   
7.501769       0.014007966   
12.987796      0.0073887906  

Stress
20.3037      0.0285029    0.00715603    0.129925     0.0471603    0.0596815   
0.0285029    20.2728      -0.00723128   0.0471603    0.127765     0.101572    
0.00715603   -0.00723128  20.3337       0.0596815    0.101572     0.0964957   

Stress Spherical
0            0            0             0            0            0           
0            0            0             0            0            0           
0            0            0             0            0            0           

Inertia
149.922      -56.1967     -56.2388      0.177489     0.113423     0.121711    
-56.1967     149.989      -56.1946      0.113423     0.26443      0.114286    
-56.2388     -56.1946     149.888       0.121711     0.114286     0.272853    

Bond Length
0.61832296    0.0032870982

BB bond length
0.61832296    0.0032870982

Water EE distance
0             0           

PEG EE distance
6.8090934     0.098418832 

BBB P2(x)
0.51998686    0.015530071 

BBB first bond length
0.61836793    0.0033394913

BBB second bond length
0.61828424    0.0032252295

BBB <phi**2>/<phi>**2
1.2287305     0.0094184615

Time = 21000
Temperature
1.0112009     0.0053869188

Pressure
23.395346     0.077978471 

CM Mom
-1.2862407e-18 1.453434e-17  
1.1166803e-16  1.8455849e-17 
-7.9102704e-17 1.7381764e-17 
1.3891586e-16  1.6882452e-17 

CM Pos
7.5023968      0.011902686   
7.4919199      0.0087853687  
7.4970231      0.015547029   
12.985393      0.013985907   

Stress
20.3244      -0.0471035   0.00330155    0.122434     0.0519958    0.0560934   
-0.0471035   20.4005      -0.0057682    0.0519958    0.127971     0.0815753   
0.00330155   -0.0057682   20.3702       0.0560934    0.0815753    0.121903    

Stress Spherical
0            0            0             0            0            0           
0            0            0             0            0            0           
0            0            0             0            0            0           

Inertia
149.799      -56.173      -56.2119      0.361369     0.168251     0.152103    
-56.173      149.986      -56.1845      0.168251     0.305496     0.174959    
-56.2119     -56.1845     149.872       0.152103     0.174959     0.258779    

Bond Length
0.6187715     0.0018154353

BB bond length
0.6187715     0.0018154353

Water EE distance
0             0           

PEG EE distance
6.6745895     0.20771046  

BBB P2(x)
0.50834286    0.0089951698

BBB first bond length
0.6187015     0.0018720215

BBB second bond length
0.61865573    0.0020398136

BBB <phi**2>/<phi>**2
1.2236946     0.010403694 

Time = 22000
Temperature
1.0098326     0.0076624617

Pressure
23.30792      0.08835645  

CM Mom
4.2849076e-18  2.1863931e-17 
1.0612405e-16  1.2564211e-17 
-1.0596351e-16 2.8649332e-17 
1.5368646e-16  1.8603411e-17 

CM Pos
7.494833       0.012622853   
7.5014117      0.015099166   
7.5026588      0.01303857    
12.989764      0.013713228   

Stress
20.2769      -0.00533712  0.0077626     0.0931054    0.0719382    0.0652531   
-0.00533712  20.2661      0.0190856     0.0719382    0.136354     0.0610328   
0.0077626    0.0190856    20.3022       0.0652531    0.0610328    0.0720891   

Stress Spherical
0            0            0             0            0            0           
0            0            0             0            0            0           
0            0            0             0            0            0           

Inertia
150.045      -56.2468     -56.2851      0.456859     0.14541      0.105088    
-56.2468     149.954      -56.2426      0.14541      0.187225     0.189303    
-56.2851     -56.2426     149.931       0.105088     0.189303     0.233536    

Bond Length
0.62003267    0.0025429049

BB bond length
0.62003267    0.0025429049

Water EE distance
0             0           

PEG EE distance
6.8866807     0.28911364  

BBB P2(x)
0.50929668    0.013697462 

BBB first bond length
0.620093      0.0027134601

BBB second bond length
0.6201059     0.0025766051

BBB <phi**2>/<phi>**2
1.2263944     0.0086816969

Time = 23000
Temperature
1.0107336     0.010732532 

Pressure
23.325449     0.070992403 

CM Mom
-2.3765815e-17 1.71334e-17   
8.726527e-17   3.2669387e-17 
-1.2136903e-16 1.4677465e-17 
1.5551319e-16  1.7389696e-17 

CM Pos
7.4986891      0.0077291759  
7.5030431      0.011201033   
7.499396       0.018381378   
12.991044      0.015375008   

Stress
20.292       0.00768935   0.0555274     0.115232     0.0722561    0.0788865   
0.00768935   20.2353      0.0235843     0.0722561    0.107477     0.0543502   
0.0555274    0.0235843    20.3623       0.0788865    0.0543502    0.102398    

Stress Spherical
0            0            0             0            0            0           
0            0            0             0            0            0           
0            0            0             0            0            0           

Inertia
150.03       -56.2542     -56.2413      0.395582     0.12578      0.165454    
-56.2542     149.99       -56.2668      0.12578      0.286346     0.201131    
-56.2413     -56.2668     150.034       0.165454     0.201131     0.20749     

Bond Length
0.61827622    0.0019122341

BB bond length
0.61827622    0.0019122341

Water EE distance
0             0           

PEG EE distance
6.9385724     0.16002982  

BBB P2(x)
0.51424567    0.0092891727

BBB first bond length
0.61831191    0.001854742 

BBB second bond length
0.61828909    0.0019837099

BBB <phi**2>/<phi>**2
1.2251686     0.0089203374

Time = 24000
Temperature
1.0143803     0.0062313505

Pressure
23.323107     0.079159171 

CM Mom
-3.4671143e-17 1.6628482e-17 
3.2572872e-17  1.8477753e-17 
-1.084619e-16  2.0432261e-17 
1.2126017e-16  1.8932626e-17 

CM Pos
7.4960195      0.016886429   
7.4997803      0.0081556617  
7.5016207      0.012457979   
12.988904      0.014434874   

Stress
20.2628      0.0151771    0.0113263     0.0858042    0.0757478    0.063534    
0.0151771    20.2954      0.0392292     0.0757478    0.0975261    0.0665976   
0.0113263    0.0392292    20.2916       0.063534     0.0665976    0.154069    

Stress Spherical
0            0            0             0            0            0           
0            0            0             0            0            0           
0            0            0             0            0            0           

Inertia
150.012      -56.1995     -56.2564      0.207706     0.148115     0.192381    
-56.1995     149.956      -56.2528      0.148115     0.406791     0.124287    
-56.2564     -56.2528     149.941       0.192381     0.124287     0.279491    

Bond Length
0.61796168    0.0027709507

BB bond length
0.61796168    0.0027709507

Water EE distance
0             0           

PEG EE distance
7.1967709     0.24034996  

BBB P2(x)
0.51488809    0.011539961 

BBB first bond length
0.61764346    0.0026491571

BBB second bond length
0.61790301    0.0028365102

BBB <phi**2>/<phi>**2
1.2240475     0.0044251935

Time = 25000
Temperature
1.0099567     0.0091692436

Pressure
23.312168     0.089309049 

CM Mom
-4.1261789e-17 1.1444853e-17 
3.6713431e-17  2.3747196e-17 
-9.199571e-17  1.7044881e-17 
1.1083077e-16  1.4683431e-17 

CM Pos
7.4946847      0.011123196   
7.5085306      0.0097715442  
7.5054767      0.017254941   
12.995415      0.014478459   

Stress
20.2825      0.0327767    0.0264938     0.120536     0.0484682    0.0653972   
0.0327767    20.2744      -0.028789     0.0484682    0.114683     0.0641199   
0.0264938    -0.028789    20.2999       0.0653972    0.0641199    0.0923663   

Stress Spherical
0            0            0             0            0            0           
0            0            0             0            0            0           
0            0            0             0            0            0           

Inertia
150.206      -56.254      -56.2692      0.334022     0.101299     0.191081    
-56.254      149.993      -56.3706      0.101299     0.352942     0.166341    
-56.2692     -56.3706     150.059       0.191081     0.166341     0.203096    

Bond Length
0.61876133    0.0026262166

BB bond length
0.61876133    0.0026262166

Water EE distance
0             0           

PEG EE distance
7.1395804     0.12402141  

BBB P2(x)
0.51567464    0.01241878  

BBB first bond length
0.61884348    0.0026449606

BBB second bond length
0.61871484    0.0026625211

BBB <phi**2>/<phi>**2
1.2210281     0.0098477567

Time = 26000
Temperature
1.0088374     0.0053547996

Pressure
23.342138     0.082755318 

CM Mom
-5.1051708e-17 2.0205884e-17 
4.0924792e-17  2.263983e-17  
-8.4867118e-17 1.5015102e-17 
1.1133658e-16  1.5297112e-17 

CM Pos
7.4957229      0.020235386   
7.500077       0.018166524   
7.4961332      0.012745109   
12.985746      0.018422791   

Stress
20.306       0.00437324   0.00260103    0.0737709    0.0638057    0.0644283   
0.00437324   20.3385      0.00512454    0.0638057    0.13232      0.065339    
0.00260103   0.00512454   20.3123       0.0644283    0.065339     0.112941    

Stress Spherical
0            0            0             0            0            0           
0            0            0             0            0            0           
0            0            0             0            0            0           

Inertia
149.966      -56.221      -56.2151      0.404746     0.169786     0.242182    
-56.221      149.885      -56.1908      0.169786     0.425984     0.18388     
-56.2151     -56.1908     149.96        0.242182     0.18388      0.35005     

Bond Length
0.61998631    0.0029789249

BB bond length
0.61998631    0.0029789249

Water EE distance
0             0           

PEG EE distance
7.300099      0.15441234  

BBB P2(x)
0.51299895    0.012373866 

BBB first bond length
0.61996391    0.0027933665

BBB second bond length
0.61985895    0.0027972988

BBB <phi**2>/<phi>**2
1.2303401     0.0052134017

Time = 27000
Temperature
1.0103562     0.0066932282

Pressure
23.330388     0.07490791  

CM Mom
-4.4061496e-17 1.6522247e-17 
4.280407e-17   1.5504638e-17 
-8.4869931e-17 1.4876224e-17 
1.0690414e-16  1.681351e-17  

CM Pos
7.5023968      0.010736813   
7.5074924      0.013931602   
7.4952434      0.014170328   
12.993363      0.010308726   

Stress
20.3107      0.00695773   0.027696      0.112133     0.0933464    0.0906132   
0.00695773   20.2871      0.0512372     0.0933464    0.103472     0.0930458   
0.027696     0.0512372    20.31         0.0906132    0.0930458    0.108289    

Stress Spherical
0            0            0             0            0            0           
0            0            0             0            0            0           
0            0            0             0            0            0           

Inertia
150.018      -56.3055     -56.2021      0.318043     0.165321     0.139782    
-56.3055     149.964      -56.2567      0.165321     0.251694     0.183101    
-56.2021     -56.2567     150.14        0.139782     0.183101     0.222154    

Bond Length
0.61903307    0.0022499737

BB bond length
0.61903307    0.0022499737

Water EE distance
0             0           

PEG EE distance
7.3943335     0.1600452   

BBB P2(x)
0.51387304    0.009160422 

BBB first bond length
0.61919997    0.0025376992

BBB second bond length
0.61913303    0.0023180007

BBB <phi**2>/<phi>**2
1.2285502     0.013915572 

Time = 28000
Temperature
1.0109812     0.0077674384

Pressure
23.338649     0.093329704 

CM Mom
-5.2236959e-17 1.1559365e-17 
-3.7378368e-18 1.6513986e-17 
-9.3871558e-17 1.0670216e-17 
1.0966598e-16  6.9352326e-18 

CM Pos
7.5035833      0.0086795777  
7.4981489      0.011772618   
7.4989511      0.018093731   
12.990789      0.014267816   

Stress
20.3314      -0.0310881   0.00181793    0.116847     0.0849254    0.0763263   
-0.0310881   20.3238      0.0252875     0.0849254    0.0920325    0.079619    
0.00181793   0.0252875    20.2718       0.0763263    0.079619     0.147931    

Stress Spherical
0            0            0             0            0            0           
