Time = 500
Temperature
   1.0355516   0.041140188

Pressure
   23.586646    0.15464857

CM Mom
-9.3006538e-17 2.0023016e-17 
6.3905815e-18  8.0948875e-18 
-4.6619717e-17 2.4960883e-17 
1.0893673e-16  9.3132368e-18 

CM Pos
7.5002931      0.020435725   
7.4870143      0.010741546   
7.4919492      0.023945599   
12.97844       0.016731951   

Stress
20.4855      -0.0243845   0.0316598     0.105977     0.0439336    0.021575    
-0.0243845   20.4821      0.0191081     0.0439336    0.0849844    0.104463    
0.0316598    0.0191081    20.4733       0.021575     0.104463     0.0814724   

Stress Spherical
0            0            0             0            0            0           
0            0            0             0            0            0           
0            0            0             0            0            0           

Inertia
149.553      -56.152      -56.1724      0.399569     0.0988253    0.294106    
-56.152      149.782      -56.0985      0.0988253    0.523779     0.23335     
-56.1724     -56.0985     149.697       0.294106     0.23335      0.10783     

Bond Length
0.61327675    0.011204532 

BB bond length
0.61327675    0.011204532 

Water EE distance
0             0           

PEG EE distance
4.021581      0.36098037  

Time = 1000
Temperature
1.0073812     0.0092827359

Pressure
23.521537     0.076728437 

CM Mom
-8.5992936e-17 1.696212e-17  
-6.4892777e-18 1.8096828e-17 
-5.2720515e-17 1.2373108e-17 
1.0286774e-16  2.0071866e-17 

CM Pos
7.4940702      0.010153205   
7.4935334      0.0087202325  
7.5014317      0.016165367   
12.984062      0.013643951   

Stress
20.5155      -0.00585546  0.0180413     0.09659      0.0366472    0.060654    
-0.00585546  20.4967      -0.0335686    0.0366472    0.110558     0.0624635   
0.0180413    -0.0335686   20.4869       0.060654     0.0624635    0.10503     

Stress Spherical
0            0            0             0            0            0           
0            0            0             0            0            0           
0            0            0             0            0            0           

Inertia
149.839      -56.1802     -56.1985      0.27217      0.124222     0.237109    
-56.1802     149.876      -56.2583      0.124222     0.309725     0.123726    
-56.1985     -56.2583     149.79        0.237109     0.123726     0.197272    

Bond Length
0.6101411     0.0055988501

BB bond length
0.6101411     0.0055988501

Water EE distance
0             0           

PEG EE distance
4.3023533     0.50623774  

