Time = 500
Temperature
    1.034667   0.035242333

Pressure
   23.107654    0.20837855

CM Mom
-3.6669755e-18 2.5088381e-17 
1.0011774e-17  1.4946025e-17 
3.0402513e-17  3.7996342e-17 
4.8093532e-17  3.1961537e-17 

CM Pos
7.5071826      0.016617211   
7.5128035      0.026079018   
7.5224854      0.012002225   
13.014939      0.015905506   

Stress
19.993       0.0100191    -0.00883638   0.103777     0.0633236    0.028876    
0.0100191    20.0085      0.0017427     0.0633236    0.130963     0.0297984   
-0.00883638  0.0017427    20.0233       0.028876     0.0297984    0.120835    

Stress Spherical
0            0            0             0            0            0           
0            0            0             0            0            0           
0            0            0             0            0            0           

Inertia
150.263      -56.4079     -56.4581      0.332951     0.333072     0.0685183   
-56.4079     150.16       -56.4682      0.333072     0.111838     0.148593    
-56.4581     -56.4682     150.053       0.0685183    0.148593     0.731663    

Bond Length
0.61321544    0.0054196204

BB bond length
0.61321544    0.0054196204

Water EE distance
0             0           

PEG EE distance
3.6988154     0.17660642  

Time = 1000
Temperature
1.0123157     0.0040675421

Pressure
23.091451     0.11636494  

CM Mom
4.6100062e-18  3.1203485e-17 
-1.2892204e-17 1.243833e-17  
4.1325883e-17  1.2409183e-17 
5.5025542e-17  1.2240784e-17 

CM Pos
7.5181618      0.013546246   
7.502121       0.016214927   
7.5052747      0.006391887   
13.005149      0.017667135   

Stress
20.0857      -0.0201885   0.0360218     0.139913     0.0439766    0.0630627   
-0.0201885   20.0296      -0.0794806    0.0439766    0.16629      0.0529746   
0.0360218    -0.0794806   20.0617       0.0630627    0.0529746    0.075999    

Stress Spherical
0            0            0             0            0            0           
0            0            0             0            0            0           
0            0            0             0            0            0           

Inertia
149.818      -56.435      -56.4287      0.415936     0.172629     0.176917    
-56.435      150.074      -56.2948      0.172629     0.305826     0.126342    
-56.4287     -56.2948     150.014       0.176917     0.126342     0.473193    

Bond Length
0.61370254    0.0045561547

BB bond length
0.61370254    0.0045561547

Water EE distance
0             0           

PEG EE distance
3.3983746     0.099425569 

