Time = 500
Temperature
   1.0357908   0.041820419

Pressure
   22.835585    0.13168501

CM Mom
-9.8043902e-17 1.4293265e-17 
3.5116992e-17  1.4358497e-17 
3.6451389e-17  1.6353545e-17 
1.1206804e-16  1.7122241e-17 

CM Pos
7.5249345      0.010164249   
7.4815764      0.0099983978  
7.4961849      0.013710139   
12.991988      0.0068457856  

Stress
19.7847      0.0516058    0.0176822     0.047737     0.0447357    0.0585435   
0.0516058    19.6515      0.0361559     0.0447357    0.140403     0.0685254   
0.0176822    0.0361559    19.7594       0.0585435    0.0685254    0.0112674   

Stress Spherical
0            0            0             0            0            0           
0            0            0             0            0            0           
0            0            0             0            0            0           

Inertia
149.246      -56.3284     -56.4006      0.126483     0.140118     0.0544859   
-56.3284     149.953      -56.0435      0.140118     0.238207     0.0876842   
-56.4006     -56.0435     149.741       0.0544859    0.0876842    0.467078    

Bond Length
0.61375451    0.005008221 

BB bond length
0.61375451    0.005008221 

Water EE distance
0             0           

PEG EE distance
3.548015      0.11778986  

Time = 1000
Temperature
1.0074918     0.0056956899

Pressure
22.65918      0.11295367  

CM Mom
-7.6011799e-17 3.4300054e-17 
1.7011234e-17  7.4283747e-18 
3.7951557e-17  1.5794209e-17 
8.8512195e-17  3.39738e-17   

CM Pos
7.505059       0.011396839   
7.4619976      0.013246582   
7.5122039      0.010471292   
12.978479      0.0058738707  

Stress
19.598       -0.0279904   0.0107186     0.0892674    0.121798     0.0706064   
-0.0279904   19.6782      0.00918447    0.121798     0.255444     0.0497884   
0.0107186    0.00918447   19.6447       0.0706064    0.0497884    0.120618    

Stress Spherical
0            0            0             0            0            0           
0            0            0             0            0            0           
0            0            0             0            0            0           

Inertia
149.194      -55.9367     -56.3355      0.184016     0.0781369    0.168947    
-55.9367     149.797      -56.0047      0.0781369    0.367634     0.121125    
-56.3355     -56.0047     149.106       0.168947     0.121125     0.156884    

Bond Length
0.61145649    0.003901653 

BB bond length
0.61145649    0.003901653 

Water EE distance
0             0           

PEG EE distance
3.5045606     0.18632102  

