Time = 1000
Temperature
   1.0950305    0.13146877

Pressure
   23.657987     0.6589317

CM Mom
6.1110893e-17  2.7520078e-17 
-1.7659118e-17 2.2551618e-17 
2.301243e-17   1.3484136e-16 
1.3638814e-16  7.3636636e-17 

CM Pos
7.5003044      0.013775814   
7.5018419      0.012944232   
7.5017801      0.019913354   
12.99267       0.013459418   

Stress
20.3566      -0.0214246   0.0191104     0.309179     0.0670772    0.0484898   
-0.0214246   20.3834      -0.0201921    0.0670772    0.283284     0.0846773   
0.0191104    -0.0201921   20.4001       0.0484898    0.0846773    0.27887     

Stress Spherical
0            0            0             0            0            0           
0            0            0             0            0            0           
0            0            0             0            0            0           

Inertia
150.112      -56.2797     -56.2656      0.972825     0.1998       0.185546    
-56.2797     150.083      -56.2562      0.1998       1.14629      0.124323    
-56.2656     -56.2562     150.112       0.185546     0.124323     1.37416     

Bond Length
0.61972872    0.0078701186

BB bond length
0.61972872    0.0078701186

Water EE distance
0             0           

PEG EE distance
7.0159821     0.16925305  

BBB P2(x)
0.48152706    0.059980055 

BBB first bond length
0.61983245    0.0077444193

BBB second bond length
0.61964626    0.0077748347

BBB <phi**2>/<phi>**2
1.2174572     0.013955882 

Time = 2000
Temperature
1.0131432     0.0069279614

Pressure
23.200284     0.055997903 

CM Mom
4.5435298e-17  2.657296e-17  
-1.7314199e-17 2.9066367e-17 
-2.2622868e-17 3.956343e-17  
7.1462181e-17  2.9754655e-17 

CM Pos
7.5006014      0.012588534   
7.4997633      0.01739137    
7.49985        0.015288883   
12.990519      0.018219158   

Stress
20.1473      0.0184381    -0.00607681   0.0850754    0.0819       0.0891544   
0.0184381    20.1613      0.0125604     0.0819       0.104982     0.0431358   
-0.00607681  0.0125604    20.1938       0.0891544    0.0431358    0.104813    

Stress Spherical
0            0            0             0            0            0           
0            0            0             0            0            0           
0            0            0             0            0            0           

Inertia
149.884      -56.2284     -56.219       0.348889     0.224744     0.169317    
-56.2284     149.897      -56.2763      0.224744     0.175387     0.227545    
-56.219      -56.2763     149.881       0.169317     0.227545     0.424436    

Bond Length
0.61917249    0.0022255791

BB bond length
0.61917249    0.0022255791

Water EE distance
0             0           

PEG EE distance
7.2208308     0.11367433  

BBB P2(x)
0.51959158    0.012528592 

BBB first bond length
0.61923773    0.0022722345

BBB second bond length
0.61932144    0.0022464557

BBB <phi**2>/<phi>**2
1.2277802     0.010253733 

