Time = 500
Temperature
   1.0341505    0.03845463

Pressure
   23.137409    0.14969793

CM Mom
3.1874712e-17  2.3928098e-17 
1.4561382e-18  1.3302512e-17 
1.7719643e-17  2.0373033e-17 
4.4523931e-17  2.2678052e-17 

CM Pos
7.4885589      0.02388678    
7.5017933      0.027131465   
7.4816057      0.0050879609  
12.974214      0.030747286   

Stress
20.0406      -0.0095147   0.0650432     0.0384113    0.0952449    0.0396631   
-0.0095147   20.063       0.00574684    0.0952449    0.0806628    0.0597499   
0.0650432    0.00574684   20.015        0.0396631    0.0597499    0.120349    

Stress Spherical
0            0            0             0            0            0           
0            0            0             0            0            0           
0            0            0             0            0            0           

Inertia
149.509      -56.1561     -56.0117      0.505233     0.395699     0.187807    
-56.1561     149.354      -56.1175      0.395699     0.179509     0.23495     
-56.0117     -56.1175     149.606       0.187807     0.23495      0.54688     

Bond Length
0.61640564    0.0060895074

BB bond length
0.61640564    0.0060895074

Water EE distance
0             0           

PEG EE distance
3.5771478     0.64049994  

Time = 1000
Temperature
1.0117267     0.0093202265

Pressure
23.087507     0.05014257  

CM Mom
1.1981294e-17  3.1229137e-17 
8.9690866e-18  3.1339546e-17 
3.2182741e-17  1.5208053e-17 
5.671206e-17   1.5237387e-17 

CM Pos
7.4882622      0.015628717   
7.4825054      0.012968412   
7.4738906      0.0061532467  
12.958445      0.012321664   

Stress
20.0882      0.0347637    0.00899785    0.08577      0.0630492    0.0266832   
0.0347637    20.0619      0.0452881     0.0630492    0.0752165    0.0341015   
0.00899785   0.0452881    20.0204       0.0266832    0.0341015    0.139566    

Stress Spherical
0            0            0             0            0            0           
0            0            0             0            0            0           
0            0            0             0            0            0           

Inertia
149.136      -55.9769     -55.9663      0.209572     0.171521     0.149649    
-55.9769     149.205      -55.9492      0.171521     0.272074     0.123752    
-55.9663     -55.9492     149.303       0.149649     0.123752     0.292262    

Bond Length
0.61207127    0.0094956436

BB bond length
0.61207127    0.0094956436

Water EE distance
0             0           

PEG EE distance
2.8576256     0.32546941  

