Time = 1000
Temperature
   1.0961654     0.1287946

Pressure
   23.718824      0.636989

CM Mom
2.7009251e-18  1.5214962e-17 
7.5935428e-18  2.9796836e-17 
-1.7597178e-17 1.3187667e-16 
1.1262997e-16  7.8739515e-17 

CM Pos
7.5017399      0.0079239192  
7.5011126      0.019278354   
7.4997343      0.028438473   
12.991902      0.023009555   

Stress
20.4334      -0.00506125  0.0259151     0.314521     0.0730233    0.0808063   
-0.00506125  20.4704      0.0036793     0.0730233    0.328311     0.0575098   
0.0259151    0.0036793    20.4145       0.0808063    0.0575098    0.241494    

Stress Spherical
0            0            0             0            0            0           
0            0            0             0            0            0           
0            0            0             0            0            0           

Inertia
150.092      -56.2577     -56.2512      0.674726     0.149113     0.23155     
-56.2577     150.099      -56.2561      0.149113     0.892612     0.337115    
-56.2512     -56.2561     150.135       0.23155      0.337115     1.05471     

Bond Length
0.62060212    0.0079684236

BB bond length
0.62060212    0.0079684236

Water EE distance
0             0           

PEG EE distance
6.8681514     0.17786826  

BBB P2(x)
0.4759333     0.063626592 

BBB first bond length
0.62080619    0.0078465935

BBB second bond length
0.62064296    0.0078886091

BBB <phi**2>/<phi>**2
1.22598       0.012244342 

Time = 2000
Temperature
1.0128252     0.0051350995

Pressure
23.220652     0.11493982  

CM Mom
1.6564556e-17  1.8878882e-17 
4.2901428e-17  2.0735823e-17 
-8.3677412e-17 4.2405401e-17 
9.9158242e-17  4.3232787e-17 

CM Pos
7.4963917      0.015069037   
7.5040838      0.0096277221  
7.4917121      0.01468331    
12.985889      0.011122142   

Stress
20.1564      0.00641613   -0.00232114   0.112287     0.0588685    0.0621664   
0.00641613   20.2028      0.0100172     0.0588685    0.133819     0.0791698   
-0.00232114  0.0100172    20.2125       0.0621664    0.0791698    0.150313    

Stress Spherical
0            0            0             0            0            0           
0            0            0             0            0            0           
0            0            0             0            0            0           

Inertia
149.797      -56.2423     -56.1709      0.295282     0.160111     0.0982461   
-56.2423     149.674      -56.2156      0.160111     0.261285     0.160367    
-56.1709     -56.2156     149.875       0.0982461    0.160367     0.279371    

Bond Length
0.618001      0.0023604847

BB bond length
0.618001      0.0023604847

Water EE distance
0             0           

PEG EE distance
6.9005268     0.11645638  

BBB P2(x)
0.51494913    0.012477543 

BBB first bond length
0.6179617     0.0022362513

BBB second bond length
0.61804777    0.0025088928

BBB <phi**2>/<phi>**2
1.2299888     0.011251614 

