Time = 500
Temperature
     1.03285    0.03509591

Pressure
   23.577971    0.11853405

CM Mom
-2.9262064e-17 2.3319529e-17 
-5.2459244e-17 2.0854287e-17 
-2.9953212e-17 7.8347032e-18 
7.3258162e-17  1.3370175e-17 

CM Pos
7.5003935      0.030430774   
7.4891512      0.016699727   
7.5131664      0.024117333   
12.992008      0.021853326   

Stress
20.4921      0.00787254   -0.0447262    0.111407     0.0923912    0.0835399   
0.00787254   20.4786      0.0331025     0.0923912    0.0872021    0.0122781   
-0.0447262   0.0331025    20.4684       0.0835399    0.0122781    0.107114    

Stress Spherical
0            0            0             0            0            0           
0            0            0             0            0            0           
0            0            0             0            0            0           

Inertia
149.973      -56.1563     -56.3274      0.133691     0.160283     0.404345    
-56.1563     150.095      -56.2905      0.160283     0.829837     0.120704    
-56.3274     -56.2905     149.741       0.404345     0.120704     0.287421    

Bond Length
0.60793552    0.0066048933

BB bond length
0.60793552    0.0066048933

Water EE distance
0             0           

PEG EE distance
3.5287825     0.80311885  

Time = 1000
Temperature
1.0056933     0.0060078562

Pressure
23.461247     0.049299301 

CM Mom
-2.0605033e-17 1.6850016e-17 
-4.6597236e-17 3.4469772e-17 
-4.1984283e-17 8.6999966e-18 
6.9092138e-17  3.3654189e-17 

CM Pos
7.4992082      0.021625676   
7.494485       0.0099787386  
7.5060546      0.011189969   
12.990249      0.020145646   

Stress
20.395       -0.0107723   -0.0423099    0.0524092    0.0694092    0.083512    
-0.0107723   20.4298      0.0391473     0.0694092    0.099662     0.0715831   
-0.0423099   0.0391473    20.5086       0.083512     0.0715831    0.183885    

Stress Spherical
0            0            0             0            0            0           
0            0            0             0            0            0           
0            0            0             0            0            0           

Inertia
149.921      -56.1929     -56.2903      0.288345     0.221726     0.160539    
-56.1929     149.96       -56.3086      0.221726     0.43512      0.185575    
-56.2903     -56.3086     149.803       0.160539     0.185575     0.507882    

Bond Length
0.60834367    0.013301652 

BB bond length
0.60834367    0.013301652 

Water EE distance
0             0           

PEG EE distance
3.5384607     0.21854253  

