Time = 500
Temperature
   1.0323506   0.040792096

Pressure
   23.791445    0.17911605

CM Mom
7.5318938e-18  8.6376556e-18 
-2.3816499e-17 1.8325428e-17 
-1.5691605e-17 6.8866719e-18 
3.4059645e-17  1.2960662e-17 

CM Pos
7.5054325      0.022676167   
7.5018134      0.02338157    
7.4954581      0.011361294   
12.991967      0.02464931    

Stress
20.6488      0.0118564    -0.0449996    0.106855     0.0778072    0.0319686   
0.0118564    20.6974      0.0224714     0.0778072    0.172622     0.035234    
-0.0449996   0.0224714    20.738        0.0319686    0.035234     0.124942    

Stress Spherical
0            0            0             0            0            0           
0            0            0             0            0            0           
0            0            0             0            0            0           

Inertia
149.895      -56.3294     -56.24        0.297846     0.284003     0.209694    
-56.3294     149.993      -56.2538      0.284003     0.550876     0.167356    
-56.24       -56.2538     150.064       0.209694     0.167356     0.629713    

Bond Length
0.61816612    0.0079509309

BB bond length
0.61816612    0.0079509309

Water EE distance
0             0           

PEG EE distance
4.2753566     0.47897941  

Time = 1000
Temperature
1.0060369     0.0052871672

Pressure
23.69594      0.081880545 

CM Mom
1.0966249e-18  2.8060058e-17 
-3.6109664e-17 6.6106387e-18 
6.270501e-18   2.1615671e-17 
5.0098775e-17  1.1525927e-17 

CM Pos
7.4953574      0.01729384    
7.4958869      0.020839926   
7.4996067      0.013331357   
12.985113      0.023331744   

Stress
20.6413      -0.0478009   0.023431      0.101737     0.0403008    0.0797586   
-0.0478009   20.7262      0.0494459     0.0403008    0.0492748    0.0433016   
0.023431     0.0494459    20.6669       0.0797586    0.0433016    0.106854    

Stress Spherical
0            0            0             0            0            0           
0            0            0             0            0            0           
0            0            0             0            0            0           

Inertia
149.904      -56.1886     -56.2651      0.365229     0.312721     0.244214    
-56.1886     149.934      -56.1892      0.312721     0.364163     0.162549    
-56.2651     -56.1892     149.887       0.244214     0.162549     0.520188    

Bond Length
0.60573111    0.015079425 

BB bond length
0.60573111    0.015079425 

Water EE distance
0             0           

PEG EE distance
4.2620859     0.9171365   

