Time = 500
Temperature
   1.0367889   0.039208692

Pressure
   23.272216    0.14917422

CM Mom
-9.1705959e-18 8.9527551e-18 
1.8493834e-17  1.9973703e-17 
-1.1571687e-17 1.8475355e-17 
3.2496314e-17  1.8012625e-17 

CM Pos
7.4952997      0.011742646   
7.4938292      0.052878971   
7.5196816      0.029945343   
12.995612      0.022569783   

Stress
20.1695      -0.0336141   -0.00443252   0.060769     0.0296759    0.0606626   
-0.0336141   20.1416      -0.027594     0.0296759    0.115074     0.0623284   
-0.00443252  -0.027594    20.1883       0.0606626    0.0623284    0.138294    

Stress Spherical
0            0            0             0            0            0           
0            0            0             0            0            0           
0            0            0             0            0            0           

Inertia
150.076      -56.1202     -56.3912      0.428398     0.45005      0.14579     
-56.1202     149.979      -56.3269      0.45005      0.250427     0.207727    
-56.3912     -56.3269     149.695       0.14579      0.207727     1.09885     

Bond Length
0.61065537    0.0045756305

BB bond length
0.61065537    0.0045756305

Water EE distance
0             0           

PEG EE distance
3.9267013     0.4131989   

Time = 1000
Temperature
1.0126568     0.013139815 

Pressure
23.182813     0.075833086 

CM Mom
-2.8083097e-17 1.4396125e-17 
2.5303421e-17  2.4844718e-17 
-1.4563029e-17 1.1869994e-17 
4.9615625e-17  1.2029141e-17 

CM Pos
7.5012344      0.0082661058  
7.49739        0.0067012402  
7.517011       0.017530036   
12.999431      0.0057376018  

Stress
20.1066      -0.0033478   -0.00193602   0.0783539    0.0363499    0.0536546   
-0.0033478   20.2306      -0.0381919    0.0363499    0.144657     0.0775406   
-0.00193602  -0.0381919   20.1108       0.0536546    0.0775406    0.0771549   

Stress Spherical
0            0            0             0            0            0           
0            0            0             0            0            0           
0            0            0             0            0            0           

Inertia
150.108      -56.2556     -56.4202      0.215016     0.123466     0.152439    
-56.2556     150.041      -56.3898      0.123466     0.120679     0.130798    
-56.4202     -56.3898     149.88        0.152439     0.130798     0.228159    

Bond Length
0.613981      0.0098198886

BB bond length
0.613981      0.0098198886

Water EE distance
0             0           

PEG EE distance
3.7986149     0.21239405  

