Time = 1000
Temperature
   1.1155577    0.15962652

Pressure
   23.691337    0.85438073

CM Mom
-2.5363474e-17 2.2318136e-17 
-3.9546406e-18 2.4547012e-17 
1.8077148e-16  3.4651963e-16 
2.5616386e-16  2.9815073e-16 

CM Pos
7.4987151      0.051729233   
7.4966579      0.014921125   
7.5077863      0.029117013   
12.992339      0.018475176   

Stress
20.3498      -0.0158392   -0.0126252    0.351327     0.0860929    0.0874447   
-0.0158392   20.3671      0.00337289    0.0860929    0.430824     0.0427152   
-0.0126252   0.00337289   20.3409       0.0874447    0.0427152    0.407743    

Stress Spherical
0            0            0             0            0            0           
0            0            0             0            0            0           
0            0            0             0            0            0           

Inertia
150.202      -56.2355     -56.2707      1.71716      0.388782     0.253055    
-56.2355     150.245      -56.3059      0.388782     0.980923     0.212118    
-56.2707     -56.3059     150.075       0.253055     0.212118     0.612872    

Bond Length
0.61897315    0.0065999958

BB bond length
0.61897315    0.0065999958

Water EE distance
0             0           

PEG EE distance
6.8590116     0.21889061  

BBB P2(x)
0.46936316    0.06255592  

BBB first bond length
0.61917458    0.0065636042

BBB second bond length
0.61887461    0.0066414341

BBB <phi**2>/<phi>**2
1.2199003     0.017660418 

Time = 2000
Temperature
1.007826      0.0069499438

Pressure
23.064232     0.11014005  

CM Mom
-7.0318934e-17 1.353011e-17  
-3.3364395e-17 2.2946284e-17 
2.5513917e-17  2.4422773e-17 
8.8463398e-17  1.3754641e-17 

CM Pos
7.5034671      0.012115282   
7.5009644      0.012478431   
7.4966488      0.010115466   
12.991015      0.012803393   

Stress
20.0928      -0.0312413   0.0314213     0.136104     0.0458732    0.0937313   
-0.0312413   20.0304      -0.00929123   0.0458732    0.122898     0.0478386   
0.0314213    -0.00929123  20.0205       0.0937313    0.0478386    0.139588    

Stress Spherical
0            0            0             0            0            0           
0            0            0             0            0            0           
0            0            0             0            0            0           

Inertia
149.831      -56.2805     -56.284       0.296487     0.161816     0.156039    
-56.2805     149.895      -56.2172      0.161816     0.221884     0.134313    
-56.284      -56.2172     149.978       0.156039     0.134313     0.23685     

Bond Length
0.61772091    0.0021916184

BB bond length
0.61772091    0.0021916184

Water EE distance
0             0           

PEG EE distance
7.211876      0.063746595 

BBB P2(x)
0.50628153    0.0088109293

BBB first bond length
0.61777382    0.0021758127

BBB second bond length
0.61772403    0.0021037268

BBB <phi**2>/<phi>**2
1.2252518     0.008661718 

