Time = 500
Temperature
   1.0372605    0.05092005

Pressure
   20.631738    0.22103675

CM Mom
-1.1070071e-16 2.9726192e-17 
3.1665778e-18  2.390022e-17  
3.9435693e-17  4.2929076e-17 
1.2846201e-16  2.480186e-17  

CM Pos
7.5110834      0.016217763   
7.4567705      0.029578735   
7.5032129      0.025657968   
12.973758      0.037420151   

Stress
17.5721      0.0114202    0.0156945     0.192817     0.0432375    0.0649367   
0.0114202    17.5028      -0.00605616   0.0432375    0.0828607    0.0306765   
0.0156945    -0.00605616  17.4941       0.0649367    0.0306765    0.0286851   

Stress Spherical
0            0            0             0            0            0           
0            0            0             0            0            0           
0            0            0             0            0            0           

Inertia
148.33       -56.1068     -56.3165      1.04481      0.384714     0.359113    
-56.1068     149.308      -55.9236      0.384714     1.08718      0.390084    
-56.3165     -55.9236     148.536       0.359113     0.390084     0.981327    

Bond Length
0.61403581    0.0025411257

BB bond length
0.61403581    0.0025411257

Water EE distance
0             0           

PEG EE distance
3.8083116     0.15742959  

Time = 1000
Temperature
1.011975      0.0069316615

Pressure
20.527572     0.081640614 

CM Mom
-1.0946371e-16 2.8468723e-17 
2.4149409e-17  1.4871843e-17 
1.9064225e-17  2.6329497e-17 
1.1942269e-16  1.9800126e-17 

CM Pos
7.5045585      0.021705793   
7.4437206      0.016550635   
7.4975777      0.01667243    
12.959228      0.021795775   

Stress
17.478       -0.00164889  -0.034742     0.111191     0.0504209    0.0429614   
-0.00164889  17.5114      -0.0279342    0.0504209    0.0939549    0.059997    
-0.034742    -0.0279342   17.4945       0.0429614    0.059997     0.115007    

Stress Spherical
0            0            0             0            0            0           
0            0            0             0            0            0           
0            0            0             0            0            0           

Inertia
148.245      -55.9565     -56.2202      0.525835     0.301146     0.211963    
-55.9565     149.341      -55.7024      0.301146     0.68474      0.169641    
-56.2202     -55.7024     148.555       0.211963     0.169641     0.645383    

Bond Length
0.61492864    0.003508814 

BB bond length
0.61492864    0.003508814 

Water EE distance
0             0           

PEG EE distance
3.7291846     0.064992047 

