Time = 1000
Temperature
    1.097865    0.13136173

Pressure
    23.86515    0.67342423

CM Mom
1.3199806e-17  3.0560858e-17 
-1.7079827e-18 1.2970708e-17 
7.1942342e-18  2.8853903e-16 
2.0289622e-16  2.0837228e-16 

CM Pos
7.5066571      0.013885421   
7.4996545      0.016280075   
7.4900273      0.030929643   
12.988307      0.023059402   

Stress
20.5091      -0.0452157   0.0138864     0.304458     0.0710679    0.0620703   
-0.0452157   20.5953      0.0431259     0.0710679    0.315037     0.0242325   
0.0138864    0.0431259    20.6152       0.0620703    0.0242325    0.309855    

Stress Spherical
0            0            0             0            0            0           
0            0            0             0            0            0           
0            0            0             0            0            0           

Inertia
149.945      -56.2821     -56.2478      0.728468     0.162884     0.263954    
-56.2821     150.044      -56.1664      0.162884     0.904796     0.332064    
-56.2478     -56.1664     150.198       0.263954     0.332064     1.23704     

Bond Length
0.61787327    0.0033989651

BB bond length
0.61787327    0.0033989651

Water EE distance
0             0           

PEG EE distance
7.3716099     0.15109701  

BBB P2(x)
0.47971657    0.066206186 

BBB first bond length
0.61767953    0.0037199387

BBB second bond length
0.6177904     0.0034691012

BBB <phi**2>/<phi>**2
1.222305      0.016741926 

Time = 2000
Temperature
1.0058824     0.0070947435

Pressure
23.287513     0.073242641 

CM Mom
4.4297021e-17  1.306969e-17  
-2.5546923e-17 1.8510477e-17 
4.7072716e-18  2.6104279e-17 
5.9104057e-17  1.840185e-17  

CM Pos
7.5036926      0.016247656   
7.4962454      0.011939871   
7.5009957      0.0078094505  
12.990938      0.0062061384  

Stress
20.2907      -0.0090991   0.00995926    0.065074     0.0524572    0.0680755   
-0.0090991   20.268       0.0204441     0.0524572    0.135162     0.0470597   
0.00995926   0.0204441    20.2554       0.0680755    0.0470597    0.112096    

Stress Spherical
0            0            0             0            0            0           
0            0            0             0            0            0           
0            0            0             0            0            0           

Inertia
149.858      -56.2564     -56.2712      0.200477     0.0913493    0.140628    
-56.2564     149.961      -56.2473      0.0913493    0.39693      0.132293    
-56.2712     -56.2473     149.876       0.140628     0.132293     0.421762    

Bond Length
0.6189926     0.0018882269

BB bond length
0.6189926     0.0018882269

Water EE distance
0             0           

PEG EE distance
7.6261971     0.17035498  

BBB P2(x)
0.51298802    0.0059280157

BBB first bond length
0.61887708    0.0018690649

BBB second bond length
0.61903775    0.00181857  

BBB <phi**2>/<phi>**2
1.2264489     0.01175235  

