Time = 500
Temperature
   1.0395921   0.059838405

Pressure
   19.183055    0.25198019

CM Mom
-1.4092052e-17 1.8912317e-17 
1.1699975e-16  1.4882279e-17 
-6.4043309e-18 1.6167337e-17 
1.2077335e-16  1.3523393e-17 

CM Pos
7.5023688      0.019521535   
7.5108816      0.023246939   
7.4961592      0.011150497   
12.995829      0.027431175   

Stress
16.0727      -0.0244658   -0.0728866    0.142494     0.0479511    0.0537848   
-0.0244658   16.1027      -0.0289233    0.0479511    0.121601     0.0761161   
-0.0728866   -0.0289233   16.0248       0.0537848    0.0761161    0.134237    

Stress Spherical
0            0            0             0            0            0           
0            0            0             0            0            0           
0            0            0             0            0            0           

Inertia
149.097      -56.3733     -56.3072      0.627774     0.261855     0.2117      
-56.3733     148.949      -56.3406      0.261855     0.576628     0.212035    
-56.3072     -56.3406     149.162       0.2117       0.212035     0.441188    

Bond Length
0.61452415    0.0012788998

BB bond length
0.61452415    0.0012788998

Water EE distance
0             0           

PEG EE distance
3.7027206     0.21605719  

Time = 1000
Temperature
1.0129313     0.0033617411

Pressure
19.151689     0.066706107 

CM Mom
-9.7359876e-18 3.0583373e-17 
1.2107269e-16  1.7016622e-17 
1.5604795e-18  1.6884641e-17 
1.263743e-16   1.7185903e-17 

CM Pos
7.5109682      0.02608121    
7.5168122      0.02878944    
7.5083169      0.017381853   
13.01125       0.033478956   

Stress
16.0598      -0.00838621  -0.0135276    0.163001     0.0437893    0.0592857   
-0.00838621  16.1223      0.0136263     0.0437893    0.0638874    0.018571    
-0.0135276   0.0136263    16.1638       0.0592857    0.018571     0.112104    

Stress Spherical
0            0            0             0            0            0           
0            0            0             0            0            0           
0            0            0             0            0            0           

Inertia
149.658      -56.4708     -56.5311      0.291126     0.386605     0.279508    
-56.4708     149.559      -56.5372      0.386605     0.524314     0.243026    
-56.5311     -56.5372     149.594       0.279508     0.243026     0.486127    

Bond Length
0.61125967    0.00082667137

BB bond length
0.61125967    0.00082667137

Water EE distance
0             0           

PEG EE distance
3.5816922     0.058309916 

