Time = 500
Temperature
   1.0369364   0.040783231

Pressure
   22.900035    0.17172765

CM Mom
-4.5373449e-17 2.8330914e-17 
-2.2542896e-17 2.1654525e-17 
-3.3102476e-19 3.4717494e-17 
6.7721055e-17  2.1395418e-17 

CM Pos
7.4886907      0.012138413   
7.4785017      0.052162908   
7.5398743      0.029983486   
12.994684      0.011920131   

Stress
19.8245      0.00154763   0.0253491     0.0912612    0.0520085    0.0764271   
0.00154763   19.7364      0.0278363     0.0520085    0.124467     0.0443014   
0.0253491    0.0278363    19.8187       0.0764271    0.0443014    0.119861    

Stress Spherical
0            0            0             0            0            0           
0            0            0             0            0            0           
0            0            0             0            0            0           

Inertia
149.93       -55.9447     -56.4825      0.234103     0.348941     0.24582     
-55.9447     150.015      -56.298       0.348941     0.457293     0.196613    
-56.4825     -56.298      149.209       0.24582      0.196613     0.783465    

Bond Length
0.61235581    0.0060944646

BB bond length
0.61235581    0.0060944646

Water EE distance
0             0           

PEG EE distance
3.6552686     0.097650539 

Time = 1000
Temperature
1.0151029     0.0096255833

Pressure
22.753322     0.062451483 

CM Mom
-3.7896022e-17 2.3820344e-17 
-2.7097094e-17 9.822878e-18  
-4.621995e-18  2.658365e-17  
5.8708991e-17  1.0750182e-17 

CM Pos
7.4857239      0.01687152    
7.5135096      0.013121051   
7.531864       0.0071078809  
13.008394      0.0081013108  

Stress
19.6952      0.018272     0.0510347     0.0647315    0.100917     0.0653131   
0.018272     19.7552      -0.0179142    0.100917     0.0335906    0.0469298   
0.0510347    -0.0179142   19.6854       0.0653131    0.0469298    0.105113    

Stress Spherical
0            0            0             0            0            0           
0            0            0             0            0            0           
0            0            0             0            0            0           

Inertia
150.438      -56.2307     -56.4418      0.236258     0.107652     0.078047    
-56.2307     149.994      -56.5567      0.107652     0.272844     0.201568    
-56.4418     -56.5567     149.775       0.078047     0.201568     0.239437    

Bond Length
0.6161801     0.0069362402

BB bond length
0.6161801     0.0069362402

Water EE distance
0             0           

PEG EE distance
3.7297829     0.09077915  

