Time = 1000
Temperature
   1.0765743    0.10371499

Pressure
   23.742155    0.54668759

CM Mom
-2.2791967e-17 1.4509609e-17 
-2.1384147e-17 2.9969596e-17 
-1.6908966e-16 2.3469775e-16 
1.9494366e-16  2.1853323e-16 

CM Pos
7.500015       0.0096382088  
7.5035639      0.022797063   
7.4975233      0.012145347   
12.99104       0.013940587   

Stress
20.5298      0.0228315    -0.00158044   0.29684      0.0647934    0.0709731   
0.0228315    20.4967      0.0143928     0.0647934    0.211408     0.0427567   
-0.00158044  0.0143928    20.5251       0.0709731    0.0427567    0.248434    

Stress Spherical
0            0            0             0            0            0           
0            0            0             0            0            0           
0            0            0             0            0            0           

Inertia
150.057      -56.2632     -56.2166      1.22009      0.227485     0.101282    
-56.2632     150.025      -56.2928      0.227485     0.939363     0.163195    
-56.2166     -56.2928     150.111       0.101282     0.163195     1.37363     

Bond Length
0.61912869    0.0057127941

BB bond length
0.61912869    0.0057127941

Water EE distance
0             0           

PEG EE distance
6.2989154     0.21658622  

BBB P2(x)
0.47039061    0.067540179 

BBB first bond length
0.61906131    0.0055422587

BBB second bond length
0.61921604    0.0055622786

BBB <phi**2>/<phi>**2
1.2154662     0.016730044 

Time = 2000
Temperature
1.0092218     0.006558225 

Pressure
23.322727     0.080353651 

CM Mom
-3.5653629e-17 1.1216611e-17 
-6.8204042e-17 1.5836707e-17 
-2.7447821e-17 4.429925e-17  
9.1198306e-17  2.6424643e-17 

CM Pos
7.4977895      0.012698251   
7.5002999      0.015102225   
7.4981168      0.018412576   
12.988206      0.018613135   

Stress
20.2849      -0.00878146  0.0405554     0.0813466    0.0936158    0.0783659   
-0.00878146  20.306       0.00766428    0.0936158    0.151296     0.0563858   
0.0405554    0.00766428   20.3078       0.0783659    0.0563858    0.099615    

Stress Spherical
0            0            0             0            0            0           
0            0            0             0            0            0           
0            0            0             0            0            0           

Inertia
149.858      -56.2395     -56.2319      0.583833     0.183403     0.187789    
-56.2395     149.825      -56.2744      0.183403     0.465778     0.20092     
-56.2319     -56.2744     149.866       0.187789     0.20092      0.402374    

Bond Length
0.6183541     0.0025124313

BB bond length
0.6183541     0.0025124313

Water EE distance
0             0           

PEG EE distance
6.7210554     0.22989372  

BBB P2(x)
0.51317573    0.015855616 

BBB first bond length
0.61843016    0.0025769879

BBB second bond length
0.61848234    0.0024717303

BBB <phi**2>/<phi>**2
1.2245697     0.0097856982

