Time = 500
Temperature
   1.0412074   0.047541681

Pressure
   20.000167    0.22690004

CM Mom
-9.7946854e-17 2.0526977e-17 
2.2238463e-17  1.9577795e-17 
-3.2044226e-17 2.1431252e-17 
1.0871913e-16  2.3644538e-17 

CM Pos
7.5102391      0.024234726   
7.4925455      0.012377364   
7.5006564      0.016645075   
12.992402      0.016763193   

Stress
16.9916      -0.0386536   -0.00230614   0.0848488    0.0677299    0.0766917   
-0.0386536   16.8022      -0.00465998   0.0677299    0.0988793    0.0406573   
-0.00230614  -0.00465998  16.8385       0.0766917    0.0406573    0.149909    

Stress Spherical
0            0            0             0            0            0           
0            0            0             0            0            0           
0            0            0             0            0            0           

Inertia
148.816      -56.2547     -56.3619      0.4946       0.203261     0.28269     
-56.2547     149.149      -56.2499      0.203261     1.04238      0.169489    
-56.3619     -56.2499     149.02        0.28269      0.169489     0.50557     

Bond Length
0.61511827    0.0021598991

BB bond length
0.61511827    0.0021598991

Water EE distance
0             0           

PEG EE distance
3.623354      0.04112987  

Time = 1000
Temperature
1.0134376     0.0046202143

Pressure
19.832797     0.064609276 

CM Mom
-7.9943434e-17 1.9539312e-17 
3.7354036e-17  9.2713587e-18 
-3.578994e-17  1.9282734e-17 
9.7908212e-17  1.790936e-17  

CM Pos
7.5054969      0.010784473   
7.4972876      0.0069255017  
7.5045094      0.019285475   
12.994609      0.011415097   

Stress
16.8249      0.0722702    -0.0447353    0.122639     0.0736583    0.0458879   
0.0722702    16.7826      0.0194055     0.0736583    0.0728155    0.112757    
-0.0447353   0.0194055    16.7726       0.0458879    0.112757     0.0900456   

Stress Spherical
0            0            0             0            0            0           
0            0            0             0            0            0           
0            0            0             0            0            0           

Inertia
149.281      -56.2511     -56.2254      0.333177     0.0653028    0.265625    
-56.2511     149.489      -56.2617      0.0653028    0.543255     0.163227    
-56.2254     -56.2617     149.413       0.265625     0.163227     0.207725    

Bond Length
0.61586239    0.0012143008

BB bond length
0.61586239    0.0012143008

Water EE distance
0             0           

PEG EE distance
3.8394256     0.12829742  

