Time = 1000
Temperature
   1.0828634     0.1073215

Pressure
    23.74633     0.5198485

CM Mom
-8.3462749e-18 1.5145051e-17 
-2.1935787e-17 3.3208719e-17 
3.8529915e-17  1.657746e-16  
1.3669073e-16  1.1029256e-16 

CM Pos
7.4965954      0.020409927   
7.5021043      0.021072998   
7.5005979      0.010688279   
12.989998      0.020067312   

Stress
20.4854      -0.00879047  -0.00059642   0.240671     0.0457501    0.0609137   
-0.00879047  20.5392      0.0469349     0.0457501    0.248787     0.0634684   
-0.00059642  0.0469349    20.4696       0.0609137    0.0634684    0.231788    

Stress Spherical
0            0            0             0            0            0           
0            0            0             0            0            0           
0            0            0             0            0            0           

Inertia
150.087      -56.2609     -56.211       1.22885      0.302751     0.144493    
-56.2609     150.043      -56.2398      0.302751     1.27056      0.156065    
-56.211      -56.2398     150.041       0.144493     0.156065     1.54073     

Bond Length
0.61809108    0.0042671343

BB bond length
0.61809108    0.0042671343

Water EE distance
0             0           

PEG EE distance
6.4959579     0.17899071  

BBB P2(x)
0.4741915     0.05865135  

BBB first bond length
0.61810462    0.0042520023

BBB second bond length
0.61847852    0.0040776703

BBB <phi**2>/<phi>**2
1.2212445     0.014110044 

Time = 2000
Temperature
1.0092712     0.0073914151

Pressure
23.391926     0.041442214 

CM Mom
-6.2562449e-19 2.4564712e-17 
3.9430518e-18  2.0726482e-17 
-1.3189107e-17 4.6190181e-17 
5.1059336e-17  2.737482e-17  

CM Pos
7.492595       0.021249353   
7.4969186      0.016070028   
7.5001534      0.0086760664  
12.984433      0.019066805   

Stress
20.3664      0.00131008   0.0209508     0.0970341    0.0625163    0.0611632   
0.00131008   20.3813      0.0413837     0.0625163    0.0779155    0.0848013   
0.0209508    0.0413837    20.3455       0.0611632    0.0848013    0.0832965   

Stress Spherical
0            0            0             0            0            0           
0            0            0             0            0            0           
0            0            0             0            0            0           

Inertia
149.842      -56.2051     -56.1781      0.337243     0.28717      0.161709    
-56.2051     149.779      -56.2556      0.28717      0.434488     0.120957    
-56.1781     -56.2556     149.72        0.161709     0.120957     0.619104    

Bond Length
0.61793663    0.0022306062

BB bond length
0.61793663    0.0022306062

Water EE distance
0             0           

PEG EE distance
6.7592946     0.14877069  

BBB P2(x)
0.51567579    0.0092234365

BBB first bond length
0.617929      0.0022607851

BBB second bond length
0.61815616    0.0023637582

BBB <phi**2>/<phi>**2
1.2280886     0.0037086307

