Time = 1000
Temperature
   1.1289423    0.18529084

Pressure
   23.736991    0.87900298

CM Mom
1.0753809e-17  2.7347316e-17 
-1.9910593e-18 4.7961729e-17 
8.3170554e-17  3.2419527e-16 
2.2795373e-16  2.5144547e-16 

CM Pos
7.5007391      0.017215773   
7.4973596      0.016629365   
7.4956503      0.022753014   
12.986807      0.013729022   

Stress
20.389       -0.0422612   -0.00349462   0.39728      0.0677368    0.0605572   
-0.0422612   20.3115      0.00464782    0.0677368    0.272692     0.0890629   
-0.00349462  0.00464782   20.3741       0.0605572    0.0890629    0.374938    

Stress Spherical
0            0            0             0            0            0           
0            0            0             0            0            0           
0            0            0             0            0            0           

Inertia
150.027      -56.2018     -56.2251      0.844925     0.155811     0.0922553   
-56.2018     150.055      -56.1892      0.155811     1.18307      0.281573    
-56.2251     -56.1892     150.115       0.0922553    0.281573     1.43186     

Bond Length
0.61875895    0.0070410553

BB bond length
0.61875895    0.0070410553

Water EE distance
0             0           

PEG EE distance
6.9755836     0.18100813  

BBB P2(x)
0.47569273    0.06485746  

BBB first bond length
0.61867985    0.0071479784

BBB second bond length
0.61867931    0.0069357343

BBB <phi**2>/<phi>**2
1.2197303     0.011086095 

Time = 2000
Temperature
1.0097457     0.0063923983

Pressure
23.135067     0.080005315 

CM Mom
1.6815741e-17  1.7226166e-17 
-1.4446858e-17 1.3725408e-17 
2.5673564e-17  4.7708086e-17 
5.7545121e-17  2.4502262e-17 

CM Pos
7.5011846      0.013820091   
7.5010721      0.016446014   
7.5093123      0.011487425   
12.997078      0.013387651   

Stress
20.1139      -0.0186541   -0.0237909    0.113799     0.051258     0.0531334   
-0.0186541   20.1069      -0.0544513    0.051258     0.122636     0.0437062   
-0.0237909   -0.0544513   20.1182       0.0531334    0.0437062    0.142685    

Stress Spherical
0            0            0             0            0            0           
0            0            0             0            0            0           
0            0            0             0            0            0           

Inertia
150.037      -56.2395     -56.3521      0.294813     0.178488     0.207634    
-56.2395     150.028      -56.3191      0.178488     0.470084     0.124542    
-56.3521     -56.3191     149.914       0.207634     0.124542     0.376953    

Bond Length
0.61860162    0.0023397374

BB bond length
0.61860162    0.0023397374

Water EE distance
0             0           

PEG EE distance
7.5573175     0.079809048 

BBB P2(x)
0.51647226    0.0089639143

BBB first bond length
0.61873015    0.0022740074

BBB second bond length
0.6184249     0.0022267065

BBB <phi**2>/<phi>**2
1.2277247     0.0073939832

Time = 3000
Temperature
1.013099      0.0083282485

Pressure
23.137475     0.080298799 

CM Mom
-2.0298034e-17 1.5812203e-17 
-9.1779426e-18 2.2057576e-17 
4.3889036e-17  3.2899673e-17 
5.79255e-17    2.9767091e-17 

CM Pos
7.4982146      0.010310873   
7.4969141      0.010913498   
7.5045603      0.0099572644  
12.99021       0.011255579   

Stress
20.0846      0.0436887    -0.00570369   0.0920868    0.0509069    0.0671272   
0.0436887    20.1021      0.00799572    0.0509069    0.0846474    0.0810504   
-0.00570369  0.00799572   20.1294       0.0671272    0.0810504    0.108495    

Stress Spherical
0            0            0             0            0            0           
0            0            0             0            0            0           
0            0            0             0            0            0           

Inertia
149.997      -56.2309     -56.2887      0.238099     0.128729     0.200862    
-56.2309     149.987      -56.2682      0.128729     0.20237      0.154842    
-56.2887     -56.2682     149.897       0.200862     0.154842     0.206776    

Bond Length
0.61840005    0.0017573352

BB bond length
0.61840005    0.0017573352

Water EE distance
0             0           

PEG EE distance
7.5051629     0.078256509 

BBB P2(x)
0.51698491    0.0075378407

BBB first bond length
0.61821871    0.0016525503

BBB second bond length
0.61843986    0.0019353469

BBB <phi**2>/<phi>**2
1.2228213     0.0061529398

Time = 4000
Temperature
1.0103392     0.0061164935

Pressure
23.135817     0.098379171 

CM Mom
-5.2570176e-17 2.8509746e-17 
7.9072203e-18  1.707807e-17  
1.9389884e-17  1.1714001e-17 
6.2511125e-17  2.3155092e-17 

CM Pos
7.4980661      0.012822711   
7.4936471      0.0071604178  
7.5004023      0.014215739   
12.985841      0.01159875    

Stress
20.1525      0.0595239    -0.047734     0.137702     0.0684608    0.094743    
0.0595239    20.0301      -0.0155701    0.0684608    0.112652     0.0661203   
-0.047734    -0.0155701   20.1534       0.094743     0.0661203    0.124913    

Stress Spherical
0            0            0             0            0            0           
0            0            0             0            0            0           
0            0            0             0            0            0           

Inertia
149.87       -56.1908     -56.2166      0.275535     0.13541      0.167596    
-56.1908     149.923      -56.1932      0.13541      0.278092     0.184925    
-56.2166     -56.1932     149.836       0.167596     0.184925     0.260395    

Bond Length
0.61893794    0.0012626673

BB bond length
0.61893794    0.0012626673

Water EE distance
0             0           

PEG EE distance
7.4726086     0.15448356  

BBB P2(x)
0.51798074    0.0083897022

BBB first bond length
0.61911372    0.0013266198

BBB second bond length
0.61901271    0.0013301542

BBB <phi**2>/<phi>**2
1.2299177     0.0047366138

Time = 5000
Temperature
1.010879      0.0076456449

Pressure
23.0936       0.081253018 

CM Mom
-5.5095271e-17 1.4514173e-17 
9.5711878e-18  1.8385354e-17 
2.0600361e-17  1.6097916e-17 
6.3854009e-17  1.6791732e-17 

CM Pos
7.4986601      0.008587367   
7.4981021      0.011772794   
7.5004023      0.012321039   
12.988753      0.011846357   

Stress
20.0537      0.00611133   0.0352557     0.153819     0.0806569    0.0424638   
0.00611133   20.0512      0.0182571     0.0806569    0.146607     0.049719    
0.0352557    0.0182571    20.0995       0.0424638    0.049719     0.0941653   

Stress Spherical
0            0            0             0            0            0           
0            0            0             0            0            0           
0            0            0             0            0            0           

Inertia
149.928      -56.229      -56.2401      0.336199     0.113576     0.147972    
-56.229      149.929      -56.252       0.113576     0.202092     0.134229    
-56.2401     -56.252      149.894       0.147972     0.134229     0.162342    

Bond Length
0.61856757    0.0028246914

BB bond length
0.61856757    0.0028246914

Water EE distance
0             0           

PEG EE distance
7.4104648     0.12974438  

BBB P2(x)
0.5169571     0.0068668297

BBB first bond length
0.6185015     0.002927575 

BBB second bond length
0.61833674    0.0027107574

BBB <phi**2>/<phi>**2
1.229577      0.0059598016

Time = 6000
Temperature
1.0068814     0.0077320401

Pressure
23.105343     0.078765299 

CM Mom
-5.1941753e-17 2.1855716e-17 
1.7703831e-17  1.569409e-17  
6.1652495e-18  1.5328091e-17 
5.9996544e-17  2.021691e-17  

CM Pos
7.4979176      0.0056916448  
7.4994386      0.015117869   
7.5044118      0.012503148   
12.991414      0.011096816   

Stress
20.0998      0.0160142    0.0328739     0.0955348    0.0794124    0.0988915   
0.0160142    20.0832      -0.00753349   0.0794124    0.131992     0.0681212   
0.0328739    -0.00753349  20.0926       0.0988915    0.0681212    0.0852195   

Stress Spherical
0            0            0             0            0            0           
0            0            0             0            0            0           
0            0            0             0            0            0           

Inertia
150.025      -56.2786     -56.2381      0.287546     0.138467     0.165076    
-56.2786     150.005      -56.2625      0.138467     0.262068     0.160395    
-56.2381     -56.2625     149.957       0.165076     0.160395     0.246021    

Bond Length
0.6183528     0.001204796 

BB bond length
0.6183528     0.001204796 

Water EE distance
0             0           

PEG EE distance
7.4245777     0.15619376  

BBB P2(x)
0.5133824     0.0067904565

BBB first bond length
0.61818336    0.0011708187

BBB second bond length
0.61846585    0.001191345 

BBB <phi**2>/<phi>**2
1.224949      0.0069085549

Time = 7000
Temperature
1.0139406     0.010354296 

Pressure
23.053207     0.088011431 

CM Mom
-8.7617326e-17 2.6062657e-17 
1.0675771e-17  2.4203408e-17 
2.1020706e-17  2.4344746e-17 
9.6488966e-17  2.7932977e-17 

CM Pos
7.4956901      0.018798031   
7.4989931      0.012591026   
7.4949078      0.011232149   
12.984392      0.011147902   

Stress
19.9764      0.0327053    0.005119      0.153428     0.0538909    0.083991    
0.0327053    20.0073      0.0184774     0.0538909    0.119396     0.0461037   
0.005119     0.0184774    20.0721       0.083991     0.0461037    0.136474    

Stress Spherical
0            0            0             0            0            0           
0            0            0             0            0            0           
0            0            0             0            0            0           

Inertia
149.88       -56.2519     -56.1368      0.22793      0.156927     0.137146    
-56.2519     149.826      -56.2331      0.156927     0.297276     0.146946    
-56.1368     -56.2331     149.89        0.137146     0.146946     0.305959    

Bond Length
0.61891748    0.0016275042

BB bond length
0.61891748    0.0016275042

Water EE distance
0             0           

PEG EE distance
7.2332642     0.10614968  

BBB P2(x)
0.50923215    0.0060111978

BBB first bond length
0.61888184    0.0017662173

BBB second bond length
0.61889462    0.0018347981

BBB <phi**2>/<phi>**2
1.2252559     0.0076463319

Time = 8000
Temperature
1.0082083     0.0047236753

Pressure
23.087396     0.067376004 

CM Mom
-6.7310637e-17 2.7647318e-17 
8.3459073e-18  2.7513417e-17 
8.8660668e-18  2.4111147e-17 
7.8648847e-17  2.4414172e-17 

CM Pos
7.4970266      0.01545044    
7.5102791      0.019667722   
7.5009963      0.012456321   
12.995185      0.024484585   

Stress
19.9904      -0.0573076   -0.0135396    0.0942682    0.0540475    0.0826572   
-0.0573076   20.0874      -0.0455859    0.0540475    0.112706     0.0318288   
-0.0135396   -0.0455859   20.132        0.0826572    0.0318288    0.0650287   

Stress Spherical
0            0            0             0            0            0           
0            0            0             0            0            0           
0            0            0             0            0            0           

Inertia
150.161      -56.3161     -56.2433      0.398428     0.274621     0.198018    
-56.3161     149.971      -56.3263      0.274621     0.392102     0.199919    
-56.2433     -56.3263     150.107       0.198018     0.199919     0.502245    

Bond Length
0.61678592    0.0015434349

BB bond length
0.61678592    0.0015434349

Water EE distance
0             0           

PEG EE distance
7.1352126     0.086911725 

BBB P2(x)
0.50207264    0.0077269054

BBB first bond length
0.61697018    0.0017455608

BBB second bond length
0.61695891    0.0017171492

BBB <phi**2>/<phi>**2
1.2228343     0.0084718187

Time = 9000
Temperature
1.006052      0.0097787522

Pressure
23.118798     0.10008676  

CM Mom
-7.8970946e-17 2.6802165e-17 
4.4668314e-18  1.0908649e-17 
7.9603903e-19  1.8645333e-17 
8.2830969e-17  2.410457e-17  

CM Pos
7.5004421      0.012753734   
7.4952806      0.013532267   
7.4971353      0.021943881   
12.98628       0.016213813   

Stress
20.0911      -0.00125396  0.0212057     0.0913793    0.0615648    0.0877795   
-0.00125396  20.1066      -0.0238827    0.0615648    0.14378      0.10276     
0.0212057    -0.0238827   20.1257       0.0877795    0.10276      0.129265    

Stress Spherical
0            0            0             0            0            0           
0            0            0             0            0            0           
0            0            0             0            0            0           

Inertia
149.885      -56.2589     -56.2025      0.36521      0.188173     0.250789    
-56.2589     149.964      -56.1994      0.188173     0.336287     0.197954    
-56.2025     -56.1994     149.956       0.250789     0.197954     0.273007    

Bond Length
0.61806527    0.002169152 

BB bond length
0.61806527    0.002169152 

Water EE distance
0             0           

PEG EE distance
7.1175285     0.12045961  

BBB P2(x)
0.51077778    0.013129135 

BBB first bond length
0.61788774    0.0020256282

BBB second bond length
0.61809728    0.0020679784

BBB <phi**2>/<phi>**2
1.2245118     0.0079050003

Time = 10000
Temperature
1.0130683     0.010972012 

Pressure
23.107103     0.079723175 

CM Mom
-4.0831004e-17 2.6939665e-17 
-1.2958647e-17 1.8130789e-17 
2.650766e-17   1.7981396e-17 
5.7813827e-17  2.3939853e-17 

CM Pos
7.5019271      0.015038894   
7.5043391      0.019812947   
7.4981748      0.018132227   
12.992966      0.020712526   

Stress
20.0582      -0.0382331   -0.0271022    0.0843587    0.0640998    0.113748    
-0.0382331   20.1008      0.0202343     0.0640998    0.158205     0.0746761   
-0.0271022   0.0202343    20.0663       0.113748     0.0746761    0.0901185   

Stress Spherical
0            0            0             0            0            0           
0            0            0             0            0            0           
0            0            0             0            0            0           

Inertia
150.031      -56.3211     -56.2322      0.535939     0.245852     0.176084    
-56.3211     149.985      -56.2395      0.245852     0.358326     0.222892    
-56.2322     -56.2395     150.09        0.176084     0.222892     0.401478    

Bond Length
0.6191989     0.0013027956

BB bond length
0.6191989     0.0013027956

Water EE distance
0             0           

PEG EE distance
7.2271568     0.13356968  

BBB P2(x)
0.50639819    0.0066284296

BBB first bond length
0.61951291    0.0011840079

BBB second bond length
0.61910588    0.0013213549

BBB <phi**2>/<phi>**2
1.2276667     0.009627074 

Time = 11000
Temperature
1.0071481     0.0067711544

Pressure
23.071565     0.11450996  

CM Mom
-4.3936299e-17 1.1448684e-17 
-2.8706041e-17 1.7123177e-17 
3.7283589e-17  1.9653212e-17 
6.921408e-17   1.2823279e-17 

CM Pos
7.5025211      0.018293868   
7.5032996      0.014428224   
7.4983233      0.014820285   
12.992789      0.019582448   

Stress
20.0636      -0.0232512   -0.00769726   0.167713     0.107707     0.0952925   
-0.0232512   20.099       -0.027468     0.107707     0.162531     0.0574996   
-0.00769726  -0.027468    20.0092       0.0952925    0.0574996    0.134908    

Stress Spherical
0            0            0             0            0            0           
0            0            0             0            0            0           
0            0            0             0            0            0           

Inertia
149.999      -56.255      -56.224       0.358051     0.229884     0.21839     
-56.255      149.999      -56.2514      0.229884     0.420145     0.2069      
-56.224      -56.2514     150.091       0.21839      0.2069       0.421025    

Bond Length
0.6178658     0.0021392408

BB bond length
0.6178658     0.0021392408

Water EE distance
0             0           

PEG EE distance
7.2378309     0.17510425  

BBB P2(x)
0.51493485    0.0058963918

BBB first bond length
0.61786176    0.0021948007

BBB second bond length
0.61786353    0.0021811137

BBB <phi**2>/<phi>**2
1.2254157     0.0065085384

Time = 12000
Temperature
1.0082375     0.011890918 

Pressure
23.145413     0.07328353  

CM Mom
-2.803805e-17  2.4612841e-17 
-2.9633425e-17 2.2116392e-17 
2.2388151e-17  2.2463288e-17 
5.8270773e-17  1.9223541e-17 

CM Pos
7.5001451      0.016538944   
7.5022601      0.016008426   
7.4981748      0.0098156239  
12.990733      0.014044362   

Stress
20.094       0.00649147   0.00229024    0.113865     0.0748584    0.0776362   
0.00649147   20.1335      0.00720882    0.0748584    0.0977817    0.0748726   
0.00229024   0.00720882   20.1561       0.0776362    0.0748726    0.131801    

Stress Spherical
0            0            0             0            0            0           
0            0            0             0            0            0           
0            0            0             0            0            0           

Inertia
150.015      -56.2938     -56.2383      0.23511      0.202161     0.11933     
-56.2938     149.973      -56.245       0.202161     0.253218     0.091031    
-56.2383     -56.245      150.036       0.11933      0.091031     0.455906    

Bond Length
0.61874589    0.0014586954

BB bond length
0.61874589    0.0014586954

Water EE distance
0             0           

PEG EE distance
6.9462912     0.16588085  

BBB P2(x)
0.50843844    0.0067180981

BBB first bond length
0.61878922    0.0014779134

BBB second bond length
0.61849673    0.0013455124

BBB <phi**2>/<phi>**2
1.2246556     0.0062191706

Time = 13000
Temperature
1.009785      0.006853528 

Pressure
23.076455     0.099937832 

CM Mom
-3.696924e-17  2.1636965e-17 
-1.5614126e-17 2.2797259e-17 
5.7246665e-17  1.8129448e-17 
7.5645045e-17  2.1956401e-17 

CM Pos
7.4971751      0.014492275   
7.5027056      0.0082467736  
7.5045603      0.014363887   
12.992957      0.014361505   

Stress
20.0495      -0.00124228  -0.0329764    0.154609     0.0788214    0.0905613   
-0.00124228  20.0317      0.0148078     0.0788214    0.141949     0.0879526   
-0.0329764   0.0148078    20.0816       0.0905613    0.0879526    0.11862     

Stress Spherical
0            0            0             0            0            0           
0            0            0             0            0            0           
0            0            0             0            0            0           

Inertia
150.105      -56.2419     -56.2817      0.207299     0.221419     0.166273    
-56.2419     150.03       -56.2533      0.221419     0.318104     0.172157    
-56.2817     -56.2533     149.975       0.166273     0.172157     0.250499    

Bond Length
0.61726636    0.0013650841

BB bond length
0.61726636    0.0013650841

Water EE distance
0             0           

PEG EE distance
7.1044605     0.1192109   

BBB P2(x)
0.50882891    0.011733222 

BBB first bond length
0.61722013    0.0014439936

BBB second bond length
0.61722208    0.0013643832

BBB <phi**2>/<phi>**2
1.2202764     0.0076913732

Time = 14000
Temperature
1.0118026     0.0044161708

Pressure
23.099303     0.1022304   

CM Mom
-5.0222726e-17 1.1092775e-17 
-2.0463451e-17 1.7805129e-17 
1.3364498e-17  2.1191373e-17 
6.1421851e-17  1.5368399e-17 

CM Pos
7.5044516      0.011735271   
7.5056756      0.0094668117  
7.5014418      0.013617553   
12.997071      0.012377802   

Stress
20.0565      -0.0191298   0.0219285     0.171328     0.0462956    0.0692675   
-0.0191298   20.0989      -0.0102053    0.0462956    0.135466     0.0536979   
0.0219285    -0.0102053   20.0578       0.0692675    0.0536979    0.0791223   

Stress Spherical
0            0            0             0            0            0           
0            0            0             0            0            0           
0            0            0             0            0            0           

Inertia
150.107      -56.3306     -56.2434      0.302228     0.123014     0.129646    
-56.3306     150.102      -56.2697      0.123014     0.221415     0.144308    
-56.2434     -56.2697     150.171       0.129646     0.144308     0.261594    

Bond Length
0.61801954    0.0021405803

BB bond length
0.61801954    0.0021405803

Water EE distance
0             0           

PEG EE distance
7.208576      0.22727826  

BBB P2(x)
0.51426075    0.0098465029

BBB first bond length
0.61791547    0.0021653394

BBB second bond length
0.6177749     0.0021958755

BBB <phi**2>/<phi>**2
1.2260074     0.0083237334

Time = 15000
Temperature
1.0122636     0.0095107499

Pressure
23.13939      0.069533038 

CM Mom
-5.5304654e-17 9.6680708e-18 
-3.554148e-17  2.5754888e-17 
2.5070696e-17  1.7861123e-17 
7.6228366e-17  1.4675937e-17 

CM Pos
7.4956901      0.017485222   
7.4963201      0.0097841202  
7.5058968      0.0081187627  
12.989188      0.011591127   

Stress
20.0989      -0.00398488  0.0243308     0.104461     0.0886401    0.0700031   
-0.00398488  20.1091      0.00339404    0.0886401    0.127473     0.0507527   
0.0243308    0.00339404   20.1214       0.0700031    0.0507527    0.0970143   

Stress Spherical
0            0            0             0            0            0           
0            0            0             0            0            0           
0            0            0             0            0            0           

Inertia
150.036      -56.2002     -56.2585      0.240246     0.0951855    0.191543    
-56.2002     150.026      -56.2625      0.0951855    0.297913     0.151051    
-56.2585     -56.2625     149.886       0.191543     0.151051     0.287484    

Bond Length
0.61771191    0.0024308553

BB bond length
0.61771191    0.0024308553

Water EE distance
0             0           

PEG EE distance
7.0856875     0.20719068  

BBB P2(x)
0.52230252    0.0079151185

BBB first bond length
0.61780629    0.0024574231

BBB second bond length
0.61754443    0.0025420861

BBB <phi**2>/<phi>**2
1.2277053     0.0060939361

Time = 16000
Temperature
1.0109038     0.0089500562

Pressure
23.093411     0.096515446 

CM Mom
-7.4883037e-17 1.3808509e-17 
-4.5555855e-17 1.8908815e-17 
3.7093509e-17  1.1901945e-17 
9.7924339e-17  1.2626637e-17 

CM Pos
7.5072731      0.012949349   
7.4978051      0.013804125   
7.5001053      0.012942536   
12.993387      0.015591225   

Stress
20.0308      0.0247859    0.0229537     0.0835232    0.110635     0.0734314   
0.0247859    20.08        0.0292445     0.110635     0.166444     0.0799009   
0.0229537    0.0292445    20.0929       0.0734314    0.0799009    0.0784107   

Stress Spherical
0            0            0             0            0            0           
0            0            0             0            0            0           
0            0            0             0            0            0           

Inertia
149.985      -56.294      -56.3029      0.404204     0.152892     0.164692    
-56.294      150.101      -56.2473      0.152892     0.269367     0.187009    
-56.3029     -56.2473     150.088       0.164692     0.187009     0.353909    

Bond Length
0.61829651    0.0021841557

BB bond length
0.61829651    0.0021841557

Water EE distance
0             0           

PEG EE distance
7.0996785     0.10449671  

BBB P2(x)
0.51209473    0.011442079 

BBB first bond length
0.61836071    0.0022296216

BBB second bond length
0.6180799     0.0021106229

BBB <phi**2>/<phi>**2
1.2278594     0.007787922 

Time = 17000
Temperature
1.0087619     0.0089281585

Pressure
23.067115     0.086171278 

CM Mom
-6.3104435e-17 2.039958e-17  
-5.6447603e-17 2.0415381e-17 
3.5067209e-17  1.3250636e-17 
9.5255407e-17  1.82518e-17   

CM Pos
7.5029666      0.013918671   
7.4918651      0.012792579   
7.4943138      0.0096707693  
12.984131      0.0084897175  

Stress
20.0517      -0.0240536   -0.00694921   0.0637322    0.0895578    0.0533858   
-0.0240536   20.0172      -0.00469855   0.0895578    0.117438     0.0731035   
-0.00694921  -0.00469855  20.0751       0.0533858    0.0731035    0.127302    

Stress Spherical
0            0            0             0            0            0           
0            0            0             0            0            0           
0            0            0             0            0            0           

Inertia
149.8        -56.2404     -56.2272      0.221389     0.115203     0.131993    
-56.2404     149.965      -56.1608      0.115203     0.204075     0.123488    
-56.2272     -56.1608     149.941       0.131993     0.123488     0.202207    

Bond Length
0.61923665    0.002602537 

BB bond length
0.61923665    0.002602537 

Water EE distance
0             0           

PEG EE distance
7.1925458     0.10860946  

BBB P2(x)
0.51181493    0.012004775 

BBB first bond length
0.6193254     0.0027175676

BBB second bond length
0.61918385    0.0025498123

BBB <phi**2>/<phi>**2
1.226248      0.007990357 

Time = 18000
Temperature
1.0099099     0.0093053476

Pressure
23.095694     0.086689991 

CM Mom
-7.0573518e-17 2.2485522e-17 
-5.9926324e-17 1.9897807e-17 
6.1473888e-17  2.0046259e-17 
1.1453475e-16  2.3151457e-17 

CM Pos
7.4996996      0.016523603   
7.5027056      0.0072507013  
7.5011448      0.0086194071  
12.992444      0.0083272475  

Stress
20.0913      0.00398907   -0.0292352    0.116988     0.0672948    0.0680893   
0.00398907   20.0764      -0.02589      0.0672948    0.101554     0.0350306   
-0.0292352   -0.02589     20.0516       0.0680893    0.0350306    0.125084    

Stress Spherical
0            0            0             0            0            0           
0            0            0             0            0            0           
0            0            0             0            0            0           

Inertia
150.061      -56.3154     -56.268       0.147554     0.137577     0.153407    
-56.3154     150.034      -56.2485      0.137577     0.261598     0.10636     
-56.268      -56.2485     150.037       0.153407     0.10636      0.241196    

Bond Length
0.61747543    0.0018523157

BB bond length
0.61747543    0.0018523157

Water EE distance
0             0           

PEG EE distance
7.2843157     0.23831572  

BBB P2(x)
0.50844639    0.013851828 

BBB first bond length
0.61742137    0.001886734 

BBB second bond length
0.61734981    0.002155551 

BBB <phi**2>/<phi>**2
1.2260314     0.011325272 

Time = 19000
Temperature
1.0070904     0.0067831193

Pressure
23.038949     0.065977139 

CM Mom
-3.9958851e-17 1.3649115e-17 
-6.4021377e-17 1.7266401e-17 
4.5200701e-17  1.6763401e-17 
8.9774174e-17  2.1085214e-17 

CM Pos
7.5004421      0.015444015   
7.4964686      0.01288105    
7.5026298      0.0041180352  
12.990129      0.01047915    

Stress
20.0074      0.00294916   0.00344165    0.0860022    0.0567104    0.0404129   
0.00294916   20.0125      -0.0277461    0.0567104    0.13142      0.0755714   
0.00344165   -0.0277461   20.0547       0.0404129    0.0755714    0.0919144   

Stress Spherical
0            0            0             0            0            0           
0            0            0             0            0            0           
0            0            0             0            0            0           

Inertia
150.006      -56.1915     -56.2752      0.151519     0.115977     0.111236    
-56.1915     150.058      -56.2221      0.115977     0.250038     0.101227    
-56.2752     -56.2221     149.972       0.111236     0.101227     0.205113    

Bond Length
0.61867276    0.0016457803

BB bond length
0.61867276    0.0016457803

Water EE distance
0             0           

PEG EE distance
7.370109      0.28164353  

BBB P2(x)
0.51192713    0.0095607614

BBB first bond length
0.61846625    0.0016526734

BBB second bond length
0.61849817    0.0018410488

BBB <phi**2>/<phi>**2
1.2275028     0.0060749562

Time = 20000
Temperature
1.006791      0.0059956752

Pressure
23.060213     0.077116335 

CM Mom
-5.0898686e-17 9.0287656e-18 
-6.359217e-17  8.1425336e-18 
4.7760693e-17  1.0175474e-17 
9.5351859e-17  8.6664209e-18 

CM Pos
7.5028181      0.013185609   
7.4998841      0.011034071   
7.4986203      0.013974803   
12.991156      0.01449993    

Stress
20.0583      -0.0360073   0.00338025    0.0943054    0.0850974    0.0753579   
-0.0360073   20.0059      0.00357695    0.0850974    0.146667     0.0739943   
0.00338025   0.00357695   20.0768       0.0753579    0.0739943    0.118787    

Stress Spherical
0            0            0             0            0            0           
0            0            0             0            0            0           
0            0            0             0            0            0           

Inertia
150          -56.2852     -56.2704      0.299717     0.149102     0.216262    
-56.2852     150.042      -56.2856      0.149102     0.327514     0.176557    
-56.2704     -56.2856     150.064       0.216262     0.176557     0.274853    

Bond Length
0.61810811    0.0019754146

BB bond length
0.61810811    0.0019754146

Water EE distance
0             0           

PEG EE distance
6.7773427     0.10164589  

BBB P2(x)
0.51257389    0.009654233 

BBB first bond length
0.61825311    0.0019884788

BBB second bond length
0.61808486    0.0019332546

BBB <phi**2>/<phi>**2
1.2235011     0.0057216104

Time = 21000
Temperature
1.0114266     0.0066362969

Pressure
23.145116     0.087958697 

CM Mom
-4.0052002e-17 9.1365197e-18 
-3.8616274e-17 2.6243932e-17 
4.1260486e-17  1.7403084e-17 
7.4239709e-17  1.9009472e-17 

CM Pos
7.5020756      0.015150654   
7.5028541      0.017113635   
7.5009963      0.010600872   
12.993822      0.01108396    

Stress
20.1697      -0.0348742   0.0224295     0.126548     0.0585302    0.0621598   
-0.0348742   20.0913      0.0831667     0.0585302    0.0851179    0.0984759   
0.0224295    0.0831667    20.0931       0.0621598    0.0984759    0.125055    

Stress Spherical
0            0            0             0            0            0           
0            0            0             0            0            0           
0            0            0             0            0            0           

Inertia
150.063      -56.2732     -56.2657      0.305642     0.154773     0.154617    
-56.2732     150.055      -56.2778      0.154773     0.271981     0.150104    
-56.2657     -56.2778     150.073       0.154617     0.150104     0.270713    

Bond Length
0.61722709    0.0014559274

BB bond length
0.61722709    0.0014559274

Water EE distance
0             0           

PEG EE distance
6.8747879     0.089855729 

BBB P2(x)
0.50034577    0.0073273606

BBB first bond length
0.61726673    0.001704357 

BBB second bond length
0.61696129    0.0015953485

BBB <phi**2>/<phi>**2
1.2191119     0.0048999536

Time = 22000
Temperature
1.0130967     0.0086397957

Pressure
23.113239     0.11095008  

CM Mom
-3.4256332e-17 2.4938034e-17 
-1.3321907e-17 9.7633484e-18 
5.7910603e-17  1.7753175e-17 
7.1167926e-17  2.5925616e-17 

CM Pos
7.4980661      0.013736063   
7.5007751      0.013099195   
7.4996598      0.013306309   
12.989531      0.012132363   

Stress
20.0534      0.0281131    -0.00176917   0.134751     0.0780495    0.0988943   
0.0281131    20.0959      -0.00131764   0.0780495    0.117277     0.0791904   
-0.00176917  -0.00131764  20.0942       0.0988943    0.0791904    0.13202     

Stress Spherical
0            0            0             0            0            0           
0            0            0             0            0            0           
0            0            0             0            0            0           

Inertia
150.029      -56.2246     -56.2426      0.230444     0.0787005    0.220647    
-56.2246     149.971      -56.308       0.0787005    0.368456     0.118062    
-56.2426     -56.308      149.983       0.220647     0.118062     0.18157     

Bond Length
0.6189727     0.0013912045

BB bond length
0.6189727     0.0013912045

Water EE distance
0             0           

PEG EE distance
7.2111211     0.20284114  

BBB P2(x)
0.51275992    0.0080311828

BBB first bond length
0.61898221    0.0013599656

BBB second bond length
0.61908498    0.0015287207

BBB <phi**2>/<phi>**2
1.2274089     0.0063217647

Time = 23000
Temperature
1.0078829     0.007035859 

Pressure
23.04669      0.098022506 

CM Mom
-5.414879e-17  1.3370288e-17 
-3.0702321e-17 2.582472e-17  
7.2993235e-17  2.0921537e-17 
1.0067822e-16  1.8708947e-17 

CM Pos
7.5057881      0.010876052   
7.4942411      0.015324323   
7.4974323      0.0095825755  
12.98893       0.01131203    

Stress
20.0057      -0.011388    -0.0101369    0.136387     0.0848971    0.0670289   
-0.011388    20.0196      -0.0121508    0.0848971    0.140474     0.088493    
-0.0101369   -0.0121508   20.0653       0.0670289    0.088493     0.108366    

Stress Spherical
0            0            0             0            0            0           
0            0            0             0            0            0           
0            0            0             0            0            0           

Inertia
149.882      -56.2563     -56.2959      0.264955     0.146025     0.157697    
-56.2563     150.045      -56.21        0.146025     0.198054     0.173775    
-56.2959     -56.21       150.003       0.157697     0.173775     0.284942    

Bond Length
0.61972296    0.0020153173

BB bond length
0.61972296    0.0020153173

Water EE distance
0             0           

PEG EE distance
7.101551      0.085281715 

BBB P2(x)
0.51053424    0.0091356885

BBB first bond length
0.619489      0.0021411875

BBB second bond length
0.61991803    0.0020973015

BBB <phi**2>/<phi>**2
1.2246082     0.007474475 

Time = 24000
Temperature
1.0077769     0.0092327107

Pressure
23.069783     0.065995163 

CM Mom
-7.0809554e-17 1.4234006e-17 
-1.4486976e-17 1.2456334e-17 
8.3940763e-17  1.9611306e-17 
1.1287955e-16  1.6446707e-17 

CM Pos
7.5020756      0.005372751   
7.5012206      0.013466925   
7.4998083      0.014879685   
12.992188      0.0081909379  

Stress
20.0839      -0.0379543   -0.0255667    0.093271     0.0782678    0.0902844   
-0.0379543   20.0239      -0.0016467    0.0782678    0.0893892    0.0455523   
-0.0255667   -0.0016467   20.0531       0.0902844    0.0455523    0.0893479   

Stress Spherical
0            0            0             0            0            0           
0            0            0             0            0            0           
0            0            0             0            0            0           

Inertia
150.019      -56.3013     -56.2778      0.233305     0.147668     0.102905    
-56.3013     150.02       -56.2585      0.147668     0.22522      0.10972     
-56.2778     -56.2585     150.04        0.102905     0.10972      0.285215    

Bond Length
0.61967598    0.0018005141

BB bond length
0.61967598    0.0018005141

Water EE distance
0             0           

PEG EE distance
7.0370939     0.088570008 

BBB P2(x)
0.50955007    0.010000471 

BBB first bond length
0.61974372    0.0017210327

BBB second bond length
0.61974159    0.0017819108

BBB <phi**2>/<phi>**2
1.2260558     0.0096477629

Time = 25000
Temperature
1.0090006     0.0080719426

Pressure
23.114016     0.097135321 

CM Mom
-6.4454431e-17 1.4861447e-17 
-3.5638203e-17 1.5539286e-17 
9.8322499e-17  2.8901397e-17 
1.2597929e-16  2.2773009e-17 

CM Pos
7.5077186      0.01961158    
7.4982506      0.0092309298  
7.5066393      0.011156305   
12.997679      0.013172898   

Stress
20.0734      -0.0135496   -0.00666953   0.100151     0.111495     0.105268    
-0.0135496   20.0797      0.0173215     0.111495     0.120259     0.0574247   
-0.00666953  0.0173215    20.1294       0.105268     0.0574247    0.137216    

Stress Spherical
0            0            0             0            0            0           
0            0            0             0            0            0           
0            0            0             0            0            0           

Inertia
150.059      -56.3231     -56.3798      0.207639     0.209467     0.197887    
-56.3231     150.212      -56.2578      0.209467     0.270572     0.127296    
-56.3798     -56.2578     150.085       0.197887     0.127296     0.378777    

Bond Length
0.61789037    0.0028091095

BB bond length
0.61789037    0.0028091095

Water EE distance
0             0           

PEG EE distance
7.1150635     0.1354002   

BBB P2(x)
0.50530519    0.012175989 

BBB first bond length
0.61760779    0.0027371401

BBB second bond length
0.61795174    0.0025188559

BBB <phi**2>/<phi>**2
1.2255883     0.0097234658

Time = 26000
Temperature
1.0099556     0.0077989492

Pressure
23.05757      0.04081838  

CM Mom
-6.261047e-17  1.7832648e-17 
-1.9469845e-17 1.4003705e-17 
9.9148489e-17  1.3460702e-17 
1.2078063e-16  1.5391726e-17 

CM Pos
7.4952446      0.018139523   
7.5004781      0.011042062   
7.5033723      0.013838429   
12.98987       0.019201117   

Stress
20.0121      0.0392268    0.0391893     0.119237     0.0401438    0.0544151   
0.0392268    20.0698      0.038832      0.0401438    0.0765426    0.0556719   
0.0391893    0.038832     20.0228       0.0544151    0.0556719    0.128379    

Stress Spherical
0            0            0             0            0            0           
0            0            0             0            0            0           
0            0            0             0            0            0           

Inertia
150.044      -56.2388     -56.2826      0.298669     0.173662     0.214403    
-56.2388     149.976      -56.2581      0.173662     0.385042     0.160234    
-56.2826     -56.2581     149.925       0.214403     0.160234     0.316988    

Bond Length
0.61816361    0.0025964418

BB bond length
0.61816361    0.0025964418

Water EE distance
0             0           

PEG EE distance
6.9319932     0.10655038  

BBB P2(x)
0.50534704    0.010789547 

BBB first bond length
0.61814951    0.0024076131

BBB second bond length
0.61814535    0.0026531164

BBB <phi**2>/<phi>**2
1.2238443     0.0059316167

Time = 27000
Temperature
1.0062323     0.0061892424

Pressure
23.070178     0.083612731 

CM Mom
-3.4031905e-17 1.956165e-17  
-1.0927607e-17 7.567067e-18  
7.479552e-17   1.5178542e-17 
8.4490604e-17  2.0089736e-17 

CM Pos
7.5013331      0.010249738   
7.4969141      0.012688727   
7.5026298      0.010635141   
12.990898      0.01073597    

Stress
20.0476      -0.000732885 -0.0122915    0.108501     0.0970887    0.0638448   
-0.000732885 20.0769      -0.0167871    0.0970887    0.15526      0.070007    
-0.0122915   -0.0167871   20.0514       0.0638448    0.070007     0.0948792   

Stress Spherical
0            0            0             0            0            0           
0            0            0             0            0            0           
0            0            0             0            0            0           

Inertia
149.984      -56.2484     -56.2956      0.282569     0.0652933    0.135382    
-56.2484     150.056      -56.2232      0.0652933    0.204403     0.145372    
-56.2956     -56.2232     149.978       0.135382     0.145372     0.21159     

Bond Length
0.61766348    0.002526336 

BB bond length
0.61766348    0.002526336 

Water EE distance
0             0           

PEG EE distance
7.1909364     0.19291112  

BBB P2(x)
0.49936158    0.0084937681

BBB first bond length
0.6177579     0.002597538 

BBB second bond length
0.61762927    0.0023242808

BBB <phi**2>/<phi>**2
1.2243587     0.004745463 

Time = 28000
Temperature
1.0118992     0.0052888604

Pressure
23.065936     0.067627544 

CM Mom
-1.2497016e-17 3.1272541e-17 
-2.1680729e-17 1.486932e-17  
6.5216947e-17  1.5809721e-17 
7.7114765e-17  1.953992e-17  

CM Pos
7.5053426      0.011906897   
7.4877071      0.024735418   
7.5035208      0.019681172   
12.988446      0.012840793   

Stress
20.0511      0.0118373    -0.0285349    0.115879     0.0582112    0.0615738   
0.0118373    20.0774      0.0217696     0.0582112    0.133906     0.0824303   
-0.0285349   0.0217696    19.9838       0.0615738    0.0824303    0.0491199   

Stress Spherical
0            0            0             0            0            0           
