Time = 1000
Temperature
   1.0318255   0.039110146

Pressure
   23.579393    0.14870155

CM Mom
3.9505024e-17  1.5051043e-17 
1.1504748e-17  1.7816845e-17 
4.2791977e-17  2.8526175e-17 
6.8292872e-17  1.4763451e-17 

CM Pos
7.5013416      0.025928145   
7.4959599      0.027269516   
7.5037149      0.014391614   
12.991003      0.027298703   

Stress
20.4492      0.0597944    0.0081083     0.110717     0.0334495    0.0699565   
0.0597944    20.5194      -0.0258921    0.0334495    0.101324     0.0630486   
0.0081083    -0.0258921   20.5107       0.0699565    0.0630486    0.12435     

Stress Spherical
0            0            0             0            0            0           
0            0            0             0            0            0           
0            0            0             0            0            0           

Inertia
149.985      -56.2149     -56.2863      0.396192     0.373543     0.253964    
-56.2149     150.082      -56.1949      0.373543     0.618641     0.195979    
-56.2863     -56.1949     149.955       0.253964     0.195979     0.824108    

Bond Length
0.6203999     0.012862493 

BB bond length
0.6203999     0.012862493 

Water EE distance
0             0           

PEG EE distance
6.6617409     0.50945169  

BBB P2(x)
0.46188081    0.056774756 

BBB first bond length
0.6201586     0.012591949 

BBB second bond length
0.62057923    0.012707953 

BBB <phi**2>/<phi>**2
1.2119696     0.033934338 

Time = 2000
Temperature
1.0150693     0.0060291601

Pressure
23.561484     0.051211613 

CM Mom
3.5691278e-17  1.3468312e-17 
-4.2290479e-18 2.1999612e-17 
4.617351e-17   1.8165389e-17 
6.3472618e-17  1.9756813e-17 

CM Pos
7.4964382      0.01036291    
7.5033893      0.012108816   
7.4980686      0.0110646     
12.98918       0.0078133393  

Stress
20.5416      -0.00998646  -0.00143592   0.116133     0.0697696    0.0516081   
-0.00998646  20.4996      0.00867568    0.0697696    0.0830658    0.0473078   
-0.00143592  0.00867568   20.5347       0.0516081    0.0473078    0.0832702   

Stress Spherical
0            0            0             0            0            0           
0            0            0             0            0            0           
0            0            0             0            0            0           

Inertia
149.982      -56.2595     -56.1936      0.218154     0.11022      0.117224    
-56.2595     149.9        -56.2943      0.11022      0.220141     0.117905    
-56.1936     -56.2943     149.976       0.117224     0.117905     0.273401    

Bond Length
0.62012035    0.0069702973

BB bond length
0.62012035    0.0069702973

Water EE distance
0             0           

PEG EE distance
7.1402722     0.31958729  

BBB P2(x)
0.50243251    0.018936197 

BBB first bond length
0.62028601    0.0075770963

BBB second bond length
0.62021849    0.0071897596

BBB <phi**2>/<phi>**2
1.2185544     0.022180131 

