Time = 1000
Temperature
    1.087267    0.24443447

Pressure
   23.535719    0.67598597

CM Mom
7.800979e-18   1.6673813e-17 
-4.6428352e-17 2.2842819e-17 
-1.4744872e-17 6.8797058e-17 
7.949133e-17   4.0593504e-17 

CM Pos
7.501307       0.020586751   
7.5038314      0.017170943   
7.5009043      0.012301051   
12.993888      0.02021395    

Stress
20.2729      -0.0150746   -0.00664356   0.159288     0.0696305    0.0787605   
-0.0150746   20.2851      0.00188399    0.0696305    0.152331     0.0737374   
-0.00664356  0.00188399   20.2695       0.0787605    0.0737374    0.168325    

Stress Spherical
0            0            0             0            0            0           
0            0            0             0            0            0           
0            0            0             0            0            0           

Inertia
149.945      -56.2991     -56.2598      0.550474     0.298955     0.220344    
-56.2991     149.911      -56.283       0.298955     0.425921     0.159353    
-56.2598     -56.283      149.957       0.220344     0.159353     0.630013    

Bond Length
0.57420414    0.0202301   

BB bond length
0.57420414    0.0202301   

Water EE distance
0             0           

PEG EE distance
2.3081682     0.26936745  

Time = 2000
Temperature
1.0116437     0.0070665786

Pressure
23.28367      0.095276959 

CM Mom
3.6637648e-17  2.136551e-17  
-8.2015484e-17 2.1885663e-17 
-6.2198657e-18 3.4559546e-17 
9.8429805e-17  2.3429606e-17 

CM Pos
7.5014849      0.015971312   
7.5052841      0.013188997   
7.4993923      0.014155567   
12.993956      0.013898122   

Stress
20.2492      -0.0150694   0.00727606    0.127222     0.0763898    0.0740445   
-0.0150694   20.2404      -0.0177296    0.0763898    0.133167     0.0721055   
0.00727606   -0.0177296   20.262        0.0740445    0.0721055    0.112814    

Stress Spherical
0            0            0             0            0            0           
0            0            0             0            0            0           
0            0            0             0            0            0           

Inertia
150.01       -56.2963     -56.2414      0.430095     0.16506      0.173904    
-56.2963     149.946      -56.2985      0.16506      0.292143     0.181059    
-56.2414     -56.2985     150.038       0.173904     0.181059     0.313841    

Bond Length
0.57015417    0.0030960932

BB bond length
0.57015417    0.0030960932

Water EE distance
0             0           

PEG EE distance
2.2620708     0.058424849 

Time = 3000
Temperature
1.0076944     0.0078795028

Pressure
23.268201     0.094840624 

CM Mom
4.8892812e-17  1.355455e-17  
-8.0596717e-17 1.6777177e-17 
1.2410694e-17  2.6822086e-17 
9.9662348e-17  1.7099803e-17 

CM Pos
7.5000173      0.017138254   
7.50269        0.013014782   
7.4970501      0.013988138   
12.990261      0.01291701    

Stress
20.2506      0.000385227  0.00591098    0.126603     0.0755966    0.0668645   
0.000385227  20.2453      0.0056555     0.0755966    0.129841     0.0712966   
0.00591098   0.0056555    20.2447       0.0668645    0.0712966    0.116534    

Stress Spherical
0            0            0             0            0            0           
0            0            0             0            0            0           
0            0            0             0            0            0           

Inertia
149.945      -56.275      -56.2207      0.253563     0.153135     0.191389    
-56.275      149.907      -56.2623      0.153135     0.377869     0.138464    
-56.2207     -56.2623     149.994       0.191389     0.138464     0.310974    

Bond Length
0.57000852    0.0025327884

BB bond length
0.57000852    0.0025327884

Water EE distance
0             0           

PEG EE distance
2.3194589     0.0707474   

