Time = 1000
Temperature
    1.141979    0.20690952

Pressure
    23.78448    0.93970766

CM Mom
4.9506086e-17  1.8784492e-17 
-4.609851e-17  2.0081838e-17 
1.578682e-16   3.1066954e-16 
2.72355e-16    2.2933109e-16 

CM Pos
7.5008447      0.015171728   
7.4987167      0.0091837856  
7.4941464      0.017966367   
12.986765      0.014755775   

Stress
20.3702      0.00898721   -0.019068     0.297824     0.0803891    0.0667284   
0.00898721   20.3256      -0.0041864    0.0803891    0.314296     0.0692687   
-0.019068    -0.0041864   20.3889       0.0667284    0.0692687    0.404639    

Stress Spherical
0            0            0             0            0            0           
0            0            0             0            0            0           
0            0            0             0            0            0           

Inertia
150.039      -56.2653     -56.2326      1.29429      0.0909907    0.289771    
-56.2653     150.082      -56.181       0.0909907    1.02325      0.139925    
-56.2326     -56.181      150.143       0.289771     0.139925     1.26789     

Bond Length
0.62035708    0.0090852597

BB bond length
0.62035708    0.0090852597

Water EE distance
0             0           

PEG EE distance
6.9525048     0.196221    

BBB P2(x)
0.47641947    0.067432204 

BBB first bond length
0.6204019     0.0091830721

BBB second bond length
0.6202646     0.0091420026

BBB <phi**2>/<phi>**2
1.2167697     0.012547673 

Time = 2000
Temperature
1.0082292     0.0069630334

Pressure
23.161059     0.1333147   

CM Mom
2.2640919e-17  2.9805875e-17 
-5.8328825e-17 1.0914229e-17 
5.5498256e-17  6.2153021e-17 
1.020581e-16   3.8073244e-17 

CM Pos
7.496248       0.015845848   
7.5028685      0.0096370562  
7.4988913      0.013283269   
12.989251      0.003790803   

Stress
20.173       0.00394777   -0.0369443    0.1018       0.0679213    0.0604613   
0.00394777   20.062       0.0104372     0.0679213    0.137996     0.102745    
-0.0369443   0.0104372    20.1822       0.0604613    0.102745     0.219744    

Stress Spherical
0            0            0             0            0            0           
0            0            0             0            0            0           
0            0            0             0            0            0           

Inertia
149.91       -56.1744     -56.2089      0.352986     0.12011      0.076239    
-56.1744     149.836      -56.2735      0.12011      0.305169     0.160123    
-56.2089     -56.2735     149.872       0.076239     0.160123     0.26007     

Bond Length
0.61806868    0.0015647496

BB bond length
0.61806868    0.0015647496

Water EE distance
0             0           

PEG EE distance
7.3270172     0.12999554  

BBB P2(x)
0.51773251    0.011272584 

BBB first bond length
0.61776974    0.0014354547

BBB second bond length
0.61834837    0.0016497632

BBB <phi**2>/<phi>**2
1.228819      0.0072362818

