Time = 1000
Temperature
   1.1678168    0.25433293

Pressure
   23.907144     1.1257527

CM Mom
-2.4213571e-17 1.4546859e-17 
-6.9366994e-18 5.3631455e-17 
-2.4358412e-17 2.3888515e-16 
1.6447365e-16  1.8528417e-16 

CM Pos
7.5002605      0.010207786   
7.4999409      0.018198634   
7.5006334      0.03180866    
12.990912      0.01315094    

Stress
20.4101      0.00668042   -0.00208361   0.393038     0.0362171    0.0860604   
0.00668042   20.3812      -0.00934087   0.0362171    0.316279     0.0882769   
-0.00208361  -0.00934087  20.4271       0.0860604    0.0882769    0.457563    

Stress Spherical
0            0            0             0            0            0           
0            0            0             0            0            0           
0            0            0             0            0            0           

Inertia
150.157      -56.2329     -56.2402      1.21641      0.145843     0.215687    
-56.2329     150.189      -56.2306      0.145843     1.02349      0.157678    
-56.2402     -56.2306     150.198       0.215687     0.157678     1.78061     

Bond Length
0.61966129    0.01072022  

BB bond length
0.61966129    0.01072022  

Water EE distance
0             0           

PEG EE distance
6.652586      0.1275322   

BBB P2(x)
0.46775658    0.066322577 

BBB first bond length
0.6197216     0.01084936  

BBB second bond length
0.61976039    0.010742284 

BBB <phi**2>/<phi>**2
1.2155112     0.013672769 

Time = 2000
Temperature
1.0078606     0.0068781734

Pressure
23.124848     0.060751738 

CM Mom
-2.9758926e-17 1.9316311e-17 
1.2660361e-17  2.0921097e-17 
-6.2717506e-18 4.8350553e-17 
6.0280996e-17  2.4494956e-17 

CM Pos
7.495813       0.012684746   
7.4904528      0.0053473084  
7.5010781      0.015765534   
12.98309       0.0089723431  

Stress
20.1585      -0.0288192   -0.0472691    0.069694     0.0632985    0.107636    
-0.0288192   20.0857      0.0258953     0.0632985    0.14489      0.0631809   
-0.0472691   0.0258953    20.0659       0.107636     0.0631809    0.104227    

Stress Spherical
0            0            0             0            0            0           
0            0            0             0            0            0           
0            0            0             0            0            0           

Inertia
149.769      -56.1693     -56.2272      0.389496     0.12528      0.145734    
-56.1693     149.852      -56.1597      0.12528      0.322799     0.158159    
-56.2272     -56.1597     149.672       0.145734     0.158159     0.364596    

Bond Length
0.61687523    0.0018572273

BB bond length
0.61687523    0.0018572273

Water EE distance
0             0           

PEG EE distance
6.9436563     0.14859097  

BBB P2(x)
0.51903701    0.0076017397

BBB first bond length
0.61708549    0.0018849931

BBB second bond length
0.61708635    0.001717166 

BBB <phi**2>/<phi>**2
1.2269973     0.0040348898

