Time = 1000
Temperature
   1.1021344    0.14384343

Pressure
   23.644412    0.78659286

CM Mom
4.272594e-18   2.1279318e-17 
8.4353119e-18  1.3929631e-17 
-3.4864609e-17 1.967464e-16  
1.412207e-16   1.4393628e-16 

CM Pos
7.5081867      0.028642863   
7.5003021      0.024219549   
7.4990324      0.023081313   
12.994783      0.020924445   

Stress
20.2875      0.0242957    -0.036438     0.413297     0.0759825    0.0714266   
0.0242957    20.3807      0.0420483     0.0759825    0.373568     0.0571609   
-0.036438    0.0420483    20.3723       0.0714266    0.0571609    0.372211    

Stress Spherical
0            0            0             0            0            0           
0            0            0             0            0            0           
0            0            0             0            0            0           

Inertia
150.107      -56.3294     -56.2986      1.30878      0.348604     0.172393    
-56.3294     150.211      -56.2811      0.348604     1.32963      0.117215    
-56.2986     -56.2811     150.264       0.172393     0.117215     0.846497    

Bond Length
0.61909459    0.0071076807

BB bond length
0.61909459    0.0071076807

Water EE distance
0             0           

PEG EE distance
7.0089875     0.14729808  

BBB P2(x)
0.47142855    0.064344138 

BBB first bond length
0.61899878    0.0071489311

BBB second bond length
0.61905672    0.0070012126

BBB <phi**2>/<phi>**2
1.2163318     0.011706562 

Time = 2000
Temperature
1.009553      0.007791501 

Pressure
23.181489     0.11569473  

CM Mom
-2.7685761e-17 1.9375859e-17 
7.1826966e-18  1.0791721e-17 
3.9996285e-17  4.0870503e-17 
6.2151412e-17  2.6782091e-17 

CM Pos
7.4946692      0.011060315   
7.5040157      0.014681856   
7.4919022      0.0062033907  
12.984957      0.013897044   

Stress
20.1578      -0.00523298  -0.00916674   0.145509     0.0573498    0.0770862   
-0.00523298  20.1779      0.0150477     0.0573498    0.128278     0.0821925   
-0.00916674  0.0150477    20.147        0.0770862    0.0821925    0.0800146   

Stress Spherical
0            0            0             0            0            0           
0            0            0             0            0            0           
0            0            0             0            0            0           

Inertia
149.798      -56.2419     -56.1125      0.1829       0.173113     0.138482    
-56.2419     149.652      -56.2092      0.173113     0.221178     0.118699    
-56.1125     -56.2092     149.836       0.138482     0.118699     0.131043    

Bond Length
0.6182695     0.0016419298

BB bond length
0.6182695     0.0016419298

Water EE distance
0             0           

PEG EE distance
7.2776899     0.16269852  

BBB P2(x)
0.51900058    0.0090461477

BBB first bond length
0.61833068    0.0016964757

BBB second bond length
0.61840067    0.0013747825

BBB <phi**2>/<phi>**2
1.2286444     0.012442265 

