Time = 500
Temperature
   1.0390757   0.043419715

Pressure
   23.115129    0.11462446

CM Mom
1.2531327e-17  2.0796629e-17 
1.8058969e-17  1.5318428e-17 
9.3045694e-18  3.1534291e-17 
4.4963383e-17  1.4477402e-17 

CM Pos
7.4919077      0.0088822727  
7.4854966      0.024943473   
7.4896633      0.019115873   
12.971408      0.0063033542  

Stress
20.078       0.00722001   0.010293      0.0905366    0.0607621    0.111002    
0.00722001   19.9905      -0.0305658    0.0607621    0.106275     0.0657938   
0.010293     -0.0305658   19.9391       0.111002     0.0657938    0.0617918   

Stress Spherical
0            0            0             0            0            0           
0            0            0             0            0            0           
0            0            0             0            0            0           

Inertia
149.305      -56.0681     -56.1174      0.105995     0.215957     0.215997    
-56.0681     149.444      -56.0756      0.215957     0.274641     0.10661     
-56.1174     -56.0756     149.381       0.215997     0.10661      0.346203    

Bond Length
0.61755893    0.0039088859

BB bond length
0.61755893    0.0039088859

Water EE distance
0             0           

PEG EE distance
4.0219852     0.33291525  

Time = 1000
Temperature
1.0083985     0.0074077433

Pressure
23.06644      0.085828313 

CM Mom
3.6904758e-17  9.1806273e-18 
4.7316805e-17  2.5599835e-17 
-1.8805707e-17 3.2821347e-17 
7.2952951e-17  2.1195258e-17 

CM Pos
7.4809285      0.008361426   
7.4935085      0.0087524518  
7.4961915      0.0048396162  
12.973434      0.006259876   

Stress
20.1285      0.0640601    0.0583945     0.127547     0.0804869    0.0886721   
0.0640601    19.9844      -0.0563265    0.0804869    0.0954515    0.0486846   
0.0583945    -0.0563265   20.0243       0.0886721    0.0486846    0.126289    

Stress Spherical
0            0            0             0            0            0           
0            0            0             0            0            0           
0            0            0             0            0            0           

Inertia
149.579      -56.0637     -56.0659      0.167947     0.0552039    0.115381    
-56.0637     149.38       -56.1572      0.0552039    0.158865     0.0674812   
-56.0659     -56.1572     149.395       0.115381     0.0674812    0.0683376   

Bond Length
0.62388269    0.0042028376

BB bond length
0.62388269    0.0042028376

Water EE distance
0             0           

PEG EE distance
4.0227218     0.23470979  

