Time = 1000
Temperature
   1.0689582     0.2051605

Pressure
   23.677176    0.60326454

CM Mom
1.9128073e-17  1.5140967e-17 
-3.5849388e-17 1.6714797e-17 
2.6848066e-17  3.9393719e-17 
6.1997314e-17  2.4263388e-17 

CM Pos
7.4978721      0.021257011   
7.5004227      0.01669895    
7.4960297      0.021504152   
12.987133      0.021527395   

Stress
20.4727      0.011151     0.0211688     0.136704     0.0727552    0.0738777   
0.011151     20.4718      -0.00115645   0.0727552    0.12022      0.0625168   
0.0211688    -0.00115645  20.475        0.0738777    0.0625168    0.126702    

Stress Spherical
0            0            0             0            0            0           
0            0            0             0            0            0           
0            0            0             0            0            0           

Inertia
149.876      -56.2238     -56.1892      0.432511     0.240231     0.247181    
-56.2238     149.859      -56.2344      0.240231     0.50993      0.18313     
-56.1892     -56.2344     149.903       0.247181     0.18313      0.797204    

Bond Length
0.57380277    0.018144696 

BB bond length
0.57380277    0.018144696 

Water EE distance
0             0           

PEG EE distance
2.2588198     0.21686336  

Time = 2000
Temperature
1.0042781     0.0069453641

Pressure
23.45996      0.07853224  

CM Mom
-2.3026071e-19 2.147768e-17  
-4.0940201e-17 2.0002439e-17 
3.6020624e-17  3.6284946e-17 
6.6599584e-17  2.6760407e-17 

CM Pos
7.4978721      0.013074988   
7.4990586      0.012906073   
7.4995884      0.01773515    
12.988389      0.013558431   

Stress
20.4449      -0.00941639  0.00126018    0.116275     0.0656536    0.0676113   
-0.00941639  20.4549      0.00763538    0.0656536    0.107944     0.0702916   
0.00126018   0.00763538   20.4496       0.0676113    0.0702916    0.110268    

Stress Spherical
0            0            0             0            0            0           
0            0            0             0            0            0           
0            0            0             0            0            0           

Inertia
149.944      -56.2239     -56.2236      0.377986     0.147226     0.153373    
-56.2239     149.932      -56.2453      0.147226     0.283691     0.186283    
-56.2236     -56.2453     149.917       0.153373     0.186283     0.342545    

Bond Length
0.57012759    0.0040492272

BB bond length
0.57012759    0.0040492272

Water EE distance
0             0           

PEG EE distance
2.3267158     0.11772657  

Time = 3000
Temperature
1.0109638     0.0071907129

Pressure
23.469891     0.091224355 

CM Mom
7.0736248e-18  1.6971854e-17 
-5.9378055e-17 2.1805556e-17 
2.4608009e-17  2.7302245e-17 
7.2662878e-17  2.0258048e-17 

CM Pos
7.4956924      0.011860543   
7.5014755      0.012837174   
7.5009674      0.014505228   
12.989316      0.015754962   

Stress
20.4312      0.000160259  0.000844817   0.126508     0.0778693    0.0737851   
0.000160259  20.4445      -0.0158825    0.0778693    0.127959     0.0646724   
0.000844817  -0.0158825   20.4434       0.0737851    0.0646724    0.116431    

Stress Spherical
0            0            0             0            0            0           
0            0            0             0            0            0           
0            0            0             0            0            0           

Inertia
149.966      -56.2361     -56.2162      0.318983     0.154964     0.168026    
-56.2361     149.899      -56.2658      0.154964     0.300693     0.190272    
-56.2162     -56.2658     149.904       0.168026     0.190272     0.274315    

Bond Length
0.56955942    0.0043951255

BB bond length
0.56955942    0.0043951255

Water EE distance
0             0           

PEG EE distance
2.2942914     0.082428284 

