Time = 1000
Temperature
    1.069617   0.082262504

Pressure
   23.634031    0.45723381

CM Mom
9.1896912e-18  1.2619956e-17 
-2.3055943e-18 2.187956e-17  
5.3740274e-17  1.4436802e-16 
1.2082119e-16  9.929817e-17  

CM Pos
7.5011135      0.015720775   
7.5002429      0.016495703   
7.4999229      0.014151843   
12.991133      0.019486099   

Stress
20.4342      0.0346054    0.00583462    0.256679     0.0675973    0.0759809   
0.0346054    20.4361      0.0249301     0.0675973    0.235585     0.0563382   
0.00583462   0.0249301    20.4242       0.0759809    0.0563382    0.242775    

Stress Spherical
0            0            0             0            0            0           
0            0            0             0            0            0           
0            0            0             0            0            0           

Inertia
150.082      -56.2382     -56.2711      0.678539     0.188196     0.163422    
-56.2382     150.071      -56.2094      0.188196     0.769055     0.252958    
-56.2711     -56.2094     150.105       0.163422     0.252958     0.840565    

Bond Length
0.61900601    0.0039895289

BB bond length
0.61900601    0.0039895289

Water EE distance
0             0           

PEG EE distance
7.258461      0.10189064  

BBB P2(x)
0.47776733    0.059381205 

BBB first bond length
0.61895043    0.0041513882

BBB second bond length
0.61897172    0.0039227208

BBB <phi**2>/<phi>**2
1.2275027     0.020209875 

Time = 2000
Temperature
1.0121696     0.0088138799

Pressure
23.252179     0.086634584 

CM Mom
-1.4166193e-17 2.3441122e-17 
-9.1858458e-18 1.1406111e-17 
2.6173467e-17  3.3935572e-17 
4.6944182e-17  2.4445113e-17 

CM Pos
7.500965       0.010917254   
7.5027665      0.0087869264  
7.4984385      0.014213987   
12.991648      0.0071409498  

Stress
20.2097      -0.0253944   0.00255472    0.134409     0.0774536    0.0566932   
-0.0253944   20.2214      0.0501676     0.0774536    0.142536     0.0492577   
0.00255472   0.0501676    20.2339       0.0566932    0.0492577    0.0841124   

Stress Spherical
0            0            0             0            0            0           
0            0            0             0            0            0           
0            0            0             0            0            0           

Inertia
149.918      -56.3179     -56.2698      0.270866     0.108154     0.183733    
-56.3179     149.882      -56.2736      0.108154     0.283545     0.112987    
-56.2698     -56.2736     149.932       0.183733     0.112987     0.376007    

Bond Length
0.61866858    0.0017227476

BB bond length
0.61866858    0.0017227476

Water EE distance
0             0           

PEG EE distance
6.6379599     0.34568156  

BBB P2(x)
0.52037916    0.017115463 

BBB first bond length
0.61873422    0.0016387852

BBB second bond length
0.61888326    0.0018289738

BBB <phi**2>/<phi>**2
1.2275111     0.015604969 

Time = 3000
Temperature
1.0097419     0.0061522879

Pressure
23.289755     0.091600707 

CM Mom
-3.8081858e-17 1.2020176e-17 
-4.4189184e-18 2.1845299e-17 
-1.5584872e-18 2.1952345e-17 
4.9106241e-17  1.2820603e-17 

CM Pos
7.5014104      0.012044807   
7.5055868      0.012962085   
7.5030402      0.012872528   
12.996185      0.015780505   

Stress
20.3021      -0.0135414   -0.00737979   0.142879     0.0687275    0.112759    
-0.0135414   20.2638      0.00394841    0.0687275    0.147505     0.0595654   
-0.00737979  0.00394841   20.2336       0.112759     0.0595654    0.0931949   

Stress Spherical
0            0            0             0            0            0           
0            0            0             0            0            0           
0            0            0             0            0            0           

Inertia
150.076      -56.2566     -56.2608      0.323211     0.121299     0.160998    
-56.2566     150.008      -56.3372      0.121299     0.280509     0.213212    
-56.2608     -56.3372     150.054       0.160998     0.213212     0.264675    

Bond Length
0.6198113     0.002152301 

BB bond length
0.6198113     0.002152301 

Water EE distance
0             0           

PEG EE distance
6.3665741     0.334662    

BBB P2(x)
0.51417395    0.0090537178

BBB first bond length
0.61941875    0.0020956958

BBB second bond length
0.61982204    0.0023341432

BBB <phi**2>/<phi>**2
1.2240288     0.0085950927

Time = 4000
Temperature
1.0074322     0.012673632 

Pressure
23.324944     0.094073557 

CM Mom
-3.6406773e-17 1.9345844e-17 
1.4192562e-17  1.3657761e-17 
-6.9428766e-18 1.7161969e-17 
4.7160598e-17  1.4362895e-17 

CM Pos
7.4945821      0.012055779   
7.4941569      0.011834417   
7.4965087      0.014921126   
12.98188       0.010147493   

Stress
20.3401      0.0229229    0.00938951    0.103714     0.0565825    0.0669853   
0.0229229    20.2821      -0.00744805   0.0565825    0.11534      0.107002    
0.00938951   -0.00744805  20.3037       0.0669853    0.107002     0.0873818   

Stress Spherical
0            0            0             0            0            0           
0            0            0             0            0            0           
0            0            0             0            0            0           

Inertia
149.811      -56.1564     -56.1871      0.329736     0.0693991    0.135583    
-56.1564     149.839      -56.1799      0.0693991    0.284638     0.168734    
-56.1871     -56.1799     149.804       0.135583     0.168734     0.0734209   

Bond Length
0.61776203    0.0021076501

BB bond length
0.61776203    0.0021076501

Water EE distance
0             0           

PEG EE distance
6.7997971     0.095557571 

BBB P2(x)
0.51188818    0.0071942608

BBB first bond length
0.61762618    0.0021752413

BBB second bond length
0.61753945    0.0023760897

BBB <phi**2>/<phi>**2
1.2238947     0.0077611273

Time = 5000
Temperature
1.0033578     0.0086372743

Pressure
23.277059     0.10233823  

CM Mom
-3.9961986e-17 2.495976e-17  
2.2867793e-18  1.6806072e-17 
-8.2662449e-18 1.9609228e-17 
5.0786615e-17  1.9524235e-17 

CM Pos
7.4978478      0.011555567   
7.5020242      0.0059172087  
7.5005167      0.019468469   
12.990621      0.012023598   

Stress
20.3177      -0.0441736   -0.027588     0.0911924    0.0397149    0.0634131   
-0.0441736   20.2107      0.0455036     0.0397149    0.146753     0.0697265   
-0.027588    0.0455036    20.2904       0.0634131    0.0697265    0.129144    

Stress Spherical
0            0            0             0            0            0           
0            0            0             0            0            0           
0            0            0             0            0            0           

Inertia
149.989      -56.2257     -56.2467      0.280848     0.108441     0.190622    
-56.2257     149.955      -56.2606      0.108441     0.378048     0.122447    
-56.2467     -56.2606     149.956       0.190622     0.122447     0.127425    

Bond Length
0.61858869    0.0028529876

BB bond length
0.61858869    0.0028529876

Water EE distance
0             0           

PEG EE distance
7.1445576     0.27025881  

BBB P2(x)
0.50579721    0.010200541 

BBB first bond length
0.61875827    0.0031915281

BBB second bond length
0.61848778    0.0026512075

BBB <phi**2>/<phi>**2
1.2240447     0.014595497 

Time = 6000
Temperature
1.0131084     0.0089664739

Pressure
23.340276     0.092883965 

CM Mom
-5.9999836e-17 1.3297443e-17 
1.0486416e-17  2.4868075e-17 
-2.6601954e-17 2.0159883e-17 
7.2889562e-17  1.7503857e-17 

CM Pos
7.4969571      0.0088866677  
7.5041024      0.0079454272  
7.4999229      0.014414108   
12.990961      0.0075005458  

Stress
20.3207      -0.0348116   -0.00458579   0.108069     0.0777681    0.0676594   
-0.0348116   20.2924      -0.00110204   0.0777681    0.112701     0.0688701   
-0.00458579  -0.00110204  20.3078       0.0676594    0.0688701    0.0959061   

Stress Spherical
0            0            0             0            0            0           
0            0            0             0            0            0           
0            0            0             0            0            0           

Inertia
150.031      -56.2621     -56.2428      0.234969     0.0825277    0.0805693   
-56.2621     149.938      -56.2845      0.0825277    0.180901     0.118474    
-56.2428     -56.2845     149.994       0.0805693    0.118474     0.155062    

Bond Length
0.61901163    0.0025183978

BB bond length
0.61901163    0.0025183978

Water EE distance
0             0           

PEG EE distance
7.6894275     0.14740518  

BBB P2(x)
0.51641325    0.0078543291

BBB first bond length
0.61911517    0.0024485322

BBB second bond length
0.61889257    0.0025381984

BBB <phi**2>/<phi>**2
1.2257642     0.0051407297

Time = 7000
Temperature
1.0096833     0.0065956799

Pressure
23.229185     0.10063303  

CM Mom
-7.4839318e-17 2.2143891e-17 
-3.0210746e-17 2.1098298e-17 
-3.979993e-17  2.2696683e-17 
9.4868286e-17  2.3415483e-17 

CM Pos
7.5002228      0.01076993    
7.5008367      0.0095753311  
7.5017042      0.015275042   
12.991989      0.011415708   

Stress
20.2479      -0.00879334  0.00872141    0.171199     0.0863668    0.066608    
-0.00879334  20.1812      0.00804843    0.0863668    0.0943625    0.0435844   
0.00872141   0.00804843   20.1893       0.066608     0.0435844    0.0943765   

Stress Spherical
0            0            0             0            0            0           
0            0            0             0            0            0           
0            0            0             0            0            0           

Inertia
149.999      -56.2601     -56.2298      0.225689     0.11223      0.162351    
-56.2601     150.025      -56.255       0.11223      0.325322     0.124313    
-56.2298     -56.255      149.993       0.162351     0.124313     0.163571    

Bond Length
0.61897907    0.0013947034

BB bond length
0.61897907    0.0013947034

Water EE distance
0             0           

PEG EE distance
7.2019042     0.23369551  

BBB P2(x)
0.50932176    0.015160612 

BBB first bond length
0.61918197    0.0013665906

BBB second bond length
0.61905079    0.0014144998

BBB <phi**2>/<phi>**2
1.224864      0.0090653498

Time = 8000
Temperature
1.0094044     0.0081197277

Pressure
23.320167     0.045867546 

CM Mom
-7.0779053e-17 1.2697033e-17 
-5.4885724e-17 1.2805468e-17 
-4.097113e-17  2.1722994e-17 
1.0118639e-16  1.6098096e-17 

CM Pos
7.4965118      0.010293957   
7.4963835      0.0075413473  
7.5024464      0.012316161   
12.987702      0.0078767315  

Stress
20.292       -0.0158675   -0.0305263    0.0648153    0.0519321    0.0465516   
-0.0158675   20.2837      0.0053201     0.0519321    0.0784794    0.0573642   
-0.0305263   0.0053201    20.3181       0.0465516    0.0573642    0.0755608   

Stress Spherical
0            0            0             0            0            0           
0            0            0             0            0            0           
0            0            0             0            0            0           

Inertia
149.954      -56.2172     -56.2411      0.181059     0.164485     0.138412    
-56.2172     149.982      -56.2357      0.164485     0.176314     0.108211    
-56.2411     -56.2357     149.882       0.138412     0.108211     0.220487    

Bond Length
0.62036824    0.0023574681

BB bond length
0.62036824    0.0023574681

Water EE distance
0             0           

PEG EE distance
7.0998884     0.11111591  

BBB P2(x)
0.51249285    0.020075092 

BBB first bond length
0.6202538     0.0025860725

BBB second bond length
0.62012738    0.0023457374

BBB <phi**2>/<phi>**2
1.2275534     0.0097759113

Time = 9000
Temperature
1.0117353     0.0086065412

Pressure
23.295655     0.062823574 

CM Mom
-6.0115748e-17 1.4749656e-17 
-1.8578245e-17 1.9664138e-17 
-6.393698e-17  2.7050674e-17 
9.3872092e-17  2.3895435e-17 

CM Pos
7.4930976      0.010883901   
7.4934146      0.0064379758  
7.4993291      0.010709404   
12.982214      0.0098781925  

Stress
20.2898      -0.0114777   -0.0422893    0.104937     0.0710628    0.0594263   
-0.0114777   20.2606      -0.0128767    0.0710628    0.0913396    0.0507849   
-0.0422893   -0.0128767   20.2489       0.0594263    0.0507849    0.0955633   

Stress Spherical
0            0            0             0            0            0           
0            0            0             0            0            0           
0            0            0             0            0            0           

Inertia
149.831      -56.1133     -56.1852      0.270062     0.0795427    0.104237    
-56.1133     149.862      -56.1613      0.0795427    0.251528     0.155451    
-56.1852     -56.1613     149.758       0.104237     0.155451     0.19161     

Bond Length
0.61898774    0.0026711276

BB bond length
0.61898774    0.0026711276

Water EE distance
0             0           

PEG EE distance
7.2217768     0.15657573  

BBB P2(x)
0.52118751    0.013007157 

BBB first bond length
0.61894947    0.0026347971

BBB second bond length
0.61902804    0.0023517346

BBB <phi**2>/<phi>**2
1.2289528     0.012469599 

Time = 10000
Temperature
1.0102718     0.0059451748

Pressure
23.271067     0.083052155 

CM Mom
-5.9780786e-17 2.2800102e-17 
-1.469164e-17  2.0700831e-17 
-7.2763556e-17 3.1912137e-17 
1.0253686e-16  2.3174736e-17 

CM Pos
7.5045276      0.0083246363  
7.4892583      0.012704534   
7.5002198      0.016721246   
12.986937      0.013802963   

Stress
20.2092      -0.0172061   -0.00133457   0.127483     0.0770451    0.0603563   
-0.0172061   20.2593      0.010952      0.0770451    0.123353     0.0655053   
-0.00133457  0.010952     20.2702       0.0603563    0.0655053    0.0687804   

Stress Spherical
0            0            0             0            0            0           
0            0            0             0            0            0           
0            0            0             0            0            0           

Inertia
149.813      -56.1952     -56.2929      0.375632     0.119767     0.153918    
-56.1952     150.057      -56.1919      0.119767     0.33958      0.204745    
-56.2929     -56.1919     149.894       0.153918     0.204745     0.203592    

Bond Length
0.61889744    0.003776578 

BB bond length
0.61889744    0.003776578 

Water EE distance
0             0           

PEG EE distance
6.9803193     0.17473964  

BBB P2(x)
0.50778833    0.0099400777

BBB first bond length
0.61867183    0.0038719175

BBB second bond length
0.61926409    0.0038233285

BBB <phi**2>/<phi>**2
1.225591      0.013966801 

Time = 11000
Temperature
1.0111338     0.010378002 

Pressure
23.32436      0.03204559  

CM Mom
-8.4833454e-17 1.3160524e-17 
-1.2239371e-17 3.7079716e-17 
-1.0334248e-16 1.5981994e-17 
1.4008544e-16  1.4345152e-17 

CM Pos
7.4988869      0.016557036   
7.5002429      0.0084350753  
7.5103138      0.016199164   
12.995855      0.01129907    

Stress
20.2793      -0.0178493   -0.0082876    0.064446     0.0736283    0.0597525   
-0.0178493   20.3053      -0.0299203    0.0736283    0.102425     0.0516765   
-0.0082876   -0.0299203   20.3063       0.0597525    0.0516765    0.0904969   

Stress Spherical
0            0            0             0            0            0           
0            0            0             0            0            0           
0            0            0             0            0            0           

Inertia
150.115      -56.257      -56.3318      0.231158     0.159023     0.157032    
-56.257      150.117      -56.3473      0.159023     0.313683     0.126505    
-56.3318     -56.3473     149.95        0.157032     0.126505     0.240289    

Bond Length
0.61847934    0.0023543421

BB bond length
0.61847934    0.0023543421

Water EE distance
0             0           

PEG EE distance
7.4208376     0.14840996  

BBB P2(x)
0.51125352    0.0092359894

BBB first bond length
0.61834496    0.0025355713

BBB second bond length
0.61885862    0.0025498945

BBB <phi**2>/<phi>**2
1.2233987     0.0087742584

Time = 12000
Temperature
1.0092049     0.0064456598

Pressure
23.286545     0.052245753 

CM Mom
-9.1996343e-17 1.1473729e-17 
-3.8191452e-17 3.6478846e-17 
-1.1748066e-16 1.5214932e-17 
1.5857113e-16  1.6512456e-17 

CM Pos
7.5046761      0.011269819   
7.5066259      0.010041485   
7.5030402      0.0083444647  
12.998671      0.0082103466  

Stress
20.2484      0.0249057    -0.00760343   0.090998     0.0434513    0.0631516   
0.0249057    20.27        0.051324      0.0434513    0.136605     0.0416359   
-0.00760343  0.051324     20.2763       0.0631516    0.0416359    0.100765    

Stress Spherical
0            0            0             0            0            0           
0            0            0             0            0            0           
0            0            0             0            0            0           

Inertia
150.103      -56.3408     -56.3313      0.159867     0.135336     0.106736    
-56.3408     150.098      -56.3002      0.135336     0.149473     0.0721003   
-56.3313     -56.3002     150.125       0.106736     0.0721003    0.276689    

Bond Length
0.61949315    0.0025829924

BB bond length
0.61949315    0.0025829924

Water EE distance
0             0           

PEG EE distance
7.3101793     0.20983836  

BBB P2(x)
0.51205123    0.013036328 

BBB first bond length
0.61981554    0.0025300714

BBB second bond length
0.61939918    0.0027002251

BBB <phi**2>/<phi>**2
1.2258476     0.008813056 

Time = 13000
Temperature
1.0142009     0.0064707005

Pressure
23.27159      0.056835616 

CM Mom
-8.9184803e-17 1.4511363e-17 
-7.97122e-17   2.204574e-17  
-1.1021944e-16 2.0094765e-17 
1.6464902e-16  2.1151403e-17 

CM Pos
7.502301       0.010948494   
7.5000945      0.010322814   
7.5051183      0.012927189   
12.994731      0.009689029   

Stress
20.2638      -0.00381803  -0.00474216   0.107818     0.0518544    0.0828167   
-0.00381803  20.1897      -0.0183775    0.0518544    0.131107     0.0569493   
-0.00474216  -0.0183775   20.2514       0.0828167    0.0569493    0.100647    

Stress Spherical
0            0            0             0            0            0           
0            0            0             0            0            0           
0            0            0             0            0            0           

Inertia
150.039      -56.2712     -56.3022      0.139302     0.119077     0.111709    
-56.2712     150.098      -56.2774      0.119077     0.267289     0.118848    
-56.3022     -56.2774     149.993       0.111709     0.118848     0.269903    

Bond Length
0.61911689    0.0032033132

BB bond length
0.61911689    0.0032033132

Water EE distance
0             0           

PEG EE distance
6.8308635     0.25577257  

BBB P2(x)
0.50755249    0.012276151 

BBB first bond length
0.6190715     0.0031186945

BBB second bond length
0.619116      0.0033022344

BBB <phi**2>/<phi>**2
1.224224      0.0075214955

Time = 14000
Temperature
1.0113674     0.0081988672

Pressure
23.249853     0.086178311 

CM Mom
-8.4410734e-17 1.8730664e-17 
-8.7847152e-17 1.4621768e-17 
-1.2592269e-16 2.0960102e-17 
1.7653788e-16  2.3176635e-17 

CM Pos
7.5046761      0.011710885   
7.5006883      0.016067364   
7.4968056      0.011455981   
12.991649      0.013162515   

Stress
20.2317      0.0160186    0.0126664     0.0846211    0.0342552    0.107615    
0.0160186    20.2364      -0.0189433    0.0342552    0.0991953    0.0797098   
0.0126664    -0.0189433   20.197        0.107615     0.0797098    0.0934334   

Stress Spherical
0            0            0             0            0            0           
0            0            0             0            0            0           
0            0            0             0            0            0           

Inertia
149.955      -56.2968     -56.2388      0.346767     0.189007     0.122483    
-56.2968     150.026      -56.2334      0.189007     0.249224     0.19344     
-56.2388     -56.2334     150.075       0.122483     0.19344      0.318409    

Bond Length
0.61896016    0.002788233 

BB bond length
0.61896016    0.002788233 

Water EE distance
0             0           

PEG EE distance
6.6954022     0.13097511  

BBB P2(x)
0.51076221    0.011308579 

BBB first bond length
0.61895678    0.0027856812

BBB second bond length
0.61949866    0.0030984259

BBB <phi**2>/<phi>**2
1.2221087     0.012095671 

Time = 15000
Temperature
1.0094462     0.0078999262

Pressure
23.270816     0.084930175 

CM Mom
-1.2572383e-16 1.8303566e-17 
-1.0996056e-16 2.5951829e-17 
-1.2648247e-16 1.3480248e-17 
2.1119809e-16  2.1936862e-17 

CM Pos
7.504973       0.0095465226  
7.5027665      0.0069053162  
7.4960634      0.016807994   
12.992587      0.01386439    

Stress
20.2332      0.00101782   0.000361544   0.125427     0.0601247    0.070622    
0.00101782   20.2788      -0.0252363    0.0601247    0.155171     0.0860199   
0.000361544  -0.0252363   20.2334       0.070622     0.0860199    0.10414     

Stress Spherical
0            0            0             0            0            0           
0            0            0             0            0            0           
0            0            0             0            0            0           

Inertia
149.958      -56.3472     -56.2134      0.291597     0.136654     0.183816    
-56.3472     149.999      -56.2698      0.136654     0.311278     0.2228      
-56.2134     -56.2698     150.081       0.183816     0.2228       0.179975    

Bond Length
0.61921332    0.0023097985

BB bond length
0.61921332    0.0023097985

Water EE distance
0             0           

PEG EE distance
6.9249895     0.16776674  

BBB P2(x)
0.51065013    0.015288774 

BBB first bond length
0.61957487    0.0023983545

BBB second bond length
0.61919824    0.0025281304

BBB <phi**2>/<phi>**2
1.2221915     0.0093429678

Time = 16000
Temperature
1.0142766     0.0077538257

Pressure
23.258713     0.077157001 

CM Mom
-1.3123979e-16 9.0731078e-18 
-9.378061e-17  2.0177657e-17 
-1.3435154e-16 1.9319553e-17 
2.1128934e-16  1.6986518e-17 

CM Pos
7.4945821      0.014047919   
7.4981648      0.012334933   
7.49829        0.015929633   
12.985221      0.01520052    

Stress
20.1838      -0.0291806   0.0475338     0.1181       0.0716892    0.0880008   
-0.0291806   20.2438      -0.00925937   0.0716892    0.164783     0.0839609   
0.0475338    -0.00925937  20.2381       0.0880008    0.0839609    0.10403     

Stress Spherical
0            0            0             0            0            0           
0            0            0             0            0            0           
0            0            0             0            0            0           

Inertia
149.94       -56.1861     -56.1804      0.297926     0.181884     0.141924    
-56.1861     149.903      -56.2206      0.181884     0.324742     0.191775    
-56.1804     -56.2206     149.881       0.141924     0.191775     0.32637     

Bond Length
0.62031648    0.0026333331

BB bond length
0.62031648    0.0026333331

Water EE distance
0             0           

PEG EE distance
7.0361329     0.22495226  

BBB P2(x)
0.50491149    0.0081847365

BBB first bond length
0.62044744    0.0024119918

BBB second bond length
0.6204486     0.0029522978

BBB <phi**2>/<phi>**2
1.2223948     0.0083816276

Time = 17000
Temperature
1.0106072     0.0060064885

Pressure
23.34757      0.10655031  

CM Mom
-1.461112e-16  2.7760688e-17 
-9.3357067e-17 1.8230754e-17 
-1.4341633e-16 2.43089e-17   
2.2674445e-16  3.0218591e-17 

CM Pos
7.5012619      0.0094362484  
7.5088525      0.013573256   
7.4911649      0.018168156   
12.991143      0.012120082   

Stress
20.2995      -0.0185855   -0.0336306    0.142086     0.0664621    0.084392    
-0.0185855   20.3542      0.0289534     0.0664621    0.129271     0.0748881   
-0.0336306   0.0289534    20.3115       0.084392     0.0748881    0.122483    

Stress Spherical
0            0            0             0            0            0           
0            0            0             0            0            0           
0            0            0             0            0            0           

Inertia
149.977      -56.3276     -56.1666      0.323795     0.122029     0.145044    
-56.3276     149.895      -56.2172      0.122029     0.311783     0.174002    
-56.1666     -56.2172     150.135       0.145044     0.174002     0.177293    

Bond Length
0.61856653    0.0034656695

BB bond length
0.61856653    0.0034656695

Water EE distance
0             0           

PEG EE distance
6.9431491     0.24911592  

BBB P2(x)
0.51087501    0.0095659105

BBB first bond length
0.61856829    0.0036846713

BBB second bond length
0.61856686    0.0036344524

BBB <phi**2>/<phi>**2
1.2226107     0.0082830086

Time = 18000
Temperature
1.0064251     0.0067229774

Pressure
23.300648     0.078574594 

CM Mom
-1.4162451e-16 1.4286733e-17 
-1.0517839e-16 1.8051753e-17 
-1.6186321e-16 1.6325219e-17 
2.4011319e-16  2.1490466e-17 

CM Pos
7.5011135      0.017598912   
7.4978679      0.0098922556  
7.5018526      0.013794668   
12.99088       0.012310921   

Stress
20.3608      -0.00599059  -0.0280364    0.109785     0.106232     0.064206    
-0.00599059  20.1836      -0.0527533    0.106232     0.106313     0.0545111   
-0.0280364   -0.0527533   20.3176       0.064206     0.0545111    0.0889045   

Stress Spherical
0            0            0             0            0            0           
0            0            0             0            0            0           
0            0            0             0            0            0           

Inertia
150.007      -56.285      -56.303       0.221591     0.139161     0.162152    
-56.285      150.038      -56.2457      0.139161     0.326184     0.15029     
-56.303      -56.2457     149.975       0.162152     0.15029      0.342162    

Bond Length
0.61910245    0.0022994589

BB bond length
0.61910245    0.0022994589

Water EE distance
0             0           

PEG EE distance
7.4546276     0.19722236  

BBB P2(x)
0.51856213    0.012114581 

BBB first bond length
0.61897239    0.0020830822

BBB second bond length
0.61902821    0.0026427962

BBB <phi**2>/<phi>**2
1.2290642     0.010384956 

Time = 19000
Temperature
1.0139311     0.00876639  

Pressure
23.312619     0.089009712 

CM Mom
-1.2939763e-16 1.7740673e-17 
-9.7875965e-17 9.2032426e-18 
-1.8651939e-16 2.2643686e-17 
2.4836162e-16  1.8482639e-17 

CM Pos
7.5046761      0.013461594   
7.5017274      0.01362834    
7.5003682      0.012291088   
12.994303      0.014359523   

Stress
20.2843      -0.0213157   -0.0520289    0.109593     0.062662     0.0729392   
-0.0213157   20.2795      0.0207562     0.062662     0.10173      0.0693088   
-0.0520289   0.0207562    20.2666       0.0729392    0.0693088    0.133589    

Stress Spherical
0            0            0             0            0            0           
0            0            0             0            0            0           
0            0            0             0            0            0           

Inertia
150.05       -56.3139     -56.2712      0.319008     0.178348     0.0841501   
-56.3139     150.084      -56.2564      0.178348     0.192506     0.171322    
-56.2712     -56.2564     150.113       0.0841501    0.171322     0.363439    

Bond Length
0.61963259    0.0032166857

BB bond length
0.61963259    0.0032166857

Water EE distance
0             0           

PEG EE distance
7.7923011     0.22885114  

BBB P2(x)
0.52000841    0.012064724 

BBB first bond length
0.61969566    0.0035039595

BBB second bond length
0.61973655    0.0033204406

BBB <phi**2>/<phi>**2
1.2272698     0.011780941 

Time = 20000
Temperature
1.0148348     0.0090652636

Pressure
23.306191     0.083655913 

CM Mom
-1.4485142e-16 1.6823599e-17 
-5.0963275e-17 1.4161848e-17 
-1.8735583e-16 1.9728141e-17 
2.4341286e-16  1.7446147e-17 

CM Pos
7.4996291      0.015523305   
7.5015789      0.010904127   
7.5002198      0.013083909   
12.991217      0.014778448   

Stress
20.2771      -0.0123318   0.0323268     0.0820007    0.0395547    0.0521087   
-0.0123318   20.2229      0.00587679    0.0395547    0.0958864    0.0509916   
0.0323268    0.00587679   20.3031       0.0521087    0.0509916    0.123147    

Stress Spherical
0            0            0             0            0            0           
0            0            0             0            0            0           
0            0            0             0            0            0           

Inertia
150.045      -56.2816     -56.2618      0.305972     0.162708     0.182223    
-56.2816     150.025      -56.2614      0.162708     0.375492     0.189517    
-56.2618     -56.2614     150.02        0.182223     0.189517     0.314148    

Bond Length
0.61862494    0.0012015047

BB bond length
0.61862494    0.0012015047

Water EE distance
0             0           

PEG EE distance
8.1819223     0.13737032  

BBB P2(x)
0.51546425    0.012294679 

BBB first bond length
0.61842155    0.0012474884

BBB second bond length
0.61838866    0.0011873266

BBB <phi**2>/<phi>**2
1.2206512     0.0088632079

Time = 21000
Temperature
1.0138963     0.0097042287

Pressure
23.313271     0.07287912  

CM Mom
-1.3346435e-16 1.6226626e-17 
-3.9829045e-17 2.3408212e-17 
-1.7715858e-16 2.273585e-17  
2.2738728e-16  2.0185165e-17 

CM Pos
7.5003713      0.012821932   
7.4974226      0.0089311879  
7.4988838      0.010193935   
12.988473      0.0092077211  

Stress
20.2843      0.00942269   0.0348501     0.147009     0.0637311    0.0562056   
0.00942269   20.3208      -0.010138     0.0637311    0.147971     0.0449255   
0.0348501    -0.010138    20.2277       0.0562056    0.0449255    0.0550006   

Stress Spherical
0            0            0             0            0            0           
0            0            0             0            0            0           
0            0            0             0            0            0           

Inertia
149.954      -56.2126     -56.2422      0.162678     0.0785669    0.165022    
-56.2126     149.991      -56.2294      0.0785669    0.286337     0.0954913   
-56.2422     -56.2294     149.972       0.165022     0.0954913    0.202102    

Bond Length
0.61917399    0.0027290904

BB bond length
0.61917399    0.0027290904

Water EE distance
0             0           

PEG EE distance
7.8269206     0.16465556  

BBB P2(x)
0.50912425    0.011428087 

BBB first bond length
0.61906596    0.0024223395

BBB second bond length
0.61888064    0.0029038414

BBB <phi**2>/<phi>**2
1.2242086     0.0090413561

Time = 22000
Temperature
1.0100575     0.0069449764

Pressure
23.311411     0.091451534 

CM Mom
-1.7116277e-16 1.7814689e-17 
-4.313005e-17  1.1322228e-17 
-1.6473851e-16 2.3489458e-17 
2.4295662e-16  1.628069e-17  

CM Pos
7.5020041      0.016271774   
7.4944537      0.010663009   
7.4956181      0.010538292   
12.98582       0.012675519   

Stress
20.2992      -0.0222131   -0.0304452    0.104129     0.053116     0.0652084   
-0.0222131   20.2663      -0.029903     0.053116     0.0925429    0.072007    
-0.0304452   -0.029903    20.2962       0.0652084    0.072007     0.133279    

Stress Spherical
0            0            0             0            0            0           
0            0            0             0            0            0           
0            0            0             0            0            0           

Inertia
149.886      -56.1943     -56.2352      0.225493     0.119951     0.179882    
-56.1943     149.983      -56.2067      0.119951     0.294422     0.0959385   
-56.2352     -56.2067     149.964       0.179882     0.0959385    0.25431     

Bond Length
0.61933626    0.0016753836

BB bond length
0.61933626    0.0016753836

Water EE distance
0             0           

PEG EE distance
7.3921097     0.1548073   

BBB P2(x)
0.50993736    0.013103803 

BBB first bond length
0.61934619    0.0017896964

BBB second bond length
0.61947441    0.0016537385

BBB <phi**2>/<phi>**2
1.2232823     0.010817603 

Time = 23000
Temperature
1.0085387     0.010228169 

Pressure
23.288133     0.076465291 

CM Mom
-1.7644512e-16 1.7787268e-17 
-4.3737349e-17 3.8123474e-17 
-1.8502902e-16 1.6833418e-17 
2.6308325e-16  1.104209e-17  

CM Pos
7.4994806      0.013083909   
7.4972741      0.015071734   
7.5011104      0.015341255   
12.989165      0.01479225    

Stress
20.2864      0.0288908    -0.0482899    0.114052     0.0587298    0.0352559   
0.0288908    20.2387      -0.00622078   0.0587298    0.128084     0.061113    
-0.0482899   -0.00622078  20.2804       0.0352559    0.061113     0.0956122   

Stress Spherical
0            0            0             0            0            0           
0            0            0             0            0            0           
0            0            0             0            0            0           

Inertia
149.997      -56.2195     -56.2612      0.403841     0.128396     0.140569    
-56.2195     150.03       -56.2054      0.128396     0.291115     0.206039    
-56.2612     -56.2054     149.963       0.140569     0.206039     0.284034    

Bond Length
0.61961443    0.0028564937

BB bond length
0.61961443    0.0028564937

Water EE distance
0             0           

PEG EE distance
7.2001942     0.12066136  

BBB P2(x)
0.51461002    0.0117981   

BBB first bond length
0.61946981    0.0030136466

BBB second bond length
0.61985312    0.0027458398

BBB <phi**2>/<phi>**2
1.2251434     0.014884515 

Time = 24000
Temperature
1.011247      0.006026122 

Pressure
23.286184     0.079847195 

CM Mom
-1.4684444e-16 2.5646966e-17 
-6.6860037e-17 1.966833e-17  
-2.1719933e-16 2.5852914e-17 
2.7305595e-16  1.9040234e-17 

CM Pos
7.5017072      0.01079037    
7.5024696      0.01424109    
7.4965087      0.014007077   
12.990788      0.015682975   

Stress
20.2023      -0.000887614 -0.0232208    0.112727     0.0709964    0.0715195   
-0.000887614 20.291       0.0292478     0.0709964    0.112393     0.0678179   
-0.0232208   0.0292478    20.2821       0.0715195    0.0678179    0.089957    

Stress Spherical
0            0            0             0            0            0           
0            0            0             0            0            0           
0            0            0             0            0            0           

Inertia
149.995      -56.2788     -56.2168      0.413376     0.15959      0.128525    
-56.2788     149.979      -56.298       0.15959      0.266195     0.214525    
-56.2168     -56.298      150.093       0.128525     0.214525     0.264424    

Bond Length
0.61980655    0.0026437837

BB bond length
0.61980655    0.0026437837

Water EE distance
0             0           

PEG EE distance
7.3078074     0.13545272  

BBB P2(x)
0.51504866    0.015808839 

BBB first bond length
0.61995481    0.0027407823

BBB second bond length
0.61980077    0.002450407 

BBB <phi**2>/<phi>**2
1.2227845     0.0055426989

Time = 25000
Temperature
1.0107773     0.0061038575

Pressure
23.350894     0.11099934  

CM Mom
-1.4241288e-16 1.2735527e-17 
-4.8567176e-17 2.8230769e-17 
-1.9637818e-16 1.3196487e-17 
2.4925127e-16  1.4550384e-17 

CM Pos
7.5034885      0.01528009    
7.5055868      0.0065801564  
7.4981416      0.01322795    
12.994561      0.011363006   

Stress
20.3124      0.0229533    0.00618872    0.14299      0.0640621    0.112445    
0.0229533    20.3236      0.0632986     0.0640621    0.107995     0.056886    
0.00618872   0.0632986    20.3377       0.112445     0.056886     0.140313    

Stress Spherical
0            0            0             0            0            0           
0            0            0             0            0            0           
0            0            0             0            0            0           

Inertia
150.043      -56.3195     -56.2829      0.280346     0.125184     0.119789    
-56.3195     150.004      -56.3192      0.125184     0.251803     0.15472     
-56.2829     -56.3192     150.131       0.119789     0.15472      0.286912    

Bond Length
0.61962316    0.0019108161

BB bond length
0.61962316    0.0019108161

Water EE distance
0             0           

PEG EE distance
7.1458045     0.20797228  

BBB P2(x)
0.51785533    0.010385232 

BBB first bond length
0.61959571    0.0018984324

BBB second bond length
0.61960535    0.0019014262

BBB <phi**2>/<phi>**2
1.2301173     0.0089706075

Time = 26000
Temperature
1.0096167     0.0068296408

Pressure
23.306204     0.08480293  

CM Mom
-1.6023582e-16 1.5795725e-17 
-4.9649657e-18 2.7681383e-17 
-1.8459834e-16 1.8607686e-17 
2.4670965e-16  1.6524944e-17 

CM Pos
7.5033401      0.0082928121  
7.4960866      0.014865645   
7.4954697      0.011274706   
12.987446      0.012124538   

Stress
20.2835      -0.0208986   0.0490425     0.0972951    0.0493824    0.0534325   
-0.0208986   20.2744      -0.0100106    0.0493824    0.114218     0.0725658   
0.0490425    -0.0100106   20.2921       0.0534325    0.0725658    0.095852    

Stress Spherical
0            0            0             0            0            0           
0            0            0             0            0            0           
0            0            0             0            0            0           

Inertia
149.873      -56.2566     -56.2362      0.388164     0.135969     0.115796    
-56.2566     149.972      -56.1376      0.135969     0.174649     0.170357    
-56.2362     -56.1376     150.012       0.115796     0.170357     0.263504    

Bond Length
0.61843814    0.003155057 

BB bond length
0.61843814    0.003155057 

Water EE distance
0             0           

PEG EE distance
7.3086293     0.16301411  

BBB P2(x)
0.49798108    0.016189184 

BBB first bond length
0.618395      0.0032271294

BBB second bond length
0.61853612    0.0032626042

BBB <phi**2>/<phi>**2
1.2169223     0.0090825249

Time = 27000
Temperature
1.0119237     0.007089088 

Pressure
23.288046     0.078322516 

CM Mom
-1.3548182e-16 1.6409884e-17 
1.4668842e-18  1.6331764e-17 
-1.7385057e-16 1.4879679e-17 
2.219309e-16   9.2513556e-18 

CM Pos
7.5064574      0.012539562   
7.4956413      0.010883901   
7.5028917      0.013530982   
12.993272      0.016105795   

Stress
20.2243      0.00893041   0.0265443     0.0741957    0.0584022    0.0491191   
0.00893041   20.2941      -0.00311117   0.0584022    0.177098     0.027553    
0.0265443    -0.00311117  20.2564       0.0491191    0.027553     0.101098    

Stress Spherical
0            0            0             0            0            0           
0            0            0             0            0            0           
0            0            0             0            0            0           

Inertia
149.989      -56.2712     -56.3239      0.299096     0.112372     0.198471    
-56.2712     150.156      -56.2949      0.112372     0.401933     0.141658    
-56.3239     -56.2949     150.069       0.198471     0.141658     0.243454    

Bond Length
0.61835579    0.002408198 

BB bond length
0.61835579    0.002408198 

Water EE distance
0             0           

PEG EE distance
7.291319      0.17587744  

BBB P2(x)
0.5051159     0.0089730566

BBB first bond length
0.61825748    0.0024339127

BBB second bond length
0.61857393    0.0023926257

BBB <phi**2>/<phi>**2
1.2241809     0.0089646807

Time = 28000
Temperature
1.0066394     0.0078434114

Pressure
23.28928      0.059442333 

CM Mom
-1.1515831e-16 7.451158e-18  
1.631495e-17   1.1458727e-17 
-1.7217082e-16 2.9167045e-17 
2.0896623e-16  2.3260626e-17 

CM Pos
7.5109106      0.012679361   
7.4946022      0.01325125    
7.5014073      0.01204938    
12.994394      0.012542911   

Stress
20.2465      0.0174143    0.0346234     0.110555     0.0720399    0.0403554   
0.0174143    20.3058      0.0437098     0.0720399    0.0764965    0.0663771   
0.0346234    0.0437098    20.2737       0.0403554    0.0663771    0.135142    

Stress Spherical
0            0            0             0            0            0           
