Time = 500
Temperature
   1.0439621   0.055752619

Pressure
   19.789192    0.18190131

CM Mom
-1.270893e-17  1.5099567e-17 
8.3406452e-17  2.8288277e-17 
-5.3940961e-18 1.468306e-17  
8.6702003e-17  2.9560577e-17 

CM Pos
7.471985       0.014971191   
7.5213503      0.024941006   
7.4725532      0.013821558   
12.970764      0.025248317   

Stress
16.6471      -0.0421748   0.059229      0.146894     0.0429831    0.0517145   
-0.0421748   16.6272      0.00403909    0.0429831    0.135945     0.0356435   
0.059229     0.00403909   16.7105       0.0517145    0.0356435    0.106292    

Stress Spherical
0            0            0             0            0            0           
0            0            0             0            0            0           
0            0            0             0            0            0           

Inertia
149.014      -56.2061     -55.8314      0.593667     0.355457     0.223518    
-56.2061     148.11       -56.2756      0.355457     0.713605     0.242191    
-55.8314     -56.2756     148.908       0.223518     0.242191     0.537056    

Bond Length
0.61390376    0.0020138232

BB bond length
0.61390376    0.0020138232

Water EE distance
0             0           

PEG EE distance
3.6353173     0.18254659  

Time = 1000
Temperature
1.0094359     0.0082974147

Pressure
19.56195      0.061272704 

CM Mom
-2.3566298e-17 6.0185082e-18 
5.4231803e-17  1.9683814e-17 
3.024537e-18   4.7623346e-17 
7.7236178e-17  1.5226215e-17 

CM Pos
7.4998754      0.022685928   
7.5424164      0.034161222   
7.4660257      0.015000563   
12.995343      0.026187382   

Stress
16.5144      -0.0202685   0.0177103     0.101783     0.0109554    0.0835899   
-0.0202685   16.5408      -0.045673     0.0109554    0.13571      0.0472215   
0.0177103    -0.045673    16.5583       0.0835899    0.0472215    0.0421713   

Stress Spherical
0            0            0             0            0            0           
0            0            0             0            0            0           
0            0            0             0            0            0           

Inertia
149.397      -56.6173     -56.0384      0.548594     0.26748      0.197288    
-56.6173     148.8        -56.4267      0.26748      0.305483     0.384906    
-56.0384     -56.4267     149.939       0.197288     0.384906     0.336093    

Bond Length
0.61256969    0.0014699706

BB bond length
0.61256969    0.0014699706

Water EE distance
0             0           

PEG EE distance
3.6823922     0.13012228  

