Time = 1000
Temperature
   1.1782245    0.28002241

Pressure
   23.888158      1.243001

CM Mom
-2.2352406e-17 2.6516228e-17 
-3.1869643e-17 3.854461e-17  
8.8513991e-17  4.3393842e-16 
3.0080268e-16  3.3069492e-16 

CM Pos
7.5027964      0.020393726   
7.4905435      0.0070222312  
7.4989127      0.012447191   
12.985926      0.014882651   

Stress
20.3293      0.0267846    0.024571      0.425167     0.0465168    0.0871165   
0.0267846    20.3603      0.0649132     0.0465168    0.426126     0.0317408   
0.024571     0.0649132    20.3844       0.0871165    0.0317408    0.436328    

Stress Spherical
0            0            0             0            0            0           
0            0            0             0            0            0           
0            0            0             0            0            0           

Inertia
150.039      -56.2027     -56.265       1.5062       0.154193     0.206298    
-56.2027     150.213      -56.1792      0.154193     1.24705      0.13176     
-56.265      -56.1792     150.079       0.206298     0.13176      1.22913     

Bond Length
0.6193078     0.0087743868

BB bond length
0.6193078     0.0087743868

Water EE distance
0             0           

PEG EE distance
6.6495801     0.14613805  

BBB P2(x)
0.46575826    0.067923783 

BBB first bond length
0.61916741    0.0087909296

BBB second bond length
0.61928709    0.0087886933

BBB <phi**2>/<phi>**2
1.2178572     0.015923321 

Time = 2000
Temperature
1.0158095     0.0059292017

Pressure
23.067779     0.10632036  

CM Mom
-2.9285467e-18 1.4056811e-17 
1.0202205e-17  2.2288716e-17 
-9.3955039e-18 4.8953602e-17 
5.1859609e-17  2.4542897e-17 

CM Pos
7.5050215      0.010421777   
7.4978121      0.017736236   
7.4937208      0.012029154   
12.988413      0.0091391412  

Stress
19.9554      0.00563624   0.000761944   0.145247     0.0803703    0.0736737   
0.00563624   20.0048      0.0525217     0.0803703    0.125822     0.0680011   
0.000761944  0.0525217    20.1126       0.0736737    0.0680011    0.126292    

Stress Spherical
0            0            0             0            0            0           
0            0            0             0            0            0           
0            0            0             0            0            0           

Inertia
149.75       -56.2569     -56.2231      0.332419     0.137805     0.164306    
-56.2569     149.867      -56.2107      0.137805     0.358103     0.122798    
-56.2231     -56.2107     149.919       0.164306     0.122798     0.364432    

Bond Length
0.61676883    0.0018223051

BB bond length
0.61676883    0.0018223051

Water EE distance
0             0           

PEG EE distance
6.7425509     0.096712295 

BBB P2(x)
0.51193481    0.01190431  

BBB first bond length
0.61664733    0.0018949492

BBB second bond length
0.61668829    0.0018989108

BBB <phi**2>/<phi>**2
1.2260949     0.0085332618

