Time = 500
Temperature
   1.0431562   0.042515345

Pressure
   21.125071    0.13435287

CM Mom
1.7810947e-18  1.5283029e-17 
1.6190524e-17  1.0759346e-17 
-4.431186e-17  2.492419e-17  
5.2899735e-17  2.0025336e-17 

CM Pos
7.5148412      0.015023758   
7.4935218      0.039275682   
7.5207658      0.022974669   
13.007288      0.019797226   

Stress
18.0157      0.0259861    0.0302457     0.077211     0.0490685    0.0581408   
0.0259861    17.9621      -0.00332056   0.0490685    0.0557059    0.0638348   
0.0302457    -0.00332056  18.0109       0.0581408    0.0638348    0.0973079   

Stress Spherical
0            0            0             0            0            0           
0            0            0             0            0            0           
0            0            0             0            0            0           

Inertia
149.278      -56.2669     -56.5309      0.320663     0.401496     0.128827    
-56.2669     149.566      -56.3355      0.401496     0.312508     0.213162    
-56.5309     -56.3355     149.244       0.128827     0.213162     0.683462    

Bond Length
0.61263363    0.0011941696

BB bond length
0.61263363    0.0011941696

Water EE distance
0             0           

PEG EE distance
3.72152       0.11901017  

Time = 1000
Temperature
1.0103079     0.0065504509

Pressure
20.985548     0.080136326 

CM Mom
-4.6128599e-18 1.4153497e-17 
2.2329488e-18  1.4875742e-17 
-5.2711191e-17 1.824461e-17  
5.6940033e-17  1.7805667e-17 

CM Pos
7.5160266      0.016484363   
7.513674       0.018568942   
7.5272856      0.014716636   
13.023315      0.0096503594  

Stress
17.927       0.00988192   0.0385569     0.0716644    0.031364     0.0251682   
0.00988192   17.9576      0.00527988    0.031364     0.0870937    0.0599081   
0.0385569    0.00527988   17.9811       0.0251682    0.0599081    0.12723     

Stress Spherical
0            0            0             0            0            0           
0            0            0             0            0            0           
0            0            0             0            0            0           

Inertia
149.851      -56.3012     -56.666       0.209393     0.180569     0.101206    
-56.3012     149.961      -56.6437      0.180569     0.21883      0.203687    
-56.666      -56.6437     149.758       0.101206     0.203687     0.287501    

Bond Length
0.61344625    0.0006422443

BB bond length
0.61344625    0.0006422443

Water EE distance
0             0           

PEG EE distance
3.7251724     0.10553863  

