Time = 1000
Temperature
   1.0587586   0.073219987

Pressure
   23.664435    0.39409719

CM Mom
3.8040062e-17  1.9985671e-17 
9.1623575e-17  1.7668818e-17 
-1.9813498e-17 1.3601164e-16 
1.5819166e-16  6.6488182e-17 

CM Pos
7.4994407      0.008340334   
7.5016071      0.014931423   
7.4909479      0.016514483   
12.985771      0.0182879     

Stress
20.4735      -0.0386364   -0.01803      0.2369       0.0749943    0.0365418   
-0.0386364   20.5019      -0.0230235    0.0749943    0.186283     0.0507502   
-0.01803     -0.0230235   20.4956       0.0365418    0.0507502    0.240516    

Stress Spherical
0            0            0             0            0            0           
0            0            0             0            0            0           
0            0            0             0            0            0           

Inertia
149.97       -56.2178     -56.1889      0.72646      0.13675      0.112706    
-56.2178     149.91       -56.168       0.13675      0.755117     0.214284    
-56.1889     -56.168      150.061       0.112706     0.214284     0.667822    

Bond Length
0.61830514    0.0036079675

BB bond length
0.61830514    0.0036079675

Water EE distance
0             0           

PEG EE distance
7.2362683     0.20279218  

BBB P2(x)
0.47958897    0.052598879 

BBB first bond length
0.61836791    0.0037507069

BBB second bond length
0.61849518    0.0038408278

BBB <phi**2>/<phi>**2
1.2183544     0.010883195 

Time = 2000
Temperature
1.0106304     0.0075979024

Pressure
23.387115     0.08303194  

CM Mom
1.9373902e-17  2.4106289e-17 
8.7388641e-17  2.0341045e-17 
-8.5598437e-18 1.8004574e-17 
9.5700725e-17  1.5678035e-17 

CM Pos
7.500775       0.016604072   
7.5017554      0.015762746   
7.5013255      0.012812321   
12.992623      0.016976642   

Stress
20.3303      0.0028025    0.00186818    0.106935     0.0767211    0.0821793   
0.0028025    20.3888      0.0258305     0.0767211    0.0743114    0.0452366   
0.00186818   0.0258305    20.3529       0.0821793    0.0452366    0.103816    

Stress Spherical
0            0            0             0            0            0           
0            0            0             0            0            0           
0            0            0             0            0            0           

Inertia
149.926      -56.2927     -56.2117      0.582685     0.195296     0.188619    
-56.2927     149.902      -56.2475      0.195296     0.489243     0.182467    
-56.2117     -56.2475     149.912       0.188619     0.182467     0.485542    

Bond Length
0.61831526    0.0017546112

BB bond length
0.61831526    0.0017546112

Water EE distance
0             0           

PEG EE distance
7.3582955     0.20244256  

BBB P2(x)
0.52279707    0.014351297 

BBB first bond length
0.61851388    0.0018621545

BBB second bond length
0.61816405    0.0018763651

BBB <phi**2>/<phi>**2
1.2276599     0.0076565704

