Time = 1000
Temperature
   1.1489624    0.22442431

Pressure
   23.846025     1.0727021

CM Mom
1.3588513e-17  1.6851483e-17 
5.9940846e-18  2.2371024e-17 
-1.8971113e-17 2.4980059e-16 
1.9008835e-16  1.6622776e-16 

CM Pos
7.5042245      0.024152676   
7.5016787      0.030148825   
7.4959374      0.030635268   
12.991527      0.017167122   

Stress
20.4733      0.0395324    -0.0140671    0.435953     0.0676412    0.105021    
0.0395324    20.3559      -0.0172299    0.0676412    0.364665     0.0704469   
-0.0140671   -0.0172299   20.3805       0.105021     0.0704469    0.444069    

Stress Spherical
0            0            0             0            0            0           
0            0            0             0            0            0           
0            0            0             0            0            0           

Inertia
150.132      -56.293      -56.2564      1.3711       0.34549      0.192368    
-56.293      150.16       -56.2624      0.34549      1.2827       0.153769    
-56.2564     -56.2624     150.233       0.192368     0.153769     2.03206     

Bond Length
0.61925903    0.0084108845

BB bond length
0.61925903    0.0084108845

Water EE distance
0             0           

PEG EE distance
6.8216149     0.083989614 

BBB P2(x)
0.46577085    0.067205857 

BBB first bond length
0.61924919    0.0086091588

BBB second bond length
0.61937692    0.0081749728

BBB <phi**2>/<phi>**2
1.2184913     0.016129666 

Time = 2000
Temperature
1.0122249     0.0047782085

Pressure
23.160094     0.072259325 

CM Mom
2.7801272e-17  1.6202742e-17 
3.1698113e-17  1.4338825e-17 
4.2633132e-17  4.5387034e-17 
7.3845698e-17  2.588806e-17  

CM Pos
7.5002198      0.012307312   
7.4914444      0.018731734   
7.4993488      0.01424296    
12.985211      0.016090142   

Stress
20.1468      -0.0210385   0.00916355    0.146592     0.0821421    0.0798749   
-0.0210385   20.1408      -0.00366511   0.0821421    0.100813     0.0459322   
0.00916355   -0.00366511  20.0934       0.0798749    0.0459322    0.102013    

Stress Spherical
0            0            0             0            0            0           
0            0            0             0            0            0           
0            0            0             0            0            0           

Inertia
149.737      -56.2007     -56.2164      0.535883     0.160705     0.131944    
-56.2007     149.882      -56.1922      0.160705     0.355321     0.202904    
-56.2164     -56.1922     149.767       0.131944     0.202904     0.481523    

Bond Length
0.6178998     0.0015102506

BB bond length
0.6178998     0.0015102506

Water EE distance
0             0           

PEG EE distance
6.8416393     0.1211875   

BBB P2(x)
0.50688844    0.0081826353

BBB first bond length
0.61795904    0.0015059189

BBB second bond length
0.61764517    0.0015882538

BBB <phi**2>/<phi>**2
1.2210663     0.0087254619

