Time = 500
Temperature
   1.0422159   0.045702236

Pressure
    23.75046    0.17172946

CM Mom
-6.9580848e-19 6.4665135e-18 
2.3597174e-17  2.2187048e-17 
-7.5140737e-18 1.0160537e-17 
3.2090966e-17  1.487479e-17  

CM Pos
7.498102       0.0064514642  
7.4983692      0.018834747   
7.5066457      0.01729384    
12.992193      0.020412141   

Stress
20.6433      0.030158     0.0172432     0.0789956    0.0503592    0.0725354   
0.030158     20.5666      0.046228      0.0503592    0.112271     0.108228    
0.0172432    0.046228     20.6625       0.0725354    0.108228     0.121827    

Stress Spherical
0            0            0             0            0            0           
0            0            0             0            0            0           
0            0            0             0            0            0           

Inertia
150.008      -56.2102     -56.2986      0.575416     0.133326     0.211487    
-56.2102     149.983      -56.2515      0.133326     0.357655     0.271059    
-56.2986     -56.2515     149.897       0.211487     0.271059     0.322214    

Bond Length
0.60251903    0.014673666 

BB bond length
0.60251903    0.014673666 

Water EE distance
0             0           

PEG EE distance
4.4208349     0.64827697  

Time = 1000
Temperature
1.0093481     0.0082749049

Pressure
23.656919     0.085538567 

CM Mom
7.9828808e-18  1.4206243e-17 
1.5248569e-17  5.7970831e-18 
-2.5974657e-17 7.9445991e-18 
3.5109454e-17  6.0658445e-18 

CM Pos
7.5055102      0.013065236   
7.50637        0.0086189488  
7.5033861      0.0070498087  
12.999203      0.0092546525  

Stress
20.7454      0.0592834    0.0182313     0.104929     0.0260172    0.0666016   
0.0592834    20.6504      0.0558786     0.0260172    0.0971037    0.0474729   
0.0182313    0.0558786    20.4918       0.0666016    0.0474729    0.102933    

Stress Spherical
0            0            0             0            0            0           
0            0            0             0            0            0           
0            0            0             0            0            0           

Inertia
150.071      -56.3778     -56.3397      0.202641     0.130408     0.0874228   
-56.3778     150.076      -56.3534      0.130408     0.180486     0.0747706   
-56.3397     -56.3534     150.103       0.0874228    0.0747706    0.266125    

Bond Length
0.61595328    0.021457771 

BB bond length
0.61595328    0.021457771 

Water EE distance
0             0           

PEG EE distance
3.1191089     0.65159971  

