Time = 500
Temperature
   1.0362515   0.044794982

Pressure
   22.909025    0.14498486

CM Mom
-2.1301691e-17 9.9401637e-18 
7.645135e-18   1.1489636e-17 
3.0467453e-17  2.362663e-17  
4.4559087e-17  1.5620496e-17 

CM Pos
7.515498       0.015518232   
7.5154151      0.010165254   
7.5273849      0.0095399141  
13.024055      0.011330506   

Stress
19.8204      0.0149109    -0.00590353   0.108209     0.0734008    0.0705616   
0.0149109    19.8051      -0.0198887    0.0734008    0.084006     0.0238697   
-0.00590353  -0.0198887   19.7874       0.0705616    0.0238697    0.0904897   

Stress Spherical
0            0            0             0            0            0           
0            0            0             0            0            0           
0            0            0             0            0            0           

Inertia
150.222      -56.5338     -56.5131      0.104011     0.21036      0.142674    
-56.5338     150.312      -56.6266      0.21036      0.314842     0.0845517   
-56.5131     -56.6266     150.067       0.142674     0.0845517    0.363833    

Bond Length
0.61707111    0.0028698559

BB bond length
0.61707111    0.0028698559

Water EE distance
0             0           

PEG EE distance
3.4691906     0.26853974  

Time = 1000
Temperature
1.0113715     0.0081248116

Pressure
22.780664     0.036563744 

CM Mom
1.1978375e-18  1.4757521e-17 
-1.7583289e-18 2.9143424e-17 
4.6201835e-17  1.2383735e-17 
5.5267289e-17  1.746835e-17  

CM Pos
7.5175747      0.015726691   
7.5124483      0.023102756   
7.5339118      0.017360054   
13.027328      0.021245109   

Stress
19.7445      0.0368257    -0.0605524    0.0635348    0.077995     0.0454889   
0.0368257    19.8156      0.00972589    0.077995     0.0684365    0.0646573   
-0.0605524   0.00972589   19.6912       0.0454889    0.0646573    0.0735103   

Stress Spherical
0            0            0             0            0            0           
0            0            0             0            0            0           
0            0            0             0            0            0           

Inertia
150.368      -56.4353     -56.5884      0.598616     0.225849     0.188127    
-56.4353     150.459      -56.6662      0.225849     0.281551     0.295253    
-56.5884     -56.6662     150.157       0.188127     0.295253     0.412391    

Bond Length
0.61829123    0.0041544045

BB bond length
0.61829123    0.0041544045

Water EE distance
0             0           

PEG EE distance
3.5034599     0.28419669  

