Time = 1000
Temperature
   1.0860241     0.2393572

Pressure
   23.523476    0.67893937

CM Mom
9.707817e-18   1.5410476e-17 
3.575543e-18   1.4188919e-17 
8.3741183e-18  8.6026766e-17 
6.2959295e-17  6.3660757e-17 

CM Pos
7.4993273      0.016592495   
7.5014185      0.019739358   
7.4998534      0.026084059   
12.990745      0.029638609   

Stress
20.2738      -0.00601189  -0.00268781   0.143137     0.0729467    0.0794318   
-0.00601189  20.265       -0.00519824   0.0729467    0.122601     0.0742649   
-0.00268781  -0.00519824  20.2632       0.0794318    0.0742649    0.147194    

Stress Spherical
0            0            0             0            0            0           
0            0            0             0            0            0           
0            0            0             0            0            0           

Inertia
149.906      -56.2397     -56.2336      0.962735     0.250815     0.31027     
-56.2397     149.869      -56.253       0.250815     1.12994      0.307936    
-56.2336     -56.253      149.877       0.31027      0.307936     0.958243    

Bond Length
0.57394287    0.017986122 

BB bond length
0.57394287    0.017986122 

Water EE distance
0             0           

PEG EE distance
2.2277685     0.24234827  

Time = 2000
Temperature
1.0104541     0.0081765982

Pressure
23.278888     0.085576716 

CM Mom
-1.1797285e-18 2.7193144e-17 
2.8833103e-17  2.967864e-17  
2.0178782e-17  2.7845116e-17 
5.5044209e-17  2.4610914e-17 

CM Pos
7.5020548      0.013425067   
7.5035087      0.012907355   
7.5003129      0.015344101   
12.993784      0.017893831   

Stress
20.2488      -0.0113616   0.00360126    0.116942     0.0681412    0.0717986   
-0.0113616   20.2495      -0.00820524   0.0681412    0.106892     0.0670313   
0.00360126   -0.00820524  20.2496       0.0717986    0.0670313    0.118697    

Stress Spherical
0            0            0             0            0            0           
0            0            0             0            0            0           
0            0            0             0            0            0           

Inertia
149.993      -56.2843     -56.26        0.416277     0.167399     0.179738    
-56.2843     149.952      -56.279       0.167399     0.485409     0.196278    
-56.26       -56.279      150.005       0.179738     0.196278     0.443306    

Bond Length
0.56998411    0.0026605219

BB bond length
0.56998411    0.0026605219

Water EE distance
0             0           

PEG EE distance
2.2217149     0.065893728 

Time = 3000
Temperature
1.011273      0.0079809026

Pressure
23.278931     0.092940678 

CM Mom
1.2912898e-17  2.0323163e-17 
7.6586363e-17  1.9475795e-17 
2.2301433e-17  2.1049566e-17 
8.5588909e-17  2.096493e-17  

CM Pos
7.4953991      0.016358055   
7.5016557      0.011623025   
7.4987268      0.01594763    
12.987964      0.013805901   

Stress
20.2509      -0.00254938  0.00176064    0.115014     0.0738207    0.0646354   
-0.00254938  20.2451      0.00150077    0.0738207    0.138304     0.0718134   
0.00176064   0.00150077   20.2447       0.0646354    0.0718134    0.116345    

Stress Spherical
0            0            0             0            0            0           
0            0            0             0            0            0           
0            0            0             0            0            0           

Inertia
149.949      -56.2313     -56.2048      0.226368     0.165449     0.209007    
-56.2313     149.83       -56.2457      0.165449     0.421193     0.14245     
-56.2048     -56.2457     149.879       0.209007     0.14245      0.294235    

Bond Length
0.56997692    0.0026388018

BB bond length
0.56997692    0.0026388018

Water EE distance
0             0           

PEG EE distance
2.237657      0.043956594 

