Time = 1000
Temperature
   1.0884151    0.10944242

Pressure
   23.771458    0.60876116

CM Mom
1.3738791e-17  2.6351409e-17 
-1.1622716e-17 1.8440084e-17 
4.8014692e-18  2.2682739e-16 
1.8153777e-16  1.4098239e-16 

CM Pos
7.5043185      0.031428675   
7.4922356      0.040325326   
7.5011785      0.012001185   
12.989141      0.032400359   

Stress
20.5083      -0.0292913   0.0096446     0.373838     0.0822181    0.0550499   
-0.0292913   20.4948      0.0196647     0.0822181    0.30504      0.0705688   
0.0096446    0.0196647    20.5166       0.0550499    0.0705688    0.264387    

Stress Spherical
0            0            0             0            0            0           
0            0            0             0            0            0           
0            0            0             0            0            0           

Inertia
149.98       -56.2098     -56.2867      0.739913     0.397147     0.246719    
-56.2098     150.153      -56.1738      0.397147     1.07797      0.28959     
-56.2867     -56.1738     150.026       0.246719     0.28959      0.603805    

Bond Length
0.61883562    0.0058384901

BB bond length
0.61883562    0.0058384901

Water EE distance
0             0           

PEG EE distance
6.7785976     0.50216228  

BBB P2(x)
0.4746592     0.064239276 

BBB first bond length
0.61861566    0.0061115659

BBB second bond length
0.61884515    0.0059561438

BBB <phi**2>/<phi>**2
1.2203122     0.016103761 

Time = 2000
Temperature
1.0141244     0.010662117 

Pressure
23.408138     0.057660375 

CM Mom
4.1395122e-17  2.2972263e-17 
-5.6136776e-17 1.7926966e-17 
5.1119717e-17  3.71015e-17   
9.5882341e-17  2.259022e-17  

CM Pos
7.4949842      0.011389276   
7.509867       0.01130415    
7.5023638      0.010119637   
12.994559      0.01203414    

Stress
20.3474      -0.0544622   -0.0203793    0.0809782    0.0994504    0.0766305   
-0.0544622   20.3591      0.020981      0.0994504    0.120973     0.0978605   
-0.0203793   0.020981     20.3917       0.0766305    0.0978605    0.0910766   

Stress Spherical
0            0            0             0            0            0           
0            0            0             0            0            0           
0            0            0             0            0            0           

Inertia
150.067      -56.2964     -56.2174      0.411225     0.12966      0.145299    
-56.2964     149.839      -56.305       0.12966      0.429693     0.157687    
-56.2174     -56.305      149.952       0.145299     0.157687     0.346432    

Bond Length
0.61962662    0.0025568488

BB bond length
0.61962662    0.0025568488

Water EE distance
0             0           

PEG EE distance
7.383181      0.16258121  

BBB P2(x)
0.52298921    0.0075260181

BBB first bond length
0.61927892    0.0025111402

BBB second bond length
0.61949289    0.0025521773

BBB <phi**2>/<phi>**2
1.2246438     0.0076663175

