Time = 1000
Temperature
   1.0297724   0.042307038

Pressure
   23.547474     0.1494426

CM Mom
-2.7354317e-17 1.8966003e-17 
-2.8210153e-17 9.7857799e-18 
-2.6002129e-17 4.5231476e-17 
6.3096983e-17  2.7208639e-17 

CM Pos
7.4971819      0.01380606    
7.5039098      0.029776009   
7.4993176      0.01385073    
12.990659      0.014924949   

Stress
20.4317      0.0252557    0.0173746     0.07659      0.0473055    0.054656    
0.0252557    20.4738      -0.00131      0.0473055    0.111782     0.0458255   
0.0173746    -0.00131     20.4928       0.054656     0.0458255    0.0916069   

Stress Spherical
0            0            0             0            0            0           
0            0            0             0            0            0           
0            0            0             0            0            0           

Inertia
150.022      -56.2592     -56.2288      0.414536     0.294183     0.141804    
-56.2592     149.936      -56.264       0.294183     0.332054     0.1696      
-56.2288     -56.264      149.997       0.141804     0.1696       0.697247    

Bond Length
0.62159921    0.0036285923

BB bond length
0.62159921    0.0036285923

Water EE distance
0             0           

PEG EE distance
7.1675229     0.28042808  

BBB P2(x)
0.48510311    0.050127866 

BBB first bond length
0.62124913    0.0036899618

BBB second bond length
0.62177952    0.0037138187

BBB <phi**2>/<phi>**2
1.2232392     0.013719502 

Time = 2000
Temperature
1.0084649     0.0086276827

Pressure
23.475436     0.074908783 

CM Mom
-2.636656e-17  1.3090535e-17 
-3.4651183e-17 7.8588648e-18 
-1.6769326e-17 2.3071481e-17 
5.17779e-17    1.6173326e-17 

CM Pos
7.4916863      0.015831467   
7.5013847      0.02009051    
7.5057044      0.017640035   
12.989709      0.012934168   

Stress
20.4812      0.0258755    0.0376245     0.0840748    0.0753362    0.045977    
0.0258755    20.4451      -0.0234555    0.0753362    0.145173     0.0534314   
0.0376245    -0.0234555   20.4471       0.045977     0.0534314    0.0968876   

Stress Spherical
0            0            0             0            0            0           
0            0            0             0            0            0           
0            0            0             0            0            0           

Inertia
150.05       -56.1967     -56.2194      0.29713      0.215992     0.135382    
-56.1967     149.91       -56.2859      0.215992     0.203697     0.156952    
-56.2194     -56.2859     149.847       0.135382     0.156952     0.458495    

Bond Length
0.61857615    0.0033397015

BB bond length
0.61857615    0.0033397015

Water EE distance
0             0           

PEG EE distance
6.9531039     0.41503911  

BBB P2(x)
0.50541471    0.016059479 

BBB first bond length
0.61854613    0.003079768 

BBB second bond length
0.6187658     0.0032994426

BBB <phi**2>/<phi>**2
1.231698      0.014581843 

Time = 3000
Temperature
1.0125771     0.0075139314

Pressure
23.513179     0.075516825 

CM Mom
-3.6139414e-17 1.458459e-17  
-3.0321434e-17 1.5176386e-17 
5.4334858e-18  1.0539351e-17 
5.1692239e-17  1.1704388e-17 

CM Pos
7.4985187      0.011927765   
7.4993053      0.010665208   
7.5006544      0.015007367   
12.989516      0.011228574   

Stress
20.4572      -0.0158938   -0.0361757    0.0890159    0.0736173    0.0461705   
-0.0158938   20.4921      -0.0325282    0.0736173    0.155171     0.078519    
-0.0361757   -0.0325282   20.5004       0.0461705    0.078519     0.0985452   

Stress Spherical
0            0            0             0            0            0           
0            0            0             0            0            0           
0            0            0             0            0            0           

Inertia
149.96       -56.2165     -56.2463      0.301558     0.124659     0.0939112   
-56.2165     149.936      -56.25        0.124659     0.252438     0.124975    
-56.2463     -56.25       149.92        0.0939112    0.124975     0.243919    

Bond Length
0.61874395    0.0056150688

BB bond length
0.61874395    0.0056150688

Water EE distance
0             0           

PEG EE distance
6.9173336     0.20851757  

BBB P2(x)
0.49666745    0.014119178 

BBB first bond length
0.61862942    0.0059441724

BBB second bond length
0.61886154    0.0059000379

BBB <phi**2>/<phi>**2
1.2248945     0.024930181 

Time = 4000
Temperature
1.0123515     0.0084036729

Pressure
23.530356     0.051862655 

CM Mom
-4.7890255e-17 1.1913314e-17 
-1.6286097e-17 1.4226206e-17 
-4.3081056e-18 3.2628539e-17 
6.1838653e-17  1.2735294e-17 

CM Pos
7.4943599      0.006523475   
7.5088112      0.014243357   
7.5073382      0.0070045506  
12.996458      0.0133614     

Stress
20.5103      0.0105021    -0.0109902    0.129847     0.0463808    0.0741761   
0.0105021    20.4762      0.013192      0.0463808    0.0621918    0.0738513   
-0.0109902   0.013192     20.5168       0.0741761    0.0738513    0.0580527   

Stress Spherical
0            0            0             0            0            0           
0            0            0             0            0            0           
0            0            0             0            0            0           

Inertia
150.226      -56.2756     -56.256       0.244045     0.152925     0.0940688   
-56.2756     150.002      -56.3724      0.152925     0.197658     0.113035    
-56.256      -56.3724     150.038       0.0940688    0.113035     0.273984    

Bond Length
0.62136725    0.004062824 

BB bond length
0.62136725    0.004062824 

Water EE distance
0             0           

PEG EE distance
6.6815154     0.31388687  

BBB P2(x)
0.51454065    0.022427003 

BBB first bond length
0.6214353     0.0040998896

BBB second bond length
0.62153419    0.0047094594

BBB <phi**2>/<phi>**2
1.2312307     0.019210092 

Time = 5000
Temperature
1.0136518     0.0069603098

Pressure
23.529756     0.065019129 

CM Mom
-4.0602458e-17 9.4408309e-18 
-6.0543378e-18 1.9674519e-17 
-3.2414852e-17 1.1568317e-17 
5.6653754e-17  1.1676102e-17 

CM Pos
7.4928746      0.0054553028  
7.5033156      0.012712082   
7.5015455      0.01573362    
12.989088      0.011933493   

Stress
20.4511      -0.0398267   -0.0502596    0.0691901    0.0458882    0.0589505   
-0.0398267   20.5181      -0.012765     0.0458882    0.11595      0.0460043   
-0.0502596   -0.012765    20.5207       0.0589505    0.0460043    0.0773771   

Stress Spherical
0            0            0             0            0            0           
0            0            0             0            0            0           
0            0            0             0            0            0           

Inertia
150.073      -56.1796     -56.2145      0.317299     0.127095     0.142845    
-56.1796     149.893      -56.3008      0.127095     0.250126     0.177651    
-56.2145     -56.3008     149.925       0.142845     0.177651     0.232004    

Bond Length
0.62006786    0.005356893 

BB bond length
0.62006786    0.005356893 

Water EE distance
0             0           

PEG EE distance
6.7649955     0.28791859  

BBB P2(x)
0.49725172    0.017014072 

BBB first bond length
0.62019347    0.0052385132

BBB second bond length
0.62008826    0.0052700191

BBB <phi**2>/<phi>**2
1.2158265     0.01037371  

Time = 6000
Temperature
1.0136692     0.0095972692

Pressure
23.454732     0.083842497 

CM Mom
-3.8760514e-17 1.2608069e-17 
-5.9776589e-19 8.0347978e-18 
-3.214249e-17  1.4463064e-17 
5.2803596e-17  1.3429679e-17 

CM Pos
7.495251       0.017774589   
7.5021274      0.010312915   
7.498872       0.0094745094  
12.988229      0.01448531    

Stress
20.3792      0.0104272    0.0127549     0.0821518    0.0637979    0.0476404   
0.0104272    20.4379      0.0161663     0.0637979    0.102977     0.0646843   
0.0127549    0.0161663    20.4475       0.0476404    0.0646843    0.122633    

Stress Spherical
0            0            0             0            0            0           
0            0            0             0            0            0           
0            0            0             0            0            0           

Inertia
149.986      -56.2237     -56.205       0.252186     0.187843     0.183841    
-56.2237     149.871      -56.251       0.187843     0.30051      0.132607    
-56.205      -56.251      149.954       0.183841     0.132607     0.292573    

Bond Length
0.61993227    0.0051890566

BB bond length
0.61993227    0.0051890566

Water EE distance
0             0           

PEG EE distance
7.1016761     0.37226946  

BBB P2(x)
0.51008241    0.01616741  

BBB first bond length
0.62002454    0.0049811389

BBB second bond length
0.62010409    0.0056694824

BBB <phi**2>/<phi>**2
1.2123151     0.019021942 

Time = 7000
Temperature
1.0139333     0.0050996207

Pressure
23.489145     0.088560607 

CM Mom
-3.7554814e-17 1.3802519e-17 
-3.1355638e-17 1.4031663e-17 
-2.5796553e-17 1.3599765e-17 
5.8389768e-17  1.4899256e-17 

CM Pos
7.4968849      0.009757838   
7.4998995      0.014040561   
7.4990205      0.011937933   
12.98797       0.012573783   

Stress
20.4712      -0.0066685   0.00342242    0.115349     0.0527494    0.0619268   
-0.0066685   20.4457      0.0121987     0.0527494    0.0944501    0.0576422   
0.00342242   0.0121987    20.4485       0.0619268    0.0576422    0.143749    

Stress Spherical
0            0            0             0            0            0           
0            0            0             0            0            0           
0            0            0             0            0            0           

Inertia
149.977      -56.2392     -56.2428      0.347725     0.171602     0.141654    
-56.2392     149.923      -56.2734      0.171602     0.169801     0.189425    
-56.2428     -56.2734     149.941       0.141654     0.189425     0.265024    

Bond Length
0.62039288    0.0047696467

BB bond length
0.62039288    0.0047696467

Water EE distance
0             0           

PEG EE distance
7.5449075     0.38802016  

BBB P2(x)
0.51045554    0.011024333 

BBB first bond length
0.62059078    0.0045017529

BBB second bond length
0.62045318    0.0047967107

BBB <phi**2>/<phi>**2
1.2218644     0.012080882 

Time = 8000
Temperature
1.0096571     0.0063571979

Pressure
23.500278     0.062738551 

CM Mom
-1.1389708e-17 3.4417156e-17 
-3.990795e-17  1.2525328e-17 
-3.6349937e-17 1.1814649e-17 
6.6001079e-17  1.2982906e-17 

CM Pos
7.4971819      0.013629155   
7.5009392      0.013987826   
7.5043676      0.013221634   
12.991835      0.011448039   

Stress
20.4753      0.0204213    -0.0106849    0.0806916    0.0704404    0.0687422   
0.0204213    20.5344      -0.00370247   0.0704404    0.0929702    0.043871    
-0.0106849   -0.00370247  20.4276       0.0687422    0.043871     0.113339    

Stress Spherical
0            0            0             0            0            0           
0            0            0             0            0            0           
0            0            0             0            0            0           

Inertia
150.055      -56.2578     -56.2768      0.333793     0.0603969    0.173544    
-56.2578     150.008      -56.2978      0.0603969    0.305044     0.157588    
-56.2768     -56.2978     149.969       0.173544     0.157588     0.177672    

Bond Length
0.6174533     0.0048760082

BB bond length
0.6174533     0.0048760082

Water EE distance
0             0           

PEG EE distance
7.4442171     0.39285872  

BBB P2(x)
0.5200836     0.013592692 

BBB first bond length
0.6170837     0.0049125451

BBB second bond length
0.61673163    0.0049727888

BBB <phi**2>/<phi>**2
1.2264731     0.011209224 

Time = 9000
Temperature
1.0069656     0.0084464837

Pressure
23.469857     0.065086349 

CM Mom
-2.0269485e-17 2.0803901e-17 
-6.2645865e-17 1.6354617e-17 
-3.1837149e-17 2.0774018e-17 
7.9293415e-17  1.3905051e-17 

CM Pos
7.4930231      0.0097804204  
7.5052465      0.0042945338  
7.5018426      0.010822292   
12.990456      0.0071896498  

Stress
20.5043      0.00388566   0.000181392   0.0512704    0.0444059    0.0622703   
0.00388566   20.4301      -0.00314262   0.0444059    0.098583     0.07567     
0.000181392  -0.00314262  20.4358       0.0622703    0.07567      0.114405    

Stress Spherical
0            0            0             0            0            0           
0            0            0             0            0            0           
0            0            0             0            0            0           

Inertia
150.104      -56.2506     -56.222       0.193638     0.0932202    0.120587    
-56.2506     149.927      -56.345       0.0932202    0.188737     0.0789731   
-56.222      -56.345      149.968       0.120587     0.0789731    0.137056    

Bond Length
0.61858309    0.0031015007

BB bond length
0.61858309    0.0031015007

Water EE distance
0             0           

PEG EE distance
7.3553767     0.1583343   

BBB P2(x)
0.52497425    0.020471482 

BBB first bond length
0.61827681    0.003206905 

BBB second bond length
0.61854307    0.0030254348

BBB <phi**2>/<phi>**2
1.228235      0.0164545   

Time = 10000
Temperature
1.0107938     0.0064782859

Pressure
23.499474     0.067375495 

CM Mom
-1.0414044e-17 1.7728349e-17 
-3.5294846e-17 1.1485919e-17 
-1.975788e-17  1.3148386e-17 
4.7608995e-17  9.8507171e-18 

CM Pos
7.4986672      0.012284032   
7.5027215      0.0083613039  
7.493822       0.0091860458  
12.987626      0.0088488245  

Stress
20.4781      -0.0078409   -0.044574     0.10282      0.0704179    0.0828411   
-0.0078409   20.4518      -0.00250993   0.0704179    0.113977     0.101297    
-0.044574    -0.00250993  20.4947       0.0828411    0.101297     0.0821033   

Stress Spherical
0            0            0             0            0            0           
0            0            0             0            0            0           
0            0            0             0            0            0           

Inertia
149.945      -56.2329     -56.2146      0.198398     0.12694      0.126368    
-56.2329     149.894      -56.222       0.12694      0.187928     0.135856    
-56.2146     -56.222      150.01        0.126368     0.135856     0.210032    

Bond Length
0.62140612    0.0028358506

BB bond length
0.62140612    0.0028358506

Water EE distance
0             0           

PEG EE distance
7.5328533     0.12338515  

BBB P2(x)
0.52164368    0.018983465 

BBB first bond length
0.62124199    0.0030119049

BBB second bond length
0.62156281    0.0030571524

BBB <phi**2>/<phi>**2
1.2253873     0.020609882 

Time = 11000
Temperature
1.0079392     0.0091597771

Pressure
23.434537     0.056832268 

CM Mom
-8.2554904e-18 1.7193112e-17 
-2.8349082e-17 1.6131904e-17 
-1.8221553e-17 1.3437988e-17 
4.1838268e-17  1.3777837e-17 

CM Pos
7.4937658      0.0094184606  
7.5031671      0.014929991   
7.4997632      0.012815786   
12.988486      0.013563963   

Stress
20.4476      -0.00636685  0.0203065     0.119121     0.0365125    0.0655458   
-0.00636685  20.4298      -0.0141691    0.0365125    0.0651237    0.0553717   
0.0203065    -0.0141691   20.3781       0.0655458    0.0553717    0.0769676   

Stress Spherical
0            0            0             0            0            0           
0            0            0             0            0            0           
0            0            0             0            0            0           

Inertia
150.051      -56.2496     -56.1679      0.354658     0.183658     0.101704    
-56.2496     149.898      -56.273       0.183658     0.196662     0.148472    
-56.1679     -56.273      149.957       0.101704     0.148472     0.306915    

Bond Length
0.62125306    0.0039859145

BB bond length
0.62125306    0.0039859145

Water EE distance
0             0           

PEG EE distance
7.8185385     0.28944019  

BBB P2(x)
0.53816353    0.022699153 

BBB first bond length
0.62120516    0.0043425884

BBB second bond length
0.62125083    0.0040331159

BBB <phi**2>/<phi>**2
1.2353189     0.02583523  

Time = 12000
Temperature
1.0095175     0.0084990753

Pressure
23.490977     0.057395632 

CM Mom
-1.533936e-17  3.1309305e-17 
-3.8977496e-17 7.1358628e-18 
-1.6859197e-17 1.4937893e-17 
5.4738424e-17  1.7228243e-17 

CM Pos
7.5026775      0.010587355   
7.5024245      0.013225804   
7.4966441      0.012161297   
12.991395      0.017623177   

Stress
20.461       -0.0259855   -0.00846316   0.0663292    0.0623385    0.0875152   
-0.0259855   20.4819      0.0232099     0.0623385    0.0808285    0.0475363   
-0.00846316  0.0232099    20.4676       0.0875152    0.0475363    0.0967256   

Stress Spherical
0            0            0             0            0            0           
0            0            0             0            0            0           
0            0            0             0            0            0           

Inertia
150.018      -56.2808     -56.2698      0.346099     0.217751     0.19055     
-56.2808     150          -56.2767      0.217751     0.271088     0.131381    
-56.2698     -56.2767     150.085       0.19055      0.131381     0.331954    

Bond Length
0.62009223    0.0039353652

BB bond length
0.62009223    0.0039353652

Water EE distance
0             0           

PEG EE distance
8.0180435     0.28679526  

BBB P2(x)
0.53508768    0.027165108 

BBB first bond length
0.61992716    0.0042405389

BBB second bond length
0.62031547    0.0040352261

BBB <phi**2>/<phi>**2
1.2256494     0.011977448 

Time = 13000
Temperature
1.0108208     0.0066879476

Pressure
23.529522     0.12553266  

CM Mom
-4.8589847e-17 3.2326116e-17 
-3.2358236e-17 1.4372676e-17 
-4.4052735e-17 2.1374608e-17 
8.2629843e-17  1.5146171e-17 

CM Pos
7.4995584      0.0091366808  
7.5046524      0.0071910398  
7.5025853      0.01897694    
12.994318      0.012795559   

Stress
20.4902      -0.00142452  -0.00795902   0.134673     0.0673759    0.03821     
-0.00142452  20.5065      -0.0073515    0.0673759    0.126167     0.074814    
-0.00795902  -0.0073515   20.5178       0.03821      0.074814     0.153386    

Stress Spherical
0            0            0             0            0            0           
0            0            0             0            0            0           
0            0            0             0            0            0           

Inertia
150.125      -56.2919     -56.2856      0.349827     0.111878     0.151391    
-56.2919     150.044      -56.2674      0.111878     0.315582     0.18125     
-56.2856     -56.2674     150.06        0.151391     0.18125      0.227463    

Bond Length
0.61992284    0.0025987721

BB bond length
0.61992284    0.0025987721

Water EE distance
0             0           

PEG EE distance
7.9645594     0.44634459  

BBB P2(x)
0.52635985    0.034164515 

BBB first bond length
0.61963339    0.0024097797

BBB second bond length
0.61997853    0.0027050468

BBB <phi**2>/<phi>**2
1.2264055     0.018547041 

Time = 14000
Temperature
1.0065951     0.0050826923

Pressure
23.465853     0.076980182 

CM Mom
-3.1200837e-17 1.738474e-17  
3.4388716e-18  1.4816815e-17 
-3.9066131e-17 1.7221956e-17 
5.5137553e-17  1.7020396e-17 

CM Pos
7.5008952      0.0078664597  
7.5040583      0.003873177   
7.5052588      0.01074763    
12.996281      0.0095203404  

Stress
20.4684      -0.0207434   -0.000406903  0.130099     0.051982     0.052537    
-0.0207434   20.4481      -0.0380678    0.051982     0.0987925    0.0819877   
-0.000406903 -0.0380678   20.4449       0.052537     0.0819877    0.13616     

Stress Spherical
0            0            0             0            0            0           
0            0            0             0            0            0           
0            0            0             0            0            0           

Inertia
150.14       -56.2759     -56.3014      0.204635     0.0720356    0.13549     
-56.2759     150.108      -56.2932      0.0720356    0.208958     0.0926517   
-56.3014     -56.2932     150.072       0.13549      0.0926517    0.152164    

Bond Length
0.61984853    0.0046601095

BB bond length
0.61984853    0.0046601095

Water EE distance
0             0           

PEG EE distance
7.1178166     0.45639914  

BBB P2(x)
0.51292236    0.01462076  

BBB first bond length
0.62022123    0.0044257722

BBB second bond length
0.61971761    0.0049153168

BBB <phi**2>/<phi>**2
1.2297908     0.021620431 

Time = 15000
Temperature
1.0105733     0.01163725  

Pressure
23.462635     0.068004158 

CM Mom
-4.1592963e-17 6.0907948e-18 
2.801392e-18   1.3316801e-17 
-4.7553582e-17 2.549118e-17  
6.709928e-17   1.9002299e-17 

CM Pos
7.4948055      0.0098791697  
7.5021274      0.016459997   
7.4987235      0.010392824   
12.987889      0.0097877553  

Stress
20.3981      -0.0104737   0.0349428     0.133924     0.0385207    0.070902    
-0.0104737   20.4608      0.0332797     0.0385207    0.106443     0.0842872   
0.0349428    0.0332797    20.4572       0.070902     0.0842872    0.0754795   

Stress Spherical
0            0            0             0            0            0           
0            0            0             0            0            0           
0            0            0             0            0            0           

Inertia
150.03       -56.2021     -56.2143      0.201586     0.138866     0.115355    
-56.2021     149.931      -56.2173      0.138866     0.232614     0.108798    
-56.2143     -56.2173     149.956       0.115355     0.108798     0.328226    

Bond Length
0.61977325    0.0039844   

BB bond length
0.61977325    0.0039844   

Water EE distance
0             0           

PEG EE distance
6.8563461     0.13242312  

BBB P2(x)
0.51369751    0.013920603 

BBB first bond length
0.61998336    0.0037026158

BBB second bond length
0.61991145    0.0041835104

BBB <phi**2>/<phi>**2
1.2193631     0.010078653 

Time = 16000
Temperature
1.0099578     0.006872435 

Pressure
23.48552      0.12456303  

CM Mom
-2.7264721e-17 2.032284e-17  
2.1673205e-17  3.6813582e-17 
-4.7266689e-17 1.3640124e-17 
6.879649e-17   2.5857034e-17 

CM Pos
7.4995584      0.013873011   
7.5001965      0.0078650573  
7.496347       0.013674403   
12.988144      0.009871474   

Stress
20.5098      0.00102199   -0.00430579   0.174162     0.0693677    0.0775043   
0.00102199   20.3981      -0.0275853    0.0693677    0.134502     0.0551649   
-0.00430579  -0.0275853   20.4824       0.0775043    0.0551649    0.115488    

Stress Spherical
0            0            0             0            0            0           
0            0            0             0            0            0           
0            0            0             0            0            0           

Inertia
149.963      -56.239      -56.2203      0.285095     0.115331     0.0666888   
-56.239      149.956      -56.2042      0.115331     0.215449     0.189053    
-56.2203     -56.2042     150.005       0.0666888    0.189053     0.242523    

Bond Length
0.62104769    0.0048458335

BB bond length
0.62104769    0.0048458335

Water EE distance
0             0           

PEG EE distance
6.8839855     0.27696883  

BBB P2(x)
0.51674161    0.010919879 

BBB first bond length
0.62134858    0.0049871316

BBB second bond length
0.62064435    0.0048393533

BBB <phi**2>/<phi>**2
1.2350941     0.020177153 

Time = 17000
Temperature
1.0064817     0.0067532079

Pressure
23.512273     0.065252739 

CM Mom
-2.8471795e-17 9.4828478e-18 
-2.876367e-17  4.3203934e-17 
-4.3983477e-17 1.7434469e-17 
7.3597247e-17  2.0407066e-17 

CM Pos
7.4983702      0.011071182   
7.4947009      0.014883373   
7.5011         0.019807406   
12.987038      0.013293669   

Stress
20.4543      0.0196397    0.00609711    0.117721     0.0581575    0.0797536   
0.0196397    20.5388      0.0181342     0.0581575    0.0642792    0.0727344   
0.00609711   0.0181342    20.5087       0.0797536    0.0727344    0.102485    

Stress Spherical
0            0            0             0            0            0           
0            0            0             0            0            0           
0            0            0             0            0            0           

Inertia
149.953      -56.2119     -56.2528      0.326091     0.154157     0.23433     
-56.2119     150.017      -56.213       0.154157     0.416203     0.157483    
-56.2528     -56.213      149.913       0.23433      0.157483     0.253335    

Bond Length
0.6210181     0.005180788 

BB bond length
0.6210181     0.005180788 

Water EE distance
0             0           

PEG EE distance
6.9990731     0.29297351  

BBB P2(x)
0.51150634    0.021737633 

BBB first bond length
0.6212133     0.0054510901

BBB second bond length
0.62077834    0.005127364 

BBB <phi**2>/<phi>**2
1.217981      0.017903449 

Time = 18000
Temperature
1.0099247     0.0067343066

Pressure
23.459696     0.079953108 

CM Mom
-4.272171e-17  1.1759237e-17 
-8.3546234e-17 1.9630325e-17 
-5.8176225e-17 2.7347345e-17 
1.1348077e-16  2.4149765e-17 

CM Pos
7.5004496      0.013131223   
7.4897994      0.018883709   
7.501397       0.014885596   
12.985576      0.019141219   

Stress
20.3764      -0.000305221 0.0309293     0.127432     0.0544021    0.0739216   
-0.000305221 20.4461      0.00128837    0.0544021    0.135737     0.0355447   
0.0309293    0.00128837   20.4906       0.0739216    0.0355447    0.091773    

Stress Spherical
0            0            0             0            0            0           
0            0            0             0            0            0           
0            0            0             0            0            0           

Inertia
149.892      -56.1973     -56.2536      0.430208     0.226558     0.156407    
-56.1973     150.047      -56.1686      0.226558     0.221832     0.185157    
-56.2536     -56.1686     149.854       0.156407     0.185157     0.371026    

Bond Length
0.62291254    0.0058178125

BB bond length
0.62291254    0.0058178125

Water EE distance
0             0           

PEG EE distance
6.9279676     0.25464094  

BBB P2(x)
0.52045173    0.012238158 

BBB first bond length
0.62315783    0.0058793805

BBB second bond length
0.62320291    0.0056676127

BBB <phi**2>/<phi>**2
1.2324768     0.014799214 

Time = 19000
Temperature
1.0047022     0.0050025449

Pressure
23.51818      0.074593006 

CM Mom
-5.9877728e-17 1.166876e-17  
-9.3920427e-17 1.8945424e-17 
-5.4856907e-17 1.4528468e-17 
1.2600123e-16  1.566923e-17  

CM Pos
7.5007466      0.0066158206  
7.5018303      0.010381143   
7.5015455      0.015606916   
12.992771      0.012025377   

Stress
20.4604      0.0217069    -0.0169964    0.0942974    0.0522349    0.100837    
0.0217069    20.519       -0.0227622    0.0522349    0.0801425    0.0615837   
-0.0169964   -0.0227622   20.556        0.100837     0.0615837    0.0889194   

Stress Spherical
0            0            0             0            0            0           
0            0            0             0            0            0           
0            0            0             0            0            0           

Inertia
150.045      -56.2596     -56.2798      0.3172       0.102888     0.102978    
-56.2596     150.059      -56.2724      0.102888     0.248397     0.16299     
-56.2798     -56.2724     150.045       0.102978     0.16299      0.143838    

Bond Length
0.61991541    0.0044805622

BB bond length
0.61991541    0.0044805622

Water EE distance
0             0           

PEG EE distance
6.114439      0.2006548   

BBB P2(x)
0.50844714    0.014200118 

BBB first bond length
0.62013315    0.0045479462

BBB second bond length
0.61954516    0.0045419064

BBB <phi**2>/<phi>**2
1.2237707     0.01503162  

Time = 20000
Temperature
1.0138512     0.010802821 

Pressure
23.513835     0.048875317 

CM Mom
-5.7906337e-17 1.4794148e-17 
-7.5467187e-17 1.6612899e-17 
-5.0569345e-17 1.405467e-17  
1.0920431e-16  1.9300435e-17 

CM Pos
7.4956966      0.015690796   
7.4985627      0.015719593   
7.493822       0.010818214   
12.98352       0.009982491   

Stress
20.4672      -0.00872015  -0.0146023    0.0859724    0.078997     0.0768622   
-0.00872015  20.4867      -0.0132052    0.078997     0.117315     0.0687502   
-0.0146023   -0.0132052   20.4863       0.0768622    0.0687502    0.143579    

Stress Spherical
0            0            0             0            0            0           
0            0            0             0            0            0           
0            0            0             0            0            0           

Inertia
149.903      -56.2248     -56.1717      0.331713     0.166883     0.132477    
-56.2248     149.866      -56.1827      0.166883     0.196437     0.158724    
-56.1717     -56.1827     149.916       0.132477     0.158724     0.263926    

Bond Length
0.6188023     0.0035584367

BB bond length
0.6188023     0.0035584367

Water EE distance
0             0           

PEG EE distance
6.9058656     0.32640735  

BBB P2(x)
0.50330886    0.022144463 

BBB first bond length
0.61838837    0.0036168462

BBB second bond length
0.61859361    0.0034645514

BBB <phi**2>/<phi>**2
1.2133252     0.011849258 

Time = 21000
Temperature
1.007471      0.0074380633

Pressure
23.499079     0.050897411 

CM Mom
-7.2007497e-17 2.2538286e-17 
-7.5461416e-17 2.7127613e-17 
-5.4760715e-17 1.6819004e-17 
1.21966e-16    2.3006446e-17 

CM Pos
7.5001525      0.014075086   
7.494998       0.021843947   
7.506447       0.012776996   
12.991335      0.0097258366  

Stress
20.4245      0.0212074    0.00116598    0.0607647    0.046913     0.0634726   
0.0212074    20.526       -0.0398619    0.046913     0.114331     0.0371915   
0.00116598   -0.0398619   20.5028       0.0634726    0.0371915    0.0629565   

Stress Spherical
0            0            0             0            0            0           
0            0            0             0            0            0           
0            0            0             0            0            0           

Inertia
150.023      -56.2227     -56.3154      0.257777     0.147944     0.128866    
-56.2227     150.112      -56.2603      0.147944     0.288305     0.18896     
-56.3154     -56.2603     149.925       0.128866     0.18896      0.347624    

Bond Length
0.62260032    0.0041406527

BB bond length
0.62260032    0.0041406527

Water EE distance
0             0           

PEG EE distance
6.2906034     0.68966629  

BBB P2(x)
0.52081047    0.019335422 

BBB first bond length
0.62269361    0.0044030173

BBB second bond length
0.6225076     0.0042713287

BBB <phi**2>/<phi>**2
1.2262638     0.013451144 

Time = 22000
Temperature
1.0140902     0.0055100476

Pressure
23.518092     0.075016013 

CM Mom
-5.369834e-17  1.604258e-17  
-7.2843614e-17 2.8191361e-17 
-5.905927e-17  1.2522552e-17 
1.1134984e-16  2.2087233e-17 

CM Pos
7.4936172      0.011237319   
7.5068803      0.012038227   
7.4972382      0.013930141   
12.989086      0.015464206   

Stress
20.4487      0.0625297    0.0063778     0.141284     0.0868113    0.0521589   
0.0625297    20.5237      0.0395777     0.0868113    0.0760578    0.0812727   
0.0063778    0.0395777    20.4786       0.0521589    0.0812727    0.116008    

Stress Spherical
0            0            0             0            0            0           
0            0            0             0            0            0           
0            0            0             0            0            0           

Inertia
150.065      -56.2251     -56.1929      0.282986     0.181949     0.169464    
-56.2251     149.884      -56.261       0.181949     0.312432     0.15199     
-56.1929     -56.261      149.999       0.169464     0.15199      0.238815    

Bond Length
0.61928728    0.0033916998

BB bond length
0.61928728    0.0033916998

Water EE distance
0             0           

PEG EE distance
6.1049517     0.34458308  

BBB P2(x)
0.52139997    0.01868214  

BBB first bond length
0.61886121    0.0035785639

BBB second bond length
0.61939662    0.0031875055

BBB <phi**2>/<phi>**2
1.222048      0.014363892 

Time = 23000
Temperature
1.0144246     0.0067565413

Pressure
23.489125     0.092236953 

CM Mom
-5.1941596e-17 1.6737572e-17 
-6.2301497e-17 1.2982444e-17 
-3.9303313e-17 2.2677616e-17 
9.4787802e-17  1.0118962e-17 

CM Pos
7.4995584      0.0070984077  
7.5009392      0.019450568   
7.4976838      0.013225804   
12.989347      0.014397611   

Stress
20.4254      -0.0113186   -0.0180341    0.132073     0.0605743    0.044963    
-0.0113186   20.4678      -0.0225       0.0605743    0.101472     0.0452073   
-0.0180341   -0.0225      20.4677       0.044963     0.0452073    0.134815    

Stress Spherical
0            0            0             0            0            0           
0            0            0             0            0            0           
0            0            0             0            0            0           

Inertia
150.002      -56.2557     -56.2342      0.363375     0.145529     0.0829289   
-56.2557     149.977      -56.2637      0.145529     0.195804     0.223359    
-56.2342     -56.2637     150.007       0.0829289    0.223359     0.306583    

Bond Length
0.62008212    0.0046602496

BB bond length
0.62008212    0.0046602496

Water EE distance
0             0           

PEG EE distance
6.3510964     0.40581777  

BBB P2(x)
0.49396382    0.026525151 

BBB first bond length
0.61963706    0.0044452415

BBB second bond length
0.62011043    0.0047677955

BBB <phi**2>/<phi>**2
1.2254504     0.021642561 

Time = 24000
Temperature
1.0113257     0.007906288 

Pressure
23.506282     0.10168168  

CM Mom
-8.0498315e-17 1.3867655e-17 
-8.7854202e-17 1.2433358e-17 
-3.0883884e-17 2.0051826e-17 
1.2570898e-16  9.9188365e-18 

CM Pos
7.5022319      0.0098568136  
7.5040583      0.0096943275  
7.4923367      0.01061233    
12.9896        0.0085689568  

Stress
20.4451      0.00112102   0.00514482    0.0780513    0.0621808    0.122353    
0.00112102   20.461       0.0334797     0.0621808    0.164491     0.0562065   
0.00514482   0.0334797    20.5342       0.122353     0.0562065    0.100652    

Stress Spherical
0            0            0             0            0            0           
0            0            0             0            0            0           
0            0            0             0            0            0           

Inertia
149.93       -56.2872     -56.214       0.259482     0.108599     0.141149    
-56.2872     149.923      -56.2346      0.108599     0.212369     0.0995919   
-56.214      -56.2346     150.077       0.141149     0.0995919    0.202217    

Bond Length
0.62084       0.0037276986

BB bond length
0.62084       0.0037276986

Water EE distance
0             0           

PEG EE distance
7.075984      0.16045252  

BBB P2(x)
0.51535433    0.021752464 

BBB first bond length
0.62076099    0.0038779424

BBB second bond length
0.62099202    0.0039432521

BBB <phi**2>/<phi>**2
1.2234275     0.020004727 

Time = 25000
Temperature
1.0127973     0.0045995179

Pressure
23.464683     0.089639209 

CM Mom
-9.0329571e-17 2.1129691e-17 
-8.8359074e-17 2.2408692e-17 
-9.5560092e-19 2.2259564e-17 
1.3076039e-16  1.7705737e-17 

CM Pos
7.5066878      0.011276514   
7.5007906      0.014953615   
7.4957529      0.018176523   
12.99227       0.011406463   

Stress
20.4541      0.0194962    -0.0105632    0.0967748    0.0517606    0.0302417   
0.0194962    20.3973      -0.0201855    0.0517606    0.0930473    0.0845338   
-0.0105632   -0.0201855   20.4509       0.0302417    0.0845338    0.113236    

Stress Spherical
0            0            0             0            0            0           
0            0            0             0            0            0           
0            0            0             0            0            0           

Inertia
149.955      -56.2941     -56.2793      0.26384      0.1507       0.183544    
-56.2941     150.058      -56.2557      0.1507       0.299708     0.138536    
-56.2793     -56.2557     150.118       0.183544     0.138536     0.295595    

Bond Length
0.61961153    0.0036487062

BB bond length
0.61961153    0.0036487062

Water EE distance
0             0           

PEG EE distance
7.2709789     0.4072075   

BBB P2(x)
0.50874354    0.021852326 

BBB first bond length
0.62005285    0.0040153806

BBB second bond length
0.61906759    0.0035617312

BBB <phi**2>/<phi>**2
1.2270341     0.0067778836

Time = 26000
Temperature
1.0057113     0.0048657408

Pressure
23.521616     0.091098316 

CM Mom
-9.4316189e-17 1.8015999e-17 
-9.6641292e-17 1.5723047e-17 
5.4043533e-18  1.8664369e-17 
1.3777164e-16  1.4262372e-17 

CM Pos
7.4995584      0.010464748   
7.49782        0.0077121032  
7.5011         0.016688272   
12.989514      0.0128455     

Stress
20.4837      0.00226607   -0.0154336    0.13954      0.0475967    0.0319296   
0.00226607   20.5325      -0.000176787  0.0475967    0.110768     0.0801318   
-0.0154336   -0.000176787 20.5205       0.0319296    0.0801318    0.092582    

Stress Spherical
0            0            0             0            0            0           
0            0            0             0            0            0           
0            0            0             0            0            0           

Inertia
149.994      -56.2224     -56.2549      0.294094     0.150543     0.190806    
-56.2224     150.025      -56.2475      0.150543     0.317756     0.179187    
-56.2549     -56.2475     149.979       0.190806     0.179187     0.203925    

Bond Length
0.62047533    0.0054217651

BB bond length
0.62047533    0.0054217651

Water EE distance
0             0           

PEG EE distance
7.1480801     0.17359215  

BBB P2(x)
0.51698253    0.020980743 

BBB first bond length
0.62083965    0.0059220992

BBB second bond length
0.62039037    0.0056811976

BBB <phi**2>/<phi>**2
1.2314625     0.016181635 

Time = 27000
Temperature
1.0079212     0.0068737336

Pressure
23.527947     0.084526873 

CM Mom
-9.9121127e-17 1.2963545e-17 
-1.1758838e-16 1.651775e-17  
2.3650917e-17  1.0453071e-17 
1.5653706e-16  1.6052895e-17 

CM Pos
7.500004       0.017617509   
7.494998       0.015240754   
7.5015455      0.0088882252  
12.988402      0.016459178   

Stress
20.4918      -0.0138352   -0.0181261    0.126009     0.07003      0.0647817   
-0.0138352   20.5072      0.0306582     0.07003      0.12461      0.0711899   
-0.0181261   0.0306582    20.5368       0.0647817    0.0711899    0.101646    

Stress Spherical
0            0            0             0            0            0           
0            0            0             0            0            0           
0            0            0             0            0            0           

Inertia
149.956      -56.213      -56.2602      0.203259     0.234394     0.1712      
-56.213      150.038      -56.1956      0.234394     0.272138     0.108561    
-56.2602     -56.1956     149.934       0.1712       0.108561     0.472835    

Bond Length
0.61817259    0.0046072996

BB bond length
0.61817259    0.0046072996

Water EE distance
0             0           

PEG EE distance
6.9884284     0.18340116  

BBB P2(x)
0.5281696     0.02473204  

BBB first bond length
0.61834273    0.0046207097

BBB second bond length
0.61847434    0.0047883255

BBB <phi**2>/<phi>**2
1.2296386     0.018673442 

Time = 28000
Temperature
1.0102789     0.0057041719

Pressure
23.482667     0.096347834 

CM Mom
-1.1345981e-16 1.9752998e-17 
-8.7458783e-17 1.2383004e-17 
4.5041728e-17  1.584254e-17  
1.5204961e-16  1.5044839e-17 

CM Pos
7.5001525      0.013268271   
7.5018303      0.018314965   
7.5028823      0.0085633441  
12.993203      0.015679774   

Stress
20.4639      0.00220564   -0.0461814    0.114536     0.0585511    0.0799292   
0.00220564   20.4593      0.00555445    0.0585511    0.16101      0.0820218   
-0.0461814   0.00555445   20.4556       0.0799292    0.0820218    0.0882734   

Stress Spherical
0            0            0             0            0            0           
