Time = 1000
Temperature
   1.0834314    0.22689481

Pressure
   23.543204    0.64390976

CM Mom
3.3740432e-17  1.9028221e-17 
-3.1881889e-17 2.8942128e-17 
-6.0031208e-18 8.3317486e-17 
8.7493021e-17  5.1743633e-17 

CM Pos
7.5053849      0.019236023   
7.4985632      0.027005955   
7.497898       0.011567512   
12.991487      0.015402737   

Stress
20.2959      0.0145931    -0.00513527   0.126573     0.0798306    0.0718945   
0.0145931    20.3047      0.0145001     0.0798306    0.149073     0.0682383   
-0.00513527  0.0145001    20.2878       0.0718945    0.0682383    0.148729    

Stress Spherical
0            0            0             0            0            0           
0            0            0             0            0            0           
0            0            0             0            0            0           

Inertia
149.837      -56.2809     -56.2618      0.829592     0.204609     0.179786    
-56.2809     149.927      -56.2014      0.204609     0.480041     0.243039    
-56.2618     -56.2014     149.936       0.179786     0.243039     0.730215    

Bond Length
0.57387042    0.017768611 

BB bond length
0.57387042    0.017768611 

Water EE distance
0             0           

PEG EE distance
2.2743049     0.24402539  

Time = 2000
Temperature
1.0109688     0.0072445407

Pressure
23.322149     0.08769215  

CM Mom
5.792424e-17   2.3625386e-17 
-2.5737301e-17 2.075815e-17  
1.7582752e-17  1.9212901e-17 
7.2555458e-17  2.0510491e-17 

CM Pos
7.504421       0.014561074   
7.4952859      0.013500382   
7.4996924      0.013949306   
12.990049      0.015442244   

Stress
20.2867      -0.000884991 -0.00359075   0.106185     0.07497      0.0817847   
-0.000884991 20.2901      0.0126891     0.07497      0.130407     0.0777584   
-0.00359075  0.0126891    20.3          0.0817847    0.0777584    0.123628    

Stress Spherical
0            0            0             0            0            0           
0            0            0             0            0            0           
0            0            0             0            0            0           

Inertia
149.879      -56.2592     -56.2942      0.324702     0.158083     0.187049    
-56.2592     150.008      -56.2056      0.158083     0.340094     0.179563    
-56.2942     -56.2056     149.929       0.187049     0.179563     0.319459    

Bond Length
0.56983642    0.0028926455

BB bond length
0.56983642    0.0028926455

Water EE distance
0             0           

PEG EE distance
2.2205761     0.070081324 

Time = 3000
Temperature
1.0120138     0.0064387551

Pressure
23.309484     0.082441053 

CM Mom
6.7464777e-17  1.61825e-17   
-1.1397855e-17 1.9161106e-17 
1.4044524e-17  1.8484275e-17 
7.4754878e-17  1.6157158e-17 

CM Pos
7.5047472      0.021906578   
7.4976586      0.013116019   
7.499989       0.012750396   
12.991788      0.01442343    

Stress
20.2703      0.00193268   0.00454546    0.113444     0.081413     0.0692658   
0.00193268   20.2791      -0.00338471   0.081413     0.121118     0.0738191   
0.00454546   -0.00338471  20.28         0.0692658    0.0738191    0.10232     

Stress Spherical
0            0            0             0            0            0           
0            0            0             0            0            0           
0            0            0             0            0            0           

Inertia
149.91       -56.2847     -56.2902      0.261025     0.167307     0.222659    
-56.2847     150.007      -56.2186      0.167307     0.405636     0.144197    
-56.2902     -56.2186     149.972       0.222659     0.144197     0.301626    

Bond Length
0.56986148    0.0033245311

BB bond length
0.56986148    0.0033245311

Water EE distance
0             0           

PEG EE distance
2.271285      0.080491541 

