Time = 500
Temperature
   1.0391161   0.038770857

Pressure
   22.762452    0.12284196

CM Mom
1.1731218e-17  1.1453784e-17 
3.5502109e-17  2.2788292e-17 
5.2182897e-17  1.1735761e-17 
6.8262276e-17  1.5797504e-17 

CM Pos
7.5281783      0.009171223   
7.4873331      0.025263126   
7.5054761      0.01036044    
13.002542      0.022894556   

Stress
19.6815      0.0516039    -0.00719602   0.114934     0.0604487    0.0193835   
0.0516039    19.5974      -0.0358148    0.0604487    0.0693072    0.0552589   
-0.00719602  -0.0358148   19.6666       0.0193835    0.0552589    0.0463669   

Stress Spherical
0            0            0             0            0            0           
0            0            0             0            0            0           
0            0            0             0            0            0           

Inertia
149.42       -56.4115     -56.4843      0.488779     0.343508     0.179218    
-56.4115     150.083      -56.116       0.343508     0.426542     0.242464    
-56.4843     -56.116      149.751       0.179218     0.242464     0.55191     

Bond Length
0.61332355    0.0035595091

BB bond length
0.61332355    0.0035595091

Water EE distance
0             0           

PEG EE distance
3.7100728     0.14643622  

Time = 1000
Temperature
1.0055603     0.0031049786

Pressure
22.563932     0.11740932  

CM Mom
3.6987309e-17  2.3841888e-17 
2.1037596e-17  2.4758307e-17 
6.7473985e-17  2.9797384e-17 
8.408227e-17   3.6916739e-17 

CM Pos
7.5332208      0.013044473   
7.4760616      0.016763541   
7.5066626      0.0097659151  
12.999669      0.0063402735  

Stress
19.5035      -0.00561122  0.0308933     0.0801876    0.0331019    0.0466253   
-0.00561122  19.5983      -0.0463973    0.0331019    0.179431     0.0499306   
0.0308933    -0.0463973   19.5498       0.0466253    0.0499306    0.101929    

Stress Spherical
0            0            0             0            0            0           
0            0            0             0            0            0           
0            0            0             0            0            0           

Inertia
149.364      -56.3181     -56.5184      0.254353     0.0291213    0.0671472   
-56.3181     150.182      -56.0473      0.0291213    0.310942     0.166756    
-56.5184     -56.0473     149.792       0.0671472    0.166756     0.103246    

Bond Length
0.61288747    0.0024154062

BB bond length
0.61288747    0.0024154062

Water EE distance
0             0           

PEG EE distance
3.7017127     0.10448568  

