Time = 500
Temperature
   1.0286978   0.034644383

Pressure
   23.119761    0.12057094

CM Mom
4.9927092e-17  8.0605876e-18 
6.353858e-18   1.692344e-17  
6.369232e-19   1.4738908e-17 
5.544697e-17   5.2665486e-18 

CM Pos
7.5011643      0.021430825   
7.495565       0.017185083   
7.4986419      0.03164101    
12.987766      0.016554056   

Stress
20.0119      -0.0284889   0.0217447     0.0742018    0.0583683    0.0634362   
-0.0284889   20.0073      0.0218061     0.0583683    0.0539093    0.0693215   
0.0217447    0.0218061    20.0954       0.0634362    0.0693215    0.180649    

Stress Spherical
0            0            0             0            0            0           
0            0            0             0            0            0           
0            0            0             0            0            0           

Inertia
149.577      -56.1443     -56.2579      1.08863      0.0972904    0.125643    
-56.1443     149.697      -56.1963      0.0972904    0.462257     0.322801    
-56.2579     -56.1963     149.627       0.125643     0.322801     0.307675    

Bond Length
0.62042518    0.0043808753

BB bond length
0.62042518    0.0043808753

Water EE distance
0             0           

PEG EE distance
3.540547      0.3287553   

Time = 1000
Temperature
1.0086012     0.0061393642

Pressure
23.094619     0.043724963 

CM Mom
5.8973048e-17  1.5139728e-17 
2.3737469e-17  1.5853691e-17 
-1.6612714e-17 7.5303225e-18 
6.8938208e-17  1.0101993e-17 

CM Pos
7.5076925      0.0085694535  
7.5017965      0.010219095   
7.5206004      0.0077037122  
13.007768      0.0062445409  

Stress
20.0758      -0.00210866  -0.0126613    0.105458     0.0495739    0.0771182   
-0.00210866  20.044       0.0483735     0.0495739    0.062349     0.0954326   
-0.0126613   0.0483735    20.1001       0.0771182    0.0954326    0.0904049   

Stress Spherical
0            0            0             0            0            0           
0            0            0             0            0            0           
0            0            0             0            0            0           

Inertia
150.16       -56.359      -56.4369      0.189466     0.0550974    0.126619    
-56.359      150.224      -56.3974      0.0550974    0.126399     0.117173    
-56.4369     -56.3974     149.954       0.126619     0.117173     0.173498    

Bond Length
0.6127336     0.0067171011

BB bond length
0.6127336     0.0067171011

Water EE distance
0             0           

PEG EE distance
3.7584242     0.15017881  

