Time = 1000
Temperature
   1.0715853   0.092839771

Pressure
   23.590468    0.48151703

CM Mom
-4.3102065e-18 2.026823e-17  
-2.0412342e-17 2.9256844e-17 
-9.8336238e-17 1.2373042e-16 
1.3736153e-16  8.839146e-17  

CM Pos
7.5018237      0.021272873   
7.4916433      0.046210994   
7.505657       0.016846097   
12.989959      0.028475553   

Stress
20.3522      -0.00975323  -0.0228227    0.240596     0.0842261    0.0531931   
-0.00975323  20.3947      -0.012292     0.0842261    0.193628     0.0566673   
-0.0228227   -0.012292    20.4032       0.0531931    0.0566673    0.266289    

Stress Spherical
0            0            0             0            0            0           
0            0            0             0            0            0           
0            0            0             0            0            0           

Inertia
150.026      -56.2189     -56.3277      0.605051     0.499703     0.0998416   
-56.2189     150.164      -56.2015      0.499703     0.846116     0.196245    
-56.3277     -56.2015     149.979       0.0998416    0.196245     0.428392    

Bond Length
0.61887858    0.0031557362

BB bond length
0.61887858    0.0031557362

Water EE distance
0             0           

PEG EE distance
6.81461       0.16516309  

BBB P2(x)
0.47201738    0.068351572 

BBB first bond length
0.61901719    0.0032429596

BBB second bond length
0.61873361    0.0031992904

BBB <phi**2>/<phi>**2
1.2114537     0.01798874  

Time = 2000
Temperature
1.0120033     0.0044746823

Pressure
23.305439     0.089032213 

CM Mom
1.2604318e-17  2.6569314e-17 
-4.7895336e-17 2.2761601e-17 
-2.2008061e-17 2.1903272e-17 
6.4558374e-17  2.1752595e-17 

CM Pos
7.4995962      0.011764361   
7.5047113      0.024894933   
7.4963015      0.011195769   
12.990751      0.021037734   

Stress
20.3186      0.00867615   -0.0528854    0.152993     0.0780258    0.0652346   
0.00867615   20.2569      0.0342771     0.0780258    0.0800376    0.0512755   
-0.0528854   0.0342771    20.2545       0.0652346    0.0512755    0.110769    

Stress Spherical
0            0            0             0            0            0           
0            0            0             0            0            0           
0            0            0             0            0            0           

Inertia
149.907      -56.2672     -56.1985      0.279684     0.239825     0.16044     
-56.2672     149.843      -56.2646      0.239825     0.261588     0.230758    
-56.1985     -56.2646     149.974       0.16044      0.230758     0.281397    

Bond Length
0.61985558    0.0031180015

BB bond length
0.61985558    0.0031180015

Water EE distance
0             0           

PEG EE distance
7.1941868     0.18334092  

BBB P2(x)
0.51792927    0.0070764729

BBB first bond length
0.6197502     0.0030315493

BBB second bond length
0.61972172    0.0034422816

BBB <phi**2>/<phi>**2
1.2278198     0.0089410885

