Time = 500
Temperature
   1.0310741   0.038513027

Pressure
   23.030758    0.21365277

CM Mom
4.8915256e-17  3.1541043e-17 
-2.7963104e-17 1.90321e-17   
2.0713329e-17  2.6756874e-17 
6.7007421e-17  3.4448128e-17 

CM Pos
7.5063343      0.038587826   
7.5028216      0.019058633   
7.5225372      0.010548742   
13.008721      0.033119297   

Stress
19.9325      -0.0287816   -0.0115838    0.111703     0.040708     0.0807168   
-0.0287816   19.9383      -0.0028106    0.040708     0.135227     0.0714507   
-0.0115838   -0.0028106   19.9546       0.0807168    0.0714507    0.107895    

Stress Spherical
0            0            0             0            0            0           
0            0            0             0            0            0           
0            0            0             0            0            0           

Inertia
150.058      -56.3021     -56.5266      0.353051     0.346485     0.405085    
-56.3021     150.129      -56.504       0.346485     0.672349     0.197713    
-56.5266     -56.504      149.774       0.405085     0.197713     0.673479    

Bond Length
0.60916124    0.0050576926

BB bond length
0.60916124    0.0050576926

Water EE distance
0             0           

PEG EE distance
4.074629      0.30646571  

Time = 1000
Temperature
1.0123162     0.0084062574

Pressure
22.877071     0.12777666  

CM Mom
5.2124263e-17  1.7737876e-17 
-2.7718791e-17 4.4471393e-17 
3.5970523e-17  2.134697e-17  
8.669919e-17   3.2294476e-18 

CM Pos
7.5184993      0.016573126   
7.4971841      0.0073520987  
7.5240207      0.01351237    
13.01333       0.015225351   

Stress
19.8158      -0.0300875   -0.0166517    0.137846     0.022949     0.0456911   
-0.0300875   19.787       0.0356032     0.022949     0.0952612    0.0740872   
-0.0166517   0.0356032    19.9302       0.0456911    0.0740872    0.101824    

Stress Spherical
0            0            0             0            0            0           
0            0            0             0            0            0           
0            0            0             0            0            0           

Inertia
150.055      -56.3673     -56.6226      0.209433     0.155359     0.172355    
-56.3673     150.415      -56.4477      0.155359     0.367061     0.120649    
-56.6226     -56.4477     149.924       0.172355     0.120649     0.268474    

Bond Length
0.61597208    0.003064548 

BB bond length
0.61597208    0.003064548 

Water EE distance
0             0           

PEG EE distance
3.53711       0.36327931  

