Time = 1000
Temperature
   1.0169982   0.033547579

Pressure
   23.706558    0.16428954

CM Mom
-4.4931326e-17 2.2763936e-17 
-5.7078776e-17 2.2669637e-17 
-3.3373996e-17 3.6699072e-17 
9.2081456e-17  1.7046138e-17 

CM Pos
7.4935131      0.018475251   
7.4937008      0.0089928828  
7.5067387      0.025034249   
12.986917      0.021542371   

Stress
20.6925      -0.00168385  -0.0428316    0.128731     0.0607039    0.0739111   
-0.00168385  20.6632      0.00641503    0.0607039    0.111835     0.0558435   
-0.0428316   0.00641503   20.6119       0.0739111    0.0558435    0.144492    

Stress Spherical
0            0            0             0            0            0           
0            0            0             0            0            0           
0            0            0             0            0            0           

Inertia
150.007      -56.1745     -56.2972      0.190915     0.15426      0.319062    
-56.1745     149.996      -56.2057      0.15426      0.516324     0.180377    
-56.2972     -56.2057     149.795       0.319062     0.180377     0.222588    

Bond Length
0.57019199    0.0072518108

BB bond length
0.57019199    0.0072518108

Water EE distance
0             0           

PEG EE distance
2.3792378     0.19296676  

Time = 2000
Temperature
1.008275      0.0058612796

Pressure
23.661345     0.075772269 

CM Mom
-3.3162622e-17 1.8436271e-17 
-6.2657856e-17 1.8584356e-17 
-2.0293043e-17 2.3125226e-17 
7.9920489e-17  1.6442015e-17 

CM Pos
7.5038845      0.01046516    
7.5051094      0.014109734   
7.5002196      0.016274318   
12.995714      0.015354251   

Stress
20.6555      0.0431578    -0.0124851    0.130967     0.0622314    0.0852658   
0.0431578    20.5998      0.0762869     0.0622314    0.100182     0.0453156   
-0.0124851   0.0762869    20.6551       0.0852658    0.0453156    0.100677    

Stress Spherical
0            0            0             0            0            0           
0            0            0             0            0            0           
0            0            0             0            0            0           

Inertia
150.053      -56.2769     -56.3038      0.244228     0.143211     0.200519    
-56.2769     150.047      -56.2875      0.143211     0.318332     0.137608    
-56.3038     -56.2875     150.113       0.200519     0.137608     0.276603    

Bond Length
0.56786663    0.0099889129

BB bond length
0.56786663    0.0099889129

Water EE distance
0             0           

PEG EE distance
2.2164856     0.1798425   

Time = 3000
Temperature
1.004283      0.0061298298

Pressure
23.731741     0.074503963 

CM Mom
-6.2649631e-17 1.5109997e-17 
-8.1757497e-17 1.8892654e-17 
-2.4442398e-17 1.7807457e-17 
1.0862619e-16  1.7589656e-17 

CM Pos
7.5004768      0.0095378172  
7.5008127      0.017301455   
7.5017012      0.012506378   
12.992124      0.010685121   

Stress
20.7563      0.0209489    -0.00650357   0.132211     0.0869024    0.0820241   
0.0209489    20.724       -0.0330307    0.0869024    0.0812202    0.0557148   
-0.00650357  -0.0330307   20.6773       0.0820241    0.0557148    0.0769324   

Stress Spherical
0            0            0             0            0            0           
0            0            0             0            0            0           
0            0            0             0            0            0           

Inertia
150.021      -56.2662     -56.2572      0.331466     0.130344     0.105326    
-56.2662     150.013      -56.2544      0.130344     0.175013     0.149228    
-56.2572     -56.2544     150.014       0.105326     0.149228     0.276862    

Bond Length
0.5659359     0.0052524213

BB bond length
0.5659359     0.0052524213

Water EE distance
0             0           

PEG EE distance
2.1489811     0.14258377  

