Time = 1000
Temperature
    1.136196    0.20088106

Pressure
    23.82905    0.92100837

CM Mom
-1.2069148e-16 1.1784979e-17 
3.3834859e-17  2.8991734e-17 
1.3469432e-16  2.9710601e-16 
2.5925066e-16  2.364197e-16  

CM Pos
7.4947864      0.014327251   
7.4929627      0.017724882   
7.5005498      0.014238736   
12.98364       0.019361075   

Stress
20.3807      0.0140052    0.0341034     0.366271     0.0766178    0.0721012   
0.0140052    20.423       -0.0329343    0.0766178    0.361156     0.091567    
0.0341034    -0.0329343   20.4668       0.0721012    0.091567     0.319977    

Stress Spherical
0            0            0             0            0            0           
0            0            0             0            0            0           
0            0            0             0            0            0           

Inertia
150.026      -56.1406     -56.2494      1.13856      0.211999     0.148037    
-56.1406     150.093      -56.159       0.211999     1.38403      0.273127    
-56.2494     -56.159      149.956       0.148037     0.273127     1.23211     

Bond Length
0.62019799    0.0075674166

BB bond length
0.62019799    0.0075674166

Water EE distance
0             0           

PEG EE distance
7.3538709     0.15372577  

BBB P2(x)
0.46618936    0.063300676 

BBB first bond length
0.62019489    0.0075918144

BBB second bond length
0.62026605    0.0075438042

BBB <phi**2>/<phi>**2
1.218917      0.013273253 

Time = 2000
Temperature
1.0121724     0.0049594731

Pressure
23.184844     0.10588672  

CM Mom
-1.2462572e-16 1.1899336e-17 
2.1337167e-17  1.3108063e-17 
-2.3472887e-17 4.1643577e-17 
1.3586301e-16  1.1254611e-17 

CM Pos
7.4962692      0.0084089246  
7.5048251      0.013885371   
7.4969911      0.02167577    
12.989298      0.014236906   

Stress
20.1675      -0.00237741  -0.00924656   0.111201     0.0830745    0.0657234   
-0.00237741  20.1123      0.0499632     0.0830745    0.142434     0.0697011   
-0.00924656  0.0499632    20.1733       0.0657234    0.0697011    0.0836384   

Stress Spherical
0            0            0             0            0            0           
0            0            0             0            0            0           
0            0            0             0            0            0           

Inertia
149.873      -56.2641     -56.1982      0.239409     0.119354     0.147067    
-56.2641     149.78       -56.274       0.119354     0.343487     0.247843    
-56.1982     -56.274      149.895       0.147067     0.247843     0.334208    

Bond Length
0.61824896    0.0020856715

BB bond length
0.61824896    0.0020856715

Water EE distance
0             0           

PEG EE distance
7.9353348     0.13988987  

BBB P2(x)
0.51081395    0.007956166 

BBB first bond length
0.61833447    0.0023451285

BBB second bond length
0.61815008    0.0021644651

BBB <phi**2>/<phi>**2
1.2280455     0.0075928179

