Time = 1000
Temperature
    1.024392    0.03571911

Pressure
    23.76036    0.17420093

CM Mom
9.0104183e-18  1.1995922e-17 
5.9060378e-17  2.0204952e-17 
-7.5728802e-18 3.8276992e-17 
7.107231e-17   2.4344639e-17 

CM Pos
7.4958144      0.01344613    
7.497911       0.013031588   
7.492369       0.012431555   
12.982362      0.016701729   

Stress
20.6791      -0.0255998   0.00236744    0.150844     0.0479019    0.0615775   
-0.0255998   20.7223      0.0123799     0.0479019    0.0819531    0.0567219   
0.00236744   0.0123799    20.661        0.0615775    0.0567219    0.139737    

Stress Spherical
0            0            0             0            0            0           
0            0            0             0            0            0           
0            0            0             0            0            0           

Inertia
149.896      -56.2148     -56.1767      0.245976     0.122689     0.159648    
-56.2148     149.833      -56.1642      0.122689     0.247309     0.140922    
-56.1767     -56.1642     149.897       0.159648     0.140922     0.298139    

Bond Length
0.6170421     0.011658055 

BB bond length
0.6170421     0.011658055 

Water EE distance
0             0           

PEG EE distance
7.2256384     0.79214233  

BBB P2(x)
0.50337354    0.041758684 

BBB first bond length
0.61718425    0.012649283 

BBB second bond length
0.61712566    0.012144479 

BBB <phi**2>/<phi>**2
1.2255448     0.038712352 

Time = 2000
Temperature
1.0108474     0.0079553162

Pressure
23.70426      0.084574535 

CM Mom
1.8126113e-17  1.1877384e-17 
8.0665807e-17  2.0099142e-17 
-7.3693192e-18 2.5184592e-17 
8.7974164e-17  1.8157454e-17 

CM Pos
7.4996666      0.0082706158  
7.4982073      0.01113096    
7.5058519      0.016397946   
12.992546      0.011789661   

Stress
20.6309      0.0168698    -0.019442     0.0717523    0.0718482    0.0505455   
0.0168698    20.7088      0.0164536     0.0718482    0.0866607    0.0889478   
-0.019442    0.0164536    20.6764       0.0505455    0.0889478    0.131041    

Stress Spherical
0            0            0             0            0            0           
0            0            0             0            0            0           
0            0            0             0            0            0           

Inertia
150.037      -56.2543     -56.2989      0.252018     0.101828     0.145937    
-56.2543     150.071      -56.2937      0.101828     0.263214     0.169995    
-56.2989     -56.2937     149.958       0.145937     0.169995     0.197796    

Bond Length
0.62141629    0.008164403 

BB bond length
0.62141629    0.008164403 

Water EE distance
0             0           

PEG EE distance
7.8757573     0.66484796  

BBB P2(x)
0.50580265    0.024351595 

BBB first bond length
0.62229588    0.0090407915

BBB second bond length
0.62045096    0.0082270433

BBB <phi**2>/<phi>**2
1.2198935     0.036906335 

