Time = 1000
Temperature
   1.1211867    0.16932319

Pressure
   23.751847    0.92149142

CM Mom
-4.2041913e-17 2.562602e-17  
-3.3137834e-17 2.6366894e-17 
-9.1742487e-17 1.8052608e-16 
1.7069255e-16  1.2683828e-16 

CM Pos
7.502665       0.027181171   
7.4961302      0.044058648   
7.5015886      0.010002354   
12.990702      0.015208913   

Stress
20.371       -0.012732    0.0804252     0.40525      0.0639049    0.0621149   
-0.012732    20.4292      -0.000371218  0.0639049    0.444549     0.111416    
0.0804252    -0.000371218 20.3806       0.0621149    0.111416     0.448643    

Stress Spherical
0            0            0             0            0            0           
0            0            0             0            0            0           
0            0            0             0            0            0           

Inertia
150.133      -56.2416     -56.2804      1.87295      0.202615     0.260325    
-56.2416     150.208      -56.2274      0.202615     0.859902     0.263277    
-56.2804     -56.2274     150.123       0.260325     0.263277     1.59333     

Bond Length
0.61819433    0.0045545966

BB bond length
0.61819433    0.0045545966

Water EE distance
0             0           

PEG EE distance
6.9007321     0.36007572  

BBB P2(x)
0.46985509    0.061972933 

BBB first bond length
0.6182985     0.004732427 

BBB second bond length
0.61820081    0.0045376578

BBB <phi**2>/<phi>**2
1.2229625     0.013907864 

Time = 2000
Temperature
1.0148021     0.0060606557

Pressure
23.171572     0.11895172  

CM Mom
-4.7705874e-17 1.7095642e-17 
-4.6041198e-17 2.8995864e-17 
4.2517456e-17  4.9594468e-17 
9.5803842e-17  2.4852217e-17 

CM Pos
7.5090455      0.013476705   
7.4968721      0.022424931   
7.4989177      0.015593595   
12.993204      0.014347004   

Stress
20.1467      -0.0518835   -0.0147948    0.148637     0.100783     0.0451286   
-0.0518835   20.1727      0.0430142     0.100783     0.174357     0.0627117   
-0.0147948   0.0430142    20.0765       0.0451286    0.0627117    0.147127    

Stress Spherical
0            0            0             0            0            0           
0            0            0             0            0            0           
0            0            0             0            0            0           

Inertia
149.826      -56.3146     -56.329       0.40789      0.276861     0.116971    
-56.3146     150.009      -56.192       0.276861     0.261937     0.137468    
-56.329      -56.192      149.968       0.116971     0.137468     0.794837    

Bond Length
0.61825813    0.0015206073

BB bond length
0.61825813    0.0015206073

Water EE distance
0             0           

PEG EE distance
7.5597513     0.083299846 

BBB P2(x)
0.51185324    0.0073228023

BBB first bond length
0.61821806    0.0016762851

BBB second bond length
0.61818163    0.0017833413

BBB <phi**2>/<phi>**2
1.2275003     0.0080649267

