Time = 500
Temperature
   1.0380224   0.038765706

Pressure
   22.780501    0.14461302

CM Mom
1.7406997e-17  1.3326296e-17 
-2.6798279e-17 1.1209353e-17 
4.0129902e-17  2.1910989e-17 
5.4676875e-17  2.0623553e-17 

CM Pos
7.5136816      0.0020119638  
7.5132464      0.022696956   
7.4919528      0.027596226   
13.001316      0.026338854   

Stress
19.6911      0.00749157   -0.00210159   0.0590645    0.0329607    0.0429337   
0.00749157   19.675       0.0476098     0.0329607    0.143351     0.0588206   
-0.00210159  0.0476098    19.6443       0.0429337    0.0588206    0.0481288   

Stress Spherical
0            0            0             0            0            0           
0            0            0             0            0            0           
0            0            0             0            0            0           

Inertia
149.657      -56.431      -56.2701      0.471652     0.233293     0.174707    
-56.431      149.723      -56.2465      0.233293     0.268979     0.401006    
-56.2701     -56.2465     150.082       0.174707     0.401006     0.268553    

Bond Length
0.61441379    0.0013819917

BB bond length
0.61441379    0.0013819917

Water EE distance
0             0           

PEG EE distance
3.713762      0.15578794  

Time = 1000
Temperature
1.0099033     0.0053562046

Pressure
22.699216     0.099595976 

CM Mom
4.6453606e-17  1.8082755e-17 
4.7453169e-18  2.2497099e-17 
6.0534216e-17  3.1623505e-17 
8.04641e-17    3.4691889e-17 

CM Pos
7.5032989      0.0038220406  
7.519476       0.01792205    
7.5041154      0.019247853   
13.005933      0.013412951   

Stress
19.7073      -0.000658781 -0.0005373    0.144596     0.0720254    0.0656428   
-0.000658781 19.715       0.0382252     0.0720254    0.1139       0.0203898   
-0.0005373   0.0382252    19.597        0.0656428    0.0203898    0.11279     

Stress Spherical
0            0            0             0            0            0           
0            0            0             0            0            0           
0            0            0             0            0            0           

Inertia
149.957      -56.3379     -56.2607      0.403224     0.124606     0.160249    
-56.3379     149.795      -56.4413      0.124606     0.320224     0.236752    
-56.2607     -56.4413     150.039       0.160249     0.236752     0.232204    

Bond Length
0.61201824    0.0040551788

BB bond length
0.61201824    0.0040551788

Water EE distance
0             0           

PEG EE distance
4.2742829     0.099678966 

