Time = 500
Temperature
   1.0326538   0.042557691

Pressure
   22.901673     0.1099279

CM Mom
4.2489746e-19  1.0510851e-17 
8.9546865e-18  1.5793444e-17 
-6.1453128e-17 2.042449e-17  
6.5409402e-17  1.8855626e-17 

CM Pos
7.5014077      0.01472667    
7.4926471      0.029542854   
7.5238751      0.016677377   
13.000789      0.020321642   

Stress
19.7732      -0.0233357   0.0226345     0.162016     0.0495855    0.0461361   
-0.0233357   19.7534      0.0169292     0.0495855    0.116415     0.0692731   
0.0226345    0.0169292    19.8965       0.0461361    0.0692731    0.105186    

Stress Spherical
0            0            0             0            0            0           
0            0            0             0            0            0           
0            0            0             0            0            0           

Inertia
149.885      -56.1787     -56.4605      0.644289     0.187925     0.115117    
-56.1787     149.927      -56.3487      0.187925     0.346435     0.338364    
-56.4605     -56.3487     149.58        0.115117     0.338364     0.340246    

Bond Length
0.61512333    0.0043512033

BB bond length
0.61512333    0.0043512033

Water EE distance
0             0           

PEG EE distance
3.9401145     0.1717095   

Time = 1000
Temperature
1.0126849     0.006757003 

Pressure
22.800486     0.081386223 

CM Mom
3.2959746e-18  1.6833528e-17 
-8.619819e-18  1.6335779e-17 
-1.8571423e-17 3.1627603e-17 
4.1307242e-17  1.6562151e-17 

CM Pos
7.4963641      0.022660391   
7.4902737      0.015127629   
7.5042944      0.0136084     
12.98517       0.019807433   

Stress
19.7259      0.00885512   -0.00165347   0.0692816    0.0483424    0.0732743   
0.00885512   19.7364      0.0127138     0.0483424    0.121438     0.0883439   
-0.00165347  0.0127138    19.8367       0.0732743    0.0883439    0.137777    

Stress Spherical
0            0            0             0            0            0           
0            0            0             0            0            0           
0            0            0             0            0            0           

Inertia
149.638      -56.1537     -56.3029      0.285904     0.223638     0.305657    
-56.1537     149.756      -56.2391      0.223638     0.474305     0.12418     
-56.3029     -56.2391     149.506       0.305657     0.12418      0.385628    

Bond Length
0.61366653    0.0049366263

BB bond length
0.61366653    0.0049366263

Water EE distance
0             0           

PEG EE distance
3.7434679     0.27721724  

