Time = 1000
Temperature
   1.0948341     0.1299632

Pressure
   23.750342    0.69282762

CM Mom
-3.0685529e-17 2.9070089e-17 
4.8252359e-17  1.9179647e-17 
1.0441112e-17  1.3778878e-16 
1.4378073e-16  5.3895152e-17 

CM Pos
7.5040344      0.011193286   
7.4982732      0.036485347   
7.4967062      0.03367131    
12.989904      0.014784855   

Stress
20.504       0.0147586    -0.0147995    0.295854     0.0513887    0.0471989   
0.0147586    20.4447      -0.0462691    0.0513887    0.355485     0.0696054   
-0.0147995   -0.0462691   20.4527       0.0471989    0.0696054    0.328486    

Stress Spherical
0            0            0             0            0            0           
0            0            0             0            0            0           
0            0            0             0            0            0           

Inertia
150.004      -56.2256     -56.2547      1.16978      0.353773     0.265059    
-56.2256     150.124      -56.2191      0.353773     1.59677      0.189652    
-56.2547     -56.2191     150.116       0.265059     0.189652     0.704407    

Bond Length
0.61902297    0.0056743168

BB bond length
0.61902297    0.0056743168

Water EE distance
0             0           

PEG EE distance
6.9818926     0.28686043  

BBB P2(x)
0.47415701    0.068822341 

BBB first bond length
0.61901107    0.0059200279

BBB second bond length
0.61865415    0.005796722 

BBB <phi**2>/<phi>**2
1.2151177     0.017397851 

Time = 2000
Temperature
1.0143182     0.0097826264

Pressure
23.362841     0.062728126 

CM Mom
-5.90543e-17   2.4523141e-17 
7.4190837e-17  3.4451057e-17 
-1.1871384e-16 4.4619264e-17 
1.5860476e-16  4.1331997e-17 

CM Pos
7.4986989      0.011613203   
7.5104262      0.015978854   
7.4916671      0.016527539   
12.990855      0.020142278   

Stress
20.3311      0.0182769    -0.019222     0.113195     0.0285561    0.0610885   
0.0182769    20.2675      0.0228845     0.0285561    0.11572      0.0720928   
-0.019222    0.0228845    20.3646       0.0610885    0.0720928    0.0627367   

Stress Spherical
0            0            0             0            0            0           
0            0            0             0            0            0           
0            0            0             0            0            0           

Inertia
149.897      -56.2895     -56.189       0.554068     0.177326     0.200709    
-56.2895     149.73       -56.2717      0.177326     0.579523     0.214658    
-56.189      -56.2717     149.999       0.200709     0.214658     0.490782    

Bond Length
0.61875336    0.0033949601

BB bond length
0.61875336    0.0033949601

Water EE distance
0             0           

PEG EE distance
7.1648277     0.10301167  

BBB P2(x)
0.51097458    0.0042111967

BBB first bond length
0.61870345    0.0037023191

BBB second bond length
0.61885886    0.0031951331

BBB <phi**2>/<phi>**2
1.2224342     0.0076196177

Time = 3000
Temperature
1.0131039     0.0079649329

Pressure
23.343311     0.072602572 

CM Mom
-7.4709917e-17 1.5187095e-17 
5.2131723e-17  1.3931465e-17 
-1.2255371e-16 2.5880129e-17 
1.5507555e-16  1.9099501e-17 

CM Pos
7.5006256      0.016222372   
7.4972358      0.013470513   
7.4949277      0.014656736   
12.986233      0.016587797   

Stress
20.2864      -0.0356738   0.0390134     0.111098     0.0412164    0.0818848   
-0.0356738   20.2636      -0.0326817    0.0412164    0.110837     0.0577322   
0.0390134    -0.0326817   20.3655       0.0818848    0.0577322    0.0945302   

Stress Spherical
0            0            0             0            0            0           
0            0            0             0            0            0           
0            0            0             0            0            0           

Inertia
149.842      -56.2435     -56.2142      0.265364     0.173154     0.22477     
-56.2435     149.902      -56.1915      0.173154     0.335426     0.129262    
-56.2142     -56.1915     149.917       0.22477      0.129262     0.238518    

Bond Length
0.61871893    0.0030056629

BB bond length
0.61871893    0.0030056629

Water EE distance
0             0           

PEG EE distance
7.2678402     0.14569744  

BBB P2(x)
0.5190973     0.0089888323

BBB first bond length
0.61866407    0.0030149967

BBB second bond length
0.61872879    0.0030681603

BBB <phi**2>/<phi>**2
1.2325043     0.010748642 

Time = 4000
Temperature
1.003396      0.0053852163

Pressure
23.254838     0.04374251  

CM Mom
-6.5328305e-17 1.4705697e-17 
5.7886048e-17  1.9747823e-17 
-1.2330111e-16 1.1812468e-17 
1.5285322e-16  1.4262165e-17 

CM Pos
7.4967723      0.011519198   
7.5050907      0.013615671   
7.5053021      0.013823801   
12.994531      0.014325967   

Stress
20.2279      0.026668     -0.00713936   0.0713932    0.0468509    0.0516226   
0.026668     20.2634      0.00808259    0.0468509    0.0860897    0.0582931   
-0.00713936  0.00808259   20.2462       0.0516226    0.0582931    0.0797396   

Stress Spherical
0            0            0             0            0            0           
0            0            0             0            0            0           
0            0            0             0            0            0           

Inertia
150.123      -56.2621     -56.2905      0.244013     0.153099     0.145312    
-56.2621     150.004      -56.3386      0.153099     0.292776     0.179375    
-56.2905     -56.3386     149.996       0.145312     0.179375     0.320942    

Bond Length
0.61831796    0.0021187551

BB bond length
0.61831796    0.0021187551

Water EE distance
0             0           

PEG EE distance
7.2152452     0.11128854  

BBB P2(x)
0.52191269    0.016016125 

BBB first bond length
0.61841386    0.0021986007

BBB second bond length
0.6183676     0.0018617333

BBB <phi**2>/<phi>**2
1.2244644     0.00655146  

Time = 5000
Temperature
1.0103212     0.0072794673

Pressure
23.239524     0.069133714 

CM Mom
-5.3329044e-17 1.2223798e-17 
3.8123946e-17  3.0443995e-17 
-1.0120734e-16 2.0151208e-17 
1.2469653e-16  2.175895e-17  

CM Pos
7.4992918      0.0099021597  
7.5028676      0.012527631   
7.4944831      0.014552207   
12.988452      0.016252722   

Stress
20.2068      0.0120787    0.0303222     0.124941     0.0745639    0.0713436   
0.0120787    20.2175      0.0177687     0.0745639    0.125824     0.0463903   
0.0303222    0.0177687    20.205        0.0713436    0.0463903    0.126884    

Stress Spherical
0            0            0             0            0            0           
0            0            0             0            0            0           
0            0            0             0            0            0           

Inertia
149.945      -56.2761     -56.2168      0.339882     0.139811     0.198707    
-56.2761     149.905      -56.1952      0.139811     0.277861     0.18993     
-56.2168     -56.1952     150.001       0.198707     0.18993      0.271726    

Bond Length
0.61803319    0.0019873256

BB bond length
0.61803319    0.0019873256

Water EE distance
0             0           

PEG EE distance
7.2331513     0.19486157  

BBB P2(x)
0.51642597    0.010864689 

BBB first bond length
0.61805042    0.0021441859

BBB second bond length
0.61822818    0.0021080269

BBB <phi**2>/<phi>**2
1.2271968     0.011879515 

Time = 6000
Temperature
1.0105748     0.0083719435

Pressure
23.358179     0.12517824  

CM Mom
-6.8346974e-17 1.6074938e-17 
2.5489277e-17  2.7920923e-17 
-1.184937e-16  3.4242531e-17 
1.4392033e-16  2.9312795e-17 

CM Pos
7.5075914      0.011594274   
7.5009409      0.012693971   
7.4983364      0.016504265   
12.994367      0.0099545176  

Stress
20.3096      0.0103505    0.0534663     0.115639     0.0724582    0.0398062   
0.0103505    20.357       0.0536434     0.0724582    0.140575     0.0795861   
0.0534663    0.0536434    20.3164       0.0398062    0.0795861    0.142517    

Stress Spherical
0            0            0             0            0            0           
0            0            0             0            0            0           
0            0            0             0            0            0           

Inertia
149.97       -56.3269     -56.3098      0.182702     0.141636     0.207412    
-56.3269     150.081      -56.2528      0.141636     0.256885     0.0987767   
-56.3098     -56.2528     150.1         0.207412     0.0987767    0.262007    

Bond Length
0.61925065    0.0011357471

BB bond length
0.61925065    0.0011357471

Water EE distance
0             0           

PEG EE distance
7.1941729     0.18461249  

BBB P2(x)
0.51005376    0.0086584999

BBB first bond length
0.61939327    0.0013911546

BBB second bond length
0.61913496    0.0012378213

BBB <phi**2>/<phi>**2
1.2207782     0.006584145 

Time = 7000
Temperature
1.0097003     0.0066820812

Pressure
23.306424     0.094406516 

CM Mom
-7.199255e-17  1.019115e-17  
1.3985837e-17  2.012018e-17  
-1.0163707e-16 1.4150222e-17 
1.2717224e-16  1.5644699e-17 

CM Pos
7.5056647      0.00789957    
7.5025712      0.013567997   
7.5001149      0.016560068   
12.995216      0.01384758    

Stress
20.3255      -0.0475249   -0.00312076   0.0712262    0.0583657    0.0606033   
-0.0475249   20.2578      0.0206361     0.0583657    0.160057     0.110055    
-0.00312076  0.0206361    20.2522       0.0606033    0.110055     0.105194    

Stress Spherical
0            0            0             0            0            0           
0            0            0             0            0            0           
0            0            0             0            0            0           

Inertia
150.005      -56.3281     -56.3336      0.24004      0.0965426    0.14133     
-56.3281     150.069      -56.2936      0.0965426    0.355315     0.172469    
-56.3336     -56.2936     150.101       0.14133      0.172469     0.220439    

Bond Length
0.61908282    0.00097243918

BB bond length
0.61908282    0.00097243918

Water EE distance
0             0           

PEG EE distance
7.0953366     0.13223296  

BBB P2(x)
0.51888399    0.0090033569

BBB first bond length
0.61880083    0.0012316078

BBB second bond length
0.61898669    0.0012091508

BBB <phi**2>/<phi>**2
1.2267153     0.0098222094

Time = 8000
Temperature
1.0062148     0.007006468 

Pressure
23.277703     0.066374804 

CM Mom
-7.5752071e-17 1.4353269e-17 
7.1054932e-18  1.162561e-17  
-1.078768e-16  7.8489214e-18 
1.3316533e-16  9.8000049e-18 

CM Pos
7.5007738      0.01217101    
7.5030158      0.0073567871  
7.4981882      0.019023645   
12.99154       0.011239192   

Stress
20.272       -0.0340121   0.0272528     0.126217     0.0665474    0.0964473   
-0.0340121   20.2384      0.0131887     0.0665474    0.131891     0.0550397   
0.0272528    0.0131887    20.2703       0.0964473    0.0550397    0.0963637   

Stress Spherical
0            0            0             0            0            0           
0            0            0             0            0            0           
0            0            0             0            0            0           

Inertia
149.987      -56.2958     -56.2653      0.322478     0.121352     0.179133    
-56.2958     149.971      -56.2712      0.121352     0.32997      0.129243    
-56.2653     -56.2712     150.018       0.179133     0.129243     0.188892    

Bond Length
0.6171208     0.0036238353

BB bond length
0.6171208     0.0036238353

Water EE distance
0             0           

PEG EE distance
7.041977      0.086844446 

BBB P2(x)
0.50947368    0.012888694 

BBB first bond length
0.61700725    0.0036376792

BBB second bond length
0.617069      0.0034596511

BBB <phi**2>/<phi>**2
1.2275343     0.0083366933

Time = 9000
Temperature
1.0093198     0.0078283294

Pressure
23.309859     0.090299057 

CM Mom
-7.6656301e-17 9.9221452e-18 
-1.1895874e-17 2.1257963e-17 
-1.0285304e-16 2.3302905e-17 
1.3138906e-16  2.0657641e-17 

CM Pos
7.4981061      0.015087995   
7.5006445      0.0098085518  
7.5033755      0.011229531   
12.991619      0.014161013   

Stress
20.3178      -0.0193611   -0.0128439    0.0727835    0.0715131    0.070838    
-0.0193611   20.2756      0.0233021     0.0715131    0.125988     0.0790086   
-0.0128439   0.0233021    20.2558       0.070838     0.0790086    0.162246    

Stress Spherical
0            0            0             0            0            0           
0            0            0             0            0            0           
0            0            0             0            0            0           

Inertia
150.047      -56.2774     -56.24        0.232439     0.1248       0.169565    
-56.2774     150.023      -56.2653      0.1248       0.273938     0.161169    
-56.24       -56.2653     149.967       0.169565     0.161169     0.195637    

Bond Length
0.61923296    0.0025277013

BB bond length
0.61923296    0.0025277013

Water EE distance
0             0           

PEG EE distance
7.3065518     0.11559788  

BBB P2(x)
0.50724394    0.011564984 

BBB first bond length
0.61907325    0.0028030628

BBB second bond length
0.61927256    0.0025585394

BBB <phi**2>/<phi>**2
1.2217362     0.0098638333

Time = 10000
Temperature
1.0088041     0.0053983766

Pressure
23.273807     0.042220323 

CM Mom
-5.2495636e-17 8.9476229e-18 
1.7362798e-17  1.5839237e-17 
-1.1099022e-16 1.8362122e-17 
1.2556249e-16  1.6681049e-17 

CM Pos
7.4982543      0.014968877   
7.5101298      0.012735432   
7.4961133      0.013466436   
12.992995      0.015190434   

Stress
20.2655      -0.032937    0.011981      0.0728818    0.0725686    0.0974856   
-0.032937    20.2397      0.0286992     0.0725686    0.0954404    0.02718     
0.011981     0.0286992    20.2405       0.0974856    0.02718      0.096422    

Stress Spherical
0            0            0             0            0            0           
0            0            0             0            0            0           
0            0            0             0            0            0           

Inertia
150.084      -56.2976     -56.1979      0.34834      0.172168     0.173076    
-56.2976     149.91       -56.2931      0.172168     0.313622     0.193548    
-56.1979     -56.2931     150.122       0.173076     0.193548     0.302027    

Bond Length
0.61879212    0.0016188777

BB bond length
0.61879212    0.0016188777

Water EE distance
0             0           

PEG EE distance
7.105729      0.17124843  

BBB P2(x)
0.50967235    0.010633789 

BBB first bond length
0.61888713    0.0016256758

BBB second bond length
0.61862804    0.0016483949

BBB <phi**2>/<phi>**2
1.2248375     0.0082401693

Time = 11000
Temperature
1.0101298     0.0092618375

Pressure
23.300957     0.062655411 

CM Mom
-5.2805798e-17 1.8752722e-17 
2.7299656e-17  7.8747769e-18 
-1.1307415e-16 1.2520702e-17 
1.2938821e-16  1.2191044e-17 

CM Pos
7.5041826      0.018899115   
7.4982732      0.013969218   
7.4952241      0.011066982   
12.989062      0.013125636   

Stress
20.2572      0.0180984    -0.025865     0.096532     0.0530807    0.0734268   
0.0180984    20.2852      0.012583      0.0530807    0.0955543    0.0753957   
-0.025865    0.012583     20.2728       0.0734268    0.0753957    0.11986     

Stress Spherical
0            0            0             0            0            0           
0            0            0             0            0            0           
0            0            0             0            0            0           

Inertia
149.882      -56.2728     -56.1931      0.357859     0.149635     0.196639    
-56.2728     149.995      -56.194       0.149635     0.315747     0.187071    
-56.1931     -56.194      150.018       0.196639     0.187071     0.213051    

Bond Length
0.61778017    0.0017416309

BB bond length
0.61778017    0.0017416309

Water EE distance
0             0           

PEG EE distance
7.4258112     0.11475559  

BBB P2(x)
0.51232408    0.011846414 

BBB first bond length
0.61779825    0.0019533068

BBB second bond length
0.61786602    0.0019267036

BBB <phi**2>/<phi>**2
1.2258452     0.0082537081

Time = 12000
Temperature
1.0120847     0.0078305142

Pressure
23.309276     0.071059536 

CM Mom
-5.7571772e-17 1.9921989e-17 
1.0096053e-17  2.373885e-17  
-1.4829447e-16 2.179358e-17  
1.6190449e-16  2.509989e-17  

CM Pos
7.4995882      0.018537098   
7.4967912      0.015937562   
7.4946313      0.01393143    
12.985213      0.015628516   

Stress
20.3057      -0.0166317   -0.059202     0.0996379    0.085753     0.056823    
-0.0166317   20.2408      -0.0494308    0.085753     0.112319     0.0521194   
-0.059202    -0.0494308   20.2762       0.056823     0.0521194    0.124077    

Stress Spherical
0            0            0             0            0            0           
0            0            0             0            0            0           
0            0            0             0            0            0           

Inertia
149.872      -56.1944     -56.2405      0.347        0.159042     0.142426    
-56.1944     149.929      -56.1842      0.159042     0.26126      0.181426    
-56.2405     -56.1842     149.942       0.142426     0.181426     0.396362    

Bond Length
0.61872609    0.0017315117

BB bond length
0.61872609    0.0017315117

Water EE distance
0             0           

PEG EE distance
7.2798721     0.20439294  

BBB P2(x)
0.50368092    0.010590957 

BBB first bond length
0.61874467    0.0017789075

BBB second bond length
0.61874284    0.0018452827

BBB <phi**2>/<phi>**2
1.225991      0.0094242973

Time = 13000
Temperature
1.0110115     0.0086896155

Pressure
23.273824     0.050298561 

CM Mom
-8.0423433e-17 1.6180121e-17 
1.9341558e-17  7.1403645e-18 
-1.7665227e-16 3.3820916e-17 
1.9577463e-16  3.430714e-17  

CM Pos
7.5021077      0.012023026   
7.4982732      0.012787069   
7.4955205      0.014659733   
12.988028      0.013727034   

Stress
20.271       -0.0221614   0.0130954     0.119018     0.0665274    0.0581044   
-0.0221614   20.2776      0.0296644     0.0665274    0.0656043    0.0879695   
0.0130954    0.0296644    20.1773       0.0581044    0.0879695    0.125001    

Stress Spherical
0            0            0             0            0            0           
0            0            0             0            0            0           
0            0            0             0            0            0           

Inertia
149.912      -56.261      -56.2211      0.294149     0.160946     0.144903    
-56.261      149.961      -56.2342      0.160946     0.289247     0.147436    
-56.2211     -56.2342     150.014       0.144903     0.147436     0.270516    

Bond Length
0.61913352    0.0016130413

BB bond length
0.61913352    0.0016130413

Water EE distance
0             0           

PEG EE distance
6.8878655     0.12415681  

BBB P2(x)
0.51082294    0.010424893 

BBB first bond length
0.61940535    0.0015278895

BBB second bond length
0.61886655    0.0017613239

BBB <phi**2>/<phi>**2
1.2254427     0.0093702991

Time = 14000
Temperature
1.0094308     0.0081760992

Pressure
23.324374     0.048866276 

CM Mom
-6.7204912e-17 1.7699889e-17 
-2.1869068e-18 1.6632919e-17 
-1.8516734e-16 1.6239904e-17 
1.9858856e-16  1.4982893e-17 

CM Pos
7.494401       0.011099682   
7.4999035      0.011842633   
7.5027826      0.0093745863  
12.988708      0.012507056   

Stress
20.3135      -0.0345982   -0.00760952   0.0990812    0.0620332    0.0796895   
-0.0345982   20.2904      0.0494083     0.0620332    0.108924     0.0849466   
-0.00760952  0.0494083    20.2879       0.0796895    0.0849466    0.129745    

Stress Spherical
0            0            0             0            0            0           
0            0            0             0            0            0           
0            0            0             0            0            0           

Inertia
150.039      -56.2042     -56.2191      0.243168     0.126128     0.110066    
-56.2042     149.979      -56.2439      0.126128     0.223458     0.13475     
-56.2191     -56.2439     149.905       0.110066     0.13475      0.259989    

Bond Length
0.61834903    0.0019143428

BB bond length
0.61834903    0.0019143428

Water EE distance
0             0           

PEG EE distance
6.9775803     0.12820739  

BBB P2(x)
0.51676674    0.0091991159

BBB first bond length
0.61824259    0.0019395151

BBB second bond length
0.61830026    0.0018443268

BBB <phi**2>/<phi>**2
1.2278774     0.0094711538

Time = 15000
Temperature
1.0073946     0.0090606951

Pressure
23.2593       0.1349441   

CM Mom
-7.1571458e-17 1.6327095e-17 
9.8920202e-18  2.1138756e-17 
-1.9230053e-16 2.1452817e-17 
2.0703258e-16  2.2604818e-17 

CM Pos
7.4979579      0.011561073   
7.5053871      0.013962927   
7.5021898      0.013444398   
12.993587      0.015979318   

Stress
20.246       0.030051     -0.00278915   0.146979     0.0611743    0.0594015   
0.030051     20.26        0.0486745     0.0611743    0.18314      0.0682306   
-0.00278915  0.0486745    20.209        0.0594015    0.0682306    0.131093    

Stress Spherical
0            0            0             0            0            0           
0            0            0             0            0            0           
0            0            0             0            0            0           

Inertia
150.097      -56.2804     -56.2695      0.339429     0.159546     0.153548    
-56.2804     150.015      -56.3046      0.159546     0.334726     0.189588    
-56.2695     -56.3046     150.042       0.153548     0.189588     0.260354    

Bond Length
0.6192207     0.0024524381

BB bond length
0.6192207     0.0024524381

Water EE distance
0             0           

PEG EE distance
7.0352271     0.14923762  

BBB P2(x)
0.50726286    0.013454754 

BBB first bond length
0.61923666    0.002702117 

BBB second bond length
0.61936497    0.0025456982

BBB <phi**2>/<phi>**2
1.2284642     0.0069788694

Time = 16000
Temperature
1.0114224     0.0026011271

Pressure
23.295683     0.077493113 

CM Mom
-7.6174946e-17 1.4130412e-17 
3.1915501e-17  1.7475047e-17 
-2.1649102e-16 1.4063454e-17 
2.3297241e-16  1.0782605e-17 

CM Pos
7.5024041      0.010079145   
7.5003481      0.015945829   
7.5078217      0.010096564   
12.996499      0.012323738   

Stress
20.2737      -0.0214818   0.0364805     0.0813439    0.0466392    0.0782785   
-0.0214818   20.2479      -0.0328128    0.0466392    0.0923477    0.0581167   
0.0364805    -0.0328128   20.2663       0.0782785    0.0581167    0.143852    

Stress Spherical
0            0            0             0            0            0           
0            0            0             0            0            0           
0            0            0             0            0            0           

Inertia
150.122      -56.2873     -56.3399      0.259107     0.13747      0.109462    
-56.2873     150.163      -56.2973      0.13747      0.183254     0.149474    
-56.3399     -56.2973     150.029       0.109462     0.149474     0.312449    

Bond Length
0.61805736    0.0022908477

BB bond length
0.61805736    0.0022908477

Water EE distance
0             0           

PEG EE distance
6.8678233     0.15403254  

BBB P2(x)
0.50982171    0.010223776 

BBB first bond length
0.61820878    0.0022598285

BBB second bond length
0.61794461    0.0023269755

BBB <phi**2>/<phi>**2
1.2254493     0.0073024096

Time = 17000
Temperature
1.008961      0.010052626 

Pressure
23.288671     0.057340829 

CM Mom
-9.4344413e-17 1.7522676e-17 
4.0614571e-17  1.7175953e-17 
-2.1243176e-16 2.0978537e-17 
2.3708815e-16  2.256163e-17  

CM Pos
7.503738       0.01502965    
7.4970876      0.015404944   
7.5033755      0.013982577   
12.992823      0.01615736    

Stress
20.3103      -0.0129262   -0.0322978    0.166591     0.0634838    0.0448519   
-0.0129262   20.2465      0.0383692     0.0634838    0.0814813    0.0825967   
-0.0322978   0.0383692    20.2322       0.0448519    0.0825967    0.103641    

Stress Spherical
0            0            0             0            0            0           
0            0            0             0            0            0           
0            0            0             0            0            0           

Inertia
150.007      -56.2432     -56.3407      0.343064     0.214298     0.178772    
-56.2432     150.118      -56.2624      0.214298     0.270095     0.179674    
-56.3407     -56.2624     149.998       0.178772     0.179674     0.310845    

Bond Length
0.61862426    0.0020449251

BB bond length
0.61862426    0.0020449251

Water EE distance
0             0           

PEG EE distance
6.8063367     0.14482877  

BBB P2(x)
0.504064      0.0052808421

BBB first bond length
0.61866539    0.0022325438

BBB second bond length
0.61873681    0.0020406789

BBB <phi**2>/<phi>**2
1.2267673     0.0073668905

Time = 18000
Temperature
1.0043785     0.0063362149

Pressure
23.268273     0.060321413 

CM Mom
-1.0441153e-16 1.8369861e-17 
5.8072529e-17  3.1413083e-17 
-1.7053856e-16 1.7547756e-17 
2.115125e-16   1.5880977e-17 

CM Pos
7.5093698      0.0098710557  
7.5000517      0.010420944   
7.4971508      0.017984381   
12.99419       0.015159689   

Stress
20.2927      0.00467305   -0.0187845    0.100876     0.0776954    0.0818085   
0.00467305   20.261       0.0215173     0.0776954    0.088746     0.0659275   
-0.0187845   0.0215173    20.2154       0.0818085    0.0659275    0.129997    

Stress Spherical
0            0            0             0            0            0           
0            0            0             0            0            0           
0            0            0             0            0            0           

Inertia
149.995      -56.3173     -56.29        0.360898     0.156196     0.192042    
-56.3173     150.126      -56.2278      0.156196     0.370642     0.172443    
-56.29       -56.2278     150.165       0.192042     0.172443     0.182855    

Bond Length
0.61861502    0.0024457733

BB bond length
0.61861502    0.0024457733

Water EE distance
0             0           

PEG EE distance
6.9131933     0.075774781 

BBB P2(x)
0.50861388    0.007853749 

BBB first bond length
0.6186546     0.0024572853

BBB second bond length
0.61857112    0.0027157457

BBB <phi**2>/<phi>**2
1.2217797     0.0092810134

Time = 19000
Temperature
1.0079772     0.0063977815

Pressure
23.256955     0.083773096 

CM Mom
-1.0522437e-16 3.0423169e-17 
3.4301624e-17  2.1795166e-17 
-1.7803086e-16 2.0447506e-17 
2.1313583e-16  1.8318639e-17 

CM Pos
7.4970687      0.0056415966  
7.5111672      0.012635871   
7.4978918      0.011228553   
12.993934      0.0076741462  

Stress
20.277       0.00233051   0.0159167     0.13704      0.0413272    0.066973    
0.00233051   20.2519      0.0224428     0.0413272    0.124216     0.0824514   
0.0159167    0.0224428    20.1738       0.066973     0.0824514    0.107976    

Stress Spherical
0            0            0             0            0            0           
0            0            0             0            0            0           
0            0            0             0            0            0           

Inertia
150.127      -56.2801     -56.2217      0.173485     0.0705853    0.12109     
-56.2801     149.924      -56.3054      0.0705853    0.179055     0.127499    
-56.2217     -56.3054     150.1         0.12109      0.127499     0.278337    

Bond Length
0.61867817    0.0021547161

BB bond length
0.61867817    0.0021547161

Water EE distance
0             0           

PEG EE distance
7.0998052     0.1070468   

BBB P2(x)
0.51936793    0.01196264  

BBB first bond length
0.61885831    0.0023400279

BBB second bond length
0.61872798    0.0021680355

BBB <phi**2>/<phi>**2
1.2252573     0.0057509172

Time = 20000
Temperature
1.0093148     0.0081222278

Pressure
23.248576     0.09371718  

CM Mom
-9.7663646e-17 1.8688364e-17 
2.6969474e-17  1.6333438e-17 
-1.8818539e-16 2.0812622e-17 
2.1574556e-16  1.3503268e-17 

CM Pos
7.4917332      0.010790628   
7.4954573      0.010733481   
7.4971508      0.01472029    
12.981351      0.013823452   

Stress
20.2095      -0.00477105  -0.0090245    0.115145     0.0489312    0.0635681   
-0.00477105  20.2335      0.0176679     0.0489312    0.107387     0.0734233   
-0.0090245   0.0176679    20.2224       0.0635681    0.0734233    0.142953    

Stress Spherical
0            0            0             0            0            0           
0            0            0             0            0            0           
0            0            0             0            0            0           

Inertia
149.899      -56.1746     -56.1775      0.286856     0.169401     0.159756    
-56.1746     149.861      -56.1543      0.169401     0.297902     0.185896    
-56.1775     -56.1543     149.828       0.159756     0.185896     0.233996    

Bond Length
0.61781385    0.0017843504

BB bond length
0.61781385    0.0017843504

Water EE distance
0             0           

PEG EE distance
6.7242164     0.17696364  

BBB P2(x)
0.50668582    0.015181939 

BBB first bond length
0.61810688    0.002008319 

BBB second bond length
0.6177546     0.0015496362

BBB <phi**2>/<phi>**2
1.2221017     0.0078663241

Time = 21000
Temperature
1.015028      0.0048033997

Pressure
23.308543     0.089543288 

CM Mom
-1.3308347e-16 1.8415552e-17 
1.2689105e-17  1.4230673e-17 
-1.5536212e-16 2.2320963e-17 
2.0628828e-16  2.224023e-17  

CM Pos
7.5024041      0.0075060511  
7.5070174      0.020960116   
7.4967062      0.0163941     
12.993939      0.017399993   

Stress
20.2135      0.038712     0.00236809    0.116209     0.04774      0.077708    
0.038712     20.316       0.0331763     0.04774      0.119107     0.070152    
0.00236809   0.0331763    20.2645       0.077708     0.070152     0.110595    

Stress Spherical
0            0            0             0            0            0           
0            0            0             0            0            0           
0            0            0             0            0            0           

Inertia
150.089      -56.3115     -56.2381      0.494496     0.157986     0.172599    
-56.3115     150.006      -56.2647      0.157986     0.277019     0.248939    
-56.2381     -56.2647     150.151       0.172599     0.248939     0.411813    

Bond Length
0.61816893    0.0019466243

BB bond length
0.61816893    0.0019466243

Water EE distance
0             0           

PEG EE distance
7.2212578     0.17711907  

BBB P2(x)
0.51553372    0.0065702974

BBB first bond length
0.61817132    0.001978666 

BBB second bond length
0.61816578    0.0019116043

BBB <phi**2>/<phi>**2
1.2304626     0.010583661 

Time = 22000
Temperature
1.0089423     0.0059251161

Pressure
23.277902     0.056180527 

CM Mom
-1.2007173e-16 7.4747706e-18 
3.5726288e-18  1.7258447e-17 
-1.6638934e-16 2.1650771e-17 
2.0624209e-16  2.0051863e-17 

CM Pos
7.5013667      0.01141865    
7.4985696      0.011560123   
7.5007077      0.0092186473  
12.990765      0.0068240065  

Stress
20.2877      0.0396514    -0.0233413    0.0978574    0.0835005    0.0621591   
0.0396514    20.2452      0.0578913     0.0835005    0.11471      0.0848027   
-0.0233413   0.0578913    20.2239       0.0621591    0.0848027    0.0911749   

Stress Spherical
0            0            0             0            0            0           
0            0            0             0            0            0           
0            0            0             0            0            0           

Inertia
150          -56.29       -56.273       0.162783     0.0970745    0.117137    
-56.29       150.047      -56.2402      0.0970745    0.176931     0.130283    
-56.273      -56.2402     150           0.117137     0.130283     0.244075    

Bond Length
0.61825789    0.0019381689

BB bond length
0.61825789    0.0019381689

Water EE distance
0             0           

PEG EE distance
7.3680849     0.10230195  

BBB P2(x)
0.51709695    0.0092506403

BBB first bond length
0.61839234    0.001921828 

BBB second bond length
0.61828788    0.0021674349

BBB <phi**2>/<phi>**2
1.2276948     0.0057060849

Time = 23000
Temperature
1.0062486     0.0052435027

Pressure
23.254567     0.055966069 

CM Mom
-1.4298002e-16 1.543248e-17  
-1.1655916e-17 1.1289068e-17 
-1.5422321e-16 1.7814805e-17 
2.1167656e-16  1.5490348e-17 

CM Pos
7.4997364      0.0063244506  
7.4950127      0.015140314   
7.5008559      0.01225733    
12.987856      0.010280377   

Stress
20.2198      0.0192705    -0.000296394  0.117171     0.0857476    0.0829765   
0.0192705    20.2564      0.0182008     0.0857476    0.0911759    0.0507785   
-0.000296394 0.0182008    20.2349       0.0829765    0.0507785    0.0821249   

Stress Spherical
0            0            0             0            0            0           
0            0            0             0            0            0           
0            0            0             0            0            0           

Inertia
149.923      -56.2313     -56.2412      0.252806     0.124483     0.0966937   
-56.2313     150.007      -56.2152      0.124483     0.223561     0.135654    
-56.2412     -56.2152     149.906       0.0966937    0.135654     0.237223    

Bond Length
0.61960016    0.0015814503

BB bond length
0.61960016    0.0015814503

Water EE distance
0             0           

PEG EE distance
7.5165724     0.10137265  

BBB P2(x)
0.50500302    0.018209714 

BBB first bond length
0.61970727    0.0014285939

BBB second bond length
0.61944054    0.0016919579

BBB <phi**2>/<phi>**2
1.2226317     0.011204454 

Time = 24000
Temperature
1.0105491     0.0075800777

Pressure
23.329474     0.099648088 

CM Mom
-1.5263592e-16 1.8880804e-17 
-2.0813254e-17 1.2061799e-17 
-1.3692184e-16 1.6651651e-17 
2.0703146e-16  1.9892916e-17 

CM Pos
7.500181       0.014701626   
7.498125       0.011012266   
7.5029308      0.016744078   
12.991107      0.017772119   

Stress
20.3014      0.0731976    0.0016073     0.107683     0.0576912    0.069095    
0.0731976    20.3634      -0.010713     0.0576912    0.155682     0.0854439   
0.0016073    -0.010713    20.2323       0.069095     0.0854439    0.166518    

Stress Spherical
0            0            0             0            0            0           
0            0            0             0            0            0           
0            0            0             0            0            0           

Inertia
150.01       -56.2738     -56.2865      0.429001     0.131558     0.205123    
-56.2738     150.064      -56.2476      0.131558     0.370663     0.215511    
-56.2865     -56.2476     149.992       0.205123     0.215511     0.308999    

Bond Length
0.61706022    0.0027451472

BB bond length
0.61706022    0.0027451472

Water EE distance
0             0           

PEG EE distance
7.4772438     0.10029881  

BBB P2(x)
0.51473486    0.010829894 

BBB first bond length
0.61702925    0.0028963257

BBB second bond length
0.61706024    0.0026462145

BBB <phi**2>/<phi>**2
1.2281439     0.0079732535

Time = 25000
Temperature
1.0123853     0.0097374174

Pressure
23.306745     0.086831486 

CM Mom
-1.7637875e-16 1.7153817e-17 
-4.1149334e-18 1.2652573e-17 
-1.3030229e-16 1.2120956e-17 
2.2006526e-16  1.6662068e-17 

CM Pos
7.504479       0.010105263   
7.5013856      0.014064027   
7.4947795      0.014284081   
12.99077       0.010671618   

Stress
20.2286      0.0170129    0.0296664     0.0977929    0.0550747    0.0654196   
0.0170129    20.3151      -0.00506965   0.0550747    0.0946619    0.0511519   
0.0296664    -0.00506965  20.2687       0.0654196    0.0511519    0.115985    

Stress Spherical
0            0            0             0            0            0           
0            0            0             0            0            0           
0            0            0             0            0            0           

Inertia
149.944      -56.3028     -56.2631      0.253056     0.154536     0.1917      
-56.3028     150.011      -56.2189      0.154536     0.237698     0.127402    
-56.2631     -56.2189     150.103       0.1917       0.127402     0.326231    

Bond Length
0.61844697    0.0026637036

BB bond length
0.61844697    0.0026637036

Water EE distance
0             0           

PEG EE distance
7.6329239     0.15864673  

BBB P2(x)
0.52139923    0.0037354567

BBB first bond length
0.61831175    0.0027929024

BBB second bond length
0.61847737    0.0025296262

BBB <phi**2>/<phi>**2
1.2265638     0.009281461 

Time = 26000
Temperature
1.0098537     0.0056836812

Pressure
23.238815     0.070280715 

CM Mom
-1.6414375e-16 1.1967197e-17 
-2.2893345e-18 3.2808735e-17 
-1.4304227e-16 2.4306473e-17 
2.2141358e-16  1.3998635e-17 

CM Pos
7.4988472      0.012566145   
7.5001999      0.014369937   
7.5010042      0.012961945   
12.990421      0.016277667   

Stress
20.2204      -0.00308149  0.0428709     0.086296     0.0538899    0.0357759   
-0.00308149  20.2171      0.0217689     0.0538899    0.114553     0.0416628   
0.0428709    0.0217689    20.1938       0.0357759    0.0416628    0.0977973   

Stress Spherical
0            0            0             0            0            0           
0            0            0             0            0            0           
0            0            0             0            0            0           

Inertia
150.009      -56.2113     -56.2579      0.339532     0.175993     0.137632    
-56.2113     149.975      -56.288       0.175993     0.21005      0.184958    
-56.2579     -56.288      150.005       0.137632     0.184958     0.292409    

Bond Length
0.61943271    0.0021261376

BB bond length
0.61943271    0.0021261376

Water EE distance
0             0           

PEG EE distance
7.6028227     0.14369547  

BBB P2(x)
0.50746642    0.011512784 

BBB first bond length
0.61949372    0.0021782214

BBB second bond length
0.61950628    0.0021779894

BBB <phi**2>/<phi>**2
1.2261245     0.0089879251

Time = 27000
Temperature
1.0133306     0.0094676367

Pressure
23.317609     0.066538974 

CM Mom
-1.8519641e-16 3.9467966e-17 
-3.7470918e-17 1.5121344e-17 
-1.7691362e-16 1.9304873e-17 
2.6188223e-16  2.4019939e-17 

CM Pos
7.5006256      0.015445527   
7.5044979      0.012872671   
7.5004113      0.012784492   
12.993593      0.012431025   

Stress
20.2948      -0.00111942  0.0308535     0.0878282    0.0686196    0.0759323   
-0.00111942  20.3267      -0.0108747    0.0686196    0.134104     0.0695285   
0.0308535    -0.0108747   20.215        0.0759323    0.0695285    0.100138    

Stress Spherical
0            0            0             0            0            0           
0            0            0             0            0            0           
0            0            0             0            0            0           

Inertia
150.072      -56.2815     -56.2613      0.175511     0.159042     0.217278    
-56.2815     150.037      -56.2823      0.159042     0.357237     0.122928    
-56.2613     -56.2823     150.106       0.217278     0.122928     0.259466    

Bond Length
0.61758123    0.0018491328

BB bond length
0.61758123    0.0018491328

Water EE distance
0             0           

PEG EE distance
7.230929      0.1578671   

BBB P2(x)
0.50550836    0.0085035686

BBB first bond length
0.61757749    0.0018121015

BBB second bond length
0.61767447    0.0017864734

BBB <phi**2>/<phi>**2
1.2238014     0.0095747427

Time = 28000
Temperature
1.0152669     0.01030615  

Pressure
23.296433     0.11828203  

CM Mom
-1.8610825e-16 8.6350973e-18 
-2.6390147e-17 9.2423235e-18 
-1.6318995e-16 2.361738e-17  
2.4959714e-16  1.9563038e-17 

CM Pos
7.4991436      0.01913015    
7.5007927      0.014314803   
7.4999667      0.016835655   
12.990347      0.017016937   

Stress
20.2295      0.0209027    0.0463615     0.0933345    0.0437472    0.0808135   
0.0209027    20.2515      -0.0298637    0.0437472    0.142502     0.0718594   
0.0463615    -0.0298637   20.2745       0.0808135    0.0718594    0.158832    

Stress Spherical
0            0            0             0            0            0           
