Time = 500
Temperature
   1.0401204   0.049084067

Pressure
   20.150118    0.24623292

CM Mom
4.075058e-18   1.8399301e-17 
6.8846658e-17  1.0460809e-17 
-2.0229439e-17 1.7544882e-17 
7.6200327e-17  1.0723546e-17 

CM Pos
7.5017732      0.010871555   
7.5025364      0.019399708   
7.4608246      0.012627781   
12.970303      0.021490983   

Stress
17.0199      0.00354882   0.0313784     0.178629     0.0817828    0.0865664   
0.00354882   17.0595      0.042219      0.0817828    0.1243       0.084049    
0.0313784    0.042219     17.0108       0.0865664    0.084049     0.126923    

Stress Spherical
0            0            0             0            0            0           
0            0            0             0            0            0           
0            0            0             0            0            0           

Inertia
148.42       -56.2603     -55.9002      0.463153     0.213929     0.226304    
-56.2603     148.436      -55.9883      0.213929     0.484047     0.213353    
-55.9002     -55.9883     148.999       0.226304     0.213353     0.355623    

Bond Length
0.61392464    0.0034254102

BB bond length
0.61392464    0.0034254102

Water EE distance
0             0           

PEG EE distance
3.9138014     0.071960225 

Time = 1000
Temperature
1.0142552     0.0057315413

Pressure
20.140559     0.12830159  

CM Mom
1.1332521e-17  2.4230836e-17 
7.5860808e-17  9.8509161e-18 
-6.8221034e-18 2.4383165e-17 
8.4397605e-17  9.2512861e-18 

CM Pos
7.5133299      0.020793526   
7.4809047      0.015567672   
7.458454       0.013085383   
12.963151      0.012152251   

Stress
17.1091      -0.00389252  0.0122024     0.175091     0.086088     0.0792238   
-0.00389252  17.13        -0.0477451    0.086088     0.165587     0.0318291   
0.0122024    -0.0477451   17.0552       0.0792238    0.0318291    0.120841    

Stress Spherical
0            0            0             0            0            0           
0            0            0             0            0            0           
0            0            0             0            0            0           

Inertia
148.127      -56.239      -56.0444      0.515364     0.184104     0.22029     
-56.239      148.772      -55.8179      0.184104     0.219762     0.132891    
-56.0444     -55.8179     149.006       0.22029      0.132891     0.322401    

Bond Length
0.6130134     0.0031279314

BB bond length
0.6130134     0.0031279314

Water EE distance
0             0           

PEG EE distance
3.5966948     0.075191215 

