Time = 1000
Temperature
   1.0260248   0.030664448

Pressure
   23.613666     0.1391293

CM Mom
2.3126622e-17  2.1990278e-17 
2.3668536e-17  1.2660393e-17 
2.7684571e-17  3.2178105e-17 
5.5388891e-17  2.1744764e-17 

CM Pos
7.509098       0.019172512   
7.5014129      0.013734585   
7.4956527      0.01012584    
12.99396       0.015024641   

Stress
20.5419      -0.00534829  0.014437      0.10301      0.0615613    0.0721035   
-0.00534829  20.524       -0.0375851    0.0615613    0.149087     0.0712267   
0.014437     -0.0375851   20.5682       0.0721035    0.0712267    0.120657    

Stress Spherical
0            0            0             0            0            0           
0            0            0             0            0            0           
0            0            0             0            0            0           

Inertia
149.94       -56.3246     -56.2872      0.269142     0.216916     0.135464    
-56.3246     150.081      -56.2009      0.216916     0.460921     0.107174    
-56.2872     -56.2009     150.147       0.135464     0.107174     0.532078    

Bond Length
0.61716686    0.0062819116

BB bond length
0.61716686    0.0062819116

Water EE distance
0             0           

PEG EE distance
8.0272601     0.62746888  

BBB P2(x)
0.48306446    0.068328003 

BBB first bond length
0.61674598    0.006204676 

BBB second bond length
0.61736125    0.0056063792

BBB <phi**2>/<phi>**2
1.2230128     0.03059534  

Time = 2000
Temperature
1.0151352     0.0053470981

Pressure
23.563971     0.061952727 

CM Mom
4.6862794e-17  2.9176259e-17 
-3.9042018e-20 1.6672734e-17 
5.3635347e-17  2.5427594e-17 
7.9645834e-17  2.2476905e-17 

CM Pos
7.4979539      0.013126337   
7.5030474      0.014698241   
7.4983273      0.010082137   
12.990008      0.011120452   

Stress
20.5365      -0.0113577   0.0227295     0.083058     0.0592478    0.0462601   
-0.0113577   20.5593      -0.000680112  0.0592478    0.0995719    0.0724215   
0.0227295    -0.000680112 20.4869       0.0462601    0.0724215    0.139483    

Stress Spherical
0            0            0             0            0            0           
0            0            0             0            0            0           
0            0            0             0            0            0           

Inertia
149.998      -56.261      -56.2412      0.161437     0.180688     0.114277    
-56.261      149.923      -56.2369      0.180688     0.247248     0.136514    
-56.2412     -56.2369     149.995       0.114277     0.136514     0.348632    

Bond Length
0.62096203    0.0069542083

BB bond length
0.62096203    0.0069542083

Water EE distance
0             0           

PEG EE distance
7.7729664     0.28413988  

BBB P2(x)
0.53252757    0.034827408 

BBB first bond length
0.62081237    0.0062543516

BBB second bond length
0.62179905    0.0067444262

BBB <phi**2>/<phi>**2
1.2218633     0.024054182 

Time = 3000
Temperature
1.0120629     0.0063772194

Pressure
23.56117      0.082465082 

CM Mom
1.0185568e-17  1.5647977e-17 
1.2156021e-17  1.1738474e-17 
7.8771808e-17  2.176397e-17  
8.2607238e-17  2.2110586e-17 

CM Pos
7.4995883      0.015767884   
7.5054248      0.018008646   
7.4955041      0.014907054   
12.990708      0.010972293   

Stress
20.56        0.019538     -0.0261938    0.153892     0.0778791    0.0620857   
0.019538     20.5546      -0.0150412    0.0778791    0.0714652    0.0571176   
-0.0261938   -0.0150412   20.4874       0.0620857    0.0571176    0.124343    

Stress Spherical
0            0            0             0            0            0           
0            0            0             0            0            0           
0            0            0             0            0            0           

Inertia
149.997      -56.3259     -56.2102      0.183878     0.214472     0.169459    
-56.3259     149.911      -56.2629      0.214472     0.364401     0.109532    
-56.2102     -56.2629     150.061       0.169459     0.109532     0.327782    

Bond Length
0.61952777    0.0051595633

BB bond length
0.61952777    0.0051595633

Water EE distance
0             0           

PEG EE distance
7.2977703     0.85116661  

BBB P2(x)
0.52690031    0.036400379 

BBB first bond length
0.61929681    0.0047319665

BBB second bond length
0.62012418    0.0055587754

BBB <phi**2>/<phi>**2
1.2209134     0.02567391  

Time = 4000
Temperature
1.0129109     0.0054178728

Pressure
23.510401     0.10077151  

CM Mom
1.130129e-17   2.4744171e-17 
2.4292384e-17  1.8031939e-17 
8.2269781e-17  2.2029685e-17 
9.1933236e-17  2.1381484e-17 

CM Pos
7.5114754      0.014650094   
7.5061678      0.0067505597  
7.5056081      0.012626518   
13.003818      0.0099582877  

Stress
20.4503      0.0257568    0.0273803     0.142093     0.0687441    0.0710899   
0.0257568    20.5195      -0.00124746   0.0687441    0.114252     0.0479088   
0.0273803    -0.00124746  20.4722       0.0710899    0.0479088    0.116012    

Stress Spherical
0            0            0             0            0            0           
0            0            0             0            0            0           
0            0            0             0            0            0           

Inertia
150.175      -56.3774     -56.3578      0.175106     0.180379     0.0950155   
-56.3774     150.252      -56.3501      0.180379     0.211368     0.0931514   
-56.3578     -56.3501     150.268       0.0950155    0.0931514    0.265612    

Bond Length
0.62202415    0.0073040433

BB bond length
0.62202415    0.0073040433

Water EE distance
0             0           

PEG EE distance
7.0351225     0.55119551  

BBB P2(x)
0.49422407    0.022797925 

BBB first bond length
0.62226233    0.0078818696

BBB second bond length
0.62174696    0.0071455886

BBB <phi**2>/<phi>**2
1.2308395     0.023660592 

Time = 5000
Temperature
1.0127877     0.0082590445

Pressure
23.560511     0.07623607  

CM Mom
-2.2167343e-18 9.5330571e-18 
3.0731842e-17  2.7400031e-17 
8.2876307e-17  2.4468607e-17 
9.1663108e-17  2.9258682e-17 

CM Pos
7.5027087      0.0098964789  
7.4966581      0.013983109   
7.4987731      0.010012919   
12.98932       0.0086928613  

Stress
20.5423      -0.00881956  0.000286004   0.157552     0.0545716    0.0497947   
-0.00881956  20.5546      0.0195303     0.0545716    0.073633     0.0670393   
0.000286004  0.0195303    20.4966       0.0497947    0.0670393    0.0945525   

Stress Spherical
0            0            0             0            0            0           
0            0            0             0            0            0           
0            0            0             0            0            0           

Inertia
149.925      -56.2371     -56.2686      0.312296     0.0894716    0.0916628   
-56.2371     150.013      -56.1786      0.0894716    0.131957     0.137965    
-56.2686     -56.1786     150.005       0.0916628    0.137965     0.192109    

Bond Length
0.62048986    0.0082806628

BB bond length
0.62048986    0.0082806628

Water EE distance
0             0           

PEG EE distance
6.2941263     0.32038431  

BBB P2(x)
0.51584812    0.02858219  

BBB first bond length
0.62031125    0.0081146425

BBB second bond length
0.62153072    0.0082907435

BBB <phi**2>/<phi>**2
1.2245913     0.027237826 

Time = 6000
Temperature
1.0101925     0.0070081252

Pressure
23.572853     0.063446813 

CM Mom
1.7076209e-17  1.8872867e-17 
1.7114014e-17  1.6856442e-17 
5.2903172e-17  3.1484558e-17 
6.4438045e-17  2.9369583e-17 

CM Pos
7.498994       0.01411277    
7.4996299      0.012657081   
7.5004075      0.0147065     
12.989832      0.017325636   

Stress
20.5458      -0.0178671   0.0480812     0.0960242    0.0649356    0.0756516   
-0.0178671   20.5606      0.00195388    0.0649356    0.102759     0.0444244   
0.0480812    0.00195388   20.5473       0.0756516    0.0444244    0.101311    

Stress Spherical
0            0            0             0            0            0           
0            0            0             0            0            0           
0            0            0             0            0            0           

Inertia
150          -56.2399     -56.2196      0.341444     0.125995     0.197819    
-56.2399     149.994      -56.249       0.125995     0.356386     0.199734    
-56.2196     -56.249      149.975       0.197819     0.199734     0.232791    

Bond Length
0.61512802    0.0051584624

BB bond length
0.61512802    0.0051584624

Water EE distance
0             0           

PEG EE distance
7.168018      1.1785174   

BBB P2(x)
0.51371844    0.026075924 

BBB first bond length
0.61512862    0.0059922707

BBB second bond length
0.61467954    0.004694323 

BBB <phi**2>/<phi>**2
1.2323035     0.024232624 

Time = 7000
Temperature
1.013229      0.0072931312

Pressure
23.571252     0.086166018 

CM Mom
-1.00272e-17   1.9136179e-17 
1.4709218e-17  1.6138385e-17 
4.6048136e-17  2.6667027e-17 
5.725141e-17   2.2302104e-17 

CM Pos
7.5058291      0.020094625   
7.4978468      0.012712778   
7.5017448      0.012643992   
12.993531      0.014965224   

Stress
20.5213      -0.0322271   0.0130872     0.0968271    0.0779258    0.067521    
-0.0322271   20.5073      -0.0333078    0.0779258    0.120617     0.0769326   
0.0130872    -0.0333078   20.5931       0.067521     0.0769326    0.136151    

Stress Spherical
0            0            0             0            0            0           
0            0            0             0            0            0           
0            0            0             0            0            0           

Inertia
149.976      -56.272      -56.2842      0.115233     0.210077     0.222566    
-56.272      150.114      -56.2989      0.210077     0.438027     0.115737    
-56.2842     -56.2989     150.059       0.222566     0.115737     0.295873    

Bond Length
0.62117233    0.0067952715

BB bond length
0.62117233    0.0067952715

Water EE distance
0             0           

PEG EE distance
8.1189942     0.51527214  

BBB P2(x)
0.52554097    0.054264357 

BBB first bond length
0.62106473    0.0058805865

BBB second bond length
0.6217588     0.0069885888

BBB <phi**2>/<phi>**2
1.2175042     0.023832494 

Time = 8000
Temperature
1.0125964     0.0066582912

Pressure
23.562381     0.065972644 

CM Mom
-1.9752787e-17 1.6059521e-17 
-9.8732315e-19 3.2336086e-17 
2.0910575e-17  2.4101199e-17 
4.9858241e-17  1.5064984e-17 

CM Pos
7.4986968      0.020604557   
7.4944293      0.014948467   
7.4989217      0.011524945   
12.985809      0.017250009   

Stress
20.517       -0.0157709   0.00608686    0.128124     0.0895958    0.0520692   
-0.0157709   20.546       -0.0331267    0.0895958    0.114441     0.0575897   
0.00608686   -0.0331267   20.5377       0.0520692    0.0575897    0.0983458   

Stress Spherical
0            0            0             0            0            0           
0            0            0             0            0            0           
0            0            0             0            0            0           

Inertia
149.868      -56.1929     -56.2486      0.294315     0.2043       0.126525    
-56.1929     149.939      -56.2191      0.2043       0.246459     0.149859    
-56.2486     -56.2191     149.895       0.126525     0.149859     0.456271    

Bond Length
0.61432614    0.0075823036

BB bond length
0.61432614    0.0075823036

Water EE distance
0             0           

PEG EE distance
7.7776598     0.49266037  

BBB P2(x)
0.53777912    0.036905003 

BBB first bond length
0.61432275    0.0082348479

BBB second bond length
0.61431591    0.0079394247

BBB <phi**2>/<phi>**2
1.2308171     0.019791484 

Time = 9000
Temperature
1.0118379     0.0078253741

Pressure
23.571904     0.084678208 

CM Mom
-2.2691111e-18 1.8501941e-17 
1.7270594e-18  2.0827565e-17 
1.6105932e-17  9.9650355e-18 
3.3293584e-17  5.8720622e-18 

CM Pos
7.5073149      0.015013313   
7.5024531      0.012206879   
7.5005561      0.020432392   
12.996365      0.01466025    

Stress
20.573       0.0320763    0.0276349     0.162493     0.0838074    0.0952208   
0.0320763    20.5237      -0.0405367    0.0838074    0.117815     0.0428692   
0.0276349    -0.0405367   20.5395       0.0952208    0.0428692    0.118621    

Stress Spherical
0            0            0             0            0            0           
0            0            0             0            0            0           
0            0            0             0            0            0           

Inertia
150.044      -56.3341     -56.3179      0.32271      0.197336     0.179774    
-56.3341     150.114      -56.2441      0.197336     0.335981     0.173555    
-56.3179     -56.2441     150.148       0.179774     0.173555     0.299319    

Bond Length
0.61627827    0.0064604852

BB bond length
0.61627827    0.0064604852

Water EE distance
0             0           

PEG EE distance
7.5781843     0.60727366  

BBB P2(x)
0.48256678    0.035199206 

BBB first bond length
0.61604776    0.0061517715

BBB second bond length
0.61608501    0.0063076224

BBB <phi**2>/<phi>**2
1.2266658     0.037303877 

Time = 10000
Temperature
1.0097107     0.007384998 

Pressure
23.584583     0.068223672 

CM Mom
-4.1254766e-17 1.4250608e-17 
1.276839e-18   1.807018e-17  
2.0189123e-17  2.0295995e-17 
5.3561263e-17  1.3561582e-17 

CM Pos
7.4973595      0.016069546   
7.5003728      0.0081127095  
7.4987731      0.0093042925  
12.988375      0.01122647    

Stress
20.5886      0.0138028    0.0143226     0.0785896    0.0724583    0.0699801   
0.0138028    20.5477      -0.0328733    0.0724583    0.0971866    0.0666282   
0.0143226    -0.0328733   20.5569       0.0699801    0.0666282    0.0814431   

Stress Spherical
0            0            0             0            0            0           
0            0            0             0            0            0           
0            0            0             0            0            0           

Inertia
149.979      -56.2146     -56.2057      0.173569     0.131539     0.130561    
-56.2146     149.941      -56.2353      0.131539     0.211589     0.121775    
-56.2057     -56.2353     149.971       0.130561     0.121775     0.257325    

Bond Length
0.61902954    0.0074213641

BB bond length
0.61902954    0.0074213641

Water EE distance
0             0           

PEG EE distance
6.7472523     0.31139608  

BBB P2(x)
0.51603731    0.037417246 

BBB first bond length
0.61861942    0.007723945 

BBB second bond length
0.61911563    0.0071334033

BBB <phi**2>/<phi>**2
1.21723       0.017402561 

Time = 11000
Temperature
1.0094269     0.0063699115

Pressure
23.569513     0.074824748 

CM Mom
-2.8047016e-17 2.0284876e-17 
-8.4215283e-18 1.9064378e-17 
2.2197037e-17  8.0876307e-18 
4.3429772e-17  1.7448698e-17 

CM Pos
7.4998855      0.014535106   
7.4996299      0.0091547826  
7.5001104      0.01108354    
12.990175      0.012926213   

Stress
20.5724      -0.0105534   0.0169594     0.123258     0.0543176    0.0922901   
-0.0105534   20.5721      0.0311731     0.0543176    0.116033     0.0649491   
0.0169594    0.0311731    20.5061       0.0922901    0.0649491    0.096581    

Stress Spherical
0            0            0             0            0            0           
0            0            0             0            0            0           
0            0            0             0            0            0           

Inertia
149.98       -56.2451     -56.2691      0.231811     0.127952     0.161       
-56.2451     150          -56.2503      0.127952     0.248826     0.165097    
-56.2691     -56.2503     149.987       0.161        0.165097     0.236024    

Bond Length
0.62026079    0.0072341045

BB bond length
0.62026079    0.0072341045

Water EE distance
0             0           

PEG EE distance
6.5374011     0.52721484  

BBB P2(x)
0.51677195    0.039099751 

BBB first bond length
0.61998834    0.0073222549

BBB second bond length
0.62005886    0.0066416146

BBB <phi**2>/<phi>**2
1.2269679     0.039155182 

Time = 12000
Temperature
1.0124912     0.0043020624

Pressure
23.509207     0.071139095 

CM Mom
5.4880155e-18  2.5579308e-17 
-1.4785034e-17 2.2043001e-17 
2.3383969e-19  1.6368055e-17 
3.806323e-17   1.4424592e-17 

CM Pos
7.5056805      0.013186751   
7.4976982      0.0070778635  
7.5018934      0.016342023   
12.993437      0.014001301   

Stress
20.4799      0.026228     -0.0301211    0.116205     0.0706248    0.0919873   
0.026228     20.4792      0.0110678     0.0706248    0.130512     0.0586359   
-0.0301211   0.0110678    20.4831       0.0919873    0.0586359    0.0953463   

Stress Spherical
0            0            0             0            0            0           
0            0            0             0            0            0           
0            0            0             0            0            0           

Inertia
149.99       -56.2743     -56.3018      0.242206     0.14134      0.15673     
-56.2743     150.107      -56.2568      0.14134      0.314471     0.1737      
-56.3018     -56.2568     150.038       0.15673      0.1737       0.175261    

Bond Length
0.62189648    0.005207055 

BB bond length
0.62189648    0.005207055 

Water EE distance
0             0           

PEG EE distance
5.8560285     0.46870422  

BBB P2(x)
0.54012185    0.024991192 

BBB first bond length
0.62196575    0.0043624906

BBB second bond length
0.6219158     0.0051542446

BBB <phi**2>/<phi>**2
1.222147      0.026657647 

Time = 13000
Temperature
1.0038082     0.0065958381

Pressure
23.526455     0.08126458  

CM Mom
4.7291019e-18  1.3927921e-17 
-1.0165222e-17 1.2958494e-17 
2.3185048e-17  2.5464327e-17 
3.9419151e-17  1.0941415e-17 

CM Pos
7.5080579      0.0071938891  
7.4913089      0.011494252   
7.5021906      0.012695399   
12.991294      0.011995379   

Stress
20.5137      -0.0121028   -0.00234147   0.0971057    0.0752738    0.0859267   
-0.0121028   20.5406      -0.0300172    0.0752738    0.0936586    0.0820338   
-0.00234147  -0.0300172   20.5176       0.0859267    0.0820338    0.110791    

Stress Spherical
0            0            0             0            0            0           
0            0            0             0            0            0           
0            0            0             0            0            0           

Inertia
149.902      -56.2394     -56.2939      0.301385     0.111855     0.179935    
-56.2394     150.146      -56.2068      0.111855     0.281583     0.15269     
-56.2939     -56.2068     149.998       0.179935     0.15269      0.223313    

Bond Length
0.62006533    0.0049604505

BB bond length
0.62006533    0.0049604505

Water EE distance
0             0           

PEG EE distance
5.1766725     0.53491807  

BBB P2(x)
0.52644483    0.022141797 

BBB first bond length
0.6201009     0.0052357529

BBB second bond length
0.61998723    0.0054710384

BBB <phi**2>/<phi>**2
1.2344689     0.020164525 

Time = 14000
Temperature
1.0110377     0.0081347668

Pressure
23.535923     0.087871169 

CM Mom
5.4217541e-18  1.4973447e-17 
-2.506745e-17  1.4808683e-17 
3.6798752e-17  2.815409e-17  
5.5332658e-17  1.3651795e-17 

CM Pos
7.5082065      0.014209434   
7.4994813      0.0149986     
7.5038251      0.017077327   
12.997053      0.01005676    

Stress
20.4935      -0.0222669   0.00719674    0.122319     0.0444089    0.0713795   
-0.0222669   20.5057      0.00712481    0.0444089    0.0859414    0.0911548   
0.00719674   0.00712481   20.5362       0.0713795    0.0911548    0.138714    

Stress Spherical
0            0            0             0            0            0           
0            0            0             0            0            0           
0            0            0             0            0            0           

Inertia
150.066      -56.3442     -56.3287      0.318931     0.156046     0.12223     
-56.3442     150.188      -56.2739      0.156046     0.255648     0.162277    
-56.3287     -56.2739     150.135       0.12223      0.162277     0.304216    

Bond Length
0.62043871    0.0060011196

BB bond length
0.62043871    0.0060011196

Water EE distance
0             0           

PEG EE distance
6.3527396     0.44892306  

BBB P2(x)
0.5068246     0.037870838 

BBB first bond length
0.62015386    0.0060164418

BBB second bond length
0.61993295    0.0063046934

BBB <phi**2>/<phi>**2
1.2186183     0.026101887 

Time = 15000
Temperature
1.0101271     0.0072646009

Pressure
23.549779     0.091104567 

CM Mom
-1.3608205e-17 1.7225533e-17 
-2.3839826e-17 2.2360671e-17 
5.8294957e-17  1.625793e-17  
7.1078722e-17  1.2675835e-17 

CM Pos
7.5021143      0.014363205   
7.4985898      0.011124301   
7.499516       0.015266329   
12.990521      0.015517437   

Stress
20.5703      0.00918875   0.0462666     0.094934     0.0547978    0.0656444   
0.00918875   20.4734      -0.0326668    0.0547978    0.109202     0.0738584   
0.0462666    -0.0326668   20.5415       0.0656444    0.0738584    0.0860209   

Stress Spherical
0            0            0             0            0            0           
0            0            0             0            0            0           
0            0            0             0            0            0           

Inertia
149.975      -56.2682     -56.2853      0.291786     0.142843     0.175327    
-56.2682     150.033      -56.252       0.142843     0.362717     0.214264    
-56.2853     -56.252      150.025       0.175327     0.214264     0.311581    

Bond Length
0.62281759    0.0048354784

BB bond length
0.62281759    0.0048354784

Water EE distance
0             0           

PEG EE distance
7.3132395     0.31919851  

BBB P2(x)
0.53204257    0.033858721 

BBB first bond length
0.62311142    0.004310578 

BBB second bond length
0.62282807    0.0041703194

BBB <phi**2>/<phi>**2
1.2204967     0.025410043 

Time = 16000
Temperature
1.0109958     0.0063963572

Pressure
23.527504     0.1136019   

CM Mom
-1.1937509e-17 2.504532e-17  
-5.4576342e-18 1.1620108e-17 
8.675963e-17   2.3963053e-17 
9.1860285e-17  2.4448604e-17 

CM Pos
7.4992912      0.010321281   
7.4948751      0.015138527   
7.5038251      0.0086755784  
12.989234      0.010991117   

Stress
20.5264      0.00551605   0.00211461    0.149034     0.0611184    0.0745388   
0.00551605   20.4977      -0.0120812    0.0611184    0.10173      0.090106    
0.00211461   -0.0120812   20.4864       0.0745388    0.090106     0.114187    

Stress Spherical
0            0            0             0            0            0           
0            0            0             0            0            0           
0            0            0             0            0            0           

Inertia
149.979      -56.216      -56.2561      0.3348       0.109593     0.0830795   
-56.216      150.057      -56.2088      0.109593     0.147482     0.18278     
-56.2561     -56.2088     149.911       0.0830795    0.18278      0.259113    

Bond Length
0.6171086     0.0069634712

BB bond length
0.6171086     0.0069634712

Water EE distance
0             0           

PEG EE distance
7.751696      0.47661072  

BBB P2(x)
0.49541158    0.046980488 

BBB first bond length
0.61732994    0.0070396655

BBB second bond length
0.6165727     0.0070621692

BBB <phi**2>/<phi>**2
1.2056048     0.023269873 

Time = 17000
Temperature
1.0129361     0.0071271013

Pressure
23.586185     0.098231861 

CM Mom
1.3100625e-17  2.9621464e-17 
-2.2588832e-17 1.3795209e-17 
8.4936667e-17  1.8160372e-17 
9.5363536e-17  1.4122788e-17 

CM Pos
7.4958736      0.009985318   
7.5051277      0.012079607   
7.4983273      0.013474929   
12.990004      0.014250017   

Stress
20.5534      0.0134475    0.0071095     0.156097     0.0701356    0.0947259   
0.0134475    20.5288      -0.0391654    0.0701356    0.110971     0.05347     
0.0071095    -0.0391654   20.5869       0.0947259    0.05347      0.114409    

Stress Spherical
0            0            0             0            0            0           
0            0            0             0            0            0           
0            0            0             0            0            0           

Inertia
150.064      -56.2678     -56.2395      0.271071     0.135132     0.139855    
-56.2678     149.917      -56.2654      0.135132     0.278096     0.182785    
-56.2395     -56.2654     150.032       0.139855     0.182785     0.252324    

Bond Length
0.62102798    0.0059615632

BB bond length
0.62102798    0.0059615632

Water EE distance
0             0           

PEG EE distance
6.2234145     0.30978894  

BBB P2(x)
0.49242831    0.042264152 

BBB first bond length
0.62098205    0.0060468664

BBB second bond length
0.62119041    0.0055871474

BBB <phi**2>/<phi>**2
1.225313      0.02931941  

Time = 18000
Temperature
1.0078138     0.007319471 

Pressure
23.534139     0.1276847   

CM Mom
4.8713578e-17  2.3899778e-17 
-2.3098646e-17 1.1878614e-17 
1.0861758e-16  2.3764836e-17 
1.2405317e-16  2.4335502e-17 

CM Pos
7.50152        0.0061264571  
7.5028988      0.017771074   
7.4972872      0.015879507   
12.991383      0.013808448   

Stress
20.5347      0.0235328    -0.0106756    0.121169     0.0756356    0.0761093   
0.0235328    20.5412      -0.0124784    0.0756356    0.157727     0.0433094   
-0.0106756   -0.0124784   20.4831       0.0761093    0.0433094    0.143598    

Stress Spherical
0            0            0             0            0            0           
0            0            0             0            0            0           
0            0            0             0            0            0           

Inertia
150.003      -56.2668     -56.2135      0.389321     0.156383     0.159482    
-56.2668     150.003      -56.236       0.156383     0.241033     0.219194    
-56.2135     -56.236      150.072       0.159482     0.219194     0.25444     

Bond Length
0.6200839     0.0060758025

BB bond length
0.6200839     0.0060758025

Water EE distance
0             0           

PEG EE distance
6.9114813     0.4884236   

BBB P2(x)
0.51796982    0.026132896 

BBB first bond length
0.61953712    0.0059267711

BBB second bond length
0.62034869    0.0065475998

BBB <phi**2>/<phi>**2
1.2298491     0.022209496 

Time = 19000
Temperature
1.010349      0.0091565871

Pressure
23.542789     0.069391657 

CM Mom
3.0847593e-17  1.4199795e-17 
-4.6263417e-18 8.4884976e-18 
1.3049465e-16  1.8546004e-17 
1.3554036e-16  1.5756994e-17 

CM Pos
7.4976567      0.017833086   
7.5039389      0.0089511414  
7.5012991      0.013734585   
12.992069      0.013248751   

Stress
20.4891      -0.00871662  0.0129023     0.0824038    0.0498022    0.0687773   
-0.00871662  20.4843      -0.00649213   0.0498022    0.0673964    0.114902    
0.0129023    -0.00649213  20.5888       0.0687773    0.114902     0.121694    

Stress Spherical
0            0            0             0            0            0           
0            0            0             0            0            0           
0            0            0             0            0            0           

Inertia
150.076      -56.2339     -56.236       0.279506     0.160964     0.181068    
-56.2339     149.995      -56.3049      0.160964     0.348993     0.196986    
-56.236      -56.3049     150.03        0.181068     0.196986     0.24101     

Bond Length
0.61635228    0.0071870893

BB bond length
0.61635228    0.0071870893

Water EE distance
0             0           

PEG EE distance
7.0533655     0.72162207  

BBB P2(x)
0.49296503    0.029323997 

BBB first bond length
0.61630989    0.0076626224

BBB second bond length
0.61683198    0.0074150161

BBB <phi**2>/<phi>**2
1.227296      0.032368732 

Time = 20000
Temperature
1.0091547     0.0076667156

Pressure
23.523786     0.048884526 

CM Mom
2.7578512e-17  2.1983112e-17 
3.3290194e-18  2.1495679e-17 
1.0578421e-16  1.6580908e-17 
1.1344099e-16  1.7701573e-17 

CM Pos
7.5041946      0.0097390607  
7.4979954      0.012510579   
7.5007047      0.0077208803  
12.992063      0.007183008   

Stress
20.4952      -0.00990076  -0.0107424    0.0844755    0.0796408    0.0676749   
-0.00990076  20.5398      -0.00559942   0.0796408    0.115853     0.0709158   
-0.0107424   -0.00559942  20.4809       0.0676749    0.0709158    0.0663883   

Stress Spherical
0            0            0             0            0            0           
0            0            0             0            0            0           
0            0            0             0            0            0           

Inertia
149.991      -56.276      -56.2928      0.213989     0.136832     0.118538    
-56.276      150.102      -56.259       0.136832     0.181883     0.11159     
-56.2928     -56.259      150.053       0.118538     0.11159      0.173833    

Bond Length
0.62118133    0.0096497858

BB bond length
0.62118133    0.0096497858

Water EE distance
0             0           

PEG EE distance
8.1216187     0.4349795   

BBB P2(x)
0.52447265    0.027461509 

BBB first bond length
0.62139517    0.009712177 

BBB second bond length
0.62159603    0.0098266599

BBB <phi**2>/<phi>**2
1.2325218     0.029428171 

Time = 21000
Temperature
1.0147559     0.0070407111

Pressure
23.584039     0.072912898 

CM Mom
6.4169956e-17  1.8157916e-17 
2.4155462e-17  1.9175425e-17 
1.2731382e-16  1.6050228e-17 
1.4635689e-16  2.108923e-17  

CM Pos
7.5061262      0.016187955   
7.4999271      0.010963368   
7.5010019      0.0077437232  
12.99447       0.0083552123  

Stress
20.5339      -0.000806233 0.0288498     0.114458     0.0855921    0.0807692   
-0.000806233 20.5715      0.0416362     0.0855921    0.122726     0.0561743   
0.0288498    0.0416362    20.5409       0.0807692    0.0561743    0.132354    

Stress Spherical
0            0            0             0            0            0           
0            0            0             0            0            0           
0            0            0             0            0            0           

Inertia
150.018      -56.3004     -56.3008      0.196026     0.139469     0.135349    
-56.3004     150.122      -56.2518      0.139469     0.271781     0.110442    
-56.3008     -56.2518     150.088       0.135349     0.110442     0.181174    

Bond Length
0.620325      0.010391325 

BB bond length
0.620325      0.010391325 

Water EE distance
0             0           

PEG EE distance
7.9959588     0.69854946  

BBB P2(x)
0.5274483     0.031119085 

BBB first bond length
0.62046371    0.010274243 

BBB second bond length
0.62026864    0.010466921 

BBB <phi**2>/<phi>**2
1.2401034     0.026523474 

Time = 22000
Temperature
1.0116666     0.0080946392

Pressure
23.573188     0.085131817 

CM Mom
8.3765337e-17  1.4085967e-17 
8.8399927e-18  1.4123082e-17 
1.4080009e-16  2.2631982e-17 
1.6536921e-16  2.1967032e-17 

CM Pos
7.4975081      0.017316129   
7.4968067      0.020908771   
7.5027849      0.014817178   
12.988737      0.014135207   

Stress
20.5408      0.0158701    0.0471322     0.115723     0.043513     0.0773961   
0.0158701    20.5503      0.00543242    0.043513     0.133597     0.0542336   
0.0471322    0.00543242   20.5504       0.0773961    0.0542336    0.0555033   

Stress Spherical
0            0            0             0            0            0           
0            0            0             0            0            0           
0            0            0             0            0            0           

Inertia
149.969      -56.1757     -56.2341      0.439558     0.186183     0.152522    
-56.1757     149.988      -56.2173      0.186183     0.286502     0.224272    
-56.2341     -56.2173     149.905       0.152522     0.224272     0.269765    

Bond Length
0.62477433    0.0068338946

BB bond length
0.62477433    0.0068338946

Water EE distance
0             0           

PEG EE distance
8.0546377     0.39527977  

BBB P2(x)
0.50273474    0.042926361 

BBB first bond length
0.62462949    0.0064849525

BBB second bond length
0.62501749    0.0061702232

BBB <phi**2>/<phi>**2
1.211776      0.028579675 

Time = 23000
Temperature
1.0072093     0.0087888142

Pressure
23.557779     0.081231557 

CM Mom
8.5447993e-17  1.5874825e-17 
-1.2212316e-17 2.0566653e-17 
1.3244056e-16  2.1180351e-17 
1.6074724e-16  1.6581065e-17 

CM Pos
7.5024115      0.0090675461  
7.4985898      0.016482601   
7.4965442      0.014046125   
12.988983      0.0078594465  

Stress
20.536       0.00510608   0.0184506     0.0757657    0.0618538    0.0669602   
0.00510608   20.5513      -0.0134761    0.0618538    0.115539     0.0716716   
0.0184506    -0.0134761   20.5481       0.0669602    0.0716716    0.101698    

Stress Spherical
0            0            0             0            0            0           
0            0            0             0            0            0           
0            0            0             0            0            0           

Inertia
149.906      -56.2245     -56.2589      0.144862     0.159383     0.117695    
-56.2245     149.993      -56.2303      0.159383     0.235369     0.101211    
-56.2589     -56.2303     150.003       0.117695     0.101211     0.310187    

Bond Length
0.62068835    0.0078983956

BB bond length
0.62068835    0.0078983956

Water EE distance
0             0           

PEG EE distance
8.2257334     0.47319174  

BBB P2(x)
0.50540698    0.02493861  

BBB first bond length
0.62104362    0.0080941106

BBB second bond length
0.62053307    0.0079499644

BBB <phi**2>/<phi>**2
1.2296273     0.031415512 

Time = 24000
Temperature
1.0103417     0.0048614775

Pressure
23.514255     0.088645892 

CM Mom
7.7225662e-17  1.9302118e-17 
2.7932914e-18  9.7103702e-18 
1.480894e-16   1.2520474e-17 
1.6808233e-16  1.655393e-17  

CM Pos
7.4958736      0.01335313    
7.5012644      0.016236981   
7.4986245      0.012453092   
12.987951      0.013512774   

Stress
20.4883      -0.0184782   0.0210978     0.106293     0.0818764    0.0365131   
-0.0184782   20.5429      -0.0177739    0.0818764    0.0995334    0.0484765   
0.0210978    -0.0177739   20.4454       0.0365131    0.0484765    0.0961433   

Stress Spherical
0            0            0             0            0            0           
0            0            0             0            0            0           
0            0            0             0            0            0           

Inertia
150.002      -56.2515     -56.2178      0.349847     0.119848     0.167294    
-56.2515     149.939      -56.2524      0.119848     0.333689     0.120841    
-56.2178     -56.2524     149.957       0.167294     0.120841     0.219027    

Bond Length
0.61795201    0.0062817749

BB bond length
0.61795201    0.0062817749

Water EE distance
0             0           

PEG EE distance
7.0048463     0.4093355   

BBB P2(x)
0.50157297    0.026578114 

BBB first bond length
0.61785417    0.0050137886

BBB second bond length
0.61793151    0.0063309176

BBB <phi**2>/<phi>**2
1.231463      0.028767006 

Time = 25000
Temperature
1.0111448     0.01009788  

Pressure
23.598886     0.11120061  

CM Mom
5.9837323e-17  2.317021e-17  
7.8084036e-18  1.9374375e-17 
1.3702277e-16  2.3167728e-17 
1.5280139e-16  2.2746858e-17 

CM Pos
7.491416       0.012933168   
7.5008186      0.01592047    
7.4946126      0.013096869   
12.9828        0.017811189   

Stress
20.6025      -0.0259992   0.0206597     0.120554     0.0915753    0.0660614   
-0.0259992   20.5349      -0.0306703    0.0915753    0.0939914    0.0446125   
0.0206597    -0.0306703   20.5859       0.0660614    0.0446125    0.101465    

Stress Spherical
0            0            0             0            0            0           
0            0            0             0            0            0           
0            0            0             0            0            0           

Inertia
149.943      -56.2214     -56.1153      0.368534     0.218522     0.156015    
-56.2214     149.791      -56.1897      0.218522     0.309443     0.188179    
-56.1153     -56.1897     149.873       0.156015     0.188179     0.31844     

Bond Length
0.62174004    0.0076008607

BB bond length
0.62174004    0.0076008607

Water EE distance
0             0           

PEG EE distance
7.3962611     0.35654968  

BBB P2(x)
0.49518925    0.038837316 

BBB first bond length
0.6208725     0.007927286 

BBB second bond length
0.621202      0.0077869692

BBB <phi**2>/<phi>**2
1.2313098     0.024687567 

Time = 26000
Temperature
1.0121877     0.0051934263

Pressure
23.523682     0.066480531 

CM Mom
1.1851727e-17  1.9803689e-17 
-2.0522217e-17 1.8247676e-17 
1.6901757e-16  1.7894422e-17 
1.7282332e-16  1.7493969e-17 

CM Pos
7.5070178      0.011794775   
7.5095853      0.010682876   
7.5004075      0.013153222   
13.000215      0.011408248   

Stress
20.498       -0.00222567  -0.0122763    0.0699454    0.080263     0.0811865   
-0.00222567  20.4869      0.0132568     0.080263     0.104225     0.0901642   
-0.0122763   0.0132568    20.5035       0.0811865    0.0901642    0.0848185   

Stress Spherical
0            0            0             0            0            0           
0            0            0             0            0            0           
0            0            0             0            0            0           

Inertia
150.144      -56.3752     -56.2909      0.204653     0.132134     0.164631    
-56.3752     150.116      -56.3237      0.132134     0.234007     0.137192    
-56.2909     -56.3237     150.252       0.164631     0.137192     0.210006    

Bond Length
0.62233126    0.0055041896

BB bond length
0.62233126    0.0055041896

Water EE distance
0             0           

PEG EE distance
6.4983088     0.61856773  

BBB P2(x)
0.52045177    0.029385306 

BBB first bond length
0.6223318     0.0052941652

BBB second bond length
0.62201417    0.0057622779

BBB <phi**2>/<phi>**2
1.2284765     0.031369152 

Time = 27000
Temperature
1.0081124     0.006579589 

Pressure
23.551212     0.10047009  

CM Mom
-2.545354e-17  2.1504809e-17 
-7.4966174e-18 1.334955e-17  
1.6219979e-16  2.6613581e-17 
1.6668546e-16  2.4036662e-17 

CM Pos
7.5000341      0.0085098491  
7.490566       0.013197629   
7.5056081      0.012521164   
12.988206      0.012209449   

Stress
20.5732      0.0137175    6.49075e-05   0.133929     0.105694     0.0734269   
0.0137175    20.5421      -0.0172213    0.105694     0.08849      0.0505878   
6.49075e-05  -0.0172213   20.4922       0.0734269    0.0505878    0.171457    

Stress Spherical
0            0            0             0            0            0           
0            0            0             0            0            0           
0            0            0             0            0            0           

Inertia
149.956      -56.1723     -56.3315      0.27127      0.102605     0.152064    
-56.1723     150.104      -56.2518      0.102605     0.216902     0.138849    
-56.3315     -56.2518     149.869       0.152064     0.138849     0.292361    

Bond Length
0.61618818    0.0042154285

BB bond length
0.61618818    0.0042154285

Water EE distance
0             0           

PEG EE distance
5.7234213     0.37578201  

BBB P2(x)
0.52292024    0.02525683  

BBB first bond length
0.61678836    0.0044096142

BBB second bond length
0.61698836    0.0039556007

BBB <phi**2>/<phi>**2
1.2326436     0.021815719 

Time = 28000
Temperature
1.0105238     0.0065819186

Pressure
23.552502     0.097330326 

CM Mom
-1.6115005e-17 1.8127054e-17 
-3.47309e-18   1.8185584e-17 
1.5111165e-16  2.146877e-17  
1.5413872e-16  2.1632244e-17 

CM Pos
7.5006285      0.010531973   
7.4927948      0.019759465   
7.5002589      0.013764292   
12.986757      0.01122348    

Stress
20.5086      -0.01648     -0.00820547   0.140901     0.0530535    0.0566011   
-0.01648     20.5634      0.0350312     0.0530535    0.143556     0.0483406   
-0.00820547  0.0350312    20.5178       0.0566011    0.0483406    0.106707    

Stress Spherical
0            0            0             0            0            0           
