Time = 1000
Temperature
    1.293294    0.46075426

Pressure
   24.840282     2.4987822

CM Mom
3.8978256e-19  3.2676503e-17 
1.6946479e-17  3.4928074e-17 
1.9508533e-16  4.9123915e-16 
4.4438167e-16  2.9064442e-16 

CM Pos
9.9977717      0.014280569   
9.9954383      0.0097738642  
10.001316      0.010490468   
17.317357      0.01121639    

Stress
20.9724      -0.0146382   0.0255782     1.36851      0.0352307    0.0648712   
-0.0146382   20.9551      -0.0185604    0.0352307    1.33697      0.0573324   
0.0255782    -0.0185604   20.9706       0.0648712    0.0573324    1.36939     

Stress Spherical
0            0            0             0            0            0           
0            0            0             0            0            0           
0            0            0             0            0            0           

Inertia
267.475      -99.9229     -100.015      6.18152      0.161956     0.191729    
-99.9229     267.522      -100.009      0.161956     6.1038       0.169241    
-100.015     -100.009     267.396       0.191729     0.169241     6.09321     

Bond Length
0.62993436    0.024492584 

BB bond length
0.62993436    0.024492584 

Water EE distance
0             0           

PEG EE distance
8.7411958     0.23665028  

BBB P2(x)
0.12159994    0.032929464 

BBB first bond length
0.63017866    0.024991921 

BBB second bond length
0.63013178    0.024417459 

BBB <phi**2>/<phi>**2
1.1317082     0.011990704 

Time = 2000
Temperature
1.0205796     0.0093373615

Pressure
22.997072     0.10908297  

CM Mom
1.7576524e-17  1.294837e-17  
2.9574715e-17  1.9185e-17    
2.6805759e-17  1.6062906e-16 
1.5431325e-16  6.6535617e-17 

CM Pos
10.001193      0.015466      
10.001697      0.010583007   
10.005322      0.011686388   
17.325259      0.013602323   

Stress
19.9226      -0.0124917   0.0152932     0.0711899    0.0687062    0.0423689   
-0.0124917   19.9355      0.00140904    0.0687062    0.0981808    0.0331595   
0.0152932    0.00140904   19.9613       0.0423689    0.0331595    0.141099    

Stress Spherical
0            0            0             0            0            0           
0            0            0             0            0            0           
0            0            0             0            0            0           

Inertia
266.741      -100.058     -100.08       1.18727      0.189998     0.247433    
-100.058     266.714      -100.077      0.189998     0.993271     0.136023    
-100.08      -100.077     266.632       0.247433     0.136023     1.0452      

Bond Length
0.62205586    0.00093274623

BB bond length
0.62205586    0.00093274623

Water EE distance
0             0           

PEG EE distance
8.3644743     0.14974997  

BBB P2(x)
0.096535744   0.0071879834

BBB first bond length
0.62212776    0.00098080109

BBB second bond length
0.62213798    0.00091154599

BBB <phi**2>/<phi>**2
1.1245971     0.0020276358

Time = 3000
Temperature
1.0120598     0.0028882936

Pressure
22.873169     0.10048548  

CM Mom
1.9008603e-17  1.3731798e-17 
3.9448922e-17  3.1604271e-17 
3.925668e-17   5.8150251e-17 
8.1854379e-17  3.6432622e-17 

CM Pos
10.005867      0.016323942   
9.9933519      0.0090812734  
10.002819      0.011692346   
17.321697      0.011393224   

Stress
19.8684      0.0063608    0.00696872    0.0580495    0.0533903    0.060178    
0.0063608    19.8119      -0.000714659  0.0533903    0.151439     0.0565854   
0.00696872   -0.000714659 19.844        0.060178     0.0565854    0.114864    

Stress Spherical
0            0            0             0            0            0           
0            0            0             0            0            0           
0            0            0             0            0            0           

Inertia
266.526      -100.004     -100.096      0.544694     0.153883     0.171508    
-100.004     266.76       -99.9669      0.153883     0.465872     0.127549    
-100.096     -99.9669     266.581       0.171508     0.127549     0.268085    

Bond Length
0.62242657    0.00099121463

BB bond length
0.62242657    0.00099121463

Water EE distance
0             0           

PEG EE distance
8.0058258     0.12514899  

BBB P2(x)
0.084530413   0.0044035802

BBB first bond length
0.62251912    0.00096156598

BBB second bond length
0.62246592    0.00096785862

BBB <phi**2>/<phi>**2
1.1212202     0.0021104215

Time = 4000
Temperature
1.0131072     0.0052505993

Pressure
22.825582     0.047948137 

CM Mom
2.7406734e-17  1.8563239e-17 
5.2143073e-17  2.1063704e-17 
2.5167873e-17  3.6744476e-17 
7.7903336e-17  1.3151092e-17 

CM Pos
9.9990235      0.014107605   
10.000362      0.0074274984  
10.003653      0.0089452746  
17.322271      0.0082838392  

Stress
19.7847      -0.00544408  -0.0276997    0.0881265    0.0294933    0.0894207   
-0.00544408  19.7995      0.00527695    0.0294933    0.0682575    0.0635832   
-0.0276997   0.00527695   19.7879       0.0894207    0.0635832    0.0531363   

Stress Spherical
0            0            0             0            0            0           
0            0            0             0            0            0           
0            0            0             0            0            0           

Inertia
266.701      -100.035     -100.023      0.300129     0.147189     0.161201    
-100.035     266.668      -100.012      0.147189     0.303633     0.106866    
-100.023     -100.012     266.602       0.161201     0.106866     0.153988    

Bond Length
0.62228202    0.0013208475

BB bond length
0.62228202    0.0013208475

Water EE distance
0             0           

PEG EE distance
7.717986      0.12689695  

BBB P2(x)
0.077579093   0.0078202816

BBB first bond length
0.62239752    0.0013642869

BBB second bond length
0.62233083    0.0014204132

BBB <phi**2>/<phi>**2
1.1193532     0.0027870614

Time = 5000
Temperature
1.0117224     0.0060277101

Pressure
22.851775     0.063439655 

CM Mom
2.1980818e-17  1.7994123e-17 
5.967663e-17   1.8916729e-17 
2.0178703e-17  2.6928693e-17 
7.5334462e-17  1.3532964e-17 

CM Pos
9.9991904      0.0077212825  
9.9995276      0.011995773   
10.001483      0.0075039957  
17.320628      0.011330958   

Stress
19.8229      0.00102382   0.0291723     0.120108     0.0599014    0.05392     
0.00102382   19.8328      -0.000586595  0.0599014    0.06484      0.0570137   
0.0291723    -0.000586595 19.8073       0.05392      0.0570137    0.0692631   

Stress Spherical
0            0            0             0            0            0           
0            0            0             0            0            0           
0            0            0             0            0            0           

Inertia
266.661      -99.9696     -99.9714      0.278631     0.215101     0.124914    
-99.9696     266.655      -100.014      0.215101     0.130773     0.180445    
-99.9714     -100.014     266.604       0.124914     0.180445     0.326393    

Bond Length
0.62201046    0.00083791001

BB bond length
0.62201046    0.00083791001

Water EE distance
0             0           

PEG EE distance
7.4072592     0.10142418  

BBB P2(x)
0.076989745   0.0038654199

BBB first bond length
0.62213153    0.00073415797

BBB second bond length
0.62201175    0.0007359375

BBB <phi**2>/<phi>**2
1.1185462     0.0015576292

Time = 6000
Temperature
1.0116451     0.004044877 

Pressure
22.848016     0.046874287 

CM Mom
1.2857207e-17  2.808934e-17  
6.4302019e-17  1.156223e-17  
4.948009e-17   1.7914556e-17 
8.7730232e-17  1.718635e-17  

CM Pos
10.00545       0.011010057   
9.9952714      0.0084631804  
10.005322      0.0091834677  
17.324004      0.01025287    

Stress
19.7949      -0.0124866   -0.00246649   0.0578397    0.0549225    0.0340654   
-0.0124866   19.8434      -0.0105409    0.0549225    0.0763734    0.052471    
-0.00246649  -0.0105409   19.8142       0.0340654    0.052471     0.066512    

Stress Spherical
0            0            0             0            0            0           
0            0            0             0            0            0           
0            0            0             0            0            0           

Inertia
266.658      -100.036     -100.067      0.259855     0.164319     0.123264    
-100.036     266.856      -100.02       0.164319     0.276814     0.152616    
-100.067     -100.02      266.667       0.123264     0.152616     0.304932    

Bond Length
0.62266205    0.00094764315

BB bond length
0.62266205    0.00094764315

Water EE distance
0             0           

PEG EE distance
7.2767037     0.084585136 

BBB P2(x)
0.075204477   0.0042665944

BBB first bond length
0.62280102    0.00090293995

BBB second bond length
0.62268412    0.0010210361

BBB <phi**2>/<phi>**2
1.1175572     0.0021177353

Time = 7000
Temperature
1.0113088     0.0075028108

Pressure
22.876512     0.076290727 

CM Mom
1.8750953e-17  1.3057979e-17 
6.0648568e-17  1.49743e-17   
4.7667204e-17  1.4218174e-17 
8.1585114e-17  1.5581256e-17 

CM Pos
10.000609      0.012162981   
10.000362      0.0056484945  
9.9972272      0.0089588896  
17.319473      0.0089938608  

Stress
19.8025      0.0131919    0.0333243     0.0970605    0.0536383    0.0576363   
0.0131919    19.8753      0.0360329     0.0536383    0.110152     0.0550278   
0.0333243    0.0360329    19.8633       0.0576363    0.0550278    0.0706381   

Stress Spherical
0            0            0             0            0            0           
0            0            0             0            0            0           
0            0            0             0            0            0           

Inertia
266.59       -100.022     -99.9966      0.205649     0.160396     0.168354    
-100.022     266.61       -99.964       0.160396     0.346442     0.0707259   
-99.9966     -99.964      266.662       0.168354     0.0707259    0.218472    

Bond Length
0.6219207     0.00065148346

BB bond length
0.6219207     0.00065148346

Water EE distance
0             0           

PEG EE distance
7.1486837     0.051434338 

BBB P2(x)
0.076548692   0.0062122698

BBB first bond length
0.6219788     0.00065331703

BBB second bond length
0.62196604    0.00069335868

BBB <phi**2>/<phi>**2
1.1198062     0.0023525065

Time = 8000
Temperature
1.0161647     0.0048297233

Pressure
22.849332     0.078159593 

CM Mom
3.6998941e-18  1.0941458e-17 
8.0585329e-17  1.4347781e-17 
4.635129e-17   1.9411134e-17 
9.540039e-17   1.6039283e-17 

CM Pos
9.9973544      0.0051282425  
9.9989434      0.01020065    
10.001066      0.010804124   
17.318991      0.0096207941  

Stress
19.8031      0.0488872    -0.0164427    0.114719     0.0491093    0.0655951   
0.0488872    19.833       -0.00342068   0.0491093    0.0838248    0.0271635   
-0.0164427   -0.00342068  19.7797       0.0655951    0.0271635    0.0873199   

Stress Spherical
0            0            0             0            0            0           
0            0            0             0            0            0           
0            0            0             0            0            0           

Inertia
266.656      -99.9938     -99.94        0.283337     0.12303      0.127799    
-99.9938     266.608      -100.011      0.12303      0.228737     0.109414    
-99.94       -100.011     266.582       0.127799     0.109414     0.24643     

Bond Length
0.62261926    0.00081234378

BB bond length
0.62261926    0.00081234378

Water EE distance
0             0           

PEG EE distance
6.9054611     0.037480784 

BBB P2(x)
0.073573674   0.0046427006

BBB first bond length
0.62279234    0.00085769954

BBB second bond length
0.62266455    0.00084406806

BBB <phi**2>/<phi>**2
1.1186193     0.0027913539

Time = 9000
Temperature
1.0077491     0.0048346878

Pressure
22.810914     0.062646727 

CM Mom
9.7064022e-18  1.7421707e-17 
7.4386275e-17  1.3953897e-17 
5.7720131e-17  1.4369728e-17 
9.7190142e-17  1.4762725e-17 

CM Pos
9.9951846      0.011592743   
9.999611       0.0088383575  
9.9986459      0.0061717244  
17.316728      0.0067426685  

Stress
19.7698      0.00495977   -0.0165996    0.0618296    0.0372633    0.0651196   
0.00495977   19.8078      -0.0210945    0.0372633    0.0696843    0.054355    
-0.0165996   -0.0210945   19.7986       0.0651196    0.054355     0.0809785   

Stress Spherical
0            0            0             0            0            0           
0            0            0             0            0            0           
0            0            0             0            0            0           

Inertia
266.626      -99.9079     -99.9271      0.271834     0.104929     0.136804    
-99.9079     266.535      -99.945       0.104929     0.176636     0.124506    
-99.9271     -99.945      266.563       0.136804     0.124506     0.298767    

Bond Length
0.62251975    0.0010306704

BB bond length
0.62251975    0.0010306704

Water EE distance
0             0           

PEG EE distance
6.9051227     0.05897173  

BBB P2(x)
0.073673413   0.0040152546

BBB first bond length
0.62259669    0.0011342643

BBB second bond length
0.6225742     0.0010511538

BBB <phi**2>/<phi>**2
1.1182074     0.0019368472

Time = 10000
Temperature
1.0105859     0.0055608189

Pressure
22.839598     0.052067691 

CM Mom
-1.3161748e-18 1.6692855e-17 
8.2157691e-17  1.5365628e-17 
5.0596683e-17  1.357566e-17  
9.8971109e-17  1.4677019e-17 

CM Pos
10.002946      0.015198214   
9.9989434      0.007969847   
9.999397       0.010275481   
17.321259      0.011280062   

Stress
19.8455      0.0183514    0.019164      0.0605012    0.0560672    0.0379611   
0.0183514    19.8014      -0.000348766  0.0560672    0.072871     0.0397665   
0.019164     -0.000348766 19.7899       0.0379611    0.0397665    0.0718786   

Stress Spherical
0            0            0             0            0            0           
0            0            0             0            0            0           
0            0            0             0            0            0           

Inertia
266.618      -100.041     -100.017      0.181513     0.172991     0.197208    
-100.041     266.705      -100.045      0.172991     0.422561     0.119521    
-100.017     -100.045     266.696       0.197208     0.119521     0.318009    

Bond Length
0.62229548    0.00062020414

BB bond length
0.62229548    0.00062020414

Water EE distance
0             0           

PEG EE distance
6.7933587     0.084423599 

BBB P2(x)
0.068411052   0.0033217066

BBB first bond length
0.62234435    0.00058289466

BBB second bond length
0.62240573    0.00061790574

BBB <phi**2>/<phi>**2
1.1167831     0.0013140324

Time = 11000
Temperature
1.0084075     0.0044929827

Pressure
22.831449     0.058669034 

CM Mom
-1.9488549e-18 1.3816295e-17 
8.626558e-17   1.4558842e-17 
3.3258713e-17  1.6106919e-17 
9.4672848e-17  1.5843768e-17 

CM Pos
9.9947673      0.010881526   
9.9958555      0.013904972   
10.002986      0.0077217335  
17.316828      0.0080080067  

Stress
19.8104      0.000608425  0.0137865     0.0957925    0.030609     0.0295241   
0.000608425  19.786       -0.0132866    0.030609     0.0591091    0.0575114   
0.0137865    -0.0132866   19.8355       0.0295241    0.0575114    0.0786618   

Stress Spherical
0            0            0             0            0            0           
0            0            0             0            0            0           
0            0            0             0            0            0           

Inertia
266.65       -99.8502     -100.02       0.30942      0.144758     0.158455    
-99.8502     266.627      -99.9865      0.144758     0.349431     0.14283     
-100.02      -99.9865     266.474       0.158455     0.14283      0.249374    

Bond Length
0.62277103    0.00076975467

BB bond length
0.62277103    0.00076975467

Water EE distance
0             0           

PEG EE distance
6.7889906     0.052085746 

BBB P2(x)
0.071300823   0.0053553212

BBB first bond length
0.62285369    0.000775143 

BBB second bond length
0.62294735    0.00080922101

BBB <phi**2>/<phi>**2
1.1174962     0.0028342641

Time = 12000
Temperature
1.0092913     0.0046532611

Pressure
22.839351     0.054107952 

CM Mom
-1.1177975e-17 1.4425205e-17 
9.2293282e-17  1.5454037e-17 
4.9069171e-17  2.0119634e-17 
1.0823241e-16  1.3720012e-17 

CM Pos
10.00136       0.012220964   
10.00103       0.013950977   
9.9996474      0.01267885    
17.321693      0.014758358   

Stress
19.8113      0.0137854    0.0309843     0.0819147    0.0553916    0.0486218   
0.0137854    19.8049      0.0115943     0.0553916    0.0814208    0.0393336   
0.0309843    0.0115943    19.8315       0.0486218    0.0393336    0.0833573   

Stress Spherical
0            0            0             0            0            0           
0            0            0             0            0            0           
0            0            0             0            0            0           

Inertia
266.665      -100.072     -100.016      0.444126     0.238264     0.194688    
-100.072     266.661      -100.025      0.238264     0.330629     0.209599    
-100.016     -100.025     266.699       0.194688     0.209599     0.391863    

Bond Length
0.62246627    0.00097648608

BB bond length
0.62246627    0.00097648608

Water EE distance
0             0           

PEG EE distance
6.8635342     0.044540675 

BBB P2(x)
0.06966009    0.0079833343

BBB first bond length
0.62253718    0.0010499701

BBB second bond length
0.62263081    0.00099628693

BBB <phi**2>/<phi>**2
1.1172182     0.003100708 

Time = 13000
Temperature
1.0077332     0.0059542754

Pressure
22.835927     0.052911606 

CM Mom
1.9415005e-18  1.9061614e-17 
1.0981294e-16  1.4558486e-17 
3.9846768e-17  1.0025716e-17 
1.1851182e-16  1.6768244e-17 

CM Pos
9.997104       0.004498064   
10.000446      0.015585326   
10.001066      0.0089728721  
17.319714      0.0126157     

Stress
19.8072      -0.00587409  0.0118399     0.0853611    0.0405044    0.0429406   
-0.00587409  19.8264      -0.037891     0.0405044    0.113281     0.0475073   
0.0118399    -0.037891    19.8177       0.0429406    0.0475073    0.0683473   

Stress Spherical
0            0            0             0            0            0           
0            0            0             0            0            0           
0            0            0             0            0            0           

Inertia
266.688      -99.9452     -99.9695      0.351643     0.214282     0.0971705   
-99.9452     266.621      -100.014      0.214282     0.232077     0.224455    
-99.9695     -100.014     266.61        0.0971705    0.224455     0.35213     

Bond Length
0.62187617    0.00089125965

BB bond length
0.62187617    0.00089125965

Water EE distance
0             0           

PEG EE distance
6.6974266     0.057999731 

BBB P2(x)
0.067482546   0.0032966544

BBB first bond length
0.62202891    0.00089726981

BBB second bond length
0.62192489    0.00092057396

BBB <phi**2>/<phi>**2
1.1159379     0.0023044381

Time = 14000
Temperature
1.0093775     0.0067015708

Pressure
22.853259     0.059819031 

CM Mom
8.0265905e-18  7.1426018e-18 
9.5309161e-17  2.2109381e-17 
3.2172088e-17  1.2274573e-17 
1.0249986e-16  1.917264e-17  

CM Pos
9.9981889      0.009859004   
10.001864      0.012707383   
9.9988963      0.0060434357  
17.319906      0.012051868   

Stress
19.787       0.0260648    0.0334877     0.0734913    0.052749     0.0513236   
0.0260648    19.8356      -0.00978015   0.052749     0.0702318    0.0445355   
0.0334877    -0.00978015  19.866        0.0513236    0.0445355    0.105793    

Stress Spherical
0            0            0             0            0            0           
0            0            0             0            0            0           
0            0            0             0            0            0           

Inertia
266.686      -100.028     -99.9651      0.330892     0.216092     0.147744    
-100.028     266.607      -100.032      0.216092     0.272159     0.160734    
-99.9651     -100.032     266.672       0.147744     0.160734     0.387745    

Bond Length
0.62244987    0.00091765367

BB bond length
0.62244987    0.00091765367

Water EE distance
0             0           

PEG EE distance
6.551308      0.092192324 

BBB P2(x)
0.068635478   0.0056739238

BBB first bond length
0.62254728    0.00090691835

BBB second bond length
0.62252366    0.00092289004

BBB <phi**2>/<phi>**2
1.1152165     0.0020462939

Time = 15000
Temperature
1.0063234     0.0042546656

Pressure
22.844413     0.053133189 

CM Mom
7.5903074e-18  9.8700896e-18 
1.3029178e-16  1.5765377e-17 
3.1214918e-17  1.0614633e-17 
1.3506158e-16  1.4997972e-17 

CM Pos
10.002946      0.0095609758  
10.000863      0.010063515   
9.9930544      0.0091891539  
17.318703      0.011763692   

Stress
19.8533      0.0266677    -0.0139398    0.0541718    0.0680155    0.0521065   
0.0266677    19.8298      0.00826981    0.0680155    0.0696878    0.0407007   
-0.0139398   0.00826981   19.8064       0.0521065    0.0407007    0.1094      

Stress Spherical
0            0            0             0            0            0           
0            0            0             0            0            0           
0            0            0             0            0            0           

Inertia
266.54       -100.027     -99.9679      0.414134     0.181597     0.1839      
-100.027     266.593      -99.9443      0.181597     0.265759     0.215516    
-99.9679     -99.9443     266.746       0.1839       0.215516     0.347572    

Bond Length
0.62239361    0.00088510646

BB bond length
0.62239361    0.00088510646

Water EE distance
0             0           

PEG EE distance
6.4937908     0.13325689  

BBB P2(x)
0.075524299   0.0035783763

BBB first bond length
0.62245711    0.0008669036

BBB second bond length
0.62253658    0.00077145036

BBB <phi**2>/<phi>**2
1.1177945     0.001308583 

Time = 16000
Temperature
1.0121011     0.0059601699

Pressure
22.876579     0.05078263  

CM Mom
-2.7676125e-17 1.8386267e-17 
1.2212146e-16  1.5871089e-17 
4.9130206e-17  1.8004843e-17 
1.3682737e-16  1.6905269e-17 

CM Pos
9.9956853      0.0053018586  
9.9961059      0.0079189993  
9.9992301      0.0077284953  
17.315328      0.0047417742  

Stress
19.8481      -0.0181691   0.00187825    0.0597123    0.0410159    0.0596512   
-0.0181691   19.8732      0.0261142     0.0410159    0.0964333    0.061639    
0.00187825   0.0261142    19.8128       0.0596512    0.061639     0.0638541   

Stress Spherical
0            0            0             0            0            0           
0            0            0             0            0            0           
0            0            0             0            0            0           

Inertia
266.575      -99.9439     -99.9383      0.15529      0.102012     0.0893649   
-99.9439     266.556      -99.9615      0.102012     0.256133     0.0785539   
-99.9383     -99.9615     266.492       0.0893649    0.0785539    0.1423      

Bond Length
0.62268637    0.00091956907

BB bond length
0.62268637    0.00091956907

Water EE distance
0             0           

PEG EE distance
6.6801316     0.053490418 

BBB P2(x)
0.071163152   0.0051556387

BBB first bond length
0.62285135    0.00092952607

BBB second bond length
0.62276904    0.00085278502

BBB <phi**2>/<phi>**2
1.1174605     0.0025757653

Time = 17000
Temperature
1.0084898     0.0056539879

Pressure
22.864522     0.045279505 

CM Mom
-2.9416625e-17 2.3002344e-17 
9.1762608e-17  1.9011188e-17 
5.2530018e-17  1.4450466e-17 
1.1311789e-16  1.8676399e-17 

CM Pos
9.9981889      0.013486706   
10.002949      0.0087432845  
9.9936386      0.011506207   
17.317499      0.014647679   

Stress
19.8555      0.0159298    0.00350955    0.0541421    0.0341031    0.0640172   
0.0159298    19.8581      0.0262027     0.0341031    0.123026     0.0346265   
0.00350955   0.0262027    19.8168       0.0640172    0.0346265    0.0721952   

Stress Spherical
0            0            0             0            0            0           
0            0            0             0            0            0           
0            0            0             0            0            0           

Inertia
266.594      -99.9696     -99.9182      0.362725     0.178834     0.22454     
-99.9696     266.494      -99.9724      0.178834     0.507336     0.149263    
-99.9182     -99.9724     266.686       0.22454      0.149263     0.297349    

Bond Length
0.62172309    0.00089655725

BB bond length
0.62172309    0.00089655725

Water EE distance
0             0           

PEG EE distance
6.5530318     0.072733497 

BBB P2(x)
0.070921061   0.0030055212

BBB first bond length
0.62181691    0.00093376351

BBB second bond length
0.62179891    0.00093360458

BBB <phi**2>/<phi>**2
1.1173485     0.0018556008

Time = 18000
Temperature
1.0103312     0.0039202883

Pressure
22.843045     0.040647133 

CM Mom
-1.641896e-17  1.339102e-17  
1.0911688e-16  2.1012576e-17 
4.3075576e-17  8.385622e-18  
1.1985778e-16  1.8890757e-17 

CM Pos
9.9965198      0.0089945795  
10.002365      0.0095405572  
9.9988963      0.0092871623  
17.319232      0.0097226251  

Stress
19.7838      -0.00805108  -0.00109283   0.0538183    0.0407961    0.0600376   
-0.00805108  19.8353      0.0223779     0.0407961    0.0462017    0.0725209   
-0.00109283  0.0223779    19.8304       0.0600376    0.0725209    0.0643064   

Stress Spherical
0            0            0             0            0            0           
0            0            0             0            0            0           
0            0            0             0            0            0           

Inertia
266.696      -99.9879     -99.9383      0.253584     0.141848     0.139038    
-99.9879     266.564      -99.987       0.141848     0.342215     0.149188    
-99.9383     -99.987      266.637       0.139038     0.149188     0.212198    

Bond Length
0.62229057    0.00041722853

BB bond length
0.62229057    0.00041722853

Water EE distance
0             0           

PEG EE distance
6.5818052     0.071326688 

BBB P2(x)
0.06866012    0.0040400242

BBB first bond length
0.62246001    0.00048567702

BBB second bond length
0.622398      0.00045104066

BBB <phi**2>/<phi>**2
1.1164442     0.0024471341

Time = 19000
Temperature
1.0121756     0.0042123656

Pressure
22.836965     0.069368639 

CM Mom
-2.2592014e-17 2.1246684e-17 
9.8428232e-17  3.3457046e-17 
4.6097535e-17  1.4976125e-17 
1.1618584e-16  2.4888333e-17 

CM Pos
10.000526      0.010570825   
9.9990268      0.013871874   
9.9946401      0.013834671   
17.317167      0.010783982   

Stress
19.8365      0.0185741    0.00083322    0.0811831    0.045715     0.0587378   
0.0185741    19.7695      -0.0177201    0.045715     0.0650257    0.0446705   
0.00083322   -0.0177201   19.8085       0.0587378    0.0446705    0.108446    

Stress Spherical
0            0            0             0            0            0           
0            0            0             0            0            0           
0            0            0             0            0            0           

Inertia
266.55       -99.9904     -99.9855      0.281109     0.183017     0.188405    
-99.9904     266.568      -99.891       0.183017     0.403534     0.147875    
-99.9855     -99.891      266.666       0.188405     0.147875     0.323098    

Bond Length
0.62236914    0.00075910318

BB bond length
0.62236914    0.00075910318

Water EE distance
0             0           

PEG EE distance
6.5301918     0.15329734  

BBB P2(x)
0.069051765   0.0054372965

BBB first bond length
0.62246246    0.00079251906

BBB second bond length
0.6225423     0.00074137286

BBB <phi**2>/<phi>**2
1.115971      0.0029915415

Time = 20000
Temperature
1.0091687     0.0050626283

Pressure
22.870218     0.060849262 

CM Mom
-2.2168991e-17 1.0434786e-17 
9.4917814e-17  2.553445e-17  
5.6496292e-17  3.4708209e-17 
1.1726393e-16  3.012323e-17  

CM Pos
10.000275      0.013611361   
9.9990268      0.0082822556  
9.9945566      0.015099597   
17.316972      0.013358554   

Stress
19.8817      -0.0194276   0.0123024     0.0675792    0.054955     0.0381501   
-0.0194276   19.8263      0.00689349    0.054955     0.0724595    0.0471846   
0.0123024    0.00689349   19.8334       0.0381501    0.0471846    0.0745353   

Stress Spherical
0            0            0             0            0            0           
0            0            0             0            0            0           
0            0            0             0            0            0           

Inertia
266.568      -99.9899     -99.9629      0.449371     0.217938     0.22969     
-99.9899     266.564      -99.9688      0.217938     0.357204     0.197932    
-99.9629     -99.9688     266.668       0.22969      0.197932     0.335937    

Bond Length
0.6218641     0.00090641222

BB bond length
0.6218641     0.00090641222

Water EE distance
0             0           

PEG EE distance
6.2773918     0.071151467 

BBB P2(x)
0.069154108   0.0043236842

BBB first bond length
0.62188937    0.00094853916

BBB second bond length
0.62190956    0.00098802843

BBB <phi**2>/<phi>**2
1.1162453     0.0019542482

Time = 21000
Temperature
1.0121441     0.0041762529

Pressure
22.859593     0.050090502 

CM Mom
6.2448018e-18  1.9630095e-17 
1.1448246e-16  5.8493738e-18 
5.3981786e-17  1.9532462e-17 
1.2929574e-16  1.19561e-17   

CM Pos
9.9977717      0.0088087574  
9.9960225      0.0077235373  
9.9990632      0.010195187   
17.31639       0.0057276771  

Stress
19.8045      -0.00689914  0.0214803     0.0508314    0.0526407    0.0559921   
-0.00689914  19.8503      -0.00314138   0.0526407    0.0628838    0.0256051   
0.0214803    -0.00314138  19.828        0.0559921    0.0256051    0.0759847   

Stress Spherical
0            0            0             0            0            0           
0            0            0             0            0            0           
0            0            0             0            0            0           

Inertia
266.571      -99.9113     -100.001      0.254875     0.117152     0.0718859   
-99.9113     266.595      -99.9075      0.117152     0.181186     0.0975873   
-100.001     -99.9075     266.531       0.0718859    0.0975873    0.249385    

Bond Length
0.62213732    0.00083831661

BB bond length
0.62213732    0.00083831661

Water EE distance
0             0           

PEG EE distance
6.2336583     0.075413544 

BBB P2(x)
0.069691067   0.0073975588

BBB first bond length
0.62219017    0.00076318679

BBB second bond length
0.62217578    0.00083632604

BBB <phi**2>/<phi>**2
1.1168412     0.0029340018

Time = 22000
Temperature
1.0110311     0.0031505407

Pressure
22.84519      0.069072086 

CM Mom
-9.5920907e-18 3.6167962e-17 
1.3947672e-16  2.0113422e-17 
3.5895899e-17  2.0120055e-17 
1.503484e-16   1.8631308e-17 

CM Pos
9.9991069      0.0074872705  
10.003366      0.013854793   
10.000983      0.016059187   
17.322516      0.0086278227  

Stress
19.7928      -0.00187705  0.0069458     0.066752     0.0528518    0.0532446   
-0.00187705  19.8383      -0.00429233   0.0528518    0.0979498    0.0452331   
0.0069458    -0.00429233  19.8185       0.0532446    0.0452331    0.0815107   

Stress Spherical
0            0            0             0            0            0           
0            0            0             0            0            0           
0            0            0             0            0            0           

Inertia
266.757      -100.008     -100.047      0.318097     0.14561      0.196463    
-100.008     266.654      -100.048      0.14561      0.362097     0.21016     
-100.047     -100.048     266.713       0.196463     0.21016      0.241166    

Bond Length
0.6224496     0.00081837378

BB bond length
0.6224496     0.00081837378

Water EE distance
0             0           

PEG EE distance
6.1488985     0.12708494  

BBB P2(x)
0.070511258   0.0048503242

BBB first bond length
0.62253722    0.00084848378

BBB second bond length
0.62252541    0.00079978657

BBB <phi**2>/<phi>**2
1.1161772     0.0019389213

Time = 23000
Temperature
1.0128364     0.004017918 

Pressure
22.835388     0.049210434 

CM Mom
1.3821616e-17  2.4548681e-17 
1.2988961e-16  1.2389077e-17 
3.0169668e-17  1.1950458e-17 
1.368664e-16   1.1793425e-17 

CM Pos
10.002696      0.01209839    
9.9962728      0.011107988   
10.003987      0.016036619   
17.322223      0.015814395   

Stress
19.7991      -0.00746403  -0.00932837   0.0708727    0.0345034    0.0493238   
-0.00746403  19.8007      -0.0139517    0.0345034    0.0695721    0.0417199   
-0.00932837  -0.0139517   19.8042       0.0493238    0.0417199    0.0889659   

Stress Spherical
0            0            0             0            0            0           
0            0            0             0            0            0           
0            0            0             0            0            0           

Inertia
266.685      -99.9721     -100.047      0.393787     0.2655       0.253477    
-99.9721     266.81       -99.9892      0.2655       0.422841     0.196279    
-100.047     -99.9892     266.645       0.253477     0.196279     0.377171    

Bond Length
0.62266321    0.00089995045

BB bond length
0.62266321    0.00089995045

Water EE distance
0             0           

PEG EE distance
6.4149727     0.048593365 

BBB P2(x)
0.066529142   0.003342894 

BBB first bond length
0.62271933    0.00084252094

BBB second bond length
0.62273147    0.00083426364

BBB <phi**2>/<phi>**2
1.1154344     0.0012834054

Time = 24000
Temperature
1.0115089     0.00459306  

Pressure
22.845049     0.051224402 

CM Mom
1.3367382e-17  1.7454231e-17 
1.092393e-16   1.5388006e-17 
1.2514389e-17  2.1766035e-17 
1.1421207e-16  1.5470117e-17 

CM Pos
9.9960191      0.0078978632  
10.00345       0.010824733   
9.9991466      0.010282596   
17.319713      0.013107568   

Stress
19.7972      0.0088656    -0.0188706    0.0986302    0.0501078    0.0531736   
0.0088656    19.8254      0.00785727    0.0501078    0.0360051    0.0425774   
-0.0188706   0.00785727   19.8222       0.0531736    0.0425774    0.064592    

Stress Spherical
0            0            0             0            0            0           
0            0            0             0            0            0           
0            0            0             0            0            0           

Inertia
266.714      -99.9712     -99.95        0.372175     0.144926     0.201366    
-99.9712     266.562      -100.062      0.144926     0.324438     0.223393    
-99.95       -100.062     266.657       0.201366     0.223393     0.29725     

Bond Length
0.62237004    0.00094813494

BB bond length
0.62237004    0.00094813494

Water EE distance
0             0           

PEG EE distance
6.522284      0.048782077 

BBB P2(x)
0.071125542   0.0047543768

BBB first bond length
0.62244127    0.00095231439

BBB second bond length
0.62241461    0.00096415659

BBB <phi**2>/<phi>**2
1.1170354     0.0022313089

Time = 25000
Temperature
1.0136641     0.0038669567

Pressure
22.866077     0.042575458 

CM Mom
-1.7736699e-17 1.4761692e-17 
1.0881992e-16  2.2407862e-17 
2.9357558e-17  1.2406758e-17 
1.1582067e-16  2.1857541e-17 

CM Pos
9.99894        0.0075668458  
9.9980254      0.0088513501  
9.999397       0.011713473   
17.318412      0.010736852   

Stress
19.8339      -0.00586839  0.00908009    0.0797098    0.0550659    0.0455667   
-0.00586839  19.8541      0.00340814    0.0550659    0.0951856    0.0441458   
0.00908009   0.00340814   19.8005       0.0455667    0.0441458    0.0740397   

Stress Spherical
0            0            0             0            0            0           
0            0            0             0            0            0           
0            0            0             0            0            0           

Inertia
266.613      -99.9471     -99.9507      0.369445     0.101848     0.187674    
-99.9471     266.632      -99.9918      0.101848     0.274646     0.169538    
-99.9507     -99.9918     266.604       0.187674     0.169538     0.225659    

Bond Length
0.62242975    0.00071989649

BB bond length
0.62242975    0.00071989649

Water EE distance
0             0           

PEG EE distance
6.5834199     0.081336549 

BBB P2(x)
0.069736183   0.0078892396

BBB first bond length
0.62257164    0.00069499744

BBB second bond length
0.62248724    0.00072322519

BBB <phi**2>/<phi>**2
1.1175827     0.0036204533

Time = 26000
Temperature
1.0112204     0.0066825596

Pressure
22.87352      0.058015312 

CM Mom
1.9054235e-18  4.7503592e-17 
1.2443821e-16  1.3257123e-17 
1.6007665e-17  1.2113792e-17 
1.3382775e-16  2.0346131e-17 

CM Pos
10.001193      0.015573703   
9.9992772      0.0081101811  
9.9956415      0.0096335459  
17.31827       0.013051976   

Stress
19.8436      0.00926897   -0.000693647  0.0631599    0.0663012    0.0440883   
0.00926897   19.8341      -0.0335692    0.0663012    0.0464149    0.0485317   
-0.000693647 -0.0335692   19.8552       0.0440883    0.0485317    0.0858658   

Stress Spherical
0            0            0             0            0            0           
0            0            0             0            0            0           
0            0            0             0            0            0           

Inertia
266.578      -100.014     -99.9678      0.307204     0.210666     0.216342    
-100.014     266.621      -99.9367      0.210666     0.302513     0.165475    
-99.9678     -99.9367     266.684       0.216342     0.165475     0.398677    

Bond Length
0.62213363    0.00094940173

BB bond length
0.62213363    0.00094940173

Water EE distance
0             0           

PEG EE distance
6.4922797     0.051210976 

BBB P2(x)
0.072673062   0.0053910834

BBB first bond length
0.62219266    0.0010257983

BBB second bond length
0.62223348    0.0010091328

BBB <phi**2>/<phi>**2
1.1184002     0.0020902332

Time = 27000
Temperature
1.008635      0.0055255351

Pressure
22.814339     0.059296447 

CM Mom
-2.9462489e-17 1.5468013e-17 
1.3061132e-16  1.6032011e-17 
1.4116776e-17  1.3330237e-17 
1.3641429e-16  1.3847735e-17 

CM Pos
9.9985228      0.012857494   
9.999611       0.0058988014  
9.9952242      0.0094639633  
17.31668       0.0077426921  

Stress
19.7944      -0.0246343   -0.0145431    0.073094     0.0748654    0.0346455   
-0.0246343   19.8353      0.00736887    0.0748654    0.040374     0.0470771   
-0.0145431   0.00736887   19.7489       0.0346455    0.0470771    0.0920362   

Stress Spherical
0            0            0             0            0            0           
0            0            0             0            0            0           
0            0            0             0            0            0           

Inertia
266.562      -99.962      -99.9008      0.22878      0.145094     0.167132    
-99.962      266.543      -99.9465      0.145094     0.250904     0.149621    
-99.9008     -99.9465     266.637       0.167132     0.149621     0.278492    

Bond Length
0.62233674    0.0006499262

BB bond length
0.62233674    0.0006499262

Water EE distance
0             0           

PEG EE distance
6.2909178     0.06964469  

BBB P2(x)
0.071143253   0.0036517378

BBB first bond length
0.62250084    0.00068322715

BBB second bond length
0.62251779    0.00061423182

BBB <phi**2>/<phi>**2
1.1180152     0.0018629069

Time = 28000
Temperature
1.0097938     0.0048599807

Pressure
22.834124     0.055546892 

CM Mom
-3.4916665e-17 2.0024287e-17 
1.2780525e-16  1.3228704e-17 
1.3567282e-17  9.4058431e-18 
1.351351e-16   1.1847819e-17 

CM Pos
10.000609      0.014536756   
10.002198      0.010352799   
9.9982286      0.0048547597  
17.321113      0.011317404   

Stress
19.7754      -0.0183453   0.0103441     0.0565078    0.0304684    0.0345445   
-0.0183453   19.8598      -0.0145921    0.0304684    0.080604     0.0331883   
0.0103441    -0.0145921   19.7923       0.0345445    0.0331883    0.0609185   

Stress Spherical
