Time = 1000
Temperature
   1.0289684   0.042244407

Pressure
   23.533652    0.18380739

CM Mom
-1.3291782e-17 1.6575982e-17 
-2.6378516e-18 1.2658423e-17 
-2.7298205e-17 6.8030007e-17 
6.3712197e-17  4.3962011e-17 

CM Pos
7.4943027      0.020324525   
7.4915046      0.044800567   
7.5015204      0.030673582   
12.983181      0.019679214   

Stress
20.4132      0.0187525    0.0039404     0.116465     0.0291663    0.102956    
0.0187525    20.4255      0.0484768     0.0291663    0.0945224    0.047854    
0.0039404    0.0484768    20.5262       0.102956     0.047854     0.0996559   

Stress Spherical
0            0            0             0            0            0           
0            0            0             0            0            0           
0            0            0             0            0            0           

Inertia
149.888      -56.1864     -56.1987      0.207135     0.47593      0.095858    
-56.1864     149.929      -56.199       0.47593      0.414081     0.122646    
-56.1987     -56.199      149.773       0.095858     0.122646     0.745223    

Bond Length
0.62396008    0.005421841 

BB bond length
0.62396008    0.005421841 

Water EE distance
0             0           

PEG EE distance
7.1145927     0.45180592  

BBB P2(x)
0.49102492    0.044777736 

BBB first bond length
0.62372865    0.0056965477

BBB second bond length
0.62453189    0.0051793014

BBB <phi**2>/<phi>**2
1.2258387     0.010405073 

Time = 2000
Temperature
1.0100928     0.0086606312

Pressure
23.503616     0.081973625 

CM Mom
2.5607803e-17  1.3827789e-17 
-2.5037739e-17 2.1439503e-17 
-3.3157166e-17 1.7866843e-17 
5.7324493e-17  8.1260219e-18 

CM Pos
7.5078202      0.011643445   
7.4984862      0.013937854   
7.4940932      0.015437173   
12.990634      0.0087765518  

Stress
20.4527      0.0121363    0.0157146     0.103798     0.0771755    0.116431    
0.0121363    20.5193      -0.0186019    0.0771755    0.0738235    0.0810294   
0.0157146    -0.0186019   20.4722       0.116431     0.0810294    0.135226    

Stress Spherical
0            0            0             0            0            0           
0            0            0             0            0            0           
0            0            0             0            0            0           

Inertia
149.856      -56.2942     -56.2751      0.260153     0.138773     0.128465    
-56.2942     149.982      -56.2259      0.138773     0.241902     0.150876    
-56.2751     -56.2259     150.063       0.128465     0.150876     0.286372    

Bond Length
0.62077741    0.003235298 

BB bond length
0.62077741    0.003235298 

Water EE distance
0             0           

PEG EE distance
7.1821391     0.36854574  

BBB P2(x)
0.51177081    0.012087834 

BBB first bond length
0.62083485    0.0032932423

BBB second bond length
0.62081365    0.0030604444

BBB <phi**2>/<phi>**2
1.2186073     0.017671234 

