Time = 1000
Temperature
   1.1672659    0.26071513

Pressure
   23.854919     1.2066967

CM Mom
-4.6274662e-17 2.6933564e-17 
-2.2514182e-17 4.8459125e-17 
1.7256212e-16  4.2799132e-16 
2.5212688e-16  3.9383782e-16 

CM Pos
7.4943366      0.013851423   
7.493564       0.035107371   
7.5018587      0.02234184    
12.984532      0.017904714   

Stress
20.3678      -0.0082581   -0.0146404    0.442986     0.0742161    0.0928224   
-0.0082581   20.3392      -0.00477269   0.0742161    0.459662     0.0754393   
-0.0146404   -0.00477269  20.3648       0.0928224    0.0754393    0.436408    

Stress Spherical
0            0            0             0            0            0           
0            0            0             0            0            0           
0            0            0             0            0            0           

Inertia
150.124      -56.1351     -56.1868      1.33022      0.340225     0.158481    
-56.1351     150.115      -56.2524      0.340225     1.6498       0.182845    
-56.1868     -56.2524     149.983       0.158481     0.182845     0.82541     

Bond Length
0.61884415    0.010082224 

BB bond length
0.61884415    0.010082224 

Water EE distance
0             0           

PEG EE distance
6.6923126     0.19413319  

BBB P2(x)
0.47194539    0.065741912 

BBB first bond length
0.61883021    0.010349747 

BBB second bond length
0.61898797    0.0099609522

BBB <phi**2>/<phi>**2
1.2156254     0.014531626 

Time = 2000
Temperature
1.012535      0.0069736491

Pressure
23.07085      0.10117966  

CM Mom
-6.0257566e-17 1.4465675e-17 
-3.4589491e-17 1.228422e-17  
3.0815742e-18  4.4467521e-17 
8.2961912e-17  1.7080472e-17 

CM Pos
7.5014561      0.012767064   
7.498162       0.013546288   
7.4888062      0.017934934   
12.983717      0.016101602   

Stress
20.0819      0.0180765    -0.0590022    0.103667     0.0797243    0.0898474   
0.0180765    20.0199      0.0601939     0.0797243    0.113539     0.0777533   
-0.0590022   0.0601939    20.0087       0.0898474    0.0777533    0.164422    

Stress Spherical
0            0            0             0            0            0           
0            0            0             0            0            0           
0            0            0             0            0            0           

Inertia
149.693      -56.2418     -56.2003      0.369566     0.186825     0.166049    
-56.2418     149.731      -56.1694      0.186825     0.422082     0.163972    
-56.2003     -56.1694     149.871       0.166049     0.163972     0.246537    

Bond Length
0.61821894    0.0015208703

BB bond length
0.61821894    0.0015208703

Water EE distance
0             0           

PEG EE distance
7.0330359     0.13723363  

BBB P2(x)
0.51600302    0.0096471085

BBB first bond length
0.61813937    0.0015539282

BBB second bond length
0.61824073    0.0015065551

BBB <phi**2>/<phi>**2
1.2284543     0.0038984045

