Time = 1000
Temperature
   1.1278685    0.18520913

Pressure
   23.762512    0.87553942

CM Mom
-4.1480812e-17 2.3904136e-17 
-1.2736945e-17 4.4676611e-17 
-2.064122e-16  2.664742e-16  
2.6077388e-16  2.2374488e-16 

CM Pos
7.5046192      0.019500928   
7.4970748      0.0082305392  
7.5025003      0.01290632    
12.992819      0.015207666   

Stress
20.3574      -0.0119644   0.0263969     0.290452     0.0779528    0.0660969   
-0.0119644   20.4105      -0.00973077   0.0779528    0.343727     0.0727002   
0.0263969    -0.00973077  20.3778       0.0660969    0.0727002    0.363535    

Stress Spherical
0            0            0             0            0            0           
0            0            0             0            0            0           
0            0            0             0            0            0           

Inertia
150.13       -56.2786     -56.2883      1.43254      0.144328     0.180827    
-56.2786     150.239      -56.2475      0.144328     1.15876      0.170263    
-56.2883     -56.2475     150.172       0.180827     0.170263     1.16242     

Bond Length
0.61962204    0.0083834288

BB bond length
0.61962204    0.0083834288

Water EE distance
0             0           

PEG EE distance
7.1410742     0.11663716  

BBB P2(x)
0.476861      0.062919833 

BBB first bond length
0.61954693    0.0083826197

BBB second bond length
0.61968924    0.0084940788

BBB <phi**2>/<phi>**2
1.2137677     0.016500611 

Time = 2000
Temperature
1.0136623     0.0067465472

Pressure
23.211313     0.083082765 

CM Mom
-4.5444542e-17 1.7621289e-17 
-6.3085219e-18 1.9346441e-17 
-2.4425322e-17 3.5671071e-17 
6.4309951e-17  2.2870294e-17 

CM Pos
7.5029882      0.015495787   
7.51042        0.010252784   
7.50339        0.016752354   
13.000101      0.010108841   

Stress
20.1565      -0.0103642   0.0220829     0.0917312    0.0565117    0.0457972   
-0.0103642   20.1858      0.000408903   0.0565117    0.13872      0.064396    
0.0220829    0.000408903  20.1768       0.0457972    0.064396     0.129082    

Stress Spherical
0            0            0             0            0            0           
0            0            0             0            0            0           
0            0            0             0            0            0           

Inertia
150.078      -56.3502     -56.2789      0.342791     0.122217     0.151594    
-56.3502     149.984      -56.3986      0.122217     0.273178     0.152275    
-56.2789     -56.3986     150.079       0.151594     0.152275     0.360644    

Bond Length
0.61859135    0.0019186982

BB bond length
0.61859135    0.0019186982

Water EE distance
0             0           

PEG EE distance
7.1941662     0.1360471   

BBB P2(x)
0.52045983    0.0094868948

BBB first bond length
0.61827337    0.0019490291

BBB second bond length
0.61840071    0.0018475082

BBB <phi**2>/<phi>**2
1.2294144     0.0070872299

Time = 3000
Temperature
1.0105855     0.0051722518

Pressure
23.178685     0.082393067 

CM Mom
-3.0725664e-17 1.4059054e-17 
-1.1556935e-17 1.2480075e-17 
-1.8235243e-17 2.2652571e-17 
4.5028432e-17  1.5784226e-17 

CM Pos
7.4972053      0.011032666   
7.503006       0.012174317   
7.494938       0.011562984   
12.987588      0.015206271   

Stress
20.1314      -0.0215036   0.0183537     0.135475     0.0642958    0.047285    
-0.0215036   20.1575      0.0391233     0.0642958    0.09274      0.0497972   
0.0183537    0.0391233    20.16         0.047285     0.0497972    0.120137    

Stress Spherical
0            0            0             0            0            0           
0            0            0             0            0            0           
0            0            0             0            0            0           

Inertia
149.92       -56.2526     -56.2055      0.263267     0.187217     0.150738    
-56.2526     149.827      -56.2251      0.187217     0.212885     0.152588    
-56.2055     -56.2251     149.958       0.150738     0.152588     0.31416     

Bond Length
0.61879715    0.0016412293

BB bond length
0.61879715    0.0016412293

Water EE distance
0             0           

PEG EE distance
7.2279428     0.13610441  

BBB P2(x)
0.5174279     0.011737862 

BBB first bond length
0.61866558    0.0015256646

BBB second bond length
0.61863583    0.0017337489

BBB <phi**2>/<phi>**2
1.2277928     0.0068505219

Time = 4000
Temperature
1.0070838     0.0072554533

Pressure
23.192295     0.10086922  

CM Mom
-2.0426249e-17 2.018795e-17  
4.126296e-18   1.3320852e-17 
-1.7405813e-17 1.1683238e-17 
3.6117652e-17  1.2419019e-17 

CM Pos
7.5025433      0.0089999946  
7.503006       0.018136887   
7.4998313      0.015063375   
12.993499      0.018695866   

Stress
20.1587      0.025948     0.0113946     0.128191     0.0805185    0.0574518   
0.025948     20.2067      0.00658261    0.0805185    0.126077     0.0752937   
0.0113946    0.00658261   20.1558       0.0574518    0.0752937    0.0966378   

Stress Spherical
0            0            0             0            0            0           
0            0            0             0            0            0           
0            0            0             0            0            0           

Inertia
149.997      -56.3197     -56.3069      0.423519     0.160104     0.20408     
-56.3197     150.006      -56.2683      0.160104     0.289418     0.23243     
-56.3069     -56.2683     150.067       0.20408      0.23243      0.307895    

Bond Length
0.61762004    0.0015348476

BB bond length
0.61762004    0.0015348476

Water EE distance
0             0           

PEG EE distance
7.1109811     0.12338896  

BBB P2(x)
0.52038179    0.0095455927

BBB first bond length
0.61754693    0.0016391167

BBB second bond length
0.61772482    0.001632309 

BBB <phi**2>/<phi>**2
1.2244704     0.0095413712

Time = 5000
Temperature
1.0094388     0.0053602956

Pressure
23.135594     0.07135878  

CM Mom
-5.536738e-17  1.4387451e-17 
2.66836e-17    1.3333478e-17 
-2.8787218e-17 1.3411911e-17 
7.0675204e-17  1.3264256e-17 

CM Pos
7.5037296      0.015745627   
7.5001887      0.012115479   
7.5047245      0.012687254   
12.995387      0.012500566   

Stress
20.1194      0.0161912    0.016338      0.123507     0.0607921    0.0995652   
0.0161912    20.0996      0.0392151     0.0607921    0.0905968    0.0723402   
0.016338     0.0392151    20.111        0.0995652    0.0723402    0.134322    

Stress Spherical
0            0            0             0            0            0           
0            0            0             0            0            0           
0            0            0             0            0            0           

Inertia
150.046      -56.2817     -56.294       0.293702     0.111834     0.121574    
-56.2817     150.108      -56.2806      0.111834     0.265767     0.127359    
-56.294      -56.2806     150.051       0.121574     0.127359     0.257289    

Bond Length
0.6198031     0.0014564628

BB bond length
0.6198031     0.0014564628

Water EE distance
0             0           

PEG EE distance
7.4151183     0.10159568  

BBB P2(x)
0.51600146    0.010886222 

BBB first bond length
0.6199124     0.0014757039

BBB second bond length
0.61991909    0.0013526508

BBB <phi**2>/<phi>**2
1.22736       0.0093702954

Time = 6000
Temperature
1.0109479     0.0062522293

Pressure
23.161317     0.077919876 

CM Mom
-5.5415121e-18 2.3958321e-17 
1.7745076e-17  1.5880303e-17 
-5.7942096e-17 1.6269848e-17 
6.6777768e-17  1.8289487e-17 

CM Pos
7.5006157      0.014982147   
7.4949989      0.0097696123  
7.4979036      0.011581984   
12.986651      0.012482428   

Stress
20.1673      0.0227194    0.0541272     0.129016     0.077179     0.0545714   
0.0227194    20.0833      0.0245828     0.077179     0.0754503    0.0753267   
0.0541272    0.0245828    20.1429       0.0545714    0.0753267    0.126689    

Stress Spherical
0            0            0             0            0            0           
0            0            0             0            0            0           
0            0            0             0            0            0           

Inertia
149.863      -56.1632     -56.2511      0.215052     0.189731     0.136991    
-56.1632     149.97       -56.2122      0.189731     0.248896     0.120975    
-56.2511     -56.2122     149.935       0.136991     0.120975     0.352336    

Bond Length
0.61773484    0.001288342 

BB bond length
0.61773484    0.001288342 

Water EE distance
0             0           

PEG EE distance
7.3776633     0.059714172 

BBB P2(x)
0.51934249    0.0091749282

BBB first bond length
0.61798412    0.0011612582

BBB second bond length
0.61767343    0.0012984855

BBB <phi**2>/<phi>**2
1.2269678     0.008677556 

Time = 7000
Temperature
1.0095946     0.0060028949

Pressure
23.189406     0.10501614  

CM Mom
2.0446004e-17  1.103417e-17  
1.6498599e-17  2.4951846e-17 
-6.0531903e-17 1.7296263e-17 
6.9968078e-17  2.2412731e-17 

CM Pos
7.5019502      0.013622401   
7.500337       0.018081036   
7.5005727      0.010235614   
12.992048      0.014105522   

Stress
20.1242      0.00130851   0.0567616     0.101211     0.108609     0.0732625   
0.00130851   20.1578      0.00944094    0.108609     0.167715     0.0452346   
0.0567616    0.00944094   20.208        0.0732625    0.0452346    0.114061    

Stress Spherical
0            0            0             0            0            0           
0            0            0             0            0            0           
0            0            0             0            0            0           

Inertia
149.981      -56.2842     -56.2471      0.253761     0.187757     0.0970585   
-56.2842     150.037      -56.2344      0.187757     0.308096     0.114079    
-56.2471     -56.2344     150.046       0.0970585    0.114079     0.34488     

Bond Length
0.61773483    0.0022949519

BB bond length
0.61773483    0.0022949519

Water EE distance
0             0           

PEG EE distance
7.3693544     0.11320939  

BBB P2(x)
0.5184511     0.0075690281

BBB first bond length
0.6173866     0.0022768061

BBB second bond length
0.61791059    0.0021484977

BBB <phi**2>/<phi>**2
1.2267082     0.006510947 

Time = 8000
Temperature
1.0060966     0.0083902091

Pressure
23.138251     0.090192767 

CM Mom
2.5785577e-17  1.331712e-17  
3.2403592e-17  3.4634295e-17 
-5.9043361e-17 9.5767071e-18 
7.9146677e-17  2.0134652e-17 

CM Pos
7.5018019      0.0097786104  
7.4988542      0.016821117   
7.5039831      0.01912524    
12.993083      0.011951479   

Stress
20.11        -0.00981424  0.0120267     0.119885     0.0587938    0.0676198   
-0.00981424  20.1431      0.0530685     0.0587938    0.109093     0.0869282   
0.0120267    0.0530685    20.1148       0.0676198    0.0869282    0.0872353   

Stress Spherical
0            0            0             0            0            0           
0            0            0             0            0            0           
0            0            0             0            0            0           

Inertia
150.028      -56.239      -56.2917      0.410131     0.11615      0.13162     
-56.239      150.084      -56.2616      0.11615      0.244413     0.219676    
-56.2917     -56.2616     150.013       0.13162      0.219676     0.199546    

Bond Length
0.61859097    0.0020911558

BB bond length
0.61859097    0.0020911558

Water EE distance
0             0           

PEG EE distance
7.4019307     0.10907055  

BBB P2(x)
0.52019993    0.013806962 

BBB first bond length
0.6183625     0.0022091778

BBB second bond length
0.61860465    0.002205926 

BBB <phi**2>/<phi>**2
1.2266892     0.0045858069

Time = 9000
Temperature
1.0125141     0.005320594 

Pressure
23.168174     0.075553493 

CM Mom
3.5294798e-17  1.3106171e-17 
1.8040027e-17  1.2932616e-17 
-4.3064493e-17 1.8142176e-17 
6.1436025e-17  1.7874382e-17 

CM Pos
7.5000226      0.0071743597  
7.4995956      0.015986752   
7.5005727      0.023717841   
12.990504      0.023009128   

Stress
20.1576      0.0159496    0.0120884     0.128239     0.0644243    0.0871794   
0.0159496    20.0665      -0.00903308   0.0644243    0.0728863    0.0787569   
0.0120884    -0.00903308  20.1759       0.0871794    0.0787569    0.0908321   

Stress Spherical
0            0            0             0            0            0           
0            0            0             0            0            0           
0            0            0             0            0            0           

Inertia
149.99       -56.2398     -56.2558      0.555994     0.159229     0.236637    
-56.2398     150.004      -56.2892      0.159229     0.446339     0.268635    
-56.2558     -56.2892     149.995       0.236637     0.268635     0.288242    

Bond Length
0.61806915    0.0013720068

BB bond length
0.61806915    0.0013720068

Water EE distance
0             0           

PEG EE distance
7.1443057     0.11668371  

BBB P2(x)
0.51154805    0.012794639 

BBB first bond length
0.61794443    0.0014124889

BBB second bond length
0.61802772    0.0014182426

BBB <phi**2>/<phi>**2
1.227079      0.0065120216

Time = 10000
Temperature
1.012239      0.0069288048

Pressure
23.195025     0.056026698 

CM Mom
3.6286382e-17  2.1465516e-17 
1.0115036e-17  2.596871e-17  
-2.4521541e-17 1.8729825e-17 
5.7305532e-17  1.4911271e-17 

CM Pos
7.4995777      0.016791682   
7.4991508      0.015893647   
7.4976071      0.012357157   
12.988285      0.013030108   

Stress
20.1072      -0.0173305   0.0450416     0.1033       0.0395028    0.0686232   
-0.0173305   20.2136      0.0665167     0.0395028    0.0965765    0.0778854   
0.0450416    0.0665167    20.1622       0.0686232    0.0778854    0.0614853   

Stress Spherical
0            0            0             0            0            0           
0            0            0             0            0            0           
0            0            0             0            0            0           

Inertia
149.935      -56.2247     -56.1971      0.20527      0.193979     0.136313    
-56.2247     149.926      -56.2422      0.193979     0.275778     0.133724    
-56.1971     -56.2422     149.957       0.136313     0.133724     0.390187    

Bond Length
0.61871388    0.0015975754

BB bond length
0.61871388    0.0015975754

Water EE distance
0             0           

PEG EE distance
7.1642581     0.13891766  

BBB P2(x)
0.51036164    0.0075356695

BBB first bond length
0.61851135    0.0015286831

BBB second bond length
0.61884323    0.0018389813

BBB <phi**2>/<phi>**2
1.2229941     0.0088324287

Time = 11000
Temperature
1.0076531     0.009221877 

Pressure
23.185816     0.11114729  

CM Mom
3.0776971e-17  3.1449636e-17 
1.2927908e-17  1.6463149e-17 
-7.7944988e-17 2.1156434e-17 
9.19468e-17    2.1053964e-17 

CM Pos
7.4995777      0.012947141   
7.5000404      0.022153343   
7.4977554      0.015240409   
12.988891      0.01413818    

Stress
20.1318      -0.00429854  0.0209152     0.150263     0.090663     0.062263    
-0.00429854  20.1668      -0.0152321    0.090663     0.180063     0.0460055   
0.0209152    -0.0152321   20.198        0.062263     0.0460055    0.120115    

Stress Spherical
0            0            0             0            0            0           
0            0            0             0            0            0           
0            0            0             0            0            0           

Inertia
149.965      -56.2634     -56.1922      0.370764     0.144083     0.161518    
-56.2634     149.943      -56.1942      0.144083     0.311652     0.202134    
-56.1922     -56.1942     149.983       0.161518     0.202134     0.314865    

Bond Length
0.61843245    0.0012507161

BB bond length
0.61843245    0.0012507161

Water EE distance
0             0           

PEG EE distance
7.1999641     0.18338548  

BBB P2(x)
0.5192154     0.009861842 

BBB first bond length
0.61860895    0.0011872846

BBB second bond length
0.61845885    0.001399235 

BBB <phi**2>/<phi>**2
1.2269184     0.0077190458

Time = 12000
Temperature
1.0068562     0.0079320539

Pressure
23.200059     0.067772984 

CM Mom
1.8024113e-17  1.234857e-17  
3.5762329e-17  1.7873924e-17 
-1.0354701e-16 1.9550071e-17 
1.1360478e-16  1.6550516e-17 

CM Pos
7.5062503      0.015084525   
7.5099752      0.009907054   
7.498645       0.013922532   
12.998986      0.0095478143  

Stress
20.1714      -0.0142763   -0.0214043    0.120252     0.0723571    0.0309337   
-0.0142763   20.2505      0.0437848     0.0723571    0.103405     0.0590808   
-0.0214043   0.0437848    20.1246       0.0309337    0.0590808    0.0869451   

Stress Spherical
0            0            0             0            0            0           
0            0            0             0            0            0           
0            0            0             0            0            0           

Inertia
150.129      -56.4263     -56.2843      0.178905     0.171561     0.162725    
-56.4263     150.06       -56.3189      0.171561     0.269377     0.117841    
-56.2843     -56.3189     150.233       0.162725     0.117841     0.318501    

Bond Length
0.61718426    0.0015186922

BB bond length
0.61718426    0.0015186922

Water EE distance
0             0           

PEG EE distance
7.1970636     0.0874117   

BBB P2(x)
0.5144508     0.011457028 

BBB first bond length
0.61713642    0.0016396234

BBB second bond length
0.61725286    0.0018748158

BBB <phi**2>/<phi>**2
1.2256385     0.0051955964

Time = 13000
Temperature
1.0087843     0.0076819192

Pressure
23.144476     0.066671121 

CM Mom
1.4130485e-17  1.7267753e-17 
2.6228895e-17  1.4356619e-17 
-1.2560688e-16 4.0160145e-17 
1.3172891e-16  3.7806493e-17 

CM Pos
7.5015054      0.0093086276  
7.5012267      0.012374937   
7.4982002      0.014893834   
12.990931      0.013296203   

Stress
20.055       0.0153855    -0.00633858   0.0894489    0.0714673    0.0526204   
0.0153855    20.1945      -0.0227636    0.0714673    0.0911218    0.102232    
-0.00633858  -0.0227636   20.1129       0.0526204    0.102232     0.113842    

Stress Spherical
0            0            0             0            0            0           
0            0            0             0            0            0           
0            0            0             0            0            0           

Inertia
149.991      -56.298      -56.2555      0.299762     0.165561     0.118443    
-56.298      149.985      -56.2665      0.165561     0.307997     0.151108    
-56.2555     -56.2665     150.036       0.118443     0.151108     0.29751     

Bond Length
0.61776234    0.0018569844

BB bond length
0.61776234    0.0018569844

Water EE distance
0             0           

PEG EE distance
7.2153122     0.12280721  

BBB P2(x)
0.50881153    0.0056924016

BBB first bond length
0.61773702    0.0019026455

BBB second bond length
0.61777272    0.0017910948

BBB <phi**2>/<phi>**2
1.2305327     0.0053741094

Time = 14000
Temperature
1.0107614     0.0077157234

Pressure
23.149962     0.051779223 

CM Mom
9.5870052e-18  2.278162e-17  
3.1008199e-17  1.7916547e-17 
-1.1807479e-16 3.7460151e-17 
1.2756587e-16  3.1069129e-17 

CM Pos
7.5092159      0.0095741094  
7.4952955      0.013642561   
7.5072453      0.012772749   
12.997182      0.01464941    

Stress
20.109       -0.0260139   0.0122438     0.0808675    0.0481701    0.0601046   
-0.0260139   20.1333      0.0357574     0.0481701    0.0727537    0.0735089   
0.0122438    0.0357574    20.1188       0.0601046    0.0735089    0.10597     

Stress Spherical
0            0            0             0            0            0           
0            0            0             0            0            0           
0            0            0             0            0            0           

Inertia
150.054      -56.3195     -56.3793      0.317582     0.184264     0.14386     
-56.3195     150.252      -56.2416      0.184264     0.275621     0.157129    
-56.3793     -56.2416     150.065       0.14386      0.157129     0.352911    

Bond Length
0.61896147    0.0015199686

BB bond length
0.61896147    0.0015199686

Water EE distance
0             0           

PEG EE distance
7.0697759     0.18402048  

BBB P2(x)
0.50670104    0.0068265001

BBB first bond length
0.61899115    0.0017775335

BBB second bond length
0.61896596    0.0014581272

BBB <phi**2>/<phi>**2
1.2201373     0.0078297954

Time = 15000
Temperature
1.0141827     0.0034735279

Pressure
23.184274     0.071388181 

CM Mom
9.2189338e-18  2.2351454e-17 
2.4782881e-17  1.69911e-17   
-1.1162908e-16 2.1984043e-17 
1.1807741e-16  2.2125535e-17 

CM Pos
7.5049158      0.0090438616  
7.5102718      0.0094061397  
7.4998313      0.014191561   
12.999068      0.003820089   

Stress
20.1336      -0.028884    0.0334765     0.112154     0.0695927    0.0637157   
-0.028884    20.1705      0.00568616    0.0695927    0.123706     0.0515627   
0.0334765    0.00568616   20.1292       0.0637157    0.0515627    0.0858218   

Stress Spherical
0            0            0             0            0            0           
0            0            0             0            0            0           
0            0            0             0            0            0           

Inertia
150.136      -56.3669     -56.2736      0.166786     0.180348     0.0697399   
-56.3669     150.057      -56.3147      0.180348     0.152043     0.106387    
-56.2736     -56.3147     150.214       0.0697399    0.106387     0.258802    

Bond Length
0.61886739    0.0025170298

BB bond length
0.61886739    0.0025170298

Water EE distance
0             0           

PEG EE distance
7.4969293     0.16180301  

BBB P2(x)
0.51545163    0.01005264  

BBB first bond length
0.61866425    0.0024769319

BBB second bond length
0.61881009    0.0028122803

BBB <phi**2>/<phi>**2
1.2262818     0.008883919 

Time = 16000
Temperature
1.0033012     0.0061182599

Pressure
23.151888     0.097081056 

CM Mom
4.4137017e-18  1.3343889e-17 
7.7631105e-18  2.2861795e-17 
-1.1743371e-16 1.3503242e-17 
1.2067917e-16  1.3784799e-17 

CM Pos
7.5025433      0.0094294858  
7.5083441      0.012246344   
7.5030934      0.0093263257  
12.998462      0.01097367    

Stress
20.1254      0.0227796    0.0149653     0.169181     0.0745689    0.047561    
0.0227796    20.1591      -0.0253489    0.0745689    0.119879     0.0780986   
0.0149653    -0.0253489   20.1495       0.047561     0.0780986    0.151997    

Stress Spherical
0            0            0             0            0            0           
0            0            0             0            0            0           
0            0            0             0            0            0           

Inertia
150.159      -56.3491     -56.2714      0.250936     0.123643     0.160038    
-56.3491     150.061      -56.3339      0.123643     0.240695     0.132687    
-56.2714     -56.3339     150.134       0.160038     0.132687     0.213185    

Bond Length
0.61851407    0.0020050619

BB bond length
0.61851407    0.0020050619

Water EE distance
0             0           

PEG EE distance
7.4554444     0.16968478  

BBB P2(x)
0.51567197    0.0092253374

BBB first bond length
0.618501      0.0020102917

BBB second bond length
0.6184286     0.0019598771

BBB <phi**2>/<phi>**2
1.2239584     0.0053006456

Time = 17000
Temperature
1.0115106     0.0077662604

Pressure
23.137073     0.065490413 

CM Mom
3.4855252e-17  2.1412786e-17 
2.0250101e-17  2.8088199e-17 
-1.1544753e-16 1.7421226e-17 
1.2693648e-16  1.9778007e-17 

CM Pos
7.4973535      0.010196875   
7.5027095      0.010018503   
7.5032417      0.010444005   
12.992296      0.012638968   

Stress
20.0737      -0.0171841   0.018861      0.0928693    0.0661645    0.0762531   
-0.0171841   20.1295      0.00297287    0.0661645    0.13602      0.0599601   
0.018861     0.00297287   20.1126       0.0762531    0.0599601    0.0946008   

Stress Spherical
0            0            0             0            0            0           
0            0            0             0            0            0           
0            0            0             0            0            0           

Inertia
150.095      -56.2566     -56.2591      0.228305     0.140398     0.140064    
-56.2566     150.001      -56.2709      0.140398     0.229067     0.134231    
-56.2591     -56.2709     149.989       0.140064     0.134231     0.276055    

Bond Length
0.61841798    0.002286135 

BB bond length
0.61841798    0.002286135 

Water EE distance
0             0           

PEG EE distance
7.6793338     0.097563311 

BBB P2(x)
0.51124516    0.010964363 

BBB first bond length
0.61848376    0.0023499407

BBB second bond length
0.6185351     0.0025418296

BBB <phi**2>/<phi>**2
1.2254656     0.0087040073

Time = 18000
Temperature
1.010952      0.0057522434

Pressure
23.133754     0.066056834 

CM Mom
9.9169388e-18  1.4028542e-17 
4.3285089e-17  4.2474127e-17 
-8.3719442e-17 1.8094937e-17 
1.0366725e-16  2.3712232e-17 

CM Pos
7.4992812      0.0067885665  
7.500337       0.0060577397  
7.4982002      0.0086575686  
12.989125      0.00888789    

Stress
20.138       0.000132324  -0.0272538    0.0792361    0.0728838    0.0499927   
0.000132324  20.1212      0.0213502     0.0728838    0.0561958    0.0556019   
-0.0272538   0.0213502    20.0516       0.0499927    0.0556019    0.0916212   

Stress Spherical
0            0            0             0            0            0           
0            0            0             0            0            0           
0            0            0             0            0            0           

Inertia
149.979      -56.2577     -56.2254      0.159257     0.117489     0.110355    
-56.2577     149.956      -56.225       0.117489     0.192061     0.0994093   
-56.2254     -56.225      150.011       0.110355     0.0994093    0.185028    

Bond Length
0.61831565    0.0029414137

BB bond length
0.61831565    0.0029414137

Water EE distance
0             0           

PEG EE distance
7.6275201     0.15382027  

BBB P2(x)
0.51286173    0.0093223394

BBB first bond length
0.61818787    0.002945647 

BBB second bond length
0.61841986    0.0028379261

BBB <phi**2>/<phi>**2
1.228312      0.0060770517

Time = 19000
Temperature
1.011625      0.007699362 

Pressure
23.16455      0.049723408 

CM Mom
-4.0316647e-17 2.3148844e-17 
5.5547917e-17  2.5594191e-17 
-8.6222822e-17 1.2817245e-17 
1.1519159e-16  1.5214785e-17 

CM Pos
7.4979467      0.0077347576  
7.5059716      0.0181974     
7.506059       0.015162305   
12.996155      0.017737214   

Stress
20.0923      0.0170775    0.0049291     0.0631912    0.0538577    0.0818572   
0.0170775    20.18        0.0301245     0.0538577    0.0927909    0.0845544   
0.0049291    0.0301245    20.1248       0.0818572    0.0845544    0.0468172   

Stress Spherical
0            0            0             0            0            0           
0            0            0             0            0            0           
0            0            0             0            0            0           

Inertia
150.186      -56.2605     -56.2932      0.39196      0.208878     0.220762    
-56.2605     150.075      -56.3595      0.208878     0.32663      0.239653    
-56.2932     -56.3595     150.074       0.220762     0.239653     0.339392    

Bond Length
0.61785626    0.0020598473

BB bond length
0.61785626    0.0020598473

Water EE distance
0             0           

PEG EE distance
7.386273      0.12694126  

BBB P2(x)
0.51256713    0.0096281395

BBB first bond length
0.61781979    0.0021301221

BBB second bond length
0.61797831    0.0018332006

BBB <phi**2>/<phi>**2
1.2253968     0.0051551747

Time = 20000
Temperature
1.0129214     0.0080604576

Pressure
23.190027     0.06437419  

CM Mom
-6.6506102e-17 2.4553081e-17 
7.0704832e-17  1.8881969e-17 
-1.3277322e-16 1.629194e-17  
1.6721588e-16  1.7737647e-17 

CM Pos
7.496019       0.013312204   
7.5012267      0.016273683   
7.5066522      0.010169886   
12.992648      0.013322455   

Stress
20.1516      -0.00709164  0.0171237     0.0989853    0.06162      0.101334    
-0.00709164  20.1833      -0.0140323    0.06162      0.106998     0.098137    
0.0171237    -0.0140323   20.1269       0.101334     0.098137     0.135075    

Stress Spherical
0            0            0             0            0            0           
0            0            0             0            0            0           
0            0            0             0            0            0           

Inertia
150.136      -56.2236     -56.2829      0.244542     0.186482     0.137492    
-56.2236     150.05       -56.299       0.186482     0.228216     0.163867    
-56.2829     -56.299      149.966       0.137492     0.163867     0.36757     

Bond Length
0.61723305    0.002113523 

BB bond length
0.61723305    0.002113523 

Water EE distance
0             0           

PEG EE distance
6.9984867     0.09323402  

BBB P2(x)
0.52565328    0.011886568 

BBB first bond length
0.61717883    0.0020673385

BBB second bond length
0.61733263    0.0022804108

BBB <phi**2>/<phi>**2
1.2267429     0.0086889401

Time = 21000
Temperature
1.0093244     0.0075175372

Pressure
23.161991     0.09379969  

CM Mom
-1.0789075e-16 2.0940906e-17 
5.720952e-17   1.7683864e-17 
-1.2795139e-16 2.6282537e-17 
1.7974185e-16  2.0488525e-17 

CM Pos
7.4921637      0.0089017384  
7.5035992      0.012883301   
7.4977554      0.011218434   
12.986651      0.011269035   

Stress
20.073       -0.0472535   -0.00516416   0.120176     0.0610753    0.0808697   
-0.0472535   20.189       -0.0268791    0.0610753    0.156206     0.0790994   
-0.00516416  -0.0268791   20.1482       0.0808697    0.0790994    0.0854867   

Stress Spherical
0            0            0             0            0            0           
0            0            0             0            0            0           
0            0            0             0            0            0           

Inertia
150.034      -56.1952     -56.1738      0.22229      0.175991     0.137776    
-56.1952     149.85       -56.2975      0.175991     0.242484     0.154399    
-56.1738     -56.2975     149.942       0.137776     0.154399     0.279754    

Bond Length
0.61840621    0.0024745084

BB bond length
0.61840621    0.0024745084

Water EE distance
0             0           

PEG EE distance
7.226621      0.12714086  

BBB P2(x)
0.50470551    0.0096858626

BBB first bond length
0.61843358    0.0025194574

BBB second bond length
0.6183675     0.0024688499

BBB <phi**2>/<phi>**2
1.2245976     0.006653206 

Time = 22000
Temperature
1.008643      0.0058696372

Pressure
23.209555     0.060036432 

CM Mom
-9.7591743e-17 1.9707903e-17 
6.6485524e-17  1.2038376e-17 
-1.2626866e-16 2.9705668e-17 
1.749111e-16   2.6647822e-17 

CM Pos
7.4954259      0.025244199   
7.5038957      0.012790811   
7.50339        0.016055371   
12.991979      0.015988547   

Stress
20.1647      0.00973331   -0.0484994    0.110629     0.0514093    0.0769376   
0.00973331   20.1962      -0.00449728   0.0514093    0.0926692    0.0510787   
-0.0484994   -0.00449728  20.198        0.0769376    0.0510787    0.0856783   

Stress Spherical
0            0            0             0            0            0           
0            0            0             0            0            0           
0            0            0             0            0            0           

Inertia
150.115      -56.2593     -56.2569      0.346288     0.240592     0.21813     
-56.2593     149.984      -56.332       0.240592     0.302727     0.19296     
-56.2569     -56.332      150           0.21813      0.19296      0.451832    

Bond Length
0.61711713    0.002135983 

BB bond length
0.61711713    0.002135983 

Water EE distance
0             0           

PEG EE distance
6.9212334     0.12784295  

BBB P2(x)
0.50251719    0.0091241113

BBB first bond length
0.61700109    0.0021873166

BBB second bond length
0.61687011    0.0020912836

BBB <phi**2>/<phi>**2
1.2236899     0.0074729676

Time = 23000
Temperature
1.0069798     0.0083194671

Pressure
23.16534      0.082816808 

CM Mom
-9.3623211e-17 2.3273021e-17 
4.2622204e-17  2.2789722e-17 
-1.1158779e-16 1.7072916e-17 
1.5563727e-16  1.2779783e-17 

CM Pos
7.5032847      0.014428942   
7.5022646      0.015349661   
7.4982002      0.016058794   
12.992558      0.019846635   

Stress
20.0749      0.00352614   -0.0279527    0.16749      0.0752445    0.0751007   
0.00352614   20.1889      -0.0278619    0.0752445    0.114466     0.0945027   
-0.0279527   -0.0278619   20.1775       0.0751007    0.0945027    0.172473    

Stress Spherical
0            0            0             0            0            0           
0            0            0             0            0            0           
0            0            0             0            0            0           

Inertia
150.012      -56.2887     -56.2593      0.449476     0.204463     0.151577    
-56.2887     150.041      -56.2472      0.204463     0.409976     0.230335    
-56.2593     -56.2472     150.096       0.151577     0.230335     0.373618    

Bond Length
0.61783349    0.0014005744

BB bond length
0.61783349    0.0014005744

Water EE distance
0             0           

PEG EE distance
6.9269098     0.13936936  

BBB P2(x)
0.5134878     0.011430102 

BBB first bond length
0.61777694    0.0013839771

BBB second bond length
0.61789545    0.001351227 

BBB <phi**2>/<phi>**2
1.2294448     0.0098982049

Time = 24000
Temperature
1.0099218     0.0085136547

Pressure
23.161589     0.073313121 

CM Mom
-1.199707e-16  1.5900702e-17 
2.7824169e-18  1.8844564e-17 
-9.3763141e-17 8.7013622e-18 
1.5400862e-16  1.2539835e-17 

CM Pos
7.4937948      0.017142214   
7.4970748      0.0080958681  
7.5038348      0.016946135   
12.987347      0.009918829   

Stress
20.1799      0.0405566    0.00473256    0.0869527    0.0484903    0.0750869   
0.0405566    20.149       -0.0120094    0.0484903    0.0553538    0.0488394   
0.00473256   -0.0120094   20.0747       0.0750869    0.0488394    0.143022    

Stress Spherical
0            0            0             0            0            0           
0            0            0             0            0            0           
0            0            0             0            0            0           

Inertia
150.011      -56.2246     -56.2535      0.339923     0.111678     0.107099    
-56.2246     149.994      -56.2388      0.111678     0.229633     0.19162     
-56.2535     -56.2388     149.848       0.107099     0.19162      0.25142     

Bond Length
0.61815439    0.0012826537

BB bond length
0.61815439    0.0012826537

Water EE distance
0             0           

PEG EE distance
6.8359412     0.093866764 

BBB P2(x)
0.50524976    0.0098432364

BBB first bond length
0.61806939    0.0011912992

BBB second bond length
0.6180008     0.0013275578

BBB <phi**2>/<phi>**2
1.2222468     0.0089782487

Time = 25000
Temperature
1.0058008     0.0079960447

Pressure
23.158718     0.07085268  

CM Mom
-1.3908765e-16 1.4382323e-17 
8.5299831e-18  1.3571114e-17 
-9.4457854e-17 1.3605809e-17 
1.694991e-16   1.3660822e-17 

CM Pos
7.4989846      0.016945486   
7.5004853      0.012807131   
7.5025003      0.016008742   
12.99154       0.012427313   

Stress
20.1769      0.00745949   0.013097      0.16097      0.0570997    0.0714412   
0.00745949   20.1662      0.0207345     0.0570997    0.151582     0.0504584   
0.013097     0.0207345    20.0889       0.0714412    0.0504584    0.0839507   

Stress Spherical
0            0            0             0            0            0           
0            0            0             0            0            0           
0            0            0             0            0            0           

Inertia
150.024      -56.2176     -56.255       0.228477     0.187806     0.0950265   
-56.2176     150.005      -56.2632      0.187806     0.238864     0.137408    
-56.255      -56.2632     149.965       0.0950265    0.137408     0.421839    

Bond Length
0.61753427    0.0021929208

BB bond length
0.61753427    0.0021929208

Water EE distance
0             0           

PEG EE distance
6.7267272     0.18472552  

BBB P2(x)
0.51143457    0.0073093365

BBB first bond length
0.61756955    0.0022636232

BBB second bond length
0.61764119    0.0023120129

BBB <phi**2>/<phi>**2
1.2274206     0.0082358775

Time = 26000
Temperature
1.0116904     0.0069748942

Pressure
23.229066     0.11850869  

CM Mom
-1.61108e-16   3.9415285e-17 
5.6839117e-18  2.1882308e-17 
-7.8297283e-17 2.6316943e-17 
1.8304232e-16  3.6593012e-17 

CM Pos
7.5066952      0.011269276   
7.5055268      0.014194659   
7.4968657      0.017719299   
12.995648      0.01367123    

Stress
20.135       0.0430594    -0.075129     0.153514     0.0565275    0.0700549   
0.0430594    20.2052      -0.0585888    0.0565275    0.147445     0.0851448   
-0.075129    -0.0585888   20.2499       0.0700549    0.0851448    0.135859    

Stress Spherical
0            0            0             0            0            0           
0            0            0             0            0            0           
0            0            0             0            0            0           

Inertia
150.03       -56.3683     -56.2548      0.356969     0.109829     0.171651    
-56.3683     150.053      -56.2669      0.109829     0.357875     0.173559    
-56.2548     -56.2669     150.176       0.171651     0.173559     0.212838    

Bond Length
0.61777991    0.0022331605

BB bond length
0.61777991    0.0022331605

Water EE distance
0             0           

PEG EE distance
7.4384626     0.09419286  

BBB P2(x)
0.51051951    0.0089073779

BBB first bond length
0.61799301    0.0022687722

BBB second bond length
0.61772357    0.0023051234

BBB <phi**2>/<phi>**2
1.2234652     0.0058428516

Time = 27000
Temperature
1.0081276     0.0084483344

Pressure
23.152291     0.093993262 

CM Mom
-1.4181683e-16 1.4452212e-17 
1.1989004e-17  1.6665349e-17 
-5.2932045e-17 1.6082871e-17 
1.5383708e-16  1.1703201e-17 

CM Pos
7.497057       0.0094957074  
7.5044888      0.011732871   
7.495976       0.01051011    
12.988959      0.011928145   

Stress
20.0768      0.00672466   -0.0271341    0.0745641    0.0649941    0.0670523   
0.00672466   20.2008      -0.00924045   0.0649941    0.132903     0.0608921   
-0.0271341   -0.00924045  20.1141       0.0670523    0.0608921    0.0943012   

Stress Spherical
0            0            0             0            0            0           
0            0            0             0            0            0           
0            0            0             0            0            0           

Inertia
149.987      -56.2884     -56.2232      0.211893     0.169783     0.123942    
-56.2884     149.883      -56.2449      0.169783     0.226662     0.136283    
-56.2232     -56.2449     150.022       0.123942     0.136283     0.263815    

Bond Length
0.61850847    0.0016963587

BB bond length
0.61850847    0.0016963587

Water EE distance
0             0           

PEG EE distance
7.1641639     0.15202776  

BBB P2(x)
0.5053547     0.0076664811

BBB first bond length
0.61843723    0.0015708758

BBB second bond length
0.61845861    0.0016294974

BBB <phi**2>/<phi>**2
1.2244119     0.0075132229

Time = 28000
Temperature
1.0090887     0.0087849259

Pressure
23.152334     0.098798958 

CM Mom
-1.0807115e-16 1.2845019e-17 
5.0138653e-17  1.1344715e-17 
-6.0015259e-17 3.0582466e-17 
1.3702748e-16  1.5733511e-17 

CM Pos
7.5092159      0.022007962   
7.4952955      0.011829915   
7.5029452      0.011570588   
12.994716      0.0089201256  

Stress
20.1585      -0.0485625   -0.0276354    0.106101     0.0434806    0.0709783   
-0.0485625   20.1339      0.00429915    0.0434806    0.1035       0.064774    
-0.0276354   0.00429915   20.0909       0.0709783    0.064774     0.157873    

Stress Spherical
0            0            0             0            0            0           
