Time = 500
Temperature
   1.0401098   0.036173962

Pressure
   23.000376    0.15226714

CM Mom
3.9667607e-17  1.7459248e-17 
-1.1428347e-17 2.0124138e-17 
-7.910243e-18  2.3520533e-17 
5.399497e-17   1.0689386e-17 

CM Pos
7.4948333      0.020154217   
7.497063       0.032927745   
7.4765665      0.022467564   
12.972257      0.0075992534  

Stress
19.8925      -0.0253794   -0.023587     0.116505     0.115586     0.0413263   
-0.0253794   19.8491      0.0114802     0.115586     0.119433     0.0657286   
-0.023587    0.0114802    19.9114       0.0413263    0.0657286    0.0544801   

Stress Spherical
0            0            0             0            0            0           
0            0            0             0            0            0           
0            0            0             0            0            0           

Inertia
149.233      -56.1617     -56.0056      0.300118     0.128824     0.353151    
-56.1617     149.232      -56.158       0.128824     0.470559     0.17204     
-56.0056     -56.158      149.521       0.353151     0.17204      0.330606    

Bond Length
0.61382764    0.0048550883

BB bond length
0.61382764    0.0048550883

Water EE distance
0             0           

PEG EE distance
3.6884666     0.1932009   

Time = 1000
Temperature
1.0059357     0.0062388609

Pressure
22.849909     0.063169138 

CM Mom
4.1047836e-17  1.8951691e-17 
-2.0080312e-17 4.2925326e-18 
1.2329627e-17  2.6051689e-17 
5.5880642e-17  1.3183334e-17 

CM Pos
7.4927563      0.0099474164  
7.4893486      0.024111858   
7.4866546      0.016158934   
12.972365      0.020682742   

Stress
19.8887      0.0182478    -0.0266938    0.0823973    0.0915468    0.086046    
0.0182478    19.7978      -0.0150777    0.0915468    0.0856097    0.0345684   
-0.0266938   -0.0150777   19.8224       0.086046     0.0345684    0.126562    

Stress Spherical
0            0            0             0            0            0           
0            0            0             0            0            0           
0            0            0             0            0            0           

Inertia
149.333      -56.0457     -56.0605      0.603248     0.16029      0.133749    
-56.0457     149.411      -56.1261      0.16029      0.295615     0.252271    
-56.0605     -56.1261     149.424       0.133749     0.252271     0.479273    

Bond Length
0.61948783    0.0042771472

BB bond length
0.61948783    0.0042771472

Water EE distance
0             0           

PEG EE distance
3.7626996     0.19464945  

