Time = 1000
Temperature
   1.0218605   0.031585298

Pressure
   23.573236    0.14867534

CM Mom
-2.3485973e-17 1.7983715e-17 
-9.1680007e-18 2.0602114e-17 
9.3370911e-18  2.8433991e-17 
4.4828611e-17  1.641868e-17  

CM Pos
7.493006       0.011040629   
7.5020827      0.019273011   
7.4988786      0.023750453   
12.986938      0.0075903658  

Stress
20.4967      0.0302308    -0.0152367    0.0739232    0.0697599    0.0640503   
0.0302308    20.5024      -0.0240482    0.0697599    0.109971     0.0835859   
-0.0152367   -0.0240482   20.5511       0.0640503    0.0835859    0.108313    

Stress Spherical
0            0            0             0            0            0           
0            0            0             0            0            0           
0            0            0             0            0            0           

Inertia
150.017      -56.1814     -56.1865      0.159617     0.211953     0.174368    
-56.1814     149.885      -56.2709      0.211953     0.273742     0.0959853   
-56.1865     -56.2709     149.944       0.174368     0.0959853    0.641134    

Bond Length
0.61951341    0.0076243474

BB bond length
0.61951341    0.0076243474

Water EE distance
0             0           

PEG EE distance
6.3724698     0.53956599  

BBB P2(x)
0.46910534    0.053300101 

BBB first bond length
0.61965638    0.0067961826

BBB second bond length
0.62020956    0.0078228055

BBB <phi**2>/<phi>**2
1.2075885     0.028409695 

Time = 2000
Temperature
1.0172012     0.008898846 

Pressure
23.545474     0.091950345 

CM Mom
-1.0663695e-17 2.239658e-17  
1.8411198e-17  1.3654368e-17 
-1.0127005e-17 1.5363511e-17 
3.6162312e-17  1.3100231e-17 

CM Pos
7.5013269      0.012090569   
7.4982194      0.0095605991  
7.5048221      0.01622882    
12.992919      0.010877229   

Stress
20.5668      0.012924     -0.0078148    0.118076     0.0575974    0.06357     
0.012924     20.486       -0.0168993    0.0575974    0.126093     0.0522474   
-0.0078148   -0.0168993   20.4559       0.06357      0.0522474    0.0970492   

Stress Spherical
0            0            0             0            0            0           
0            0            0             0            0            0           
0            0            0             0            0            0           

Inertia
150.022      -56.2456     -56.2852      0.187264     0.139964     0.179638    
-56.2456     150.057      -56.287       0.139964     0.277751     0.115678    
-56.2852     -56.287      149.948       0.179638     0.115678     0.248808    

Bond Length
0.61883653    0.0073590097

BB bond length
0.61883653    0.0073590097

Water EE distance
0             0           

PEG EE distance
6.409558      0.82457294  

BBB P2(x)
0.49450829    0.042170408 

BBB first bond length
0.61878868    0.0073764119

BBB second bond length
0.61895751    0.0078895748

BBB <phi**2>/<phi>**2
1.2100249     0.020292269 

