Time = 1000
Temperature
   1.1634102     0.2620368

Pressure
   23.833996     1.1283806

CM Mom
-6.7650956e-17 2.500179e-17  
-3.4653987e-18 4.4240527e-17 
6.4639848e-17  2.8682798e-16 
2.1670428e-16  2.1600655e-16 

CM Pos
7.493892       0.019386796   
7.5088746      0.020226513   
7.4921583      0.01316328    
12.987475      0.022163839   

Stress
20.3693      0.0188813    -0.0284386    0.348432     0.0717175    0.0648486   
0.0188813    20.3112      0.00545715    0.0717175    0.360662     0.0745704   
-0.0284386   0.00545715   20.3632       0.0648486    0.0745704    0.409226    

Stress Spherical
0            0            0             0            0            0           
0            0            0             0            0            0           
0            0            0             0            0            0           

Inertia
150.188      -56.3071     -56.1409      1.57331      0.204758     0.247814    
-56.3071     149.986      -56.2762      0.204758     1.23677      0.200694    
-56.1409     -56.2762     150.195       0.247814     0.200694     1.38513     

Bond Length
0.61904344    0.0097076563

BB bond length
0.61904344    0.0097076563

Water EE distance
0             0           

PEG EE distance
6.6636891     0.074007428 

BBB P2(x)
0.46608607    0.069009595 

BBB first bond length
0.61890601    0.0097048416

BBB second bond length
0.61890939    0.0094676943

BBB <phi**2>/<phi>**2
1.2206075     0.020275245 

Time = 2000
Temperature
1.0136366     0.0096142123

Pressure
23.096563     0.10756977  

CM Mom
-1.0360929e-16 1.7873159e-17 
-7.5841362e-18 1.5274046e-17 
1.6138743e-17  5.222877e-17  
1.1661234e-16  2.7111153e-17 

CM Pos
7.5017532      0.016543938   
7.5035349      0.015210257   
7.49112        0.0060158113  
12.988321      0.016289161   

Stress
20.0673      -0.0357119   -0.0489691    0.101626     0.106119     0.0859496   
-0.0357119   20.006       -0.0282916    0.106119     0.155555     0.0690113   
-0.0489691   -0.0282916   20.1045       0.0859496    0.0690113    0.137422    

Stress Spherical
0            0            0             0            0            0           
0            0            0             0            0            0           
0            0            0             0            0            0           

Inertia
149.811      -56.2844     -56.1783      0.408859     0.220281     0.18522     
-56.2844     149.785      -56.1856      0.220281     0.281419     0.142143    
-56.1783     -56.1856     149.964       0.18522      0.142143     0.379134    

Bond Length
0.61539009    0.0018189125

BB bond length
0.61539009    0.0018189125

Water EE distance
0             0           

PEG EE distance
6.9369365     0.050072121 

BBB P2(x)
0.50604275    0.0070245682

BBB first bond length
0.61531369    0.0018911641

BBB second bond length
0.61535079    0.0018541648

BBB <phi**2>/<phi>**2
1.2188987     0.0053469926

