Time = 1000
Temperature
    1.153442    0.21755722

Pressure
   23.821706     1.0454575

CM Mom
2.7271515e-18  2.6425675e-17 
3.0979902e-18  2.4954956e-17 
-2.121758e-16  3.6602975e-16 
2.4255076e-16  3.4857364e-16 

CM Pos
7.5069835      0.017492322   
7.5065098      0.016571358   
7.5015918      0.036095769   
12.999146      0.021235006   

Stress
20.318       -0.00358906  0.00723526    0.354272     0.102746     0.0769423   
-0.00358906  20.4095      0.0185268     0.102746     0.453727     0.0475776   
0.00723526   0.0185268    20.3762       0.0769423    0.0475776    0.443904    

Stress Spherical
0            0            0             0            0            0           
0            0            0             0            0            0           
0            0            0             0            0            0           

Inertia
150.307      -56.3586     -56.3513      1.24983      0.138593     0.265231    
-56.3586     150.283      -56.3272      0.138593     1.12976      0.292203    
-56.3513     -56.3272     150.383       0.265231     0.292203     1.63902     

Bond Length
0.61876107    0.0092162808

BB bond length
0.61876107    0.0092162808

Water EE distance
0             0           

PEG EE distance
6.7529898     0.1114296   

BBB P2(x)
0.47938807    0.063564657 

BBB first bond length
0.6188696     0.0094423022

BBB second bond length
0.61872362    0.0090729105

BBB <phi**2>/<phi>**2
1.2203224     0.013691613 

Time = 2000
Temperature
1.0120286     0.0098537576

Pressure
23.055271     0.11989744  

CM Mom
-1.4256797e-18 4.3003034e-17 
8.053676e-18   1.4117679e-17 
-8.7505865e-17 6.8957458e-17 
1.0251428e-16  6.3393172e-17 

CM Pos
7.5010464      0.015417095   
7.5026507      0.011293115   
7.5076772      0.015864305   
12.996964      0.015126414   

Stress
20.0236      0.0216976    0.0281217     0.173332     0.0630807    0.107902    
0.0216976    20.0077      -0.051008     0.0630807    0.11904      0.0458197   
0.0281217    -0.051008    20.0433       0.107902     0.0458197    0.111954    

Stress Spherical
0            0            0             0            0            0           
0            0            0             0            0            0           
0            0            0             0            0            0           

Inertia
150.014      -56.2549     -56.3094      0.305445     0.161286     0.139119    
-56.2549     150.001      -56.3164      0.161286     0.37555      0.207613    
-56.3094     -56.3164     149.922       0.139119     0.207613     0.40617     

Bond Length
0.61704639    0.0020149209

BB bond length
0.61704639    0.0020149209

Water EE distance
0             0           

PEG EE distance
6.9801817     0.16179932  

BBB P2(x)
0.51654791    0.0060961032

BBB first bond length
0.6169452     0.001966827 

BBB second bond length
0.6171102     0.0018088808

BBB <phi**2>/<phi>**2
1.2276376     0.005975144 

