Time = 1000
Temperature
   1.0424357   0.055569179

Pressure
   23.697299    0.31982096

CM Mom
1.3540991e-17  1.0488951e-17 
-2.0202329e-18 1.9919062e-17 
-4.0558521e-17 7.9893536e-17 
6.92809e-17    6.2628703e-17 

CM Pos
7.4963978      0.017510205   
7.4964065      0.016944624   
7.4927162      0.028013442   
12.982038      0.030981581   

Stress
20.638       0.00620867   0.0168153     0.210703     0.0603879    0.0604594   
0.00620867   20.5401      0.0236843     0.0603879    0.156577     0.115426    
0.0168153    0.0236843    20.5366       0.0604594    0.115426     0.158456    

Stress Spherical
0            0            0             0            0            0           
0            0            0             0            0            0           
0            0            0             0            0            0           

Inertia
149.869      -56.1894     -56.1873      0.375011     0.219074     0.279466    
-56.1894     149.847      -56.1722      0.219074     0.283476     0.318914    
-56.1873     -56.1722     149.925       0.279466     0.318914     0.416079    

Bond Length
0.61859672    0.0035683369

BB bond length
0.61859672    0.0035683369

Water EE distance
0             0           

PEG EE distance
6.6673476     0.22106754  

BBB P2(x)
0.45788633    0.063137919 

BBB first bond length
0.61851357    0.0035002773

BBB second bond length
0.61883781    0.0039330886

BBB <phi**2>/<phi>**2
1.2112667     0.015330824 

Time = 2000
Temperature
1.0099218     0.0062452386

Pressure
23.484528     0.087479163 

CM Mom
1.757268e-17   2.634495e-17  
2.1901947e-17  1.2716104e-17 
-6.1097372e-17 2.9643325e-17 
7.5351548e-17  2.4041836e-17 

CM Pos
7.5021784      0.013040952   
7.5032247      0.0111718     
7.5062043      0.00857765    
12.997088      0.015593689   

Stress
20.4898      -0.000825358 0.0303492     0.133357     0.0492568    0.0587288   
-0.000825358 20.4597      -0.034152     0.0492568    0.117156     0.0637851   
0.0303492    -0.034152    20.4193       0.0587288    0.0637851    0.101737    

Stress Spherical
0            0            0             0            0            0           
0            0            0             0            0            0           
0            0            0             0            0            0           

Inertia
150.044      -56.2833     -56.291       0.15829      0.212839     0.141721    
-56.2833     150.042      -56.3101      0.212839     0.174072     0.144498    
-56.291      -56.3101     149.983       0.141721     0.144498     0.184157    

Bond Length
0.62037391    0.0019914595

BB bond length
0.62037391    0.0019914595

Water EE distance
0             0           

PEG EE distance
6.7507587     0.22379684  

BBB P2(x)
0.50800459    0.014135444 

BBB first bond length
0.61978999    0.0021106949

BBB second bond length
0.62032614    0.0022792024

BBB <phi**2>/<phi>**2
1.2279734     0.0071074261

