Time = 1000
Temperature
   1.0280938    0.03318117

Pressure
   23.793978    0.14013517

CM Mom
2.9334715e-19  2.0609956e-17 
8.8623191e-17  1.7512261e-17 
7.0255273e-18  5.495295e-17  
1.0425368e-16  2.8034987e-17 

CM Pos
7.4907432      0.017900124   
7.4971541      0.017748021   
7.4956594      0.015596552   
12.980901      0.023445269   

Stress
20.7141      0.0316127    0.0311446     0.09031      0.0855903    0.0700606   
0.0316127    20.6711      -0.0319827    0.0855903    0.0908536    0.0667247   
0.0311446    -0.0319827   20.7448       0.0700606    0.0667247    0.117159    

Stress Spherical
0            0            0             0            0            0           
0            0            0             0            0            0           
0            0            0             0            0            0           

Inertia
149.925      -56.1614     -56.1356      0.228844     0.246117     0.200106    
-56.1614     149.802      -56.1607      0.246117     0.339646     0.214505    
-56.1356     -56.1607     149.815       0.200106     0.214505     0.410191    

Bond Length
0.61740567    0.012443377 

BB bond length
0.61740567    0.012443377 

Water EE distance
0             0           

PEG EE distance
8.7050155     1.2392671   

BBB P2(x)
0.5352985     0.065213144 

BBB first bond length
0.61637556    0.013844192 

BBB second bond length
0.61824194    0.013883891 

BBB <phi**2>/<phi>**2
1.2221495     0.056313944 

Time = 2000
Temperature
1.0088742     0.0075803768

Pressure
23.712897     0.079945207 

CM Mom
1.1785976e-18  2.1982714e-17 
6.4318146e-17  1.5916245e-17 
-2.6566149e-17 3.3780359e-17 
8.036366e-17   1.6227586e-17 

CM Pos
7.5045224      0.012663368   
7.4956725      0.011253546   
7.5001043      0.011206632   
12.990561      0.01635834    

Stress
20.6692      0.00415      -0.0151027    0.112252     0.0668364    0.0763638   
0.00415      20.6773      -0.0348672    0.0668364    0.0994332    0.0652395   
-0.0151027   -0.0348672   20.7132       0.0763638    0.0652395    0.111116    

Stress Spherical
0            0            0             0            0            0           
0            0            0             0            0            0           
0            0            0             0            0            0           

Inertia
149.925      -56.258      -56.2664      0.212455     0.155936     0.183885    
-56.258      150.064      -56.2326      0.155936     0.292569     0.185778    
-56.2664     -56.2326     149.992       0.183885     0.185778     0.293083    

Bond Length
0.61636521    0.0086352897

BB bond length
0.61636521    0.0086352897

Water EE distance
0             0           

PEG EE distance
8.5155337     0.62482084  

BBB P2(x)
0.54058943    0.080850014 

BBB first bond length
0.61759794    0.0091622863

BBB second bond length
0.61767507    0.0082425583

BBB <phi**2>/<phi>**2
1.2383222     0.049270393 

