Time = 1000
Temperature
   1.0638838   0.080585601

Pressure
   23.715721    0.48094961

CM Mom
4.4757306e-17  1.6033661e-17 
-1.8130039e-17 1.800714e-17  
3.5611606e-17  1.6318853e-16 
1.4451709e-16  9.9633054e-17 

CM Pos
7.5048837      0.019382609   
7.5013184      0.021010248   
7.5014855      0.013495329   
12.994834      0.025047334   

Stress
20.5705      0.0250185    -0.0233784    0.238144     0.0766463    0.071386    
0.0250185    20.5014      0.0324583     0.0766463    0.267739     0.0856022   
-0.0233784   0.0324583    20.5107       0.071386     0.0856022    0.282194    

Stress Spherical
0            0            0             0            0            0           
0            0            0             0            0            0           
0            0            0             0            0            0           

Inertia
150.079      -56.3059     -56.2806      1.22717      0.331752     0.203381    
-56.3059     150.171      -56.2482      0.331752     1.38227      0.210344    
-56.2806     -56.2482     150.141       0.203381     0.210344     1.4179      

Bond Length
0.61887099    0.0051933494

BB bond length
0.61887099    0.0051933494

Water EE distance
0             0           

PEG EE distance
6.8310195     0.23177747  

BBB P2(x)
0.47098673    0.064407595 

BBB first bond length
0.61864381    0.0052360348

BBB second bond length
0.61887047    0.0053070268

BBB <phi**2>/<phi>**2
1.2185222     0.014682092 

Time = 2000
Temperature
1.0120478     0.0081964135

Pressure
23.415258     0.087881972 

CM Mom
5.0139237e-17  2.3912353e-17 
-2.8947894e-17 9.6891279e-18 
6.6205994e-17  3.9211282e-17 
9.379795e-17   3.376842e-17  

CM Pos
7.494502       0.015095524   
7.4927164      0.012183948   
7.4986676      0.0111469     
12.982244      0.014607404   

Stress
20.3432      0.0211248    0.0400977     0.0922537    0.0675184    0.0779197   
0.0211248    20.427       -0.011221     0.0675184    0.150173     0.0520764   
0.0400977    -0.011221    20.3771       0.0779197    0.0520764    0.160503    

Stress Spherical
0            0            0             0            0            0           
0            0            0             0            0            0           
0            0            0             0            0            0           

Inertia
149.762      -56.1639     -56.1545      0.409237     0.16974      0.154413    
-56.1639     149.786      -56.1702      0.16974      0.509328     0.131482    
-56.1545     -56.1702     149.694       0.154413     0.131482     0.514012    

Bond Length
0.61961761    0.0023240951

BB bond length
0.61961761    0.0023240951

Water EE distance
0             0           

PEG EE distance
7.2791715     0.24106947  

BBB P2(x)
0.51808636    0.0086721001

BBB first bond length
0.61967215    0.0022232156

BBB second bond length
0.61975221    0.0022925054

BBB <phi**2>/<phi>**2
1.2281535     0.0098818971

Time = 3000
Temperature
1.010995      0.007714637 

Pressure
23.390839     0.053917116 

CM Mom
3.4549984e-17  2.3445138e-17 
-5.7772981e-17 1.2161907e-17 
6.2876437e-17  9.495285e-18  
9.5369676e-17  1.3313033e-17 

CM Pos
7.4943537      0.013535202   
7.499242       0.015229709   
7.4988159      0.015664717   
12.986019      0.013780708   

Stress
20.3956      -0.0220471   0.0190969     0.108427     0.0760146    0.0973672   
-0.0220471   20.3859      -0.0214509    0.0760146    0.125129     0.0577617   
0.0190969    -0.0214509   20.3019       0.0973672    0.0577617    0.11016     

Stress Spherical
0            0            0             0            0            0           
0            0            0             0            0            0           
0            0            0             0            0            0           

Inertia
149.885      -56.215      -56.1969      0.356988     0.125685     0.1427      
-56.215      149.848      -56.2235      0.125685     0.250871     0.142474    
-56.1969     -56.2235     149.833       0.1427       0.142474     0.326928    

Bond Length
0.61752403    0.0023717006

BB bond length
0.61752403    0.0023717006

Water EE distance
0             0           

PEG EE distance
7.2813384     0.20459699  

BBB P2(x)
0.5105401     0.014952527 

BBB first bond length
0.61750248    0.0024246548

BBB second bond length
0.61792463    0.0023784619

BBB <phi**2>/<phi>**2
1.2286937     0.009740954 

Time = 4000
Temperature
1.0081607     0.0082587495

Pressure
23.381232     0.033760496 

CM Mom
1.9503684e-17  1.3688415e-17 
-6.0685203e-17 1.9067103e-17 
8.3281271e-17  2.9437395e-17 
1.0908391e-16  2.2738646e-17 

CM Pos
7.4990996      0.014431796   
7.4900469      0.017498609   
7.4973328      0.018839365   
12.982604      0.012785994   

Stress
20.3502      -0.0253434   -0.0459116    0.0825899    0.082637     0.059344    
-0.0253434   20.3443      -0.00451856   0.082637     0.0882739    0.0643923   
-0.0459116   -0.00451856  20.3857       0.059344     0.0643923    0.101753    

Stress Spherical
0            0            0             0            0            0           
0            0            0             0            0            0           
0            0            0             0            0            0           

Inertia
149.768      -56.1495     -56.2475      0.46624      0.136752     0.13144     
-56.1495     149.909      -56.1854      0.136752     0.316268     0.190199    
-56.2475     -56.1854     149.792       0.13144      0.190199     0.269482    

Bond Length
0.61960237    0.001955436 

BB bond length
0.61960237    0.001955436 

Water EE distance
0             0           

PEG EE distance
7.1052384     0.13166542  

BBB P2(x)
0.52098435    0.0094847209

BBB first bond length
0.61956923    0.0018683696

BBB second bond length
0.61956469    0.0019592657

BBB <phi**2>/<phi>**2
1.2221288     0.012669621 

Time = 5000
Temperature
1.0057087     0.0052765559

Pressure
23.363655     0.081158442 

CM Mom
1.4914917e-17  1.8187446e-17 
-3.3659741e-17 7.0275649e-18 
1.1145068e-16  1.1190031e-17 
1.1903469e-16  1.0621572e-17 

CM Pos
7.4888663      0.010772604   
7.4971657      0.015701883   
7.5043034      0.011798746   
12.984821      0.010680824   

Stress
20.3008      0.00153243   0.0516247     0.161161     0.0461671    0.0648168   
0.00153243   20.3823      -0.00895825   0.0461671    0.0832969    0.0482234   
0.0516247    -0.00895825  20.3664       0.0648168    0.0482234    0.0893368   

Stress Spherical
0            0            0             0            0            0           
0            0            0             0            0            0           
0            0            0             0            0            0           

Inertia
149.988      -56.1387     -56.2108      0.316786     0.167633     0.117216    
-56.1387     149.872      -56.2504      0.167633     0.234131     0.203841    
-56.2108     -56.2504     149.763       0.117216     0.203841     0.199651    

Bond Length
0.62091273    0.0018049281

BB bond length
0.62091273    0.0018049281

Water EE distance
0             0           

PEG EE distance
7.0834185     0.15749188  

BBB P2(x)
0.52376443    0.015111309 

BBB first bond length
0.62082724    0.0016296283

BBB second bond length
0.62088951    0.0019312551

BBB <phi**2>/<phi>**2
1.2310339     0.010846043 

Time = 6000
Temperature
1.0082464     0.0069433553

Pressure
23.38681      0.090711463 

CM Mom
3.4160571e-17  2.9499626e-17 
-2.7191902e-17 2.6597152e-17 
1.0401906e-16  2.2219783e-17 
1.185989e-16   2.7054838e-17 

CM Pos
7.4959851      0.0083633808  
7.4940512      0.011197105   
7.4980744      0.0081785539  
12.983525      0.0072700527  

Stress
20.3775      0.0162869    0.00294159    0.129667     0.0574278    0.0735833   
0.0162869    20.3479      0.0019933     0.0574278    0.110545     0.0766511   
0.00294159   0.0019933    20.3707       0.0735833    0.0766511    0.114395    

Stress Spherical
0            0            0             0            0            0           
0            0            0             0            0            0           
0            0            0             0            0            0           

Inertia
149.85       -56.1482     -56.2147      0.183554     0.117833     0.110478    
-56.1482     149.872      -56.1613      0.117833     0.223911     0.0952941   
-56.2147     -56.1613     149.828       0.110478     0.0952941    0.230806    

Bond Length
0.61907597    0.0019352991

BB bond length
0.61907597    0.0019352991

Water EE distance
0             0           

PEG EE distance
7.4771036     0.21076722  

BBB P2(x)
0.50759381    0.013266543 

BBB first bond length
0.61893201    0.0021158192

BBB second bond length
0.61912022    0.0020252362

BBB <phi**2>/<phi>**2
1.2229362     0.011356859 

Time = 7000
Temperature
1.0082298     0.0062275026

Pressure
23.39038      0.064866064 

CM Mom
1.2121728e-17  1.5424171e-17 
-4.7598589e-17 1.1040122e-17 
9.305102e-17   2.2905685e-17 
1.0649464e-16  2.4787187e-17 

CM Pos
7.5002861      0.011264673   
7.5038396      0.012587954   
7.5014855      0.0086478424  
12.99363       0.01061721    

Stress
20.3814      -0.0123849   -0.0087072    0.0812844    0.0612268    0.0674191   
-0.0123849   20.3807      -0.0241582    0.0612268    0.110807     0.0466995   
-0.0087072   -0.0241582   20.3448       0.0674191    0.0466995    0.111228    

Stress Spherical
0            0            0             0            0            0           
0            0            0             0            0            0           
0            0            0             0            0            0           

Inertia
150.07       -56.297      -56.2727      0.239816     0.150107     0.063274    
-56.297      150.011      -56.3011      0.150107     0.115782     0.150525    
-56.2727     -56.3011     150.026       0.063274     0.150525     0.300231    

Bond Length
0.61798781    0.0020498757

BB bond length
0.61798781    0.0020498757

Water EE distance
0             0           

PEG EE distance
7.0835447     0.10540242  

BBB P2(x)
0.51085049    0.013064617 

BBB first bond length
0.61819608    0.0023837547

BBB second bond length
0.61786231    0.0018294661

BBB <phi**2>/<phi>**2
1.2232624     0.0092715484

Time = 8000
Temperature
1.0122117     0.0083579801

Pressure
23.418974     0.071010553 

CM Mom
-1.0338087e-17 2.2033833e-17 
-3.8150058e-17 1.1266579e-17 
1.1153727e-16  2.6257711e-17 
1.2143777e-16  2.3614089e-17 

CM Pos
7.494502       0.012319494   
7.4946444      0.014104204   
7.5031169      0.016347019   
12.985932      0.013943836   

Stress
20.3668      0.000220056  0.00824148    0.0613918    0.103794     0.0659328   
0.000220056  20.4108      0.0116711     0.103794     0.108153     0.0754898   
0.00824148   0.0116711    20.3793       0.0659328    0.0754898    0.142228    

Stress Spherical
0            0            0             0            0            0           
0            0            0             0            0            0           
0            0            0             0            0            0           

Inertia
149.95       -56.1293     -56.2092      0.286421     0.1499       0.136402    
-56.1293     149.967      -56.2396      0.1499       0.309313     0.176248    
-56.2092     -56.2396     149.83        0.136402     0.176248     0.274221    

Bond Length
0.62052094    0.0032289083

BB bond length
0.62052094    0.0032289083

Water EE distance
0             0           

PEG EE distance
7.5381884     0.13235626  

BBB P2(x)
0.51333193    0.010811786 

BBB first bond length
0.62060269    0.0034099119

BBB second bond length
0.62021914    0.0030898614

BBB <phi**2>/<phi>**2
1.2243225     0.0060110177

Time = 9000
Temperature
1.0110623     0.0067667305

Pressure
23.384078     0.056408832 

CM Mom
9.4326146e-18  2.400478e-17  
-5.9345449e-17 1.6671984e-17 
1.2424201e-16  1.2973147e-17 
1.4100486e-16  1.3676685e-17 

CM Pos
7.5060702      0.009375211   
7.4976106      0.0063340389  
7.4948116      0.016451637   
12.989524      0.01131045    

Stress
20.4345      -0.021578    0.0362342     0.0870443    0.0530726    0.0729066   
-0.021578    20.3232      -0.0258244    0.0530726    0.0871317    0.0739287   
0.0362342    -0.0258244   20.3049       0.0729066    0.0739287    0.116834    

Stress Spherical
0            0            0             0            0            0           
0            0            0             0            0            0           
0            0            0             0            0            0           

Inertia
149.862      -56.3041     -56.2716      0.383656     0.148326     0.10958     
-56.3041     149.997      -56.1819      0.148326     0.280567     0.177147    
-56.2716     -56.1819     150.029       0.10958      0.177147     0.186486    

Bond Length
0.6189921     0.0035533856

BB bond length
0.6189921     0.0035533856

Water EE distance
0             0           

PEG EE distance
7.4401279     0.11320632  

BBB P2(x)
0.50378041    0.014270644 

BBB first bond length
0.61863657    0.003473535 

BBB second bond length
0.61889773    0.0034312879

BBB <phi**2>/<phi>**2
1.2270386     0.011904322 

Time = 10000
Temperature
1.0116201     0.0083621984

Pressure
23.39369      0.091858974 

CM Mom
-2.9801225e-17 2.9233867e-17 
-7.2598503e-17 1.8924619e-17 
1.2788092e-16  3.5818295e-17 
1.5357683e-16  3.7710109e-17 

CM Pos
7.5004344      0.015007843   
7.5042846      0.017275962   
7.4980744      0.010190261   
12.992014      0.010661431   

Stress
20.3612      0.0101288    0.0165888     0.104732     0.0733755    0.0542603   
0.0101288    20.4105      0.0205397     0.0733755    0.110466     0.0855645   
0.0165888    0.0205397    20.3147       0.0542603    0.0855645    0.128865    

Stress Spherical
0            0            0             0            0            0           
0            0            0             0            0            0           
0            0            0             0            0            0           

Inertia
150.009      -56.2829     -56.201       0.255759     0.156135     0.19225     
-56.2829     149.939      -56.2847      0.156135     0.233261     0.173299    
-56.201      -56.2847     150.042       0.19225      0.173299     0.342144    

Bond Length
0.6190509     0.0029365711

BB bond length
0.6190509     0.0029365711

Water EE distance
0             0           

PEG EE distance
7.2663915     0.11882353  

BBB P2(x)
0.5025441     0.00862925  

BBB first bond length
0.61871847    0.0030148833

BBB second bond length
0.61906639    0.0031804312

BBB <phi**2>/<phi>**2
1.2249611     0.0081932326

Time = 11000
Temperature
1.0120071     0.010104296 

Pressure
23.339161     0.079513855 

CM Mom
-3.3819595e-17 1.265637e-17  
-8.120468e-17  2.1017261e-17 
8.773111e-17   2.5749365e-17 
1.2875689e-16  1.1014322e-17 

CM Pos
7.4927223      0.01069062    
7.5001319      0.014970424   
7.4958497      0.011823887   
12.983874      0.011106845   

Stress
20.29        0.0371871    -0.0270112    0.114379     0.0805432    0.0506051   
0.0371871    20.3353      0.0283474     0.0805432    0.0970273    0.0710881   
-0.0270112   0.0283474    20.294        0.0506051    0.0710881    0.0753132   

Stress Spherical
0            0            0             0            0            0           
0            0            0             0            0            0           
0            0            0             0            0            0           

Inertia
149.903      -56.2072     -56.1751      0.263284     0.184704     0.130838    
-56.2072     149.801      -56.2057      0.184704     0.253529     0.142748    
-56.1751     -56.2057     149.85        0.130838     0.142748     0.310795    

Bond Length
0.61931789    0.0018401898

BB bond length
0.61931789    0.0018401898

Water EE distance
0             0           

PEG EE distance
6.6247705     0.13427451  

BBB P2(x)
0.51092566    0.010479793 

BBB first bond length
0.61893067    0.0020564975

BBB second bond length
0.61919074    0.0018682761

BBB <phi**2>/<phi>**2
1.2258098     0.0079777457

Time = 12000
Temperature
1.0066883     0.0066577189

Pressure
23.411574     0.088767413 

CM Mom
-2.9725964e-17 1.295278e-17  
-1.2366572e-16 1.065501e-17  
6.827449e-17   3.5136858e-17 
1.4892937e-16  1.3198291e-17 

CM Pos
7.4989513      0.012319494   
7.505471       0.01598785    
7.5017821      0.012369385   
12.993977      0.015052711   

Stress
20.4008      0.000415259  0.00872818    0.142862     0.0858569    0.0753941   
0.000415259  20.393       0.0105201     0.0858569    0.116064     0.0543664   
0.00872818   0.0105201    20.3905       0.0753941    0.0543664    0.109304    

Stress Spherical
0            0            0             0            0            0           
0            0            0             0            0            0           
0            0            0             0            0            0           

Inertia
150.105      -56.2966     -56.2243      0.323897     0.173375     0.147662    
-56.2966     149.993      -56.3531      0.173375     0.311744     0.169511    
-56.2243     -56.3531     150.045       0.147662     0.169511     0.289317    

Bond Length
0.61896803    0.0032042307

BB bond length
0.61896803    0.0032042307

Water EE distance
0             0           

PEG EE distance
6.4487023     0.1150355   

BBB P2(x)
0.50823544    0.011551812 

BBB first bond length
0.6188507     0.0035825829

BBB second bond length
0.61897843    0.0032275798

BBB <phi**2>/<phi>**2
1.2239542     0.0078909111

Time = 13000
Temperature
1.005931      0.0067981984

Pressure
23.410265     0.080579059 

CM Mom
8.0648691e-18  1.4745194e-17 
-1.0515944e-16 2.1049873e-17 
6.5646574e-17  2.0103738e-17 
1.2676476e-16  2.0697745e-17 

CM Pos
7.4924257      0.014010321   
7.5002802      0.009720765   
7.5017821      0.017216656   
12.987215      0.014760925   

Stress
20.4122      -0.0367776   -0.0261321    0.0744356    0.0638778    0.0821438   
-0.0367776   20.4275      0.0127423     0.0638778    0.0876833    0.0633711   
-0.0261321   0.0127423    20.3475       0.0821438    0.0633711    0.160082    

Stress Spherical
0            0            0             0            0            0           
0            0            0             0            0            0           
0            0            0             0            0            0           

Inertia
150.025      -56.1762     -56.2105      0.260106     0.13671      0.23861     
-56.1762     149.89       -56.2465      0.13671      0.446855     0.162769    
-56.2105     -56.2465     149.871       0.23861      0.162769     0.233947    

Bond Length
0.61927592    0.0036165923

BB bond length
0.61927592    0.0036165923

Water EE distance
0             0           

PEG EE distance
6.5324114     0.25413472  

BBB P2(x)
0.51166806    0.012573003 

BBB first bond length
0.6192803     0.0036036569

BBB second bond length
0.61925254    0.0034983898

BBB <phi**2>/<phi>**2
1.2281488     0.0098383633

Time = 14000
Temperature
1.014083      0.0054510057

Pressure
23.395246     0.060036534 

CM Mom
1.3836075e-17  1.6034867e-17 
-1.1769823e-16 1.9556667e-17 
3.5553427e-17  1.5898261e-17 
1.2566155e-16  2.0245155e-17 

CM Pos
7.5090363      0.012172208   
7.5022082      0.013661369   
7.4922903      0.012874749   
12.992441      0.012077868   

Stress
20.3659      0.00202659   -0.0663996    0.0818134    0.0688297    0.055216    
0.00202659   20.3416      -0.0304952    0.0688297    0.0653555    0.0820244   
-0.0663996   -0.0304952   20.3614       0.055216     0.0820244    0.0793692   

Stress Spherical
0            0            0             0            0            0           
0            0            0             0            0            0           
0            0            0             0            0            0           

Inertia
149.92       -56.3354     -56.258       0.221852     0.146108     0.182208    
-56.3354     150.02       -56.2213      0.146108     0.290296     0.136444    
-56.258      -56.2213     150.186       0.182208     0.136444     0.26658     

Bond Length
0.6190638     0.0015698577

BB bond length
0.6190638     0.0015698577

Water EE distance
0             0           

PEG EE distance
6.4179469     0.080728682 

BBB P2(x)
0.51259026    0.011871819 

BBB first bond length
0.6189967     0.0016691926

BBB second bond length
0.61915208    0.0016496843

BBB <phi**2>/<phi>**2
1.2290112     0.010741264 

Time = 15000
Temperature
1.0119877     0.0089437045

Pressure
23.390576     0.095148753 

CM Mom
-1.8782078e-17 9.2783584e-18 
-1.1981701e-16 2.2334654e-17 
4.9219357e-17  1.879769e-17  
1.3190666e-16  2.5890888e-17 

CM Pos
7.4915359      0.018188305   
7.5045812      0.016574183   
7.5041551      0.016148694   
12.990571      0.011247794   

Stress
20.367       -0.0129194   0.0321331     0.152007     0.0564143    0.0852322   
-0.0129194   20.375       0.03154       0.0564143    0.0994929    0.0615063   
0.0321331    0.03154      20.3317       0.0852322    0.0615063    0.117132    

Stress Spherical
0            0            0             0            0            0           
0            0            0             0            0            0           
0            0            0             0            0            0           

Inertia
150.145      -56.2342     -56.1947      0.257026     0.188898     0.165134    
-56.2342     149.914      -56.2996      0.188898     0.281311     0.133445    
-56.1947     -56.2996     149.94        0.165134     0.133445     0.381273    

Bond Length
0.61861342    0.0026878537

BB bond length
0.61861342    0.0026878537

Water EE distance
0             0           

PEG EE distance
6.8046351     0.2585777   

BBB P2(x)
0.5091055     0.0086251298

BBB first bond length
0.61870985    0.0028492923

BBB second bond length
0.61859261    0.0026632852

BBB <phi**2>/<phi>**2
1.2246057     0.013725381 

Time = 16000
Temperature
1.009534      0.0084676128

Pressure
23.380166     0.12171973  

CM Mom
-3.0865111e-17 2.2567273e-17 
-1.5892633e-16 1.5275118e-17 
7.7501558e-17  1.8145071e-17 
1.8170826e-16  1.6452591e-17 

CM Pos
7.505032       0.011303658   
7.499242       0.018692265   
7.4980744      0.015527209   
12.991756      0.016154975   

Stress
20.3746      0.0267839    0.0168319     0.137292     0.0430274    0.0725551   
0.0267839    20.3379      0.0381957     0.0430274    0.148509     0.0599807   
0.0168319    0.0381957    20.3521       0.0725551    0.0599807    0.159077    

Stress Spherical
0            0            0             0            0            0           
0            0            0             0            0            0           
0            0            0             0            0            0           

Inertia
149.975      -56.2901     -56.2832      0.365579     0.198831     0.171874    
-56.2901     150.044      -56.2601      0.198831     0.208672     0.173249    
-56.2832     -56.2601     150.068       0.171874     0.173249     0.355236    

Bond Length
0.61969411    0.0014570799

BB bond length
0.61969411    0.0014570799

Water EE distance
0             0           

PEG EE distance
7.1587287     0.1678993   

BBB P2(x)
0.51971813    0.01124742  

BBB first bond length
0.6197562     0.0017360807

BBB second bond length
0.61949709    0.0015410105

BBB <phi**2>/<phi>**2
1.2319545     0.012015281 

Time = 17000
Temperature
1.0082809     0.0043511434

Pressure
23.386624     0.074848857 

CM Mom
-8.4622398e-18 1.9772575e-17 
-1.5269463e-16 2.289674e-17  
9.6103372e-17  1.4371052e-17 
1.8341086e-16  1.0262463e-17 

CM Pos
7.4955402      0.018006603   
7.5014667      0.010167572   
7.5020787      0.009026176   
12.989868      0.012305371   

Stress
20.3374      -0.0283268   0.0514807     0.133302     0.0714488    0.0758787   
-0.0283268   20.4419      0.0272131     0.0714488    0.0937575    0.0606223   
0.0514807    0.0272131    20.3159       0.0758787    0.0606223    0.137125    

Stress Spherical
0            0            0             0            0            0           
0            0            0             0            0            0           
0            0            0             0            0            0           

Inertia
150.067      -56.2503     -56.2236      0.14728      0.102252     0.169935    
-56.2503     149.954      -56.3211      0.102252     0.39837      0.0827851   
-56.2236     -56.3211     149.96        0.169935     0.0827851    0.318457    

Bond Length
0.61701363    0.003550176 

BB bond length
0.61701363    0.003550176 

Water EE distance
0             0           

PEG EE distance
7.4296776     0.16603385  

BBB P2(x)
0.51917327    0.015440898 

BBB first bond length
0.61726748    0.0032969619

BBB second bond length
0.61691778    0.0037991765

BBB <phi**2>/<phi>**2
1.2227405     0.010191445 

Time = 18000
Temperature
1.0138044     0.0078352595

Pressure
23.386079     0.075708461 

CM Mom
-4.8516e-18    2.4060716e-17 
-1.8367254e-16 1.5768726e-17 
1.0703899e-16  2.1939722e-17 
2.1494829e-16  1.7962122e-17 

CM Pos
7.4922774      0.012727839   
7.4989454      0.011622187   
7.5051932      0.0093622983  
12.988323      0.013294056   

Stress
20.3133      -0.0459312   -0.00252638   0.160102     0.0828014    0.0761539   
-0.0459312   20.3786      -0.0345561    0.0828014    0.114571     0.0817581   
-0.00252638  -0.0345561   20.352        0.0761539    0.0817581    0.0567105   

Stress Spherical
0            0            0             0            0            0           
0            0            0             0            0            0           
0            0            0             0            0            0           

Inertia
150.076      -56.2167     -56.2355      0.28436      0.149006     0.134151    
-56.2167     149.974      -56.2845      0.149006     0.264692     0.14461     
-56.2355     -56.2845     149.879       0.134151     0.14461      0.284793    

Bond Length
0.62024522    0.0024262116

BB bond length
0.62024522    0.0024262116

Water EE distance
0             0           

PEG EE distance
7.6379775     0.18323896  

BBB P2(x)
0.50805539    0.010849374 

BBB first bond length
0.62009809    0.0022798094

BBB second bond length
0.62014603    0.0026409736

BBB <phi**2>/<phi>**2
1.2241412     0.008973869 

Time = 19000
Temperature
1.0078337     0.0068569618

Pressure
23.391824     0.099737993 

CM Mom
-1.8804855e-17 1.4121966e-17 
-1.7919649e-16 2.0345173e-17 
1.3566971e-16  3.1081703e-17 
2.2719096e-16  2.8895845e-17 

CM Pos
7.5013243      0.025170666   
7.5057676      0.01826614    
7.4968879      0.0094371791  
12.992711      0.015861474   

Stress
20.3831      -0.0243498   -0.00696655   0.111333     0.0723736    0.0711538   
-0.0243498   20.3514      0.0397093     0.0723736    0.155464     0.0553492   
-0.00696655  0.0397093    20.3803       0.0711538    0.0553492    0.116087    

Stress Spherical
0            0            0             0            0            0           
0            0            0             0            0            0           
0            0            0             0            0            0           

Inertia
150.039      -56.3111     -56.233       0.296069     0.202897     0.264367    
-56.3111     149.985      -56.2918      0.202897     0.512488     0.171235    
-56.233      -56.2918     150.1         0.264367     0.171235     0.359866    

Bond Length
0.61909113    0.0013962642

BB bond length
0.61909113    0.0013962642

Water EE distance
0             0           

PEG EE distance
7.6736342     0.18750336  

BBB P2(x)
0.50149928    0.010481307 

BBB first bond length
0.61928684    0.001542404 

BBB second bond length
0.61886976    0.0015839818

BBB <phi**2>/<phi>**2
1.2213861     0.010922754 

Time = 20000
Temperature
1.008424      0.0063734035

Pressure
23.378005     0.10050689  

CM Mom
-7.2221029e-18 1.716493e-17  
-1.9076387e-16 1.388814e-17  
1.2399832e-16  2.1808746e-17 
2.2915135e-16  1.6474071e-17 

CM Pos
7.4952436      0.015990601   
7.5060643      0.017250479   
7.5031169      0.012783021   
12.992954      0.017401802   

Stress
20.4042      0.00433316   0.0263923     0.143145     0.0639077    0.0519178   
0.00433316   20.3202      0.0438551     0.0639077    0.107096     0.0700153   
0.0263923    0.0438551    20.3437       0.0519178    0.0700153    0.0904038   

Stress Spherical
0            0            0             0            0            0           
0            0            0             0            0            0           
0            0            0             0            0            0           

Inertia
150.153      -56.2307     -56.1842      0.3239       0.196432     0.222217    
-56.2307     149.987      -56.3269      0.196432     0.389813     0.170266    
-56.1842     -56.3269     150.019       0.222217     0.170266     0.344719    

Bond Length
0.62046659    0.0041527335

BB bond length
0.62046659    0.0041527335

Water EE distance
0             0           

PEG EE distance
7.4735813     0.18823617  

BBB P2(x)
0.50819042    0.0094081954

BBB first bond length
0.62036829    0.0045504278

BBB second bond length
0.62045639    0.0036948802

BBB <phi**2>/<phi>**2
1.229007      0.011428103 

Time = 21000
Temperature
1.0136741     0.0078693937

Pressure
23.452466     0.050570517 

CM Mom
2.4171555e-18  1.4461753e-17 
-1.8314042e-16 1.7453095e-17 
1.1269933e-16  1.9202028e-17 
2.1621456e-16  1.9522549e-17 

CM Pos
7.5019175      0.016792383   
7.4990937      0.0089034987  
7.5000024      0.0096572003  
12.99098       0.010294741   

Stress
20.4037      -0.00437374  0.0244694     0.0509236    0.0806058    0.0760119   
-0.00437374  20.4314      -0.0287711    0.0806058    0.0779922    0.0397779   
0.0244694    -0.0287711   20.4091       0.0760119    0.0397779    0.0749913   

Stress Spherical
0            0            0             0            0            0           
0            0            0             0            0            0           
0            0            0             0            0            0           

Inertia
149.985      -56.2444     -56.2621      0.213169     0.137727     0.150858    
-56.2444     150.025      -56.29        0.137727     0.307736     0.129224    
-56.2621     -56.29       150.005       0.150858     0.129224     0.206761    

Bond Length
0.61891745    0.0023971186

BB bond length
0.61891745    0.0023971186

Water EE distance
0             0           

PEG EE distance
6.8717631     0.22348396  

BBB P2(x)
0.50752068    0.016247966 

BBB first bond length
0.61884822    0.0026704725

BBB second bond length
0.61902581    0.0024831108

BBB <phi**2>/<phi>**2
1.2305922     0.013832062 

Time = 22000
Temperature
1.0114562     0.0092441346

Pressure
23.424347     0.1112662   

CM Mom
3.1772642e-17  1.9069011e-17 
-1.8632172e-16 3.0234456e-17 
8.7615027e-17  2.2995963e-17 
2.1028499e-16  3.1439851e-17 

CM Pos
7.5090363      0.0097884121  
7.4986488      0.019009639   
7.5029686      0.012929303   
12.996553      0.011058836   

Stress
20.4391      -0.00462014  0.00510252    0.103354     0.0861632    0.0553681   
-0.00462014  20.3711      0.0103592     0.0861632    0.131658     0.0369007   
0.00510252   0.0103592    20.3696       0.0553681    0.0369007    0.147476    

Stress Spherical
0            0            0             0            0            0           
0            0            0             0            0            0           
0            0            0             0            0            0           

Inertia
150.028      -56.2791     -56.3359      0.333473     0.129915     0.0956212   
-56.2791     150.188      -56.2464      0.129915     0.263983     0.169588    
-56.3359     -56.2464     150.111       0.0956212    0.169588     0.205449    

Bond Length
0.61811449    0.0021672775

BB bond length
0.61811449    0.0021672775

Water EE distance
0             0           

PEG EE distance
6.4740888     0.14130948  

BBB P2(x)
0.50725216    0.014010041 

BBB first bond length
0.61815722    0.0020921467

BBB second bond length
0.61793897    0.0022894999

BBB <phi**2>/<phi>**2
1.2305859     0.0098849908

Time = 23000
Temperature
1.0126288     0.0073153932

Pressure
23.442665     0.085150165 

CM Mom
4.9599988e-17  2.4105151e-17 
-2.2535831e-16 1.6311516e-17 
8.4748497e-17  1.5869968e-17 
2.476312e-16   1.4373815e-17 

CM Pos
7.5059219      0.013479836   
7.5001319      0.0079438966  
7.4916971      0.010616292   
12.989095      0.012106525   

Stress
20.4551      -0.0510474   -0.0425476    0.0753443    0.0972397    0.0668639   
-0.0510474   20.4107      0.0102001     0.0972397    0.146333     0.0409317   
-0.0425476   0.0102001    20.3584       0.0668639    0.0409317    0.112402    

Stress Spherical
0            0            0             0            0            0           
0            0            0             0            0            0           
0            0            0             0            0            0           

Inertia
149.88       -56.2731     -56.2504      0.252015     0.148088     0.127025    
-56.2731     149.972      -56.1849      0.148088     0.284778     0.10267     
-56.2504     -56.1849     150.086       0.127025     0.10267      0.253565    

Bond Length
0.618665      0.002234893 

BB bond length
0.618665      0.002234893 

Water EE distance
0             0           

PEG EE distance
6.5511219     0.22564533  

BBB P2(x)
0.50936169    0.0064074864

BBB first bond length
0.61873886    0.002292795 

BBB second bond length
0.6189683     0.0022824039

BBB <phi**2>/<phi>**2
1.2247765     0.01075747  

Time = 24000
Temperature
1.0058829     0.0041123872

Pressure
23.378666     0.090443106 

CM Mom
6.1295187e-17  2.6708447e-17 
-2.292984e-16  1.6973348e-17 
1.135731e-16   1.1467046e-17 
2.6482087e-16  1.5380013e-17 

CM Pos
7.5053286      0.013381574   
7.5072507      0.012592322   
7.4995575      0.011178427   
12.9974        0.013286359   

Stress
20.3882      0.0227389    -0.013533     0.122476     0.0826352    0.088915    
0.0227389    20.3292      -0.00497646   0.0826352    0.148265     0.094359    
-0.013533    -0.00497646  20.3755       0.088915     0.094359     0.0831952   

Stress Spherical
0            0            0             0            0            0           
0            0            0             0            0            0           
0            0            0             0            0            0           

Inertia
150.09       -56.3741     -56.2799      0.26566      0.153099     0.188545    
-56.3741     150.078      -56.3181      0.153099     0.308059     0.130569    
-56.2799     -56.3181     150.157       0.188545     0.130569     0.307565    

Bond Length
0.61819028    0.0021247318

BB bond length
0.61819028    0.0021247318

Water EE distance
0             0           

PEG EE distance
6.7124547     0.12187856  

BBB P2(x)
0.50186846    0.015944233 

BBB first bond length
0.61799197    0.0020884082

BBB second bond length
0.6177274     0.0019304865

BBB <phi**2>/<phi>**2
1.2220076     0.0065306594

Time = 25000
Temperature
1.0067223     0.010736085 

Pressure
23.381461     0.076285107 

CM Mom
6.5017038e-17  2.3821119e-17 
-2.4725706e-16 1.4463031e-17 
1.1457559e-16  1.8833173e-17 
2.8147446e-16  1.9856407e-17 

CM Pos
7.502659       0.012016713   
7.499242       0.013564422   
7.5011889      0.012208295   
12.992178      0.011713666   

Stress
20.3676      0.0295055    -0.0258198    0.0869254    0.0712509    0.0871988   
0.0295055    20.3857      0.0158856     0.0712509    0.101103     0.0613885   
-0.0258198   0.0158856    20.3404       0.0871988    0.0613885    0.124904    

Stress Spherical
0            0            0             0            0            0           
0            0            0             0            0            0           
0            0            0             0            0            0           

Inertia
149.995      -56.2571     -56.2615      0.302009     0.132074     0.103872    
-56.2571     150.044      -56.239       0.132074     0.259099     0.142704    
-56.2615     -56.239      150.002       0.103872     0.142704     0.346508    

Bond Length
0.61922054    0.004486772 

BB bond length
0.61922054    0.004486772 

Water EE distance
0             0           

PEG EE distance
7.1861403     0.16202562  

BBB P2(x)
0.51069025    0.016044547 

BBB first bond length
0.61899909    0.0044189478

BBB second bond length
0.61945569    0.0041639725

BBB <phi**2>/<phi>**2
1.2206919     0.010817378 

Time = 26000
Temperature
1.0073896     0.0087381774

Pressure
23.41665      0.10072633  

CM Mom
7.3889272e-17  1.559185e-17  
-2.505469e-16  1.4443139e-17 
1.1774131e-16  1.4966799e-17 
2.874219e-16   1.2678969e-17 

CM Pos
7.4947987      0.016270818   
7.4937546      0.013877818   
7.5029686      0.015124638   
12.985506      0.014495404   

Stress
20.378       0.0209725    -0.0183969    0.143189     0.0838341    0.0796378   
0.0209725    20.3929      0.007504      0.0838341    0.0732072    0.060866    
-0.0183969   0.007504     20.4224       0.0796378    0.060866     0.112444    

Stress Spherical
0            0            0             0            0            0           
0            0            0             0            0            0           
0            0            0             0            0            0           

Inertia
149.949      -56.1665     -56.2233      0.312762     0.117251     0.208265    
-56.1665     149.962      -56.2645      0.117251     0.37857      0.171613    
-56.2233     -56.2645     149.811       0.208265     0.171613     0.282242    

Bond Length
0.61911199    0.0024974107

BB bond length
0.61911199    0.0024974107

Water EE distance
0             0           

PEG EE distance
7.4536756     0.17880305  

BBB P2(x)
0.51643379    0.014192402 

BBB first bond length
0.61922267    0.0024023111

BBB second bond length
0.61898274    0.0024304788

BBB <phi**2>/<phi>**2
1.2189124     0.0082933404

Time = 27000
Temperature
1.006496      0.0080978131

Pressure
23.346601     0.071559531 

CM Mom
4.6865457e-17  1.770109e-17  
-2.332975e-16  2.6481069e-17 
1.0538447e-16  9.6806949e-18 
2.6112962e-16  2.5487069e-17 

CM Pos
7.5048837      0.013182017   
7.4985005      0.01156432    
7.4958497      0.0077858838  
12.98995       0.011024575   

Stress
20.3237      -0.010169    0.0235735     0.109168     0.0695281    0.0763883   
-0.010169    20.3408      -0.0252031    0.0695281    0.113177     0.0973558   
0.0235735    -0.0252031   20.3266       0.0763883    0.0973558    0.112838    

Stress Spherical
0            0            0             0            0            0           
0            0            0             0            0            0           
0            0            0             0            0            0           

Inertia
149.891      -56.2782     -56.2367      0.210353     0.153625     0.13107     
-56.2782     150          -56.2155      0.153625     0.251731     0.113156    
-56.2367     -56.2155     150.034       0.13107      0.113156     0.246853    

Bond Length
0.62014169    0.0028365135

BB bond length
0.62014169    0.0028365135

Water EE distance
0             0           

PEG EE distance
7.4326307     0.18943772  

BBB P2(x)
0.51196166    0.014312954 

BBB first bond length
0.6203656     0.0025896576

BBB second bond length
0.62010488    0.0029421532

BBB <phi**2>/<phi>**2
1.2299455     0.01206767  

Time = 28000
Temperature
1.0107484     0.0076870675

Pressure
23.406421     0.076340913 

CM Mom
9.0042062e-17  1.2870062e-17 
-2.2436105e-16 1.6690506e-17 
1.1744308e-16  2.1009117e-17 
2.7004459e-16  1.4136613e-17 

CM Pos
7.4961334      0.022884366   
7.4993903      0.016370549   
7.4922903      0.013443072   
12.983378      0.012217051   

Stress
20.3852      0.00920119   0.0180649     0.120452     0.0697362    0.0630833   
0.00920119   20.3863      -0.0017649    0.0697362    0.148587     0.100711    
0.0180649    -0.0017649   20.3609       0.0630833    0.100711     0.0610321   

Stress Spherical
0            0            0             0            0            0           
