Time = 500
Temperature
   1.0351331   0.038853649

Pressure
   22.871772    0.17138749

CM Mom
-3.0914546e-17 1.8447355e-17 
-1.5364096e-17 3.5900567e-17 
-2.1034187e-18 1.8388695e-17 
5.4692783e-17  1.3122049e-17 

CM Pos
7.5106376      0.0081023437  
7.4992479      0.050800462   
7.490332       0.034739481   
12.99065       0.018074795   

Stress
19.7436      0.0290117    0.0696486     0.0948846    0.0582546    0.0729845   
0.0290117    19.7566      -0.0218591    0.0582546    0.107133     0.0607848   
0.0696486    -0.0218591   19.81         0.0729845    0.0607848    0.107765    

Stress Spherical
0            0            0             0            0            0           
0            0            0             0            0            0           
0            0            0             0            0            0           

Inertia
149.495      -56.3758     -56.2405      0.419386     0.393497     0.230127    
-56.3758     149.588      -56.1989      0.393497     0.54505      0.249438    
-56.2405     -56.1989     149.771       0.230127     0.249438     0.817135    

Bond Length
0.6163433     0.0042483695

BB bond length
0.6163433     0.0042483695

Water EE distance
0             0           

PEG EE distance
3.4813895     0.38144113  

Time = 1000
Temperature
1.0089945     0.0083542972

Pressure
22.669412     0.11192091  

CM Mom
-3.8364337e-17 2.0430578e-17 
-4.5236401e-17 1.3010236e-17 
-2.7283788e-17 1.9480745e-17 
7.0910728e-17  1.415635e-17  

CM Pos
7.5103409      0.017459435   
7.5105205      0.016843749   
7.4864755      0.0079929953  
12.994651      0.012492645   

Stress
19.5855      -0.0121371   0.0577289     0.126988     0.0365175    0.0759973   
-0.0121371   19.6681      0.068828      0.0365175    0.127222     0.0547119   
0.0577289    0.068828     19.6845       0.0759973    0.0547119    0.117612    

Stress Spherical
0            0            0             0            0            0           
0            0            0             0            0            0           
0            0            0             0            0            0           

Inertia
149.682      -56.3694     -56.1632      0.147966     0.218126     0.147791    
-56.3694     149.682      -56.2872      0.218126     0.224785     0.11752     
-56.1632     -56.2872     150.04        0.147791     0.11752      0.427222    

Bond Length
0.61140115    0.0073473307

BB bond length
0.61140115    0.0073473307

Water EE distance
0             0           

PEG EE distance
3.6545975     0.22484848  

