Time = 1000
Temperature
   1.0627778   0.081040672

Pressure
   23.737721    0.48861835

CM Mom
2.0560843e-17  2.3196253e-17 
-1.2728298e-17 2.100756e-17  
-4.7479392e-17 2.0086348e-16 
1.6040871e-16  1.3577047e-16 

CM Pos
7.4981595      0.014121856   
7.5035154      0.01521695    
7.5021912      0.022757977   
12.992639      0.016939065   

Stress
20.5418      -0.0151796   -0.0235759    0.284998     0.0704576    0.0903808   
-0.0151796   20.5933      0.0252387     0.0704576    0.261143     0.0817157   
-0.0235759   0.0252387    20.5159       0.0903808    0.0817157    0.265663    

Stress Spherical
0            0            0             0            0            0           
0            0            0             0            0            0           
0            0            0             0            0            0           

Inertia
150.174      -56.2453     -56.1989      1.0141       0.104071     0.194496    
-56.2453     150.09       -56.2946      0.104071     0.767217     0.221062    
-56.1989     -56.2946     150.093       0.194496     0.221062     1.0611      

Bond Length
0.61886141    0.0049803236

BB bond length
0.61886141    0.0049803236

Water EE distance
0             0           

PEG EE distance
7.040941      0.40785213  

BBB P2(x)
0.48647601    0.061688638 

BBB first bond length
0.61902377    0.0050329562

BBB second bond length
0.6189531     0.0047703419

BBB <phi**2>/<phi>**2
1.2208006     0.01594574  

Time = 2000
Temperature
1.0160019     0.0052383786

Pressure
23.399251     0.069139652 

CM Mom
1.5129832e-17  1.2784173e-17 
4.9204312e-18  1.9367683e-17 
-1.4756495e-17 4.6778935e-17 
4.798791e-17   2.9914012e-17 

CM Pos
7.4983077      0.0068297087  
7.5014407      0.01313821    
7.4952262      0.011333544   
12.987492      0.0076185111  

Stress
20.3394      0.0108497    0.0108435     0.119485     0.0721263    0.07736     
0.0108497    20.3626      -0.0176487    0.0721263    0.111173     0.0616945   
0.0108435    -0.0176487   20.3545       0.07736      0.0616945    0.110654    

Stress Spherical
0            0            0             0            0            0           
0            0            0             0            0            0           
0            0            0             0            0            0           

Inertia
149.824      -56.2801     -56.174       0.323538     0.139028     0.110036    
-56.2801     149.801      -56.2051      0.139028     0.252236     0.0988145   
-56.174      -56.2051     149.887       0.110036     0.0988145    0.38288     

Bond Length
0.6199905     0.0024609093

BB bond length
0.6199905     0.0024609093

Water EE distance
0             0           

PEG EE distance
7.235943      0.14543612  

BBB P2(x)
0.51017168    0.010515132 

BBB first bond length
0.61978904    0.0023576054

BBB second bond length
0.61997192    0.002375425 

BBB <phi**2>/<phi>**2
1.2246683     0.005310591 

