Time = 1000
Temperature
   1.0594932    0.06940963

Pressure
   23.628206    0.36942741

CM Mom
-1.216071e-17  1.223454e-17  
1.9013915e-17  1.7340446e-17 
-2.6896213e-17 1.8255048e-16 
1.3137099e-16  1.3322737e-16 

CM Pos
7.5025399      0.019944481   
7.5000852      0.027267318   
7.4997528      0.023842703   
12.991811      0.015068688   

Stress
20.4197      0.0583993    0.00115094    0.239506     0.037142     0.0783098   
0.0583993    20.519       0.013496      0.037142     0.18285      0.0734873   
0.00115094   0.013496     20.4284       0.0783098    0.0734873    0.165515    

Stress Spherical
0            0            0             0            0            0           
0            0            0             0            0            0           
0            0            0             0            0            0           

Inertia
150.034      -56.291      -56.2635      0.79123      0.362351     0.107373    
-56.291      150.094      -56.2394      0.362351     0.824233     0.0956367   
-56.2635     -56.2394     150.083       0.107373     0.0956367    1.50124     

Bond Length
0.61784585    0.0054823418

BB bond length
0.61784585    0.0054823418

Water EE distance
0             0           

PEG EE distance
7.1444953     0.19563998  

BBB P2(x)
0.46737109    0.060976721 

BBB first bond length
0.61799013    0.005784628 

BBB second bond length
0.61771358    0.0052997426

BBB <phi**2>/<phi>**2
1.2170868     0.01774796  

Time = 2000
Temperature
1.0089526     0.0076719743

Pressure
23.383274     0.067799335 

CM Mom
2.2555456e-17  2.4488863e-17 
4.3324075e-17  2.7228477e-17 
-2.7668239e-17 3.21189e-17   
6.9804814e-17  2.5519828e-17 

CM Pos
7.4940796      0.010437467   
7.492367       0.016520763   
7.5082131      0.015244655   
12.987321      0.012309428   

Stress
20.3443      -0.0240157   -0.033705     0.0774514    0.0340333    0.0910085   
-0.0240157   20.3944      0.0234188     0.0340333    0.111523     0.0573971   
-0.033705    0.0234188    20.3476       0.0910085    0.0573971    0.14822     

Stress Spherical
0            0            0             0            0            0           
0            0            0             0            0            0           
0            0            0             0            0            0           

Inertia
149.911      -56.1448     -56.2823      0.335974     0.233529     0.164649    
-56.1448     149.946      -56.2032      0.233529     0.427912     0.147785    
-56.2823     -56.2032     149.695       0.164649     0.147785     0.567203    

Bond Length
0.61957615    0.0022385687

BB bond length
0.61957615    0.0022385687

Water EE distance
0             0           

PEG EE distance
7.3319223     0.22472662  

BBB P2(x)
0.51601041    0.0099856303

BBB first bond length
0.61971297    0.0024238463

BBB second bond length
0.61946552    0.0022658834

BBB <phi**2>/<phi>**2
1.2321467     0.011710123 

Time = 3000
Temperature
1.0042169     0.006398826 

Pressure
23.383935     0.074012378 

CM Mom
2.538354e-17   2.078401e-17  
4.618697e-18   2.3187233e-17 
-6.3527338e-17 1.6719085e-17 
7.6060757e-17  1.2856556e-17 

CM Pos
7.5028368      0.013525572   
7.4963746      0.011766033   
7.4960421      0.0089660034  
12.987656      0.0063793682  

Stress
20.3802      0.0156055    0.0299566     0.108615     0.0398937    0.0620089   
0.0156055    20.3818      -0.00160926   0.0398937    0.0787348    0.0702591   
0.0299566    -0.00160926  20.3689       0.0620089    0.0702591    0.0799726   

Stress Spherical
0            0            0             0            0            0           
0            0            0             0            0            0           
0            0            0             0            0            0           

Inertia
149.83       -56.227      -56.2404      0.186016     0.101551     0.106828    
-56.227      149.912      -56.194       0.101551     0.239806     0.103254    
-56.2404     -56.194      149.936       0.106828     0.103254     0.288342    

Bond Length
0.61701714    0.0021350019

BB bond length
0.61701714    0.0021350019

Water EE distance
0             0           

PEG EE distance
6.884948      0.33889331  

BBB P2(x)
0.51930808    0.013792062 

BBB first bond length
0.61705175    0.0021587513

BBB second bond length
0.61724551    0.0020203764

BBB <phi**2>/<phi>**2
1.2265486     0.0075916223

Time = 4000
Temperature
1.0086756     0.0044510274

Pressure
23.397658     0.099711885 

CM Mom
-4.9046019e-18 1.5067411e-17 
7.4391589e-18  2.1435926e-17 
-1.1830052e-16 2.4564256e-17 
1.2167551e-16  2.365181e-17  

CM Pos
7.4971966      0.01354185    
7.4966714      0.016868481   
7.4976748      0.015223687   
12.985515      0.016663802   

Stress
20.3957      -0.00044349  -0.0101814    0.129657     0.0794195    0.0460221   
-0.00044349  20.376       0.027606      0.0794195    0.141134     0.0932253   
-0.0101814   0.027606     20.3602       0.0460221    0.0932253    0.136499    

Stress Spherical
0            0            0             0            0            0           
0            0            0             0            0            0           
0            0            0             0            0            0           

Inertia
149.863      -56.2145     -56.2333      0.372294     0.204472     0.107083    
-56.2145     149.856      -56.1723      0.204472     0.217138     0.212346    
-56.2333     -56.1723     149.842       0.107083     0.212346     0.390154    

Bond Length
0.61967866    0.0034855691

BB bond length
0.61967866    0.0034855691

Water EE distance
0             0           

PEG EE distance
6.7987764     0.17250851  

BBB P2(x)
0.51527773    0.019112458 

BBB first bond length
0.62017144    0.003493924 

BBB second bond length
0.61938538    0.0038803417

BBB <phi**2>/<phi>**2
1.2263692     0.013781626 

Time = 5000
Temperature
1.0123189     0.010088083 

Pressure
23.368089     0.063812732 

CM Mom
-7.0254069e-19 1.268126e-17  
4.3676169e-17  1.3838631e-17 
-1.2075543e-16 2.1629512e-17 
1.2986407e-16  2.1105856e-17 

CM Pos
7.5009072      0.010120262   
7.4971167      0.021225015   
7.4954484      0.010094105   
12.98663       0.014805273   

Stress
20.3419      0.0447784    -0.0129387    0.0817546    0.0621299    0.0705851   
0.0447784    20.3283      0.0282939     0.0621299    0.103959     0.0500633   
-0.0129387   0.0282939    20.3403       0.0705851    0.0500633    0.090216    

Stress Spherical
0            0            0             0            0            0           
0            0            0             0            0            0           
0            0            0             0            0            0           

Inertia
149.862      -56.23       -56.2266      0.475963     0.162708     0.142517    
-56.23       149.914      -56.2087      0.162708     0.196038     0.217761    
-56.2266     -56.2087     149.944       0.142517     0.217761     0.237484    

Bond Length
0.62053464    0.002799565 

BB bond length
0.62053464    0.002799565 

Water EE distance
0             0           

PEG EE distance
7.092373      0.10492803  

BBB P2(x)
0.51217027    0.017804207 

BBB first bond length
0.6205429     0.0029016623

BBB second bond length
0.62059533    0.0027733916

BBB <phi**2>/<phi>**2
1.2275059     0.010572764 

Time = 6000
Temperature
1.0067911     0.0077776851

Pressure
23.352107     0.063839331 

CM Mom
1.1669646e-18  1.6442247e-17 
6.0048416e-17  1.2029471e-17 
-7.7478044e-17 1.7206246e-17 
1.0033277e-16  1.5952012e-17 

CM Pos
7.4976419      0.011096321   
7.5046865      0.010923235   
7.5080647      0.012541835   
12.996396      0.0084056497  

Stress
20.3634      0.0296651    0.022234      0.0746943    0.121665     0.0702673   
0.0296651    20.3207      -0.0154334    0.121665     0.0830993    0.061429    
0.022234     -0.0154334   20.3281       0.0702673    0.061429     0.124673    

Stress Spherical
0            0            0             0            0            0           
0            0            0             0            0            0           
0            0            0             0            0            0           

Inertia
150.169      -56.2957     -56.29        0.23508      0.113458     0.112276    
-56.2957     150.051      -56.3227      0.113458     0.195364     0.132286    
-56.29       -56.3227     150.029       0.112276     0.132286     0.221047    

Bond Length
0.61887032    0.002428706 

BB bond length
0.61887032    0.002428706 

Water EE distance
0             0           

PEG EE distance
7.2888858     0.16837477  

BBB P2(x)
0.51732882    0.0095683754

BBB first bond length
0.61867103    0.0024266808

BBB second bond length
0.61897945    0.0019635716

BBB <phi**2>/<phi>**2
1.2317226     0.0064697989

Time = 7000
Temperature
1.0067662     0.012207998 

Pressure
23.325285     0.077012223 

CM Mom
2.6185845e-17  1.8566163e-17 
5.8126042e-17  1.6936054e-17 
-6.3425033e-17 1.600561e-17  
9.3521618e-17  1.5115849e-17 

CM Pos
7.4998683      0.014362918   
7.5017179      0.011162633   
7.4955968      0.011131011   
12.988768      0.011686637   

Stress
20.3566      -0.0065874   0.00114119    0.10878      0.0746223    0.089757    
-0.0065874   20.298       -0.037059     0.0746223    0.127639     0.0618628   
0.00114119   -0.037059    20.2774       0.089757     0.0618628    0.12089     

Stress Spherical
0            0            0             0            0            0           
0            0            0             0            0            0           
0            0            0             0            0            0           

Inertia
149.951      -56.283      -56.1973      0.235651     0.168454     0.126631    
-56.283      149.9        -56.1872      0.168454     0.251854     0.115826    
-56.1973     -56.1872     150.008       0.126631     0.115826     0.287726    

Bond Length
0.61726554    0.0029071427

BB bond length
0.61726554    0.0029071427

Water EE distance
0             0           

PEG EE distance
7.3313243     0.19841613  

BBB P2(x)
0.5155112     0.016756127 

BBB first bond length
0.61711326    0.0032716969

BBB second bond length
0.61756128    0.0028879887

BBB <phi**2>/<phi>**2
1.226438      0.010578109 

Time = 8000
Temperature
1.0111117     0.004866581 

Pressure
23.352217     0.061162353 

CM Mom
3.3978609e-17  1.8810873e-17 
6.450164e-17   1.7355416e-17 
-4.4947224e-17 3.8921929e-17 
9.3647345e-17  2.7118465e-17 

CM Pos
7.5034305      0.01063713    
7.4914765      0.0087319807  
7.4993075      0.01311625    
12.987052      0.012463785   

Stress
20.3145      0.0104614    0.0500367     0.113878     0.0417023    0.0626441   
0.0104614    20.2704      0.0604493     0.0417023    0.107162     0.0670214   
0.0500367    0.0604493    20.3889       0.0626441    0.0670214    0.126912    

Stress Spherical
0            0            0             0            0            0           
0            0            0             0            0            0           
0            0            0             0            0            0           

Inertia
149.857      -56.1865     -56.2751      0.271961     0.149136     0.0949256   
-56.1865     150.014      -56.1874      0.149136     0.213965     0.176222    
-56.2751     -56.1874     149.917       0.0949256    0.176222     0.25115     

Bond Length
0.6183838     0.0030009557

BB bond length
0.6183838     0.0030009557

Water EE distance
0             0           

PEG EE distance
7.5371982     0.1446025   

BBB P2(x)
0.52028712    0.012108637 

BBB first bond length
0.618576      0.0030376652

BBB second bond length
0.61866693    0.0029376092

BBB <phi**2>/<phi>**2
1.2248726     0.011093773 

Time = 9000
Temperature
1.0073119     0.0072226272

Pressure
23.312826     0.075912397 

CM Mom
4.208687e-17   1.7837296e-17 
3.0264591e-17  2.0010862e-17 
9.7993166e-19  3.7610429e-17 
6.8105706e-17  1.352669e-17  

CM Pos
7.5026884      0.016014269   
7.4971167      0.007610396   
7.4972295      0.015496911   
12.988679      0.017491154   

Stress
20.3138      0.0489803    0.0068248     0.151745     0.0620748    0.0557245   
0.0489803    20.2952      0.0284063     0.0620748    0.0940372    0.0632612   
0.0068248    0.0284063    20.2807       0.0557245    0.0632612    0.0859792   

Stress Spherical
0            0            0             0            0            0           
0            0            0             0            0            0           
0            0            0             0            0            0           

Inertia
149.893      -56.2867     -56.2451      0.295057     0.158615     0.216643    
-56.2867     149.951      -56.1999      0.158615     0.363988     0.156305    
-56.2451     -56.1999     149.995       0.216643     0.156305     0.322354    

Bond Length
0.62044518    0.002194739 

BB bond length
0.62044518    0.002194739 

Water EE distance
0             0           

PEG EE distance
7.2467169     0.28453378  

BBB P2(x)
0.51457398    0.011747488 

BBB first bond length
0.62055732    0.0020795413

BBB second bond length
0.620835      0.0020257817

BBB <phi**2>/<phi>**2
1.2277902     0.006740933 

Time = 10000
Temperature
1.0159696     0.0063037429

Pressure
23.390787     0.098956585 

CM Mom
7.3446263e-17  8.9172082e-18 
1.68239e-17    2.7439803e-17 
-2.1014014e-17 1.1434283e-17 
8.3236051e-17  1.2407576e-17 

CM Pos
7.5055085      0.014554899   
7.5079518      0.011970223   
7.491144       0.013312144   
12.993062      0.0098974862  

Stress
20.3723      -0.0112741   0.0119628     0.145597     0.0825482    0.0658593   
-0.0112741   20.3854      0.0367638     0.0825482    0.114709     0.0707576   
0.0119628    0.0367638    20.2881       0.0658593    0.0707576    0.104908    

Stress Spherical
0            0            0             0            0            0           
0            0            0             0            0            0           
0            0            0             0            0            0           

Inertia
149.959      -56.3325     -56.2023      0.194582     0.189226     0.115049    
-56.3325     149.915      -56.2181      0.189226     0.183422     0.133025    
-56.2023     -56.2181     150.185       0.115049     0.133025     0.345239    

Bond Length
0.61811222    0.003165043 

BB bond length
0.61811222    0.003165043 

Water EE distance
0             0           

PEG EE distance
7.218755      0.19350435  

BBB P2(x)
0.51660373    0.014033271 

BBB first bond length
0.61811467    0.0030261215

BBB second bond length
0.61820255    0.0031253696

BBB <phi**2>/<phi>**2
1.2220329     0.0093564821

Time = 11000
Temperature
1.0118467     0.0057234808

Pressure
23.350337     0.071869819 

CM Mom
7.3836532e-17  1.5715453e-17 
3.7696197e-17  1.7780152e-17 
1.8629138e-18  1.642654e-17  
8.6511464e-17  1.5000479e-17 

CM Pos
7.5029852      0.0088870279  
7.5079518      0.016676713   
7.496339       0.012947197   
12.9946        0.010536007   

Stress
20.3281      -0.0133112   0.0121367     0.0999991    0.046986     0.0784711   
-0.0133112   20.3491      0.0399715     0.046986     0.0877825    0.0896746   
0.0121367    0.0399715    20.2843       0.0784711    0.0896746    0.121145    

Stress Spherical
0            0            0             0            0            0           
0            0            0             0            0            0           
0            0            0             0            0            0           

Inertia
150.036      -56.3588     -56.2763      0.205703     0.159455     0.173777    
-56.3588     149.952      -56.3015      0.159455     0.289185     0.0940979   
-56.2763     -56.3015     150.149       0.173777     0.0940979    0.249853    

Bond Length
0.61910133    0.0011066457

BB bond length
0.61910133    0.0011066457

Water EE distance
0             0           

PEG EE distance
6.570611      0.36665653  

BBB P2(x)
0.50848643    0.019587613 

BBB first bond length
0.61919122    0.0011469762

BBB second bond length
0.61891838    0.0012642865

BBB <phi**2>/<phi>**2
1.2285155     0.011685676 

Time = 12000
Temperature
1.0071151     0.0082918459

Pressure
23.33631      0.085758159 

CM Mom
5.4277997e-17  1.3086975e-17 
4.4345753e-17  2.3361167e-17 
2.620658e-18   3.0683845e-17 
7.9317651e-17  1.693329e-17  

CM Pos
7.493189       0.01824441    
7.5023116      0.017463961   
7.500198       0.012854984   
12.987921      0.015402013   

Stress
20.2885      -0.0233661   0.0146074     0.0996061    0.0536763    0.078915    
-0.0233661   20.361       0.0316669     0.0536763    0.130019     0.0677798   
0.0146074    0.0316669    20.3125       0.078915     0.0677798    0.124047    

Stress Spherical
0            0            0             0            0            0           
0            0            0             0            0            0           
0            0            0             0            0            0           

Inertia
150.023      -56.1937     -56.1724      0.400619     0.176695     0.129259    
-56.1937     149.883      -56.2691      0.176695     0.272158     0.214654    
-56.1724     -56.2691     149.94        0.129259     0.214654     0.322461    

Bond Length
0.62059434    0.0022922887

BB bond length
0.62059434    0.0022922887

Water EE distance
0             0           

PEG EE distance
6.5015707     0.19236944  

BBB P2(x)
0.50623955    0.0089988508

BBB first bond length
0.62069791    0.0022145345

BBB second bond length
0.62064965    0.0023934136

BBB <phi**2>/<phi>**2
1.2293643     0.0078486379

Time = 13000
Temperature
1.0088207     0.0075824178

Pressure
23.385262     0.041235142 

CM Mom
5.7352917e-17  1.6656502e-17 
2.1295936e-17  3.2850265e-17 
1.9000183e-17  1.6777798e-17 
7.4247749e-17  1.514022e-17  

CM Pos
7.4948217      0.019238296   
7.4945934      0.0089352367  
7.5021276      0.010132227   
12.985515      0.012198314   

Stress
20.3329      -0.0390163   0.0028775     0.0690101    0.0788173    0.0385984   
-0.0390163   20.377       0.00217054    0.0788173    0.100311     0.0941187   
0.0028775    0.00217054   20.3835       0.0385984    0.0941187    0.0852782   

Stress Spherical
0            0            0             0            0            0           
0            0            0             0            0            0           
0            0            0             0            0            0           

Inertia
149.936      -56.1597     -56.2007      0.202899     0.156108     0.179761    
-56.1597     149.942      -56.2418      0.156108     0.322122     0.0975271   
-56.2007     -56.2418     149.861       0.179761     0.0975271    0.288466    

Bond Length
0.61962228    0.0041796317

BB bond length
0.61962228    0.0041796317

Water EE distance
0             0           

PEG EE distance
7.0325513     0.25878047  

BBB P2(x)
0.5208854     0.0085303495

BBB first bond length
0.61924526    0.0041344236

BBB second bond length
0.61969666    0.0038382103

BBB <phi**2>/<phi>**2
1.2273976     0.013124844 

Time = 14000
Temperature
1.014375      0.0054734044

Pressure
23.415848     0.12294486  

CM Mom
7.6464606e-17  1.5824872e-17 
3.5136922e-17  4.055487e-17  
4.4831874e-17  2.1189669e-17 
1.0475755e-16  2.1478312e-17 

CM Pos
7.4948217      0.014557926   
7.4911796      0.014366752   
7.5000496      0.012279112   
12.982349      0.0071992173  

Stress
20.3631      0.000494323  0.0304975     0.163254     0.0656486    0.0687409   
0.000494323  20.3929      -0.017972     0.0656486    0.117937     0.0751842   
0.0304975    -0.017972    20.3794       0.0687409    0.0751842    0.186665    

Stress Spherical
0            0            0             0            0            0           
0            0            0             0            0            0           
0            0            0             0            0            0           

Inertia
149.855      -56.1972     -56.1994      0.228147     0.1647       0.115842    
-56.1972     149.909      -56.2345      0.1647       0.19395      0.141411    
-56.1994     -56.2345     149.788       0.115842     0.141411     0.28636     

Bond Length
0.62036649    0.0036580501

BB bond length
0.62036649    0.0036580501

Water EE distance
0             0           

PEG EE distance
7.3806115     0.14478721  

BBB P2(x)
0.51524727    0.0180457   

BBB first bond length
0.62024279    0.0038680243

BBB second bond length
0.62044554    0.0037512619

BBB <phi**2>/<phi>**2
1.2329298     0.014137947 

Time = 15000
Temperature
1.0115001     0.0075372452

Pressure
23.42005      0.098238664 

CM Mom
9.5301375e-17  1.8910409e-17 
3.3665376e-17  1.2235315e-17 
4.5756739e-17  1.3447855e-17 
1.127809e-16   1.6673606e-17 

CM Pos
7.4943765      0.0068998452  
7.4974135      0.01482856    
7.5010886      0.010887883   
12.986281      0.010341136   

Stress
20.369       -0.0439427   0.0502463     0.105141     0.0819355    0.0399063   
-0.0439427   20.4152      0.0132976     0.0819355    0.104798     0.0695678   
0.0502463    0.0132976    20.3896       0.0399063    0.0695678    0.128834    

Stress Spherical
0            0            0             0            0            0           
0            0            0             0            0            0           
0            0            0             0            0            0           

Inertia
149.965      -56.2033     -56.2354      0.25278      0.142918     0.124982    
-56.2033     149.937      -56.2356      0.142918     0.18792      0.166086    
-56.2354     -56.2356     149.881       0.124982     0.166086     0.21995     

Bond Length
0.61936676    0.0031542889

BB bond length
0.61936676    0.0031542889

Water EE distance
0             0           

PEG EE distance
7.6169679     0.22821811  

BBB P2(x)
0.5089944     0.013306083 

BBB first bond length
0.61962346    0.0029740732

BBB second bond length
0.6194809     0.0035992969

BBB <phi**2>/<phi>**2
1.2320489     0.0067058379

Time = 16000
Temperature
1.0134255     0.0042736968

Pressure
23.393422     0.10919254  

CM Mom
1.190148e-16   2.9522913e-17 
7.3112226e-17  1.1027584e-17 
5.91046e-17    2.2808785e-17 
1.5460443e-16  2.4782967e-17 

CM Pos
7.4992745      0.014916696   
7.507655       0.0085212943  
7.5007918      0.0065526638  
12.994847      0.013108655   

Stress
20.3193      -0.0139331   -0.0123765    0.100813     0.0934354    0.052295    
-0.0139331   20.3134      -0.0121434    0.0934354    0.129235     0.0818864   
-0.0123765   -0.0121434   20.4438       0.052295     0.0818864    0.102951    

Stress Spherical
0            0            0             0            0            0           
0            0            0             0            0            0           
0            0            0             0            0            0           

Inertia
150.097      -56.3117     -56.2502      0.127935     0.19368      0.17455     
-56.3117     149.994      -56.3127      0.19368      0.2725       0.0883998   
-56.2502     -56.3127     150.115       0.17455      0.0883998    0.331379    

Bond Length
0.62002044    0.0041252679

BB bond length
0.62002044    0.0041252679

Water EE distance
0             0           

PEG EE distance
7.4222271     0.29099895  

BBB P2(x)
0.51213518    0.015129915 

BBB first bond length
0.61995282    0.0041496394

BBB second bond length
0.61992419    0.0047197743

BBB <phi**2>/<phi>**2
1.2214298     0.017081308 

Time = 17000
Temperature
1.0114788     0.010742825 

Pressure
23.374624     0.075839047 

CM Mom
7.8212993e-17  1.2741801e-17 
1.0216282e-16  1.800888e-17  
3.635909e-17   2.5045996e-17 
1.3644167e-16  1.9342788e-17 

CM Pos
7.5013525      0.0069046329  
7.4983041      0.0070701595  
7.4997528      0.010415281   
12.990046      0.0070764834  

Stress
20.3364      0.0172549    -0.00948508   0.152626     0.0793559    0.0593378   
0.0172549    20.3365      0.00771278    0.0793559    0.0866352    0.0773497   
-0.00948508  0.00771278   20.3647       0.0593378    0.0773497    0.0772096   

Stress Spherical
0            0            0             0            0            0           
0            0            0             0            0            0           
0            0            0             0            0            0           

Inertia
149.947      -56.2341     -56.2738      0.163499     0.115846     0.0914253   
-56.2341     150.013      -56.2217      0.115846     0.182212     0.079699    
-56.2738     -56.2217     150.005       0.0914253    0.079699     0.213697    

Bond Length
0.61889524    0.0022376808

BB bond length
0.61889524    0.0022376808

Water EE distance
0             0           

PEG EE distance
7.3023194     0.17569211  

BBB P2(x)
0.51312802    0.012431806 

BBB first bond length
0.61872126    0.0021000316

BBB second bond length
0.61879013    0.0023953274

BBB <phi**2>/<phi>**2
1.2248811     0.011431626 

Time = 18000
Temperature
1.0084341     0.00942113  

Pressure
23.387221     0.065780082 

CM Mom
8.5430926e-17  1.531799e-17  
1.1167403e-16  2.2267516e-17 
3.5319148e-17  1.7588472e-17 
1.4668342e-16  2.325481e-17  

CM Pos
7.5003135      0.013342724   
7.4990462      0.0078596095  
7.5030182      0.0076608873  
12.991762      0.0094316702  

Stress
20.3648      -0.0108594   -0.0279274    0.109731     0.0670263    0.0517609   
-0.0108594   20.3319      0.0693711     0.0670263    0.0601469    0.0876276   
-0.0279274   0.0693711    20.406        0.0517609    0.0876276    0.0862319   

Stress Spherical
0            0            0             0            0            0           
0            0            0             0            0            0           
0            0            0             0            0            0           

Inertia
150.003      -56.2524     -56.2473      0.0900723    0.121269     0.137303    
-56.2524     150.038      -56.2742      0.121269     0.239835     0.0846838   
-56.2473     -56.2742     149.992       0.137303     0.0846838    0.267977    

Bond Length
0.6175544     0.0039676549

BB bond length
0.6175544     0.0039676549

Water EE distance
0             0           

PEG EE distance
7.582063      0.13932698  

BBB P2(x)
0.52467675    0.015045432 

BBB first bond length
0.6173336     0.0041504205

BBB second bond length
0.61790732    0.0040171925

BBB <phi**2>/<phi>**2
1.2315186     0.0094318979

Time = 19000
Temperature
1.0101415     0.007479795 

Pressure
23.351432     0.093079146 

CM Mom
7.6597809e-17  1.8154551e-17 
9.3689727e-17  2.5147441e-17 
1.9620605e-17  1.4835192e-17 
1.2459405e-16  2.6236338e-17 

CM Pos
7.4940796      0.013623758   
7.5012726      0.015128603   
7.4918862      0.015559336   
12.983027      0.01871412    

Stress
20.3011      -0.0347487   0.00391357    0.0734923    0.0766703    0.0567931   
-0.0347487   20.3431      -0.0106567    0.0766703    0.115373     0.104201    
0.00391357   -0.0106567   20.3359       0.0567931    0.104201     0.158998    

Stress Spherical
0            0            0             0            0            0           
0            0            0             0            0            0           
0            0            0             0            0            0           

Inertia
149.88       -56.1865     -56.1304      0.440224     0.198606     0.190674    
-56.1865     149.793      -56.2096      0.198606     0.338498     0.18567     
-56.1304     -56.2096     149.935       0.190674     0.18567      0.347009    

Bond Length
0.61719664    0.003309389 

BB bond length
0.61719664    0.003309389 

Water EE distance
0             0           

PEG EE distance
7.4625619     0.25852152  

BBB P2(x)
0.51792137    0.015891206 

BBB first bond length
0.61711169    0.0033672795

BBB second bond length
0.61731301    0.0033158266

BBB <phi**2>/<phi>**2
1.2240455     0.0079600811

Time = 20000
Temperature
1.0057928     0.0067665895

Pressure
23.311632     0.088850572 

CM Mom
7.6919692e-17  1.4770051e-17 
8.8647562e-17  1.2755366e-17 
6.209438e-18   1.984022e-17  
1.2012474e-16  1.2574598e-17 

CM Pos
7.5040242      0.015789139   
7.4931092      0.013095237   
7.5042056      0.017029657   
12.991179      0.011973397   

Stress
20.3225      -0.0100625   -0.0117183    0.10659      0.0643159    0.0592846   
-0.0100625   20.2498      -0.0154517    0.0643159    0.122811     0.0704691   
-0.0117183   -0.0154517   20.3274       0.0592846    0.0704691    0.0917294   

Stress Spherical
0            0            0             0            0            0           
0            0            0             0            0            0           
0            0            0             0            0            0           

Inertia
149.941      -56.2307     -56.309       0.282302     0.155094     0.186942    
-56.2307     150.119      -56.2305      0.155094     0.346942     0.151101    
-56.309      -56.2305     149.96        0.186942     0.151101     0.249652    

Bond Length
0.62072629    0.0029699306

BB bond length
0.62072629    0.0029699306

Water EE distance
0             0           

PEG EE distance
7.4036397     0.19834702  

BBB P2(x)
0.51468984    0.012478797 

BBB first bond length
0.620841      0.0032330903

BBB second bond length
0.62064719    0.0029214039

BBB <phi**2>/<phi>**2
1.2196572     0.0067956861

Time = 21000
Temperature
1.0088002     0.0072128847

Pressure
23.391759     0.10967905  

CM Mom
1.0020536e-16  1.4824875e-17 
8.5049032e-17  3.1726332e-17 
4.1008684e-17  1.2877006e-17 
1.4096062e-16  2.1872835e-17 

CM Pos
7.4937828      0.0089561695  
7.5039443      0.017487283   
7.501237       0.0078875897  
12.989799      0.0094006018  

Stress
20.3653      -0.0376195   0.0121872     0.16217      0.0533728    0.0635891   
-0.0376195   20.3663      -0.0135173    0.0533728    0.115305     0.0703484   
0.0121872    -0.0135173   20.3815       0.0635891    0.0703484    0.116186    

Stress Spherical
0            0            0             0            0            0           
0            0            0             0            0            0           
0            0            0             0            0            0           

Inertia
150.058      -56.2406     -56.2337      0.220933     0.165085     0.0841298   
-56.2406     149.9        -56.3112      0.165085     0.170998     0.12275     
-56.2337     -56.3112     149.961       0.0841298    0.12275      0.307949    

Bond Length
0.61984889    0.0026437379

BB bond length
0.61984889    0.0026437379

Water EE distance
0             0           

PEG EE distance
7.7616278     0.14797679  

BBB P2(x)
0.51525158    0.011987947 

BBB first bond length
0.61967573    0.0026251955

BBB second bond length
0.61969228    0.0029364392

BBB <phi**2>/<phi>**2
1.2192366     0.0093774486

Time = 22000
Temperature
1.0122113     0.0039415023

Pressure
23.344279     0.10422463  

CM Mom
6.7972185e-17  1.7030068e-17 
7.6458289e-17  1.4687508e-17 
4.0907066e-17  1.1745238e-17 
1.1198357e-16  1.5583767e-17 

CM Pos
7.4977903      0.014049665   
7.5023116      0.014177662   
7.4981201      0.011304813   
12.98937       0.011864572   

Stress
20.335       -0.0503765   0.0237335     0.137277     0.0945451    0.0593      
-0.0503765   20.2874      0.0149797     0.0945451    0.126271     0.0699076   
0.0237335    0.0149797    20.3176       0.0593       0.0699076    0.130875    

Stress Spherical
0            0            0             0            0            0           
0            0            0             0            0            0           
0            0            0             0            0            0           

Inertia
149.986      -56.258      -56.1981      0.189496     0.147619     0.15857     
-56.258      149.927      -56.2522      0.147619     0.372881     0.0843685   
-56.1981     -56.2522     150.008       0.15857      0.0843685    0.228959    

Bond Length
0.61907224    0.0034683271

BB bond length
0.61907224    0.0034683271

Water EE distance
0             0           

PEG EE distance
7.627849      0.22870636  

BBB P2(x)
0.51286924    0.015186174 

BBB first bond length
0.61910876    0.0033419531

BBB second bond length
0.61887622    0.0035683283

BBB <phi**2>/<phi>**2
1.2190913     0.0057721861

Time = 23000
Temperature
1.0130488     0.0086490837

Pressure
23.433071     0.062430069 

CM Mom
8.5486404e-17  8.7800275e-18 
7.6934866e-17  2.5963753e-17 
6.4454126e-17  1.870001e-17  
1.3483694e-16  1.7353048e-17 

CM Pos
7.4979387      0.016798464   
7.4972651      0.011123092   
7.4960421      0.014351409   
12.985347      0.0089187577  

Stress
20.4484      0.0196884    0.00622781    0.116412     0.0699821    0.0531724   
0.0196884    20.4086      -0.0201372    0.0699821    0.0921694    0.0589983   
0.00622781   -0.0201372   20.3419       0.0531724    0.0589983    0.0955391   

Stress Spherical
0            0            0             0            0            0           
0            0            0             0            0            0           
0            0            0             0            0            0           

Inertia
149.899      -56.1909     -56.2179      0.345989     0.174849     0.134294    
-56.1909     149.895      -56.2002      0.174849     0.180726     0.156215    
-56.2179     -56.2002     149.929       0.134294     0.156215     0.22757     

Bond Length
0.61939649    0.0035444258

BB bond length
0.61939649    0.0035444258

Water EE distance
0             0           

PEG EE distance
7.4009564     0.18208494  

BBB P2(x)
0.52384991    0.013779095 

BBB first bond length
0.61952374    0.0036401023

BBB second bond length
0.6191909     0.0037740789

BBB <phi**2>/<phi>**2
1.2259455     0.0098503225

Time = 24000
Temperature
1.0119031     0.009210636 

Pressure
23.370522     0.078332653 

CM Mom
1.1073612e-16  1.4858745e-17 
9.5662807e-17  1.2882654e-17 
6.0411359e-17  1.2724206e-17 
1.5967104e-16  1.0826098e-17 

CM Pos
7.495267       0.018118393   
7.4968198      0.016346488   
7.503315       0.019281762   
12.987743      0.0236929     

Stress
20.3565      -0.0238327   0.0113716     0.110927     0.0595061    0.0466296   
-0.0238327   20.3483      0.0154533     0.0595061    0.108819     0.0524975   
0.0113716    0.0154533    20.3167       0.0466296    0.0524975    0.102962    

Stress Spherical
0            0            0             0            0            0           
0            0            0             0            0            0           
0            0            0             0            0            0           

Inertia
150.021      -56.1597     -56.2347      0.417249     0.223848     0.242747    
-56.1597     149.977      -56.2656      0.223848     0.544756     0.199626    
-56.2347     -56.2656     149.93        0.242747     0.199626     0.4123      

Bond Length
0.61877503    0.0027170698

BB bond length
0.61877503    0.0027170698

Water EE distance
0             0           

PEG EE distance
7.2351071     0.18428353  

BBB P2(x)
0.51536506    0.013113996 

BBB first bond length
0.61888968    0.002819065 

BBB second bond length
0.61884677    0.0027321315

BBB <phi**2>/<phi>**2
1.2248062     0.0077195498

Time = 25000
Temperature
1.0113205     0.0051751932

Pressure
23.38461      0.062695102 

CM Mom
1.0268574e-16  1.1688206e-17 
1.1491621e-16  1.3964844e-17 
5.1173416e-17  2.3197468e-17 
1.6447365e-16  1.3674384e-17 

CM Pos
7.50536        0.0095374968  
7.5037959      0.010603941   
7.4967842      0.014439406   
12.993823      0.011693881   

Stress
20.366       0.00413526   0.0440503     0.0822747    0.0775434    0.0699063   
0.00413526   20.3777      -0.0083289    0.0775434    0.0813337    0.107423    
0.0440503    -0.0083289   20.3253       0.0699063    0.107423     0.0553547   

Stress Spherical
0            0            0             0            0            0           
0            0            0             0            0            0           
0            0            0             0            0            0           

Inertia
150.007      -56.3269     -56.3075      0.2984       0.132401     0.126075    
-56.3269     150.025      -56.251       0.132401     0.222721     0.193045    
-56.3075     -56.251      150.128       0.126075     0.193045     0.242939    

Bond Length
0.61918567    0.0023455215

BB bond length
0.61918567    0.0023455215

Water EE distance
0             0           

PEG EE distance
7.3032015     0.22116316  

BBB P2(x)
0.50683536    0.015526188 

BBB first bond length
0.61877705    0.0027047777

BBB second bond length
0.61908877    0.0025638759

BBB <phi**2>/<phi>**2
1.224463      0.010505255 

Time = 26000
Temperature
1.0106505     0.0053292847

Pressure
23.376276     0.079965285 

CM Mom
9.2265317e-17  1.3946603e-17 
8.4183765e-17  1.5973345e-17 
5.1552974e-17  1.8044951e-17 
1.3672663e-16  1.8401345e-17 

CM Pos
7.4961576      0.0096065433  
7.4991947      0.020026604   
7.4975264      0.017816766   
12.986295      0.01219795    

Stress
20.4118      -0.0250504   0.00610484    0.138921     0.0822428    0.0694222   
-0.0250504   20.3294      -0.0121399    0.0822428    0.130338     0.0674892   
0.00610484   -0.0121399   20.3089       0.0694222    0.0674892    0.113913    

Stress Spherical
0            0            0             0            0            0           
0            0            0             0            0            0           
0            0            0             0            0            0           

Inertia
149.961      -56.1974     -56.1982      0.370984     0.142748     0.168114    
-56.1974     149.894      -56.179       0.142748     0.265252     0.215597    
-56.1982     -56.179      149.955       0.168114     0.215597     0.299156    

Bond Length
0.6185274     0.0026049584

BB bond length
0.6185274     0.0026049584

Water EE distance
0             0           

PEG EE distance
7.1734795     0.26995617  

BBB P2(x)
0.50928087    0.013507056 

BBB first bond length
0.61846619    0.0027555752

BBB second bond length
0.61815885    0.0022954755

BBB <phi**2>/<phi>**2
1.2221003     0.010188745 

Time = 27000
Temperature
1.0100242     0.0050116868

Pressure
23.363204     0.074114606 

CM Mom
5.9648671e-17  1.4061002e-17 
7.271461e-17   2.7962931e-17 
7.2647047e-17  2.6716597e-17 
1.2221878e-16  2.9647167e-17 

CM Pos
7.499423       0.015686249   
7.4983041      0.016278963   
7.4990106      0.011582037   
12.988519      0.0093897407  

Stress
20.3721      -0.0307036   0.0141289     0.0800744    0.0574443    0.073757    
-0.0307036   20.3218      0.0148106     0.0574443    0.0761269    0.107044    
0.0141289    0.0148106    20.3226       0.073757     0.107044     0.0976851   

Stress Spherical
0            0            0             0            0            0           
0            0            0             0            0            0           
0            0            0             0            0            0           

Inertia
149.964      -56.2614     -56.2512      0.273781     0.0988377    0.151696    
-56.2614     149.963      -56.2373      0.0988377    0.259377     0.167272    
-56.2512     -56.2373     149.977       0.151696     0.167272     0.236702    

Bond Length
0.62018365    0.0034167181

BB bond length
0.62018365    0.0034167181

Water EE distance
0             0           

PEG EE distance
6.488649      0.29667617  

BBB P2(x)
0.50822587    0.012431764 

BBB first bond length
0.62021992    0.0032206826

BBB second bond length
0.61999653    0.0036135538

BBB <phi**2>/<phi>**2
1.2256052     0.0075410954

Time = 28000
Temperature
1.0077333     0.0058067313

Pressure
23.356795     0.089307664 

CM Mom
5.9126572e-17  1.4325357e-17 
7.8723008e-17  7.9651283e-18 
8.46876e-17    1.5252534e-17 
1.3113451e-16  1.3049609e-17 

CM Pos
7.496306       0.018550366   
7.4983041      0.0090394162  
7.493222       0.011362157   
12.983368      0.016121436   

Stress
20.386       0.0303852    -0.0199564    0.127788     0.0373188    0.0744989   
0.0303852    20.296       0.00496936    0.0373188    0.104399     0.0518891   
-0.0199564   0.00496936   20.3358       0.0744989    0.0518891    0.125606    

Stress Spherical
0            0            0             0            0            0           
