Time = 500
Temperature
   1.0229213   0.038273588

Pressure
   22.005135    0.24845146

CM Mom
-1.6851286e-17 1.5440974e-17 
-1.6022238e-17 2.75757e-17   
2.9029854e-17  3.1158485e-17 
5.3958854e-17  2.1013009e-17 

CM Pos
7.5065903      0.016461412   
7.5234989      0.019181216   
7.4958189      0.026613269   
13.00539       0.020242349   

Stress
18.9379      0.0239231    -0.0488512    0.152549     0.0615474    0.0413514   
0.0239231    18.9672      -0.0112768    0.0615474    0.173483     0.0536522   
-0.0488512   -0.0112768   18.9049       0.0413514    0.0536522    0.152436    

Stress Spherical
0            0            0             0            0            0           
0            0            0             0            0            0           
0            0            0             0            0            0           

Inertia
149.631      -56.4458     -56.2766      0.380498     0.25603      0.165094    
-56.4458     149.352      -56.3694      0.25603      0.362723     0.167724    
-56.2766     -56.3694     149.824       0.165094     0.167724     0.670831    

Bond Length
0.61401483    0.0020319851

BB bond length
0.61401483    0.0020319851

Water EE distance
0             0           

PEG EE distance
3.5270785     0.19353196  

Time = 1000
Temperature
1.0088854     0.0023818763

Pressure
22.018728     0.080167637 

CM Mom
-2.4024858e-17 1.593083e-17  
8.9363961e-18  1.8355164e-17 
8.0294873e-17  3.1808797e-17 
8.7846857e-17  3.1460329e-17 

CM Pos
7.4867365      0.02509162    
7.5083863      0.016023515   
7.5026344      0.019349855   
12.989132      0.018137242   

Stress
18.9914      0.0383313    -0.00115738   0.11296      0.111338     0.0531698   
0.0383313    19.0423      -0.0696503    0.111338     0.0793193    0.0568977   
-0.00115738  -0.0696503   18.9434       0.0531698    0.0568977    0.103164    

Stress Spherical
0            0            0             0            0            0           
0            0            0             0            0            0           
0            0            0             0            0            0           

Inertia
149.662      -56.1959     -56.1645      0.352078     0.333662     0.135492    
-56.1959     149.283      -56.3235      0.333662     0.247079     0.203334    
-56.1645     -56.3235     149.346       0.135492     0.203334     0.665648    

Bond Length
0.61317405    0.0031966399

BB bond length
0.61317405    0.0031966399

Water EE distance
0             0           

PEG EE distance
3.4219924     0.21958343  

