Time = 500
Temperature
   1.0302109    0.03791382

Pressure
   22.326684    0.11359622

CM Mom
-1.2473169e-16 2.5014166e-17 
1.6162412e-17  2.1635576e-17 
-1.8379567e-17 1.8147458e-17 
1.3031142e-16  2.4476461e-17 

CM Pos
7.5211356      0.026090325   
7.4835237      0.014413335   
7.5252296      0.0064540141  
13.007703      0.016534089   

Stress
19.1977      -0.00614819  -0.0169748    0.104156     0.0912948    0.0776025   
-0.00614819  19.2779      0.0279803     0.0912948    0.0666802    0.0754044   
-0.0169748   0.0279803    19.2371       0.0776025    0.0754044    0.0711117   

Stress Spherical
0            0            0             0            0            0           
0            0            0             0            0            0           
0            0            0             0            0            0           

Inertia
149.536      -56.2586     -56.5288      0.222792     0.21554      0.235648    
-56.2586     150.156      -56.2815      0.21554      0.710186     0.113044    
-56.5288     -56.2815     149.494       0.235648     0.113044     0.441367    

Bond Length
0.61342245    0.0030529651

BB bond length
0.61342245    0.0030529651

Water EE distance
0             0           

PEG EE distance
3.5556548     0.23805404  

Time = 1000
Temperature
1.014244      0.0057887521

Pressure
22.256757     0.064114747 

CM Mom
-1.3533092e-16 4.0656816e-17 
-9.6376574e-19 2.7626618e-17 
-7.2515555e-18 2.6620338e-17 
1.425504e-16   3.4237478e-17 

CM Pos
7.5205428      0.010480832   
7.5016067      0.016007905   
7.5157434      0.019872718   
13.012282      0.018218725   

Stress
19.2267      0.00188748   -0.002779     0.125573     0.0578828    0.0381148   
0.00188748   19.2075      -0.0559357    0.0578828    0.06915      0.0421242   
-0.002779    -0.0559357   19.2123       0.0381148    0.0421242    0.0755187   

Stress Spherical
0            0            0             0            0            0           
0            0            0             0            0            0           
0            0            0             0            0            0           

Inertia
149.775      -56.3589     -56.576       0.409294     0.144881     0.195253    
-56.3589     150.102      -56.327       0.144881     0.434944     0.254182    
-56.576      -56.327      149.873       0.195253     0.254182     0.245227    

Bond Length
0.61431013    0.0014995281

BB bond length
0.61431013    0.0014995281

Water EE distance
0             0           

PEG EE distance
3.5361558     0.22682594  

