Time = 1000
Temperature
   1.0709136   0.091967483

Pressure
   23.619842    0.57020554

CM Mom
1.4672819e-18  1.9279616e-17 
1.1852886e-17  2.6548286e-17 
-8.4341092e-17 1.7391811e-16 
1.5057012e-16  1.261298e-16  

CM Pos
7.5026448      0.016593      
7.5079904      0.027243067   
7.5004029      0.020217099   
12.996796      0.01870981    

Stress
20.3911      0.00141438   -0.0269607    0.292915     0.0907372    0.070489    
0.00141438   20.4143      -0.0257948    0.0907372    0.312312     0.0510117   
-0.0269607   -0.0257948   20.4311       0.070489     0.0510117    0.313105    

Stress Spherical
0            0            0             0            0            0           
0            0            0             0            0            0           
0            0            0             0            0            0           

Inertia
150.208      -56.3307     -56.2686      1.50988      0.284465     0.113197    
-56.3307     150.113      -56.3253      0.284465     1.1593       0.233688    
-56.2686     -56.3253     150.235       0.113197     0.233688     1.4477      

Bond Length
0.61900199    0.0053192316

BB bond length
0.61900199    0.0053192316

Water EE distance
0             0           

PEG EE distance
6.7567347     0.11573901  

BBB P2(x)
0.47907971    0.062613111 

BBB first bond length
0.61911628    0.0056725019

BBB second bond length
0.6190183     0.0053222114

BBB <phi**2>/<phi>**2
1.2178252     0.016713    

Time = 2000
Temperature
1.0113878     0.0073690806

Pressure
23.336211     0.0667495   

CM Mom
-9.0814464e-18 2.6586721e-17 
1.5999062e-17  1.9154174e-17 
1.7634496e-17  2.9306654e-17 
4.5628905e-17  2.2361513e-17 

CM Pos
7.5017545      0.019956774   
7.4987906      0.020603824   
7.4959514      0.0090306405  
12.988383      0.016973044   

Stress
20.3366      -0.0403439   -0.0424332    0.10525      0.0859044    0.0618284   
-0.0403439   20.2495      0.0293053     0.0859044    0.128456     0.0789766   
-0.0424332   0.0293053    20.3344       0.0618284    0.0789766    0.0913477   

Stress Spherical
0            0            0             0            0            0           
0            0            0             0            0            0           
0            0            0             0            0            0           

Inertia
149.793      -56.2827     -56.2182      0.47289      0.264092     0.124083    
-56.2827     149.849      -56.1721      0.264092     0.255199     0.144034    
-56.2182     -56.1721     149.908       0.124083     0.144034     0.564366    

Bond Length
0.61988776    0.0023457394

BB bond length
0.61988776    0.0023457394

Water EE distance
0             0           

PEG EE distance
6.874318      0.12611696  

BBB P2(x)
0.51867328    0.012382049 

BBB first bond length
0.61976746    0.0024116534

BBB second bond length
0.61972336    0.002429817 

BBB <phi**2>/<phi>**2
1.2246523     0.0083467049

