Time = 500
Temperature
   1.0396909   0.039202604

Pressure
   23.000286   0.082420268

CM Mom
1.5281351e-17  1.3421181e-17 
5.2595869e-18  1.2018959e-17 
-4.759981e-17  1.2547672e-17 
5.2969611e-17  1.4253869e-17 

CM Pos
7.4877257      0.033899941   
7.5189663      0.023256949   
7.5036852      0.0098852722  
12.996449      0.016514569   

Stress
19.9321      -0.00774747  -0.0135       0.0871497    0.0199703    0.0354292   
-0.00774747  19.8456      0.00436904    0.0199703    0.119328     0.0278517   
-0.0135      0.00436904   19.8789       0.0354292    0.0278517    0.123517    

Stress Spherical
0            0            0             0            0            0           
0            0            0             0            0            0           
0            0            0             0            0            0           

Inertia
150.053      -56.308      -56.1554      0.290254     0.222011     0.339       
-56.308      149.664      -56.461       0.222011     0.529142     0.0955596   
-56.1554     -56.461      149.752       0.339        0.0955596    0.297938    

Bond Length
0.61768398    0.0050994031

BB bond length
0.61768398    0.0050994031

Water EE distance
0             0           

PEG EE distance
3.5245422     0.22242584  

Time = 1000
Temperature
1.0176179     0.0055045684

Pressure
22.954217     0.063973198 

CM Mom
9.3371392e-18  1.6941993e-17 
3.2043676e-17  1.0996577e-17 
-4.5780641e-17 1.1388038e-17 
6.0560439e-17  8.9399623e-18 

CM Pos
7.4972203      0.01859098    
7.5201531      0.0060516501  
7.5022017      0.016142582   
13.001713      0.012121239   

Stress
19.8843      0.0497085    -0.018717     0.0217319    0.0612466    0.0341814   
0.0497085    19.9321      0.0153141     0.0612466    0.124711     0.0665911   
-0.018717    0.0153141    19.9004       0.0341814    0.0665911    0.11956     

Stress Spherical
0            0            0             0            0            0           
0            0            0             0            0            0           
0            0            0             0            0            0           

Inertia
150.105      -56.3882     -56.2541      0.189803     0.254161     0.196087    
-56.3882     149.845      -56.4108      0.254161     0.307865     0.123434    
-56.2541     -56.4108     149.961       0.196087     0.123434     0.292697    

Bond Length
0.61740168    0.004378555 

BB bond length
0.61740168    0.004378555 

Water EE distance
0             0           

PEG EE distance
3.4935982     0.056195278 

