Time = 500
Temperature
   1.0363362   0.039990971

Pressure
   23.734985    0.17671888

CM Mom
5.159949e-17   1.5019074e-17 
-3.261472e-17  8.7765706e-18 
7.0997688e-17  2.3389066e-17 
9.6516751e-17  1.7351224e-17 

CM Pos
7.5049266      0.0075315676  
7.4934928      0.0069241336  
7.499254       0.025133579   
12.989051      0.021170076   

Stress
20.7061      0.0423575    0.00168281    0.0587973    0.0663532    0.0850026   
0.0423575    20.5804      -0.0485182    0.0663532    0.101919     0.0727133   
0.00168281   -0.0485182   20.5924       0.0850026    0.0727133    0.074421    

Stress Spherical
0            0            0             0            0            0           
0            0            0             0            0            0           
0            0            0             0            0            0           

Inertia
149.903      -56.286      -56.2823      0.301744     0.121309     0.194861    
-56.286      150.085      -56.1975      0.121309     0.389719     0.278259    
-56.2823     -56.1975     150           0.194861     0.278259     0.109654    

Bond Length
0.61363016    0.020001092 

BB bond length
0.61363016    0.020001092 

Water EE distance
0             0           

PEG EE distance
3.9347258     1.0564071   

Time = 1000
Temperature
1.0102035     0.0041506937

Pressure
23.696814     0.040351007 

CM Mom
3.6284576e-17  9.2793851e-18 
-2.6018522e-17 1.6779855e-17 
4.1756185e-17  3.3350532e-17 
6.8432182e-17  2.3110127e-17 

CM Pos
7.4966295      0.010392539   
7.4985303      0.012036801   
7.4995503      0.010952026   
12.987334      0.01352251    

Stress
20.6914      -0.0132696   -0.04822      0.0640813    0.0412694    0.0698145   
-0.0132696   20.6182      -0.0356911    0.0412694    0.0675676    0.0555154   
-0.04822     -0.0356911   20.6899       0.0698145    0.0555154    0.0763821   

Stress Spherical
0            0            0             0            0            0           
0            0            0             0            0            0           
0            0            0             0            0            0           

Inertia
149.947      -56.217      -56.1922      0.318814     0.145592     0.124689    
-56.217      149.917      -56.2019      0.145592     0.251524     0.153252    
-56.1922     -56.2019     149.91        0.124689     0.153252     0.199801    

Bond Length
0.61573802    0.035200085 

BB bond length
0.61573802    0.035200085 

Water EE distance
0             0           

PEG EE distance
3.5625678     0.79703723  

