Time = 500
Temperature
    1.045863   0.050721244

Pressure
   19.980553    0.20808759

CM Mom
1.6338003e-17  3.2558073e-17 
5.2494289e-17  2.0131793e-17 
2.1355505e-18  1.3855856e-17 
6.3903934e-17  2.4509804e-17 

CM Pos
7.4864549      0.011262596   
7.5122528      0.029909842   
7.5186687      0.044076613   
13.000477      0.043566438   

Stress
16.8207      0.0767396    0.0337967     0.112498     0.125164     0.0799947   
0.0767396    16.7986      0.00862461    0.125164     0.0934907    0.0534409   
0.0337967    0.00862461   16.9124       0.0799947    0.0534409    0.103867    

Stress Spherical
0            0            0             0            0            0           
0            0            0             0            0            0           
0            0            0             0            0            0           

Inertia
149.647      -56.196      -56.3394      0.57547      0.333218     0.317446    
-56.196      149.065      -56.5615      0.333218     0.406363     0.552045    
-56.3394     -56.5615     148.973       0.317446     0.552045     0.698574    

Bond Length
0.61285165    0.0020474257

BB bond length
0.61285165    0.0020474257

Water EE distance
0             0           

PEG EE distance
3.8616185     0.13636475  

Time = 1000
Temperature
1.0125391     0.0037744586

Pressure
19.903606     0.084219437 

CM Mom
-5.199029e-19  9.8025899e-18 
2.7605308e-17  2.7542568e-17 
-5.6481856e-18 2.8575972e-17 
4.4145466e-17  2.2730445e-17 

CM Pos
7.5036452      0.015949762   
7.52559        0.021848154   
7.5272639      0.017693908   
13.023049      0.01136682    

Stress
16.8461      -0.0487359   -0.0136918    0.112273     0.0855075    0.0776231   
-0.0487359   16.9459      0.0668752     0.0855075    0.0800782    0.091713    
-0.0136918   0.0668752    16.8087       0.0776231    0.091713     0.138138    

Stress Spherical
0            0            0             0            0            0           
0            0            0             0            0            0           
0            0            0             0            0            0           

Inertia
149.956      -56.4496     -56.5221      0.352332     0.0993855    0.19383     
-56.4496     149.707      -56.743       0.0993855    0.321609     0.25706     
-56.5221     -56.743      149.65        0.19383      0.25706      0.347946    

Bond Length
0.6133934     0.002945258 

BB bond length
0.6133934     0.002945258 

Water EE distance
0             0           

PEG EE distance
3.4700466     0.059351533 

