Time = 1000
Temperature
   1.0211938   0.033394974

Pressure
    23.71198    0.13658734

CM Mom
-1.2150604e-17 2.449942e-17  
1.00481e-16    1.2260736e-17 
-3.2171204e-17 7.16153e-17   
1.2613993e-16  3.5313876e-17 

CM Pos
7.4932622      0.014610383   
7.4942425      0.025078055   
7.4927672      0.0085678579  
12.979004      0.024031579   

Stress
20.6154      -0.019045    -0.0252368    0.0869512    0.0605508    0.0476318   
-0.019045    20.633       -0.0137028    0.0605508    0.102059     0.0863582   
-0.0252368   -0.0137028   20.6977       0.0476318    0.0863582    0.128526    

Stress Spherical
0            0            0             0            0            0           
0            0            0             0            0            0           
0            0            0             0            0            0           

Inertia
149.821      -56.129      -56.1576      0.279641     0.275572     0.157433    
-56.129      149.784      -56.1509      0.275572     0.222177     0.23817     
-56.1576     -56.1509     149.79        0.157433     0.23817      0.417139    

Bond Length
0.57234756    0.0076763729

BB bond length
0.57234756    0.0076763729

Water EE distance
0             0           

PEG EE distance
2.3753711     0.1803705   

Time = 2000
Temperature
1.0075559     0.010248229 

Pressure
23.692541     0.055578858 

CM Mom
6.9609635e-18  1.6622521e-17 
8.6696147e-17  1.524027e-17  
-3.9359923e-17 2.177455e-17  
9.9447411e-17  1.438047e-17  

CM Pos
7.4999295      0.013226381   
7.5157261      0.016314061   
7.4991382      0.0083406566  
12.998942      0.013380517   

Stress
20.6674      0.00844863   0.0384361     0.126082     0.0471604    0.0677614   
0.00844863   20.6735      -0.0157965    0.0471604    0.0898827    0.0745781   
0.0384361    -0.0157965   20.6696       0.0677614    0.0745781    0.0655863   

Stress Spherical
0            0            0             0            0            0           
0            0            0             0            0            0           
0            0            0             0            0            0           

Inertia
150.195      -56.3542     -56.2474      0.144311     0.167307     0.13852     
-56.3542     149.979      -56.3454      0.167307     0.25452      0.164507    
-56.2474     -56.3454     150.221       0.13852      0.164507     0.293466    

Bond Length
0.57045226    0.010032539 

BB bond length
0.57045226    0.010032539 

Water EE distance
0             0           

PEG EE distance
2.2371291     0.11986123  

Time = 3000
Temperature
1.0122191     0.0096208355

Pressure
23.654818     0.068070045 

CM Mom
6.1658419e-18  2.8681594e-17 
8.4487544e-17  2.9755422e-17 
-5.0707934e-17 1.4420466e-17 
1.0523974e-16  2.424919e-17  

CM Pos
7.4997814      0.012896121   
7.4988356      0.0090803359  
7.4949897      0.011056756   
12.9867        0.011205838   

Stress
20.6449      0.00735469   0.0106456     0.0958437    0.0671122    0.0903803   
0.00735469   20.5934      -0.0358092    0.0671122    0.0881514    0.0772      
0.0106456    -0.0358092   20.6171       0.0903803    0.0772       0.0847047   

Stress Spherical
0            0            0             0            0            0           
0            0            0             0            0            0           
0            0            0             0            0            0           

Inertia
149.903      -56.2197     -56.2188      0.25041      0.183056     0.127838    
-56.2197     149.905      -56.1768      0.183056     0.258644     0.149049    
-56.2188     -56.1768     149.966       0.127838     0.149049     0.249486    

Bond Length
0.57077289    0.00381666  

BB bond length
0.57077289    0.00381666  

Water EE distance
0             0           

PEG EE distance
2.2499334     0.29216718  

