Time = 1000
Temperature
     1.05973   0.071040535

Pressure
   23.644626    0.34270661

CM Mom
1.4963231e-17  1.1595467e-17 
1.957698e-17   1.7630728e-17 
1.7740162e-17  9.3439591e-17 
8.2477091e-17  5.7407787e-17 

CM Pos
7.5011092      0.014367183   
7.4925791      0.014107847   
7.4951043      0.017514515   
12.983936      0.0099006973  

Stress
20.4834      0.00324655   0.000737195   0.1426       0.0371153    0.0478384   
0.00324655   20.4393      0.0264899     0.0371153    0.194171     0.0500503   
0.000737195  0.0264899    20.4943       0.0478384    0.0500503    0.192119    

Stress Spherical
0            0            0             0            0            0           
0            0            0             0            0            0           
0            0            0             0            0            0           

Inertia
149.845      -56.2062     -56.2236      0.702138     0.148275     0.183069    
-56.2062     149.986      -56.151       0.148275     0.862785     0.122577    
-56.2236     -56.151      149.945       0.183069     0.122577     1.11293     

Bond Length
0.6193191     0.0035862421

BB bond length
0.6193191     0.0035862421

Water EE distance
0             0           

PEG EE distance
6.5621266     0.25735625  

BBB P2(x)
0.47065274    0.062685476 

BBB first bond length
0.61951034    0.0034841155

BBB second bond length
0.619403      0.0037854455

BBB <phi**2>/<phi>**2
1.2180266     0.013011307 

Time = 2000
Temperature
1.009374      0.0067858743

Pressure
23.326639     0.069243808 

CM Mom
4.4948758e-17  1.9874421e-17 
-9.280659e-18  8.422315e-18  
3.3124891e-17  2.1424772e-17 
6.0153906e-17  2.258841e-17  

CM Pos
7.5006637      0.012916955   
7.4952516      0.015350038   
7.5053488      0.015671227   
12.991131      0.013410973   

Stress
20.274       -0.0196763   -0.0274695    0.132228     0.0783882    0.0777494   
-0.0196763   20.3635      0.0040487     0.0783882    0.121359     0.0616497   
-0.0274695   0.0040487    20.2778       0.0777494    0.0616497    0.112614    

Stress Spherical
0            0            0             0            0            0           
0            0            0             0            0            0           
0            0            0             0            0            0           

Inertia
149.937      -56.1957     -56.2883      0.327182     0.154898     0.179477    
-56.1957     149.995      -56.2304      0.154898     0.433151     0.150132    
-56.2883     -56.2304     149.832       0.179477     0.150132     0.398715    

Bond Length
0.61960466    0.001794005 

BB bond length
0.61960466    0.001794005 

Water EE distance
0             0           

PEG EE distance
7.0802697     0.22815338  

BBB P2(x)
0.51291067    0.015005606 

BBB first bond length
0.61957404    0.0019719354

BBB second bond length
0.61913704    0.0021469648

BBB <phi**2>/<phi>**2
1.2237536     0.0088131585

Time = 3000
Temperature
1.0104848     0.0064946284

Pressure
23.39604      0.07459329  

CM Mom
7.7030308e-17  1.3962661e-17 
1.2071464e-18  1.8960702e-17 
7.2049386e-17  2.0591942e-17 
1.0762739e-16  2.2827095e-17 

CM Pos
7.4988821      0.017218127   
7.5010419      0.010926479   
7.4998554      0.012563117   
12.99027       0.012453416   

Stress
20.3387      0.00501141   -0.0104214    0.113483     0.0624232    0.075249    
0.00501141   20.3837      0.00376016    0.0624232    0.0995578    0.100072    
-0.0104214   0.00376016   20.3911       0.075249     0.100072     0.0872586   

Stress Spherical
0            0            0             0            0            0           
0            0            0             0            0            0           
0            0            0             0            0            0           

Inertia
149.948      -56.2367     -56.2434      0.267051     0.159481     0.166548    
-56.2367     149.927      -56.2549      0.159481     0.253165     0.178979    
-56.2434     -56.2549     149.926       0.166548     0.178979     0.293692    

Bond Length
0.61992026    0.0021284663

BB bond length
0.61992026    0.0021284663

Water EE distance
0             0           

PEG EE distance
6.9096995     0.22864025  

BBB P2(x)
0.5182261     0.0083432102

BBB first bond length
0.61990427    0.0024629157

BBB second bond length
0.61954069    0.0019670591

BBB <phi**2>/<phi>**2
1.2266807     0.0090074001

Time = 4000
Temperature
1.0104837     0.0057671234

Pressure
23.396634     0.11611927  

CM Mom
8.3092413e-17  1.8081623e-17 
-1.0314178e-17 3.1674884e-17 
8.1034028e-17  1.6517017e-17 
1.2149875e-16  2.0453692e-17 

CM Pos
7.502          0.013526329   
7.5065354      0.010031394   
7.5022309      0.019496646   
12.996609      0.018964426   

Stress
20.3709      -0.0149199   -0.0266001    0.133695     0.0446899    0.0714415   
-0.0149199   20.3756      -0.0177738    0.0446899    0.125904     0.0480502   
-0.0266001   -0.0177738   20.3687       0.0714415    0.0480502    0.176305    

Stress Spherical
0            0            0             0            0            0           
0            0            0             0            0            0           
0            0            0             0            0            0           

Inertia
150.1        -56.3453     -56.3064      0.387759     0.1797       0.195314    
-56.3453     150.023      -56.2682      0.1797       0.390791     0.219161    
-56.3064     -56.2682     150.082       0.195314     0.219161     0.247088    

Bond Length
0.6192266     0.0036928258

BB bond length
0.6192266     0.0036928258

Water EE distance
0             0           

PEG EE distance
6.584112      0.12683806  

BBB P2(x)
0.521093      0.016223488 

BBB first bond length
0.61928253    0.0037847731

BBB second bond length
0.6190754     0.0034021781

BBB <phi**2>/<phi>**2
1.2294637     0.0086033108

Time = 5000
Temperature
1.0151501     0.0034551329

Pressure
23.381485     0.085454481 

CM Mom
6.6286457e-17  1.8430176e-17 
1.1613221e-17  2.2734626e-17 
7.3561753e-17  1.5986376e-17 
1.0346739e-16  1.8619641e-17 

CM Pos
7.4985852      0.008373803   
7.4925791      0.0037823634  
7.4983707      0.011209296   
12.984346      0.0071245362  

Stress
20.3282      -0.0123859   0.000684663   0.115951     0.0769523    0.0672646   
-0.0123859   20.3186      0.0102086     0.0769523    0.143224     0.0388028   
0.000684663  0.0102086    20.3812       0.0672646    0.0388028    0.0920216   

Stress Spherical
0            0            0             0            0            0           
0            0            0             0            0            0           
0            0            0             0            0            0           

Inertia
149.832      -56.1782     -56.2487      0.187378     0.0953593    0.123948    
-56.1782     149.929      -56.1788      0.0953593    0.161267     0.136365    
-56.2487     -56.1788     149.827       0.123948     0.136365     0.110319    

Bond Length
0.62144353    0.0025150825

BB bond length
0.62144353    0.0025150825

Water EE distance
0             0           

PEG EE distance
6.9215973     0.12249319  

BBB P2(x)
0.51596128    0.016691936 

BBB first bond length
0.62169131    0.0025305012

BBB second bond length
0.62145508    0.002377931 

BBB <phi**2>/<phi>**2
1.22509       0.012611355 

Time = 6000
Temperature
1.0136552     0.0048308621

Pressure
23.401489     0.088982437 

CM Mom
1.1169483e-16  2.4114299e-17 
8.4027718e-18  2.9925417e-17 
6.5442224e-17  1.1463995e-17 
1.3425707e-16  2.0310589e-17 

CM Pos
7.4979913      0.01445666    
7.4992603      0.008962519   
7.5022309      0.010751579   
12.990097      0.0059991243  

Stress
20.3302      0.00263257   -0.0392077    0.0911806    0.113144     0.0574482   
0.00263257   20.4041      0.0182239     0.113144     0.17433      0.0408679   
-0.0392077   0.0182239    20.367        0.0574482    0.0408679    0.0842859   

Stress Spherical
0            0            0             0            0            0           
0            0            0             0            0            0           
0            0            0             0            0            0           

Inertia
150.008      -56.221      -56.237       0.160835     0.139957     0.0924118   
-56.221      149.991      -56.2681      0.139957     0.198476     0.115504    
-56.237      -56.2681     149.937       0.0924118    0.115504     0.252778    

Bond Length
0.61981369    0.0019282293

BB bond length
0.61981369    0.0019282293

Water EE distance
0             0           

PEG EE distance
6.9480568     0.12295208  

BBB P2(x)
0.51724028    0.01427842  

BBB first bond length
0.61990628    0.0020722766

BBB second bond length
0.62001416    0.0019784176

BBB <phi**2>/<phi>**2
1.2313247     0.012789784 

Time = 7000
Temperature
1.0139847     0.0047807142

Pressure
23.41462      0.081986384 

CM Mom
1.3967582e-16  1.6294654e-17 
2.010363e-17   1.6096813e-17 
6.4757195e-17  1.5351052e-17 
1.5713412e-16  1.32715e-17   

CM Pos
7.4959127      0.022245358   
7.4994088      0.017643049   
7.5014886      0.016921107   
12.988562      0.022843847   

Stress
20.3884      -0.00563183  0.0251747     0.135911     0.0797015    0.0548717   
-0.00563183  20.3686      0.00844684    0.0797015    0.0651996    0.0815      
0.0251747    0.00844684   20.3808       0.0548717    0.0815       0.10156     

Stress Spherical
0            0            0             0            0            0           
0            0            0             0            0            0           
0            0            0             0            0            0           

Inertia
150.015      -56.2118     -56.2023      0.348789     0.219803     0.288345    
-56.2118     149.948      -56.2351      0.219803     0.574502     0.179042    
-56.2023     -56.2351     149.912       0.288345     0.179042     0.444333    

Bond Length
0.61854935    0.0031930608

BB bond length
0.61854935    0.0031930608

Water EE distance
0             0           

PEG EE distance
7.2168065     0.18460828  

BBB P2(x)
0.51081904    0.012735765 

BBB first bond length
0.61834247    0.0032282065

BBB second bond length
0.618547      0.0028446474

BBB <phi**2>/<phi>**2
1.225719      0.015391893 

Time = 8000
Temperature
1.0114026     0.0067417552

Pressure
23.36826      0.066375602 

CM Mom
1.4263421e-16  3.4959385e-17 
1.8813242e-18  1.4145547e-17 
7.6683191e-17  2.8438519e-17 
1.6544555e-16  3.2971869e-17 

CM Pos
7.4847774      0.015056428   
7.4983695      0.018280603   
7.5066851      0.014274828   
12.984538      0.017036448   

Stress
20.3382      0.00816262   0.037815      0.135681     0.0882042    0.0969061   
0.00816262   20.3365      0.0109125     0.0882042    0.0905657    0.0620891   
0.037815     0.0109125    20.3473       0.0969061    0.0620891    0.0989108   

Stress Spherical
0            0            0             0            0            0           
0            0            0             0            0            0           
0            0            0             0            0            0           

Inertia
150.061      -56.1093     -56.1742      0.392948     0.230665     0.134426    
-56.1093     149.847      -56.2655      0.230665     0.199989     0.204783    
-56.1742     -56.2655     149.73        0.134426     0.204783     0.34938     

Bond Length
0.61815046    0.001860394 

BB bond length
0.61815046    0.001860394 

Water EE distance
0             0           

PEG EE distance
7.0021219     0.25849418  

BBB P2(x)
0.50845955    0.011208752 

BBB first bond length
0.61798644    0.0020106302

BBB second bond length
0.61826039    0.0017897557

BBB <phi**2>/<phi>**2
1.2269326     0.0075787845

Time = 9000
Temperature
1.0148418     0.010174238 

Pressure
23.358287     0.086200942 

CM Mom
1.7886316e-16  1.6508346e-17 
-1.5953343e-18 1.0879873e-17 
6.0373253e-17  3.7820074e-17 
1.9220699e-16  2.2742795e-17 

CM Pos
7.5000699      0.010541423   
7.4967363      0.014569059   
7.4977768      0.012246812   
12.98727       0.0070739566  

Stress
20.3154      -0.0177022   0.0260903     0.0667521    0.0622318    0.0776096   
-0.0177022   20.3212      -0.0243399    0.0622318    0.101146     0.0690911   
0.0260903    -0.0243399   20.3246       0.0776096    0.0690911    0.139842    

Stress Spherical
0            0            0             0            0            0           
0            0            0             0            0            0           
0            0            0             0            0            0           

Inertia
149.934      -56.224      -56.2224      0.288252     0.123376     0.0993552   
-56.224      149.983      -56.2066      0.123376     0.195011     0.181037    
-56.2224     -56.2066     149.949       0.0993552    0.181037     0.186563    

Bond Length
0.61975683    0.0032491316

BB bond length
0.61975683    0.0032491316

Water EE distance
0             0           

PEG EE distance
7.3837388     0.21909258  

BBB P2(x)
0.50857684    0.019709169 

BBB first bond length
0.61954312    0.0031860144

BBB second bond length
0.61964132    0.0031249777

BBB <phi**2>/<phi>**2
1.2277428     0.0091172334

Time = 10000
Temperature
1.0089662     0.0094213333

Pressure
23.327653     0.10419415  

CM Mom
1.4490832e-16  2.5099021e-17 
-1.5285484e-17 1.6006872e-17 
4.1176219e-17  2.5714169e-17 
1.5481488e-16  2.2523359e-17 

CM Pos
7.4997729      0.016294623   
7.4962909      0.017569806   
7.5049034      0.012878501   
12.990956      0.018305967   

Stress
20.3783      -0.0117102   0.0160797     0.134303     0.0742764    0.0538654   
-0.0117102   20.285       -0.008601     0.0742764    0.170901     0.0895647   
0.0160797    -0.008601    20.2588       0.0538654    0.0895647    0.0698968   

Stress Spherical
0            0            0             0            0            0           
0            0            0             0            0            0           
0            0            0             0            0            0           

Inertia
150.012      -56.2067     -56.272       0.421335     0.190461     0.195507    
-56.2067     150.037      -56.2583      0.190461     0.382532     0.23603     
-56.272      -56.2583     149.932       0.195507     0.23603      0.337748    

Bond Length
0.61999399    0.0019585638

BB bond length
0.61999399    0.0019585638

Water EE distance
0             0           

PEG EE distance
7.6506446     0.138033    

BBB P2(x)
0.51023886    0.011814998 

BBB first bond length
0.62007603    0.0022430321

BBB second bond length
0.62037036    0.0019497581

BBB <phi**2>/<phi>**2
1.2201286     0.011157679 

Time = 11000
Temperature
1.0152819     0.0074533168

Pressure
23.403646     0.054276032 

CM Mom
1.1683441e-16  1.0662197e-17 
-3.1339927e-17 1.8322866e-17 
1.1941312e-17  1.5922396e-17 
1.2388911e-16  1.1379201e-17 

CM Pos
7.5040786      0.013771813   
7.5041598      0.0096323082  
7.494065       0.016458838   
12.99173       0.011514097   

Stress
20.3784      -0.00421118  -0.00738193   0.112624     0.0741989    0.0474344   
-0.00421118  20.3425      0.028885      0.0741989    0.108503     0.0605748   
-0.00738193  0.028885     20.3724       0.0474344    0.0605748    0.14078     

Stress Spherical
0            0            0             0            0            0           
0            0            0             0            0            0           
0            0            0             0            0            0           

Inertia
149.982      -56.3019     -56.2517      0.395503     0.0764176    0.136797    
-56.3019     149.966      -56.2368      0.0764176    0.258491     0.161821    
-56.2517     -56.2368     150.117       0.136797     0.161821     0.126359    

Bond Length
0.61978611    0.0036979676

BB bond length
0.61978611    0.0036979676

Water EE distance
0             0           

PEG EE distance
7.2934196     0.11362092  

BBB P2(x)
0.51182723    0.012713944 

BBB first bond length
0.61957181    0.0037021697

BBB second bond length
0.61982586    0.0035496913

BBB <phi**2>/<phi>**2
1.2265008     0.013268526 

Time = 12000
Temperature
1.0090612     0.00650109  

Pressure
23.329847     0.073274306 

CM Mom
1.2021271e-16  9.6979077e-18 
-4.6019915e-17 1.2280661e-17 
3.9570171e-17  2.0625428e-17 
1.365226e-16   1.2906588e-17 

CM Pos
7.4988821      0.015074717   
7.5017843      0.010114553   
7.4930257      0.011881371   
12.986756      0.0091092636  

Stress
20.2876      -0.0307322   0.00900405    0.0931328    0.0629236    0.0891992   
-0.0307322   20.3406      0.0309092     0.0629236    0.0635658    0.0642716   
0.00900405   0.0309092    20.2996       0.0891992    0.0642716    0.128621    

Stress Spherical
0            0            0             0            0            0           
0            0            0             0            0            0           
0            0            0             0            0            0           

Inertia
149.94       -56.2115     -56.2048      0.169257     0.126192     0.168768    
-56.2115     149.879      -56.2048      0.126192     0.325963     0.107206    
-56.2048     -56.2048     150.011       0.168768     0.107206     0.324709    

Bond Length
0.62241337    0.0017642961

BB bond length
0.62241337    0.0017642961

Water EE distance
0             0           

PEG EE distance
7.2802468     0.1412657   

BBB P2(x)
0.51159853    0.012551827 

BBB first bond length
0.62227263    0.0019248999

BBB second bond length
0.62214629    0.0015622874

BBB <phi**2>/<phi>**2
1.2198063     0.0096495641

Time = 13000
Temperature
1.007393      0.0088753317

Pressure
23.366973     0.062465753 

CM Mom
1.4395976e-16  2.7572537e-17 
-4.2120865e-17 2.0550679e-17 
3.9740775e-17  3.3377952e-17 
1.6047288e-16  2.4960515e-17 

CM Pos
7.4968035      0.01567404    
7.4937669      0.0063148086  
7.4985192      0.021324556   
12.984101      0.016031574   

Stress
20.4023      -0.0446011   0.0377897     0.100117     0.0756187    0.0852937   
-0.0446011   20.2978      -0.0220564    0.0756187    0.103185     0.0631262   
0.0377897    -0.0220564   20.354        0.0852937    0.0631262    0.118456    

Stress Spherical
0            0            0             0            0            0           
0            0            0             0            0            0           
0            0            0             0            0            0           

Inertia
149.875      -56.2055     -56.2263      0.337601     0.176012     0.16481     
-56.2055     149.921      -56.2049      0.176012     0.376304     0.148303    
-56.2263     -56.2049     149.837       0.16481      0.148303     0.273807    

Bond Length
0.61741831    0.0022123958

BB bond length
0.61741831    0.0022123958

Water EE distance
0             0           

PEG EE distance
7.7103049     0.29763366  

BBB P2(x)
0.50668123    0.014067398 

BBB first bond length
0.61759616    0.0022717083

BBB second bond length
0.61749213    0.0020890343

BBB <phi**2>/<phi>**2
1.221778      0.010514018 

Time = 14000
Temperature
1.0115469     0.0059045447

Pressure
23.367987     0.079818219 

CM Mom
1.3223555e-16  2.730248e-17  
-5.1873229e-17 2.1306729e-17 
2.0318741e-17  1.7502593e-17 
1.4583317e-16  2.8781151e-17 

CM Pos
7.5097205      0.018553498   
7.5035659      0.01306627    
7.5037156      0.013149514   
13.000219      0.011818901   

Stress
20.3241      -0.0379408   0.0598535     0.054423     0.0445068    0.0353031   
-0.0379408   20.3395      0.0271253     0.0445068    0.0914741    0.0537743   
0.0598535    0.0271253    20.3562       0.0353031    0.0537743    0.136227    

Stress Spherical
0            0            0             0            0            0           
0            0            0             0            0            0           
0            0            0             0            0            0           

Inertia
150.118      -56.355      -56.344       0.256913     0.136024     0.197063    
-56.355      150.214      -56.3551      0.136024     0.388927     0.149954    
-56.344      -56.3551     150.21        0.197063     0.149954     0.253808    

Bond Length
0.61863577    0.0023631125

BB bond length
0.61863577    0.0023631125

Water EE distance
0             0           

PEG EE distance
7.4795182     0.21928451  

BBB P2(x)
0.51458413    0.01532293  

BBB first bond length
0.61853047    0.0024325958

BBB second bond length
0.61859115    0.0023887689

BBB <phi**2>/<phi>**2
1.2277155     0.013801496 

Time = 15000
Temperature
1.0100448     0.0073218277

Pressure
23.329404     0.05781082  

CM Mom
1.3478803e-16  1.8731565e-17 
-7.2863537e-17 7.0746272e-18 
2.5395679e-17  1.858577e-17  
1.5649384e-16  1.943915e-17  

CM Pos
7.4957642      0.011303296   
7.4988149      0.010265977   
7.4964406      0.012099228   
12.985204      0.013331161   

Stress
20.3477      -0.0264177   0.0390857     0.140202     0.054643     0.037367    
-0.0264177   20.2422      0.030471      0.054643     0.108688     0.0947162   
0.0390857    0.030471     20.3277       0.037367     0.0947162    0.102717    

Stress Spherical
0            0            0             0            0            0           
0            0            0             0            0            0           
0            0            0             0            0            0           

Inertia
149.916      -56.1983     -56.1895      0.244156     0.134786     0.150631    
-56.1983     149.861      -56.1597      0.134786     0.255553     0.146627    
-56.1895     -56.1597     149.904       0.150631     0.146627     0.265137    

Bond Length
0.61946997    0.0023927848

BB bond length
0.61946997    0.0023927848

Water EE distance
0             0           

PEG EE distance
7.3019831     0.20662876  

BBB P2(x)
0.5088853     0.016212976 

BBB first bond length
0.61925122    0.0023613933

BBB second bond length
0.6195634     0.0024456651

BBB <phi**2>/<phi>**2
1.2257409     0.0084728626

Time = 16000
Temperature
1.0170248     0.011130208 

Pressure
23.412168     0.072336316 

CM Mom
1.5491556e-16  1.6570163e-17 
-7.5425495e-17 1.6164775e-17 
1.495389e-17   1.7083264e-17 
1.7429175e-16  1.9014442e-17 

CM Pos
7.4960612      0.010849545   
7.5005965      0.010545605   
7.5013401      0.020604831   
12.989243      0.014090628   

Stress
20.3782      -0.0378563   -0.00752529   0.0998865    0.0897745    0.0615403   
-0.0378563   20.3764      0.0653171     0.0897745    0.0807133    0.0903608   
-0.00752529  0.0653171    20.3487       0.0615403    0.0903608    0.0993352   

Stress Spherical
0            0            0             0            0            0           
0            0            0             0            0            0           
0            0            0             0            0            0           

Inertia
150.034      -56.2201     -56.263       0.320503     0.131607     0.209965    
-56.2201     149.974      -56.2948      0.131607     0.30303      0.199001    
-56.263      -56.2948     149.965       0.209965     0.199001     0.218725    

Bond Length
0.61816879    0.0019204364

BB bond length
0.61816879    0.0019204364

Water EE distance
0             0           

PEG EE distance
7.3513118     0.15263261  

BBB P2(x)
0.50157052    0.020229605 

BBB first bond length
0.61779043    0.0017167628

BBB second bond length
0.61827547    0.0019349119

BBB <phi**2>/<phi>**2
1.2196234     0.016530249 

Time = 17000
Temperature
1.0138065     0.004606455 

Pressure
23.392819     0.085831567 

CM Mom
1.8906511e-16  1.1373765e-17 
-8.006452e-17  2.4569372e-17 
-1.9164342e-17 2.6837277e-17 
2.0941018e-16  1.1128817e-17 

CM Pos
7.4910131      0.011769527   
7.4985179      0.014734553   
7.5007462      0.01508568    
12.984784      0.014591433   

Stress
20.3033      0.0260484    -0.00981666   0.134712     0.0606465    0.0820798   
0.0260484    20.39        0.0263779     0.0606465    0.0981597    0.0798035   
-0.00981666  0.0263779    20.3807       0.0820798    0.0798035    0.143941    

Stress Spherical
0            0            0             0            0            0           
0            0            0             0            0            0           
0            0            0             0            0            0           

Inertia
149.979      -56.1816     -56.1851      0.306844     0.126728     0.17075     
-56.1816     149.875      -56.2791      0.126728     0.339075     0.170307    
-56.1851     -56.2791     149.836       0.17075      0.170307     0.257773    

Bond Length
0.61842837    0.0019799088

BB bond length
0.61842837    0.0019799088

Water EE distance
0             0           

PEG EE distance
7.4763079     0.30469359  

BBB P2(x)
0.52010666    0.014839735 

BBB first bond length
0.61866222    0.0020997221

BBB second bond length
0.61852114    0.0019926253

BBB <phi**2>/<phi>**2
1.230356      0.011073207 

Time = 18000
Temperature
1.0090978     0.0041126158

Pressure
23.368961     0.071379792 

CM Mom
2.0024427e-16  2.5829334e-17 
-8.696193e-17  1.5271762e-17 
-3.9914952e-17 1.797968e-17  
2.2350672e-16  2.2841677e-17 

CM Pos
7.5008122      0.01017431    
7.5029721      0.01038128    
7.4974799      0.012792631   
12.991123      0.0093818809  

Stress
20.3117      -0.0141229   -0.0145016    0.108979     0.0797593    0.0758635   
-0.0141229   20.3977      0.042024      0.0797593    0.104786     0.075581    
-0.0145016   0.042024     20.3354       0.0758635    0.075581     0.0954895   

Stress Spherical
0            0            0             0            0            0           
0            0            0             0            0            0           
0            0            0             0            0            0           

Inertia
149.991      -56.2616     -56.2264      0.160522     0.095125     0.164539    
-56.2616     149.962      -56.2766      0.095125     0.29295      0.1116      
-56.2264     -56.2766     150.021       0.164539     0.1116       0.212982    

Bond Length
0.61977153    0.0035346112

BB bond length
0.61977153    0.0035346112

Water EE distance
0             0           

PEG EE distance
7.4361167     0.15441075  

BBB P2(x)
0.51039117    0.013978641 

BBB first bond length
0.61979908    0.0035976268

BBB second bond length
0.61935896    0.0038551195

BBB <phi**2>/<phi>**2
1.2208159     0.011224868 

Time = 19000
Temperature
1.0113106     0.0061137548

Pressure
23.372871     0.10622695  

CM Mom
2.0766379e-16  1.9451605e-17 
-8.6464813e-17 2.5305431e-17 
-7.2030705e-17 4.0917447e-17 
2.4069017e-16  2.3453064e-17 

CM Pos
7.4997729      0.017991935   
7.5022297      0.013578379   
7.4998554      0.014501572   
12.991472      0.015638391   

Stress
20.3362      -0.0491484   0.0301762     0.120773     0.0569585    0.0920959   
-0.0491484   20.3109      -0.00945648   0.0569585    0.111409     0.0908056   
0.0301762    -0.00945648  20.3895       0.0920959    0.0908056    0.138133    

Stress Spherical
0            0            0             0            0            0           
0            0            0             0            0            0           
0            0            0             0            0            0           

Inertia
150.017      -56.2688     -56.2618      0.376686     0.169771     0.13628     
-56.2688     149.998      -56.2401      0.169771     0.267929     0.220578    
-56.2618     -56.2401     150.013       0.13628      0.220578     0.343659    

Bond Length
0.61990418    0.0019083544

BB bond length
0.61990418    0.0019083544

Water EE distance
0             0           

PEG EE distance
7.4435122     0.10671239  

BBB P2(x)
0.51092887    0.012890891 

BBB first bond length
0.61981478    0.0020690276

BBB second bond length
0.61960036    0.0019226827

BBB <phi**2>/<phi>**2
1.2259502     0.0089906027

Time = 20000
Temperature
1.0090169     0.00847088  

Pressure
23.393157     0.1085794   

CM Mom
1.919077e-16   1.5273145e-17 
-1.0269755e-16 1.6454302e-17 
-1.0137914e-16 1.5742464e-17 
2.4101883e-16  1.7743933e-17 

CM Pos
7.5012576      0.01027027    
7.503269       0.016639988   
7.5072789      0.014132045   
12.997213      0.013878157   

Stress
20.3314      0.0103803    0.0348259     0.188904     0.0858202    0.0829008   
0.0103803    20.3592      0.0575345     0.0858202    0.117879     0.0425295   
0.0348259    0.0575345    20.4274       0.0829008    0.0425295    0.106842    

Stress Spherical
0            0            0             0            0            0           
0            0            0             0            0            0           
0            0            0             0            0            0           

Inertia
150.157      -56.2579     -56.3277      0.238798     0.17419      0.169191    
-56.2579     150.139      -56.3241      0.17419      0.308808     0.165813    
-56.3277     -56.3241     150.052       0.169191     0.165813     0.254624    

Bond Length
0.62039842    0.0028478575

BB bond length
0.62039842    0.0028478575

Water EE distance
0             0           

PEG EE distance
7.6945887     0.14797092  

BBB P2(x)
0.51858486    0.007825854 

BBB first bond length
0.62046856    0.0028705444

BBB second bond length
0.62077565    0.0028178099

BBB <phi**2>/<phi>**2
1.2274481     0.010579225 

Time = 21000
Temperature
1.0068282     0.0055820877

Pressure
23.347674     0.053219936 

CM Mom
1.9573079e-16  1.0869949e-17 
-9.8262787e-17 1.9350441e-17 
-9.099199e-17  1.450706e-17  
2.383516e-16   1.1714297e-17 

CM Pos
7.504227       0.011657554   
7.5060899      0.014160094   
7.4945104      0.014670834   
12.993186      0.012887244   

Stress
20.3119      0.00479338   0.026881      0.0817938    0.0814997    0.0944131   
0.00479338   20.3287      -0.00876122   0.0814997    0.103552     0.0769159   
0.026881     -0.00876122  20.3607       0.0944131    0.0769159    0.057429    

Stress Spherical
0            0            0             0            0            0           
0            0            0             0            0            0           
0            0            0             0            0            0           

Inertia
150.007      -56.348      -56.2527      0.391875     0.136714     0.164835    
-56.348      149.979      -56.2399      0.136714     0.291843     0.203093    
-56.2527     -56.2399     150.141       0.164835     0.203093     0.240815    

Bond Length
0.61985242    0.0029906399

BB bond length
0.61985242    0.0029906399

Water EE distance
0             0           

PEG EE distance
7.1925118     0.4066597   

BBB P2(x)
0.51828625    0.011695181 

BBB first bond length
0.61988611    0.0031109792

BBB second bond length
0.61981616    0.00286225  

BBB <phi**2>/<phi>**2
1.2199337     0.015012624 

Time = 22000
Temperature
1.0080866     0.0049311887

Pressure
23.348225     0.075939917 

CM Mom
1.8641978e-16  2.3811931e-17 
-9.31478e-17   1.0437431e-17 
-9.992955e-17  3.5704574e-17 
2.3371974e-16  2.7214108e-17 

CM Pos
7.4979913      0.015487286   
7.5004481      0.01759488    
7.5060912      0.020591989   
12.993029      0.013031089   

Stress
20.3632      -0.02095     0.00184263    0.16749      0.0642324    0.0637031   
-0.02095     20.3403      0.00735383    0.0642324    0.104136     0.0843584   
0.00184263   0.00735383   20.2881       0.0637031    0.0843584    0.114218    

Stress Spherical
0            0            0             0            0            0           
0            0            0             0            0            0           
0            0            0             0            0            0           

Inertia
150.126      -56.2299     -56.2436      0.395432     0.190996     0.172058    
-56.2299     150.09       -56.3224      0.190996     0.241202     0.195001    
-56.2436     -56.3224     149.979       0.172058     0.195001     0.398342    

Bond Length
0.61898398    0.0010926842

BB bond length
0.61898398    0.0010926842

Water EE distance
0             0           

PEG EE distance
6.6819664     0.15305056  

BBB P2(x)
0.51161752    0.0079969136

BBB first bond length
0.61896858    0.0010093951

BBB second bond length
0.61896375    0.0010799293

BBB <phi**2>/<phi>**2
1.2342157     0.014465384 

Time = 23000
Temperature
1.0120366     0.007795436 

Pressure
23.338929     0.06978214  

CM Mom
1.8089641e-16  1.4174557e-17 
-1.1515583e-16 3.3387037e-17 
-1.0665742e-16 1.9097232e-17 
2.4183662e-16  2.3570006e-17 

CM Pos
7.5064541      0.0094369486  
7.5008935      0.011766717   
7.4982222      0.012916955   
12.993611      0.0078874092  

Stress
20.3018      0.0171151    0.00763372    0.0577321    0.0661211    0.0745254   
0.0171151    20.2947      0.00743001    0.0661211    0.101105     0.0709775   
0.00763372   0.00743001   20.3318       0.0745254    0.0709775    0.185285    

Stress Spherical
0            0            0             0            0            0           
0            0            0             0            0            0           
0            0            0             0            0            0           

Inertia
149.993      -56.3106     -56.2747      0.234117     0.124902     0.149654    
-56.3106     150.078      -56.2568      0.124902     0.20992      0.124616    
-56.2747     -56.2568     150.099       0.149654     0.124616     0.18941     

Bond Length
0.61888275    0.0032551315

BB bond length
0.61888275    0.0032551315

Water EE distance
0             0           

PEG EE distance
6.4139146     0.17903447  

BBB P2(x)
0.51506722    0.010879461 

BBB first bond length
0.61882232    0.0031308438

BBB second bond length
0.61902396    0.0033754397

BBB <phi**2>/<phi>**2
1.2266075     0.011699938 

Time = 24000
Temperature
1.008571      0.0069882772

Pressure
23.36917      0.062231662 

CM Mom
1.9212968e-16  1.4679e-17    
-9.8343145e-17 1.9922163e-17 
-1.2203099e-16 2.3339263e-17 
2.4986651e-16  1.4162126e-17 

CM Pos
7.4975459      0.0079953946  
7.5025266      0.0075938109  
7.4962921      0.010439511   
12.98829       0.0061951826  

Stress
20.3316      -0.00365984  0.0363291     0.113363     0.0938781    0.0658545   
-0.00365984  20.3434      0.0345754     0.0938781    0.121532     0.0681147   
0.0363291    0.0345754    20.3751       0.0658545    0.0681147    0.0935022   

Stress Spherical
0            0            0             0            0            0           
0            0            0             0            0            0           
0            0            0             0            0            0           

Inertia
150.004      -56.2191     -56.217       0.116682     0.131808     0.12114     
-56.2191     149.902      -56.2236      0.131808     0.131656     0.0844084   
-56.217      -56.2236     149.992       0.12114      0.0844084    0.195915    

Bond Length
0.61903428    0.0033539365

BB bond length
0.61903428    0.0033539365

Water EE distance
0             0           

PEG EE distance
6.309999      0.13763141  

BBB P2(x)
0.51071915    0.013571696 

BBB first bond length
0.61941197    0.0033011416

BBB second bond length
0.61879481    0.0034903896

BBB <phi**2>/<phi>**2
1.2273006     0.0088198385

Time = 25000
Temperature
1.006656      0.0093429252

Pressure
23.336594     0.10486524  

CM Mom
1.9367467e-16  2.5992738e-17 
-1.1524979e-16 2.0857673e-17 
-1.2214541e-16 1.8326115e-17 
2.5879904e-16  1.347085e-17  

CM Pos
7.5002183      0.012785737   
7.5004481      0.012496264   
7.5060912      0.0098886425  
12.994296      0.0092795786  

Stress
20.3055      -0.0105872   -0.0124187    0.112639     0.062067     0.070332    
-0.0105872   20.3749      0.00272972    0.062067     0.123891     0.0546953   
-0.0124187   0.00272972   20.2891       0.070332     0.0546953    0.111222    

Stress Spherical
0            0            0             0            0            0           
0            0            0             0            0            0           
0            0            0             0            0            0           

Inertia
150.089      -56.2414     -56.2961      0.301653     0.0886328    0.103995    
-56.2414     150.079      -56.3123      0.0886328    0.235291     0.170154    
-56.2961     -56.3123     149.996       0.103995     0.170154     0.202453    

Bond Length
0.6193314     0.0031805003

BB bond length
0.6193314     0.0031805003

Water EE distance
0             0           

PEG EE distance
6.4650726     0.12158512  

BBB P2(x)
0.51263941    0.0098426033

BBB first bond length
0.61975516    0.0031889609

BBB second bond length
0.61919902    0.0033104728

BBB <phi**2>/<phi>**2
1.2175442     0.011938415 

Time = 26000
Temperature
1.0109003     0.0066790108

Pressure
23.351003     0.10355171  

CM Mom
1.7475271e-16  1.2542749e-17 
-1.2282467e-16 1.9672378e-17 
-1.3050395e-16 1.6783465e-17 
2.5132791e-16  1.7775841e-17 

CM Pos
7.4984367      0.01677391    
7.4934699      0.012244112   
7.4997069      0.017421763   
12.98556       0.014319335   

Stress
20.2839      0.0151804    -0.00778918   0.0928237    0.0933759    0.0638806   
0.0151804    20.3556      -0.010207     0.0933759    0.117514     0.0696198   
-0.00778918  -0.010207    20.3352       0.0638806    0.0696198    0.160903    

Stress Spherical
0            0            0             0            0            0           
0            0            0             0            0            0           
0            0            0             0            0            0           

Inertia
149.893      -56.1781     -56.2197      0.358482     0.123995     0.202546    
-56.1781     149.961      -56.1973      0.123995     0.327854     0.211065    
-56.2197     -56.1973     149.871       0.202546     0.211065     0.254067    

Bond Length
0.62089071    0.0027008177

BB bond length
0.62089071    0.0027008177

Water EE distance
0             0           

PEG EE distance
6.7781587     0.10721867  

BBB P2(x)
0.50973533    0.0088812513

BBB first bond length
0.62079371    0.0029335431

BBB second bond length
0.62111577    0.0025756946

BBB <phi**2>/<phi>**2
1.2280539     0.0093333775

Time = 27000
Temperature
1.0135996     0.0096787616

Pressure
23.38524      0.069767944 

CM Mom
1.4049217e-16  1.3134594e-17 
-1.2655792e-16 2.0873996e-17 
-1.2677317e-16 2.467568e-17  
2.2963507e-16  1.764251e-17  

CM Pos
7.4930917      0.011970095   
7.4946577      0.013643969   
7.5068335      0.020965942   
12.987273      0.019456194   

Stress
20.3047      -0.034872    -0.0598394    0.128394     0.0819463    0.0705807   
-0.034872    20.3626      -0.00647484   0.0819463    0.0986404    0.0646026   
-0.0598394   -0.00647484  20.3858       0.0705807    0.0646026    0.0887569   

Stress Spherical
0            0            0             0            0            0           
0            0            0             0            0            0           
0            0            0             0            0            0           

Inertia
150.009      -56.0775     -56.2501      0.368362     0.16343      0.187174    
-56.0775     149.994      -56.2277      0.16343      0.421771     0.202258    
-56.2501     -56.2277     149.802       0.187174     0.202258     0.27154     

Bond Length
0.62016565    0.0027427148

BB bond length
0.62016565    0.0027427148

Water EE distance
0             0           

PEG EE distance
6.8597649     0.24765339  

BBB P2(x)
0.51024663    0.012905494 

BBB first bond length
0.62062158    0.0030692604

BBB second bond length
0.62020302    0.0027982376

BBB <phi**2>/<phi>**2
1.2231956     0.012973377 

Time = 28000
Temperature
1.0097955     0.0071963291

Pressure
23.385387     0.075495516 

CM Mom
1.4714123e-16  1.4208569e-17 
-1.5008121e-16 2.517102e-17  
-1.6026764e-16 1.9153566e-17 
2.6591057e-16  1.8828646e-17 

CM Pos
7.5015546      0.012171885   
7.5002996      0.013163755   
7.5028248      0.019573378   
12.9931        0.015932643   

Stress
20.3743      0.000741577  -0.00146033   0.104137     0.0681479    0.0648082   
0.000741577  20.3402      0.0127248     0.0681479    0.087432     0.0616154   
-0.00146033  0.0127248    20.3732       0.0648082    0.0616154    0.108481    

Stress Spherical
0            0            0             0            0            0           
