Time = 1000
Temperature
   1.0297283   0.036602656

Pressure
    23.55579    0.17861101

CM Mom
-3.6003291e-17 1.8153291e-17 
3.3364675e-17  2.020543e-17  
2.3475586e-17  2.2567825e-17 
6.3336429e-17  1.4005231e-17 

CM Pos
7.5005254      0.013692838   
7.49763        0.010514339   
7.5041491      0.026096846   
12.99174       0.016017663   

Stress
20.447       0.0243586    0.024601      0.11942      0.0809979    0.0946026   
0.0243586    20.4741      0.018419      0.0809979    0.134883     0.0615886   
0.024601     0.018419     20.4796       0.0946026    0.0615886    0.130736    

Stress Spherical
0            0            0             0            0            0           
0            0            0             0            0            0           
0            0            0             0            0            0           

Inertia
149.988      -56.2023     -56.2805      0.252684     0.189623     0.191896    
-56.2023     150.031      -56.2541      0.189623     0.317601     0.224192    
-56.2805     -56.2541     149.935       0.191896     0.224192     0.648133    

Bond Length
0.56800768    0.0025926434

BB bond length
0.56800768    0.0025926434

Water EE distance
0             0           

PEG EE distance
2.2254005     0.10372591  

Time = 2000
Temperature
1.0119211     0.012182688 

Pressure
23.464615     0.088371221 

CM Mom
-9.2571589e-18 2.0162401e-17 
3.3000184e-17  2.0030039e-17 
3.1347433e-17  1.9500065e-17 
5.528661e-17   1.6992261e-17 

CM Pos
7.4960805      0.0057402323  
7.5008896      0.011146726   
7.4976299      0.014589333   
12.987271      0.013776263   

Stress
20.4414      -0.0338792   0.0210773     0.0925585    0.039724     0.0463662   
-0.0338792   20.4029      0.0114573     0.039724     0.0892092    0.0687888   
0.0210773    0.0114573    20.4431       0.0463662    0.0687888    0.120113    

Stress Spherical
0            0            0             0            0            0           
0            0            0             0            0            0           
0            0            0             0            0            0           

Inertia
149.894      -56.2484     -56.1788      0.248729     0.147532     0.119503    
-56.2484     149.86       -56.2556      0.147532     0.195215     0.186254    
-56.1788     -56.2556     149.887       0.119503     0.186254     0.258799    

Bond Length
0.57023578    0.0024700112

BB bond length
0.57023578    0.0024700112

Water EE distance
0             0           

PEG EE distance
2.2614454     0.077997282 

Time = 3000
Temperature
1.0110077     0.0082099438

Pressure
23.450285     0.086066986 

CM Mom
-1.7639211e-17 1.1935972e-17 
2.1871635e-17  1.1472184e-17 
4.916859e-17   1.6884424e-17 
5.9554785e-17  1.4813851e-17 

CM Pos
7.4999327      0.011292493   
7.5091867      0.008281226   
7.5010377      0.013583384   
12.996254      0.014282232   

Stress
20.3838      0.00068862   -0.0155402    0.0925921    0.0647959    0.0802021   
0.00068862   20.4532      0.0066898     0.0647959    0.105254     0.0690813   
-0.0155402   0.0066898    20.4157       0.0802021    0.0690813    0.142418    

Stress Spherical
0            0            0             0            0            0           
0            0            0             0            0            0           
0            0            0             0            0            0           

Inertia
150.105      -56.3249     -56.2287      0.273302     0.120468     0.166469    
-56.3249     149.969      -56.3357      0.120468     0.347327     0.168169    
-56.2287     -56.3357     150.086       0.166469     0.168169     0.212964    

Bond Length
0.57087648    0.0046158912

BB bond length
0.57087648    0.0046158912

Water EE distance
0             0           

PEG EE distance
2.2221659     0.082000663 

