Time = 500
Temperature
   1.0336266   0.038881665

Pressure
   23.070951    0.13865062

CM Mom
8.3384766e-18  2.0043542e-17 
-1.0151332e-17 1.9690746e-17 
-1.1956501e-17 1.4650906e-17 
3.2646067e-17  1.5933928e-17 

CM Pos
7.4898774      0.013583847   
7.5002241      0.044054679   
7.4825225      0.035604787   
12.974708      0.011158935   

Stress
19.9299      -0.0482368   0.000111494   0.0903505    0.0699627    0.0300522   
-0.0482368   20.0033      -0.00479628   0.0699627    0.0429493    0.0633827   
0.000111494  -0.00479628  19.9899       0.0300522    0.0633827    0.104098    

Stress Spherical
0            0            0             0            0            0           
0            0            0             0            0            0           
0            0            0             0            0            0           

Inertia
149.478      -56.1686     -55.9745      0.357874     0.249726     0.342274    
-56.1686     149.346      -56.2274      0.249726     0.506023     0.165476    
-55.9745     -56.2274     149.533       0.342274     0.165476     0.594842    

Bond Length
0.61197311    0.0044614745

BB bond length
0.61197311    0.0044614745

Water EE distance
0             0           

PEG EE distance
3.4161146     0.19493474  

Time = 1000
Temperature
1.0116984     0.0062250871

Pressure
23.055364     0.055880724 

CM Mom
1.6081818e-17  1.1677901e-17 
2.9976351e-19  1.6677421e-17 
-4.6068052e-18 1.6034753e-17 
2.8707241e-17  1.1289588e-17 

CM Pos
7.4984819      0.023836453   
7.4865756      0.0064733728  
7.4997315      0.019265374   
12.981627      0.01907252    

Stress
20.0185      -0.0389715   0.00997034    0.0859324    0.0774993    0.0801996   
-0.0389715   20.0143      0.0242245     0.0774993    0.0614766    0.071186    
0.00997034   0.0242245    20.0405       0.0801996    0.071186     0.10099     

Stress Spherical
0            0            0             0            0            0           
0            0            0             0            0            0           
0            0            0             0            0            0           

Inertia
149.576      -56.1723     -56.2094      0.342062     0.253798     0.188119    
-56.1723     149.787      -56.1903      0.253798     0.388342     0.239202    
-56.2094     -56.1903     149.47        0.188119     0.239202     0.461214    

Bond Length
0.6129297     0.0049418966

BB bond length
0.6129297     0.0049418966

Water EE distance
0             0           

PEG EE distance
3.8648112     0.29771322  

