Time = 1000
Temperature
   1.0907756    0.25096694

Pressure
   23.515861    0.70335287

CM Mom
-2.2541883e-17 1.9087569e-17 
3.227427e-18   2.4868364e-17 
8.8351022e-18  7.7882567e-17 
7.1059464e-17  5.094732e-17  

CM Pos
7.4997585      0.020962515   
7.5047588      0.014121988   
7.4997752      0.023533786   
12.992894      0.017803728   

Stress
20.2459      -0.0161127   0.00160957    0.139613     0.0676043    0.0731236   
-0.0161127   20.237       -0.0112813    0.0676043    0.167794     0.0717017   
0.00160957   -0.0112813   20.2487       0.0731236    0.0717017    0.16251     

Stress Spherical
0            0            0             0            0            0           
0            0            0             0            0            0           
0            0            0             0            0            0           

Inertia
149.915      -56.2749     -56.2435      0.489874     0.231996     0.211985    
-56.2749     149.852      -56.282       0.231996     0.492677     0.195895    
-56.2435     -56.282      149.915       0.211985     0.195895     0.993658    

Bond Length
0.57347906    0.017219187 

BB bond length
0.57347906    0.017219187 

Water EE distance
0             0           

PEG EE distance
2.278821      0.22871651  

Time = 2000
Temperature
1.0117456     0.0069577671

Pressure
23.250589     0.078836783 

CM Mom
-3.8474686e-17 2.0126937e-17 
1.1774927e-17  2.3988473e-17 
1.9340584e-17  2.8543298e-17 
5.6180363e-17  2.5140318e-17 

CM Pos
7.5025292      0.019064463   
7.5032623      0.01308883    
7.4975676      0.017258287   
12.992341      0.018103329   

Stress
20.2289      0.00389451   0.00312903    0.11737      0.0802304    0.071054    
0.00389451   20.2101      0.00190657    0.0802304    0.106945     0.0649242   
0.00312903   0.00190657   20.2079       0.071054     0.0649242    0.106141    

Stress Spherical
0            0            0             0            0            0           
0            0            0             0            0            0           
0            0            0             0            0            0           

Inertia
149.917      -56.2777     -56.2474      0.263711     0.221052     0.211189    
-56.2777     149.89       -56.268       0.221052     0.329972     0.169943    
-56.2474     -56.268      149.985       0.211189     0.169943     0.431835    

Bond Length
0.56978956    0.0023469689

BB bond length
0.56978956    0.0023469689

Water EE distance
0             0           

PEG EE distance
2.2918522     0.04633845  

Time = 3000
Temperature
1.0115712     0.011038405 

Pressure
23.256621     0.10147224  

CM Mom
-4.9712967e-17 2.3384059e-17 
-2.3500819e-17 1.4427012e-17 
2.1835131e-17  2.3936969e-17 
6.6539036e-17  2.0023202e-17 

CM Pos
7.5017143      0.018559682   
7.5030549      0.013563904   
7.4972713      0.016348768   
12.99158       0.016645324   

Stress
20.2294      -0.00266914  0.00555208    0.117495     0.0707689    0.0790227   
-0.00266914  20.225       -0.00541643   0.0707689    0.118112     0.0698841   
0.00555208   -0.00541643  20.2123       0.0790227    0.0698841    0.130849    

Stress Spherical
0            0            0             0            0            0           
0            0            0             0            0            0           
0            0            0             0            0            0           

Inertia
149.94       -56.2534     -56.2411      0.353759     0.20339      0.176381    
-56.2534     149.914      -56.2624      0.20339      0.343202     0.182094    
-56.2411     -56.2624     149.975       0.176381     0.182094     0.341176    

Bond Length
0.56960362    0.0028215673

BB bond length
0.56960362    0.0028215673

Water EE distance
0             0           

PEG EE distance
2.2486642     0.049390061 

