Time = 1000
Temperature
   1.1772227    0.28202875

Pressure
   23.872376     1.2419471

CM Mom
-9.7307476e-17 3.4429093e-17 
3.1829201e-17  8.5118773e-18 
1.1968889e-17  4.2616685e-16 
3.0885496e-16  3.1322469e-16 

CM Pos
7.503472       0.018829693   
7.5048981      0.010531012   
7.4981607      0.037858782   
12.994206      0.022717077   

Stress
20.3236      -0.00205406  -0.00210964   0.360012     0.0688651    0.107203    
-0.00205406  20.3706      0.0133653     0.0688651    0.506859     0.0539866   
-0.00210964  0.0133653    20.3363       0.107203     0.0539866    0.425721    

Stress Spherical
0            0            0             0            0            0           
0            0            0             0            0            0           
0            0            0             0            0            0           

Inertia
150.26       -56.2992     -56.2721      1.17497      0.160539     0.39203     
-56.2992     150.238      -56.2933      0.160539     1.00617      0.23028     
-56.2721     -56.2933     150.314       0.39203      0.23028      1.50702     

Bond Length
0.61864291    0.010956045 

BB bond length
0.61864291    0.010956045 

Water EE distance
0             0           

PEG EE distance
7.0099427     0.11997275  

BBB P2(x)
0.46980772    0.059972955 

BBB first bond length
0.61853415    0.01102271  

BBB second bond length
0.61873354    0.010901072 

BBB <phi**2>/<phi>**2
1.2140098     0.013363529 

Time = 2000
Temperature
1.0121036     0.006412879 

Pressure
23.010059     0.099449473 

CM Mom
-8.3942166e-17 1.1790382e-17 
3.7713235e-17  1.2769431e-17 
3.7375789e-17  5.691709e-17  
1.1285482e-16  2.5902541e-17 

CM Pos
7.5002102      0.010924446   
7.5038602      0.011268162   
7.5023121      0.011064406   
12.994073      0.013927162   

Stress
19.8864      0.0139871    -0.0114814    0.133596     0.0603205    0.069569    
0.0139871    20.0076      0.0163511     0.0603205    0.165197     0.0655603   
-0.0114814   0.0163511    20.0344       0.069569     0.0655603    0.104502    

Stress Spherical
0            0            0             0            0            0           
0            0            0             0            0            0           
0            0            0             0            0            0           

Inertia
149.994      -56.269      -56.2724      0.285475     0.108558     0.180343    
-56.269      149.937      -56.3138      0.108558     0.33861      0.135418    
-56.2724     -56.3138     149.957       0.180343     0.135418     0.23363     

Bond Length
0.61732288    0.0020793152

BB bond length
0.61732288    0.0020793152

Water EE distance
0             0           

PEG EE distance
7.0010002     0.097439047 

BBB P2(x)
0.50799154    0.0082518397

BBB first bond length
0.61734607    0.0019894593

BBB second bond length
0.61714175    0.0020127602

BBB <phi**2>/<phi>**2
1.2270463     0.0064264866

