Time = 1000
Temperature
   1.0496293   0.057814291

Pressure
   23.643561    0.28925839

CM Mom
-1.0873083e-16 1.929676e-17  
1.1276149e-17  2.4657099e-17 
3.4927458e-17  1.8134005e-16 
1.964219e-16   9.1937266e-17 

CM Pos
7.4972537      0.027633325   
7.494856       0.019071442   
7.4957763      0.011007906   
12.983429      0.012700727   

Stress
20.5468      -0.00760742  -0.0153469    0.156778     0.0735771    0.0890691   
-0.00760742  20.4422      0.031354      0.0735771    0.168827     0.0919981   
-0.0153469   0.031354     20.5053       0.0890691    0.0919981    0.145743    

Stress Spherical
0            0            0             0            0            0           
0            0            0             0            0            0           
0            0            0             0            0            0           

Inertia
149.906      -56.1656     -56.1955      1.14395      0.190773     0.208627    
-56.1656     149.938      -56.1832      0.190773     0.654418     0.193711    
-56.1955     -56.1832     149.925       0.208627     0.193711     0.722545    

Bond Length
0.61788885    0.0042200832

BB bond length
0.61788885    0.0042200832

Water EE distance
0             0           

PEG EE distance
5.9000385     0.16122111  

BBB P2(x)
0.4786945     0.058951953 

BBB first bond length
0.61769865    0.0043126573

BBB second bond length
0.61801193    0.0044787754

BBB <phi**2>/<phi>**2
1.2244937     0.011523341 

Time = 2000
Temperature
1.0096275     0.011583643 

Pressure
23.425725     0.071518202 

CM Mom
-8.8520637e-17 1.6624539e-17 
3.792146e-17   9.4475894e-18 
1.5348444e-17  2.9757945e-17 
1.0294042e-16  1.2804372e-17 

CM Pos
7.4963638      0.012208295   
7.4963391      0.009233369   
7.4990391      0.014703576   
12.985627      0.010618465   

Stress
20.4114      0.0072666    0.0099802     0.121765     0.0738507    0.0539208   
0.0072666    20.4098      -0.0609677    0.0738507    0.0708869    0.0825265   
0.0099802    -0.0609677   20.3793       0.0539208    0.0825265    0.0989194   

Stress Spherical
0            0            0             0            0            0           
0            0            0             0            0            0           
0            0            0             0            0            0           

Inertia
149.856      -56.2133     -56.2146      0.387861     0.157314     0.135223    
-56.2133     149.85       -56.2013      0.157314     0.360173     0.130649    
-56.2146     -56.2013     149.796       0.135223     0.130649     0.253918    

Bond Length
0.61810213    0.0041545906

BB bond length
0.61810213    0.0041545906

Water EE distance
0             0           

PEG EE distance
6.3027941     0.27428534  

BBB P2(x)
0.51384714    0.012966264 

BBB first bond length
0.61837216    0.0044514518

BBB second bond length
0.61814158    0.0039355362

BBB <phi**2>/<phi>**2
1.2251497     0.0095247781

