Time = 1000
Temperature
   1.0440812   0.055134943

Pressure
   23.674503    0.20176023

CM Mom
-5.5327249e-18 2.1592382e-17 
-1.2721946e-17 2.8921404e-17 
9.1490194e-18  9.7698337e-17 
9.0792431e-17  5.3670678e-17 

CM Pos
7.4950757      0.022579163   
7.5017791      0.015935875   
7.503169       0.020722856   
12.990427      0.020084585   

Stress
20.5543      0.0159244    0.0262824     0.141552     0.0741856    0.0872822   
0.0159244    20.5308      -0.0121015    0.0741856    0.124451     0.0660554   
0.0262824    -0.0121015   20.5537       0.0872822    0.0660554    0.0782905   

Stress Spherical
0            0            0             0            0            0           
0            0            0             0            0            0           
0            0            0             0            0            0           

Inertia
150.098      -56.1853     -56.2098      0.516836     0.168064     0.270282    
-56.1853     149.998      -56.2958      0.168064     0.270846     0.151834    
-56.2098     -56.2958     149.981       0.270282     0.151834     0.574172    

Bond Length
0.61850555    0.0040474409

BB bond length
0.61850555    0.0040474409

Water EE distance
0             0           

PEG EE distance
6.5497759     0.45333128  

BBB P2(x)
0.48258276    0.051084557 

BBB first bond length
0.61861844    0.0042365891

BBB second bond length
0.61810577    0.0036412164

BBB <phi**2>/<phi>**2
1.2253438     0.011911328 

Time = 2000
Temperature
1.008297      0.0071401485

Pressure
23.473674     0.068469828 

CM Mom
6.5381508e-19  1.9194374e-17 
-1.1078076e-17 1.7230428e-17 
7.2415098e-18  2.9034611e-17 
3.7583366e-17  1.6474271e-17 

CM Pos
7.4928506      0.012361155   
7.4952522      0.015955195   
7.5042074      0.01400131    
12.985964      0.0098291202  

Stress
20.4552      -0.00231304  -0.00468102   0.0976121    0.0623898    0.0648061   
-0.00231304  20.4804      -0.0146592    0.0623898    0.0532319    0.0631938   
-0.00468102  -0.0146592   20.4224       0.0648061    0.0631938    0.106287    

Stress Spherical
0            0            0             0            0            0           
0            0            0             0            0            0           
0            0            0             0            0            0           

Inertia
149.908      -56.1575     -56.2498      0.252164     0.185921     0.177181    
-56.1575     149.881      -56.2382      0.185921     0.25096      0.0837482   
-56.2498     -56.2382     149.756       0.177181     0.0837482    0.399642    

Bond Length
0.61824656    0.0038901462

BB bond length
0.61824656    0.0038901462

Water EE distance
0             0           

PEG EE distance
7.6818623     0.18880132  

BBB P2(x)
0.52779638    0.016779571 

BBB first bond length
0.61788729    0.0041447715

BBB second bond length
0.61792175    0.004085516 

BBB <phi**2>/<phi>**2
1.236899      0.016661368 

