Time = 1000
Temperature
   1.3667898    0.62795538

Pressure
   28.192939     4.4928975

CM Mom
-2.616184e-17  3.3595236e-17 
8.8798403e-17  8.2455315e-17 
-4.4002503e-17 3.677548e-16  
3.3042454e-16  2.1094207e-16 

CM Pos
9.9938077      0.040207253   
10.004047      0.011963371   
10.001012      0.014836303   
17.319908      0.013024465   

Stress
24.033       0.00584279   0.0606563     2.65307      0.0674355    0.0493714   
0.00584279   24.1251      0.0201595     0.0674355    2.6936       0.0707987   
0.0606563    0.0201595    24.1257       0.0493714    0.0707987    2.74627     

Stress Spherical
0            0            0             0            0            0           
0            0            0             0            0            0           
0            0            0             0            0            0           

Inertia
268.595      -99.9804     -99.9979      8.03018      0.475757     0.26642     
-99.9804     268.431      -100.093      0.475757     7.03926      0.229224    
-99.9979     -100.093     268.524       0.26642      0.229224     6.91134     

Bond Length
0.61303743    0.016576673 

BB bond length
0.61303743    0.016576673 

Water EE distance
0             0           

PEG EE distance
5.1016263     0.44355557  

BBB P2(x)
0.080618136   0.020526987 

BBB first bond length
0.61335597    0.017032956 

BBB second bond length
0.61331834    0.016506886 

BBB <phi**2>/<phi>**2
1.1214488     0.0065949665

Time = 2000
Temperature
1.0150981     0.0084533813

Pressure
25.240211     0.082265138 

CM Mom
-5.9829881e-17 1.6346618e-17 
1.0890665e-16  3.2947092e-17 
9.8640016e-17  1.3479732e-16 
1.8548763e-16  1.0142735e-16 

CM Pos
10.005147      0.015274022   
10.001129      0.010521122   
10.009349      0.006242      
17.329537      0.012800335   

Stress
22.204       -0.0395727   0.00681898    0.107614     0.0663906    0.0702908   
-0.0395727   22.1872      0.00242629    0.0663906    0.101603     0.0667461   
0.00681898   0.00242629   22.1981       0.0702908    0.0667461    0.084679    

Stress Spherical
0            0            0             0            0            0           
0            0            0             0            0            0           
0            0            0             0            0            0           

Inertia
267.034      -100.048     -100.191      0.979138     0.16019      0.175306    
-100.048     267.124      -100.116      0.16019      0.883742     0.122622    
-100.191     -100.116     266.971       0.175306     0.122622     0.807341    

Bond Length
0.6064051     0.00068243225

BB bond length
0.6064051     0.00068243225

Water EE distance
0             0           

PEG EE distance
4.5601894     0.073020551 

BBB P2(x)
0.062091229   0.0020055308

BBB first bond length
0.60654266    0.00079216313

BBB second bond length
0.60665459    0.00071601142

BBB <phi**2>/<phi>**2
1.1150983     0.001037744 

Time = 3000
Temperature
1.0095872     0.0039752776

Pressure
25.192534     0.088576749 

CM Mom
-6.9424577e-17 1.036037e-17  
9.7419967e-17  2.3612593e-17 
4.0490187e-17  2.0093725e-17 
1.2882727e-16  2.0544112e-17 

CM Pos
10.001061      0.0092482405  
10.000462      0.011255319   
10.002012      0.0051131393  
17.322553      0.011251779   

Stress
22.1571      -0.0139123   -0.00243896   0.118312     0.053796     0.0632307   
-0.0139123   22.1621      0.0106169     0.053796     0.110281     0.0629262   
-0.00243896  0.0106169    22.1767       0.0632307    0.0629262    0.0881806   

Stress Spherical
0            0            0             0            0            0           
0            0            0             0            0            0           
0            0            0             0            0            0           

Inertia
266.787      -100.044     -100.043      0.523991     0.196898     0.154999    
-100.044     266.817      -100.025      0.196898     0.332416     0.140189    
-100.043     -100.025     266.769       0.154999     0.140189     0.43591     

Bond Length
0.60651968    0.0007651812

BB bond length
0.60651968    0.0007651812

Water EE distance
0             0           

PEG EE distance
4.2745935     0.075105242 

BBB P2(x)
0.055872923   0.0040316242

BBB first bond length
0.60665765    0.00082482177

BBB second bond length
0.60679013    0.00079127593

BBB <phi**2>/<phi>**2
1.1145243     0.0015286139

Time = 4000
Temperature
1.0130991     0.0037868414

Pressure
25.213086     0.034373632 

CM Mom
-4.5838123e-17 1.3040796e-17 
9.1237372e-17  2.267158e-17  
6.7930001e-17  1.058816e-17  
1.2407862e-16  2.0989152e-17 

CM Pos
10.002062      0.011667738   
9.9939591      0.0072569802  
10.002513      0.0096228645  
17.319668      0.010125683   

Stress
22.1879      0.017907     -0.0401911    0.0803482    0.069437     0.0685635   
0.017907     22.2088      0.0271333     0.069437     0.0647719    0.0461784   
-0.0401911   0.0271333    22.1292       0.0685635    0.0461784    0.0426866   

Stress Spherical
0            0            0             0            0            0           
0            0            0             0            0            0           
0            0            0             0            0            0           

Inertia
266.607      -99.9566     -100.056      0.179686     0.196375     0.153707    
-99.9566     266.775      -99.9888      0.196375     0.348638     0.111924    
-100.056     -99.9888     266.596       0.153707     0.111924     0.333208    

Bond Length
0.60687857    0.00040516467

BB bond length
0.60687857    0.00040516467

Water EE distance
0             0           

PEG EE distance
4.1783181     0.02935495  

BBB P2(x)
0.052339648   0.0028253714

BBB first bond length
0.60694491    0.00045579217

BBB second bond length
0.60705111    0.00047568903

BBB <phi**2>/<phi>**2
1.1132638     0.0012295877

Time = 5000
Temperature
1.0113591     0.0043584093

Pressure
25.18626      0.058186685 

CM Mom
-4.5087479e-17 1.4177482e-17 
6.6817487e-17  2.8185026e-17 
7.0724245e-17  1.2301103e-17 
1.1129402e-16  1.6116194e-17 

CM Pos
9.9971427      0.015607171   
10.00188       0.0066913324  
9.9981772      0.011519339   
17.318901      0.010317247   

Stress
22.1646      -0.0146026   -0.00494349   0.0591108    0.0487215    0.0700051   
-0.0146026   22.1597      -0.00186004   0.0487215    0.124114     0.0692816   
-0.00494349  -0.00186004  22.1369       0.0700051    0.0692816    0.0918123   

Stress Spherical
0            0            0             0            0            0           
0            0            0             0            0            0           
0            0            0             0            0            0           

Inertia
266.71       -99.9992     -100.035      0.315748     0.160895     0.17616     
-99.9992     266.612      -100.023      0.160895     0.352191     0.14841     
-100.035     -100.023     266.681       0.17616      0.14841      0.322251    

Bond Length
0.60642613    0.0006139331

BB bond length
0.60642613    0.0006139331

Water EE distance
0             0           

PEG EE distance
4.1020717     0.024008555 

BBB P2(x)
0.0529829     0.0041260427

BBB first bond length
0.60665588    0.00054253065

BBB second bond length
0.60667389    0.00070827054

BBB <phi**2>/<phi>**2
1.1129938     0.0014821833

Time = 6000
Temperature
1.0137488     0.005332708 

Pressure
25.209117     0.051309713 

CM Mom
-3.7996663e-17 1.0074969e-17 
7.9926986e-17  2.2616879e-17 
8.6852806e-17  1.8564278e-17 
1.2671297e-16  1.664224e-17  

CM Pos
10.00598       0.015090879   
9.9998787      0.0092726368  
9.9998447      0.0049948527  
17.323809      0.0096336643  

Stress
22.1694      -0.00169297  -0.00756137   0.105023     0.0555201    0.0633369   
-0.00169297  22.155       0.00793365    0.0555201    0.0484486    0.0774637   
-0.00756137  0.00793365   22.1838       0.0633369    0.0774637    0.0890951   

Stress Spherical
0            0            0             0            0            0           
0            0            0             0            0            0           
0            0            0             0            0            0           

Inertia
266.685      -100.05      -100.102      0.244546     0.143227     0.149493    
-100.05      266.811      -100.015      0.143227     0.272083     0.155449    
-100.102     -100.015     266.784       0.149493     0.155449     0.321662    

Bond Length
0.60657569    0.00061847809

BB bond length
0.60657569    0.00061847809

Water EE distance
0             0           

PEG EE distance
4.0734534     0.044035438 

BBB P2(x)
0.052062374   0.0019427314

BBB first bond length
0.60672691    0.00058979501

BBB second bond length
0.6068343     0.0006779386

BBB <phi**2>/<phi>**2
1.1130869     0.00079942585

Time = 7000
Temperature
1.0120399     0.0045250055

Pressure
25.153177     0.077983703 

CM Mom
-2.3461376e-17 1.8817513e-17 
1.0303233e-16  7.9573326e-18 
1.0789355e-16  1.0252164e-17 
1.5235143e-16  1.0894235e-17 

CM Pos
10.002479      0.011934283   
10.001463      0.012703683   
10.002596      0.0071255163  
17.324291      0.0084771105  

Stress
22.1305      0.00921014   -0.0430293    0.0855418    0.0558126    0.0609401   
0.00921014   22.121       0.0104185     0.0558126    0.0866021    0.0488047   
-0.0430293   0.0104185    22.1042       0.0609401    0.0488047    0.110539    

Stress Spherical
0            0            0             0            0            0           
0            0            0             0            0            0           
0            0            0             0            0            0           

Inertia
266.745      -100.039     -100.013      0.25403      0.160794     0.202055    
-100.039     266.787      -100.025      0.160794     0.314433     0.126453    
-100.013     -100.025     266.725       0.202055     0.126453     0.308138    

Bond Length
0.60686552    0.00052382059

BB bond length
0.60686552    0.00052382059

Water EE distance
0             0           

PEG EE distance
4.1037062     0.026813257 

BBB P2(x)
0.05167965    0.0049506525

BBB first bond length
0.60710203    0.00054011791

BBB second bond length
0.60706538    0.00046176229

BBB <phi**2>/<phi>**2
1.1125778     0.00250415  

Time = 8000
Temperature
1.0152038     0.0052121591

Pressure
25.209497     0.060058205 

CM Mom
-3.5475023e-17 2.2535187e-17 
7.9803832e-17  1.1603448e-17 
8.2656262e-17  2.4723487e-17 
1.2294134e-16  2.4460986e-17 

CM Pos
10.000811      0.0074147539  
10.00288       0.0090048882  
9.995676       0.0083329152  
17.320148      0.0080491949  

Stress
22.1662      -0.00951754  -0.03522      0.076949     0.0394512    0.0538067   
-0.00951754  22.1539      -0.0130845    0.0394512    0.0784604    0.0556577   
-0.03522     -0.0130845   22.1761       0.0538067    0.0556577    0.12622     

Stress Spherical
0            0            0             0            0            0           
0            0            0             0            0            0           
0            0            0             0            0            0           

Inertia
266.671      -100.014     -99.9379      0.229236     0.0937769    0.119827    
-100.014     266.605      -99.9596      0.0937769    0.247308     0.132116    
-99.9379     -99.9596     266.729       0.119827     0.132116     0.192187    

Bond Length
0.60647225    0.00047944494

BB bond length
0.60647225    0.00047944494

Water EE distance
0             0           

PEG EE distance
4.0904064     0.044570115 

BBB P2(x)
0.054796605   0.0030898912

BBB first bond length
0.60665253    0.00054384007

BBB second bond length
0.60673329    0.00045435441

BBB <phi**2>/<phi>**2
1.1132355     0.0016659384

Time = 9000
Temperature
1.0093897     0.0058765229

Pressure
25.180659     0.062538443 

CM Mom
-1.5566171e-17 1.2102963e-17 
7.5193798e-17  1.8058862e-17 
6.2862075e-17  1.8785099e-17 
1.0091167e-16  2.2144345e-17 

CM Pos
10.005063      0.012488454   
10.002213      0.012905904   
10.008015      0.0094508446  
17.329345      0.012081111   

Stress
22.1803      -0.014333    -0.0182955    0.128069     0.0404231    0.0489766   
-0.014333    22.1422      0.0047533     0.0404231    0.0843003    0.0892746   
-0.0182955   0.0047533    22.1396       0.0489766    0.0892746    0.067789    

Stress Spherical
0            0            0             0            0            0           
0            0            0             0            0            0           
0            0            0             0            0            0           

Inertia
266.877      -100.053     -100.12       0.240614     0.194805     0.122185    
-100.053     266.937      -100.092      0.194805     0.346464     0.156838    
-100.12      -100.092     266.798       0.122185     0.156838     0.386172    

Bond Length
0.60648314    0.00043124812

BB bond length
0.60648314    0.00043124812

Water EE distance
0             0           

PEG EE distance
4.1372288     0.038413224 

BBB P2(x)
0.053877553   0.0040208507

BBB first bond length
0.60678304    0.00045300571

BBB second bond length
0.60660269    0.00040891665

BBB <phi**2>/<phi>**2
1.1127757     0.0014350965

Time = 10000
Temperature
1.0074425     0.0044022979

Pressure
25.147622     0.056310473 

CM Mom
-3.1017446e-17 1.646055e-17  
4.855143e-17   3.3480287e-17 
7.1215475e-17  2.4940886e-17 
9.9867769e-17  2.0768316e-17 

CM Pos
10.008982      0.011585528   
9.9997953      0.0093424678  
9.9997614      0.0097516702  
17.325447      0.0072853494  

Stress
22.1537      -0.0429946   -0.0528491    0.0818388    0.0445043    0.0480865   
-0.0429946   22.0831      -0.00727456   0.0445043    0.10942      0.0450687   
-0.0528491   -0.00727456  22.1436       0.0480865    0.0450687    0.105401    

Stress Spherical
0            0            0             0            0            0           
0            0            0             0            0            0           
0            0            0             0            0            0           

Inertia
266.682      -100.088     -100.076      0.333407     0.123529     0.111648    
-100.088     266.878      -100.018      0.123529     0.222703     0.136343    
-100.076     -100.018     266.849       0.111648     0.136343     0.245792    

Bond Length
0.60679538    0.00045667372

BB bond length
0.60679538    0.00045667372

Water EE distance
0             0           

PEG EE distance
4.165936      0.023060416 

BBB P2(x)
0.054081237   0.0038966278

BBB first bond length
0.60698901    0.00056568844

BBB second bond length
0.60705604    0.00046633717

BBB <phi**2>/<phi>**2
1.113641      0.0019540653

Time = 11000
Temperature
1.0104771     0.0052220472

Pressure
25.163758     0.065223875 

CM Mom
-4.4442707e-17 1.6163496e-17 
4.5357827e-17  1.7955675e-17 
5.02213e-17    1.2550583e-17 
8.4135823e-17  1.4731293e-17 

CM Pos
9.9992271      0.012314691   
9.9935422      0.0091336565  
10.000512      0.013878623   
17.31664       0.0084412033  

Stress
22.1274      -0.00796842  -0.0086501    0.0579886    0.0528401    0.0609216   
-0.00796842  22.1279      0.00875548    0.0528401    0.0830537    0.0402395   
-0.0086501   0.00875548   22.1462       0.0609216    0.0402395    0.0909067   

Stress Spherical
0            0            0             0            0            0           
0            0            0             0            0            0           
0            0            0             0            0            0           

Inertia
266.554      -99.9486     -99.9768      0.320848     0.142518     0.161453    
-99.9486     266.636      -99.93        0.142518     0.375562     0.168492    
-99.9768     -99.93       266.521       0.161453     0.168492     0.246816    

Bond Length
0.6065476     0.00073802949

BB bond length
0.6065476     0.00073802949

Water EE distance
0             0           

PEG EE distance
4.1278815     0.014712017 

BBB P2(x)
0.051900427   0.0055219242

BBB first bond length
0.60663971    0.00067227284

BBB second bond length
0.60675851    0.00069889075

BBB <phi**2>/<phi>**2
1.1120159     0.0018222079

Time = 12000
Temperature
1.011614      0.0047111651

Pressure
25.174549     0.034760284 

CM Mom
-5.1532366e-17 2.700519e-17  
2.3889835e-17  2.096805e-17  
6.5957907e-17  3.3844968e-17 
9.5019372e-17  2.9368258e-17 

CM Pos
10.00423       0.0094165802  
10.005298      0.0074030258  
10.002513      0.0099565974  
17.327464      0.01030809    

Stress
22.1469      -0.0207956   -0.048048     0.073465     0.0519529    0.0502929   
-0.0207956   22.132       0.00175564    0.0519529    0.0859154    0.0810046   
-0.048048    0.00175564   22.1448       0.0502929    0.0810046    0.0861248   

Stress Spherical
0            0            0             0            0            0           
0            0            0             0            0            0           
0            0            0             0            0            0           

Inertia
266.81       -100.106     -100.062      0.199951     0.204095     0.149882    
-100.106     266.786      -100.059      0.204095     0.320132     0.139006    
-100.062     -100.059     266.843       0.149882     0.139006     0.29257     

Bond Length
0.60642477    0.00051724171

BB bond length
0.60642477    0.00051724171

Water EE distance
0             0           

PEG EE distance
4.0789711     0.02361675  

BBB P2(x)
0.053254688   0.0028935942

BBB first bond length
0.60659096    0.00052932435

BBB second bond length
0.60655995    0.00048214427

BBB <phi**2>/<phi>**2
1.1130755     0.0011106299

Time = 13000
Temperature
1.0100351     0.0054624095

Pressure
25.214205     0.057499572 

CM Mom
-5.1272837e-17 2.1035986e-17 
1.0602611e-17  1.1914744e-17 
7.8153212e-17  2.0218176e-17 
9.6206108e-17  2.4225547e-17 

CM Pos
9.9962256      0.015082355   
9.9982946      0.010870773   
9.9978437      0.010506907   
17.316112      0.0048819215  

Stress
22.173       -0.026795    -0.0127499    0.092407     0.0551738    0.0705661   
-0.026795    22.1833      0.0225982     0.0551738    0.0786378    0.0446468   
-0.0127499   0.0225982    22.2006       0.0705661    0.0446468    0.0712928   

Stress Spherical
0            0            0             0            0            0           
0            0            0             0            0            0           
0            0            0             0            0            0           

Inertia
266.581      -99.965      -99.9451      0.270145     0.180171     0.139262    
-99.965      266.538      -99.9646      0.180171     0.225736     0.161345    
-99.9451     -99.9646     266.543       0.139262     0.161345     0.326094    

Bond Length
0.60636563    0.00033289621

BB bond length
0.60636563    0.00033289621

Water EE distance
0             0           

PEG EE distance
4.0879482     0.032088796 

BBB P2(x)
0.050716541   0.0026301105

BBB first bond length
0.60664583    0.00039027546

BBB second bond length
0.60657327    0.00037219951

BBB <phi**2>/<phi>**2
1.1122423     0.001130689 

Time = 14000
Temperature
1.0064625     0.0051381431

Pressure
25.16379      0.059523817 

CM Mom
-5.5504614e-17 1.3136581e-17 
1.2052409e-17  1.8214053e-17 
1.0538892e-16  1.8166858e-17 
1.2211375e-16  1.5982332e-17 

CM Pos
9.9971427      0.013055847   
9.9999621      0.0097801423  
10.002846      0.0099914449  
17.320487      0.011032907   

Stress
22.1761      0.0109981    -0.0125084    0.116964     0.0625207    0.0554518   
0.0109981    22.124       0.00983748    0.0625207    0.0523167    0.0506391   
-0.0125084   0.00983748   22.1377       0.0554518    0.0506391    0.0912218   

Stress Spherical
0            0            0             0            0            0           
0            0            0             0            0            0           
0            0            0             0            0            0           

Inertia
266.728      -99.9649     -100.014      0.173972     0.178376     0.169218    
-99.9649     266.685      -100.016      0.178376     0.379803     0.107182    
-100.014     -100.016     266.611       0.169218     0.107182     0.329607    

Bond Length
0.60655411    0.00038084168

BB bond length
0.60655411    0.00038084168

Water EE distance
0             0           

PEG EE distance
4.0766117     0.022916611 

BBB P2(x)
0.052161689   0.0029588047

BBB first bond length
0.60664794    0.00043906171

BBB second bond length
0.606798      0.00036136033

BBB <phi**2>/<phi>**2
1.1128994     0.0011587092

Time = 15000
Temperature
1.0124099     0.0048451813

Pressure
25.166525     0.053507667 

CM Mom
-4.4742155e-17 1.09792e-17   
3.8325326e-17  2.2347433e-17 
9.1172229e-17  2.9604761e-17 
1.1376266e-16  1.8371605e-17 

CM Pos
9.9992271      0.012866795   
9.9991283      0.015539995   
10.00468       0.0096977013  
17.32227       0.013713836   

Stress
22.1427      0.0160566    0.0253377     0.0812729    0.0513797    0.0526231   
0.0160566    22.1678      -0.00290751   0.0513797    0.0873634    0.0719422   
0.0253377    -0.00290751  22.0819       0.0526231    0.0719422    0.0386786   

Stress Spherical
0            0            0             0            0            0           
0            0            0             0            0            0           
0            0            0             0            0            0           

Inertia
266.752      -99.9507     -100.067      0.214506     0.230525     0.177755    
-99.9507     266.762      -100.062      0.230525     0.367434     0.139409    
-100.067     -100.062     266.673       0.177755     0.139409     0.405924    

Bond Length
0.60657488    0.00077557633

BB bond length
0.60657488    0.00077557633

Water EE distance
0             0           

PEG EE distance
4.0467593     0.023727611 

BBB P2(x)
0.052023045   0.0039852367

BBB first bond length
0.60676577    0.00079262348

BBB second bond length
0.60672357    0.00071581399

BBB <phi**2>/<phi>**2
1.1120127     0.0020141271

Time = 16000
Temperature
1.0119096     0.0060125617

Pressure
25.170286     0.060393644 

CM Mom
-5.5071121e-17 7.9589747e-18 
5.7514146e-17  2.3874962e-17 
7.9112358e-17  1.0067667e-17 
1.1434716e-16  1.6090857e-17 

CM Pos
9.9928906      0.008895767   
10.002046      0.011827798   
9.9985107      0.0076890576  
17.316731      0.01018755    

Stress
22.1249      0.0251137    -0.0176273    0.0732201    0.0695116    0.0605925   
0.0251137    22.1144      0.0357092     0.0695116    0.0732539    0.0429484   
-0.0176273   0.0357092    22.169        0.0605925    0.0429484    0.0966908   

Stress Spherical
0            0            0             0            0            0           
0            0            0             0            0            0           
0            0            0             0            0            0           

Inertia
266.667      -99.9462     -99.8653      0.22765      0.141159     0.126541    
-99.9462     266.49       -99.9729      0.141159     0.218155     0.0919719   
-99.8653     -99.9729     266.59        0.126541     0.0919719    0.329872    

Bond Length
0.6065641     0.00042888429

BB bond length
0.6065641     0.00042888429

Water EE distance
0             0           

PEG EE distance
3.9948172     0.023955572 

BBB P2(x)
0.04806053    0.0021541433

BBB first bond length
0.60687389    0.00043899971

BBB second bond length
0.6067188     0.00038689335

BBB <phi**2>/<phi>**2
1.1117083     0.0008009607

Time = 17000
Temperature
1.0108049     0.0043272459

Pressure
25.212775     0.055486442 

CM Mom
-4.3625359e-17 2.0298863e-17 
5.7260164e-17  2.0489569e-17 
6.3791773e-17  9.4822807e-18 
9.8823158e-17  2.017553e-17  

CM Pos
9.9888886      0.0096499158  
10.001296      0.012944358   
9.997677       0.0093829316  
17.313511      0.0070751853  

Stress
22.1686      -0.00829256  0.0100361     0.0724074    0.0496144    0.0554056   
-0.00829256  22.1829      -0.0239246    0.0496144    0.0665169    0.0636027   
0.0100361    -0.0239246   22.1941       0.0554056    0.0636027    0.095314    

Stress Spherical
0            0            0             0            0            0           
0            0            0             0            0            0           
0            0            0             0            0            0           

Inertia
266.646      -99.921      -99.8608      0.157634     0.147597     0.155946    
-99.921      266.405      -99.9838      0.147597     0.286668     0.106043    
-99.8608     -99.9838     266.48        0.155946     0.106043     0.292686    

Bond Length
0.60617444    0.00068929897

BB bond length
0.60617444    0.00068929897

Water EE distance
0             0           

PEG EE distance
3.9792309     0.023704065 

BBB P2(x)
0.048540721   0.0021279155

BBB first bond length
0.60631792    0.00063131795

BBB second bond length
0.60636383    0.00082598317

BBB <phi**2>/<phi>**2
1.1115099     0.00064259231

Time = 18000
Temperature
1.0123928     0.0047259855

Pressure
25.2028       0.067430854 

CM Mom
-2.9829491e-17 2.7966659e-17 
6.1731048e-17  1.4132799e-17 
5.9738068e-17  2.1290311e-17 
9.7413837e-17  1.4657737e-17 

CM Pos
10.000895      0.011339003   
10.002463      0.012666419   
9.9992611      0.012322591   
17.322031      0.008885561   

Stress
22.0909      0.0142401    -0.0264931    0.0940386    0.0556519    0.046146    
0.0142401    22.1915      -0.0129964    0.0556519    0.113517     0.0625626   
-0.0264931   -0.0129964   22.2191       0.046146     0.0625626    0.0484964   

Stress Spherical
0            0            0             0            0            0           
0            0            0             0            0            0           
0            0            0             0            0            0           

Inertia
266.71       -100.051     -100.047      0.301396     0.124159     0.211171    
-100.051     266.676      -100.053      0.124159     0.411002     0.157091    
-100.047     -100.053     266.749       0.211171     0.157091     0.131437    

Bond Length
0.6065871     0.00050890643

BB bond length
0.6065871     0.00050890643

Water EE distance
0             0           

PEG EE distance
4.0050653     0.028655527 

BBB P2(x)
0.052179742   0.0031401736

BBB first bond length
0.60668979    0.00054814499

BBB second bond length
0.60680775    0.00055668369

BBB <phi**2>/<phi>**2
1.1127682     0.0016120969

Time = 19000
Temperature
1.0131059     0.0065333914

Pressure
25.192397     0.037408837 

CM Mom
-3.8788151e-17 2.0541709e-17 
6.1227086e-17  1.9237525e-17 
5.7983559e-17  1.282705e-17  
9.6638868e-17  1.5260285e-17 

CM Pos
9.9989769      0.0094066091  
9.9967938      0.015606058   
9.9991777      0.011708477   
17.317602      0.010229904   

Stress
22.1658      0.0131175    -0.00480947   0.0573246    0.0637197    0.0387669   
0.0131175    22.1271      0.0310611     0.0637197    0.084403     0.0394226   
-0.00480947  0.0310611    22.1709       0.0387669    0.0394226    0.0821776   

Stress Spherical
0            0            0             0            0            0           
0            0            0             0            0            0           
0            0            0             0            0            0           

Inertia
266.627      -99.9852     -99.9866      0.325514     0.20779      0.0990774   
-99.9852     266.656      -99.9618      0.20779      0.198453     0.195088    
-99.9866     -99.9618     266.649       0.0990774    0.195088     0.431185    

Bond Length
0.6062473     0.00065150819

BB bond length
0.6062473     0.00065150819

Water EE distance
0             0           

PEG EE distance
4.0481959     0.01955769  

BBB P2(x)
0.052606902   0.0026496041

BBB first bond length
0.60642014    0.00067651349

BBB second bond length
0.6064575     0.00063110664

BBB <phi**2>/<phi>**2
1.1131166     0.0014596071

Time = 20000
Temperature
1.01078       0.0039844254

Pressure
25.187337     0.089073533 

CM Mom
-3.6611025e-17 1.424749e-17  
6.9410692e-17  2.1795948e-17 
4.8804479e-17  1.0903239e-17 
9.5011532e-17  1.7602051e-17 

CM Pos
10.006647      0.014591581   
9.9998787      0.011998184   
9.9975102      0.010460492   
17.322845      0.016549866   

Stress
22.139       -0.0160767   -0.00107427   0.0820432    0.0554624    0.0578096   
-0.0160767   22.1378      -0.0178734    0.0554624    0.138626     0.0664356   
-0.00107427  -0.0178734   22.1928       0.0578096    0.0664356    0.0902462   

Stress Spherical
0            0            0             0            0            0           
0            0            0             0            0            0           
0            0            0             0            0            0           

Inertia
266.65       -100.067     -100.04       0.284234     0.232609     0.292226    
-100.067     266.802      -99.9667      0.232609     0.472039     0.173355    
-100.04      -99.9667     266.836       0.292226     0.173355     0.414332    

Bond Length
0.60623316    0.00057945527

BB bond length
0.60623316    0.00057945527

Water EE distance
0             0           

PEG EE distance
4.0335676     0.03180372  

BBB P2(x)
0.0518285     0.0043563765

BBB first bond length
0.60638345    0.00071871163

BBB second bond length
0.60648315    0.00065551303

BBB <phi**2>/<phi>**2
1.1128444     0.0022061484

Time = 21000
Temperature
1.0116381     0.0030080832

Pressure
25.177844     0.083352373 

CM Mom
-7.3442123e-18 2.2843884e-17 
5.1717612e-17  1.4924191e-17 
3.7252847e-17  2.0028152e-17 
7.076227e-17   1.596327e-17  

CM Pos
10.001812      0.013700168   
9.9984613      0.014866961   
9.9975102      0.011204871   
17.319242      0.0074790326  

Stress
22.1086      -0.0132551   -0.0153362    0.0947586    0.0586854    0.0596031   
-0.0132551   22.1377      -0.00689823   0.0586854    0.113584     0.066495    
-0.0153362   -0.00689823  22.187        0.0596031    0.066495     0.104577    

Stress Spherical
0            0            0             0            0            0           
0            0            0             0            0            0           
0            0            0             0            0            0           

Inertia
266.612      -100.053     -100.052      0.395488     0.132461     0.177678    
-100.053     266.67       -99.9792      0.132461     0.2901       0.226091    
-100.052     -99.9792     266.695       0.177678     0.226091     0.183491    

Bond Length
0.6060101     0.00037793632

BB bond length
0.6060101     0.00037793632

Water EE distance
0             0           

PEG EE distance
4.0944648     0.027455894 

BBB P2(x)
0.054449518   0.0029896768

BBB first bond length
0.6062187     0.00037709912

BBB second bond length
0.60620908    0.00041564863

BBB <phi**2>/<phi>**2
1.1140673     0.0010220479

Time = 22000
Temperature
1.0109297     0.0042752898

Pressure
25.181211     0.068136223 

CM Mom
-1.6620601e-17 9.3962201e-18 
4.8198989e-17  3.0944354e-17 
3.7233755e-17  2.0845445e-17 
7.0089252e-17  2.3528936e-17 

CM Pos
9.9954752      0.013659516   
9.9973774      0.0066013854  
9.9979271      0.0063911182  
17.315189      0.011208858   

Stress
22.1641      -0.0374073   0.0309048     0.101586     0.0412607    0.0611091   
-0.0374073   22.1311      -0.0197238    0.0412607    0.0796397    0.0513938   
0.0309048    -0.0197238   22.1546       0.0611091    0.0513938    0.101847    

Stress Spherical
0            0            0             0            0            0           
0            0            0             0            0            0           
0            0            0             0            0            0           

Inertia
266.575      -99.8953     -99.885       0.215488     0.19935      0.190795    
-99.8953     266.547      -99.9238      0.19935      0.364728     0.143263    
-99.885      -99.9238     266.512       0.190795     0.143263     0.368076    

Bond Length
0.60649011    0.00059250528

BB bond length
0.60649011    0.00059250528

Water EE distance
0             0           

PEG EE distance
4.1063676     0.014045673 

BBB P2(x)
0.050256874   0.0029974793

BBB first bond length
0.60669511    0.00064414343

BBB second bond length
0.60670977    0.00061320124

BBB <phi**2>/<phi>**2
1.1116934     0.0015475043

Time = 23000
Temperature
1.0097409     0.0046105528

Pressure
25.216272     0.071798142 

CM Mom
-2.4532698e-17 2.0395452e-17 
3.6281263e-17  1.1962235e-17 
2.9982571e-17  1.0765198e-17 
5.8194093e-17  1.0273483e-17 

CM Pos
10.000728      0.015463763   
9.9994618      0.013992107   
9.9990944      0.007150836   
17.320103      0.014194483   

Stress
22.1557      -0.00130883  0.0156129     0.0955913    0.0497968    0.056042    
-0.00130883  22.1924      -0.0173545    0.0497968    0.118299     0.0501808   
0.0156129    -0.0173545   22.2177       0.056042     0.0501808    0.0795852   

Stress Spherical
0            0            0             0            0            0           
0            0            0             0            0            0           
0            0            0             0            0            0           

Inertia
266.631      -99.9767     -99.9656      0.310244     0.214393     0.196198    
-99.9767     266.655      -99.9476      0.214393     0.409495     0.171085    
-99.9656     -99.9476     266.665       0.196198     0.171085     0.483492    

Bond Length
0.60640456    0.0004708616

BB bond length
0.60640456    0.0004708616

Water EE distance
0             0           

PEG EE distance
4.0382478     0.025522937 

BBB P2(x)
0.050801209   0.0049984554

BBB first bond length
0.6065943     0.00048520186

BBB second bond length
0.60664149    0.00051682226

BBB <phi**2>/<phi>**2
1.112003      0.0018668272

Time = 24000
Temperature
1.0100673     0.0045308402

Pressure
25.174887     0.05461572  

CM Mom
2.0504275e-17  1.3020399e-17 
5.1315649e-17  1.2374453e-17 
3.9274926e-17  1.8517556e-17 
7.0956693e-17  1.5064739e-17 

CM Pos
9.9954752      0.012338658   
10.003797      0.011961919   
10.000095      0.0086501333  
17.320153      0.0077059566  

Stress
22.1207      -0.00311801  -0.00930304   0.0716227    0.0422596    0.0567429   
-0.00311801  22.1746      0.00570284    0.0422596    0.119036     0.0590521   
-0.00930304  0.00570284   22.1433       0.0567429    0.0590521    0.0684597   

Stress Spherical
0            0            0             0            0            0           
0            0            0             0            0            0           
0            0            0             0            0            0           

Inertia
266.735      -100.018     -99.9502      0.331871     0.0781877    0.167212    
-100.018     266.601      -100.055      0.0781877    0.378718     0.174669    
-99.9502     -100.055     266.654       0.167212     0.174669     0.185279    

Bond Length
0.60674853    0.00063689669

BB bond length
0.60674853    0.00063689669

Water EE distance
0             0           

PEG EE distance
4.0080023     0.026007035 

BBB P2(x)
0.053079064   0.005649762 

BBB first bond length
0.60698676    0.00070813166

BBB second bond length
0.60690514    0.00064407779

BBB <phi**2>/<phi>**2
1.1133473     0.002283308 

Time = 25000
Temperature
1.0118467     0.0041832008

Pressure
25.207084     0.053199826 

CM Mom
1.8080667e-17  2.7741282e-17 
6.1538108e-17  3.3932711e-17 
2.5324244e-17  1.9738347e-17 
7.7885884e-17  3.1615906e-17 

CM Pos
9.9994772      0.0086102624  
10.00288       0.012049061   
10.003346      0.0098088861  
17.323808      0.0095961488  

Stress
22.1759      0.00285118   -0.0264597    0.1081       0.0527812    0.0583536   
0.00285118   22.1596      -0.0464819    0.0527812    0.0646047    0.0505143   
-0.0264597   -0.0464819   22.1837       0.0583536    0.0505143    0.104169    

Stress Spherical
0            0            0             0            0            0           
0            0            0             0            0            0           
0            0            0             0            0            0           

Inertia
266.792      -100.007     -100.012      0.387765     0.164469     0.109659    
-100.007     266.741      -100.078      0.164469     0.195559     0.187549    
-100.012     -100.078     266.733       0.109659     0.187549     0.264462    

Bond Length
0.60625298    0.00026825487

BB bond length
0.60625298    0.00026825487

Water EE distance
0             0           

PEG EE distance
4.0507123     0.012829224 

BBB P2(x)
0.049436095   0.0040348726

BBB first bond length
0.6065459     0.00028665632

BBB second bond length
0.60653605    0.00031159353

BBB <phi**2>/<phi>**2
1.1114418     0.0018075169

Time = 26000
Temperature
1.0092291     0.0034527323

Pressure
25.176723     0.040299576 

CM Mom
2.4481093e-17  1.467314e-17  
5.2866804e-17  2.1628864e-17 
2.3031412e-17  2.3477463e-17 
6.9638032e-17  1.7592994e-17 

CM Pos
10.001645      0.010227978   
10.001046      0.012622714   
10.000345      0.0074016172  
17.322267      0.010693692   

Stress
22.1785      0.0102654    -0.0150744    0.0742564    0.0636482    0.0479172   
0.0102654    22.1312      -0.0266092    0.0636482    0.0601283    0.0730086   
-0.0150744   -0.0266092   22.142        0.0479172    0.0730086    0.076715    

Stress Spherical
0            0            0             0            0            0           
0            0            0             0            0            0           
0            0            0             0            0            0           

Inertia
266.679      -100.007     -99.9855      0.318568     0.162932     0.113984    
-100.007     266.721      -100.006      0.162932     0.201587     0.133569    
-99.9855     -100.006     266.707       0.113984     0.133569     0.391871    

Bond Length
0.60639873    0.00051137402

BB bond length
0.60639873    0.00051137402

Water EE distance
0             0           

PEG EE distance
4.0002863     0.022782554 

BBB P2(x)
0.050254161   0.0049503472

BBB first bond length
0.60653641    0.00051419847

BBB second bond length
0.6065597     0.00049602146

BBB <phi**2>/<phi>**2
1.1120883     0.0018400676

Time = 27000
Temperature
1.0108485     0.0052170577

Pressure
25.204208     0.044082814 

CM Mom
2.5546399e-17  3.0225576e-17 
4.701925e-17   1.1715849e-17 
4.5873991e-17  1.6163345e-17 
7.7457493e-17  1.6741821e-17 

CM Pos
9.9998107      0.0067368874  
10.001296      0.012060306   
10.000262      0.0086017811  
17.321303      0.0094056291  

Stress
22.1809      -0.000591796 -0.0213484    0.0816473    0.0620673    0.0514902   
-0.000591796 22.1921      -0.0190678    0.0620673    0.0976413    0.0614881   
-0.0213484   -0.0190678   22.1465       0.0514902    0.0614881    0.0543076   

Stress Spherical
0            0            0             0            0            0           
0            0            0             0            0            0           
0            0            0             0            0            0           

Inertia
266.699      -100.083     -99.9964      0.291426     0.103044     0.154637    
-100.083     266.68       -100.023      0.103044     0.260097     0.173357    
-99.9964     -100.023     266.697       0.154637     0.173357     0.239526    

Bond Length
0.60634897    0.00042250043

BB bond length
0.60634897    0.00042250043

Water EE distance
0             0           

PEG EE distance
3.9889754     0.038916131 

BBB P2(x)
0.049527912   0.0028143803

BBB first bond length
0.60648353    0.00042978854

BBB second bond length
0.60644781    0.00050200104

BBB <phi**2>/<phi>**2
1.1123349     0.0022223258

Time = 28000
Temperature
1.0117985     0.0060722566

Pressure
25.184665     0.078822775 

CM Mom
7.5043495e-18  2.4810289e-17 
3.4612781e-17  3.1619726e-17 
5.7986567e-17  1.1808975e-17 
7.9135834e-17  1.0446581e-17 

CM Pos
10.004813      0.011385805   
9.9956266      0.0082013224  
10.002513      0.0084126181  
17.322219      0.0090190012  

Stress
22.1172      0.0290403    -0.00105296   0.118206     0.0440125    0.0408467   
0.0290403    22.1547      -0.0137633    0.0440125    0.0972732    0.0444437   
-0.00105296  -0.0137633   22.1805       0.0408467    0.0444437    0.127037    

Stress Spherical
