Time = 500
Temperature
   1.0400788   0.033165067

Pressure
   22.740904    0.13607731

CM Mom
-2.8819151e-17 1.2614329e-17 
-6.4739228e-18 1.353387e-17  
-2.1551388e-17 3.6527456e-17 
4.9192084e-17  2.4363874e-17 

CM Pos
7.4823677      0.017661384   
7.4904682      0.056380043   
7.522459       0.030217188   
12.987845      0.024706351   

Stress
19.6112      -0.00198206  0.0502305     0.109881     0.0216595    0.0554952   
-0.00198206  19.6384      -0.0244454    0.0216595    0.0507765    0.058663    
0.0502305    -0.0244454   19.6216       0.0554952    0.058663     0.10415     

Stress Spherical
0            0            0             0            0            0           
0            0            0             0            0            0           
0            0            0             0            0            0           

Inertia
149.732      -56.0149     -56.232       0.44306      0.44836      0.258764    
-56.0149     149.557      -56.2779      0.44836      0.424833     0.298285    
-56.232      -56.2779     149.107       0.258764     0.298285     1.06245     

Bond Length
0.61029104    0.00594031  

BB bond length
0.61029104    0.00594031  

Water EE distance
0             0           

PEG EE distance
3.6458788     0.21061419  

Time = 1000
Temperature
1.0132619     0.010958903 

Pressure
22.610757     0.079997777 

CM Mom
-4.1707726e-17 1.52753e-17   
-2.672438e-17  2.7070468e-17 
-5.0824397e-18 1.5478859e-17 
5.8012418e-17  1.7884562e-17 

CM Pos
7.4903756      0.0079803998  
7.5005523      0.0091125802  
7.5097057      0.010635939   
12.990764      0.0036947872  

Stress
19.5954      0.0209703    -0.0565235    0.186997     0.0611858    0.0865618   
0.0209703    19.548       -0.00467104   0.0611858    0.102641     0.033899    
-0.0565235   -0.00467104  19.5785       0.0865618    0.033899     0.0880058   

Stress Spherical
0            0            0             0            0            0           
0            0            0             0            0            0           
0            0            0             0            0            0           

Inertia
149.759      -56.1091     -56.3208      0.145885     0.140884     0.108933    
-56.1091     149.615      -56.311       0.140884     0.259387     0.115278    
-56.3208     -56.311      149.446       0.108933     0.115278     0.0880845   

Bond Length
0.61587874    0.0018837089

BB bond length
0.61587874    0.0018837089

Water EE distance
0             0           

PEG EE distance
3.7263015     0.063901679 

