Time = 500
Temperature
   1.0398037   0.042687843

Pressure
   21.384312   0.090476783

CM Mom
-1.1436965e-17 9.0541996e-18 
9.5816549e-17  7.8916613e-18 
3.0697403e-17  4.1032026e-17 
1.0987633e-16  3.0037691e-18 

CM Pos
7.4935489      0.0083564667  
7.5207274      0.028134143   
7.4863456      0.01460087    
12.990781      0.026119949   

Stress
18.2869      -0.0402101   0.00315181    0.0936089    0.0494796    0.0510502   
-0.0402101   18.2232      -0.0126666    0.0494796    0.110964     0.0598867   
0.00315181   -0.0126666   18.293        0.0510502    0.0598867    0.0861841   

Stress Spherical
0            0            0             0            0            0           
0            0            0             0            0            0           
0            0            0             0            0            0           

Inertia
149.222      -56.3355     -56.1398      0.213036     0.200896     0.177385    
-56.3355     148.872      -56.2841      0.200896     0.362282     0.30603     
-56.1398     -56.2841     149.384       0.177385     0.30603      0.208655    

Bond Length
0.61334483    0.0039996158

BB bond length
0.61334483    0.0039996158

Water EE distance
0             0           

PEG EE distance
3.6285145     0.12955679  

Time = 1000
Temperature
1.0100135     0.0053821051

Pressure
21.255221     0.10376373  

CM Mom
-8.6592128e-18 5.827988e-18  
7.841197e-17   1.7443458e-17 
6.4393155e-17  3.3102478e-17 
1.0768519e-16  1.4415621e-17 

CM Pos
7.5128253      0.01862434    
7.5343692      0.021186917   
7.5026564      0.015815293   
13.019208      0.019476617   

Stress
18.2342      0.020016     -0.0216853    0.122983     0.0528221    0.0463104   
0.020016     18.2459      0.031008      0.0528221    0.0905556    0.0725972   
-0.0216853   0.031008     18.2036       0.0463104    0.0725972    0.108415    

Stress Spherical
0            0            0             0            0            0           
0            0            0             0            0            0           
0            0            0             0            0            0           

Inertia
149.683      -56.5889     -56.3438      0.349619     0.168968     0.22959     
-56.5889     149.547      -56.5948      0.168968     0.342672     0.191063    
-56.3438     -56.5948     149.907       0.22959      0.191063     0.292225    

Bond Length
0.61152419    0.0034381879

BB bond length
0.61152419    0.0034381879

Water EE distance
0             0           

PEG EE distance
3.5314999     0.15392848  

