Time = 500
Temperature
   1.0400284    0.04427718

Pressure
   22.792138    0.14477042

CM Mom
-2.2170428e-17 2.2758939e-17 
1.6005084e-17  2.8398751e-18 
-2.3373636e-17 1.4546985e-17 
4.1792036e-17  1.6884673e-17 

CM Pos
7.4786113      0.02414721    
7.5330708      0.018131957   
7.4889272      0.013529225   
12.990836      0.0097762375  

Stress
19.662       -0.0189602   -0.0427861    0.074407     0.0841951    0.0734257   
-0.0189602   19.6445      0.0305534     0.0841951    0.0727409    0.0436189   
-0.0427861   0.0305534    19.7208       0.0734257    0.0436189    0.0851359   

Stress Spherical
0            0            0             0            0            0           
0            0            0             0            0            0           
0            0            0             0            0            0           

Inertia
149.891      -56.2972     -56.0536      0.560383     0.152031     0.157346    
-56.2972     149.07       -56.4385      0.152031     0.407237     0.234788    
-56.0536     -56.4385     149.771       0.157346     0.234788     0.247077    

Bond Length
0.61435622    0.0029404331

BB bond length
0.61435622    0.0029404331

Water EE distance
0             0           

PEG EE distance
3.905978      0.27384911  

Time = 1000
Temperature
1.0107816     0.0042960461

Pressure
22.63994      0.036758338 

CM Mom
-2.5990834e-17 4.3339313e-17 
2.9429748e-18  1.1454526e-17 
1.4469237e-17  1.6623115e-17 
4.7256819e-17  3.075982e-17  

CM Pos
7.4904772      0.018059011   
7.514382       0.01405247    
7.4803244      0.0055813965  
12.981864      0.013715925   

Stress
19.5891      -0.00794154  0.00370239    0.124039     0.0901669    0.0489459   
-0.00794154  19.5903      0.00432203    0.0901669    0.118643     0.059938    
0.00370239   0.00432203   19.6541       0.0489459    0.059938     0.0399168   

Stress Spherical
0            0            0             0            0            0           
0            0            0             0            0            0           
0            0            0             0            0            0           

Inertia
149.58       -56.2412     -56.0517      0.19842      0.187186     0.107321    
-56.2412     149.136      -56.2256      0.187186     0.268175     0.12415     
-56.0517     -56.2256     149.719       0.107321     0.12415      0.428104    

Bond Length
0.61611793    0.0048585455

BB bond length
0.61611793    0.0048585455

Water EE distance
0             0           

PEG EE distance
3.9645417     0.069816269 

