Time = 500
Temperature
   1.0385415   0.046383209

Pressure
   21.769686    0.23700029

CM Mom
-2.9960631e-17 6.5940138e-18 
4.5376813e-19  1.2040961e-17 
2.0715585e-17  2.5995478e-17 
4.3150335e-17  1.8145524e-17 

CM Pos
7.4881079      0.018880408   
7.5410673      0.006033505   
7.4747235      0.026565567   
12.992767      0.0077484487  

Stress
18.6898      0.0613457    0.0403776     0.173183     0.0675757    0.0545256   
0.0613457    18.6533      0.00305395    0.0675757    0.166232     0.0934836   
0.0403776    0.00305395   18.6264       0.0545256    0.0934836    0.104334    

Stress Spherical
0            0            0             0            0            0           
0            0            0             0            0            0           
0            0            0             0            0            0           

Inertia
149.485      -56.4468     -56.035       0.315309     0.172792     0.131033    
-56.4468     148.7        -56.3605      0.172792     0.208888     0.187312    
-56.035      -56.3605     149.679       0.131033     0.187312     0.586664    

Bond Length
0.61242163    0.0017593757

BB bond length
0.61242163    0.0017593757

Water EE distance
0             0           

PEG EE distance
3.6637464     0.14071154  

Time = 1000
Temperature
1.0173837     0.0046548085

Pressure
21.746676     0.11442917  

CM Mom
-3.9488253e-17 1.27215e-17   
5.0715585e-18  1.5730529e-17 
3.2930288e-17  1.3913845e-17 
5.6519792e-17  8.8227558e-18 

CM Pos
7.4901836      0.014605449   
7.5389916      0.015985172   
7.4762062      0.0095903697  
12.99359       0.0098243917  

Stress
18.6906      0.038388     -0.0156838    0.171784     0.0487796    0.0501935   
0.038388     18.7459      -0.0394789    0.0487796    0.109991     0.0646547   
-0.0156838   -0.0394789   18.6543       0.0501935    0.0646547    0.123926    

Stress Spherical
0            0            0             0            0            0           
0            0            0             0            0            0           
0            0            0             0            0            0           

Inertia
149.65       -56.4249     -55.9727      0.302783     0.0997342    0.184989    
-56.4249     148.855      -56.394       0.0997342    0.236056     0.165036    
-55.9727     -56.394      149.792       0.184989     0.165036     0.146431    

Bond Length
0.61178177    0.0037888379

BB bond length
0.61178177    0.0037888379

Water EE distance
0             0           

PEG EE distance
3.6472554     0.21917293  

