Time = 1000
Temperature
   1.0298201   0.034305573

Pressure
   23.658924    0.15950246

CM Mom
-4.9866786e-18 1.651323e-17  
-4.6607014e-17 4.4149022e-17 
1.257606e-17   1.3496692e-17 
6.0230848e-17  3.3637279e-17 

CM Pos
7.4977879      0.013500353   
7.5053573      0.023330623   
7.4965169      0.014643939   
12.990213      0.017052203   

Stress
20.5686      0.000881105  -0.00930136   0.0773662    0.0613501    0.0585938   
0.000881105  20.5548      -0.00126656   0.0613501    0.121036     0.0703459   
-0.00930136  -0.00126656  20.5895       0.0585938    0.0703459    0.131629    

Stress Spherical
0            0            0             0            0            0           
0            0            0             0            0            0           
0            0            0             0            0            0           

Inertia
150.026      -56.273      -56.2261      0.487583     0.228706     0.207634    
-56.273      149.907      -56.2425      0.228706     0.273782     0.205806    
-56.2261     -56.2425     150.058       0.207634     0.205806     0.62717     

Bond Length
0.57077082    0.0040545768

BB bond length
0.57077082    0.0040545768

Water EE distance
0             0           

PEG EE distance
2.3029858     0.072551228 

Time = 2000
Temperature
1.0125908     0.0063172574

Pressure
23.525712     0.094032222 

CM Mom
3.6190171e-17  2.0748466e-17 
-1.2664167e-17 2.2559183e-17 
3.3057247e-17  1.6626067e-17 
5.8560109e-17  1.8693491e-17 

CM Pos
7.5071259      0.0174026     
7.4899423      0.019921302   
7.4993331      0.012290758   
12.988329      0.018446608   

Stress
20.5063      -0.00396413  -0.0603013    0.111594     0.0765155    0.0586839   
-0.00396413  20.4864      -0.0154611    0.0765155    0.149646     0.0400321   
-0.0603013   -0.0154611   20.4757       0.0586839    0.0400321    0.092887    

Stress Spherical
0            0            0             0            0            0           
0            0            0             0            0            0           
0            0            0             0            0            0           

Inertia
149.809      -56.2665     -56.3287      0.42027      0.237984     0.158944    
-56.2665     150.059      -56.134       0.237984     0.346307     0.199453    
-56.3287     -56.134      149.932       0.158944     0.199453     0.549254    

Bond Length
0.57196374    0.0040499335

BB bond length
0.57196374    0.0040499335

Water EE distance
0             0           

PEG EE distance
2.1670133     0.11812031  

Time = 3000
Temperature
1.0067512     0.0079264941

Pressure
23.515717     0.063421419 

CM Mom
4.2372232e-17  1.9974626e-17 
-5.1965184e-17 1.8667263e-17 
4.3902131e-17  2.5895732e-17 
8.5046706e-17  2.4663389e-17 

CM Pos
7.505199       0.012485834   
7.4992802      0.010376553   
7.5104497      0.010053953   
12.999008      0.014826162   

Stress
20.5135      -0.00422522  0.00450739    0.0848914    0.0697449    0.0565228   
-0.00422522  20.5168      0.00758318    0.0697449    0.103924     0.0723138   
0.00450739   0.00758318   20.4605       0.0565228    0.0723138    0.0973196   

Stress Spherical
0            0            0             0            0            0           
0            0            0             0            0            0           
0            0            0             0            0            0           

Inertia
150.123      -56.2726     -56.3556      0.250278     0.187069     0.150703    
-56.2726     150.213      -56.3298      0.187069     0.268095     0.161722    
-56.3556     -56.3298     150.065       0.150703     0.161722     0.314085    

Bond Length
0.57048431    0.0035100299

BB bond length
0.57048431    0.0035100299

Water EE distance
0             0           

PEG EE distance
2.2154947     0.13833766  

