Time = 1000
Temperature
   1.1241932    0.12459645

Pressure
   23.892896    0.69646431

CM Mom
3.4407796e-18  2.11763e-17   
3.0119347e-17  2.6458862e-17 
1.8335435e-16  3.0458985e-16 
2.5468053e-16  2.5218871e-16 

CM Pos
9.9900829      0.018033672   
10.002003      0.02817268    
10.002017      0.029700071   
17.317129      0.034565805   

Stress
20.5288      0.0047948    0.0247915     0.364043     0.0608894    0.0727516   
0.0047948    20.516       0.00399703    0.0608894    0.351974     0.0429917   
0.0247915    0.00399703   20.5216       0.0727516    0.0429917    0.349085    

Stress Spherical
0            0            0             0            0            0           
0            0            0             0            0            0           
0            0            0             0            0            0           

Inertia
266.857      -99.9354     -99.9114      2.08565      0.415436     0.448213    
-99.9354     266.619      -100.019      0.415436     2.51774      0.490013    
-99.9114     -100.019     266.626       0.448213     0.490013     2.49891     

Bond Length
0.62351787    0.0062071331

BB bond length
0.62351787    0.0062071331

Water EE distance
0             0           

PEG EE distance
4.9181325     0.23732213  

BBB P2(x)
0.083271689   0.012210117 

BBB first bond length
0.62364728    0.0061844846

BBB second bond length
0.62396429    0.0061475145

BBB <phi**2>/<phi>**2
1.12052       0.0045868033

Time = 2000
Temperature
1.0139331     0.0058016251

Pressure
23.241636     0.044883328 

CM Mom
-5.2551266e-18 2.3854989e-17 
1.0101562e-18  1.5910389e-17 
-6.2263346e-17 1.3386964e-16 
1.0947958e-16  1.0326115e-16 

CM Pos
9.9990044      0.0088479476  
9.9933313      0.0085197158  
10.002934      0.018840773   
17.317785      0.016486844   

Stress
20.2024      -0.00872846  -0.0276407    0.0368248    0.0358243    0.0380587   
-0.00872846  20.1995      0.0172918     0.0358243    0.0752823    0.0394362   
-0.0276407   0.0172918    20.2025       0.0380587    0.0394362    0.0641004   

Stress Spherical
0            0            0             0            0            0           
0            0            0             0            0            0           
0            0            0             0            0            0           

Inertia
266.518      -99.91       -100.018      0.781219     0.145043     0.222966    
-99.91       266.643      -99.9386      0.145043     0.898704     0.24629     
-100.018     -99.9386     266.473       0.222966     0.24629      0.953225    

Bond Length
0.6236497     0.001515049 

BB bond length
0.6236497     0.001515049 

Water EE distance
0             0           

PEG EE distance
4.6609524     0.087860615 

BBB P2(x)
0.07816341    0.0071427713

BBB first bond length
0.62400059    0.0015983772

BBB second bond length
0.62375861    0.0015016128

BBB <phi**2>/<phi>**2
1.1192559     0.0031659759

Time = 3000
Temperature
1.0103753     0.0045602319

Pressure
23.157477     0.073859871 

CM Mom
1.7477583e-17  2.5267812e-17 
-1.4163015e-18 1.5996022e-17 
-5.9124571e-17 5.8474457e-17 
7.6965981e-17  4.6829709e-17 

CM Pos
9.9972535      0.0079468062  
10.000502      0.0092249179  
10.002101      0.014666323   
17.320431      0.012165176   

Stress
20.1204      -0.0163713   0.0133582     0.11909      0.065644     0.0588644   
-0.0163713   20.1263      -0.0301389    0.065644     0.0604392    0.0300487   
0.0133582    -0.0301389   20.1373       0.0588644    0.0300487    0.0730537   

Stress Spherical
0            0            0             0            0            0           
0            0            0             0            0            0           
0            0            0             0            0            0           

Inertia
266.625      -99.9464     -99.9631      0.50344      0.114053     0.181519    
-99.9464     266.581      -100.036      0.114053     0.552884     0.2427      
-99.9631     -100.036     266.564       0.181519     0.2427       0.425753    

Bond Length
0.62402475    0.0010142847

BB bond length
0.62402475    0.0010142847

Water EE distance
0             0           

PEG EE distance
4.6798091     0.079693703 

BBB P2(x)
0.07778203    0.0066124255

BBB first bond length
0.62424236    0.0010831614

BBB second bond length
0.62424881    0.001043319 

BBB <phi**2>/<phi>**2
1.1189481     0.0031309954

Time = 4000
Temperature
1.0106257     0.0050474511

Pressure
23.17341      0.043675271 

CM Mom
3.4999657e-18  2.049631e-17  
-4.0270867e-18 2.0374183e-17 
-1.6912422e-17 5.4300704e-17 
4.964991e-17   4.0412327e-17 

CM Pos
9.9985042      0.011101871   
10.002503      0.010012713   
10.003685      0.011384753   
17.323224      0.010743936   

Stress
20.1592      0.00566129   0.00306947    0.0508953    0.0472444    0.0315697   
0.00566129   20.1412      -0.0101873    0.0472444    0.0546044    0.0329501   
0.00306947   -0.0101873   20.1291       0.0315697    0.0329501    0.0492417   

Stress Spherical
0            0            0             0            0            0           
0            0            0             0            0            0           
0            0            0             0            0            0           

Inertia
266.734      -99.9895     -99.9868      0.359034     0.219636     0.192753    
-99.9895     266.662      -100.008      0.219636     0.351008     0.171394    
-99.9868     -100.008     266.638       0.192753     0.171394     0.453786    

Bond Length
0.62420982    0.0010736339

BB bond length
0.62420982    0.0010736339

Water EE distance
0             0           

PEG EE distance
4.6051724     0.068230331 

BBB P2(x)
0.078191827   0.006558629 

BBB first bond length
0.6244191     0.00099633036

BBB second bond length
0.62436705    0.00094756859

BBB <phi**2>/<phi>**2
1.1193287     0.0032290267

Time = 5000
Temperature
1.0092137     0.0042312687

Pressure
23.153544     0.048267936 

CM Mom
5.8882099e-18  1.3676037e-17 
3.4713273e-22  1.8119445e-17 
-1.9785177e-17 2.1577349e-17 
3.5082163e-17  1.3277662e-17 

CM Pos
10.004507      0.0092324509  
10.002086      0.0087113572  
10.001767      0.012277041   
17.325342      0.0091881759  

Stress
20.1413      -0.00327031  0.0177028     0.069669     0.0534473    0.0572302   
-0.00327031  20.1321      0.00151431    0.0534473    0.0600098    0.0362853   
0.0177028    0.00151431   20.1092       0.0572302    0.0362853    0.0783006   

Stress Spherical
0            0            0             0            0            0           
0            0            0             0            0            0           
0            0            0             0            0            0           

Inertia
266.695      -100.07      -100.076      0.269186     0.153763     0.0892417   
-100.07      266.74       -99.9936      0.153763     0.197        0.159463    
-100.076     -99.9936     266.741       0.0892417    0.159463     0.286472    

Bond Length
0.62344278    0.00120296  

BB bond length
0.62344278    0.00120296  

Water EE distance
0             0           

PEG EE distance
4.4851334     0.081964716 

BBB P2(x)
0.082112724   0.0097435654

BBB first bond length
0.62358618    0.0012150629

BBB second bond length
0.62348931    0.0012142953

BBB <phi**2>/<phi>**2
1.1205857     0.0041777097

Time = 6000
Temperature
1.0108745     0.0032019744

Pressure
23.14797      0.05450867  

CM Mom
3.3123983e-17  1.191582e-17  
1.4055173e-17  2.8292313e-17 
-1.8124118e-17 1.5296903e-17 
5.1696042e-17  1.1277678e-17 

CM Pos
9.9977537      0.0064022525  
10.002586      0.0094169728  
9.9994325      0.010362106   
17.320382      0.0090583591  

Stress
20.1147      0.00162036   -0.0157637    0.0687533    0.0409467    0.052841    
0.00162036   20.111       0.0178831     0.0409467    0.0817921    0.0598577   
-0.0157637   0.0178831    20.1253       0.052841     0.0598577    0.0809359   

Stress Spherical
0            0            0             0            0            0           
0            0            0             0            0            0           
0            0            0             0            0            0           

Inertia
266.67       -99.9999     -99.9864      0.259615     0.135317     0.100412    
-99.9999     266.554      -100.035      0.135317     0.205859     0.148213    
-99.9864     -100.035     266.652       0.100412     0.148213     0.226971    

Bond Length
0.62418593    0.0014846196

BB bond length
0.62418593    0.0014846196

Water EE distance
0             0           

PEG EE distance
4.4138131     0.086976009 

BBB P2(x)
0.076599725   0.0075493664

BBB first bond length
0.62447757    0.0015835333

BBB second bond length
0.62427373    0.0014136508

BBB <phi**2>/<phi>**2
1.1187389     0.0036178228

Time = 7000
Temperature
1.0100664     0.0056027968

Pressure
23.141855     0.067266794 

CM Mom
2.4620273e-17  1.3800459e-17 
1.3141172e-17  1.4631756e-17 
-3.1789836e-17 2.1560357e-17 
4.9456749e-17  1.4589786e-17 

CM Pos
9.997587       0.0078215963  
10.004504      0.012199787   
10.001434      0.0081732194  
17.322548      0.011191372   

Stress
20.1287      0.0182459    0.0139464     0.0672543    0.044997     0.0397134   
0.0182459    20.113       0.00284931    0.044997     0.109802     0.0212009   
0.0139464    0.00284931   20.0982       0.0397134    0.0212009    0.0723718   

Stress Spherical
0            0            0             0            0            0           
0            0            0             0            0            0           
0            0            0             0            0            0           

Inertia
266.746      -100.049     -99.9999      0.29347      0.154682     0.176539    
-100.049     266.635      -100.017      0.154682     0.290608     0.140403    
-99.9999     -100.017     266.715       0.176539     0.140403     0.331508    

Bond Length
0.62446733    0.0019392348

BB bond length
0.62446733    0.0019392348

Water EE distance
0             0           

PEG EE distance
4.4561378     0.052362944 

BBB P2(x)
0.077032249   0.0068497788

BBB first bond length
0.62465416    0.0021753783

BBB second bond length
0.6245581     0.0018987594

BBB <phi**2>/<phi>**2
1.118582      0.0030149633

Time = 8000
Temperature
1.0101251     0.0038862034

Pressure
23.160501     0.052072195 

CM Mom
3.0883473e-17  3.2936427e-17 
7.0097668e-18  2.2246582e-17 
-2.5605204e-17 1.1811578e-17 
5.3801516e-17  2.1981379e-17 

CM Pos
10.001172      0.012787391   
10.001085      0.0073543426  
10.003268      0.011788257   
17.323704      0.012157525   

Stress
20.1203      0.0205466    -0.00430545   0.0782415    0.0573823    0.052942    
0.0205466    20.1511      -0.00255526   0.0573823    0.0443451    0.0451137   
-0.00430545  -0.00255526  20.1239       0.052942     0.0451137    0.0803066   

Stress Spherical
0            0            0             0            0            0           
0            0            0             0            0            0           
0            0            0             0            0            0           

Inertia
266.735      -99.9987     -99.9953      0.332141     0.164523     0.223599    
-99.9987     266.756      -100.06       0.164523     0.385585     0.192852    
-99.9953     -100.06      266.717       0.223599     0.192852     0.245088    

Bond Length
0.62485585    0.0012117239

BB bond length
0.62485585    0.0012117239

Water EE distance
0             0           

PEG EE distance
4.4210598     0.094717837 

BBB P2(x)
0.077902703   0.0058012105

BBB first bond length
0.62503144    0.001072271 

BBB second bond length
0.62490041    0.0012472419

BBB <phi**2>/<phi>**2
1.118481      0.0033188331

Time = 9000
Temperature
1.0097866     0.0054055606

Pressure
23.172312     0.047710502 

CM Mom
4.8676339e-17  1.6412287e-17 
9.4439772e-18  2.1545274e-17 
-4.8673909e-17 1.9120834e-17 
7.4197325e-17  2.0534103e-17 

CM Pos
9.9935848      0.0094021964  
10.004337      0.012091032   
10.002601      0.0076331181  
17.320818      0.0090414029  

Stress
20.1014      -0.00715296  -0.0114967    0.0632885    0.0408088    0.0484864   
-0.00715296  20.1332      0.00111241    0.0408088    0.0595151    0.0322106   
-0.0114967   0.00111241   20.1992       0.0484864    0.0322106    0.0821259   

Stress Spherical
0            0            0             0            0            0           
0            0            0             0            0            0           
0            0            0             0            0            0           

Inertia
266.795      -99.948      -100.02       0.347707     0.141808     0.156591    
-99.948      266.582      -100.073      0.141808     0.242828     0.205545    
-100.02      -100.073     266.624       0.156591     0.205545     0.249618    

Bond Length
0.62420024    0.001020679 

BB bond length
0.62420024    0.001020679 

Water EE distance
0             0           

PEG EE distance
4.4235709     0.044975551 

BBB P2(x)
0.076408093   0.0064227157

BBB first bond length
0.62433661    0.001054141 

BBB second bond length
0.62422253    0.0010109359

BBB <phi**2>/<phi>**2
1.1185171     0.0036976725

Time = 10000
Temperature
1.0101838     0.0030303225

Pressure
23.13088      0.056331725 

CM Mom
6.2510851e-17  1.9023505e-17 
3.2709767e-17  1.749331e-17  
-5.1078729e-17 2.5787388e-17 
9.2020932e-17  2.1251329e-17 

CM Pos
9.9964197      0.01228921    
9.9929978      0.015059228   
9.9951802      0.011703918   
17.311622      0.017156448   

Stress
20.1102      -0.00160386  0.0159467     0.0766613    0.0416119    0.0435684   
-0.00160386  20.0953      0.0072754     0.0416119    0.0664281    0.0591257   
0.0159467    0.0072754    20.1004       0.0435684    0.0591257    0.115264    

Stress Spherical
0            0            0             0            0            0           
0            0            0             0            0            0           
0            0            0             0            0            0           

Inertia
266.425      -99.8701     -99.8668      0.430674     0.204234     0.214157    
-99.8701     266.486      -99.8698      0.204234     0.415219     0.23762     
-99.8668     -99.8698     266.46        0.214157     0.23762      0.428126    

Bond Length
0.62470479    0.00087446038

BB bond length
0.62470479    0.00087446038

Water EE distance
0             0           

PEG EE distance
4.3764941     0.036587149 

BBB P2(x)
0.075215719   0.0082823032

BBB first bond length
0.62490453    0.00091446189

BBB second bond length
0.62493188    0.00086930822

BBB <phi**2>/<phi>**2
1.1180675     0.0047970074

Time = 11000
Temperature
1.0103869     0.0042417077

Pressure
23.131717     0.020153911 

CM Mom
7.8085539e-17  1.9640241e-17 
2.1504409e-17  1.7196773e-17 
-2.6109588e-17 2.5833091e-17 
8.9813753e-17  2.2886854e-17 

CM Pos
9.9995881      0.011187642   
9.9988342      0.019209834   
9.9974314      0.015511314   
17.318126      0.017662112   

Stress
20.0854      0.0019728    -0.00938638   0.0404762    0.0302817    0.0410918   
0.0019728    20.1356      0.0100651     0.0302817    0.0612036    0.0533201   
-0.00938638  0.0100651    20.0856       0.0410918    0.0533201    0.0632098   

Stress Spherical
0            0            0             0            0            0           
0            0            0             0            0            0           
0            0            0             0            0            0           

Inertia
266.583      -99.9959     -99.9461      0.545264     0.235089     0.207865    
-99.9959     266.603      -99.9191      0.235089     0.411965     0.253084    
-99.9461     -99.9191     266.633       0.207865     0.253084     0.510406    

Bond Length
0.6249476     0.0013327557

BB bond length
0.6249476     0.0013327557

Water EE distance
0             0           

PEG EE distance
4.4905915     0.061781099 

BBB P2(x)
0.077148293   0.0083827093

BBB first bond length
0.62508154    0.0014084313

BBB second bond length
0.62508123    0.0012503696

BBB <phi**2>/<phi>**2
1.1193611     0.0029919589

Time = 12000
Temperature
1.0103466     0.0044807587

Pressure
23.143534     0.043016783 

CM Mom
7.81589e-17    1.738628e-17  
3.4312219e-17  1.3703821e-17 
-2.4100268e-18 8.8135816e-18 
8.6437866e-17  1.970285e-17  

CM Pos
9.9986709      0.011273377   
9.9994179      0.0087686276  
9.9987655      0.0080151849  
17.318697      0.010378147   

Stress
20.0911      -0.00533335  -0.00610733   0.059339     0.0368184    0.0478998   
-0.00533335  20.1043      0.0201066     0.0368184    0.0785485    0.0433353   
-0.00610733  0.0201066    20.1471       0.0478998    0.0433353    0.0373511   

Stress Spherical
0            0            0             0            0            0           
0            0            0             0            0            0           
0            0            0             0            0            0           

Inertia
266.612      -99.9269     -100.012      0.248945     0.16158      0.189208    
-99.9269     266.605      -99.9895      0.16158      0.282527     0.106276    
-100.012     -99.9895     266.62        0.189208     0.106276     0.290618    

Bond Length
0.62508022    0.0015354227

BB bond length
0.62508022    0.0015354227

Water EE distance
0             0           

PEG EE distance
4.4900042     0.053485146 

BBB P2(x)
0.078613303   0.0055154394

BBB first bond length
0.62524297    0.0014818109

BBB second bond length
0.62522175    0.0017033192

BBB <phi**2>/<phi>**2
1.1184654     0.0038232153

Time = 13000
Temperature
1.0137045     0.0033580772

Pressure
23.15471      0.046492313 

CM Mom
7.4871322e-17  1.1109848e-17 
3.557555e-17   2.500712e-17  
-3.1631124e-17 3.7465194e-17 
9.6320343e-17  2.732544e-17  

CM Pos
10.001339      0.01097465    
9.9924141      0.0098950289  
10.00085       0.010332207   
17.317397      0.014742969   

Stress
20.1018      -0.0178863   0.00619054    0.0833047    0.046372     0.0411097   
-0.0178863   20.1314      0.0246079     0.046372     0.0441015    0.0569711   
0.00619054   0.0246079    20.1125       0.0411097    0.0569711    0.0534074   

Stress Spherical
0            0            0             0            0            0           
0            0            0             0            0            0           
0            0            0             0            0            0           

Inertia
266.538      -99.934      -100.017      0.344079     0.217548     0.178529    
-99.934      266.714      -99.857       0.217548     0.394516     0.178497    
-100.017     -99.857      266.535       0.178529     0.178497     0.421248    

Bond Length
0.62482009    0.0017803442

BB bond length
0.62482009    0.0017803442

Water EE distance
0             0           

PEG EE distance
4.374705      0.046084459 

BBB P2(x)
0.07291875    0.0086895995

BBB first bond length
0.62496444    0.0018550251

BBB second bond length
0.62496595    0.0019274024

BBB <phi**2>/<phi>**2
1.1175504     0.0034459452

Time = 14000
Temperature
1.0146112     0.0080301716

Pressure
23.156617     0.072168507 

CM Mom
6.12761e-17    1.7134468e-17 
2.4104086e-17  2.116631e-17  
-2.7125183e-17 1.5035108e-17 
7.6472242e-17  1.3827377e-17 

CM Pos
10.003507      0.0084738974  
10.000919      0.010066378   
10.00135       0.012046967   
17.323849      0.0096009671  

Stress
20.1538      0.0128576    -0.00296907   0.0855122    0.035676     0.0585871   
0.0128576    20.0882      -0.00189321   0.035676     0.0712836    0.0426222   
-0.00296907  -0.00189321  20.1013       0.0585871    0.0426222    0.0733381   

Stress Spherical
0            0            0             0            0            0           
0            0            0             0            0            0           
0            0            0             0            0            0           

Inertia
266.718      -100.056     -100.041      0.3361       0.162882     0.203854    
-100.056     266.762      -100.028      0.162882     0.317379     0.178399    
-100.041     -100.028     266.749       0.203854     0.178399     0.236745    

Bond Length
0.6250491     0.0010631939

BB bond length
0.6250491     0.0010631939

Water EE distance
0             0           

PEG EE distance
4.4506094     0.10960002  

BBB P2(x)
0.077873262   0.0065461161

BBB first bond length
0.62529148    0.0011036476

BBB second bond length
0.6252069     0.0011023211

BBB <phi**2>/<phi>**2
1.1190818     0.0027806025

Time = 15000
Temperature
1.0094702     0.0043031268

Pressure
23.14873      0.056514959 

CM Mom
4.8894165e-17  3.1455159e-17 
2.3077962e-17  2.716236e-17  
-2.8159349e-17 3.4707773e-17 
7.920437e-17   1.9357136e-17 

CM Pos
10.002089      0.0095736525  
9.9997514      0.019426295   
9.9971813      0.013577133   
17.319958      0.012394228   

Stress
20.1455      -0.00552195  -0.000849672  0.0600853    0.0572795    0.0533601   
-0.00552195  20.0999      -0.0082384    0.0572795    0.0795521    0.0484479   
-0.000849672 -0.0082384   20.1206       0.0533601    0.0484479    0.0923585   

Stress Spherical
0            0            0             0            0            0           
0            0            0             0            0            0           
0            0            0             0            0            0           

Inertia
266.618      -100.023     -100.003      0.305137     0.212922     0.153937    
-100.023     266.667      -99.9549      0.212922     0.356058     0.148907    
-100.003     -99.9549     266.715       0.153937     0.148907     0.475824    

Bond Length
0.62433583    0.00079819527

BB bond length
0.62433583    0.00079819527

Water EE distance
0             0           

PEG EE distance
4.4084518     0.078336947 

BBB P2(x)
0.076376478   0.0087535879

BBB first bond length
0.62453827    0.00090481002

BBB second bond length
0.62457571    0.00080286606

BBB <phi**2>/<phi>**2
1.1186768     0.0034014965

Time = 16000
Temperature
1.0095729     0.0049422503

Pressure
23.151373     0.035561815 

CM Mom
5.843505e-17   1.340997e-17  
1.0203388e-18  1.8957773e-17 
-1.982232e-17  2.0971247e-17 
6.7137681e-17  1.6738279e-17 

CM Pos
9.9979205      0.0076708217  
9.9993345      0.017487435   
9.992929       0.01710804    
17.314848      0.020922701   

Stress
20.1333      -0.0296372   0.0237346     0.0603815    0.0514818    0.0382511   
-0.0296372   20.135       0.0023293     0.0514818    0.0675177    0.0340112   
0.0237346    0.0023293    20.1046       0.0382511    0.0340112    0.0715527   

Stress Spherical
0            0            0             0            0            0           
0            0            0             0            0            0           
0            0            0             0            0            0           

Inertia
266.5        -99.9647     -99.9279      0.55106      0.209417     0.228695    
-99.9647     266.467      -99.9108      0.209417     0.446632     0.290163    
-99.9279     -99.9108     266.629       0.228695     0.290163     0.382471    

Bond Length
0.62449386    0.000879494 

BB bond length
0.62449386    0.000879494 

Water EE distance
0             0           

PEG EE distance
4.466441      0.05044765  

BBB P2(x)
0.082327853   0.0063702278

BBB first bond length
0.62444553    0.00088524072

BBB second bond length
0.62462153    0.00088650044

BBB <phi**2>/<phi>**2
1.1201372     0.0029610108

Time = 17000
Temperature
1.0115172     0.006795083 

Pressure
23.157515     0.08511815  

CM Mom
7.2946934e-17  1.1374916e-17 
2.0946914e-17  3.2973104e-17 
-4.990866e-17  1.8682903e-17 
9.8296086e-17  1.2427686e-17 

CM Pos
10.002006      0.011607592   
10.003754      0.014531798   
10.00627       0.011334877   
17.327463      0.012384378   

Stress
20.1124      -0.0118006   0.0111364     0.0943501    0.0582434    0.0512616   
-0.0118006   20.1521      0.014986      0.0582434    0.09716      0.039026    
0.0111364    0.014986     20.1093       0.0512616    0.039026     0.0979158   

Stress Spherical
0            0            0             0            0            0           
0            0            0             0            0            0           
0            0            0             0            0            0           

Inertia
266.88       -100.044     -100.113      0.37059      0.247575     0.215998    
-100.044     266.831      -100.107      0.247575     0.311932     0.197852    
-100.113     -100.107     266.795       0.215998     0.197852     0.407686    

Bond Length
0.62436161    0.0013438054

BB bond length
0.62436161    0.0013438054

Water EE distance
0             0           

PEG EE distance
4.4214931     0.058853859 

BBB P2(x)
0.074126564   0.013152045 

BBB first bond length
0.62441541    0.0014940018

BBB second bond length
0.62455478    0.0013140306

BBB <phi**2>/<phi>**2
1.1164552     0.0035658175

Time = 18000
Temperature
1.0091483     0.0069013318

Pressure
23.132813     0.088676024 

CM Mom
7.5215793e-17  2.2096183e-17 
1.014559e-17   2.8801299e-17 
-6.0207452e-17 1.6640246e-17 
1.0380973e-16  1.4264628e-17 

CM Pos
10.000672      0.0095434694  
10.001252      0.010066378   
9.997348       0.0068350028  
17.320093      0.0081131339  

Stress
20.1006      8.7107e-05   -0.00298335   0.0907207    0.0394237    0.0475731   
8.7107e-05   20.0889      -0.00182488   0.0394237    0.106857     0.0334168   
-0.00298335  -0.00182488  20.1316       0.0475731    0.0334168    0.102478    

Stress Spherical
0            0            0             0            0            0           
0            0            0             0            0            0           
0            0            0             0            0            0           

Inertia
266.629      -100.032     -99.933       0.297253     0.128591     0.142566    
-100.032     266.628      -99.9971      0.128591     0.263508     0.130558    
-99.933      -99.9971     266.716       0.142566     0.130558     0.240717    

Bond Length
0.62453905    0.001749364 

BB bond length
0.62453905    0.001749364 

Water EE distance
0             0           

PEG EE distance
4.3013796     0.054199581 

BBB P2(x)
0.075445963   0.007516639 

BBB first bond length
0.62478663    0.0017497643

BBB second bond length
0.62477053    0.0016833271

BBB <phi**2>/<phi>**2
1.1186956     0.0031523966

Time = 19000
Temperature
1.0090483     0.0039444095

Pressure
23.164771     0.090055831 

CM Mom
7.725838e-17   3.5415724e-17 
3.6663927e-17  1.7664214e-17 
-5.6775409e-17 1.2801901e-17 
1.0829159e-16  2.3230728e-17 

CM Pos
9.9992546      0.013350978   
9.9994179      0.0090033335  
9.9934292      0.011236316   
17.315954      0.013768322   

Stress
20.1055      0.0304621    0.0222653     0.0967501    0.0349944    0.0328404   
0.0304621    20.1558      0.0148339     0.0349944    0.102742     0.0431825   
0.0222653    0.0148339    20.1565       0.0328404    0.0431825    0.0884441   

Stress Spherical
0            0            0             0            0            0           
0            0            0             0            0            0           
0            0            0             0            0            0           

Inertia
266.523      -99.9534     -99.9147      0.332097     0.190757     0.196784    
-99.9534     266.538      -99.9259      0.190757     0.347289     0.206568    
-99.9147     -99.9259     266.663       0.196784     0.206568     0.357268    

Bond Length
0.62360542    0.0018533268

BB bond length
0.62360542    0.0018533268

Water EE distance
0             0           

PEG EE distance
4.2670582     0.063147798 

BBB P2(x)
0.075334732   0.0062460209

BBB first bond length
0.62376807    0.0017966382

BBB second bond length
0.62367951    0.0019136214

BBB <phi**2>/<phi>**2
1.1185434     0.0036690974

Time = 20000
Temperature
1.011626      0.0053723204

Pressure
23.136207     0.068704692 

CM Mom
5.7035237e-17  1.602919e-17  
3.0677045e-17  1.5247339e-17 
-1.7397829e-17 1.8597963e-17 
7.1472691e-17  1.4957901e-17 

CM Pos
10.001756      0.013098653   
10.000752      0.010355059   
10.001517      0.010266057   
17.322838      0.012846809   

Stress
20.1175      -0.0110641   -0.0179572    0.10704      0.0476518    0.0659239   
-0.0110641   20.094       -0.00785486   0.0476518    0.102265     0.0760599   
-0.0179572   -0.00785486  20.0974       0.0659239    0.0760599    0.0249995   

Stress Spherical
0            0            0             0            0            0           
0            0            0             0            0            0           
0            0            0             0            0            0           

Inertia
266.725      -100.014     -100.038      0.272944     0.171307     0.216724    
-100.014     266.73       -100.032      0.171307     0.314902     0.191553    
-100.038     -100.032     266.724       0.216724     0.191553     0.367294    

Bond Length
0.6244066     0.0015970954

BB bond length
0.6244066     0.0015970954

Water EE distance
0             0           

PEG EE distance
4.4334441     0.057671331 

BBB P2(x)
0.077531864   0.0085378708

BBB first bond length
0.62446514    0.0017961622

BBB second bond length
0.62473593    0.0017250066

BBB <phi**2>/<phi>**2
1.1184047     0.0034205916

Time = 21000
Temperature
1.0129685     0.0049596844

Pressure
23.144379     0.036803124 

CM Mom
6.3965684e-17  2.0423514e-17 
1.4607808e-17  1.4272435e-17 
-1.711804e-17  1.5613383e-17 
7.0117372e-17  2.3370458e-17 

CM Pos
9.9968366      0.012680386   
9.9980005      0.013557918   
9.9987655      0.0091644309  
17.316825      0.0089242212  

Stress
20.1199      0.0172283    0.00891299    0.0464272    0.0739771    0.0451224   
0.0172283    20.1091      -0.011485     0.0739771    0.037774     0.0417682   
0.00891299   -0.011485    20.0924       0.0451224    0.0417682    0.0910786   

Stress Spherical
0            0            0             0            0            0           
0            0            0             0            0            0           
0            0            0             0            0            0           

Inertia
266.618      -99.9735     -99.9317      0.234443     0.147282     0.190887    
-99.9735     266.599      -99.9793      0.147282     0.362648     0.165819    
-99.9317     -99.9793     266.585       0.190887     0.165819     0.281747    

Bond Length
0.62443689    0.0012487261

BB bond length
0.62443689    0.0012487261

Water EE distance
0             0           

PEG EE distance
4.3903103     0.070332207 

BBB P2(x)
0.074968776   0.0070483949

BBB first bond length
0.6245547     0.0012419487

BBB second bond length
0.62454831    0.0012648235

BBB <phi**2>/<phi>**2
1.117493      0.0031132589

Time = 22000
Temperature
1.0112674     0.0074583792

Pressure
23.134543     0.066147054 

CM Mom
5.3970345e-17  1.2547316e-17 
2.3699908e-17  1.3023319e-17 
-1.3156215e-17 3.0053605e-17 
6.8139152e-17  1.5326021e-17 

CM Pos
9.9947521      0.010600552   
9.9995847      0.017870251   
10.00677       0.014690004   
17.321163      0.012580027   

Stress
20.0742      0.0137393    0.0154137     0.0509139    0.0418722    0.0322877   
0.0137393    20.1418      0.00857865    0.0418722    0.0869271    0.0200999   
0.0154137    0.00857865   20.0912       0.0322877    0.0200999    0.0763405   

Stress Spherical
0            0            0             0            0            0           
0            0            0             0            0            0           
0            0            0             0            0            0           

Inertia
266.815      -99.9347     -100.006      0.335597     0.19621      0.208621    
-99.9347     266.723      -100.105      0.19621      0.413664     0.130266    
-100.006     -100.105     266.591       0.208621     0.130266     0.504525    

Bond Length
0.62502028    0.001148093 

BB bond length
0.62502028    0.001148093 

Water EE distance
0             0           

PEG EE distance
4.5432911     0.070362505 

BBB P2(x)
0.081963208   0.0065816966

BBB first bond length
0.62524985    0.0013451546

BBB second bond length
0.6252796     0.0010927318

BBB <phi**2>/<phi>**2
1.1196594     0.0027676117

Time = 23000
Temperature
1.0099835     0.0032283149

Pressure
23.153146     0.041472015 

CM Mom
4.013942e-17   1.245412e-17  
2.5866942e-17  2.6254525e-17 
-2.1526742e-17 1.3241737e-17 
5.9228478e-17  1.5981504e-17 

CM Pos
10.00234       0.015732044   
9.9975836      0.011819766   
10.003101      0.011829467   
17.322259      0.019077926   

Stress
20.1255      -0.0223327   0.0114029     0.0583607    0.0482766    0.0528575   
-0.0223327   20.1202      -0.00780464   0.0482766    0.0703326    0.0507536   
0.0114029    -0.00780464  20.1289       0.0528575    0.0507536    0.0906902   

Stress Spherical
0            0            0             0            0            0           
0            0            0             0            0            0           
0            0            0             0            0            0           

Inertia
266.71       -99.9961     -100.089      0.441366     0.253801     0.266031    
-99.9961     266.794      -100.01       0.253801     0.535466     0.183732    
-100.089     -100.01      266.689       0.266031     0.183732     0.551371    

Bond Length
0.62442969    0.0013260472

BB bond length
0.62442969    0.0013260472

Water EE distance
0             0           

PEG EE distance
4.4975345     0.076864653 

BBB P2(x)
0.07554924    0.0061792533

BBB first bond length
0.62453702    0.0013671258

BBB second bond length
0.62478996    0.0012596377

BBB <phi**2>/<phi>**2
1.1191464     0.0039883797

Time = 24000
Temperature
1.0122715     0.0050643735

Pressure
23.15637      0.049286116 

CM Mom
7.2246073e-17  1.6916469e-17 
2.8839555e-17  8.364663e-18  
-2.4575261e-17 1.0399663e-17 
8.2390181e-17  1.8201758e-17 

CM Pos
10.001506      0.0091644309  
10.000752      0.010199477   
9.9934292      0.0095580273  
17.318025      0.0093513127  

Stress
20.1337      0.0164328    -0.00190114   0.0751787    0.0540899    0.0478635   
0.0164328    20.1059      0.00715702    0.0540899    0.0619965    0.0635486   
-0.00190114  0.00715702   20.124        0.0478635    0.0635486    0.0862114   

Stress Spherical
0            0            0             0            0            0           
0            0            0             0            0            0           
0            0            0             0            0            0           

Inertia
266.563      -100.043     -99.9319      0.246184     0.144436     0.188264    
-100.043     266.568      -99.9382      0.144436     0.30381      0.137229    
-99.9319     -99.9382     266.703       0.188264     0.137229     0.350358    

Bond Length
0.62463783    0.00072310364

BB bond length
0.62463783    0.00072310364

Water EE distance
0             0           

PEG EE distance
4.5600184     0.049282806 

BBB P2(x)
0.081570924   0.0065117241

BBB first bond length
0.62495135    0.00075549935

BBB second bond length
0.62489182    0.00084433482

BBB <phi**2>/<phi>**2
1.1196279     0.0035440352

Time = 25000
Temperature
1.0099984     0.004290198 

Pressure
23.14994      0.044247301 

CM Mom
5.6568286e-17  1.8158196e-17 
2.0992042e-17  8.580997e-18  
-2.3958059e-17 2.2091308e-17 
6.9489405e-17  1.6650151e-17 

CM Pos
10.004091      0.014507858   
10.000085      0.0075484022  
9.9957638      0.0069504867  
17.320479      0.011309834   

Stress
20.1206      -0.0166259   -0.0137434    0.0971233    0.0497978    0.0352372   
-0.0166259   20.1299      0.0107823     0.0497978    0.0694861    0.0548721   
-0.0137434   0.0107823    20.1142       0.0352372    0.0548721    0.0863317   

Stress Spherical
0            0            0             0            0            0           
0            0            0             0            0            0           
0            0            0             0            0            0           

Inertia
266.589      -100.031     -99.9873      0.195173     0.226328     0.222717    
-100.031     266.665      -99.9586      0.226328     0.360734     0.0918783   
-99.9873     -99.9586     266.761       0.222717     0.0918783    0.36501     

Bond Length
0.62472373    0.0011135832

BB bond length
0.62472373    0.0011135832

Water EE distance
0             0           

PEG EE distance
4.4640885     0.079820762 

BBB P2(x)
0.078294161   0.0099172331

BBB first bond length
0.62500226    0.0010631704

BBB second bond length
0.62490557    0.0011151479

BBB <phi**2>/<phi>**2
1.1184767     0.00505664  

Time = 26000
Temperature
1.0099346     0.0045647755

Pressure
23.135936     0.056763515 

CM Mom
6.6017586e-17  3.4799818e-17 
2.36888e-17    1.44991e-17   
-3.0168842e-17 1.2154959e-17 
8.25983e-17    2.4003229e-17 

CM Pos
9.9985042      0.0099598049  
10.001502      0.009375911   
9.9996826      0.010617589   
17.320334      0.010793879   

Stress
20.1101      -0.00199978  0.000442218   0.0792906    0.039082     0.0325531   
-0.00199978  20.1147      -0.0241       0.039082     0.0762583    0.0227298   
0.000442218  -0.0241      20.0985       0.0325531    0.0227298    0.0787766   

Stress Spherical
0            0            0             0            0            0           
0            0            0             0            0            0           
0            0            0             0            0            0           

Inertia
266.698      -100.003     -99.9756      0.272125     0.175344     0.23906     
-100.003     266.62       -100.003      0.175344     0.34349      0.157443    
-99.9756     -100.003     266.677       0.23906      0.157443     0.24115     

Bond Length
0.62440175    0.0012291151

BB bond length
0.62440175    0.0012291151

Water EE distance
0             0           

PEG EE distance
4.3597451     0.044553467 

BBB P2(x)
0.076213318   0.0083214186

BBB first bond length
0.62444933    0.0012679084

BBB second bond length
0.62448935    0.0014928865

BBB <phi**2>/<phi>**2
1.1189991     0.0016310006

Time = 27000
Temperature
1.0100619     0.0040362533

Pressure
23.148766     0.069785986 

CM Mom
4.0486205e-17  2.7403052e-17 
2.6012854e-17  1.8590827e-17 
3.5054041e-18  2.0035661e-17 
5.7406565e-17  2.3033657e-17 

CM Pos
10.000338      0.0086813793  
9.9956659      0.010321773   
9.9979317      0.011236316   
17.317014      0.0087494087  

Stress
20.1204      -0.0196004   0.00862496    0.0850622    0.0339993    0.052903    
-0.0196004   20.1277      0.0101138     0.0339993    0.108894     0.0363638   
0.00862496   0.0101138    20.1126       0.052903     0.0363638    0.0857864   

Stress Spherical
0            0            0             0            0            0           
0            0            0             0            0            0           
0            0            0             0            0            0           

Inertia
266.546      -99.943      -99.9316      0.266649     0.191617     0.192825    
-99.943      266.632      -99.9077      0.191617     0.202972     0.128643    
-99.9316     -99.9077     266.601       0.192825     0.128643     0.299105    

Bond Length
0.62399901    0.00094949246

BB bond length
0.62399901    0.00094949246

Water EE distance
0             0           

PEG EE distance
4.3714944     0.090482204 

BBB P2(x)
0.074888236   0.0080566091

BBB first bond length
0.62426135    0.00099791163

BBB second bond length
0.62419584    0.0010377394

BBB <phi**2>/<phi>**2
1.1177264     0.0045347977

Time = 28000
Temperature
1.009597      0.0043986963

Pressure
23.135261     0.044852835 

CM Mom
4.7222432e-17  2.3280125e-17 
5.3668108e-17  1.6236649e-17 
1.0100868e-17  8.86802e-18   
7.6425212e-17  1.5989783e-17 

CM Pos
9.9990878      0.0096790907  
9.9956659      0.0082813779  
10.003852      0.013092283   
17.319711      0.0086536992  

Stress
20.1162      -0.0159472   0.0110557     0.0700115    0.0296689    0.0461747   
-0.0159472   20.0919      0.0157131     0.0296689    0.0535752    0.0330871   
0.0110557    0.0157131    20.1162       0.0461747    0.0330871    0.0770964   

Stress Spherical
0            0            0             0            0            0           
