Time = 1000
Temperature
   1.2454757    0.28712749

Pressure
   25.593165     2.1945252

CM Mom
-5.3727112e-18 2.900285e-17  
9.3789549e-17  3.5466798e-17 
1.0567944e-17  6.5217797e-16 
4.9395203e-16  4.3861553e-16 

CM Pos
9.9788602      0.054734741   
10.00802       0.028171131   
9.9837359      0.052954477   
17.303678      0.049347092   

Stress
21.9177      0.00871177   -0.00943025   1.3904       0.0728601    0.0672049   
0.00871177   21.8285      0.0332315     0.0728601    1.41924      0.0378042   
-0.00943025  0.0332315    21.8287       0.0672049    0.0378042    1.3886      

Stress Spherical
0            0            0             0            0            0           
0            0            0             0            0            0           
0            0            0             0            0            0           

Inertia
267.811      -99.8292     -99.6544      4.50142      0.423894     1.05166     
-99.8292     267.221      -99.902       0.423894     3.15249      0.405817    
-99.6544     -99.902      267.73        1.05166      0.405817     4.48943     

Bond Length
0.61491326    0.0057054977

BB bond length
0.61491326    0.0057054977

Water EE distance
0             0           

PEG EE distance
3.1767421     0.10628453  

BBB P2(x)
0.055997111   0.0043125893

BBB first bond length
0.61515192    0.0059056037

BBB second bond length
0.6152211     0.0055118585

BBB <phi**2>/<phi>**2
1.1147309     0.001932987 

Time = 2000
Temperature
1.0170687     0.0097928195

Pressure
23.848868     0.082364135 

CM Mom
-2.991262e-17  2.5530775e-17 
1.0096539e-16  2.1827575e-17 
6.0459141e-17  9.3811543e-17 
1.497711e-16   4.7345225e-17 

CM Pos
9.9969511      0.01577486    
9.9989329      0.010922172   
10.004161      0.016281338   
17.320547      0.014121148   

Stress
20.8193      -0.00654986  -0.00303642   0.114539     0.0512382    0.0496458   
-0.00654986  20.7964      0.0191961     0.0512382    0.0949814    0.0425652   
-0.00303642  0.0191961    20.7811       0.0496458    0.0425652    0.0861605   

Stress Spherical
0            0            0             0            0            0           
0            0            0             0            0            0           
0            0            0             0            0            0           

Inertia
266.878      -99.9572     -99.9981      0.569739     0.2465       0.214725    
-99.9572     266.797      -100.047      0.2465       0.466009     0.199259    
-99.9981     -100.047     266.725       0.214725     0.199259     0.786324    

Bond Length
0.61312161    0.00074537149

BB bond length
0.61312161    0.00074537149

Water EE distance
0             0           

PEG EE distance
3.0760252     0.017011889 

BBB P2(x)
0.053450156   0.0046369654

BBB first bond length
0.61338095    0.00068911955

BBB second bond length
0.61336322    0.00078747505

BBB <phi**2>/<phi>**2
1.1121905     0.0016082326

Time = 3000
Temperature
1.0082757     0.0028347505

Pressure
23.850577     0.058400845 

CM Mom
-3.4819537e-17 1.5007968e-17 
8.7922004e-17  2.244239e-17  
5.3853915e-17  2.2927205e-17 
1.1183479e-16  2.4299363e-17 

CM Pos
10.000286      0.0099707654  
9.9965986      0.012768113   
10.000409      0.0098023977  
17.318952      0.012322959   

Stress
20.8654      0.0132766    -0.0295457    0.064164     0.0586589    0.0430616   
0.0132766    20.8115      -0.00242429   0.0586589    0.0751579    0.0421905   
-0.0295457   -0.00242429  20.8041       0.0430616    0.0421905    0.0855971   

Stress Spherical
0            0            0             0            0            0           
0            0            0             0            0            0           
0            0            0             0            0            0           

Inertia
266.664      -99.9653     -99.9488      0.450998     0.139593     0.187957    
-99.9653     266.706      -100.013      0.139593     0.260519     0.208205    
-99.9488     -100.013     266.633       0.187957     0.208205     0.351919    

Bond Length
0.61284979    0.00041706975

BB bond length
0.61284979    0.00041706975

Water EE distance
0             0           

PEG EE distance
3.1014331     0.010587639 

BBB P2(x)
0.049472332   0.0067725266

BBB first bond length
0.61325649    0.00051389684

BBB second bond length
0.61312407    0.00044332057

BBB <phi**2>/<phi>**2
1.112085      0.003368058 

Time = 4000
Temperature
1.014979      0.0036489636

Pressure
23.877432     0.056733123 

CM Mom
-5.1483295e-17 2.1872193e-17 
6.6317893e-17  1.4485568e-17 
3.9348301e-17  2.2369717e-17 
9.7257604e-17  1.8068443e-17 

CM Pos
10.001203      0.010512644   
10.000767      0.013431318   
10.005995      0.0064014519  
17.325115      0.0078828437  

Stress
20.8481      -0.0105261   0.0568417     0.0937205    0.0742547    0.0447861   
-0.0105261   20.8235      -0.0282643    0.0742547    0.0733597    0.0476047   
0.0568417    -0.0282643   20.8296       0.0447861    0.0476047    0.0706707   

Stress Spherical
0            0            0             0            0            0           
0            0            0             0            0            0           
0            0            0             0            0            0           

Inertia
266.837      -100.058     -100.075      0.234376     0.122797     0.157306    
-100.058     266.859      -100.036      0.122797     0.295865     0.122625    
-100.075     -100.036     266.765       0.157306     0.122625     0.300725    

Bond Length
0.6130183     0.000434699 

BB bond length
0.6130183     0.000434699 

Water EE distance
0             0           

PEG EE distance
3.0883469     0.017529513 

BBB P2(x)
0.052202394   0.0038547071

BBB first bond length
0.61328984    0.00042228521

BBB second bond length
0.61333488    0.00044506946

BBB <phi**2>/<phi>**2
1.1130293     0.0021454099

Time = 5000
Temperature
1.0122701     0.0054870805

Pressure
23.801384     0.086517856 

CM Mom
-4.8552849e-17 2.1318058e-17 
4.5706109e-17  1.5673573e-17 
3.4152663e-17  1.7580662e-17 
7.9528321e-17  1.7241764e-17 

CM Pos
9.9983683      0.010121927   
10.000183      0.011626484   
10.002577      0.013892483   
17.321167      0.013254398   

Stress
20.8045      0.00200365   0.00647731    0.0886694    0.073911     0.0643774   
0.00200365   20.7509      -0.00473474   0.073911     0.0672125    0.0698402   
0.00647731   -0.00473474  20.7421       0.0643774    0.0698402    0.13266     

Stress Spherical
0            0            0             0            0            0           
0            0            0             0            0            0           
0            0            0             0            0            0           

Inertia
266.733      -100.006     -100.009      0.409754     0.151679     0.175749    
-100.006     266.69       -100.068      0.151679     0.274485     0.232261    
-100.009     -100.068     266.641       0.175749     0.232261     0.230051    

Bond Length
0.6132038     0.00062724518

BB bond length
0.6132038     0.00062724518

Water EE distance
0             0           

PEG EE distance
3.0701087     0.017367093 

BBB P2(x)
0.050556569   0.0030603155

BBB first bond length
0.61343678    0.00065271521

BBB second bond length
0.61352777    0.00076492419

BBB <phi**2>/<phi>**2
1.1125716     0.00091299009

Time = 6000
Temperature
1.0122041     0.0053171698

Pressure
23.808865     0.066802771 

CM Mom
-6.2106889e-17 8.5029684e-18 
2.1042232e-17  2.9674606e-17 
2.6331352e-17  2.0677226e-17 
7.8457926e-17  1.4770429e-17 

CM Pos
10.001703      0.010780301   
9.9985995      0.0085978312  
9.9987421      0.0075054417  
17.319962      0.0072938328  

Stress
20.7374      0.000627321  -0.00150676   0.0818474    0.0504021    0.0491247   
0.000627321  20.7865      0.0185657     0.0504021    0.0690075    0.0513299   
-0.00150676  0.0185657    20.7966       0.0491247    0.0513299    0.0580447   

Stress Spherical
0            0            0             0            0            0           
0            0            0             0            0            0           
0            0            0             0            0            0           

Inertia
266.635      -99.9996     -99.986       0.257731     0.120485     0.120308    
-99.9996     266.673      -99.9696      0.120485     0.158413     0.168617    
-99.986      -99.9696     266.673       0.120308     0.168617     0.248823    

Bond Length
0.61341439    0.00041597103

BB bond length
0.61341439    0.00041597103

Water EE distance
0             0           

PEG EE distance
3.1045515     0.013731159 

BBB P2(x)
0.052800283   0.0043511884

BBB first bond length
0.61378967    0.00042305055

BBB second bond length
0.61372986    0.00056226729

BBB <phi**2>/<phi>**2
1.1132379     0.0021213874

Time = 7000
Temperature
1.012433      0.0034720314

Pressure
23.830537     0.065905508 

CM Mom
-4.2227002e-17 2.2326355e-17 
1.4981619e-17  4.9558799e-17 
1.7538886e-17  1.5905775e-17 
7.0943698e-17  2.2129327e-17 

CM Pos
10.003954      0.005691054   
9.9980159      0.01174425    
10.001243      0.014769331   
17.322372      0.0091973007  

Stress
20.8171      -0.000368126 0.00480768    0.0996382    0.0603709    0.0394659   
-0.000368126 20.7794      0.00179471    0.0603709    0.0779105    0.0424446   
0.00480768   0.00179471   20.787        0.0394659    0.0424446    0.104458    

Stress Spherical
0            0            0             0            0            0           
0            0            0             0            0            0           
0            0            0             0            0            0           

Inertia
266.675      -100.012     -100.062      0.353403     0.0867286    0.178226    
-100.012     266.772      -100.004      0.0867286    0.30369      0.168522    
-100.062     -100.004     266.727       0.178226     0.168522     0.210187    

Bond Length
0.6129708     0.00072467506

BB bond length
0.6129708     0.00072467506

Water EE distance
0             0           

PEG EE distance
3.1450295     0.033593513 

BBB P2(x)
0.055477857   0.0040308615

BBB first bond length
0.61327486    0.00073948079

BBB second bond length
0.61335001    0.00075528158

BBB <phi**2>/<phi>**2
1.1148053     0.0016609634

Time = 8000
Temperature
1.0107951     0.002875598 

Pressure
23.819474     0.03616727  

CM Mom
-5.5181532e-17 1.4217832e-17 
-6.9322992e-18 1.6551718e-17 
3.6533349e-17  6.4704805e-18 
6.9008038e-17  1.3550194e-17 

CM Pos
10.002037      0.0077765028  
10.002434      0.0071502398  
9.9949906      0.0074473402  
17.320202      0.0047234393  

Stress
20.8179      0.00151038   -0.0144847    0.0771825    0.0614675    0.0510908   
0.00151038   20.7886      -3.99786e-05  0.0614675    0.079635     0.0530958   
-0.0144847   -3.99786e-05 20.7586       0.0510908    0.0530958    0.100629    

Stress Spherical
0            0            0             0            0            0           
0            0            0             0            0            0           
0            0            0             0            0            0           

Inertia
266.617      -100.068     -99.9638      0.123298     0.097164     0.15596     
-100.068     266.599      -99.9837      0.097164     0.223399     0.0911884   
-99.9638     -99.9837     266.765       0.15596      0.0911884    0.176776    

Bond Length
0.61297096    0.00062491759

BB bond length
0.61297096    0.00062491759

Water EE distance
0             0           

PEG EE distance
3.1377278     0.023510066 

BBB P2(x)
0.056623903   0.0042579903

BBB first bond length
0.61329951    0.00054057666

BBB second bond length
0.61343979    0.00074409927

BBB <phi**2>/<phi>**2
1.1131027     0.0018482651

Time = 9000
Temperature
1.0108575     0.0041888571

Pressure
23.775135     0.057390954 

CM Mom
-6.3999683e-17 2.313349e-17  
-1.5603516e-17 1.2946426e-17 
1.9967962e-17  1.664562e-17  
7.2798468e-17  2.045426e-17  

CM Pos
10.00262       0.0094334941  
9.9972656      0.0092549823  
10.001827      0.0091613885  
17.321503      0.0078795182  

Stress
20.7496      -0.00629838  0.0137981     0.0848406    0.0613658    0.0596319   
-0.00629838  20.7518      0.00660903    0.0613658    0.0589993    0.0617645   
0.0137981    0.00660903   20.7301       0.0596319    0.0617645    0.10421     

Stress Spherical
0            0            0             0            0            0           
0            0            0             0            0            0           
0            0            0             0            0            0           

Inertia
266.652      -99.9936     -100.011      0.179542     0.144837     0.19821     
-99.9936     266.735      -99.9861      0.144837     0.261004     0.111821    
-100.011     -99.9861     266.695       0.19821      0.111821     0.335       

Bond Length
0.61354741    0.00078840223

BB bond length
0.61354741    0.00078840223

Water EE distance
0             0           

PEG EE distance
3.0557407     0.019735776 

BBB P2(x)
0.053752182   0.0041201643

BBB first bond length
0.6137297     0.00085138883

BBB second bond length
0.61375996    0.00071993742

BBB <phi**2>/<phi>**2
1.1124885     0.0016667791

Time = 10000
Temperature
1.0148778     0.0044269226

Pressure
23.832658     0.06013716  

CM Mom
-8.841323e-17  2.1810913e-17 
-4.0970365e-17 9.4373062e-18 
2.8962318e-17  1.2310798e-17 
1.0301101e-16  2.0960711e-17 

CM Pos
9.9982849      0.0059862686  
10.000767      0.0064339413  
10.00216       0.007288868   
17.32121       0.0071878251  

Stress
20.8388      0.0392741    -0.0249131    0.0730115    0.0412577    0.0405028   
0.0392741    20.7678      -0.00387563   0.0412577    0.0872829    0.0173296   
-0.0249131   -0.00387563  20.7613       0.0405028    0.0173296    0.0758848   

Stress Spherical
0            0            0             0            0            0           
0            0            0             0            0            0           
0            0            0             0            0            0           

Inertia
266.722      -100.01      -100.031      0.220625     0.15972      0.125672    
-100.01      266.665      -99.9812      0.15972      0.158118     0.156267    
-100.031     -99.9812     266.645       0.125672     0.156267     0.201605    

Bond Length
0.61322437    0.00045758413

BB bond length
0.61322437    0.00045758413

Water EE distance
0             0           

PEG EE distance
3.0707025     0.025743026 

BBB P2(x)
0.05408719    0.0061029914

BBB first bond length
0.61349659    0.0005005682

BBB second bond length
0.61358947    0.00038861345

BBB <phi**2>/<phi>**2
1.1136897     0.0021371019

Time = 11000
Temperature
1.0130647     0.0036878319

Pressure
23.800565     0.057901448 

CM Mom
-1.03717e-16   2.6263501e-17 
-4.8932478e-17 1.4530256e-17 
3.2028014e-17  7.5670122e-18 
1.207799e-16   2.3404534e-17 

CM Pos
9.9988685      0.0083405577  
10.002268      0.012082332   
10.002077      0.008195976   
17.322368      0.010802722   

Stress
20.7581      -0.00784857  -0.0067988    0.0748157    0.0556173    0.0492795   
-0.00784857  20.7406      0.00245897    0.0556173    0.0921556    0.0355621   
-0.0067988   0.00245897   20.7892       0.0492795    0.0355621    0.0915858   

Stress Spherical
0            0            0             0            0            0           
0            0            0             0            0            0           
0            0            0             0            0            0           

Inertia
266.737      -99.9848     -100.018      0.255368     0.179528     0.137886    
-99.9848     266.686      -100.051      0.179528     0.271627     0.135399    
-100.018     -100.051     266.686       0.137886     0.135399     0.370379    

Bond Length
0.61332178    0.00052111606

BB bond length
0.61332178    0.00052111606

Water EE distance
0             0           

PEG EE distance
3.0527345     0.027640867 

BBB P2(x)
0.050686069   0.00474228  

BBB first bond length
0.61378863    0.00056861573

BBB second bond length
0.61362143    0.00056152828

BBB <phi**2>/<phi>**2
1.1126358     0.0027092634

Time = 12000
Temperature
1.0123612     0.0047176005

Pressure
23.78505      0.074369561 

CM Mom
-1.0947833e-16 1.6072982e-17 
-3.4508719e-17 1.2747751e-17 
3.5027444e-17  2.6810746e-17 
1.2287498e-16  2.1087426e-17 

CM Pos
10.003037      0.012700709   
10.00085       0.013665499   
9.9999926      0.0070936381  
17.322756      0.012221201   

Stress
20.7766      -0.00993775  -0.00353452   0.0796024    0.0610737    0.0479039   
-0.00993775  20.7235      -0.00038305   0.0610737    0.0935368    0.0346855   
-0.00353452  -0.00038305  20.7476       0.0479039    0.0346855    0.0819381   

Stress Spherical
0            0            0             0            0            0           
0            0            0             0            0            0           
0            0            0             0            0            0           

Inertia
266.664      -100.014     -100.008      0.294222     0.180599     0.173542    
-100.014     266.709      -100.054      0.180599     0.320199     0.161669    
-100.008     -100.054     266.744       0.173542     0.161669     0.389241    

Bond Length
0.61371946    0.00076892727

BB bond length
0.61371946    0.00076892727

Water EE distance
0             0           

PEG EE distance
3.0597014     0.026562956 

BBB P2(x)
0.05003888    0.0057945728

BBB first bond length
0.61397552    0.00070134687

BBB second bond length
0.61401328    0.00067842094

BBB <phi**2>/<phi>**2
1.1123808     0.0016533607

Time = 13000
Temperature
1.0059728     0.0062738986

Pressure
23.828857     0.050821154 

CM Mom
-1.2028623e-16 1.8616656e-17 
-4.9316185e-17 3.3164454e-17 
2.4970415e-17  2.0076712e-17 
1.3764309e-16  2.0695397e-17 

CM Pos
9.9991186      0.010030534   
9.9996833      0.0096307262  
10.002577      0.0081381073  
17.321309      0.010372129   

Stress
20.8177      -0.0162112   -0.031842     0.0849898    0.042208     0.0623023   
-0.0162112   20.8007      -0.0312748    0.042208     0.0661278    0.0301378   
-0.031842    -0.0312748   20.8183       0.0623023    0.0301378    0.0808327   

Stress Spherical
0            0            0             0            0            0           
0            0            0             0            0            0           
0            0            0             0            0            0           

Inertia
266.69       -99.9666     -100.009      0.252571     0.0979292    0.162281    
-99.9666     266.674      -100.021      0.0979292    0.306419     0.142963    
-100.009     -100.021     266.623       0.162281     0.142963     0.254948    

Bond Length
0.61296946    0.00050361952

BB bond length
0.61296946    0.00050361952

Water EE distance
0             0           

PEG EE distance
3.0833958     0.016711705 

BBB P2(x)
0.054224832   0.0080070212

BBB first bond length
0.61317163    0.00050639612

BBB second bond length
0.61329359    0.00057380996

BBB <phi**2>/<phi>**2
1.1135477     0.0028351052

Time = 14000
Temperature
1.011257      0.0037296221

Pressure
23.794132     0.075050713 

CM Mom
-1.0223076e-16 1.8123189e-17 
-5.911012e-17  2.1434435e-17 
6.7462593e-18  1.5240137e-17 
1.2117157e-16  1.8117509e-17 

CM Pos
10.001119      0.010420675   
9.9955982      0.015593172   
10.001327      0.010245797   
17.319389      0.011557932   

Stress
20.7715      0.0175053    -0.0247189    0.0847582    0.0660648    0.0537207   
0.0175053    20.7475      0.00180768    0.0660648    0.12814      0.0597366   
-0.0247189   0.00180768   20.7659       0.0537207    0.0597366    0.0827702   

Stress Spherical
0            0            0             0            0            0           
0            0            0             0            0            0           
0            0            0             0            0            0           

Inertia
266.581      -99.94       -100.009      0.335575     0.195373     0.136276    
-99.94       266.681      -99.9739      0.195373     0.254914     0.135835    
-100.009     -99.9739     266.594       0.136276     0.135835     0.419131    

Bond Length
0.61379397    0.0004496072

BB bond length
0.61379397    0.0004496072

Water EE distance
0             0           

PEG EE distance
3.094456      0.020206635 

BBB P2(x)
0.054050706   0.0034658581

BBB first bond length
0.61406282    0.00046055493

BBB second bond length
0.61397808    0.00042940281

BBB <phi**2>/<phi>**2
1.1133239     0.0015853319

Time = 15000
Temperature
1.0089126     0.003856075 

Pressure
23.839345     0.05155498  

CM Mom
-1.2311718e-16 1.3265469e-17 
-3.5882036e-17 7.9456714e-18 
-1.8669009e-17 1.9292462e-17 
1.3127909e-16  1.3076624e-17 

CM Pos
9.9956172      0.009185633   
9.9930138      0.0085690859  
10.007246      0.010525859   
17.318137      0.0080920369  

Stress
20.7677      0.00808326   0.00929895    0.0718609    0.0917007    0.0449459   
0.00808326   20.8654      -0.0317469    0.0917007    0.0795715    0.0494466   
0.00929895   -0.0317469   20.8085       0.0449459    0.0494466    0.0710957   

Stress Spherical
0            0            0             0            0            0           
0            0            0             0            0            0           
0            0            0             0            0            0           

Inertia
266.656      -99.8657     -100.02       0.318759     0.158364     0.112896    
-99.8657     266.73       -100.002      0.158364     0.181162     0.158753    
-100.02      -100.002     266.451       0.112896     0.158753     0.23277     

Bond Length
0.61325966    0.00057448896

BB bond length
0.61325966    0.00057448896

Water EE distance
0             0           

PEG EE distance
3.0748509     0.019339337 

BBB P2(x)
0.052881766   0.0048658307

BBB first bond length
0.61356111    0.00061560567

BBB second bond length
0.61373425    0.00058608334

BBB <phi**2>/<phi>**2
1.113156      0.0022308768

Time = 16000
Temperature
1.0099393     0.004768727 

Pressure
23.873497     0.032810203 

CM Mom
-1.4977193e-16 2.9943005e-17 
-4.7546608e-18 1.0771069e-17 
-2.1862346e-17 2.1533258e-17 
1.5381998e-16  2.7347678e-17 

CM Pos
9.99445        0.01432476    
10.001184      0.01102257    
10.005161      0.010765785   
17.320977      0.012368377   

Stress
20.8604      -0.0173525   0.0176144     0.0616263    0.0316211    0.0499541   
-0.0173525   20.8437      0.0104806     0.0316211    0.0587214    0.0720303   
0.0176144    0.0104806    20.8307       0.0499541    0.0720303    0.0832972   

Stress Spherical
0            0            0             0            0            0           
0            0            0             0            0            0           
0            0            0             0            0            0           

Inertia
266.791      -99.964      -100.064      0.353251     0.135269     0.187562    
-99.964      266.663      -100.09       0.135269     0.325492     0.17885     
-100.064     -100.09      266.555       0.187562     0.17885      0.35555     

Bond Length
0.61302282    0.00060016595

BB bond length
0.61302282    0.00060016595

Water EE distance
0             0           

PEG EE distance
3.1008096     0.030459946 

BBB P2(x)
0.053682519   0.0053837131

BBB first bond length
0.61332152    0.00056195816

BBB second bond length
0.61331755    0.00056515455

BBB <phi**2>/<phi>**2
1.1129507     0.0017765653

Time = 17000
Temperature
1.0109242     0.0023072073

Pressure
23.849379     0.022511855 

CM Mom
-1.4441924e-16 3.4366304e-17 
4.7316372e-18  1.8115283e-17 
-2.5899978e-17 1.9531932e-17 
1.5011137e-16  3.0122931e-17 

CM Pos
9.9955338      0.0094720951  
9.995765       0.012028138   
10.00141       0.011197732   
17.316306      0.011354165   

Stress
20.8337      -0.012463    0.0137162     0.0658739    0.0716063    0.0525311   
-0.012463    20.8205      -0.00558451   0.0716063    0.0641559    0.0573847   
0.0137162    -0.00558451  20.7994       0.0525311    0.0573847    0.0877738   

Stress Spherical
0            0            0             0            0            0           
0            0            0             0            0            0           
0            0            0             0            0            0           

Inertia
266.584      -99.9353     -99.9644      0.285596     0.210925     0.134414    
-99.9353     266.598      -99.9252      0.210925     0.195859     0.194063    
-99.9644     -99.9252     266.49        0.134414     0.194063     0.300494    

Bond Length
0.61266359    0.0002320442

BB bond length
0.61266359    0.0002320442

Water EE distance
0             0           

PEG EE distance
3.0465148     0.023910091 

BBB P2(x)
0.051513133   0.005658325 

BBB first bond length
0.61283452    0.00030574418

BBB second bond length
0.61295554    0.00036757278

BBB <phi**2>/<phi>**2
1.1133377     0.0021335177

Time = 18000
Temperature
1.0110046     0.0057126961

Pressure
23.842532     0.063834401 

CM Mom
-1.4355892e-16 1.1552112e-17 
-1.5949217e-17 1.801922e-17  
-3.7170026e-17 1.609249e-17  
1.5125493e-16  9.176516e-18  

CM Pos
9.998535       0.015108953   
9.9953481      0.0050304876  
9.9974082      0.0058411218  
17.315487      0.0083964935  

Stress
20.8043      -0.00210265  0.0244076     0.0769792    0.0402646    0.0748627   
-0.00210265  20.8004      0.0202768     0.0402646    0.0509955    0.0560779   
0.0244076    0.0202768    20.8277       0.0748627    0.0560779    0.0683563   

Stress Spherical
0            0            0             0            0            0           
0            0            0             0            0            0           
0            0            0             0            0            0           

Inertia
266.525      -99.93       -99.9514      0.203296     0.163057     0.155431    
-99.93       266.594      -99.9394      0.163057     0.24936      0.144263    
-99.9514     -99.9394     266.563       0.155431     0.144263     0.246104    

Bond Length
0.61319462    0.00051657805

BB bond length
0.61319462    0.00051657805

Water EE distance
0             0           

PEG EE distance
3.0935937     0.022802503 

BBB P2(x)
0.052740195   0.0051880249

BBB first bond length
0.61359104    0.00050296558

BBB second bond length
0.61351797    0.00040830171

BBB <phi**2>/<phi>**2
1.1129108     0.0026289701

Time = 19000
Temperature
1.009097      0.0042022966

Pressure
23.869115     0.063961736 

CM Mom
-1.5929327e-16 1.2304829e-17 
-9.7518214e-18 1.7748256e-17 
-5.9517892e-17 2.7357799e-17 
1.7327304e-16  1.4252598e-17 

CM Pos
10.001203      0.0082702638  
9.997599       0.01657327    
9.9995758      0.0091648018  
17.319581      0.010622484   

Stress
20.8261      0.0269944    0.0194446     0.0775605    0.0479543    0.0292334   
0.0269944    20.8728      -0.022701     0.0479543    0.060818     0.0474765   
0.0194446    -0.022701    20.8303       0.0292334    0.0474765    0.0895132   

Stress Spherical
0            0            0             0            0            0           
0            0            0             0            0            0           
0            0            0             0            0            0           

Inertia
266.632      -99.9921     -99.9718      0.35012      0.172869     0.133574    
-99.9921     266.719      -99.9495      0.172869     0.25286      0.178909    
-99.9718     -99.9495     266.66        0.133574     0.178909     0.357231    

Bond Length
0.6129378     0.00060966176

BB bond length
0.6129378     0.00060966176

Water EE distance
0             0           

PEG EE distance
3.081126      0.018767831 

BBB P2(x)
0.051592741   0.004084984 

BBB first bond length
0.61347657    0.00062584228

BBB second bond length
0.61331546    0.00070010726

BBB <phi**2>/<phi>**2
1.1123173     0.0020679875

Time = 20000
Temperature
1.0113331     0.0056997068

Pressure
23.78499      0.062220634 

CM Mom
-1.6798082e-16 1.2841716e-17 
-2.9257547e-17 2.5087665e-17 
-5.8724157e-17 2.8804695e-17 
1.84194e-16    1.4787362e-17 

CM Pos
10.002287      0.011883971   
9.9973489      0.0093212064  
9.9978251      0.012259359   
17.319052      0.0067765986  

Stress
20.7594      -0.00204411  0.0179576     0.110205     0.0474071    0.0457813   
-0.00204411  20.737       -0.00112649   0.0474071    0.0561307    0.0752092   
0.0179576    -0.00112649  20.7604       0.0457813    0.0752092    0.0637391   

Stress Spherical
0            0            0             0            0            0           
0            0            0             0            0            0           
0            0            0             0            0            0           

Inertia
266.574      -99.9841     -100.019      0.31168      0.114811     0.128135    
-99.9841     266.672      -99.9639      0.114811     0.21373      0.178642    
-100.019     -99.9639     266.644       0.128135     0.178642     0.181765    

Bond Length
0.61342475    0.00047345709

BB bond length
0.61342475    0.00047345709

Water EE distance
0             0           

PEG EE distance
3.0997696     0.012082184 

BBB P2(x)
0.053242223   0.0037765661

BBB first bond length
0.61366921    0.00052997169

BBB second bond length
0.61361953    0.0005350609

BBB <phi**2>/<phi>**2
1.1136693     0.0017508489

Time = 21000
Temperature
1.0082913     0.0049051191

Pressure
23.836765     0.040229163 

CM Mom
-1.642184e-16  1.4590364e-17 
-5.150308e-17  1.5356837e-17 
-2.5662049e-17 1.5253776e-17 
1.7556909e-16  1.1647886e-17 

CM Pos
10.002453      0.011859383   
10.001851      0.0073387582  
10.00858       0.0179737     
17.327959      0.010960003   

Stress
20.8223      0.0237464    0.0307442     0.0648112    0.0305548    0.0505452   
0.0237464    20.7872      0.0238569     0.0305548    0.0687732    0.0400077   
0.0307442    0.0238569    20.8299       0.0505452    0.0400077    0.0912429   

Stress Spherical
0            0            0             0            0            0           
0            0            0             0            0            0           
0            0            0             0            0            0           

Inertia
266.888      -100.032     -100.111      0.361284     0.20425      0.174713    
-100.032     266.897      -100.09       0.20425      0.332275     0.245729    
-100.111     -100.09      266.744       0.174713     0.245729     0.323378    

Bond Length
0.61291106    0.00065595077

BB bond length
0.61291106    0.00065595077

Water EE distance
0             0           

PEG EE distance
3.1014061     0.022276523 

BBB P2(x)
0.052862282   0.0038714869

BBB first bond length
0.61314638    0.00052654977

BBB second bond length
0.61320806    0.00068162036

BBB <phi**2>/<phi>**2
1.1129276     0.0016639314

Time = 22000
Temperature
1.0118935     0.0066140855

Pressure
23.840565     0.072539543 

CM Mom
-1.9124992e-16 1.5510413e-17 
-3.4650389e-17 1.9079616e-17 
-1.8451615e-17 2.3852738e-17 
1.9768206e-16  1.4594549e-17 

CM Pos
10.003287      0.015533331   
10.004102      0.0095331671  
10.00141       0.012173166   
17.325597      0.012787214   

Stress
20.7722      -0.0412737   0.0172995     0.124821     0.0577616    0.0488507   
-0.0412737   20.7909      -0.00720718   0.0577616    0.0942271    0.0253327   
0.0172995    -0.00720718  20.8553       0.0488507    0.0253327    0.0666595   

Stress Spherical
0            0            0             0            0            0           
0            0            0             0            0            0           
0            0            0             0            0            0           

Inertia
266.79       -100.056     -100.021      0.325279     0.169884     0.238031    
-100.056     266.764      -100.026      0.169884     0.463814     0.129396    
-100.021     -100.026     266.806       0.238031     0.129396     0.268141    

Bond Length
0.61269565    0.00049422508

BB bond length
0.61269565    0.00049422508

Water EE distance
0             0           

PEG EE distance
3.1054552     0.026082858 

BBB P2(x)
0.053121114   0.0033107126

BBB first bond length
0.61302978    0.00049779047

BBB second bond length
0.61300563    0.00049736685

BBB <phi**2>/<phi>**2
1.1126344     0.0016406937

Time = 23000
Temperature
1.0135742     0.0056377209

Pressure
23.862795     0.035405178 

CM Mom
-2.1454146e-16 1.4707832e-17 
-4.5822731e-18 2.9074723e-17 
-9.1739177e-18 2.2868851e-17 
2.1804781e-16  1.3152586e-17 

CM Pos
9.9997022      0.011869049   
10.004685      0.0097097857  
10.010414      0.013572619   
17.329061      0.015142291   

Stress
20.84        0.00645591   -0.00640599   0.0850957    0.0729131    0.0515108   
0.00645591   20.8405      -0.00867288   0.0729131    0.053811     0.0553715   
-0.00640599  -0.00867288  20.7895       0.0515108    0.0553715    0.0497154   

Stress Spherical
0            0            0             0            0            0           
0            0            0             0            0            0           
0            0            0             0            0            0           

Inertia
266.991      -100.075     -100.126      0.411686     0.120373     0.165949    
-100.075     266.87       -100.138      0.120373     0.393827     0.218395    
-100.126     -100.138     266.761       0.165949     0.218395     0.289117    

Bond Length
0.61313102    0.00069034149

BB bond length
0.61313102    0.00069034149

Water EE distance
0             0           

PEG EE distance
3.1126027     0.015232879 

BBB P2(x)
0.05358994    0.0059111818

BBB first bond length
0.61331836    0.00078479077

BBB second bond length
0.61332943    0.00055533937

BBB <phi**2>/<phi>**2
1.1132796     0.0021583759

Time = 24000
Temperature
1.0127893     0.003651677 

Pressure
23.831889     0.047228511 

CM Mom
-2.1792934e-16 2.0820294e-17 
-8.0291014e-18 1.6088296e-17 
-2.7300455e-18 2.73443e-17   
2.2029629e-16  2.1787365e-17 

CM Pos
9.9964508      0.010114715   
9.9977658      0.0095768107  
10.002744      0.010624442   
17.318761      0.0077914379  

Stress
20.812       0.0238824    -0.0171843    0.0574919    0.0540326    0.0404359   
0.0238824    20.7658      -0.0136407    0.0540326    0.0551428    0.0473348   
-0.0171843   -0.0136407   20.8066       0.0404359    0.0473348    0.0950399   

Stress Spherical
0            0            0             0            0            0           
0            0            0             0            0            0           
0            0            0             0            0            0           

Inertia
266.659      -99.9123     -100.007      0.294557     0.136349     0.134421    
-99.9123     266.641      -100.054      0.136349     0.207373     0.182882    
-100.007     -100.054     266.523       0.134421     0.182882     0.260245    

Bond Length
0.61358169    0.00074079476

BB bond length
0.61358169    0.00074079476

Water EE distance
0             0           

PEG EE distance
3.1018369     0.016490663 

BBB P2(x)
0.051618962   0.00569357  

BBB first bond length
0.61388073    0.00078334639

BBB second bond length
0.61386012    0.0009320705

BBB <phi**2>/<phi>**2
1.1125803     0.0028277529

Time = 25000
Temperature
1.0139156     0.0045522552

Pressure
23.80943      0.044531082 

CM Mom
-2.2524893e-16 2.2483565e-17 
5.1113819e-18  2.4108655e-17 
-8.8714872e-18 1.7623277e-17 
2.2741172e-16  2.2872184e-17 

CM Pos
10.003871      0.0086353386  
10.003935      0.0099008139  
9.9988255      0.0087054789  
17.324341      0.010606394   

Stress
20.7886      0.0204257    -0.0389761    0.0756836    0.0465679    0.0462764   
0.0204257    20.7412      0.022584      0.0465679    0.0543631    0.0555854   
-0.0389761   0.022584     20.777        0.0462764    0.0555854    0.065326    

Stress Spherical
0            0            0             0            0            0           
0            0            0             0            0            0           
0            0            0             0            0            0           

Inertia
266.672      -100.094     -100.007      0.284348     0.126433     0.154693    
-100.094     266.669      -99.9917      0.126433     0.254884     0.190811    
-100.007     -99.9917     266.763       0.154693     0.190811     0.243719    

Bond Length
0.61318065    0.00095279274

BB bond length
0.61318065    0.00095279274

Water EE distance
0             0           

PEG EE distance
3.1035917     0.028007157 

BBB P2(x)
0.052454567   0.0028852941

BBB first bond length
0.61347417    0.0010419547

BBB second bond length
0.6135146     0.00093107317

BBB <phi**2>/<phi>**2
1.1126147     0.0019282088

Time = 26000
Temperature
1.0121489     0.0055530031

Pressure
23.860554     0.038199124 

CM Mom
-2.3583065e-16 1.635238e-17  
-1.8126913e-17 1.5363998e-17 
-1.1548124e-17 9.4462106e-18 
2.3751774e-16  1.6001411e-17 

CM Pos
10.004954      0.014743661   
10.005519      0.011732408   
9.998492       0.010411334   
17.32569       0.016801035   

Stress
20.81        0.00358869   0.00138857    0.0676443    0.0534812    0.028945    
0.00358869   20.8105      0.00501388    0.0534812    0.0804329    0.0461812   
0.00138857   0.00501388   20.8556       0.028945     0.0461812    0.0870755   

Stress Spherical
0            0            0             0            0            0           
0            0            0             0            0            0           
0            0            0             0            0            0           

Inertia
266.752      -100.11      -100.048      0.386694     0.202921     0.25317     
-100.11      266.727      -100.043      0.202921     0.456654     0.165669    
-100.048     -100.043     266.862       0.25317      0.165669     0.48935     

Bond Length
0.61346428    0.0005459503

BB bond length
0.61346428    0.0005459503

Water EE distance
0             0           

PEG EE distance
3.0977587     0.019532974 

BBB P2(x)
0.051097277   0.0024819501

BBB first bond length
0.61386623    0.00053139153

BBB second bond length
0.61380228    0.0005714852

BBB <phi**2>/<phi>**2
1.1120191     0.0014536136

Time = 27000
Temperature
1.0124861     0.0042924503

Pressure
23.86202      0.064974795 

CM Mom
-2.1485841e-16 1.2067115e-17 
-3.5081474e-17 1.1759102e-17 
8.1084692e-18  2.5234517e-17 
2.1967342e-16  1.1173763e-17 

CM Pos
10.003871      0.013761793   
10.002184      0.0097026251  
10.00166       0.01144908    
17.324966      0.016986519   

Stress
20.7914      -0.0128671   -0.0103735    0.089643     0.0822344    0.0569486   
-0.0128671   20.8307      0.01832       0.0822344    0.110785     0.0496885   
-0.0103735   0.01832      20.8554       0.0569486    0.0496885    0.0733482   

Stress Spherical
0            0            0             0            0            0           
0            0            0             0            0            0           
0            0            0             0            0            0           

Inertia
266.742      -100.024     -100.009      0.360546     0.24673      0.236441    
-100.024     266.759      -100.004      0.24673      0.441148     0.225344    
-100.009     -100.004     266.76        0.236441     0.225344     0.371528    

Bond Length
0.61312618    0.00096885792

BB bond length
0.61312618    0.00096885792

Water EE distance
0             0           

PEG EE distance
3.1048357     0.022842967 

BBB P2(x)
0.053636362   0.0067019115

BBB first bond length
0.61350247    0.0010866305

BBB second bond length
0.61332302    0.00097497776

BBB <phi**2>/<phi>**2
1.1131764     0.0029320326

Time = 28000
Temperature
1.0122777     0.0056097081

Pressure
23.828107     0.07548633  

CM Mom
-2.1766179e-16 2.2971702e-17 
-1.3435191e-17 1.9874877e-17 
-1.277011e-17  2.3677882e-17 
2.2083367e-16  2.0882441e-17 

CM Pos
9.9988685      0.0094279667  
10.001767      0.0079353091  
10.003494      0.0094599803  
17.322897      0.010774837   

Stress
20.7692      -0.021365    -0.0240735    0.0882145    0.0665451    0.0639302   
-0.021365    20.8075      0.00596614    0.0665451    0.122323     0.0722161   
-0.0240735   0.00596614   20.801        0.0639302    0.0722161    0.0906579   

Stress Spherical
