Time = 500
Temperature
   1.0383544   0.043209414

Pressure
    22.93548    0.11159437

CM Mom
-3.029453e-17  4.903093e-17  
3.0838553e-17  8.3081768e-18 
-4.0507989e-18 3.8971895e-17 
7.4004002e-17  2.0011449e-17 

CM Pos
7.504532       0.013181286   
7.5203834      0.0065939806  
7.4977006      0.029444373   
13.003471      0.022722114   

Stress
19.774       0.00366305   0.0257817     0.0754351    0.0311498    0.0241497   
0.00366305   19.8695      -0.028413     0.0311498    0.111028     0.128788    
0.0257817    -0.028413    19.8298       0.0241497    0.128788     0.0453352   

Stress Spherical
0            0            0             0            0            0           
0            0            0             0            0            0           
0            0            0             0            0            0           

Inertia
149.873      -56.4169     -56.2535      0.489548     0.123824     0.270579    
-56.4169     149.633      -56.356       0.123824     0.648698     0.185265    
-56.2535     -56.356      149.965       0.270579     0.185265     0.269793    

Bond Length
0.61498335    0.0048576059

BB bond length
0.61498335    0.0048576059

Water EE distance
0             0           

PEG EE distance
3.9244951     0.11615816  

Time = 1000
Temperature
1.0013469     0.0028848483

Pressure
22.802748     0.06673445  

CM Mom
-2.667302e-17  3.5212536e-17 
4.040149e-17   2.1026015e-17 
2.4224919e-17  2.6825161e-17 
7.171131e-17   1.3772088e-17 

CM Pos
7.4994885      0.016714279   
7.5334372      0.0062231538  
7.5030408      0.014246686   
13.011188      0.011503181   

Stress
19.805       -0.0287667   0.0240743     0.100927     0.0673278    0.0289984   
-0.0287667   19.7838      -0.0196504    0.0673278    0.138561     0.0607542   
0.0240743    -0.0196504   19.819        0.0289984    0.0607542    0.0328753   

Stress Spherical
0            0            0             0            0            0           
0            0            0             0            0            0           
0            0            0             0            0            0           

Inertia
150.165      -56.4965     -56.1953      0.25305      0.0967413    0.144036    
-56.4965     149.64       -56.5544      0.0967413    0.290756     0.174817    
-56.1953     -56.5544     150.107       0.144036     0.174817     0.207391    

Bond Length
0.61782883    0.0028866785

BB bond length
0.61782883    0.0028866785

Water EE distance
0             0           

PEG EE distance
3.6604061     0.26770719  

