Time = 1000
Temperature
   1.0727597   0.092416425

Pressure
   23.585658    0.45946133

CM Mom
-2.7644015e-17 1.8102727e-17 
1.7300179e-18  2.2593428e-17 
-9.4272784e-17 1.9398396e-16 
1.7657994e-16  1.301615e-16  

CM Pos
7.4980265      0.026099297   
7.5021249      0.044847045   
7.5093952      0.021640298   
12.995984      0.029195791   

Stress
20.3417      -0.0147861   -0.0069931    0.262257     0.0732737    0.0719376   
-0.0147861   20.4242      -0.0014799    0.0732737    0.213258     0.0589827   
-0.0069931   -0.0014799   20.3592       0.0719376    0.0589827    0.21623     

Stress Spherical
0            0            0             0            0            0           
0            0            0             0            0            0           
0            0            0             0            0            0           

Inertia
150.234      -56.2716     -56.3547      0.62967      0.55024      0.147147    
-56.2716     150.146      -56.3789      0.55024      0.842883     0.241464    
-56.3547     -56.3789     150.041       0.147147     0.241464     0.379586    

Bond Length
0.62022577    0.0053224782

BB bond length
0.62022577    0.0053224782

Water EE distance
0             0           

PEG EE distance
6.9326174     0.2431249   

BBB P2(x)
0.47514759    0.064490668 

BBB first bond length
0.62015511    0.005223224 

BBB second bond length
0.62011247    0.0052485803

BBB <phi**2>/<phi>**2
1.2167228     0.013379233 

Time = 2000
Temperature
1.0086067     0.0072958201

Pressure
23.355522     0.086701569 

CM Mom
-4.0720543e-17 1.7969669e-17 
2.9344082e-17  1.346794e-17  
4.5366256e-18  2.8540565e-17 
5.8811457e-17  1.9997237e-17 

CM Pos
7.500254       0.018466637   
7.5045009      0.019689574   
7.5030097      0.010383336   
12.994888      0.015238938   

Stress
20.3102      -0.0169811   -0.0574148    0.105143     0.0499998    0.0528811   
-0.0169811   20.3784      0.0502989     0.0499998    0.079958     0.0653145   
-0.0574148   0.0502989    20.322        0.0528811    0.0653145    0.103596    

Stress Spherical
0            0            0             0            0            0           
0            0            0             0            0            0           
0            0            0             0            0            0           

Inertia
149.994      -56.3011     -56.3066      0.190758     0.217981     0.151142    
-56.3011     149.946      -56.3157      0.217981     0.219527     0.18195     
-56.3066     -56.3157     149.947       0.151142     0.18195      0.321265    

Bond Length
0.62028166    0.00267791  

BB bond length
0.62028166    0.00267791  

Water EE distance
0             0           

PEG EE distance
7.3946027     0.12671214  

BBB P2(x)
0.50695518    0.013595094 

BBB first bond length
0.62035977    0.0026121839

BBB second bond length
0.62015773    0.0023877832

BBB <phi**2>/<phi>**2
1.2243539     0.01053617  

