Time = 1000
Temperature
   1.0566765   0.071987388

Pressure
   23.651501    0.39368256

CM Mom
-4.0627176e-17 2.7988583e-17 
4.3115271e-17  2.9214349e-17 
-4.0065698e-18 1.8399356e-16 
1.7265776e-16  9.5944309e-17 

CM Pos
7.4999221      0.031594053   
7.5042389      0.015165303   
7.4952759      0.029556368   
12.990097      0.032602129   

Stress
20.5105      -0.0132041   0.0396023     0.175947     0.0889397    0.0548263   
-0.0132041   20.4836      -0.0114559    0.0889397    0.28312      0.0547743   
0.0396023    -0.0114559   20.4606       0.0548263    0.0547743    0.246978    

Stress Spherical
0            0            0             0            0            0           
0            0            0             0            0            0           
0            0            0             0            0            0           

Inertia
150.036      -56.2966     -56.2165      1.1174       0.222812     0.484883    
-56.2966     149.963      -56.2193      0.222812     1.62754      0.21799     
-56.2165     -56.2193     150.105       0.484883     0.21799      1.16526     

Bond Length
0.61961235    0.004887417 

BB bond length
0.61961235    0.004887417 

Water EE distance
0             0           

PEG EE distance
7.3042308     0.14869262  

BBB P2(x)
0.46984288    0.06010722  

BBB first bond length
0.61937391    0.0049060422

BBB second bond length
0.61981143    0.0050303756

BBB <phi**2>/<phi>**2
1.2191863     0.011844061 

Time = 2000
Temperature
1.0080646     0.0032749148

Pressure
23.406181     0.063852482 

CM Mom
-1.6607104e-17 1.9959392e-17 
4.6346926e-17  1.1809629e-17 
-2.8886216e-18 4.7476836e-17 
7.0569654e-17  1.5620376e-17 

CM Pos
7.4990323      0.015687869   
7.5032007      0.016743191   
7.4899367      0.013915805   
12.98588       0.017378424   

Stress
20.4367      -0.0211463   -0.0520608    0.110232     0.0739884    0.0994572   
-0.0211463   20.3529      -0.0316346    0.0739884    0.103907     0.0657371   
-0.0520608   -0.0316346   20.3662       0.0994572    0.0657371    0.0821957   

Stress Spherical
0            0            0             0            0            0           
0            0            0             0            0            0           
0            0            0             0            0            0           

Inertia
149.79       -56.2762     -56.1634      0.590676     0.202391     0.150799    
-56.2762     149.72       -56.2261      0.202391     0.486874     0.203935    
-56.1634     -56.2261     149.936       0.150799     0.203935     0.568367    

Bond Length
0.61870497    0.002263628 

BB bond length
0.61870497    0.002263628 

Water EE distance
0             0           

PEG EE distance
7.3675678     0.25127536  

BBB P2(x)
0.5010799     0.012134018 

BBB first bond length
0.61843364    0.0023686634

BBB second bond length
0.61868008    0.0021883569

BBB <phi**2>/<phi>**2
1.2250982     0.0075610351

Time = 3000
Temperature
1.0077829     0.0075933747

Pressure
23.3382       0.12605092  

CM Mom
-2.614359e-17  1.4784021e-17 
4.7369443e-17  8.9321016e-18 
2.3199671e-17  1.4905253e-17 
6.2485934e-17  9.0332936e-18 

CM Pos
7.4956212      0.011522399   
7.4941539      0.019565585   
7.4973522      0.010106817   
12.982968      0.011154195   

Stress
20.3259      0.0474496    -0.0192426    0.199747     0.0766837    0.053284    
0.0474496    20.3172      0.00522442    0.0766837    0.121088     0.0801935   
-0.0192426   0.00522442   20.3113       0.053284     0.0801935    0.126852    

Stress Spherical
0            0            0             0            0            0           
0            0            0             0            0            0           
0            0            0             0            0            0           

Inertia
149.825      -56.1689     -56.1852      0.40245      0.146039     0.0956215   
-56.1689     149.833      -56.1748      0.146039     0.16263      0.195053    
-56.1852     -56.1748     149.783       0.0956215    0.195053     0.220406    

Bond Length
0.61886329    0.0022152458

BB bond length
0.61886329    0.0022152458

Water EE distance
0             0           

PEG EE distance
7.1750994     0.190421    

BBB P2(x)
0.51179364    0.011638802 

BBB first bond length
0.61900838    0.0023714263

BBB second bond length
0.61897229    0.0020732948

BBB <phi**2>/<phi>**2
1.2258559     0.0067241121

Time = 4000
Temperature
1.0079516     0.0088292594

Pressure
23.418854     0.062919683 

CM Mom
-2.2932516e-17 1.4522986e-17 
3.170184e-17   2.3104141e-17 
1.3501822e-17  1.4185974e-17 
4.8088367e-17  1.8619223e-17 

CM Pos
7.4978458      0.01145059    
7.5036457      0.013686303   
7.4997251      0.016216654   
12.991102      0.010927314   

Stress
20.4156      -0.0153526   -0.0192662    0.0917699    0.0706444    0.0910879   
-0.0153526   20.4313      0.0213035     0.0706444    0.127275     0.0715085   
-0.0192662   0.0213035    20.348        0.0910879    0.0715085    0.0847223   

Stress Spherical
0            0            0             0            0            0           
0            0            0             0            0            0           
0            0            0             0            0            0           

Inertia
150.019      -56.2406     -56.2236      0.423898     0.114738     0.118081    
-56.2406     149.919      -56.2433      0.114738     0.283956     0.192408    
-56.2236     -56.2433     149.995       0.118081     0.192408     0.195045    

Bond Length
0.61785993    0.0023699961

BB bond length
0.61785993    0.0023699961

Water EE distance
0             0           

PEG EE distance
7.3898364     0.13491223  

BBB P2(x)
0.51867494    0.014278093 

BBB first bond length
0.61786903    0.0022033733

BBB second bond length
0.61803602    0.0024940595

BBB <phi**2>/<phi>**2
1.2257278     0.0094412669

Time = 5000
Temperature
1.0144351     0.010045153 

Pressure
23.433138     0.053304935 

CM Mom
5.3900263e-18  1.9792766e-17 
8.1004211e-17  1.7288325e-17 
1.975849e-17   1.1799135e-17 
8.7089775e-17  1.5045366e-17 

CM Pos
7.5009603      0.0091231302  
7.5043872      0.010254811   
7.4927546      0.014151689   
12.989298      0.011554361   

Stress
20.3577      0.00518321   -0.0018485    0.105882     0.0710584    0.0541206   
0.00518321   20.3667      0.0195874     0.0710584    0.0929445    0.0817334   
-0.0018485   0.0195874    20.4551       0.0541206    0.0817334    0.110324    

Stress Spherical
0            0            0             0            0            0           
0            0            0             0            0            0           
0            0            0             0            0            0           

Inertia
149.947      -56.3179     -56.1987      0.276788     0.114164     0.139251    
-56.3179     149.869      -56.2524      0.114164     0.295271     0.138568    
-56.1987     -56.2524     150.063       0.139251     0.138568     0.215035    

Bond Length
0.61909704    0.0036760917

BB bond length
0.61909704    0.0036760917

Water EE distance
0             0           

PEG EE distance
7.8471348     0.15661413  

BBB P2(x)
0.51648485    0.013770039 

BBB first bond length
0.61933672    0.0037569108

BBB second bond length
0.61902936    0.00390978  

BBB <phi**2>/<phi>**2
1.2311331     0.0086805385

Time = 6000
Temperature
1.0110011     0.0081453595

Pressure
23.420431     0.078791306 

CM Mom
-6.4445131e-18 1.9443284e-17 
5.9416938e-17  1.7395295e-17 
4.1632815e-17  1.9103312e-17 
7.7830169e-17  1.7124086e-17 

CM Pos
7.5006637      0.011842475   
7.5006795      0.011407288   
7.5012082      0.012244276   
12.991866      0.010685846   

Stress
20.353       -0.0115117   -0.0153633    0.111157     0.0472795    0.066569    
-0.0115117   20.4416      -0.00224752   0.0472795    0.104527     0.07315     
-0.0153633   -0.00224752  20.3777       0.066569     0.07315      0.0973603   

Stress Spherical
0            0            0             0            0            0           
0            0            0             0            0            0           
0            0            0             0            0            0           

Inertia
150.01       -56.2903     -56.2478      0.209099     0.113469     0.154769    
-56.2903     150          -56.289       0.113469     0.291876     0.10708     
-56.2478     -56.289      150.019       0.154769     0.10708      0.266695    

Bond Length
0.61921378    0.0022824646

BB bond length
0.61921378    0.0022824646

Water EE distance
0             0           

PEG EE distance
7.3638577     0.15173611  

BBB P2(x)
0.5201966     0.010173714 

BBB first bond length
0.61889699    0.0024444051

BBB second bond length
0.61930693    0.0022588672

BBB <phi**2>/<phi>**2
1.2269182     0.012826727 

Time = 7000
Temperature
1.0095572     0.0090674121

Pressure
23.357494     0.077848391 

CM Mom
-1.9652355e-17 1.2875649e-17 
7.8055215e-17  3.404113e-17  
1.9742024e-17  1.4592712e-17 
8.5518169e-17  3.3056772e-17 

CM Pos
7.4969559      0.012049615   
7.4981582      0.014852417   
7.4991319      0.010119867   
12.987071      0.013121113   

Stress
20.3187      -0.021952    0.0351012     0.117018     0.0510124    0.0729522   
-0.021952    20.3792      -0.00140316   0.0510124    0.0778099    0.10166     
0.0351012    -0.00140316  20.2985       0.0729522    0.10166      0.136965    

Stress Spherical
0            0            0             0            0            0           
0            0            0             0            0            0           
0            0            0             0            0            0           

Inertia
149.925      -56.2108     -56.1933      0.273106     0.145392     0.173161    
-56.2108     149.907      -56.2489      0.145392     0.187009     0.167496    
-56.1933     -56.2489     149.912       0.173161     0.167496     0.269317    

Bond Length
0.6194913     0.0028927941

BB bond length
0.6194913     0.0028927941

Water EE distance
0             0           

PEG EE distance
7.3001687     0.30779553  

BBB P2(x)
0.51566463    0.010994758 

BBB first bond length
0.61937813    0.0027953238

BBB second bond length
0.61957653    0.0030656642

BBB <phi**2>/<phi>**2
1.2298847     0.010972894 

Time = 8000
Temperature
1.0147781     0.0098626745

Pressure
23.358663     0.09359235  

CM Mom
-2.1585627e-17 2.8657444e-17 
7.6002842e-17  1.6711137e-17 
-2.3016216e-18 1.0070411e-17 
8.4562318e-17  1.7286052e-17 

CM Pos
7.5012569      0.016126886   
7.5039423      0.013560367   
7.4973522      0.0076260392  
12.991868      0.012680338   

Stress
20.2789      -0.0135686   0.0481614     0.152134     0.0761887    0.0586369   
-0.0135686   20.3345      -0.00648252   0.0761887    0.0916716    0.0437245   
0.0481614    -0.00648252  20.3395       0.0586369    0.0437245    0.0802512   

Stress Spherical
0            0            0             0            0            0           
0            0            0             0            0            0           
0            0            0             0            0            0           

Inertia
149.991      -56.2719     -56.2518      0.216284     0.13396      0.152037    
-56.2719     149.946      -56.2547      0.13396      0.294338     0.108355    
-56.2518     -56.2547     150.054       0.152037     0.108355     0.254157    

Bond Length
0.61996982    0.0036877404

BB bond length
0.61996982    0.0036877404

Water EE distance
0             0           

PEG EE distance
7.2174161     0.18941612  

BBB P2(x)
0.504413      0.013986006 

BBB first bond length
0.6199506     0.0037494246

BBB second bond length
0.62000043    0.0036723125

BBB <phi**2>/<phi>**2
1.2273093     0.0061722468

Time = 9000
Temperature
1.0089288     0.0095132541

Pressure
23.344828     0.063529021 

CM Mom
-2.9394593e-17 1.5519873e-17 
6.2061182e-17  2.4696097e-17 
1.4109404e-17  2.0654821e-17 
7.4969148e-17  2.3910662e-17 

CM Pos
7.5018502      0.011058741   
7.5051287      0.020548195   
7.4995768      0.01456832    
12.994186      0.015671023   

Stress
20.3684      -0.0392021   -0.000270643  0.0631528    0.0815758    0.0702553   
-0.0392021   20.3181      -0.0280235    0.0815758    0.157917     0.0969872   
-0.000270643 -0.0280235   20.2775       0.0702553    0.0969872    0.0756013   

Stress Spherical
0            0            0             0            0            0           
0            0            0             0            0            0           
0            0            0             0            0            0           

Inertia
150.056      -56.3335     -56.2417      0.47257      0.168494     0.0885811   
-56.3335     150.004      -56.2989      0.168494     0.257547     0.237906    
-56.2417     -56.2989     150.106       0.0885811    0.237906     0.396097    

Bond Length
0.61907099    0.002986042 

BB bond length
0.61907099    0.002986042 

Water EE distance
0             0           

PEG EE distance
7.1351218     0.26024818  

BBB P2(x)
0.51036123    0.015858829 

BBB first bond length
0.61905943    0.0030790672

BBB second bond length
0.61902797    0.0029555024

BBB <phi**2>/<phi>**2
1.2313921     0.010497464 

Time = 10000
Temperature
1.0119042     0.0083249323

Pressure
23.404413     0.088494988 

CM Mom
-4.3919343e-18 2.5673395e-17 
6.4104567e-17  1.1220219e-17 
1.9061582e-17  1.2153811e-17 
7.2471383e-17  1.3139969e-17 

CM Pos
7.4954729      0.013348659   
7.5021626      0.011786622   
7.502543       0.0087853687  
12.990495      0.01178048    

Stress
20.3833      -0.0107598   -0.034715     0.118503     0.0769168    0.098099    
-0.0107598   20.4207      0.0538651     0.0769168    0.0996927    0.0492005   
-0.034715    0.0538651    20.3119       0.098099     0.0492005    0.123584    

Stress Spherical
0            0            0             0            0            0           
0            0            0             0            0            0           
0            0            0             0            0            0           

Inertia
150.055      -56.2764     -56.2156      0.296598     0.162168     0.108013    
-56.2764     149.959      -56.2652      0.162168     0.262955     0.160124    
-56.2156     -56.2652     149.96        0.108013     0.160124     0.257135    

Bond Length
0.62009465    0.0032240068

BB bond length
0.62009465    0.0032240068

Water EE distance
0             0           

PEG EE distance
7.4831454     0.24625972  

BBB P2(x)
0.5204997     0.011772329 

BBB first bond length
0.62018674    0.0033503313

BBB second bond length
0.61983725    0.0035391525

BBB <phi**2>/<phi>**2
1.2210874     0.0099836363

Time = 11000
Temperature
1.0109962     0.0089944487

Pressure
23.356002     0.086294451 

CM Mom
-2.8952079e-18 1.6602015e-17 
9.8969456e-17  2.1666065e-17 
6.1433292e-18  1.1911376e-17 
1.0163186e-16  1.9974154e-17 

CM Pos
7.4999221      0.018900561   
7.5024592      0.019484475   
7.5028396      0.011158733   
12.993425      0.0096209793  

Stress
20.3288      -0.0276615   -0.019106     0.118693     0.0832242    0.106147    
-0.0276615   20.3596      0.0497985     0.0832242    0.153327     0.0656307   
-0.019106    0.0497985    20.2905       0.106147     0.0656307    0.13256     

Stress Spherical
0            0            0             0            0            0           
0            0            0             0            0            0           
0            0            0             0            0            0           

Inertia
150.096      -56.292      -56.2755      0.276539     0.123149     0.161586    
-56.292      150.057      -56.2709      0.123149     0.359073     0.205787    
-56.2755     -56.2709     150.034       0.161586     0.205787     0.260521    

Bond Length
0.61987941    0.0019636731

BB bond length
0.61987941    0.0019636731

Water EE distance
0             0           

PEG EE distance
7.5598355     0.14086374  

BBB P2(x)
0.51636349    0.0068319049

BBB first bond length
0.61970638    0.0019751122

BBB second bond length
0.61999649    0.0018966762

BBB <phi**2>/<phi>**2
1.2275706     0.010683583 

Time = 12000
Temperature
1.0116111     0.0056522527

Pressure
23.377843     0.054538339 

CM Mom
1.3780915e-17  1.6034882e-17 
1.3770761e-16  1.7259074e-17 
-1.4290801e-17 1.9015635e-17 
1.4130388e-16  1.7530732e-17 

CM Pos
7.4904303      0.011099441   
7.5012727      0.011786622   
7.5028396      0.010276238   
12.987247      0.0053089346  

Stress
20.3805      -0.0106913   -0.00457851   0.106569     0.0795025    0.0684392   
-0.0106913   20.3295      -0.00643773   0.0795025    0.0796597    0.071424    
-0.00457851  -0.00643773  20.3289       0.0684392    0.071424     0.1136      

Stress Spherical
0            0            0             0            0            0           
0            0            0             0            0            0           
0            0            0             0            0            0           

Inertia
150.059      -56.1667     -56.2245      0.219751     0.0860992    0.108972    
-56.1667     149.891      -56.2582      0.0860992    0.200648     0.154933    
-56.2245     -56.2582     149.876       0.108972     0.154933     0.101749    

Bond Length
0.62044441    0.0018996592

BB bond length
0.62044441    0.0018996592

Water EE distance
0             0           

PEG EE distance
6.9984287     0.17180317  

BBB P2(x)
0.51329321    0.010673087 

BBB first bond length
0.62030102    0.001987698 

BBB second bond length
0.6204178     0.0021775615

BBB <phi**2>/<phi>**2
1.2270814     0.010066255 

Time = 13000
Temperature
1.0094029     0.0043303539

Pressure
23.332265     0.056532754 

CM Mom
1.3216418e-18  1.3329652e-17 
1.3103827e-16  7.9032462e-18 
-3.8082274e-17 2.0978456e-17 
1.3857297e-16  1.0040095e-17 

CM Pos
7.5003671      0.012085158   
7.5079466      0.010361502   
7.5004667      0.011334749   
12.995463      0.0097377248  

Stress
20.3253      -0.0279364   -0.0474929    0.113712     0.0535864    0.0459608   
-0.0279364   20.3292      0.00661493    0.0535864    0.0940033    0.0722069   
-0.0474929   0.00661493   20.2675       0.0459608    0.0722069    0.04837     

Stress Spherical
0            0            0             0            0            0           
0            0            0             0            0            0           
0            0            0             0            0            0           

Inertia
150.136      -56.3241     -56.2869      0.187385     0.135138     0.14367     
-56.3241     150.015      -56.3386      0.135138     0.279959     0.138083    
-56.2869     -56.3386     150.128       0.14367      0.138083     0.202824    

Bond Length
0.61942461    0.0024916194

BB bond length
0.61942461    0.0024916194

Water EE distance
0             0           

PEG EE distance
6.8516827     0.26481134  

BBB P2(x)
0.51558325    0.01256854  

BBB first bond length
0.61964101    0.0027233633

BBB second bond length
0.61955683    0.0024906218

BBB <phi**2>/<phi>**2
1.2263649     0.011005125 

Time = 14000
Temperature
1.0085879     0.0052962963

Pressure
23.402221     0.071435455 

CM Mom
-2.1740095e-17 1.6204875e-17 
1.182643e-16   8.8349534e-18 
-1.5896475e-17 1.8782064e-17 
1.2375961e-16  9.4209392e-18 

CM Pos
7.4972526      0.020001968   
7.5086882      0.01046185    
7.5022464      0.010785868   
12.995126      0.014702553   

Stress
20.3878      -0.0135546   -0.00947705   0.124127     0.0635964    0.0488625   
-0.0135546   20.3317      0.00730787    0.0635964    0.0673049    0.0548165   
-0.00947705  0.00730787   20.4197       0.0488625    0.0548165    0.113618    

Stress Spherical
0            0            0             0            0            0           
0            0            0             0            0            0           
0            0            0             0            0            0           

Inertia
150.143      -56.2744     -56.2885      0.200652     0.180307     0.188091    
-56.2744     149.974      -56.3344      0.180307     0.36902      0.0836356   
-56.2885     -56.3344     150.095       0.188091     0.0836356    0.320895    

Bond Length
0.61841713    0.001365149 

BB bond length
0.61841713    0.001365149 

Water EE distance
0             0           

PEG EE distance
6.8145764     0.34336772  

BBB P2(x)
0.51125315    0.0093299551

BBB first bond length
0.61856211    0.0011078643

BBB second bond length
0.61854045    0.0014927287

BBB <phi**2>/<phi>**2
1.2285101     0.011313809 

Time = 15000
Temperature
1.0172308     0.0069104217

Pressure
23.335141     0.093822424 

CM Mom
-6.3042945e-17 1.8971484e-17 
1.1328249e-16  1.469572e-17  
-1.519449e-17  1.7917611e-17 
1.3254833e-16  1.9132946e-17 

CM Pos
7.4978458      0.009681086   
7.5107645      0.013465959   
7.4946826      0.010954826   
12.9923        0.009244083   

Stress
20.3122      -0.0161564   -0.0101317    0.0925383    0.0654463    0.10704     
-0.0161564   20.2682      0.0132952     0.0654463    0.111746     0.0748495   
-0.0101317   0.0132952    20.2799       0.10704      0.0748495    0.104693    

Stress Spherical
0            0            0             0            0            0           
0            0            0             0            0            0           
0            0            0             0            0            0           

Inertia
150.089      -56.3072     -56.1995      0.246251     0.0864664    0.0862446   
-56.3072     149.892      -56.2574      0.0864664    0.263223     0.127286    
-56.1995     -56.2574     150.133       0.0862446    0.127286     0.216371    

Bond Length
0.619167      0.0024343587

BB bond length
0.619167      0.0024343587

Water EE distance
0             0           

PEG EE distance
7.1804776     0.19227844  

BBB P2(x)
0.50767766    0.012830366 

BBB first bond length
0.61952593    0.002449267 

BBB second bond length
0.61908111    0.0023564068

BBB <phi**2>/<phi>**2
1.2212426     0.012102825 

Time = 16000
Temperature
1.0080506     0.010281    

Pressure
23.4047       0.086192475 

CM Mom
-8.0571851e-17 2.8154061e-17 
1.1398337e-16  1.5196446e-17 
-3.2847299e-17 1.556677e-17  
1.4715121e-16  1.324408e-17  

CM Pos
7.5011086      0.0091484104  
7.501421       0.012585333   
7.4977971      0.01398282    
12.99058       0.01330274    

Stress
20.357       -0.00674154  -0.0253562    0.111398     0.107719     0.0625736   
-0.00674154  20.3648      0.00773518    0.107719     0.105818     0.041703    
-0.0253562   0.00773518   20.4297       0.0625736    0.041703     0.0803454   

Stress Spherical
0            0            0             0            0            0           
0            0            0             0            0            0           
0            0            0             0            0            0           

Inertia
149.997      -56.2392     -56.234       0.297278     0.12749      0.162736    
-56.2392     149.987      -56.2279      0.12749      0.287481     0.138835    
-56.234      -56.2279     150.053       0.162736     0.138835     0.251088    

Bond Length
0.61804996    0.0039774517

BB bond length
0.61804996    0.0039774517

Water EE distance
0             0           

PEG EE distance
7.4531231     0.21301657  

BBB P2(x)
0.51960323    0.0085357011

BBB first bond length
0.61792696    0.0036821635

BBB second bond length
0.61801368    0.0040219617

BBB <phi**2>/<phi>**2
1.2314231     0.011420093 

Time = 17000
Temperature
1.0150151     0.0094465123

Pressure
23.371483     0.063535226 

CM Mom
-1.8793055e-17 4.2890504e-17 
9.0226203e-17  1.0901719e-17 
-1.3112685e-17 1.4256105e-17 
1.022013e-16   1.9556636e-17 

CM Pos
7.505113       0.013909481   
7.5061669      0.012967524   
7.496759       0.0090893139  
12.995033      0.01505026    

Stress
20.3597      -0.00227773  -0.0490246    0.0531417    0.0520787    0.0500792   
-0.00227773  20.3329      0.0283999     0.0520787    0.117381     0.0541265   
-0.0490246   0.0283999    20.2966       0.0500792    0.0541265    0.109229    

Stress Spherical
0            0            0             0            0            0           
0            0            0             0            0            0           
0            0            0             0            0            0           

Inertia
150.059      -56.3121     -56.2467      0.263175     0.232795     0.106845    
-56.3121     150.058      -56.2472      0.232795     0.280551     0.125658    
-56.2467     -56.2472     150.207       0.106845     0.125658     0.400403    

Bond Length
0.62125398    0.0023774515

BB bond length
0.62125398    0.0023774515

Water EE distance
0             0           

PEG EE distance
7.3104805     0.11297244  

BBB P2(x)
0.51122655    0.010851446 

BBB first bond length
0.62125401    0.002345373 

BBB second bond length
0.62146663    0.0023245376

BBB <phi**2>/<phi>**2
1.2259419     0.0074074643

Time = 18000
Temperature
1.007097      0.011308047 

Pressure
23.344705     0.14025352  

CM Mom
-2.8484317e-17 2.1945863e-17 
7.8400171e-17  2.4013685e-17 
-2.8173528e-17 2.2841003e-17 
9.4166097e-17  2.1550555e-17 

CM Pos
7.5002188      0.015882947   
7.5082432      0.015518707   
7.4966107      0.016719527   
12.993336      0.012866016   

Stress
20.3285      0.0207508    0.00136736    0.102641     0.0689457    0.0587072   
0.0207508    20.3239      0.0156483     0.0689457    0.149179     0.0491973   
0.00136736   0.0156483    20.3277       0.0587072    0.0491973    0.156427    

Stress Spherical
0            0            0             0            0            0           
0            0            0             0            0            0           
0            0            0             0            0            0           

Inertia
150.064      -56.3162     -56.2055      0.344376     0.171613     0.165698    
-56.3162     149.95       -56.2732      0.171613     0.284692     0.183433    
-56.2055     -56.2732     150.122       0.165698     0.183433     0.334081    

Bond Length
0.61946848    0.0017077265

BB bond length
0.61946848    0.0017077265

Water EE distance
0             0           

PEG EE distance
7.3279162     0.18148511  

BBB P2(x)
0.51154685    0.010606615 

BBB first bond length
0.61927931    0.0017635003

BBB second bond length
0.61911641    0.0015239728

BBB <phi**2>/<phi>**2
1.2259445     0.0082826468

Time = 19000
Temperature
1.0068187     0.0080316702

Pressure
23.386894     0.058427209 

CM Mom
-1.2416051e-17 1.7814752e-17 
4.323547e-17   2.0867332e-17 
-4.8815949e-17 2.0847544e-17 
7.2984977e-17  1.6342741e-17 

CM Pos
7.5030366      0.0091375846  
7.5015693      0.012813097   
7.4998735      0.0092154853  
12.992978      0.0079529724  

Stress
20.372       -0.0143221   0.00925204    0.0598503    0.0574286    0.0486059   
-0.0143221   20.4014      0.0168844     0.0574286    0.10962      0.0625876   
0.00925204   0.0168844    20.3358       0.0486059    0.0625876    0.103192    

Stress Spherical
0            0            0             0            0            0           
0            0            0             0            0            0           
0            0            0             0            0            0           

Inertia
150.041      -56.324      -56.2415      0.253625     0.113553     0.136621    
-56.324      150.071      -56.2873      0.113553     0.164094     0.162985    
-56.2415     -56.2873     150.099       0.136621     0.162985     0.180929    

Bond Length
0.61921897    0.0037032648

BB bond length
0.61921897    0.0037032648

Water EE distance
0             0           

PEG EE distance
6.9132179     0.18681601  

BBB P2(x)
0.51885729    0.0096545541

BBB first bond length
0.61949347    0.0037668033

BBB second bond length
0.61926513    0.0033659271

BBB <phi**2>/<phi>**2
1.2300247     0.0081718472

Time = 20000
Temperature
1.0090143     0.010441751 

Pressure
23.366588     0.13119304  

CM Mom
-5.8611202e-17 2.9277994e-17 
3.0938658e-17  1.7633097e-17 
-7.1465668e-17 1.7636417e-17 
1.0071454e-16  2.8906185e-17 

CM Pos
7.4982907      0.0075097818  
7.5061669      0.01185083    
7.5047677      0.009026176   
12.995717      0.0076979443  

Stress
20.3258      0.0456652    -0.0122068    0.109304     0.0425192    0.0959974   
0.0456652    20.3849      0.024477      0.0425192    0.174721     0.0345925   
-0.0122068   0.024477     20.3178       0.0959974    0.0345925    0.120473    

Stress Spherical
0            0            0             0            0            0           
0            0            0             0            0            0           
0            0            0             0            0            0           

Inertia
150.157      -56.2929     -56.2538      0.201488     0.151492     0.152654    
-56.2929     150.023      -56.3482      0.151492     0.18757      0.146973    
-56.2538     -56.3482     150.058       0.152654     0.146973     0.13579     

Bond Length
0.61933519    0.0014446516

BB bond length
0.61933519    0.0014446516

Water EE distance
0             0           

PEG EE distance
7.0885178     0.15837798  

BBB P2(x)
0.51149668    0.015241589 

BBB first bond length
0.61894641    0.0016614382

BBB second bond length
0.61937212    0.0016273051

BBB <phi**2>/<phi>**2
1.2206734     0.010557827 

Time = 21000
Temperature
1.0087362     0.00698191  

Pressure
23.422067     0.081492598 

CM Mom
-3.4230687e-17 2.5878647e-17 
3.5469727e-17  1.7631074e-17 
-9.2128396e-17 1.6393217e-17 
1.079636e-16   2.2597344e-17 

CM Pos
7.50274        0.012726975   
7.510023       0.010538311   
7.5050643      0.015352696   
13.000689      0.011942513   

Stress
20.4569      0.02413      0.0245374     0.0507362    0.0358803    0.0510651   
0.02413      20.3993      -0.00619393   0.0358803    0.125889     0.0807071   
0.0245374    -0.00619393  20.3413       0.0510651    0.0807071    0.170185    

Stress Spherical
0            0            0             0            0            0           
0            0            0             0            0            0           
0            0            0             0            0            0           

Inertia
150.205      -56.3554     -56.3428      0.282273     0.161464     0.127632    
-56.3554     150.102      -56.3912      0.161464     0.286575     0.132513    
-56.3428     -56.3912     150.189       0.127632     0.132513     0.225354    

Bond Length
0.61781155    0.0031574548

BB bond length
0.61781155    0.0031574548

Water EE distance
0             0           

PEG EE distance
7.3943758     0.33987291  

BBB P2(x)
0.50196048    0.0082152606

BBB first bond length
0.61782514    0.003276321 

BBB second bond length
0.61781938    0.0031207019

BBB <phi**2>/<phi>**2
1.2266461     0.011415165 

Time = 22000
Temperature
1.0126246     0.0037923717

Pressure
23.371858     0.080781631 

CM Mom
-3.5442833e-17 2.3656645e-17 
1.4345961e-17  8.8313405e-18 
-1.012011e-16  2.6213858e-17 
1.1144176e-16  2.4681838e-17 

CM Pos
7.508969       0.012908872   
7.5080949      0.0095380276  
7.4988353      0.0082628366  
12.999574      0.0059390231  

Stress
20.2847      0.0557296    0.0193145     0.136252     0.052749     0.0371341   
0.0557296    20.3765      0.0164951     0.052749     0.141988     0.0743718   
0.0193145    0.0164951    20.3506       0.0371341    0.0743718    0.133721    

Stress Spherical
0            0            0             0            0            0           
0            0            0             0            0            0           
0            0            0             0            0            0           

Inertia
150.093      -56.3915     -56.3289      0.179715     0.0818637    0.133567    
-56.3915     150.112      -56.3222      0.0818637    0.159537     0.123665    
-56.3289     -56.3222     150.24        0.133567     0.123665     0.164321    

Bond Length
0.62045296    0.0020580332

BB bond length
0.62045296    0.0020580332

Water EE distance
0             0           

PEG EE distance
7.4586923     0.22570467  

BBB P2(x)
0.51562422    0.00772108  

BBB first bond length
0.62060029    0.0022391568

BBB second bond length
0.62055227    0.0024565449

BBB <phi**2>/<phi>**2
1.2264336     0.010638778 

Time = 23000
Temperature
1.0087222     0.0069184253

Pressure
23.417636     0.079158099 

CM Mom
-3.7372057e-17 2.2560828e-17 
2.0934137e-17  1.5418338e-17 
-9.090788e-17  1.2963572e-17 
1.0351607e-16  1.7272659e-17 

CM Pos
7.4975492      0.0094371791  
7.5009761      0.010817431   
7.5041744      0.0093045603  
12.991947      0.011645489   

Stress
20.3791      -0.0288104   0.0378505     0.0891769    0.0573883    0.0716224   
-0.0288104   20.3936      -0.0372265    0.0573883    0.138684     0.0712389   
0.0378505    -0.0372265   20.4116       0.0716224    0.0712389    0.135837    

Stress Spherical
0            0            0             0            0            0           
0            0            0             0            0            0           
0            0            0             0            0            0           

Inertia
150.078      -56.2466     -56.2934      0.253214     0.140692     0.0945721   
-56.2466     150.035      -56.2954      0.140692     0.212556     0.135156    
-56.2934     -56.2954     149.982       0.0945721    0.135156     0.281667    

Bond Length
0.61880167    0.0020354455

BB bond length
0.61880167    0.0020354455

Water EE distance
0             0           

PEG EE distance
7.6692212     0.19598992  

BBB P2(x)
0.50881053    0.015904401 

BBB first bond length
0.61874542    0.0021068022

BBB second bond length
0.61875754    0.0019734658

BBB <phi**2>/<phi>**2
1.2255489     0.01167081  

Time = 24000
Temperature
1.0127159     0.012111479 

Pressure
23.430536     0.078780521 

CM Mom
-1.7811977e-17 2.5509619e-17 
1.6666518e-17  1.9925383e-17 
-1.0043901e-16 1.3106076e-17 
1.0855333e-16  1.0896816e-17 

CM Pos
7.4971043      0.0069182739  
7.503349       0.010428157   
7.5022464      0.0096901698  
12.991948      0.0068858215  

Stress
20.3719      0.0192447    0.01179       0.161751     0.057187     0.0808772   
0.0192447    20.4394      0.0353725     0.057187     0.141748     0.0598226   
0.01179      0.0353725    20.3757       0.0808772    0.0598226    0.0950109   

Stress Spherical
0            0            0             0            0            0           
0            0            0             0            0            0           
0            0            0             0            0            0           

Inertia
150.085      -56.2791     -56.2422      0.215434     0.14709      0.128912    
-56.2791     149.986      -56.2996      0.14709      0.163672     0.115041    
-56.2422     -56.2996     150.011       0.128912     0.115041     0.165584    

Bond Length
0.61815621    0.0031226219

BB bond length
0.61815621    0.0031226219

Water EE distance
0             0           

PEG EE distance
7.3906056     0.10605457  

BBB P2(x)
0.50266374    0.014899962 

BBB first bond length
0.6179468     0.0032741442

BBB second bond length
0.61834213    0.0031848811

BBB <phi**2>/<phi>**2
1.2256594     0.010414637 

Time = 25000
Temperature
1.0082315     0.0057852381

Pressure
23.37039      0.060032544 

CM Mom
-2.0296642e-17 1.7909293e-17 
7.9987321e-18  1.7387882e-17 
-1.1349606e-16 1.5836556e-17 
1.1811004e-16  1.6768598e-17 

CM Pos
7.5003671      0.013865133   
7.5003829      0.013708784   
7.4923097      0.012208295   
12.986392      0.010411613   

Stress
20.3151      0.0199166    -0.023516     0.0737183    0.0942684    0.0578578   
0.0199166    20.3773      -0.00111896   0.0942684    0.0734052    0.0604883   
-0.023516    -0.00111896  20.3546       0.0578578    0.0604883    0.0806972   

Stress Spherical
0            0            0             0            0            0           
0            0            0             0            0            0           
0            0            0             0            0            0           

Inertia
149.871      -56.2577     -56.2134      0.273648     0.0869578    0.200409    
-56.2577     149.9        -56.1906      0.0869578    0.30463      0.172512    
-56.2134     -56.1906     149.987       0.200409     0.172512     0.19886     

Bond Length
0.6196891     0.002920293 

BB bond length
0.6196891     0.002920293 

Water EE distance
0             0           

PEG EE distance
7.0563203     0.13861856  

BBB P2(x)
0.50965148    0.0092917328

BBB first bond length
0.61974037    0.0027417432

BBB second bond length
0.61969932    0.0027387319

BBB <phi**2>/<phi>**2
1.2300885     0.013237961 

Time = 26000
Temperature
1.0109155     0.0087988345

Pressure
23.413876     0.086844267 

CM Mom
-2.0384733e-17 2.2250336e-17 
2.6357917e-17  2.2673844e-17 
-1.0771298e-16 9.1262468e-18 
1.171541e-16   8.930218e-18  

CM Pos
7.5074859      0.013094961   
7.5020143      0.011716433   
7.4980937      0.010391179   
12.99478       0.0095948173  

Stress
20.383       0.0168705    -0.0174695    0.0927634    0.0719169    0.033754    
0.0168705    20.3534      -0.0909849    0.0719169    0.0909413    0.0588144   
-0.0174695   -0.0909849   20.4169       0.033754     0.0588144    0.186962    

Stress Spherical
0            0            0             0            0            0           
0            0            0             0            0            0           
0            0            0             0            0            0           

Inertia
149.954      -56.3542     -56.2523      0.170045     0.105929     0.164342    
-56.3542     150.067      -56.2264      0.105929     0.268856     0.10611     
-56.2523     -56.2264     150.132       0.164342     0.10611      0.258005    

Bond Length
0.61972677    0.0034203396

BB bond length
0.61972677    0.0034203396

Water EE distance
0             0           

PEG EE distance
6.9843271     0.13896441  

BBB P2(x)
0.51449127    0.0090990594

BBB first bond length
0.61968834    0.0033368511

BBB second bond length
0.61979341    0.0036402826

BBB <phi**2>/<phi>**2
1.2238029     0.0097053201

Time = 27000
Temperature
1.0083248     0.0079557478

Pressure
23.38604      0.06028502  

CM Mom
1.4628346e-18  2.8149679e-17 
2.8381544e-17  1.7538032e-17 
-1.0673136e-16 9.4880116e-18 
1.154384e-16   7.9511296e-18 

CM Pos
7.4953245      0.0090989885  
7.4972684      0.016100268   
7.4975005      0.014318567   
12.984679      0.0096276016  

Stress
20.3586      0.0357766    -0.00918605   0.0673319    0.0958848    0.0597697   
0.0357766    20.4151      -0.0149003    0.0958848    0.0908164    0.0316346   
-0.00918605  -0.0149003   20.3193       0.0597697    0.0316346    0.0971202   

Stress Spherical
0            0            0             0            0            0           
0            0            0             0            0            0           
0            0            0             0            0            0           

Inertia
149.909      -56.1764     -56.1699      0.264683     0.111661     0.156401    
-56.1764     149.898      -56.2347      0.111661     0.290168     0.140781    
-56.1699     -56.2347     149.884       0.156401     0.140781     0.200389    

Bond Length
0.61904672    0.0023458797

BB bond length
0.61904672    0.0023458797

Water EE distance
0             0           

PEG EE distance
6.8928702     0.15742225  

BBB P2(x)
0.51293235    0.010780114 

BBB first bond length
0.61924661    0.0023894536

BBB second bond length
0.6192122     0.0023444806

BBB <phi**2>/<phi>**2
1.2261091     0.012546758 

Time = 28000
Temperature
1.0056901     0.0082715138

Pressure
23.406666     0.10411728  

CM Mom
-2.707774e-18  1.8626872e-17 
3.5002789e-17  1.9569674e-17 
-1.1617124e-16 1.2018412e-17 
1.2431103e-16  1.2224085e-17 

CM Pos
7.4997738      0.015472574   
7.4980099      0.018368809   
7.506844       0.015779438   
12.993083      0.008759047   

Stress
20.3697      0.00441618   0.0370936     0.142576     0.0794545    0.0704165   
0.00441618   20.3818      -0.00210935   0.0794545    0.113662     0.0596042   
0.0370936    -0.00210935  20.4271       0.0704165    0.0596042    0.155553    

Stress Spherical
0            0            0             0            0            0           
