Time = 1000
Temperature
   1.1321013     0.1931883

Pressure
   23.848472     0.8754984

CM Mom
1.6402767e-18  1.4329325e-17 
-1.1766785e-18 1.7285923e-17 
9.2479198e-17  3.4088845e-16 
2.1870647e-16  2.782679e-16  

CM Pos
7.4979583      0.023596522   
7.504362       0.029253802   
7.4956671      0.0088016674  
12.989251      0.026469715   

Stress
20.4549      -0.0468329   0.0119232     0.329748     0.0510715    0.0869164   
-0.0468329   20.4352      -0.0244452    0.0510715    0.319175     0.0888369   
0.0119232    -0.0244452   20.4674       0.0869164    0.0888369    0.31637     

Stress Spherical
0            0            0             0            0            0           
0            0            0             0            0            0           
0            0            0             0            0            0           

Inertia
150.126      -56.2442     -56.1803      1.68809      0.312065     0.204016    
-56.2442     150.044      -56.2107      0.312065     1.65504      0.186974    
-56.1803     -56.2107     150.169       0.204016     0.186974     1.99121     

Bond Length
0.61901254    0.0083185995

BB bond length
0.61901254    0.0083185995

Water EE distance
0             0           

PEG EE distance
6.5690581     0.11088495  

BBB P2(x)
0.47282925    0.063591448 

BBB first bond length
0.61866504    0.0081586211

BBB second bond length
0.61890743    0.0084208926

BBB <phi**2>/<phi>**2
1.2221281     0.017205059 

Time = 2000
Temperature
1.0078847     0.010574204 

Pressure
23.158637     0.090493619 

CM Mom
-2.0141298e-17 1.6995856e-17 
2.6466356e-17  2.3700601e-17 
2.0685361e-17  3.1435443e-17 
5.3134113e-17  2.3442585e-17 

CM Pos
7.497662       0.015774988   
7.499769       0.011727344   
7.4999638      0.014102731   
12.988896      0.0094617371  

Stress
20.1339      -0.0428051   0.0177001     0.0945737    0.0826381    0.0688455   
-0.0428051   20.1252      0.0328398     0.0826381    0.110619     0.071611    
0.0177001    0.0328398    20.1467       0.0688455    0.071611     0.145425    

Stress Spherical
0            0            0             0            0            0           
0            0            0             0            0            0           
0            0            0             0            0            0           

Inertia
149.872      -56.2445     -56.2131      0.291569     0.149945     0.170811    
-56.2445     149.855      -56.216       0.149945     0.42986      0.157148    
-56.2131     -56.216      149.837       0.170811     0.157148     0.409219    

Bond Length
0.61887702    0.0017720933

BB bond length
0.61887702    0.0017720933

Water EE distance
0             0           

PEG EE distance
6.5649821     0.11044265  

BBB P2(x)
0.51319122    0.01204887  

BBB first bond length
0.61887172    0.0018814565

BBB second bond length
0.61892479    0.001827133 

BBB <phi**2>/<phi>**2
1.2251276     0.0069255838

Time = 3000
Temperature
1.010334      0.010022663 

Pressure
23.246081     0.082572452 

CM Mom
-4.0645304e-17 2.9756184e-17 
5.6562266e-17  2.1362215e-17 
2.8488669e-17  1.9723829e-17 
8.4454563e-17  1.6160626e-17 

CM Pos
7.4992918      0.015139453   
7.5062882      0.011175246   
7.5048532      0.012450082   
12.996418      0.013513682   

Stress
20.2506      -0.03694     -0.000937246  0.0820438    0.0699371    0.0652047   
-0.03694     20.1934      0.0101235     0.0699371    0.114571     0.0811273   
-0.000937246 0.0101235    20.2022       0.0652047    0.0811273    0.0987966   

Stress Spherical
0            0            0             0            0            0           
0            0            0             0            0            0           
0            0            0             0            0            0           

Inertia
150.115      -56.2448     -56.2622      0.311924     0.197566     0.13848     
-56.2448     150.022      -56.3322      0.197566     0.281658     0.155202    
-56.2622     -56.3322     150.036       0.13848      0.155202     0.307187    

Bond Length
0.6181811     0.0024042779

BB bond length
0.6181811     0.0024042779

Water EE distance
0             0           

PEG EE distance
6.914159      0.12723046  

BBB P2(x)
0.51832357    0.0099509805

BBB first bond length
0.61821782    0.0023792548

BBB second bond length
0.61817323    0.0024896776

BBB <phi**2>/<phi>**2
1.2286919     0.0088820835

Time = 4000
Temperature
1.0100294     0.0088967084

Pressure
23.16011      0.078141673 

CM Mom
-1.1215731e-17 1.968779e-17  
8.4730995e-17  2.2061173e-17 
4.0316677e-17  1.3190279e-17 
9.7372491e-17  2.2303688e-17 

CM Pos
7.4944024      0.013851437   
7.4904347      0.011083527   
7.5058903      0.0088153742  
12.985044      0.010197722   

Stress
20.1458      -0.0768613   -0.00705013   0.0892555    0.0440968    0.058921    
-0.0768613   20.1373      0.00339121    0.0440968    0.101309     0.0573654   
-0.00705013  0.00339121   20.1079       0.058921     0.0573654    0.108509    

Stress Spherical
0            0            0             0            0            0           
0            0            0             0            0            0           
0            0            0             0            0            0           

Inertia
149.902      -56.1263     -56.2589      0.266781     0.0959364    0.0758435   
-56.1263     149.954      -56.1985      0.0959364    0.204115     0.119583    
-56.2589     -56.1985     149.734       0.0758435    0.119583     0.20129     

Bond Length
0.6186559     0.0020769796

BB bond length
0.6186559     0.0020769796

Water EE distance
0             0           

PEG EE distance
6.739605      0.10903973  

BBB P2(x)
0.51544733    0.0098089055

BBB first bond length
0.61880344    0.0021506222

BBB second bond length
0.61870773    0.0019939988

BBB <phi**2>/<phi>**2
1.228478      0.0094338763

Time = 5000
Temperature
1.0122649     0.010515232 

Pressure
23.192737     0.078381244 

CM Mom
-1.1887277e-17 1.2777921e-17 
8.683487e-17   1.8934978e-17 
4.5792313e-17  2.8170722e-17 
1.0256827e-16  2.395173e-17  

CM Pos
7.4979583      0.013679205   
7.5011025      0.012435086   
7.4962597      0.013950138   
12.987694      0.013374262   

Stress
20.1618      -0.00990245  0.0203477     0.0967866    0.0618595    0.0550341   
-0.00990245  20.1533      -0.0109396    0.0618595    0.117532     0.0675058   
0.0203477    -0.0109396   20.1536       0.0550341    0.0675058    0.0962027   

Stress Spherical
0            0            0             0            0            0           
0            0            0             0            0            0           
0            0            0             0            0            0           

Inertia
149.94       -56.245      -56.2078      0.318688     0.162888     0.148369    
-56.245      149.891      -56.198       0.162888     0.31234      0.167976    
-56.2078     -56.198      149.981       0.148369     0.167976     0.303123    

Bond Length
0.61896766    0.0020485015

BB bond length
0.61896766    0.0020485015

Water EE distance
0             0           

PEG EE distance
6.7720692     0.11556921  

BBB P2(x)
0.51163478    0.0078597906

BBB first bond length
0.61892068    0.0019686805

BBB second bond length
0.61905544    0.0021814704

BBB <phi**2>/<phi>**2
1.2278594     0.0069005008

Time = 6000
Temperature
1.0114271     0.0082856643

Pressure
23.212497     0.10295744  

CM Mom
-2.2135373e-18 1.7083944e-17 
8.923127e-17   1.2818145e-17 
1.0082917e-17  2.1575364e-17 
9.3999288e-17  1.243305e-17  

CM Pos
7.4995881      0.017179856   
7.5028804      0.015570491   
7.491963       0.013138957   
12.987175      0.023328245   

Stress
20.1835      0.00753699   -0.027504     0.103728     0.0681554    0.0562395   
0.00753699   20.1715      -0.00700827   0.0681554    0.105658     0.0686737   
-0.027504    -0.00700827  20.1805       0.0562395    0.0686737    0.146042    

Stress Spherical
0            0            0             0            0            0           
0            0            0             0            0            0           
0            0            0             0            0            0           

Inertia
149.911      -56.2565     -56.2389      0.408542     0.243038     0.257543    
-56.2565     149.853      -56.1866      0.243038     0.412271     0.190934    
-56.2389     -56.1866     150.03        0.257543     0.190934     0.468725    

Bond Length
0.61780374    0.0025757135

BB bond length
0.61780374    0.0025757135

Water EE distance
0             0           

PEG EE distance
7.1435642     0.21564736  

BBB P2(x)
0.51456416    0.0099910876

BBB first bond length
0.61768309    0.0025892246

BBB second bond length
0.61767356    0.0023800912

BBB <phi**2>/<phi>**2
1.2241978     0.0061034069

Time = 7000
Temperature
1.0121527     0.007480677 

Pressure
23.158391     0.10006221  

CM Mom
3.1485197e-17  1.882383e-17  
7.9884462e-17  2.2867718e-17 
2.2052578e-17  3.7512979e-17 
9.8556765e-17  2.0741694e-17 

CM Pos
7.4986991      0.012063217   
7.4985837      0.010928951   
7.4931483      0.021757239   
12.984874      0.01732487    

Stress
20.1409      -0.00835438  0.00943059    0.137837     0.0838362    0.0857718   
-0.00835438  20.1183      -0.000188912  0.0838362    0.130012     0.0781722   
0.00943059   -0.000188912 20.1075       0.0857718    0.0781722    0.0988769   

Stress Spherical
0            0            0             0            0            0           
0            0            0             0            0            0           
0            0            0             0            0            0           

Inertia
149.88       -56.2198     -56.2211      0.436824     0.138255     0.203532    
-56.2198     149.877      -56.1704      0.138255     0.439436     0.212395    
-56.2211     -56.1704     149.97        0.203532     0.212395     0.244228    

Bond Length
0.61861363    0.0020942204

BB bond length
0.61861363    0.0020942204

Water EE distance
0             0           

PEG EE distance
7.3831321     0.25353065  

BBB P2(x)
0.50900771    0.0085261444

BBB first bond length
0.61883385    0.0021839395

BBB second bond length
0.61861036    0.0019969115

BBB <phi**2>/<phi>**2
1.2243136     0.0070696405

Time = 8000
Temperature
1.0085076     0.0062362333

Pressure
23.142596     0.058221203 

CM Mom
2.16556e-17    1.1634376e-17 
7.7423361e-17  1.632649e-17  
-1.5265841e-17 2.6540031e-17 
8.6991932e-17  1.5332244e-17 

CM Pos
7.5044775      0.010761964   
7.5034731      0.0089879993  
7.4970005      0.016257448   
12.99325       0.014692029   

Stress
20.1371      -0.039798    -0.0189881    0.0750439    0.0500265    0.10496     
-0.039798    20.0849      0.0256418     0.0500265    0.105865     0.0778861   
-0.0189881   0.0256418    20.1301       0.10496      0.0778861    0.0856583   

Stress Spherical
0            0            0             0            0            0           
0            0            0             0            0            0           
0            0            0             0            0            0           

Inertia
150.003      -56.332      -56.3006      0.288422     0.18067      0.177532    
-56.332      150.019      -56.2605      0.18067      0.290424     0.161152    
-56.3006     -56.2605     150.128       0.177532     0.161152     0.279142    

Bond Length
0.61867535    0.0021735835

BB bond length
0.61867535    0.0021735835

Water EE distance
0             0           

PEG EE distance
7.0267926     0.1019702   

BBB P2(x)
0.50772046    0.0070053347

BBB first bond length
0.61863621    0.0021100567

BBB second bond length
0.61866351    0.0023843072

BBB <phi**2>/<phi>**2
1.2275457     0.0085654166

Time = 9000
Temperature
1.0117191     0.0069519604

Pressure
23.184777     0.074305982 

CM Mom
3.3270776e-17  1.8879601e-17 
6.8619657e-17  7.5971636e-18 
5.2662668e-18  1.6430044e-17 
8.0295738e-17  8.9460886e-18 

CM Pos
7.5032922      0.01704838    
7.499769       0.017559009   
7.4995193      0.013962721   
12.991894      0.014330851   

Stress
20.1751      -0.00773984  0.0584098     0.1547       0.0652759    0.0669294   
-0.00773984  20.1491      0.0033796     0.0652759    0.0616982    0.0768122   
0.0584098    0.0033796    20.1255       0.0669294    0.0768122    0.0862001   

Stress Spherical
0            0            0             0            0            0           
0            0            0             0            0            0           
0            0            0             0            0            0           

Inertia
149.985      -56.3095     -56.2526      0.261361     0.158811     0.205147    
-56.3095     150.039      -56.2432      0.158811     0.383556     0.125391    
-56.2526     -56.2432     150.058       0.205147     0.125391     0.341988    

Bond Length
0.61796669    0.0015217852

BB bond length
0.61796669    0.0015217852

Water EE distance
0             0           

PEG EE distance
7.0799447     0.095676635 

BBB P2(x)
0.51270901    0.005619421 

BBB first bond length
0.61800122    0.0018689431

BBB second bond length
0.61791451    0.0015193849

BBB <phi**2>/<phi>**2
1.2255974     0.0084400296

Time = 10000
Temperature
1.0077146     0.0045723441

Pressure
23.152657     0.072710218 

CM Mom
5.1826903e-17  1.4637629e-17 
7.7221034e-17  1.8438967e-17 
1.034693e-17   2.7120868e-17 
9.8603782e-17  1.7979607e-17 

CM Pos
7.4964767      0.011651286   
7.5012506      0.013272772   
7.497445       0.0095343642  
12.987608      0.0067575809  

Stress
20.1237      0.0754893    0.00482612    0.11552      0.0770713    0.0918894   
0.0754893    20.1139      0.0274952     0.0770713    0.145077     0.052205    
0.00482612   0.0274952    20.1518       0.0918894    0.052205     0.11651     

Stress Spherical
0            0            0             0            0            0           
0            0            0             0            0            0           
0            0            0             0            0            0           

Inertia
149.98       -56.259      -56.232       0.221609     0.147224     0.115889    
-56.259      149.891      -56.2268      0.147224     0.150614     0.0801603   
-56.232      -56.2268     149.968       0.115889     0.0801603    0.268123    

Bond Length
0.61769532    0.0021480419

BB bond length
0.61769532    0.0021480419

Water EE distance
0             0           

PEG EE distance
6.8081688     0.1014569   

BBB P2(x)
0.50377933    0.011241257 

BBB first bond length
0.61764522    0.0024319037

BBB second bond length
0.61755999    0.0022476475

BBB <phi**2>/<phi>**2
1.224939      0.0058260977

Time = 11000
Temperature
1.0089994     0.0073705838

Pressure
23.234852     0.10278862  

CM Mom
2.7565311e-17  2.2479148e-17 
6.5529094e-17  2.6732319e-17 
2.5255271e-17  2.4398375e-17 
8.4114957e-17  2.0775489e-17 

CM Pos
7.4964767      0.015528138   
7.4929535      0.0084192449  
7.5045568      0.0090233445  
12.986922      0.011253812   

Stress
20.2581      0.00748036   0.0178731     0.171603     0.11594      0.0579689   
0.00748036   20.2041      -0.00853311   0.11594      0.114521     0.0914555   
0.0178731    -0.00853311  20.1622       0.0579689    0.0914555    0.0734855   

Stress Spherical
0            0            0             0            0            0           
0            0            0             0            0            0           
0            0            0             0            0            0           

Inertia
149.972      -56.1713     -56.2963      0.178685     0.13741      0.157361    
-56.1713     150.01       -56.2116      0.13741      0.326461     0.0825201   
-56.2963     -56.2116     149.862       0.157361     0.0825201    0.225557    

Bond Length
0.61836476    0.00098224883

BB bond length
0.61836476    0.00098224883

Water EE distance
0             0           

PEG EE distance
6.9231187     0.11617784  

BBB P2(x)
0.51325322    0.0084756216

BBB first bond length
0.61831316    0.0010346528

BBB second bond length
0.61846077    0.0010508289

BBB <phi**2>/<phi>**2
1.227141      0.0056869171

Time = 12000
Temperature
1.010515      0.0081739464

Pressure
23.206227     0.082979881 

CM Mom
2.9182833e-17  1.2960301e-17 
7.9253628e-17  2.4194976e-17 
-3.5300355e-18 1.5121634e-17 
8.7399562e-17  2.2103917e-17 

CM Pos
7.4994399      0.015640826   
7.5053992      0.012968264   
7.5035197      0.011726408   
12.995218      0.01718263    

Stress
20.1508      0.0395147    0.000408639   0.0933531    0.0486566    0.057451    
0.0395147    20.1449      -0.023689     0.0486566    0.111451     0.0389152   
0.000408639  -0.023689    20.2292       0.057451     0.0389152    0.108447    

Stress Spherical
0            0            0             0            0            0           
0            0            0             0            0            0           
0            0            0             0            0            0           

Inertia
150.147      -56.2855     -56.2991      0.271735     0.247033     0.150317    
-56.2855     150.04       -56.3387      0.247033     0.287063     0.165989    
-56.2991     -56.3387     150.073       0.150317     0.165989     0.40469     

Bond Length
0.61840667    0.0018219272

BB bond length
0.61840667    0.0018219272

Water EE distance
0             0           

PEG EE distance
6.8184877     0.13130759  

BBB P2(x)
0.51183677    0.0092509632

BBB first bond length
0.61833706    0.0017793927

BBB second bond length
0.61830272    0.0018508852

BBB <phi**2>/<phi>**2
1.2245039     0.010142225 

Time = 13000
Temperature
1.0089858     0.0080961442

Pressure
23.16889      0.076034217 

CM Mom
2.6691575e-17  2.293335e-17  
6.3881689e-17  1.6846185e-17 
-2.3072987e-18 1.2977362e-17 
7.4140037e-17  1.6734198e-17 

CM Pos
7.5024032      0.016882757   
7.4948796      0.0124633     
7.4990748      0.010396763   
12.98829       0.015988876   

Stress
20.17        0.0247626    -0.0425645    0.10899      0.0686984    0.0855448   
0.0247626    20.1142      -0.0292776    0.0686984    0.0778795    0.0661141   
-0.0425645   -0.0292776   20.1425       0.0855448    0.0661141    0.113791    

Stress Spherical
0            0            0             0            0            0           
0            0            0             0            0            0           
0            0            0             0            0            0           

Inertia
149.904      -56.2415     -56.2591      0.219672     0.182517     0.198838    
-56.2415     150.002      -56.1491      0.182517     0.381523     0.124587    
-56.2591     -56.1491     149.949       0.198838     0.124587     0.366085    

Bond Length
0.61782642    0.0021223461

BB bond length
0.61782642    0.0021223461

Water EE distance
0             0           

PEG EE distance
7.0642007     0.16186473  

BBB P2(x)
0.5044823     0.0065725103

BBB first bond length
0.61776907    0.0021442075

BBB second bond length
0.617858      0.0020342022

BBB <phi**2>/<phi>**2
1.2194014     0.005478423 

Time = 14000
Temperature
1.0114382     0.0062909816

Pressure
23.166408     0.095941346 

CM Mom
3.9609542e-17  2.5084136e-17 
6.5037806e-17  1.9022392e-17 
3.3629373e-17  2.2374343e-17 
8.7767014e-17  2.6802882e-17 

CM Pos
7.4935134      0.0092811891  
7.5021396      0.016755501   
7.4935928      0.015999522   
12.984186      0.017798088   

Stress
20.1799      0.0101504    -0.0372949    0.156149     0.0680189    0.0657526   
0.0101504    20.1215      -0.00687092   0.0680189    0.163094     0.0700109   
-0.0372949   -0.00687092  20.0957       0.0657526    0.0700109    0.128396    

Stress Spherical
0            0            0             0            0            0           
0            0            0             0            0            0           
0            0            0             0            0            0           

Inertia
149.941      -56.2332     -56.1603      0.395874     0.177454     0.181499    
-56.2332     149.81       -56.1682      0.177454     0.261452     0.198736    
-56.1603     -56.1682     149.942       0.181499     0.198736     0.333015    

Bond Length
0.61795396    0.0019587921

BB bond length
0.61795396    0.0019587921

Water EE distance
0             0           

PEG EE distance
6.9218163     0.099678992 

BBB P2(x)
0.50843594    0.0062682897

BBB first bond length
0.61798312    0.0022974556

BBB second bond length
0.61810495    0.0019652331

BBB <phi**2>/<phi>**2
1.2282925     0.0057675169

Time = 15000
Temperature
1.0095032     0.0095365395

Pressure
23.209385     0.078123759 

CM Mom
2.7194926e-17  2.1119994e-17 
9.0254832e-17  2.5447346e-17 
5.8922271e-17  1.6351632e-17 
1.1479497e-16  2.3247483e-17 

CM Pos
7.4979583      0.015271551   
7.5025841      0.016686576   
7.5070756      0.0078624057  
12.994795      0.014203767   

Stress
20.2119      0.0169305    0.00174286    0.0986238    0.0922826    0.0666502   
0.0169305    20.1468      -0.0394123    0.0922826    0.121167     0.0504778   
0.00174286   -0.0394123   20.1848       0.0666502    0.0504778    0.0983113   

Stress Spherical
0            0            0             0            0            0           
0            0            0             0            0            0           
0            0            0             0            0            0           

Inertia
150.135      -56.2221     -56.2899      0.241515     0.187647     0.0957888   
-56.2221     150.067      -56.3283      0.187647     0.245338     0.13398     
-56.2899     -56.3283     150.009       0.0957888    0.13398      0.37991     

Bond Length
0.61633153    0.0021878506

BB bond length
0.61633153    0.0021878506

Water EE distance
0             0           

PEG EE distance
7.3447054     0.17856691  

BBB P2(x)
0.50444901    0.012201242 

BBB first bond length
0.61637733    0.0023316544

BBB second bond length
0.61644085    0.0021459921

BBB <phi**2>/<phi>**2
1.2249959     0.010086304 

Time = 16000
Temperature
1.0082033     0.0085305655

Pressure
23.182384     0.11848421  

CM Mom
3.1729744e-17  1.276038e-17  
1.0300159e-16  1.9830128e-17 
7.6656272e-17  3.0914174e-17 
1.3449317e-16  3.0259242e-17 

CM Pos
7.5041811      0.015780553   
7.505251       0.018727213   
7.4931483      0.016752225   
12.991897      0.017116412   

Stress
20.1452      0.00974632   0.0135231     0.150173     0.0520945    0.0681776   
0.00974632   20.1259      -0.0417381    0.0520945    0.120665     0.0794037   
0.0135231    -0.0417381   20.2032       0.0681776    0.0794037    0.10715     

Stress Spherical
0            0            0             0            0            0           
0            0            0             0            0            0           
0            0            0             0            0            0           

Inertia
149.977      -56.3343     -56.2007      0.366387     0.191161     0.169876    
-56.3343     149.961      -56.2405      0.191161     0.35864      0.200461    
-56.2007     -56.2405     150.14        0.169876     0.200461     0.402163    

Bond Length
0.61719515    0.001724774 

BB bond length
0.61719515    0.001724774 

Water EE distance
0             0           

PEG EE distance
7.1500063     0.1037511   

BBB P2(x)
0.50791356    0.010928004 

BBB first bond length
0.61740667    0.00161485  

BBB second bond length
0.6170269     0.0016483558

BBB <phi**2>/<phi>**2
1.2284914     0.0070732899

Time = 17000
Temperature
1.0126369     0.0041470592

Pressure
23.18962      0.06192869  

CM Mom
3.6007541e-17  1.5777976e-17 
7.4574535e-17  2.0858236e-17 
7.343713e-17   2.2304542e-17 
1.1310757e-16  2.5280369e-17 

CM Pos
7.4992918      0.012520413   
7.5073253      0.0094685176  
7.497445       0.011187026   
12.992738      0.011299965   

Stress
20.1583      0.0200312    -0.0051893    0.0586215    0.105037     0.0438221   
0.0200312    20.1327      -0.00160844   0.105037     0.120371     0.0752694   
-0.0051893   -0.00160844  20.165        0.0438221    0.0752694    0.0691703   

Stress Spherical
0            0            0             0            0            0           
0            0            0             0            0            0           
0            0            0             0            0            0           

Inertia
150.055      -56.343      -56.2531      0.206999     0.14558      0.148559    
-56.343      149.951      -56.2773      0.14558      0.266996     0.101727    
-56.2531     -56.2773     150.092       0.148559     0.101727     0.270009    

Bond Length
0.61697096    0.0019649485

BB bond length
0.61697096    0.0019649485

Water EE distance
0             0           

PEG EE distance
7.022205      0.14752298  

BBB P2(x)
0.51242626    0.012315154 

BBB first bond length
0.61690672    0.0018454505

BBB second bond length
0.61718058    0.0021775659

BBB <phi**2>/<phi>**2
1.2272658     0.0063375366

Time = 18000
Temperature
1.0104109     0.0075695437

Pressure
23.164478     0.078313469 

CM Mom
5.0111096e-17  1.5979045e-17 
7.7714104e-17  1.3663387e-17 
6.1249515e-17  8.0502482e-18 
1.1255015e-16  1.189098e-17  

CM Pos
7.5026995      0.013271945   
7.501547       0.016325495   
7.5033715      0.013580151   
12.994795      0.014646737   

Stress
20.1542      -0.0164143   -0.0254571    0.104328     0.110206     0.0792172   
-0.0164143   20.117       -0.0388635    0.110206     0.0810023    0.0653666   
-0.0254571   -0.0388635   20.1294       0.0792172    0.0653666    0.0971772   

Stress Spherical
0            0            0             0            0            0           
0            0            0             0            0            0           
0            0            0             0            0            0           

Inertia
150.077      -56.2984     -56.298       0.322605     0.196247     0.187909    
-56.2984     150.105      -56.2754      0.196247     0.347863     0.167195    
-56.298      -56.2754     150.064       0.187909     0.167195     0.267282    

Bond Length
0.61838214    0.0016942056

BB bond length
0.61838214    0.0016942056

Water EE distance
0             0           

PEG EE distance
7.1682865     0.11876144  

BBB P2(x)
0.50856364    0.012341613 

BBB first bond length
0.61821789    0.0015588545

BBB second bond length
0.61822623    0.0016070627

BBB <phi**2>/<phi>**2
1.2272101     0.0067958934

Time = 19000
Temperature
1.0110499     0.0066713652

Pressure
23.169004     0.080927105 

CM Mom
4.9258196e-17  1.3685861e-17 
6.0145488e-17  1.9024344e-17 
6.3390675e-17  1.4278771e-17 
1.0344088e-16  1.0738844e-17 

CM Pos
7.4991436      0.016268246   
7.5062882      0.011016976   
7.4915185      0.012677229   
12.988639      0.01326721    

Stress
20.1862      0.0040108    -0.027056     0.12698      0.082229     0.0908292   
0.0040108    20.0887      -0.0123997    0.082229     0.100707     0.06602     
-0.027056    -0.0123997   20.1335       0.0908292    0.06602      0.111656    

Stress Spherical
0            0            0             0            0            0           
0            0            0             0            0            0           
0            0            0             0            0            0           

Inertia
149.967      -56.3128     -56.1611      0.290768     0.176181     0.159217    
-56.3128     149.874      -56.2079      0.176181     0.251148     0.125804    
-56.1611     -56.2079     150.085       0.159217     0.125804     0.28419     

Bond Length
0.61741912    0.002116142 

BB bond length
0.61741912    0.002116142 

Water EE distance
0             0           

PEG EE distance
6.8109807     0.080008441 

BBB P2(x)
0.51446624    0.0075448114

BBB first bond length
0.61726245    0.0022807135

BBB second bond length
0.61746508    0.0021091288

BBB <phi**2>/<phi>**2
1.2247014     0.010452165 

Time = 20000
Temperature
1.0134506     0.0072277108

Pressure
23.145249     0.040968705 

CM Mom
6.721488e-17   1.2634248e-17 
7.2951599e-17  2.5098855e-17 
8.3684815e-17  2.2077837e-17 
1.3360685e-16  1.6405497e-17 

CM Pos
7.4991436      0.0059928136  
7.5021396      0.012684153   
7.4934446      0.007080879   
12.987345      0.0086009178  

Stress
20.1559      -0.0127357   0.0292273     0.0985564    0.0766069    0.0537058   
-0.0127357   20.0749      0.000550106   0.0766069    0.0797495    0.0687871   
0.0292273    0.000550106  20.0848       0.0537058    0.0687871    0.0952913   

Stress Spherical
0            0            0             0            0            0           
0            0            0             0            0            0           
0            0            0             0            0            0           

Inertia
149.927      -56.2738     -56.2084      0.19364      0.0973022    0.0792849   
-56.2738     149.909      -56.2497      0.0973022    0.159827     0.115805    
-56.2084     -56.2497     150.023       0.0792849    0.115805     0.209491    

Bond Length
0.61745907    0.0019702621

BB bond length
0.61745907    0.0019702621

Water EE distance
0             0           

PEG EE distance
6.8343565     0.13000498  

BBB P2(x)
0.50535808    0.010433699 

BBB first bond length
0.61760471    0.0020062637

BBB second bond length
0.61738076    0.0019629701

BBB <phi**2>/<phi>**2
1.2251927     0.0066495777

Time = 21000
Temperature
1.0109702     0.0043223945

Pressure
23.200021     0.061116173 

CM Mom
6.8212261e-17  1.2925538e-17 
4.8510846e-17  1.1601136e-17 
9.8538393e-17  2.7760237e-17 
1.3042509e-16  2.788569e-17  

CM Pos
7.4941061      0.0091285589  
7.5033249      0.021950605   
7.5042605      0.0083669348  
12.991376      0.014655227   

Stress
20.1941      0.00653875   0.0660866     0.0637427    0.0863224    0.086243    
0.00653875   20.2107      0.0100692     0.0863224    0.0999133    0.0593466   
0.0660866    0.0100692    20.0974       0.086243     0.0593466    0.0957641   

Stress Spherical
0            0            0             0            0            0           
0            0            0             0            0            0           
0            0            0             0            0            0           

Inertia
150.094      -56.2634     -56.1917      0.334137     0.177603     0.0761602   
-56.2634     149.96       -56.2907      0.177603     0.228805     0.179427    
-56.1917     -56.2907     149.947       0.0761602    0.179427     0.394321    

Bond Length
0.61808961    0.0018652041

BB bond length
0.61808961    0.0018652041

Water EE distance
0             0           

PEG EE distance
6.6518604     0.1975004   

BBB P2(x)
0.51682836    0.009628496 

BBB first bond length
0.61809775    0.0019167134

BBB second bond length
0.61785558    0.0019268298

BBB <phi**2>/<phi>**2
1.231936      0.008210713 

Time = 22000
Temperature
1.0139214     0.0059437724

Pressure
23.168259     0.11875091  

CM Mom
5.0764273e-17  2.3298615e-17 
7.1620159e-17  1.9989974e-17 
7.8919843e-17  1.6852603e-17 
1.2222686e-16  1.4893913e-17 

CM Pos
7.4988473      0.010371395   
7.5085106      0.0056690418  
7.5001119      0.019060092   
12.99471       0.011843934   

Stress
20.1676      0.00158925   0.0285228     0.127834     0.0915961    0.0755204   
0.00158925   20.1129      -0.0238046    0.0915961    0.109661     0.0841063   
0.0285228    -0.0238046   20.0999       0.0755204    0.0841063    0.176275    

Stress Spherical
0            0            0             0            0            0           
0            0            0             0            0            0           
0            0            0             0            0            0           

Inertia
150.115      -56.3008     -56.2119      0.244222     0.107879     0.161888    
-56.3008     149.968      -56.3329      0.107879     0.256073     0.188217    
-56.2119     -56.3329     150.094       0.161888     0.188217     0.198947    

Bond Length
0.61881922    0.0023195347

BB bond length
0.61881922    0.0023195347

Water EE distance
0             0           

PEG EE distance
7.0152543     0.11791477  

BBB P2(x)
0.50904079    0.010841812 

BBB first bond length
0.61886389    0.0022553056

BBB second bond length
0.61891617    0.0024845003

BBB <phi**2>/<phi>**2
1.2275567     0.0072802248

Time = 23000
Temperature
1.0087121     0.0098427796

Pressure
23.166429     0.083506931 

CM Mom
3.4183442e-17  2.7759177e-17 
9.2776384e-17  2.5181105e-17 
7.6782795e-17  1.8063693e-17 
1.3041571e-16  1.9856035e-17 

CM Pos
7.5115893      0.016151782   
7.4978429      0.011662585   
7.5005564      0.014291374   
12.996167      0.014474389   

Stress
20.095       -0.00379671  0.0272726     0.119381     0.078621     0.0696826   
-0.00379671  20.1832      -0.0253374    0.078621     0.0888688    0.0833063   
0.0272726    -0.0253374   20.1435       0.0696826    0.0833063    0.0833037   

Stress Spherical
0            0            0             0            0            0           
0            0            0             0            0            0           
0            0            0             0            0            0           

Inertia
149.976      -56.3024     -56.3551      0.262243     0.217316     0.168127    
-56.3024     150.173      -56.2307      0.217316     0.33183      0.0826808   
-56.3551     -56.2307     150.136       0.168127     0.0826808    0.320813    

Bond Length
0.61614835    0.0018828675

BB bond length
0.61614835    0.0018828675

Water EE distance
0             0           

PEG EE distance
7.1781409     0.14936437  

BBB P2(x)
0.50432918    0.007760345 

BBB first bond length
0.61615298    0.0020202923

BBB second bond length
0.61627505    0.0016917989

BBB <phi**2>/<phi>**2
1.2238163     0.0089274122

Time = 24000
Temperature
1.0111691     0.0063859831

Pressure
23.210142     0.074603414 

CM Mom
2.4948764e-17  1.2489726e-17 
1.0452151e-16  1.2890389e-17 
2.9791186e-17  1.7100355e-17 
1.1362317e-16  1.1792165e-17 

CM Pos
7.4991436      0.013331357   
7.5096959      0.018680266   
7.5079646      0.014700257   
13.000101      0.01828725    

Stress
20.1597      -0.006197    0.0155193     0.0900524    0.0792176    0.0407164   
-0.006197    20.1546      0.00796472    0.0792176    0.103504     0.0661413   
0.0155193    0.00796472   20.2165       0.0407164    0.0661413    0.139668    

Stress Spherical
0            0            0             0            0            0           
0            0            0             0            0            0           
0            0            0             0            0            0           

Inertia
150.265      -56.2935     -56.2974      0.344296     0.217475     0.158193    
-56.2935     150.104      -56.3766      0.217475     0.326123     0.156479    
-56.2974     -56.3766     150.128       0.158193     0.156479     0.398945    

Bond Length
0.61750018    0.0014232763

BB bond length
0.61750018    0.0014232763

Water EE distance
0             0           

PEG EE distance
6.8997287     0.12968476  

BBB P2(x)
0.50101413    0.0065940533

BBB first bond length
0.61765175    0.0016111376

BBB second bond length
0.6173805     0.0015352472

BBB <phi**2>/<phi>**2
1.2240034     0.0045871155

Time = 25000
Temperature
1.0116885     0.007069581 

Pressure
23.164286     0.12381298  

CM Mom
1.098215e-17   1.7750797e-17 
1.2032881e-16  1.5685775e-17 
3.6436732e-17  1.5748387e-17 
1.2864761e-16  1.3645638e-17 

CM Pos
7.4941061      0.015366131   
7.4984355      0.010226452   
7.490185       0.014027816   
12.980422      0.01458706    

Stress
20.1258      -0.00379157  0.0670778     0.0997493    0.0564637    0.0918593   
-0.00379157  20.1192      0.00503925    0.0564637    0.1177       0.110776    
0.0670778    0.00503925   20.1435       0.0918593    0.110776     0.190787    

Stress Spherical
0            0            0             0            0            0           
0            0            0             0            0            0           
0            0            0             0            0            0           

Inertia
149.831      -56.1743     -56.1312      0.333176     0.139707     0.164032    
-56.1743     149.757      -56.1562      0.139707     0.300368     0.173165    
-56.1312     -56.1562     149.895       0.164032     0.173165     0.305609    

Bond Length
0.6189033     0.0018662395

BB bond length
0.6189033     0.0018662395

Water EE distance
0             0           

PEG EE distance
6.5985982     0.097823531 

BBB P2(x)
0.50826327    0.0097087106

BBB first bond length
0.61890969    0.0017359287

BBB second bond length
0.61906539    0.0021023948

BBB <phi**2>/<phi>**2
1.2259938     0.0081770805

Time = 26000
Temperature
1.0107838     0.0074111958

Pressure
23.155557     0.10456472  

CM Mom
-2.0367066e-18 1.9144772e-17 
1.1344105e-16  2.1651331e-17 
2.3117675e-17  3.0787864e-17 
1.2126665e-16  2.2023655e-17 

CM Pos
7.5000326      0.014084039   
7.4954723      0.013566404   
7.4995193      0.0099842368  
12.987523      0.010068087   

Stress
20.1068      -0.0402904   0.0304648     0.175608     0.0853802    0.0440553   
-0.0402904   20.1572      -0.0361071    0.0853802    0.0925205    0.0478817   
0.0304648    -0.0361071   20.1065       0.0440553    0.0478817    0.12281     

Stress Spherical
0            0            0             0            0            0           
0            0            0             0            0            0           
0            0            0             0            0            0           

Inertia
149.928      -56.2269     -56.2343      0.232434     0.138612     0.194522    
-56.2269     150.009      -56.1772      0.138612     0.286539     0.11198     
-56.2343     -56.1772     149.938       0.194522     0.11198      0.236819    

Bond Length
0.61769845    0.0018313211

BB bond length
0.61769845    0.0018313211

Water EE distance
0             0           

PEG EE distance
6.7000433     0.22638756  

BBB P2(x)
0.50532391    0.0099510865

BBB first bond length
0.61764402    0.0018226591

BBB second bond length
0.61758461    0.0017470218

BBB <phi**2>/<phi>**2
1.2258156     0.010317572 

Time = 27000
Temperature
1.01218       0.0058807328

Pressure
23.228863     0.095497822 

CM Mom
-3.3286403e-17 2.3557047e-17 
1.4729673e-16  2.698299e-17  
2.5960401e-17  1.3888548e-17 
1.5626658e-16  2.3128315e-17 

CM Pos
7.498551       0.0086596044  
7.4926572      0.0099842368  
7.5084091      0.01166729    
12.990172      0.010908752   

Stress
20.2207      -0.0410911   0.0298303     0.126182     0.0610561    0.0661783   
-0.0410911   20.2292      -0.00855296   0.0610561    0.106682     0.0837987   
0.0298303    -0.00855296  20.1279       0.0661783    0.0837987    0.0898894   

Stress Spherical
0            0            0             0            0            0           
0            0            0             0            0            0           
0            0            0             0            0            0           

Inertia
150.025      -56.1964     -56.33        0.225657     0.104975     0.118852    
-56.1964     150.115      -56.2663      0.104975     0.257953     0.0959064   
-56.33       -56.2663     149.893       0.118852     0.0959064    0.218955    

Bond Length
0.61832622    0.0020197764

BB bond length
0.61832622    0.0020197764

Water EE distance
0             0           

PEG EE distance
6.9670052     0.11563271  

BBB P2(x)
0.50793261    0.0071050139

BBB first bond length
0.61824948    0.0022153024

BBB second bond length
0.61854617    0.0021720584

BBB <phi**2>/<phi>**2
1.2201924     0.0055125799

Time = 28000
Temperature
1.0147749     0.0063166676

Pressure
23.210006     0.10333802  

CM Mom
-1.207713e-17  1.5051319e-17 
1.3084572e-16  1.9256097e-17 
3.4543684e-18  2.7713014e-17 
1.3503584e-16  2.0225334e-17 

CM Pos
7.4998844      0.01330251    
7.4963613      0.013165662   
7.4956671      0.011446953   
12.985726      0.011709431   

Stress
20.1851      -0.00849107  0.0347863     0.113578     0.0839025    0.106503    
-0.00849107  20.1913      0.0121351     0.0839025    0.150006     0.0992988   
0.0347863    0.0121351    20.1215       0.106503     0.0992988    0.125836    

Stress Spherical
0            0            0             0            0            0           
