Time = 1000
Temperature
   1.0813639    0.10233765

Pressure
   23.652153    0.54888555

CM Mom
1.2172351e-17  1.7924696e-17 
-1.19018e-17   2.472358e-17  
-5.9116767e-17 1.4887308e-16 
9.7191028e-17  1.3203885e-16 

CM Pos
7.5039742      0.016436823   
7.4959323      0.021806739   
7.5110886      0.024064447   
12.996749      0.030505701   

Stress
20.404       -0.0249693   -0.0199932    0.266407     0.0799831    0.0630514   
-0.0249693   20.4494      -0.00799381   0.0799831    0.257436     0.0692175   
-0.0199932   -0.00799381  20.39         0.0630514    0.0692175    0.275288    

Stress Spherical
0            0            0             0            0            0           
0            0            0             0            0            0           
0            0            0             0            0            0           

Inertia
150.188      -56.1995     -56.3347      0.634527     0.279849     0.277191    
-56.1995     150.262      -56.3394      0.279849     0.670425     0.327919    
-56.3347     -56.3394     150.061       0.277191     0.327919     0.867506    

Bond Length
0.61801268    0.005493561 

BB bond length
0.61801268    0.005493561 

Water EE distance
0             0           

PEG EE distance
7.154499      0.21293445  

BBB P2(x)
0.47946807    0.063227693 

BBB first bond length
0.61826324    0.0056130852

BBB second bond length
0.61787021    0.0055529243

BBB <phi**2>/<phi>**2
1.2162281     0.013503703 

Time = 2000
Temperature
1.0112422     0.0073440615

Pressure
23.259682     0.070149147 

CM Mom
-2.1520528e-18 1.111273e-17  
-1.2711944e-17 1.2913738e-17 
-5.345386e-17  2.7512006e-17 
6.0385858e-17  2.0597477e-17 

CM Pos
7.505904       0.011949299   
7.5051357      0.0097892551  
7.502479       0.016059819   
12.998198      0.014288649   

Stress
20.2258      0.0438568    0.0403412     0.0659744    0.067014     0.0356305   
0.0438568    20.2177      -0.0430316    0.067014     0.138982     0.061603    
0.0403412    -0.0430316   20.2523       0.0356305    0.061603     0.0892724   

Stress Spherical
0            0            0             0            0            0           
0            0            0             0            0            0           
0            0            0             0            0            0           

Inertia
150.02       -56.3029     -56.3264      0.217644     0.15208      0.121697    
-56.3029     150.031      -56.3073      0.15208      0.226865     0.148931    
-56.3264     -56.3073     150.038       0.121697     0.148931     0.287087    

Bond Length
0.61781303    0.0026066866

BB bond length
0.61781303    0.0026066866

Water EE distance
0             0           

PEG EE distance
7.2056458     0.086334853 

BBB P2(x)
0.5205045     0.011941166 

BBB first bond length
0.61804733    0.0028565801

BBB second bond length
0.6175487     0.0026439327

BBB <phi**2>/<phi>**2
1.2286995     0.0090719367

Time = 3000
Temperature
1.0097678     0.0068638542

Pressure
23.303335     0.086846697 

CM Mom
-5.1131511e-18 2.2495546e-17 
1.5062241e-17  1.7422741e-17 
-7.719813e-17  2.6026159e-17 
8.4746788e-17  2.2748872e-17 

CM Pos
7.5001147      0.013449312   
7.5006824      0.0086159952  
7.4989164      0.011196258   
12.990225      0.011769256   

Stress
20.2432      -0.0302634   0.00495749    0.0882481    0.0565999    0.0757361   
-0.0302634   20.3306      0.00833258    0.0565999    0.118521     0.0802399   
0.00495749   0.00833258   20.2662       0.0757361    0.0802399    0.120699    

Stress Spherical
0            0            0             0            0            0           
0            0            0             0            0            0           
0            0            0             0            0            0           

Inertia
149.946      -56.2672     -56.2504      0.158166     0.139913     0.174721    
-56.2672     149.927      -56.2121      0.139913     0.29581      0.0884288   
-56.2504     -56.2121     149.943       0.174721     0.0884288    0.337061    

Bond Length
0.61827166    0.0013848993

BB bond length
0.61827166    0.0013848993

Water EE distance
0             0           

PEG EE distance
7.3412669     0.17629019  

BBB P2(x)
0.51981165    0.010772586 

BBB first bond length
0.61859593    0.0014987611

BBB second bond length
0.61814632    0.0013497652

BBB <phi**2>/<phi>**2
1.2281192     0.0081780765

Time = 4000
Temperature
1.008702      0.0099411937

Pressure
23.269253     0.10031917  

CM Mom
1.8926803e-17  1.6363367e-17 
9.3196109e-18  2.2662138e-17 
-7.560627e-17  1.3218668e-17 
8.3258222e-17  1.3620611e-17 

CM Pos
7.5053102      0.01969521    
7.5051357      0.008142655   
7.5070807      0.01534341    
13.000515      0.017278582   

Stress
20.2945      -0.018779    -0.0581661    0.13331      0.0724478    0.0662453   
-0.018779    20.1836      0.0297353     0.0724478    0.104584     0.0610608   
-0.0581661   0.0297353    20.2693       0.0662453    0.0610608    0.13159     

Stress Spherical
0            0            0             0            0            0           
0            0            0             0            0            0           
0            0            0             0            0            0           

Inertia
150.156      -56.3079     -56.365       0.281217     0.169767     0.204809    
-56.3079     150.142      -56.4002      0.169767     0.398202     0.113423    
-56.365      -56.4002     150.091       0.204809     0.113423     0.298406    

Bond Length
0.61966431    0.0028031328

BB bond length
0.61966431    0.0028031328

Water EE distance
0             0           

PEG EE distance
7.0185588     0.20564275  

BBB P2(x)
0.51426381    0.012046445 

BBB first bond length
0.61963672    0.0029542998

BBB second bond length
0.61996146    0.0029905816

BBB <phi**2>/<phi>**2
1.2305764     0.010004884 

Time = 5000
Temperature
1.0094545     0.0076900351

Pressure
23.25032      0.094518068 

CM Mom
1.0748453e-17  2.4383858e-17 
6.5356758e-18  1.9876532e-17 
-8.152778e-17  1.5135029e-17 
8.8559184e-17  1.3454085e-17 

CM Pos
7.5035289      0.012099565   
7.4974167      0.016234491   
7.5047056      0.012648041   
12.993659      0.014667467   

Stress
20.2584      0.00503222   0.0191133     0.134333     0.0561459    0.0692578   
0.00503222   20.2505      -0.0246279    0.0561459    0.113237     0.0906784   
0.0191133    -0.0246279   20.1749       0.0692578    0.0906784    0.134846    

Stress Spherical
0            0            0             0            0            0           
0            0            0             0            0            0           
0            0            0             0            0            0           

Inertia
150.007      -56.2382     -56.2879      0.409521     0.152167     0.12259     
-56.2382     150.105      -56.2908      0.152167     0.188725     0.231266    
-56.2879     -56.2908     149.982       0.12259      0.231266     0.30829     

Bond Length
0.6186543     0.0016972273

BB bond length
0.6186543     0.0016972273

Water EE distance
0             0           

PEG EE distance
7.1747998     0.11376259  

BBB P2(x)
0.51341962    0.011411442 

BBB first bond length
0.61851059    0.0017267804

BBB second bond length
0.61852298    0.0016712441

BBB <phi**2>/<phi>**2
1.2275594     0.0074272429

Time = 6000
Temperature
1.0089459     0.0060051012

Pressure
23.221212     0.091686162 

CM Mom
3.5366729e-18  9.5958572e-18 
-1.5599155e-17 2.5812588e-17 
-9.7369265e-17 2.8569436e-17 
1.0251857e-16  2.8304432e-17 

CM Pos
7.5020445      0.0087366288  
7.5122609      0.017564447   
7.5055963      0.010224152   
13.001888      0.010276299   

Stress
20.179       -0.00357274  -0.00785492   0.0826253    0.0848459    0.0465142   
-0.00357274  20.2406      0.0200638     0.0848459    0.0884798    0.0569873   
-0.00785492  0.0200638    20.1814       0.0465142    0.0569873    0.178317    

Stress Spherical
0            0            0             0            0            0           
0            0            0             0            0            0           
0            0            0             0            0            0           

Inertia
150.259      -56.3618     -56.3313      0.31932      0.144168     0.125442    
-56.3618     150.092      -56.3799      0.144168     0.215537     0.129359    
-56.3313     -56.3799     150.192       0.125442     0.129359     0.190957    

Bond Length
0.61957547    0.0031578731

BB bond length
0.61957547    0.0031578731

Water EE distance
0             0           

PEG EE distance
7.1856148     0.13285807  

BBB P2(x)
0.51144033    0.01293045  

BBB first bond length
0.61955703    0.0028258667

BBB second bond length
0.61977213    0.0029248892

BBB <phi**2>/<phi>**2
1.2301681     0.0081700652

Time = 7000
Temperature
1.0101754     0.0077741213

Pressure
23.193106     0.083338917 

CM Mom
2.0232695e-17  2.1733186e-17 
-2.2735264e-17 1.3706029e-17 
-1.0418463e-16 1.2462078e-17 
1.1150293e-16  1.2777958e-17 

CM Pos
7.5029351      0.022047416   
7.4908853      0.018612085   
7.5042603      0.013261224   
12.989296      0.022651888   

Stress
20.1379      -0.00279632  0.0255144     0.0876617    0.0663977    0.05043     
-0.00279632  20.18        0.0190964     0.0663977    0.0950937    0.096513    
0.0255144    0.0190964    20.1878       0.05043      0.096513     0.102687    

Stress Spherical
0            0            0             0            0            0           
0            0            0             0            0            0           
0            0            0             0            0            0           

Inertia
149.91       -56.2225     -56.2975      0.378145     0.306087     0.197289    
-56.2225     150.087      -56.1759      0.306087     0.366888     0.143318    
-56.2975     -56.1759     149.882       0.197289     0.143318     0.512229    

Bond Length
0.6184362     0.0023387054

BB bond length
0.6184362     0.0023387054

Water EE distance
0             0           

PEG EE distance
7.6199644     0.23753869  

BBB P2(x)
0.50900955    0.012952589 

BBB first bond length
0.61886293    0.0024271353

BBB second bond length
0.61871155    0.0023587062

BBB <phi**2>/<phi>**2
1.2297677     0.0077654539

Time = 8000
Temperature
1.0105705     0.007123186 

Pressure
23.280761     0.085581253 

CM Mom
-3.7987097e-19 2.6568076e-17 
-6.4498409e-18 2.4900742e-17 
-8.8378505e-17 1.1221774e-17 
9.5495426e-17  1.3600229e-17 

CM Pos
7.5054586      0.01953626    
7.4993465      0.013260393   
7.5027759      0.0071205452  
12.994774      0.014253575   

Stress
20.2574      0.0328546    0.0187008     0.104618     0.0589154    0.0813798   
0.0328546    20.2691      0.0364841     0.0589154    0.0801887    0.0776988   
0.0187008    0.0364841    20.2386       0.0813798    0.0776988    0.0939734   

Stress Spherical
0            0            0             0            0            0           
0            0            0             0            0            0           
0            0            0             0            0            0           

Inertia
150.006      -56.2996     -56.3277      0.176244     0.192728     0.175931    
-56.2996     150.104      -56.2577      0.192728     0.350689     0.127165    
-56.3277     -56.2577     150.055       0.175931     0.127165     0.351804    

Bond Length
0.6195087     0.0031178559

BB bond length
0.6195087     0.0031178559

Water EE distance
0             0           

PEG EE distance
7.6704936     0.1176873   

BBB P2(x)
0.51522358    0.014569949 

BBB first bond length
0.61959737    0.0031902253

BBB second bond length
0.61959998    0.0031727839

BBB <phi**2>/<phi>**2
1.2271183     0.012052775 

Time = 9000
Temperature
1.0117635     0.0079660624

Pressure
23.263075     0.10340364  

CM Mom
-1.523961e-17  2.0484754e-17 
-1.826402e-17  1.9028332e-17 
-6.8320466e-17 1.9850553e-17 
7.9093436e-17  1.2388772e-17 

CM Pos
7.5036773      0.011368128   
7.5023153      0.019320201   
7.5042603      0.014620533   
12.996315      0.018818791   

Stress
20.2597      0.00663156   -0.0251344    0.0907239    0.0558301    0.0622356   
0.00663156   20.2014      -0.0391346    0.0558301    0.113223     0.104723    
-0.0251344   -0.0391346   20.2403       0.0622356    0.104723     0.15768     

Stress Spherical
0            0            0             0            0            0           
0            0            0             0            0            0           
0            0            0             0            0            0           

Inertia
150.077      -56.2559     -56.3268      0.374681     0.236979     0.179748    
-56.2559     150.109      -56.2667      0.236979     0.259635     0.221214    
-56.3268     -56.2667     150.095       0.179748     0.221214     0.394299    

Bond Length
0.61833457    0.0031885231

BB bond length
0.61833457    0.0031885231

Water EE distance
0             0           

PEG EE distance
7.4144876     0.32813032  

BBB P2(x)
0.51601098    0.011159389 

BBB first bond length
0.61835033    0.0034892476

BBB second bond length
0.61822043    0.0031043143

BBB <phi**2>/<phi>**2
1.2229965     0.0066655128

Time = 10000
Temperature
1.0077713     0.0052636648

Pressure
23.210809     0.039141915 

CM Mom
-1.8433218e-18 2.3271617e-17 
-4.1110114e-18 2.5769333e-17 
-4.5712788e-17 2.8749762e-17 
6.0684777e-17  2.1435731e-17 

CM Pos
7.4984819      0.0098688393  
7.5003855      0.01037073    
7.5012915      0.010766861   
12.990483      0.0083826789  

Stress
20.1721      -0.0287539   -0.0107457    0.053969     0.0522766    0.084429    
-0.0287539   20.187       -0.0499103    0.0522766    0.114249     0.0539505   
-0.0107457   -0.0499103   20.2214       0.084429     0.0539505    0.111967    

Stress Spherical
0            0            0             0            0            0           
0            0            0             0            0            0           
0            0            0             0            0            0           

Inertia
149.999      -56.219      -56.2848      0.227451     0.144225     0.141644    
-56.219      149.974      -56.2406      0.144225     0.138835     0.116154    
-56.2848     -56.2406     149.949       0.141644     0.116154     0.214611    

Bond Length
0.62048962    0.0023491858

BB bond length
0.62048962    0.0023491858

Water EE distance
0             0           

PEG EE distance
7.2948974     0.25945866  

BBB P2(x)
0.51441692    0.010138111 

BBB first bond length
0.6204945     0.0025829036

BBB second bond length
0.62039882    0.0023798214

BBB <phi**2>/<phi>**2
1.2254525     0.0062327421

Time = 11000
Temperature
1.0058439     0.01062158  

Pressure
23.241877     0.083655705 

CM Mom
1.4774591e-17  2.0047834e-17 
-2.2855707e-17 3.1762854e-17 
-3.6176461e-17 2.1137139e-17 
6.0778194e-17  1.4594261e-17 

CM Pos
7.509615       0.014548011   
7.4931119      0.013842506   
7.4947601      0.019297948   
12.988959      0.014081172   

Stress
20.2212      -0.0278308   -0.0175041    0.0920198    0.0939163    0.0532805   
-0.0278308   20.1895      -0.0221742    0.0939163    0.0980777    0.0495142   
-0.0175041   -0.0221742   20.2802       0.0532805    0.0495142    0.098216    

Stress Spherical
0            0            0             0            0            0           
0            0            0             0            0            0           
0            0            0             0            0            0           

Inertia
149.803      -56.2574     -56.3024      0.362714     0.113224     0.156776    
-56.2574     150.078      -56.1713      0.113224     0.333238     0.252744    
-56.3024     -56.1713     150.024       0.156776     0.252744     0.21184     

Bond Length
0.61856885    0.0028337917

BB bond length
0.61856885    0.0028337917

Water EE distance
0             0           

PEG EE distance
7.3300851     0.091139547 

BBB P2(x)
0.51017       0.0074968304

BBB first bond length
0.61857938    0.0027796634

BBB second bond length
0.61872574    0.0028837943

BBB <phi**2>/<phi>**2
1.2295506     0.012478453 

Time = 12000
Temperature
1.0145059     0.0053560938

Pressure
23.244262     0.1039422   

CM Mom
-3.0647869e-18 1.7326548e-17 
-1.6142731e-17 1.6401547e-17 
-2.8615298e-18 1.9518531e-17 
3.2095495e-17  1.4079817e-17 

CM Pos
7.4978881      0.010309998   
7.4997918      0.0092950849  
7.4990649      0.011627802   
12.988508      0.012416933   

Stress
20.2314      -0.0581099   0.000854282   0.114018     0.0614313    0.08869     
-0.0581099   20.1804      -0.0505804    0.0614313    0.117709     0.0570357   
0.000854282  -0.0505804   20.2084       0.08869      0.0570357    0.167326    

Stress Spherical
0            0            0             0            0            0           
0            0            0             0            0            0           
0            0            0             0            0            0           

Inertia
149.972      -56.2279     -56.2344      0.263693     0.110786     0.13742     
-56.2279     149.945      -56.2065      0.110786     0.238695     0.15613     
-56.2344     -56.2065     149.945       0.13742      0.15613      0.211241    

Bond Length
0.61928708    0.0032782338

BB bond length
0.61928708    0.0032782338

Water EE distance
0             0           

PEG EE distance
7.4010938     0.2304867   

BBB P2(x)
0.50828913    0.010024183 

BBB first bond length
0.61922532    0.003222594 

BBB second bond length
0.61925612    0.003033254 

BBB <phi**2>/<phi>**2
1.2228091     0.010904785 

Time = 13000
Temperature
1.0104254     0.007733459 

Pressure
23.250401     0.042967392 

CM Mom
-2.2319823e-18 1.4119312e-17 
-1.139558e-17  2.0517932e-17 
-8.2832746e-18 2.8092934e-17 
3.7765896e-17  1.3665437e-17 

CM Pos
7.5036773      0.013801854   
7.4990496      0.011222796   
7.498768       0.010988672   
12.991254      0.014414406   

Stress
20.2508      -0.00592633  0.00274267    0.0804798    0.0639778    0.0936969   
-0.00592633  20.2389      0.00243117    0.0639778    0.0712953    0.0784483   
0.00274267   0.00243117   20.1856       0.0936969    0.0784483    0.0819304   

Stress Spherical
0            0            0             0            0            0           
0            0            0             0            0            0           
0            0            0             0            0            0           

Inertia
149.97       -56.2745     -56.2606      0.208098     0.167297     0.188388    
-56.2745     150.053      -56.2124      0.167297     0.323522     0.145178    
-56.2606     -56.2124     150.034       0.188388     0.145178     0.309419    

Bond Length
0.61845884    0.001987156 

BB bond length
0.61845884    0.001987156 

Water EE distance
0             0           

PEG EE distance
7.1547424     0.13459526  

BBB P2(x)
0.51237138    0.0095039043

BBB first bond length
0.61853748    0.0018877457

BBB second bond length
0.61858768    0.0021246985

BBB <phi**2>/<phi>**2
1.2259247     0.0087354538

Time = 14000
Temperature
1.0090385     0.007319087 

Pressure
23.255589     0.081768776 

CM Mom
-1.6788484e-17 1.4436106e-17 
-8.452747e-18  1.4524032e-17 
-2.4796812e-17 2.352348e-17  
3.8078196e-17  2.2157116e-17 

CM Pos
7.5033805      0.015724278   
7.499198       0.015231704   
7.491049       0.016420058   
12.986716      0.021322884   

Stress
20.2145      -0.00681402  0.00543871    0.11006      0.0440374    0.0645128   
-0.00681402  20.2831      0.00132257    0.0440374    0.116587     0.0500939   
0.00543871   0.00132257   20.2058       0.0645128    0.0500939    0.146361    

Stress Spherical
0            0            0             0            0            0           
0            0            0             0            0            0           
0            0            0             0            0            0           

Inertia
149.831      -56.2539     -56.1685      0.357791     0.161361     0.281672    
-56.2539     149.916      -56.1725      0.161361     0.411994     0.184385    
-56.1685     -56.1725     150.043       0.281672     0.184385     0.388821    

Bond Length
0.61951927    0.0020140848

BB bond length
0.61951927    0.0020140848

Water EE distance
0             0           

PEG EE distance
7.4003266     0.11968571  

BBB P2(x)
0.51615578    0.016271281 

BBB first bond length
0.61940143    0.0019545009

BBB second bond length
0.61966462    0.0019623884

BBB <phi**2>/<phi>**2
1.2313674     0.0079352569

Time = 15000
Temperature
1.0112488     0.0064207019

Pressure
23.203278     0.08426191  

CM Mom
-2.8357244e-17 1.3337678e-17 
-3.0516026e-18 2.3626328e-17 
-1.7172475e-17 1.467713e-17  
4.1342346e-17  1.8726054e-17 

CM Pos
7.5005601      0.010006313   
7.4944479      0.010242454   
7.5009946      0.01456315    
12.988085      0.011124169   

Stress
20.1521      0.0137387    -0.0193508    0.0977164    0.0779193    0.0703927   
0.0137387    20.1609      0.0222004     0.0779193    0.105289     0.0530498   
-0.0193508   0.0222004    20.2135       0.0703927    0.0530498    0.101922    

Stress Spherical
0            0            0             0            0            0           
0            0            0             0            0            0           
0            0            0             0            0            0           

Inertia
149.941      -56.2111     -56.2864      0.241073     0.157477     0.0887681   
-56.2111     150.024      -56.1864      0.157477     0.24647      0.114416    
-56.2864     -56.1864     149.941       0.0887681    0.114416     0.278702    

Bond Length
0.62021959    0.0017768519

BB bond length
0.62021959    0.0017768519

Water EE distance
0             0           

PEG EE distance
7.0729372     0.14306058  

BBB P2(x)
0.50667106    0.011376467 

BBB first bond length
0.61986703    0.0017273067

BBB second bond length
0.62020758    0.0018605875

BBB <phi**2>/<phi>**2
1.2210806     0.008992116 

Time = 16000
Temperature
1.0139411     0.010412913 

Pressure
23.26958      0.090051959 

CM Mom
-1.7092271e-17 2.722333e-17  
-6.3715595e-18 1.2177233e-17 
-1.0900621e-17 2.8367793e-17 
4.1647875e-17  2.0276759e-17 

CM Pos
7.4925442      0.019021358   
7.4920728      0.013820999   
7.4959476      0.012248886   
12.979174      0.018747267   

Stress
20.2363      -0.00358118  0.00800116    0.102802     0.110951     0.0673982   
-0.00358118  20.2259      -0.0561295    0.110951     0.147161     0.0698289   
0.00800116   -0.0561295   20.2391       0.0673982    0.0698289    0.0881419   

Stress Spherical
0            0            0             0            0            0           
0            0            0             0            0            0           
0            0            0             0            0            0           

Inertia
149.815      -56.1233     -56.1706      0.353672     0.228155     0.160442    
-56.1233     149.827      -56.1539      0.228155     0.317505     0.181028    
-56.1706     -56.1539     149.769       0.160442     0.181028     0.480311    

Bond Length
0.61909148    0.0021212304

BB bond length
0.61909148    0.0021212304

Water EE distance
0             0           

PEG EE distance
7.5776778     0.24836366  

BBB P2(x)
0.51262624    0.010286927 

BBB first bond length
0.61913239    0.0020342515

BBB second bond length
0.61943121    0.0024799325

BBB <phi**2>/<phi>**2
1.2258505     0.008688653 

Time = 17000
Temperature
1.0166364     0.0052392102

Pressure
23.26932      0.062786393 

CM Mom
-2.7632935e-17 2.3795417e-17 
-8.4049541e-18 1.7947972e-17 
-1.3308256e-17 1.8757344e-17 
4.5815689e-17  1.2346827e-17 

CM Pos
7.5007085      0.0098520793  
7.5009793      0.013995274   
7.503815       0.009082865   
12.993565      0.014151779   

Stress
20.1904      -0.0214941   -0.0259521    0.105324     0.0596829    0.0665324   
-0.0214941   20.2445      -0.0445291    0.0596829    0.103886     0.0593306   
-0.0259521   -0.0445291   20.2414       0.0665324    0.0593306    0.122517    

Stress Spherical
0            0            0             0            0            0           
0            0            0             0            0            0           
0            0            0             0            0            0           

Inertia
150.079      -56.2582     -56.258       0.309048     0.184722     0.140693    
-56.2582     150.069      -56.2835      0.184722     0.222012     0.166027    
-56.258      -56.2835     150.027       0.140693     0.166027     0.314917    

Bond Length
0.61813796    0.0022667202

BB bond length
0.61813796    0.0022667202

Water EE distance
0             0           

PEG EE distance
6.8559127     0.07576786  

BBB P2(x)
0.52201745    0.0068234677

BBB first bond length
0.61809158    0.0021198874

BBB second bond length
0.61799571    0.00255015  

BBB <phi**2>/<phi>**2
1.2294309     0.0065560377

Time = 18000
Temperature
1.0082725     0.003743989 

Pressure
23.25028      0.072762704 

CM Mom
-2.5511233e-17 1.7396821e-17 
-1.0710136e-17 1.5183925e-17 
3.2199764e-18  2.1227878e-17 
3.9191578e-17  1.4958017e-17 

CM Pos
7.5013023      0.013757079   
7.4940026      0.012616643   
7.4922366      0.015514786   
12.983203      0.015981591   

Stress
20.2755      0.0271093    0.0116012     0.0738825    0.072392     0.0838751   
0.0271093    20.2155      0.0149217     0.072392     0.109114     0.0602831   
0.0116012    0.0149217    20.2033       0.0838751    0.0602831    0.175207    

Stress Spherical
0            0            0             0            0            0           
0            0            0             0            0            0           
0            0            0             0            0            0           

Inertia
149.772      -56.2052     -56.1802      0.426391     0.165787     0.139616    
-56.2052     149.904      -56.1585      0.165787     0.291071     0.242706    
-56.1802     -56.1585     149.919       0.139616     0.242706     0.273076    

Bond Length
0.61794996    0.0016751872

BB bond length
0.61794996    0.0016751872

Water EE distance
0             0           

PEG EE distance
7.0479669     0.14641442  

BBB P2(x)
0.51003304    0.0091027862

BBB first bond length
0.61797916    0.001520271 

BBB second bond length
0.61809615    0.0017779307

BBB <phi**2>/<phi>**2
1.2276829     0.0073654538

Time = 19000
Temperature
1.0085316     0.0064915175

Pressure
23.254943     0.098865565 

CM Mom
3.0735764e-19  2.8217834e-17 
-7.5838231e-18 1.4350356e-17 
1.9653996e-17  1.8265017e-17 
4.0919596e-17  1.0259864e-17 

CM Pos
7.4967006      0.0090244537  
7.4971198      0.015810922   
7.5006977      0.022385135   
12.987244      0.010959414   

Stress
20.3054      0.049659     -0.0119004    0.103202     0.0588695    0.0424073   
0.049659     20.2403      -0.0122427    0.0588695    0.0971237    0.0729246   
-0.0119004   -0.0122427   20.1602       0.0424073    0.0729246    0.10521     

Stress Spherical
0            0            0             0            0            0           
0            0            0             0            0            0           
0            0            0             0            0            0           

Inertia
149.975      -56.2153     -56.2127      0.317116     0.110129     0.147902    
-56.2153     149.983      -56.2505      0.110129     0.270869     0.169172    
-56.2127     -56.2505     149.933       0.147902     0.169172     0.309887    

Bond Length
0.61990893    0.0027396997

BB bond length
0.61990893    0.0027396997

Water EE distance
0             0           

PEG EE distance
7.1890675     0.21071286  

BBB P2(x)
0.50856817    0.012453929 

BBB first bond length
0.61987656    0.0029042618

BBB second bond length
0.61982728    0.0027843441

BBB <phi**2>/<phi>**2
1.2244391     0.0082016094

Time = 20000
Temperature
1.0090158     0.010258201 

Pressure
23.246109     0.094102683 

CM Mom
-3.256233e-17  2.3315578e-17 
-1.3243296e-17 1.9691442e-17 
4.8957484e-18  1.3663174e-17 
4.5264765e-17  1.8133148e-17 

CM Pos
7.5067946      0.011269819   
7.4923697      0.011913287   
7.493721       0.016398572   
12.986289      0.01611934    

Stress
20.2793      0.0275102    0.0160517     0.162088     0.0530091    0.0816064   
0.0275102    20.2002      0.00243704    0.0530091    0.103949     0.1087      
0.0160517    0.00243704   20.1956       0.0816064    0.1087       0.123432    

Stress Spherical
0            0            0             0            0            0           
0            0            0             0            0            0           
0            0            0             0            0            0           

Inertia
149.803      -56.2472     -56.2792      0.305949     0.11377      0.177353    
-56.2472     150.053      -56.1228      0.11377      0.357717     0.195727    
-56.2792     -56.1228     150.001       0.177353     0.195727     0.262854    

Bond Length
0.6182779     0.0013460565

BB bond length
0.6182779     0.0013460565

Water EE distance
0             0           

PEG EE distance
6.7778226     0.075147905 

BBB P2(x)
0.49941319    0.01308602  

BBB first bond length
0.61817745    0.0014930088

BBB second bond length
0.61842436    0.0010965282

BBB <phi**2>/<phi>**2
1.2235493     0.011280954 

Time = 21000
Temperature
1.0108361     0.0097091774

Pressure
23.243068     0.06172021  

CM Mom
-5.2144363e-17 2.890919e-17  
-5.265951e-17  1.881594e-17  
-3.2680439e-18 2.1064655e-17 
8.0711114e-17  2.4939031e-17 

CM Pos
7.4975912      0.016168529   
7.494151       0.010688809   
7.4928303      0.0059746497  
12.981485      0.011578809   

Stress
20.2362      -0.046369    0.0287429     0.11741      0.0716167    0.0891449   
-0.046369    20.2194      0.00436       0.0716167    0.133715     0.0510197   
0.0287429    0.00436      20.194        0.0891449    0.0510197    0.0798386   

Stress Spherical
0            0            0             0            0            0           
0            0            0             0            0            0           
0            0            0             0            0            0           

Inertia
149.805      -56.1923     -56.1802      0.168013     0.164102     0.142551    
-56.1923     149.884      -56.1654      0.164102     0.238123     0.0700905   
-56.1802     -56.1654     149.895       0.142551     0.0700905    0.30061     

Bond Length
0.61900354    0.0021746915

BB bond length
0.61900354    0.0021746915

Water EE distance
0             0           

PEG EE distance
7.0394838     0.14729823  

BBB P2(x)
0.50714575    0.0096411668

BBB first bond length
0.61919846    0.0021151853

BBB second bond length
0.6186933     0.0023264949

BBB <phi**2>/<phi>**2
1.2222605     0.011433102 

Time = 22000
Temperature
1.0109867     0.0067553268

Pressure
23.229432     0.066392908 

CM Mom
-5.0540417e-17 9.6527284e-18 
-4.0139973e-17 1.716605e-17  
-1.3006804e-17 2.6586106e-17 
7.1375802e-17  1.8300068e-17 

CM Pos
7.5026383      0.014203907   
7.5063232      0.015384284   
7.500104       0.010055738   
12.995625      0.017241335   

Stress
20.1805      -0.0135826   0.00903826    0.116226     0.0829438    0.0772262   
-0.0135826   20.1934      -0.0019888    0.0829438    0.0876545    0.0775638   
0.00903826   -0.0019888   20.2335       0.0772262    0.0775638    0.132727    

Stress Spherical
0            0            0             0            0            0           
0            0            0             0            0            0           
0            0            0             0            0            0           

Inertia
150.087      -56.3461     -56.2549      0.335473     0.199974     0.223638    
-56.3461     150.038      -56.2978      0.199974     0.33585      0.153498    
-56.2549     -56.2978     150.124       0.223638     0.153498     0.356512    

Bond Length
0.61843896    0.0018948564

BB bond length
0.61843896    0.0018948564

Water EE distance
0             0           

PEG EE distance
6.9264697     0.17618048  

BBB P2(x)
0.50540828    0.013100925 

BBB first bond length
0.61827772    0.0021474195

BBB second bond length
0.61826008    0.0021986579

BBB <phi**2>/<phi>**2
1.2254863     0.011078316 

Time = 23000
Temperature
1.007285      0.0081817962

Pressure
23.250352     0.11420035  

CM Mom
-5.8409762e-17 1.4066194e-17 
-3.8477386e-17 1.1511325e-17 
-2.202043e-17  1.2682609e-17 
7.536084e-17   1.3750259e-17 

CM Pos
7.503232       0.01478166    
7.5011277      0.0095695763  
7.4966898      0.008428542   
12.990997      0.011998511   

Stress
20.2466      0.0355612    -0.00160328   0.152305     0.0445982    0.0459174   
0.0355612    20.2389      -0.0188181    0.0445982    0.14005      0.0503149   
-0.00160328  -0.0188181   20.2179       0.0459174    0.0503149    0.177885    

Stress Spherical
0            0            0             0            0            0           
0            0            0             0            0            0           
0            0            0             0            0            0           

Inertia
149.949      -56.3137     -56.2439      0.216902     0.200228     0.162516    
-56.3137     149.978      -56.2428      0.200228     0.301707     0.132713    
-56.2439     -56.2428     150.048       0.162516     0.132713     0.284481    

Bond Length
0.61995937    0.0026289403

BB bond length
0.61995937    0.0026289403

Water EE distance
0             0           

PEG EE distance
7.1988891     0.14944968  

BBB P2(x)
0.51210729    0.015242178 

BBB first bond length
0.61980793    0.0027538528

BBB second bond length
0.62018096    0.002652252 

BBB <phi**2>/<phi>**2
1.2280024     0.0070001828

Time = 24000
Temperature
1.011153      0.0098297862

Pressure
23.271816     0.085090867 

CM Mom
-2.8659795e-17 2.7132159e-17 
3.3757152e-19  1.4623292e-17 
-4.5559246e-17 1.4998218e-17 
6.2163608e-17  1.4414223e-17 

CM Pos
7.5035289      0.010137578   
7.5040966      0.012851971   
7.4990649      0.011890144   
12.994252      0.014340945   

Stress
20.1776      0.0687398    0.0163099     0.0927333    0.0849615    0.0577806   
0.0687398    20.2678      0.0130644     0.0849615    0.136163     0.0463238   
0.0163099    0.0130644    20.2876       0.0577806    0.0463238    0.10421     

Stress Spherical
0            0            0             0            0            0           
0            0            0             0            0            0           
0            0            0             0            0            0           

Inertia
150.024      -56.3017     -56.2738      0.246479     0.21257      0.154794    
-56.3017     150.034      -56.2761      0.21257      0.231954     0.145504    
-56.2738     -56.2761     150.128       0.154794     0.145504     0.213064    

Bond Length
0.6189056     0.0015853947

BB bond length
0.6189056     0.0015853947

Water EE distance
0             0           

PEG EE distance
6.9142127     0.084819926 

BBB P2(x)
0.51043179    0.010222391 

BBB first bond length
0.61879985    0.0016705615

BBB second bond length
0.61878941    0.001347854 

BBB <phi**2>/<phi>**2
1.2257766     0.0056560874

Time = 25000
Temperature
1.0087383     0.0082492525

Pressure
23.233967     0.061173692 

CM Mom
-1.4878417e-17 1.9249373e-17 
-9.6209258e-18 1.6530381e-17 
-4.4956342e-17 2.074946e-17  
5.4522759e-17  2.0895045e-17 

CM Pos
7.5067946      0.011916061   
7.5060263      0.0084298491  
7.4972836      0.0083180163  
12.996223      0.011034536   

Stress
20.2228      0.0105371    0.0269215     0.0979203    0.0504798    0.0549351   
0.0105371    20.1922      0.00258455    0.0504798    0.0885736    0.0614552   
0.0269215    0.00258455   20.2262       0.0549351    0.0614552    0.102361    

Stress Spherical
0            0            0             0            0            0           
0            0            0             0            0            0           
0            0            0             0            0            0           

Inertia
150.04       -56.34       -56.302       0.169426     0.135654     0.130173    
-56.34       150.061      -56.3003      0.135654     0.187757     0.13493     
-56.302      -56.3003     150.186       0.130173     0.13493      0.242912    

Bond Length
0.61855295    0.002608979 

BB bond length
0.61855295    0.002608979 

Water EE distance
0             0           

PEG EE distance
7.1819658     0.16540596  

BBB P2(x)
0.50509516    0.013258801 

BBB first bond length
0.61860584    0.0025106818

BBB second bond length
0.61859866    0.0027396161

BBB <phi**2>/<phi>**2
1.2252685     0.010280215 

Time = 26000
Temperature
1.007834      0.0079334979

Pressure
23.262774     0.064207034 

CM Mom
-2.6423418e-17 1.0589237e-17 
7.2045014e-18  1.7447668e-17 
-5.1639654e-17 2.5517006e-17 
6.3971641e-17  1.9800389e-17 

CM Pos
7.5033805      0.010705288   
7.4993465      0.010580028   
7.4999555      0.010700141   
12.991939      0.01061104    

Stress
20.2496      0.0259639    -0.0163347    0.102068     0.0828285    0.0607252   
0.0259639    20.23        -0.0170339    0.0828285    0.125655     0.0805157   
-0.0163347   -0.0170339   20.2561       0.0607252    0.0805157    0.12871     

Stress Spherical
0            0            0             0            0            0           
0            0            0             0            0            0           
0            0            0             0            0            0           

Inertia
149.991      -56.2247     -56.2695      0.281553     0.149064     0.10293     
-56.2247     150.058      -56.2375      0.149064     0.194558     0.130408    
-56.2695     -56.2375     150.033       0.10293      0.130408     0.195528    

Bond Length
0.61712781    0.0024541518

BB bond length
0.61712781    0.0024541518

Water EE distance
0             0           

PEG EE distance
6.7096972     0.14465479  

BBB P2(x)
0.50199874    0.017991266 

BBB first bond length
0.61707082    0.0023705553

BBB second bond length
0.61732045    0.0025718954

BBB <phi**2>/<phi>**2
1.2242034     0.01125844  

Time = 27000
Temperature
1.0111407     0.008618312 

Pressure
23.211752     0.071504585 

CM Mom
-2.5350276e-17 1.3559191e-17 
-1.0180432e-17 1.5814403e-17 
-8.3666786e-17 1.586911e-17  
9.0317639e-17  1.6580368e-17 

CM Pos
7.4992241      0.01616921    
7.500534       0.017958338   
7.4992133      0.010868706   
12.98981       0.011119443   

Stress
20.1622      -0.0341545   0.00432394    0.0637869    0.0870537    0.0688265   
-0.0341545   20.1979      -0.03778      0.0870537    0.0961973    0.0897924   
0.00432394   -0.03778     20.1929       0.0688265    0.0897924    0.0997214   

Stress Spherical
0            0            0             0            0            0           
0            0            0             0            0            0           
0            0            0             0            0            0           

Inertia
150.009      -56.2404     -56.2287      0.29828      0.132508     0.172671    
-56.2404     149.983      -56.2499      0.132508     0.267557     0.127155    
-56.2287     -56.2499     149.999       0.172671     0.127155     0.309996    

Bond Length
0.61822041    0.0021672366

BB bond length
0.61822041    0.0021672366

Water EE distance
0             0           

PEG EE distance
6.5453206     0.32563663  

BBB P2(x)
0.50162619    0.013299679 

BBB first bond length
0.61809229    0.0021539484

BBB second bond length
0.6179895     0.0020804965

BBB <phi**2>/<phi>**2
1.2214499     0.0068953766

Time = 28000
Temperature
1.0125069     0.006015469 

Pressure
23.276049     0.099701283 

CM Mom
-2.8310962e-17 1.0841858e-17 
2.3416861e-17  1.3629433e-17 
-8.6321351e-17 2.7838872e-17 
9.6869753e-17  2.2266493e-17 

CM Pos
7.4959584      0.01004697    
7.5003855      0.016847278   
7.5026275      0.014562393   
12.989802      0.01519254    

Stress
20.2545      0.0503565    -0.0435009    0.0840135    0.0771333    0.0734412   
0.0503565    20.2088      -0.061129     0.0771333    0.148119     0.0381959   
-0.0435009   -0.061129    20.2702       0.0734412    0.0381959    0.160024    

Stress Spherical
0            0            0             0            0            0           
