Time = 1000
Temperature
   1.1318449    0.13550801

Pressure
   23.946911    0.78554043

CM Mom
-2.8447469e-17 2.8869231e-17 
2.7193593e-17  3.1139945e-17 
-1.1949925e-16 2.1861999e-16 
1.8648719e-16  1.7506906e-16 

CM Pos
10.001704      0.012578169   
9.9998473      0.0093181769  
9.9958096      0.025798484   
17.319         0.019853629   

Stress
20.5398      -0.00376378  -0.016419     0.430406     0.0553683    0.0624438   
-0.00376378  20.5482      -0.0090147    0.0553683    0.40084      0.0639045   
-0.016419    -0.0090147   20.5692       0.0624438    0.0639045    0.419908    

Stress Spherical
0            0            0             0            0            0           
0            0            0             0            0            0           
0            0            0             0            0            0           

Inertia
266.717      -100.073     -99.9632      2.66593      0.225007     0.265742    
-100.073     266.749      -99.9162      0.225007     2.85863      0.3781      
-99.9632     -99.9162     266.872       0.265742     0.3781       3.37069     

Bond Length
0.62389532    0.0059949773

BB bond length
0.62389532    0.0059949773

Water EE distance
0             0           

PEG EE distance
5.5085239     0.20512082  

BBB P2(x)
0.087814185   0.012450923 

BBB first bond length
0.62398852    0.0061400324

BBB second bond length
0.62404353    0.0059670204

BBB <phi**2>/<phi>**2
1.122295      0.0044913397

Time = 2000
Temperature
1.0185403     0.0050327482

Pressure
23.205899     0.051709956 

CM Mom
-2.5589431e-17 2.8751142e-17 
1.5169377e-17  3.4450836e-17 
4.3667631e-18  6.1455288e-17 
7.1144561e-17  4.0406555e-17 

CM Pos
9.99862        0.01375679    
10.003348      0.010700992   
9.9999774      0.0088000569  
17.321639      0.011466766   

Stress
20.1545      0.0119638    0.00572416    0.0941736    0.0337844    0.0384132   
0.0119638    20.1457      -0.000142577  0.0337844    0.0596763    0.0526286   
0.00572416   -0.000142577 20.1533       0.0384132    0.0526286    0.0593485   

Stress Spherical
0            0            0             0            0            0           
0            0            0             0            0            0           
0            0            0             0            0            0           

Inertia
266.677      -100.006     -99.9912      1.05205      0.215317     0.200743    
-100.006     266.551      -100.074      0.215317     1.03059      0.130096    
-99.9912     -100.074     266.653       0.200743     0.130096     1.29433     

Bond Length
0.62329435    0.00084842025

BB bond length
0.62329435    0.00084842025

Water EE distance
0             0           

PEG EE distance
5.2050008     0.11883095  

BBB P2(x)
0.081253197   0.0069925113

BBB first bond length
0.62347185    0.00088188217

BBB second bond length
0.62344065    0.00081330413

BBB <phi**2>/<phi>**2
1.1199029     0.0029373702

Time = 3000
Temperature
1.0101998     0.0054756252

Pressure
23.105692     0.063355569 

CM Mom
-1.2936252e-17 1.160188e-17  
5.8377751e-18  2.8068061e-17 
-3.8379577e-17 5.4663821e-17 
6.54791e-17    3.6020251e-17 

CM Pos
9.9998704      0.012392285   
10.002098      0.0080322348  
10.002145      0.0075432913  
17.322887      0.011096629   

Stress
20.0914      -0.00716168  0.0234        0.0804058    0.0343722    0.0384581   
-0.00716168  20.0597      0.0290514     0.0343722    0.0478852    0.0378014   
0.0234       0.0290514    20.0768       0.0384581    0.0378014    0.0928621   

Stress Spherical
0            0            0             0            0            0           
0            0            0             0            0            0           
0            0            0             0            0            0           

Inertia
266.67       -99.959      -100.043      0.506993     0.153254     0.153321    
-99.959      266.621      -100.043      0.153254     0.74599      0.103958    
-100.043     -100.043     266.619       0.153321     0.103958     0.700192    

Bond Length
0.62441824    0.0011740901

BB bond length
0.62441824    0.0011740901

Water EE distance
0             0           

PEG EE distance
4.8912728     0.097477348 

BBB P2(x)
0.080964034   0.0064585117

BBB first bond length
0.62459766    0.0013256607

BBB second bond length
0.62453271    0.0013049311

BBB <phi**2>/<phi>**2
1.1194095     0.0024065764

Time = 4000
Temperature
1.0089521     0.0050741967

Pressure
23.146316     0.066522834 

CM Mom
-2.0605042e-17 1.1847288e-17 
-2.179217e-18  1.473995e-17  
-2.6011439e-17 2.9042128e-17 
4.4078564e-17  1.9080393e-17 

CM Pos
9.9981198      0.009424945   
9.9985969      0.005529949   
10.003145      0.010398344   
17.320433      0.0095469345  

Stress
20.1232      -0.00782047  0.00598969    0.0589968    0.037787     0.0417982   
-0.00782047  20.1122      -0.0017781    0.037787     0.103453     0.0566224   
0.00598969   -0.0017781   20.1257       0.0417982    0.0566224    0.0896355   

Stress Spherical
0            0            0             0            0            0           
0            0            0             0            0            0           
0            0            0             0            0            0           

Inertia
266.635      -99.961      -100.003      0.358614     0.129673     0.128457    
-99.961      266.611      -99.9834      0.129673     0.325192     0.133271    
-100.003     -99.9834     266.533       0.128457     0.133271     0.181746    

Bond Length
0.62440249    0.00084835488

BB bond length
0.62440249    0.00084835488

Water EE distance
0             0           

PEG EE distance
4.8475559     0.049593517 

BBB P2(x)
0.079145667   0.012569928 

BBB first bond length
0.62456383    0.00079811295

BBB second bond length
0.62452899    0.00087654974

BBB <phi**2>/<phi>**2
1.1196992     0.0052425292

Time = 5000
Temperature
1.007406      0.0063009777

Pressure
23.134774     0.060568943 

CM Mom
-1.5129582e-17 2.1817703e-17 
3.8610015e-18  1.3573599e-17 
-1.8618898e-17 1.8417753e-17 
3.9009882e-17  8.2566623e-18 

CM Pos
10.004122      0.0067390932  
9.9947625      0.008476698   
9.9963931      0.01013267    
17.317786      0.010907105   

Stress
20.1233      -0.00847282  0.0104492     0.0760839    0.0437599    0.0365955   
-0.00847282  20.1232      -0.00766098   0.0437599    0.0672744    0.0563296   
0.0104492    -0.00766098  20.0938       0.0365955    0.0563296    0.0793352   

Stress Spherical
0            0            0             0            0            0           
0            0            0             0            0            0           
0            0            0             0            0            0           

Inertia
266.442      -99.9881     -100.002      0.280141     0.153396     0.134382    
-99.9881     266.594      -99.9531      0.153396     0.248328     0.165726    
-100.002     -99.9531     266.578       0.134382     0.165726     0.258418    

Bond Length
0.62403812    0.0010236632

BB bond length
0.62403812    0.0010236632

Water EE distance
0             0           

PEG EE distance
4.7053317     0.062812551 

BBB P2(x)
0.078094992   0.0075033663

BBB first bond length
0.62401068    0.00093779444

BBB second bond length
0.62426512    0.0011879755

BBB <phi**2>/<phi>**2
1.1192181     0.0029755748

Time = 6000
Temperature
1.0093539     0.0048929466

Pressure
23.126453     0.04944246  

CM Mom
-1.1940577e-17 1.3579448e-17 
3.3875152e-18  1.4591437e-17 
-3.2776115e-17 1.5657013e-17 
4.1908457e-17  1.0698652e-17 

CM Pos
10.003621      0.01654518    
10.003265      0.012416932   
9.9998107      0.0096064036  
17.324383      0.015413796   

Stress
20.1117      -0.0148717   0.00530526    0.072847     0.043645     0.0519979   
-0.0148717   20.0773      -0.0103036    0.043645     0.0756313    0.0483942   
0.00530526   -0.0103036   20.1088       0.0519979    0.0483942    0.068431    

Stress Spherical
0            0            0             0            0            0           
0            0            0             0            0            0           
0            0            0             0            0            0           

Inertia
266.7        -100.097     -100.038      0.303218     0.260786     0.248459    
-100.097     266.706      -100.058      0.260786     0.417302     0.16693     
-100.038     -100.058     266.755       0.248459     0.16693      0.409367    

Bond Length
0.62427317    0.00081860043

BB bond length
0.62427317    0.00081860043

Water EE distance
0             0           

PEG EE distance
4.6529043     0.049501542 

BBB P2(x)
0.071698797   0.008033024 

BBB first bond length
0.62454387    0.00075820697

BBB second bond length
0.62428355    0.00083627401

BBB <phi**2>/<phi>**2
1.1167741     0.0043601274

Time = 7000
Temperature
1.0092922     0.0049117123

Pressure
23.101994     0.033186546 

CM Mom
-1.6364198e-17 2.1929752e-17 
9.6857045e-18  2.0649952e-17 
-2.3573557e-17 1.0829161e-17 
4.0073278e-17  1.8331668e-17 

CM Pos
10.002871      0.018156091   
10.000597      0.012707872   
10.002395      0.010869786   
17.323907      0.012105816   

Stress
20.0626      -0.0223221   0.00159241    0.0694544    0.0406834    0.0480855   
-0.0223221   20.0948      -0.0026937    0.0406834    0.0658277    0.0257136   
0.00159241   -0.0026937   20.0676       0.0480855    0.0257136    0.0388921   

Stress Spherical
0            0            0             0            0            0           
0            0            0             0            0            0           
0            0            0             0            0            0           

Inertia
266.728      -100.04      -100.055      0.150576     0.219933     0.268607    
-100.04      266.761      -100.024      0.219933     0.407611     0.144893    
-100.055     -100.024     266.725       0.268607     0.144893     0.444506    

Bond Length
0.62415694    0.0011270859

BB bond length
0.62415694    0.0011270859

Water EE distance
0             0           

PEG EE distance
4.768587      0.094489548 

BBB P2(x)
0.071900029   0.0057512065

BBB first bond length
0.62424723    0.0010988191

BBB second bond length
0.62436951    0.0010556142

BBB <phi**2>/<phi>**2
1.1157733     0.0028622373

Time = 8000
Temperature
1.0118265     0.0066531224

Pressure
23.12943      0.045831222 

CM Mom
-1.9086137e-17 1.8519702e-17 
-4.1668646e-19 1.8069237e-17 
-3.5856958e-17 8.8754508e-18 
4.7683747e-17  1.1166299e-17 

CM Pos
9.9963693      0.0082034258  
9.9978467      0.011246797   
10.001645      0.016000543   
17.318127      0.012341593   

Stress
20.0676      -0.012812    0.0145283     0.0561931    0.0476156    0.0629199   
-0.012812    20.1363      -0.00756417   0.0476156    0.0791018    0.0296817   
0.0145283    -0.00756417  20.0806       0.0629199    0.0296817    0.0526471   

Stress Spherical
0            0            0             0            0            0           
0            0            0             0            0            0           
0            0            0             0            0            0           

Inertia
266.657      -99.9482     -100.021      0.395219     0.158553     0.108768    
-99.9482     266.612      -100.001      0.158553     0.312071     0.168292    
-100.021     -100.001     266.536       0.108768     0.168292     0.306736    

Bond Length
0.62388268    0.00099805766

BB bond length
0.62388268    0.00099805766

Water EE distance
0             0           

PEG EE distance
4.6519574     0.047624367 

BBB P2(x)
0.078929991   0.0039636274

BBB first bond length
0.62400196    0.0010794686

BBB second bond length
0.6241484     0.00095513001

BBB <phi**2>/<phi>**2
1.1194848     0.0022414238

Time = 9000
Temperature
1.0074755     0.0041920025

Pressure
23.111773     0.05919402  

CM Mom
-2.0848841e-17 2.0934307e-17 
1.3375092e-17  1.4815577e-17 
-4.5891038e-17 2.4757693e-17 
5.9670108e-17  2.0729754e-17 

CM Pos
9.9956191      0.010038974   
9.9990971      0.0097954988  
10.002978      0.017072859   
17.319187      0.013490039   

Stress
20.0872      -0.0175311   0.0100043     0.0652809    0.0512093    0.0244863   
-0.0175311   20.0896      -0.0222417    0.0512093    0.0850677    0.0588056   
0.0100043    -0.0222417   20.0939       0.0244863    0.0588056    0.0900356   

Stress Spherical
0            0            0             0            0            0           
0            0            0             0            0            0           
0            0            0             0            0            0           

Inertia
266.713      -99.9526     -99.9938      0.392757     0.221784     0.221315    
-99.9526     266.627      -100.024      0.221784     0.467484     0.171687    
-99.9938     -100.024     266.548       0.221315     0.171687     0.288684    

Bond Length
0.62358213    0.0014595665

BB bond length
0.62358213    0.0014595665

Water EE distance
0             0           

PEG EE distance
4.6558758     0.044625645 

BBB P2(x)
0.07406507    0.0071850694

BBB first bond length
0.62356696    0.001437404 

BBB second bond length
0.62371656    0.0014223765

BBB <phi**2>/<phi>**2
1.1180612     0.0033939145

Time = 10000
Temperature
1.0114851     0.0051038635

Pressure
23.123939     0.038547148 

CM Mom
-1.7618885e-17 1.5208729e-17 
1.4348035e-17  1.2775955e-17 
-3.5920178e-17 1.8921089e-17 
4.6389636e-17  2.0176476e-17 

CM Pos
10.002454      0.01219873    
10.001931      0.010358173   
10.004562      0.013538883   
17.325685      0.0071579634  

Stress
20.0899      -0.0107992   0.0112036     0.0485053    0.0380299    0.0417614   
-0.0107992   20.1071      -0.00696467   0.0380299    0.0672047    0.0575118   
0.0112036    -0.00696467  20.0741       0.0417614    0.0575118    0.0481426   

Stress Spherical
0            0            0             0            0            0           
0            0            0             0            0            0           
0            0            0             0            0            0           

Inertia
266.812      -100.093     -100.069      0.265126     0.161282     0.145175    
-100.093     266.806      -100.083      0.161282     0.187324     0.122377    
-100.069     -100.083     266.752       0.145175     0.122377     0.354544    

Bond Length
0.6241018     0.0015186193

BB bond length
0.6241018     0.0015186193

Water EE distance
0             0           

PEG EE distance
4.7960738     0.074735491 

BBB P2(x)
0.0787758     0.0055860813

BBB first bond length
0.62419274    0.0016558617

BBB second bond length
0.6243103     0.0014983958

BBB <phi**2>/<phi>**2
1.1199084     0.0030045   

Time = 11000
Temperature
1.0077104     0.0041348979

Pressure
23.112198     0.035732463 

CM Mom
-2.9094016e-19 1.1446563e-17 
-4.1810935e-18 1.4422513e-17 
-4.2062659e-17 2.2289581e-17 
4.7547175e-17  1.9025186e-17 

CM Pos
10.007289      0.013693      
10.002932      0.01063096    
9.9985604      0.010146375   
17.325587      0.011663567   

Stress
20.0941      0.00875782   0.00229155    0.0707332    0.0572004    0.0435072   
0.00875782   20.0793      0.0297419     0.0572004    0.08108      0.0262369   
0.00229155   0.0297419    20.0964       0.0435072    0.0262369    0.0527334   

Stress Spherical
0            0            0             0            0            0           
0            0            0             0            0            0           
0            0            0             0            0            0           

Inertia
266.719      -100.106     -100.009      0.22453      0.165674     0.223676    
-100.106     266.799      -100.034      0.165674     0.440415     0.148051    
-100.009     -100.034     266.883       0.223676     0.148051     0.234956    

Bond Length
0.62477929    0.00047702537

BB bond length
0.62477929    0.00047702537

Water EE distance
0             0           

PEG EE distance
4.7321288     0.089922284 

BBB P2(x)
0.078071783   0.0059799046

BBB first bond length
0.624947      0.00059127644

BBB second bond length
0.62490753    0.00041513534

BBB <phi**2>/<phi>**2
1.1201738     0.0019730046

Time = 12000
Temperature
1.0125949     0.004219629 

Pressure
23.12924      0.037473444 

CM Mom
-1.7791945e-17 1.8086288e-17 
-1.7335522e-17 2.094451e-17  
-5.0027074e-17 2.0877251e-17 
6.3452636e-17  1.7181114e-17 

CM Pos
10.001371      0.010735028   
10.003265      0.01146857    
9.9974767      0.0051822718  
17.321734      0.0083371985  

Stress
20.1254      0.00323065   -0.004944     0.0811812    0.0408444    0.0526774   
0.00323065   20.0355      0.0114258     0.0408444    0.0602824    0.0452256   
-0.004944    0.0114258    20.1161       0.0526774    0.0452256    0.0531454   

Stress Spherical
0            0            0             0            0            0           
0            0            0             0            0            0           
0            0            0             0            0            0           

Inertia
266.716      -100.014     -100.013      0.286841     0.173343     0.113785    
-100.014     266.684      -100.017      0.173343     0.118985     0.198133    
-100.013     -100.017     266.772       0.113785     0.198133     0.258517    

Bond Length
0.62447637    0.0013360202

BB bond length
0.62447637    0.0013360202

Water EE distance
0             0           

PEG EE distance
4.6257616     0.068358043 

BBB P2(x)
0.074468842   0.005467287 

BBB first bond length
0.62467957    0.0013622626

BBB second bond length
0.62463595    0.0012653161

BBB <phi**2>/<phi>**2
1.1182535     0.0021006351

Time = 13000
Temperature
1.0086909     0.0038340033

Pressure
23.13103      0.057903351 

CM Mom
-9.9978145e-19 2.7044548e-17 
-4.4724964e-18 1.805678e-17  
-3.3554829e-17 2.3158255e-17 
5.015541e-17   1.5004124e-17 

CM Pos
9.9971196      0.0087917622  
10.001264      0.0085761205  
9.9990605      0.0095785153  
17.319038      0.0090203201  

Stress
20.1088      0.0174241    0.0215112     0.088868     0.0461625    0.0689837   
0.0174241    20.0701      -0.0162716    0.0461625    0.0703781    0.040089    
0.0215112    -0.0162716   20.1386       0.0689837    0.040089     0.0643096   

Stress Spherical
0            0            0             0            0            0           
0            0            0             0            0            0           
0            0            0             0            0            0           

Inertia
266.685      -99.9959     -99.9752      0.212907     0.137804     0.172592    
-99.9959     266.593      -100.009      0.137804     0.367917     0.16008     
-99.9752     -100.009     266.652       0.172592     0.16008      0.226759    

Bond Length
0.62475167    0.0010673929

BB bond length
0.62475167    0.0010673929

Water EE distance
0             0           

PEG EE distance
4.6915644     0.028694292 

BBB P2(x)
0.078329912   0.0053707684

BBB first bond length
0.62477033    0.00093917941

BBB second bond length
0.62479285    0.0010941824

BBB <phi**2>/<phi>**2
1.1188321     0.0025492676

Time = 14000
Temperature
1.0089598     0.0031702501

Pressure
23.105523     0.040687308 

CM Mom
2.1674637e-17  1.0666358e-17 
-9.2046989e-18 1.5110028e-17 
-4.4085937e-17 7.5967334e-18 
5.2900765e-17  9.9694429e-18 

CM Pos
10.004288      0.0089391117  
9.9996806      0.013657432   
9.9983937      0.0089406661  
17.32188       0.0097700158  

Stress
20.076       0.00577797   -0.00177075   0.0614125    0.0462105    0.036459    
0.00577797   20.0972      0.0135782     0.0462105    0.0773047    0.0533061   
-0.00177075  0.0135782    20.0654       0.036459     0.0533061    0.0539118   

Stress Spherical
0            0            0             0            0            0           
0            0            0             0            0            0           
0            0            0             0            0            0           

Inertia
266.639      -100.024     -100.018      0.291799     0.204248     0.173421    
-100.024     266.732      -99.969       0.204248     0.279076     0.14313     
-100.018     -99.969      266.735       0.173421     0.14313      0.373015    

Bond Length
0.62420748    0.00087521008

BB bond length
0.62420748    0.00087521008

Water EE distance
0             0           

PEG EE distance
4.744553      0.071146971 

BBB P2(x)
0.075000043   0.0052405676

BBB first bond length
0.62439509    0.0011154067

BBB second bond length
0.62442134    0.00086076688

BBB <phi**2>/<phi>**2
1.1176818     0.0034842528

Time = 15000
Temperature
1.0116683     0.0051488257

Pressure
23.122054     0.038725366 

CM Mom
1.0749516e-17  1.5331509e-17 
1.1687668e-17  9.0856803e-18 
-4.8018893e-17 1.5241709e-17 
5.383798e-17   1.4469072e-17 

CM Pos
9.9988701      0.010728553   
10.004182      0.010016801   
9.9975601      0.0091328944  
17.32087       0.005131376   

Stress
20.0785      0.00686204   0.0132421     0.101027     0.0464209    0.0544622   
0.00686204   20.0785      0.00651951    0.0464209    0.0680017    0.0560409   
0.0132421    0.00651951   20.1069       0.0544622    0.0560409    0.0807251   

Stress Spherical
0            0            0             0            0            0           
0            0            0             0            0            0           
0            0            0             0            0            0           

Inertia
266.697      -100.04      -99.9795      0.321878     0.125132     0.11244     
-100.04      266.605      -100.035      0.125132     0.256207     0.170889    
-99.9795     -100.035     266.728       0.11244      0.170889     0.132849    

Bond Length
0.62399786    0.00067492352

BB bond length
0.62399786    0.00067492352

Water EE distance
0             0           

PEG EE distance
4.5979566     0.067188357 

BBB P2(x)
0.077814003   0.0065956293

BBB first bond length
0.62407412    0.00074412024

BBB second bond length
0.62403541    0.00072116846

BBB <phi**2>/<phi>**2
1.1191058     0.0041332832

Time = 16000
Temperature
1.0103439     0.0086206506

Pressure
23.103967     0.064236553 

CM Mom
9.7797539e-18  1.557055e-17  
7.613262e-18   1.3264033e-17 
-6.3867178e-17 3.0195046e-17 
6.8869071e-17  2.8631978e-17 

CM Pos
10.003955      0.011641456   
10.001765      0.018995487   
10.002311      0.014581871   
17.325158      0.015440499   

Stress
20.0796      0.0191219    -0.00351968   0.0956842    0.0781181    0.0379847   
0.0191219    20.0662      0.00184734    0.0781181    0.0934732    0.0422164   
-0.00351968  0.00184734   20.0757       0.0379847    0.0422164    0.0492658   

Stress Spherical
0            0            0             0            0            0           
0            0            0             0            0            0           
0            0            0             0            0            0           

Inertia
266.743      -100.086     -100.056      0.634817     0.172899     0.111968    
-100.086     266.805      -100.041      0.172899     0.250086     0.314828    
-100.056     -100.041     266.78        0.111968     0.314828     0.408005    

Bond Length
0.62437873    0.0014964226

BB bond length
0.62437873    0.0014964226

Water EE distance
0             0           

PEG EE distance
4.6444108     0.057586105 

BBB P2(x)
0.072264161   0.0046465372

BBB first bond length
0.62455532    0.0016011846

BBB second bond length
0.62443846    0.0014586362

BBB <phi**2>/<phi>**2
1.1166101     0.0025030045

Time = 17000
Temperature
1.0083343     0.0051109648

Pressure
23.08459      0.068146888 

CM Mom
9.4903176e-18  1.8328818e-17 
2.5284609e-18  1.5557892e-17 
-3.4484565e-17 2.003696e-17  
4.4183628e-17  1.7689681e-17 

CM Pos
10.004122      0.012480285   
9.9958461      0.017461388   
10.004395      0.011213385   
17.323037      0.017443497   

Stress
20.0498      0.00287152   -0.0296856    0.0983057    0.0320957    0.0414453   
0.00287152   20.0564      -0.00579008   0.0320957    0.103047     0.0371614   
-0.0296856   -0.00579008  20.0752       0.0414453    0.0371614    0.0774433   

Stress Spherical
0            0            0             0            0            0           
0            0            0             0            0            0           
0            0            0             0            0            0           

Inertia
266.66       -99.9878     -100.104      0.583323     0.264271     0.235826    
-99.9878     266.849      -100.036      0.264271     0.383447     0.299298    
-100.104     -100.036     266.678       0.235826     0.299298     0.43286     

Bond Length
0.62452623    0.0010116016

BB bond length
0.62452623    0.0010116016

Water EE distance
0             0           

PEG EE distance
4.850693      0.10643209  

BBB P2(x)
0.072535159   0.0076860217

BBB first bond length
0.62450869    0.001046484 

BBB second bond length
0.62478592    0.001080034 

BBB <phi**2>/<phi>**2
1.117079      0.0040830104

Time = 18000
Temperature
1.0115482     0.0037008422

Pressure
23.105716     0.035749526 

CM Mom
4.0071946e-18  1.0499073e-17 
1.3628262e-17  1.1062199e-17 
-1.9845416e-17 2.4143033e-17 
3.3158004e-17  1.7653987e-17 

CM Pos
10.00929       0.0078196403  
9.9980134      0.01327037    
9.9963097      0.012550517   
17.322603      0.013087442   

Stress
20.0749      0.0208964    0.00941042    0.0647827    0.0366166    0.0242953   
0.0208964    20.0527      -0.00393516   0.0366166    0.0789251    0.0331378   
0.00941042   -0.00393516  20.0882       0.0242953    0.0331378    0.0568089   

Stress Spherical
0            0            0             0            0            0           
0            0            0             0            0            0           
0            0            0             0            0            0           

Inertia
266.55       -100.085     -100.049      0.450681     0.208371     0.103102    
-100.085     266.783      -99.9543      0.208371     0.209996     0.197654    
-100.049     -99.9543     266.809       0.103102     0.197654     0.310678    

Bond Length
0.62477553    0.00094015259

BB bond length
0.62477553    0.00094015259

Water EE distance
0             0           

PEG EE distance
4.7369468     0.086114161 

BBB P2(x)
0.078798666   0.0071778988

BBB first bond length
0.62479782    0.00096526659

BBB second bond length
0.62508444    0.00097816039

BBB <phi**2>/<phi>**2
1.1193748     0.0029923946

Time = 19000
Temperature
1.0103467     0.0058033168

Pressure
23.149009     0.046579192 

CM Mom
1.114295e-17   2.4715282e-17 
1.9969948e-17  1.1677708e-17 
-1.0528679e-17 9.740534e-18  
3.5513962e-17  1.4651545e-17 

CM Pos
10.004122      0.010680193   
10.001598      0.0082051197  
9.9977268      0.012061249   
17.322505      0.0099090196  

Stress
20.1261      -0.0177149   -0.013988     0.091045     0.0529915    0.0463669   
-0.0177149   20.1057      0.000364826   0.0529915    0.0434153    0.0683257   
-0.013988    0.000364826  20.1247       0.0463669    0.0683257    0.052788    

Stress Spherical
0            0            0             0            0            0           
0            0            0             0            0            0           
0            0            0             0            0            0           

Inertia
266.656      -100.072     -99.9961      0.263268     0.115413     0.224291    
-100.072     266.713      -100.022      0.115413     0.451488     0.12721     
-99.9961     -100.022     266.788       0.224291     0.12721      0.25128     

Bond Length
0.62438971    0.00085559703

BB bond length
0.62438971    0.00085559703

Water EE distance
0             0           

PEG EE distance
4.498304      0.06890944  

BBB P2(x)
0.070706176   0.0077854753

BBB first bond length
0.62447395    0.00085362785

BBB second bond length
0.6245058     0.0010232195

BBB <phi**2>/<phi>**2
1.1179227     0.0035425491

Time = 20000
Temperature
1.0087804     0.0054540359

Pressure
23.117435     0.045615021 

CM Mom
1.8784149e-17  1.1665645e-17 
2.794541e-17   5.5445491e-18 
-1.8194114e-17 1.3819608e-17 
4.2163204e-17  6.7000821e-18 

CM Pos
10.004788      0.013974282   
9.9980968      0.0067313557  
10.003062      0.0084910309  
17.323948      0.010166598   

Stress
20.1242      0.00718599   0.00989451    0.0836288    0.0370236    0.0372102   
0.00718599   20.0791      -0.00395135   0.0370236    0.0590531    0.0555473   
0.00989451   -0.00395135  20.0726       0.0372102    0.0555473    0.0736944   

Stress Spherical
0            0            0             0            0            0           
0            0            0             0            0            0           
0            0            0             0            0            0           

Inertia
266.699      -100.021     -100.078      0.204005     0.124914     0.225006    
-100.021     266.83       -100.033      0.124914     0.417681     0.0911638   
-100.078     -100.033     266.74        0.225006     0.0911638    0.323842    

Bond Length
0.62429694    0.0011166428

BB bond length
0.62429694    0.0011166428

Water EE distance
0             0           

PEG EE distance
4.5205543     0.03499316  

BBB P2(x)
0.076445937   0.007954928 

BBB first bond length
0.62451988    0.0011095484

BBB second bond length
0.62452501    0.0012198593

BBB <phi**2>/<phi>**2
1.1192967     0.0039726966

Time = 21000
Temperature
1.0105565     0.0054383821

Pressure
23.11861      0.052687372 

CM Mom
2.4287661e-17  6.8507189e-18 
5.5188977e-17  1.612824e-17  
1.1360288e-17  2.5569647e-17 
6.7125469e-17  1.482567e-17  

CM Pos
10.000537      0.011860536   
10.000848      0.0054406431  
10.002478      0.0084125171  
17.322742      0.011254333   

Stress
20.0853      0.0283829    -0.0271538    0.0686182    0.0547996    0.0342467   
0.0283829    20.0749      -0.0318214    0.0547996    0.106079     0.0411806   
-0.0271538   -0.0318214   20.1032       0.0342467    0.0411806    0.058699    

Stress Spherical
0            0            0             0            0            0           
0            0            0             0            0            0           
0            0            0             0            0            0           

Inertia
266.745      -99.9831     -100.05       0.273782     0.178565     0.170353    
-99.9831     266.741      -100.053      0.178565     0.316138     0.148499    
-100.05      -100.053     266.705       0.170353     0.148499     0.324048    

Bond Length
0.62414237    0.0014081362

BB bond length
0.62414237    0.0014081362

Water EE distance
0             0           

PEG EE distance
4.6918148     0.046825815 

BBB P2(x)
0.07684708    0.0051505168

BBB first bond length
0.62419171    0.0013057218

BBB second bond length
0.62423621    0.0014834869

BBB <phi**2>/<phi>**2
1.1197379     0.0034182563

Time = 22000
Temperature
1.010196      0.0051439208

Pressure
23.125162     0.045489323 

CM Mom
7.8668368e-18  1.1194749e-17 
6.5100955e-17  1.9939387e-17 
1.7560755e-17  1.0866926e-17 
6.9504812e-17  2.0456647e-17 

CM Pos
10.003288      0.0052030131  
9.9959295      0.0099293618  
9.9998107      0.0085582772  
17.319951      0.0098156739  

Stress
20.1109      -0.006264    -0.0042882    0.0495483    0.0519721    0.0599802   
-0.006264    20.0527      -0.0119067    0.0519721    0.0906505    0.0525092   
-0.0042882   -0.0119067   20.1228       0.0599802    0.0525092    0.0494839   

Stress Spherical
0            0            0             0            0            0           
0            0            0             0            0            0           
0            0            0             0            0            0           

Inertia
266.586      -99.9751     -100.049      0.290128     0.113539     0.159067    
-99.9751     266.729      -99.9289      0.113539     0.208166     0.174518    
-100.049     -99.9289     266.634       0.159067     0.174518     0.213198    

Bond Length
0.62398074    0.001187715 

BB bond length
0.62398074    0.001187715 

Water EE distance
0             0           

PEG EE distance
4.7565911     0.047803641 

BBB P2(x)
0.072619855   0.0082888827

BBB first bond length
0.62413081    0.0013185033

BBB second bond length
0.62426587    0.0013162868

BBB <phi**2>/<phi>**2
1.116668      0.0040711117

Time = 23000
Temperature
1.0108548     0.0042495513

Pressure
23.115174     0.042912402 

CM Mom
3.5188142e-18  1.5318265e-17 
7.1815715e-17  1.9386413e-17 
2.1386589e-17  1.8353776e-17 
7.7601108e-17  2.3509076e-17 

CM Pos
9.993952       0.0081945272  
9.9956794      0.0042634808  
9.9989772      0.0098563147  
17.313936      0.0060292463  

Stress
20.0708      -0.00428085  -0.00872096   0.06248      0.0403574    0.0504167   
-0.00428085  20.0836      -0.026202     0.0403574    0.0419374    0.0394682   
-0.00872096  -0.026202    20.0961       0.0504167    0.0394682    0.0789415   

Stress Spherical
0            0            0             0            0            0           
0            0            0             0            0            0           
0            0            0             0            0            0           

Inertia
266.568      -99.9152     -99.9688      0.225221     0.0942698    0.118127    
-99.9152     266.522      -99.9224      0.0942698    0.181148     0.117829    
-99.9688     -99.9224     266.467       0.118127     0.117829     0.15698     

Bond Length
0.62452765    0.0012316054

BB bond length
0.62452765    0.0012316054

Water EE distance
0             0           

PEG EE distance
4.8362628     0.072864889 

BBB P2(x)
0.079926588   0.0083983675

BBB first bond length
0.62466069    0.0013351148

BBB second bond length
0.62464594    0.0011750667

BBB <phi**2>/<phi>**2
1.1193701     0.0030279537

Time = 24000
Temperature
1.0098864     0.0033087916

Pressure
23.12147      0.06220494  

CM Mom
-2.5603428e-17 2.4357646e-17 
7.859225e-17   2.2860645e-17 
4.2440592e-17  1.7209529e-17 
9.7035052e-17  2.5094854e-17 

CM Pos
9.9987867      0.0080490861  
10.004765      0.0085257392  
9.9979769      0.010839379   
17.321396      0.0096218072  

Stress
20.0691      0.00147816   -0.0115515    0.0785774    0.0434549    0.0487761   
0.00147816   20.1006      -0.00965178   0.0434549    0.0826128    0.0633208   
-0.0115515   -0.00965178  20.1083       0.0487761    0.0633208    0.0637422   

Stress Spherical
0            0            0             0            0            0           
0            0            0             0            0            0           
0            0            0             0            0            0           

Inertia
266.737      -100.041     -100.005      0.316832     0.125076     0.159135    
-100.041     266.627      -99.9924      0.125076     0.303233     0.127561    
-100.005     -99.9924     266.751       0.159135     0.127561     0.249978    

Bond Length
0.62444437    0.00092039117

BB bond length
0.62444437    0.00092039117

Water EE distance
0             0           

PEG EE distance
4.7976824     0.08217737  

BBB P2(x)
0.076478218   0.0076528388

BBB first bond length
0.62461946    0.0010154181

BBB second bond length
0.62463012    0.000991314 

BBB <phi**2>/<phi>**2
1.1189371     0.0028822913

Time = 25000
Temperature
1.0108078     0.0047270209

Pressure
23.133301     0.053770688 

CM Mom
-1.8896766e-17 1.5757487e-17 
6.9218655e-17  1.1551614e-17 
3.9981541e-17  1.6059135e-17 
8.5578305e-17  7.9259828e-18 

CM Pos
9.9981198      0.008567609   
10.003765      0.010604783   
10.000478      0.010612643   
17.321877      0.011616576   

Stress
20.1154      0.00983941   0.00300323    0.0670034    0.0351972    0.043375    
0.00983941   20.099       -0.00675776   0.0351972    0.052585     0.0615101   
0.00300323   -0.00675776  20.0909       0.043375     0.0615101    0.0925887   

Stress Spherical
0            0            0             0            0            0           
0            0            0             0            0            0           
0            0            0             0            0            0           

Inertia
266.757      -100.028     -99.9883      0.418742     0.158467     0.132541    
-100.028     266.643      -100.052      0.158467     0.272093     0.195059    
-99.9883     -100.052     266.697       0.132541     0.195059     0.317256    

Bond Length
0.62415884    0.0009575242

BB bond length
0.62415884    0.0009575242

Water EE distance
0             0           

PEG EE distance
4.6939733     0.062436674 

BBB P2(x)
0.07536702    0.0069108975

BBB first bond length
0.62416043    0.00092098576

BBB second bond length
0.62426937    0.00085579276

BBB <phi**2>/<phi>**2
1.116953      0.0020382647

Time = 26000
Temperature
1.0109916     0.0037718854

Pressure
23.12898      0.038778237 

CM Mom
-1.7176344e-17 1.9350582e-17 
7.1053371e-17  1.5716681e-17 
6.5027844e-17  2.0522235e-17 
1.0145269e-16  1.7949996e-17 

CM Pos
10.001538      0.017655496   
9.9994305      0.011830033   
10.000478      0.014256107   
17.321358      0.01151593    

Stress
20.1141      -0.0165418   -0.00886578   0.0817964    0.0577845    0.0430573   
-0.0165418   20.0894      -0.00284177   0.0577845    0.0587297    0.03606     
-0.00886578  -0.00284177  20.0872       0.0430573    0.03606      0.0669634   

Stress Spherical
0            0            0             0            0            0           
0            0            0             0            0            0           
0            0            0             0            0            0           

Inertia
266.671      -100.025     -100.068      0.517843     0.179973     0.194528    
-100.025     266.721      -100.011      0.179973     0.311522     0.195133    
-100.068     -100.011     266.68        0.194528     0.195133     0.31153     

Bond Length
0.62474391    0.0011768415

BB bond length
0.62474391    0.0011768415

Water EE distance
0             0           

PEG EE distance
4.6576761     0.12740394  

BBB P2(x)
0.075383786   0.0060176972

BBB first bond length
0.62494716    0.0010892308

BBB second bond length
0.62486318    0.0011798045

BBB <phi**2>/<phi>**2
1.1185561     0.0033499112

Time = 27000
Temperature
1.010472      0.0065479805

Pressure
23.113587     0.051169604 

CM Mom
-1.9577323e-17 2.3805844e-17 
7.0581157e-17  7.6928163e-18 
5.4873744e-17  1.1445088e-17 
9.4938248e-17  1.0941474e-17 

CM Pos
10.004788      0.011557591   
10.002848      0.01595684    
10.005396      0.013813245   
17.328044      0.012731921   

Stress
20.0655      0.011474     -0.00735504   0.0596706    0.0436951    0.0593523   
0.011474     20.0963      0.0214098     0.0436951    0.118362     0.0510021   
-0.00735504  0.0214098    20.0873       0.0593523    0.0510021    0.0526826   

Stress Spherical
0            0            0             0            0            0           
0            0            0             0            0            0           
0            0            0             0            0            0           

Inertia
266.84       -100.072     -100.109      0.595014     0.199849     0.141946    
-100.072     266.891      -100.069      0.199849     0.261089     0.290937    
-100.109     -100.069     266.823       0.141946     0.290937     0.352133    

Bond Length
0.62429488    0.00085182873

BB bond length
0.62429488    0.00085182873

Water EE distance
0             0           

PEG EE distance
4.7167232     0.060887742 

BBB P2(x)
0.079573019   0.0070430927

BBB first bond length
0.62449645    0.00093415163

BBB second bond length
0.62445852    0.00092255457

BBB <phi**2>/<phi>**2
1.1193958     0.0024302379

Time = 28000
Temperature
1.0097175     0.0050511191

Pressure
23.11898      0.0590327   

CM Mom
7.7766049e-18  2.7760614e-17 
7.896087e-17   1.1647744e-17 
5.268371e-17   2.6739424e-17 
1.0284011e-16  1.0774861e-17 

CM Pos
10.004038      0.01737782    
9.9961795      0.009913604   
9.9994773      0.017491009   
17.320345      0.016588564   

Stress
20.1129      0.00602273   -0.00583789   0.0726426    0.0562078    0.0475087   
0.00602273   20.0798      0.0100381     0.0562078    0.104509     0.0589768   
-0.00583789  0.0100381    20.0794       0.0475087    0.0589768    0.0689905   

Stress Spherical
0            0            0             0            0            0           
