Time = 500
Temperature
   1.0297343   0.046649745

Pressure
   23.124387    0.20687642

CM Mom
-6.7299996e-17 2.6854408e-17 
1.8230554e-17  1.2923384e-17 
2.3111252e-17  1.0834622e-17 
7.4827692e-17  2.8322272e-17 

CM Pos
7.513698       0.01829203    
7.5049693      0.018180978   
7.5135633      0.016344735   
13.009016      0.016985796   

Stress
20.0233      0.00242491   -0.0293541    0.0849352    0.0695318    0.104784    
0.00242491   20.0697      -0.0249736    0.0695318    0.0893416    0.0327697   
-0.0293541   -0.0249736   20.0263       0.104784     0.0327697    0.119955    

Stress Spherical
0            0            0             0            0            0           
0            0            0             0            0            0           
0            0            0             0            0            0           

Inertia
149.991      -56.4017     -56.4738      0.252465     0.200216     0.155229    
-56.4017     150.149      -56.402       0.200216     0.498867     0.134279    
-56.4738     -56.402      150.007       0.155229     0.134279     0.602039    

Bond Length
0.61405376    0.0041232824

BB bond length
0.61405376    0.0041232824

Water EE distance
0             0           

PEG EE distance
3.4521475     0.09380085  

Time = 1000
Temperature
1.0138471     0.0087800366

Pressure
23.059453     0.076764252 

CM Mom
-7.3871561e-17 1.9366251e-17 
5.0886046e-17  1.5385377e-18 
3.2479789e-17  9.7021067e-18 
9.6127447e-17  1.823177e-17  

CM Pos
7.5131046      0.0045585435  
7.5156518      0.010193213   
7.5129698      0.017519987   
13.014485      0.0087808377  

Stress
20.0367      0.0143009    0.00175639    0.0988878    0.0652677    0.0592395   
0.0143009    19.9949      -0.021044     0.0652677    0.100375     0.0756836   
0.00175639   -0.021044    20.0357       0.0592395    0.0756836    0.174033    

Stress Spherical
0            0            0             0            0            0           
0            0            0             0            0            0           
0            0            0             0            0            0           

Inertia
150.149      -56.4709     -56.4637      0.190234     0.105302     0.21591     
-56.4709     150.095      -56.4         0.105302     0.315369     0.144169    
-56.4637     -56.4        150.128       0.21591      0.144169     0.104559    

Bond Length
0.61681113    0.0035379375

BB bond length
0.61681113    0.0035379375

Water EE distance
0             0           

PEG EE distance
3.7918699     0.063702438 

