Time = 1000
Temperature
   1.0694407    0.09266534

Pressure
   23.702856    0.49285281

CM Mom
3.1291048e-17  1.5688121e-17 
-2.9409929e-17 1.2518694e-17 
-7.1822974e-17 1.5404834e-16 
1.3346304e-16  1.1542943e-16 

CM Pos
7.5049656      0.010283515   
7.5050866      0.013643399   
7.5052446      0.018423931   
12.999233      0.01006247    

Stress
20.5342      0.0278139    -0.00883458   0.240225     0.0523936    0.0847671   
0.0278139    20.4925      -0.0276761    0.0523936    0.251631     0.0652345   
-0.00883458  -0.0276761   20.4712       0.0847671    0.0652345    0.254411    

Stress Spherical
0            0            0             0            0            0           
0            0            0             0            0            0           
0            0            0             0            0            0           

Inertia
150.209      -56.3401     -56.3241      0.856889     0.138761     0.173232    
-56.3401     150.209      -56.3104      0.138761     0.96564      0.138739    
-56.3241     -56.3104     150.193       0.173232     0.138739     1.18584     

Bond Length
0.61889119    0.0049188605

BB bond length
0.61889119    0.0049188605

Water EE distance
0             0           

PEG EE distance
6.7465469     0.18248761  

BBB P2(x)
0.48094414    0.061111578 

BBB first bond length
0.61895345    0.005009811 

BBB second bond length
0.61893537    0.0049461755

BBB <phi**2>/<phi>**2
1.2229646     0.014835904 

Time = 2000
Temperature
1.0070208     0.0041210222

Pressure
23.342209     0.089989321 

CM Mom
2.4716052e-17  2.8403904e-17 
-2.6253178e-17 2.4401415e-17 
1.527847e-17   3.3261248e-17 
6.3123485e-17  7.5822997e-18 

CM Pos
7.4976956      0.0081061059  
7.5093892      0.011123639   
7.4950072      0.014253366   
12.991605      0.010017768   

Stress
20.3416      0.0305292    0.00249437    0.10032      0.0707363    0.0943708   
0.0305292    20.3403      -0.0222936    0.0707363    0.0813279    0.0468058   
0.00249437   -0.0222936   20.2949       0.0943708    0.0468058    0.104428    

Stress Spherical
0            0            0             0            0            0           
0            0            0             0            0            0           
0            0            0             0            0            0           

Inertia
149.97       -56.2802     -56.2034      0.132238     0.108208     0.123513    
-56.2802     149.772      -56.2414      0.108208     0.164883     0.150414    
-56.2034     -56.2414     149.98        0.123513     0.150414     0.326072    

Bond Length
0.61806654    0.003094295 

BB bond length
0.61806654    0.003094295 

Water EE distance
0             0           

PEG EE distance
7.3972306     0.27234727  

BBB P2(x)
0.52240697    0.010328372 

BBB first bond length
0.61789934    0.0031832729

BBB second bond length
0.61818236    0.0032954863

BBB <phi**2>/<phi>**2
1.2290357     0.0061055526

