Time = 500
Temperature
   1.0396795   0.032668218

Pressure
   23.129174    0.11049437

CM Mom
-9.3342193e-19 7.6973699e-18 
-9.6955085e-18 1.8257696e-17 
-1.3509498e-17 2.7056058e-17 
3.6417032e-17  8.7065358e-18 

CM Pos
7.5125939      0.021874086   
7.4931108      0.0088723539  
7.4984635      0.022086402   
12.992834      0.0063350437  

Stress
19.9667      -0.00497773  0.00950928    0.0576053    0.0549842    0.044969    
-0.00497773  20.0861      0.0157359     0.0549842    0.0656111    0.0741744   
0.00950928   0.0157359    19.9914       0.044969     0.0741744    0.0705722   

Stress Spherical
0            0            0             0            0            0           
0            0            0             0            0            0           
0            0            0             0            0            0           

Inertia
149.533      -56.3202     -56.3999      0.586301     0.172665     0.0836423   
-56.3202     149.892      -56.2734      0.172665     0.21145      0.224863    
-56.3999     -56.2734     149.835       0.0836423    0.224863     0.264356    

Bond Length
0.61499723    0.0082847147

BB bond length
0.61499723    0.0082847147

Water EE distance
0             0           

PEG EE distance
3.5251512     0.16836649  

Time = 1000
Temperature
1.0155253     0.0037462797

Pressure
23.077182     0.040402498 

CM Mom
8.3195348e-18  9.5533219e-18 
2.2862248e-17  1.958203e-17  
-2.731522e-17  1.6434555e-17 
4.3549967e-17  1.3646799e-17 

CM Pos
7.5131874      0.015344431   
7.4910337      0.010175922   
7.4931222      0.0077719886  
12.988869      0.011736984   

Stress
20.0616      0.0191273    0.0470114     0.0530088    0.0537801    0.048784    
0.0191273    20.0062      -0.0820397    0.0537801    0.0719213    0.0543546   
0.0470114    -0.0820397   20.0375       0.048784     0.0543546    0.0795505   

Stress Spherical
0            0            0             0            0            0           
0            0            0             0            0            0           
0            0            0             0            0            0           

Inertia
149.536      -56.221      -56.3188      0.103398     0.178462     0.0769716   
-56.221      149.826      -56.1518      0.178462     0.209131     0.0981003   
-56.3188     -56.1518     149.883       0.0769716    0.0981003    0.334785    

Bond Length
0.61018483    0.0044079505

BB bond length
0.61018483    0.0044079505

Water EE distance
0             0           

PEG EE distance
3.4952558     0.32539631  

