Time = 1000
Temperature
   1.0229096   0.027240403

Pressure
   23.701612      0.144459

CM Mom
7.0458148e-18  1.2734789e-17 
-3.2411297e-17 2.8266949e-17 
-8.3725939e-17 1.815289e-17  
9.3736885e-17  2.4784824e-17 

CM Pos
7.5076215      0.014493471   
7.498722       0.020549275   
7.5016375      0.010688279   
12.995007      0.017579375   

Stress
20.6265      0.00844555   -0.00672697   0.14846      0.0717367    0.0622703   
0.00844555   20.6406      -0.016839     0.0717367    0.0877934    0.0687272   
-0.00672697  -0.016839    20.6325       0.0622703    0.0687272    0.139505    

Stress Spherical
0            0            0             0            0            0           
0            0            0             0            0            0           
0            0            0             0            0            0           

Inertia
149.998      -56.2717     -56.3058      0.34114      0.219038     0.101256    
-56.2717     150.124      -56.2241      0.219038     0.229692     0.200339    
-56.3058     -56.2241     150.106       0.101256     0.200339     0.327196    

Bond Length
0.62134258    0.005184828 

BB bond length
0.62134258    0.005184828 

Water EE distance
0             0           

PEG EE distance
6.6192158     0.46236963  

BBB P2(x)
0.48853392    0.044842383 

BBB first bond length
0.62217684    0.0056757585

BBB second bond length
0.62076948    0.0050683962

BBB <phi**2>/<phi>**2
1.1972277     0.036305728 

Time = 2000
Temperature
1.0071229     0.0061655356

Pressure
23.655524     0.070540049 

CM Mom
1.864204e-17   1.9130171e-17 
-4.5700197e-17 2.689662e-17  
-1.1668966e-16 1.0154756e-17 
1.3018235e-16  1.7250378e-17 

CM Pos
7.5013986      0.010145635   
7.5007963      0.017801744   
7.4940811      0.01541249    
12.988252      0.012110507   

Stress
20.6269      0.0293059    0.0132158     0.0863375    0.0635507    0.0697447   
0.0293059    20.6543      0.023027      0.0635507    0.0525604    0.0465389   
0.0132158    0.023027     20.6222       0.0697447    0.0465389    0.0903493   

Stress Spherical
0            0            0             0            0            0           
0            0            0             0            0            0           
0            0            0             0            0            0           

Inertia
149.904      -56.269      -56.1911      0.256178     0.193732     0.129058    
-56.269      149.916      -56.2112      0.193732     0.250793     0.111229    
-56.1911     -56.2112     150.012       0.129058     0.111229     0.344292    

Bond Length
0.61991335    0.0062455855

BB bond length
0.61991335    0.0062455855

Water EE distance
0             0           

PEG EE distance
7.2361093     0.44858539  

BBB P2(x)
0.50388945    0.038933021 

BBB first bond length
0.61905417    0.0063234792

BBB second bond length
0.61997834    0.006358803 

BBB <phi**2>/<phi>**2
1.2207933     0.037491054 

Time = 3000
Temperature
1.010388      0.0048032022

Pressure
23.7154       0.10568509  

CM Mom
2.2284514e-17  2.095469e-17  
-5.5522392e-17 1.8576877e-17 
-8.2925677e-17 1.7813423e-17 
1.0610375e-16  1.7306523e-17 

CM Pos
7.5012505      0.01503396    
7.5036114      0.014689053   
7.4980815      0.013756019   
12.992098      0.013546701   

Stress
20.6653      0.024511     -0.00574174   0.121978     0.0367699    0.0715515   
0.024511     20.6959      -0.0243451    0.0367699    0.134807     0.0618472   
-0.00574174  -0.0243451   20.6923       0.0715515    0.0618472    0.130489    

Stress Spherical
0            0            0             0            0            0           
0            0            0             0            0            0           
0            0            0             0            0            0           

Inertia
150.011      -56.3177     -56.2444      0.292312     0.101768     0.193263    
-56.3177     149.988      -56.3032      0.101768     0.370092     0.177534    
-56.2444     -56.3032     150.058       0.193263     0.177534     0.242996    

Bond Length
0.61677223    0.0063019429

BB bond length
0.61677223    0.0063019429

Water EE distance
0             0           

PEG EE distance
7.2147866     0.34618715  

BBB P2(x)
0.53857974    0.040200152 

BBB first bond length
0.61656313    0.0064623505

BBB second bond length
0.6169003     0.006696108 

BBB <phi**2>/<phi>**2
1.2318432     0.020178863 

Time = 4000
Temperature
1.0093937     0.010323442 

Pressure
23.704041     0.10042511  

CM Mom
3.3548771e-17  1.6287301e-17 
-4.2534104e-17 2.6993474e-17 
-8.029412e-17  1.2780405e-17 
1.0169201e-16  1.4064596e-17 

CM Pos
7.4984354      0.0080186048  
7.5022779      0.01068006    
7.4992668      0.01127985    
12.990378      0.01039853    

Stress
20.6558      -0.0394057   0.00134317    0.0843373    0.0648177    0.0670822   
-0.0394057   20.7121      0.0139756     0.0648177    0.15241      0.0779588   
0.00134317   0.0139756    20.6606       0.0670822    0.0779588    0.132581    

Stress Spherical
0            0            0             0            0            0           
0            0            0             0            0            0           
0            0            0             0            0            0           

Inertia
150.016      -56.2367     -56.2445      0.321333     0.0994491    0.104921    
-56.2367     149.968      -56.2517      0.0994491    0.193256     0.203321    
-56.2445     -56.2517     149.988       0.104921     0.203321     0.192584    

Bond Length
0.62211261    0.0067572018

BB bond length
0.62211261    0.0067572018

Water EE distance
0             0           

PEG EE distance
6.5288392     0.75108618  

BBB P2(x)
0.51846083    0.021939582 

BBB first bond length
0.62297058    0.0070529427

BBB second bond length
0.62293693    0.0069722928

BBB <phi**2>/<phi>**2
1.2246127     0.039958202 

Time = 5000
Temperature
1.0053259     0.0066697011

Pressure
23.688647     0.083402652 

CM Mom
1.5115877e-17  1.7995368e-17 
-7.8263376e-18 1.6123704e-17 
-1.0413084e-16 2.0956832e-17 
1.0857208e-16  1.9185178e-17 

CM Pos
7.5000652      0.018398453   
7.5033151      0.014614139   
7.5029709      0.011284714   
12.994063      0.016827465   

Stress
20.6115      -0.00552313  -0.00858571   0.125237     0.0685769    0.0518119   
-0.00552313  20.7578      0.0259507     0.0685769    0.106175     0.0564809   
-0.00858571  0.0259507    20.6496       0.0518119    0.0564809    0.111252    

Stress Spherical
0            0            0             0            0            0           
0            0            0             0            0            0           
0            0            0             0            0            0           

Inertia
150.106      -56.2563     -56.2982      0.342273     0.22592      0.157697    
-56.2563     150.053      -56.3         0.22592      0.323974     0.211217    
-56.2982     -56.3        150.043       0.157697     0.211217     0.35935     

Bond Length
0.62171038    0.010601827 

BB bond length
0.62171038    0.010601827 

Water EE distance
0             0           

PEG EE distance
8.3613721     0.37696266  

BBB P2(x)
0.54292907    0.030185953 

BBB first bond length
0.62140461    0.010746589 

BBB second bond length
0.62204376    0.011977882 

BBB <phi**2>/<phi>**2
1.2233275     0.026905827 

Time = 6000
Temperature
1.0119087     0.0061396264

Pressure
23.719285     0.037379526 

CM Mom
3.1478069e-17  1.6070158e-17 
-2.3363045e-17 1.4313181e-17 
-9.1717866e-17 2.3056353e-17 
1.0351323e-16  1.5119242e-17 

CM Pos
7.5018431      0.016241236   
7.5006481      0.0120085     
7.5006003      0.010049981   
12.992179      0.013419947   

Stress
20.681       0.0208054    0.0131137     0.0863389    0.0588163    0.0479552   
0.0208054    20.6396      0.0413165     0.0588163    0.0571611    0.0856225   
0.0131137    0.0413165    20.7309       0.0479552    0.0856225    0.0927423   

Stress Spherical
0            0            0             0            0            0           
0            0            0             0            0            0           
0            0            0             0            0            0           

Inertia
150.003      -56.2817     -56.2461      0.227933     0.176074     0.13793     
-56.2817     150.014      -56.2554      0.176074     0.303603     0.119025    
-56.2461     -56.2554     150.001       0.13793      0.119025     0.390184    

Bond Length
0.62012495    0.0083670646

BB bond length
0.62012495    0.0083670646

Water EE distance
0             0           

PEG EE distance
7.3958484     0.46785579  

BBB P2(x)
0.52616574    0.03460211  

BBB first bond length
0.62042517    0.0085681851

BBB second bond length
0.62147489    0.0083113574

BBB <phi**2>/<phi>**2
1.2266842     0.026886669 

Time = 7000
Temperature
1.0025174     0.0042076555

Pressure
23.62853      0.052249505 

CM Mom
-1.1133484e-18 1.2418527e-17 
1.3193768e-17  2.0624381e-17 
-1.26461e-16   1.357424e-17  
1.294616e-16   1.3085759e-17 

CM Pos
7.4979909      0.007732905   
7.5006481      0.014125284   
7.5022301      0.011491932   
12.99089       0.014660575   

Stress
20.6643      -0.0357419   -0.00662272   0.112787     0.0645442    0.0434629   
-0.0357419   20.6141      -0.0149835    0.0645442    0.0564197    0.100802    
-0.00662272  -0.0149835   20.5854       0.0434629    0.100802     0.127103    

Stress Spherical
0            0            0             0            0            0           
0            0            0             0            0            0           
0            0            0             0            0            0           

Inertia
150.045      -56.2071     -56.2379      0.36225      0.115116     0.120687    
-56.2071     150.012      -56.2786      0.115116     0.296809     0.181602    
-56.2379     -56.2786     149.957       0.120687     0.181602     0.288652    

Bond Length
0.61939123    0.011707526 

BB bond length
0.61939123    0.011707526 

Water EE distance
0             0           

PEG EE distance
7.5317718     0.60121566  

BBB P2(x)
0.54540302    0.033270849 

BBB first bond length
0.61874573    0.011698099 

BBB second bond length
0.62018409    0.012614852 

BBB <phi**2>/<phi>**2
1.2308365     0.040539142 

Time = 8000
Temperature
1.0090227     0.0024018668

Pressure
23.674579     0.0733197   

CM Mom
-9.8071163e-18 2.1605244e-17 
2.4042404e-17  1.5672983e-17 
-1.2122749e-16 2.664054e-17  
1.2686118e-16  2.6433136e-17 

CM Pos
7.4979909      0.015987856   
7.5030187      0.013466522   
7.4968962      0.0096431095  
12.989186      0.013487542   

Stress
20.7059      0.0243564    0.0107636     0.114648     0.0598205    0.0695473   
0.0243564    20.6267      -0.00704935   0.0598205    0.109925     0.081696    
0.0107636    -0.00704935  20.6107       0.0695473    0.081696     0.0901227   

Stress Spherical
0            0            0             0            0            0           
0            0            0             0            0            0           
0            0            0             0            0            0           

Inertia
149.999      -56.2714     -56.2134      0.261258     0.163504     0.18198     
-56.2714     149.913      -56.2458      0.163504     0.296081     0.166895    
-56.2134     -56.2458     150.01        0.18198      0.166895     0.304997    

Bond Length
0.62121273    0.0081719081

BB bond length
0.62121273    0.0081719081

Water EE distance
0             0           

PEG EE distance
7.0936151     0.44037811  

BBB P2(x)
0.5139335     0.052797255 

BBB first bond length
0.62096425    0.0078654314

BBB second bond length
0.62200375    0.0083051883

BBB <phi**2>/<phi>**2
1.2259736     0.030401154 

Time = 9000
Temperature
1.0062567     0.006226509 

Pressure
23.659282     0.085418613 

CM Mom
2.3419247e-17  2.4168966e-17 
3.0882053e-17  1.6986758e-17 
-1.0263251e-16 1.2902328e-17 
1.13245e-16    1.5821556e-17 

CM Pos
7.5031766      0.019772377   
7.5003518      0.013763198   
7.4991187      0.010581976   
12.991921      0.019755832   

Stress
20.6315      0.0109396    0.0172061     0.0854995    0.066444     0.0943066   
0.0109396    20.6317      -0.0124796    0.066444     0.105055     0.0776937   
0.0172061    -0.0124796   20.6592       0.0943066    0.0776937    0.125033    

Stress Spherical
0            0            0             0            0            0           
0            0            0             0            0            0           
0            0            0             0            0            0           

Inertia
149.991      -56.2714     -56.2555      0.339746     0.248169     0.215124    
-56.2714     150.027      -56.2498      0.248169     0.390817     0.139324    
-56.2555     -56.2498     150.05        0.215124     0.139324     0.477782    

Bond Length
0.6184201     0.0074962092

BB bond length
0.6184201     0.0074962092

Water EE distance
0             0           

PEG EE distance
8.0442921     0.69249645  

BBB P2(x)
0.53003228    0.035204501 

BBB first bond length
0.6178072     0.0080370808

BBB second bond length
0.61850626    0.0079992893

BBB <phi**2>/<phi>**2
1.2302393     0.034637176 

Time = 10000
Temperature
1.009465      0.0070062922

Pressure
23.706655     0.069366056 

CM Mom
3.5654016e-17  1.8521212e-17 
2.5334776e-17  1.0190473e-17 
-1.1802782e-16 1.0644421e-17 
1.27472e-16    1.2437761e-17 

CM Pos
7.4965092      0.017782003   
7.4959069      0.012189935   
7.5047489      0.0095619535  
12.988765      0.0088800792  

Stress
20.695       0.00715973   -0.0263988    0.0966014    0.0574426    0.0816122   
0.00715973   20.668       -0.00431058   0.0574426    0.0939167    0.0453516   
-0.0263988   -0.00431058  20.6726       0.0816122    0.0453516    0.0797133   

Stress Spherical
0            0            0             0            0            0           
0            0            0             0            0            0           
0            0            0             0            0            0           

Inertia
150.001      -56.1854     -56.2699      0.217462     0.126299     0.152986    
-56.1854     150.011      -56.263       0.126299     0.235842     0.179209    
-56.2699     -56.263      149.857       0.152986     0.179209     0.23862     

Bond Length
0.62277499    0.008028613 

BB bond length
0.62277499    0.008028613 

Water EE distance
0             0           

PEG EE distance
7.4170632     0.23414294  

BBB P2(x)
0.51175518    0.023810401 

BBB first bond length
0.62297927    0.0087140651

BBB second bond length
0.62304727    0.0076121707

BBB <phi**2>/<phi>**2
1.2258234     0.033861668 

Time = 11000
Temperature
1.0131666     0.007309833 

Pressure
23.685343     0.070555618 

CM Mom
2.8393263e-17  3.2304776e-17 
2.2054497e-17  1.9429815e-17 
-1.0079463e-16 1.6260469e-17 
1.1333263e-16  1.7128075e-17 

CM Pos
7.4969537      0.017661227   
7.4981294      0.010647122   
7.5037117      0.0097337422  
12.989703      0.0097981587  

Stress
20.6277      0.00162115   -0.0110663    0.114352     0.07301      0.0400075   
0.00162115   20.6409      0.0233346     0.07301      0.134209     0.0758898   
-0.0110663   0.0233346    20.6697       0.0400075    0.0758898    0.12096     

Stress Spherical
0            0            0             0            0            0           
0            0            0             0            0            0           
0            0            0             0            0            0           

Inertia
150.041      -56.2293     -56.223       0.287206     0.10003      0.133434    
-56.2293     150.012      -56.2253      0.10003      0.303501     0.150892    
-56.223      -56.2253     149.941       0.133434     0.150892     0.248778    

Bond Length
0.6208979     0.0072664436

BB bond length
0.6208979     0.0072664436

Water EE distance
0             0           

PEG EE distance
7.5566317     0.58590081  

BBB P2(x)
0.52696005    0.037344544 

BBB first bond length
0.62027112    0.0077611333

BBB second bond length
0.62028997    0.007109121 

BBB <phi**2>/<phi>**2
1.2332428     0.021714918 

Time = 12000
Temperature
1.012644      0.0075273948

Pressure
23.70436      0.075041203 

CM Mom
-5.2281591e-18 2.2810683e-17 
4.0601439e-17  2.3337143e-17 
-9.2402949e-17 1.0733059e-17 
1.0574382e-16  1.4577637e-17 

CM Pos
7.5088068      0.019605133   
7.505093       0.014569005   
7.5004521      0.0074436132  
12.998687      0.013260039   

Stress
20.6537      -0.0208076   -0.021132     0.0907566    0.0785128    0.0719739   
-0.0208076   20.7075      0.0288445     0.0785128    0.0847438    0.0652481   
-0.021132    0.0288445    20.6389       0.0719739    0.0652481    0.112326    

Stress Spherical
0            0            0             0            0            0           
0            0            0             0            0            0           
0            0            0             0            0            0           

Inertia
150.087      -56.3758     -56.351       0.26743      0.252983     0.154421    
-56.3758     150.15       -56.3028      0.252983     0.275543     0.0654891   
-56.351      -56.3028     150.209       0.154421     0.0654891    0.323426    

Bond Length
0.61853516    0.0079407764

BB bond length
0.61853516    0.0079407764

Water EE distance
0             0           

PEG EE distance
7.9288454     0.34730639  

BBB P2(x)
0.52290369    0.052557537 

BBB first bond length
0.61884423    0.0079201   

BBB second bond length
0.61807319    0.007055904 

BBB <phi**2>/<phi>**2
1.2391263     0.027898637 

Time = 13000
Temperature
1.0090281     0.0055006494

Pressure
23.702974     0.077400993 

CM Mom
-6.0535064e-18 2.7285367e-17 
8.48349e-17    2.4069957e-17 
-7.110077e-17  2.2199106e-17 
1.166424e-16   2.236356e-17  

CM Pos
7.5011023      0.0098067646  
7.4981294      0.0075606583  
7.5041562      0.011076592   
12.992345      0.0096601154  

Stress
20.6401      0.00586759   -0.0074612    0.0940504    0.0701972    0.0924702   
0.00586759   20.7178      0.000503751   0.0701972    0.0754765    0.0668727   
-0.0074612   0.000503751  20.6707       0.0924702    0.0668727    0.113359    

Stress Spherical
0            0            0             0            0            0           
0            0            0             0            0            0           
0            0            0             0            0            0           

Inertia
150.034      -56.2531     -56.2996      0.196306     0.168842     0.0911486   
-56.2531     150.087      -56.2819      0.168842     0.189666     0.0835989   
-56.2996     -56.2819     149.992       0.0911486    0.0835989    0.270292    

Bond Length
0.62244966    0.0057093705

BB bond length
0.62244966    0.0057093705

Water EE distance
0             0           

PEG EE distance
7.4637829     0.43995764  

BBB P2(x)
0.51282472    0.039216315 

BBB first bond length
0.62102418    0.006364665 

BBB second bond length
0.62201906    0.0056956876

BBB <phi**2>/<phi>**2
1.2267917     0.03702439  

Time = 14000
Temperature
1.0092024     0.006255462 

Pressure
23.708915     0.099353681 

CM Mom
-4.1137141e-18 1.6949391e-17 
5.418917e-17   1.4638862e-17 
-6.036399e-17  1.526862e-17  
8.4708062e-17  1.2508125e-17 

CM Pos
7.5009541      0.01822101    
7.4954624      0.014863615   
7.5010448      0.013787898   
12.988934      0.016439246   

Stress
20.7137      -0.00510428  -0.0207564    0.15503      0.0944275    0.0847658   
-0.00510428  20.6988      -0.0217974    0.0944275    0.101048     0.0670242   
-0.0207564   -0.0217974   20.6323       0.0847658    0.0670242    0.16544     

Stress Spherical
0            0            0             0            0            0           
0            0            0             0            0            0           
0            0            0             0            0            0           

Inertia
149.946      -56.2228     -56.259       0.242398     0.207643     0.207622    
-56.2228     150.022      -56.2347      0.207643     0.427936     0.16056     
-56.259      -56.2347     149.934       0.207622     0.16056      0.356947    

Bond Length
0.61897536    0.010867251 

BB bond length
0.61897536    0.010867251 

Water EE distance
0             0           

PEG EE distance
6.5008557     0.54031438  

BBB P2(x)
0.53002099    0.041458812 

BBB first bond length
0.61844607    0.011298286 

BBB second bond length
0.61913565    0.011097438 

BBB <phi**2>/<phi>**2
1.2287369     0.032010781 

Time = 15000
Temperature
1.0145795     0.0066851961

Pressure
23.748581     0.075774834 

CM Mom
-5.8817475e-18 1.2793728e-17 
5.822941e-17   1.4354893e-17 
-5.4345028e-17 1.3985692e-17 
8.1962753e-17  1.5036301e-17 

CM Pos
7.4953239      0.017715214   
7.5028706      0.014198912   
7.5026746      0.011523407   
12.990902      0.013838483   

Stress
20.6681      -0.039163    0.0160235     0.109803     0.0722369    0.0608781   
-0.039163    20.7311      -0.0075001    0.0722369    0.10315      0.0693194   
0.0160235    -0.0075001   20.7162       0.0608781    0.0693194    0.10075     

Stress Spherical
0            0            0             0            0            0           
0            0            0             0            0            0           
0            0            0             0            0            0           

Inertia
150.066      -56.2389     -56.2254      0.263353     0.153496     0.198457    
-56.2389     149.962      -56.2739      0.153496     0.35426      0.131108    
-56.2254     -56.2739     149.97        0.198457     0.131108     0.258685    

Bond Length
0.62226165    0.0073155813

BB bond length
0.62226165    0.0073155813

Water EE distance
0             0           

PEG EE distance
8.1600225     0.48483913  

BBB P2(x)
0.50875365    0.037331876 

BBB first bond length
0.62329017    0.0072636027

BBB second bond length
0.62313826    0.0071024998

BBB <phi**2>/<phi>**2
1.22613       0.014399585 

Time = 16000
Temperature
1.0098852     0.0052131508

Pressure
23.697457     0.10862419  

CM Mom
-2.5568906e-17 1.2115575e-17 
7.1310226e-17  2.0338961e-17 
-7.5135253e-17 1.5655307e-17 
1.0939611e-16  1.4908528e-17 

CM Pos
7.5051027      0.010931964   
7.4954624      0.011594625   
7.5001558      0.015499838   
12.990812      0.01250608    

Stress
20.684       -0.0251326   0.0335672     0.125686     0.0640116    0.053993    
-0.0251326   20.6837      -0.0037797    0.0640116    0.116746     0.0654345   
0.0335672    -0.0037797   20.6367       0.053993     0.0654345    0.131676    

Stress Spherical
0            0            0             0            0            0           
0            0            0             0            0            0           
0            0            0             0            0            0           

Inertia
149.936      -56.2161     -56.2754      0.249541     0.18519      0.196352    
-56.2161     150.074      -56.2243      0.18519      0.292745     0.171596    
-56.2754     -56.2243     150.013       0.196352     0.171596     0.264393    

Bond Length
0.61473856    0.0060360722

BB bond length
0.61473856    0.0060360722

Water EE distance
0             0           

PEG EE distance
8.0731554     0.42200993  

BBB P2(x)
0.48994418    0.053981058 

BBB first bond length
0.61548063    0.0060354693

BBB second bond length
0.61461118    0.0063235024

BBB <phi**2>/<phi>**2
1.2137365     0.021926336 

Time = 17000
Temperature
1.0113715     0.0061590946

Pressure
23.692247     0.060468552 

CM Mom
-3.3224992e-17 1.8280767e-17 
4.6311222e-17  2.9896367e-17 
-1.0751146e-16 2.3968863e-17 
1.2764571e-16  1.7787653e-17 

CM Pos
7.4996207      0.011534832   
7.5043522      0.012592965   
7.4983779      0.012947087   
12.99175       0.012759104   

Stress
20.6377      0.0259164    0.0431592     0.115563     0.0570585    0.0665518   
0.0259164    20.6855      0.00768204    0.0570585    0.0599676    0.047714    
0.0431592    0.00768204   20.6522       0.0665518    0.047714     0.112141    

Stress Spherical
0            0            0             0            0            0           
0            0            0             0            0            0           
0            0            0             0            0            0           

Inertia
150.044      -56.26       -56.2521      0.337824     0.103921     0.160303    
-56.26       149.971      -56.259       0.103921     0.251957     0.169833    
-56.2521     -56.259      150.057       0.160303     0.169833     0.231095    

Bond Length
0.61834664    0.0085179105

BB bond length
0.61834664    0.0085179105

Water EE distance
0             0           

PEG EE distance
7.2648113     0.78171636  

BBB P2(x)
0.48716673    0.041954953 

BBB first bond length
0.61815747    0.0086447066

BBB second bond length
0.61865759    0.0086764398

BBB <phi**2>/<phi>**2
1.2250947     0.027777866 

Time = 18000
Temperature
1.0084403     0.0065224787

Pressure
23.651151     0.10239906  

CM Mom
-5.5182438e-17 2.5261625e-17 
3.3391679e-17  1.9034425e-17 
-1.4356547e-16 2.2253295e-17 
1.6038207e-16  2.3332577e-17 

CM Pos
7.5005096      0.012572902   
7.5056857      0.013760008   
7.5080085      0.01503761    
12.9986        0.011239393   

Stress
20.6338      -0.0268196   0.00544498    0.126317     0.0563419    0.0887528   
-0.0268196   20.6061      -0.0146954    0.0563419    0.088515     0.0728896   
0.00544498   -0.0146954   20.6385       0.0887528    0.0728896    0.123476    

Stress Spherical
0            0            0             0            0            0           
0            0            0             0            0            0           
0            0            0             0            0            0           

Inertia
150.211      -56.2686     -56.3392      0.413439     0.145973     0.121067    
-56.2686     150.123      -56.3419      0.145973     0.181967     0.19238     
-56.3392     -56.3419     150.091       0.121067     0.19238      0.230719    

Bond Length
0.61701374    0.0058156295

BB bond length
0.61701374    0.0058156295

Water EE distance
0             0           

PEG EE distance
5.5482257     0.66491131  

BBB P2(x)
0.49362561    0.026987498 

BBB first bond length
0.61604541    0.0064540553

BBB second bond length
0.61698312    0.0069644377

BBB <phi**2>/<phi>**2
1.2224832     0.021998514 

Time = 19000
Temperature
1.0116894     0.007529828 

Pressure
23.70944      0.071426885 

CM Mom
-2.2940296e-17 1.4314589e-17 
3.5532565e-17  1.4390863e-17 
-1.7063428e-16 1.6207265e-17 
1.7684474e-16  1.7478428e-17 

CM Pos
7.5009541      0.015696866   
7.5083526      0.010807761   
7.4961554      0.0097393788  
12.993548      0.014113505   

Stress
20.662       -0.00806878  0.00243574    0.117922     0.0446946    0.060694    
-0.00806878  20.6673      -0.0411496    0.0446946    0.116131     0.059468    
0.00243574   -0.0411496   20.6947       0.060694     0.059468     0.0769707   

Stress Spherical
0            0            0             0            0            0           
0            0            0             0            0            0           
0            0            0             0            0            0           

Inertia
150.081      -56.2999     -56.2566      0.264498     0.167032     0.137518    
-56.2999     149.984      -56.2818      0.167032     0.234032     0.168964    
-56.2566     -56.2818     150.157       0.137518     0.168964     0.24433     

Bond Length
0.61722448    0.0089406133

BB bond length
0.61722448    0.0089406133

Water EE distance
0             0           

PEG EE distance
7.6171122     0.33907566  

BBB P2(x)
0.52808753    0.022012306 

BBB first bond length
0.61759227    0.0089456807

BBB second bond length
0.6163361     0.0094303552

BBB <phi**2>/<phi>**2
1.2264509     0.025404306 

Time = 20000
Temperature
1.0070128     0.010285855 

Pressure
23.686904     0.075742426 

CM Mom
-3.0048618e-17 2.1453731e-17 
6.3091022e-17  2.1558864e-17 
-1.7315556e-16 2.5327572e-17 
1.8974884e-16  2.0691932e-17 

CM Pos
7.5006578      0.026720286   
7.4970922      0.013466522   
7.4998595      0.013511276   
12.989028      0.019800343   

Stress
20.6726      0.040407     -0.0100313    0.120835     0.0737472    0.0585295   
0.040407     20.614       -0.0252316    0.0737472    0.121258     0.0813589   
-0.0100313   -0.0252316   20.7119       0.0585295    0.0813589    0.0856281   

Stress Spherical
0            0            0             0            0            0           
0            0            0             0            0            0           
0            0            0             0            0            0           

Inertia
149.962      -56.2582     -56.2585      0.210757     0.226712     0.257387    
-56.2582     150.015      -56.1963      0.226712     0.479252     0.147345    
-56.2585     -56.1963     149.95        0.257387     0.147345     0.440712    

Bond Length
0.61941427    0.0077348598

BB bond length
0.61941427    0.0077348598

Water EE distance
0             0           

PEG EE distance
7.0654434     0.41241082  

BBB P2(x)
0.49820872    0.05210303  

BBB first bond length
0.61814329    0.0084455904

BBB second bond length
0.61925854    0.0068458114

BBB <phi**2>/<phi>**2
1.2237601     0.027655343 

Time = 21000
Temperature
1.0094359     0.0073672429

Pressure
23.685656     0.10568882  

CM Mom
-3.2901762e-17 7.2635014e-18 
6.6962657e-17  4.937953e-17  
-1.3761847e-16 2.743228e-17  
1.6278617e-16  3.5350472e-17 

CM Pos
7.5005096      0.012110438   
7.5064265      0.016080952   
7.5041562      0.0097933245  
12.996798      0.014031274   

Stress
20.6336      0.0054908    0.0288552     0.145517     0.0662579    0.0744815   
0.0054908    20.6471      0.0233945     0.0662579    0.143309     0.0716621   
0.0288552    0.0233945    20.6923       0.0744815    0.0716621    0.108391    

Stress Spherical
0            0            0             0            0            0           
0            0            0             0            0            0           
0            0            0             0            0            0           

Inertia
150.172      -56.2865     -56.2987      0.258316     0.181325     0.149024    
-56.2865     150.075      -56.3307      0.181325     0.264355     0.13124     
-56.2987     -56.3307     150.105       0.149024     0.13124      0.339187    

Bond Length
0.62286234    0.0057141561

BB bond length
0.62286234    0.0057141561

Water EE distance
0             0           

PEG EE distance
6.5196208     0.70475788  

BBB P2(x)
0.51926404    0.030434516 

BBB first bond length
0.62246217    0.0059097677

BBB second bond length
0.62254366    0.0057034321

BBB <phi**2>/<phi>**2
1.2143589     0.039270896 

Time = 22000
Temperature
1.0089677     0.0067796693

Pressure
23.691682     0.10144768  

CM Mom
-4.2863502e-17 1.0220779e-17 
9.4812542e-17  2.5967488e-17 
-1.2447652e-16 1.5357737e-17 
1.6426921e-16  1.8744699e-17 

CM Pos
7.5005096      0.016472743   
7.4999073      0.0096975908  
7.501193       0.011175246   
12.991323      0.012629041   

Stress
20.6848      -0.0271185   -0.0277568    0.106662     0.0643386    0.0822173   
-0.0271185   20.6553      0.0166596     0.0643386    0.108835     0.0641014   
-0.0277568   0.0166596    20.6551       0.0822173    0.0641014    0.120899    

Stress Spherical
0            0            0             0            0            0           
0            0            0             0            0            0           
0            0            0             0            0            0           

Inertia
149.999      -56.2637     -56.2547      0.238186     0.107467     0.192772    
-56.2637     150.022      -56.2502      0.107467     0.325615     0.138689    
-56.2547     -56.2502     149.991       0.192772     0.138689     0.242001    

Bond Length
0.62248055    0.0087865315

BB bond length
0.62248055    0.0087865315

Water EE distance
0             0           

PEG EE distance
7.2903973     0.24704146  

BBB P2(x)
0.51485875    0.030845952 

BBB first bond length
0.62225058    0.008909258 

BBB second bond length
0.62212992    0.0092735814

BBB <phi**2>/<phi>**2
1.2046187     0.025605106 

Time = 23000
Temperature
1.0075235     0.0066468052

Pressure
23.696015     0.067790238 

CM Mom
-1.6944225e-17 2.0220766e-17 
1.0329727e-16  2.1696402e-17 
-1.0715224e-16 1.6032837e-17 
1.5251976e-16  1.7703751e-17 

CM Pos
7.5005096      0.018037564   
7.5021298      0.017436059   
7.5017856      0.0039339939  
12.992955      0.011951241   

Stress
20.7168      -0.0360832   0.0352128     0.122032     0.0515386    0.079907    
-0.0360832   20.645       -0.0228175    0.0515386    0.0742702    0.0605862   
0.0352128    -0.0228175   20.6594       0.079907     0.0605862    0.107563    

Stress Spherical
0            0            0             0            0            0           
0            0            0             0            0            0           
0            0            0             0            0            0           

Inertia
150.064      -56.2851     -56.239       0.301648     0.183421     0.142345    
-56.2851     150.035      -56.322       0.183421     0.303113     0.152621    
-56.239      -56.322      150.018       0.142345     0.152621     0.282354    

Bond Length
0.62349368    0.0061581969

BB bond length
0.62349368    0.0061581969

Water EE distance
0             0           

PEG EE distance
8.3593959     0.49795713  

BBB P2(x)
0.53588019    0.043307919 

BBB first bond length
0.62246997    0.0064669221

BBB second bond length
0.62343694    0.0065012134

BBB <phi**2>/<phi>**2
1.2297626     0.039114871 

Time = 24000
Temperature
1.0147086     0.0068865757

Pressure
23.696365     0.068245078 

CM Mom
-3.4647863e-17 2.2356094e-17 
9.6562618e-17  7.8593729e-18 
-8.3930802e-17 2.3163685e-17 
1.3537053e-16  1.8496849e-17 

CM Pos
7.4939905      0.010754822   
7.5005         0.014682326   
7.5051934      0.016200636   
12.990216      0.013784997   

Stress
20.6378      0.0153272    0.0108191     0.122756     0.0829909    0.0516653   
0.0153272    20.6512      0.0138704     0.0829909    0.0979514    0.0536393   
0.0108191    0.0138704    20.6686       0.0516653    0.0536393    0.0544171   

Stress Spherical
0            0            0             0            0            0           
0            0            0             0            0            0           
0            0            0             0            0            0           

Inertia
150.087      -56.1942     -56.2343      0.533026     0.120743     0.107917    
-56.1942     149.993      -56.2965      0.120743     0.245346     0.188101    
-56.2343     -56.2965     149.913       0.107917     0.188101     0.248289    

Bond Length
0.61930953    0.007540767 

BB bond length
0.61930953    0.007540767 

Water EE distance
0             0           

PEG EE distance
7.3921637     0.29123597  

BBB P2(x)
0.50654632    0.033871168 

BBB first bond length
0.61918778    0.0073377578

BBB second bond length
0.6187351     0.0072936842

BBB <phi**2>/<phi>**2
1.2158683     0.022596594 

Time = 25000
Temperature
1.0128176     0.0098009752

Pressure
23.727816     0.091030786 

CM Mom
-5.9679697e-17 2.0170714e-17 
7.319272e-17   3.6930263e-17 
-7.7874074e-17 1.2702464e-17 
1.271324e-16   2.7433913e-17 

CM Pos
7.4971019      0.0091813118  
7.5007963      0.015323212   
7.5000077      0.01316983    
12.989186      0.012021347   

Stress
20.72        0.0298523    0.0432705     0.0950889    0.0669851    0.0782009   
0.0298523    20.6737      -0.0215034    0.0669851    0.0947488    0.0605971   
0.0432705    -0.0215034   20.6753       0.0782009    0.0605971    0.128672    

Stress Spherical
0            0            0             0            0            0           
0            0            0             0            0            0           
0            0            0             0            0            0           

Inertia
150.028      -56.2862     -56.2171      0.323883     0.1593       0.0892593   
-56.2862     149.952      -56.2639      0.1593       0.241719     0.0995358   
-56.2171     -56.2639     149.971       0.0892593    0.0995358    0.323184    

Bond Length
0.62157833    0.0066378962

BB bond length
0.62157833    0.0066378962

Water EE distance
0             0           

PEG EE distance
6.5800323     0.34310662  

BBB P2(x)
0.52911115    0.028294791 

BBB first bond length
0.62246431    0.0066086005

BBB second bond length
0.62208447    0.006120707 

BBB <phi**2>/<phi>**2
1.2115597     0.024314485 

Time = 26000
Temperature
1.0056638     0.010212207 

Pressure
23.656354     0.060029575 

CM Mom
-5.5251251e-17 1.3625028e-17 
6.9433901e-17  3.5134352e-17 
-7.2550234e-17 3.0591588e-17 
1.225267e-16   2.1918502e-17 

CM Pos
7.4978427      0.016220272   
7.5000555      0.014742755   
7.4995632      0.023853748   
12.988941      0.019611661   

Stress
20.6536      0.015374     0.0100673     0.0832693    0.026834     0.0514189   
0.015374     20.6584      0.0241678     0.026834     0.0543713    0.0816602   
0.0100673    0.0241678    20.6069       0.0514189    0.0816602    0.145963    

Stress Spherical
0            0            0             0            0            0           
0            0            0             0            0            0           
0            0            0             0            0            0           

Inertia
150.003      -56.2047     -56.2203      0.506102     0.164613     0.211789    
-56.2047     149.963      -56.2121      0.164613     0.370888     0.271549    
-56.2203     -56.2121     149.965       0.211789     0.271549     0.288648    

Bond Length
0.61916623    0.0092963162

BB bond length
0.61916623    0.0092963162

Water EE distance
0             0           

PEG EE distance
7.0535305     0.64360062  

BBB P2(x)
0.52622933    0.030820277 

BBB first bond length
0.61898445    0.0099489735

BBB second bond length
0.61882562    0.0098400968

BBB <phi**2>/<phi>**2
1.2224747     0.015452624 

Time = 27000
Temperature
1.0064384     0.0074087605

Pressure
23.708665     0.099365456 

CM Mom
-3.0571708e-17 2.0471075e-17 
1.075216e-16   1.9675824e-17 
-9.6122323e-17 2.5271497e-17 
1.5072776e-16  2.1471385e-17 

CM Pos
7.5011023      0.013203125   
7.4985739      0.010746654   
7.4976371      0.015426727   
12.98884       0.016226745   

Stress
20.6448      -0.0243867   -0.0430316    0.124901     0.0590609    0.0706324   
-0.0243867   20.7424      0.00458269    0.0590609    0.154307     0.0522623   
-0.0430316   0.00458269   20.6817       0.0706324    0.0522623    0.0583466   

Stress Spherical
0            0            0             0            0            0           
0            0            0             0            0            0           
0            0            0             0            0            0           

Inertia
149.932      -56.2801     -56.2187      0.341495     0.175809     0.14813     
-56.2801     149.965      -56.2595      0.175809     0.315464     0.173405    
-56.2187     -56.2595     149.977       0.14813      0.173405     0.293682    

Bond Length
0.62053391    0.0075762646

BB bond length
0.62053391    0.0075762646

Water EE distance
0             0           

PEG EE distance
6.2957622     0.68738743  

BBB P2(x)
0.51178104    0.020318223 

BBB first bond length
0.6204731     0.0076267075

BBB second bond length
0.6216169     0.0079970612

BBB <phi**2>/<phi>**2
1.2254316     0.034401742 

Time = 28000
Temperature
1.0100895     0.0042767217

Pressure
23.722538     0.071750034 

CM Mom
-1.9726088e-17 2.0161743e-17 
1.0826895e-16  1.684721e-17  
-8.1165319e-17 1.5055619e-17 
1.3958452e-16  1.1500058e-17 

CM Pos
7.5006578      0.020934515   
7.4988702      0.016032418   
7.4980815      0.015497005   
12.989031      0.012469271   

Stress
20.703       -0.0157092   0.0174517     0.119395     0.0893644    0.0759736   
-0.0157092   20.707       -0.0333453    0.0893644    0.0878509    0.0665781   
0.0174517    -0.0333453   20.6677       0.0759736    0.0665781    0.0958265   

Stress Spherical
0            0            0             0            0            0           
