Time = 500
Temperature
   1.0347177   0.037501588

Pressure
   23.804891     0.1820001

CM Mom
7.7045574e-17  2.9190055e-17 
2.9308396e-17  1.9539158e-17 
2.4647741e-17  3.4646174e-17 
9.4414139e-17  3.0375638e-17 

CM Pos
7.4951288      0.018266735   
7.4935899      0.022004044   
7.4913104      0.028561235   
12.978902      0.018047268   

Stress
20.674       -0.0398062   -0.0391943    0.103207     0.0842038    0.0803267   
-0.0398062   20.7064      -0.0139536    0.0842038    0.0688757    0.0469393   
-0.0391943   -0.0139536   20.7227       0.0803267    0.0469393    0.132772    

Stress Spherical
0            0            0             0            0            0           
0            0            0             0            0            0           
0            0            0             0            0            0           

Inertia
149.638      -56.0966     -56.1907      1.02431      0.196971     0.226696    
-56.0966     149.675      -56.1332      0.196971     0.524448     0.32691     
-56.1907     -56.1332     149.73        0.226696     0.32691      0.391303    

Bond Length
0.62783825    0.010738724 

BB bond length
0.62783825    0.010738724 

Water EE distance
0             0           

PEG EE distance
4.3272221     0.5679646   

Time = 1000
Temperature
1.0089559     0.0016984694

Pressure
23.681637     0.073745245 

CM Mom
6.6849156e-17  1.3189489e-17 
6.5545269e-18  2.4947992e-17 
3.7974475e-17  1.297929e-17  
8.2472695e-17  1.081266e-17  

CM Pos
7.5075745      0.018257118   
7.4897376      0.011307063   
7.4999039      0.0096203179  
12.988801      0.0034104949  

Stress
20.6633      0.00642316   -0.0146634    0.0941065    0.0528566    0.0264633   
0.00642316   20.6495      -0.0560881    0.0528566    0.095509     0.115643    
-0.0146634   -0.0560881   20.6524       0.0264633    0.115643     0.0754092   

Stress Spherical
0            0            0             0            0            0           
0            0            0             0            0            0           
0            0            0             0            0            0           

Inertia
149.825      -56.2499     -56.354       0.320786     0.108454     0.100471    
-56.2499     150.109      -56.1585      0.108454     0.146799     0.106265    
-56.354      -56.1585     149.96        0.100471     0.106265     0.140778    

Bond Length
0.61249841    0.020073465 

BB bond length
0.61249841    0.020073465 

Water EE distance
0             0           

PEG EE distance
3.9197371     0.42810396  

