Time = 500
Temperature
   1.0356929   0.043152769

Pressure
   22.856338    0.15300145

CM Mom
2.7626569e-17  1.967118e-17  
6.6578248e-17  6.0355274e-18 
-1.7132041e-17 4.442983e-17  
8.8653435e-17  5.2305264e-18 

CM Pos
7.4735204      0.017775893   
7.5041523      0.022445744   
7.4654397      0.035290874   
12.957617      0.028817947   

Stress
19.8206      -0.00731913  0.0115607     0.0621009    0.0643864    0.0855543   
-0.00731913  19.665       -0.0369579    0.0643864    0.0724415    0.0472057   
0.0115607    -0.0369579   19.7742       0.0855543    0.0472057    0.0646142   

Stress Spherical
0            0            0             0            0            0           
0            0            0             0            0            0           
0            0            0             0            0            0           

Inertia
149.206      -56.0926     -55.7484      0.647176     0.153395     0.264232    
-56.0926     148.732      -55.9952      0.153395     0.322819     0.472534    
-55.7484     -55.9952     149.341       0.264232     0.472534     0.350434    

Bond Length
0.6130916     0.0062853011

BB bond length
0.6130916     0.0062853011

Water EE distance
0             0           

PEG EE distance
3.5882858     0.210992    

Time = 1000
Temperature
1.009665      0.0054563681

Pressure
22.765936     0.10185083  

CM Mom
2.5413699e-17  1.4907444e-17 
5.9794162e-17  1.3836719e-17 
-2.0374217e-17 1.0187617e-17 
7.0774313e-17  1.2032349e-17 

CM Pos
7.4687735      0.016766857   
7.5189861      0.013511033   
7.4704832      0.011665113   
12.966344      0.019034971   

Stress
19.7405      0.0315839    0.0116638     0.064227     0.0445447    0.0250377   
0.0315839    19.6865      0.0189713     0.0445447    0.0963339    0.0372234   
0.0116638    0.0189713    19.7955       0.0250377    0.0372234    0.150585    

Stress Spherical
0            0            0             0            0            0           
0            0            0             0            0            0           
0            0            0             0            0            0           

Inertia
149.567      -56.1403     -55.7233      0.32109      0.123282     0.234693    
-56.1403     148.786      -56.1492      0.123282     0.460699     0.148399    
-55.7233     -56.1492     149.534       0.234693     0.148399     0.347621    

Bond Length
0.61200046    0.003810034 

BB bond length
0.61200046    0.003810034 

Water EE distance
0             0           

PEG EE distance
3.468868      0.43602649  

