Time = 1000
Temperature
   1.2352882    0.29413626

Pressure
   24.586901     1.9034534

CM Mom
-4.2051883e-17 2.3326004e-17 
3.5435815e-18  4.7294176e-17 
3.5080773e-16  5.2043555e-16 
5.4554103e-16  3.1759405e-16 

CM Pos
10.001417      0.022817738   
10.007422      0.029644686   
9.9962823      0.022870204   
17.323512      0.018486744   

Stress
20.9156      0.00711696   0.00542327    1.18286      0.0616407    0.0270375   
0.00711696   20.8831      0.00532275    0.0616407    1.13578      0.0432602   
0.00542327   0.00532275   20.8473       0.0270375    0.0432602    1.09079     

Stress Spherical
0            0            0             0            0            0           
0            0            0             0            0            0           
0            0            0             0            0            0           

Inertia
267.401      -100.137     -99.9864      5.43901      0.527994     0.231698    
-100.137     267.259      -100.053      0.527994     5.18181      0.201814    
-99.9864     -100.053     267.517       0.231698     0.201814     6.2576      

Bond Length
0.6264102     0.015690564 

BB bond length
0.6264102     0.015690564 

Water EE distance
0             0           

PEG EE distance
7.6315873     0.31480665  

BBB P2(x)
0.10369204    0.020043607 

BBB first bond length
0.6266297     0.016166362 

BBB second bond length
0.62652366    0.015516094 

BBB <phi**2>/<phi>**2
1.1271933     0.0060476844

Time = 2000
Temperature
1.0191288     0.0079325847

Pressure
23.117043     0.089084373 

CM Mom
-5.5579169e-17 1.1599386e-17 
-3.0395328e-18 2.3108229e-17 
1.8265306e-17  2.5786213e-16 
2.0491934e-16  1.6911942e-16 

CM Pos
9.9989159      0.013680246   
9.9990029      0.01439978    
10.001617      0.013155443   
17.32025       0.015176969   

Stress
20.0715      0.0122498    0.0151309     0.110388     0.0445161    0.0340002   
0.0122498    20.0332      -0.0021267    0.0445161    0.0940963    0.0461712   
0.0151309    -0.0021267   20.0766       0.0340002    0.0461712    0.123569    

Stress Spherical
0            0            0             0            0            0           
0            0            0             0            0            0           
0            0            0             0            0            0           

Inertia
266.584      -100.013     -99.9951      1.44508      0.274829     0.12931     
-100.013     266.586      -100.013      0.274829     1.39043      0.194148    
-99.9951     -100.013     266.545       0.12931      0.194148     1.67654     

Bond Length
0.6222368     0.0010655567

BB bond length
0.6222368     0.0010655567

Water EE distance
0             0           

PEG EE distance
7.1875112     0.13611751  

BBB P2(x)
0.089291814   0.0061191067

BBB first bond length
0.62228169    0.001140248 

BBB second bond length
0.62235078    0.0010906512

BBB <phi**2>/<phi>**2
1.12243       0.0022973203

Time = 3000
Temperature
1.0121899     0.0048561322

Pressure
23.050751     0.086648269 

CM Mom
-5.8360916e-17 1.5361581e-17 
1.5684665e-18  2.4934925e-17 
5.7532147e-17  7.544578e-17  
1.0040544e-16  5.6453041e-17 

CM Pos
9.9963319      0.0093121944  
9.9995863      0.013197627   
10.001033      0.0087992953  
17.318756      0.0086191566  

Stress
20.0309      0.00814977   -0.0145799    0.137027     0.0467076    0.0474099   
0.00814977   19.9974      -0.024358     0.0467076    0.0741469    0.0435995   
-0.0145799   -0.024358    20.0165       0.0474099    0.0435995    0.0921564   

Stress Spherical
0            0            0             0            0            0           
0            0            0             0            0            0           
0            0            0             0            0            0           

Inertia
266.566      -99.977      -100.014      0.671627     0.150312     0.155213    
-99.977      266.505      -100.022      0.150312     0.419779     0.155558    
-100.014     -100.022     266.48        0.155213     0.155558     0.614006    

Bond Length
0.62269091    0.0012107064

BB bond length
0.62269091    0.0012107064

Water EE distance
0             0           

PEG EE distance
6.8222134     0.10635092  

BBB P2(x)
0.087341218   0.0068136443

BBB first bond length
0.62275015    0.0012129453

BBB second bond length
0.62275306    0.0012495363

BBB <phi**2>/<phi>**2
1.1210488     0.0025174312

Time = 4000
Temperature
1.0096211     0.0044903225

Pressure
22.976912     0.045323173 

CM Mom
-6.3836667e-17 1.0554234e-17 
3.6600135e-17  2.7012386e-17 
1.1718327e-17  2.3940023e-17 
8.1718246e-17  1.6980077e-17 

CM Pos
10.002333      0.011966187   
10.002004      0.0098484991  
9.9997831      0.014381675   
17.322896      0.011349888   

Stress
19.9728      0.012714     -0.0200054    0.060398     0.0459162    0.053512    
0.012714     19.9217      -0.00594279   0.0459162    0.0728504    0.0537091   
-0.0200054   -0.00594279  19.952        0.053512     0.0537091    0.0408022   

Stress Spherical
0            0            0             0            0            0           
0            0            0             0            0            0           
0            0            0             0            0            0           

Inertia
266.65       -100.048     -100.028      0.482514     0.176578     0.174737    
-100.048     266.653      -100.022      0.176578     0.442607     0.212323    
-100.028     -100.022     266.684       0.174737     0.212323     0.353201    

Bond Length
0.62322827    0.0012383837

BB bond length
0.62322827    0.0012383837

Water EE distance
0             0           

PEG EE distance
6.719353      0.13223258  

BBB P2(x)
0.077650075   0.0042958167

BBB first bond length
0.62326579    0.0013187884

BBB second bond length
0.62321541    0.0013823878

BBB <phi**2>/<phi>**2
1.118742      0.0022728654

Time = 5000
Temperature
1.0094878     0.00408589  

Pressure
22.988772     0.067574611 

CM Mom
-5.3671277e-17 1.6724049e-17 
6.6368493e-17  1.9234615e-17 
1.2003297e-17  9.9683904e-18 
8.7434243e-17  2.3102989e-17 

CM Pos
10.000416      0.012887321   
10.007588      0.013676436   
10.0012        0.0089247371  
17.325833      0.010607672   

Stress
19.9596      -0.0107729   0.0109824     0.0624389    0.0699598    0.0347418   
-0.0107729   19.9649      -0.00143184   0.0699598    0.0787996    0.0707607   
0.0109824    -0.00143184  19.9587       0.0347418    0.0707607    0.104715    

Stress Spherical
0            0            0             0            0            0           
0            0            0             0            0            0           
0            0            0             0            0            0           

Inertia
266.804      -100.092     -99.9784      0.212997     0.202762     0.16795     
-100.092     266.65       -100.042      0.202762     0.329806     0.119587    
-99.9784     -100.042     266.769       0.16795      0.119587     0.414064    

Bond Length
0.62294573    0.0007550997

BB bond length
0.62294573    0.0007550997

Water EE distance
0             0           

PEG EE distance
6.2047305     0.084331179 

BBB P2(x)
0.072533196   0.005021011 

BBB first bond length
0.62305793    0.00081650502

BBB second bond length
0.62305486    0.00077446549

BBB <phi**2>/<phi>**2
1.1174505     0.0024862139

Time = 6000
Temperature
1.0080984     0.0039073877

Pressure
22.952484     0.042146328 

CM Mom
-6.1058579e-17 2.9825308e-17 
5.6511961e-17  8.2366513e-18 
2.416808e-17   2.4270116e-17 
9.400303e-17   1.4687011e-17 

CM Pos
9.9994994      0.011533338   
9.995502       0.012066506   
10.004534      0.0074011746  
17.320248      0.0102253     

Stress
19.9213      -0.0143598   0.020001      0.0600777    0.0494974    0.0644885   
-0.0143598   19.9274      -0.0320062    0.0494974    0.0457026    0.0505776   
0.020001     -0.0320062   19.9381       0.0644885    0.0505776    0.0650024   

Stress Spherical
0            0            0             0            0            0           
0            0            0             0            0            0           
0            0            0             0            0            0           

Inertia
266.644      -99.9873     -100.031      0.240744     0.148807     0.238988    
-99.9873     266.723      -99.991       0.148807     0.331034     0.130538    
-100.031     -99.991      266.525       0.238988     0.130538     0.272222    

Bond Length
0.62324741    0.001176576 

BB bond length
0.62324741    0.001176576 

Water EE distance
0             0           

PEG EE distance
6.0836812     0.057373416 

BBB P2(x)
0.073198184   0.0031559944

BBB first bond length
0.62337843    0.0011848916

BBB second bond length
0.62334629    0.0012666955

BBB <phi**2>/<phi>**2
1.1177192     0.0029486142

Time = 7000
Temperature
1.0114139     0.0039524023

Pressure
22.958296     0.073694604 

CM Mom
-7.0277513e-17 2.2064902e-17 
6.6950465e-17  1.1543799e-17 
8.3934184e-18  2.0120148e-17 
1.0118008e-16  1.6711477e-17 

CM Pos
9.9994994      0.011924309   
9.999503       0.014915506   
9.9930314      0.010180135   
17.315916      0.015755167   

Stress
19.9584      -0.000873488 0.000761344   0.0930131    0.0637933    0.0722642   
-0.000873488 19.9252      0.0294723     0.0637933    0.0900456    0.0316641   
0.000761344  0.0294723    19.8908       0.0722642    0.0316641    0.0796813   

Stress Spherical
0            0            0             0            0            0           
0            0            0             0            0            0           
0            0            0             0            0            0           

Inertia
266.506      -99.9927     -99.9024      0.390037     0.214575     0.204581    
-99.9927     266.502      -99.9102      0.214575     0.320492     0.206452    
-99.9024     -99.9102     266.644       0.204581     0.206452     0.395578    

Bond Length
0.62376842    0.00099088428

BB bond length
0.62376842    0.00099088428

Water EE distance
0             0           

PEG EE distance
6.1364028     0.032818807 

BBB P2(x)
0.073706644   0.0056981577

BBB first bond length
0.62396821    0.0010222982

BBB second bond length
0.62380244    0.00095939624

BBB <phi**2>/<phi>**2
1.1181255     0.0031232681

Time = 8000
Temperature
1.0136352     0.0045502669

Pressure
22.982814     0.061826613 

CM Mom
-6.7914981e-17 1.1325005e-17 
5.474612e-17   9.0298011e-18 
9.746494e-18   1.1042422e-17 
8.9372077e-17  6.995453e-18  

CM Pos
10.001583      0.0083187296  
9.9986694      0.015342603   
10.0022        0.0084084489  
17.321932      0.010549991   

Stress
19.9371      0.0106981    0.0118233     0.0607685    0.0408525    0.0617398   
0.0106981    19.9625      -0.00304958   0.0408525    0.117906     0.0386218   
0.0118233    -0.00304958  19.9284       0.0617398    0.0386218    0.0579137   

Stress Spherical
0            0            0             0            0            0           
0            0            0             0            0            0           
0            0            0             0            0            0           

Inertia
266.679      -100.057     -100.072      0.269764     0.225434     0.148925    
-100.057     266.743      -100.061      0.225434     0.200186     0.186239    
-100.072     -100.061     266.651       0.148925     0.186239     0.391473    

Bond Length
0.62272123    0.00096974358

BB bond length
0.62272123    0.00096974358

Water EE distance
0             0           

PEG EE distance
6.0264056     0.036156298 

BBB P2(x)
0.073790461   0.0044552908

BBB first bond length
0.6226739     0.0010542923

BBB second bond length
0.62282823    0.00097868891

BBB <phi**2>/<phi>**2
1.1188294     0.0030771099

Time = 9000
Temperature
1.0119661     0.0026603367

Pressure
22.985202     0.056727668 

CM Mom
-5.2682961e-17 1.5357397e-17 
4.7126293e-17  1.211867e-17  
1.7388474e-17  2.9001608e-17 
7.8951881e-17  1.7004303e-17 

CM Pos
9.9941647      0.01219053    
9.998086       0.0145144     
9.997866       0.011724232   
17.314815      0.0078214646  

Stress
19.9563      0.00233482   0.00124947    0.0482337    0.035976     0.0510256   
0.00233482   19.9553      -0.0193612    0.035976     0.0861574    0.0475082   
0.00124947   -0.0193612   19.9386       0.0510256    0.0475082    0.0792035   

Stress Spherical
0            0            0             0            0            0           
0            0            0             0            0            0           
0            0            0             0            0            0           

Inertia
266.599      -99.9173     -99.8959      0.34854      0.11442      0.20062     
-99.9173     266.508      -100.007      0.11442      0.368037     0.173769    
-99.8959     -100.007     266.509       0.20062      0.173769     0.270951    

Bond Length
0.62341356    0.00076413596

BB bond length
0.62341356    0.00076413596

Water EE distance
0             0           

PEG EE distance
5.9903837     0.064097563 

BBB P2(x)
0.068980618   0.0082879793

BBB first bond length
0.62354531    0.00079135923

BBB second bond length
0.62343373    0.00064040527

BBB <phi**2>/<phi>**2
1.1165454     0.0024951146

Time = 10000
Temperature
1.0108783     0.0043171027

Pressure
23.020555     0.061147884 

CM Mom
-5.4433272e-17 2.0439797e-17 
4.2948497e-17  1.3118198e-17 
3.8358254e-17  2.1607787e-17 
8.4185984e-17  1.5760679e-17 

CM Pos
10.001667      0.013905165   
9.9951686      0.015611059   
10.0012        0.0094686817  
17.319384      0.013930793   

Stress
19.9639      -0.00216165  -0.0162298    0.0966139    0.046976     0.0455076   
-0.00216165  20.0181      0.0382317     0.046976     0.0630103    0.0352061   
-0.0162298   0.0382317    19.984        0.0455076    0.0352061    0.0777091   

Stress Spherical
0            0            0             0            0            0           
0            0            0             0            0            0           
0            0            0             0            0            0           

Inertia
266.572      -100.012     -100.059      0.387704     0.242972     0.218528    
-100.012     266.716      -99.9647      0.242972     0.407073     0.187434    
-100.059     -99.9647     266.591       0.218528     0.187434     0.399955    

Bond Length
0.62276443    0.00077739407

BB bond length
0.62276443    0.00077739407

Water EE distance
0             0           

PEG EE distance
6.0348037     0.060855253 

BBB P2(x)
0.074706467   0.0038908382

BBB first bond length
0.62283509    0.00086328918

BBB second bond length
0.62284674    0.00087483285

BBB <phi**2>/<phi>**2
1.11709       0.001024713 

Time = 11000
Temperature
1.0094951     0.0038034329

Pressure
22.974523     0.065099769 

CM Mom
-3.7656036e-17 1.4501829e-17 
4.3370719e-17  1.0313862e-17 
6.0195729e-17  1.2517339e-17 
8.5387218e-17  1.0242444e-17 

CM Pos
10.00375       0.0099830324  
10.000253      0.016147706   
10.004284      0.0099958996  
17.325301      0.014416956   

Stress
19.9674      0.0130788    0.00396576    0.102476     0.0439793    0.0425164   
0.0130788    19.9162      0.00803082    0.0439793    0.0763557    0.0550659   
0.00396576   0.00803082   19.9568       0.0425164    0.0550659    0.0897436   

Stress Spherical
0            0            0             0            0            0           
0            0            0             0            0            0           
0            0            0             0            0            0           

Inertia
266.736      -100.066     -100.043      0.384889     0.213271     0.147306    
-100.066     266.823      -100.071      0.213271     0.273031     0.235791    
-100.043     -100.071     266.731       0.147306     0.235791     0.503877    

Bond Length
0.62329877    0.00083008198

BB bond length
0.62329877    0.00083008198

Water EE distance
0             0           

PEG EE distance
6.0167516     0.092803348 

BBB P2(x)
0.073420099   0.0042191431

BBB first bond length
0.62348224    0.00081725925

BBB second bond length
0.62325006    0.00071105158

BBB <phi**2>/<phi>**2
1.1182605     0.0023125494

Time = 12000
Temperature
1.0147326     0.0063684506

Pressure
23.020792     0.069919021 

CM Mom
-3.43704e-17   2.108411e-17  
3.5395357e-17  1.1778242e-17 
8.0087456e-17  2.2419068e-17 
9.7734227e-17  1.9546314e-17 

CM Pos
9.9986658      0.012297212   
9.9970024      0.011471424   
9.9971992      0.017907767   
17.316403      0.012828677   

Stress
19.9602      0.015573     0.0165055     0.0490415    0.0517588    0.0533353   
0.015573     20.0052      0.0152631     0.0517588    0.0819645    0.0544251   
0.0165055    0.0152631    19.9667       0.0533353    0.0544251    0.100595    

Stress Spherical
0            0            0             0            0            0           
0            0            0             0            0            0           
0            0            0             0            0            0           

Inertia
266.536      -99.9422     -99.9441      0.395503     0.146672     0.234914    
-99.9422     266.58       -99.9271      0.146672     0.481804     0.244841    
-99.9441     -99.9271     266.569       0.234914     0.244841     0.338056    

Bond Length
0.62306007    0.0010553406

BB bond length
0.62306007    0.0010553406

Water EE distance
0             0           

PEG EE distance
5.8440904     0.094108377 

BBB P2(x)
0.07269888    0.0069190808

BBB first bond length
0.62312203    0.0010338894

BBB second bond length
0.62315625    0.0011393372

BBB <phi**2>/<phi>**2
1.1189485     0.0027651568

Time = 13000
Temperature
1.0120593     0.0041387197

Pressure
23.009298     0.042877424 

CM Mom
-3.1952169e-17 1.0275254e-17 
5.1816076e-17  2.1637802e-17 
6.8971345e-17  3.0325058e-17 
9.5613615e-17  2.8536192e-17 

CM Pos
10.000083      0.015090559   
9.9974191      0.010760439   
9.9981994      0.013762276   
17.318035      0.015820003   

Stress
19.9578      0.00562271   0.00818268    0.0810969    0.0463644    0.0467676   
0.00562271   19.9821      -0.0100851    0.0463644    0.0454489    0.0452286   
0.00818268   -0.0100851   19.9817       0.0467676    0.0452286    0.0565412   

Stress Spherical
0            0            0             0            0            0           
0            0            0             0            0            0           
0            0            0             0            0            0           

Inertia
266.571      -99.9593     -100.004      0.31616      0.293718     0.223391    
-99.9593     266.637      -99.9833      0.293718     0.457559     0.233224    
-100.004     -99.9833     266.63        0.223391     0.233224     0.439047    

Bond Length
0.62242191    0.00093033143

BB bond length
0.62242191    0.00093033143

Water EE distance
0             0           

PEG EE distance
5.7447907     0.088736784 

BBB P2(x)
0.07210358    0.0050920282

BBB first bond length
0.62249423    0.00096264871

BBB second bond length
0.6225632     0.0010105385

BBB <phi**2>/<phi>**2
1.1165403     0.002381651 

Time = 14000
Temperature
1.01015       0.0032550085

Pressure
22.981729     0.047689505 

CM Mom
-2.5884729e-17 1.8291914e-17 
6.1233237e-17  8.6135651e-18 
7.360861e-17   1.3497034e-17 
1.0152968e-16  1.0974439e-17 

CM Pos
9.9971655      0.0098205931  
9.9984194      0.015802377   
10.000867      0.010356064   
17.31847       0.0097692129  

Stress
19.9699      -0.0161592   -0.0187554    0.0623981    0.0484364    0.056141    
-0.0161592   19.972       0.0219434     0.0484364    0.0552036    0.0440221   
-0.0187554   0.0219434    19.9142       0.056141     0.0440221    0.0712273   

Stress Spherical
0            0            0             0            0            0           
0            0            0             0            0            0           
0            0            0             0            0            0           

Inertia
266.648      -99.9449     -99.9791      0.313198     0.158833     0.133372    
-99.9449     266.608      -99.9906      0.158833     0.243892     0.179646    
-99.9791     -99.9906     266.568       0.133372     0.179646     0.476777    

Bond Length
0.62273248    0.000834243 

BB bond length
0.62273248    0.000834243 

Water EE distance
0             0           

PEG EE distance
5.6910704     0.060226715 

BBB P2(x)
0.074440505   0.0080899561

BBB first bond length
0.62275313    0.00079787268

BBB second bond length
0.62284277    0.00072479338

BBB <phi**2>/<phi>**2
1.1193526     0.0025291964

Time = 15000
Temperature
1.0083055     0.0061843969

Pressure
22.980119     0.044149732 

CM Mom
-4.4211229e-17 1.5800448e-17 
4.5068743e-17  1.4381047e-17 
8.8355133e-17  3.1524236e-17 
1.1243475e-16  2.4517881e-17 

CM Pos
9.9964153      0.013418727   
9.9995863      0.0056833855  
9.9991163      0.014294451   
17.317699      0.0091554412  

Stress
19.9992      -0.0125959   -0.0473825    0.061781     0.0425522    0.0355545   
-0.0125959   19.9486      -0.0132212    0.0425522    0.0814781    0.0626068   
-0.0473825   -0.0132212   19.92         0.0355545    0.0626068    0.0756575   

Stress Spherical
0            0            0             0            0            0           
0            0            0             0            0            0           
0            0            0             0            0            0           

Inertia
266.637      -99.9942     -99.9258      0.223771     0.149166     0.162657    
-99.9942     266.587      -100.027      0.149166     0.32566      0.120103    
-99.9258     -100.027     266.591       0.162657     0.120103     0.25285     

Bond Length
0.62314348    0.00076806851

BB bond length
0.62314348    0.00076806851

Water EE distance
0             0           

PEG EE distance
5.7413205     0.099921829 

BBB P2(x)
0.070145865   0.0055931752

BBB first bond length
0.62324421    0.0007426623

BBB second bond length
0.62330863    0.0008058697

BBB <phi**2>/<phi>**2
1.1171794     0.0026859095

Time = 16000
Temperature
1.0079573     0.0050464768

Pressure
22.960711     0.047739083 

CM Mom
-3.7074903e-17 1.375851e-17  
6.5630473e-17  1.0333626e-17 
1.0430186e-16  2.3725519e-17 
1.302652e-16   2.1230732e-17 

CM Pos
10.004167      0.0085041683  
10.002754      0.0065891987  
9.9979493      0.0091161421  
17.323325      0.0072227285  

Stress
19.9021      -0.008221    -0.0138669    0.0457055    0.0471369    0.0599344   
-0.008221    19.9544      -0.00368268   0.0471369    0.0801041    0.0450079   
-0.0138669   -0.00368268  19.9563       0.0599344    0.0450079    0.0712012   

Stress Spherical
0            0            0             0            0            0           
0            0            0             0            0            0           
0            0            0             0            0            0           

Inertia
266.675      -100.078     -99.9917      0.279779     0.0709359    0.148941    
-100.078     266.698      -100.025      0.0709359    0.241861     0.079807    
-99.9917     -100.025     266.803       0.148941     0.079807     0.186539    

Bond Length
0.62298163    0.0010386111

BB bond length
0.62298163    0.0010386111

Water EE distance
0             0           

PEG EE distance
5.8245427     0.079774107 

BBB P2(x)
0.073436106   0.005439781 

BBB first bond length
0.6230673     0.0011164477

BBB second bond length
0.6230234     0.0010527941

BBB <phi**2>/<phi>**2
1.1170797     0.0018595053

Time = 17000
Temperature
1.0122645     0.0032111261

Pressure
22.992209     0.07252417  

CM Mom
-1.6229215e-17 2.3234645e-17 
7.6465604e-17  1.1499259e-17 
9.6428473e-17  1.581611e-17  
1.2711715e-16  1.3125819e-17 

CM Pos
9.9985825      0.010024704   
9.9987528      0.0086177895  
10.000867      0.012695035   
17.319476      0.011047704   

Stress
20.0075      0.00386818   -0.00560308   0.0721366    0.0448461    0.0370771   
0.00386818   19.9202      -0.0170072    0.0448461    0.1057       0.0425749   
-0.00560308  -0.0170072   19.9408       0.0370771    0.0425749    0.0943017   

Stress Spherical
0            0            0             0            0            0           
0            0            0             0            0            0           
0            0            0             0            0            0           

Inertia
266.66       -99.9932     -100.001      0.389526     0.127333     0.160922    
-99.9932     266.661      -99.98        0.127333     0.302102     0.169548    
-100.001     -99.98       266.624       0.160922     0.169548     0.181949    

Bond Length
0.62329974    0.0014415914

BB bond length
0.62329974    0.0014415914

Water EE distance
0             0           

PEG EE distance
5.855384      0.07535161  

BBB P2(x)
0.06892855    0.0034717687

BBB first bond length
0.62340452    0.0014013425

BBB second bond length
0.62332358    0.0014273997

BBB <phi**2>/<phi>**2
1.1162337     0.0012783478

Time = 18000
Temperature
1.0078591     0.0045340545

Pressure
22.957174     0.059104478 

CM Mom
-9.4175082e-18 1.4179365e-17 
8.0129215e-17  1.5200204e-17 
9.1826373e-17  1.7394022e-17 
1.2407975e-16  1.6743121e-17 

CM Pos
10.002417      0.015351657   
10.003754      0.0092553163  
9.9951153      0.0079867913  
17.321259      0.011124672   

Stress
19.9103      -0.00482331  -0.000396974  0.10228      0.0382318    0.0298178   
-0.00482331  19.9426      -0.00581385   0.0382318    0.0760724    0.0522605   
-0.000396974 -0.00581385  19.9502       0.0298178    0.0522605    0.089729    

Stress Spherical
0            0            0             0            0            0           
0            0            0             0            0            0           
0            0            0             0            0            0           

Inertia
266.633      -100.068     -100.011      0.217319     0.165609     0.222643    
-100.068     266.612      -99.9585      0.165609     0.395223     0.130066    
-100.011     -99.9585     266.778       0.222643     0.130066     0.35384     

Bond Length
0.62332804    0.00083064722

BB bond length
0.62332804    0.00083064722

Water EE distance
0             0           

PEG EE distance
5.7323934     0.076592882 

BBB P2(x)
0.067079849   0.0062218485

BBB first bond length
0.62356586    0.00082330288

BBB second bond length
0.62341567    0.00083745909

BBB <phi**2>/<phi>**2
1.1161074     0.0033048306

Time = 19000
Temperature
1.0122303     0.004361734 

Pressure
22.961056     0.050868112 

CM Mom
9.2929239e-19  2.0248989e-17 
8.6463581e-17  1.966272e-17  
9.3347412e-17  1.2671607e-17 
1.2968263e-16  1.8170908e-17 

CM Pos
10.00025       0.011545079   
10.000587      0.0089624148  
10.003951      0.012064491   
17.32328       0.0093424293  

Stress
19.9301      -0.020078    -0.00856743   0.0538694    0.0491419    0.0655239   
-0.020078    19.9196      0.0131926     0.0491419    0.0437488    0.06471     
-0.00856743  0.0131926    19.9257       0.0655239    0.06471      0.0867371   

Stress Spherical
0            0            0             0            0            0           
0            0            0             0            0            0           
0            0            0             0            0            0           

Inertia
266.744      -100.025     -100.028      0.290717     0.142661     0.162941    
-100.025     266.745      -100.053      0.142661     0.359865     0.145076    
-100.028     -100.053     266.676       0.162941     0.145076     0.210406    

Bond Length
0.62349219    0.0012601098

BB bond length
0.62349219    0.0012601098

Water EE distance
0             0           

PEG EE distance
5.7976177     0.051935375 

BBB P2(x)
0.067825485   0.0050143283

BBB first bond length
0.62347862    0.0012953043

BBB second bond length
0.62363117    0.0012186315

BBB <phi**2>/<phi>**2
1.1159158     0.0030235545

Time = 20000
Temperature
1.0126141     0.0039060667

Pressure
22.995596     0.065914535 

CM Mom
2.2014056e-17  1.6896312e-17 
9.8102437e-17  2.0235152e-17 
1.0551433e-16  1.5448258e-17 
1.4823751e-16  1.4185149e-17 

CM Pos
9.9994994      0.015361837   
9.9992529      0.012712809   
10.003867      0.002495062   
17.322028      0.012509515   

Stress
19.9691      0.00804747   0.0161749     0.114264     0.0390754    0.0351817   
0.00804747   19.9456      -0.00613743   0.0390754    0.0805104    0.0234604   
0.0161749    -0.00613743  19.9608       0.0351817    0.0234604    0.0920201   

Stress Spherical
0            0            0             0            0            0           
0            0            0             0            0            0           
0            0            0             0            0            0           

Inertia
266.733      -99.9642     -99.99        0.260272     0.251009     0.19563     
-99.9642     266.736      -100.051      0.251009     0.341001     0.148234    
-99.99       -100.051     266.642       0.19563      0.148234     0.420165    

Bond Length
0.62266276    0.0011363973

BB bond length
0.62266276    0.0011363973

Water EE distance
0             0           

PEG EE distance
5.6633474     0.084153102 

BBB P2(x)
0.070972172   0.0074788452

BBB first bond length
0.62278442    0.001029461 

BBB second bond length
0.62271248    0.001128499 

BBB <phi**2>/<phi>**2
1.1167689     0.0025410422

Time = 21000
Temperature
1.0131066     0.0042648358

Pressure
23.012136     0.033224949 

CM Mom
3.1901098e-17  1.0106134e-17 
8.2238241e-17  2.6431462e-17 
9.9135087e-17  1.7312383e-17 
1.3494815e-16  2.2316928e-17 

CM Pos
10.001583      0.012199361   
9.9987528      0.0091420187  
9.9984495      0.0064463554  
17.319813      0.0087680862  

Stress
19.9475      7.70171e-05  -0.00643681   0.073797     0.0659329    0.0733001   
7.70171e-05  19.9628      -0.00547468   0.0659329    0.0721375    0.0380004   
-0.00643681  -0.00547468  20.0104       0.0733001    0.0380004    0.0675494   

Stress Spherical
0            0            0             0            0            0           
0            0            0             0            0            0           
0            0            0             0            0            0           

Inertia
266.618      -99.9929     -100.037      0.24136      0.0757325    0.146696    
-99.9929     266.655      -99.9697      0.0757325    0.257632     0.18093     
-100.037     -99.9697     266.685       0.146696     0.18093      0.213187    

Bond Length
0.62274479    0.00058646928

BB bond length
0.62274479    0.00058646928

Water EE distance
0             0           

PEG EE distance
5.8122066     0.047034909 

BBB P2(x)
0.07385054    0.0056169138

BBB first bond length
0.62293681    0.00065234614

BBB second bond length
0.62284032    0.00067686059

BBB <phi**2>/<phi>**2
1.1175361     0.0025183416

Time = 22000
Temperature
1.0112269     0.006097428 

Pressure
22.954293     0.074307241 

CM Mom
2.5350879e-17  9.3867743e-18 
7.2754566e-17  2.1453353e-17 
8.2520609e-17  1.2194772e-17 
1.1418159e-16  2.0129086e-17 

CM Pos
10.002583      0.012192524   
10.004171      0.01343632    
9.9919478      0.0098007635  
17.319768      0.013829068   

Stress
19.9187      0.00207175   0.000288965   0.0937978    0.0678454    0.0345587   
0.00207175   19.9403      0.0122993     0.0678454    0.094835     0.0582895   
0.000288965  0.0122993    19.9052       0.0345587    0.0582895    0.0547617   

Stress Spherical
0            0            0             0            0            0           
0            0            0             0            0            0           
0            0            0             0            0            0           

Inertia
266.585      -100.082     -99.9563      0.375658     0.199603     0.182123    
-100.082     266.563      -99.9544      0.199603     0.378743     0.181046    
-99.9563     -99.9544     266.799       0.182123     0.181046     0.364889    

Bond Length
0.62327266    0.00095507725

BB bond length
0.62327266    0.00095507725

Water EE distance
0             0           

PEG EE distance
5.8650514     0.051679923 

BBB P2(x)
0.069966954   0.00587928  

BBB first bond length
0.62342827    0.00099732651

BBB second bond length
0.62339928    0.00090261729

BBB <phi**2>/<phi>**2
1.1164832     0.0019039858

Time = 23000
Temperature
1.010393      0.0039973313

Pressure
22.97611      0.0611549   

CM Mom
2.7312995e-17  1.4775806e-17 
8.1802023e-17  2.161048e-17  
8.6659017e-17  1.0127022e-17 
1.2409078e-16  1.8350147e-17 

CM Pos
9.9975822      0.013019271   
10.00117       0.011823371   
9.998116       0.0059928114  
17.318708      0.0082671479  

Stress
19.9426      -0.020758    0.0209036     0.0784674    0.0410737    0.0531284   
-0.020758    19.9699      0.0210538     0.0410737    0.0801305    0.0314186   
0.0209036    0.0210538    19.9246       0.0531284    0.0314186    0.107755    

Stress Spherical
0            0            0             0            0            0           
0            0            0             0            0            0           
0            0            0             0            0            0           

Inertia
266.641      -99.9798     -99.9521      0.248537     0.172919     0.147421    
-99.9798     266.566      -100.011      0.172919     0.238775     0.125838    
-99.9521     -100.011     266.646       0.147421     0.125838     0.318202    

Bond Length
0.62307118    0.00060376152

BB bond length
0.62307118    0.00060376152

Water EE distance
0             0           

PEG EE distance
5.7890021     0.025014116 

BBB P2(x)
0.070153401   0.0055965987

BBB first bond length
0.62312322    0.0006271641

BBB second bond length
0.62313286    0.00054947009

BBB <phi**2>/<phi>**2
1.1168714     0.0023975138

Time = 24000
Temperature
1.0105181     0.006130006 

Pressure
22.968345     0.045306713 

CM Mom
3.5953673e-17  2.3222317e-17 
7.2419796e-17  1.0452835e-17 
8.7112876e-17  1.1029908e-17 
1.2168885e-16  9.3790732e-18 

CM Pos
9.9952483      0.014220134   
10.004921      0.013127951   
10.006618      0.010033364   
17.324437      0.014060285   

Stress
19.9301      -0.00938032  -0.0235996    0.0492536    0.0371353    0.0544102   
-0.00938032  19.9437      0.0156482     0.0371353    0.0689907    0.0571221   
-0.0235996   0.0156482    19.9388       0.0544102    0.0571221    0.0789815   

Stress Spherical
0            0            0             0            0            0           
0            0            0             0            0            0           
0            0            0             0            0            0           

Inertia
266.882      -100.025     -99.9871      0.396115     0.209006     0.143116    
-100.025     266.689      -100.125      0.209006     0.342903     0.201952    
-99.9871     -100.125     266.646       0.143116     0.201952     0.395952    

Bond Length
0.62281022    0.0011536233

BB bond length
0.62281022    0.0011536233

Water EE distance
0             0           

PEG EE distance
5.8251602     0.030615539 

BBB P2(x)
0.070587473   0.0074240158

BBB first bond length
0.6229151     0.0011888539

BBB second bond length
0.62278499    0.0011326286

BBB <phi**2>/<phi>**2
1.117823      0.0025682467

Time = 25000
Temperature
1.0111479     0.0038559181

Pressure
22.978913     0.070038031 

CM Mom
3.0903382e-17  3.3971124e-17 
7.1908387e-17  1.5853933e-17 
8.2067617e-17  2.0751167e-17 
1.1996702e-16  1.7459641e-17 

CM Pos
9.9990826      0.012256182   
9.9991696      0.01793258    
9.9980327      0.0098963555  
17.318375      0.012786077   

Stress
19.9279      0.00442463   -0.0124954    0.0909844    0.037371     0.0419387   
0.00442463   19.9526      -0.0210587    0.037371     0.0839694    0.0324022   
-0.0124954   -0.0210587   19.9582       0.0419387    0.0324022    0.0726123   

Stress Spherical
0            0            0             0            0            0           
0            0            0             0            0            0           
0            0            0             0            0            0           

Inertia
266.615      -100.002     -99.9761      0.406527     0.185605     0.185539    
-100.002     266.613      -99.9997      0.185605     0.278137     0.23139     
-99.9761     -99.9997     266.622       0.185539     0.23139      0.446048    

Bond Length
0.62302775    0.0010146018

BB bond length
0.62302775    0.0010146018

Water EE distance
0             0           

PEG EE distance
5.7863491     0.069475522 

BBB P2(x)
0.073677676   0.0073718282

BBB first bond length
0.623058      0.00099359882

BBB second bond length
0.62316641    0.0010069848

BBB <phi**2>/<phi>**2
1.1188519     0.0031643503

Time = 26000
Temperature
1.0095394     0.0047555883

Pressure
22.948561     0.061020027 

CM Mom
-9.4415691e-18 2.3883821e-17 
7.1455627e-17  1.677481e-17  
8.2014175e-17  3.2878165e-17 
1.1454838e-16  2.7071183e-17 

CM Pos
10.00225       0.010712227   
10.004338      0.007914697   
9.999283       0.010270168   
17.323904      0.0091143941  

Stress
19.9297      0.00678655   -0.0152779    0.10432      0.0509216    0.0470494   
0.00678655   19.9466      -0.0121487    0.0509216    0.035847     0.0438412   
-0.0152779   -0.0121487   19.8858       0.0470494    0.0438412    0.0684376   

Stress Spherical
0            0            0             0            0            0           
0            0            0             0            0            0           
0            0            0             0            0            0           

Inertia
266.736      -100.045     -100.025      0.285882     0.183981     0.205144    
-100.045     266.698      -100.071      0.183981     0.265585     0.159308    
-100.025     -100.071     266.787       0.205144     0.159308     0.230184    

Bond Length
0.62275262    0.00069020161

BB bond length
0.62275262    0.00069020161

Water EE distance
0             0           

PEG EE distance
5.743868      0.068925505 

BBB P2(x)
0.068689028   0.0051716679

BBB first bond length
0.62281658    0.00076377355

BBB second bond length
0.62280896    0.00062089214

BBB <phi**2>/<phi>**2
1.1163518     0.0026494427

Time = 27000
Temperature
1.0129075     0.0046987237

Pressure
22.959226     0.060565446 

CM Mom
-8.1823654e-18 1.7262513e-17 
9.3076612e-17  1.4691664e-17 
7.6249982e-17  2.2879322e-17 
1.2277271e-16  2.2548439e-17 

CM Pos
10.001166      0.0083375008  
10.004754      0.012870327   
9.9976993      0.010438925   
17.322606      0.010288257   

Stress
19.9136      -0.006897    0.0268283     0.0407974    0.0510629    0.0498725   
-0.006897    19.9356      -0.00955872   0.0510629    0.124192     0.0537042   
0.0268283    -0.00955872  19.9146       0.0498725    0.0537042    0.0587312   

Stress Spherical
0            0            0             0            0            0           
0            0            0             0            0            0           
0            0            0             0            0            0           

Inertia
266.712      -100.106     -100.013      0.378811     0.176043     0.136851    
-100.106     266.65       -100.009      0.176043     0.270465     0.183128    
-100.013     -100.009     266.778       0.136851     0.183128     0.287059    

Bond Length
0.62342886    0.00089167274

BB bond length
0.62342886    0.00089167274

Water EE distance
0             0           

PEG EE distance
5.7499696     0.062415255 

BBB P2(x)
0.071552898   0.0050988869

BBB first bond length
0.62356289    0.00092173592

BBB second bond length
0.62346377    0.00086897256

BBB <phi**2>/<phi>**2
1.1174271     0.002984553 

Time = 28000
Temperature
1.0111381     0.0060144606

Pressure
23.013968     0.024926318 

CM Mom
-8.7926202e-19 2.6244729e-17 
9.5464275e-17  1.4522286e-17 
8.4180114e-17  2.6228523e-17 
1.3251629e-16  1.5084528e-17 

CM Pos
9.9982491      0.010622344   
10.00167       0.0063938681  
9.999283       0.0094602395  
17.320051      0.010566654   

Stress
20.0038      0.00600854   -0.0065539    0.0823895    0.0422149    0.0452169   
0.00600854   19.9605      0.0218985     0.0422149    0.077565     0.0554519   
-0.0065539   0.0218985    19.9796       0.0452169    0.0554519    0.0478988   

Stress Spherical
0            0            0             0            0            0           
