Time = 1000
Temperature
   1.0790425   0.083407773

Pressure
   23.653567    0.42730964

CM Mom
-9.1288476e-18 2.4285414e-17 
2.1059868e-17  1.4570896e-17 
8.3047957e-17  2.5519554e-16 
2.4048481e-16  1.2457019e-16 

CM Pos
9.9959199      0.016314593   
9.9952741      0.026244701   
9.9986765      0.011620533   
17.31468       0.02028786    

Stress
20.4281      0.00324593   -0.00242838   0.227964     0.0405932    0.0438606   
0.00324593   20.3684      0.0100551     0.0405932    0.235248     0.0373741   
-0.00242838  0.0100551    20.4589       0.0438606    0.0373741    0.185981    

Stress Spherical
0            0            0             0            0            0           
0            0            0             0            0            0           
0            0            0             0            0            0           

Inertia
266.535      -99.9337     -99.8879      1.56366      0.294481     0.215848    
-99.9337     266.532      -99.9311      0.294481     2.30734      0.369813    
-99.8879     -99.9311     266.475       0.215848     0.369813     1.98082     

Bond Length
0.62449592    0.003698796 

BB bond length
0.62449592    0.003698796 

Water EE distance
0             0           

PEG EE distance
4.3913385     0.11688486  

BBB P2(x)
0.085131001   0.0097325347

BBB first bond length
0.62442064    0.0037261362

BBB second bond length
0.62485665    0.0036550974

BBB <phi**2>/<phi>**2
1.1214768     0.004492751 

Time = 2000
Temperature
1.0130494     0.0039218087

Pressure
23.289874     0.056219701 

CM Mom
-2.0741058e-17 1.3711972e-17 
2.6793417e-17  1.9290072e-17 
7.2754787e-17  1.1803612e-16 
1.1567202e-16  8.691359e-17  

CM Pos
10.00184       0.013520019   
9.998276       0.0071288463  
10.000594      0.013305141   
17.320927      0.011015158   

Stress
20.2443      0.032684     0.00615993    0.0808969    0.0486489    0.0496599   
0.032684     20.2202      -0.00315667   0.0486489    0.0415963    0.0394194   
0.00615993   -0.00315667  20.2933       0.0496599    0.0394194    0.084497    

Stress Spherical
0            0            0             0            0            0           
0            0            0             0            0            0           
0            0            0             0            0            0           

Inertia
266.572      -99.9358     -100          0.860652     0.175335     0.210921    
-99.9358     266.641      -100.002      0.175335     1.02976      0.167106    
-100         -100.002     266.6         0.210921     0.167106     1.02801     

Bond Length
0.62494998    0.00090112471

BB bond length
0.62494998    0.00090112471

Water EE distance
0             0           

PEG EE distance
4.0391289     0.11617417  

BBB P2(x)
0.078690202   0.0076537437

BBB first bond length
0.6250992     0.00086089722

BBB second bond length
0.62510166    0.00085651691

BBB <phi**2>/<phi>**2
1.1186877     0.0035171519

Time = 3000
Temperature
1.0118938     0.0046566537

Pressure
23.233251     0.048138247 

CM Mom
-4.0413611e-17 1.3208525e-17 
3.1541952e-17  1.3023201e-17 
9.4547167e-18  4.5547149e-17 
6.9049447e-17  1.9191974e-17 

CM Pos
9.9994221      0.013705687   
10.000611      0.0065663063  
9.9969254      0.010268267   
17.318756      0.013773887   

Stress
20.1997      0.0162776    -0.00836564   0.0588197    0.0346908    0.039978    
0.0162776    20.1813      0.0195081     0.0346908    0.0455446    0.0299529   
-0.00836564  0.0195081    20.2174       0.039978     0.0299529    0.054039    

Stress Spherical
0            0            0             0            0            0           
0            0            0             0            0            0           
0            0            0             0            0            0           

Inertia
266.551      -100.023     -99.9649      0.428606     0.183386     0.262055    
-100.023     266.514      -99.9954      0.183386     0.679385     0.171571    
-99.9649     -99.9954     266.615       0.262055     0.171571     0.551874    

Bond Length
0.62433156    0.0015382734

BB bond length
0.62433156    0.0015382734

Water EE distance
0             0           

PEG EE distance
4.018051      0.08476755  

BBB P2(x)
0.076845142   0.0052621086

BBB first bond length
0.62444453    0.0014625562

BBB second bond length
0.62454931    0.0015105697

BBB <phi**2>/<phi>**2
1.1182914     0.0020459167

Time = 4000
Temperature
1.0133108     0.0039609554

Pressure
23.243925     0.047948564 

CM Mom
-5.3554201e-17 3.1475831e-17 
5.0437846e-17  2.6495874e-17 
1.668459e-17   3.2025119e-17 
8.944815e-17   2.0194066e-17 

CM Pos
10.004759      0.013889123   
9.9958578      0.0093153154  
10.000678      0.0096630029  
17.321266      0.0075268911  

Stress
20.2078      -0.0155753   -0.0221117    0.0804161    0.0504088    0.0241542   
-0.0155753   20.2308      -0.00609171   0.0504088    0.0751844    0.0570113   
-0.0221117   -0.00609171  20.1791       0.0241542    0.0570113    0.0487243   

Stress Spherical
0            0            0             0            0            0           
0            0            0             0            0            0           
0            0            0             0            0            0           

Inertia
266.54       -100.048     -100.087      0.210252     0.150319     0.183655    
-100.048     266.707      -99.9355      0.150319     0.47265      0.174876    
-100.087     -99.9355     266.625       0.183655     0.174876     0.322681    

Bond Length
0.62377971    0.0014602836

BB bond length
0.62377971    0.0014602836

Water EE distance
0             0           

PEG EE distance
4.0422444     0.04683255  

BBB P2(x)
0.074924841   0.0086912779

BBB first bond length
0.62399607    0.0013791931

BBB second bond length
0.62383577    0.00167911  

BBB <phi**2>/<phi>**2
1.1178876     0.0029656642

Time = 5000
Temperature
1.0079331     0.00308103  

Pressure
23.211287     0.04772562  

CM Mom
-6.1640753e-17 1.5512769e-17 
1.3026432e-17  2.0246601e-17 
1.8178774e-17  3.5882766e-17 
7.7233377e-17  1.6519305e-17 

CM Pos
9.9983381      0.010037128   
9.9981092      0.013717096   
9.9931731      0.01093876    
17.314526      0.0067298197  

Stress
20.1931      0.000482852  -0.0215295    0.0960138    0.0380229    0.0599115   
0.000482852  20.1713      0.0035722     0.0380229    0.0458604    0.0356629   
-0.0215295   0.0035722    20.2037       0.0599115    0.0356629    0.0840555   

Stress Spherical
0            0            0             0            0            0           
0            0            0             0            0            0           
0            0            0             0            0            0           

Inertia
266.474      -99.924      -99.9121      0.220857     0.114684     0.179559    
-99.924      266.454      -99.879       0.114684     0.455497     0.149426    
-99.9121     -99.879      266.571       0.179559     0.149426     0.223806    

Bond Length
0.6248659     0.0014777874

BB bond length
0.6248659     0.0014777874

Water EE distance
0             0           

PEG EE distance
4.0347149     0.067243718 

BBB P2(x)
0.075669572   0.0098553544

BBB first bond length
0.62489127    0.0014846792

BBB second bond length
0.6251466     0.0014654076

BBB <phi**2>/<phi>**2
1.11862       0.0047260916

Time = 6000
Temperature
1.0117097     0.0057938543

Pressure
23.221956     0.058336389 

CM Mom
-5.4063719e-17 9.2938897e-18 
1.3052353e-17  9.1270678e-18 
1.7568116e-17  1.4607369e-17 
6.0496262e-17  1.1186849e-17 

CM Pos
10.003425      0.014263544   
9.9951074      0.011109058   
10.001762      0.0088262622  
17.320686      0.011927986   

Stress
20.1877      -0.0370794   0.0182139     0.0672931    0.0266863    0.0533051   
-0.0370794   20.189       0.00562419    0.0266863    0.080373     0.0339793   
0.0182139    0.00562419   20.1894       0.0533051    0.0339793    0.0508634   

Stress Spherical
0            0            0             0            0            0           
0            0            0             0            0            0           
0            0            0             0            0            0           

Inertia
266.608      -99.9272     -100.041      0.372074     0.192047     0.157103    
-99.9272     266.749      -99.9424      0.192047     0.291217     0.160292    
-100.041     -99.9424     266.634       0.157103     0.160292     0.40202     

Bond Length
0.62460118    0.0010419136

BB bond length
0.62460118    0.0010419136

Water EE distance
0             0           

PEG EE distance
4.0773228     0.057139062 

BBB P2(x)
0.080669713   0.0083055885

BBB first bond length
0.62500691    0.0010418584

BBB second bond length
0.6248153     0.001276735 

BBB <phi**2>/<phi>**2
1.1201024     0.0022486199

Time = 7000
Temperature
1.0115715     0.0062754641

Pressure
23.225935     0.047807021 

CM Mom
-3.9503989e-17 2.2465888e-17 
2.5091688e-17  1.2208187e-17 
2.109146e-17   1.3612013e-17 
5.6139535e-17  1.7955587e-17 

CM Pos
10.000423      0.011513233   
9.9992766      0.01285029    
9.9984264      0.0079736723  
17.319433      0.011064963   

Stress
20.1909      0.0165284    0.0102121     0.0680705    0.0649686    0.0302157   
0.0165284    20.1855      -0.00547155   0.0649686    0.0865872    0.0385196   
0.0102121    -0.00547155  20.2029       0.0302157    0.0385196    0.0273801   

Stress Spherical
0            0            0             0            0            0           
0            0            0             0            0            0           
0            0            0             0            0            0           

Inertia
266.619      -99.9435     -99.9648      0.225532     0.243888     0.0681806   
-99.9435     266.618      -99.9752      0.243888     0.227684     0.12488     
-99.9648     -99.9752     266.648       0.0681806    0.12488      0.447536    

Bond Length
0.62547317    0.0011887117

BB bond length
0.62547317    0.0011887117

Water EE distance
0             0           

PEG EE distance
3.9908145     0.061009869 

BBB P2(x)
0.076908409   0.0072991901

BBB first bond length
0.62571656    0.0012742737

BBB second bond length
0.62571816    0.001194147 

BBB <phi**2>/<phi>**2
1.1188334     0.0044912494

Time = 8000
Temperature
1.0112501     0.0044338082

Pressure
23.220377     0.05027224  

CM Mom
-6.3404219e-17 1.4699545e-17 
2.4993268e-17  1.0476986e-17 
2.9123855e-17  1.0901077e-17 
7.5920662e-17  1.3179067e-17 

CM Pos
9.9960033      0.0079496558  
10.002028      0.010111324   
10.001178      0.0096240681  
17.320057      0.010538805   

Stress
20.1984      0.00356234   0.0206147     0.0804995    0.0525866    0.0461407   
0.00356234   20.1735      -0.0204842    0.0525866    0.0716571    0.0315104   
0.0206147    -0.0204842   20.1937       0.0461407    0.0315104    0.052058    

Stress Spherical
0            0            0             0            0            0           
0            0            0             0            0            0           
0            0            0             0            0            0           

Inertia
266.73       -99.9211     -99.9745      0.339865     0.113718     0.150191    
-99.9211     266.567      -100.04       0.113718     0.245818     0.160162    
-99.9745     -100.04      266.596       0.150191     0.160162     0.225025    

Bond Length
0.62515735    0.0018092199

BB bond length
0.62515735    0.0018092199

Water EE distance
0             0           

PEG EE distance
4.0943356     0.08207841  

BBB P2(x)
0.083989832   0.0088794849

BBB first bond length
0.62531884    0.0018825319

BBB second bond length
0.62543959    0.0018461385

BBB <phi**2>/<phi>**2
1.1212521     0.0039862914

Time = 9000
Temperature
1.0078524     0.0042094481

Pressure
23.209845     0.059082229 

CM Mom
-5.5200326e-17 2.0265279e-17 
4.1032774e-17  2.1681968e-17 
2.3708943e-17  1.3015447e-17 
7.6058062e-17  2.3627122e-17 

CM Pos
9.9982547      0.0097514639  
10.004863      0.0088231105  
10.003096      0.011421067   
17.3241        0.012895525   

Stress
20.1518      -0.00228897  -0.00847232   0.082873     0.0257763    0.0323856   
-0.00228897  20.2222      -0.0224058    0.0257763    0.079728     0.0444301   
-0.00847232  -0.0224058   20.1906       0.0323856    0.0444301    0.0875501   

Stress Spherical
0            0            0             0            0            0           
0            0            0             0            0            0           
0            0            0             0            0            0           

Inertia
266.809      -100.025     -100.024      0.29949      0.167604     0.192485    
-100.025     266.666      -100.107      0.167604     0.338486     0.193534    
-100.024     -100.107     266.699       0.192485     0.193534     0.253186    

Bond Length
0.62436494    0.0014081383

BB bond length
0.62436494    0.0014081383

Water EE distance
0             0           

PEG EE distance
4.0893246     0.056971059 

BBB P2(x)
0.080627455   0.0075175361

BBB first bond length
0.62448222    0.0014410346

BBB second bond length
0.62446275    0.0014948608

BBB <phi**2>/<phi>**2
1.1188049     0.0034626622

Time = 10000
Temperature
1.0124688     0.0058457591

Pressure
23.230578     0.074090381 

CM Mom
-4.6855803e-17 1.0613641e-17 
4.8373507e-17  1.890467e-17  
2.1652126e-17  2.0234192e-17 
7.4860795e-17  1.6721148e-17 

CM Pos
10.003675      0.0086740909  
9.9992766      0.0090920735  
9.9998439      0.013975212   
17.322129      0.01052255    

Stress
20.2161      0.0206077    -0.0171002    0.0822946    0.0605455    0.0518571   
0.0206077    20.1465      0.0120038     0.0605455    0.0608807    0.0492972   
-0.0171002   0.0120038    20.2226       0.0518571    0.0492972    0.0800873   

Stress Spherical
0            0            0             0            0            0           
0            0            0             0            0            0           
0            0            0             0            0            0           

Inertia
266.63       -100.034     -100.019      0.235226     0.121868     0.192006    
-100.034     266.712      -100.013      0.121868     0.397446     0.175041    
-100.019     -100.013     266.69        0.192006     0.175041     0.226308    

Bond Length
0.62490732    0.0012052697

BB bond length
0.62490732    0.0012052697

Water EE distance
0             0           

PEG EE distance
4.0965409     0.043044193 

BBB P2(x)
0.079775924   0.0087731168

BBB first bond length
0.62519918    0.0013410899

BBB second bond length
0.62506853    0.001086018 

BBB <phi**2>/<phi>**2
1.1182336     0.003362758 

Time = 11000
Temperature
1.0085864     0.0023883701

Pressure
23.192308     0.050366596 

CM Mom
-3.16691e-17   1.3013529e-17 
5.6622416e-17  2.0734625e-17 
2.5732086e-17  1.1456624e-17 
7.3181413e-17  1.5690181e-17 

CM Pos
10.000923      0.014771233   
10.001695      0.014413869   
10.000261      0.0081205612  
17.322179      0.013470267   

Stress
20.1865      0.0255161    -0.00794038   0.0689817    0.0484521    0.0510707   
0.0255161    20.1365      -0.00227142   0.0484521    0.0789677    0.0514711   
-0.00794038  -0.00227142  20.1823       0.0510707    0.0514711    0.0719875   

Stress Spherical
0            0            0             0            0            0           
0            0            0             0            0            0           
0            0            0             0            0            0           

Inertia
266.692      -99.9913     -100.025      0.208089     0.281881     0.147799    
-99.9913     266.67       -100.046      0.281881     0.306273     0.137916    
-100.025     -100.046     266.696       0.147799     0.137916     0.485819    

Bond Length
0.6251969     0.00075003464

BB bond length
0.6251969     0.00075003464

Water EE distance
0             0           

PEG EE distance
4.0139438     0.090364919 

BBB P2(x)
0.079085043   0.0067744392

BBB first bond length
0.62543081    0.000913818 

BBB second bond length
0.62539537    0.00083154287

BBB <phi**2>/<phi>**2
1.1197961     0.0034329188

Time = 12000
Temperature
1.0068587     0.0057431642

Pressure
23.223081     0.063435475 

CM Mom
-2.4237208e-17 1.3608742e-17 
6.6216634e-17  8.6804102e-18 
2.7591947e-17  2.121044e-17  
7.940056e-17   1.1805996e-17 

CM Pos
10.004008      0.011181426   
9.9991099      0.014927859   
9.9965085      0.0089766285  
17.320301      0.01246521    

Stress
20.1914      0.00505076   -0.00649272   0.0975946    0.0220869    0.0583688   
0.00505076   20.2042      -0.0102568    0.0220869    0.0619021    0.0380475   
-0.00649272  -0.0102568   20.2175       0.0583688    0.0380475    0.0696539   

Stress Spherical
0            0            0             0            0            0           
0            0            0             0            0            0           
0            0            0             0            0            0           

Inertia
266.561      -100.041     -100.042      0.304375     0.212464     0.158532    
-100.041     266.656      -99.9399      0.212464     0.335029     0.13972     
-100.042     -99.9399     266.724       0.158532     0.13972      0.469802    

Bond Length
0.62457583    0.0013503973

BB bond length
0.62457583    0.0013503973

Water EE distance
0             0           

PEG EE distance
4.0203637     0.077675584 

BBB P2(x)
0.076074807   0.0068991131

BBB first bond length
0.6246336     0.001455256 

BBB second bond length
0.62487508    0.0014221543

BBB <phi**2>/<phi>**2
1.119479      0.0032369302

Time = 13000
Temperature
1.0103103     0.0066752614

Pressure
23.216271     0.054435459 

CM Mom
-1.2822069e-17 1.6948626e-17 
7.5811314e-17  1.2269007e-17 
3.7495775e-17  8.5772013e-18 
8.7446561e-17  1.349614e-17  

CM Pos
10.004592      0.0078948012  
9.99936        0.0046546711  
9.9943405      0.0056091824  
17.319526      0.0047581637  

Stress
20.2006      0.0104262    0.0113063     0.0512001    0.0472959    0.0463481   
0.0104262    20.2041      0.015555      0.0472959    0.0952617    0.0380502   
0.0113063    0.015555     20.157        0.0463481    0.0380502    0.073035    

Stress Spherical
0            0            0             0            0            0           
0            0            0             0            0            0           
0            0            0             0            0            0           

Inertia
266.528      -100.085     -100.022      0.118304     0.118746     0.123445    
-100.085     266.636      -99.9281      0.118746     0.145179     0.0744896   
-100.022     -99.9281     266.74        0.123445     0.0744896    0.228817    

Bond Length
0.62555198    0.0016351811

BB bond length
0.62555198    0.0016351811

Water EE distance
0             0           

PEG EE distance
3.9371154     0.06279765  

BBB P2(x)
0.079393144   0.0073816466

BBB first bond length
0.62603224    0.0014583567

BBB second bond length
0.62568514    0.0015827717

BBB <phi**2>/<phi>**2
1.120662      0.0031779311

Time = 14000
Temperature
1.0091903     0.0047907286

Pressure
23.226581     0.047627178 

CM Mom
-4.9465909e-18 2.5405973e-17 
7.1824799e-17  1.721484e-17  
3.9395328e-17  1.4391027e-17 
8.7802294e-17  1.3226316e-17 

CM Pos
10.000006      0.010357601   
9.9988597      0.0087152755  
9.997259       0.0090118031  
17.318275      0.010378918   

Stress
20.1974      -0.00126357  -0.0247992    0.12264      0.045085     0.0315067   
-0.00126357  20.1843      0.00250234    0.045085     0.068831     0.0456996   
-0.0247992   0.00250234   20.221        0.0315067    0.0456996    0.0559886   

Stress Spherical
0            0            0             0            0            0           
0            0            0             0            0            0           
0            0            0             0            0            0           

Inertia
266.56       -99.9676     -99.977       0.331514     0.150884     0.149018    
-99.9676     266.596      -99.9637      0.150884     0.257587     0.150503    
-99.977      -99.9637     266.628       0.149018     0.150503     0.37689     

Bond Length
0.62428414    0.00098670602

BB bond length
0.62428414    0.00098670602

Water EE distance
0             0           

PEG EE distance
4.0216333     0.048335277 

BBB P2(x)
0.07771765    0.0062801748

BBB first bond length
0.62450825    0.0010228535

BBB second bond length
0.62445252    0.0010226401

BBB <phi**2>/<phi>**2
1.1177892     0.0032458842

Time = 15000
Temperature
1.0110843     0.0050400499

Pressure
23.231878     0.080889483 

CM Mom
1.5332164e-17  2.0916445e-17 
6.3687966e-17  1.4877191e-17 
2.65213e-17    2.2878143e-17 
7.6384483e-17  1.8500277e-17 

CM Pos
10.000089      0.0099155082  
10.002112      0.0093692746  
10.000845      0.0075236598  
17.32227       0.011214747   

Stress
20.2344      -0.00487682  -0.0124387    0.0990573    0.0425081    0.051963    
-0.00487682  20.1805      -0.00605466   0.0425081    0.113183     0.0353508   
-0.0124387   -0.00605466  20.1867       0.051963     0.0353508    0.0894936   

Stress Spherical
0            0            0             0            0            0           
0            0            0             0            0            0           
0            0            0             0            0            0           

Inertia
266.727      -100.015     -99.9664      0.325713     0.172146     0.157074    
-100.015     266.68       -100.06       0.172146     0.374081     0.181366    
-99.9664     -100.06      266.698       0.157074     0.181366     0.363541    

Bond Length
0.62494499    0.0014158154

BB bond length
0.62494499    0.0014158154

Water EE distance
0             0           

PEG EE distance
4.0572116     0.06824722  

BBB P2(x)
0.080594885   0.0075679826

BBB first bond length
0.62503046    0.0014181449

BBB second bond length
0.62510543    0.0014693718

BBB <phi**2>/<phi>**2
1.1188436     0.0035549594

Time = 16000
Temperature
1.0084201     0.0050445769

Pressure
23.196456     0.044370116 

CM Mom
1.9292931e-17  3.1842205e-17 
5.7210667e-17  2.2211306e-17 
4.0272345e-17  1.7371351e-17 
8.0480894e-17  2.4474417e-17 

CM Pos
10.005759      0.013288407   
9.9952741      0.0083639388  
9.9965919      0.012053741   
17.319146      0.012221561   

Stress
20.1817      0.00102773   -0.0130462    0.0774667    0.035522     0.0419434   
0.00102773   20.1694      0.0133343     0.035522     0.0863746    0.0298974   
-0.0130462   0.0133343    20.1682       0.0419434    0.0298974    0.0876713   

Stress Spherical
0            0            0             0            0            0           
0            0            0             0            0            0           
0            0            0             0            0            0           

Inertia
266.512      -100.024     -100.012      0.353474     0.15319      0.195885    
-100.024     266.719      -99.9179      0.15319      0.433104     0.165859    
-100.012     -99.9179     266.701       0.195885     0.165859     0.298227    

Bond Length
0.62384694    0.0011278878

BB bond length
0.62384694    0.0011278878

Water EE distance
0             0           

PEG EE distance
4.0056668     0.1103264   

BBB P2(x)
0.079271096   0.0070623833

BBB first bond length
0.624218      0.0012678575

BBB second bond length
0.62416274    0.0010463132

BBB <phi**2>/<phi>**2
1.1194014     0.0040221075

Time = 17000
Temperature
1.0070554     0.0058178223

Pressure
23.213992     0.035568113 

CM Mom
-2.1070168e-17 5.1309154e-17 
6.798305e-17   1.612958e-17  
3.7782299e-17  1.8242889e-17 
9.582978e-17   2.3138669e-17 

CM Pos
10.002257      0.01613977    
9.9968585      0.0076040946  
9.9970088      0.010468445   
17.31828       0.010939358   

Stress
20.2118      0.011747     -0.0226977    0.0667503    0.0555936    0.0350632   
0.011747     20.2         0.0157428     0.0555936    0.0597931    0.0619468   
-0.0226977   0.0157428    20.1724       0.0350632    0.0619468    0.0780284   

Stress Spherical
0            0            0             0            0            0           
0            0            0             0            0            0           
0            0            0             0            0            0           

Inertia
266.532      -100.016     -99.9952      0.279156     0.206378     0.22175     
-100.016     266.652      -99.9699      0.206378     0.435157     0.146344    
-99.9952     -99.9699     266.659       0.22175      0.146344     0.277426    

Bond Length
0.62427442    0.00088345965

BB bond length
0.62427442    0.00088345965

Water EE distance
0             0           

PEG EE distance
4.1366397     0.063063404 

BBB P2(x)
0.076383448   0.009485531 

BBB first bond length
0.62463742    0.00098471905

BBB second bond length
0.62434997    0.0010594778

BBB <phi**2>/<phi>**2
1.1188856     0.004273699 

Time = 18000
Temperature
1.0107936     0.0073364394

Pressure
23.20855      0.042659982 

CM Mom
5.3099535e-18  9.5664856e-18 
8.2708353e-17  1.2706747e-17 
2.6864064e-17  1.3188495e-17 
8.8885693e-17  1.0807139e-17 

CM Pos
9.9984215      0.0069465635  
9.9977757      0.0088565397  
10.000261      0.010416174   
17.318467      0.0093537159  

Stress
20.1528      -0.0172021   0.0122193     0.0745922    0.0225072    0.0307316   
-0.0172021   20.1884      0.0142009     0.0225072    0.0982312    0.0188058   
0.0122193    0.0142009    20.1929       0.0307316    0.0188058    0.0585626   

Stress Spherical
0            0            0             0            0            0           
0            0            0             0            0            0           
0            0            0             0            0            0           

Inertia
266.609      -99.944      -100.019      0.226363     0.163782     0.15636     
-99.944      266.636      -99.9693      0.163782     0.281132     0.109981    
-100.019     -99.9693     266.591       0.15636      0.109981     0.233569    

Bond Length
0.62487595    0.00092599653

BB bond length
0.62487595    0.00092599653

Water EE distance
0             0           

PEG EE distance
4.1554651     0.064176836 

BBB P2(x)
0.082973132   0.005200316 

BBB first bond length
0.62490682    0.0010167047

BBB second bond length
0.62517172    0.00084525967

BBB <phi**2>/<phi>**2
1.1204752     0.0011834742

Time = 19000
Temperature
1.0114983     0.0029862441

Pressure
23.227944     0.04722449  

CM Mom
2.6951202e-17  9.2955853e-18 
1.0451996e-16  1.6206382e-17 
3.0287657e-17  2.2804369e-17 
1.144865e-16   1.8167756e-17 

CM Pos
10.000506      0.009443195   
9.9956077      0.0082803892  
9.9970088      0.010274021   
17.316543      0.0086762152  

Stress
20.1815      -0.0370191   -0.0115995    0.0705084    0.0539615    0.0494947   
-0.0370191   20.2175      -0.00851464   0.0539615    0.0491123    0.0274652   
-0.0115995   -0.00851464  20.1871       0.0494947    0.0274652    0.0813095   

Stress Spherical
0            0            0             0            0            0           
0            0            0             0            0            0           
0            0            0             0            0            0           

Inertia
266.508      -99.9522     -99.9874      0.306979     0.166751     0.129563    
-99.9522     266.62       -99.9735      0.166751     0.241342     0.154466    
-99.9874     -99.9735     266.578       0.129563     0.154466     0.302905    

Bond Length
0.6248573     0.0011095295

BB bond length
0.6248573     0.0011095295

Water EE distance
0             0           

PEG EE distance
4.0711557     0.072770285 

BBB P2(x)
0.080229049   0.009981685 

BBB first bond length
0.62492432    0.0011872121

BBB second bond length
0.62520153    0.001235263 

BBB <phi**2>/<phi>**2
1.1191964     0.0038061925

Time = 20000
Temperature
1.0111113     0.0030250508

Pressure
23.22284      0.055647149 

CM Mom
6.1069499e-17  9.3279101e-18 
9.351691e-17   1.0134671e-17 
3.6499652e-17  2.0717902e-17 
1.1929754e-16  1.393448e-17  

CM Pos
10.003341      0.010785127   
10.000694      0.0146711     
9.9987599      0.010433516   
17.322128      0.015000563   

Stress
20.2389      -0.0100659   -0.0136908    0.0468776    0.0568527    0.0373213   
-0.0100659   20.1492      -0.00549802   0.0568527    0.0854201    0.0364986   
-0.0136908   -0.00549802  20.1861       0.0373213    0.0364986    0.069949    

Stress Spherical
0            0            0             0            0            0           
0            0            0             0            0            0           
0            0            0             0            0            0           

Inertia
266.652      -100.026     -100.019      0.436621     0.257439     0.140466    
-100.026     266.739      -99.9913      0.257439     0.312459     0.273318    
-100.019     -99.9913     266.752       0.140466     0.273318     0.362824    

Bond Length
0.6244605     0.0013274736

BB bond length
0.6244605     0.0013274736

Water EE distance
0             0           

PEG EE distance
4.0373642     0.063202486 

BBB P2(x)
0.075753127   0.0085629782

BBB first bond length
0.62470293    0.0013445173

BBB second bond length
0.624802      0.0013122193

BBB <phi**2>/<phi>**2
1.1178103     0.0029516521

Time = 21000
Temperature
1.0094813     0.0060125975

Pressure
23.182218     0.058811811 

CM Mom
5.8403934e-17  1.7918115e-17 
1.111312e-16   1.4296776e-17 
3.827035e-17   1.9026821e-17 
1.3383274e-16  1.421466e-17  

CM Pos
10.000506      0.01216542    
10.001278      0.0094136965  
9.9973424      0.012063255   
17.320011      0.012066304   

Stress
20.1475      0.0276441    -0.00225818   0.0778727    0.0621012    0.0502217   
0.0276441    20.1658      -0.0122987    0.0621012    0.0928693    0.0379669   
-0.00225818  -0.0122987   20.1537       0.0502217    0.0379669    0.0810141   

Stress Spherical
0            0            0             0            0            0           
0            0            0             0            0            0           
0            0            0             0            0            0           

Inertia
266.634      -99.9898     -99.9907      0.287147     0.186783     0.16022     
-99.9898     266.617      -99.9884      0.186783     0.328101     0.193891    
-99.9907     -99.9884     266.703       0.16022      0.193891     0.356063    

Bond Length
0.62508566    0.0017969323

BB bond length
0.62508566    0.0017969323

Water EE distance
0             0           

PEG EE distance
3.9929574     0.096962435 

BBB P2(x)
0.076324423   0.012735912 

BBB first bond length
0.62506827    0.0018263312

BBB second bond length
0.62515574    0.0019238133

BBB <phi**2>/<phi>**2
1.1190398     0.0037261846

Time = 22000
Temperature
1.0108708     0.003048354 

Pressure
23.227257     0.045180426 

CM Mom
6.6315285e-17  2.9082395e-17 
1.238534e-16   1.5299422e-17 
3.6430741e-17  1.5541611e-17 
1.4869705e-16  1.6588189e-17 

CM Pos
10.003341      0.011550916   
9.9976089      0.011964868   
10.000594      0.014667309   
17.32141       0.011912572   

Stress
20.1972      0.0169695    -0.0281593    0.0616618    0.0389986    0.0345645   
0.0169695    20.1908      -0.00280909   0.0389986    0.0757242    0.0537714   
-0.0281593   -0.00280909  20.2016       0.0345645    0.0537714    0.0713747   

Stress Spherical
0            0            0             0            0            0           
0            0            0             0            0            0           
0            0            0             0            0            0           

Inertia
266.616      -100.02      -100.023      0.236891     0.163411     0.262238    
-100.02      266.743      -99.9719      0.163411     0.430853     0.135653    
-100.023     -99.9719     266.677       0.262238     0.135653     0.337997    

Bond Length
0.6246022     0.0010562765

BB bond length
0.6246022     0.0010562765

Water EE distance
0             0           

PEG EE distance
3.9687389     0.045664916 

BBB P2(x)
0.079173737   0.0091282932

BBB first bond length
0.62503497    0.0010483837

BBB second bond length
0.62473835    0.000998105 

BBB <phi**2>/<phi>**2
1.1192916     0.002870033 

Time = 23000
Temperature
1.0129057     0.0055557618

Pressure
23.210301     0.047977999 

CM Mom
8.3940539e-17  3.1329229e-17 
1.0683854e-16  1.1713814e-17 
1.8002763e-17  2.8356415e-17 
1.4173335e-16  2.4881003e-17 

CM Pos
10.002007      0.0104485     
9.9999437      0.013380442   
10.000428      0.012467728   
17.321892      0.0083356672  

Stress
20.1712      0.0119129    -0.0178217    0.0706949    0.0465036    0.0407025   
0.0119129    20.1859      -0.0119393    0.0465036    0.0763406    0.046121    
-0.0178217   -0.0119393   20.1633       0.0407025    0.046121     0.0798005   

Stress Spherical
0            0            0             0            0            0           
0            0            0             0            0            0           
0            0            0             0            0            0           

Inertia
266.655      -99.9963     -100.031      0.196072     0.188662     0.181088    
-99.9963     266.701      -99.996       0.188662     0.257983     0.113643    
-100.031     -99.996      266.691       0.181088     0.113643     0.382175    

Bond Length
0.62506771    0.0011533235

BB bond length
0.62506771    0.0011533235

Water EE distance
0             0           

PEG EE distance
4.0962353     0.096560276 

BBB P2(x)
0.079061397   0.007071296 

BBB first bond length
0.62514539    0.0012085915

BBB second bond length
0.62533395    0.0010302793

BBB <phi**2>/<phi>**2
1.1187936     0.0033909273

Time = 24000
Temperature
1.0083904     0.0057484992

Pressure
23.230378     0.057180706 

CM Mom
6.3272471e-17  2.4438422e-17 
1.2573386e-16  1.9283581e-17 
7.7257069e-18  2.2003218e-17 
1.4521692e-16  1.5407029e-17 

CM Pos
10.000589      0.011032119   
9.9988597      0.010847803   
9.9990934      0.012814257   
17.319674      0.011908873   

Stress
20.2342      -0.0363965   -0.0131544    0.0713931    0.0708415    0.0568691   
-0.0363965   20.185       -0.0122445    0.0708415    0.0828086    0.0771279   
-0.0131544   -0.0122445   20.202        0.0568691    0.0771279    0.0461026   

Stress Spherical
0            0            0             0            0            0           
0            0            0             0            0            0           
0            0            0             0            0            0           

Inertia
266.607      -99.9802     -100.03       0.284046     0.199405     0.185136    
-99.9802     266.647      -99.9777      0.199405     0.338742     0.204912    
-100.03      -99.9777     266.64        0.185136     0.204912     0.362664    

Bond Length
0.62430823    0.0012742512

BB bond length
0.62430823    0.0012742512

Water EE distance
0             0           

PEG EE distance
4.0488517     0.048782448 

BBB P2(x)
0.078685087   0.011347663 

BBB first bond length
0.62468308    0.0013299149

BBB second bond length
0.62449074    0.0013906022

BBB <phi**2>/<phi>**2
1.1183782     0.0053540384

Time = 25000
Temperature
1.0092947     0.0055748544

Pressure
23.184199     0.056723934 

CM Mom
5.4557672e-17  1.7234928e-17 
1.4017694e-16  1.8077724e-17 
4.6699031e-18  3.1442135e-17 
1.5469694e-16  1.8144786e-17 

CM Pos
10.003758      0.012107843   
10.000861      0.0095366127  
10.001845      0.011057615   
17.324246      0.012718534   

Stress
20.1509      -0.000784218 -0.00644565   0.0595694    0.0418998    0.0591307   
-0.000784218 20.1584      0.0151047     0.0418998    0.0486174    0.0371956   
-0.00644565  0.0151047    20.1653       0.0591307    0.0371956    0.0869774   

Stress Spherical
0            0            0             0            0            0           
0            0            0             0            0            0           
0            0            0             0            0            0           

Inertia
266.713      -100.032     -100.044      0.302626     0.156703     0.1796      
-100.032     266.772      -99.9877      0.156703     0.361379     0.158525    
-100.044     -99.9877     266.751       0.1796       0.158525     0.315321    

Bond Length
0.62502011    0.0010412424

BB bond length
0.62502011    0.0010412424

Water EE distance
0             0           

PEG EE distance
4.052         0.047926912 

BBB P2(x)
0.076449457   0.0056538481

BBB first bond length
0.62515097    0.0010828825

BBB second bond length
0.62504514    0.0012231008

BBB <phi**2>/<phi>**2
1.1165423     0.00256928  

Time = 26000
Temperature
1.0068515     0.0059496085

Pressure
23.191984     0.048273535 

CM Mom
5.2410535e-17  1.4017798e-17 
1.2262167e-16  5.1245213e-18 
-1.4601504e-17 1.5896897e-17 
1.356808e-16   7.8951795e-18 

CM Pos
9.9996723      0.0083072165  
10.004113      0.015048475   
9.9974257      0.010838825   
17.321216      0.011273988   

Stress
20.1862      0.00789551   0.00321652    0.0927805    0.049652     0.0545754   
0.00789551   20.1595      -0.0130032    0.049652     0.0853107    0.0320944   
0.00321652   -0.0130032   20.1743       0.0545754    0.0320944    0.0589192   

Stress Spherical
0            0            0             0            0            0           
0            0            0             0            0            0           
0            0            0             0            0            0           

Inertia
266.689      -100.027     -99.9636      0.424547     0.170317     0.146201    
-100.027     266.599      -100.002      0.170317     0.163769     0.189823    
-99.9636     -100.002     266.747       0.146201     0.189823     0.358204    

Bond Length
0.62473183    0.00087956815

BB bond length
0.62473183    0.00087956815

Water EE distance
0             0           

PEG EE distance
3.9708032     0.085200003 

BBB P2(x)
0.077147864   0.0099480933

BBB first bond length
0.62496197    0.00094644889

BBB second bond length
0.6248826     0.0010824397

BBB <phi**2>/<phi>**2
1.1185064     0.0041124871

Time = 27000
Temperature
1.0108142     0.0037475464

Pressure
23.255382     0.051476483 

CM Mom
6.5649545e-17  1.8054146e-17 
1.3580039e-16  1.4419012e-17 
-2.5772125e-17 1.8324286e-17 
1.5476223e-16  1.8278456e-17 

CM Pos
10.002424      0.012683363   
9.9941067      0.011282948   
10.002512      0.012690213   
17.319964      0.013894976   

Stress
20.2245      0.0114707    0.00642514    0.0546682    0.05547      0.0525579   
0.0114707    20.2264      0.00461387    0.05547      0.0431158    0.0712768   
0.00642514   0.00461387   20.2236       0.0525579    0.0712768    0.0880586   

Stress Spherical
0            0            0             0            0            0           
0            0            0             0            0            0           
0            0            0             0            0            0           

Inertia
266.594      -99.997      -100.083      0.349987     0.205136     0.17919     
-99.997      266.778      -99.9723      0.205136     0.342225     0.185744    
-100.083     -99.9723     266.602       0.17919      0.185744     0.424777    

Bond Length
0.62523068    0.0015035203

BB bond length
0.62523068    0.0015035203

Water EE distance
0             0           

PEG EE distance
4.015948      0.027999538 

BBB P2(x)
0.080761066   0.012820958 

BBB first bond length
0.62542745    0.0013778161

BBB second bond length
0.6253448     0.0014778884

BBB <phi**2>/<phi>**2
1.119945      0.0052623739

Time = 28000
Temperature
1.0131746     0.0041919519

Pressure
23.205935     0.082931414 

CM Mom
6.9847771e-17  1.6627966e-17 
1.2663717e-16  1.3435552e-17 
-4.4261667e-17 1.0319789e-17 
1.524884e-16   1.3622394e-17 

CM Pos
9.9965036      0.0051137788  
9.9999437      0.0069909637  
10.000011      0.010301056   
17.318468      0.0036318598  

Stress
20.1394      -0.0426209   -0.000746216  0.0315124    0.0304143    0.0439786   
-0.0426209   20.2006      0.0195546     0.0304143    0.101544     0.0465094   
-0.000746216 0.0195546    20.1649       0.0439786    0.0465094    0.110773    

Stress Spherical
0            0            0             0            0            0           
