Time = 1000
Temperature
   1.0771468   0.098948478

Pressure
   23.634329    0.59952239

CM Mom
-8.7629455e-18 1.9623415e-17 
1.6180545e-17  2.1791847e-17 
4.4505596e-17  1.314808e-16  
9.9812205e-17  1.0248919e-16 

CM Pos
7.498533       0.017207895   
7.5071842      0.010044879   
7.4993973      0.016925848   
12.993347      0.019605873   

Stress
20.4802      -0.0376238   -0.0102527    0.336114     0.0654093    0.0683056   
-0.0376238   20.4078      0.0171849     0.0654093    0.361256     0.0811377   
-0.0102527   0.0171849    20.3388       0.0683056    0.0811377    0.296929    

Stress Spherical
0            0            0             0            0            0           
0            0            0             0            0            0           
0            0            0             0            0            0           

Inertia
150.186      -56.2599     -56.2161      0.788772     0.230071     0.220888    
-56.2599     150.061      -56.3269      0.230071     0.749761     0.190883    
-56.2161     -56.3269     150.19        0.220888     0.190883     0.926255    

Bond Length
0.61849848    0.0026049215

BB bond length
0.61849848    0.0026049215

Water EE distance
0             0           

PEG EE distance
6.9420666     0.20690209  

BBB P2(x)
0.47479973    0.059476101 

BBB first bond length
0.61861054    0.0027845163

BBB second bond length
0.61819936    0.002881433 

BBB <phi**2>/<phi>**2
1.2198389     0.016852037 

Time = 2000
Temperature
1.0095942     0.0033038023

Pressure
23.262262     0.086322465 

CM Mom
2.7544511e-17  2.2019399e-17 
-2.6516929e-18 1.8078893e-17 
4.0951421e-17  3.8080522e-17 
6.35838e-17    2.5723089e-17 

CM Pos
7.5098134      0.015035117   
7.4979818      0.011944429   
7.5008815      0.011803421   
12.995408      0.011865463   

Stress
20.2283      -0.049635    -0.0138831    0.0840711    0.0948309    0.0843147   
-0.049635    20.2858      -0.00667302   0.0948309    0.115531     0.0815112   
-0.0138831   -0.00667302  20.2034       0.0843147    0.0815112    0.145885    

Stress Spherical
0            0            0             0            0            0           
0            0            0             0            0            0           
0            0            0             0            0            0           

Inertia
149.869      -56.2909     -56.3396      0.279124     0.165919     0.163225    
-56.2909     150.072      -56.1949      0.165919     0.149061     0.111685    
-56.3396     -56.1949     150.024       0.163225     0.111685     0.302769    

Bond Length
0.61866532    0.0016379397

BB bond length
0.61866532    0.0016379397

Water EE distance
0             0           

PEG EE distance
7.2472103     0.09308927  

BBB P2(x)
0.51050947    0.012510018 

BBB first bond length
0.61881991    0.0016232446

BBB second bond length
0.61893973    0.0017064085

BBB <phi**2>/<phi>**2
1.229058      0.010766164 

