Time = 500
Temperature
   1.0524567   0.049378588

Pressure
   19.788934    0.23445472

CM Mom
2.6973056e-17  1.8185713e-17 
1.0691723e-16  1.5768673e-17 
2.9623312e-17  2.1210926e-17 
1.1718239e-16  1.827408e-17  

CM Pos
7.4753812      0.021910225   
7.4879651      0.022581383   
7.4882866      0.028027084   
12.962471      0.038732285   

Stress
16.6069      -0.0274787   -0.0627498    0.174174     0.0602499    0.0402445   
-0.0274787   16.6602      0.0112196     0.0602499    0.0768088    0.0400427   
-0.0627498   0.0112196    16.6295       0.0402445    0.0400427    0.099416    

Stress Spherical
0            0            0             0            0            0           
0            0            0             0            0            0           
0            0            0             0            0            0           

Inertia
148.61       -55.8814     -56.0145      0.37608      0.270567     0.353441    
-55.8814     148.248      -56.0253      0.270567     0.480983     0.228583    
-56.0145     -56.0253     148.358       0.353441     0.228583     0.345127    

Bond Length
0.61300767    0.0018664241

BB bond length
0.61300767    0.0018664241

Water EE distance
0             0           

PEG EE distance
3.7838421     0.17295139  

Time = 1000
Temperature
1.0149879     0.0074366069

Pressure
19.677521     0.097757797 

CM Mom
3.8120801e-17  8.5110065e-18 
9.8835403e-17  1.468052e-17  
8.5567125e-18  3.1830622e-17 
1.1148506e-16  1.2925715e-17 

CM Pos
7.4931625      0.015557923   
7.5001157      0.012794843   
7.4832486      0.013166962   
12.976848      0.015140822   

Stress
16.6439      0.00625      -0.0108599    0.207779     0.0589789    0.0246684   
0.00625      16.6009      -0.0449734    0.0589789    0.0534196    0.0493759   
-0.0108599   -0.0449734   16.6547       0.0246684    0.0493759    0.0849597   

Stress Spherical
0            0            0             0            0            0           
0            0            0             0            0            0           
0            0            0             0            0            0           

Inertia
148.952      -56.1489     -55.9394      0.238021     0.19711      0.148888    
-56.1489     148.811      -56.0969      0.19711      0.155011     0.153004    
-55.9394     -56.0969     149.145       0.148888     0.153004     0.195777    

Bond Length
0.61265782    0.0033237986

BB bond length
0.61265782    0.0033237986

Water EE distance
0             0           

PEG EE distance
3.8787556     0.14449638  

