Time = 1000
Temperature
   1.0318422   0.045418401

Pressure
   23.328625    0.15269602

CM Mom
-2.4103108e-17 1.4730786e-17 
-2.0052094e-18 2.9038e-17    
-5.5619634e-17 4.7793803e-17 
7.680989e-17   3.3514387e-17 

CM Pos
7.4930252      0.012704266   
7.5106364      0.017990378   
7.506546       0.020753568   
12.996299      0.021467785   

Stress
20.2581      -0.00277678  -0.00823209   0.103998     0.0546909    0.0460972   
-0.00277678  20.2052      0.0153786     0.0546909    0.101607     0.0528452   
-0.00823209  0.0153786    20.2416       0.0460972    0.0528452    0.159262    

Stress Spherical
0            0            0             0            0            0           
0            0            0             0            0            0           
0            0            0             0            0            0           

Inertia
150.203      -56.3131     -56.2304      0.193897     0.204437     0.169248    
-56.3131     149.919      -56.359       0.204437     0.304282     0.2868      
-56.2304     -56.359      149.993       0.169248     0.2868       0.45966     

Bond Length
0.5716832     0.0048996558

BB bond length
0.5716832     0.0048996558

Water EE distance
0             0           

PEG EE distance
2.2380342     0.07255514  

Time = 2000
Temperature
1.0086431     0.0082226786

Pressure
23.310303     0.095572585 

CM Mom
-3.4370702e-17 2.3074764e-17 
2.2604926e-17  1.7612281e-17 
-4.3190106e-17 1.2977309e-17 
6.5771404e-17  1.5584711e-17 

CM Pos
7.4995476      0.011394904   
7.4974434      0.0099660458  
7.4970589      0.01233213    
12.986952      0.014764637   

Stress
20.2767      0.0135069    0.0237145     0.115617     0.0600301    0.0840848   
0.0135069    20.3183      -0.00237139   0.0600301    0.120266     0.0879411   
0.0237145    -0.00237139  20.2635       0.0840848    0.0879411    0.107082    

Stress Spherical
0            0            0             0            0            0           
0            0            0             0            0            0           
0            0            0             0            0            0           

Inertia
149.841      -56.2558     -56.17        0.192601     0.130211     0.130071    
-56.2558     149.852      -56.2408      0.130211     0.285021     0.146496    
-56.17       -56.2408     149.861       0.130071     0.146496     0.302226    

Bond Length
0.57010717    0.0023615543

BB bond length
0.57010717    0.0023615543

Water EE distance
0             0           

PEG EE distance
2.2441852     0.063460593 

Time = 3000
Temperature
1.0098812     0.0077618018

Pressure
23.254707     0.083565189 

CM Mom
-3.8793347e-17 2.5287937e-17 
-5.4733534e-18 2.3687032e-17 
-1.6727541e-17 1.9843401e-17 
5.4694644e-17  2.0432908e-17 

CM Pos
7.4993994      0.010049482   
7.4959611      0.0091378802  
7.5023954      0.01135627    
12.989094      0.01043228    

Stress
20.1814      0.0172001    -0.00530218   0.15582      0.0658846    0.0729163   
0.0172001    20.2855      0.0114011     0.0658846    0.0946736    0.0674373   
-0.00530218  0.0114011    20.2138       0.0729163    0.0674373    0.13428     

Stress Spherical
0            0            0             0            0            0           
0            0            0             0            0            0           
0            0            0             0            0            0           

Inertia
149.907      -56.2024     -56.2268      0.20904      0.133749     0.121989    
-56.2024     149.955      -56.2427      0.133749     0.227198     0.153455    
-56.2268     -56.2427     149.841       0.121989     0.153455     0.259909    

Bond Length
0.5692432     0.0026501847

BB bond length
0.5692432     0.0026501847

Water EE distance
0             0           

PEG EE distance
2.272908      0.081545809 

