Time = 500
Temperature
   1.0366068   0.037635725

Pressure
   23.311805    0.17063487

CM Mom
-2.7033996e-17 2.7694353e-17 
-2.5282687e-18 1.4464128e-17 
-6.7452025e-17 2.3501273e-17 
8.0292379e-17  1.9199916e-17 

CM Pos
7.5196052      0.04288436    
7.5021769      0.014744989   
7.5032583      0.011666349   
13.004902      0.026952908   

Stress
20.189       -0.0099704   -0.0276087    0.115416     0.0789126    0.0833605   
-0.0099704   20.2252      0.008561      0.0789126    0.0936352    0.0383093   
-0.0276087   0.008561     20.1926       0.0833605    0.0383093    0.0837685   

Stress Spherical
0            0            0             0            0            0           
0            0            0             0            0            0           
0            0            0             0            0            0           

Inertia
149.831      -56.3688     -56.426       0.377286     0.323035     0.366802    
-56.3688     150.104      -56.3041      0.323035     0.636472     0.192227    
-56.426      -56.3041     150.071       0.366802     0.192227     0.574428    

Bond Length
0.61290284    0.0047769645

BB bond length
0.61290284    0.0047769645

Water EE distance
0             0           

PEG EE distance
3.3151307     0.42429943  

Time = 1000
Temperature
1.0095099     0.011104666 

Pressure
23.294221     0.072604621 

CM Mom
-2.2944682e-17 9.1297822e-18 
1.4241319e-17  1.1345008e-17 
-3.043792e-17  2.5846123e-17 
4.5907866e-17  2.0695232e-17 

CM Pos
7.4985661      0.02004528    
7.5122519      0.0098903512  
7.4922942      0.013468967   
12.992206      0.013033988   

Stress
20.2292      -0.0347331   -0.00466754   0.0891921    0.0302649    0.0406598   
-0.0347331   20.2968      0.000447922   0.0302649    0.0505135    0.0333265   
-0.00466754  0.000447922  20.272        0.0406598    0.0333265    0.147523    

Stress Spherical
0            0            0             0            0            0           
0            0            0             0            0            0           
0            0            0             0            0            0           

Inertia
149.865      -56.3687     -56.1565      0.154852     0.220069     0.130119    
-56.3687     149.595      -56.2567      0.220069     0.280775     0.11728     
-56.1565     -56.2567     149.949       0.130119     0.11728      0.405201    

Bond Length
0.61294003    0.0064712217

BB bond length
0.61294003    0.0064712217

Water EE distance
0             0           

PEG EE distance
3.6103076     0.24062324  

