Time = 1000
Temperature
   1.0737741   0.089391704

Pressure
   23.593722    0.49941201

CM Mom
1.4917522e-17  2.1147212e-17 
1.0436107e-17  2.2383098e-17 
-3.11754e-17   1.4452008e-16 
1.2911952e-16  8.0409953e-17 

CM Pos
7.5031933      0.030384682   
7.5035739      0.023373338   
7.5050641      0.025694659   
12.997279      0.019943579   

Stress
20.4053      0.0249826    0.0110186     0.250986     0.065363     0.0691143   
0.0249826    20.3773      -0.0109489    0.065363     0.304808     0.10409     
0.0110186    -0.0109489   20.3622       0.0691143    0.10409      0.259567    

Stress Spherical
0            0            0             0            0            0           
0            0            0             0            0            0           
0            0            0             0            0            0           

Inertia
150.178      -56.312      -56.3776      1.02722      0.4254       0.132348    
-56.312      150.187      -56.3307      0.4254       0.957087     0.127094    
-56.3776     -56.3307     150.191       0.132348     0.127094     0.671096    

Bond Length
0.61894862    0.0051261691

BB bond length
0.61894862    0.0051261691

Water EE distance
0             0           

PEG EE distance
6.6959966     0.43231337  

BBB P2(x)
0.47955417    0.060134537 

BBB first bond length
0.61909819    0.0050464561

BBB second bond length
0.61900473    0.0053376323

BBB <phi**2>/<phi>**2
1.2203222     0.017683756 

Time = 2000
Temperature
1.0098134     0.005121891 

Pressure
23.294297     0.10728446  

CM Mom
2.0767747e-17  1.4633299e-17 
4.1854259e-17  1.6241517e-17 
1.1864986e-17  4.5876127e-17 
6.6446573e-17  2.2164127e-17 

CM Pos
7.5094334      0.012811843   
7.5099626      0.014076132   
7.4890181      0.012537542   
12.995265      0.011415706   

Stress
20.2581      0.000302365  -0.0254702    0.12508      0.113504     0.0653962   
0.000302365  20.3279      0.0426828     0.113504     0.114852     0.0733771   
-0.0254702   0.0426828    20.2347       0.0653962    0.0733771    0.12147     

Stress Spherical
0            0            0             0            0            0           
0            0            0             0            0            0           
0            0            0             0            0            0           

Inertia
149.868      -56.4188     -56.2296      0.354857     0.125215     0.102217    
-56.4188     149.847      -56.224       0.125215     0.319717     0.162413    
-56.2296     -56.224      150.187       0.102217     0.162413     0.244799    

Bond Length
0.61913231    0.003465232 

BB bond length
0.61913231    0.003465232 

Water EE distance
0             0           

PEG EE distance
7.1257483     0.17436908  

BBB P2(x)
0.50520123    0.012367272 

BBB first bond length
0.61908845    0.0035610886

BBB second bond length
0.61907695    0.003468696 

BBB <phi**2>/<phi>**2
1.219183      0.0095725972

