Time = 1000
Temperature
   1.1606568    0.24406196

Pressure
   23.850168     1.1147428

CM Mom
-3.0476528e-17 1.2610763e-17 
-6.4467572e-18 1.569493e-17  
-6.5038325e-18 3.057921e-16  
2.2766563e-16  2.0759387e-16 

CM Pos
7.4917353      0.037612203   
7.5049377      0.011058643   
7.5028859      0.013546857   
12.990173      0.024764263   

Stress
20.4203      -0.00585084  0.0127001     0.443222     0.0785765    0.055178    
-0.00585084  20.3836      0.00437653    0.0785765    0.375161     0.0788793   
0.0127001    0.00437653   20.311        0.055178     0.0788793    0.400791    

Stress Spherical
0            0            0             0            0            0           
0            0            0             0            0            0           
0            0            0             0            0            0           

Inertia
150.256      -56.2184     -56.2285      1.45209      0.259261     0.391388    
-56.2184     150.081      -56.3077      0.259261     0.933522     0.125569    
-56.2285     -56.3077     150.103       0.391388     0.125569     1.08702     

Bond Length
0.61980871    0.0087175256

BB bond length
0.61980871    0.0087175256

Water EE distance
0             0           

PEG EE distance
7.602142      0.15881084  

BBB P2(x)
0.48242421    0.060520718 

BBB first bond length
0.6199201     0.0089813049

BBB second bond length
0.61974983    0.008581494 

BBB <phi**2>/<phi>**2
1.2239974     0.015678538 

Time = 2000
Temperature
1.0123029     0.0064414673

Pressure
23.095737     0.10139163  

CM Mom
-7.079524e-18  1.8484182e-17 
-2.3458469e-18 1.2683373e-17 
6.6306053e-18  3.7154469e-17 
4.0158155e-17  1.9232724e-17 

CM Pos
7.5044886      0.0069000831  
7.5030098      0.010718326   
7.5043688      0.012251146   
12.99724       0.011610238   

Stress
20.0482      -0.0381289   0.0456584     0.140231     0.0743123    0.0899031   
-0.0381289   20.0846      0.036739      0.0743123    0.100111     0.0651274   
0.0456584    0.036739     20.0528       0.0899031    0.0651274    0.0727968   

Stress Spherical
0            0            0             0            0            0           
0            0            0             0            0            0           
0            0            0             0            0            0           

Inertia
149.993      -56.3461     -56.3248      0.250023     0.0905894    0.10682     
-56.3461     150.01       -56.3209      0.0905894    0.194581     0.131239    
-56.3248     -56.3209     150.009       0.10682      0.131239     0.300796    

Bond Length
0.61592765    0.0012426211

BB bond length
0.61592765    0.0012426211

Water EE distance
0             0           

PEG EE distance
7.6226671     0.085952605 

BBB P2(x)
0.51503709    0.01000238  

BBB first bond length
0.61600501    0.0012537263

BBB second bond length
0.61603594    0.0013097283

BBB <phi**2>/<phi>**2
1.2282401     0.0036547409

