Time = 1000
Temperature
   1.1669048    0.26231904

Pressure
   23.898549      1.158614

CM Mom
2.2520226e-17  1.8681781e-17 
-2.0207925e-17 2.9971059e-17 
1.7747365e-16  3.9477416e-16 
2.9227935e-16  3.2261295e-16 

CM Pos
7.5041907      0.012527165   
7.4934774      0.015761143   
7.4982674      0.016353474   
12.988059      0.010035828   

Stress
20.3986      -0.012715    0.0342975     0.386448     0.0645578    0.0753671   
-0.012715    20.3692      0.0571259     0.0645578    0.379262     0.0972684   
0.0342975    0.0571259    20.4361       0.0753671    0.0972684    0.390659    

Stress Spherical
0            0            0             0            0            0           
0            0            0             0            0            0           
0            0            0             0            0            0           

Inertia
150.042      -56.2039     -56.2778      1.54729      0.145076     0.123827    
-56.2039     150.224      -56.1726      0.145076     1.51241      0.20987     
-56.2778     -56.1726     150.142       0.123827     0.20987      1.75269     

Bond Length
0.61993486    0.0092022956

BB bond length
0.61993486    0.0092022956

Water EE distance
0             0           

PEG EE distance
6.7417764     0.15279928  

BBB P2(x)
0.4735099     0.064677803 

BBB first bond length
0.62002073    0.0092945045

BBB second bond length
0.61994258    0.0091315219

BBB <phi**2>/<phi>**2
1.21939       0.015091133 

Time = 2000
Temperature
1.0128126     0.0046987219

Pressure
23.099586     0.075791296 

CM Mom
3.1736745e-17  1.6777772e-17 
-4.5936369e-17 1.1548893e-17 
6.369198e-17   7.9315263e-17 
1.0343555e-16  5.639954e-17  

CM Pos
7.5010765      0.010080762   
7.4991126      0.016342039   
7.4991572      0.010368965   
12.990013      0.015516049   

Stress
20.0546      0.056096     -0.0643812    0.132189     0.0545879    0.0462902   
0.056096     20.0754      0.0279191     0.0545879    0.126294     0.0503124   
-0.0643812   0.0279191    20.0624       0.0462902    0.0503124    0.131088    

Stress Spherical
0            0            0             0            0            0           
0            0            0             0            0            0           
0            0            0             0            0            0           

Inertia
149.84       -56.251      -56.2636      0.537002     0.163104     0.146787    
-56.251      149.873      -56.2603      0.163104     0.469059     0.148277    
-56.2636     -56.2603     149.882       0.146787     0.148277     0.495473    

Bond Length
0.61755387    0.0018837024

BB bond length
0.61755387    0.0018837024

Water EE distance
0             0           

PEG EE distance
6.9308659     0.12970136  

BBB P2(x)
0.51223118    0.0083178653

BBB first bond length
0.61752265    0.0018716856

BBB second bond length
0.61740852    0.0020261292

BBB <phi**2>/<phi>**2
1.2281956     0.0043377683

