Time = 1000
Temperature
    1.068409   0.096540883

Pressure
   23.707532     0.5338524

CM Mom
-2.2338549e-17 2.1520986e-17 
-1.5598047e-17 3.1252957e-17 
-2.197714e-17  8.994446e-17  
8.5670366e-17  5.8444837e-17 

CM Pos
7.5019046      0.014908592   
7.5083349      0.040795634   
7.494942       0.014715106   
12.993413      0.033720571   

Stress
20.5471      -0.0019039   -0.0437846    0.283196     0.106993     0.0683014   
-0.0019039   20.5207      0.0218807     0.106993     0.254466     0.0536352   
-0.0437846   0.0218807    20.442        0.0683014    0.0536352    0.289023    

Stress Spherical
0            0            0             0            0            0           
0            0            0             0            0            0           
0            0            0             0            0            0           

Inertia
150.099      -56.3576     -56.2401      1.50129      0.371844     0.172632    
-56.3576     150.018      -56.2953      0.371844     1.16261      0.358879    
-56.2401     -56.2953     150.197       0.172632     0.358879     1.53422     

Bond Length
0.61946128    0.0051546028

BB bond length
0.61946128    0.0051546028

Water EE distance
0             0           

PEG EE distance
6.0167092     0.28065644  

BBB P2(x)
0.46484029    0.064873376 

BBB first bond length
0.61951375    0.0050420112

BBB second bond length
0.61944863    0.005182145 

BBB <phi**2>/<phi>**2
1.2174908     0.017098966 

Time = 2000
Temperature
1.010118      0.0039593739

Pressure
23.426422     0.088997805 

CM Mom
2.0818601e-17  2.5016513e-17 
-4.7907846e-17 2.5930649e-17 
-1.095114e-17  3.7698728e-17 
7.1825123e-17  2.0225568e-17 

CM Pos
7.4979035      0.01305773    
7.4933675      0.020918189   
7.4958311      0.014201717   
12.982953      0.018160793   

Stress
20.4055      0.014087     0.00511883    0.129882     0.0737563    0.0679911   
0.014087     20.3714      0.00420326    0.0737563    0.103099     0.0748069   
0.00511883   0.00420326   20.4141       0.0679911    0.0748069    0.129769    

Stress Spherical
0            0            0             0            0            0           
0            0            0             0            0            0           
0            0            0             0            0            0           

Inertia
149.704      -56.182      -56.149       0.477225     0.169946     0.166782    
-56.182      149.802      -56.1421      0.169946     0.451084     0.172278    
-56.149      -56.1421     149.732       0.166782     0.172278     0.434869    

Bond Length
0.61895652    0.0024881756

BB bond length
0.61895652    0.0024881756

Water EE distance
0             0           

PEG EE distance
6.9621091     0.21382717  

BBB P2(x)
0.51119431    0.012656508 

BBB first bond length
0.6189438     0.0027110492

BBB second bond length
0.61909822    0.0025893473

BBB <phi**2>/<phi>**2
1.2273558     0.011276112 

