Time = 500
Temperature
   1.0308355   0.039800935

Pressure
   22.875035    0.14436775

CM Mom
-2.0754512e-17 1.3726091e-17 
-1.3811912e-18 1.4422195e-17 
3.7490888e-17  9.5324721e-18 
4.6543475e-17  1.2617542e-17 

CM Pos
7.4917923      0.066122423   
7.5023879      0.024511356   
7.5155863      0.0082644709  
12.996119      0.052333836   

Stress
19.7581      0.0397307    0.0216478     0.0688678    0.0923002    0.0889284   
0.0397307    19.8442      -0.0324218    0.0923002    0.0829324    0.0881964   
0.0216478    -0.0324218   19.7572       0.0889284    0.0881964    0.0827142   

Stress Spherical
0            0            0             0            0            0           
0            0            0             0            0            0           
0            0            0             0            0            0           

Inertia
149.949      -56.1933     -56.3038      0.459216     0.630852     0.519912    
-56.1933     149.729      -56.3622      0.630852     1.20609      0.213051    
-56.3038     -56.3622     149.603       0.519912     0.213051     1.36294     

Bond Length
0.61660335    0.0041365005

BB bond length
0.61660335    0.0041365005

Water EE distance
0             0           

PEG EE distance
3.5515572     0.17566684  

Time = 1000
Temperature
1.0139029     0.004710221 

Pressure
22.825503     0.055936001 

CM Mom
-4.1398956e-17 4.5300667e-17 
3.0520154e-17  1.405714e-17  
2.1926136e-17  1.3375397e-17 
7.3868271e-17  9.9117196e-18 

CM Pos
7.5006926      0.023685918   
7.5041679      0.0063352917  
7.5393205      0.010217074   
13.015941      0.016360332   

Stress
19.8452      0.00427521   -0.029905     0.105292     0.0574242    0.0425409   
0.00427521   19.7697      -0.0633711    0.0574242    0.078235     0.0129657   
-0.029905    -0.0633711   19.7482       0.0425409    0.0129657    0.146663    

Stress Spherical
0            0            0             0            0            0           
0            0            0             0            0            0           
0            0            0             0            0            0           

Inertia
150.467      -56.2639     -56.5335      0.218907     0.206469     0.140329    
-56.2639     150.334      -56.5026      0.206469     0.346978     0.063788    
-56.5335     -56.5026     149.929       0.140329     0.063788     0.384534    

Bond Length
0.61626781    0.0064222652

BB bond length
0.61626781    0.0064222652

Water EE distance
0             0           

PEG EE distance
3.6311047     0.11517174  

