Time = 1000
Temperature
   1.7133755     1.4560669

Pressure
   29.314347     3.9162023

CM Mom
-6.9745299e-17 4.3794938e-17 
1.658647e-17   7.6486019e-17 
-4.5951751e-16 8.7227586e-16 
5.5871606e-16  8.2022284e-16 

CM Pos
10.001305      0.04326204    
10.010608      0.018481612   
9.9944785      0.044664822   
17.324315      0.016716564   

Stress
24.3031      0.0119642    -0.0684077    0.716158     0.0432188    0.12216     
0.0119642    24.1453      -0.0212594    0.0432188    0.880647     0.0522908   
-0.0684077   -0.0212594   24.0813       0.12216      0.0522908    1.08872     

Stress Spherical
0            0            0             0            0            0           
0            0            0             0            0            0           
0            0            0             0            0            0           

Inertia
267.72       -100.053     -99.9129      5.11622      0.454255     0.215257    
-100.053     267.501      -100.042      0.454255     5.74245      0.418459    
-99.9129     -100.042     267.821       0.215257     0.418459     6.98918     

Bond Length
0.61809222    0.037526392 

BB bond length
0.61809222    0.037526392 

Water EE distance
0             0           

PEG EE distance
7.6925044     0.36945359  

BBB P2(x)
0.11045065    0.040342979 

BBB first bond length
0.61848372    0.038235648 

BBB second bond length
0.61845336    0.037881344 

BBB <phi**2>/<phi>**2
1.1297019     0.013947728 

Time = 2000
Temperature
1.0177165     0.0072080479

Pressure
26.717705     0.095754302 

CM Mom
-5.3068698e-17 1.6404076e-17 
5.9338549e-18  1.8599817e-17 
5.9528299e-18  1.0883529e-16 
1.0854297e-16  5.971202e-17  

CM Pos
9.9988875      0.0099015776  
9.9966847      0.012410884   
9.9956457      0.0098013881  
17.315444      0.012311443   

Stress
23.6998      -0.0203139   -0.00691213   0.0796659    0.0313058    0.0675525   
-0.0203139   23.6407      -0.0348934    0.0313058    0.107584     0.0454014   
-0.00691213  -0.0348934   23.6574       0.0675525    0.0454014    0.115958    

Stress Spherical
0            0            0             0            0            0           
0            0            0             0            0            0           
0            0            0             0            0            0           

Inertia
266.85       -99.9568     -99.9418      0.710655     0.213816     0.175814    
-99.9568     266.888      -99.9089      0.213816     0.884006     0.217477    
-99.9418     -99.9089     266.921       0.175814     0.217477     0.822975    

Bond Length
0.6013037     0.00041340956

BB bond length
0.6013037     0.00041340956

Water EE distance
0             0           

PEG EE distance
6.9619368     0.14746389  

BBB P2(x)
0.080707831   0.0036011652

BBB first bond length
0.60141605    0.00040595122

BBB second bond length
0.60147588    0.00041034863

BBB <phi**2>/<phi>**2
1.1205287     0.0014153936

Time = 3000
Temperature
1.0118211     0.0058511682

Pressure
26.661829     0.03586952  

CM Mom
-7.0709495e-17 2.2798896e-17 
3.0039519e-17  2.8016341e-17 
1.6952144e-17  5.0968567e-17 
9.5699901e-17  3.0555023e-17 

CM Pos
9.9966364      0.011736155   
10.00102       0.0094309397  
9.9973965      0.010566829   
17.317659      0.0093588749  

Stress
23.6954      -0.000572683 0.0142986     0.0499024    0.0396057    0.0629421   
-0.000572683 23.6147      -0.0403803    0.0396057    0.0733158    0.0619422   
0.0142986    -0.0403803   23.5732       0.0629421    0.0619422    0.0844598   

Stress Spherical
0            0            0             0            0            0           
0            0            0             0            0            0           
0            0            0             0            0            0           

Inertia
266.694      -99.954      -99.974       0.317988     0.122848     0.157705    
-99.954      266.644      -99.9494      0.122848     0.253215     0.151206    
-99.974      -99.9494     266.697       0.157705     0.151206     0.251359    

Bond Length
0.601101      0.00042529622

BB bond length
0.601101      0.00042529622

Water EE distance
0             0           

PEG EE distance
6.5199374     0.11467671  

BBB P2(x)
0.072679845   0.0043309138

BBB first bond length
0.60121704    0.00045439392

BBB second bond length
0.60125371    0.00044807537

BBB <phi**2>/<phi>**2
1.1186783     0.0013565389

Time = 4000
Temperature
1.0114964     0.0041708857

Pressure
26.684023     0.084487601 

CM Mom
-5.7977786e-17 2.1821524e-17 
3.1107788e-17  2.2930254e-17 
-2.5187933e-17 3.5276696e-17 
8.2402352e-17  2.0489592e-17 

CM Pos
10.000888      0.0069298757  
10.002354      0.0099054378  
9.9974799      0.0066931308  
17.320929      0.0074109568  

Stress
23.6392      -0.00348542  0.008392      0.127884     0.0481512    0.0690494   
-0.00348542  23.6741      -0.00735243   0.0481512    0.10258      0.0578873   
0.008392     -0.00735243  23.6395       0.0690494    0.0578873    0.0980597   

Stress Spherical
0            0            0             0            0            0           
0            0            0             0            0            0           
0            0            0             0            0            0           

Inertia
266.667      -100.018     -99.9817      0.173126     0.173222     0.151238    
-100.018     266.656      -100.045      0.173222     0.167649     0.128892    
-99.9817     -100.045     266.755       0.151238     0.128892     0.270903    

Bond Length
0.60091849    0.00059418733

BB bond length
0.60091849    0.00059418733

Water EE distance
0             0           

PEG EE distance
6.1248008     0.12407703  

BBB P2(x)
0.065553109   0.0034817152

BBB first bond length
0.60105926    0.00058370121

BBB second bond length
0.60105227    0.00058315884

BBB <phi**2>/<phi>**2
1.117372      0.0010168693

Time = 5000
Temperature
1.0112281     0.0045268769

Pressure
26.681613     0.077183306 

CM Mom
-8.6655038e-17 1.8318996e-17 
1.4834001e-17  1.9783327e-17 
-4.7248693e-17 3.8712308e-17 
1.0671071e-16  2.8284541e-17 

CM Pos
10.001472      0.0088011293  
9.9946838      0.011607523   
10.007318      0.011204404   
17.322524      0.0073832324  

Stress
23.6614      0.00540356   0.00510583    0.0788012    0.0496563    0.0467339   
0.00540356   23.6616      -0.0198061    0.0496563    0.0760761    0.0467531   
0.00510583   -0.0198061   23.625        0.0467339    0.0467531    0.0971493   

Stress Spherical
0            0            0             0            0            0           
0            0            0             0            0            0           
0            0            0             0            0            0           

Inertia
266.747      -99.9783     -100.096      0.351218     0.149708     0.131027    
-99.9783     266.871      -100.058      0.149708     0.266701     0.143487    
-100.096     -100.058     266.651       0.131027     0.143487     0.196251    

Bond Length
0.60104511    0.00057278983

BB bond length
0.60104511    0.00057278983

Water EE distance
0             0           

PEG EE distance
5.7916171     0.10534562  

BBB P2(x)
0.058583573   0.0035397028

BBB first bond length
0.60121348    0.00060241446

BBB second bond length
0.60120047    0.00060022786

BBB <phi**2>/<phi>**2
1.1144073     0.0018704478

Time = 6000
Temperature
1.0125951     0.0039255698

Pressure
26.717789     0.060245432 

CM Mom
-8.9251837e-17 1.5332844e-17 
1.1675414e-18  1.3768896e-17 
-5.6753783e-17 1.690723e-17  
1.0777804e-16  1.6812864e-17 

CM Pos
9.9969699      0.012725022   
9.9963512      0.011389908   
10.000815      0.016915386   
17.317133      0.014917047   

Stress
23.6613      -0.0109072   -0.0262937    0.0769661    0.0655011    0.068059    
-0.0109072   23.6926      -0.030967     0.0655011    0.0957912    0.0456362   
-0.0262937   -0.030967    23.6903       0.068059     0.0456362    0.0838682   

Stress Spherical
0            0            0             0            0            0           
0            0            0             0            0            0           
0            0            0             0            0            0           

Inertia
266.669      -99.9258     -99.9609      0.56777      0.222001     0.160079    
-99.9258     266.691      -99.975       0.222001     0.385043     0.257573    
-99.9609     -99.975      266.596       0.160079     0.257573     0.428135    

Bond Length
0.60100306    0.00044449725

BB bond length
0.60100306    0.00044449725

Water EE distance
0             0           

PEG EE distance
5.5548965     0.04003757  

BBB P2(x)
0.057623046   0.0033667872

BBB first bond length
0.60114968    0.00049468012

BBB second bond length
0.60119484    0.00039739196

BBB <phi**2>/<phi>**2
1.1144704     0.00081746652

Time = 7000
Temperature
1.0105128     0.0078984833

Pressure
26.731852     0.048129543 

CM Mom
-7.8085393e-17 1.5278957e-17 
1.2870724e-17  1.6034865e-17 
-9.9390855e-17 2.3314373e-17 
1.2889513e-16  2.370011e-17  

CM Pos
10.003139      0.0089731954  
10.002271      0.0054803713  
9.9918106      0.0054037369  
17.318907      0.0094342217  

Stress
23.7006      0.00700549   -0.0209487    0.0727405    0.0677977    0.0461109   
0.00700549   23.7033      0.00377706    0.0677977    0.147556     0.0510819   
-0.0209487   0.00377706   23.7012       0.0461109    0.0510819    0.0943108   

Stress Spherical
0            0            0             0            0            0           
0            0            0             0            0            0           
0            0            0             0            0            0           

Inertia
266.619      -100.013     -99.9791      0.195908     0.138294     0.0971207   
-100.013     266.629      -99.9615      0.138294     0.208425     0.150475    
-99.9791     -99.9615     266.847       0.0971207    0.150475     0.262858    

Bond Length
0.60089761    0.00045557172

BB bond length
0.60089761    0.00045557172

Water EE distance
0             0           

PEG EE distance
5.4248523     0.027977359 

BBB P2(x)
0.058425223   0.0018513289

BBB first bond length
0.60109818    0.00048205128

BBB second bond length
0.60101479    0.00041310479

BBB <phi**2>/<phi>**2
1.1144327     0.00091562283

Time = 8000
Temperature
1.0141511     0.0039896646

Pressure
26.708297     0.068119686 

CM Mom
-7.6490972e-17 7.8656358e-18 
2.5935132e-17  1.284716e-17  
-1.0082543e-16 1.3592969e-17 
1.3019588e-16  1.2246935e-17 

CM Pos
10.007558      0.012118736   
10.000436      0.0078497752  
9.9985637      0.0089623442  
17.324301      0.010693746   

Stress
23.6376      -0.0113446   -0.0108507    0.0824987    0.0475927    0.0385948   
-0.0113446   23.6826      -0.0180102    0.0475927    0.0776716    0.072728    
-0.0108507   -0.0180102   23.6814       0.0385948    0.072728     0.0822187   

Stress Spherical
0            0            0             0            0            0           
0            0            0             0            0            0           
0            0            0             0            0            0           

Inertia
266.637      -100.097     -100.039      0.203905     0.182563     0.16604     
-100.097     266.808      -99.9896      0.182563     0.327552     0.133253    
-100.039     -99.9896     266.847       0.16604      0.133253     0.288134    

Bond Length
0.60096134    0.00055655417

BB bond length
0.60096134    0.00055655417

Water EE distance
0             0           

PEG EE distance
5.3101091     0.030251303 

BBB P2(x)
0.058086041   0.003839386 

BBB first bond length
0.60106992    0.00064128223

BBB second bond length
0.60109428    0.00050884219

BBB <phi**2>/<phi>**2
1.1150308     0.0013922207

Time = 9000
Temperature
1.011998      0.0047426914

Pressure
26.7159       0.050451049 

CM Mom
-7.1264572e-17 1.6990875e-17 
1.9468588e-17  2.780699e-17  
-9.5094983e-17 1.549857e-17  
1.2486697e-16  1.4528768e-17 

CM Pos
9.9958027      0.0095043562  
9.9973517      0.013165315   
9.9904767      0.0060861228  
17.311065      0.0091115092  

Stress
23.6797      0.022847     -0.00174275   0.10408      0.0397991    0.049878    
0.022847     23.6938      -0.0268991    0.0397991    0.0752191    0.0562426   
-0.00174275  -0.0268991   23.6704       0.049878     0.0562426    0.0743764   

Stress Spherical
0            0            0             0            0            0           
0            0            0             0            0            0           
0            0            0             0            0            0           

Inertia
266.444      -99.9426     -99.8822      0.312242     0.204148     0.141293    
-99.9426     266.416      -99.8705      0.204148     0.221312     0.0902686   
-99.8822     -99.8705     266.55        0.141293     0.0902686    0.383121    

Bond Length
0.60110302    0.00042284881

BB bond length
0.60110302    0.00042284881

Water EE distance
0             0           

PEG EE distance
5.2710852     0.024648055 

BBB P2(x)
0.056444272   0.0027185914

BBB first bond length
0.60129127    0.00047391263

BBB second bond length
0.60125091    0.00036194729

BBB <phi**2>/<phi>**2
1.1146937     0.0013392666

Time = 10000
Temperature
1.0108495     0.0065735174

Pressure
26.70521      0.071337455 

CM Mom
-8.424394e-17  1.1387616e-17 
1.9443944e-17  1.8407481e-17 
-9.5131139e-17 2.1940215e-17 
1.316499e-16   1.1967958e-17 

CM Pos
10.004473      0.012359252   
9.995851       0.010278734   
9.9989806      0.010122349   
17.320113      0.013098967   

Stress
23.7278      0.021434     -0.00713927   0.10193      0.0806848    0.0550031   
0.021434     23.6405      -5.79569e-05  0.0806848    0.0578613    0.0390193   
-0.00713927  -5.79569e-05 23.6538       0.0550031    0.0390193    0.0955302   

Stress Spherical
0            0            0             0            0            0           
0            0            0             0            0            0           
0            0            0             0            0            0           

Inertia
266.58       -100.014     -100.071      0.236167     0.249379     0.188298    
-100.014     266.748      -100.011      0.249379     0.353912     0.12031     
-100.071     -100.011     266.676       0.188298     0.12031      0.468796    

Bond Length
0.60126658    0.00068158065

BB bond length
0.60126658    0.00068158065

Water EE distance
0             0           

PEG EE distance
5.255072      0.047067327 

BBB P2(x)
0.054560299   0.003669648 

BBB first bond length
0.60143442    0.00070384182

BBB second bond length
0.60146409    0.00068512511

BBB <phi**2>/<phi>**2
1.1128477     0.0015331421

Time = 11000
Temperature
1.0111053     0.005753946 

Pressure
26.668346     0.046935723 

CM Mom
-7.7040148e-17 1.6399167e-17 
2.1225744e-17  1.715749e-17  
-1.0990775e-16 2.0864133e-17 
1.3752731e-16  2.3458322e-17 

CM Pos
10.012394      0.0081435694  
9.9976852      0.012022859   
9.9980635      0.0077924525  
17.32522       0.0047432765  

Stress
23.6592      0.0429027    -0.00663723   0.064702     0.0445128    0.0581041   
0.0429027    23.6163      -0.0103538    0.0445128    0.0582646    0.0437095   
-0.00663723  -0.0103538   23.6338       0.0581041    0.0437095    0.0594237   

Stress Spherical
0            0            0             0            0            0           
0            0            0             0            0            0           
0            0            0             0            0            0           

Inertia
266.586      -100.105     -100.09       0.23456      0.148922     0.114271    
-100.105     266.877      -99.9696      0.148922     0.17664      0.112693    
-100.09      -99.9696     266.888       0.114271     0.112693     0.259255    

Bond Length
0.60114386    0.0004449809

BB bond length
0.60114386    0.0004449809

Water EE distance
0             0           

PEG EE distance
5.2138914     0.024451411 

BBB P2(x)
0.05437559    0.0033539013

BBB first bond length
0.6012889     0.00045348143

BBB second bond length
0.60130804    0.00041987429

BBB <phi**2>/<phi>**2
1.1130553     0.0019315036

Time = 12000
Temperature
1.0109509     0.0075683446

Pressure
26.701297     0.054223629 

CM Mom
-6.6767033e-17 1.1461772e-17 
3.3831743e-17  1.9429468e-17 
-1.0421594e-16 2.1586003e-17 
1.3154246e-16  1.1610366e-17 

CM Pos
10.006391      0.011649663   
9.9946004      0.0089813252  
10.005817      0.0078231657  
17.324446      0.011564488   

Stress
23.6589      0.0157819    0.00631163    0.063929     0.0634364    0.0755654   
0.0157819    23.6696      0.0306786     0.0634364    0.079164     0.0491607   
0.00631163   0.0306786    23.681        0.0755654    0.0491607    0.0524686   

Stress Spherical
0            0            0             0            0            0           
0            0            0             0            0            0           
0            0            0             0            0            0           

Inertia
266.679      -100.03      -100.119      0.24396      0.178228     0.171084    
-100.03      266.92       -99.9953      0.178228     0.301597     0.162695    
-100.119     -99.9953     266.697       0.171084     0.162695     0.357958    

Bond Length
0.60112192    0.00055312261

BB bond length
0.60112192    0.00055312261

Water EE distance
0             0           

PEG EE distance
5.1609604     0.028981671 

BBB P2(x)
0.054014741   0.0027544603

BBB first bond length
0.60126863    0.00054075736

BBB second bond length
0.60119514    0.00053849792

BBB <phi**2>/<phi>**2
1.1136132     0.0010236474

Time = 13000
Temperature
1.0071422     0.0030529077

Pressure
26.659032     0.056844667 

CM Mom
-4.7992768e-17 1.2122306e-17 
9.153821e-18   1.6764417e-17 
-1.1474754e-16 1.6064198e-17 
1.2659584e-16  1.4616557e-17 

CM Pos
10.000722      0.0073636475  
9.9992692      0.0049527189  
10.002065      0.0067525805  
17.321697      0.008634484   

Stress
23.6477      0.0155883    0.016173      0.0796539    0.0591638    0.0469256   
0.0155883    23.6301      -0.0278478    0.0591638    0.0603992    0.0472898   
0.016173     -0.0278478   23.6392       0.0469256    0.0472898    0.0835758   

Stress Spherical
0            0            0             0            0            0           
0            0            0             0            0            0           
0            0            0             0            0            0           

Inertia
266.701      -100.002     -100.046      0.173322     0.127633     0.144762    
-100.002     266.707      -99.9899      0.127633     0.243673     0.0970185   
-100.046     -99.9899     266.67        0.144762     0.0970185    0.217297    

Bond Length
0.60081827    0.00060473481

BB bond length
0.60081827    0.00060473481

Water EE distance
0             0           

PEG EE distance
5.1045989     0.021174695 

BBB P2(x)
0.053820881   0.0036910199

BBB first bond length
0.60099602    0.0006281398

BBB second bond length
0.60092999    0.00063985482

BBB <phi**2>/<phi>**2
1.1133657     0.0016306912

Time = 14000
Temperature
1.0122591     0.0047160709

Pressure
26.67255      0.067168681 

CM Mom
-3.3072974e-17 1.2926677e-17 
4.1453448e-18  1.8910491e-17 
-1.104932e-16  1.3732895e-17 
1.1775199e-16  1.2942931e-17 

CM Pos
9.9964697      0.011744444   
10.00177       0.013030789   
9.9986471      0.010744584   
17.318721      0.0083326856  

Stress
23.6276      0.00351812   -0.028469     0.119846     0.0765625    0.0691689   
0.00351812   23.6264      0.0347951     0.0765625    0.130777     0.067906    
-0.028469    0.0347951    23.6575       0.0691689    0.067906     0.0589747   

Stress Spherical
0            0            0             0            0            0           
0            0            0             0            0            0           
0            0            0             0            0            0           

Inertia
266.671      -100.017     -99.9727      0.158599     0.201233     0.169681    
-100.017     266.555      -99.9731      0.201233     0.381529     0.0989623   
-99.9727     -99.9731     266.599       0.169681     0.0989623    0.316397    

Bond Length
0.60076582    0.00062232427

BB bond length
0.60076582    0.00062232427

Water EE distance
0             0           

PEG EE distance
5.0714992     0.015476244 

BBB P2(x)
0.052151476   0.0034623718

BBB first bond length
0.60095485    0.00060882025

BBB second bond length
0.6009134     0.00062731305

BBB <phi**2>/<phi>**2
1.1123183     0.0013440326

Time = 15000
Temperature
1.0093596     0.0047293131

Pressure
26.699115     0.058909927 

CM Mom
-2.9254138e-17 1.4989625e-17 
1.2437886e-18  2.7093296e-17 
-1.0513704e-16 1.5355263e-17 
1.1316631e-16  1.7293205e-17 

CM Pos
9.9928847      0.010819365   
10.004105      0.0031071983  
10.000565      0.0083438216  
17.319103      0.0055828549  

Stress
23.6919      0.0282221    0.0168536     0.0886731    0.0442874    0.0375671   
0.0282221    23.6498      -0.0309031    0.0442874    0.113051     0.0472239   
0.0168536    -0.0309031   23.6756       0.0375671    0.0472239    0.108518    

Stress Spherical
0            0            0             0            0            0           
0            0            0             0            0            0           
0            0            0             0            0            0           

Inertia
266.752      -99.9669     -99.9261      0.196898     0.107197     0.121135    
-99.9669     266.49       -100.061      0.107197     0.158849     0.17002     
-99.9261     -100.061     266.536       0.121135     0.17002      0.251819    

Bond Length
0.6008834     0.00050411045

BB bond length
0.6008834     0.00050411045

Water EE distance
0             0           

PEG EE distance
5.0473581     0.012150847 

BBB P2(x)
0.05162893    0.0043423775

BBB first bond length
0.60099355    0.00046722538

BBB second bond length
0.60102961    0.00052127336

BBB <phi**2>/<phi>**2
1.1129889     0.0019446117

Time = 16000
Temperature
1.0122068     0.0064777259

Pressure
26.707086     0.070846388 

CM Mom
-3.1609585e-17 1.216131e-17  
-2.9296369e-17 2.2942348e-17 
-9.3599312e-17 2.1546193e-17 
1.0700083e-16  1.7538047e-17 

CM Pos
10.006308      0.019880924   
9.9952674      0.0071820606  
9.9987305      0.0076137897  
17.320696      0.013081346   

Stress
23.7131      -0.0208664   -0.0120069    0.0847347    0.0551982    0.0665266   
-0.0208664   23.6564      0.0755644     0.0551982    0.094858     0.071567    
-0.0120069   0.0755644    23.646        0.0665266    0.071567     0.112493    

Stress Spherical
0            0            0             0            0            0           
0            0            0             0            0            0           
0            0            0             0            0            0           

Inertia
266.569      -100.016     -100.008      0.2144       0.181508     0.259525    
-100.016     266.768      -99.9256      0.181508     0.413778     0.147648    
-100.008     -99.9256     266.672       0.259525     0.147648     0.386715    

Bond Length
0.60086227    0.00055966661

BB bond length
0.60086227    0.00055966661

Water EE distance
0             0           

PEG EE distance
4.9939208     0.050261211 

BBB P2(x)
0.050351142   0.0031551508

BBB first bond length
0.60102023    0.00059914485

BBB second bond length
0.60101357    0.00059796117

BBB <phi**2>/<phi>**2
1.1122465     0.0013290919

Time = 17000
Temperature
1.0140031     0.0062785987

Pressure
26.724018     0.047792781 

CM Mom
-4.1330342e-17 1.7448842e-17 
-5.1132784e-17 1.6303934e-17 
-1.095522e-16  4.9772622e-17 
1.3237265e-16  4.3006047e-17 

CM Pos
10.001722      0.01207852    
9.9974351      0.0092120842  
10.004733      0.0097069687  
17.322762      0.0081017204  

Stress
23.6864      -0.00112024  -0.00321923   0.105999     0.0609737    0.0882698   
-0.00112024  23.6782      -0.0103668    0.0609737    0.0813535    0.07588     
-0.00321923  -0.0103668   23.6857       0.0882698    0.07588      0.056559    

Stress Spherical
0            0            0             0            0            0           
0            0            0             0            0            0           
0            0            0             0            0            0           

Inertia
266.678      -99.9937     -100.019      0.358963     0.0876697    0.138503    
-99.9937     266.762      -100.032      0.0876697    0.217163     0.167496    
-100.019     -100.032     266.599       0.138503     0.167496     0.235111    

Bond Length
0.60086437    0.00054878475

BB bond length
0.60086437    0.00054878475

Water EE distance
0             0           

PEG EE distance
4.9511539     0.028964103 

BBB P2(x)
0.050162471   0.0020646569

BBB first bond length
0.60100766    0.00062456289

BBB second bond length
0.60101222    0.00055281048

BBB <phi**2>/<phi>**2
1.1117322     0.00094935294

Time = 18000
Temperature
1.0143145     0.0070483574

Pressure
26.772591     0.057594701 

CM Mom
-4.1232806e-17 1.9078173e-17 
-2.2555382e-17 1.252175e-17  
-1.0691977e-16 2.4352758e-17 
1.1905047e-16  2.4115135e-17 

CM Pos
9.998554       0.0092797436  
10.006773      0.0050911283  
9.9983136      0.010408095   
17.322615      0.008512446   

Stress
23.7231      -0.0457058   -0.0367334    0.117017     0.0620012    0.0637932   
-0.0457058   23.724       0.00860731    0.0620012    0.0610694    0.0574621   
-0.0367334   0.00860731   23.746        0.0637932    0.0574621    0.0637794   

Stress Spherical
0            0            0             0            0            0           
0            0            0             0            0            0           
0            0            0             0            0            0           

Inertia
266.779      -100.018     -99.9513      0.260083     0.12272      0.100489    
-100.018     266.586      -100.04       0.12272      0.29506      0.161433    
-99.9513     -100.04      266.758       0.100489     0.161433     0.240323    

Bond Length
0.60092875    0.00055846222

BB bond length
0.60092875    0.00055846222

Water EE distance
0             0           

PEG EE distance
4.9601566     0.031774638 

BBB P2(x)
0.051541434   0.0036678952

BBB first bond length
0.60113768    0.00053044364

BBB second bond length
0.60111916    0.00059182912

BBB <phi**2>/<phi>**2
1.1120411     0.0019034758

Time = 19000
Temperature
1.0117987     0.0033667441

Pressure
26.697121     0.080113279 

CM Mom
-6.6238741e-17 1.6066371e-17 
-1.8663192e-17 1.6070065e-17 
-8.6007343e-17 1.6812448e-17 
1.1251744e-16  1.6492653e-17 

CM Pos
10.002306      0.010280087   
10.002271      0.01145593    
10.006901      0.0074457838  
17.327142      0.0058111352  

Stress
23.6785      -0.049874    -0.0157299    0.0862075    0.0516888    0.0467964   
-0.049874    23.6443      0.0248691     0.0516888    0.140604     0.0633951   
-0.0157299   0.0248691    23.6665       0.0467964    0.0633951    0.11686     

Stress Spherical
0            0            0             0            0            0           
0            0            0             0            0            0           
0            0            0             0            0            0           

Inertia
266.848      -100.073     -100.102      0.210743     0.11994      0.126273    
-100.073     266.836      -100.085      0.11994      0.259731     0.108206    
-100.102     -100.085     266.752       0.126273     0.108206     0.178714    

Bond Length
0.60062801    0.00061097836

BB bond length
0.60062801    0.00061097836

Water EE distance
0             0           

PEG EE distance
4.9101195     0.0272428   

BBB P2(x)
0.053269361   0.0025652433

BBB first bond length
0.60080452    0.00062615847

BBB second bond length
0.60078551    0.000640245 

BBB <phi**2>/<phi>**2
1.1130492     0.0010494879

Time = 20000
Temperature
1.0119323     0.0057821359

Pressure
26.698115     0.084634207 

CM Mom
-6.1414808e-17 9.8510534e-18 
-8.0157834e-18 1.8452722e-17 
-1.071949e-16  2.5572297e-17 
1.2617278e-16  2.2331524e-17 

CM Pos
10.001222      0.010709593   
9.9915157      0.0060212498  
10.004983      0.006363057   
17.319198      0.0091077565  

Stress
23.6497      -0.0140675   0.00465499    0.0792029    0.0481991    0.0394316   
-0.0140675   23.7594      0.0112363     0.0481991    0.127949     0.0456879   
0.00465499   0.0112363    23.582        0.0394316    0.0456879    0.104036    

Stress Spherical
0            0            0             0            0            0           
0            0            0             0            0            0           
0            0            0             0            0            0           

Inertia
266.584      -99.9333     -100.096      0.167958     0.134283     0.1628      
-99.9333     266.827      -99.99        0.134283     0.265769     0.0881821   
-100.096     -99.99       266.543       0.1628       0.0881821    0.299508    

Bond Length
0.60059024    0.00044573289

BB bond length
0.60059024    0.00044573289

Water EE distance
0             0           

PEG EE distance
4.9453083     0.039958019 

BBB P2(x)
0.052903582   0.0028462374

BBB first bond length
0.60065221    0.00039415764

BBB second bond length
0.60074153    0.00046812014

BBB <phi**2>/<phi>**2
1.1128863     0.0011826417

Time = 21000
Temperature
1.0154276     0.0045596169

Pressure
26.718581     0.080679808 

CM Mom
-7.8753221e-17 1.4527151e-17 
-2.426105e-17  1.4167377e-17 
-9.5484896e-17 2.5812907e-17 
1.2929612e-16  1.6389209e-17 

CM Pos
10.001555      0.013081896   
9.9956843      0.0099683923  
10.003566      0.010010142   
17.320983      0.0081815362  

Stress
23.6687      -0.00622204  0.0248921     0.108535     0.0648766    0.0745538   
-0.00622204  23.6663      -0.0233076    0.0648766    0.0885884    0.0556318   
0.0248921    -0.0233076   23.6861       0.0745538    0.0556318    0.109815    

Stress Spherical
0            0            0             0            0            0           
0            0            0             0            0            0           
0            0            0             0            0            0           

Inertia
266.655      -99.9811     -100.071      0.208095     0.134288     0.200693    
-99.9811     266.771      -99.9452      0.134288     0.384902     0.126571    
-100.071     -99.9452     266.6         0.200693     0.126571     0.282187    

Bond Length
0.60064519    0.00056198522

BB bond length
0.60064519    0.00056198522

Water EE distance
0             0           

PEG EE distance
5.0365296     0.027388396 

BBB P2(x)
0.051881638   0.0049536806

BBB first bond length
0.60078532    0.00053481148

BBB second bond length
0.6007818     0.00056940416

BBB <phi**2>/<phi>**2
1.1125819     0.0020906207

Time = 22000
Temperature
1.0128132     0.0058617203

Pressure
26.702795     0.063256748 

CM Mom
-4.2338794e-17 1.9130096e-17 
-1.2360134e-17 1.1014821e-17 
-9.931426e-17  1.1846841e-17 
1.1052288e-16  1.486591e-17  

CM Pos
9.9987207      0.0098790884  
9.998769       0.0097101905  
9.9993974      0.0069534068  
17.318716      0.0084995793  

Stress
23.6449      0.0264855    -0.000387382  0.0931296    0.0646192    0.0484631   
0.0264855    23.6923      -0.0110967    0.0646192    0.106475     0.0566432   
-0.000387382 -0.0110967   23.6601       0.0484631    0.0566432    0.0808418   

Stress Spherical
0            0            0             0            0            0           
0            0            0             0            0            0           
0            0            0             0            0            0           

Inertia
266.616      -99.9612     -99.9759      0.305307     0.133984     0.108107    
-99.9612     266.61       -99.9884      0.133984     0.227628     0.129902    
-99.9759     -99.9884     266.595       0.108107     0.129902     0.212189    

Bond Length
0.60109231    0.00053225898

BB bond length
0.60109231    0.00053225898

Water EE distance
0             0           

PEG EE distance
5.0454247     0.026870923 

BBB P2(x)
0.053360886   0.0035255275

BBB first bond length
0.60118575    0.00055409754

BBB second bond length
0.60126741    0.0005406445

BBB <phi**2>/<phi>**2
1.1133935     0.0014004894

Time = 23000
Temperature
1.0131716     0.0054627248

Pressure
26.72079      0.057972629 

CM Mom
-4.8237678e-17 1.6127496e-17 
-7.8457025e-18 2.0325835e-17 
-1.1280913e-16 1.9208314e-17 
1.2565022e-16  1.9197557e-17 

CM Pos
10.000472      0.012220119   
9.9979353      0.011481385   
10.007401      0.012434385   
17.323873      0.0088046059  

Stress
23.7222      0.0204886    0.00246864    0.0518121    0.0678999    0.075381    
0.0204886    23.6425      0.0141396     0.0678999    0.0923653    0.0656378   
0.00246864   0.0141396    23.6833       0.075381     0.0656378    0.0960849   

Stress Spherical
0            0            0             0            0            0           
0            0            0             0            0            0           
0            0            0             0            0            0           

Inertia
266.751      -99.9977     -100.074      0.371782     0.127136     0.0877675   
-99.9977     266.797      -100.096      0.127136     0.163388     0.192159    
-100.074     -100.096     266.593       0.0877675    0.192159     0.270344    

Bond Length
0.60081672    0.00056422452

BB bond length
0.60081672    0.00056422452

Water EE distance
0             0           

PEG EE distance
4.9763341     0.022075799 

BBB P2(x)
0.053056366   0.003229924 

BBB first bond length
0.60096379    0.00056538103

BBB second bond length
0.60093909    0.00056554397

BBB <phi**2>/<phi>**2
1.1133646     0.0011171378

Time = 24000
Temperature
1.0091453     0.0051614206

Pressure
26.691046     0.065881022 

CM Mom
-4.8969171e-17 2.4374142e-17 
-1.3457677e-17 8.7604635e-18 
-1.122492e-16  1.3004513e-17 
1.2533927e-16  1.7578378e-17 

CM Pos
9.9974701      0.013244273   
9.9948506      0.010202715   
10.003233      0.010253005   
17.317947      0.0143102     

Stress
23.6679      -0.0131544   0.050542      0.0721379    0.0483887    0.0360002   
-0.0131544   23.6306      0.000406433   0.0483887    0.0852668    0.0385579   
0.050542     0.000406433  23.6965       0.0360002    0.0385579    0.104836    

Stress Spherical
0            0            0             0            0            0           
0            0            0             0            0            0           
0            0            0             0            0            0           

Inertia
266.624      -99.8914     -100.021      0.466543     0.240706     0.172959    
-99.8914     266.664      -99.9427      0.240706     0.336135     0.189922    
-100.021     -99.9427     266.506       0.172959     0.189922     0.413602    

Bond Length
0.60123191    0.00083232351

BB bond length
0.60123191    0.00083232351

Water EE distance
0             0           

PEG EE distance
5.0225093     0.037126482 

BBB P2(x)
0.052888719   0.0034718016

BBB first bond length
0.60138136    0.00080865247

BBB second bond length
0.60138299    0.00079135589

BBB <phi**2>/<phi>**2
1.1131839     0.0014652308

Time = 25000
Temperature
1.0122577     0.0070779778

Pressure
26.708973     0.058660355 

CM Mom
-2.1779605e-17 2.0131472e-17 
-2.6695145e-17 1.7175913e-17 
-1.6487812e-16 1.6418237e-17 
1.704808e-16   1.6670885e-17 

CM Pos
9.9974701      0.010907343   
9.9975184      0.0069454052  
9.9996475      0.0090214792  
17.317415      0.01075432    

Stress
23.6477      -0.00699676  0.00133681    0.104593     0.0578527    0.0509057   
-0.00699676  23.6512      -0.000818997  0.0578527    0.0697416    0.0541145   
0.00133681   -0.000818997 23.7219       0.0509057    0.0541145    0.0653726   

Stress Spherical
0            0            0             0            0            0           
0            0            0             0            0            0           
0            0            0             0            0            0           

Inertia
266.604      -99.9702     -99.9656      0.291028     0.169219     0.141562    
-99.9702     266.587      -99.9998      0.169219     0.27981      0.148519    
-99.9656     -99.9998     266.581       0.141562     0.148519     0.302826    

Bond Length
0.60087035    0.00043330896

BB bond length
0.60087035    0.00043330896

Water EE distance
0             0           

PEG EE distance
5.0096501     0.036546056 

BBB P2(x)
0.053832375   0.0035205084

BBB first bond length
0.601001      0.00045345922

BBB second bond length
0.60101303    0.00044004161

BBB <phi**2>/<phi>**2
1.1130605     0.001573028 

Time = 26000
Temperature
1.0166258     0.006079489 

Pressure
26.734034     0.062358406 

CM Mom
-1.0864406e-17 1.8610659e-17 
-1.7095903e-17 8.8368854e-18 
-1.628162e-16  1.4389306e-17 
1.6535413e-16  1.4454461e-17 

CM Pos
9.9961362      0.009685463   
10.000353      0.0094926477  
10.003233      0.0097384246  
17.320355      0.0077261524  

Stress
23.6635      0.00741691   0.00634714    0.083583     0.0500971    0.0615732   
0.00741691   23.7079      0.00632854    0.0500971    0.06563      0.0718628   
0.00634714   0.00632854   23.6852       0.0615732    0.0718628    0.109159    

Stress Spherical
0            0            0             0            0            0           
0            0            0             0            0            0           
0            0            0             0            0            0           

Inertia
266.684      -100.007     -99.9805      0.304885     0.148893     0.0807195   
-100.007     266.597      -100.033      0.148893     0.200562     0.181589    
-99.9805     -100.033     266.547       0.0807195    0.181589     0.264534    

Bond Length
0.6007454     0.00056079257

BB bond length
0.6007454     0.00056079257

Water EE distance
0             0           

PEG EE distance
5.0150156     0.039776463 

BBB P2(x)
0.051576127   0.0029442785

BBB first bond length
0.6008846     0.00058828705

BBB second bond length
0.60092392    0.00058640113

BBB <phi**2>/<phi>**2
1.1126631     0.0011197917

Time = 27000
Temperature
1.0128273     0.0034790032

Pressure
26.697969     0.067351882 

CM Mom
-1.5768925e-18 2.2096856e-17 
8.1209558e-18  2.0004306e-17 
-1.4799846e-16 1.1705224e-17 
1.5114576e-16  1.2344819e-17 

CM Pos
9.9958861      0.013476566   
9.997185       0.0093821701  
10.002732      0.0096710993  
17.318093      0.011494016   

Stress
23.6284      -0.00233337  0.00623819    0.0930409    0.0577535    0.0571936   
-0.00233337  23.6609      -0.0171702    0.0577535    0.0862961    0.0391832   
0.00623819   -0.0171702   23.6934       0.0571936    0.0391832    0.0694942   

Stress Spherical
0            0            0             0            0            0           
0            0            0             0            0            0           
0            0            0             0            0            0           

Inertia
266.635      -99.9499     -100.007      0.250656     0.198267     0.158731    
-99.9499     266.632      -99.9779      0.198267     0.253089     0.154386    
-100.007     -99.9779     266.516       0.158731     0.154386     0.354132    

Bond Length
0.60090168    0.0005752165

BB bond length
0.60090168    0.0005752165

Water EE distance
0             0           

PEG EE distance
5.0275208     0.020495851 

BBB P2(x)
0.052962007   0.003874885 

BBB first bond length
0.60105106    0.00060950587

BBB second bond length
0.6010929     0.00061735241

BBB <phi**2>/<phi>**2
1.113004      0.0018614498

Time = 28000
Temperature
1.0134791     0.0032432741

Pressure
26.714827     0.076882813 

CM Mom
-1.2081641e-17 2.9988709e-17 
4.4008132e-18  1.4770708e-17 
-1.5299519e-16 1.3954523e-17 
1.5707039e-16  1.4628055e-17 

CM Pos
10.001555      0.012926892   
9.9897649      0.011222999   
9.9958124      0.0085124757  
17.31309       0.0081364847  

Stress
23.6835      0.0043013    -0.0195147    0.127553     0.0594903    0.0662148   
0.0043013    23.666       0.00238586    0.0594903    0.0747438    0.0518071   
-0.0195147   0.00238586   23.6778       0.0662148    0.0518071    0.072095    

Stress Spherical
