Time = 500
Temperature
   1.0315447   0.039186269

Pressure
    23.62523    0.11050198

CM Mom
4.9276565e-17  1.228798e-17  
-1.0961862e-17 2.3052447e-17 
8.754795e-17   9.6151962e-17 
1.307772e-16   5.5117318e-17 

CM Pos
7.5078133      0.013695243   
7.4989782      0.021499436   
7.4922165      0.024266151   
12.989855      0.012590717   

Stress
20.5589      -0.00215299  0.00235028    0.0961188    0.0305832    0.0464683   
-0.00215299  20.611       0.0148362     0.0305832    0.0902553    0.0888501   
0.00235028   0.0148362    20.4229       0.0464683    0.0888501    0.0706684   

Stress Spherical
0            0            0             0            0            0           
0            0            0             0            0            0           
0            0            0             0            0            0           

Inertia
149.749      -56.2944     -56.2622      0.326641     0.323263     0.142578    
-56.2944     149.886      -56.2082      0.323263     0.392657     0.115192    
-56.2622     -56.2082     149.995       0.142578     0.115192     0.344154    

Bond Length
0.61649199    0.017332169 

BB bond length
0.61649199    0.017332169 

Water EE distance
0             0           

PEG EE distance
4.0428451     0.18535552  

Time = 1000
Temperature
1.006542      0.0039291181

Pressure
23.506264     0.05704016  

CM Mom
2.8018766e-17  1.3587854e-17 
-2.6031681e-17 6.5259423e-18 
3.3418546e-17  3.704759e-17  
5.5624378e-17  3.2941905e-17 

CM Pos
7.5001088      0.016429375   
7.4912737      0.012662501   
7.4966614      0.022265864   
12.98351       0.012204615   

Stress
20.4722      0.0135497    -0.012417     0.0471112    0.0503037    0.104859    
0.0135497    20.526       -0.0198455    0.0503037    0.11551      0.0651805   
-0.012417    -0.0198455   20.4626       0.104859     0.0651805    0.108406    

Stress Spherical
0            0            0             0            0            0           
0            0            0             0            0            0           
0            0            0             0            0            0           

Inertia
149.722      -56.1839     -56.1849      0.340495     0.0505155    0.186435    
-56.1839     149.866      -56.1858      0.0505155    0.318759     0.274799    
-56.1849     -56.1858     149.778       0.186435     0.274799     0.19275     

Bond Length
0.61490797    0.010447957 

BB bond length
0.61490797    0.010447957 

Water EE distance
0             0           

PEG EE distance
3.6697887     0.38293628  

