Time = 500
Temperature
   1.0304812   0.040182576

Pressure
   23.591038    0.17790422

CM Mom
-2.1510023e-17 1.8400196e-17 
-1.0718521e-16 1.4319007e-17 
-3.550652e-17  3.8649053e-17 
1.2242034e-16  1.6207265e-17 

CM Pos
7.4938593      0.016514668   
7.5031454      0.032493284   
7.5006755      0.018609623   
12.989102      0.012064162   

Stress
20.5031      -0.00555017  -0.028665     0.0958582    0.065584     0.0904881   
-0.00555017  20.4673      -0.0223105    0.065584     0.0762453    0.0672493   
-0.028665    -0.0223105   20.5293       0.0904881    0.0672493    0.0423528   

Stress Spherical
0            0            0             0            0            0           
0            0            0             0            0            0           
0            0            0             0            0            0           

Inertia
150.004      -56.1958     -56.1541      0.481411     0.180391     0.248032    
-56.1958     149.883      -56.3265      0.180391     0.500768     0.213327    
-56.1541     -56.3265     149.918       0.248032     0.213327     0.290605    

Bond Length
0.61190228    0.0099907834

BB bond length
0.61190228    0.0099907834

Water EE distance
0             0           

PEG EE distance
3.1676558     0.45434922  

Time = 1000
Temperature
1.0098924     0.007978573 

Pressure
23.534662     0.068044115 

CM Mom
-1.4173877e-18 3.4131657e-17 
-9.7248694e-17 2.2558056e-18 
-3.3916414e-17 2.9094257e-17 
1.1225299e-16  5.0438534e-18 

CM Pos
7.5006748      0.016257448   
7.4972189      0.0069114404  
7.5131212      0.010204964   
12.996761      0.0049971735  

Stress
20.5098      0.0633993    0.0136146     0.0789898    0.0532908    0.0910577   
0.0633993    20.5344      -0.0404181    0.0532908    0.0837997    0.0695453   
0.0136146    -0.0404181   20.4717       0.0910577    0.0695453    0.0927219   

Stress Spherical
0            0            0             0            0            0           
0            0            0             0            0            0           
0            0            0             0            0            0           

Inertia
150.11       -56.2055     -56.3725      0.252854     0.110129     0.0922905   
-56.2055     150.188      -56.3524      0.110129     0.130996     0.200095    
-56.3725     -56.3524     149.934       0.0922905    0.200095     0.121026    

Bond Length
0.60677688    0.010001827 

BB bond length
0.60677688    0.010001827 

Water EE distance
0             0           

PEG EE distance
3.1686171     0.14876686  

