Time = 500
Temperature
   1.0321459  0.0050660534

Pressure
   23.864551   0.019271658

CM Mom
9.6686233e-18  1.1780855e-17 
5.4147817e-17  1.9726202e-18 
-9.5222664e-17 3.049242e-17  
1.116624e-16   2.6396956e-17 

CM Pos
24.997923      0.016356128   
25.009661      0.026080634   
25.002122      0.013895808   
43.306886      0.013097126   

Stress
20.7607      -0.00635709  -0.000891998  0.0142932    0.00865543   0.007922    
-0.00635709  20.7734      -0.000549929  0.00865543   0.0129119    0.00622604  
-0.000891998 -0.000549929 20.7706       0.007922     0.00622604   0.0125311   

Stress Spherical
0            0            0             0            0            0           
0            0            0             0            0            0           
0            0            0             0            0            0           

Inertia
1667.3       -625.147     -624.984      1.9718       0.471582     0.152981    
-625.147     1666.71      -625.346      0.471582     0.134761     0.917598    
-624.984     -625.346     1667.13       0.152981     0.917598     1.21951     

Bond Length
0.6281431     0.0056409241

BB bond length
0.6281431     0.0056409241

Water EE distance
0             0           

PEG EE distance
7.9369663     0.73227759  

BBB P2(x)
0.068314601   0.027697709 

BBB first bond length
0.62827954    0.0048717669

BBB second bond length
0.62910345    0.0054807869

BBB <phi**2>/<phi>**2
1.1093983     0.011175332 

Time = 1000
Temperature
1.0288254     0.00087961422

Pressure
23.841574     0.013326368 

CM Mom
1.9722287e-17  1.4143056e-17 
4.3613537e-17  1.2009753e-17 
-1.0497268e-16 2.0934148e-17 
1.1673677e-16  2.1573067e-17 

CM Pos
25.00091       0.016295622   
24.993634      0.020652709   
24.999989      0.0084122223  
43.298121      0.011500481   

Stress
20.7507      0.000826278  0.00527953    0.0115712    0.00735857   0.00600665  
0.000826278  20.7557      -0.00519526   0.00735857   0.0162869    0.00675235  
0.00527953   -0.00519526  20.7593       0.00600665   0.00675235   0.0176823   

Stress Spherical
0            0            0             0            0            0           
0            0            0             0            0            0           
0            0            0             0            0            0           

Inertia
1666.28      -624.881     -624.969      1.40179      0.514213     0.330827    
-624.881     1666.65      -624.808      0.514213     0.370254     0.710408    
-624.969     -624.808     1666.29       0.330827     0.710408     1.16886     

Bond Length
0.62867066    0.0056480339

BB bond length
0.62867066    0.0056480339

Water EE distance
0             0           

PEG EE distance
7.2732334     0.54270773  

BBB P2(x)
0.078232583   0.036717905 

BBB first bond length
0.62899828    0.0065645606

BBB second bond length
0.62794267    0.0054370985

BBB <phi**2>/<phi>**2
1.1173568     0.011560961 

Time = 1500
Temperature
1.028242      0.0012939733

Pressure
23.845082     0.017440613 

CM Mom
1.5289626e-17  1.0903103e-17 
4.0358961e-17  7.5561791e-18 
-9.1740584e-17 1.1581952e-17 
1.0227924e-16  1.1314861e-17 

CM Pos
25.003337      0.012616797   
25.005981      0.022863348   
24.999242      0.0045288062  
43.306219      0.011688753   

Stress
20.7599      -0.00303965  -0.00386816   0.0171355    0.00237301   0.0110233   
-0.00303965  20.761       0.000189469   0.00237301   0.0143917    0.00774547  
-0.00386816  0.000189469  20.7605       0.0110233    0.00774547   0.0202982   

Stress Spherical
0            0            0             0            0            0           
0            0            0             0            0            0           
0            0            0             0            0            0           

Inertia
1666.94      -625.205     -625.039      1.33189      0.558877     0.353982    
-625.205     1666.79      -625.119      0.558877     0.506299     0.562247    
-625.039     -625.119     1667.17       0.353982     0.562247     1.19108     

Bond Length
0.62647812    0.0017302501

BB bond length
0.62647812    0.0017302501

Water EE distance
0             0           

PEG EE distance
6.5219466     0.2754416   

BBB P2(x)
0.08227001    0.029079199 

BBB first bond length
0.62662161    0.0011601769

BBB second bond length
0.62683363    0.0021961942

BBB <phi**2>/<phi>**2
1.1177754     0.011516928 

Time = 2000
Temperature
1.0286277     0.001044242 

Pressure
23.832771     0.0055265462

CM Mom
1.7434988e-17  1.0222028e-17 
3.317898e-17   2.2119586e-17 
-9.9528281e-17 2.0292019e-17 
1.0892893e-16  2.1230242e-17 

CM Pos
24.998537      0.0080036083  
25.000941      0.020925863   
24.996789      0.0030213495  
43.299119      0.01199735    

Stress
20.7568      -0.00286412  0.00132379    0.00775143   0.00967362   0.010307    
-0.00286412  20.7419      -0.00142032   0.00967362   0.015187     0.00372543  
0.00132379   -0.00142032  20.7423       0.010307     0.00372543   0.00746193  

Stress Spherical
0            0            0             0            0            0           
0            0            0             0            0            0           
0            0            0             0            0            0           

Inertia
1666.54      -624.935     -624.853      1.19789      0.521983     0.227923    
-624.935     1666.45      -624.892      0.521983     0.22128      0.635838    
-624.853     -624.892     1666.63       0.227923     0.635838     1.18709     

Bond Length
0.62451758    0.0019477629

BB bond length
0.62451758    0.0019477629

Water EE distance
0             0           

PEG EE distance
7.0801203     0.46885326  

BBB P2(x)
0.10751955    0.011807453 

BBB first bond length
0.62481354    0.0022660265

BBB second bond length
0.62456881    0.0017805414

BBB <phi**2>/<phi>**2
1.124374      0.010212285 

Time = 2500
Temperature
1.0282216     0.00091302689

Pressure
23.834988     0.0053042182

CM Mom
8.7614016e-18  1.688934e-17  
3.0996979e-17  7.2818389e-18 
-1.090968e-16  2.2561546e-17 
1.1545494e-16  2.1380886e-17 

CM Pos
25.001737      0.0061030085  
24.994194      0.02133542    
24.997109      0.0038340374  
43.297256      0.011552815   

Stress
20.7564      -0.00625344  -0.00426213   0.0115955    0.00715617   0.0040589   
-0.00625344  20.751       0.00179161    0.00715617   0.0108026    0.0139037   
-0.00426213  0.00179161   20.744        0.0040589    0.0139037    0.0191847   

Stress Spherical
0            0            0             0            0            0           
0            0            0             0            0            0           
0            0            0             0            0            0           

Inertia
1666.24      -624.867     -624.974      1.22087      0.521611     0.190078    
-624.867     1666.58      -624.821      0.521611     0.299805     0.614509    
-624.974     -624.821     1666.42       0.190078     0.614509     1.12012     

Bond Length
0.62634761    0.0025029934

BB bond length
0.62634761    0.0025029934

Water EE distance
0             0           

PEG EE distance
6.9246615     0.72770251  

BBB P2(x)
0.10383145    0.016771179 

BBB first bond length
0.62738764    0.0030900365

BBB second bond length
0.62608989    0.0029128274

BBB <phi**2>/<phi>**2
1.1317322     0.0034084324

Time = 3000
Temperature
1.029397      0.00066988084

Pressure
23.83953      0.0082116931

CM Mom
2.2655851e-17  2.3663827e-17 
3.9452202e-17  1.4419186e-17 
-1.1542513e-16 6.9052732e-18 
1.2705449e-16  8.0903407e-18 

CM Pos
24.99995       0.0055354661  
25.009501      0.012008951   
25.001669      0.0035382766  
43.307693      0.0070338687  

Stress
20.744       -0.00650138  0.00140748    0.0111379    0.00843504   0.00626883  
-0.00650138  20.7549      0.00188551    0.00843504   0.0198935    0.0059451   
0.00140748   0.00188551   20.7554       0.00626883   0.0059451    0.0134709   

Stress Spherical
0            0            0             0            0            0           
0            0            0             0            0            0           
0            0            0             0            0            0           

Inertia
1667.23      -625.261     -625.035      0.667378     0.220998     0.184181    
-625.261     1666.76      -625.253      0.220998     0.390797     0.31285     
-625.035     -625.253     1667.17       0.184181     0.31285      0.672044    

Bond Length
0.62668493    0.0069980545

BB bond length
0.62668493    0.0069980545

Water EE distance
0             0           

PEG EE distance
7.0188155     0.65435119  

BBB P2(x)
0.083867966   0.027091109 

BBB first bond length
0.62720075    0.0064518183

BBB second bond length
0.62680242    0.0067137499

BBB <phi**2>/<phi>**2
1.1129016     0.0071684166

Time = 3500
Temperature
1.0291013     0.00078547693

Pressure
23.843161     0.010697533 

CM Mom
5.6986327e-18  9.9774904e-18 
3.7962294e-17  1.0028394e-17 
-1.0025329e-16 4.4613293e-18 
1.0828125e-16  4.4186468e-18 

CM Pos
24.999283      0.0038290259  
24.998354      0.016676824   
25.003829      0.0015216973  
43.302119      0.010084582   

Stress
20.7588      0.00494346   0.000247281   0.0129314    0.00469465   0.0103359   
0.00494346   20.7492      0.00287537    0.00469465   0.0119493    0.00711437  
0.000247281  0.00287537   20.76         0.0103359    0.00711437   0.0118909   

Stress Spherical
0            0            0             0            0            0           
0            0            0             0            0            0           
0            0            0             0            0            0           

Inertia
1666.75      -624.946     -625.097      0.900252     0.432099     0.0974419   
-624.946     1666.8       -625.092      0.432099     0.199728     0.420323    
-625.097     -625.092     1666.52       0.0974419    0.420323     1.05108     

Bond Length
0.63217865    0.0051947274

BB bond length
0.63217865    0.0051947274

Water EE distance
0             0           

PEG EE distance
6.8574066     0.58287946  

BBB P2(x)
0.090780268   0.032373333 

BBB first bond length
0.63158332    0.0042030665

BBB second bond length
0.63162513    0.0055810381

BBB <phi**2>/<phi>**2
1.1187846     0.020319712 

Time = 4000
Temperature
1.0280073     0.0013473143

Pressure
23.83331      0.01374748  

CM Mom
3.4276931e-17  9.6363789e-18 
3.1301192e-17  9.1502531e-18 
-9.4917207e-17 1.5406431e-17 
1.06228e-16    1.7132037e-17 

CM Pos
24.999737      0.011251571   
24.998008      0.0098579036  
25.000015      0.0046476894  
43.299979      0.0041431628  

Stress
20.742       0.00132599   -0.00474532   0.0208461    0.00885884   0.00865397  
0.00132599   20.7531      -0.00175281   0.00885884   0.00625165   0.012655    
-0.00474532  -0.00175281  20.7532       0.00865397   0.012655     0.012365    

Stress Spherical
0            0            0             0            0            0           
0            0            0             0            0            0           
0            0            0             0            0            0           

Inertia
1666.54      -624.942     -625.027      0.560863     0.230436     0.215753    
-624.942     1666.62      -624.968      0.230436     0.405581     0.289875    
-625.027     -624.968     1666.5        0.215753     0.289875     0.570431    

Bond Length
0.63033577    0.0047783981

BB bond length
0.63033577    0.0047783981

Water EE distance
0             0           

PEG EE distance
7.0073956     0.3900437   

BBB P2(x)
0.087010771   0.013507985 

BBB first bond length
0.63097157    0.0048147957

BBB second bond length
0.63035542    0.0050373591

BBB <phi**2>/<phi>**2
1.1169732     0.0090143242

Time = 4500
Temperature
1.0279967     0.0012587828

Pressure
23.833598     0.014135108 

CM Mom
2.3495183e-17  1.7401273e-17 
4.6659774e-17  1.136509e-17  
-1.0216483e-16 1.0895206e-17 
1.1626474e-16  1.4142001e-17 

CM Pos
24.998937      0.010474141   
25.001181      0.010030542   
25.001829      0.0041704106  
43.302396      0.0096409851  

Stress
20.7441      0.00240728   0.00121482    0.0203306    0.00880868   0.00547344  
0.00240728   20.7594      -0.00532404   0.00880868   0.015289     0.0117316   
0.00121482   -0.00532404  20.7457       0.00547344   0.0117316    0.0109371   

Stress Spherical
0            0            0             0            0            0           
0            0            0             0            0            0           
0            0            0             0            0            0           

Inertia
1666.84      -624.921     -625.066      0.439571     0.334043     0.308296    
-624.921     1666.74      -625.138      0.334043     0.506064     0.238369    
-625.066     -625.138     1666.74       0.308296     0.238369     0.791139    

Bond Length
0.62563311    0.0022053351

BB bond length
0.62563311    0.0022053351

Water EE distance
0             0           

PEG EE distance
7.5268504     0.36268761  

BBB P2(x)
0.09681053    0.034589457 

BBB first bond length
0.62658319    0.001878779 

BBB second bond length
0.62541751    0.0022645114

BBB <phi**2>/<phi>**2
1.1235005     0.011699831 

Time = 5000
Temperature
1.0287825     0.0016020724

Pressure
23.844085     0.0066546957

CM Mom
1.2239055e-17  9.056927e-18  
4.3223096e-17  8.6199277e-18 
-1.1034876e-16 7.3366148e-18 
1.1971261e-16  8.5979847e-18 

CM Pos
25.001443      0.011111392   
24.996514      0.0075843334  
25.002896      0.0045009257  
43.301765      0.0059539788  

Stress
20.7663      0.00361685   0.00254608    0.0116039    0.0108974    0.0131878   
0.00361685   20.7585      -0.00162665   0.0108974    0.0109312    0.00346103  
0.00254608   -0.00162665  20.7488       0.0131878    0.00346103   0.0187193   

Stress Spherical
0            0            0             0            0            0           
0            0            0             0            0            0           
0            0            0             0            0            0           

Inertia
1666.59      -624.887     -625.135      0.26436      0.331156     0.305018    
-624.887     1666.83      -624.983      0.331156     0.459078     0.127066    
-625.135     -624.983     1666.5        0.305018     0.127066     0.473233    

Bond Length
0.62970181    0.005669332 

BB bond length
0.62970181    0.005669332 

Water EE distance
0             0           

PEG EE distance
6.8400802     0.43930456  

BBB P2(x)
0.071290979   0.011938675 

BBB first bond length
0.6297079     0.0051667303

BBB second bond length
0.6295765     0.005715479 

BBB <phi**2>/<phi>**2
1.1112709     0.010646858 

Time = 5500
Temperature
1.0276301     0.00072797936

Pressure
23.841199     0.014869197 

CM Mom
1.7209678e-17  5.7830037e-18 
3.7234787e-17  1.3954232e-17 
-1.0413795e-16 8.3299789e-18 
1.1262986e-16  1.1805955e-17 

CM Pos
24.999203      0.0061517554  
25.001021      0.011264395   
24.997989      0.0062918899  
43.30024       0.006355443   

Stress
20.7627      0.00702712   -0.00509663   0.0202559    0.00710504   0.0104419   
0.00702712   20.759       0.00182416    0.00710504   0.019587     0.0076517   
-0.00509663  0.00182416   20.7536       0.0104419    0.0076517    0.00840337  

Stress Spherical
0            0            0             0            0            0           
0            0            0             0            0            0           
0            0            0             0            0            0           

Inertia
1666.61      -625.041     -624.954      0.668935     0.329556     0.222056    
-625.041     1666.5       -624.98       0.329556     0.229817     0.371788    
-624.954     -624.98      1666.65       0.222056     0.371788     0.670204    

Bond Length
0.62316028    0.005022463 

BB bond length
0.62316028    0.005022463 

Water EE distance
0             0           

PEG EE distance
6.7814751     0.18319232  

BBB P2(x)
0.095933518   0.043454872 

BBB first bond length
0.62330447    0.0048045166

BBB second bond length
0.62387981    0.0054260321

BBB <phi**2>/<phi>**2
1.1171546     0.016112673 

Time = 6000
Temperature
1.0282098     0.00099585462

Pressure
23.839611     0.0088042281

CM Mom
1.2946133e-17  1.053835e-17  
2.6111758e-17  1.1959125e-17 
-9.5809685e-17 1.059104e-17  
1.0153892e-16  9.2204876e-18 

CM Pos
24.996456      0.0072907847  
24.998274      0.011140795   
25.001082      0.0047423598  
43.298855      0.0057174374  

Stress
20.7591      -0.00188037  2.56869e-05   0.00647467   0.00817239   0.00760223  
-0.00188037  20.7487      -0.000626534  0.00817239   0.0190598    0.015546    
2.56869e-05  -0.000626534 20.7574       0.00760223   0.015546     0.00932887  

Stress Spherical
0            0            0             0            0            0           
0            0            0             0            0            0           
0            0            0             0            0            0           

Inertia
1666.66      -624.859     -624.928      0.843593     0.238244     0.137473    
-624.859     1666.56      -624.988      0.238244     0.123693     0.398543    
-624.928     -624.988     1666.44       0.137473     0.398543     0.536537    

Bond Length
0.6269865     0.0033452323

BB bond length
0.6269865     0.0033452323

Water EE distance
0             0           

PEG EE distance
6.7405723     0.55786895  

BBB P2(x)
0.072437773   0.015674424 

BBB first bond length
0.6272814     0.0035875442

BBB second bond length
0.62726655    0.0027875264

BBB <phi**2>/<phi>**2
1.1201703     0.011142274 

Time = 6500
Temperature
1.0292362     0.0012345362

Pressure
23.846598     0.0096616701

CM Mom
1.8113229e-17  2.9591641e-18 
3.3056274e-17  1.2053253e-17 
-1.1422203e-16 1.1488039e-17 
1.2091833e-16  1.1499993e-17 

CM Pos
25.003203      0.0089733654  
24.993954      0.010303206   
24.998335      0.006616823   
43.298671      0.0070567061  

Stress
20.7563      0.00465574   0.00187978    0.0140416    0.00799743   0.00845626  
0.00465574   20.7599      0.00116975    0.00799743   0.0136073    0.00836322  
0.00187978   0.00116975   20.7609       0.00845626   0.00836322   0.0100895   

Stress Spherical
0            0            0             0            0            0           
0            0            0             0            0            0           
0            0            0             0            0            0           

Inertia
1666.23      -624.998     -625.028      0.733362     0.336815     0.104586    
-624.998     1666.7       -624.819      0.336815     0.298694     0.319519    
-625.028     -624.819     1666.45       0.104586     0.319519     0.586714    

Bond Length
0.63096421    0.0058602588

BB bond length
0.63096421    0.0058602588

Water EE distance
0             0           

PEG EE distance
6.8716344     0.20000734  

BBB P2(x)
0.10817801    0.018675564 

BBB first bond length
0.63086477    0.0052207627

BBB second bond length
0.63023009    0.0062064719

BBB <phi**2>/<phi>**2
1.1325743     0.012630839 

Time = 7000
Temperature
1.0281614     0.0014675503

Pressure
23.832064     0.014648838 

CM Mom
3.2132724e-17  2.0101829e-17 
1.9810605e-17  1.6091515e-17 
-1.0641293e-16 1.8140915e-17 
1.162814e-16   1.4813311e-17 

CM Pos
25.004163      0.0071973243  
25.000861      0.0080129328  
25.002389      0.010533788   
43.305552      0.0070814847  

Stress
20.7537      -0.00422984  -0.000682318  0.0176536    0.00647263   0.00647323  
-0.00422984  20.7438      0.00295914    0.00647263   0.0179531    0.00936635  
-0.000682318 0.00295914   20.7456       0.00647323   0.00936635   0.0175697   

Stress Spherical
0            0            0             0            0            0           
0            0            0             0            0            0           
0            0            0             0            0            0           

Inertia
1666.86      -625.115     -625.159      0.890609     0.202488     0.0933182   
-625.115     1667.04      -625.055      0.202488     0.396977     0.411114    
-625.159     -625.055     1666.95       0.0933182    0.411114     0.496265    

Bond Length
0.62787082    0.0054341227

BB bond length
0.62787082    0.0054341227

Water EE distance
0             0           

PEG EE distance
6.546648      0.74259409  

BBB P2(x)
0.093956832   0.038572725 

BBB first bond length
0.6274896     0.0049695296

BBB second bond length
0.62779836    0.0049353401

BBB <phi**2>/<phi>**2
1.1241527     0.016190792 

Time = 7500
Temperature
1.0277976     0.001712727 

Pressure
23.843172     0.010952932 

CM Mom
2.8534761e-18  1.6909532e-17 
2.2234675e-17  8.9099949e-18 
-1.1627712e-16 3.7243581e-17 
1.2080002e-16  3.4389731e-17 

CM Pos
25.001363      0.0042266465  
24.997954      0.0093561568  
24.999082      0.0066974779  
43.300348      0.0056004027  

Stress
20.765       -0.000163593 -0.000239865  0.0108685    0.0115408    0.0100223   
-0.000163593 20.7589      0.00294248    0.0115408    0.00798813   0.0108943   
-0.000239865 0.00294248   20.7559       0.0100223    0.0108943    0.0253664   

Stress Spherical
0            0            0             0            0            0           
0            0            0             0            0            0           
0            0            0             0            0            0           

Inertia
1666.5       -624.947     -624.999      0.661395     0.216386     0.19858     
-624.947     1666.62      -624.963      0.216386     0.301217     0.218564    
-624.999     -624.963     1666.62       0.19858      0.218564     0.590426    

Bond Length
0.62753567    0.0041116384

BB bond length
0.62753567    0.0041116384

Water EE distance
0             0           

PEG EE distance
6.7514405     0.35865024  

BBB P2(x)
0.07756064    0.018869978 

BBB first bond length
0.62824557    0.0043965373

BBB second bond length
0.62796443    0.0041772501

BBB <phi**2>/<phi>**2
1.1132259     0.0062879202

Time = 8000
Temperature
1.0285375     0.00056919534

Pressure
23.837858     0.013706577 

CM Mom
3.0307133e-17  3.8776591e-17 
3.0691345e-17  1.0522031e-17 
-1.1843107e-16 1.1324201e-17 
1.3233614e-16  1.0775982e-17 

CM Pos
24.998243      0.0013949035  
25.005155      0.0088651664  
24.997642      0.0054989875  
43.301872      0.0041004112  

Stress
20.7498      -0.00764489  0.0046718     0.00790442   0.0112396    0.00547072  
-0.00764489  20.7577      -0.00660843   0.0112396    0.0251753    0.0131832   
0.0046718    -0.00660843  20.7496       0.00547072   0.0131832    0.009645    

Stress Spherical
0            0            0             0            0            0           
0            0            0             0            0            0           
0            0            0             0            0            0           

Inertia
1666.78      -625.081     -624.895      0.391061     0.254253     0.131244    
-625.081     1666.48      -625.005      0.254253     0.191451     0.146929    
-624.895     -625.005     1666.81       0.131244     0.146929     0.484409    

Bond Length
0.62842426    0.0034288248

BB bond length
0.62842426    0.0034288248

Water EE distance
0             0           

PEG EE distance
6.9981865     0.45309285  

BBB P2(x)
0.082970266   0.03186619  

BBB first bond length
0.62838643    0.0032546781

BBB second bond length
0.62965904    0.004472404 

BBB <phi**2>/<phi>**2
1.1150611     0.0095058384

Time = 8500
Temperature
1.0283613     0.0015527341

Pressure
23.839231     0.0092318093

CM Mom
3.8420449e-17  1.4581425e-17 
2.4538776e-17  1.7954013e-17 
-1.0139562e-16 2.7622462e-17 
1.1468891e-16  2.2444885e-17 

CM Pos
24.99707       0.0038214034  
25.001474      0.0080929431  
24.998842      0.0052617269  
43.299762      0.0075204259  

Stress
20.7532      0.00321895   0.000840702   0.0131545    0.00887721   0.00483018  
0.00321895   20.7572      -0.000968736  0.00887721   0.0169773    0.00913141  
0.000840702  -0.000968736 20.7524       0.00483018   0.00913141   0.0147036   

Stress Spherical
0            0            0             0            0            0           
0            0            0             0            0            0           
0            0            0             0            0            0           

Inertia
1666.72      -624.959     -624.891      0.661797     0.2585       0.214592    
-624.959     1666.47      -624.928      0.2585       0.525106     0.295414    
-624.891     -624.928     1666.64       0.214592     0.295414     0.660158    

Bond Length
0.6282041     0.0058657724

BB bond length
0.6282041     0.0058657724

Water EE distance
0             0           

PEG EE distance
6.2239408     0.60159963  

BBB P2(x)
0.080703276   0.028640767 

BBB first bond length
0.62953285    0.0062396955

BBB second bond length
0.62815417    0.0055667771

BBB <phi**2>/<phi>**2
1.1158655     0.018340296 

Time = 9000
Temperature
1.0298284     0.0014943989

Pressure
23.843712     0.011398691 

CM Mom
1.3073059e-17  1.4694811e-17 
1.4643066e-17  2.7361463e-17 
-1.0758623e-16 1.3230589e-17 
1.1357757e-16  1.4138353e-17 

CM Pos
24.99835       0.0030807869  
25.000594      0.0052389711  
24.998682      0.0021038796  
43.2999        0.0044988986  

Stress
20.7511      -0.00258315  0.00279347    0.0152274    0.00848392   0.006411    
-0.00258315  20.7577      0.00489852    0.00848392   0.0152202    0.00605354  
0.00279347   0.00489852   20.7543       0.006411     0.00605354   0.0107259   

Stress Spherical
0            0            0             0            0            0           
0            0            0             0            0            0           
0            0            0             0            0            0           

Inertia
1666.56      -624.972     -624.92       0.341779     0.2599       0.167053    
-624.972     1666.48      -625.018      0.2599       0.276472     0.249177    
-624.92      -625.018     1666.58       0.167053     0.249177     0.476199    

Bond Length
0.626152      0.0056908254

BB bond length
0.626152      0.0056908254

Water EE distance
0             0           

PEG EE distance
5.3454605     0.27004055  

BBB P2(x)
0.10845064    0.0217269   

BBB first bond length
0.62699711    0.0054989133

BBB second bond length
0.62658467    0.0060847291

BBB <phi**2>/<phi>**2
1.1322337     0.012061159 

Time = 9500
Temperature
1.0280252     0.00040494998

Pressure
23.833296     0.014438304 

CM Mom
1.612619e-17   1.7875271e-17 
2.2295576e-17  1.9730353e-17 
-9.2246999e-17 1.9403783e-17 
1.0034182e-16  1.6837243e-17 

CM Pos
25.002163      0.0042442768  
25.005741      0.0075557741  
25.004709      0.0039356371  
43.308553      0.0062518764  

Stress
20.7533      0.00223524   0.00370772    0.0187371    0.00375614   0.0136126   
0.00223524   20.744       -0.00530602   0.00375614   0.020293     0.011445    
0.00370772   -0.00530602  20.7508       0.0136126    0.011445     0.00838539  

Stress Spherical
0            0            0             0            0            0           
0            0            0             0            0            0           
0            0            0             0            0            0           

Inertia
1667.19      -625.145     -625.134      0.534906     0.249721     0.13862     
-625.145     1667.06      -625.316      0.249721     0.391922     0.358449    
-625.134     -625.316     1667.1        0.13862      0.358449     0.488301    

Bond Length
0.62826755    0.0071603729

BB bond length
0.62826755    0.0071603729

Water EE distance
0             0           

PEG EE distance
5.5410781     0.32802808  

BBB P2(x)
0.092733118   0.027736129 

BBB first bond length
0.62840746    0.0074885168

BBB second bond length
0.62889167    0.0070233267

BBB <phi**2>/<phi>**2
1.1254945     0.0072326809

Time = 10000
Temperature
1.0281654     0.0018604798

Pressure
23.833828     0.010452266 

CM Mom
1.5323615e-17  1.1636302e-17 
1.7499473e-17  2.1410621e-17 
-1.1003884e-16 2.4842646e-17 
1.1576522e-16  2.1423831e-17 

CM Pos
25.003497      0.004783124   
24.996514      0.0053776329  
24.998602      0.004020907   
43.30047       0.0022379512  

Stress
20.7501      0.00434484   0.000459171   0.0128472    0.00629626   0.00742162  
0.00434484   20.746       -0.00678437   0.00629626   0.0134191    0.00788779  
0.000459171  -0.00678437  20.7523       0.00742162   0.00788779   0.00894418  

Stress Spherical
0            0            0             0            0            0           
0            0            0             0            0            0           
0            0            0             0            0            0           

Inertia
1666.42      -625.001     -625.086      0.327617     0.155234     0.169718    
-625.001     1666.74      -624.897      0.155234     0.205051     0.162107    
-625.086     -624.897     1666.62       0.169718     0.162107     0.233673    

Bond Length
0.62849521    0.0065975915

BB bond length
0.62849521    0.0065975915

Water EE distance
0             0           

PEG EE distance
6.4539799     0.18272115  

BBB P2(x)
0.083337885   0.022827208 

BBB first bond length
0.62908208    0.0062187171

BBB second bond length
0.62887603    0.0056203977

BBB <phi**2>/<phi>**2
1.1125624     0.0072979062

