Time = 1000
Temperature
   1.0973942    0.10305802

Pressure
   23.782126    0.50242827

CM Mom
-5.402969e-17  1.2491001e-17 
1.4060678e-16  2.1814029e-17 
-3.1529052e-16 4.8737386e-16 
4.9514553e-16  3.3925455e-16 

CM Pos
9.999596       0.018616062   
10.00903       0.028506883   
9.998639       0.018113047   
17.324741      0.015414955   

Stress
20.509       -0.000726131 0.00764179    0.198651     0.0445908    0.0550831   
-0.000726131 20.4538      0.0155964     0.0445908    0.242078     0.0383688   
0.00764179   0.0155964    20.5079       0.0550831    0.0383688    0.218492    

Stress Spherical
0            0            0             0            0            0           
0            0            0             0            0            0           
0            0            0             0            0            0           

Inertia
266.872      -100.016     -99.9061      2.6672       0.221343     0.467184    
-100.016     266.68       -100.105      0.221343     2.00116      0.299236    
-99.9061     -100.105     266.866       0.467184     0.299236     2.65185     

Bond Length
0.62367964    0.0038152698

BB bond length
0.62367964    0.0038152698

Water EE distance
0             0           

PEG EE distance
4.5379335     0.2225539   

BBB P2(x)
0.08333839    0.0090878069

BBB first bond length
0.62393496    0.0039143479

BBB second bond length
0.62389295    0.0035437652

BBB <phi**2>/<phi>**2
1.1202299     0.0032095765

Time = 2000
Temperature
1.0155441     0.0061921794

Pressure
23.311179     0.047149563 

CM Mom
-5.1645865e-17 1.7305678e-17 
1.3079633e-16  2.7751092e-17 
-1.768857e-17  1.4085507e-16 
1.9395574e-16  5.8127382e-17 

CM Pos
10.00218       0.0089298632  
10.000946      0.011710421   
10.000972      0.010987018   
17.322881      0.0099472057  

Stress
20.2736      -0.0154849   0.00795912    0.057686     0.0387465    0.0431256   
-0.0154849   20.2703      0.037438      0.0387465    0.0584782    0.0304775   
0.00795912   0.037438     20.2505       0.0431256    0.0304775    0.0920086   

Stress Spherical
0            0            0             0            0            0           
0            0            0             0            0            0           
0            0            0             0            0            0           

Inertia
266.65       -99.9914     -100.037      0.956627     0.1261       0.183232    
-99.9914     266.668      -100          0.1261       0.78411      0.173573    
-100.037     -100         266.652       0.183232     0.173573     1.07322     

Bond Length
0.62351537    0.0015612802

BB bond length
0.62351537    0.0015612802

Water EE distance
0             0           

PEG EE distance
4.2153766     0.05118694  

BBB P2(x)
0.077500324   0.0080945905

BBB first bond length
0.62373163    0.0015367694

BBB second bond length
0.62358632    0.001437297 

BBB <phi**2>/<phi>**2
1.1184351     0.0030078042

Time = 3000
Temperature
1.0104742     0.0052547467

Pressure
23.221083     0.042488696 

CM Mom
-6.0050029e-17 3.4510795e-17 
1.5240081e-16  6.5785905e-18 
-3.1965464e-17 5.2350087e-17 
1.7720918e-16  2.0628015e-17 

CM Pos
10.002263      0.0067315011  
10.001613      0.010751865   
10.001056      0.011184067   
17.323362      0.0081612784  

Stress
20.1959      0.0332359    -0.00868969   0.0518844    0.0246182    0.0486255   
0.0332359    20.161       0.000550453   0.0246182    0.0717803    0.0344759   
-0.00868969  0.000550453  20.2128       0.0486255    0.0344759    0.079509    

Stress Spherical
0            0            0             0            0            0           
0            0            0             0            0            0           
0            0            0             0            0            0           

Inertia
266.665      -100.038     -100.069      0.451894     0.148778     0.119054    
-100.038     266.672      -100.04       0.148778     0.487524     0.126819    
-100.069     -100.04      266.678       0.119054     0.126819     0.406106    

Bond Length
0.62422471    0.00074778901

BB bond length
0.62422471    0.00074778901

Water EE distance
0             0           

PEG EE distance
4.3120824     0.049586953 

BBB P2(x)
0.078428973   0.0058005105

BBB first bond length
0.62446054    0.00086904107

BBB second bond length
0.62441577    0.00096692937

BBB <phi**2>/<phi>**2
1.1183839     0.0026295416

Time = 4000
Temperature
1.0084899     0.0043855805

Pressure
23.235165     0.030484936 

CM Mom
-6.3030315e-17 1.9696752e-17 
1.6698018e-16  2.4614043e-17 
-7.9230267e-18 2.4263094e-17 
1.8192874e-16  2.0060468e-17 

CM Pos
10.00218       0.012031346   
9.9965293      0.0096979584  
9.9999724      0.010467751   
17.319754      0.010435947   

Stress
20.2052      -0.0113759   -0.0241708    0.0637203    0.0625005    0.0562852   
-0.0113759   20.1883      0.0353911     0.0625005    0.0517309    0.0511324   
-0.0241708   0.0353911    20.2364       0.0562852    0.0511324    0.044024    

Stress Spherical
0            0            0             0            0            0           
0            0            0             0            0            0           
0            0            0             0            0            0           

Inertia
266.533      -99.9574     -100.027      0.325374     0.15427      0.207367    
-99.9574     266.636      -99.9873      0.15427      0.42194      0.117116    
-100.027     -99.9873     266.558       0.207367     0.117116     0.466564    

Bond Length
0.62444862    0.0011258798

BB bond length
0.62444862    0.0011258798

Water EE distance
0             0           

PEG EE distance
4.2612059     0.078664814 

BBB P2(x)
0.07925139    0.0060791427

BBB first bond length
0.62463873    0.0011861928

BBB second bond length
0.62466469    0.0010597446

BBB <phi**2>/<phi>**2
1.1196449     0.002200219 

Time = 5000
Temperature
1.0089749     0.002428658 

Pressure
23.211963     0.051274679 

CM Mom
-5.1003386e-17 1.994297e-17  
1.8158702e-16  1.8330117e-17 
-3.6261171e-17 2.4776598e-17 
1.946573e-16   1.8606332e-17 

CM Pos
10.00393       0.0089232495  
9.9970293      0.010630052   
9.994972       0.012731165   
17.318168      0.0091820988  

Stress
20.1671      0.000354643  -0.0208521    0.0763869    0.0406056    0.0419322   
0.000354643  20.2053      -0.0143198    0.0406056    0.0878553    0.0439306   
-0.0208521   -0.0143198   20.1834       0.0419322    0.0439306    0.0553999   

Stress Spherical
0            0            0             0            0            0           
0            0            0             0            0            0           
0            0            0             0            0            0           

Inertia
266.463      -100.063     -99.9584      0.292936     0.0961454    0.124917    
-100.063     266.604      -99.9298      0.0961454    0.269844     0.202911    
-99.9584     -99.9298     266.637       0.124917     0.202911     0.17707     

Bond Length
0.62508418    0.0014036678

BB bond length
0.62508418    0.0014036678

Water EE distance
0             0           

PEG EE distance
4.1508699     0.046104013 

BBB P2(x)
0.077763251   0.0083777896

BBB first bond length
0.62515642    0.0014417658

BBB second bond length
0.62532675    0.0015134973

BBB <phi**2>/<phi>**2
1.1177884     0.0037183925

Time = 6000
Temperature
1.0113171     0.0034413361

Pressure
23.201962     0.067513915 

CM Mom
-5.3990366e-17 3.1113509e-17 
2.0017648e-16  2.7295078e-17 
-9.4366413e-18 9.801928e-18  
2.1025441e-16  2.6016622e-17 

CM Pos
10.002763      0.012214399   
10.001863      0.015326683   
9.9985556      0.0071054613  
17.322353      0.012878608   

Stress
20.1466      0.00918436   0.0172397     0.0740713    0.0414334    0.0615898   
0.00918436   20.184       0.0205013     0.0414334    0.0926315    0.0416469   
0.0172397    0.0205013    20.1742       0.0615898    0.0416469    0.0948763   

Stress Spherical
0            0            0             0            0            0           
0            0            0             0            0            0           
0            0            0             0            0            0           

Inertia
266.648      -100.107     -100.041      0.256326     0.259742     0.158097    
-100.107     266.68       -100.005      0.259742     0.308948     0.172532    
-100.041     -100.005     266.731       0.158097     0.172532     0.40342     

Bond Length
0.62459546    0.0012213199

BB bond length
0.62459546    0.0012213199

Water EE distance
0             0           

PEG EE distance
4.2136703     0.04408073  

BBB P2(x)
0.080667714   0.0063363719

BBB first bond length
0.62476979    0.0012380032

BBB second bond length
0.62469066    0.0013138032

BBB <phi**2>/<phi>**2
1.119868      0.0024522867

Time = 7000
Temperature
1.0114123     0.004672486 

Pressure
23.218113     0.036592526 

CM Mom
-5.9868446e-17 1.9062758e-17 
2.2340081e-16  1.1774215e-17 
-1.1700073e-17 2.037514e-17  
2.331987e-16   1.2828707e-17 

CM Pos
10.003846      0.012473509   
9.9984461      0.011769583   
9.9995557      0.012595416   
17.321584      0.012156136   

Stress
20.1988      -0.024491    -0.00829502   0.0838212    0.064251     0.0566181   
-0.024491    20.1372      0.0198618     0.064251     0.0419527    0.0433317   
-0.00829502  0.0198618    20.2164       0.0566181    0.0433317    0.0553201   

Stress Spherical
0            0            0             0            0            0           
0            0            0             0            0            0           
0            0            0             0            0            0           

Inertia
266.623      -100.016     -100.019      0.389192     0.159915     0.258162    
-100.016     266.738      -99.9433      0.159915     0.400437     0.202056    
-100.019     -99.9433     266.694       0.258162     0.202056     0.248382    

Bond Length
0.62426178    0.0015161042

BB bond length
0.62426178    0.0015161042

Water EE distance
0             0           

PEG EE distance
4.1619552     0.067024322 

BBB P2(x)
0.077369619   0.0077015037

BBB first bond length
0.62451294    0.0013986677

BBB second bond length
0.62436329    0.0014728989

BBB <phi**2>/<phi>**2
1.1197039     0.0029270747

Time = 8000
Temperature
1.0115328     0.0052823014

Pressure
23.249278     0.052534678 

CM Mom
-5.8635649e-17 2.0856845e-17 
2.2218594e-16  2.0721441e-17 
-4.6086423e-17 2.0675508e-17 
2.3613016e-16  2.1519715e-17 

CM Pos
9.9983459      0.0071599922  
10.006113      0.0077358456  
10.000806      0.0082654063  
17.323553      0.0054922811  

Stress
20.1929      -0.00798764  -0.0120927    0.0925641    0.0406719    0.0530963   
-0.00798764  20.2213      0.0111613     0.0406719    0.04413      0.0549574   
-0.0120927   0.0111613    20.2306       0.0530963    0.0549574    0.0915515   

Stress Spherical
0            0            0             0            0            0           
0            0            0             0            0            0           
0            0            0             0            0            0           

Inertia
266.791      -100.031     -99.959       0.301705     0.0894743    0.12948     
-100.031     266.644      -100.053      0.0894743    0.169095     0.142644    
-99.959      -100.053     266.743       0.12948      0.142644     0.212021    

Bond Length
0.62381471    0.00089264416

BB bond length
0.62381471    0.00089264416

Water EE distance
0             0           

PEG EE distance
4.2254093     0.089471806 

BBB P2(x)
0.078175381   0.0070826813

BBB first bond length
0.623941      0.00089542195

BBB second bond length
0.62376273    0.00097702677

BBB <phi**2>/<phi>**2
1.1192144     0.0040842058

Time = 9000
Temperature
1.0082942     0.0030146698

Pressure
23.218916     0.056117527 

CM Mom
-7.0207797e-17 1.184831e-17  
2.2675038e-16  1.2404918e-17 
-4.8891415e-17 1.8983469e-17 
2.4334993e-16  1.3064683e-17 

CM Pos
10.00343       0.0099297415  
9.9985294      0.014005383   
10.000722      0.010588152   
17.322066      0.00944841    

Stress
20.2004      0.00579112   0.00747015    0.0883345    0.0537387    0.0283103   
0.00579112   20.1789      0.0330968     0.0537387    0.0592882    0.0356585   
0.00747015   0.0330968    20.2036       0.0283103    0.0356585    0.0519964   

Stress Spherical
0            0            0             0            0            0           
0            0            0             0            0            0           
0            0            0             0            0            0           

Inertia
266.63       -100.014     -100.005      0.440522     0.162266     0.14998     
-100.014     266.74       -99.9958      0.162266     0.163881     0.210597    
-100.005     -99.9958     266.697       0.14998      0.210597     0.26541     

Bond Length
0.62457109    0.00077277011

BB bond length
0.62457109    0.00077277011

Water EE distance
0             0           

PEG EE distance
4.2211944     0.044416414 

BBB P2(x)
0.077326593   0.0055051936

BBB first bond length
0.62469635    0.00087664591

BBB second bond length
0.62456708    0.00090881495

BBB <phi**2>/<phi>**2
1.1194983     0.0032904272

Time = 10000
Temperature
1.0076375     0.0025425744

Pressure
23.210862     0.036139867 

CM Mom
-5.9502042e-17 1.2913912e-17 
2.0416988e-16  1.5703805e-17 
-3.8171492e-17 3.3317582e-17 
2.1906953e-16  1.4658652e-17 

CM Pos
10.001929      0.0056769352  
10.001613      0.010661043   
10.001389      0.0088611529  
17.323361      0.0065945283  

Stress
20.2037      0.0103736    0.00550494    0.0581954    0.0483002    0.0440201   
0.0103736    20.1865      0.00180139    0.0483002    0.0606044    0.041806    
0.00550494   0.00180139   20.1744       0.0440201    0.041806     0.0712622   

Stress Spherical
0            0            0             0            0            0           
0            0            0             0            0            0           
0            0            0             0            0            0           

Inertia
266.724      -100.065     -100.031      0.224749     0.113861     0.137233    
-100.065     266.753      -100.05       0.113861     0.269172     0.160329    
-100.031     -100.05      266.73        0.137233     0.160329     0.213876    

Bond Length
0.62438857    0.00085272627

BB bond length
0.62438857    0.00085272627

Water EE distance
0             0           

PEG EE distance
4.1884973     0.092070724 

BBB P2(x)
0.076278047   0.006088452 

BBB first bond length
0.62439067    0.00090013763

BBB second bond length
0.6244651     0.00086185755

BBB <phi**2>/<phi>**2
1.1176308     0.0031582391

Time = 11000
Temperature
1.0086805     0.0068984196

Pressure
23.206562     0.059179195 

CM Mom
-6.8305051e-17 3.2382285e-17 
2.1019603e-16  1.7035227e-17 
-3.0063991e-17 2.6350747e-17 
2.2705501e-16  1.5198442e-17 

CM Pos
9.9953456      0.011670317   
10.003863      0.0087840021  
10.001639      0.0053856136  
17.321003      0.01038144    

Stress
20.1846      0.0100877    -0.0132576    0.0888729    0.0356739    0.0402088   
0.0100877    20.1848      -0.0416278    0.0356739    0.0849626    0.0706443   
-0.0132576   -0.0416278   20.1729       0.0402088    0.0706443    0.059883    

Stress Spherical
0            0            0             0            0            0           
0            0            0             0            0            0           
0            0            0             0            0            0           

Inertia
266.762      -100.022     -99.9474      0.277547     0.158665     0.167353    
-100.022     266.587      -100.052      0.158665     0.288471     0.199488    
-99.9474     -100.052     266.634       0.167353     0.199488     0.290313    

Bond Length
0.62364488    0.00079226864

BB bond length
0.62364488    0.00079226864

Water EE distance
0             0           

PEG EE distance
4.1817146     0.094078462 

BBB P2(x)
0.078022712   0.0080926617

BBB first bond length
0.62388743    0.00085494249

BBB second bond length
0.62380138    0.00064793194

BBB <phi**2>/<phi>**2
1.1187477     0.0026423888

Time = 12000
Temperature
1.0101675     0.0059946116

Pressure
23.251732     0.030741544 

CM Mom
-6.1022249e-17 1.4176785e-17 
2.3217149e-16  1.0620033e-17 
-2.4814743e-17 1.5922988e-17 
2.4226944e-16  1.0766304e-17 

CM Pos
9.9952623      0.016449944   
10.00253       0.0090473156  
9.9923884      0.0094071204  
17.314849      0.011642279   

Stress
20.2195      -0.0165024   0.0176638     0.0681344    0.0498529    0.0738468   
-0.0165024   20.2014      0.0127648     0.0498529    0.0525934    0.0557162   
0.0176638    0.0127648    20.2435       0.0738468    0.0557162    0.0755284   

Stress Spherical
0            0            0             0            0            0           
0            0            0             0            0            0           
0            0            0             0            0            0           

Inertia
266.559      -99.9941     -99.9064      0.291441     0.162598     0.24547     
-99.9941     266.412      -99.953       0.162598     0.409127     0.120025    
-99.9064     -99.953      266.633       0.24547      0.120025     0.308889    

Bond Length
0.6240638     0.00099356836

BB bond length
0.6240638     0.00099356836

Water EE distance
0             0           

PEG EE distance
4.1982573     0.042609431 

BBB P2(x)
0.080392033   0.0051969704

BBB first bond length
0.62430421    0.00093222741

BBB second bond length
0.62421656    0.00095347946

BBB <phi**2>/<phi>**2
1.1190339     0.0030145614

Time = 13000
Temperature
1.0098169     0.0049339988

Pressure
23.18455      0.085574829 

CM Mom
-4.8010912e-17 2.7193863e-17 
2.2114039e-16  1.9449536e-17 
-3.5552767e-17 1.1988185e-17 
2.3093802e-16  2.0031402e-17 

CM Pos
9.9918453      0.0079453494  
9.9984461      0.012169964   
10.001639      0.009241381   
17.315856      0.010223131   

Stress
20.1355      0.0214937    0.00581962    0.0985725    0.0354611    0.0335385   
0.0214937    20.1514      -0.0360133    0.0354611    0.121819     0.0555024   
0.00581962   -0.0360133   20.1791       0.0335385    0.0555024    0.0925733   

Stress Spherical
0            0            0             0            0            0           
0            0            0             0            0            0           
0            0            0             0            0            0           

Inertia
266.653      -99.8977     -99.9464      0.304484     0.160564     0.0599011   
-99.8977     266.52       -99.9907      0.160564     0.192867     0.131243    
-99.9464     -99.9907     266.459       0.0599011    0.131243     0.322896    

Bond Length
0.62454834    0.00091568587

BB bond length
0.62454834    0.00091568587

Water EE distance
0             0           

PEG EE distance
4.1957598     0.039875558 

BBB P2(x)
0.079848776   0.0037686522

BBB first bond length
0.62462898    0.00093873276

BBB second bond length
0.62481533    0.00098262791

BBB <phi**2>/<phi>**2
1.1190932     0.0018742776

Time = 14000
Temperature
1.0107088     0.0053598261

Pressure
23.204617     0.053251371 

CM Mom
-6.1634744e-17 1.9780782e-17 
2.0916159e-16  1.8959476e-17 
-5.2103639e-17 1.281728e-17  
2.257327e-16   1.4898727e-17 

CM Pos
9.9954289      0.0094861594  
10.00203       0.011975798   
10.001306      0.007757364   
17.3198        0.012082786   

Stress
20.167       0.00134733   0.0175779     0.0401194    0.0322645    0.068789    
0.00134733   20.1733      0.0124846     0.0322645    0.112314     0.0497084   
0.0175779    0.0124846    20.178        0.068789     0.0497084    0.0706303   

Stress Spherical
0            0            0             0            0            0           
0            0            0             0            0            0           
0            0            0             0            0            0           

Inertia
266.74       -99.9579     -99.9321      0.304942     0.178638     0.182191    
-99.9579     266.594      -100.038      0.178638     0.288637     0.16303     
-99.9321     -100.038     266.634       0.182191     0.16303      0.398997    

Bond Length
0.62517184    0.00088947843

BB bond length
0.62517184    0.00088947843

Water EE distance
0             0           

PEG EE distance
4.3395475     0.059591319 

BBB P2(x)
0.078453949   0.010787741 

BBB first bond length
0.62550892    0.0010627658

BBB second bond length
0.62543716    0.0010155442

BBB <phi**2>/<phi>**2
1.1193123     0.003531151 

Time = 15000
Temperature
1.0123638     0.0063880916

Pressure
23.230166     0.049718554 

CM Mom
-5.2047661e-17 1.1307425e-17 
2.0790543e-16  2.305178e-17  
-4.4572693e-17 1.7179812e-17 
2.199372e-16   2.2413562e-17 

CM Pos
9.9982625      0.0083855396  
9.9976127      0.010962969   
9.9979722      0.0093934513  
17.316963      0.0070615967  

Stress
20.1859      0.00365184   -0.0137527    0.0421199    0.0537784    0.0442769   
0.00365184   20.1906      0.000481727   0.0537784    0.0755823    0.0599508   
-0.0137527   0.000481727  20.2034       0.0442769    0.0599508    0.11105     

Stress Spherical
0            0            0             0            0            0           
0            0            0             0            0            0           
0            0            0             0            0            0           

Inertia
266.592      -99.9289     -99.9406      0.335753     0.102077     0.115857    
-99.9289     266.594      -99.9423      0.102077     0.18858      0.140893    
-99.9406     -99.9423     266.597       0.115857     0.140893     0.214623    

Bond Length
0.6243488     0.0010866142

BB bond length
0.6243488     0.0010866142

Water EE distance
0             0           

PEG EE distance
4.2474148     0.10349772  

BBB P2(x)
0.073469194   0.0043390118

BBB first bond length
0.62440673    0.0011914439

BBB second bond length
0.62468911    0.00093535078

BBB <phi**2>/<phi>**2
1.1163934     0.0023881158

Time = 16000
Temperature
1.0117239     0.0040825993

Pressure
23.21966      0.052720579 

CM Mom
-3.784898e-17  2.1896264e-17 
1.8498574e-16  3.0134374e-17 
-5.9103716e-17 1.6505312e-17 
1.9969105e-16  3.0478788e-17 

CM Pos
9.9975958      0.0086433151  
10.000196      0.013679235   
10.000972      0.0068420288  
17.3198        0.011079239   

Stress
20.1808      -0.0349579   -0.0177303    0.0752807    0.0459354    0.045118    
-0.0349579   20.1919      -0.00735494   0.0459354    0.0727355    0.041948    
-0.0177303   -0.00735494  20.1815       0.045118     0.041948     0.0588236   

Stress Spherical
0            0            0             0            0            0           
0            0            0             0            0            0           
0            0            0             0            0            0           

Inertia
266.701      -99.9745     -100.036      0.30564      0.187065     0.134638    
-99.9745     266.638      -100.04       0.187065     0.191357     0.163357    
-100.036     -100.04      266.618       0.134638     0.163357     0.398876    

Bond Length
0.62464105    0.0014138324

BB bond length
0.62464105    0.0014138324

Water EE distance
0             0           

PEG EE distance
4.2636453     0.060768311 

BBB P2(x)
0.075175283   0.0060034199

BBB first bond length
0.62477802    0.0013405482

BBB second bond length
0.62498333    0.0013667463

BBB <phi**2>/<phi>**2
1.1176425     0.0026562757

Time = 17000
Temperature
1.0126947     0.0034971873

Pressure
23.22744      0.065789692 

CM Mom
-3.928921e-17  1.3714398e-17 
1.8661409e-16  1.4913837e-17 
-6.9820227e-17 1.421006e-17  
2.0402109e-16  1.5203634e-17 

CM Pos
9.9993459      0.011952577   
9.9961126      0.010985754   
10.000972      0.011347751   
17.318455      0.012369593   

Stress
20.1642      0.00254871   -0.00179558   0.0787543    0.0398479    0.0279738   
0.00254871   20.21        0.000720945   0.0398479    0.0803457    0.0325002   
-0.00179558  0.000720945  20.1946       0.0279738    0.0325002    0.102391    

Stress Spherical
0            0            0             0            0            0           
0            0            0             0            0            0           
0            0            0             0            0            0           

Inertia
266.604      -99.9512     -99.9912      0.337087     0.124591     0.23372     
-99.9512     266.666      -99.9777      0.124591     0.405571     0.158259    
-99.9912     -99.9777     266.575       0.23372      0.158259     0.348151    

Bond Length
0.6252214     0.0013421003

BB bond length
0.6252214     0.0013421003

Water EE distance
0             0           

PEG EE distance
4.2488086     0.040939719 

BBB P2(x)
0.076862159   0.006055187 

BBB first bond length
0.62547054    0.0014968058

BBB second bond length
0.62543631    0.0012450359

BBB <phi**2>/<phi>**2
1.1176884     0.0029514403

Time = 18000
Temperature
1.0110527     0.0048464545

Pressure
23.216484     0.088867592 

CM Mom
-4.9235208e-17 1.7828275e-17 
2.0904015e-16  1.2099354e-17 
-7.5167206e-17 1.1512036e-17 
2.2860204e-16  1.0482102e-17 

CM Pos
9.9975958      0.0078073429  
9.9944458      0.0093682777  
10.003556      0.0096433742  
17.317973      0.0075180294  

Stress
20.197       0.0152164    0.0300209     0.104662     0.0297394    0.0436544   
0.0152164    20.1772      0.012822      0.0297394    0.0807374    0.0400637   
0.0300209    0.012822     20.1765       0.0436544    0.0400637    0.100949    

Stress Spherical
0            0            0             0            0            0           
0            0            0             0            0            0           
0            0            0             0            0            0           

Inertia
266.636      -99.9024     -100.032      0.313482     0.173866     0.0985653   
-99.9024     266.686      -100.003      0.173866     0.145623     0.163632    
-100.032     -100.003     266.517       0.0985653    0.163632     0.276026    

Bond Length
0.62524188    0.0014180509

BB bond length
0.62524188    0.0014180509

Water EE distance
0             0           

PEG EE distance
4.1695547     0.06272985  

BBB P2(x)
0.078932436   0.0064999323

BBB first bond length
0.62537592    0.0013755022

BBB second bond length
0.62536786    0.0014430705

BBB <phi**2>/<phi>**2
1.1191308     0.0029220693

Time = 19000
Temperature
1.009109      0.0047377615

Pressure
23.206775     0.046036465 

CM Mom
-3.6695235e-17 1.3261034e-17 
2.123807e-16   2.0347653e-17 
-2.0673382e-17 2.9909512e-17 
2.18691e-16    2.3199073e-17 

CM Pos
10.00368       0.0049508615  
10.001113      0.012047211   
9.9996391      0.012852789   
17.32307       0.014771399   

Stress
20.1943      0.016733     0.00773296    0.0536558    0.0497343    0.0381393   
0.016733     20.1552      -0.00256071   0.0497343    0.0623876    0.0470367   
0.00773296   -0.00256071  20.1896       0.0381393    0.0470367    0.046652    

Stress Spherical
0            0            0             0            0            0           
0            0            0             0            0            0           
0            0            0             0            0            0           

Inertia
266.673      -100.047     -100.017      0.435229     0.151214     0.190824    
-100.047     266.718      -100.029      0.151214     0.343551     0.249712    
-100.017     -100.029     266.762       0.190824     0.249712     0.312006    

Bond Length
0.62374652    0.0012003047

BB bond length
0.62374652    0.0012003047

Water EE distance
0             0           

PEG EE distance
4.1743658     0.04590655  

BBB P2(x)
0.079558541   0.0040983287

BBB first bond length
0.62405844    0.0013400973

BBB second bond length
0.62390239    0.001308169 

BBB <phi**2>/<phi>**2
1.1194599     0.0034105712

Time = 20000
Temperature
1.0107918     0.003947762 

Pressure
23.226467     0.068717901 

CM Mom
-4.1629084e-17 1.4351632e-17 
2.2082141e-16  1.5571851e-17 
-3.4354088e-17 2.7433206e-17 
2.2946303e-16  1.4934094e-17 

CM Pos
9.9963457      0.0089220818  
10.00053       0.0085027508  
10.002306      0.010194802   
17.320042      0.006606142   

Stress
20.2113      0.00928165   0.00651641    0.0827969    0.0430776    0.0392912   
0.00928165   20.1806      0.0209729     0.0430776    0.0996826    0.0561231   
0.00651641   0.0209729    20.1912       0.0392912    0.0561231    0.0676159   

Stress Spherical
0            0            0             0            0            0           
0            0            0             0            0            0           
0            0            0             0            0            0           

Inertia
266.712      -99.9622     -99.9534      0.341218     0.0872383    0.138513    
-99.9622     266.624      -100.014      0.0872383    0.220496     0.143123    
-99.9534     -100.014     266.592       0.138513     0.143123     0.140315    

Bond Length
0.62487378    0.0011619588

BB bond length
0.62487378    0.0011619588

Water EE distance
0             0           

PEG EE distance
4.2665224     0.076220359 

BBB P2(x)
0.078855251   0.0067224795

BBB first bond length
0.62506729    0.0011492013

BBB second bond length
0.62505989    0.0012655321

BBB <phi**2>/<phi>**2
1.1177873     0.0040280383

Time = 21000
Temperature
1.0091483     0.0042294344

Pressure
23.248378     0.058387697 

CM Mom
-3.5345508e-17 1.6923088e-17 
2.1437347e-16  1.6806538e-17 
-1.6681797e-17 1.4380652e-17 
2.1903779e-16  1.6783059e-17 

CM Pos
10.006097      0.011280223   
10.000196      0.0068931026  
9.9965555      0.012517976   
17.322161      0.0080947417  

Stress
20.237       -0.00823264  -0.000262707  0.0683382    0.0375067    0.0455191   
-0.00823264  20.2338      0.00664994    0.0375067    0.0735646    0.023894    
-0.000262707 0.00664994   20.1927       0.0455191    0.023894     0.0998936   

Stress Spherical
0            0            0             0            0            0           
0            0            0             0            0            0           
0            0            0             0            0            0           

Inertia
266.607      -100.048     -100.029      0.2383       0.11228      0.178849    
-100.048     266.707      -99.9249      0.11228      0.347727     0.181022    
-100.029     -99.9249     266.793       0.178849     0.181022     0.188499    

Bond Length
0.62468152    0.0010104195

BB bond length
0.62468152    0.0010104195

Water EE distance
0             0           

PEG EE distance
4.3387488     0.097274551 

BBB P2(x)
0.084663461   0.0091599874

BBB first bond length
0.62494776    0.00096893892

BBB second bond length
0.62474211    0.0011462872

BBB <phi**2>/<phi>**2
1.1213677     0.0041955428

Time = 22000
Temperature
1.0100462     0.0046803177

Pressure
23.217067     0.046646829 

CM Mom
-2.6161666e-17 2.3485375e-17 
2.0357774e-16  2.0903838e-17 
6.5036733e-18  2.3112224e-17 
2.0790883e-16  2.1616102e-17 

CM Pos
10.000346      0.014970893   
10.002196      0.0093879041  
10.000389      0.014099293   
17.322208      0.015966036   

Stress
20.1947      -0.0105004   0.0180571     0.0776916    0.0574721    0.0394233   
-0.0105004   20.1877      -0.0267486    0.0574721    0.0421577    0.0445178   
0.0180571    -0.0267486   20.1792       0.0394233    0.0445178    0.0720564   

Stress Spherical
0            0            0             0            0            0           
0            0            0             0            0            0           
0            0            0             0            0            0           

Inertia
266.74       -100.04      -100.006      0.294181     0.14729      0.314558    
-100.04      266.683      -100.006      0.14729      0.562988     0.190724    
-100.006     -100.006     266.721       0.314558     0.190724     0.33907     

Bond Length
0.62514141    0.00091570105

BB bond length
0.62514141    0.00091570105

Water EE distance
0             0           

PEG EE distance
4.221265      0.061964215 

BBB P2(x)
0.072830568   0.0071155047

BBB first bond length
0.62512697    0.00084984197

BBB second bond length
0.62533526    0.00089121431

BBB <phi**2>/<phi>**2
1.1176235     0.0033790448

Time = 23000
Temperature
1.0116473     0.0055425289

Pressure
23.221082     0.050279965 

CM Mom
-8.6543314e-18 1.4303649e-17 
2.2003372e-16  1.0523777e-17 
4.1588257e-18  1.6192013e-17 
2.2126457e-16  1.1249211e-17 

CM Pos
10.002513      0.0098894399  
9.9991961      0.0069252712  
9.9989723      0.0090622733  
17.320905      0.010377067   

Stress
20.1771      -0.00694765  -0.00541496   0.0842374    0.0596439    0.033027    
-0.00694765  20.1868      0.0315073     0.0596439    0.0585459    0.0264716   
-0.00541496  0.0315073    20.1953       0.033027     0.0264716    0.0686694   

Stress Spherical
0            0            0             0            0            0           
0            0            0             0            0            0           
0            0            0             0            0            0           

Inertia
266.644      -99.9691     -99.9976      0.223169     0.125336     0.142029    
-99.9691     266.705      -99.9471      0.125336     0.293965     0.105457    
-99.9976     -99.9471     266.708       0.142029     0.105457     0.250779    

Bond Length
0.62503287    0.00099846865

BB bond length
0.62503287    0.00099846865

Water EE distance
0             0           

PEG EE distance
4.2091481     0.058961696 

BBB P2(x)
0.080274864   0.0062471979

BBB first bond length
0.62524214    0.0011029792

BBB second bond length
0.62508938    0.00095280495

BBB <phi**2>/<phi>**2
1.119438      0.0027546716

Time = 24000
Temperature
1.0087791     0.0058054417

Pressure
23.231124     0.081620097 

CM Mom
-8.3066639e-18 1.8438064e-17 
2.2111934e-16  5.6107396e-18 
1.436783e-17   2.202218e-17  
2.2357324e-16  6.3738666e-18 

CM Pos
9.9977625      0.013182525   
10.000113      0.0077663124  
9.9979722      0.023681547   
17.318128      0.014203095   

Stress
20.195       -0.00455653  0.0130712     0.125085     0.0327036    0.0542615   
-0.00455653  20.2521      0.0117296     0.0327036    0.0499235    0.0292841   
0.0130712    0.0117296    20.168        0.0542615    0.0292841    0.102793    

Stress Spherical
0            0            0             0            0            0           
0            0            0             0            0            0           
0            0            0             0            0            0           

Inertia
266.619      -99.9749     -99.9679      0.370926     0.156041     0.296951    
-99.9749     266.579      -100.003      0.156041     0.577361     0.225888    
-99.9679     -100.003     266.609       0.296951     0.225888     0.261784    

Bond Length
0.6252224     0.0017562744

BB bond length
0.6252224     0.0017562744

Water EE distance
0             0           

PEG EE distance
4.1636813     0.063361432 

BBB P2(x)
0.078652138   0.005996236 

BBB first bond length
0.62533234    0.0019415538

BBB second bond length
0.62513343    0.0017005703

BBB <phi**2>/<phi>**2
1.1189098     0.0028843799

Time = 25000
Temperature
1.0132608     0.004971364 

Pressure
23.204289     0.05864249  

CM Mom
-6.6040644e-18 3.1886506e-17 
2.2318334e-16  1.3496831e-17 
2.273293e-17   1.2249079e-17 
2.2697896e-16  1.4167206e-17 

CM Pos
10.001763      0.012121929   
9.9954458      0.011427043   
10.007306      0.013542218   
17.323128      0.0078834759  

Stress
20.1688      -0.0230658   -0.00369335   0.0751219    0.0378865    0.0310076   
-0.0230658   20.1459      -0.00835143   0.0378865    0.0786374    0.0518196   
-0.00369335  -0.00835143  20.1796       0.0310076    0.0518196    0.0606078   

Stress Spherical
0            0            0             0            0            0           
0            0            0             0            0            0           
0            0            0             0            0            0           

Inertia
266.742      -99.9587     -100.08       0.3741       0.129261     0.22012     
-99.9587     266.843      -100.021      0.129261     0.345296     0.161836    
-100.08      -100.021     266.594       0.22012      0.161836     0.169638    

Bond Length
0.62475197    0.0012347331

BB bond length
0.62475197    0.0012347331

Water EE distance
0             0           

PEG EE distance
4.1864295     0.062446456 

BBB P2(x)
0.075059004   0.0051940106

BBB first bond length
0.62486033    0.0013213875

BBB second bond length
0.6249961     0.0014110774

BBB <phi**2>/<phi>**2
1.118323      0.0047273908

Time = 26000
Temperature
1.012491      0.0033058721

Pressure
23.250784     0.057381943 

CM Mom
1.6811536e-17  1.3676942e-17 
2.0057272e-16  1.8233732e-17 
2.7925014e-17  1.439816e-17  
2.0413194e-16  1.8677122e-17 

CM Pos
10.002263      0.014669783   
9.9987794      0.010369085   
10.001806      0.0099520995  
17.322162      0.010356952   

Stress
20.1968      0.0312183    -0.0107078    0.0371727    0.0433545    0.0481543   
0.0312183    20.1971      0.00336058    0.0433545    0.0651543    0.0567679   
-0.0107078   0.00336058   20.2468       0.0481543    0.0567679    0.0924562   

Stress Spherical
0            0            0             0            0            0           
0            0            0             0            0            0           
0            0            0             0            0            0           

Inertia
266.678      -100.025     -100.024      0.252976     0.154521     0.235736    
-100.025     266.759      -100.029      0.154521     0.377274     0.151874    
-100.024     -100.029     266.691       0.235736     0.151874     0.311493    

Bond Length
0.62427911    0.001061758 

BB bond length
0.62427911    0.001061758 

Water EE distance
0             0           

PEG EE distance
4.2465738     0.066255047 

BBB P2(x)
0.081620741   0.0075614607

BBB first bond length
0.62437082    0.0010576526

BBB second bond length
0.62448681    0.0012111964

BBB <phi**2>/<phi>**2
1.1204078     0.0030602975

Time = 27000
Temperature
1.0137178     0.0051450006

Pressure
23.21968      0.053870817 

CM Mom
2.693452e-17   1.9298478e-17 
1.9332305e-16  2.1732858e-17 
2.482735e-17   1.6374026e-17 
1.98512e-16    2.0530718e-17 

CM Pos
9.9993459      0.0068668546  
10.000113      0.0082182135  
10.000889      0.010926479   
17.320714      0.0082288255  

Stress
20.1825      0.00307974   0.00901612    0.0597497    0.0412095    0.0571157   
0.00307974   20.1714      0.0126015     0.0412095    0.0563476    0.0425834   
0.00901612   0.0126015    20.1825       0.0571157    0.0425834    0.0690354   

Stress Spherical
0            0            0             0            0            0           
0            0            0             0            0            0           
0            0            0             0            0            0           

Inertia
266.695      -99.9714     -100.029      0.340522     0.124698     0.129765    
-99.9714     266.675      -99.994       0.124698     0.185981     0.167636    
-100.029     -99.994      266.646       0.129765     0.167636     0.21404     

Bond Length
0.6248836     0.0012516169

BB bond length
0.6248836     0.0012516169

Water EE distance
0             0           

PEG EE distance
4.2579424     0.08376445  

BBB P2(x)
0.079875142   0.0054406615

BBB first bond length
0.62488491    0.0013491024

BBB second bond length
0.62519419    0.0012297887

BBB <phi**2>/<phi>**2
1.1178897     0.0023443239

Time = 28000
Temperature
1.0109904     0.0070608004

Pressure
23.216671     0.066426366 

CM Mom
5.268401e-17   1.4698564e-17 
1.7551116e-16  1.1412451e-17 
-2.1680068e-18 1.6364544e-17 
1.844994e-16   1.2591027e-17 

CM Pos
10.000679      0.0083194305  
9.9988628      0.0042893939  
10.005306      0.014019014   
17.323312      0.011235507   

Stress
20.201       -0.00509579  -0.00436904   0.0540928    0.0448989    0.0502239   
-0.00509579  20.1909      0.00646764    0.0448989    0.120182     0.0462831   
-0.00436904  0.00646764   20.16         0.0502239    0.0462831    0.0704301   

Stress Spherical
0            0            0             0            0            0           
