Time = 1000
Temperature
   1.1898631    0.30226767

Pressure
    23.98971     1.2605155

CM Mom
-7.2641027e-17 2.1971465e-17 
4.2544749e-17  3.0977124e-17 
-6.4095008e-17 9.321479e-17  
1.337857e-16   5.8546173e-17 

CM Pos
7.503564       0.032619568   
7.5008629      0.025348302   
7.5096481      0.021436618   
12.998561      0.028618897   

Stress
20.4147      0.0370091    0.0174989     0.370691     0.0716284    0.069828    
0.0370091    20.4369      -0.0043884    0.0716284    0.37675      0.0754779   
0.0174989    -0.0043884   20.4109       0.069828     0.0754779    0.386983    

Stress Spherical
0            0            0             0            0            0           
0            0            0             0            0            0           
0            0            0             0            0            0           

Inertia
150.354      -56.2833     -56.3778      1.81986      0.291017     0.390153    
-56.2833     150.398      -56.3313      0.291017     2.28521      0.148513    
-56.3778     -56.3313     150.239       0.390153     0.148513     1.99213     

Bond Length
0.61991726    0.0098835387

BB bond length
0.61991726    0.0098835387

Water EE distance
0             0           

PEG EE distance
6.929023      0.16208326  

BBB P2(x)
0.46430015    0.064684805 

BBB first bond length
0.6200019     0.0098733768

BBB second bond length
0.61980338    0.0099832927

BBB <phi**2>/<phi>**2
1.2202742     0.016551391 

Time = 2000
Temperature
1.0148958     0.0095618168

Pressure
23.127135     0.085611381 

CM Mom
-8.1266011e-17 2.5040865e-17 
3.2265343e-17  1.9266292e-17 
-1.4780811e-17 3.9973731e-17 
9.8986064e-17  2.5721246e-17 

CM Pos
7.503564       0.010747716   
7.4940467      0.012254909   
7.4974976      0.015743807   
12.987566      0.01818801    

Stress
20.0129      0.025572     0.012889      0.105475     0.0808168    0.0803261   
0.025572     20.0365      0.0438826     0.0808168    0.119985     0.0959344   
0.012889     0.0438826    20.1998       0.0803261    0.0959344    0.123368    

Stress Spherical
0            0            0             0            0            0           
0            0            0             0            0            0           
0            0            0             0            0            0           

Inertia
149.749      -56.2386     -56.2594      0.508501     0.171244     0.20321     
-56.2386     149.89       -56.1995      0.171244     0.538024     0.184849    
-56.2594     -56.1995     149.814       0.20321      0.184849     0.471199    

Bond Length
0.61680839    0.0007768268

BB bond length
0.61680839    0.0007768268

Water EE distance
0             0           

PEG EE distance
6.9903476     0.074019    

BBB P2(x)
0.51262016    0.0057434042

BBB first bond length
0.61676874    0.0009498515

BBB second bond length
0.61692641    0.0007078329

BBB <phi**2>/<phi>**2
1.224942      0.0069156626

