Time = 500
Temperature
   1.0351857   0.051407265

Pressure
   20.567557    0.25558874

CM Mom
-9.0259804e-17 7.0107374e-18 
-5.5988513e-18 2.6941086e-17 
-5.6443927e-18 2.8840531e-17 
9.8976298e-17  4.5254554e-18 

CM Pos
7.5384553      0.015791472   
7.4782052      0.0096269742  
7.5046036      0.0069162225  
13.002741      0.0073896881  

Stress
17.54        0.025585     0.0112271     0.128619     0.0521333    0.0785215   
0.025585     17.4145      0.0455951     0.0521333    0.165914     0.0870406   
0.0112271    0.0455951    17.4389       0.0785215    0.0870406    0.0870433   

Stress Spherical
0            0            0             0            0            0           
0            0            0             0            0            0           
0            0            0             0            0            0           

Inertia
148.793      -56.2468     -56.5387      0.39889      0.186587     0.0411594   
-56.2468     149.741      -56.2039      0.186587     0.590534     0.127677    
-56.5387     -56.2039     149.251       0.0411594    0.127677     0.230955    

Bond Length
0.61391662    0.00027862771

BB bond length
0.61391662    0.00027862771

Water EE distance
0             0           

PEG EE distance
3.7246596     0.10289963  

Time = 1000
Temperature
1.0119422     0.0085851172

Pressure
20.533028     0.042234928 

CM Mom
-6.8171118e-17 1.2870607e-17 
1.505144e-17   9.6935399e-18 
-1.0759847e-18 3.3496381e-17 
7.8215731e-17  1.1786817e-17 

CM Pos
7.531042       0.010297769   
7.4696058      0.012774929   
7.5117203      0.01206701    
12.997607      0.013647765   

Stress
17.5216      -0.0416707   -0.0438349    0.0475377    0.0680694    0.0434261   
-0.0416707   17.451       0.0360794     0.0680694    0.115222     0.0665337   
-0.0438349   0.0360794    17.5263       0.0434261    0.0665337    0.0804047   

Stress Spherical
0            0            0             0            0            0           
0            0            0             0            0            0           
0            0            0             0            0            0           

Inertia
149.175      -56.0308     -56.5737      0.223241     0.10909      0.149307    
-56.0308     150.093      -56.1294      0.10909      0.179881     0.204024    
-56.5737     -56.1294     149.311       0.149307     0.204024     0.209191    

Bond Length
0.61160508    0.0015736154

BB bond length
0.61160508    0.0015736154

Water EE distance
0             0           

PEG EE distance
3.4963046     0.10969627  

