Time = 1000
Temperature
   1.0335095   0.043533092

Pressure
   23.598521    0.13519429

CM Mom
3.3423633e-17  2.591597e-17  
-1.9931851e-17 2.1015092e-17 
-3.362495e-17  6.3311946e-17 
8.1111284e-17  3.4462863e-17 

CM Pos
7.5006837      0.013138781   
7.5037528      0.014508076   
7.495056       0.011811602   
12.9901        0.015987305   

Stress
20.4894      -0.0212186   0.00815271    0.0669524    0.0536383    0.0875099   
-0.0212186   20.484       0.00148064    0.0536383    0.0888191    0.0532603   
0.00815271   0.00148064   20.5445       0.0875099    0.0532603    0.104434    

Stress Spherical
0            0            0             0            0            0           
0            0            0             0            0            0           
0            0            0             0            0            0           

Inertia
150.005      -56.2545     -56.2207      0.433834     0.131858     0.174961    
-56.2545     149.935      -56.2188      0.131858     0.259782     0.216122    
-56.2207     -56.2188     150.073       0.174961     0.216122     0.447109    

Bond Length
0.61938694    0.0057389988

BB bond length
0.61938694    0.0057389988

Water EE distance
0             0           

PEG EE distance
6.2415328     0.13723492  

BBB P2(x)
0.46794221    0.048163727 

BBB first bond length
0.61909515    0.0059759249

BBB second bond length
0.61916891    0.0056722152

BBB <phi**2>/<phi>**2
1.2146615     0.023230812 

Time = 2000
Temperature
1.0147196     0.0055655889

Pressure
23.521        0.086402797 

CM Mom
1.9670895e-17  1.8377868e-17 
-5.2987342e-17 2.7581727e-17 
-6.6190685e-17 2.0154585e-17 
9.2882918e-17  2.1290325e-17 

CM Pos
7.4980102      0.011273579   
7.4975146      0.0081960865  
7.5008486      0.025154172   
12.988302      0.021248649   

Stress
20.4735      0.0114264    0.0108516     0.147178     0.0540755    0.0792157   
0.0114264    20.4866      -0.0289237    0.0540755    0.118437     0.056529    
0.0108516    -0.0289237   20.4938       0.0792157    0.056529     0.102942    

Stress Spherical
0            0            0             0            0            0           
0            0            0             0            0            0           
0            0            0             0            0            0           

Inertia
149.916      -56.1916     -56.2382      0.546054     0.176713     0.247248    
-56.1916     149.924      -56.2947      0.176713     0.552618     0.228331    
-56.2382     -56.2947     149.865       0.247248     0.228331     0.286877    

Bond Length
0.6209736     0.0035919685

BB bond length
0.6209736     0.0035919685

Water EE distance
0             0           

PEG EE distance
5.9367479     0.23889393  

BBB P2(x)
0.49895105    0.016129636 

BBB first bond length
0.62132545    0.0035816675

BBB second bond length
0.62091213    0.0040817895

BBB <phi**2>/<phi>**2
1.2235901     0.013638004 

