Time = 1000
Temperature
    1.073657    0.20746575

Pressure
   23.682745    0.62520577

CM Mom
-1.3059024e-16 1.9649081e-17 
1.437929e-17   3.2357266e-17 
1.2466509e-17  9.6445306e-17 
1.5865658e-16  5.4578881e-17 

CM Pos
7.5019035      0.014375174   
7.498041       0.019310007   
7.4985876      0.023091236   
12.989565      0.017578947   

Stress
20.4667      0.0013505    0.00375704    0.131409     0.0717875    0.0575044   
0.0013505    20.4645      0.00115393    0.0717875    0.130931     0.0736005   
0.00375704   0.00115393   20.4627       0.0575044    0.0736005    0.110196    

Stress Spherical
0            0            0             0            0            0           
0            0            0             0            0            0           
0            0            0             0            0            0           

Inertia
149.859      -56.2389     -56.2578      0.542965     0.168339     0.2564      
-56.2389     149.92       -56.2166      0.168339     0.812964     0.222063    
-56.2578     -56.2166     149.924       0.2564       0.222063     0.302537    

Bond Length
0.5735784     0.018738786 

BB bond length
0.5735784     0.018738786 

Water EE distance
0             0           

PEG EE distance
2.379164      0.2477061   

Time = 2000
Temperature
1.0103719     0.0074458043

Pressure
23.47882      0.081777294 

CM Mom
-1.1272823e-16 2.3743834e-17 
3.6540513e-17  1.7234522e-17 
-3.3766252e-17 3.5951393e-17 
1.2935319e-16  2.457794e-17  

CM Pos
7.5040684      0.015879419   
7.4991531      0.013854649   
7.4930123      0.019191637   
12.988232      0.014989186   

Stress
20.4654      -0.00349866  0.000561103   0.107475     0.0625706    0.0688333   
-0.00349866  20.4403      -0.0183811    0.0625706    0.115779     0.0736547   
0.000561103  -0.0183811   20.4454       0.0688333    0.0736547    0.114209    

Stress Spherical
0            0            0             0            0            0           
0            0            0             0            0            0           
0            0            0             0            0            0           

Inertia
149.837      -56.245      -56.235       0.385105     0.15665      0.188358    
-56.245      149.911      -56.1855      0.15665      0.428843     0.191814    
-56.235      -56.1855     150.005       0.188358     0.191814     0.296267    

Bond Length
0.56941855    0.0038911202

BB bond length
0.56941855    0.0038911202

Water EE distance
0             0           

PEG EE distance
2.2480605     0.15472464  

Time = 3000
Temperature
1.0104591     0.0076996717

Pressure
23.48174      0.08188228  

CM Mom
-1.3892295e-16 2.5960788e-17 
2.8612233e-17  1.5266625e-17 
-2.6728549e-17 2.0859832e-17 
1.4693087e-16  2.4210466e-17 

CM Pos
7.5012362      0.011246338   
7.4975516      0.013242454   
7.4981872      0.014728432   
12.988648      0.013124558   

Stress
20.4482      -0.00570181  -0.00294579   0.12018      0.0717898    0.0625933   
-0.00570181  20.4588      0.0145529     0.0717898    0.100497     0.071923    
-0.00294579  0.0145529    20.4521       0.0625933    0.071923     0.114048    

Stress Spherical
0            0            0             0            0            0           
0            0            0             0            0            0           
0            0            0             0            0            0           

Inertia
149.869      -56.2382     -56.236       0.295765     0.152509     0.157029    
-56.2382     149.925      -56.2207      0.152509     0.309933     0.156002    
-56.236      -56.2207     149.933       0.157029     0.156002     0.286767    

Bond Length
0.56968777    0.0041403228

BB bond length
0.56968777    0.0041403228

Water EE distance
0             0           

PEG EE distance
2.2445144     0.085282565 

