Time = 500
Temperature
   1.0346185   0.051636784

Pressure
   20.107227    0.16181147

CM Mom
-4.3204232e-17 1.8912695e-17 
1.2443654e-17  7.0631985e-18 
-2.2678505e-17 2.5788316e-17 
5.5313589e-17  2.3426218e-17 

CM Pos
7.4864819      0.014626619   
7.5171671      0.062984773   
7.5211639      0.020475893   
13.00487       0.03280081    

Stress
17.0649      0.0219574    0.00950838    0.0509521    0.0464989    0.0449914   
0.0219574    17.0151      -0.00686122   0.0464989    0.0856939    0.0307834   
0.00950838   -0.00686122  16.9356       0.0449914    0.0307834    0.0954253   

Stress Spherical
0            0            0             0            0            0           
0            0            0             0            0            0           
0            0            0             0            0            0           

Inertia
149.488      -56.2569     -56.3331      0.394532     0.587617     0.105557    
-56.2569     148.916      -56.5207      0.587617     0.388731     0.280698    
-56.3331     -56.5207     148.884       0.105557     0.280698     0.923701    

Bond Length
0.61234251    0.0020458798

BB bond length
0.61234251    0.0020458798

Water EE distance
0             0           

PEG EE distance
3.6132183     0.072963694 

Time = 1000
Temperature
1.0069164     0.007540905 

Pressure
19.892397     0.051149055 

CM Mom
-1.654308e-17  1.4964226e-17 
1.0415952e-17  2.5757159e-17 
-4.9549147e-17 6.8802892e-18 
6.0924171e-17  7.7605791e-18 

CM Pos
7.5205762      0.010027592   
7.5284331      0.032525557   
7.5241286      0.0099218503  
13.032641      0.019914304   

Stress
16.8489      -0.0420457   0.00377131    0.0959551    0.0519757    0.0399114   
-0.0420457   16.8748      0.0115904     0.0519757    0.128756     0.0298597   
0.00377131   0.0115904    16.8966       0.0399114    0.0298597    0.102781    

Stress Spherical
0            0            0             0            0            0           
0            0            0             0            0            0           
0            0            0             0            0            0           

Inertia
150.006      -56.6129     -56.6403      0.203571     0.285571     0.0780942   
-56.6129     149.861      -56.6167      0.285571     0.218788     0.178566    
-56.6403     -56.6167     149.966       0.0780942    0.178566     0.453343    

Bond Length
0.61409371    0.0020296389

BB bond length
0.61409371    0.0020296389

Water EE distance
0             0           

PEG EE distance
3.6976014     0.083858608 

