Time = 500
Temperature
   1.0338774   0.042593857

Pressure
    22.66584    0.16147079

CM Mom
-8.0617955e-17 1.5819808e-17 
-2.006283e-17  9.6778284e-18 
-3.7419807e-17 1.7747825e-17 
9.3040922e-17  1.7444558e-17 

CM Pos
7.5178111      0.019350808   
7.5080617      0.011767946   
7.4885075      0.017885877   
12.99873       0.0091213744  

Stress
19.5574      -0.0179427   0.0659762     0.107852     0.0812771    0.0886206   
-0.0179427   19.5848      0.0083392     0.0812771    0.0731279    0.0710241   
0.0659762    0.0083392    19.5605       0.0886206    0.0710241    0.0805582   

Stress Spherical
0            0            0             0            0            0           
0            0            0             0            0            0           
0            0            0             0            0            0           

Inertia
149.536      -56.465      -56.2973      0.407074     0.076389     0.1028      
-56.465      149.643      -56.233       0.076389     0.125266     0.240442    
-56.2973     -56.233      149.885       0.1028       0.240442     0.238946    

Bond Length
0.61572014    0.0035093705

BB bond length
0.61572014    0.0035093705

Water EE distance
0             0           

PEG EE distance
3.7117139     0.21902047  

Time = 1000
Temperature
1.0167253     0.0073328207

Pressure
22.722953     0.063057209 

CM Mom
-8.1846566e-17 8.7104658e-18 
-2.0590005e-17 9.7599427e-18 
-2.3323026e-17 1.0597657e-17 
8.8668704e-17  9.3846715e-18 

CM Pos
7.5020904      0.0095656608  
7.5128076      0.0063340389  
7.4891007      0.0094453332  
12.992706      0.008427776   

Stress
19.6438      -0.00378639  0.0348272     0.041301     0.0289979    0.0566373   
-0.00378639  19.6669      -0.0524658    0.0289979    0.112414     0.143339    
0.0348272    -0.0524658   19.7175       0.0566373    0.143339     0.127694    

Stress Spherical
0            0            0             0            0            0           
0            0            0             0            0            0           
0            0            0             0            0            0           

Inertia
149.755      -56.3997     -56.2241      0.14643      0.144476     0.149811    
-56.3997     149.543      -56.3677      0.144476     0.248905     0.0604966   
-56.2241     -56.3677     149.784       0.149811     0.0604966    0.221249    

Bond Length
0.61299155    0.0044488737

BB bond length
0.61299155    0.0044488737

Water EE distance
0             0           

PEG EE distance
3.7362708     0.081134721 

