Time = 500
Temperature
   1.0496419   0.036101107

Pressure
   21.742972   0.087363665

CM Mom
-1.0332568e-17 1.2996845e-17 
9.0413122e-17  1.1217133e-17 
-2.1288326e-17 5.8244316e-17 
1.0710633e-16  3.0819855e-17 

CM Pos
7.4950718      0.0094406661  
7.4942701      0.022174043   
7.4852064      0.015012142   
12.975704      0.020244977   

Stress
18.6308      -0.0149414   0.0192611     0.103109     0.0595219    0.087253    
-0.0149414   18.5881      -0.0762678    0.0595219    0.0452042    0.0533064   
0.0192611    -0.0762678   18.5689       0.087253     0.0533064    0.180601    

Stress Spherical
0            0            0             0            0            0           
0            0            0             0            0            0           
0            0            0             0            0            0           

Inertia
149.033      -56.2195     -56.0104      0.0711773    0.27062      0.108178    
-56.2195     148.884      -56.1314      0.27062      0.199058     0.249493    
-56.0104     -56.1314     149.157       0.108178     0.249493     0.215958    

Bond Length
0.61426366    0.0020819566

BB bond length
0.61426366    0.0020819566

Water EE distance
0             0           

PEG EE distance
3.6943215     0.18250699  

Time = 1000
Temperature
1.0159498     0.0053905732

Pressure
21.511192     0.06837983  

CM Mom
-2.0240532e-17 1.006637e-17  
9.0957317e-17  1.6066442e-17 
2.3536421e-17  3.2973403e-17 
1.0236392e-16  1.4325203e-17 

CM Pos
7.4864741      0.0081731685  
7.4889336      0.0063170103  
7.5059595      0.018946392   
12.979645      0.011591517   

Stress
18.4609      0.00937877   -0.000400842  0.0963804    0.0492245    0.0702895   
0.00937877   18.4556      0.022552      0.0492245    0.0768434    0.0502331   
-0.000400842 0.022552     18.4789       0.0702895    0.0502331    0.0653026   

Stress Spherical
0            0            0             0            0            0           
0            0            0             0            0            0           
0            0            0             0            0            0           

Inertia
149.25       -56.0459     -56.1819      0.331691     0.108628     0.149591    
-56.0459     149.111      -56.2219      0.108628     0.309004     0.114278    
-56.1819     -56.2219     148.93        0.149591     0.114278     0.240414    

Bond Length
0.61444448    0.0047179548

BB bond length
0.61444448    0.0047179548

Water EE distance
0             0           

PEG EE distance
3.7536819     0.12269523  

