Time = 1000
Temperature
   1.0995249    0.12447227

Pressure
   23.760476    0.61194507

CM Mom
-9.194737e-18  1.4964638e-17 
1.5192497e-17  1.3171472e-17 
-1.3879899e-16 3.5670518e-16 
3.1492432e-16  2.1917846e-16 

CM Pos
7.4956734      0.013087514   
7.5038384      0.0190942     
7.4987504      0.022717101   
12.989406      0.018959169   

Stress
20.4813      0.0115224    0.00182102    0.284306     0.0784572    0.0772899   
0.0115224    20.4545      -0.00127322   0.0784572    0.293017     0.0610373   
0.00182102   -0.00127322  20.4518       0.0772899    0.0610373    0.253895    

Stress Spherical
0            0            0             0            0            0           
0            0            0             0            0            0           
0            0            0             0            0            0           

Inertia
150.15       -56.2387     -56.2124      1.02545      0.179661     0.157159    
-56.2387     150.032      -56.2868      0.179661     1.15331      0.259502    
-56.2124     -56.2868     150.096       0.157159     0.259502     1.40159     

Bond Length
0.61923027    0.0071806189

BB bond length
0.61923027    0.0071806189

Water EE distance
0             0           

PEG EE distance
6.9537881     0.2631958   

BBB P2(x)
0.4800417     0.054256196 

BBB first bond length
0.61910501    0.007399412 

BBB second bond length
0.61937705    0.0071985198

BBB <phi**2>/<phi>**2
1.2195255     0.011992882 

Time = 2000
Temperature
1.0085265     0.0059822605

Pressure
23.280497     0.1320941   

CM Mom
1.0022496e-17  1.4605817e-17 
2.3573458e-17  2.2287586e-17 
-7.1971472e-17 4.9611829e-17 
9.2645677e-17  2.0596835e-17 

CM Pos
7.4949325      0.014271262   
7.5023566      0.013372961   
7.4969723      0.016556133   
12.987085      0.015346065   

Stress
20.2712      -0.0137352   0.01806       0.136685     0.0616247    0.076955    
-0.0137352   20.2414      -0.024899     0.0616247    0.149841     0.0373239   
0.01806      -0.024899    20.254        0.076955     0.0373239    0.162592    

Stress Spherical
0            0            0             0            0            0           
0            0            0             0            0            0           
0            0            0             0            0            0           

Inertia
149.841      -56.2643     -56.1741      0.301657     0.15018      0.173479    
-56.2643     149.742      -56.241       0.15018      0.300461     0.166744    
-56.1741     -56.241      149.813       0.173479     0.166744     0.342434    

Bond Length
0.61869796    0.0027120797

BB bond length
0.61869796    0.0027120797

Water EE distance
0             0           

PEG EE distance
7.0887173     0.22039881  

BBB P2(x)
0.51843826    0.020508728 

BBB first bond length
0.61853786    0.0025834446

BBB second bond length
0.61858048    0.0025737195

BBB <phi**2>/<phi>**2
1.2257514     0.014233209 

