Time = 500
Temperature
    1.036797   0.038320555

Pressure
   23.002445     0.1478587

CM Mom
-8.2164849e-17 2.6293569e-17 
-3.1643168e-17 1.3396533e-17 
-1.8618279e-17 2.6563721e-17 
9.6614116e-17  1.8470394e-17 

CM Pos
7.4931924      0.011620902   
7.484453       0.0084130829  
7.512699       0.019983137   
12.984831      0.019467065   

Stress
19.9805      -0.0344611   -0.00490312   0.0514139    0.0807509    0.0181482   
-0.0344611   19.8772      -0.00812236   0.0807509    0.0808284    0.0709479   
-0.00490312  -0.00812236  19.8313       0.0181482    0.0709479    0.109951    

Stress Spherical
0            0            0             0            0            0           
0            0            0             0            0            0           
0            0            0             0            0            0           

Inertia
149.64       -56.0656     -56.3308      0.391549     0.177048     0.175698    
-56.0656     149.814      -56.1438      0.177048     0.241009     0.22156     
-56.3308     -56.1438     149.335       0.175698     0.22156      0.222191    

Bond Length
0.61373387    0.0049359401

BB bond length
0.61373387    0.0049359401

Water EE distance
0             0           

PEG EE distance
3.174446      0.17551136  

Time = 1000
Temperature
1.0113702     0.0054868776

Pressure
23.006971     0.086849707 

CM Mom
-7.8351374e-17 6.4234976e-18 
-3.5030605e-17 8.6816398e-18 
-3.1877049e-17 2.3533477e-17 
9.4417431e-17  1.1748736e-17 

CM Pos
7.4756867      0.015672174   
7.491574       0.011628475   
7.5132924      0.021259599   
12.979211      0.0076920864  

Stress
20.0119      0.0342432    -0.0163517    0.128127     0.0721315    0.0442218   
0.0342432    19.9361      -0.0105497    0.0721315    0.0589108    0.0320249   
-0.0163517   -0.0105497   19.9831       0.0442218    0.0320249    0.144298    

Stress Spherical
0            0            0             0            0            0           
0            0            0             0            0            0           
0            0            0             0            0            0           

Inertia
149.797      -55.9802     -56.1754      0.299611     0.0960447    0.167482    
-55.9802     149.593      -56.2954      0.0960447    0.344831     0.158267    
-56.1754     -56.2954     149.221       0.167482     0.158267     0.249384    

Bond Length
0.617895      0.0021965173

BB bond length
0.617895      0.0021965173

Water EE distance
0             0           

PEG EE distance
3.2214991     0.11779975  

