Time = 1000
Temperature
   1.0817546     0.1096056

Pressure
   23.659002    0.59053349

CM Mom
1.1838007e-18  2.7445791e-17 
1.3942885e-17  1.8523509e-17 
4.9136708e-17  2.300426e-16  
1.62745e-16    1.7360955e-16 

CM Pos
7.4905067      0.020482757   
7.5033307      0.039648019   
7.5015383      0.0106475     
12.987781      0.019823397   

Stress
20.4369      -0.051871    0.0188871     0.322605     0.0716934    0.0440105   
-0.051871    20.3634      0.0283317     0.0716934    0.251988     0.0639212   
0.0188871    0.0283317    20.4601       0.0440105    0.0639212    0.264638    

Stress Spherical
0            0            0             0            0            0           
0            0            0             0            0            0           
0            0            0             0            0            0           

Inertia
150.154      -56.1899     -56.1915      0.717625     0.376204     0.223388    
-56.1899     149.94       -56.286       0.376204     1.19127      0.26136     
-56.1915     -56.286      149.976       0.223388     0.26136      0.564596    

Bond Length
0.61834774    0.0048055271

BB bond length
0.61834774    0.0048055271

Water EE distance
0             0           

PEG EE distance
6.5787086     0.20411905  

BBB P2(x)
0.47155935    0.065881528 

BBB first bond length
0.61845305    0.0045387846

BBB second bond length
0.61835383    0.0048462233

BBB <phi**2>/<phi>**2
1.2209513     0.015405088 

Time = 2000
Temperature
1.0103052     0.0085438891

Pressure
23.302782     0.088649372 

CM Mom
1.2655499e-17  1.754432e-17  
-3.6578855e-17 3.1720161e-17 
1.1286329e-17  2.6682756e-17 
5.8799759e-17  1.3931442e-17 

CM Pos
7.4934756      0.011631591   
7.5033307      0.013765886   
7.4991633      0.013134335   
12.988071      0.0096582246  

Stress
20.3293      0.0285065    0.0384156     0.101867     0.0766935    0.0435396   
0.0285065    20.2446      0.00806653    0.0766935    0.153662     0.0580177   
0.0384156    0.00806653   20.2597       0.0435396    0.0580177    0.114088    

Stress Spherical
0            0            0             0            0            0           
0            0            0             0            0            0           
0            0            0             0            0            0           

Inertia
149.91       -56.242      -56.1954      0.371487     0.159152     0.13573     
-56.242      149.761      -56.2928      0.159152     0.451207     0.13745     
-56.1954     -56.2928     149.837       0.13573      0.13745      0.268269    

Bond Length
0.61756546    0.0024430301

BB bond length
0.61756546    0.0024430301

Water EE distance
0             0           

PEG EE distance
6.7934826     0.1627258   

BBB P2(x)
0.51366237    0.017436941 

BBB first bond length
0.61772215    0.0025215403

BBB second bond length
0.61759414    0.0024754828

BBB <phi**2>/<phi>**2
1.2261072     0.0097452849

Time = 3000
Temperature
1.0110751     0.0085180099

Pressure
23.227506     0.0733047   

CM Mom
6.8113089e-18  1.0679165e-17 
-1.6291328e-17 1.7406704e-17 
-1.7193899e-17 2.2916371e-17 
3.5113901e-17  1.7794478e-17 

CM Pos
7.4967413      0.01012888    
7.498729       0.011602191   
7.5018352      0.008808216   
12.988833      0.011670652   

Stress
20.2196      0.0366565    -0.0104308    0.107241     0.062144     0.0861762   
0.0366565    20.1224      0.00185236    0.062144     0.0965884    0.0904591   
-0.0104308   0.00185236   20.2588       0.0861762    0.0904591    0.137297    

Stress Spherical
0            0            0             0            0            0           
0            0            0             0            0            0           
0            0            0             0            0            0           

Inertia
149.935      -56.2008     -56.2339      0.27636      0.143419     0.154339    
-56.2008     149.891      -56.2744      0.143419     0.223755     0.148089    
-56.2339     -56.2744     149.874       0.154339     0.148089     0.210783    

Bond Length
0.61894452    0.002143958 

BB bond length
0.61894452    0.002143958 

Water EE distance
0             0           

PEG EE distance
6.5017014     0.29826169  

BBB P2(x)
0.51907702    0.0083743722

BBB first bond length
0.61907471    0.002105017 

BBB second bond length
0.61857754    0.0023379784

BBB <phi**2>/<phi>**2
1.2254327     0.0089407463

Time = 4000
Temperature
1.0123846     0.007576222 

Pressure
23.202557     0.079198649 

CM Mom
2.9199971e-17  1.0725145e-17 
7.6399934e-19  1.4175786e-17 
-2.2700243e-17 2.07639e-17   
4.4864438e-17  1.0140339e-17 

CM Pos
7.4952569      0.022135191   
7.50244        0.011654302   
7.5004993      0.013601636   
12.989358      0.01928444    

Stress
20.1504      0.017714     0.0124895     0.123248     0.0589944    0.0862644   
0.017714     20.1797      -0.0102292    0.0589944    0.145489     0.0632945   
0.0124895    -0.0102292   20.1841       0.0862644    0.0632945    0.0792799   

Stress Spherical
0            0            0             0            0            0           
0            0            0             0            0            0           
0            0            0             0            0            0           

Inertia
149.993      -56.2369     -56.1809      0.258212     0.209254     0.293359    
-56.2369     149.896      -56.3081      0.209254     0.423775     0.138323    
-56.1809     -56.3081     149.921       0.293359     0.138323     0.359973    

Bond Length
0.61876102    0.0020865285

BB bond length
0.61876102    0.0020865285

Water EE distance
0             0           

PEG EE distance
6.6960307     0.29577932  

BBB P2(x)
0.51282919    0.0086487004

BBB first bond length
0.61885036    0.0020660168

BBB second bond length
0.61858901    0.0020559264

BBB <phi**2>/<phi>**2
1.2259701     0.0082377739

Time = 5000
Temperature
1.0085257     0.010602493 

Pressure
23.255287     0.063133072 

CM Mom
2.1471362e-17  1.1328123e-17 
5.5936892e-19  1.8428357e-17 
-1.5599705e-17 2.464291e-17  
3.5687651e-17  2.2500629e-17 

CM Pos
7.5001554      0.009510679   
7.4948695      0.017183972   
7.4954522      0.013363021   
12.984901      0.010740145   

Stress
20.1658      0.0122645    -0.00424405   0.118664     0.0484665    0.0392989   
0.0122645    20.2753      0.015405      0.0484665    0.0746268    0.0525453   
-0.00424405  0.015405     20.266        0.0392989    0.0525453    0.0828239   

Stress Spherical
0            0            0             0            0            0           
0            0            0             0            0            0           
0            0            0             0            0            0           

Inertia
149.797      -56.2        -56.2388      0.260615     0.155649     0.144068    
-56.2        149.878      -56.1706      0.155649     0.198094     0.184894    
-56.2388     -56.1706     149.869       0.144068     0.184894     0.286326    

Bond Length
0.61845787    0.0020359743

BB bond length
0.61845787    0.0020359743

Water EE distance
0             0           

PEG EE distance
7.0718919     0.076021516 

BBB P2(x)
0.5133173     0.010679087 

BBB first bond length
0.61836085    0.0020924187

BBB second bond length
0.61845837    0.0021096365

BBB <phi**2>/<phi>**2
1.2233776     0.0061434865

Time = 6000
Temperature
1.0096135     0.0097248362

Pressure
23.227193     0.096421379 

CM Mom
2.7625656e-17  2.2957027e-17 
-5.7172915e-19 1.3550881e-17 
-1.3383104e-17 1.6475696e-17 
4.0682137e-17  1.6421784e-17 

CM Pos
7.5026789      0.018844455   
7.492346       0.014935887   
7.4951554      0.016739027   
12.984734      0.018406576   

Stress
20.192       -0.0128833   0.00352523    0.112077     0.0516767    0.0807486   
-0.0128833   20.1895      0.0357432     0.0516767    0.106055     0.0720828   
0.00352523   0.0357432    20.2315       0.0807486    0.0720828    0.13135     

Stress Spherical
0            0            0             0            0            0           
0            0            0             0            0            0           
0            0            0             0            0            0           

Inertia
149.797      -56.2318     -56.2197      0.366911     0.241573     0.143455    
-56.2318     149.966      -56.137       0.241573     0.36869      0.215075    
-56.2197     -56.137      149.904       0.143455     0.215075     0.409789    

Bond Length
0.61800356    0.0029160801

BB bond length
0.61800356    0.0029160801

Water EE distance
0             0           

PEG EE distance
7.1325825     0.14747787  

BBB P2(x)
0.51290516    0.018041273 

BBB first bond length
0.61800212    0.0027298445

BBB second bond length
0.61807988    0.0028822203

BBB <phi**2>/<phi>**2
1.2272398     0.011176518 

Time = 7000
Temperature
1.0024083     0.0065407346

Pressure
23.237514     0.075841752 

CM Mom
3.2724387e-18  1.6724227e-17 
2.3318804e-17  1.3385608e-17 
-2.3482783e-17 1.375732e-17  
3.9037518e-17  1.5169932e-17 

CM Pos
7.4934756      0.013861594   
7.497393       0.014858973   
7.5042103      0.018788831   
12.987567      0.011085334   

Stress
20.28        -0.00112661  0.0215625     0.17416      0.0387298    0.0701498   
-0.00112661  20.2276      0.019236      0.0387298    0.117063     0.0776533   
0.0215625    0.019236     20.2011       0.0701498    0.0776533    0.0982703   

Stress Spherical
0            0            0             0            0            0           
0            0            0             0            0            0           
0            0            0             0            0            0           

Inertia
150.012      -56.1828     -56.2047      0.475797     0.0851671    0.149278    
-56.1828     149.968      -56.2679      0.0851671    0.198466     0.243251    
-56.2047     -56.2679     149.847       0.149278     0.243251     0.137336    

Bond Length
0.61974906    0.0029580729

BB bond length
0.61974906    0.0029580729

Water EE distance
0             0           

PEG EE distance
7.1398917     0.2321443   

BBB P2(x)
0.5071417     0.0093175802

BBB first bond length
0.61971209    0.0029825455

BBB second bond length
0.61973524    0.0031036061

BBB <phi**2>/<phi>**2
1.224969      0.010854322 

Time = 8000
Temperature
1.0088766     0.0062588537

Pressure
23.244794     0.099934041 

CM Mom
-3.9477465e-17 9.7338189e-18 
3.0877494e-17  1.6764974e-17 
-3.5632611e-17 2.3167484e-17 
6.656438e-17   1.6226524e-17 

CM Pos
7.4985226      0.010584192   
7.4994712      0.013445215   
7.4942647      0.013672731   
12.985926      0.010856158   

Stress
20.2127      -0.0206702   -0.0021553    0.109357     0.0577075    0.0675018   
-0.0206702   20.2805      0.0287387     0.0577075    0.153714     0.0827598   
-0.0021553   0.0287387    20.1792       0.0675018    0.0827598    0.120898    

Stress Spherical
0            0            0             0            0            0           
0            0            0             0            0            0           
0            0            0             0            0            0           

Inertia
149.877      -56.2464     -56.1745      0.303615     0.124983     0.106493    
-56.2464     149.886      -56.2179      0.124983     0.213737     0.15255     
-56.1745     -56.2179     149.94        0.106493     0.15255      0.228738    

Bond Length
0.61879548    0.0018660069

BB bond length
0.61879548    0.0018660069

Water EE distance
0             0           

PEG EE distance
7.263198      0.19333881  

BBB P2(x)
0.52330083    0.012465973 

BBB first bond length
0.61888735    0.0020379116

BBB second bond length
0.61882946    0.0019580113

BBB <phi**2>/<phi>**2
1.2324725     0.0095211263

Time = 9000
Temperature
1.0072221     0.0068276915

Pressure
23.197375     0.086172737 

CM Mom
-2.9678827e-17 2.0202704e-17 
6.5185638e-17  1.7557898e-17 
-2.2740963e-17 2.0248934e-17 
7.9114983e-17  2.2680815e-17 

CM Pos
7.5034211      0.012873384   
7.4878928      0.018170581   
7.4970851      0.017579494   
12.983709      0.015687473   

Stress
20.2436      0.00363041   0.04091       0.125822     0.0798232    0.0584414   
0.00363041   20.1818      -0.0170692    0.0798232    0.138073     0.0513904   
0.04091      -0.0170692   20.1196       0.0584414    0.0513904    0.151058    

Stress Spherical
0            0            0             0            0            0           
0            0            0             0            0            0           
0            0            0             0            0            0           

Inertia
149.736      -56.2557     -56.2394      0.311414     0.149438     0.185301    
-56.2557     150.003      -56.1514      0.149438     0.365405     0.112631    
-56.2394     -56.1514     149.85        0.185301     0.112631     0.318654    

Bond Length
0.61961798    0.0024803058

BB bond length
0.61961798    0.0024803058

Water EE distance
0             0           

PEG EE distance
7.2879105     0.13602452  

BBB P2(x)
0.50814179    0.017116587 

BBB first bond length
0.61969217    0.0023923037

BBB second bond length
0.61960021    0.0025263962

BBB <phi**2>/<phi>**2
1.2295256     0.010890047 

Time = 10000
Temperature
1.0111841     0.0078248789

Pressure
23.262744     0.092677892 

CM Mom
-2.0917349e-17 1.5998484e-17 
5.9909057e-17  1.405181e-17  
-3.136641e-17  2.1701909e-17 
7.4034041e-17  2.130307e-17  

CM Pos
7.5017883      0.0069053162  
7.4966508      0.013147749   
7.4985695      0.011445397   
12.988662      0.012596264   

Stress
20.2294      -0.0334708   -0.000526854  0.122597     0.0724541    0.0682698   
-0.0334708   20.2363      -0.00216302   0.0724541    0.111815     0.0585159   
-0.000526854 -0.00216302  20.2399       0.0682698    0.0585159    0.0761573   

Stress Spherical
0            0            0             0            0            0           
0            0            0             0            0            0           
0            0            0             0            0            0           

Inertia
149.91       -56.2401     -56.2804      0.325644     0.143862     0.0997686   
-56.2401     150.002      -56.1997      0.143862     0.202761     0.180763    
-56.2804     -56.1997     149.977       0.0997686    0.180763     0.266159    

Bond Length
0.61870946    0.0025755809

BB bond length
0.61870946    0.0025755809

Water EE distance
0             0           

PEG EE distance
7.4444853     0.12774705  

BBB P2(x)
0.51127712    0.017563374 

BBB first bond length
0.61882744    0.0026244127

BBB second bond length
0.61872417    0.0027498764

BBB <phi**2>/<phi>**2
1.226769      0.0074881674

Time = 11000
Temperature
1.0121541     0.0083885059

Pressure
23.24021      0.052215752 

CM Mom
-1.8210185e-17 1.2921718e-17 
6.2209295e-17  1.9834988e-17 
-4.3718396e-17 2.4928288e-17 
8.3123772e-17  1.9625522e-17 

CM Pos
7.5004523      0.010601873   
7.4951664      0.012617516   
7.5034681      0.016271774   
12.989863      0.018315556   

Stress
20.1559      0.0164751    -0.00264442   0.0830065    0.0866392    0.0668264   
0.0164751    20.2157      0.0321071     0.0866392    0.0927887    0.0778248   
-0.00264442  0.0321071    20.2576       0.0668264    0.0778248    0.0811842   

Stress Spherical
0            0            0             0            0            0           
0            0            0             0            0            0           
0            0            0             0            0            0           

Inertia
149.983      -56.2519     -56.2714      0.408063     0.150519     0.170974    
-56.2519     150.076      -56.2634      0.150519     0.374871     0.203143    
-56.2714     -56.2634     149.937       0.170974     0.203143     0.276686    

Bond Length
0.61798427    0.00121004  

BB bond length
0.61798427    0.00121004  

Water EE distance
0             0           

PEG EE distance
6.8901131     0.30117067  

BBB P2(x)
0.51233112    0.015674754 

BBB first bond length
0.61788349    0.0013121366

BBB second bond length
0.61778553    0.0012422562

BBB <phi**2>/<phi>**2
1.2293032     0.010952068 

Time = 12000
Temperature
1.0081063     0.0091839403

Pressure
23.228867     0.12635771  

CM Mom
-3.9925523e-17 1.6023455e-17 
5.2951348e-17  2.2821155e-17 
-4.1349628e-17 2.2246576e-17 
8.3969862e-17  1.8144227e-17 

CM Pos
7.4951084      0.015144657   
7.5011041      0.015543874   
7.4976789      0.015332635   
12.986869      0.018338512   

Stress
20.2254      0.0303166    -0.00674604   0.105818     0.0333696    0.0555796   
0.0303166    20.2027      0.00320775    0.0333696    0.150036     0.0753669   
-0.00674604  0.00320775   20.2034       0.0555796    0.0753669    0.152837    

Stress Spherical
0            0            0             0            0            0           
0            0            0             0            0            0           
0            0            0             0            0            0           

Inertia
149.954      -56.1934     -56.1719      0.355117     0.205191     0.156517    
-56.1934     149.888      -56.2633      0.205191     0.310571     0.190753    
-56.1719     -56.2633     149.93        0.156517     0.190753     0.371302    

Bond Length
0.61856193    0.0017841953

BB bond length
0.61856193    0.0017841953

Water EE distance
0             0           

PEG EE distance
7.3987155     0.1141127   

BBB P2(x)
0.50949332    0.010245109 

BBB first bond length
0.61847516    0.0018805648

BBB second bond length
0.61861799    0.0017310786

BBB <phi**2>/<phi>**2
1.2254476     0.0085607554

Time = 13000
Temperature
1.0116552     0.0076365893

Pressure
23.255567     0.051059234 

CM Mom
-7.816058e-18  1.9619252e-17 
6.2230857e-17  2.3384778e-17 
-1.0551925e-17 2.5272164e-17 
7.2167459e-17  2.018456e-17  

CM Pos
7.4959991      0.0082928121  
7.4967993      0.01079037    
7.50614        0.013163661   
12.989778      0.012823898   

Stress
20.2559      -0.0176296   -0.00145275   0.0779934    0.0822202    0.0830788   
-0.0176296   20.2098      0.0055833     0.0822202    0.124052     0.0848814   
-0.00145275  0.0055833    20.2141       0.0830788    0.0848814    0.0724936   

Stress Spherical
0            0            0             0            0            0           
0            0            0             0            0            0           
0            0            0             0            0            0           

Inertia
150.05       -56.1907     -56.2103      0.336548     0.151764     0.122828    
-56.1907     150.04       -56.281       0.151764     0.261757     0.155121    
-56.2103     -56.281      149.886       0.122828     0.155121     0.274784    

Bond Length
0.6195411     0.0030772982

BB bond length
0.6195411     0.0030772982

Water EE distance
0             0           

PEG EE distance
7.0809266     0.22828151  

BBB P2(x)
0.51567817    0.0080860757

BBB first bond length
0.61954088    0.0031299523

BBB second bond length
0.61978471    0.0033315392

BBB <phi**2>/<phi>**2
1.2238438     0.0090112833

Time = 14000
Temperature
1.0084294     0.0058663048

Pressure
23.213755     0.08616827  

CM Mom
-4.234339e-18  2.4086042e-17 
6.5130017e-17  3.0553425e-17 
-2.6966169e-17 2.2865758e-17 
7.9749705e-17  2.5758487e-17 

CM Pos
7.4976319      0.011871598   
7.5006587      0.011455981   
7.5040618      0.012504368   
12.991749      0.014183259   

Stress
20.1979      0.00354662   -0.0165025    0.110871     0.0667276    0.0658391   
0.00354662   20.1755      0.0106266     0.0667276    0.0749446    0.0620287   
-0.0165025   0.0106266    20.2099       0.0658391    0.0620287    0.139922    

Stress Spherical
0            0            0             0            0            0           
0            0            0             0            0            0           
0            0            0             0            0            0           

Inertia
150.071      -56.2698     -56.2856      0.266728     0.149097     0.130243    
-56.2698     150.019      -56.297       0.149097     0.293734     0.146124    
-56.2856     -56.297      149.97        0.130243     0.146124     0.348717    

Bond Length
0.6202631     0.0019269312

BB bond length
0.6202631     0.0019269312

Water EE distance
0             0           

PEG EE distance
7.3897201     0.17909313  

BBB P2(x)
0.51318282    0.0077161275

BBB first bond length
0.62003377    0.0019512591

BBB second bond length
0.62027683    0.0020526989

BBB <phi**2>/<phi>**2
1.2237849     0.015286458 

Time = 15000
Temperature
1.0112546     0.0071475919

Pressure
23.26012      0.093736005 

CM Mom
7.8329503e-19  2.2587213e-17 
6.6339259e-17  2.1873038e-17 
-1.3420185e-17 1.7757556e-17 
7.4161113e-17  1.963885e-17  

CM Pos
7.5099526      0.010795474   
7.5012525      0.015976595   
7.5059916      0.0091324622  
13.000323      0.012408163   

Stress
20.2435      -0.0225481   -0.0170952    0.134977     0.0668837    0.0519388   
-0.0225481   20.2326      -0.00317259   0.0668837    0.0891007    0.0710154   
-0.0170952   -0.00317259  20.221        0.0519388    0.0710154    0.131389    

Stress Spherical
0            0            0             0            0            0           
0            0            0             0            0            0           
0            0            0             0            0            0           

Inertia
150.113      -56.3625     -56.3559      0.326877     0.155775     0.150953    
-56.3625     150.235      -56.3029      0.155775     0.239424     0.141772    
-56.3559     -56.3029     150.156       0.150953     0.141772     0.252939    

Bond Length
0.61905704    0.0027586275

BB bond length
0.61905704    0.0027586275

Water EE distance
0             0           

PEG EE distance
6.993844      0.1153876   

BBB P2(x)
0.51166029    0.0095431042

BBB first bond length
0.61916007    0.0028387347

BBB second bond length
0.61899896    0.0027398074

BBB <phi**2>/<phi>**2
1.2198589     0.010219161 

Time = 16000
Temperature
1.0068838     0.0034245641

Pressure
23.201978     0.085564496 

CM Mom
1.8526606e-18  2.4135913e-17 
7.1660474e-17  2.0437894e-17 
-3.408566e-17  2.994418e-17  
8.5229311e-17  3.0550881e-17 

CM Pos
7.4937724      0.01549489    
7.5061511      0.011659027   
7.4970851      0.0091565584  
12.988668      0.012922022   

Stress
20.2172      0.0402527    0.00436828    0.0911102    0.053132     0.0635347   
0.0402527    20.1736      0.0172295     0.053132     0.135776     0.0725088   
0.00436828   0.0172295    20.171        0.0635347    0.0725088    0.105926    

Stress Spherical
0            0            0             0            0            0           
0            0            0             0            0            0           
0            0            0             0            0            0           

Inertia
150.034      -56.2378     -56.1994      0.156081     0.181551     0.178537    
-56.2378     149.856      -56.2663      0.181551     0.242825     0.123399    
-56.1994     -56.2663     149.97        0.178537     0.123399     0.334202    

Bond Length
0.61868767    0.0018175565

BB bond length
0.61868767    0.0018175565

Water EE distance
0             0           

PEG EE distance
6.9966469     0.17603277  

BBB P2(x)
0.51076156    0.012760636 

BBB first bond length
0.61893116    0.0019590068

BBB second bond length
0.61859364    0.0016799686

BBB <phi**2>/<phi>**2
1.2244168     0.0072222998

Time = 17000
Temperature
1.0114471     0.010675097 

Pressure
23.255228     0.080051103 

CM Mom
5.004079e-17   1.5975682e-17 
7.0554646e-17  2.5729994e-17 
-2.0604086e-17 2.0833546e-17 
9.4562742e-17  1.7769257e-17 

CM Pos
7.5046087      0.0093234886  
7.4988774      0.017234548   
7.5003508      0.012787515   
12.992613      0.011328206   

Stress
20.2786      0.0181289    0.0287702     0.12134      0.0938655    0.0654897   
0.0181289    20.2027      -0.005107     0.0938655    0.15598      0.0627465   
0.0287702    -0.005107    20.1993       0.0654897    0.0627465    0.0970156   

Stress Spherical
0            0            0             0            0            0           
0            0            0             0            0            0           
0            0            0             0            0            0           

Inertia
149.962      -56.3195     -56.3028      0.205722     0.228553     0.101459    
-56.3195     150.076      -56.2426      0.228553     0.144711     0.152115    
-56.3028     -56.2426     150.037       0.101459     0.152115     0.395497    

Bond Length
0.61856145    0.0021130408

BB bond length
0.61856145    0.0021130408

Water EE distance
0             0           

PEG EE distance
6.6235042     0.19129285  

BBB P2(x)
0.51479574    0.012224481 

BBB first bond length
0.61871393    0.0023113537

BBB second bond length
0.61845228    0.0020419457

BBB <phi**2>/<phi>**2
1.2232559     0.0059553591

Time = 18000
Temperature
1.0140873     0.0065897285

Pressure
23.27904      0.077987371 

CM Mom
2.6657438e-17  2.7317308e-17 
9.7335961e-17  1.9082022e-17 
-7.3480174e-18 1.4764314e-17 
1.0598805e-16  1.8269616e-17 

CM Pos
7.4979288      0.01185674    
7.4976899      0.015135197   
7.5039134      0.011771878   
12.990122      0.016053308   

Stress
20.2092      -0.00567574  -0.0090383    0.106599     0.037603     0.0677394   
-0.00567574  20.2763      0.055013      0.037603     0.114127     0.0567118   
-0.0090383   0.055013     20.2429       0.0677394    0.0567118    0.0855211   

Stress Spherical
0            0            0             0            0            0           
0            0            0             0            0            0           
0            0            0             0            0            0           

Inertia
150.027      -56.2139     -56.2795      0.352101     0.166687     0.17092     
-56.2139     150.014      -56.2413      0.166687     0.337516     0.149064    
-56.2795     -56.2413     149.909       0.17092      0.149064     0.305572    

Bond Length
0.61912196    0.0021976814

BB bond length
0.61912196    0.0021976814

Water EE distance
0             0           

PEG EE distance
7.1143198     0.14803751  

BBB P2(x)
0.51368835    0.010881269 

BBB first bond length
0.61899573    0.0019360585

BBB second bond length
0.61927729    0.002305577 

BBB <phi**2>/<phi>**2
1.2247938     0.0079777195

Time = 19000
Temperature
1.0095167     0.0049133115

Pressure
23.289974     0.096274502 

CM Mom
-1.2195218e-17 2.6379091e-17 
6.3803971e-17  1.5412314e-17 
6.0562364e-18  3.7054496e-17 
7.8339473e-17  2.0632654e-17 

CM Pos
7.5003039      0.010500587   
7.4970961      0.015804649   
7.501093       0.010944468   
12.989524      0.012721012   

Stress
20.2924      0.0242428    0.000956377   0.137734     0.0906737    0.0800666   
0.0242428    20.2192      0.0283591     0.0906737    0.100564     0.0722487   
0.000956377  0.0283591    20.2906       0.0800666    0.0722487    0.113701    

Stress Spherical
0            0            0             0            0            0           
0            0            0             0            0            0           
0            0            0             0            0            0           

Inertia
149.998      -56.2312     -56.3146      0.200331     0.181764     0.120747    
-56.2312     150.032      -56.2167      0.181764     0.228577     0.142607    
-56.3146     -56.2167     149.974       0.120747     0.142607     0.335838    

Bond Length
0.61810444    0.0026133528

BB bond length
0.61810444    0.0026133528

Water EE distance
0             0           

PEG EE distance
7.0201302     0.15600694  

BBB P2(x)
0.51349722    0.012505356 

BBB first bond length
0.6183148     0.0027500353

BBB second bond length
0.61835806    0.0026645468

BBB <phi**2>/<phi>**2
1.2299624     0.0070587282

Time = 20000
Temperature
1.0120713     0.010692571 

Pressure
23.25798      0.10122877  

CM Mom
5.5794063e-18  1.9879663e-17 
5.5933871e-17  1.0766542e-17 
2.514949e-17   5.1118183e-17 
8.0308811e-17  2.1608043e-17 

CM Pos
7.4928818      0.014302847   
7.5003618      0.012803875   
7.5018352      0.0083457849  
12.987552      0.012970373   

Stress
20.2853      0.00907659   -0.0128407    0.129417     0.0543265    0.0611973   
0.00907659   20.2371      -0.00144579   0.0543265    0.115775     0.0669321   
-0.0128407   -0.00144579  20.1609       0.0611973    0.0669321    0.110914    

Stress Spherical
0            0            0             0            0            0           
0            0            0             0            0            0           
0            0            0             0            0            0           

Inertia
150.045      -56.1721     -56.2309      0.197335     0.209864     0.135889    
-56.1721     149.905      -56.2732      0.209864     0.208801     0.0974441   
-56.2309     -56.2732     149.903       0.135889     0.0974441    0.369642    

Bond Length
0.6184729     0.0018752797

BB bond length
0.6184729     0.0018752797

Water EE distance
0             0           

PEG EE distance
7.369539      0.12987756  

BBB P2(x)
0.50750613    0.0137605   

BBB first bond length
0.61842056    0.0019379002

BBB second bond length
0.61851024    0.0020418142

BBB <phi**2>/<phi>**2
1.2298356     0.0092964749

Time = 21000
Temperature
1.0146021     0.0069109873

Pressure
23.286754     0.13004338  

CM Mom
1.73712e-17    2.9907107e-17 
5.2215365e-17  2.2024927e-17 
3.6045854e-17  1.6387427e-17 
7.3602051e-17  2.3628902e-17 

CM Pos
7.5053509      0.013210448   
7.5006587      0.016366292   
7.5006477      0.015631517   
12.994242      0.016115388   

Stress
20.2922      0.0496284    0.0211657     0.176971     0.0638033    0.0925426   
0.0496284    20.258       0.00765633    0.0638033    0.180941     0.0694849   
0.0211657    0.00765633   20.1967       0.0925426    0.0694849    0.0989387   

Stress Spherical
0            0            0             0            0            0           
0            0            0             0            0            0           
0            0            0             0            0            0           

Inertia
150.053      -56.2766     -56.2982      0.351782     0.148824     0.157572    
-56.2766     150.1        -56.2358      0.148824     0.297577     0.18428     
-56.2982     -56.2358     150.114       0.157572     0.18428      0.326799    

Bond Length
0.61821118    0.0022394776

BB bond length
0.61821118    0.0022394776

Water EE distance
0             0           

PEG EE distance
7.3229499     0.12636038  

BBB P2(x)
0.49438319    0.0099263825

BBB first bond length
0.61818759    0.0020847427

BBB second bond length
0.61844685    0.0023327571

BBB <phi**2>/<phi>**2
1.2162834     0.0072077542

Time = 22000
Temperature
1.0138923     0.0087168103

Pressure
23.348066     0.068463944 

CM Mom
1.1671899e-17  2.9858275e-17 
6.6104415e-17  1.6909078e-17 
5.2390331e-17  1.6884113e-17 
9.2523933e-17  1.2353228e-17 

CM Pos
7.5025305      0.0053294378  
7.4993228      0.01820511    
7.4905537      0.010099469   
12.986012      0.012840973   

Stress
20.2676      0.00993694   0.0448016     0.0706108    0.0591333    0.0581089   
0.00993694   20.3345      0.000515988   0.0591333    0.105886     0.0716122   
0.0448016    0.000515988  20.335        0.0581089    0.0716122    0.089897    

Stress Spherical
0            0            0             0            0            0           
0            0            0             0            0            0           
0            0            0             0            0            0           

Inertia
149.854      -56.2782     -56.171       0.384613     0.15527      0.0799727   
-56.2782     149.882      -56.189       0.15527      0.178188     0.202586    
-56.171      -56.189      150.033       0.0799727    0.202586     0.337008    

Bond Length
0.61848048    0.0017348886

BB bond length
0.61848048    0.0017348886

Water EE distance
0             0           

PEG EE distance
7.2810947     0.065905112 

BBB P2(x)
0.50279081    0.013282514 

BBB first bond length
0.61838791    0.0017659001

BBB second bond length
0.61842268    0.0019348249

BBB <phi**2>/<phi>**2
1.222281      0.011276622 

Time = 23000
Temperature
1.0111476     0.0063127098

Pressure
23.249906     0.074898682 

CM Mom
9.0210771e-18  5.3686168e-18 
1.0281511e-16  1.3214675e-17 
3.8647407e-17  1.7453436e-17 
1.1191736e-16  1.1336933e-17 

CM Pos
7.4943662      0.0081087582  
7.4959086      0.011048665   
7.4944132      0.011820445   
12.981546      0.013845865   

Stress
20.2137      -0.00819339  -0.0226891    0.0668338    0.0485612    0.0960282   
-0.00819339  20.2321      -0.0110925    0.0485612    0.12564      0.0629012   
-0.0226891   -0.0110925   20.2216       0.0960282    0.0629012    0.141252    

Stress Spherical
0            0            0             0            0            0           
0            0            0             0            0            0           
0            0            0             0            0            0           

Inertia
149.876      -56.1622     -56.148       0.350328     0.132651     0.129546    
-56.1622     149.844      -56.1534      0.132651     0.276569     0.182132    
-56.148      -56.1534     149.866       0.129546     0.182132     0.257911    

Bond Length
0.61867139    0.002883352 

BB bond length
0.61867139    0.002883352 

Water EE distance
0             0           

PEG EE distance
7.1731895     0.1191133   

BBB P2(x)
0.5034694     0.01256211  

BBB first bond length
0.61863502    0.0028054413

BBB second bond length
0.61857018    0.0029522869

BBB <phi**2>/<phi>**2
1.2244921     0.0064666147

Time = 24000
Temperature
1.0066799     0.0039347439

Pressure
23.216829     0.061732437 

CM Mom
-5.2842716e-18 1.1999225e-17 
1.0050595e-16  8.0329739e-18 
4.5278532e-17  1.6038404e-17 
1.1198564e-16  1.0221101e-17 

CM Pos
7.5035696      0.014510855   
7.497393       0.015483509   
7.5021321      0.0093753385  
12.992187      0.0073478011  

Stress
20.2181      0.00687362   -0.0255761    0.126237     0.0491548    0.0564591   
0.00687362   20.214       0.0270805     0.0491548    0.105352     0.087393    
-0.0255761   0.0270805    20.1762       0.0564591    0.087393     0.0910841   

Stress Spherical
0            0            0             0            0            0           
0            0            0             0            0            0           
0            0            0             0            0            0           

Inertia
150.005      -56.2672     -56.2914      0.25022      0.152036     0.107586    
-56.2672     150.091      -56.2572      0.152036     0.183671     0.151202    
-56.2914     -56.2572     149.993       0.107586     0.151202     0.253471    

Bond Length
0.61812555    0.0012640024

BB bond length
0.61812555    0.0012640024

Water EE distance
0             0           

PEG EE distance
7.2424014     0.08384565  

BBB P2(x)
0.5091853     0.0096646788

BBB first bond length
0.61808679    0.0014445967

BBB second bond length
0.61822641    0.0012500529

BBB <phi**2>/<phi>**2
1.2185054     0.0090966435

Time = 25000
Temperature
1.0126208     0.0084144709

Pressure
23.290084     0.099411046 

CM Mom
-1.9026784e-17 1.318386e-17  
1.085896e-16   1.5071207e-17 
5.2086819e-17  1.980954e-17  
1.2419181e-16  1.5379348e-17 

CM Pos
7.5072806      0.012455814   
7.5012525      0.0096475468  
7.5019837      0.0080432759  
12.996461      0.010579329   

Stress
20.231       0.0191912    -0.0288503    0.140215     0.059435     0.0605695   
0.0191912    20.2613      0.0238186     0.059435     0.141393     0.0484599   
-0.0288503   0.0238186    20.2824       0.0605695    0.0484599    0.106808    

Stress Spherical
0            0            0             0            0            0           
0            0            0             0            0            0           
0            0            0             0            0            0           

Inertia
150.06       -56.3556     -56.3203      0.195195     0.144449     0.130754    
-56.3556     150.134      -56.2332      0.144449     0.256978     0.112849    
-56.3203     -56.2332     150.126       0.130754     0.112849     0.246181    

Bond Length
0.61864099    0.0021046753

BB bond length
0.61864099    0.0021046753

Water EE distance
0             0           

PEG EE distance
7.0942908     0.15469401  

BBB P2(x)
0.51558213    0.011643552 

BBB first bond length
0.61850847    0.002252929 

BBB second bond length
0.6184775     0.0021753937

BBB <phi**2>/<phi>**2
1.2242144     0.0082288576

Time = 26000
Temperature
1.0129252     0.006647265 

Pressure
23.227759     0.071644204 

CM Mom
-4.1663303e-17 1.062567e-17  
1.2203554e-16  1.016252e-17  
3.5864983e-17  3.3980181e-17 
1.3798656e-16  1.5663434e-17 

CM Pos
7.5066868      0.0095384407  
7.4959086      0.018998175   
7.5003508      0.019091314   
12.992103      0.018111946   

Stress
20.1974      -0.0470384   -0.000186982  0.166596     0.0682204    0.0839517   
-0.0470384   20.1873      0.00191761    0.0682204    0.092742     0.085641    
-0.000186982 0.00191761   20.2003       0.0839517    0.085641     0.12549     

Stress Spherical
0            0            0             0            0            0           
0            0            0             0            0            0           
0            0            0             0            0            0           

Inertia
149.96       -56.3111     -56.2986      0.543044     0.153999     0.128873    
-56.3111     150.121      -56.2075      0.153999     0.219826     0.28225     
-56.2986     -56.2075     150.046       0.128873     0.28225      0.219929    

Bond Length
0.61969409    0.0012323873

BB bond length
0.61969409    0.0012323873

Water EE distance
0             0           

PEG EE distance
7.0808093     0.19419946  

BBB P2(x)
0.50846127    0.011647801 

BBB first bond length
0.6196662     0.0010151753

BBB second bond length
0.61979453    0.0011716436

BBB <phi**2>/<phi>**2
1.2272851     0.007114216 

Time = 27000
Temperature
1.0126483     0.0055939319

Pressure
23.260233     0.077128217 

CM Mom
-4.4837409e-17 2.2967947e-17 
1.4591193e-16  2.3387591e-17 
7.257568e-17   1.1383585e-17 
1.7112441e-16  2.2100742e-17 

CM Pos
7.5040149      0.01394796    
7.5011041      0.01347877    
7.5062885      0.013459139   
12.996977      0.017624518   

Stress
20.2192      -0.071186    -0.00766656   0.103711     0.0675128    0.0486634   
-0.071186    20.2354      0.0536843     0.0675128    0.11293      0.0785058   
-0.00766656  0.0536843    20.2303       0.0486634    0.0785058    0.10089     

Stress Spherical
0            0            0             0            0            0           
0            0            0             0            0            0           
0            0            0             0            0            0           

Inertia
150.116      -56.2727     -56.3567      0.358078     0.139881     0.215035    
-56.2727     150.153      -56.3124      0.139881     0.294147     0.173266    
-56.3567     -56.3124     150.064       0.215035     0.173266     0.376266    

Bond Length
0.61814822    0.0028699813

BB bond length
0.61814822    0.0028699813

Water EE distance
0             0           

PEG EE distance
7.118324      0.12932614  

BBB P2(x)
0.49946005    0.01130143  

BBB first bond length
0.61816706    0.0029728545

BBB second bond length
0.6179048     0.0026482022

BBB <phi**2>/<phi>**2
1.2198577     0.0098891364

Time = 28000
Temperature
1.0088628     0.0088242456

Pressure
23.24677      0.065703963 

CM Mom
-1.7964079e-17 3.2351699e-17 
1.5048164e-16  1.2521834e-17 
1.0354066e-16  2.4533725e-17 
1.8735832e-16  1.9755828e-17 

CM Pos
7.4995617      0.018246216   
7.5005103      0.012374171   
7.5003508      0.011894776   
12.990647      0.0071290664  

Stress
20.1999      -0.0306039   -0.0260415    0.101777     0.0540869    0.0919423   
-0.0306039   20.2494      -0.0386007    0.0540869    0.0647339    0.0432358   
-0.0260415   -0.0386007   20.2292       0.0919423    0.0432358    0.0947635   

Stress Spherical
0            0            0             0            0            0           
