Time = 1000
Temperature
   1.7086097      1.434309

Pressure
   29.316544     3.7393851

CM Mom
-3.4544926e-17 3.7659528e-17 
3.3818785e-17  4.4076493e-17 
-3.381002e-16  7.4173948e-16 
4.6825058e-16  6.715122e-16  

CM Pos
9.9985839      0.011830537   
10.001074      0.016185464   
10.001146      0.022624893   
17.320994      0.012795877   

Stress
24.2562      0.0345992    -0.000410399  0.972331     0.0819776    0.0812948   
0.0345992    24.2541      0.0391127     0.0819776    1.07688      0.09528     
-0.000410399 0.0391127    24.0689       0.0812948    0.09528      1.12039     

Stress Spherical
0            0            0             0            0            0           
0            0            0             0            0            0           
0            0            0             0            0            0           

Inertia
267.722      -100.005     -100.034      6.0838       0.232518     0.305569    
-100.005     267.615      -100.043      0.232518     6.24787      0.197959    
-100.034     -100.043     267.548       0.305569     0.197959     5.60218     

Bond Length
0.61727685    0.038135199 

BB bond length
0.61727685    0.038135199 

Water EE distance
0             0           

PEG EE distance
7.5592482     0.45917687  

BBB P2(x)
0.11078577    0.042176503 

BBB first bond length
0.61771854    0.038913061 

BBB second bond length
0.61761619    0.038416577 

BBB <phi**2>/<phi>**2
1.1304288     0.014193861 

Time = 2000
Temperature
1.0166335     0.006066468 

Pressure
26.707955     0.057999136 

CM Mom
-4.3417188e-17 2.5516696e-17 
3.4080038e-17  2.1200631e-17 
-6.5408469e-17 1.0057289e-16 
1.2080746e-16  6.2815607e-17 

CM Pos
10.002336      0.0098084772  
9.9962381      0.0085141086  
9.9927259      0.013314673   
17.315495      0.0069414066  

Stress
23.676       0.0566033    -0.0280852    0.0754364    0.0745416    0.0386849   
0.0566033    23.6671      -0.0207494    0.0745416    0.0924013    0.0479578   
-0.0280852   -0.0207494   23.6353       0.0386849    0.0479578    0.0772796   

Stress Spherical
0            0            0             0            0            0           
0            0            0             0            0            0           
0            0            0             0            0            0           

Inertia
266.876      -100.02      -99.9518      0.898758     0.126988     0.158652    
-100.02      266.986      -99.909       0.126988     0.966701     0.204293    
-99.9518     -99.909      267.04        0.158652     0.204293     0.865546    

Bond Length
0.60104049    0.00078154779

BB bond length
0.60104049    0.00078154779

Water EE distance
0             0           

PEG EE distance
6.7625909     0.13103772  

BBB P2(x)
0.078150224   0.0042698172

BBB first bond length
0.60122093    0.00086865636

BBB second bond length
0.60119295    0.00074298562

BBB <phi**2>/<phi>**2
1.1206934     0.0020014691

Time = 3000
Temperature
1.0125767     0.0053180363

Pressure
26.676692     0.051572027 

CM Mom
-6.7694697e-17 1.7304816e-17 
4.9634337e-17  1.4410008e-17 
-6.3384275e-17 2.7281171e-17 
1.0999503e-16  1.4702583e-17 

CM Pos
9.9996677      0.012061244   
9.9934868      0.0063142594  
10.00815       0.015039265   
17.321273      0.0098593074  

Stress
23.5977      0.0209546    0.000750062   0.0713553    0.0664295    0.0601192   
0.0209546    23.6365      -0.0183472    0.0664295    0.0705908    0.0690806   
0.000750062  -0.0183472   23.6869       0.0601192    0.0690806    0.100504    

Stress Spherical
0            0            0             0            0            0           
0            0            0             0            0            0           
0            0            0             0            0            0           

Inertia
266.842      -99.9322     -100.074      0.338396     0.113091     0.154241    
-99.9322     266.912      -100.01       0.113091     0.364919     0.155114    
-100.074     -100.01      266.65        0.154241     0.155114     0.26944     

Bond Length
0.60106253    0.00042974676

BB bond length
0.60106253    0.00042974676

Water EE distance
0             0           

PEG EE distance
6.3817446     0.12225878  

BBB P2(x)
0.067407529   0.0030512325

BBB first bond length
0.60120254    0.0003956402

BBB second bond length
0.60124955    0.00041566532

BBB <phi**2>/<phi>**2
1.1177108     0.0015082822

Time = 4000
Temperature
1.0120604     0.0035120436

Pressure
26.685932     0.0937538   

CM Mom
-5.673689e-17  1.4974167e-17 
5.91781e-17    1.1115524e-17 
-5.8137107e-17 3.0001676e-17 
1.0502622e-16  1.78443e-17   

CM Pos
9.9974167      0.0081958936  
9.9992395      0.0095280947  
9.9989788      0.0052331835  
17.317992      0.0055495601  

Stress
23.674       -0.0117253   0.00700724    0.0980406    0.0554865    0.0730062   
-0.0117253   23.6304      0.00117301    0.0554865    0.0999542    0.0513908   
0.00700724   0.00117301   23.649        0.0730062    0.0513908    0.121413    

Stress Spherical
0            0            0             0            0            0           
0            0            0             0            0            0           
0            0            0             0            0            0           

Inertia
266.728      -99.992      -99.9458      0.143574     0.166599     0.0964327   
-99.992      266.625      -100.004      0.166599     0.181058     0.0629625   
-99.9458     -100.004     266.651       0.0964327    0.0629625    0.247142    

Bond Length
0.60127547    0.00063349605

BB bond length
0.60127547    0.00063349605

Water EE distance
0             0           

PEG EE distance
6.0599732     0.086673195 

BBB P2(x)
0.063685752   0.0033980437

BBB first bond length
0.60138756    0.00063913434

BBB second bond length
0.60138171    0.00061502094

BBB <phi**2>/<phi>**2
1.11601       0.0010828807

Time = 5000
Temperature
1.0125855     0.0046679645

Pressure
26.69555      0.072488802 

CM Mom
-6.9680391e-17 2.3689138e-17 
5.6583875e-17  1.8143744e-17 
-5.6606495e-17 1.5432644e-17 
1.0926994e-16  2.1213304e-17 

CM Pos
10.002002      0.012519342   
10.006576      0.013801705   
10.006232      0.0082706086  
17.329069      0.0087949596  

Stress
23.6835      0.00315067   0.0337776     0.0948006    0.0611951    0.0663876   
0.00315067   23.6449      -0.00672145   0.0611951    0.120372     0.0402682   
0.0337776    -0.00672145  23.6492       0.0663876    0.0402682    0.0859181   

Stress Spherical
0            0            0             0            0            0           
0            0            0             0            0            0           
0            0            0             0            0            0           

Inertia
266.949      -100.122     -100.06       0.217211     0.199822     0.200958    
-100.122     266.853      -100.066      0.199822     0.306468     0.116765    
-100.06      -100.066     266.838       0.200958     0.116765     0.300084    

Bond Length
0.60126311    0.00053077343

BB bond length
0.60126311    0.00053077343

Water EE distance
0             0           

PEG EE distance
5.8252224     0.068972964 

BBB P2(x)
0.0620663     0.0036965731

BBB first bond length
0.60135521    0.00055033609

BBB second bond length
0.60142338    0.00052305033

BBB <phi**2>/<phi>**2
1.1153306     0.0017578348

Time = 6000
Temperature
1.0111251     0.0041597831

Pressure
26.694898     0.076310604 

CM Mom
-7.4925592e-17 1.2905336e-17 
7.5175506e-17  3.9824838e-17 
-7.0973468e-17 1.2134212e-17 
1.3156904e-16  2.9863451e-17 

CM Pos
9.9963328      0.010776881   
10.003742      0.0091363194  
9.9948936      0.012596831   
17.317613      0.0078799332  

Stress
23.6789      -0.00347269  -0.0402785    0.118606     0.0377847    0.0530294   
-0.00347269  23.6733      0.0178344     0.0377847    0.117997     0.0491184   
-0.0402785   0.0178344    23.6366       0.0530294    0.0491184    0.0545656   

Stress Spherical
0            0            0             0            0            0           
0            0            0             0            0            0           
0            0            0             0            0            0           

Inertia
266.666      -99.9721     -99.9332      0.17248      0.169595     0.176682    
-99.9721     266.554      -99.9677      0.169595     0.292441     0.149534    
-99.9332     -99.9677     266.676       0.176682     0.149534     0.307229    

Bond Length
0.60092865    0.00040930802

BB bond length
0.60092865    0.00040930802

Water EE distance
0             0           

PEG EE distance
5.6497103     0.042102739 

BBB P2(x)
0.059114352   0.0033561127

BBB first bond length
0.60102167    0.00041222827

BBB second bond length
0.60107106    0.00048890701

BBB <phi**2>/<phi>**2
1.1143727     0.0014545568

Time = 7000
Temperature
1.0147237     0.0029760721

Pressure
26.709673     0.054454661 

CM Mom
-9.8415956e-17 1.5302817e-17 
5.7599328e-17  6.9723381e-18 
-8.0817794e-17 3.4241831e-17 
1.4331401e-16  2.1243515e-17 

CM Pos
10.002002      0.0073768508  
10.000907      0.013845953   
10.004148      0.010504815   
17.324591      0.0068313095  

Stress
23.6529      0.0491524    -0.00560583   0.112829     0.0479057    0.0437199   
0.0491524    23.6789      -0.0372251    0.0479057    0.0863395    0.0566982   
-0.00560583  -0.0372251   23.6689       0.0437199    0.0566982    0.065986    

Stress Spherical
0            0            0             0            0            0           
0            0            0             0            0            0           
0            0            0             0            0            0           

Inertia
266.777      -100.083     -100.071      0.203762     0.182078     0.132033    
-100.083     266.813      -99.9817      0.182078     0.26634      0.0787956   
-100.071     -99.9817     266.721       0.132033     0.0787956    0.278606    

Bond Length
0.60127258    0.00068558642

BB bond length
0.60127258    0.00068558642

Water EE distance
0             0           

PEG EE distance
5.4763644     0.045193812 

BBB P2(x)
0.05662072    0.0028338864

BBB first bond length
0.60152491    0.00073620379

BBB second bond length
0.60140905    0.00070948228

BBB <phi**2>/<phi>**2
1.1141145     0.0010546783

Time = 8000
Temperature
1.0133848     0.0063489532

Pressure
26.704753     0.054853816 

CM Mom
-8.4621184e-17 2.5456161e-17 
5.7179853e-17  3.316749e-17  
-9.7028466e-17 2.2668776e-17 
1.4754412e-16  1.8371395e-17 

CM Pos
9.9927479      0.0091389818  
9.9919861      0.0090794637  
9.9999792      0.0075293322  
17.311687      0.0096173049  

Stress
23.6709      -0.0282269   0.0196945     0.105197     0.0491449    0.0233024   
-0.0282269   23.6489      -0.00906087   0.0491449    0.0886617    0.056291    
0.0196945    -0.00906087  23.6781       0.0233024    0.056291     0.0609901   

Stress Spherical
0            0            0             0            0            0           
0            0            0             0            0            0           
0            0            0             0            0            0           

Inertia
266.509      -99.9019     -99.9111      0.325684     0.131445     0.13229     
-99.9019     266.555      -99.9033      0.131445     0.241231     0.166584    
-99.9111     -99.9033     266.334       0.13229      0.166584     0.276394    

Bond Length
0.60089037    0.00044937288

BB bond length
0.60089037    0.00044937288

Water EE distance
0             0           

PEG EE distance
5.4127303     0.026514883 

BBB P2(x)
0.056894367   0.002857765 

BBB first bond length
0.6010008     0.00042564124

BBB second bond length
0.6009835     0.00047569519

BBB <phi**2>/<phi>**2
1.1139805     0.0012769188

Time = 9000
Temperature
1.0112118     0.0050799814

Pressure
26.714732     0.076773213 

CM Mom
-5.933126e-17  1.5010892e-17 
7.0535076e-17  2.352796e-17  
-9.7508974e-17 1.1955697e-17 
1.3684116e-16  1.413232e-17  

CM Pos
9.9965829      0.011821133   
9.9925697      0.0059311106  
9.9985619      0.0062417398  
17.313418      0.011816317   

Stress
23.6807      0.0367954    0.010057      0.104256     0.0706107    0.075794    
0.0367954    23.6706      0.0100063     0.0706107    0.0719806    0.0719736   
0.010057     0.0100063    23.6962       0.075794     0.0719736    0.106942    

Stress Spherical
0            0            0             0            0            0           
0            0            0             0            0            0           
0            0            0             0            0            0           

Inertia
266.499      -99.8617     -99.9824      0.197936     0.175511     0.191909    
-99.8617     266.627      -99.9418      0.175511     0.310392     0.100675    
-99.9824     -99.9418     266.426       0.191909     0.100675     0.21852     

Bond Length
0.60096469    0.00057060549

BB bond length
0.60096469    0.00057060549

Water EE distance
0             0           

PEG EE distance
5.3190495     0.03017159  

BBB P2(x)
0.057846544   0.0032448835

BBB first bond length
0.60107376    0.00061182189

BBB second bond length
0.60112254    0.00059719883

BBB <phi**2>/<phi>**2
1.1145223     0.0015944143

Time = 10000
Temperature
1.0137595     0.0059020729

Pressure
26.700971     0.029657381 

CM Mom
-6.5612566e-17 1.988137e-17  
8.2743555e-17  1.6862443e-17 
-9.1910305e-17 1.4265185e-17 
1.424157e-16   1.4137992e-17 

CM Pos
9.9940818      0.0077153597  
9.9999898      0.0051824654  
10.004231      0.010285832   
17.319534      0.0067645128  

Stress
23.6588      0.0239775    -9.39513e-05  0.0905521    0.0684823    0.0403679   
0.0239775    23.6169      -0.000858412  0.0684823    0.0470769    0.0640465   
-9.39513e-05 -0.000858412 23.7076       0.0403679    0.0640465    0.0807712   

Stress Spherical
0            0            0             0            0            0           
0            0            0             0            0            0           
0            0            0             0            0            0           

Inertia
266.774      -99.9582     -99.985       0.178896     0.0517194    0.119934    
-99.9582     266.66       -100.037      0.0517194    0.259899     0.0771914   
-99.985      -100.037     266.574       0.119934     0.0771914    0.157335    

Bond Length
0.6009549     0.00040570321

BB bond length
0.6009549     0.00040570321

Water EE distance
0             0           

PEG EE distance
5.2565337     0.044994518 

BBB P2(x)
0.057164995   0.0044127215

BBB first bond length
0.60108196    0.00045072031

BBB second bond length
0.60115091    0.00046552333

BBB <phi**2>/<phi>**2
1.114281      0.0017710838

Time = 11000
Temperature
1.0093792     0.0067850727

Pressure
26.683164     0.070137756 

CM Mom
-7.1876285e-17 1.8470125e-17 
9.447572e-17   8.2813088e-18 
-9.0993141e-17 1.5838649e-17 
1.5111885e-16  1.3974784e-17 

CM Pos
10.001752      0.0060143195  
9.998239       0.0097244965  
9.9996457      0.012454492   
17.320303      0.01155618    

Stress
23.6265      0.00582151   0.00888953    0.0766849    0.0416164    0.0487093   
0.00582151   23.654       -0.0131955    0.0416164    0.0974418    0.065418    
0.00888953   -0.0131955   23.6887       0.0487093    0.065418     0.0827903   

Stress Spherical
0            0            0             0            0            0           
0            0            0             0            0            0           
0            0            0             0            0            0           

Inertia
266.592      -99.9714     -100.001      0.380471     0.105351     0.161953    
-99.9714     266.656      -99.9903      0.105351     0.275164     0.20089     
-100.001     -99.9903     266.614       0.161953     0.20089      0.22036     

Bond Length
0.60071619    0.00053598147

BB bond length
0.60071619    0.00053598147

Water EE distance
0             0           

PEG EE distance
5.1509919     0.020129615 

BBB P2(x)
0.058649272   0.0021101229

BBB first bond length
0.60081171    0.00057775799

BBB second bond length
0.6008613     0.00058081995

BBB <phi**2>/<phi>**2
1.1139873     0.00099543142

Time = 12000
Temperature
1.0145716     0.0051868711

Pressure
26.74734      0.07464698  

CM Mom
-6.7771667e-17 1.0098264e-17 
9.6784799e-17  1.4758517e-17 
-1.1311476e-16 1.5909012e-17 
1.645363e-16   1.5998017e-17 

CM Pos
10.000585      0.010733904   
10.004492      0.0075771847  
9.9938931      0.0098183933  
17.31992       0.00932152    

Stress
23.7122      -0.0185063   0.0256621     0.104506     0.0593653    0.0640158   
-0.0185063   23.6828      0.0269208     0.0593653    0.0635729    0.0282986   
0.0256621    0.0269208    23.7201       0.0640158    0.0282986    0.107791    

Stress Spherical
0            0            0             0            0            0           
0            0            0             0            0            0           
0            0            0             0            0            0           

Inertia
266.627      -100.078     -99.9164      0.284709     0.147006     0.167752    
-100.078     266.512      -99.9865      0.147006     0.258845     0.119069    
-99.9164     -99.9865     266.744       0.167752     0.119069     0.307494    

Bond Length
0.60069304    0.00031967224

BB bond length
0.60069304    0.00031967224

Water EE distance
0             0           

PEG EE distance
5.0788273     0.04685913  

BBB P2(x)
0.055559168   0.0028992649

BBB first bond length
0.60088967    0.00034968635

BBB second bond length
0.60084755    0.00032235531

BBB <phi**2>/<phi>**2
1.1135054     0.001257573 

Time = 13000
Temperature
1.0104517     0.0041692909

Pressure
26.679483     0.066576272 

CM Mom
-6.8842829e-17 1.8787162e-17 
7.9568336e-17  1.3910695e-17 
-1.2298674e-16 2.3429821e-17 
1.6375888e-16  2.178633e-17  

CM Pos
9.9976668      0.0081521002  
10.003241      0.0066514611  
9.9968111      0.010960743   
17.319196      0.0094493751  

Stress
23.6584      0.0240583    0.00131687    0.0590801    0.0483195    0.0599218   
0.0240583    23.6337      0.0131446     0.0483195    0.114705     0.0538264   
0.00131687   0.0131446    23.6564       0.0599218    0.0538264    0.0923644   

Stress Spherical
0            0            0             0            0            0           
0            0            0             0            0            0           
0            0            0             0            0            0           

Inertia
266.647      -100.003     -99.9379      0.274546     0.12018      0.131867    
-100.003     266.533      -100.017      0.12018      0.230848     0.18675     
-99.9379     -100.017     266.661       0.131867     0.18675      0.207737    

Bond Length
0.60117585    0.00052164345

BB bond length
0.60117585    0.00052164345

Water EE distance
0             0           

PEG EE distance
4.9935381     0.033800733 

BBB P2(x)
0.055028254   0.0036535916

BBB first bond length
0.6013619     0.00056763342

BBB second bond length
0.60133298    0.00055226548

BBB <phi**2>/<phi>**2
1.1135838     0.00067190833

Time = 14000
Temperature
1.0090447     0.0053259875

Pressure
26.726797     0.062599169 

CM Mom
-6.7536099e-17 1.7475218e-17 
6.511129e-17   2.0768836e-17 
-1.3972836e-16 2.9906743e-17 
1.7117841e-16  2.5567846e-17 

CM Pos
9.9990841      0.0084300135  
10.001657      0.01145684    
9.9993122      0.010293601   
17.320546      0.0093139061  

Stress
23.7062      0.0384026    0.0170356     0.0747236    0.0706986    0.0676976   
0.0384026    23.6816      -0.0329145    0.0706986    0.0697555    0.0570105   
0.0170356    -0.0329145   23.7153       0.0676976    0.0570105    0.118374    

Stress Spherical
0            0            0             0            0            0           
0            0            0             0            0            0           
0            0            0             0            0            0           

Inertia
266.701      -100.023     -100.014      0.31521      0.125284     0.126522    
-100.023     266.657      -100.032      0.125284     0.228288     0.12085     
-100.014     -100.032     266.705       0.126522     0.12085      0.244641    

Bond Length
0.60078162    0.00050157679

BB bond length
0.60078162    0.00050157679

Water EE distance
0             0           

PEG EE distance
4.9641199     0.038336589 

BBB P2(x)
0.056225159   0.004647004 

BBB first bond length
0.60095242    0.00049177209

BBB second bond length
0.60091051    0.00052188062

BBB <phi**2>/<phi>**2
1.1141458     0.0016180795

Time = 15000
Temperature
1.0128782     0.0058930509

Pressure
26.710433     0.059637641 

CM Mom
-9.3685625e-17 2.1322915e-17 
7.2256595e-17  1.2840239e-17 
-1.3338898e-16 1.5868071e-17 
1.7997385e-16  1.6473561e-17 

CM Pos
10.002836      0.0086517814  
10.000907      0.01200695    
10.0084        0.0028161817  
17.327523      0.0095254383  

Stress
23.722       0.0138063    -0.0403318    0.0881989    0.0639822    0.053137    
0.0138063    23.6312      -0.030437     0.0639822    0.0760847    0.054302    
-0.0403318   -0.030437    23.6663       0.053137     0.054302     0.0757102   

Stress Spherical
0            0            0             0            0            0           
0            0            0             0            0            0           
0            0            0             0            0            0           

Inertia
266.835      -100.045     -100.11       0.233572     0.180616     0.120725    
-100.045     266.907      -100.103      0.180616     0.17619      0.120999    
-100.11      -100.103     266.746       0.120725     0.120999     0.345107    

Bond Length
0.60087809    0.0004447187

BB bond length
0.60087809    0.0004447187

Water EE distance
0             0           

PEG EE distance
5.0806874     0.027216488 

BBB P2(x)
0.052556932   0.0028159994

BBB first bond length
0.60106675    0.0004490187

BBB second bond length
0.60095046    0.00045089309

BBB <phi**2>/<phi>**2
1.1122926     0.0014652954

Time = 16000
Temperature
1.0108507     0.0047990481

Pressure
26.702166     0.054278111 

CM Mom
-1.0403314e-16 2.0284198e-17 
9.3148424e-17  2.1891299e-17 
-1.2245289e-16 2.1731508e-17 
1.8691373e-16  3.033854e-17  

CM Pos
10.00567       0.014688779   
9.9965716      0.010547407   
9.9924758      0.0091541805  
17.31747       0.009874381   

Stress
23.6764      0.0344952    0.00780046    0.0849902    0.0602769    0.0555889   
0.0344952    23.6598      -0.00326355   0.0602769    0.096103     0.0692071   
0.00780046   -0.00326355  23.6768       0.0555889    0.0692071    0.126274    

Stress Spherical
0            0            0             0            0            0           
0            0            0             0            0            0           
0            0            0             0            0            0           

Inertia
266.429      -100.035     -100          0.210539     0.153201     0.192649    
-100.035     266.651      -99.8873      0.153201     0.376915     0.144315    
-100         -99.8873     266.718       0.192649     0.144315     0.29028     

Bond Length
0.6009656     0.00030717104

BB bond length
0.6009656     0.00030717104

Water EE distance
0             0           

PEG EE distance
5.0411083     0.039532674 

BBB P2(x)
0.053637537   0.0033793249

BBB first bond length
0.60110814    0.00034513405

BBB second bond length
0.60102778    0.00033713327

BBB <phi**2>/<phi>**2
1.1127903     0.0014178791

Time = 17000
Temperature
1.0132034     0.0034224542

Pressure
26.732392     0.056653252 

CM Mom
-1.0591698e-16 1.2237363e-17 
9.4545228e-17  1.3518891e-17 
-1.1883989e-16 1.3948063e-17 
1.8612738e-16  1.2797932e-17 

CM Pos
9.9963328      0.013471407   
9.9986559      0.011467755   
9.9917254      0.011808484   
17.312845      0.014901407   

Stress
23.7042      -9.37956e-05 -0.0129967    0.0823061    0.0753119    0.033396    
-9.37956e-05 23.6519      0.00537663    0.0753119    0.0474211    0.0635728   
-0.0129967   0.00537663   23.7264       0.033396     0.0635728    0.104532    

Stress Spherical
0            0            0             0            0            0           
0            0            0             0            0            0           
0            0            0             0            0            0           

Inertia
266.457      -99.9104     -99.8918      0.319239     0.18763      0.242007    
-99.9104     266.402      -99.9423      0.18763      0.471018     0.156168    
-99.8918     -99.9423     266.554       0.242007     0.156168     0.352773    

Bond Length
0.60110359    0.00022148917

BB bond length
0.60110359    0.00022148917

Water EE distance
0             0           

PEG EE distance
5.0596429     0.022268332 

BBB P2(x)
0.05352603    0.0049871435

BBB first bond length
0.60127405    0.00022955999

BBB second bond length
0.60126065    0.00022426234

BBB <phi**2>/<phi>**2
1.1124847     0.0017878666

Time = 18000
Temperature
1.0120619     0.0035298852

Pressure
26.683488     0.04947339  

CM Mom
-9.9358111e-17 1.6691996e-17 
9.3719295e-17  2.0480646e-17 
-9.7907796e-17 1.7179235e-17 
1.7085556e-16  6.5468777e-18 

CM Pos
10.000335      0.011591044   
10.006743      0.0092617494  
10.007483      0.0075661687  
17.328921      0.0091549402  

Stress
23.6451      0.00229998   -0.0169083    0.07188      0.0758545    0.0518526   
0.00229998   23.6432      0.000939766   0.0758545    0.0961993    0.0619699   
-0.0169083   0.000939766  23.6577       0.0518526    0.0619699    0.10898     

Stress Spherical
0            0            0             0            0            0           
0            0            0             0            0            0           
0            0            0             0            0            0           

Inertia
266.935      -100.072     -100.09       0.288131     0.155442     0.150118    
-100.072     266.76       -100.184      0.155442     0.26542      0.170074    
-100.09      -100.184     266.811       0.150118     0.170074     0.275701    

Bond Length
0.60106132    0.00033650628

BB bond length
0.60106132    0.00033650628

Water EE distance
0             0           

PEG EE distance
5.0104272     0.038640475 

BBB P2(x)
0.053511352   0.0040853758

BBB first bond length
0.60117048    0.00033598434

BBB second bond length
0.60118387    0.00037903562

BBB <phi**2>/<phi>**2
1.1138552     0.0016037136

Time = 19000
Temperature
1.0108584     0.0056472659

Pressure
26.699432     0.07072761  

CM Mom
-9.506571e-17  2.4380411e-17 
9.3274539e-17  1.413086e-17  
-7.1044971e-17 1.8013517e-17 
1.5341922e-16  1.9134601e-17 

CM Pos
9.9985005      0.011235379   
10.005993      0.0070625098  
10.004565      0.010670581   
17.325743      0.011897856   

Stress
23.6572      -0.00816884  -0.0296846    0.0713509    0.0506908    0.0478918   
-0.00816884  23.6342      -0.0477058    0.0506908    0.088039     0.0490558   
-0.0296846   -0.0477058   23.7133       0.0478918    0.0490558    0.123522    

Stress Spherical
0            0            0             0            0            0           
0            0            0             0            0            0           
0            0            0             0            0            0           

Inertia
266.903      -100.026     -100.043      0.327372     0.189467     0.177399    
-100.026     266.705      -100.083      0.189467     0.323757     0.149606    
-100.043     -100.083     266.766       0.177399     0.149606     0.253625    

Bond Length
0.60099461    0.00036285403

BB bond length
0.60099461    0.00036285403

Water EE distance
0             0           

PEG EE distance
4.9963064     0.025902217 

BBB P2(x)
0.051881883   0.0042582223

BBB first bond length
0.60110715    0.00044106382

BBB second bond length
0.60119421    0.00042654098

BBB <phi**2>/<phi>**2
1.1123982     0.0013273864

Time = 20000
Temperature
1.012155      0.0029154054

Pressure
26.723547     0.048848661 

CM Mom
-7.6478534e-17 1.4102689e-17 
1.0107014e-16  1.2017659e-17 
-1.0287352e-16 2.4807811e-17 
1.6500131e-16  1.9504047e-17 

CM Pos
10.00542       0.010735199   
9.9988226      0.0071017681  
10.003981      0.0089406022  
17.325261      0.010108651   

Stress
23.6415      -0.0278942   -0.0594542    0.0977499    0.0470046    0.0349107   
-0.0278942   23.7003      0.00715206    0.0470046    0.0746403    0.0738389   
-0.0594542   0.00715206   23.7235       0.0349107    0.0738389    0.0547969   

Stress Spherical
0            0            0             0            0            0           
0            0            0             0            0            0           
0            0            0             0            0            0           

Inertia
266.738      -100.074     -100.089      0.181482     0.161022     0.204752    
-100.074     266.839      -100.014      0.161022     0.288028     0.136099    
-100.089     -100.014     266.746       0.204752     0.136099     0.34715     

Bond Length
0.60112168    0.00087207659

BB bond length
0.60112168    0.00087207659

Water EE distance
0             0           

PEG EE distance
5.0204113     0.038531769 

BBB P2(x)
0.054054063   0.0024633778

BBB first bond length
0.60131526    0.00087879431

BBB second bond length
0.60127869    0.0008821081

BBB <phi**2>/<phi>**2
1.1135054     0.0017546694

Time = 21000
Temperature
1.0120412     0.0052775251

Pressure
26.715066     0.068062067 

CM Mom
-5.4968281e-17 1.9140891e-17 
1.0917664e-16  2.4081228e-17 
-9.8825538e-17 2.3701153e-17 
1.613003e-16   1.4063203e-17 

CM Pos
10.00492       0.0095728543  
10.005993      0.010003196   
9.9991455      0.0090779324  
17.326323      0.0059805461  

Stress
23.7041      0.0101545    -0.0110095    0.0892166    0.0546505    0.0419167   
0.0101545    23.6957      -0.0281044    0.0546505    0.0684159    0.0285807   
-0.0110095   -0.0281044   23.6411       0.0419167    0.0285807    0.0829149   

Stress Spherical
0            0            0             0            0            0           
0            0            0             0            0            0           
0            0            0             0            0            0           

Inertia
266.814      -100.111     -100.038      0.204929     0.115319     0.157143    
-100.111     266.779      -100.035      0.115319     0.298322     0.134859    
-100.038     -100.035     266.893       0.157143     0.134859     0.127764    

Bond Length
0.60108202    0.00038182621

BB bond length
0.60108202    0.00038182621

Water EE distance
0             0           

PEG EE distance
4.9603804     0.021695211 

BBB P2(x)
0.048784587   0.0026676992

BBB first bond length
0.60119767    0.00038789303

BBB second bond length
0.60127329    0.00033900812

BBB <phi**2>/<phi>**2
1.1116404     0.0014942959

Time = 22000
Temperature
1.0107472     0.0038862263

Pressure
26.694132     0.044670416 

CM Mom
-7.1634585e-17 1.4033008e-17 
1.2918971e-16  1.0706854e-17 
-8.7407906e-17 1.7697567e-17 
1.7258907e-16  1.7303637e-17 

CM Pos
9.9989173      0.010740378   
9.9986559      0.0069554058  
9.9998125      0.0087361287  
17.319004      0.0079341654  

Stress
23.6622      0.0265854    -0.0149781    0.0643263    0.0300052    0.0383004   
0.0265854    23.6414      -0.0144521    0.0300052    0.114775     0.0474673   
-0.0149781   -0.0144521   23.6862       0.0383004    0.0474673    0.0892913   

Stress Spherical
0            0            0             0            0            0           
0            0            0             0            0            0           
0            0            0             0            0            0           

Inertia
266.706      -99.991      -99.9956      0.233529     0.149784     0.0979311   
-99.991      266.669      -99.9968      0.149784     0.200929     0.125356    
-99.9956     -99.9968     266.658       0.0979311    0.125356     0.316687    

Bond Length
0.60121028    0.00038354082

BB bond length
0.60121028    0.00038354082

Water EE distance
0             0           

PEG EE distance
4.890568      0.038334315 

BBB P2(x)
0.050291053   0.0036334345

BBB first bond length
0.60135722    0.00042144851

BBB second bond length
0.60127843    0.00041632728

BBB <phi**2>/<phi>**2
1.1118148     0.0012252645

Time = 23000
Temperature
1.011663      0.0058704259

Pressure
26.708012     0.063139223 

CM Mom
-9.3190655e-17 1.5306293e-17 
1.4010138e-16  3.3730698e-17 
-1.3737488e-16 1.8630106e-17 
2.1963575e-16  2.5768513e-17 

CM Pos
10.004753      0.010888209   
9.9950709      0.011820251   
9.9968111      0.009851963   
17.318572      0.013041297   

Stress
23.6884      0.00369731   -0.00682111   0.10275      0.0513499    0.0367408   
0.00369731   23.656       0.00491437    0.0513499    0.130591     0.057827    
-0.00682111  0.00491437   23.6788       0.0367408    0.057827     0.0774978   

Stress Spherical
0            0            0             0            0            0           
0            0            0             0            0            0           
0            0            0             0            0            0           

Inertia
266.508      -99.997      -100.024      0.334426     0.155914     0.196083    
-99.997      266.694      -99.9332      0.155914     0.415773     0.233665    
-100.024     -99.9332     266.676       0.196083     0.233665     0.389396    

Bond Length
0.60081854    0.00082228543

BB bond length
0.60081854    0.00082228543

Water EE distance
0             0           

PEG EE distance
4.9250281     0.021421705 

BBB P2(x)
0.052413615   0.0047540214

BBB first bond length
0.60096679    0.00078115771

BBB second bond length
0.60089796    0.00088530607

BBB <phi**2>/<phi>**2
1.1125219     0.0020432071

Time = 24000
Temperature
1.0104432     0.0035488175

Pressure
26.694543     0.056962941 

CM Mom
-7.8346415e-17 1.4994767e-17 
1.290157e-16   1.8385362e-17 
-1.3248173e-16 1.3470353e-17 
2.0207151e-16  1.5685704e-17 

CM Pos
10.000668      0.0075224053  
9.9994062      0.0081555101  
9.9982284      0.019881798   
17.319538      0.01407535    

Stress
23.6343      -0.00398041  0.0092853     0.104581     0.0871596    0.0513385   
-0.00398041  23.6877      0.00755453    0.0871596    0.0967453    0.0494719   
0.0092853    0.00755453   23.6717       0.0513385    0.0494719    0.0643232   

Stress Spherical
0            0            0             0            0            0           
0            0            0             0            0            0           
0            0            0             0            0            0           

Inertia
266.614      -99.995      -100.004      0.494789     0.173189     0.215188    
-99.995      266.687      -99.9762      0.173189     0.379312     0.244071    
-100.004     -99.9762     266.706       0.215188     0.244071     0.274642    

Bond Length
0.60077275    0.00043004173

BB bond length
0.60077275    0.00043004173

Water EE distance
0             0           

PEG EE distance
4.9426254     0.026430586 

BBB P2(x)
0.050843149   0.003741696 

BBB first bond length
0.60090331    0.00050001247

BBB second bond length
0.6009307     0.00042968366

BBB <phi**2>/<phi>**2
1.1128503     0.0012411542

Time = 25000
Temperature
1.0101326     0.0043403299

Pressure
26.68785      0.037330215 

CM Mom
-7.0763354e-17 2.5238662e-17 
1.5190372e-16  1.8065178e-17 
-1.5295013e-16 1.498347e-17  
2.2909977e-16  1.3306866e-17 

CM Pos
9.9992508      0.0072028383  
10.001324      0.011947465   
10.000313      0.0084382548  
17.321026      0.0087071933  

Stress
23.6258      0.00730905   -0.0085131    0.0758828    0.0492703    0.0893059   
0.00730905   23.702       -0.0429928    0.0492703    0.0822553    0.073714    
-0.0085131   -0.0429928   23.6487       0.0893059    0.073714     0.0752734   

Stress Spherical
0            0            0             0            0            0           
0            0            0             0            0            0           
0            0            0             0            0            0           

Inertia
266.739      -99.9713     -99.9901      0.372818     0.142117     0.108653    
-99.9713     266.708      -100.018      0.142117     0.157419     0.1808      
-99.9901     -100.018     266.748       0.108653     0.1808       0.260222    

Bond Length
0.60095989    0.0006324197

BB bond length
0.60095989    0.0006324197

Water EE distance
0             0           

PEG EE distance
4.8952721     0.014448798 

BBB P2(x)
0.048872629   0.0030146204

BBB first bond length
0.60111542    0.00065526347

BBB second bond length
0.60110243    0.00067135214

BBB <phi**2>/<phi>**2
1.111538      0.0015334147

Time = 26000
Temperature
1.0113365     0.0058837773

Pressure
26.66601      0.070440433 

CM Mom
-9.1728452e-17 2.973823e-17  
1.438811e-16   2.9281858e-17 
-1.7433612e-16 1.7622729e-17 
2.4742213e-16  1.8536512e-17 

CM Pos
9.9939984      0.0094180329  
10.004075      0.0055709413  
9.9996457      0.0073895602  
17.319196      0.0067101031  

Stress
23.6045      0.0128127    -0.0155496    0.112882     0.0606201    0.0472484   
0.0128127    23.6632      -0.0240806    0.0606201    0.0913271    0.0510562   
-0.0155496   -0.0240806   23.6324       0.0472484    0.0510562    0.0704948   

Stress Spherical
0            0            0             0            0            0           
0            0            0             0            0            0           
0            0            0             0            0            0           

Inertia
266.752      -99.9454     -99.9129      0.127554     0.128374     0.130634    
-99.9454     266.555      -100.034      0.128374     0.235328     0.104058    
-99.9129     -100.034     266.672       0.130634     0.104058     0.214067    

Bond Length
0.60120959    0.0005470466

BB bond length
0.60120959    0.0005470466

Water EE distance
0             0           

PEG EE distance
4.9510336     0.045353384 

BBB P2(x)
0.050652914   0.0033285143

BBB first bond length
0.60129116    0.00057710451

BBB second bond length
0.60137224    0.00052068963

BBB <phi**2>/<phi>**2
1.1122021     0.0013605787

Time = 27000
Temperature
1.0134061     0.0048754363

Pressure
26.692758     0.05334403  

CM Mom
-1.0505165e-16 1.8690812e-17 
1.3164617e-16  1.7032838e-17 
-1.5629435e-16 2.754645e-17  
2.3198147e-16  1.9425634e-17 

CM Pos
10.002169      0.011506784   
9.9969884      0.0079793146  
9.998812       0.010297652   
17.319342      0.010530013   

Stress
23.6527      0.0413928    0.00823322    0.0815381    0.0567094    0.0513966   
0.0413928    23.6916      -0.00424882   0.0567094    0.112323     0.0629822   
0.00823322   -0.00424882  23.6175       0.0513966    0.0629822    0.0843467   

Stress Spherical
0            0            0             0            0            0           
0            0            0             0            0            0           
0            0            0             0            0            0           

Inertia
266.581      -100.02      -99.9748      0.296011     0.183563     0.129776    
-100.02      266.678      -99.9601      0.183563     0.243658     0.182321    
-99.9748     -99.9601     266.672       0.129776     0.182321     0.339282    

Bond Length
0.60128481    0.00065543895

BB bond length
0.60128481    0.00065543895

Water EE distance
0             0           

PEG EE distance
4.984963      0.044655448 

BBB P2(x)
0.050114936   0.0036555593

BBB first bond length
0.601453      0.00062401119

BBB second bond length
0.60145737    0.00058585061

BBB <phi**2>/<phi>**2
1.1125747     0.0015498115

Time = 28000
Temperature
1.0148222     0.0056508964

Pressure
26.697082     0.073231362 

CM Mom
-1.0434264e-16 2.9935941e-17 
1.3234518e-16  1.4237067e-17 
-1.4723842e-16 1.2902113e-17 
2.2563446e-16  2.0885211e-17 

CM Pos
10.001085      0.0099334668  
10.001157      0.010115137   
10.006149      0.0091723857  
17.325358      0.010145456   

Stress
23.6934      0.00515309   -0.0403451    0.0927293    0.040679     0.0346624   
0.00515309   23.6464      0.0015201     0.040679     0.115988     0.0537729   
-0.0403451   0.0015201    23.6223       0.0346624    0.0537729    0.112446    

Stress Spherical
