Time = 500
Temperature
   1.0352068   0.042584143

Pressure
   23.180032    0.18729263

CM Mom
-4.6271372e-17 1.3787617e-17 
8.2349777e-18  2.1124137e-17 
-5.4327902e-17 1.7935573e-17 
7.5221433e-17  2.1450502e-17 

CM Pos
7.5164487      0.042284606   
7.5007318      0.0074716192  
7.5128424      0.012818167   
13.007763      0.029876484   

Stress
20.0485      -0.0128544   0.068518      0.104726     0.0759934    0.0748042   
-0.0128544   20.1261      -0.0402258    0.0759934    0.0717363    0.0413332   
0.068518     -0.0402258   20.0625       0.0748042    0.0413332    0.155741    

Stress Spherical
0            0            0             0            0            0           
0            0            0             0            0            0           
0            0            0             0            0            0           

Inertia
149.97       -56.4121     -56.4091      0.266258     0.377928     0.275195    
-56.4121     150.232      -56.3271      0.377928     0.648263     0.253035    
-56.4091     -56.3271     150.04        0.275195     0.253035     0.72382     

Bond Length
0.61208202    0.0048611119

BB bond length
0.61208202    0.0048611119

Water EE distance
0             0           

PEG EE distance
3.5612548     0.44974594  

Time = 1000
Temperature
1.0132361     0.0079372814

Pressure
23.158764     0.060395071 

CM Mom
-6.9675005e-17 1.2738347e-17 
-2.641035e-18  1.8911483e-17 
-4.7278919e-17 1.2021019e-17 
8.7910514e-17  5.7475035e-18 

CM Pos
7.509327       0.010967192   
7.5158654      0.0055514205  
7.5000828      0.0082340872  
13.004983      0.010624629   

Stress
20.1062      0.0130927    0.0401481     0.0955541    0.0870312    0.0232439   
0.0130927    20.1372      0.0282718     0.0870312    0.0576043    0.0604472   
0.0401481    0.0282718    20.1272       0.0232439    0.0604472    0.0627321   

Stress Spherical
0            0            0             0            0            0           
0            0            0             0            0            0           
0            0            0             0            0            0           

Inertia
150.079      -56.4369     -56.2527      0.172976     0.0933976    0.147381    
-56.4369     149.981      -56.4005      0.0933976    0.290435     0.0831612   
-56.2527     -56.4005     150.185       0.147381     0.0831612    0.224343    

Bond Length
0.61836852    0.0046632501

BB bond length
0.61836852    0.0046632501

Water EE distance
0             0           

PEG EE distance
4.3572661     0.33769234  

