Time = 500
Temperature
   1.0377962   0.035941237

Pressure
   22.899852    0.16016629

CM Mom
1.6838895e-17  7.879089e-18  
-5.507747e-17  1.2117907e-17 
-2.6150407e-17 3.089594e-17  
6.9660704e-17  1.7657552e-17 

CM Pos
7.5339454      0.027100128   
7.4889518      0.02136488    
7.4872431      0.028400549   
12.996357      0.015224533   

Stress
19.7561      0.0562268    0.0308672     0.148022     0.0752769    0.0983015   
0.0562268    19.8621      0.103199      0.0752769    0.0899951    0.105512    
0.0308672    0.103199     19.7532       0.0983015    0.105512     0.0931848   

Stress Spherical
0            0            0             0            0            0           
0            0            0             0            0            0           
0            0            0             0            0            0           

Inertia
149.289      -56.5074     -56.3405      0.371014     0.407111     0.198405    
-56.5074     150.066      -55.9709      0.407111     0.502433     0.0781448   
-56.3405     -55.9709     150.043       0.198405     0.0781448    0.604821    

Bond Length
0.61448902    0.0042816171

BB bond length
0.61448902    0.0042816171

Water EE distance
0             0           

PEG EE distance
3.6224101     0.090225864 

Time = 1000
Temperature
1.0115666     0.0086804241

Pressure
22.825377     0.12351835  

CM Mom
1.1986061e-17  2.2057442e-17 
-5.3030387e-17 1.4637048e-17 
-2.7680917e-17 1.8286167e-17 
6.7249267e-17  1.5323663e-17 

CM Pos
7.5309786      0.0069829523  
7.504379       0.018177382   
7.5050437      0.027342632   
13.013743      0.025494975   

Stress
19.8007      -0.0260357   0.0228219     0.107565     0.0301251    0.0350703   
-0.0260357   19.7657      0.00161083    0.0301251    0.186807     0.0899608   
0.0228219    0.00161083   19.8173       0.0350703    0.0899608    0.166293    

Stress Spherical
0            0            0             0            0            0           
0            0            0             0            0            0           
0            0            0             0            0            0           

Inertia
149.839      -56.5969     -56.5382      0.704378     0.0824783    0.265609    
-56.5969     150.324      -56.3203      0.0824783    0.558037     0.26934     
-56.5382     -56.3203     150.301       0.265609     0.26934      0.29818     

Bond Length
0.6168737     0.0060454473

BB bond length
0.6168737     0.0060454473

Water EE distance
0             0           

PEG EE distance
3.8637055     0.22836846  

