Time = 500
Temperature
   1.0322055   0.043714838

Pressure
   22.841574    0.22279481

CM Mom
3.872578e-17   1.616001e-17  
1.778366e-18   1.5531838e-17 
4.8337301e-17  7.1359907e-17 
8.7434378e-17  4.2298854e-17 

CM Pos
7.5040036      0.020627069   
7.4849803      0.01405386    
7.502791       0.014792268   
12.985672      0.0064792609  

Stress
19.6947      0.067581     0.00967397    0.0798025    0.090663     0.0662263   
0.067581     19.7132      0.0175624     0.090663     0.0894955    0.0719183   
0.00967397   0.0175624    19.8389       0.0662263    0.0719183    0.170411    

Stress Spherical
0            0            0             0            0            0           
0            0            0             0            0            0           
0            0            0             0            0            0           

Inertia
149.408      -56.1472     -56.3287      0.315787     0.171613     0.155682    
-56.1472     149.709      -56.1941      0.171613     0.318906     0.127474    
-56.3287     -56.1941     149.436       0.155682     0.127474     0.125398    

Bond Length
0.61122745    0.0069669029

BB bond length
0.61122745    0.0069669029

Water EE distance
0             0           

PEG EE distance
3.6031219     0.12484414  

Time = 1000
Temperature
1.0116954     0.0075524091

Pressure
22.757766     0.062978314 

CM Mom
4.679197e-17   1.2214848e-17 
2.9715374e-18  2.120435e-17  
2.508885e-17   3.2335866e-17 
6.4412492e-17  1.7978736e-17 

CM Pos
7.505487       0.015625626   
7.4938806      0.0084644042  
7.5039777      0.0061233487  
12.99232       0.015672361   

Stress
19.74        -0.0223027   0.0188192     0.0512974    0.0775054    0.0235801   
-0.0223027   19.7284      -0.0362432    0.0775054    0.121642     0.0722527   
0.0188192    -0.0362432   19.7113       0.0235801    0.0722527    0.0632858   

Stress Spherical
0            0            0             0            0            0           
0            0            0             0            0            0           
0            0            0             0            0            0           

Inertia
149.573      -56.2304     -56.3136      0.222273     0.211469     0.175769    
-56.2304     149.727      -56.2263      0.211469     0.266248     0.112138    
-56.3136     -56.2263     149.618       0.175769     0.112138     0.312892    

Bond Length
0.61033518    0.0017168006

BB bond length
0.61033518    0.0017168006

Water EE distance
0             0           

PEG EE distance
3.7937463     0.30014193  

