Time = 500
Temperature
   1.0432102   0.045616782

Pressure
   22.919971    0.14172516

CM Mom
-3.5233551e-17 1.4882843e-17 
-1.9780788e-17 1.3560159e-17 
-3.6610351e-17 2.2601771e-17 
5.9364302e-17  1.9107517e-17 

CM Pos
7.4846323      0.022347496   
7.5173537      0.021257497   
7.498973       0.015681854   
12.990989      0.018272955   

Stress
19.8134      0.00470871   0.0258604     0.0857426    0.0786617    0.0733958   
0.00470871   19.7717      -0.0334282    0.0786617    0.100964     0.024056    
0.0258604    -0.0334282   19.798        0.0733958    0.024056     0.101598    

Stress Spherical
0            0            0             0            0            0           
0            0            0             0            0            0           
0            0            0             0            0            0           

Inertia
149.932      -56.2757     -56.2163      0.264977     0.277259     0.279592    
-56.2757     149.436      -56.3446      0.277259     0.415384     0.145967    
-56.2163     -56.3446     149.741       0.279592     0.145967     0.250982    

Bond Length
0.61385454    0.0028622693

BB bond length
0.61385454    0.0028622693

Water EE distance
0             0           

PEG EE distance
3.5156258     0.34505232  

Time = 1000
Temperature
1.0110596     0.012359803 

Pressure
22.817333     0.075244622 

CM Mom
-3.5323032e-17 6.4783152e-18 
-4.6967089e-17 2.1041087e-17 
-3.0964814e-17 2.7640308e-17 
7.2730613e-17  1.927133e-17  

CM Pos
7.4979828      0.008920073   
7.5223972      0.018565452   
7.4915561      0.0075288237  
12.99731       0.0047039822  

Stress
19.7505      0.0293102    -0.00247729   0.0582399    0.0437929    0.00856578  
0.0293102    19.7561      0.00321366    0.0437929    0.109436     0.0696418   
-0.00247729  0.00321366   19.8575       0.00856578   0.0696418    0.0938977   

Stress Spherical
0            0            0             0            0            0           
0            0            0             0            0            0           
0            0            0             0            0            0           

Inertia
149.881      -56.3398     -56.2822      0.150495     0.194014     0.0599385   
-56.3398     149.49       -56.378       0.194014     0.32129      0.14378     
-56.2822     -56.378      149.993       0.0599385    0.14378      0.216546    

Bond Length
0.61195165    0.0033881773

BB bond length
0.61195165    0.0033881773

Water EE distance
0             0           

PEG EE distance
3.8178429     0.21464871  

