Time = 500
Temperature
   1.0407715   0.041307534

Pressure
   22.166942    0.20029404

CM Mom
-5.9393587e-18 1.8283146e-17 
9.109466e-18   1.2050781e-17 
-4.323103e-17  3.3795019e-17 
5.0622246e-17  3.2344498e-17 

CM Pos
7.5238523      0.012746703   
7.4936031      0.048284925   
7.5059234      0.032912736   
13.004019      0.020039449   

Stress
19.049       0.0579747    0.00880616    0.163031     0.0577876    0.0496592   
0.0579747    19.0524      -0.0123036    0.0577876    0.0932748    0.0691896   
0.00880616   -0.0123036   19.0343       0.0496592    0.0691896    0.098771    

Stress Spherical
0            0            0             0            0            0           
0            0            0             0            0            0           
0            0            0             0            0            0           

Inertia
149.306      -56.314      -56.4788      0.312061     0.453458     0.189763    
-56.314      149.766      -56.2344      0.453458     0.303312     0.171974    
-56.4788     -56.2344     149.596       0.189763     0.171974     0.916147    

Bond Length
0.61318424    0.0023480833

BB bond length
0.61318424    0.0023480833

Water EE distance
0             0           

PEG EE distance
3.7796699     0.12815176  

Time = 1000
Temperature
1.0088264     0.0078288735

Pressure
22.026452     0.096647467 

CM Mom
-2.6634166e-18 6.3999978e-18 
1.0199619e-18  1.4313072e-17 
-5.7700231e-17 1.9759579e-17 
5.9812208e-17  1.9905162e-17 

CM Pos
7.5297794      0.011667502   
7.5019011      0.015035445   
7.5065161      0.0036776668  
13.012463      0.0075776142  

Stress
19.0497      0.0551244    0.00240162    0.131775     0.0575571    0.0657846   
0.0551244    18.9602      -0.0123417    0.0575571    0.144713     0.0572125   
0.00240162   -0.0123417   18.9918       0.0657846    0.0572125    0.0530608   

Stress Spherical
0            0            0             0            0            0           
0            0            0             0            0            0           
0            0            0             0            0            0           

Inertia
149.456      -56.4527     -56.5717      0.185815     0.104817     0.0826928   
-56.4527     149.977      -56.3485      0.104817     0.175451     0.0848992   
-56.5717     -56.3485     149.912       0.0826928    0.0848992    0.205362    

Bond Length
0.61408417    0.0048180219

BB bond length
0.61408417    0.0048180219

Water EE distance
0             0           

PEG EE distance
3.4501115     0.21280703  

