Time = 500
Temperature
   1.0425674   0.046331589

Pressure
   20.468762    0.17063461

CM Mom
-2.3358244e-17 1.5336521e-17 
-2.0263876e-17 9.3835e-18    
-4.337687e-17  1.00683e-17   
5.6154885e-17  1.0442392e-17 

CM Pos
7.4858092      0.025856913   
7.5184026      0.025734076   
7.4995813      0.023424352   
12.992655      0.015178856   

Stress
17.4068      0.0210867    -0.101633     0.0883211    0.0893187    0.0519112   
0.0210867    17.322       -0.0441417    0.0893187    0.107051     0.0645677   
-0.101633    -0.0441417   17.3065       0.0519112    0.0645677    0.109372    

Stress Spherical
0            0            0             0            0            0           
0            0            0             0            0            0           
0            0            0             0            0            0           

Inertia
149.253      -56.2418     -56.1632      0.503478     0.237239     0.382206    
-56.2418     148.758      -56.4813      0.237239     0.383365     0.0666707   
-56.1632     -56.4813     149.07        0.382206     0.0666707    0.583165    

Bond Length
0.61288455    0.000686737 

BB bond length
0.61288455    0.000686737 

Water EE distance
0             0           

PEG EE distance
3.6481474     0.07403898  

Time = 1000
Temperature
1.0176954     0.0067291074

Pressure
20.299496     0.067819683 

CM Mom
5.715358e-18   7.2552001e-18 
-1.0222791e-17 2.7088911e-17 
-2.4739298e-17 2.2579791e-17 
4.0153906e-17  2.081253e-17  

CM Pos
7.5018298      0.015226219   
7.5035688      0.016287552   
7.5111517      0.03252102    
12.999979      0.022304858   

Stress
17.2039      0.024469     -0.0151338    0.0318365    0.038679     0.0519738   
0.024469     17.2327      0.00450554    0.038679     0.0643837    0.0520045   
-0.0151338   0.00450554   17.3144       0.0519738    0.0520045    0.110872    

Stress Spherical
0            0            0             0            0            0           
0            0            0             0            0            0           
0            0            0             0            0            0           

Inertia
149.575      -56.2559     -56.3605      0.208639     0.137948     0.327781    
-56.2559     149.499      -56.4269      0.137948     0.549223     0.201439    
-56.3605     -56.4269     149.27        0.327781     0.201439     0.271337    

Bond Length
0.61391       0.0013172792

BB bond length
0.61391       0.0013172792

Water EE distance
0             0           

PEG EE distance
3.6415281     0.039931098 

