Time = 1000
Temperature
   1.0800777    0.10667809

Pressure
   23.619657    0.56278859

CM Mom
3.5124544e-17  1.1642474e-17 
7.2664647e-18  2.3752342e-17 
6.6768098e-17  1.9286462e-16 
1.5896084e-16  1.35545e-16   

CM Pos
7.509957       0.01697298    
7.4999341      0.023025071   
7.4971718      0.0096488946  
12.994492      0.012289694   

Stress
20.354       0.0181485    -0.0113349    0.245381     0.0570514    0.0365942   
0.0181485    20.4471      0.0187377     0.0570514    0.249885     0.0472392   
-0.0113349   0.0187377    20.3611       0.0365942    0.0472392    0.284933    

Stress Spherical
0            0            0             0            0            0           
0            0            0             0            0            0           
0            0            0             0            0            0           

Inertia
150.024      -56.2892     -56.2932      1.34595      0.13896      0.211924    
-56.2892     150.204      -56.2159      0.13896      0.997521     0.215921    
-56.2932     -56.2159     150.216       0.211924     0.215921     1.20949     

Bond Length
0.62023207    0.0045979615

BB bond length
0.62023207    0.0045979615

Water EE distance
0             0           

PEG EE distance
6.7598873     0.15888852  

BBB P2(x)
0.47243978    0.068776015 

BBB first bond length
0.62015368    0.0046900225

BBB second bond length
0.62037294    0.0046129263

BBB <phi**2>/<phi>**2
1.2222446     0.015402133 

Time = 2000
Temperature
1.0140495     0.0050021503

Pressure
23.271063     0.094462455 

CM Mom
5.8370663e-17  1.5011186e-17 
-1.4375739e-17 2.1575644e-17 
6.4389088e-17  4.9263084e-17 
9.6689102e-17  3.9098132e-17 

CM Pos
7.4992639      0.012394541   
7.4923598      0.016078748   
7.5022214      0.015079195   
12.986839      0.020036679   

Stress
20.213       0.000744919  -0.0175877    0.11093      0.102105     0.0611255   
0.000744919  20.2691      0.0128159     0.102105     0.104593     0.0573707   
-0.0175877   0.0128159    20.2272       0.0611255    0.0573707    0.113442    

Stress Spherical
0            0            0             0            0            0           
0            0            0             0            0            0           
0            0            0             0            0            0           

Inertia
149.795      -56.2037     -56.2134      0.36712      0.181556     0.165184    
-56.2037     149.9        -56.179       0.181556     0.282545     0.227098    
-56.2134     -56.179      149.719       0.165184     0.227098     0.326217    

Bond Length
0.6177641     0.002342207 

BB bond length
0.6177641     0.002342207 

Water EE distance
0             0           

PEG EE distance
6.9209474     0.14491491  

BBB P2(x)
0.52008135    0.0088814908

BBB first bond length
0.61775372    0.0024298192

BBB second bond length
0.61791451    0.0020921296

BBB <phi**2>/<phi>**2
1.2252661     0.010968221 

Time = 3000
Temperature
1.0150428     0.0087237014

Pressure
23.253196     0.08719185  

CM Mom
3.6060813e-17  2.9937476e-17 
6.9164971e-18  2.9022985e-17 
5.0530537e-17  2.5554747e-17 
7.4589364e-17  2.7011357e-17 

CM Pos
7.4983728      0.016782178   
7.5043895      0.014007714   
7.4958352      0.013428897   
12.989593      0.011266457   

Stress
20.2251      0.00317156   -0.00251845   0.101123     0.106494     0.069276    
0.00317156   20.2358      0.0198425     0.106494     0.074812     0.0471178   
-0.00251845  0.0198425    20.1859       0.069276     0.0471178    0.0927437   

Stress Spherical
0            0            0             0            0            0           
0            0            0             0            0            0           
0            0            0             0            0            0           

Inertia
149.946      -56.2454     -56.1918      0.299957     0.157139     0.206458    
-56.2454     149.857      -56.2967      0.157139     0.28618      0.187376    
-56.1918     -56.2967     149.984       0.206458     0.187376     0.202252    

Bond Length
0.61977719    0.0017349411

BB bond length
0.61977719    0.0017349411

Water EE distance
0             0           

PEG EE distance
7.1511294     0.099341475 

BBB P2(x)
0.52529539    0.0091145493

BBB first bond length
0.61972452    0.0019046816

BBB second bond length
0.62030765    0.0018083753

BBB <phi**2>/<phi>**2
1.22511       0.010621002 

Time = 4000
Temperature
1.0124387     0.005152292 

Pressure
23.212223     0.070678213 

CM Mom
4.7812689e-17  1.6957332e-17 
-1.1206795e-17 1.6502462e-17 
7.7872252e-17  1.9613364e-17 
9.471381e-17   2.1203623e-17 

CM Pos
7.4962936      0.012571236   
7.4948846      0.010463712   
7.5043006      0.013680306   
12.987783      0.0132671     

Stress
20.2249      -0.0152969   0.0231076     0.079544     0.0537125    0.0658281   
-0.0152969   20.1704      0.0429947     0.0537125    0.102279     0.0705487   
0.0231076    0.0429947    20.1519       0.0658281    0.0705487    0.13702     

Stress Spherical
0            0            0             0            0            0           
0            0            0             0            0            0           
0            0            0             0            0            0           

Inertia
149.908      -56.1384     -56.2281      0.273884     0.140847     0.175589    
-56.1384     149.944      -56.2523      0.140847     0.288574     0.146892    
-56.2281     -56.2523     149.79        0.175589     0.146892     0.261011    

Bond Length
0.62008513    0.0021058361

BB bond length
0.62008513    0.0021058361

Water EE distance
0             0           

PEG EE distance
7.1487061     0.2218149   

BBB P2(x)
0.5228538     0.0072007848

BBB first bond length
0.62012239    0.0020237279

BBB second bond length
0.6198478     0.0022985822

BBB <phi**2>/<phi>**2
1.2266089     0.012738761 

Time = 5000
Temperature
1.0087169     0.0051592706

Pressure
23.257738     0.050303927 

CM Mom
6.7980687e-17  1.3794206e-17 
-4.7641209e-17 2.7017677e-17 
8.8506485e-17  2.0150115e-17 
1.2448025e-16  2.356662e-17  

CM Pos
7.50565        0.024256617   
7.5020133      0.011595577   
7.4949441      0.011247978   
12.991903      0.02178444    

Stress
20.2504      -0.00194793  -0.0149374    0.0862495    0.0670345    0.06399     
-0.00194793  20.2301      -0.0269236    0.0670345    0.119059     0.0882736   
-0.0149374   -0.0269236   20.2368       0.06399      0.0882736    0.0887354   

Stress Spherical
0            0            0             0            0            0           
0            0            0             0            0            0           
0            0            0             0            0            0           

Inertia
149.908      -56.2931     -56.2516      0.271603     0.227279     0.235881    
-56.2931     149.967      -56.2574      0.227279     0.388587     0.178569    
-56.2516     -56.2574     150.076       0.235881     0.178569     0.37652     

Bond Length
0.62005314    0.0018430318

BB bond length
0.62005314    0.0018430318

Water EE distance
0             0           

PEG EE distance
7.4383782     0.24691733  

BBB P2(x)
0.51650039    0.00838488  

BBB first bond length
0.6199233     0.0018385746

BBB second bond length
0.61994661    0.0019175147

BBB <phi**2>/<phi>**2
1.227594      0.012123404 

Time = 6000
Temperature
1.007428      0.0095076369

Pressure
23.230361     0.10234926  

CM Mom
6.1042755e-17  2.2674534e-17 
-4.2589694e-17 1.5871615e-17 
1.0125509e-16  1.962342e-17  
1.2836439e-16  2.1596256e-17 

CM Pos
7.4994124      0.013303483   
7.5003796      0.020051705   
7.5043006      0.0081683168  
12.992761      0.014380175   

Stress
20.2459      0.0205468    0.0319953     0.128027     0.0881805    0.0610593   
0.0205468    20.2354      0.00887909    0.0881805    0.119153     0.019518    
0.0319953    0.00887909   20.1654       0.0610593    0.019518     0.0773115   

Stress Spherical
0            0            0             0            0            0           
0            0            0             0            0            0           
0            0            0             0            0            0           

Inertia
150.063      -56.2278     -56.2585      0.426782     0.158923     0.114084    
-56.2278     150.046      -56.2737      0.158923     0.19479      0.246526    
-56.2585     -56.2737     149.98        0.114084     0.246526     0.329614    

Bond Length
0.61924594    0.0021429596

BB bond length
0.61924594    0.0021429596

Water EE distance
0             0           

PEG EE distance
7.8213092     0.074854595 

BBB P2(x)
0.52083716    0.013094413 

BBB first bond length
0.6192802     0.0023955104

BBB second bond length
0.6194164     0.0023908509

BBB <phi**2>/<phi>**2
1.2280952     0.0073501508

Time = 7000
Temperature
1.0150959     0.0072634528

Pressure
23.240011     0.075532856 

CM Mom
7.4761979e-17  2.7643722e-17 
-5.6467894e-17 9.5837488e-18 
7.6573374e-17  9.7518417e-18 
1.2423183e-16  1.2610811e-17 

CM Pos
7.4948084      0.019355423   
7.5089935      0.0075275203  
7.4971718      0.0088873451  
12.99096       0.013773765   

Stress
20.2022      -0.00165877  -0.000100233  0.0760554    0.0886115    0.0734252   
-0.00165877  20.1921      0.0338715     0.0886115    0.126299     0.0676968   
-0.000100233 0.0338715    20.2125       0.0734252    0.0676968    0.115415    

Stress Spherical
0            0            0             0            0            0           
0            0            0             0            0            0           
0            0            0             0            0            0           

Inertia
150.074      -56.3081     -56.2011      0.211262     0.122986     0.192958    
-56.3081     149.859      -56.3394      0.122986     0.315348     0.121423    
-56.2011     -56.3394     150.029       0.192958     0.121423     0.2711      

Bond Length
0.61857227    0.0026791556

BB bond length
0.61857227    0.0026791556

Water EE distance
0             0           

PEG EE distance
7.5793236     0.12055577  

BBB P2(x)
0.51752804    0.014846234 

BBB first bond length
0.61863841    0.0026318727

BBB second bond length
0.61845653    0.0030524645

BBB <phi**2>/<phi>**2
1.2234275     0.0095679623

Time = 8000
Temperature
1.0138663     0.0042170745

Pressure
23.253611     0.1054024   

CM Mom
1.0078544e-16  2.4619101e-17 
-6.5919767e-17 2.0632793e-17 
6.0734558e-17  8.8053226e-18 
1.3651304e-16  2.5794227e-17 

CM Pos
7.5023827      0.011660071   
7.5030529      0.010320447   
7.4893006      0.017637663   
12.987357      0.016460259   

Stress
20.2266      0.0240108    0.00941716    0.0731772    0.0896722    0.0523203   
0.0240108    20.2194      -0.00159304   0.0896722    0.113197     0.0665207   
0.00941716   -0.00159304  20.2125       0.0523203    0.0665207    0.164182    

Stress Spherical
0            0            0             0            0            0           
0            0            0             0            0            0           
0            0            0             0            0            0           

Inertia
149.864      -56.2773     -56.1586      0.37667      0.126137     0.146229    
-56.2773     149.861      -56.1841      0.126137     0.305633     0.218695    
-56.1586     -56.1841     150.066       0.146229     0.218695     0.275936    

Bond Length
0.61892585    0.0019955603

BB bond length
0.61892585    0.0019955603

Water EE distance
0             0           

PEG EE distance
7.1593181     0.25138975  

BBB P2(x)
0.51662067    0.011839342 

BBB first bond length
0.61887199    0.002129228 

BBB second bond length
0.61873326    0.0019835595

BBB <phi**2>/<phi>**2
1.2351956     0.0092834926

Time = 9000
Temperature
1.01099       0.006948059 

Pressure
23.248815     0.090502909 

CM Mom
1.3484538e-16  1.5699683e-17 
-9.0631573e-17 1.6883075e-17 
4.1992949e-17  1.5235149e-17 
1.6943691e-16  1.4680871e-17 

CM Pos
7.5022342      0.0086916088  
7.5051321      0.012139215   
7.4992511      0.01044789    
12.994209      0.012585438   

Stress
20.2821      -0.017862    0.00807827    0.106627     0.0384575    0.0628372   
-0.017862    20.1741      0.0323652     0.0384575    0.119518     0.0733146   
0.00807827   0.0323652    20.2138       0.0628372    0.0733146    0.076579    

Stress Spherical
0            0            0             0            0            0           
0            0            0             0            0            0           
0            0            0             0            0            0           

Inertia
150.063      -56.3282     -56.2422      0.261432     0.122567     0.104709    
-56.3282     150.026      -56.3009      0.122567     0.246195     0.15618     
-56.2422     -56.3009     150.128       0.104709     0.15618      0.244467    

Bond Length
0.61899252    0.0021017841

BB bond length
0.61899252    0.0021017841

Water EE distance
0             0           

PEG EE distance
7.3838987     0.0743209   

BBB P2(x)
0.50944858    0.01023821  

BBB first bond length
0.61901174    0.0020053336

BBB second bond length
0.61911781    0.0022826966

BBB <phi**2>/<phi>**2
1.2207634     0.0111471   

Time = 10000
Temperature
1.0074936     0.0092610716

Pressure
23.226072     0.067547088 

CM Mom
1.285707e-16   2.4311381e-17 
-1.1379429e-16 1.8132652e-17 
2.8148825e-17  7.9088425e-18 
1.7537026e-16  2.2351267e-17 

CM Pos
7.5019372      0.011389259   
7.5005282      0.014624      
7.503261       0.015784551   
12.993703      0.013703389   

Stress
20.1946      -0.012439    -0.0238471    0.136035     0.0561129    0.0832008   
-0.012439    20.2661      -0.0340171    0.0561129    0.110561     0.0663418   
-0.0238471   -0.0340171   20.1724       0.0832008    0.0663418    0.107145    

Stress Spherical
0            0            0             0            0            0           
0            0            0             0            0            0           
0            0            0             0            0            0           

Inertia
150.047      -56.2245     -56.2761      0.263578     0.164579     0.16006     
-56.2245     150.067      -56.2792      0.164579     0.33878      0.160642    
-56.2761     -56.2792     150.038       0.16006      0.160642     0.289812    

Bond Length
0.61870988    0.0028005644

BB bond length
0.61870988    0.0028005644

Water EE distance
0             0           

PEG EE distance
7.1655891     0.1514019   

BBB P2(x)
0.50501984    0.015337178 

BBB first bond length
0.61864139    0.0030594875

BBB second bond length
0.61870066    0.0026289361

BBB <phi**2>/<phi>**2
1.2240475     0.010902806 

Time = 11000
Temperature
1.0103427     0.0041479849

Pressure
23.264154     0.063618445 

CM Mom
1.2599053e-16  1.6378613e-17 
-1.2312909e-16 1.5591224e-17 
3.8458098e-17  1.3332777e-17 
1.8158855e-16  1.5103575e-17 

CM Pos
7.4940659      0.014925558   
7.5018648      0.0075858967  
7.5017758      0.01553099    
12.989074      0.010744908   

Stress
20.2671      -0.00895412  0.00240141    0.12212      0.0629745    0.0638406   
-0.00895412  20.2655      0.0415498     0.0629745    0.139796     0.042978    
0.00240141   0.0415498    20.1893       0.0638406    0.042978     0.11232     

Stress Spherical
0            0            0             0            0            0           
0            0            0             0            0            0           
0            0            0             0            0            0           

Inertia
150.051      -56.198      -56.1797      0.242664     0.154242     0.15897     
-56.198      149.944      -56.2826      0.154242     0.273052     0.127351    
-56.1797     -56.2826     149.948       0.15897      0.127351     0.260389    

Bond Length
0.6178095     0.0013915855

BB bond length
0.6178095     0.0013915855

Water EE distance
0             0           

PEG EE distance
7.0914941     0.13386244  

BBB P2(x)
0.5063236     0.00733059  

BBB first bond length
0.61785859    0.001584975 

BBB second bond length
0.61773571    0.0012106247

BBB <phi**2>/<phi>**2
1.223605      0.0071103615

Time = 12000
Temperature
1.0119002     0.0091349896

Pressure
23.241975     0.083578724 

CM Mom
1.3404129e-16  2.2014741e-17 
-1.043407e-16  2.258819e-17  
3.17396e-17    1.1831721e-17 
1.750361e-16   1.8938817e-17 

CM Pos
7.5013431      0.012679551   
7.4988945      0.016152654   
7.5044491      0.0095604813  
12.993098      0.015793411   

Stress
20.1818      0.0475781    -0.0104709    0.139509     0.101452     0.0487846   
0.0475781    20.2361      -0.00850811   0.101452     0.140253     0.0777772   
-0.0104709   -0.00850811  20.2234       0.0487846    0.0777772    0.0786005   

Stress Spherical
0            0            0             0            0            0           
0            0            0             0            0            0           
0            0            0             0            0            0           

Inertia
150.04       -56.2542     -56.3426      0.311234     0.2038       0.135846    
-56.2542     150.055      -56.2761      0.2038       0.253944     0.150538    
-56.3426     -56.2761     149.983       0.135846     0.150538     0.42971     

Bond Length
0.61763886    0.002434863 

BB bond length
0.61763886    0.002434863 

Water EE distance
0             0           

PEG EE distance
6.6854643     0.19114879  

BBB P2(x)
0.50444358    0.016835974 

BBB first bond length
0.61780488    0.0026121737

BBB second bond length
0.61738635    0.0023353383

BBB <phi**2>/<phi>**2
1.2290758     0.0101758   

Time = 13000
Temperature
1.0085435     0.007795817 

Pressure
23.293754     0.069801093 

CM Mom
1.3095616e-16  1.5490799e-17 
-1.2702051e-16 1.3316006e-17 
1.2028057e-17  1.6455527e-17 
1.8406429e-16  1.5388369e-17 

CM Pos
7.5010461      0.0083762903  
7.5005282      0.015882065   
7.498657       0.013234498   
12.990527      0.013554525   

Stress
20.2465      0.0215084    -0.0334525    0.134565     0.0797058    0.062985    
0.0215084    20.2475      -0.00376656   0.0797058    0.0876231    0.0650128   
-0.0334525   -0.00376656  20.3328       0.062985     0.0650128    0.0965039   

Stress Spherical
0            0            0             0            0            0           
0            0            0             0            0            0           
0            0            0             0            0            0           

Inertia
149.983      -56.2421     -56.2526      0.264898     0.190184     0.125676    
-56.2421     149.994      -56.2292      0.190184     0.267227     0.137864    
-56.2526     -56.2292     150.012       0.125676     0.137864     0.311255    

Bond Length
0.61742913    0.0019041919

BB bond length
0.61742913    0.0019041919

Water EE distance
0             0           

PEG EE distance
6.4840354     0.16802058  

BBB P2(x)
0.50284116    0.010282331 

BBB first bond length
0.61766524    0.0022096865

BBB second bond length
0.61744587    0.0019647036

BBB <phi**2>/<phi>**2
1.2233976     0.005454032 

Time = 14000
Temperature
1.0116959     0.0097059999

Pressure
23.228384     0.055518274 

CM Mom
1.3254194e-16  8.9294674e-18 
-1.1230758e-16 3.2887511e-17 
5.1010351e-17  1.4381809e-17 
1.8339143e-16  2.2763088e-17 

CM Pos
7.500452       0.011055133   
7.5008252      0.016726228   
7.4930134      0.0091899377  
12.987098      0.013494106   

Stress
20.2052      -0.0173884   -0.0477731    0.103079     0.0941029    0.0931948   
-0.0173884   20.1949      0.0250071     0.0941029    0.098284     0.0400064   
-0.0477731   0.0250071    20.2023       0.0931948    0.0400064    0.044842    

Stress Spherical
0            0            0             0            0            0           
0            0            0             0            0            0           
0            0            0             0            0            0           

Inertia
149.913      -56.2793     -56.2162      0.241914     0.213523     0.132617    
-56.2793     149.9        -56.1996      0.213523     0.200308     0.115034    
-56.2162     -56.1996     150.006       0.132617     0.115034     0.39676     

Bond Length
0.61845704    0.0016255638

BB bond length
0.61845704    0.0016255638

Water EE distance
0             0           

PEG EE distance
6.7136976     0.12638692  

BBB P2(x)
0.50316727    0.0084912751

BBB first bond length
0.61861716    0.0019762437

BBB second bond length
0.61840854    0.0015065587

BBB <phi**2>/<phi>**2
1.2204706     0.0091214543

Time = 15000
Temperature
1.0102707     0.0091964027

Pressure
23.203502     0.067084864 

CM Mom
1.2519661e-16  8.8192883e-18 
-8.8364409e-17 1.2864298e-17 
6.5625723e-17  2.9494398e-17 
1.6937738e-16  1.4618015e-17 

CM Pos
7.4982243      0.013163477   
7.5037955      0.016909836   
7.4949441      0.01120869    
12.988641      0.016985097   

Stress
20.1575      0.0387837    -0.0616066    0.101641     0.0428362    0.0697728   
0.0387837    20.1866      0.00162853    0.0428362    0.0947355    0.0559399   
-0.0616066   0.00162853   20.1964       0.0697728    0.0559399    0.0933198   

Stress Spherical
0            0            0             0            0            0           
0            0            0             0            0            0           
0            0            0             0            0            0           

Inertia
149.974      -56.2492     -56.2174      0.382205     0.196042     0.144553    
-56.2492     149.895      -56.2566      0.196042     0.277624     0.184455    
-56.2174     -56.2566     150.037       0.144553     0.184455     0.367254    

Bond Length
0.61800163    0.0020177589

BB bond length
0.61800163    0.0020177589

Water EE distance
0             0           

PEG EE distance
6.6166599     0.17775232  

BBB P2(x)
0.50848695    0.013146844 

BBB first bond length
0.61810493    0.0018366719

BBB second bond length
0.6180887     0.0019795277

BBB <phi**2>/<phi>**2
1.2249504     0.0087373926

Time = 16000
Temperature
1.0137563     0.009100874 

Pressure
23.28041      0.071117593 

CM Mom
1.0997034e-16  1.6327538e-17 
-8.862053e-17  1.8634984e-17 
9.2354342e-17  3.4134373e-17 
1.729416e-16   1.8617449e-17 

CM Pos
7.4971847      0.012574745   
7.5017163      0.012083671   
7.4931619      0.013266957   
12.985813      0.011513311   

Stress
20.2604      0.000577178  -0.0513559    0.116586     0.0920889    0.0551018   
0.000577178  20.2463      0.0222096     0.0920889    0.0893076    0.0434146   
-0.0513559   0.0222096    20.2332       0.0551018    0.0434146    0.0653527   

Stress Spherical
0            0            0             0            0            0           
0            0            0             0            0            0           
0            0            0             0            0            0           

Inertia
149.931      -56.2239     -56.2045      0.251367     0.127777     0.133816    
-56.2239     149.861      -56.2075      0.127777     0.264498     0.154787    
-56.2045     -56.2075     150.003       0.133816     0.154787     0.253008    

Bond Length
0.61837334    0.0023762596

BB bond length
0.61837334    0.0023762596

Water EE distance
0             0           

PEG EE distance
6.9344986     0.17356228  

BBB P2(x)
0.51535334    0.0072861736

BBB first bond length
0.61832664    0.0023036595

BBB second bond length
0.61815189    0.0026481087

BBB <phi**2>/<phi>**2
1.2322799     0.0096019559

Time = 17000
Temperature
1.0110802     0.0080474585

Pressure
23.225658     0.078224481 

CM Mom
1.415265e-16   2.4777321e-17 
-8.1212402e-17 1.7831104e-17 
1.1460415e-16  1.0660739e-17 
2.0124793e-16  1.7438489e-17 

CM Pos
7.4910956      0.0067733194  
7.5008252      0.014824728   
7.4985085      0.01450892    
12.984873      0.0091011819  

Stress
20.1825      0.00916835   0.0204498     0.0961782    0.0443046    0.0767888   
0.00916835   20.2026      0.0177351     0.0443046    0.0744992    0.081613    
0.0204498    0.0177351    20.2146       0.0767888    0.081613     0.122956    

Stress Spherical
0            0            0             0            0            0           
0            0            0             0            0            0           
0            0            0             0            0            0           

Inertia
149.985      -56.1703     -56.1643      0.184051     0.14901      0.152069    
-56.1703     149.856      -56.2588      0.14901      0.25216      0.138039    
-56.1643     -56.2588     149.871       0.152069     0.138039     0.213747    

Bond Length
0.61909041    0.0018610717

BB bond length
0.61909041    0.0018610717

Water EE distance
0             0           

PEG EE distance
6.732786      0.19185943  

BBB P2(x)
0.50207086    0.012562815 

BBB first bond length
0.61916379    0.0018676623

BBB second bond length
0.61906929    0.0021222971

BBB <phi**2>/<phi>**2
1.2288282     0.012160911 

Time = 18000
Temperature
1.010877      0.0075550298

Pressure
23.200554     0.046128613 

CM Mom
1.3511579e-16  1.9531059e-17 
-1.0181343e-16 2.0620067e-17 
9.8118158e-17  2.0489774e-17 
1.9744927e-16  2.2128987e-17 

CM Pos
7.5003035      0.013991959   
7.5045381      0.010060717   
7.4910827      0.013950913   
12.988049      0.0070884868  

Stress
20.1486      -0.0291356   -0.0013566    0.13553      0.076481     0.0437389   
-0.0291356   20.2228      0.00685464    0.076481     0.0778972    0.0681374   
-0.0013566   0.00685464   20.1548       0.0437389    0.0681374    0.0911856   

Stress Spherical
0            0            0             0            0            0           
0            0            0             0            0            0           
0            0            0             0            0            0           

Inertia
149.931      -56.2376     -56.2092      0.211566     0.135957     0.0921443   
-56.2376     149.867      -56.1925      0.135957     0.200546     0.172188    
-56.2092     -56.1925     150.08        0.0921443    0.172188     0.265283    

Bond Length
0.61922565    0.0027138166

BB bond length
0.61922565    0.0027138166

Water EE distance
0             0           

PEG EE distance
6.6748608     0.15569184  

BBB P2(x)
0.51071554    0.012864691 

BBB first bond length
0.61950696    0.002986182 

BBB second bond length
0.6192486     0.0026495062

BBB <phi**2>/<phi>**2
1.2203201     0.0067582709

Time = 19000
Temperature
1.0085548     0.0080533482

Pressure
23.210906     0.078516584 

CM Mom
1.084534e-16   1.3322861e-17 
-9.6892791e-17 1.680624e-17  
9.5008435e-17  1.935226e-17  
1.7511839e-16  1.8573199e-17 

CM Pos
7.495551       0.016736774   
7.4983004      0.013383652   
7.4973204      0.0074790168  
12.9853        0.010827078   

Stress
20.1777      -0.0586749   0.0406029     0.139503     0.0532732    0.0640658   
-0.0586749   20.2086      -0.0243514    0.0532732    0.121135     0.0673886   
0.0406029    -0.0243514   20.1919       0.0640658    0.0673886    0.0994675   

Stress Spherical
0            0            0             0            0            0           
0            0            0             0            0            0           
0            0            0             0            0            0           

Inertia
149.954      -56.2095     -56.1716      0.234629     0.110405     0.157588    
-56.2095     149.913      -56.2208      0.110405     0.253168     0.11666     
-56.1716     -56.2208     149.934       0.157588     0.11666      0.266025    

Bond Length
0.61961217    0.001783758 

BB bond length
0.61961217    0.001783758 

Water EE distance
0             0           

PEG EE distance
7.1780137     0.14989211  

BBB P2(x)
0.50296899    0.013426537 

BBB first bond length
0.61974195    0.002095305 

BBB second bond length
0.61958594    0.0018862441

BBB <phi**2>/<phi>**2
1.2212981     0.0063485753

Time = 20000
Temperature
1.010693      0.0029187503

Pressure
23.213544     0.085751404 

CM Mom
1.0150832e-16  2.1629145e-17 
-8.3693778e-17 1.4527188e-17 
8.9031093e-17  1.2160366e-17 
1.6060888e-16  1.6329299e-17 

CM Pos
7.4977787      0.022289601   
7.5027559      0.011713859   
7.4979144      0.012116482   
12.989504      0.017884752   

Stress
20.2093      -0.020398    0.000961197   0.123215     0.091576     0.0914742   
-0.020398    20.1915      -0.0611912    0.091576     0.113532     0.0550747   
0.000961197  -0.0611912   20.166        0.0914742    0.0550747    0.12058     

Stress Spherical
0            0            0             0            0            0           
0            0            0             0            0            0           
0            0            0             0            0            0           

Inertia
150.042      -56.2468     -56.1863      0.213412     0.178793     0.225946    
-56.2468     149.952      -56.2669      0.178793     0.540416     0.078643    
-56.1863     -56.2669     150.032       0.225946     0.078643     0.417559    

Bond Length
0.61923315    0.0021817355

BB bond length
0.61923315    0.0021817355

Water EE distance
0             0           

PEG EE distance
7.2393797     0.11466012  

BBB P2(x)
0.51481412    0.0093705327

BBB first bond length
0.61911137    0.0022592837

BBB second bond length
0.61919978    0.0022700143

BBB <phi**2>/<phi>**2
1.2235122     0.0059612773

Time = 21000
Temperature
1.0168351     0.0095703347

Pressure
23.283215     0.10997844  

CM Mom
1.0747014e-16  1.9517839e-17 
-7.9952546e-17 1.7430932e-17 
5.475172e-17   2.3234054e-17 
1.4780552e-16  1.7835994e-17 

CM Pos
7.5011946      0.015011024   
7.5014192      0.01126757    
7.5029639      0.0083274331  
12.993614      0.010386908   

Stress
20.2564      -0.00229075  -0.00610011   0.102723     0.0844785    0.0709842   
-0.00229075  20.252       0.0108594     0.0844785    0.151242     0.0796266   
-0.00610011  0.0108594    20.2122       0.0709842    0.0796266    0.133228    

Stress Spherical
0            0            0             0            0            0           
0            0            0             0            0            0           
0            0            0             0            0            0           

Inertia
150.098      -56.2626     -56.3157      0.196726     0.160099     0.103328    
-56.2626     150.099      -56.2731      0.160099     0.222801     0.0880581   
-56.3157     -56.2731     150.078       0.103328     0.0880581    0.293252    

Bond Length
0.61944227    0.0029065745

BB bond length
0.61944227    0.0029065745

Water EE distance
0             0           

PEG EE distance
7.0977594     0.27324798  

BBB P2(x)
0.50801289    0.013088411 

BBB first bond length
0.61943626    0.003202905 

BBB second bond length
0.61964766    0.0030749666

BBB <phi**2>/<phi>**2
1.2258943     0.013076682 

Time = 22000
Temperature
1.0107328     0.0056491201

Pressure
23.227915     0.10758321  

CM Mom
1.0709035e-16  8.7869868e-18 
-7.3678687e-17 3.351783e-17  
7.7144699e-17  3.9437128e-17 
1.5720051e-16  2.9868735e-17 

CM Pos
7.4982243      0.014117507   
7.5046866      0.009009357   
7.4925679      0.01225045    
12.987783      0.013678755   

Stress
20.1969      -0.00068646  -0.0232701    0.13473      0.0635519    0.0439803   
-0.00068646  20.1921      -0.00510825   0.0635519    0.137598     0.0510281   
-0.0232701   -0.00510825  20.2207       0.0439803    0.0510281    0.128279    

Stress Spherical
0            0            0             0            0            0           
0            0            0             0            0            0           
0            0            0             0            0            0           

Inertia
149.949      -56.2848     -56.1636      0.242731     0.181393     0.152798    
-56.2848     149.878      -56.2437      0.181393     0.253302     0.110695    
-56.1636     -56.2437     150.044       0.152798     0.110695     0.342287    

Bond Length
0.61876798    0.0023399181

BB bond length
0.61876798    0.0023399181

Water EE distance
0             0           

PEG EE distance
6.7538791     0.076292308 

BBB P2(x)
0.50313638    0.01419107  

BBB first bond length
0.61874906    0.0022686288

BBB second bond length
0.61880682    0.0026669396

BBB <phi**2>/<phi>**2
1.2287462     0.010162381 

Time = 23000
Temperature
1.0106634     0.0062502221

Pressure
23.252612     0.052644231 

CM Mom
1.0265771e-16  1.1912407e-17 
-5.0842993e-17 1.9949036e-17 
7.3592122e-17  1.5090771e-17 
1.3793219e-16  1.6784726e-17 

CM Pos
7.5074322      0.012083671   
7.504241       0.011676139   
7.4955382      0.010293697   
12.994554      0.014554041   

Stress
20.2584      0.0090068    0.0251443     0.0851937    0.0961918    0.0869869   
0.0090068    20.2124      0.00397915    0.0961918    0.0857005    0.08075     
0.0251443    0.00397915   20.2135       0.0869869    0.08075      0.0815501   

Stress Spherical
0            0            0             0            0            0           
0            0            0             0            0            0           
0            0            0             0            0            0           

Inertia
150.011      -56.3045     -56.3241      0.288182     0.162147     0.145923    
-56.3045     150.067      -56.2258      0.162147     0.272485     0.177715    
-56.3241     -56.2258     150.174       0.145923     0.177715     0.318768    

Bond Length
0.6178607     0.002439198 

BB bond length
0.6178607     0.002439198 

Water EE distance
0             0           

PEG EE distance
6.8903465     0.17006457  

BBB P2(x)
0.50789661    0.014011878 

BBB first bond length
0.61761706    0.0024313059

BBB second bond length
0.61807243    0.0023952464

BBB <phi**2>/<phi>**2
1.2268955     0.010500985 

Time = 24000
Temperature
1.0101521     0.0058393163

Pressure
23.218197     0.067127154 

CM Mom
9.4853168e-17  1.8402936e-17 
-6.1352875e-17 1.750546e-17  
6.9624724e-17  1.3088529e-17 
1.345868e-16   1.7655424e-17 

CM Pos
7.5029768      0.012246848   
7.4895381      0.025428588   
7.5099441      0.013563724   
12.99184       0.013497985   

Stress
20.2286      0.0168727    -0.0190272    0.0701046    0.0693469    0.0726354   
0.0168727    20.1919      0.0123622     0.0693469    0.117721     0.0695577   
-0.0190272   0.0123622    20.1652       0.0726354    0.0695577    0.124911    

Stress Spherical
0            0            0             0            0            0           
0            0            0             0            0            0           
0            0            0             0            0            0           

Inertia
149.997      -56.2056     -56.3566      0.302943     0.201531     0.206356    
-56.2056     150.22       -56.2085      0.201531     0.328426     0.154548    
-56.3566     -56.2085     149.89        0.206356     0.154548     0.342972    

Bond Length
0.61862724    0.0021095234

BB bond length
0.61862724    0.0021095234

Water EE distance
0             0           

PEG EE distance
7.2463575     0.2360176   

BBB P2(x)
0.51367259    0.015406236 

BBB first bond length
0.6185875     0.0020010771

BBB second bond length
0.61861677    0.0019805774

BBB <phi**2>/<phi>**2
1.2252677     0.0072307135

Time = 25000
Temperature
1.0096681     0.0082779791

Pressure
23.261249     0.092148747 

CM Mom
1.1614753e-16  1.7891466e-17 
-4.86547e-17   2.6499798e-17 
3.9411543e-17  2.2902829e-17 
1.3646117e-16  1.8331196e-17 

CM Pos
7.500155       0.01573767    
7.4975579      0.0071163259  
7.4955382      0.0079756762  
12.986496      0.0086030607  

Stress
20.2228      -0.0266067   -0.0452023    0.103624     0.0526542    0.0542003   
-0.0266067   20.2538      0.015394      0.0526542    0.0803263    0.0673344   
-0.0452023   0.015394     20.2426       0.0542003    0.0673344    0.109929    

Stress Spherical
0            0            0             0            0            0           
0            0            0             0            0            0           
0            0            0             0            0            0           

Inertia
149.911      -56.2246     -56.2217      0.178087     0.118684     0.123702    
-56.2246     149.963      -56.1531      0.118684     0.231435     0.128351    
-56.2217     -56.1531     149.98        0.123702     0.128351     0.229609    

Bond Length
0.6182955     0.0022998085

BB bond length
0.6182955     0.0022998085

Water EE distance
0             0           

PEG EE distance
7.41113       0.14104282  

BBB P2(x)
0.51646649    0.012598633 

BBB first bond length
0.61834213    0.0024546385

BBB second bond length
0.61873939    0.00236139  

BBB <phi**2>/<phi>**2
1.2288549     0.0099679114

Time = 26000
Temperature
1.0090182     0.0075687925

Pressure
23.227169     0.064343132 

CM Mom
1.007796e-16   1.9741483e-17 
-4.4265901e-17 2.3918495e-17 
4.7356508e-17  7.8270164e-18 
1.2228459e-16  2.0692947e-17 

CM Pos
7.5052045      0.013237831   
7.5079539      0.011247978   
7.4925679      0.01550825    
12.993706      0.013643824   

Stress
20.1886      0.00170094   0.0289958     0.135752     0.0584633    0.062361    
0.00170094   20.2598      -0.0258193    0.0584633    0.0950628    0.0633501   
0.0289958    -0.0258193   20.1743       0.062361     0.0633501    0.0952473   

Stress Spherical
0            0            0             0            0            0           
0            0            0             0            0            0           
0            0            0             0            0            0           

Inertia
150.031      -56.3239     -56.2535      0.335095     0.160549     0.190067    
-56.3239     150.005      -56.2927      0.160549     0.260882     0.178183    
-56.2535     -56.2927     150.218       0.190067     0.178183     0.299472    

Bond Length
0.61865911    0.0027133525

BB bond length
0.61865911    0.0027133525

Water EE distance
0             0           

PEG EE distance
7.3783553     0.10528742  

BBB P2(x)
0.50909173    0.012135733 

BBB first bond length
0.61871277    0.0029823352

BBB second bond length
0.61857814    0.0027551926

BBB <phi**2>/<phi>**2
1.2261813     0.014174354 

Time = 27000
Temperature
1.0086928     0.0091791093

Pressure
23.210604     0.071499343 

CM Mom
9.4194729e-17  2.503001e-17  
-5.9076781e-17 2.0646425e-17 
3.9511573e-17  1.7921362e-17 
1.2273386e-16  1.5304495e-17 

CM Pos
7.5071352      0.0092461678  
7.5009737      0.017849607   
7.4933105      0.011299824   
12.991215      0.016048982   

Stress
20.1621      0.0433871    -0.00118126   0.115409     0.0509879    0.083768    
0.0433871    20.24        0.00947153    0.0509879    0.120883     0.0484256   
-0.00118126  0.00947153   20.1739       0.083768     0.0484256    0.111311    

Stress Spherical
0            0            0             0            0            0           
0            0            0             0            0            0           
0            0            0             0            0            0           

Inertia
149.915      -56.3222     -56.2569      0.309943     0.173214     0.165884    
-56.3222     150.013      -56.2167      0.173214     0.235653     0.173142    
-56.2569     -56.2167     150.136       0.165884     0.173142     0.354711    

Bond Length
0.62042864    0.0021191014

BB bond length
0.62042864    0.0021191014

Water EE distance
0             0           

PEG EE distance
7.0382017     0.21661063  

BBB P2(x)
0.50562735    0.009647479 

BBB first bond length
0.62038217    0.002157325 

BBB second bond length
0.62059754    0.0020475521

BBB <phi**2>/<phi>**2
1.2241957     0.0083588066

Time = 28000
Temperature
1.0087509     0.0080879417

Pressure
23.228539     0.082178518 

CM Mom
7.5429212e-17  1.7640417e-17 
-6.7829302e-17 1.5798915e-17 
4.6502956e-17  1.2066097e-17 
1.132567e-16   1.8226499e-17 

CM Pos
7.5028282      0.008722008   
7.4960727      0.012297173   
7.4949441      0.011557471   
12.986835      0.013919919   

Stress
20.1887      0.00391077   0.0176428     0.0646138    0.0602372    0.0492215   
0.00391077   20.2358      0.0377649     0.0602372    0.0954345    0.0696152   
0.0176428    0.0377649    20.2047       0.0492215    0.0696152    0.119123    

Stress Spherical
0            0            0             0            0            0           
