Time = 1000
Temperature
   1.0900676     0.1092959

Pressure
   23.746822    0.65779086

CM Mom
-5.2900685e-17 9.8564674e-18 
3.1842537e-17  2.4505938e-17 
-8.9898475e-18 2.7078734e-16 
2.1427674e-16  1.7889159e-16 

CM Pos
7.4945842      0.053824951   
7.5046346      0.024485971   
7.4972182      0.035761757   
12.988489      0.023182199   

Stress
20.4813      -0.025851    0.0640583     0.390567     0.084258     0.0418111   
-0.025851    20.4799      -0.0118104    0.084258     0.323031     0.0913272   
0.0640583    -0.0118104   20.4725       0.0418111    0.0913272    0.380042    

Stress Spherical
0            0            0             0            0            0           
0            0            0             0            0            0           
0            0            0             0            0            0           

Inertia
150.112      -56.284      -56.1943      1.47456      0.552639     0.189748    
-56.284      149.975      -56.2271      0.552639     0.899765     0.154517    
-56.1943     -56.2271     150.075       0.189748     0.154517     0.499555    

Bond Length
0.61829651    0.0055136733

BB bond length
0.61829651    0.0055136733

Water EE distance
0             0           

PEG EE distance
6.8861928     0.23717891  

BBB P2(x)
0.47125484    0.058458542 

BBB first bond length
0.61822773    0.0055452492

BBB second bond length
0.61824374    0.0055604414

BBB <phi**2>/<phi>**2
1.2183894     0.011232366 

Time = 2000
Temperature
1.0074584     0.0061621598

Pressure
23.269654     0.084615237 

CM Mom
-6.6196815e-17 1.2774019e-17 
5.7019457e-17  1.6966707e-17 
-2.2696717e-17 4.262325e-17  
9.9870483e-17  2.1025e-17    

CM Pos
7.499475       0.015120715   
7.5031526      0.016856517   
7.4902525      0.012842775   
12.986287      0.018532915   

Stress
20.2548      -0.0352449   -0.0131231    0.08122      0.0448895    0.0784226   
-0.0352449   20.2187      -0.00619282   0.0448895    0.0883021    0.0509172   
-0.0131231   -0.00619282  20.2719       0.0784226    0.0509172    0.153378    

Stress Spherical
0            0            0             0            0            0           
0            0            0             0            0            0           
0            0            0             0            0            0           

Inertia
149.77       -56.2865     -56.1709      0.310884     0.211428     0.210825    
-56.2865     149.733      -56.1993      0.211428     0.256812     0.158227    
-56.1709     -56.1993     149.913       0.210825     0.158227     0.318583    

Bond Length
0.61799967    0.0025842475

BB bond length
0.61799967    0.0025842475

Water EE distance
0             0           

PEG EE distance
7.6072108     0.16627629  

BBB P2(x)
0.51029188    0.0084246101

BBB first bond length
0.61772762    0.0028310523

BBB second bond length
0.61788721    0.0024838246

BBB <phi**2>/<phi>**2
1.2297354     0.010828403 

Time = 3000
Temperature
1.0150571     0.0073807547

Pressure
23.349358     0.068478791 

CM Mom
-4.7477227e-17 1.1887138e-17 
7.135769e-17   2.3578782e-17 
-3.3449568e-17 1.168005e-17  
9.4314441e-17  2.0083662e-17 

CM Pos
7.5058479      0.0099021597  
7.5001884      0.010349031   
7.4995896      0.011437871   
12.993641      0.0068817158  

Stress
20.3181      -0.0337698   -0.0162701    0.0970572    0.0806524    0.0797796   
-0.0337698   20.2972      -0.0260071    0.0806524    0.0980142    0.0652952   
-0.0162701   -0.0260071   20.3009       0.0797796    0.0652952    0.0879538   

Stress Spherical
0            0            0             0            0            0           
0            0            0             0            0            0           
0            0            0             0            0            0           

Inertia
149.93       -56.2939     -56.2982      0.210749     0.126136     0.0688384   
-56.2939     150.041      -56.2333      0.126136     0.182409     0.129473    
-56.2982     -56.2333     150.039       0.0688384    0.129473     0.122483    

Bond Length
0.61908583    0.0023876893

BB bond length
0.61908583    0.0023876893

Water EE distance
0             0           

PEG EE distance
7.5968189     0.16509167  

BBB P2(x)
0.51410312    0.0058171869

BBB first bond length
0.6190721     0.002480644 

BBB second bond length
0.61908311    0.002510625 

BBB <phi**2>/<phi>**2
1.2242485     0.0067461401

Time = 4000
Temperature
1.0085121     0.0078551274

Pressure
23.31737      0.078763183 

CM Mom
-4.2989331e-17 1.6076241e-17 
6.5827691e-17  1.9954843e-17 
-1.177137e-17  1.0393808e-17 
8.3555993e-17  1.0148944e-17 

CM Pos
7.5005125      0.0089121409  
7.5035972      0.014494736   
7.4987003      0.013008463   
12.992015      0.013056163   

Stress
20.2858      -0.00511768  -0.0228849    0.136667     0.0766732    0.0589533   
-0.00511768  20.3223      -0.0424996    0.0766732    0.0540872    0.0646351   
-0.0228849   -0.0424996   20.2711       0.0589533    0.0646351    0.111261    

Stress Spherical
0            0            0             0            0            0           
0            0            0             0            0            0           
0            0            0             0            0            0           

Inertia
149.99       -56.2943     -56.2788      0.287849     0.13404      0.153383    
-56.2943     149.958      -56.2469      0.13404      0.263107     0.189516    
-56.2788     -56.2469     150.03        0.153383     0.189516     0.21683     

Bond Length
0.61889419    0.0019911979

BB bond length
0.61889419    0.0019911979

Water EE distance
0             0           

PEG EE distance
7.2568939     0.21169982  

BBB P2(x)
0.51653482    0.012973865 

BBB first bond length
0.61878762    0.0019916472

BBB second bond length
0.61881421    0.0021290695

BBB <phi**2>/<phi>**2
1.2286355     0.011812759 

Time = 5000
Temperature
1.0104049     0.0089558148

Pressure
23.256748     0.081248183 

CM Mom
-3.5954728e-17 2.2338775e-17 
6.0587013e-17  1.3167242e-17 
-3.6274763e-17 1.418958e-17  
8.3745867e-17  1.1821936e-17 

CM Pos
7.5002161      0.01217101    
7.5074506      0.0094539147  
7.4964772      0.012928008   
12.992787      0.010271925   

Stress
20.2358      0.00996188   -0.0289908    0.115242     0.0471613    0.0589932   
0.00996188   20.1994      0.00766946    0.0471613    0.138484     0.0367846   
-0.0289908   0.00766946   20.245        0.0589932    0.0367846    0.141307    

Stress Spherical
0            0            0             0            0            0           
0            0            0             0            0            0           
0            0            0             0            0            0           

Inertia
150.024      -56.298      -56.1979      0.241188     0.123275     0.121972    
-56.298      149.899      -56.3052      0.123275     0.228001     0.134946    
-56.1979     -56.3052     150.055       0.121972     0.134946     0.230592    

Bond Length
0.61884184    0.0022486106

BB bond length
0.61884184    0.0022486106

Water EE distance
0             0           

PEG EE distance
6.8554194     0.17670997  

BBB P2(x)
0.51735049    0.0086209807

BBB first bond length
0.61889475    0.0024256529

BBB second bond length
0.61871657    0.0022894272

BBB <phi**2>/<phi>**2
1.229097      0.007730044 

Time = 6000
Temperature
1.0092389     0.006347623 

Pressure
23.280084     0.090286038 

CM Mom
-4.0477452e-17 1.1641258e-17 
8.5920797e-17  1.1707151e-17 
-8.4742125e-17 2.3412735e-17 
1.2937386e-16  1.6887058e-17 

CM Pos
7.5033284      0.012576629   
7.5009295      0.017258923   
7.4929203      0.015880263   
12.988777      0.010395242   

Stress
20.2983      0.0314354    0.0402031     0.0981543    0.0723997    0.0752028   
0.0314354    20.2137      0.0242194     0.0723997    0.112277     0.0558687   
0.0402031    0.0242194    20.2488       0.0752028    0.0558687    0.137121    

Stress Spherical
0            0            0             0            0            0           
0            0            0             0            0            0           
0            0            0             0            0            0           

Inertia
149.867      -56.2798     -56.2296      0.324283     0.225283     0.121455    
-56.2798     149.921      -56.1834      0.225283     0.213636     0.203343    
-56.2296     -56.1834     150.029       0.121455     0.203343     0.310546    

Bond Length
0.61924246    0.0028829892

BB bond length
0.61924246    0.0028829892

Water EE distance
0             0           

PEG EE distance
7.0498198     0.21227323  

BBB P2(x)
0.494792      0.012955174 

BBB first bond length
0.6193061     0.0031730136

BBB second bond length
0.61890337    0.0032373057

BBB <phi**2>/<phi>**2
1.2211982     0.0065488378

Time = 7000
Temperature
1.012943      0.00760262  

Pressure
23.264822     0.066785054 

CM Mom
-4.6407564e-17 1.4070326e-17 
6.1733188e-17  1.5121173e-17 
-7.5139322e-17 3.4230421e-17 
1.1337246e-16  1.8857275e-17 

CM Pos
7.5015499      0.009991594   
7.4992992      0.0067981494  
7.4936613      0.014578598   
12.987223      0.0099106869  

Stress
20.2024      0.00964499   -0.030151     0.11817      0.0914802    0.0634752   
0.00964499   20.2534      0.00657244    0.0914802    0.111428     0.0566698   
-0.030151    0.00657244   20.2258       0.0634752    0.0566698    0.117348    

Stress Spherical
0            0            0             0            0            0           
0            0            0             0            0            0           
0            0            0             0            0            0           

Inertia
149.851      -56.2751     -56.2083      0.160378     0.0924447    0.174974    
-56.2751     149.888      -56.1403      0.0924447    0.3393       0.0995128   
-56.2083     -56.1403     149.954       0.174974     0.0995128    0.173944    

Bond Length
0.61838529    0.0022967221

BB bond length
0.61838529    0.0022967221

Water EE distance
0             0           

PEG EE distance
7.1620982     0.29497756  

BBB P2(x)
0.5095317     0.0055517099

BBB first bond length
0.61847317    0.002401587 

BBB second bond length
0.61852579    0.0026393647

BBB <phi**2>/<phi>**2
1.2261528     0.0067718745

Time = 8000
Temperature
1.0125069     0.0057170347

Pressure
23.271531     0.079661628 

CM Mom
-6.9875162e-17 2.2365932e-17 
7.0308183e-17  2.2652084e-17 
-7.9482798e-17 1.3253494e-17 
1.2928121e-16  2.4873054e-17 

CM Pos
7.5055515      0.017420435   
7.4995956      0.012325238   
7.49707        0.020280504   
12.991691      0.011020914   

Stress
20.2018      -0.0169359   0.0252125     0.120471     0.0667885    0.0747056   
-0.0169359   20.2662      0.00603093    0.0667885    0.0739301    0.0494136   
0.0252125    0.00603093   20.2376       0.0747056    0.0494136    0.135102    

Stress Spherical
0            0            0             0            0            0           
0            0            0             0            0            0           
0            0            0             0            0            0           

Inertia
149.932      -56.2844     -56.2646      0.282162     0.190122     0.104938    
-56.2844     150.017      -56.2211      0.190122     0.278832     0.149153    
-56.2646     -56.2211     150.064       0.104938     0.149153     0.334627    

Bond Length
0.61945172    0.0019021235

BB bond length
0.61945172    0.0019021235

Water EE distance
0             0           

PEG EE distance
7.179145      0.11392982  

BBB P2(x)
0.50848691    0.014329331 

BBB first bond length
0.61952297    0.0017628133

BBB second bond length
0.61950995    0.0018056914

BBB <phi**2>/<phi>**2
1.2191543     0.0079681492

Time = 9000
Temperature
1.0129839     0.0099163666

Pressure
23.31637      0.073277329 

CM Mom
-7.9826418e-17 2.7447043e-17 
3.6792249e-17  1.7774991e-17 
-8.2982891e-17 2.0216102e-17 
1.2337125e-16  2.9489042e-17 

CM Pos
7.5008089      0.010604808   
7.4918889      0.0097004653  
7.5081855      0.018308177   
12.990913      0.0097714952  

Stress
20.2233      -0.00144063  -0.0262245    0.0880539    0.081507     0.089457    
-0.00144063  20.3105      -0.024962     0.081507     0.111578     0.0906359   
-0.0262245   -0.024962    20.302        0.089457     0.0906359    0.135701    

Stress Spherical
0            0            0             0            0            0           
0            0            0             0            0            0           
0            0            0             0            0            0           

Inertia
149.985      -56.1623     -56.3082      0.284578     0.1084       0.165723    
-56.1623     150.122      -56.2671      0.1084       0.272342     0.21195     
-56.3082     -56.2671     149.873       0.165723     0.21195      0.197647    

Bond Length
0.61893237    0.0018775372

BB bond length
0.61893237    0.0018775372

Water EE distance
0             0           

PEG EE distance
7.2783188     0.16205869  

BBB P2(x)
0.50826702    0.0054178328

BBB first bond length
0.61907165    0.0018023048

BBB second bond length
0.61910083    0.0021879404

BBB <phi**2>/<phi>**2
1.2309857     0.0049116646

Time = 10000
Temperature
1.0119359     0.0046132361

Pressure
23.320214     0.10483645  

CM Mom
-6.6121674e-17 1.2785091e-17 
3.7311655e-17  1.9045549e-17 
-8.5486405e-17 1.6382157e-17 
1.1656385e-16  1.6721158e-17 

CM Pos
7.5042176      0.015402805   
7.5016705      0.011741114   
7.4979593      0.012893983   
12.992621      0.0081413153  

Stress
20.2635      -0.0223105   -0.0129995    0.109724     0.0679584    0.0901144   
-0.0223105   20.3049      -0.0269764    0.0679584    0.0998147    0.0448859   
-0.0129995   -0.0269764   20.2884       0.0901144    0.0448859    0.155878    

Stress Spherical
0            0            0             0            0            0           
0            0            0             0            0            0           
0            0            0             0            0            0           

Inertia
150.002      -56.3226     -56.2612      0.136446     0.092944     0.145317    
-56.3226     150.028      -56.2569      0.092944     0.34869      0.0747204   
-56.2612     -56.2569     150.091       0.145317     0.0747204    0.276089    

Bond Length
0.61842705    0.0024432119

BB bond length
0.61842705    0.0024432119

Water EE distance
0             0           

PEG EE distance
6.9659945     0.22875908  

BBB P2(x)
0.50335559    0.0073894446

BBB first bond length
0.61847097    0.0024666499

BBB second bond length
0.61831345    0.0023415068

BBB <phi**2>/<phi>**2
1.2198624     0.006655753 

Time = 11000
Temperature
1.0152888     0.0072871925

Pressure
23.29846      0.079963462 

CM Mom
-4.0587147e-17 1.2132655e-17 
2.1372287e-17  1.4246342e-17 
-8.6037897e-17 3.1794244e-17 
9.915611e-17   3.2182451e-17 

CM Pos
7.5016981      0.011349189   
7.4958904      0.01619527    
7.5019609      0.01822159    
12.990138      0.017576836   

Stress
20.2827      -0.0128442   0.0159241     0.112306     0.062823     0.0487117   
-0.0128442   20.2333      -0.00639636   0.062823     0.120945     0.0541575   
0.0159241    -0.00639636  20.2453       0.0487117    0.0541575    0.0908647   

Stress Spherical
0            0            0             0            0            0           
0            0            0             0            0            0           
0            0            0             0            0            0           

Inertia
149.947      -56.2211     -56.2596      0.473619     0.143135     0.204839    
-56.2211     150.026      -56.2317      0.143135     0.343262     0.216903    
-56.2596     -56.2317     149.966       0.204839     0.216903     0.247433    

Bond Length
0.61825984    0.0019831518

BB bond length
0.61825984    0.0019831518

Water EE distance
0             0           

PEG EE distance
6.7380353     0.11296751  

BBB P2(x)
0.51393667    0.013943384 

BBB first bond length
0.61842369    0.0016755995

BBB second bond length
0.61826999    0.0020392742

BBB <phi**2>/<phi>**2
1.2280626     0.0084723113

Time = 12000
Temperature
1.0145294     0.007653224 

Pressure
23.307434     0.06012815  

CM Mom
-4.5700305e-17 6.3778929e-18 
5.0121562e-17  2.0680613e-17 
-3.6685845e-17 2.0696268e-17 
8.0665177e-17  1.8340395e-17 

CM Pos
7.5003643      0.0097196932  
7.4963351      0.011952482   
7.5069999      0.012466994   
12.992526      0.014461551   

Stress
20.3025      0.000929478  -0.0279052    0.0599454    0.058157     0.0401974   
0.000929478  20.2396      -0.0186136    0.058157     0.121207     0.0582677   
-0.0279052   -0.0186136   20.253        0.0401974    0.0582677    0.119824    

Stress Spherical
0            0            0             0            0            0           
0            0            0             0            0            0           
0            0            0             0            0            0           

Inertia
150.041      -56.2627     -56.3095      0.299781     0.110446     0.157143    
-56.2627     150.106      -56.2475      0.110446     0.323211     0.176022    
-56.3095     -56.2475     149.947       0.157143     0.176022     0.211121    

Bond Length
0.61989425    0.0022727742

BB bond length
0.61989425    0.0022727742

Water EE distance
0             0           

PEG EE distance
6.7432529     0.12337526  

BBB P2(x)
0.51223945    0.010638381 

BBB first bond length
0.61995311    0.002243611 

BBB second bond length
0.61989347    0.0022773176

BBB <phi**2>/<phi>**2
1.2295098     0.01035156  

Time = 13000
Temperature
1.0089704     0.0035617879

Pressure
23.328757     0.051569187 

CM Mom
-3.7760307e-17 1.4165219e-17 
6.2032656e-17  9.0366104e-18 
-3.8624978e-17 1.9585807e-17 
8.4754422e-17  1.5760255e-17 

CM Pos
7.4960663      0.011495338   
7.4967797      0.01129584    
7.4976629      0.013590643   
12.984917      0.0059289301  

Stress
20.3183      -0.0276685   9.22575e-05   0.0909989    0.0510008    0.0769725   
-0.0276685   20.3034      -0.0135763    0.0510008    0.0508188    0.0735367   
9.22575e-05  -0.0135763   20.2874       0.0769725    0.0735367    0.0965071   

Stress Spherical
0            0            0             0            0            0           
0            0            0             0            0            0           
0            0            0             0            0            0           

Inertia
149.909      -56.2055     -56.1937      0.158628     0.100133     0.148617    
-56.2055     149.904      -56.2638      0.100133     0.289738     0.0999946   
-56.1937     -56.2638     149.881       0.148617     0.0999946    0.226518    

Bond Length
0.6191009     0.0021257058

BB bond length
0.6191009     0.0021257058

Water EE distance
0             0           

PEG EE distance
7.0180449     0.08629518  

BBB P2(x)
0.51834081    0.0078218408

BBB first bond length
0.61922711    0.0022154065

BBB second bond length
0.6192188     0.0021871229

BBB <phi**2>/<phi>**2
1.2247624     0.0076912487

Time = 14000
Temperature
1.0081119     0.0062293783

Pressure
23.237038     0.089780117 

CM Mom
-4.8088091e-17 2.5056971e-17 
7.2687193e-17  1.4392929e-17 
-1.9105028e-17 1.5587286e-17 
9.3545458e-17  1.6973914e-17 

CM Pos
7.5014017      0.010894957   
7.4997438      0.016734236   
7.5040358      0.012289544   
12.993389      0.011022775   

Stress
20.1928      0.0438379    -0.000307604  0.122574     0.0456107    0.086417    
0.0438379    20.2696      -0.00999541   0.0456107    0.111369     0.0712763   
-0.000307604 -0.00999541  20.1792       0.086417     0.0712763    0.11294     

Stress Spherical
0            0            0             0            0            0           
0            0            0             0            0            0           
0            0            0             0            0            0           

Inertia
150.059      -56.2639     -56.2895      0.273575     0.110451     0.113006    
-56.2639     150.085      -56.2716      0.110451     0.216265     0.154438    
-56.2895     -56.2716     150.039       0.113006     0.154438     0.306727    

Bond Length
0.61928771    0.0019572324

BB bond length
0.61928771    0.0019572324

Water EE distance
0             0           

PEG EE distance
7.3828424     0.1403495   

BBB P2(x)
0.51333276    0.011332841 

BBB first bond length
0.61932974    0.0018714629

BBB second bond length
0.61915712    0.0020673909

BBB <phi**2>/<phi>**2
1.2250792     0.0091347468

Time = 15000
Temperature
1.0101938     0.010860226 

Pressure
23.254246     0.091209737 

CM Mom
-5.6643478e-17 1.5026381e-17 
6.9017896e-17  2.1667599e-17 
-4.9536065e-17 1.5314234e-17 
1.0482549e-16  1.9162344e-17 

CM Pos
7.498734       0.012456418   
7.5001884      0.0076667427  
7.5058142      0.016332351   
12.993128      0.014229146   

Stress
20.1914      -0.0306175   -0.0227845    0.106659     0.0703566    0.0706925   
-0.0306175   20.2508      -0.00647745   0.0703566    0.157925     0.0857616   
-0.0227845   -0.00647745  20.2324       0.0706925    0.0857616    0.0908387   

Stress Spherical
0            0            0             0            0            0           
0            0            0             0            0            0           
0            0            0             0            0            0           

Inertia
150.074      -56.2088     -56.2798      0.313316     0.159872     0.166912    
-56.2088     150.061      -56.3405      0.159872     0.305413     0.161161    
-56.2798     -56.3405     149.989       0.166912     0.161161     0.289307    

Bond Length
0.61978158    0.0019309323

BB bond length
0.61978158    0.0019309323

Water EE distance
0             0           

PEG EE distance
6.9994257     0.27628609  

BBB P2(x)
0.49770037    0.0075636991

BBB first bond length
0.61980801    0.0019909611

BBB second bond length
0.61960137    0.0018646967

BBB <phi**2>/<phi>**2
1.2201985     0.0092101112

Time = 16000
Temperature
1.0071852     0.010872802 

Pressure
23.261617     0.068552265 

CM Mom
-5.5318294e-17 1.4697521e-17 
6.7333529e-17  1.2456095e-17 
-7.716604e-17  4.7747164e-17 
1.1993993e-16  4.2589795e-17 

CM Pos
7.5014017      0.013489252   
7.5022633      0.014689669   
7.4997378      0.013039663   
12.992366      0.0072585264  

Stress
20.2224      0.0281929    -0.0099111    0.0891071    0.10855      0.0794339   
0.0281929    20.2338      -0.0170472    0.10855      0.0690186    0.0731677   
-0.0099111   -0.0170472   20.2676       0.0794339    0.0731677    0.116806    

Stress Spherical
0            0            0             0            0            0           
0            0            0             0            0            0           
0            0            0             0            0            0           

Inertia
150.021      -56.2948     -56.3096      0.219733     0.193179     0.0896937   
-56.2948     150.012      -56.3013      0.193179     0.189161     0.119295    
-56.3096     -56.3013     150.046       0.0896937    0.119295     0.312005    

Bond Length
0.61893586    0.0031990607

BB bond length
0.61893586    0.0031990607

Water EE distance
0             0           

PEG EE distance
6.9677747     0.087481728 

BBB P2(x)
0.51262128    0.015024955 

BBB first bond length
0.61917236    0.0031524646

BBB second bond length
0.61887438    0.0032183956

BBB <phi**2>/<phi>**2
1.2308983     0.0079629414

Time = 17000
Temperature
1.0109107     0.0093275566

Pressure
23.295766     0.07911679  

CM Mom
-9.5516915e-18 1.5930994e-17 
7.1508795e-17  1.3698051e-17 
-6.9164887e-17 2.1082161e-17 
1.0277212e-16  1.7672215e-17 

CM Pos
7.4935468      0.016812807   
7.49841        0.01893337    
7.4951434      0.0091312648  
12.982956      0.011979601   

Stress
20.3139      0.0208747    -0.00481318   0.0869665    0.0682748    0.0778363   
0.0208747    20.2671      0.0432252     0.0682748    0.158407     0.0937219   
-0.00481318  0.0432252    20.2117       0.0778363    0.0937219    0.0660725   

Stress Spherical
0            0            0             0            0            0           
0            0            0             0            0            0           
0            0            0             0            0            0           

Inertia
149.918      -56.2116     -56.1611      0.383675     0.173272     0.149359    
-56.2116     149.826      -56.215       0.173272     0.260134     0.207092    
-56.1611     -56.215      149.883       0.149359     0.207092     0.308301    

Bond Length
0.61941797    0.0016801464

BB bond length
0.61941797    0.0016801464

Water EE distance
0             0           

PEG EE distance
6.9542678     0.15427695  

BBB P2(x)
0.50755756    0.0074149514

BBB first bond length
0.61937765    0.0020720869

BBB second bond length
0.61935214    0.0017418138

BBB <phi**2>/<phi>**2
1.2246774     0.0040147812

Time = 18000
Temperature
1.0136864     0.005424887 

Pressure
23.260659     0.076197814 

CM Mom
-3.1167638e-17 1.6706792e-17 
7.4687207e-17  2.867543e-17  
-9.1040537e-17 1.5805847e-17 
1.2510781e-16  2.3178408e-17 

CM Pos
7.5021427      0.011846342   
7.5004848      0.012906753   
7.5102604      0.019314694   
12.997839      0.016705673   

Stress
20.2159      -0.00667038  0.00748329    0.0820167    0.0889306    0.0848343   
-0.00667038  20.2339      0.0607181     0.0889306    0.119309     0.119589    
0.00748329   0.0607181    20.2126       0.0848343    0.119589     0.117545    

Stress Spherical
0            0            0             0            0            0           
0            0            0             0            0            0           
0            0            0             0            0            0           

Inertia
150.177      -56.3022     -56.3353      0.391436     0.0996364    0.241224    
-56.3022     150.211      -56.3633      0.0996364    0.412679     0.163137    
-56.3353     -56.3633     150.047       0.241224     0.163137     0.248131    

Bond Length
0.61882098    0.0021802009

BB bond length
0.61882098    0.0021802009

Water EE distance
0             0           

PEG EE distance
6.772313      0.18195738  

BBB P2(x)
0.50443993    0.0086630749

BBB first bond length
0.6186461     0.002299161 

BBB second bond length
0.61874813    0.0022677186

BBB <phi**2>/<phi>**2
1.2267706     0.010937146 

Time = 19000
Temperature
1.009014      0.0089035245

Pressure
23.261224     0.086394298 

CM Mom
-4.8603658e-17 1.4957812e-17 
5.5425795e-17  1.2394619e-17 
-9.259135e-17  1.3168009e-17 
1.2001627e-16  1.2423604e-17 

CM Pos
7.50733        0.012350163   
7.5009295      0.018511604   
7.5019609      0.012271658   
12.996305      0.0086990691  

Stress
20.1917      0.010802     -0.0399413    0.0886607    0.0353145    0.0984738   
0.010802     20.2382      -0.00794897   0.0353145    0.17005      0.0641848   
-0.0399413   -0.00794897  20.2763       0.0984738    0.0641848    0.10298     

Stress Spherical
0            0            0             0            0            0           
0            0            0             0            0            0           
0            0            0             0            0            0           

Inertia
150.044      -56.32       -56.3189      0.235156     0.107441     0.214578    
-56.32       150.125      -56.276       0.107441     0.269874     0.110022    
-56.3189     -56.276      150.118       0.214578     0.110022     0.239833    

Bond Length
0.61939946    0.001454061 

BB bond length
0.61939946    0.001454061 

Water EE distance
0             0           

PEG EE distance
6.8928166     0.15568476  

BBB P2(x)
0.51105852    0.0069167322

BBB first bond length
0.6193778     0.0015911218

BBB second bond length
0.61946238    0.0014386853

BBB <phi**2>/<phi>**2
1.2221903     0.0091408579

Time = 20000
Temperature
1.0106036     0.0092408213

Pressure
23.361807     0.06279767  

CM Mom
-3.0228375e-17 1.3987072e-17 
5.7748929e-17  1.7504646e-17 
-8.594589e-17  1.4719201e-17 
1.0971846e-16  1.7775133e-17 

CM Pos
7.4993268      0.0064260893  
7.5019669      0.014078856   
7.5034429      0.015821369   
12.993127      0.014590302   

Stress
20.2858      0.00247424   -0.0379442    0.109981     0.0783368    0.0675838   
0.00247424   20.3205      0.0111635     0.0783368    0.0954318    0.0869097   
-0.0379442   0.0111635    20.3873       0.0675838    0.0869097    0.1081      

Stress Spherical
0            0            0             0            0            0           
0            0            0             0            0            0           
0            0            0             0            0            0           

Inertia
150.094      -56.2531     -56.24        0.35038      0.103361     0.137298    
-56.2531     150.043      -56.3265      0.103361     0.303868     0.191368    
-56.24       -56.3265     150.024       0.137298     0.191368     0.23724     

Bond Length
0.61818027    0.0026978048

BB bond length
0.61818027    0.0026978048

Water EE distance
0             0           

PEG EE distance
6.9250463     0.11902279  

BBB P2(x)
0.50537628    0.011347152 

BBB first bond length
0.61813207    0.0026450537

BBB second bond length
0.61815055    0.0026149782

BBB <phi**2>/<phi>**2
1.2241152     0.010860365 

Time = 21000
Temperature
1.0046115     0.0055565108

Pressure
23.298592     0.072326419 

CM Mom
-1.4242524e-17 1.1143622e-17 
2.9079594e-17  1.778747e-17  
-9.3762207e-17 1.6209776e-17 
1.0136202e-16  1.639806e-17  

CM Pos
7.4999196      0.016251458   
7.5009295      0.011268583   
7.4978111      0.012221437   
12.989623      0.011512784   

Stress
20.2755      -0.0283469   -0.00705425   0.160481     0.0407204    0.0848535   
-0.0283469   20.287       0.0157679     0.0407204    0.121773     0.065478    
-0.00705425  0.0157679    20.2953       0.0848535    0.065478     0.0874301   

Stress Spherical
0            0            0             0            0            0           
0            0            0             0            0            0           
0            0            0             0            0            0           

Inertia
149.993      -56.2518     -56.2572      0.23396      0.118044     0.172711    
-56.2518     149.952      -56.222       0.118044     0.357284     0.133014    
-56.2572     -56.222      150.016       0.172711     0.133014     0.216889    

Bond Length
0.61798062    0.0026339989

BB bond length
0.61798062    0.0026339989

Water EE distance
0             0           

PEG EE distance
6.9749989     0.17876709  

BBB P2(x)
0.51526589    0.0081475468

BBB first bond length
0.61807772    0.0027198982

BBB second bond length
0.61799489    0.0028564134

BBB <phi**2>/<phi>**2
1.2256997     0.0043545366

Time = 22000
Temperature
1.0127547     0.010161969 

Pressure
23.299603     0.073724424 

CM Mom
3.3413095e-18  1.3395693e-17 
5.1205074e-17  1.9324164e-17 
-1.3410185e-16 2.6533843e-17 
1.4509345e-16  2.8657188e-17 

CM Pos
7.5005125      0.014743401   
7.4994474      0.011576262   
7.5018127      0.0085921548  
12.991413      0.01404452    

Stress
20.3098      0.0446651    -0.0178916    0.110493     0.0861426    0.0865067   
0.0446651    20.2392      0.00890554    0.0861426    0.102099     0.055732    
-0.0178916   0.00890554   20.2386       0.0865067    0.055732     0.12725     

Stress Spherical
0            0            0             0            0            0           
0            0            0             0            0            0           
0            0            0             0            0            0           

Inertia
150.031      -56.2853     -56.278       0.269654     0.149987     0.126593    
-56.2853     150.03       -56.2643      0.149987     0.270946     0.130876    
-56.278      -56.2643     150.014       0.126593     0.130876     0.306604    

Bond Length
0.61965145    0.0016459146

BB bond length
0.61965145    0.0016459146

Water EE distance
0             0           

PEG EE distance
7.1971772     0.13346353  

BBB P2(x)
0.51635566    0.011456817 

BBB first bond length
0.61969032    0.0017256429

BBB second bond length
0.61952644    0.0016673736

BBB <phi**2>/<phi>**2
1.2251769     0.0062251601

Time = 23000
Temperature
1.0104074     0.010101026 

Pressure
23.337644     0.071131503 

CM Mom
-1.2464094e-17 2.2210388e-17 
4.8826613e-17  1.6105283e-17 
-1.2810291e-16 1.6675257e-17 
1.4018851e-16  1.810179e-17  

CM Pos
7.4976965      0.0095233616  
7.4988546      0.010074786   
7.4989967      0.012519738   
12.98782       0.0098677555  

Stress
20.2664      0.0138159    -0.0238552    0.072305     0.0823242    0.0751821   
0.0138159    20.3098      -0.00828449   0.0823242    0.174309     0.0717303   
-0.0238552   -0.00828449  20.3467       0.0751821    0.0717303    0.118275    

Stress Spherical
0            0            0             0            0            0           
0            0            0             0            0            0           
0            0            0             0            0            0           

Inertia
149.96       -56.2202     -56.2471      0.200309     0.114003     0.166865    
-56.2202     149.946      -56.2384      0.114003     0.330077     0.122588    
-56.2471     -56.2384     149.957       0.166865     0.122588     0.187177    

Bond Length
0.61847556    0.0018603816

BB bond length
0.61847556    0.0018603816

Water EE distance
0             0           

PEG EE distance
7.3096765     0.13628374  

BBB P2(x)
0.51738015    0.0075805886

BBB first bond length
0.6183995     0.0017890554

BBB second bond length
0.61824156    0.0018204319

BBB <phi**2>/<phi>**2
1.2271614     0.0072852334

Time = 24000
Temperature
1.0098457     0.0080356071

Pressure
23.272571     0.090421043 

CM Mom
-1.0458595e-17 1.6846714e-17 
4.6295675e-17  1.1774044e-17 
-1.7601933e-16 1.9340062e-17 
1.833178e-16   2.06528e-17   

CM Pos
7.5079228      0.014487916   
7.5006331      0.013651921   
7.4979593      0.011678274   
12.994159      0.012140053   

Stress
20.2127      -0.0343307   -0.0480635    0.0918461    0.107682     0.091158    
-0.0343307   20.3117      0.0208672     0.107682     0.10733      0.0692137   
-0.0480635   0.0208672    20.2083       0.091158     0.0692137    0.166852    

Stress Spherical
0            0            0             0            0            0           
0            0            0             0            0            0           
0            0            0             0            0            0           

Inertia
149.968      -56.39       -56.2831      0.259087     0.156317     0.107825    
-56.39       150.075      -56.2261      0.156317     0.247374     0.117658    
-56.2831     -56.2261     150.122       0.107825     0.117658     0.299308    

Bond Length
0.61941871    0.0019115611

BB bond length
0.61941871    0.0019115611

Water EE distance
0             0           

PEG EE distance
7.5379346     0.12789909  

BBB P2(x)
0.51005383    0.0078377394

BBB first bond length
0.6191449     0.0019894116

BBB second bond length
0.61949254    0.0023628144

BBB <phi**2>/<phi>**2
1.2262933     0.007914316 

Time = 25000
Temperature
1.0083811     0.0086831706

Pressure
23.306793     0.082128564 

CM Mom
-3.8195797e-17 1.0903351e-17 
5.4388423e-17  1.4376391e-17 
-1.9236196e-16 1.914156e-17  
2.0432555e-16  1.9057236e-17 

CM Pos
7.5051069      0.014020228   
7.4981135      0.013596299   
7.5015162      0.010916105   
12.993129      0.013744893   

Stress
20.2715      -0.0116026   -0.0187322    0.113542     0.0789347    0.0733414   
-0.0116026   20.2965      0.00306357    0.0789347    0.110555     0.0650114   
-0.0187322   0.00306357   20.2805       0.0733414    0.0650114    0.121456    

Stress Spherical
0            0            0             0            0            0           
0            0            0             0            0            0           
0            0            0             0            0            0           

Inertia
149.993      -56.2917     -56.312       0.286997     0.17249      0.123303    
-56.2917     150.078      -56.2399      0.17249      0.345378     0.141239    
-56.312      -56.2399     150.05        0.123303     0.141239     0.286256    

Bond Length
0.61835644    0.0021933471

BB bond length
0.61835644    0.0021933471

Water EE distance
0             0           

PEG EE distance
7.7665484     0.17077674  

BBB P2(x)
0.51493902    0.010873521 

BBB first bond length
0.61847531    0.0022433661

BBB second bond length
0.61835563    0.0024279123

BBB <phi**2>/<phi>**2
1.221089      0.011286313 

Time = 26000
Temperature
1.0126824     0.012386113 

Pressure
23.279123     0.074333354 

CM Mom
-6.3173895e-17 1.3275559e-17 
5.9571649e-17  9.111516e-18  
-1.7488453e-16 2.014052e-17  
1.9621091e-16  1.704406e-17  

CM Pos
7.4956216      0.015785927   
7.5040418      0.013947187   
7.504184       0.013470513   
12.992621      0.014073502   

Stress
20.223       -0.030824    -0.0163268    0.0711406    0.0748049    0.0591778   
-0.030824    20.2309      0.00337124    0.0748049    0.120524     0.064391    
-0.0163268   0.00337124   20.2729       0.0591778    0.064391     0.0772813   

Stress Spherical
0            0            0             0            0            0           
0            0            0             0            0            0           
0            0            0             0            0            0           

Inertia
150.147      -56.2728     -56.2733      0.267732     0.12886      0.173058    
-56.2728     149.993      -56.3176      0.12886      0.326962     0.165545    
-56.2733     -56.3176     150.021       0.173058     0.165545     0.215649    

Bond Length
0.62008801    0.001180452 

BB bond length
0.62008801    0.001180452 

Water EE distance
0             0           

PEG EE distance
7.5593824     0.17298441  

BBB P2(x)
0.51430868    0.0093705853

BBB first bond length
0.62028109    0.0012742433

BBB second bond length
0.62025099    0.001255776 

BBB <phi**2>/<phi>**2
1.2244793     0.01001965  

Time = 27000
Temperature
1.0124248     0.0067777455

Pressure
23.289668     0.046827616 

CM Mom
-3.8408879e-17 4.3905942e-17 
4.9985335e-17  2.1398105e-17 
-1.7794228e-16 2.6841131e-17 
1.9478718e-16  2.8306228e-17 

CM Pos
7.4968073      0.015027458   
7.5058203      0.011556322   
7.500627       0.01001794    
12.992276      0.0096181203  

Stress
20.2386      -0.0345532   -0.0145314    0.115611     0.0816953    0.0765802   
-0.0345532   20.2537      -0.0121769    0.0816953    0.0683687    0.0486387   
-0.0145314   -0.0121769   20.2685       0.0765802    0.0486387    0.0778928   

Stress Spherical
0            0            0             0            0            0           
0            0            0             0            0            0           
0            0            0             0            0            0           

Inertia
150.12       -56.2519     -56.2414      0.159093     0.156362     0.172022    
-56.2519     149.961      -56.2698      0.156362     0.300134     0.124518    
-56.2414     -56.2698     150.048       0.172022     0.124518     0.220543    

Bond Length
0.61855395    0.0015995878

BB bond length
0.61855395    0.0015995878

Water EE distance
0             0           

PEG EE distance
7.4098429     0.17890519  

BBB P2(x)
0.52484149    0.011649159 

BBB first bond length
0.61858942    0.0018108424

BBB second bond length
0.6187279     0.0017483932

BBB <phi**2>/<phi>**2
1.2285797     0.011770197 

Time = 28000
Temperature
1.0106652     0.0074336775

Pressure
23.26107      0.098834006 

CM Mom
-5.6387614e-17 2.7314688e-17 
5.3610685e-17  1.1808639e-17 
-1.7245479e-16 8.9036241e-18 
1.9113075e-16  1.5105341e-17 

CM Pos
7.5119244      0.0097242119  
7.4972243      0.011722391   
7.4992931      0.014731477   
12.995272      0.011299788   

Stress
20.2327      0.011674     0.00520204    0.128999     0.0567046    0.0807219   
0.011674     20.2496      -0.0345536    0.0567046    0.131886     0.103473    
0.00520204   -0.0345536   20.2085       0.0807219    0.103473     0.107772    

Stress Spherical
0            0            0             0            0            0           
