Time = 1000
Temperature
   1.1596914    0.24207845

Pressure
   23.840477     1.0996563

CM Mom
-2.9712629e-19 1.6199927e-17 
-6.8894872e-19 2.1445701e-17 
4.7104673e-17  1.3256501e-16 
8.6001204e-17  1.1453839e-16 

CM Pos
7.4919499      0.011242462   
7.4980351      0.017948972   
7.5074381      0.017209836   
12.98892       0.012847836   

Stress
20.3387      -0.0270701   -0.00626271   0.361864     0.0341797    0.0817601   
-0.0270701   20.4116      -0.00834902   0.0341797    0.395564     0.0993988   
-0.00626271  -0.00834902  20.3473       0.0817601    0.0993988    0.424811    

Stress Spherical
0            0            0             0            0            0           
0            0            0             0            0            0           
0            0            0             0            0            0           

Inertia
150.279      -56.1484     -56.2491      1.55662      0.175817     0.145587    
-56.1484     150.182      -56.285       0.175817     1.35996      0.171502    
-56.2491     -56.285      150.052       0.145587     0.171502     1.67582     

Bond Length
0.61871894    0.0088008817

BB bond length
0.61871894    0.0088008817

Water EE distance
0             0           

PEG EE distance
6.6429713     0.16227936  

BBB P2(x)
0.46902929    0.063524917 

BBB first bond length
0.61861689    0.0090581803

BBB second bond length
0.61868396    0.0086389066

BBB <phi**2>/<phi>**2
1.2184441     0.018893067 

Time = 2000
Temperature
1.0141003     0.0088753096

Pressure
23.042872     0.10385043  

CM Mom
-7.5095411e-18 2.0777477e-17 
1.1536323e-17  1.7701396e-17 
-3.0475688e-18 2.8868118e-17 
4.0819389e-17  1.0533581e-17 

CM Pos
7.4972901      0.0092113378  
7.5010018      0.012482498   
7.4995761      0.015755348   
12.989164      0.012127274   

Stress
20.0184      -0.0180415   0.0146817     0.127992     0.0710538    0.087846    
-0.0180415   20.068       0.0118577     0.0710538    0.133405     0.0979036   
0.0146817    0.0118577    19.927        0.087846     0.0979036    0.187395    

Stress Spherical
0            0            0             0            0            0           
0            0            0             0            0            0           
0            0            0             0            0            0           

Inertia
149.891      -56.2527     -56.229       0.463687     0.151394     0.0918918   
-56.2527     149.836      -56.2713      0.151394     0.356607     0.181621    
-56.229      -56.2713     149.852       0.0918918    0.181621     0.404421    

Bond Length
0.61678555    0.0014782441

BB bond length
0.61678555    0.0014782441

Water EE distance
0             0           

PEG EE distance
6.8843529     0.096810593 

BBB P2(x)
0.51111785    0.011395818 

BBB first bond length
0.61664922    0.0013346618

BBB second bond length
0.61661948    0.0015070071

BBB <phi**2>/<phi>**2
1.2262991     0.0068683875

