Time = 1000
Temperature
   1.0251416   0.040118022

Pressure
   23.636286    0.22256432

CM Mom
-4.4569885e-17 1.8182704e-17 
2.6540719e-17  1.8674789e-17 
-6.4677144e-17 4.0533077e-17 
8.9833863e-17  3.3558653e-17 

CM Pos
7.5106598      0.03409305    
7.499329       0.013629966   
7.5025161      0.014000656   
12.997631      0.028592586   

Stress
20.5855      0.00715903   0.00195196    0.117449     0.0769044    0.048847    
0.00715903   20.5849      0.00519197    0.0769044    0.141935     0.0533981   
0.00195196   0.00519197   20.5386       0.048847     0.0533981    0.165819    

Stress Spherical
0            0            0             0            0            0           
0            0            0             0            0            0           
0            0            0             0            0            0           

Inertia
150.037      -56.2958     -56.356       0.495912     0.317258     0.277949    
-56.2958     150.205      -56.2883      0.317258     0.78236      0.174699    
-56.356      -56.2883     150.154       0.277949     0.174699     0.888709    

Bond Length
0.61777666    0.0065397051

BB bond length
0.61777666    0.0065397051

Water EE distance
0             0           

PEG EE distance
7.389299      0.42107482  

BBB P2(x)
0.45524995    0.050989268 

BBB first bond length
0.61767893    0.0062775941

BBB second bond length
0.617883      0.0065677317

BBB <phi**2>/<phi>**2
1.2131008     0.023670289 

Time = 2000
Temperature
1.0071591     0.0078239046

Pressure
23.515389     0.053777264 

CM Mom
-7.4826789e-17 2.8825093e-17 
5.4213957e-17  1.0017036e-17 
-5.2931472e-17 1.4351754e-17 
1.101234e-16   1.8707716e-17 

CM Pos
7.4958025      0.010853001   
7.4979918      0.010251585   
7.4974645      0.0073450121  
12.985341      0.0097049626  

Stress
20.5255      -0.00570542  0.0275726     0.0990831    0.0706595    0.0809941   
-0.00570542  20.459       0.0404343     0.0706595    0.0761992    0.0605983   
0.0275726    0.0404343    20.5232       0.0809941    0.0605983    0.122843    

Stress Spherical
0            0            0             0            0            0           
0            0            0             0            0            0           
0            0            0             0            0            0           

Inertia
149.911      -56.1958     -56.1944      0.298216     0.12051      0.0893338   
-56.1958     149.853      -56.1968      0.12051      0.229214     0.110361    
-56.1944     -56.1968     149.866       0.0893338    0.110361     0.348964    

Bond Length
0.61709488    0.0044941943

BB bond length
0.61709488    0.0044941943

Water EE distance
0             0           

PEG EE distance
7.3852578     0.36198588  

BBB P2(x)
0.5245818     0.039470941 

BBB first bond length
0.61704021    0.004482365 

BBB second bond length
0.61719827    0.0043256164

BBB <phi**2>/<phi>**2
1.2315942     0.02140389  

Time = 3000
Temperature
1.0131565     0.0081249443

Pressure
23.549666     0.094762831 

CM Mom
-7.9470129e-17 1.6539e-17    
3.6831671e-17  1.3708468e-17 
-5.9325893e-17 2.6633731e-17 
1.1043803e-16  1.2879979e-17 

CM Pos
7.5032312      0.012829061   
7.5045291      0.0079746852  
7.4915216      0.0086172742  
12.98998       0.0077138788  

Stress
20.5174      0.0168805    0.0227429     0.0873157    0.0537164    0.0739497   
0.0168805    20.5339      0.0215646     0.0537164    0.123156     0.0655153   
0.0227429    0.0215646    20.5054       0.0739497    0.0655153    0.106661    

Stress Spherical
0            0            0             0            0            0           
0            0            0             0            0            0           
0            0            0             0            0            0           

Inertia
149.93       -56.3173     -56.1892      0.121198     0.131574     0.138431    
-56.3173     149.888      -56.1895      0.131574     0.197667     0.0914816   
-56.1892     -56.1895     150.093       0.138431     0.0914816    0.23105     

Bond Length
0.62208427    0.0043986236

BB bond length
0.62208427    0.0043986236

Water EE distance
0             0           

PEG EE distance
7.3445942     0.460154    

BBB P2(x)
0.50934509    0.019558277 

BBB first bond length
0.62208017    0.0053284922

BBB second bond length
0.62198141    0.003924814 

BBB <phi**2>/<phi>**2
1.227501      0.016854415 

Time = 4000
Temperature
1.0117994     0.0085374165

Pressure
23.546709     0.11455199  

CM Mom
-4.0398163e-17 1.2296056e-17 
3.7487897e-17  1.6589368e-17 
-7.6488109e-17 2.4359582e-17 
9.7658644e-17  1.9244828e-17 

CM Pos
7.5005568      0.012901125   
7.5021519      0.01122592    
7.5034075      0.013242242   
12.993924      0.012644096   

Stress
20.4926      -0.0416783   -0.0201029    0.172238     0.0879247    0.0964518   
-0.0416783   20.5583      -0.00917839   0.0879247    0.113416     0.0948816   
-0.0201029   -0.00917839  20.509        0.0964518    0.0948816    0.116785    

Stress Spherical
0            0            0             0            0            0           
0            0            0             0            0            0           
0            0            0             0            0            0           

Inertia
150.092      -56.2693     -56.3008      0.235859     0.237184     0.122837    
-56.2693     150.053      -56.2844      0.237184     0.225246     0.12978     
-56.3008     -56.2844     150.024       0.122837     0.12978      0.344097    

Bond Length
0.61852917    0.0062671212

BB bond length
0.61852917    0.0062671212

Water EE distance
0             0           

PEG EE distance
6.8157466     0.25662474  

BBB P2(x)
0.51538081    0.020363893 

BBB first bond length
0.61879601    0.0064752753

BBB second bond length
0.61833222    0.0069427689

BBB <phi**2>/<phi>**2
1.2316465     0.018652724 

Time = 5000
Temperature
1.0123526     0.0068966947

Pressure
23.524134     0.10675068  

CM Mom
-1.234774e-17  2.5390332e-17 
4.0989371e-17  1.2871848e-17 
-5.2134626e-17 1.1008893e-17 
7.3311552e-17  1.0372077e-17 

CM Pos
7.5012997      0.016359981   
7.5061634      0.014794837   
7.4977617      0.0097607375  
12.993412      0.015363859   

Stress
20.532       0.00917748   0.0215126     0.121382     0.0513517    0.0608169   
0.00917748   20.5069      0.0377504     0.0513517    0.126904     0.107631    
0.0215126    0.0377504    20.4484       0.0608169    0.107631     0.137345    

Stress Spherical
0            0            0             0            0            0           
0            0            0             0            0            0           
0            0            0             0            0            0           

Inertia
150.081      -56.3214     -56.252       0.214895     0.201316     0.204795    
-56.3214     149.982      -56.3074      0.201316     0.293693     0.167233    
-56.252      -56.3074     150.108       0.204795     0.167233     0.380925    

Bond Length
0.62061404    0.0065027466

BB bond length
0.62061404    0.0065027466

Water EE distance
0             0           

PEG EE distance
6.5179095     0.14068062  

BBB P2(x)
0.51289292    0.017193806 

BBB first bond length
0.6215135     0.0069733836

BBB second bond length
0.62082743    0.0067857802

BBB <phi**2>/<phi>**2
1.2213203     0.017660011 

Time = 6000
Temperature
1.0094299     0.0093853065

Pressure
23.496102     0.1170098   

CM Mom
-3.2137746e-17 3.2401351e-17 
3.9683105e-17  2.0899678e-17 
-3.9347982e-17 1.8740713e-17 
7.1165193e-17  3.0483126e-17 

CM Pos
7.5033797      0.0066924162  
7.5036376      0.010866213   
7.5005846      0.018148506   
12.994781      0.01459313    

Stress
20.4802      0.00548387   -0.0156089    0.0937672    0.0689174    0.0682144   
0.00548387   20.4668      0.00281526    0.0689174    0.128908     0.0641009   
-0.0156089   0.00281526   20.4825       0.0682144    0.0641009    0.167733    

Stress Spherical
0            0            0             0            0            0           
0            0            0             0            0            0           
0            0            0             0            0            0           

Inertia
150.067      -56.3487     -56.2885      0.36456      0.102271     0.179116    
-56.3487     150.049      -56.3019      0.102271     0.26081      0.188442    
-56.2885     -56.3019     150.087       0.179116     0.188442     0.189338    

Bond Length
0.61971821    0.0049100232

BB bond length
0.61971821    0.0049100232

Water EE distance
0             0           

PEG EE distance
7.2479411     0.86253858  

BBB P2(x)
0.50690536    0.019559242 

BBB first bond length
0.61986013    0.0055430886

BBB second bond length
0.61974077    0.0054094824

BBB <phi**2>/<phi>**2
1.2250343     0.028260449 

Time = 7000
Temperature
1.0084539     0.0062042811

Pressure
23.474958     0.06035162  

CM Mom
-1.9833649e-17 7.1298917e-18 
6.2502623e-17  2.1267037e-17 
-1.7348884e-17 1.5413682e-17 
7.0615265e-17  1.8844721e-17 

CM Pos
7.4996654      0.012018868   
7.4927918      0.016885189   
7.505339       0.013912877   
12.989122      0.019012974   

Stress
20.4504      0.00508461   0.0196751     0.0838499    0.0788613    0.0798493   
0.00508461   20.4748      -0.00665348   0.0788613    0.0979743    0.0873797   
0.0196751    -0.00665348  20.4496       0.0798493    0.0873797    0.111036    

Stress Spherical
0            0            0             0            0            0           
0            0            0             0            0            0           
0            0            0             0            0            0           

Inertia
149.967      -56.2104     -56.2724      0.374759     0.222317     0.152287    
-56.2104     150.057      -56.2386      0.222317     0.34946      0.235364    
-56.2724     -56.2386     149.86        0.152287     0.235364     0.380806    

Bond Length
0.62186514    0.0063056505

BB bond length
0.62186514    0.0063056505

Water EE distance
0             0           

PEG EE distance
7.2060736     0.55593233  

BBB P2(x)
0.50401673    0.024290052 

BBB first bond length
0.62158319    0.0063071073

BBB second bond length
0.6215923     0.0060191357

BBB <phi**2>/<phi>**2
1.2209542     0.018839407 

Time = 8000
Temperature
1.0111005     0.0069960732

Pressure
23.492226     0.083370665 

CM Mom
-3.5709461e-17 1.5027149e-17 
8.346666e-17   1.4195964e-17 
1.6611558e-17  2.3037025e-17 
9.6238377e-17  1.4629174e-17 

CM Pos
7.5014483      0.013604029   
7.5086891      0.013209697   
7.4941959      0.013341885   
12.992899      0.015179513   

Stress
20.4628      0.00522572   -0.0256259    0.112646     0.111908     0.0749013   
0.00522572   20.4801      0.0091087     0.111908     0.113101     0.0573168   
-0.0256259   0.0091087    20.46         0.0749013    0.0573168    0.135019    

Stress Spherical
0            0            0             0            0            0           
0            0            0             0            0            0           
0            0            0             0            0            0           

Inertia
150.032      -56.3446     -56.2028      0.263106     0.146707     0.178807    
-56.3446     149.915      -56.249       0.146707     0.315325     0.164236    
-56.2028     -56.249      150.145       0.178807     0.164236     0.272259    

Bond Length
0.62092339    0.0039279041

BB bond length
0.62092339    0.0039279041

Water EE distance
0             0           

PEG EE distance
7.4896306     0.31934469  

BBB P2(x)
0.50677855    0.026307971 

BBB first bond length
0.62065794    0.0043903153

BBB second bond length
0.62103167    0.0038560964

BBB <phi**2>/<phi>**2
1.2315674     0.02505082  

Time = 9000
Temperature
1.008754      0.0052498469

Pressure
23.480961     0.099242953 

CM Mom
-3.056646e-17  2.1743045e-17 
8.3521849e-17  2.1999311e-17 
4.2366291e-17  2.7082588e-17 
1.0465367e-16  2.1045583e-17 

CM Pos
7.5041226      0.020524691   
7.4985861      0.0098563837  
7.4961274      0.012695011   
12.989732      0.011025384   

Stress
20.4678      -0.0127202   -0.0097762    0.175594     0.0572168    0.050899    
-0.0127202   20.4364      0.031603      0.0572168    0.0744102    0.0789321   
-0.0097762   0.031603     20.4859       0.050899     0.0789321    0.0997234   

Stress Spherical
0            0            0             0            0            0           
0            0            0             0            0            0           
0            0            0             0            0            0           

Inertia
149.932      -56.2841     -56.2607      0.249961     0.191807     0.169488    
-56.2841     149.988      -56.2109      0.191807     0.274935     0.128102    
-56.2607     -56.2109     150.031       0.169488     0.128102     0.333888    

Bond Length
0.61886521    0.0052773635

BB bond length
0.61886521    0.0052773635

Water EE distance
0             0           

PEG EE distance
7.1363273     0.33416839  

BBB P2(x)
0.52367499    0.013576906 

BBB first bond length
0.61905856    0.0050135667

BBB second bond length
0.618622      0.00529281  

BBB <phi**2>/<phi>**2
1.2285421     0.014225477 

Time = 10000
Temperature
1.0106719     0.0067647768

Pressure
23.533851     0.058447559 

CM Mom
-9.8500541e-18 2.4747196e-17 
9.2387015e-17  1.4313881e-17 
6.7939648e-17  1.2068721e-17 
1.1844561e-16  1.3482648e-17 

CM Pos
7.5026369      0.018367939   
7.4957632      0.0089342094  
7.4930073      0.012018868   
12.985439      0.010404209   

Stress
20.5734      0.0120353    0.0147091     0.0779471    0.0409715    0.0473721   
0.0120353    20.4337      -0.000258264  0.0409715    0.0813842    0.0916196   
0.0147091    -0.000258264 20.5244       0.0473721    0.0916196    0.112452    

Stress Spherical
0            0            0             0            0            0           
0            0            0             0            0            0           
0            0            0             0            0            0           

Inertia
149.829      -56.2537     -56.1821      0.253845     0.140199     0.154976    
-56.2537     149.928      -56.1493      0.140199     0.299511     0.10614     
-56.1821     -56.1493     149.956       0.154976     0.10614      0.252125    

Bond Length
0.61908529    0.0041593861

BB bond length
0.61908529    0.0041593861

Water EE distance
0             0           

PEG EE distance
7.1142964     0.1751225   

BBB P2(x)
0.50896328    0.034507846 

BBB first bond length
0.61925653    0.0046416423

BBB second bond length
0.61891789    0.0048686324

BBB <phi**2>/<phi>**2
1.2209814     0.029833138 

Time = 11000
Temperature
1.0083977     0.0050430797

Pressure
23.560874     0.1270657   

CM Mom
1.8041124e-17  1.5395992e-17 
8.3768175e-17  1.8655471e-17 
5.9843424e-17  1.4637734e-17 
1.0658289e-16  1.9058818e-17 

CM Pos
7.501894       0.01685444    
7.5017062      0.020325837   
7.5002874      0.013862013   
12.992642      0.021782509   

Stress
20.5369      0.0429328    -0.0104159    0.140657     0.0626682    0.0426502   
0.0429328    20.5718      0.0488533     0.0626682    0.132946     0.0696884   
-0.0104159   0.0488533    20.5243       0.0426502    0.0696884    0.178086    

Stress Spherical
0            0            0             0            0            0           
0            0            0             0            0            0           
0            0            0             0            0            0           

Inertia
150.03       -56.2719     -56.2691      0.403254     0.288046     0.188869    
-56.2719     150.026      -56.2599      0.288046     0.268069     0.223578    
-56.2691     -56.2599     150.039       0.188869     0.223578     0.525664    

Bond Length
0.61952003    0.0063006767

BB bond length
0.61952003    0.0063006767

Water EE distance
0             0           

PEG EE distance
6.935673      0.49335478  

BBB P2(x)
0.50813182    0.026296481 

BBB first bond length
0.61955834    0.0059865139

BBB second bond length
0.61932839    0.0061243665

BBB <phi**2>/<phi>**2
1.2211845     0.016727015 

Time = 12000
Temperature
1.0125527     0.0078067197

Pressure
23.594197     0.089562394 

CM Mom
3.2521804e-17  2.4635562e-17 
8.4223436e-17  2.2293971e-17 
5.1597851e-17  1.5035384e-17 
1.0822061e-16  2.0781923e-17 

CM Pos
7.4926824      0.013778958   
7.5036376      0.0094071906  
7.4977617      0.01246249    
12.98698       0.0095746999  

Stress
20.5614      -0.0274669   0.0275558     0.10462      0.0877863    0.0785415   
-0.0274669   20.5853      0.00395749    0.0877863    0.148705     0.0593567   
0.0275558    0.00395749   20.549        0.0785415    0.0593567    0.108211    

Stress Spherical
0            0            0             0            0            0           
0            0            0             0            0            0           
0            0            0             0            0            0           

Inertia
150          -56.1992     -56.196       0.14688      0.1653       0.10949     
-56.1992     149.835      -56.2258      0.1653       0.211794     0.115428    
-56.196      -56.2258     149.924       0.10949      0.115428     0.301684    

Bond Length
0.62308773    0.0062106349

BB bond length
0.62308773    0.0062106349

Water EE distance
0             0           

PEG EE distance
6.9868377     0.65763738  

BBB P2(x)
0.52105047    0.027358302 

BBB first bond length
0.62253711    0.0063825719

BBB second bond length
0.62335608    0.0066699373

BBB <phi**2>/<phi>**2
1.2260715     0.016445094 

Time = 13000
Temperature
1.005768      0.0099573918

Pressure
23.51302      0.082786881 

CM Mom
2.9701985e-17  2.7647555e-17 
1.0129342e-16  1.6968213e-17 
4.6271481e-17  1.0243258e-17 
1.1892781e-16  1.7234335e-17 

CM Pos
7.4989225      0.015158158   
7.5017062      0.0096698535  
7.4931559      0.010959261   
12.986803      0.014558116   

Stress
20.4995      0.019708     -0.00539054   0.0895584    0.0823389    0.0385909   
0.019708     20.4997      -0.00666563   0.0823389    0.101468     0.0474003   
-0.00539054  -0.00666563  20.5139       0.0385909    0.0474003    0.102666    

Stress Spherical
0            0            0             0            0            0           
0            0            0             0            0            0           
0            0            0             0            0            0           

Inertia
149.911      -56.2457     -56.2197      0.213583     0.162984     0.150115    
-56.2457     149.874      -56.249       0.162984     0.330815     0.138044    
-56.2197     -56.249      150.01        0.150115     0.138044     0.304864    

Bond Length
0.61850644    0.0063673536

BB bond length
0.61850644    0.0063673536

Water EE distance
0             0           

PEG EE distance
7.6321802     0.70795821  

BBB P2(x)
0.52236518    0.026102013 

BBB first bond length
0.6186172     0.0064697672

BBB second bond length
0.6185091     0.0067925574

BBB <phi**2>/<phi>**2
1.2261684     0.03022704  

Time = 14000
Temperature
1.0086975     0.0064731724

Pressure
23.494972     0.099945231 

CM Mom
4.7343655e-17  1.6252453e-17 
1.1817563e-16  1.5181618e-17 
1.9580932e-17  1.6143946e-17 
1.311158e-16   1.2418243e-17 

CM Pos
7.4952082      0.012255303   
7.5002204      0.018696687   
7.5007332      0.017974347   
12.988195      0.0082246909  

Stress
20.4316      0.00423628   0.02183       0.107259     0.0443754    0.0888395   
0.00423628   20.521       -0.0171144    0.0443754    0.136215     0.0978485   
0.02183      -0.0171144   20.4801       0.0888395    0.0978485    0.120805    

Stress Spherical
0            0            0             0            0            0           
0            0            0             0            0            0           
0            0            0             0            0            0           

Inertia
150.023      -56.2057     -56.1839      0.306943     0.123095     0.158599    
-56.2057     149.931      -56.2688      0.123095     0.252656     0.14798     
-56.1839     -56.2688     149.931       0.158599     0.14798      0.320415    

Bond Length
0.61808927    0.0045122672

BB bond length
0.61808927    0.0045122672

Water EE distance
0             0           

PEG EE distance
8.1533361     0.4419411   

BBB P2(x)
0.5283665     0.02616857  

BBB first bond length
0.61834068    0.0047384867

BBB second bond length
0.61863124    0.0046415584

BBB <phi**2>/<phi>**2
1.228154      0.016974176 

Time = 15000
Temperature
1.0104783     0.0099631926

Pressure
23.52471      0.091694531 

CM Mom
4.5570993e-17  3.1728049e-17 
1.1570331e-16  1.3762732e-17 
4.3308155e-17  2.673562e-17  
1.3774367e-16  1.6647052e-17 

CM Pos
7.5041226      0.010881438   
7.5023005      0.010267721   
7.5034075      0.014238291   
12.996065      0.014374513   

Stress
20.5176      0.00715779   -0.0079718    0.122272     0.0956238    0.0539676   
0.00715779   20.4948      0.00348524    0.0956238    0.162017     0.0378448   
-0.0079718   0.00348524   20.4934       0.0539676    0.0378448    0.133456    

Stress Spherical
0            0            0             0            0            0           
0            0            0             0            0            0           
0            0            0             0            0            0           

Inertia
150.084      -56.285      -56.3043      0.294713     0.125697     0.173194    
-56.285      150.103      -56.3153      0.125697     0.327486     0.102548    
-56.3043     -56.3153     150.059       0.173194     0.102548     0.283977    

Bond Length
0.62435881    0.00434429  

BB bond length
0.62435881    0.00434429  

Water EE distance
0             0           

PEG EE distance
7.3489575     0.50003748  

BBB P2(x)
0.51113194    0.039289259 

BBB first bond length
0.6243237     0.0045300276

BBB second bond length
0.62454614    0.0037607988

BBB <phi**2>/<phi>**2
1.2173412     0.023725771 

Time = 16000
Temperature
1.0147065     0.0098696689

Pressure
23.493573     0.11557742  

CM Mom
4.6258972e-17  1.0595261e-17 
8.8562444e-17  2.4660413e-17 
2.187511e-18   1.3532347e-17 
1.0254111e-16  1.9411963e-17 

CM Pos
7.4974368      0.0080133438  
7.4981404      0.011279865   
7.5047447      0.0096114663  
12.990575      0.010345809   

Stress
20.456       0.00382394   0.0224853     0.108752     0.0354794    0.0611962   
0.00382394   20.513       -0.0240742    0.0354794    0.171753     0.0584584   
0.0224853    -0.0240742   20.4056       0.0611962    0.0584584    0.110293    

Stress Spherical
0            0            0             0            0            0           
0            0            0             0            0            0           
0            0            0             0            0            0           

Inertia
150.034      -56.2032     -56.2521      0.206741     0.141736     0.131389    
-56.2032     150.027      -56.2671      0.141736     0.249284     0.12562     
-56.2521     -56.2671     149.917       0.131389     0.12562      0.225438    

Bond Length
0.62188206    0.0021716218

BB bond length
0.62188206    0.0021716218

Water EE distance
0             0           

PEG EE distance
7.2357661     0.28318125  

BBB P2(x)
0.50317239    0.02871112  

BBB first bond length
0.62183857    0.0018175841

BBB second bond length
0.62204461    0.0025066099

BBB <phi**2>/<phi>**2
1.2282003     0.030165952 

Time = 17000
Temperature
1.0085116     0.0057752568

Pressure
23.500338     0.07775833  

CM Mom
5.6222085e-17  1.8511183e-17 
1.0146428e-16  7.9182228e-18 
-1.2921353e-17 1.5365195e-17 
1.1900351e-16  1.0124245e-17 

CM Pos
7.4986254      0.0065118682  
7.5009633      0.0099898547  
7.4959788      0.011796414   
12.98783       0.0092954512  

Stress
20.4667      -0.0183845   -0.0032111    0.126327     0.0731272    0.0651296   
-0.0183845   20.5153      -0.00831487   0.0731272    0.107654     0.0856354   
-0.0032111   -0.00831487  20.4683       0.0651296    0.0856354    0.141215    

Stress Spherical
0            0            0             0            0            0           
0            0            0             0            0            0           
0            0            0             0            0            0           

Inertia
149.954      -56.2505     -56.2125      0.257267     0.109601     0.11125     
-56.2505     149.923      -56.2159      0.109601     0.195627     0.164137    
-56.2125     -56.2159     149.975       0.11125      0.164137     0.139053    

Bond Length
0.62197676    0.0056966524

BB bond length
0.62197676    0.0056966524

Water EE distance
0             0           

PEG EE distance
7.12912       0.2926306   

BBB P2(x)
0.50444976    0.024706265 

BBB first bond length
0.62185842    0.0062512562

BBB second bond length
0.62215734    0.0059391163

BBB <phi**2>/<phi>**2
1.2257269     0.012522788 

Time = 18000
Temperature
1.0071216     0.0058018288

Pressure
23.558816     0.078873431 

CM Mom
7.3466226e-17  1.4687624e-17 
1.1790126e-16  1.9710706e-17 
-4.1889586e-17 2.4370672e-17 
1.481142e-16   1.7694211e-17 

CM Pos
7.5053112      0.01727293    
7.4965061      0.010776459   
7.4943445      0.014545812   
12.98818       0.017269727   

Stress
20.5761      0.0318869    -0.0222505    0.0565308    0.0474368    0.0741393   
0.0318869    20.5684      0.0281826     0.0474368    0.133404     0.0583456   
-0.0222505   0.0281826    20.4938       0.0741393    0.0583456    0.115041    

Stress Spherical
0            0            0             0            0            0           
0            0            0             0            0            0           
0            0            0             0            0            0           

Inertia
149.847      -56.2854     -56.1877      0.375284     0.158235     0.170686    
-56.2854     149.999      -56.1644      0.158235     0.369637     0.197094    
-56.1877     -56.1644     150.011       0.170686     0.197094     0.345237    

Bond Length
0.61917257    0.0056136815

BB bond length
0.61917257    0.0056136815

Water EE distance
0             0           

PEG EE distance
7.1480168     0.4025093   

BBB P2(x)
0.52007603    0.036401831 

BBB first bond length
0.6189894     0.0059786152

BBB second bond length
0.6192194     0.00544227  

BBB <phi**2>/<phi>**2
1.2242873     0.020690396 

Time = 19000
Temperature
1.0097764     0.0079411352

Pressure
23.514096     0.090070155 

CM Mom
5.0620248e-17  1.6662259e-17 
1.1339428e-16  1.7862336e-17 
-5.6249027e-17 2.0936002e-17 
1.3935637e-16  1.41223e-17   

CM Pos
7.4932767      0.017896193   
7.4990319      0.011698704   
7.5025161      0.011392803   
12.987413      0.011087112   

Stress
20.4949      -0.0307854   0.05707       0.0991428    0.0461084    0.0687973   
-0.0307854   20.5163      0.0157324     0.0461084    0.116461     0.0555593   
0.05707      0.0157324    20.4692       0.0687973    0.0555593    0.113219    

Stress Spherical
0            0            0             0            0            0           
0            0            0             0            0            0           
0            0            0             0            0            0           

Inertia
150.001      -56.1717     -56.2614      0.221273     0.134724     0.179602    
-56.1717     149.927      -56.2823      0.134724     0.398771     0.0990921   
-56.2614     -56.2823     149.863       0.179602     0.0990921    0.252166    

Bond Length
0.62015295    0.0077814442

BB bond length
0.62015295    0.0077814442

Water EE distance
0             0           

PEG EE distance
8.0497318     0.57588133  

BBB P2(x)
0.51964625    0.01684692  

BBB first bond length
0.62076387    0.0083732555

BBB second bond length
0.62040783    0.0083812399

BBB <phi**2>/<phi>**2
1.2304095     0.016271668 

Time = 20000
Temperature
1.0073127     0.0071700603

Pressure
23.545896     0.069095668 

CM Mom
4.7361387e-17  2.0532552e-17 
9.1578279e-17  1.871436e-17  
-7.0961049e-17 1.9526905e-17 
1.2832803e-16  1.8713145e-17 

CM Pos
7.5041226      0.024924981   
7.5045291      0.022227042   
7.498356       0.017196081   
12.994474      0.014137494   

Stress
20.5039      -0.0149187   0.00681353    0.112629     0.0612462    0.0704011   
-0.0149187   20.5683      -0.0291496    0.0612462    0.12077      0.0919135   
0.00681353   -0.0291496   20.5256       0.0704011    0.0919135    0.103111    

Stress Spherical
0            0            0             0            0            0           
0            0            0             0            0            0           
0            0            0             0            0            0           

Inertia
150.051      -56.31       -56.2423      0.202938     0.104529     0.325275    
-56.31       150.058      -56.28        0.104529     0.6529       0.15229     
-56.2423     -56.28       150.125       0.325275     0.15229      0.245244    

Bond Length
0.61863554    0.0029346066

BB bond length
0.61863554    0.0029346066

Water EE distance
0             0           

PEG EE distance
6.6815287     0.30956727  

BBB P2(x)
0.51508256    0.020570187 

BBB first bond length
0.6184571     0.0026639483

BBB second bond length
0.61829565    0.0030371362

BBB <phi**2>/<phi>**2
1.22025       0.017002122 

Time = 21000
Temperature
1.0120982     0.0058787956

Pressure
23.551988     0.084656585 

CM Mom
3.8960625e-17  1.5854634e-17 
9.7083483e-17  2.2334811e-17 
-7.4253862e-17 1.2366457e-17 
1.3011338e-16  2.0746574e-17 

CM Pos
7.4920881      0.016914578   
7.5028948      0.015542825   
7.5019218      0.01481571    
12.988622      0.0096764993  

Stress
20.4833      0.00359795   -0.0169206    0.14247      0.0744252    0.048436    
0.00359795   20.4862      0.0276245     0.0744252    0.104525     0.0639156   
-0.0169206   0.0276245    20.6038       0.048436     0.0639156    0.0872676   

Stress Spherical
0            0            0             0            0            0           
0            0            0             0            0            0           
0            0            0             0            0            0           

Inertia
150.059      -56.192      -56.2067      0.278104     0.0627957    0.180607    
-56.192      149.91       -56.2836      0.0627957    0.406819     0.181875    
-56.2067     -56.2836     149.925       0.180607     0.181875     0.0693118   

Bond Length
0.62099394    0.0046878668

BB bond length
0.62099394    0.0046878668

Water EE distance
0             0           

PEG EE distance
6.0727026     0.64344811  

BBB P2(x)
0.5085175     0.026955728 

BBB first bond length
0.6205374     0.0045514771

BBB second bond length
0.62100509    0.0047235284

BBB <phi**2>/<phi>**2
1.2194932     0.019777218 

Time = 22000
Temperature
1.0125089     0.009841529 

Pressure
23.549902     0.095659716 

CM Mom
5.5176028e-17  2.0676145e-17 
9.9059583e-17  1.657045e-17  
-6.9017252e-17 2.0404693e-17 
1.3526851e-16  2.1010516e-17 

CM Pos
7.5106598      0.014538982   
7.5067577      0.01548021    
7.4986531      0.016640254   
12.999685      0.011272321   

Stress
20.5298      -0.00908277  -0.0231943    0.120116     0.0553171    0.0422381   
-0.00908277  20.513       -0.00996597   0.0553171    0.128178     0.104669    
-0.0231943   -0.00996597  20.5205       0.0422381    0.104669     0.0664814   

Stress Spherical
0            0            0             0            0            0           
0            0            0             0            0            0           
0            0            0             0            0            0           

Inertia
150.075      -56.4077     -56.3231      0.325434     0.17304      0.171244    
-56.4077     150.151      -56.2819      0.17304      0.285963     0.210072    
-56.3231     -56.2819     150.265       0.171244     0.210072     0.27689     

Bond Length
0.62203574    0.0045401541

BB bond length
0.62203574    0.0045401541

Water EE distance
0             0           

PEG EE distance
6.4569819     0.35369471  

BBB P2(x)
0.52154394    0.034852996 

BBB first bond length
0.62185339    0.0044936691

BBB second bond length
0.6225978     0.0049300094

BBB <phi**2>/<phi>**2
1.2180991     0.017961746 

Time = 23000
Temperature
1.0108686     0.0064258926

Pressure
23.443394     0.13197589  

CM Mom
6.4456936e-17  1.4907025e-17 
7.7412035e-17  1.7827029e-17 
-8.0810347e-17 2.6724569e-17 
1.3308088e-16  1.4877422e-17 

CM Pos
7.4968425      0.0094024964  
7.5015576      0.013421888   
7.5008817      0.01334602    
12.989981      0.0095502556  

Stress
20.4266      -0.026206    -0.0108788    0.151819     0.0492294    0.0497664   
-0.026206    20.4131      0.013908      0.0492294    0.117798     0.0779406   
-0.0108788   0.013908     20.4188       0.0497664    0.0779406    0.168761    

Stress Spherical
0            0            0             0            0            0           
0            0            0             0            0            0           
0            0            0             0            0            0           

Inertia
150.022      -56.2309     -56.217       0.306983     0.129392     0.0773729   
-56.2309     149.967      -56.2899      0.129392     0.169392     0.169976    
-56.217      -56.2899     149.963       0.0773729    0.169976     0.213347    

Bond Length
0.62159222    0.0048426978

BB bond length
0.62159222    0.0048426978

Water EE distance
0             0           

PEG EE distance
6.8737541     0.19025504  

BBB P2(x)
0.51193935    0.027406796 

BBB first bond length
0.6215025     0.004375816 

BBB second bond length
0.62096833    0.0051749264

BBB <phi**2>/<phi>**2
1.2355781     0.018209588 

Time = 24000
Temperature
1.0126415     0.0066420137

Pressure
23.561919     0.10032003  

CM Mom
5.5713215e-17  1.3268154e-17 
8.1599358e-17  1.4253188e-17 
-9.0285896e-17 1.4433385e-17 
1.3523302e-16  1.4611975e-17 

CM Pos
7.4968425      0.012750532   
7.5011119      0.015557021   
7.5045961      0.01486034    
12.991873      0.012102721   

Stress
20.488       -0.0168651   -0.00841957   0.0826686    0.0658367    0.0718062   
-0.0168651   20.5611      0.00689065    0.0658367    0.191622     0.072447    
-0.00841957  0.00689065   20.5489       0.0718062    0.072447     0.11231     

Stress Spherical
0            0            0             0            0            0           
0            0            0             0            0            0           
0            0            0             0            0            0           

Inertia
150.085      -56.2595     -56.2248      0.34606      0.115216     0.172443    
-56.2595     150.025      -56.2922      0.115216     0.301631     0.160186    
-56.2248     -56.2922     149.959       0.172443     0.160186     0.226747    

Bond Length
0.61883335    0.0051442901

BB bond length
0.61883335    0.0051442901

Water EE distance
0             0           

PEG EE distance
6.9309712     0.41568206  

BBB P2(x)
0.50943767    0.022129682 

BBB first bond length
0.6190965     0.0050532028

BBB second bond length
0.61834139    0.0058982141

BBB <phi**2>/<phi>**2
1.2252937     0.021081367 

Time = 25000
Temperature
1.0059058     0.0077638899

Pressure
23.502735     0.088414277 

CM Mom
7.0829089e-17  1.7428611e-17 
9.9639382e-17  3.7742736e-18 
-1.226279e-16  2.673646e-17  
1.7463604e-16  2.2747779e-17 

CM Pos
7.4989225      0.01332947    
7.5018548      0.011517097   
7.5060818      0.012921641   
12.994357      0.009574833   

Stress
20.4518      -0.0602294   0.00299555    0.110191     0.100363     0.0773489   
-0.0602294   20.5356      0.0327306     0.100363     0.141322     0.0657978   
0.00299555   0.0327306    20.4936       0.0773489    0.0657978    0.136992    

Stress Spherical
0            0            0             0            0            0           
0            0            0             0            0            0           
0            0            0             0            0            0           

Inertia
150.137      -56.2467     -56.2733      0.144302     0.102051     0.217025    
-56.2467     150.081      -56.3236      0.102051     0.355018     0.123174    
-56.2733     -56.3236     150.025       0.217025     0.123174     0.189132    

Bond Length
0.61990336    0.0059944491

BB bond length
0.61990336    0.0059944491

Water EE distance
0             0           

PEG EE distance
7.0082881     0.27644059  

BBB P2(x)
0.49833969    0.019722174 

BBB first bond length
0.61945463    0.0059587117

BBB second bond length
0.61988085    0.0049724011

BBB <phi**2>/<phi>**2
1.2199034     0.026845259 

Time = 26000
Temperature
1.016589      0.0087029067

Pressure
23.550754     0.037736267 

CM Mom
5.4966954e-17  2.434618e-17  
6.4652402e-17  1.6987926e-17 
-1.1966458e-16 1.7700923e-17 
1.497076e-16   1.7412484e-17 

CM Pos
7.5004083      0.0089502548  
7.4990319      0.006611112   
7.5065275      0.010611324   
12.993831      0.012584857   

Stress
20.4955      -0.0502675   -0.018813     0.0966581    0.0729518    0.078879    
-0.0502675   20.563       -0.0173654    0.0729518    0.102199     0.0611257   
-0.018813    -0.0173654   20.4706       0.078879     0.0611257    0.109737    

Stress Spherical
0            0            0             0            0            0           
0            0            0             0            0            0           
0            0            0             0            0            0           

Inertia
150.083      -56.1937     -56.2853      0.224852     0.141682     0.0859573   
-56.1937     150.113      -56.2853      0.141682     0.235878     0.144671    
-56.2853     -56.2853     149.991       0.0859573    0.144671     0.237935    

Bond Length
0.61932978    0.0051706263

BB bond length
0.61932978    0.0051706263

Water EE distance
0             0           

PEG EE distance
6.7887347     0.68967791  

BBB P2(x)
0.50389106    0.015483304 

BBB first bond length
0.61984231    0.0055672271

BBB second bond length
0.61906797    0.0057656922

BBB <phi**2>/<phi>**2
1.233182      0.018069024 

Time = 27000
Temperature
1.01023       0.0069806722

Pressure
23.503654     0.071802163 

CM Mom
6.117536e-17   2.1262088e-17 
7.1571777e-17  1.7068185e-17 
-1.1888162e-16 2.4944938e-17 
1.5513092e-16  1.7257752e-17 

CM Pos
7.5036769      0.013849268   
7.496209       0.018043601   
7.4996932      0.011612533   
12.990152      0.017569614   

Stress
20.4934      0.00132491   0.00331182    0.107556     0.0430005    0.0790006   
0.00132491   20.4955      0.0207924     0.0430005    0.0878681    0.0872835   
0.00331182   0.0207924    20.4561       0.0790006    0.0872835    0.112282    

Stress Spherical
0            0            0             0            0            0           
0            0            0             0            0            0           
0            0            0             0            0            0           

Inertia
149.935      -56.2718     -56.2722      0.357002     0.208676     0.158141    
-56.2718     150.054      -56.23        0.208676     0.327688     0.212014    
-56.2722     -56.23       149.981       0.158141     0.212014     0.297332    

Bond Length
0.62216085    0.0054254673

BB bond length
0.62216085    0.0054254673

Water EE distance
0             0           

PEG EE distance
8.2314083     0.30020528  

BBB P2(x)
0.51053215    0.03464642  

BBB first bond length
0.62255152    0.0066152471

BBB second bond length
0.62208433    0.0051721829

BBB <phi**2>/<phi>**2
1.2296253     0.022190881 

Time = 28000
Temperature
1.0083316     0.0086295709

Pressure
23.531949     0.071609768 

CM Mom
4.4124657e-17  1.9351108e-17 
6.7334213e-17  2.8796974e-17 
-1.1138925e-16 2.0642112e-17 
1.4140135e-16  2.288956e-17  

CM Pos
7.5021911      0.010281686   
7.5036376      0.01664357    
7.4965731      0.01813573    
12.991786      0.016210413   

Stress
20.4879      0.0153144    -0.0210494    0.118261     0.0603339    0.0780717   
0.0153144    20.5408      -0.0525002    0.0603339    0.0844846    0.0390364   
-0.0210494   -0.0525002   20.5181       0.0780717    0.0390364    0.135032    

Stress Spherical
0            0            0             0            0            0           
