Time = 500
Temperature
   1.0410296    0.04225426

Pressure
   21.328246    0.21467992

CM Mom
-1.1846001e-16 3.1166888e-17 
1.7236114e-17  1.4428593e-17 
-5.9264574e-18 2.6021704e-17 
1.2375751e-16  3.0095643e-17 

CM Pos
7.5162753      0.025244199   
7.4911711      0.017307517   
7.4790254      0.03255412    
12.982624      0.036511688   

Stress
18.1421      0.0100017    0.0419133     0.112647     0.0756521    0.0553543   
0.0100017    18.2194      0.0263223     0.0756521    0.112564     0.025324    
0.0419133    0.0263223    18.2622       0.0553543    0.025324     0.163361    

Stress Spherical
0            0            0             0            0            0           
0            0            0             0            0            0           
0            0            0             0            0            0           

Inertia
148.725      -56.3875     -56.2644      0.921331     0.184375     0.466015    
-56.3875     149.147      -55.9814      0.184375     1.38184      0.311321    
-56.2644     -55.9814     149.288       0.466015     0.311321     0.760668    

Bond Length
0.61542019    0.0018458758

BB bond length
0.61542019    0.0018458758

Water EE distance
0             0           

PEG EE distance
3.7084702     0.078756468 

Time = 1000
Temperature
1.0068631     0.0095891269

Pressure
21.204636     0.05154062  

CM Mom
-1.473438e-16  1.8436979e-17 
1.1136801e-17  5.9369201e-18 
-3.2293706e-18 2.6268769e-17 
1.5025981e-16  1.8217073e-17 

CM Pos
7.5044129      0.0040445379  
7.520234       0.0072642045  
7.4935568      0.0098981728  
13.000907      0.01052783    

Stress
18.1947      -0.00915254  0.0049641     0.11133      0.0323034    0.059499    
-0.00915254  18.132       -0.0190334    0.0323034    0.0719198    0.0495573   
0.0049641    -0.0190334   18.2335       0.059499     0.0495573    0.0966466   

Stress Spherical
0            0            0             0            0            0           
0            0            0             0            0            0           
0            0            0             0            0            0           

Inertia
149.594      -56.5318     -56.2721      0.330241     0.118789     0.104088    
-56.5318     149.314      -56.3138      0.118789     0.43431      0.0962661   
-56.2721     -56.3138     149.782       0.104088     0.0962661    0.254446    

Bond Length
0.6134769     0.0030187379

BB bond length
0.6134769     0.0030187379

Water EE distance
0             0           

PEG EE distance
3.5933318     0.117307    

