Time = 1000
Temperature
     1.03971   0.052894306

Pressure
   23.607624    0.23739149

CM Mom
4.8394564e-17  2.6385158e-17 
-5.7082869e-18 1.0540691e-17 
-7.931341e-19  1.1210432e-16 
1.0716638e-16  6.5309075e-17 

CM Pos
7.5032018      0.015281899   
7.5008851      0.010014562   
7.4954056      0.020494658   
12.990109      0.015255097   

Stress
20.5013      0.00627178   -0.00982825   0.131386     0.070218     0.0875251   
0.00627178   20.4452      -0.00383842   0.070218     0.0960926    0.0638432   
-0.00982825  -0.00383842  20.5328       0.0875251    0.0638432    0.141437    

Stress Spherical
0            0            0             0            0            0           
0            0            0             0            0            0           
0            0            0             0            0            0           

Inertia
149.949      -56.3041     -56.2516      0.499137     0.202037     0.189394    
-56.3041     149.999      -56.2514      0.202037     0.73684      0.115858    
-56.2516     -56.2514     150.066       0.189394     0.115858     0.825883    

Bond Length
0.62004417    0.0030057582

BB bond length
0.62004417    0.0030057582

Water EE distance
0             0           

PEG EE distance
6.8637992     0.37881482  

BBB P2(x)
0.48661063    0.046621053 

BBB first bond length
0.62004402    0.002702264 

BBB second bond length
0.61988746    0.0035367798

BBB <phi**2>/<phi>**2
1.226044      0.016614429 

Time = 2000
Temperature
1.0086041     0.0079100711

Pressure
23.494063     0.092301825 

CM Mom
9.783909e-18   1.2971347e-17 
7.940538e-18   2.6937976e-17 
4.8875963e-18  2.2976511e-17 
3.6918548e-17  1.5540815e-17 

CM Pos
7.5029051      0.010194293   
7.5029622      0.0093883039  
7.5050495      0.018445425   
12.9967        0.010785891   

Stress
20.4151      -0.00944826  -0.0271291    0.115152     0.0513843    0.0535722   
-0.00944826  20.4814      0.00253926    0.0513843    0.130757     0.0566085   
-0.0271291   0.00253926   20.5217       0.0535722    0.0566085    0.105278    

Stress Spherical
0            0            0             0            0            0           
0            0            0             0            0            0           
0            0            0             0            0            0           

Inertia
150.053      -56.3297     -56.2914      0.354141     0.0788004    0.106775    
-56.3297     150.033      -56.3243      0.0788004    0.210935     0.198537    
-56.2914     -56.3243     150.01        0.106775     0.198537     0.171133    

Bond Length
0.6175267     0.002644447 

BB bond length
0.6175267     0.002644447 

Water EE distance
0             0           

PEG EE distance
7.5886131     0.37671898  

BBB P2(x)
0.50808726    0.020016441 

BBB first bond length
0.61770464    0.0029676272

BBB second bond length
0.61767438    0.0025765601

BBB <phi**2>/<phi>**2
1.229689      0.011182433 

Time = 3000
Temperature
1.0062922     0.0085275042

Pressure
23.491547     0.04021641  

CM Mom
-1.47283e-17   1.9727729e-17 
1.7128292e-17  1.9707152e-17 
-9.6812326e-18 1.963687e-17  
3.9486771e-17  1.4421656e-17 

CM Pos
7.4960801      0.01161542    
7.5037041      0.013127839   
7.5010436      0.012646138   
12.990869      0.015157929   

Stress
20.4656      -0.0160723   -0.025312     0.0918821    0.0513817    0.0561922   
-0.0160723   20.4582      0.0330297     0.0513817    0.0657134    0.078726    
-0.025312    0.0330297    20.5077       0.0561922    0.078726     0.0644532   

Stress Spherical
0            0            0             0            0            0           
0            0            0             0            0            0           
0            0            0             0            0            0           

Inertia
150.048      -56.2495     -56.2335      0.316675     0.142693     0.135899    
-56.2495     149.927      -56.2848      0.142693     0.290626     0.163735    
-56.2335     -56.2848     149.948       0.135899     0.163735     0.276718    

Bond Length
0.61866183    0.0017673091

BB bond length
0.61866183    0.0017673091

Water EE distance
0             0           

PEG EE distance
8.1701953     0.22163721  

BBB P2(x)
0.53110187    0.01049733  

BBB first bond length
0.61874263    0.0018172976

BBB second bond length
0.6186288     0.0018843847

BBB <phi**2>/<phi>**2
1.2335911     0.014787956 

Time = 4000
Temperature
1.0098098     0.0087575219

Pressure
23.497708     0.050275449 

CM Mom
-1.4062825e-17 2.9034076e-17 
3.8868238e-17  2.3003101e-17 
-1.9172486e-17 1.4083055e-17 
5.6603702e-17  2.103713e-17  

CM Pos
7.5005312      0.011728578   
7.4989563      0.013956843   
7.501637       0.011091931   
12.991043      0.0118757     

Stress
20.4939      0.0082976    0.00523097    0.0627517    0.0619876    0.0782756   
0.0082976    20.4398      0.0270723     0.0619876    0.0492459    0.0654055   
0.00523097   0.0270723    20.4846       0.0782756    0.0654055    0.0813759   

Stress Spherical
0            0            0             0            0            0           
0            0            0             0            0            0           
0            0            0             0            0            0           

Inertia
149.981      -56.2707     -56.2394      0.269934     0.194745     0.166617    
-56.2707     149.999      -56.2939      0.194745     0.244788     0.12801     
-56.2394     -56.2939     149.953       0.166617     0.12801      0.402903    

Bond Length
0.6209593     0.002606269 

BB bond length
0.6209593     0.002606269 

Water EE distance
0             0           

PEG EE distance
8.2099167     0.32430935  

BBB P2(x)
0.52527584    0.01488137  

BBB first bond length
0.62111576    0.0031976525

BBB second bond length
0.62122766    0.0029010009

BBB <phi**2>/<phi>**2
1.2267853     0.012154802 

Time = 5000
Temperature
1.0107861     0.0051610362

Pressure
23.412621     0.088102173 

CM Mom
-3.9470776e-17 2.4343996e-17 
3.9115458e-17  2.7154443e-17 
-3.9717103e-18 1.9161767e-17 
6.6211815e-17  2.041809e-17  

CM Pos
7.5032018      0.014113684   
7.5054845      0.011103832   
7.4997083      0.013682068   
12.995243      0.011746771   

Stress
20.4084      -0.0553802   -0.0571976    0.119851     0.0782155    0.0644932   
-0.0553802   20.3695      0.0219799     0.0782155    0.0560671    0.0427959   
-0.0571976   0.0219799    20.3764       0.0644932    0.0427959    0.122861    

Stress Spherical
0            0            0             0            0            0           
0            0            0             0            0            0           
0            0            0             0            0            0           

Inertia
150.07       -56.3163     -56.2502      0.260381     0.158103     0.122766    
-56.3163     150.046      -56.2465      0.158103     0.250847     0.177765    
-56.2502     -56.2465     150.119       0.122766     0.177765     0.280789    

Bond Length
0.62352106    0.0027846688

BB bond length
0.62352106    0.0027846688

Water EE distance
0             0           

PEG EE distance
7.8555188     0.24988316  

BBB P2(x)
0.52112231    0.015068339 

BBB first bond length
0.62322015    0.0027868458

BBB second bond length
0.62324908    0.0032098069

BBB <phi**2>/<phi>**2
1.2244762     0.0054815034

Time = 6000
Temperature
1.0125145     0.0079281456

Pressure
23.4665       0.10042853  

CM Mom
-4.5070964e-17 1.7508431e-17 
6.4529105e-17  2.8691218e-17 
-1.8904539e-18 1.4750863e-17 
8.4263154e-17  2.1118973e-17 

CM Pos
7.5002344      0.010181328   
7.4983628      0.014751237   
7.5035658      0.011753889   
12.991645      0.0092152855  

Stress
20.4195      -0.0148764   -0.0412797    0.138922     0.0675011    0.0769681   
-0.0148764   20.4205      0.0207298     0.0675011    0.130985     0.077975    
-0.0412797   0.0207298    20.4604       0.0769681    0.077975     0.123853    

Stress Spherical
0            0            0             0            0            0           
0            0            0             0            0            0           
0            0            0             0            0            0           

Inertia
149.999      -56.2275     -56.2872      0.306764     0.108012     0.112293    
-56.2275     150.035      -56.2831      0.108012     0.234687     0.154602    
-56.2872     -56.2831     149.945       0.112293     0.154602     0.156189    

Bond Length
0.61897972    0.0027772146

BB bond length
0.61897972    0.0027772146

Water EE distance
0             0           

PEG EE distance
6.8724123     0.11698346  

BBB P2(x)
0.52430909    0.02057543  

BBB first bond length
0.61901414    0.0031274471

BBB second bond length
0.61914139    0.0027221366

BBB <phi**2>/<phi>**2
1.2214674     0.010333652 

Time = 7000
Temperature
1.0040856     0.0095985272

Pressure
23.497646     0.093726425 

CM Mom
-1.6271603e-17 1.7841395e-17 
4.9373353e-17  1.8242476e-17 
-1.2103737e-17 2.1745259e-17 
6.0527539e-17  1.758892e-17  

CM Pos
7.5009763      0.019952042   
7.5007367      0.014467968   
7.5041593      0.0086563514  
12.99379       0.014585702   

Stress
20.4724      0.0553861    -0.0255615    0.090805     0.0618694    0.0692093   
0.0553861    20.4852      -0.0182942    0.0618694    0.15255      0.0862094   
-0.0255615   -0.0182942   20.512        0.0692093    0.0862094    0.102968    

Stress Spherical
0            0            0             0            0            0           
0            0            0             0            0            0           
0            0            0             0            0            0           

Inertia
150.07       -56.2628     -56.3023      0.187318     0.229841     0.170377    
-56.2628     150.08       -56.2627      0.229841     0.332475     0.0623019   
-56.3023     -56.2627     150.02        0.170377     0.0623019    0.518079    

Bond Length
0.62084069    0.0035112464

BB bond length
0.62084069    0.0035112464

Water EE distance
0             0           

PEG EE distance
7.1065227     0.22074161  

BBB P2(x)
0.51203662    0.020583736 

BBB first bond length
0.62094368    0.0038085239

BBB second bond length
0.62060793    0.00310743  

BBB <phi**2>/<phi>**2
1.2310313     0.017723406 

Time = 8000
Temperature
1.0142743     0.0076903856

Pressure
23.501741     0.087283749 

CM Mom
-9.7537101e-18 1.4675843e-17 
4.8756059e-17  1.9601246e-17 
-6.6629854e-18 2.390008e-17  
5.8444607e-17  1.6483766e-17 

CM Pos
7.50246        0.014140953   
7.5038524      0.0090199906  
7.5007468      0.010407988   
12.994468      0.0096494541  

Stress
20.498       0.0353161    0.022326      0.144451     0.054019     0.0728129   
0.0353161    20.4545      -0.00863245   0.054019     0.0989908    0.0602305   
0.022326     -0.00863245  20.4378       0.0728129    0.0602305    0.112151    

Stress Spherical
0            0            0             0            0            0           
0            0            0             0            0            0           
0            0            0             0            0            0           

Inertia
150.056      -56.296      -56.2214      0.265605     0.124862     0.15551     
-56.296      150.035      -56.2725      0.124862     0.232103     0.177233    
-56.2214     -56.2725     150.072       0.15551      0.177233     0.143482    

Bond Length
0.61935623    0.0028613404

BB bond length
0.61935623    0.0028613404

Water EE distance
0             0           

PEG EE distance
7.5356891     0.26600733  

BBB P2(x)
0.51604108    0.016963563 

BBB first bond length
0.61930082    0.0026010108

BBB second bond length
0.61953004    0.00285908  

BBB <phi**2>/<phi>**2
1.2260348     0.0096864999

Time = 9000
Temperature
1.0118042     0.0053043803

Pressure
23.506084     0.065116966 

CM Mom
5.3413697e-18  2.6685909e-17 
6.893568e-17   1.501614e-17  
-4.8884542e-18 2.0584631e-17 
7.6772564e-17  1.6488723e-17 

CM Pos
7.501273       0.011686272   
7.5005883      0.010300626   
7.4962958      0.010258869   
12.989329      0.0073115042  

Stress
20.4286      -0.00428741  -0.0205628    0.0582585    0.0336084    0.0705936   
-0.00428741  20.5122      0.00450068    0.0336084    0.0857334    0.0279682   
-0.0205628   0.00450068   20.4847       0.0705936    0.0279682    0.113768    

Stress Spherical
0            0            0             0            0            0           
0            0            0             0            0            0           
0            0            0             0            0            0           

Inertia
149.919      -56.3239     -56.2551      0.257745     0.0940699    0.0830597   
-56.3239     149.958      -56.2767      0.0940699    0.223054     0.146722    
-56.2551     -56.2767     150.009       0.0830597    0.146722     0.164158    

Bond Length
0.61919094    0.0026707419

BB bond length
0.61919094    0.0026707419

Water EE distance
0             0           

PEG EE distance
7.8091159     0.30111767  

BBB P2(x)
0.50704708    0.011911076 

BBB first bond length
0.61919645    0.00261538  

BBB second bond length
0.61955481    0.0028239243

BBB <phi**2>/<phi>**2
1.2303604     0.012203819 

Time = 10000
Temperature
1.0099115     0.0044586488

Pressure
23.450522     0.053241423 

CM Mom
1.4477923e-17  8.400086e-18  
7.8531532e-17  1.8153294e-17 
1.9359171e-17  2.4971565e-17 
8.5945568e-17  1.9713734e-17 

CM Pos
7.5003828      0.017804154   
7.5016269      0.014370262   
7.5007468      0.011607837   
12.991993      0.011163145   

Stress
20.3871      0.00867406   -0.0214222    0.0983691    0.055799     0.0748703   
0.00867406   20.465       -0.0298378    0.055799     0.106817     0.0408521   
-0.0214222   -0.0298378   20.4237       0.0748703    0.0408521    0.0909053   

Stress Spherical
0            0            0             0            0            0           
0            0            0             0            0            0           
0            0            0             0            0            0           

Inertia
150.03       -56.2507     -56.1962      0.192578     0.172001     0.196475    
-56.2507     150.016      -56.3349      0.172001     0.32079      0.0771635   
-56.1962     -56.3349     150.019       0.196475     0.0771635    0.255104    

Bond Length
0.62131883    0.0032717706

BB bond length
0.62131883    0.0032717706

Water EE distance
0             0           

PEG EE distance
7.7241919     0.1656449   

BBB P2(x)
0.51004411    0.020340446 

BBB first bond length
0.62112235    0.0034992935

BBB second bond length
0.62094122    0.0031431762

BBB <phi**2>/<phi>**2
1.2269348     0.017634439 

Time = 11000
Temperature
1.0060886     0.0057767252

Pressure
23.457461     0.092668784 

CM Mom
-2.6536636e-18 1.5144837e-17 
9.7846503e-17  1.4911588e-17 
1.1166746e-18  2.3674099e-17 
1.016925e-16   1.590746e-17  

CM Pos
7.5000861      0.014381746   
7.5007367      0.0092286775  
7.4961474      0.012068071   
12.988644      0.011419001   

Stress
20.4401      0.0129994    -0.00165501   0.105315     0.062774     0.104166    
0.0129994    20.4556      0.00224979    0.062774     0.14669      0.0542323   
-0.00165501  0.00224979   20.4353       0.104166     0.0542323    0.110877    

Stress Spherical
0            0            0             0            0            0           
0            0            0             0            0            0           
0            0            0             0            0            0           

Inertia
149.949      -56.2502     -56.2406      0.233783     0.177188     0.179401    
-56.2502     149.952      -56.2463      0.177188     0.268455     0.131238    
-56.2406     -56.2463     150.015       0.179401     0.131238     0.26689     

Bond Length
0.62048498    0.0024193381

BB bond length
0.62048498    0.0024193381

Water EE distance
0             0           

PEG EE distance
7.378456      0.20013886  

BBB P2(x)
0.50820655    0.0097996013

BBB first bond length
0.62052257    0.0025901014

BBB second bond length
0.62079354    0.0027839782

BBB <phi**2>/<phi>**2
1.2333124     0.0071190451

Time = 12000
Temperature
1.0072805     0.0062562688

Pressure
23.487039     0.061647521 

CM Mom
-7.9100645e-18 1.5491506e-17 
9.628961e-17   1.0220986e-17 
2.368915e-17   1.4766754e-17 
1.0144522e-16  1.2915634e-17 

CM Pos
7.5042404      0.0084243736  
7.5005883      0.010018957   
7.4965925      0.017708074   
12.991214      0.014300877   

Stress
20.4271      -0.0284097   -0.00373481   0.129013     0.0777899    0.0952901   
-0.0284097   20.4495      0.0172334     0.0777899    0.107321     0.0425719   
-0.00373481  0.0172334    20.5325       0.0952901    0.0425719    0.0862891   

Stress Spherical
0            0            0             0            0            0           
0            0            0             0            0            0           
0            0            0             0            0            0           

Inertia
149.947      -56.2828     -56.2609      0.333054     0.16827      0.187515    
-56.2828     150.007      -56.2297      0.16827      0.327318     0.174699    
-56.2609     -56.2297     150.079       0.187515     0.174699     0.203613    

Bond Length
0.62198269    0.0022643075

BB bond length
0.62198269    0.0022643075

Water EE distance
0             0           

PEG EE distance
7.2220166     0.2116752   

BBB P2(x)
0.51159719    0.013490919 

BBB first bond length
0.62214713    0.0022315659

BBB second bond length
0.621836      0.0024050217

BBB <phi**2>/<phi>**2
1.2218235     0.016188554 

Time = 13000
Temperature
1.0093704     0.0063940698

Pressure
23.459362     0.052361214 

CM Mom
2.8277194e-18  1.61613e-17   
1.0509947e-16  1.7747256e-17 
4.6652154e-17  2.0043554e-17 
1.1772997e-16  1.8651232e-17 

CM Pos
7.5086914      0.012345783   
7.4983628      0.011381863   
7.5004501      0.010310238   
12.994729      0.0078610152  

Stress
20.4693      0.0244951    0.0134407     0.0829071    0.0641582    0.057871    
0.0244951    20.4192      0.00792038    0.0641582    0.101363     0.056506    
0.0134407    0.00792038   20.4188       0.057871     0.056506     0.0898492   

Stress Spherical
0            0            0             0            0            0           
0            0            0             0            0            0           
0            0            0             0            0            0           

Inertia
149.981      -56.2554     -56.3288      0.290771     0.0728091    0.137069    
-56.2554     150.131      -56.2592      0.0728091    0.246982     0.15966     
-56.3288     -56.2592     150.108       0.137069     0.15966      0.123598    

Bond Length
0.61937463    0.0024611387

BB bond length
0.61937463    0.0024611387

Water EE distance
0             0           

PEG EE distance
7.4843207     0.20147702  

BBB P2(x)
0.5015651     0.011495586 

BBB first bond length
0.61926837    0.0021271088

BBB second bond length
0.61913977    0.0022990588

BBB <phi**2>/<phi>**2
1.2242225     0.008085255 

Time = 14000
Temperature
1.0120085     0.010040876 

Pressure
23.52269      0.091224502 

CM Mom
9.917608e-18   1.9920296e-17 
1.2791998e-16  1.611708e-17  
7.0855784e-17  1.0019604e-17 
1.4854285e-16  1.3206708e-17 

CM Pos
7.5027567      0.011205464   
7.4955438      0.010453362   
7.5089071      0.012515784   
12.994553      0.013884277   

Stress
20.456       -0.0141513   0.041791      0.134664     0.0666189    0.0767777   
-0.0141513   20.5151      0.0303706     0.0666189    0.111506     0.0526029   
0.041791     0.0303706    20.5024       0.0767777    0.0526029    0.104711    

Stress Spherical
0            0            0             0            0            0           
0            0            0             0            0            0           
0            0            0             0            0            0           

Inertia
150.064      -56.2357     -56.324       0.217996     0.162009     0.142701    
-56.2357     150.149      -56.2795      0.162009     0.297904     0.146588    
-56.324      -56.2795     149.961       0.142701     0.146588     0.248135    

Bond Length
0.61938683    0.0030786465

BB bond length
0.61938683    0.0030786465

Water EE distance
0             0           

PEG EE distance
7.2046627     0.20725233  

BBB P2(x)
0.51719146    0.016960567 

BBB first bond length
0.61931429    0.0033333383

BBB second bond length
0.619503      0.0035822592

BBB <phi**2>/<phi>**2
1.2214003     0.0085000411

Time = 15000
Temperature
1.0154308     0.0058043416

Pressure
23.513432     0.062494153 

CM Mom
1.3798172e-17  1.6548206e-17 
1.4990262e-16  2.4027695e-17 
1.1558344e-16  1.7982e-17    
1.9138969e-16  2.3774518e-17 

CM Pos
7.4938546      0.019763591   
7.4968791      0.012148971   
7.5038626      0.010516347   
12.987275      0.018286155   

Stress
20.4902      -0.0118633   0.0550109     0.100368     0.05845      0.0785721   
-0.0118633   20.4737      0.0283401     0.05845      0.119449     0.0621154   
0.0550109    0.0283401    20.4511       0.0785721    0.0621154    0.0732747   

Stress Spherical
0            0            0             0            0            0           
0            0            0             0            0            0           
0            0            0             0            0            0           

Inertia
150.002      -56.1933     -56.25        0.282859     0.221644     0.193049    
-56.1933     149.945      -56.2512      0.221644     0.314662     0.130394    
-56.25       -56.2512     149.855       0.193049     0.130394     0.410284    

Bond Length
0.61865496    0.0053640786

BB bond length
0.61865496    0.0053640786

Water EE distance
0             0           

PEG EE distance
7.4725068     0.16804763  

BBB P2(x)
0.5294229     0.024469468 

BBB first bond length
0.61892615    0.0055477945

BBB second bond length
0.61885514    0.0052173413

BBB <phi**2>/<phi>**2
1.2272643     0.011957746 

Time = 16000
Temperature
1.0141385     0.0053593618

Pressure
23.466321     0.08386164  

CM Mom
-2.6377406e-18 1.0371736e-17 
1.245819e-16   3.5094898e-17 
1.205476e-16   2.0889637e-17 
1.7557402e-16  3.1760003e-17 

CM Pos
7.5034985      0.013556805   
7.5001432      0.020213466   
7.4992632      0.016076542   
12.992088      0.0097870596  

Stress
20.4668      -0.0156796   0.066442      0.125006     0.0548018    0.0700632   
-0.0156796   20.3924      -0.00960817   0.0548018    0.11069      0.066451    
0.066442     -0.00960817  20.426        0.0700632    0.066451     0.123218    

Stress Spherical
0            0            0             0            0            0           
0            0            0             0            0            0           
0            0            0             0            0            0           

Inertia
149.957      -56.2821     -56.2767      0.333721     0.177177     0.177487    
-56.2821     150.02       -56.2772      0.177177     0.245706     0.137223    
-56.2767     -56.2772     150.044       0.177487     0.137223     0.339511    

Bond Length
0.61871947    0.0033639808

BB bond length
0.61871947    0.0033639808

Water EE distance
0             0           

PEG EE distance
6.8465389     0.17974468  

BBB P2(x)
0.51503771    0.019745968 

BBB first bond length
0.61880058    0.0033644626

BBB second bond length
0.61845017    0.0031225163

BBB <phi**2>/<phi>**2
1.2298306     0.016357647 

Time = 17000
Temperature
1.0079782     0.0096726667

Pressure
23.4545       0.055064492 

CM Mom
1.7690816e-17  1.9699004e-17 
1.4392982e-16  2.1771739e-17 
1.2025412e-16  1.1751859e-17 
1.9018476e-16  1.788108e-17  

CM Pos
7.5054273      0.012627847   
7.4980661      0.013997791   
7.4968893      0.013337445   
12.990622      0.0079840067  

Stress
20.4211      -0.0193941   0.0130488     0.0792145    0.0695484    0.0805587   
-0.0193941   20.488       0.0135071     0.0695484    0.0910749    0.0492009   
0.0130488    0.0135071    20.396        0.0805587    0.0492009    0.0819177   

Stress Spherical
0            0            0             0            0            0           
0            0            0             0            0            0           
0            0            0             0            0            0           

Inertia
149.897      -56.2785     -56.3085      0.215609     0.1946       0.0899028   
-56.2785     150.009      -56.1803      0.1946       0.193084     0.0986984   
-56.3085     -56.1803     150.034       0.0899028    0.0986984    0.333258    

Bond Length
0.62085046    0.0028230394

BB bond length
0.62085046    0.0028230394

Water EE distance
0             0           

PEG EE distance
7.6617414     0.29851651  

BBB P2(x)
0.52275042    0.019208975 

BBB first bond length
0.62070119    0.0026439802

BBB second bond length
0.62090406    0.0030472044

BBB <phi**2>/<phi>**2
1.2259278     0.0090990096

Time = 18000
Temperature
1.0099386     0.0089071322

Pressure
23.448525     0.054972718 

CM Mom
1.9214216e-17  1.5562081e-17 
1.8253917e-16  1.6944624e-17 
1.0748148e-16  1.6828248e-17 
2.139505e-16   1.6723427e-17 

CM Pos
7.5018665      0.012431074   
7.5001432      0.012867018   
7.4997083      0.013207248   
12.991382      0.016373046   

Stress
20.4361      -0.0186777   0.015258      0.0934374    0.0727585    0.0491358   
-0.0186777   20.4267      -0.0166149    0.0727585    0.076275     0.0604188   
0.015258     -0.0166149   20.4068       0.0491358    0.0604188    0.101407    

Stress Spherical
0            0            0             0            0            0           
0            0            0             0            0            0           
0            0            0             0            0            0           

Inertia
149.976      -56.2651     -56.2954      0.328717     0.175389     0.186352    
-56.2651     149.993      -56.2694      0.175389     0.313501     0.200368    
-56.2954     -56.2694     150.016       0.186352     0.200368     0.266557    

Bond Length
0.62009857    0.0027210322

BB bond length
0.62009857    0.0027210322

Water EE distance
0             0           

PEG EE distance
7.9133465     0.24486553  

BBB P2(x)
0.50999795    0.018782519 

BBB first bond length
0.6201411     0.0026640073

BBB second bond length
0.6201585     0.0027731135

BBB <phi**2>/<phi>**2
1.2250023     0.0080340513

Time = 19000
Temperature
1.0076125     0.007961076 

Pressure
23.466522     0.096707589 

CM Mom
1.6626578e-17  2.727469e-17  
2.0843852e-16  1.6974219e-17 
6.9267869e-17  1.7302506e-17 
2.2265156e-16  1.6696971e-17 

CM Pos
7.5026083      0.015775219   
7.4986596      0.0075376177  
7.5001534      0.0092047937  
12.991215      0.0077612155  

Stress
20.4799      -0.00604097  0.02463       0.119408     0.0362625    0.0758124   
-0.00604097  20.4173      -0.000529964  0.0362625    0.115765     0.0575639   
0.02463      -0.000529964 20.4473       0.0758124    0.0575639    0.186204    

Stress Spherical
0            0            0             0            0            0           
0            0            0             0            0            0           
0            0            0             0            0            0           

Inertia
149.975      -56.2656     -56.268       0.204032     0.153781     0.0973416   
-56.2656     150.03       -56.25        0.153781     0.18305      0.129586    
-56.268      -56.25       150.028       0.0973416    0.129586     0.233435    

Bond Length
0.62005971    0.0035455205

BB bond length
0.62005971    0.0035455205

Water EE distance
0             0           

PEG EE distance
7.2032136     0.18302906  

BBB P2(x)
0.51806849    0.015203563 

BBB first bond length
0.62005253    0.003516498 

BBB second bond length
0.61994537    0.0036811816

BBB <phi**2>/<phi>**2
1.2235972     0.011878235 

Time = 20000
Temperature
1.0146277     0.0083859299

Pressure
23.487456     0.090525604 

CM Mom
-3.3268599e-17 1.8707779e-17 
2.2260507e-16  1.9708657e-17 
5.8528026e-17  1.2749312e-17 
2.3375677e-16  1.8549352e-17 

CM Pos
7.4957834      0.0082461087  
7.5014786      0.021317537   
7.4992632      0.0097076189  
12.988384      0.019650599   

Stress
20.4523      0.0256309    0.0498695     0.129795     0.0573841    0.0736838   
0.0256309    20.4384      0.0160324     0.0573841    0.145579     0.0605788   
0.0498695    0.0160324    20.4535       0.0736838    0.0605788    0.0902718   

Stress Spherical
0            0            0             0            0            0           
0            0            0             0            0            0           
0            0            0             0            0            0           

Inertia
150.016      -56.1831     -56.213       0.430523     0.20881      0.139275    
-56.1831     149.92       -56.2516      0.20881      0.272485     0.233847    
-56.213      -56.2516     149.971       0.139275     0.233847     0.391226    

Bond Length
0.62004429    0.0043062096

BB bond length
0.62004429    0.0043062096

Water EE distance
0             0           

PEG EE distance
6.5628871     0.34804524  

BBB P2(x)
0.51154376    0.017481489 

BBB first bond length
0.61980364    0.0044552934

BBB second bond length
0.61982239    0.0043591057

BBB <phi**2>/<phi>**2
1.2280137     0.014494952 

Time = 21000
Temperature
1.0136328     0.012184127 

Pressure
23.486209     0.098926238 

CM Mom
-3.8732618e-17 9.0036602e-18 
2.299463e-16   2.1909628e-17 
3.6920132e-17  1.0147042e-17 
2.366805e-16   1.9621728e-17 

CM Pos
7.4974155      0.013759078   
7.5002916      0.012013224   
7.5047528      0.013886479   
12.991816      0.012923017   

Stress
20.4852      0.0244843    -0.00125477   0.0987951    0.063554     0.0952672   
0.0244843    20.4473      0.0122948     0.063554     0.127256     0.0498616   
-0.00125477  0.0122948    20.417        0.0952672    0.0498616    0.123982    

Stress Spherical
0            0            0             0            0            0           
0            0            0             0            0            0           
0            0            0             0            0            0           

Inertia
150.057      -56.2512     -56.2452      0.248681     0.186769     0.112753    
-56.2512     150.014      -56.2704      0.186769     0.238417     0.171616    
-56.2452     -56.2704     149.936       0.112753     0.171616     0.322209    

Bond Length
0.61965487    0.0023348173

BB bond length
0.61965487    0.0023348173

Water EE distance
0             0           

PEG EE distance
6.8629895     0.15151855  

BBB P2(x)
0.51071075    0.01711155  

BBB first bond length
0.61973762    0.0022041069

BBB second bond length
0.61991217    0.0027758785

BBB <phi**2>/<phi>**2
1.2248566     0.010725093 

Time = 22000
Temperature
1.0109589     0.0039911155

Pressure
23.452232     0.10169411  

CM Mom
-4.2484425e-17 2.7281448e-17 
1.978094e-16   2.4357376e-17 
5.6601608e-17  1.8131876e-17 
2.1286442e-16  2.2187677e-17 

CM Pos
7.5058724      0.01348517    
7.4959889      0.011405048   
7.4991148      0.020906724   
12.990965      0.016349127   

Stress
20.418       0.00941952   0.00525472    0.100258     0.0706623    0.0458392   
0.00941952   20.426       -0.00763281   0.0706623    0.148902     0.0642352   
0.00525472   -0.00763281  20.4276       0.0458392    0.0642352    0.186109    

Stress Spherical
0            0            0             0            0            0           
0            0            0             0            0            0           
0            0            0             0            0            0           

Inertia
149.898      -56.253      -56.2729      0.391954     0.183801     0.163607    
-56.253      150.042      -56.204       0.183801     0.313584     0.226705    
-56.2729     -56.204      149.99        0.163607     0.226705     0.332182    

Bond Length
0.61901768    0.0033146003

BB bond length
0.61901768    0.0033146003

Water EE distance
0             0           

PEG EE distance
6.9661313     0.12899779  

BBB P2(x)
0.51337286    0.010330726 

BBB first bond length
0.61901582    0.0037762404

BBB second bond length
0.61899099    0.0031320618

BBB <phi**2>/<phi>**2
1.2274285     0.015058655 

Time = 23000
Temperature
1.0092088     0.0074679578

Pressure
23.509107     0.081122551 

CM Mom
-4.2494582e-17 1.1095881e-17 
1.9899567e-16  1.992022e-17  
6.5072412e-17  2.0044335e-17 
2.1478529e-16  2.0699583e-17 

CM Pos
7.4977122      0.01197652    
7.4925765      0.015885767   
7.5034175      0.014437505   
12.986767      0.01201751    

Stress
20.4764      0.0380138    0.0108141     0.110663     0.0611773    0.0567789   
0.0380138    20.5343      -0.0141326    0.0611773    0.119338     0.0488472   
0.0108141    -0.0141326   20.4473       0.0567789    0.0488472    0.111502    

Stress Spherical
0            0            0             0            0            0           
0            0            0             0            0            0           
0            0            0             0            0            0           

Inertia
149.924      -56.184      -56.2394      0.30683      0.184704     0.0717298   
-56.184      150.004      -56.1576      0.184704     0.212061     0.149706    
-56.2394     -56.1576     149.851       0.0717298    0.149706     0.313902    

Bond Length
0.6177835     0.0026277086

BB bond length
0.6177835     0.0026277086

Water EE distance
0             0           

PEG EE distance
7.1902549     0.29705371  

BBB P2(x)
0.51314947    0.016129734 

BBB first bond length
0.61769083    0.0027342965

BBB second bond length
0.61763922    0.0026033447

BBB <phi**2>/<phi>**2
1.2245262     0.020543873 

Time = 24000
Temperature
1.009799      0.0098266958

Pressure
23.523847     0.090455418 

CM Mom
-4.3043791e-17 1.8983471e-17 
1.9249494e-16  1.3168154e-17 
8.0891992e-17  1.4376899e-17 
2.1468506e-16  1.0068484e-17 

CM Pos
7.4966736      0.019404464   
7.4909444      0.0082140122  
7.5050495      0.0084920404  
12.986162      0.015371222   

Stress
20.4831      0.00501962   -0.0178786    0.1354       0.0632731    0.0683663   
0.00501962   20.5322      0.0105246     0.0632731    0.115592     0.0933773   
-0.0178786   0.0105246    20.4815       0.0683663    0.0933773    0.115267    

Stress Spherical
0            0            0             0            0            0           
0            0            0             0            0            0           
0            0            0             0            0            0           

Inertia
149.941      -56.1741     -56.2304      0.209605     0.173584     0.189304    
-56.1741     150.047      -56.1822      0.173584     0.349604     0.0906326   
-56.2304     -56.1822     149.833       0.189304     0.0906326    0.29999     

Bond Length
0.61927243    0.0029921082

BB bond length
0.61927243    0.0029921082

Water EE distance
0             0           

PEG EE distance
7.4175992     0.16990668  

BBB P2(x)
0.5198999     0.010404932 

BBB first bond length
0.6190212     0.0030808344

BBB second bond length
0.61921473    0.0027169865

BBB <phi**2>/<phi>**2
1.2283363     0.016679557 

Time = 25000
Temperature
1.0115381     0.0047377347

Pressure
23.549498     0.093875217 

CM Mom
-4.6897314e-17 2.1841741e-17 
1.9175589e-16  7.3518951e-18 
5.2960027e-17  1.3579767e-17 
2.0586095e-16  1.0546827e-17 

CM Pos
7.5020149      0.013344046   
7.5045943      0.013791837   
7.4961474      0.017197887   
12.991992      0.014353787   

Stress
20.4974      -0.0238911   0.0353396     0.120541     0.0822436    0.0295646   
-0.0238911   20.5217      0.0384876     0.0822436    0.109151     0.0796322   
0.0353396    0.0384876    20.539        0.0295646    0.0796322    0.138682    

Stress Spherical
0            0            0             0            0            0           
0            0            0             0            0            0           
0            0            0             0            0            0           

Inertia
150.017      -56.3066     -56.2407      0.323929     0.190258     0.141155    
-56.3066     149.979      -56.2414      0.190258     0.283544     0.21167     
-56.2407     -56.2414     150.098       0.141155     0.21167      0.333487    

Bond Length
0.62065068    0.0029567996

BB bond length
0.62065068    0.0029567996

Water EE distance
0             0           

PEG EE distance
7.171928      0.13776259  

BBB P2(x)
0.52631075    0.020600751 

BBB first bond length
0.6204194     0.0032271584

BBB second bond length
0.62064254    0.0035879456

BBB <phi**2>/<phi>**2
1.2255808     0.012183844 

Time = 26000
Temperature
1.0117978     0.0056436022

Pressure
23.502018     0.071977409 

CM Mom
-4.1388134e-17 1.5756765e-17 
2.1022611e-16  1.3508519e-17 
7.0495319e-17  3.7521015e-17 
2.2868456e-16  2.0482636e-17 

CM Pos
7.4987508      0.015944551   
7.5053361      0.010632922   
7.4959991      0.015396705   
12.99045       0.012066242   

Stress
20.3997      -0.00752499  0.0412062     0.118855     0.0349735    0.0684481   
-0.00752499  20.5221      -0.0141925    0.0349735    0.0842592    0.0678237   
0.0412062    -0.0141925   20.4916       0.0684481    0.0678237    0.104214    

Stress Spherical
0            0            0             0            0            0           
0            0            0             0            0            0           
0            0            0             0            0            0           

Inertia
150.02       -56.2432     -56.2321      0.234705     0.211493     0.129734    
-56.2432     149.904      -56.2562      0.211493     0.238356     0.152057    
-56.2321     -56.2562     150.058       0.129734     0.152057     0.367559    

Bond Length
0.62172476    0.0029373905

BB bond length
0.62172476    0.0029373905

Water EE distance
0             0           

PEG EE distance
7.7767913     0.16538615  

BBB P2(x)
0.51243523    0.022428015 

BBB first bond length
0.6215711     0.002839458 

BBB second bond length
0.62169816    0.0027186415

BBB <phi**2>/<phi>**2
1.2202177     0.016670507 

Time = 27000
Temperature
1.013251      0.0069583353

Pressure
23.524161     0.097479813 

CM Mom
-7.7321927e-17 1.1290549e-17 
2.4246019e-16  1.7840643e-17 
1.203966e-16   1.5811251e-17 
2.8191518e-16  2.19217e-17   

CM Pos
7.4948932      0.01896616    
7.4988079      0.016411937   
7.5029724      0.012409806   
12.988472      0.022939413   

Stress
20.4991      -0.00463224  -0.0104254    0.132029     0.0918059    0.0797716   
-0.00463224  20.4871      -0.0171792    0.0918059    0.147269     0.0670108   
-0.0104254   -0.0171792   20.4805       0.0797716    0.0670108    0.100666    

Stress Spherical
0            0            0             0            0            0           
0            0            0             0            0            0           
0            0            0             0            0            0           

Inertia
150.019      -56.2461     -56.2312      0.406203     0.256327     0.217888    
-56.2461     149.96       -56.274       0.256327     0.398839     0.216208    
-56.2312     -56.274      149.922       0.217888     0.216208     0.381103    

Bond Length
0.61742328    0.0027117775

BB bond length
0.61742328    0.0027117775

Water EE distance
0             0           

PEG EE distance
7.3932148     0.13613727  

BBB P2(x)
0.52300875    0.018084505 

BBB first bond length
0.61749994    0.0029457405

BBB second bond length
0.61724084    0.0026165424

BBB <phi**2>/<phi>**2
1.2255558     0.014974222 

Time = 28000
Temperature
1.0111064     0.0040583292

Pressure
23.512935     0.11760822  

CM Mom
-8.7773233e-17 1.9399417e-17 
2.4907348e-16  1.5649732e-17 
1.4231781e-16  1.1055113e-17 
3.0073071e-16  1.7338119e-17 

CM Pos
7.5042404      0.011419514   
7.5042975      0.01090782    
7.5049011      0.015396705   
12.998156      0.0090989815  

Stress
20.473       -0.00778043  0.0163135     0.162629     0.0739932    0.0783706   
-0.00778043  20.4799      0.00396902    0.0739932    0.0897772    0.0498798   
0.0163135    0.00396902   20.4994       0.0783706    0.0498798    0.174158    

Stress Spherical
0            0            0             0            0            0           
