Time = 1000
Temperature
   1.0925237    0.12768985

Pressure
   23.679972    0.63759909

CM Mom
-5.8051818e-17 2.4066185e-17 
2.2888803e-17  3.3550106e-17 
-4.6332004e-17 2.2668513e-16 
1.7598303e-16  1.6781382e-16 

CM Pos
7.4935572      0.013990956   
7.5043757      0.016065743   
7.4992823      0.030244334   
12.988817      0.016925938   

Stress
20.4522      -0.0227958   0.043217      0.239083     0.063021     0.0502376   
-0.0227958   20.4258      -0.044713     0.063021     0.310426     0.0692029   
0.043217     -0.044713    20.3506       0.0502376    0.0692029    0.308877    

Stress Spherical
0            0            0             0            0            0           
0            0            0             0            0            0           
0            0            0             0            0            0           

Inertia
150.173      -56.2379     -56.1785      1.61065      0.162694     0.244669    
-56.2379     149.982      -56.2699      0.162694     1.49082      0.198562    
-56.1785     -56.2699     150.077       0.244669     0.198562     1.17426     

Bond Length
0.62019841    0.0052073782

BB bond length
0.62019841    0.0052073782

Water EE distance
0             0           

PEG EE distance
7.183769      0.18448031  

BBB P2(x)
0.48748813    0.06284654  

BBB first bond length
0.61984038    0.0050916381

BBB second bond length
0.62028896    0.0055896095

BBB <phi**2>/<phi>**2
1.2184577     0.015740693 

Time = 2000
Temperature
1.0143207     0.0083783529

Pressure
23.208509     0.094128157 

CM Mom
-5.277639e-17  2.9019571e-17 
8.3959037e-18  1.9086041e-17 
-2.9972615e-18 7.7805533e-17 
8.7508885e-17  4.9670219e-17 

CM Pos
7.4929633      0.014565276   
7.5057119      0.012939973   
7.5044788      0.013527144   
12.992219      0.014418726   

Stress
20.1706      -0.00227372  0.00551967    0.0918486    0.0692719    0.0756534   
-0.00227372  20.2173      0.0268964     0.0692719    0.118239     0.0784817   
0.00551967   0.0268964    20.1286       0.0756534    0.0784817    0.149451    

Stress Spherical
0            0            0             0            0            0           
0            0            0             0            0            0           
0            0            0             0            0            0           

Inertia
150.033      -56.2267     -56.2604      0.455144     0.185704     0.128808    
-56.2267     149.827      -56.3185      0.185704     0.410142     0.132473    
-56.2604     -56.3185     149.849       0.128808     0.132473     0.420357    

Bond Length
0.61903533    0.0035476929

BB bond length
0.61903533    0.0035476929

Water EE distance
0             0           

PEG EE distance
7.2366394     0.10563462  

BBB P2(x)
0.52252017    0.01026891  

BBB first bond length
0.6189644     0.0036883373

BBB second bond length
0.61931388    0.0036037193

BBB <phi**2>/<phi>**2
1.228983      0.0095540445

Time = 3000
Temperature
1.0127164     0.0076324174

Pressure
23.236772     0.099882636 

CM Mom
-4.1003417e-17 1.3991471e-17 
1.8779588e-17  3.1702819e-17 
6.4634804e-18  2.9852807e-17 
6.1868682e-17  1.8439521e-17 

CM Pos
7.5026139      0.016310848   
7.5055635      0.010809853   
7.4972037      0.015231102   
12.9935        0.018336567   

Stress
20.1986      0.0145987    0.00518547    0.0991128    0.066163     0.0490767   
0.0145987    20.2549      -0.0243241    0.066163     0.13579      0.113946    
0.00518547   -0.0243241   20.1622       0.0490767    0.113946     0.072742    

Stress Spherical
0            0            0             0            0            0           
0            0            0             0            0            0           
0            0            0             0            0            0           

Inertia
149.999      -56.2741     -56.2153      0.305711     0.225065     0.220038    
-56.2741     149.948      -56.2794      0.225065     0.332927     0.182888    
-56.2153     -56.2794     150.077       0.220038     0.182888     0.295099    

Bond Length
0.61848793    0.0018308653

BB bond length
0.61848793    0.0018308653

Water EE distance
0             0           

PEG EE distance
7.5700506     0.16948359  

BBB P2(x)
0.52490046    0.010228995 

BBB first bond length
0.61827926    0.0016989368

BBB second bond length
0.61838323    0.0018910193

BBB <phi**2>/<phi>**2
1.2275576     0.0063601421

Time = 4000
Temperature
1.0120009     0.010028085 

Pressure
23.197979     0.081308913 

CM Mom
-2.9785252e-17 2.6656643e-17 
4.2716334e-17  1.7663823e-17 
2.7420959e-17  1.4786568e-17 
6.6568403e-17  1.6541855e-17 

CM Pos
7.5009807      0.010047862   
7.5043757      0.0098361172  
7.5050727      0.010562314   
12.996413      0.0062864709  

Stress
20.1279      -0.00387223  -0.0488605    0.113143     0.0483374    0.0992835   
-0.00387223  20.1917      -0.0166713    0.0483374    0.0678124    0.0722331   
-0.0488605   -0.0166713   20.1861       0.0992835    0.0722331    0.124102    

Stress Spherical
0            0            0             0            0            0           
0            0            0             0            0            0           
0            0            0             0            0            0           

Inertia
150.087      -56.2931     -56.2663      0.17292      0.148907     0.0756505   
-56.2931     150.033      -56.3343      0.148907     0.12736      0.12392     
-56.2663     -56.3343     150.028       0.0756505    0.12392      0.194743    

Bond Length
0.61830883    0.0022514404

BB bond length
0.61830883    0.0022514404

Water EE distance
0             0           

PEG EE distance
7.7005696     0.11458836  

BBB P2(x)
0.51019471    0.011313691 

BBB first bond length
0.61838275    0.0022844817

BBB second bond length
0.61834165    0.0023966054

BBB <phi**2>/<phi>**2
1.229028      0.0086209648

Time = 5000
Temperature
1.0121716     0.005782265 

Pressure
23.163642     0.080825176 

CM Mom
-2.8031126e-17 1.0773368e-17 
6.4143045e-17  1.4735927e-17 
1.7529447e-17  2.6583611e-17 
7.8336222e-17  1.0521095e-17 

CM Pos
7.5021685      0.012221587   
7.4960613      0.010830226   
7.4970553      0.014623427   
12.987672      0.012969878   

Stress
20.115       0.0412735    -0.037854     0.110016     0.0700948    0.066743    
0.0412735    20.1065      -0.00276909   0.0700948    0.127447     0.0671466   
-0.037854    -0.00276909  20.1797       0.066743     0.0671466    0.109956    

Stress Spherical
0            0            0             0            0            0           
0            0            0             0            0            0           
0            0            0             0            0            0           

Inertia
149.851      -56.2244     -56.259       0.255917     0.116184     0.122638    
-56.2244     149.96       -56.175       0.116184     0.318772     0.149606    
-56.259      -56.175      149.945       0.122638     0.149606     0.245792    

Bond Length
0.61955231    0.0017298165

BB bond length
0.61955231    0.0017298165

Water EE distance
0             0           

PEG EE distance
7.4210932     0.1738916   

BBB P2(x)
0.506777      0.010667636 

BBB first bond length
0.61948154    0.0017635404

BBB second bond length
0.61946461    0.0019538803

BBB <phi**2>/<phi>**2
1.2213928     0.0071536015

Time = 6000
Temperature
1.0125935     0.0098979406

Pressure
23.213476     0.054824725 

CM Mom
-4.310095e-17  2.2010379e-17 
6.2747986e-17  1.2926604e-17 
2.7920686e-17  1.3390834e-17 
8.4398772e-17  1.6801248e-17 

CM Pos
7.5006838      0.012257607   
7.5009609      0.01656231    
7.5016578      0.010008294   
12.992306      0.007269359   

Stress
20.1535      0.0218137    -0.0371586    0.137075     0.0360103    0.0597144   
0.0218137    20.1769      0.0409553     0.0360103    0.0794636    0.0778287   
-0.0371586   0.0409553    20.2165       0.0597144    0.0778287    0.104979    

Stress Spherical
0            0            0             0            0            0           
0            0            0             0            0            0           
0            0            0             0            0            0           

Inertia
150.008      -56.2645     -56.2836      0.279697     0.0976065    0.131183    
-56.2645     149.999      -56.2756      0.0976065    0.17263      0.205546    
-56.2836     -56.2756     150.004       0.131183     0.205546     0.217624    

Bond Length
0.61924953    0.0025336706

BB bond length
0.61924953    0.0025336706

Water EE distance
0             0           

PEG EE distance
7.2509156     0.1454415   

BBB P2(x)
0.50542073    0.0088573018

BBB first bond length
0.61903722    0.0026617024

BBB second bond length
0.61938274    0.0024696629

BBB <phi**2>/<phi>**2
1.2227487     0.0092006057

Time = 7000
Temperature
1.0165744     0.0056304792

Pressure
23.264768     0.090393569 

CM Mom
-1.8310768e-17 1.7392892e-17 
3.2601125e-17  1.8967902e-17 
3.0404484e-17  3.1843243e-17 
6.1561819e-17  1.4456101e-17 

CM Pos
7.4965266      0.0092481905  
7.489974       0.020656118   
7.5043303      0.005586921   
12.985107      0.012027083   

Stress
20.2538      0.03471      -0.0476394    0.139653     0.0598672    0.0790677   
0.03471      20.206       -0.00210578   0.0598672    0.131858     0.0868412   
-0.0476394   -0.00210578  20.2052       0.0790677    0.0868412    0.0791389   

Stress Spherical
0            0            0             0            0            0           
0            0            0             0            0            0           
0            0            0             0            0            0           

Inertia
149.891      -56.1802     -56.3         0.248858     0.1767       0.112017    
-56.1802     149.997      -56.2397      0.1767       0.14953      0.184027    
-56.3        -56.2397     149.778       0.112017     0.184027     0.290045    

Bond Length
0.6180261     0.0022476593

BB bond length
0.6180261     0.0022476593

Water EE distance
0             0           

PEG EE distance
7.2018975     0.10905395  

BBB P2(x)
0.51391583    0.0098818968

BBB first bond length
0.61790674    0.0025569694

BBB second bond length
0.61777225    0.0020824724

BBB <phi**2>/<phi>**2
1.2257897     0.010605645 

Time = 8000
Temperature
1.0126893     0.008555063 

Pressure
23.205532     0.098797713 

CM Mom
-6.3022162e-17 2.1023623e-17 
5.7867339e-17  1.2676152e-17 
6.1835071e-17  2.8651405e-17 
1.1106344e-16  1.5247674e-17 

CM Pos
7.50202        0.0144719     
7.5002185      0.013855591   
7.4997277      0.012985038   
12.991532      0.012618939   

Stress
20.2008      0.0410331    -0.0150802    0.113647     0.0794254    0.0738664   
0.0410331    20.1444      -0.00904618   0.0794254    0.139002     0.0894953   
-0.0150802   -0.00904618  20.177        0.0738664    0.0894953    0.149703    

Stress Spherical
0            0            0             0            0            0           
0            0            0             0            0            0           
0            0            0             0            0            0           

Inertia
149.99       -56.2546     -56.2314      0.265377     0.230472     0.111322    
-56.2546     150.011      -56.2877      0.230472     0.242563     0.166331    
-56.2314     -56.2877     150.022       0.111322     0.166331     0.33903     

Bond Length
0.62018549    0.0028191292

BB bond length
0.62018549    0.0028191292

Water EE distance
0             0           

PEG EE distance
7.2085801     0.15507691  

BBB P2(x)
0.50919252    0.0080857826

BBB first bond length
0.62021232    0.0029898132

BBB second bond length
0.62019098    0.002957398 

BBB <phi**2>/<phi>**2
1.2246001     0.010720272 

Time = 9000
Temperature
1.0070725     0.0049219201

Pressure
23.165727     0.080046783 

CM Mom
-7.0726855e-17 1.579364e-17  
6.1423256e-17  1.7920782e-17 
7.6055167e-17  2.0969786e-17 
1.2304347e-16  2.0739427e-17 

CM Pos
7.504841       0.01189991    
7.5008124      0.010140672   
7.5047757      0.010874912   
12.996411      0.011901443   

Stress
20.1335      -0.0227933   -0.0611363    0.0899647    0.0624999    0.0637643   
-0.0227933   20.1633      -0.0328351    0.0624999    0.0956023    0.0810058   
-0.0611363   -0.0328351   20.1564       0.0637643    0.0810058    0.106957    

Stress Spherical
0            0            0             0            0            0           
0            0            0             0            0            0           
0            0            0             0            0            0           

Inertia
150.052      -56.305      -56.3084      0.227797     0.111588     0.136459    
-56.305      150.116      -56.3286      0.111588     0.226924     0.125272    
-56.3084     -56.3286     150.063       0.136459     0.125272     0.269681    

Bond Length
0.61904143    0.0022983139

BB bond length
0.61904143    0.0022983139

Water EE distance
0             0           

PEG EE distance
7.4190853     0.13629641  

BBB P2(x)
0.52073388    0.013805591 

BBB first bond length
0.61911565    0.0022428833

BBB second bond length
0.61892012    0.0023368335

BBB <phi**2>/<phi>**2
1.2299468     0.0079948396

Time = 10000
Temperature
1.0103879     0.0095642349

Pressure
23.207525     0.055690494 

CM Mom
-8.9812282e-17 2.0054924e-17 
2.5248013e-17  1.6939259e-17 
8.1042819e-17  1.9016569e-17 
1.2695477e-16  1.4314363e-17 

CM Pos
7.499793       0.0075355306  
7.4997731      0.012837355   
7.498243       0.01870319    
12.989131      0.013373384   

Stress
20.1985      -0.0718268   -0.0290938    0.113723     0.0710767    0.0443765   
-0.0718268   20.1704      -0.0123829    0.0710767    0.130721     0.0747977   
-0.0290938   -0.0123829   20.1799       0.0443765    0.0747977    0.126298    

Stress Spherical
0            0            0             0            0            0           
0            0            0             0            0            0           
0            0            0             0            0            0           

Inertia
149.965      -56.2565     -56.2401      0.310752     0.107317     0.177642    
-56.2565     149.98       -56.27        0.107317     0.396611     0.157544    
-56.2401     -56.27       149.985       0.177642     0.157544     0.187146    

Bond Length
0.61831363    0.0014483499

BB bond length
0.61831363    0.0014483499

Water EE distance
0             0           

PEG EE distance
7.5210208     0.11350851  

BBB P2(x)
0.50999039    0.0096457979

BBB first bond length
0.61851035    0.0015170489

BBB second bond length
0.61836437    0.0013845253

BBB <phi**2>/<phi>**2
1.2284336     0.0087920036

Time = 11000
Temperature
1.0058408     0.010321937 

Pressure
23.203245     0.074371405 

CM Mom
-7.0187018e-17 1.7446197e-17 
3.4668508e-17  9.3538598e-18 
5.9271877e-17  1.2788745e-17 
9.9690248e-17  1.6079469e-17 

CM Pos
7.4953388      0.010367469   
7.4954674      0.015350038   
7.4951251      0.014501572   
12.98227       0.016321383   

Stress
20.1915      -0.0225328   -0.0146975    0.114344     0.0343136    0.11765     
-0.0225328   20.1829      -0.000212842  0.0343136    0.118859     0.0872041   
-0.0146975   -0.000212842 20.2025       0.11765      0.0872041    0.0606713   

Stress Spherical
0            0            0             0            0            0           
0            0            0             0            0            0           
0            0            0             0            0            0           

Inertia
149.842      -56.1565     -56.1614      0.388256     0.175137     0.193536    
-56.1565     149.834      -56.1811      0.175137     0.305        0.221813    
-56.1614     -56.1811     149.848       0.193536     0.221813     0.289564    

Bond Length
0.61801765    0.0025231414

BB bond length
0.61801765    0.0025231414

Water EE distance
0             0           

PEG EE distance
7.4683138     0.18446458  

BBB P2(x)
0.51739302    0.010143883 

BBB first bond length
0.61802576    0.0027766166

BBB second bond length
0.61811183    0.0025185315

BBB <phi**2>/<phi>**2
1.2247112     0.0085664313

Time = 12000
Temperature
1.0070048     0.0081908261

Pressure
23.168278     0.079224875 

CM Mom
-6.2600183e-17 2.3833455e-17 
2.1021215e-17  2.4163181e-17 
5.9947977e-17  1.9193992e-17 
9.6319967e-17  1.4042811e-17 

CM Pos
7.4999414      0.01431877    
7.505118       0.009060366   
7.49854        0.014593247   
12.992471      0.014452803   

Stress
20.2035      0.00423004   -0.0185689    0.104105     0.0906887    0.085856    
0.00423004   20.1308      -0.0143123    0.0906887    0.0641726    0.0815732   
-0.0185689   -0.0143123   20.1272       0.085856     0.0815732    0.137212    

Stress Spherical
0            0            0             0            0            0           
0            0            0             0            0            0           
0            0            0             0            0            0           

Inertia
150.062      -56.3104     -56.2194      0.320431     0.107018     0.186082    
-56.3104     149.979      -56.2769      0.107018     0.324292     0.20231     
-56.2194     -56.2769     150.085       0.186082     0.20231      0.250712    

Bond Length
0.61802909    0.0018096053

BB bond length
0.61802909    0.0018096053

Water EE distance
0             0           

PEG EE distance
6.9847064     0.10936681  

BBB P2(x)
0.50040358    0.0072387514

BBB first bond length
0.61812406    0.0021338499

BBB second bond length
0.61803776    0.0019783994

BBB <phi**2>/<phi>**2
1.2227518     0.0055099871

Time = 13000
Temperature
1.0129644     0.0050364196

Pressure
23.229467     0.053927886 

CM Mom
-5.6315549e-17 2.4373901e-17 
3.4297353e-17  1.4549989e-17 
5.9327921e-17  1.4097557e-17 
9.1265005e-17  2.3297659e-17 

CM Pos
7.5061772      0.014939581   
7.5034849      0.016719283   
7.4902256      0.015301134   
12.990343      0.013560397   

Stress
20.2234      -0.00443537  0.00116522    0.0975805    0.0821244    0.0618662   
-0.00443537  20.1312      0.000267547   0.0821244    0.135585     0.103027    
0.00116522   0.000267547  20.2369       0.0618662    0.103027     0.0828285   

Stress Spherical
0            0            0             0            0            0           
0            0            0             0            0            0           
0            0            0             0            0            0           

Inertia
149.916      -56.3428     -56.1962      0.302337     0.158623     0.125702    
-56.3428     149.95       -56.2037      0.158623     0.212293     0.151354    
-56.1962     -56.2037     150.146       0.125702     0.151354     0.405497    

Bond Length
0.61938846    0.0013228847

BB bond length
0.61938846    0.0013228847

Water EE distance
0             0           

PEG EE distance
7.3027384     0.17287408  

BBB P2(x)
0.5134636     0.008067504 

BBB first bond length
0.61924521    0.0013552165

BBB second bond length
0.61964914    0.001516953 

BBB <phi**2>/<phi>**2
1.2298958     0.0065660686

Time = 14000
Temperature
1.0085415     0.0082271849

Pressure
23.204136     0.061450139 

CM Mom
-4.8229811e-17 1.3965887e-17 
6.5965028e-17  2.42918e-17   
9.2790518e-17  2.6744791e-17 
1.2732027e-16  2.4032259e-17 

CM Pos
7.499496       0.0099153565  
7.5039303      0.015360804   
7.5053696      0.012323072   
12.995474      0.01122108    

Stress
20.1985      -0.0235353   -0.0466555    0.0662519    0.078998     0.0964493   
-0.0235353   20.2335      -0.0193381    0.078998     0.104457     0.0795333   
-0.0466555   -0.0193381   20.1232       0.0964493    0.0795333    0.1072      

Stress Spherical
0            0            0             0            0            0           
0            0            0             0            0            0           
0            0            0             0            0            0           

Inertia
150.134      -56.2626     -56.2563      0.19385      0.179509     0.123057    
-56.2626     150.076      -56.3505      0.179509     0.25048      0.144259    
-56.2563     -56.3505     150.071       0.123057     0.144259     0.283377    

Bond Length
0.61781501    0.0020127055

BB bond length
0.61781501    0.0020127055

Water EE distance
0             0           

PEG EE distance
7.1438904     0.13499162  

BBB P2(x)
0.510235      0.0065628729

BBB first bond length
0.61786451    0.0024445843

BBB second bond length
0.61769519    0.0018762181

BBB <phi**2>/<phi>**2
1.2195242     0.00953348  

Time = 15000
Temperature
1.0058251     0.0056661484

Pressure
23.188864     0.081086402 

CM Mom
-2.977756e-17  1.5634669e-17 
4.0292975e-17  1.7037159e-17 
1.3493171e-16  1.3662077e-17 
1.4598004e-16  1.1312937e-17 

CM Pos
7.4978628      0.01154736    
7.4973976      0.013701204   
7.501064       0.0078563337  
12.988271      0.0091275555  

Stress
20.2211      0.00250703   -0.0143474    0.133951     0.053012     0.0731586   
0.00250703   20.2017      -0.0314953    0.053012     0.120751     0.059901    
-0.0143474   -0.0314953   20.1111       0.0731586    0.059901     0.0500303   

Stress Spherical
0            0            0             0            0            0           
0            0            0             0            0            0           
0            0            0             0            0            0           

Inertia
150.005      -56.2129     -56.2285      0.255451     0.107994     0.162717    
-56.2129     150.002      -56.2746      0.107994     0.24189      0.145882    
-56.2285     -56.2746     149.957       0.162717     0.145882     0.168784    

Bond Length
0.61809839    0.0023047549

BB bond length
0.61809839    0.0023047549

Water EE distance
0             0           

PEG EE distance
7.2349619     0.18543886  

BBB P2(x)
0.51517345    0.011470044 

BBB first bond length
0.61764075    0.0025793806

BBB second bond length
0.61783718    0.0021143805

BBB <phi**2>/<phi>**2
1.228109      0.010034178 

Time = 16000
Temperature
1.0136744     0.010393376 

Pressure
23.231573     0.10814813  

CM Mom
2.1719844e-18  2.3278729e-17 
2.5081598e-17  2.4082174e-17 
1.0765526e-16  2.9007623e-17 
1.1565297e-16  2.8480548e-17 

CM Pos
7.5021685      0.010452172   
7.5027425      0.0078225912  
7.4995793      0.01826854    
12.992985      0.014465598   

Stress
20.1581      -0.0463605   0.0109682     0.144175     0.0615769    0.0831434   
-0.0463605   20.2448      0.00656991    0.0615769    0.117948     0.0557624   
0.0109682    0.00656991   20.1886       0.0831434    0.0557624    0.149526    

Stress Spherical
0            0            0             0            0            0           
0            0            0             0            0            0           
0            0            0             0            0            0           

Inertia
150.029      -56.2734     -56.2265      0.287789     0.160139     0.210318    
-56.2734     150.024      -56.2546      0.160139     0.440972     0.134382    
-56.2265     -56.2546     150.082       0.210318     0.134382     0.218311    

Bond Length
0.61827127    0.0026781365

BB bond length
0.61827127    0.0026781365

Water EE distance
0             0           

PEG EE distance
7.5424747     0.33003746  

BBB P2(x)
0.51169338    0.0078085063

BBB first bond length
0.61831248    0.0026436391

BBB second bond length
0.61813801    0.0027714912

BBB <phi**2>/<phi>**2
1.2211702     0.012084202 

Time = 17000
Temperature
1.0149855     0.010374563 

Pressure
23.183081     0.07983216  

CM Mom
1.1709238e-17  2.8319949e-17 
7.3777688e-18  2.0907123e-17 
7.6206061e-17  1.5204649e-17 
8.5184119e-17  1.4590268e-17 

CM Pos
7.4959327      0.0067778158  
7.4973976      0.014829248   
7.4975007      0.013899273   
12.985098      0.013116284   

Stress
20.1744      -0.0348402   -0.0102397    0.113911     0.0567032    0.129709    
-0.0348402   20.1587      0.00323191    0.0567032    0.125272     0.0508216   
-0.0102397   0.00323191   20.1011       0.129709     0.0508216    0.114489    

Stress Spherical
0            0            0             0            0            0           
0            0            0             0            0            0           
0            0            0             0            0            0           

Inertia
149.922      -56.2093     -56.2104      0.369619     0.133404     0.144969    
-56.2093     149.912      -56.19        0.133404     0.311928     0.124162    
-56.2104     -56.19       149.907       0.144969     0.124162     0.228955    

Bond Length
0.61812943    0.0022134088

BB bond length
0.61812943    0.0022134088

Water EE distance
0             0           

PEG EE distance
6.9590003     0.060836324 

BBB P2(x)
0.51924659    0.011125104 

BBB first bond length
0.61800719    0.002068192 

BBB second bond length
0.61834522    0.002562338 

BBB <phi**2>/<phi>**2
1.2301536     0.0064126841

Time = 18000
Temperature
1.0126601     0.0092509876

Pressure
23.190366     0.076007489 

CM Mom
-7.1211747e-18 1.878773e-17  
7.4687031e-18  2.1854491e-17 
6.4548678e-17  2.1111129e-17 
7.1522517e-17  2.082862e-17  

CM Pos
7.4986052      0.022193274   
7.5020002      0.010809853   
7.5018063      0.008988307   
12.991795      0.011942727   

Stress
20.1305      -0.0139018   0.0135484     0.0751554    0.0494101    0.0480336   
-0.0139018   20.1813      0.00777788    0.0494101    0.120093     0.0977298   
0.0135484    0.00777788   20.1652       0.0480336    0.0977298    0.0880551   

Stress Spherical
0            0            0             0            0            0           
0            0            0             0            0            0           
0            0            0             0            0            0           

Inertia
150.056      -56.2435     -56.2561      0.161788     0.17579      0.186373    
-56.2435     150.014      -56.2712      0.17579      0.365871     0.13145     
-56.2561     -56.2712     150.024       0.186373     0.13145      0.266768    

Bond Length
0.61903983    0.0017053237

BB bond length
0.61903983    0.0017053237

Water EE distance
0             0           

PEG EE distance
6.9742555     0.099724267 

BBB P2(x)
0.51541591    0.011394512 

BBB first bond length
0.61910561    0.0015598246

BBB second bond length
0.61907349    0.0018825084

BBB <phi**2>/<phi>**2
1.2266174     0.0096446535

Time = 19000
Temperature
1.0110936     0.0090315787

Pressure
23.219272     0.090030408 

CM Mom
-2.2615931e-17 2.9017964e-17 
5.6497418e-18  1.4984004e-17 
5.0834214e-17  1.0715697e-17 
6.2817992e-17  1.9047465e-17 

CM Pos
7.4978628      0.014868588   
7.500367       0.014918171   
7.495719       0.013065426   
12.986906      0.011618713   

Stress
20.2011      -0.0242731   0.00638159    0.140797     0.0725218    0.0532212   
-0.0242731   20.1678      -0.0211429    0.0725218    0.0618841    0.0695614   
0.00638159   -0.0211429   20.2088       0.0532212    0.0695614    0.0827684   

Stress Spherical
0            0            0             0            0            0           
0            0            0             0            0            0           
0            0            0             0            0            0           

Inertia
149.945      -56.247      -56.1929      0.326893     0.130075     0.108396    
-56.247      149.916      -56.201       0.130075     0.198904     0.167803    
-56.1929     -56.201      149.966       0.108396     0.167803     0.293325    

Bond Length
0.61913696    0.0020711106

BB bond length
0.61913696    0.0020711106

Water EE distance
0             0           

PEG EE distance
6.9731884     0.1819729   

BBB P2(x)
0.51613167    0.0070286703

BBB first bond length
0.61909584    0.0021486879

BBB second bond length
0.61930413    0.0021131892

BBB <phi**2>/<phi>**2
1.2244431     0.0079012545

Time = 20000
Temperature
1.0138529     0.006456935 

Pressure
23.227863     0.071622038 

CM Mom
-5.4901259e-18 1.3113423e-17 
-1.6361312e-17 1.213081e-17  
4.8078712e-17  1.1968001e-17 
5.4032488e-17  1.2338484e-17 

CM Pos
7.5008323      0.007072259   
7.4990307      0.012927191   
7.5062604      0.014731561   
12.993928      0.012306264   

Stress
20.1654      -0.00813495  0.00319683    0.101304     0.0779085    0.0449517   
-0.00813495  20.2194      0.0588902     0.0779085    0.126822     0.0415982   
0.00319683   0.0588902    20.194        0.0449517    0.0415982    0.0725312   

Stress Spherical
0            0            0             0            0            0           
0            0            0             0            0            0           
0            0            0             0            0            0           

Inertia
150.071      -56.2328     -56.306       0.216071     0.175298     0.156409    
-56.2328     150.128      -56.286       0.175298     0.286362     0.151711    
-56.306      -56.286      149.999       0.156409     0.151711     0.299227    

Bond Length
0.61976253    0.001371674 

BB bond length
0.61976253    0.001371674 

Water EE distance
0             0           

PEG EE distance
6.7990409     0.096757956 

BBB P2(x)
0.51520852    0.008608897 

BBB first bond length
0.61973738    0.0014368633

BBB second bond length
0.61991134    0.001402078 

BBB <phi**2>/<phi>**2
1.2255626     0.0088007371

Time = 21000
Temperature
1.0082202     0.010596597 

Pressure
23.165997     0.11980818  

CM Mom
-1.7586865e-17 1.6595974e-17 
-1.8416812e-17 2.4257781e-17 
4.7014148e-17  2.8888697e-17 
6.3195555e-17  2.3739248e-17 

CM Pos
7.5024654      0.015921714   
7.5073451      0.025461327   
7.4983915      0.013259693   
12.995134      0.025749698   

Stress
20.1362      0.00453811   0.0119052     0.0817379    0.0600607    0.101556    
0.00453811   20.1316      0.0294339     0.0600607    0.152964     0.056176    
0.0119052    0.0294339    20.1759       0.101556     0.056176     0.132666    

Stress Spherical
0            0            0             0            0            0           
0            0            0             0            0            0           
0            0            0             0            0            0           

Inertia
150.072      -56.3177     -56.2853      0.488093     0.301177     0.186596    
-56.3177     150.003      -56.2951      0.301177     0.3296       0.233449    
-56.2853     -56.2951     150.149       0.186596     0.233449     0.538077    

Bond Length
0.61898157    0.0021093345

BB bond length
0.61898157    0.0021093345

Water EE distance
0             0           

PEG EE distance
7.1956608     0.26036486  

BBB P2(x)
0.5103466     0.011321713 

BBB first bond length
0.61905525    0.0021629754

BBB second bond length
0.61898044    0.002341509 

BBB <phi**2>/<phi>**2
1.2246432     0.0083695086

Time = 22000
Temperature
1.0131695     0.0060319096

Pressure
23.217509     0.10875954  

CM Mom
-1.0339591e-17 1.3246498e-17 
4.1621001e-19  8.8086624e-18 
4.6396839e-17  2.1081046e-17 
5.0519133e-17  2.012553e-17  

CM Pos
7.4971205      0.0093713158  
7.4962098      0.012065475   
7.4972037      0.010397194   
12.984924      0.011283854   

Stress
20.1481      -0.00591289  0.0749539     0.12577      0.0378544    0.0498327   
-0.00591289  20.1973      0.0152719     0.0378544    0.129873     0.084393    
0.0749539    0.0152719    20.2084       0.0498327    0.084393     0.128343    

Stress Spherical
0            0            0             0            0            0           
0            0            0             0            0            0           
0            0            0             0            0            0           

Inertia
149.899      -56.1736     -56.1882      0.236116     0.126689     0.157273    
-56.1736     149.934      -56.2266      0.126689     0.277556     0.103802    
-56.1882     -56.2266     149.908       0.157273     0.103802     0.209706    

Bond Length
0.61845225    0.0022814529

BB bond length
0.61845225    0.0022814529

Water EE distance
0             0           

PEG EE distance
7.3947429     0.11368031  

BBB P2(x)
0.51227182    0.0083536325

BBB first bond length
0.61863365    0.0025634698

BBB second bond length
0.61848028    0.0021908747

BBB <phi**2>/<phi>**2
1.2229034     0.0099311489

Time = 23000
Temperature
1.0102373     0.0070105757

Pressure
23.201994     0.068203174 

CM Mom
-2.0162765e-17 2.3328101e-17 
-2.8782776e-17 1.9836436e-17 
7.0121359e-17  2.193854e-17  
8.3154341e-17  2.5618935e-17 

CM Pos
7.4978628      0.012142874   
7.507642       0.012233305   
7.5040334      0.010890104   
12.995904      0.0075368876  

Stress
20.1866      0.00150902   0.00176945    0.106536     0.06619      0.0776744   
0.00150902   20.1971      0.0365605     0.06619      0.103358     0.0542375   
0.00176945   0.0365605    20.1499       0.0776744    0.0542375    0.111426    

Stress Spherical
0            0            0             0            0            0           
0            0            0             0            0            0           
0            0            0             0            0            0           

Inertia
150.165      -56.2995     -56.2558      0.184001     0.121209     0.135696    
-56.2995     150.042      -56.3187      0.121209     0.244117     0.154332    
-56.2558     -56.3187     150.086       0.135696     0.154332     0.240449    

Bond Length
0.61910582    0.0015016096

BB bond length
0.61910582    0.0015016096

Water EE distance
0             0           

PEG EE distance
7.5088784     0.087382894 

BBB P2(x)
0.51380886    0.010410975 

BBB first bond length
0.61937446    0.0014654909

BBB second bond length
0.61917983    0.0014267712

BBB <phi**2>/<phi>**2
1.227497      0.0077616197

Time = 24000
Temperature
1.0104311     0.0054577929

Pressure
23.125        0.047350297 

CM Mom
1.0958274e-17  1.4927445e-17 
-2.4375071e-17 2.8752148e-17 
9.4327267e-17  2.6068266e-17 
1.0412741e-16  2.2325165e-17 

CM Pos
7.5063257      0.014775637   
7.5020002      0.014951381   
7.5016578      0.0080009068  
12.996156      0.015674914   

Stress
20.1231      0.01618      0.00711601    0.0947387    0.0667047    0.0649395   
0.01618      20.1132      -0.0181722    0.0667047    0.0964064    0.0889087   
0.00711601   -0.0181722   20.0646       0.0649395    0.0889087    0.0710872   

Stress Spherical
0            0            0             0            0            0           
0            0            0             0            0            0           
0            0            0             0            0            0           

Inertia
150.046      -56.3092     -56.3064      0.199362     0.171013     0.114056    
-56.3092     150.144      -56.2489      0.171013     0.332415     0.128495    
-56.3064     -56.2489     150.135       0.114056     0.128495     0.394046    

Bond Length
0.61978647    0.0024992391

BB bond length
0.61978647    0.0024992391

Water EE distance
0             0           

PEG EE distance
7.6278        0.10025389  

BBB P2(x)
0.51766059    0.010849765 

BBB first bond length
0.61978384    0.0025819406

BBB second bond length
0.6196605     0.0024754209

BBB <phi**2>/<phi>**2
1.2281239     0.0078192603

Time = 25000
Temperature
1.0088677     0.0079501169

Pressure
23.229063     0.057682577 

CM Mom
2.8166016e-17  1.2398677e-17 
-4.5398347e-17 3.2024811e-17 
5.2578176e-17  1.9172404e-17 
8.3025212e-17  1.6507872e-17 

CM Pos
7.5026139      0.0090664464  
7.5005154      0.013705226   
7.4966098      0.01496538    
12.990245      0.011842581   

Stress
20.2632      0.0173441    0.0411755     0.0822535    0.0903564    0.0850898   
0.0173441    20.1793      0.0227802     0.0903564    0.106643     0.0660862   
0.0411755    0.0227802    20.1846       0.0850898    0.0660862    0.15047     

Stress Spherical
0            0            0             0            0            0           
0            0            0             0            0            0           
0            0            0             0            0            0           

Inertia
149.941      -56.2844     -56.215       0.290858     0.109084     0.14842     
-56.2844     149.985      -56.2257      0.109084     0.25852      0.153839    
-56.215      -56.2257     150.047       0.14842      0.153839     0.261436    

Bond Length
0.61885336    0.0018171352

BB bond length
0.61885336    0.0018171352

Water EE distance
0             0           

PEG EE distance
7.4867825     0.13862168  

BBB P2(x)
0.5133641     0.014005493 

BBB first bond length
0.61885489    0.0020539101

BBB second bond length
0.61861602    0.0020307087

BBB <phi**2>/<phi>**2
1.2248416     0.0068386476

Time = 26000
Temperature
1.0115338     0.005985947 

Pressure
23.220178     0.085402189 

CM Mom
7.1459e-18     3.2895043e-17 
-2.8960524e-17 2.0521898e-17 
5.3837383e-18  2.6478193e-17 
5.2027878e-17  2.0400669e-17 

CM Pos
7.5030593      0.011675504   
7.5088298      0.016671752   
7.4969068      0.0065327131  
12.995471      0.014688864   

Stress
20.1513      0.0161016    0.0240597     0.114886     0.104022     0.0516285   
0.0161016    20.215       0.00537626    0.104022     0.129762     0.118949    
0.0240597    0.00537626   20.2102       0.0516285    0.118949     0.12135     

Stress Spherical
0            0            0             0            0            0           
0            0            0             0            0            0           
0            0            0             0            0            0           

Inertia
150.078      -56.3387     -56.2365      0.262024     0.212111     0.149052    
-56.3387     149.998      -56.3201      0.212111     0.235914     0.121896    
-56.2365     -56.3201     150.19        0.149052     0.121896     0.340267    

Bond Length
0.62026594    0.002201224 

BB bond length
0.62026594    0.002201224 

Water EE distance
0             0           

PEG EE distance
7.2532822     0.13936547  

BBB P2(x)
0.50601129    0.0071493098

BBB first bond length
0.62009171    0.002366848 

BBB second bond length
0.62017627    0.0021826808

BBB <phi**2>/<phi>**2
1.2223777     0.0093015957

Time = 27000
Temperature
1.0103687     0.0059318466

Pressure
23.155906     0.11046956  

CM Mom
-8.540959e-18  2.241155e-17  
-3.780066e-17  1.8635002e-17 
-1.5288231e-17 2.9489278e-17 
5.2484035e-17  2.6460392e-17 

CM Pos
7.4986052      0.012844222   
7.4951705      0.012153762   
7.500767       0.016768652   
12.987246      0.014632813   

Stress
20.1193      0.0360302    0.0136234     0.139808     0.0822871    0.0702647   
0.0360302    20.089       0.0135829     0.0822871    0.122807     0.0481164   
0.0136234    0.0135829    20.1859       0.0702647    0.0481164    0.117856    

Stress Spherical
0            0            0             0            0            0           
0            0            0             0            0            0           
0            0            0             0            0            0           

Inertia
149.965      -56.1924     -56.2404      0.304312     0.137415     0.221792    
-56.1924     150.009      -56.2372      0.137415     0.375317     0.182656    
-56.2404     -56.2372     149.914       0.221792     0.182656     0.251524    

Bond Length
0.61937014    0.0024935144

BB bond length
0.61937014    0.0024935144

Water EE distance
0             0           

PEG EE distance
7.4536569     0.17882962  

BBB P2(x)
0.51162016    0.010114198 

BBB first bond length
0.61948364    0.0023105198

BBB second bond length
0.61930063    0.0028123029

BBB <phi**2>/<phi>**2
1.2185733     0.0081141969

Time = 28000
Temperature
1.0083929     0.0034254262

Pressure
23.189815     0.08005347  

CM Mom
-4.3761117e-18 2.3029369e-17 
-5.4379829e-17 2.0496501e-17 
-1.0641515e-18 1.2657017e-17 
6.0924353e-17  1.9399235e-17 

CM Pos
7.5039501      0.011248558   
7.5046726      0.0084105765  
7.4964614      0.0081171555  
12.993325      0.0083112301  

Stress
20.1622      0.00237471   0.0178358     0.0925451    0.0723931    0.0656329   
0.00237471   20.1437      -0.0181302    0.0723931    0.115768     0.0610711   
0.0178358    -0.0181302   20.2077       0.0656329    0.0610711    0.0910028   

Stress Spherical
0            0            0             0            0            0           
