Time = 500
Temperature
   1.0281495    0.04217362

Pressure
   23.451379    0.15846593

CM Mom
9.4161695e-18  1.9239193e-17 
2.2005971e-17  1.6728541e-17 
-9.2105523e-18 2.1012191e-17 
4.032671e-17   1.1091463e-17 

CM Pos
7.4930225      0.042348645   
7.5103824      0.027136045   
7.50295        0.0042530719  
12.994148      0.012572912   

Stress
20.3771      0.0087604    -0.0398384    0.129675     0.07255      0.0347031   
0.0087604    20.4102      0.00751074    0.07255      0.0456659    0.0376102   
-0.0398384   0.00751074   20.3144       0.0347031    0.0376102    0.0619445   

Stress Spherical
0            0            0             0            0            0           
0            0            0             0            0            0           
0            0            0             0            0            0           

Inertia
150.048      -56.2855     -56.3053      0.388157     0.173533     0.314833    
-56.2855     149.788      -56.38        0.173533     0.537987     0.137116    
-56.3053     -56.38       149.899       0.314833     0.137116     0.258763    

Bond Length
0.61730407    0.008596029 

BB bond length
0.61730407    0.008596029 

Water EE distance
0             0           

PEG EE distance
3.7372198     0.22306949  

Time = 1000
Temperature
1.0084153     0.0078561985

Pressure
23.360934     0.078004688 

CM Mom
1.8583405e-17  1.3495195e-17 
1.6214695e-17  1.3791905e-17 
-2.2788413e-17 1.7826439e-17 
3.9840415e-17  1.5179962e-17 

CM Pos
7.4903555      0.01930897    
7.498233       0.019909021   
7.501172       0.012445674   
12.984502      0.012021786   

Stress
20.3972      0.0263942    0.0254962     0.13906      0.0581156    0.0874173   
0.0263942    20.2858      -0.0320166    0.0581156    0.0895052    0.0420187   
0.0254962    -0.0320166   20.325        0.0874173    0.0420187    0.081059    

Stress Spherical
0            0            0             0            0            0           
0            0            0             0            0            0           
0            0            0             0            0            0           

Inertia
149.804      -56.207      -56.1831      0.143915     0.155606     0.280058    
-56.207      149.725      -56.3387      0.155606     0.442975     0.0948296   
-56.1831     -56.3387     149.672       0.280058     0.0948296    0.23412     

Bond Length
0.61167522    0.0044912552

BB bond length
0.61167522    0.0044912552

Water EE distance
0             0           

PEG EE distance
3.3242421     0.17874584  

