Time = 1000
Temperature
   1.0815138    0.22788152

Pressure
   23.559177    0.64800295

CM Mom
-9.1506123e-18 1.6137656e-17 
1.6891089e-17  2.3135134e-17 
1.4810543e-17  6.3961405e-17 
6.2074028e-17  4.0273187e-17 

CM Pos
7.4980506      0.02110621    
7.5013925      0.018202818   
7.4999951      0.043213427   
12.990134      0.025088156   

Stress
20.3242      -0.00415287  -0.00161591   0.14653      0.070495     0.0694093   
-0.00415287  20.3146      0.00128537    0.070495     0.162863     0.071881    
-0.00161591  0.00128537   20.3147       0.0694093    0.071881     0.148388    

Stress Spherical
0            0            0             0            0            0           
0            0            0             0            0            0           
0            0            0             0            0            0           

Inertia
149.912      -56.255      -56.2355      0.322089     0.226192     0.392712    
-56.255      149.863      -56.2435      0.226192     0.477671     0.257067    
-56.2355     -56.2435     149.882       0.392712     0.257067     0.834519    

Bond Length
0.57390038    0.018449671 

BB bond length
0.57390038    0.018449671 

Water EE distance
0             0           

PEG EE distance
2.2368255     0.25539381  

Time = 2000
Temperature
1.0121878     0.0097278729

Pressure
23.320945     0.078135787 

CM Mom
-1.4747849e-17 1.9159011e-17 
2.5016719e-17  1.7815221e-17 
6.6715047e-18  2.8366069e-17 
4.450857e-17   1.9897614e-17 

CM Pos
7.5000229      0.012984343   
7.4991532      0.013606756   
7.5023827      0.018661397   
12.991299      0.015357503   

Stress
20.2914      0.00538391   -0.00587449   0.10915      0.0717595    0.0656521   
0.00538391   20.3008      -0.00935756   0.0717595    0.125848     0.0669312   
-0.00587449  -0.00935756  20.27         0.0656521    0.0669312    0.113673    

Stress Spherical
0            0            0             0            0            0           
0            0            0             0            0            0           
0            0            0             0            0            0           

Inertia
149.936      -56.2357     -56.2672      0.29515      0.157665     0.201466    
-56.2357     149.968      -56.2211      0.157665     0.315143     0.179604    
-56.2672     -56.2211     149.915       0.201466     0.179604     0.353581    

Bond Length
0.5698413     0.0028608719

BB bond length
0.5698413     0.0028608719

Water EE distance
0             0           

PEG EE distance
2.2612194     0.060974108 

Time = 3000
Temperature
1.010838      0.0075129188

Pressure
23.308613     0.09453498  

CM Mom
-2.9360227e-17 1.9789087e-17 
1.5568484e-17  1.9916408e-17 
4.0658708e-17  1.7961922e-17 
5.9205582e-17  1.9056023e-17 

CM Pos
7.4989997      0.011854102   
7.4996129      0.014719755   
7.5027979      0.01247505    
12.99121       0.012287573   

Stress
20.28        -0.0083043   0.0219531     0.124568     0.0718224    0.0732055   
-0.0083043   20.284       0.0110919     0.0718224    0.115645     0.0725847   
0.0219531    0.0110919    20.2733       0.0732055    0.0725847    0.130354    

Stress Spherical
0            0            0             0            0            0           
0            0            0             0            0            0           
0            0            0             0            0            0           

Inertia
149.968      -56.2459     -56.2509      0.274541     0.1618       0.130672    
-56.2459     149.99       -56.2542      0.1618       0.249858     0.151457    
-56.2509     -56.2542     149.934       0.130672     0.151457     0.253501    

Bond Length
0.56969277    0.0031409131

BB bond length
0.56969277    0.0031409131

Water EE distance
0             0           

PEG EE distance
2.2298056     0.065233343 

