Time = 1000
Temperature
   1.0622338    0.17329107

Pressure
   23.832224    0.56018436

CM Mom
1.277239e-18   2.6707438e-17 
-4.4662803e-17 2.1403398e-17 
5.1954454e-18  3.6914438e-17 
6.4502069e-17  1.9923391e-17 

CM Pos
7.4987663      0.020379488   
7.4996255      0.022285574   
7.4988134      0.017736731   
12.988802      0.018391845   

Stress
20.6412      -0.0129578   -0.011347     0.125257     0.0703142    0.0697233   
-0.0129578   20.6538      -0.00141516   0.0703142    0.134103     0.073214    
-0.011347    -0.00141516  20.6425       0.0697233    0.073214     0.112136    

Stress Spherical
0            0            0             0            0            0           
0            0            0             0            0            0           
0            0            0             0            0            0           

Inertia
149.947      -56.2621     -56.229       0.33044      0.296888     0.1804      
-56.2621     149.939      -56.2327      0.296888     0.300834     0.189801    
-56.229      -56.2327     149.95        0.1804       0.189801     0.453238    

Bond Length
0.57342953    0.022003207 

BB bond length
0.57342953    0.022003207 

Water EE distance
0             0           

PEG EE distance
2.2697154     0.31828744  

Time = 2000
Temperature
1.0092826     0.0071127369

Pressure
23.648671     0.089365208 

CM Mom
-2.1743487e-17 1.2562157e-17 
-3.7529133e-17 1.9626789e-17 
1.7020338e-17  2.2499115e-17 
5.4386476e-17  1.6194041e-17 

CM Pos
7.49847        0.013612475   
7.4987217      0.012550874   
7.502399       0.015210849   
12.990161      0.012354918   

Stress
20.6325      -0.00735929  0.00689452    0.121431     0.0614515    0.0671661   
-0.00735929  20.6128      0.000279028   0.0614515    0.122155     0.0726479   
0.00689452   0.000279028  20.618        0.0671661    0.0726479    0.119807    

Stress Spherical
0            0            0             0            0            0           
0            0            0             0            0            0           
0            0            0             0            0            0           

Inertia
150          -56.2248     -56.2495      0.252288     0.151929     0.179961    
-56.2248     149.993      -56.2558      0.151929     0.336986     0.136069    
-56.2495     -56.2558     149.942       0.179961     0.136069     0.261333    

Bond Length
0.56997725    0.0065681555

BB bond length
0.56997725    0.0065681555

Water EE distance
0             0           

PEG EE distance
2.4520666     0.17006786  

Time = 3000
Temperature
1.0121283     0.0076789194

Pressure
23.666753     0.097698811 

CM Mom
-1.5762036e-17 2.3767863e-17 
-5.2984829e-17 1.9206968e-17 
2.9864358e-17  1.6177953e-17 
6.8935356e-17  1.9778159e-17 

CM Pos
7.5018185      0.013346992   
7.4979512      0.015352774   
7.5024582      0.01386046    
12.991685      0.013017848   

Stress
20.6308      0.0064914    -0.00271838   0.1183       0.0742676    0.0717834   
0.0064914    20.6303      -0.006768     0.0742676    0.129247     0.0664296   
-0.00271838  -0.006768    20.6309       0.0717834    0.0664296    0.129584    

Stress Spherical
0            0            0             0            0            0           
0            0            0             0            0            0           
0            0            0             0            0            0           

Inertia
149.991      -56.2335     -56.263       0.313768     0.163491     0.160644    
-56.2335     150.045      -56.2496      0.163491     0.293351     0.174255    
-56.263      -56.2496     149.976       0.160644     0.174255     0.243737    

Bond Length
0.56991027    0.0069396515

BB bond length
0.56991027    0.0069396515

Water EE distance
0             0           

PEG EE distance
2.338216      0.13730757  

