Time = 1000
Temperature
   1.0659458   0.089213695

Pressure
   23.595071    0.45286504

CM Mom
2.3546626e-17  1.7864107e-17 
1.0260385e-16  1.6830919e-17 
-2.8993187e-17 2.0517714e-16 
2.0910459e-16  1.0439317e-16 

CM Pos
7.4958961      0.016898377   
7.5068964      0.035893134   
7.5020343      0.022607166   
12.993186      0.040742661   

Stress
20.3577      -0.0199354   -0.0232695    0.212605     0.105698     0.0552262   
-0.0199354   20.3951      -0.0143573    0.105698     0.22017      0.0538187   
-0.0232695   -0.0143573   20.4615       0.0552262    0.0538187    0.189558    

Stress Spherical
0            0            0             0            0            0           
0            0            0             0            0            0           
0            0            0             0            0            0           

Inertia
150.204      -56.3128     -56.2433      0.431642     0.376482     0.258176    
-56.3128     150.028      -56.3479      0.376482     0.606485     0.40502     
-56.2433     -56.3479     150.091       0.258176     0.40502      0.328035    

Bond Length
0.62012926    0.0047664138

BB bond length
0.62012926    0.0047664138

Water EE distance
0             0           

PEG EE distance
6.827576      0.36929864  

BBB P2(x)
0.48752047    0.05335683  

BBB first bond length
0.61990506    0.0047790793

BBB second bond length
0.62017288    0.0045433469

BBB <phi**2>/<phi>**2
1.2185426     0.010767583 

Time = 2000
Temperature
1.0110249     0.005773276 

Pressure
23.297687     0.079534128 

CM Mom
4.5932304e-18  1.0252477e-17 
1.2220312e-16  1.612389e-17  
-2.7875929e-17 2.5073865e-17 
1.2876644e-16  1.2031739e-17 

CM Pos
7.5052516      0.025859501   
7.5054114      0.0081078905  
7.4986188      0.0071047661  
12.99576       0.01736988    

Stress
20.2537      0.0324687    0.0273446     0.112613     0.0745382    0.0694372   
0.0324687    20.2826      0.00159593    0.0745382    0.103423     0.084422    
0.0273446    0.00159593   20.2791       0.0694372    0.084422     0.116236    

Stress Spherical
0            0            0             0            0            0           
0            0            0             0            0            0           
0            0            0             0            0            0           

Inertia
149.95       -56.3089     -56.2931      0.199795     0.208713     0.220576    
-56.3089     149.937      -56.3058      0.208713     0.245413     0.130433    
-56.2931     -56.3058     150.073       0.220576     0.130433     0.287225    

Bond Length
0.61803857    0.0008995826

BB bond length
0.61803857    0.0008995826

Water EE distance
0             0           

PEG EE distance
7.209243      0.11197923  

BBB P2(x)
0.52077886    0.010132989 

BBB first bond length
0.61798046    0.0012430439

BBB second bond length
0.61792023    0.0012354876

BBB <phi**2>/<phi>**2
1.2264327     0.0057417645

