Time = 500
Temperature
   1.0295275   0.038615176

Pressure
   22.681787    0.16685904

CM Mom
3.5837459e-17  6.4019546e-18 
5.1883497e-17  1.4161791e-17 
3.1641466e-18  3.1754552e-17 
7.0892854e-17  1.4502715e-17 

CM Pos
7.4932114      0.025123433   
7.4832122      0.016381295   
7.4856096      0.040110462   
12.968543      0.020860257   

Stress
19.6024      0.051116     -0.00733192   0.0693172    0.0403891    0.0596572   
0.051116     19.5429      -0.00680581   0.0403891    0.160685     0.0602232   
-0.00733192  -0.00680581  19.6444       0.0596572    0.0602232    0.0545328   

Stress Spherical
0            0            0             0            0            0           
0            0            0             0            0            0           
0            0            0             0            0            0           

Inertia
148.968      -56.09       -56.0961      1.16199      0.151036     0.184317    
-56.09       149.117      -56.0301      0.151036     0.525584     0.380918    
-56.0961     -56.0301     149.034       0.184317     0.380918     0.264736    

Bond Length
0.61551854    0.0018864795

BB bond length
0.61551854    0.0018864795

Water EE distance
0             0           

PEG EE distance
3.8470869     0.22830454  

Time = 1000
Temperature
1.010236      0.0030240398

Pressure
22.575319     0.065155092 

CM Mom
3.7649777e-17  1.0709034e-17 
6.5754973e-17  5.7220595e-18 
1.160059e-17   6.8016398e-17 
1.016945e-16   1.7540815e-17 

CM Pos
7.483423       0.013798343   
7.5063484      0.014243869   
7.4998472      0.012874749   
12.984419      0.0041293713  

Stress
19.5297      0.0374885    0.000506679   0.0762747    0.0812817    0.0367277   
0.0374885    19.5231      0.0140418     0.0812817    0.0506616    0.0613318   
0.000506679  0.0140418    19.5909       0.0367277    0.0613318    0.131991    

Stress Spherical
0            0            0             0            0            0           
0            0            0             0            0            0           
0            0            0             0            0            0           

Inertia
149.668      -56.1866     -56.1285      0.251858     0.193664     0.0788885   
-56.1866     149.304      -56.3315      0.193664     0.119452     0.190669    
-56.1285     -56.3315     149.424       0.0788885    0.190669     0.243208    

Bond Length
0.61516243    0.0058453409

BB bond length
0.61516243    0.0058453409

Water EE distance
0             0           

PEG EE distance
4.0258129     0.15263122  

