Time = 1000
Temperature
   1.1308397    0.16972963

Pressure
   23.832331    0.95946945

CM Mom
-1.056461e-17  1.4720044e-17 
7.0260756e-17  2.6266054e-17 
4.6320338e-17  1.9822677e-16 
1.8461242e-16  1.153796e-16  

CM Pos
7.4912406      0.0099269064  
7.5034979      0.013069436   
7.4959798      0.018269138   
12.985036      0.018218226   

Stress
20.4561      -0.0130621   0.0272445     0.515898     0.0707586    0.0886752   
-0.0130621   20.3996      -0.000707559  0.0707586    0.473123     0.0679696   
0.0272445    -0.000707559 20.4647       0.0886752    0.0679696    0.413488    

Stress Spherical
0            0            0             0            0            0           
0            0            0             0            0            0           
0            0            0             0            0            0           

Inertia
150.161      -56.1926     -56.1646      1.30501      0.177914     0.17329     
-56.1926     149.948      -56.2267      0.177914     1.17914      0.25988     
-56.1646     -56.2267     150.077       0.17329      0.25988      1.28926     

Bond Length
0.61957909    0.0069283701

BB bond length
0.61957909    0.0069283701

Water EE distance
0             0           

PEG EE distance
6.9154397     0.30192092  

BBB P2(x)
0.47353353    0.06520204  

BBB first bond length
0.61954411    0.0069355482

BBB second bond length
0.61941965    0.0066842766

BBB <phi**2>/<phi>**2
1.2196781     0.016506583 

Time = 2000
Temperature
1.007585      0.010470887 

Pressure
23.198923     0.070220325 

CM Mom
-1.41174e-17   1.8263535e-17 
1.0144657e-16  1.9838072e-17 
-2.5508043e-17 3.1477296e-17 
1.118743e-16   1.8531987e-17 

CM Pos
7.5026491      0.0097562688  
7.50172        0.010569522   
7.4979059      0.014772505   
12.991708      0.0098810563  

Stress
20.1791      -0.00593     0.0304546     0.0962706    0.0299983    0.058206    
-0.00593     20.1358      -0.080054     0.0299983    0.104318     0.055072    
0.0304546    -0.080054    20.2145       0.058206     0.055072     0.102262    

Stress Spherical
0            0            0             0            0            0           
0            0            0             0            0            0           
0            0            0             0            0            0           

Inertia
149.877      -56.2864     -56.2677      0.266893     0.089787     0.143268    
-56.2864     149.887      -56.2531      0.089787     0.289541     0.176289    
-56.2677     -56.2531     149.945       0.143268     0.176289     0.213817    

Bond Length
0.61797675    0.0017022015

BB bond length
0.61797675    0.0017022015

Water EE distance
0             0           

PEG EE distance
7.3095873     0.14962337  

BBB P2(x)
0.51603821    0.015821887 

BBB first bond length
0.61800156    0.0014929597

BBB second bond length
0.61791207    0.0016973066

BBB <phi**2>/<phi>**2
1.2266982     0.0072307079

Time = 3000
Temperature
1.0125245     0.0074826453

Pressure
23.264722     0.065977511 

CM Mom
-1.1694168e-17 2.1137771e-17 
1.0218022e-16  1.1030988e-17 
-3.4114355e-17 1.836555e-17  
1.1163144e-16  1.3621404e-17 

CM Pos
7.5011675      0.015048555   
7.5049796      0.021068831   
7.5005728      0.0073858812  
12.994287      0.0065291049  

Stress
20.1781      0.0121034    -0.0228117    0.13136      0.0890108    0.0866261   
0.0121034    20.2525      -0.0155071    0.0890108    0.137357     0.0533973   
-0.0228117   -0.0155071   20.2517       0.0866261    0.0533973    0.102664    

Stress Spherical
0            0            0             0            0            0           
0            0            0             0            0            0           
0            0            0             0            0            0           

Inertia
150.034      -56.3041     -56.2512      0.296445     0.104298     0.180327    
-56.3041     149.985      -56.2929      0.104298     0.309748     0.188838    
-56.2512     -56.2929     150.076       0.180327     0.188838     0.162788    

Bond Length
0.61784725    0.0016728843

BB bond length
0.61784725    0.0016728843

Water EE distance
0             0           

PEG EE distance
7.3332861     0.17630576  

BBB P2(x)
0.51780879    0.012020054 

BBB first bond length
0.61776101    0.0018735875

BBB second bond length
0.61791991    0.001540753 

BBB <phi**2>/<phi>**2
1.2279415     0.0070788085

Time = 4000
Temperature
1.0120575     0.008466256 

Pressure
23.28172      0.10404897  

CM Mom
-2.2567855e-17 2.4005306e-17 
1.1131181e-16  1.4241025e-17 
-1.925262e-17  1.8266268e-17 
1.1884566e-16  1.6084731e-17 

CM Pos
7.5032417      0.0081368215  
7.5003865      0.013879935   
7.5029434      0.010652275   
12.994183      0.013261199   

Stress
20.2397      -0.0435098   0.0167905     0.103826     0.0493095    0.0748232   
-0.0435098   20.1893      0.00712174    0.0493095    0.134253     0.0425308   
0.0167905    0.00712174   20.3086       0.0748232    0.0425308    0.138566    

Stress Spherical
0            0            0             0            0            0           
0            0            0             0            0            0           
0            0            0             0            0            0           

Inertia
150.002      -56.2603     -56.3348      0.289792     0.153879     0.137991    
-56.2603     150.039      -56.3137      0.153879     0.299273     0.126771    
-56.3348     -56.3137     150.017       0.137991     0.126771     0.304295    

Bond Length
0.61874494    0.001881867 

BB bond length
0.61874494    0.001881867 

Water EE distance
0             0           

PEG EE distance
7.2904689     0.10590625  

BBB P2(x)
0.50696288    0.0081799466

BBB first bond length
0.61888057    0.0017655826

BBB second bond length
0.61872868    0.001970047 

BBB <phi**2>/<phi>**2
1.2212777     0.0037638781

Time = 5000
Temperature
1.0112883     0.0097908129

Pressure
23.21436      0.08785397  

CM Mom
-1.5099154e-17 1.1267067e-17 
9.1114174e-17  1.2103155e-17 
1.8777234e-17  2.0715092e-17 
9.7055223e-17  1.2852767e-17 

CM Pos
7.499834       0.010775214   
7.5011273      0.013899691   
7.5023508      0.012951326   
12.992306      0.012632631   

Stress
20.1545      -0.031585    0.0174187     0.135671     0.0661921    0.0618756   
-0.031585    20.1581      0.0289813     0.0661921    0.11133      0.0896763   
0.0174187    0.0289813    20.2298       0.0618756    0.0896763    0.160686    

Stress Spherical
0            0            0             0            0            0           
0            0            0             0            0            0           
0            0            0             0            0            0           

Inertia
150.045      -56.2589     -56.3082      0.328553     0.165395     0.17042     
-56.2589     150.015      -56.2886      0.165395     0.283467     0.17035     
-56.3082     -56.2886     149.986       0.17042      0.17035      0.249697    

Bond Length
0.6183935     0.0018581562

BB bond length
0.6183935     0.0018581562

Water EE distance
0             0           

PEG EE distance
7.3007126     0.12524065  

BBB P2(x)
0.51273443    0.010692049 

BBB first bond length
0.61832154    0.0019105779

BBB second bond length
0.61830528    0.0017147967

BBB <phi**2>/<phi>**2
1.2311946     0.009195342 

Time = 6000
Temperature
1.0091369     0.0058040259

Pressure
23.175221     0.090038381 

CM Mom
-1.4014866e-18 2.4203234e-17 
5.1738762e-17  1.9885097e-17 
-3.1305899e-18 2.7495947e-17 
6.2883289e-17  2.1716282e-17 

CM Pos
7.4953891      0.015014235   
7.5033498      0.014916689   
7.5023508      0.013836373   
12.991024      0.018001944   

Stress
20.1008      -0.0286859   -0.00662735   0.137942     0.0713709    0.0709329   
-0.0286859   20.1132      0.0290443     0.0713709    0.105167     0.0806671   
-0.00662735  0.0290443    20.2304       0.0709329    0.0806671    0.125559    

Stress Spherical
0            0            0             0            0            0           
0            0            0             0            0            0           
0            0            0             0            0            0           

Inertia
150.071      -56.2341     -56.2655      0.336365     0.193522     0.211443    
-56.2341     149.945      -56.3022      0.193522     0.396566     0.218468    
-56.2655     -56.3022     149.979       0.211443     0.218468     0.409415    

Bond Length
0.61756546    0.0025033419

BB bond length
0.61756546    0.0025033419

Water EE distance
0             0           

PEG EE distance
7.1106013     0.063565826 

BBB P2(x)
0.51348904    0.0087280127

BBB first bond length
0.6176601     0.0023737702

BBB second bond length
0.61763396    0.0025115322

BBB <phi**2>/<phi>**2
1.225616      0.010230239 

Time = 7000
Temperature
1.0093064     0.010802272 

Pressure
23.16665      0.14227085  

CM Mom
5.4674975e-18  1.6879716e-17 
3.7538155e-17  2.9631548e-17 
-7.8649936e-18 2.0945111e-17 
5.2986503e-17  1.7174003e-17 

CM Pos
7.4933148      0.011595572   
7.5036461      0.014474526   
7.4982022      0.012026766   
12.987604      0.011735314   

Stress
20.1182      -0.0643465   0.0397237     0.147463     0.0972948    0.0499662   
-0.0643465   20.1417      0.0342326     0.0972948    0.100144     0.0605691   
0.0397237    0.0342326    20.1572       0.0499662    0.0605691    0.210785    

Stress Spherical
0            0            0             0            0            0           
0            0            0             0            0            0           
0            0            0             0            0            0           

Inertia
150.028      -56.2232     -56.2044      0.282305     0.153841     0.108574    
-56.2232     149.866      -56.2276      0.153841     0.200895     0.134219    
-56.2044     -56.2276     149.96        0.108574     0.134219     0.286854    

Bond Length
0.61814691    0.0020792437

BB bond length
0.61814691    0.0020792437

Water EE distance
0             0           

PEG EE distance
6.8563369     0.10128625  

BBB P2(x)
0.51077694    0.0078645115

BBB first bond length
0.61802854    0.0021450532

BBB second bond length
0.61813802    0.0019382504

BBB <phi**2>/<phi>**2
1.2282869     0.0073769986

Time = 8000
Temperature
1.008782      0.0084928779

Pressure
23.21297      0.068959591 

CM Mom
1.5753291e-17  4.2625755e-17 
3.7129114e-17  2.7513806e-17 
-5.1750825e-17 2.6103949e-17 
8.264294e-17   2.7026102e-17 

CM Pos
7.498945       0.0058162149  
7.5021645      0.0094453047  
7.5017581      0.019020893   
12.99205       0.012065574   

Stress
20.1369      -0.00542866  0.0115075     0.138068     0.044878     0.0601187   
-0.00542866  20.2201      -0.0139727    0.044878     0.119737     0.0688924   
0.0115075    -0.0139727   20.2037       0.0601187    0.0688924    0.114752    

Stress Spherical
0            0            0             0            0            0           
0            0            0             0            0            0           
0            0            0             0            0            0           

Inertia
150.056      -56.2821     -56.246       0.26623      0.0952208    0.14198     
-56.2821     150.01       -56.2666      0.0952208    0.250065     0.155314    
-56.246      -56.2666     150.011       0.14198      0.155314     0.193222    

Bond Length
0.61794604    0.0014751949

BB bond length
0.61794604    0.0014751949

Water EE distance
0             0           

PEG EE distance
6.9569498     0.11923624  

BBB P2(x)
0.50050284    0.0084450359

BBB first bond length
0.61775864    0.0016534581

BBB second bond length
0.61777178    0.0014768671

BBB <phi**2>/<phi>**2
1.2274306     0.0080850157

Time = 9000
Temperature
1.0093175     0.0070543256

Pressure
23.161809     0.056542292 

CM Mom
3.7063659e-17  3.4660221e-17 
5.6095104e-17  2.3761523e-17 
-6.9459123e-17 2.5969571e-17 
1.0330251e-16  3.3375078e-17 

CM Pos
7.498056       0.010828054   
7.5023126      0.014996679   
7.5005728      0.016395268   
12.990939      0.015756589   

Stress
20.1593      -0.00736229  0.00296133    0.0951789    0.0615714    0.0675635   
-0.00736229  20.1286      -0.0160823    0.0615714    0.123622     0.047875    
0.00296133   -0.0160823   20.1145       0.0675635    0.047875     0.0825212   

Stress Spherical
0            0            0             0            0            0           
0            0            0             0            0            0           
0            0            0             0            0            0           

Inertia
150.03       -56.3037     -56.2355      0.313502     0.182174     0.186012    
-56.3037     149.965      -56.2458      0.182174     0.277216     0.151792    
-56.2355     -56.2458     150.015       0.186012     0.151792     0.345579    

Bond Length
0.61693257    0.0022389539

BB bond length
0.61693257    0.0022389539

Water EE distance
0             0           

PEG EE distance
7.0967005     0.1512853   

BBB P2(x)
0.51166655    0.0077758911

BBB first bond length
0.61685301    0.0021042547

BBB second bond length
0.61723823    0.0021698633

BBB <phi**2>/<phi>**2
1.2267973     0.0096411931

Time = 10000
Temperature
1.0120563     0.006689542 

Pressure
23.216347     0.054097848 

CM Mom
5.6075913e-17  1.9237722e-17 
7.8326706e-17  1.7578941e-17 
-1.0704183e-16 2.2121184e-17 
1.4664178e-16  2.0054381e-17 

CM Pos
7.5078348      0.010519557   
7.5048314      0.0086849176  
7.4955353      0.012279647   
12.995126      0.013127775   

Stress
20.204       0.0350833    0.0142892     0.0917348    0.0874199    0.0773721   
0.0350833    20.1731      0.0201926     0.0874199    0.0707367    0.0614115   
0.0142892    0.0201926    20.1643       0.0773721    0.0614115    0.104614    

Stress Spherical
0            0            0             0            0            0           
0            0            0             0            0            0           
0            0            0             0            0            0           

Inertia
150.005      -56.3227     -56.2348      0.30885      0.124968     0.153741    
-56.3227     150.009      -56.2385      0.124968     0.245565     0.133678    
-56.2348     -56.2385     150.193       0.153741     0.133678     0.201023    

Bond Length
0.61698806    0.0014522802

BB bond length
0.61698806    0.0014522802

Water EE distance
0             0           

PEG EE distance
7.1385041     0.10076236  

BBB P2(x)
0.51586666    0.0094751735

BBB first bond length
0.6170144     0.0013736218

BBB second bond length
0.61688453    0.0013834796

BBB <phi**2>/<phi>**2
1.227029      0.0087973674

Time = 11000
Temperature
1.0100272     0.0099450082

Pressure
23.195892     0.091635186 

CM Mom
7.0461712e-17  4.5851912e-17 
8.2392443e-17  2.0607475e-17 
-1.247027e-16  2.4941254e-17 
1.7227101e-16  2.7856101e-17 

CM Pos
7.501612       0.01470399    
7.5036461      0.015185059   
7.5097589      0.01362856    
12.99906       0.020722626   

Stress
20.2061      0.0201554    -0.00541042   0.146786     0.0222026    0.0886848   
0.0201554    20.1591      -0.0251097    0.0222026    0.0982562    0.0744512   
-0.00541042  -0.0251097   20.1331       0.0886848    0.0744512    0.0936818   

Stress Spherical
0            0            0             0            0            0           
0            0            0             0            0            0           
0            0            0             0            0            0           

Inertia
150.204      -56.3581     -56.3267      0.327135     0.225167     0.199484    
-56.3581     150.169      -56.3548      0.225167     0.366449     0.207482    
-56.3267     -56.3548     150.096       0.199484     0.207482     0.36632     

Bond Length
0.61905226    0.0018083234

BB bond length
0.61905226    0.0018083234

Water EE distance
0             0           

PEG EE distance
7.3985667     0.13675785  

BBB P2(x)
0.51352155    0.012985522 

BBB first bond length
0.61895827    0.002020842 

BBB second bond length
0.61908705    0.0018959022

BBB <phi**2>/<phi>**2
1.2240561     0.0074297751

Time = 12000
Temperature
1.0092295     0.0080047468

Pressure
23.228828     0.084283842 

CM Mom
9.0581969e-17  1.9356079e-17 
7.1952026e-17  1.8612037e-17 
-1.6370608e-16 2.4798629e-17 
2.0220854e-16  2.5092038e-17 

CM Pos
7.4918332      0.010586124   
7.5034979      0.0063225765  
7.492572       0.016807825   
12.983412      0.011766961   

Stress
20.2327      -0.00292344  0.0644689     0.106413     0.0781105    0.0533491   
-0.00292344  20.1801      0.0393875     0.0781105    0.132999     0.0767861   
0.0644689    0.0393875    20.1915       0.0533491    0.0767861    0.111411    

Stress Spherical
0            0            0             0            0            0           
0            0            0             0            0            0           
0            0            0             0            0            0           

Inertia
149.952      -56.1959     -56.1046      0.248975     0.0884811    0.171722    
-56.1959     149.752      -56.2314      0.0884811    0.286783     0.136448    
-56.1046     -56.2314     149.937       0.171722     0.136448     0.147607    

Bond Length
0.61756777    0.0022939365

BB bond length
0.61756777    0.0022939365

Water EE distance
0             0           

PEG EE distance
7.3750241     0.13532653  

BBB P2(x)
0.50492982    0.0085323017

BBB first bond length
0.61766111    0.0022635274

BBB second bond length
0.61775376    0.0023025768

BBB <phi**2>/<phi>**2
1.2251623     0.0082236379

Time = 13000
Temperature
1.0147937     0.0084546578

Pressure
23.240594     0.065839033 

CM Mom
7.4398596e-17  1.2743698e-17 
4.9134483e-17  1.6855819e-17 
-1.7735001e-16 2.6663297e-17 
2.0005685e-16  2.3175086e-17 

CM Pos
7.5023528      0.013238823   
7.4949045      0.012971649   
7.5011655      0.011175246   
12.989487      0.0091092675  

Stress
20.1742      -0.0144036   -0.0170526    0.126623     0.0589388    0.0422448   
-0.0144036   20.235       0.0117564     0.0589388    0.108531     0.0495605   
-0.0170526   0.0117564    20.1803       0.0422448    0.0495605    0.0931968   

Stress Spherical
0            0            0             0            0            0           
0            0            0             0            0            0           
0            0            0             0            0            0           

Inertia
149.952      -56.1938     -56.2683      0.235318     0.13716      0.174937    
-56.1938     150.028      -56.1895      0.13716      0.201715     0.156361    
-56.2683     -56.1895     149.956       0.174937     0.156361     0.198207    

Bond Length
0.6173519     0.0024086179

BB bond length
0.6173519     0.0024086179

Water EE distance
0             0           

PEG EE distance
7.3511662     0.066638859 

BBB P2(x)
0.50788038    0.0079005037

BBB first bond length
0.61730104    0.0025202071

BBB second bond length
0.6171474     0.0025535357

BBB <phi**2>/<phi>**2
1.2316014     0.0055315259

Time = 14000
Temperature
1.0074706     0.0044821257

Pressure
23.208562     0.058391958 

CM Mom
7.0389883e-17  9.3443066e-18 
4.937389e-17   8.3331817e-18 
-1.9352084e-16 1.9412749e-17 
2.1212958e-16  1.9429043e-17 

CM Pos
7.48887        0.0107303     
7.5021645      0.013949351   
7.5097589      0.01176099    
12.990859      0.012809463   

Stress
20.2058      0.0246756    0.0143507     0.0962806    0.0621875    0.0880307   
0.0246756    20.1832      0.011592      0.0621875    0.0546627    0.0236346   
0.0143507    0.011592     20.1704       0.0880307    0.0236346    0.102988    

Stress Spherical
0            0            0             0            0            0           
0            0            0             0            0            0           
0            0            0             0            0            0           

Inertia
150.172      -56.1746     -56.2521      0.220439     0.183027     0.163174    
-56.1746     149.955      -56.358       0.183027     0.271985     0.103511    
-56.2521     -56.358      149.855       0.163174     0.103511     0.287699    

Bond Length
0.61882717    0.0017520573

BB bond length
0.61882717    0.0017520573

Water EE distance
0             0           

PEG EE distance
6.9771591     0.22190173  

BBB P2(x)
0.50978496    0.010320123 

BBB first bond length
0.6189825     0.0017964247

BBB second bond length
0.61875174    0.0017828697

BBB <phi**2>/<phi>**2
1.2236335     0.0088671124

Time = 15000
Temperature
1.0144096     0.0089735899

Pressure
23.164837     0.052963793 

CM Mom
6.6283023e-17  1.4673002e-17 
7.5479182e-17  9.0823384e-18 
-1.7665037e-16 1.9954329e-17 
2.0396994e-16  1.9700866e-17 

CM Pos
7.4968707      0.012189935   
7.5033498      0.006750762   
7.5090181      0.011434481   
12.995728      0.0084077294  

Stress
20.1016      -0.0398494   -0.0109315    0.0936285    0.085607     0.0676376   
-0.0398494   20.1844      0.0663681     0.085607     0.112322     0.0590901   
-0.0109315   0.0663681    20.0797       0.0676376    0.0590901    0.090137    

Stress Spherical
0            0            0             0            0            0           
0            0            0             0            0            0           
0            0            0             0            0            0           

Inertia
150.194      -56.2725     -56.3216      0.203948     0.159344     0.13608     
-56.2725     150.09       -56.3165      0.159344     0.293658     0.0703044   
-56.3216     -56.3165     150.01        0.13608      0.0703044    0.211512    

Bond Length
0.61956399    0.0017334034

BB bond length
0.61956399    0.0017334034

Water EE distance
0             0           

PEG EE distance
6.8461754     0.099190953 

BBB P2(x)
0.5057728     0.0077281743

BBB first bond length
0.61981921    0.0018666579

BBB second bond length
0.61953968    0.0017083934

BBB <phi**2>/<phi>**2
1.2204628     0.0068004193

Time = 16000
Temperature
1.0105432     0.0090907921

Pressure
23.166124     0.064415451 

CM Mom
6.8675996e-17  1.7324932e-17 
5.3940373e-17  3.0306218e-17 
-1.609785e-16  2.0775e-17    
1.8612551e-16  2.3399786e-17 

CM Pos
7.4961299      0.01194894    
7.5006829      0.013582576   
7.5066475      0.014105844   
12.992387      0.019231638   

Stress
20.1534      -0.0492687   -0.0138634    0.110877     0.0709142    0.0468869   
-0.0492687   20.1379      -6.25705e-05  0.0709142    0.126002     0.0579339   
-0.0138634   -6.25705e-05 20.113        0.0468869    0.0579339    0.126673    

Stress Spherical
0            0            0             0            0            0           
0            0            0             0            0            0           
0            0            0             0            0            0           

Inertia
150.131      -56.2186     -56.2783      0.415724     0.209907     0.2067      
-56.2186     150.048      -56.2929      0.209907     0.391403     0.221561    
-56.2783     -56.2929     149.956       0.2067       0.221561     0.362539    

Bond Length
0.6178415     0.0016026512

BB bond length
0.6178415     0.0016026512

Water EE distance
0             0           

PEG EE distance
6.8396883     0.14802699  

BBB P2(x)
0.5083642     0.010239088 

BBB first bond length
0.61778767    0.0017702736

BBB second bond length
0.61771444    0.0016775395

BBB <phi**2>/<phi>**2
1.2230443     0.0056940605

Time = 17000
Temperature
1.0089789     0.010922099 

Pressure
23.20389      0.074018908 

CM Mom
9.0580941e-17  1.5244721e-17 
6.7571832e-17  1.8182671e-17 
-1.630906e-16  2.3898152e-17 
2.0001857e-16  2.2273484e-17 

CM Pos
7.5041307      0.0080826837  
7.4959416      0.017148522   
7.493461       0.010498669   
12.986662      0.012594558   

Stress
20.1945      -0.00405709  -0.0469445    0.105905     0.0679985    0.0570947   
-0.00405709  20.1824      -0.0138463    0.0679985    0.0830981    0.0653862   
-0.0469445   -0.0138463   20.1549       0.0570947    0.0653862    0.119998    

Stress Spherical
0            0            0             0            0            0           
0            0            0             0            0            0           
0            0            0             0            0            0           

Inertia
149.847      -56.2434     -56.2835      0.208004     0.196784     0.118029    
-56.2434     149.94       -56.1802      0.196784     0.198733     0.144339    
-56.2835     -56.1802     149.997       0.118029     0.144339     0.342654    

Bond Length
0.61677487    0.0024781267

BB bond length
0.61677487    0.0024781267

Water EE distance
0             0           

PEG EE distance
7.0683519     0.18301459  

BBB P2(x)
0.51455447    0.0077761083

BBB first bond length
0.61675181    0.0024365886

BBB second bond length
0.6168889     0.0022473682

BBB <phi**2>/<phi>**2
1.2261332     0.0037004564

Time = 18000
Temperature
1.0165104     0.0083686227

Pressure
23.186311     0.063521669 

CM Mom
8.1569152e-17  1.5449255e-17 
8.8930246e-17  2.5148874e-17 
-1.8142891e-16 1.2414913e-17 
2.1986216e-16  1.2824523e-17 

CM Pos
7.5026491      0.01098405    
7.5040906      0.014742755   
7.4967206      0.015072605   
12.992398      0.0094260225  

Stress
20.1104      -0.00743124  0.0258755     0.127416     0.0625089    0.0610939   
-0.00743124  20.1465      0.0116058     0.0625089    0.0900047    0.0310653   
0.0258755    0.0116058    20.1544       0.0610939    0.0310653    0.15805     

Stress Spherical
0            0            0             0            0            0           
0            0            0             0            0            0           
0            0            0             0            0            0           

Inertia
150.027      -56.2979     -56.2532      0.216537     0.14097      0.162099    
-56.2979     149.987      -56.235       0.14097      0.317135     0.128359    
-56.2532     -56.235      150.096       0.162099     0.128359     0.236878    

Bond Length
0.61881911    0.0026326764

BB bond length
0.61881911    0.0026326764

Water EE distance
0             0           

PEG EE distance
7.0232179     0.046435011 

BBB P2(x)
0.50074902    0.0091385546

BBB first bond length
0.6186487     0.002643967 

BBB second bond length
0.61878484    0.002576481 

BBB <phi**2>/<phi>**2
1.2177375     0.0088051384

Time = 19000
Temperature
1.0063141     0.0070081217

Pressure
23.182451     0.11115865  

CM Mom
8.0509264e-17  1.0657464e-17 
5.949471e-17   4.4288229e-17 
-1.840057e-16  2.8179483e-17 
2.141472e-16   2.9825326e-17 

CM Pos
7.4990932      0.007732905   
7.4978678      0.010270364   
7.5017581      0.013580151   
12.98965       0.011997307   

Stress
20.1852      -0.0358387   -0.00103175   0.13771      0.0715033    0.0923607   
-0.0358387   20.1495      0.0193265     0.0715033    0.17835      0.0621437   
-0.00103175  0.0193265    20.1567       0.0923607    0.0621437    0.132931    

Stress Spherical
0            0            0             0            0            0           
0            0            0             0            0            0           
0            0            0             0            0            0           

Inertia
149.984      -56.2112     -56.2466      0.26868      0.101393     0.109821    
-56.2112     150.014      -56.2826      0.101393     0.245168     0.13498     
-56.2466     -56.2826     149.948       0.109821     0.13498      0.218357    

Bond Length
0.6171541     0.0015354173

BB bond length
0.6171541     0.0015354173

Water EE distance
0             0           

PEG EE distance
6.9146349     0.10609524  

BBB P2(x)
0.49642619    0.0073279155

BBB first bond length
0.61701855    0.0015959834

BBB second bond length
0.61716452    0.0014228911

BBB <phi**2>/<phi>**2
1.2232901     0.0073524139

Time = 20000
Temperature
1.011437      0.007921948 

Pressure
23.194737     0.09918118  

CM Mom
7.0197837e-17  2.7442838e-17 
5.9838707e-17  2.8583873e-17 
-1.4249544e-16 2.0836196e-17 
1.747542e-16   1.6691883e-17 

CM Pos
7.4977597      0.012488813   
7.4986086      0.012779845   
7.5023508      0.013660737   
12.989651      0.016109981   

Stress
20.1858      0.0431155    0.0150459     0.134565     0.0959386    0.0528835   
0.0431155    20.1641      -0.0256047    0.0959386    0.0824738    0.112074    
0.0150459    -0.0256047   20.1323       0.0528835    0.112074     0.122793    

Stress Spherical
0            0            0             0            0            0           
0            0            0             0            0            0           
0            0            0             0            0            0           

Inertia
150.033      -56.2398     -56.2543      0.319986     0.193954     0.123583    
-56.2398     150.005      -56.246       0.193954     0.278586     0.202991    
-56.2543     -56.246      149.963       0.123583     0.202991     0.273106    

Bond Length
0.61784106    0.0013251981

BB bond length
0.61784106    0.0013251981

Water EE distance
0             0           

PEG EE distance
7.07645       0.16432876  

BBB P2(x)
0.51593332    0.0077617551

BBB first bond length
0.61781452    0.001545453 

BBB second bond length
0.61764346    0.0013836308

BBB <phi**2>/<phi>**2
1.2216283     0.0069559527

Time = 21000
Temperature
1.0135868     0.0086263075

Pressure
23.207913     0.056960078 

CM Mom
6.7141132e-17  1.843944e-17  
5.5330208e-17  2.092824e-17  
-9.6200184e-17 2.0666217e-17 
1.3238929e-16  2.240559e-17  

CM Pos
7.5047234      0.011415267   
7.5020163      0.010807761   
7.5038324      0.01259035    
12.996493      0.013727546   

Stress
20.2201      0.00882695   -0.00905339   0.0794314    0.0773394    0.0463692   
0.00882695   20.1434      0.0159842     0.0773394    0.090618     0.0488786   
-0.00905339  0.0159842    20.1388       0.0463692    0.0488786    0.0941867   

Stress Spherical
0            0            0             0            0            0           
0            0            0             0            0            0           
0            0            0             0            0            0           

Inertia
150.1        -56.3012     -56.3242      0.252795     0.123607     0.205769    
-56.3012     150.14       -56.2898      0.123607     0.302398     0.156171    
-56.3242     -56.2898     150.109       0.205769     0.156171     0.218284    

Bond Length
0.61843872    0.001785773 

BB bond length
0.61843872    0.001785773 

Water EE distance
0             0           

PEG EE distance
7.0078764     0.089061404 

BBB P2(x)
0.50960464    0.004921026 

BBB first bond length
0.6185604     0.001559713 

BBB second bond length
0.61829648    0.0017758969

BBB <phi**2>/<phi>**2
1.2273838     0.010471601 

Time = 22000
Temperature
1.0107097     0.0074071445

Pressure
23.266362     0.09516469  

CM Mom
6.5146783e-17  1.2358989e-17 
5.1466525e-17  1.6911615e-17 
-1.2450421e-16 1.9589788e-17 
1.5142072e-16  1.6984644e-17 

CM Pos
7.4976116      0.012697127   
7.5005347      0.012037713   
7.5014618      0.014984964   
12.990168      0.013742987   

Stress
20.2243      -0.0138673   -0.0119121    0.121629     0.0756366    0.0586535   
-0.0138673   20.2748      0.0278817     0.0756366    0.0949482    0.0581008   
-0.0119121   0.0278817    20.2045       0.0586535    0.0581008    0.178263    

Stress Spherical
0            0            0             0            0            0           
0            0            0             0            0            0           
0            0            0             0            0            0           

Inertia
150.022      -56.2846     -56.2332      0.395536     0.138844     0.136414    
-56.2846     149.981      -56.2445      0.138844     0.267958     0.17227     
-56.2332     -56.2445     149.97        0.136414     0.17227      0.307466    

Bond Length
0.61703871    0.0017448134

BB bond length
0.61703871    0.0017448134

Water EE distance
0             0           

PEG EE distance
7.1492007     0.098874597 

BBB P2(x)
0.5120266     0.0080534864

BBB first bond length
0.61716507    0.0019478961

BBB second bond length
0.61716604    0.0018313209

BBB <phi**2>/<phi>**2
1.2250835     0.0083966593

Time = 23000
Temperature
1.0122984     0.0071430447

Pressure
23.178393     0.10057184  

CM Mom
5.8528515e-17  3.032059e-17  
4.7319363e-17  2.0149296e-17 
-1.3699696e-16 2.3156468e-17 
1.6060431e-16  2.2376044e-17 

CM Pos
7.5004267      0.010435752   
7.4931266      0.015298121   
7.5045732      0.01386411    
12.989317      0.012390235   

Stress
20.1551      0.0100258    0.0145581     0.132557     0.0975823    0.049445    
0.0100258    20.201       -0.0216072    0.0975823    0.0786378    0.063142    
0.0145581    -0.0216072   20.0693       0.049445     0.063142     0.131826    

Stress Spherical
0            0            0             0            0            0           
0            0            0             0            0            0           
0            0            0             0            0            0           

Inertia
149.977      -56.1905     -56.2599      0.394981     0.103462     0.109387    
-56.1905     150.065      -56.2375      0.103462     0.216044     0.215483    
-56.2599     -56.2375     149.906       0.109387     0.215483     0.173125    

Bond Length
0.61764082    0.0019599972

BB bond length
0.61764082    0.0019599972

Water EE distance
0             0           

PEG EE distance
7.0591687     0.13936478  

BBB P2(x)
0.50917095    0.011212046 

BBB first bond length
0.61750456    0.0021994991

BBB second bond length
0.61774905    0.002051017 

BBB <phi**2>/<phi>**2
1.2253108     0.0072928269

Time = 24000
Temperature
1.0066425     0.0066901189

Pressure
23.21357      0.091741344 

CM Mom
3.0598301e-17  3.5666491e-17 
5.490321e-17   2.8784665e-17 
-1.2497e-16    1.3903215e-17 
1.4623631e-16  2.1840701e-17 

CM Pos
7.4993895      0.013354391   
7.5023126      0.012541435   
7.4956835      0.01368883    
12.988886      0.012981208   

Stress
20.235       0.0206771    -0.0239093    0.120615     0.0744752    0.0712964   
0.0206771    20.185       -0.00124417   0.0744752    0.1272       0.0752823   
-0.0239093   -0.00124417  20.1618       0.0712964    0.0752823    0.0927634   

Stress Spherical
0            0            0             0            0            0           
0            0            0             0            0            0           
0            0            0             0            0            0           

Inertia
149.989      -56.2336     -56.2081      0.327279     0.140571     0.136597    
-56.2336     149.92       -56.2678      0.140571     0.198955     0.205169    
-56.2081     -56.2678     150.025       0.136597     0.205169     0.296434    

Bond Length
0.61883032    0.0021001721

BB bond length
0.61883032    0.0021001721

Water EE distance
0             0           

PEG EE distance
7.4813324     0.22892233  

BBB P2(x)
0.50743615    0.0084250431

BBB first bond length
0.61869176    0.0020779179

BBB second bond length
0.61882159    0.0020654126

BBB <phi**2>/<phi>**2
1.227697      0.0072665607

Time = 25000
Temperature
1.0140898     0.0052677549

Pressure
23.262424     0.074050547 

CM Mom
2.6016877e-17  1.4427161e-17 
7.596156e-17   2.5305066e-17 
-1.3093303e-16 9.7699561e-18 
1.5572967e-16  1.681395e-17  

CM Pos
7.5017601      0.011043843   
7.5032016      0.019402537   
7.4944982      0.0094685176  
12.990091      0.0086523852  

Stress
20.2353      0.0300217    0.0176623     0.0643466    0.0546886    0.0633786   
0.0300217    20.2252      -0.011512     0.0546886    0.103995     0.0601372   
0.0176623    -0.011512    20.2008       0.0633786    0.0601372    0.137348    

Stress Spherical
0            0            0             0            0            0           
0            0            0             0            0            0           
0            0            0             0            0            0           

Inertia
149.965      -56.3018     -56.1973      0.317082     0.16024      0.14927     
-56.3018     149.952      -56.2517      0.16024      0.21633      0.127739    
-56.1973     -56.2517     150.089       0.14927      0.127739     0.355573    

Bond Length
0.61745855    0.0018215597

BB bond length
0.61745855    0.0018215597

Water EE distance
0             0           

PEG EE distance
7.4477862     0.149697    

BBB P2(x)
0.50698577    0.012167077 

BBB first bond length
0.61736524    0.001763676 

BBB second bond length
0.61737164    0.0017802883

BBB <phi**2>/<phi>**2
1.2239044     0.011012645 

Time = 26000
Temperature
1.0109999     0.0090582449

Pressure
23.201829     0.084811331 

CM Mom
2.418332e-18   9.760141e-18  
8.6842204e-17  1.2850136e-17 
-1.4230764e-16 2.5376254e-17 
1.6817705e-16  2.0486574e-17 

CM Pos
7.5035381      0.0146254     
7.5020163      0.0094418178  
7.5041287      0.0098380533  
12.995984      0.0085677635  

Stress
20.2046      -0.017382    0.00195674    0.0802076    0.0710986    0.0560391   
-0.017382    20.1707      -0.00495023   0.0710986    0.125232     0.0457918   
0.00195674   -0.00495023  20.1321       0.0560391    0.0457918    0.111344    

Stress Spherical
0            0            0             0            0            0           
0            0            0             0            0            0           
0            0            0             0            0            0           

Inertia
150.087      -56.3011     -56.2921      0.248952     0.101147     0.122441    
-56.3011     150.113      -56.3057      0.101147     0.222626     0.132941    
-56.2921     -56.3057     150.069       0.122441     0.132941     0.203891    

Bond Length
0.61801746    0.0026804524

BB bond length
0.61801746    0.0026804524

Water EE distance
0             0           

PEG EE distance
7.2672971     0.064792435 

BBB P2(x)
0.50749263    0.0097511822

BBB first bond length
0.61800941    0.0027753685

BBB second bond length
0.61815949    0.0026738569

BBB <phi**2>/<phi>**2
1.2242496     0.00835953  

Time = 27000
Temperature
1.0141332     0.0088789836

Pressure
23.22228      0.10883681  

CM Mom
3.1889851e-18  2.2346584e-17 
6.563574e-17   1.7673833e-17 
-1.4891508e-16 2.348642e-17  
1.6531349e-16  2.2993857e-17 

CM Pos
7.5051679      0.015386831   
7.4972751      0.011036884   
7.4915349      0.0089439283  
12.986918      0.012865081   

Stress
20.1653      0.0149267    0.0444546     0.145571     0.0450494    0.0701225   
0.0149267    20.1876      -0.0648826    0.0450494    0.117889     0.0818027   
0.0444546    -0.0648826   20.1876       0.0701225    0.0818027    0.0967892   

Stress Spherical
0            0            0             0            0            0           
0            0            0             0            0            0           
0            0            0             0            0            0           

Inertia
149.853      -56.2739     -56.2459      0.254028     0.183394     0.168209    
-56.2739     149.984      -56.1425      0.183394     0.337883     0.0988269   
-56.2459     -56.1425     150.069       0.168209     0.0988269    0.328832    

Bond Length
0.618351      0.0019518987

BB bond length
0.618351      0.0019518987

Water EE distance
0             0           

PEG EE distance
7.336709      0.12970405  

BBB P2(x)
0.51441322    0.0088647721

BBB first bond length
0.61839542    0.0022692748

BBB second bond length
0.6181422     0.0019000641

BBB <phi**2>/<phi>**2
1.2236191     0.0053674103

Time = 28000
Temperature
1.0113653     0.011288195 

Pressure
23.208004     0.067568994 

CM Mom
-2.2995264e-17 9.7102837e-18 
4.7761303e-17  1.6674212e-17 
-1.3211177e-16 2.7295024e-17 
1.4450235e-16  2.2357371e-17 

CM Pos
7.498056       0.0066276973  
7.5011273      0.01259035    
7.5023508      0.010244682   
12.991276      0.009431796   

Stress
20.2231      -0.0109028   -0.00450503   0.0935526    0.0774428    0.0653432   
-0.0109028   20.1394      -0.0137393    0.0774428    0.100802     0.0381608   
-0.00450503  -0.0137393   20.1602       0.0653432    0.0381608    0.0839265   

Stress Spherical
0            0            0             0            0            0           
