Time = 1000
Temperature
   1.0464263   0.055587489

Pressure
   23.685563    0.25380493

CM Mom
1.3515305e-17  2.7544168e-17 
3.3576014e-17  3.0558985e-17 
5.1359477e-17  1.3035761e-16 
1.3050116e-16  7.4852486e-17 

CM Pos
7.4969592      0.024295437   
7.4997857      0.020237733   
7.5009178      0.01794855    
12.989068      0.019440507   

Stress
20.5236      -0.00288578  0.0157218     0.126878     0.0353145    0.0570611   
-0.00288578  20.5677      -0.0322947    0.0353145    0.135949     0.095922    
0.0157218    -0.0322947   20.5569       0.0570611    0.095922     0.124606    

Stress Spherical
0            0            0             0            0            0           
0            0            0             0            0            0           
0            0            0             0            0            0           

Inertia
149.999      -56.2254     -56.2505      0.693954     0.343658     0.112823    
-56.2254     149.98       -56.2327      0.343658     0.686061     0.205208    
-56.2505     -56.2327     149.969       0.112823     0.205208     1.25648     

Bond Length
0.61843271    0.0033071166

BB bond length
0.61843271    0.0033071166

Water EE distance
0             0           

PEG EE distance
6.9189443     0.28569431  

BBB P2(x)
0.46951171    0.05641867  

BBB first bond length
0.6184072     0.0033544015

BBB second bond length
0.61780752    0.0032711479

BBB <phi**2>/<phi>**2
1.2251144     0.018256171 

Time = 2000
Temperature
1.013452      0.0069368455

Pressure
23.508478     0.092521263 

CM Mom
-4.0355208e-17 2.0211379e-17 
-1.4353323e-17 4.2465069e-17 
3.4840862e-17  3.0631075e-17 
7.6636507e-17  1.8037098e-17 

CM Pos
7.4945865      0.015964244   
7.497413       0.017643943   
7.5038837      0.016744163   
12.988035      0.0097929763  

Stress
20.4569      -0.0293318   -0.0330876    0.1246       0.0753481    0.0927749   
-0.0293318   20.4753      0.0255625     0.0753481    0.105129     0.0527841   
-0.0330876   0.0255625    20.4812       0.0927749    0.0527841    0.132551    

Stress Spherical
0            0            0             0            0            0           
0            0            0             0            0            0           
0            0            0             0            0            0           

Inertia
149.929      -56.2014     -56.2234      0.230085     0.188446     0.161077    
-56.2014     149.881      -56.2413      0.188446     0.222869     0.151771    
-56.2234     -56.2413     149.803       0.161077     0.151771     0.473267    

Bond Length
0.61993755    0.0030113381

BB bond length
0.61993755    0.0030113381

Water EE distance
0             0           

PEG EE distance
6.802395      0.22076359  

BBB P2(x)
0.50511084    0.015725625 

BBB first bond length
0.6196342     0.0035606912

BBB second bond length
0.61965536    0.003209479 

BBB <phi**2>/<phi>**2
1.2297615     0.014686149 

