Time = 1000
Temperature
   1.1688795    0.26115633

Pressure
   23.845666     1.1485173

CM Mom
-3.582083e-17  9.5538075e-18 
1.5328979e-16  2.2002381e-17 
-1.1767926e-16 4.8434781e-16 
3.5705923e-16  3.8249991e-16 

CM Pos
7.4913876      0.0079723255  
7.4979741      0.014650321   
7.4970852      0.012534031   
12.982566      0.014758223   

Stress
20.3808      0.0359642    -0.0164277    0.416067     0.0903379    0.0480064   
0.0359642    20.3302      -0.0288152    0.0903379    0.389423     0.068769    
-0.0164277   -0.0288152   20.3186       0.0480064    0.068769     0.367713    

Stress Spherical
0            0            0             0            0            0           
0            0            0             0            0            0           
0            0            0             0            0            0           

Inertia
150.154      -56.1772     -56.1613      1.63064      0.109157     0.161869    
-56.1772     150.02       -56.2378      0.109157     1.58127      0.191879    
-56.1613     -56.2378     150.033       0.161869     0.191879     1.62278     

Bond Length
0.61979725    0.0091356782

BB bond length
0.61979725    0.0091356782

Water EE distance
0             0           

PEG EE distance
6.8928681     0.15898606  

BBB P2(x)
0.47439911    0.05937618  

BBB first bond length
0.61969651    0.0094576376

BBB second bond length
0.61971963    0.0090669671

BBB <phi**2>/<phi>**2
1.2211298     0.015146644 

Time = 2000
Temperature
1.0114986     0.0089703907

Pressure
23.092767     0.076865768 

CM Mom
-4.8070143e-17 2.398709e-17  
1.5572242e-16  1.9533751e-17 
-3.5260669e-17 4.0836108e-17 
1.7325314e-16  2.0283297e-17 

CM Pos
7.5035502      0.010264402   
7.4978258      0.012453029   
7.5046498      0.01642583    
12.993871      0.016098848   

Stress
20.059       0.00104268   0.00292826    0.124877     0.0680064    0.0760135   
0.00104268   20.0715      -0.00504459   0.0680064    0.134528     0.0457462   
0.00292826   -0.00504459  20.055        0.0760135    0.0457462    0.101559    

Stress Spherical
0            0            0             0            0            0           
0            0            0             0            0            0           
0            0            0             0            0            0           

Inertia
149.945      -56.2609     -56.2881      0.500617     0.1502       0.126861    
-56.2609     150.014      -56.2754      0.1502       0.475176     0.2657      
-56.2881     -56.2754     149.906       0.126861     0.2657       0.344111    

Bond Length
0.61673463    0.0020359749

BB bond length
0.61673463    0.0020359749

Water EE distance
0             0           

PEG EE distance
6.6827691     0.13322506  

BBB P2(x)
0.51108957    0.010351574 

BBB first bond length
0.61673554    0.0021260809

BBB second bond length
0.61671516    0.002159023 

BBB <phi**2>/<phi>**2
1.2254357     0.0045846801

