Time = 1000
Temperature
   1.0319539   0.042764595

Pressure
    23.61294      0.172147

CM Mom
-7.6169242e-17 3.3903833e-17 
8.8624173e-18  1.7451744e-17 
-4.6377707e-17 4.4675105e-17 
9.8001427e-17  4.3322122e-17 

CM Pos
7.5002729      0.013461452   
7.4899832      0.012293188   
7.4983743      0.012371603   
12.983828      0.016288794   

Stress
20.5805      0.0343195    -0.000624164  0.130062     0.0783415    0.0716472   
0.0343195    20.4876      -0.0102387    0.0783415    0.127752     0.0905574   
-0.000624164 -0.0102387   20.4896       0.0716472    0.0905574    0.101408    

Stress Spherical
0            0            0             0            0            0           
0            0            0             0            0            0           
0            0            0             0            0            0           

Inertia
149.827      -56.1736     -56.2315      0.55869      0.17264      0.19443     
-56.1736     150.015      -56.1734      0.17264      0.602947     0.170083    
-56.2315     -56.1734     149.855       0.19443      0.170083     0.688114    

Bond Length
0.61976141    0.0043310723

BB bond length
0.61976141    0.0043310723

Water EE distance
0             0           

PEG EE distance
4.9950791     0.19598981  

BBB P2(x)
0.48655361    0.034295313 

BBB first bond length
0.61933873    0.003794484 

BBB second bond length
0.62008423    0.0041265148

BBB <phi**2>/<phi>**2
1.2218229     0.013916813 

Time = 2000
Temperature
1.011428      0.0059717664

Pressure
23.534884     0.091743264 

CM Mom
-5.6003553e-17 1.4190163e-17 
2.3371961e-18  2.7722854e-17 
1.9685117e-18  2.4509384e-17 
6.8238071e-17  7.7413454e-18 

CM Pos
7.5075372      0.01244246    
7.4936895      0.015506904   
7.4983743      0.010360588   
12.990167      0.013229432   

Stress
20.5651      -0.0163561   -0.0394733    0.105493     0.0958071    0.0522354   
-0.0163561   20.4411      0.0447234     0.0958071    0.118355     0.0418906   
-0.0394733   0.0447234    20.5019       0.0522354    0.0418906    0.104534    

Stress Spherical
0            0            0             0            0            0           
0            0            0             0            0            0           
0            0            0             0            0            0           

Inertia
149.808      -56.247      -56.2752      0.30726      0.218872     0.136082    
-56.247      150.025      -56.1812      0.218872     0.320059     0.0987971   
-56.2752     -56.1812     149.939       0.136082     0.0987971    0.449856    

Bond Length
0.61967281    0.0021816435

BB bond length
0.61967281    0.0021816435

Water EE distance
0             0           

PEG EE distance
5.3423567     0.1235575   

BBB P2(x)
0.50014152    0.016796666 

BBB first bond length
0.61971614    0.0022437954

BBB second bond length
0.61938983    0.0022100149

BBB <phi**2>/<phi>**2
1.2247946     0.01141845  

