Time = 500
Temperature
   1.0385844   0.050137312

Pressure
   19.418445    0.13947959

CM Mom
2.0367985e-17  2.0974401e-17 
-1.4790266e-17 2.4672502e-17 
-8.5159152e-19 3.3704526e-17 
4.9282344e-17  1.9754379e-17 

CM Pos
7.5198462      0.010371258   
7.5088562      0.042903359   
7.4967542      0.034575945   
13.005203      0.012742509   

Stress
16.2509      0.0412211    -0.0188789    0.139561     0.0448261    0.0605055   
0.0412211    16.3949      0.0306765     0.0448261    0.0705527    0.0703754   
-0.0188789   0.0306765    16.2669       0.0605055    0.0703754    0.0829975   

Stress Spherical
0            0            0             0            0            0           
0            0            0             0            0            0           
0            0            0             0            0            0           

Inertia
149.189      -56.4893     -56.4114      0.641736     0.403082     0.184245    
-56.4893     149.215      -56.2562      0.403082     0.822195     0.071737    
-56.4114     -56.2562     149.46        0.184245     0.071737     0.506303    

Bond Length
0.61507086    0.0012027268

BB bond length
0.61507086    0.0012027268

Water EE distance
0             0           

PEG EE distance
3.9291384     0.1119675   

Time = 1000
Temperature
1.0097816     0.0043525603

Pressure
19.291269     0.050458799 

CM Mom
3.2252418e-17  9.9182327e-18 
-4.3785792e-17 1.9363343e-17 
-1.3059931e-17 1.1480962e-17 
5.8393051e-17  1.7981944e-17 

CM Pos
7.5266643      0.030251682   
7.497295       0.025355816   
7.4816357      0.011595419   
12.993684      0.029299393   

Stress
16.3166      0.0165904    0.0389357     0.0970633    0.0759686    0.0700747   
0.0165904    16.2982      -0.0165845    0.0759686    0.110844     0.0778408   
0.0389357    -0.0165845   16.1754       0.0700747    0.0778408    0.102973    

Stress Spherical
0            0            0             0            0            0           
0            0            0             0            0            0           
0            0            0             0            0            0           

Inertia
149.082      -56.3443     -56.2249      0.238557     0.441653     0.219116    
-56.3443     149.364      -56.0744      0.441653     0.270493     0.154437    
-56.2249     -56.0744     149.767       0.219116     0.154437     0.563935    

Bond Length
0.61232844    0.0012739602

BB bond length
0.61232844    0.0012739602

Water EE distance
0             0           

PEG EE distance
3.692691      0.11460668  

