Time = 1000
Temperature
   1.1091471    0.14308971

Pressure
   23.666317    0.77084235

CM Mom
-2.5961437e-17 4.2029411e-17 
-3.9358681e-17 4.9964708e-17 
-5.2447927e-17 2.3262315e-16 
1.848733e-16   1.7079878e-16 

CM Pos
7.493515       0.020803336   
7.5001814      0.016966371   
7.50142        0.024817956   
12.987602      0.017658997   

Stress
20.3557      0.00105508   0.0379091     0.384022     0.0772372    0.0989213   
0.00105508   20.3455      0.0217242     0.0772372    0.338022     0.0909767   
0.0379091    0.0217242    20.3382       0.0989213    0.0909767    0.357846    

Stress Spherical
0            0            0             0            0            0           
0            0            0             0            0            0           
0            0            0             0            0            0           

Inertia
150.149      -56.2174     -56.2441      1.03001      0.169755     0.184091    
-56.2174     150.02       -56.2586      0.169755     1.23587      0.230162    
-56.2441     -56.2586     150.021       0.184091     0.230162     1.55335     

Bond Length
0.619505      0.005190769 

BB bond length
0.619505      0.005190769 

Water EE distance
0             0           

PEG EE distance
6.9908061     0.12225158  

BBB P2(x)
0.47892164    0.066143692 

BBB first bond length
0.6195751     0.0049326966

BBB second bond length
0.61928019    0.0053225953

BBB <phi**2>/<phi>**2
1.2215608     0.016151939 

Time = 2000
Temperature
1.0132962     0.00653896  

Pressure
23.146531     0.11170864  

CM Mom
-2.6734592e-17 1.6215629e-17 
-4.25395e-17   1.9663023e-17 
-2.3401011e-17 3.2764606e-17 
6.6579572e-17  1.9031969e-17 

CM Pos
7.4991574      0.012395645   
7.5034481      0.01282488    
7.5092898      0.023713549   
12.997273      0.01775923    

Stress
20.1532      -0.02092     -0.0220803    0.143437     0.0925514    0.0440228   
-0.02092     20.0913      0.00506216    0.0925514    0.116133     0.0608951   
-0.0220803   0.00506216   20.0962       0.0440228    0.0608951    0.145143    

Stress Spherical
0            0            0             0            0            0           
0            0            0             0            0            0           
0            0            0             0            0            0           

Inertia
150.126      -56.2695     -56.3038      0.521939     0.126617     0.198477    
-56.2695     150.014      -56.3585      0.126617     0.281779     0.297104    
-56.3038     -56.3585     149.911       0.198477     0.297104     0.268296    

Bond Length
0.61766746    0.0013347212

BB bond length
0.61766746    0.0013347212

Water EE distance
0             0           

PEG EE distance
7.0311786     0.079045834 

BBB P2(x)
0.5097952     0.011640018 

BBB first bond length
0.61761311    0.0013465023

BBB second bond length
0.61775399    0.0012861283

BBB <phi**2>/<phi>**2
1.2206148     0.0048710775

