Time = 1000
Temperature
   1.1248074    0.17317569

Pressure
   23.760534    0.83596894

CM Mom
-4.8483711e-17 9.7435072e-18 
5.5299738e-18  2.868325e-17  
-1.0052885e-16 2.5956387e-16 
2.2042301e-16  1.7942148e-16 

CM Pos
7.4938309      0.016777083   
7.4940951      0.024298533   
7.4993847      0.02532479    
12.983103      0.01706778    

Stress
20.4332      -0.0159248   0.0175119     0.334446     0.0509053    0.0581035   
-0.0159248   20.4102      0.0187159     0.0509053    0.294269     0.0527373   
0.0175119    0.0187159    20.331        0.0581035    0.0527373    0.371984    

Stress Spherical
0            0            0             0            0            0           
0            0            0             0            0            0           
0            0            0             0            0            0           

Inertia
150.053      -56.1775     -56.1811      1.21426      0.183774     0.227179    
-56.1775     150.011      -56.167       0.183774     1.55672      0.261175    
-56.1811     -56.167      149.969       0.227179     0.261175     1.32511     

Bond Length
0.61817365    0.0078907941

BB bond length
0.61817365    0.0078907941

Water EE distance
0             0           

PEG EE distance
7.1764512     0.1906687   

BBB P2(x)
0.47436802    0.064168743 

BBB first bond length
0.6181099     0.007950304 

BBB second bond length
0.61794813    0.0075688341

BBB <phi**2>/<phi>**2
1.2191524     0.014683065 

Time = 2000
Temperature
1.0089437     0.0085853325

Pressure
23.106945     0.093226364 

CM Mom
-4.6510975e-17 3.9167068e-17 
3.9811912e-17  1.4176547e-17 
-2.8381579e-17 6.3056772e-17 
8.970693e-17   4.7091721e-17 

CM Pos
7.4920503      0.0088732316  
7.4991401      0.017852842   
7.4967138      0.011183956   
12.983411      0.014300653   

Stress
20.0821      0.0220266    0.00196319    0.128849     0.0648951    0.096011    
0.0220266    20.0247      -0.0344636    0.0648951    0.134729     0.0704157   
0.00196319   -0.0344636   20.1478       0.096011     0.0704157    0.123444    

Stress Spherical
0            0            0             0            0            0           
0            0            0             0            0            0           
0            0            0             0            0            0           

Inertia
149.808      -56.1953     -56.1384      0.397316     0.190438     0.111711    
-56.1953     149.705      -56.2508      0.190438     0.2611       0.168349    
-56.1384     -56.2508     149.759       0.111711     0.168349     0.41393     

Bond Length
0.61801664    0.0017887157

BB bond length
0.61801664    0.0017887157

Water EE distance
0             0           

PEG EE distance
7.1482038     0.10422231  

BBB P2(x)
0.5107714     0.010090238 

BBB first bond length
0.61793743    0.0015868668

BBB second bond length
0.61832494    0.0017610726

BBB <phi**2>/<phi>**2
1.2254914     0.0099373431

