Time = 1000
Temperature
   1.0796163    0.10837914

Pressure
   23.686043    0.55022497

CM Mom
9.1365535e-18  1.6391348e-17 
2.125086e-17   3.9644704e-17 
-6.625923e-17  1.6219175e-16 
1.4683324e-16  1.0729355e-16 

CM Pos
7.5013176      0.0099096021  
7.505831       0.034078152   
7.4952987      0.027863565   
12.991822      0.036941884   

Stress
20.4665      0.000470489  -0.0164948    0.201614     0.0583657    0.0994705   
0.000470489  20.4307      -0.0233525    0.0583657    0.280914     0.0653085   
-0.0164948   -0.0233525   20.4588       0.0994705    0.0653085    0.275316    

Stress Spherical
0            0            0             0            0            0           
0            0            0             0            0            0           
0            0            0             0            0            0           

Inertia
150.081      -56.3286     -56.2428      0.541664     0.302225     0.220209    
-56.3286     150.01       -56.2893      0.302225     0.826643     0.44527     
-56.2428     -56.2893     150.188       0.220209     0.44527      0.775274    

Bond Length
0.61992771    0.0063752692

BB bond length
0.61992771    0.0063752692

Water EE distance
0             0           

PEG EE distance
6.6498537     0.22075031  

BBB P2(x)
0.47601804    0.067678409 

BBB first bond length
0.61930684    0.0065531115

BBB second bond length
0.62019658    0.0063219655

BBB <phi**2>/<phi>**2
1.2210113     0.013641069 

Time = 2000
Temperature
1.0133192     0.0076119449

Pressure
23.240971     0.11722118  

CM Mom
8.5402616e-18  1.6324469e-17 
3.9235842e-17  1.0591113e-17 
-4.527316e-17  3.8608026e-17 
6.9530373e-17  2.6397219e-17 

CM Pos
7.4931574      0.007588553   
7.5087984      0.017197887   
7.4991563      0.012271563   
12.991044      0.0087587823  

Stress
20.2211      -0.016198    0.0139354     0.165525     0.0959318    0.0766142   
-0.016198    20.216       0.00908285    0.0959318    0.141953     0.0628559   
0.0139354    0.00908285   20.1795       0.0766142    0.0628559    0.0935326   

Stress Spherical
0            0            0             0            0            0           
0            0            0             0            0            0           
0            0            0             0            0            0           

Inertia
150.001      -56.2289     -56.2551      0.251873     0.153193     0.161591    
-56.2289     149.764      -56.3261      0.153193     0.314117     0.148867    
-56.2551     -56.3261     149.915       0.161591     0.148867     0.283771    

Bond Length
0.61882739    0.002735368 

BB bond length
0.61882739    0.002735368 

Water EE distance
0             0           

PEG EE distance
7.2977425     0.11063026  

BBB P2(x)
0.51929033    0.0090387539

BBB first bond length
0.61894164    0.0027600782

BBB second bond length
0.61900515    0.002579641 

BBB <phi**2>/<phi>**2
1.2284764     0.008625504 

Time = 3000
Temperature
1.0068215     0.0079855033

Pressure
23.229997     0.073024875 

CM Mom
8.9538499e-18  1.0202121e-17 
2.0201996e-17  1.9891678e-17 
-2.3619556e-17 2.0191386e-17 
3.8293741e-17  2.2073039e-17 

CM Pos
7.4898933      0.010018957   
7.4955936      0.0087032697  
7.5055361      0.01539027    
12.985215      0.009929153   

Stress
20.1852      -0.0213487   0.0573355     0.137842     0.0786333    0.0917117   
-0.0213487   20.2136      -0.00887419   0.0786333    0.104216     0.0725297   
0.0573355    -0.00887419  20.2432       0.0917117    0.0725297    0.114592    

Stress Spherical
0            0            0             0            0            0           
0            0            0             0            0            0           
0            0            0             0            0            0           

Inertia
149.964      -56.1338     -56.2087      0.244398     0.138065     0.126182    
-56.1338     149.863      -56.314       0.138065     0.240739     0.129771    
-56.2087     -56.314      149.727       0.126182     0.129771     0.152515    

Bond Length
0.61862809    0.0021511038

BB bond length
0.61862809    0.0021511038

Water EE distance
0             0           

PEG EE distance
7.2293005     0.081640562 

BBB P2(x)
0.51824981    0.0090764864

BBB first bond length
0.61852423    0.0020749191

BBB second bond length
0.61857471    0.002251464 

BBB <phi**2>/<phi>**2
1.2304257     0.011847472 

Time = 4000
Temperature
1.0071121     0.0044975801

Pressure
23.240528     0.096708942 

CM Mom
-6.8908501e-18 1.3937177e-17 
-1.533173e-17  2.4533661e-17 
-2.4895221e-17 2.3217864e-17 
4.5073392e-17  1.4349972e-17 

CM Pos
7.4950862      0.01401665    
7.5059794      0.012253612   
7.5046459      0.013438566   
12.993699      0.0074335635  

Stress
20.224       -0.00311306  0.0100632     0.0997339    0.0485201    0.0627799   
-0.00311306  20.2005      -0.0114396    0.0485201    0.121924     0.083637    
0.0100632    -0.0114396   20.2465       0.0627799    0.083637     0.123821    

Stress Spherical
0            0            0             0            0            0           
0            0            0             0            0            0           
0            0            0             0            0            0           

Inertia
150.101      -56.2488     -56.2595      0.177441     0.158202     0.166075    
-56.2488     149.92       -56.3157      0.158202     0.218452     0.12783     
-56.2595     -56.3157     149.972       0.166075     0.12783      0.310259    

Bond Length
0.62022353    0.0016511963

BB bond length
0.62022353    0.0016511963

Water EE distance
0             0           

PEG EE distance
7.3238253     0.081517355 

BBB P2(x)
0.5161282     0.0087028037

BBB first bond length
0.62010945    0.0015743376

BBB second bond length
0.6201853     0.0020289702

BBB <phi**2>/<phi>**2
1.2238747     0.010019454 

Time = 5000
Temperature
1.0100742     0.0046065581

Pressure
23.324861     0.056392488 

CM Mom
-6.6039602e-18 3.181683e-17  
-2.4853732e-17 1.6309165e-17 
-5.1319263e-17 2.0028574e-17 
6.9368681e-17  1.2744273e-17 

CM Pos
7.4996856      0.016801647   
7.507018       0.012814732   
7.4958922      0.011706034   
12.9919        0.011118533   

Stress
20.2805      0.024812     -0.0118071    0.0967616    0.047634     0.0676742   
0.024812     20.3029      0.0175622     0.047634     0.0742342    0.0688595   
-0.0118071   0.0175622    20.314        0.0676742    0.0688595    0.102547    

Stress Spherical
0            0            0             0            0            0           
0            0            0             0            0            0           
0            0            0             0            0            0           

Inertia
150.014      -56.2911     -56.219       0.348328     0.15981      0.165561    
-56.2911     149.882      -56.2601      0.15981      0.286187     0.158635    
-56.219      -56.2601     150.066       0.165561     0.158635     0.186601    

Bond Length
0.6195743     0.0021992335

BB bond length
0.6195743     0.0021992335

Water EE distance
0             0           

PEG EE distance
7.303035      0.17361262  

BBB P2(x)
0.51020856    0.009650328 

BBB first bond length
0.6193949     0.0022890427

BBB second bond length
0.61947326    0.0020533131

BBB <phi**2>/<phi>**2
1.2232831     0.0092579415

Time = 6000
Temperature
1.010941      0.011709635 

Pressure
23.286174     0.1360399   

CM Mom
-3.1784938e-17 2.1592966e-17 
-3.1107384e-17 2.2066692e-17 
-2.5107128e-17 1.5483377e-17 
5.9554426e-17  1.5953682e-17 

CM Pos
7.4993888      0.014494569   
7.4984126      0.017863403   
7.5053877      0.015524847   
12.992243      0.016023149   

Stress
20.2675      0.0202829    0.0284264     0.174694     0.0897014    0.0853958   
0.0202829    20.2602      0.0154866     0.0897014    0.169063     0.0433296   
0.0284264    0.0154866    20.2458       0.0853958    0.0433296    0.10902     

Stress Spherical
0            0            0             0            0            0           
0            0            0             0            0            0           
0            0            0             0            0            0           

Inertia
150.035      -56.2465     -56.2478      0.314618     0.186547     0.183223    
-56.2465     150.04       -56.2685      0.186547     0.367853     0.191128    
-56.2478     -56.2685     149.943       0.183223     0.191128     0.358983    

Bond Length
0.61820784    0.0021335713

BB bond length
0.61820784    0.0021335713

Water EE distance
0             0           

PEG EE distance
7.4966139     0.19633996  

BBB P2(x)
0.51415951    0.0095541221

BBB first bond length
0.61829379    0.0021127716

BBB second bond length
0.61813716    0.0022561434

BBB <phi**2>/<phi>**2
1.2246327     0.0089410636

Time = 7000
Temperature
1.0104481     0.010272704 

Pressure
23.251264     0.061721623 

CM Mom
-3.015447e-17  2.0361617e-17 
-3.382522e-17  1.0481046e-17 
-6.1221497e-18 1.3978562e-17 
5.0458748e-17  1.626902e-17  

CM Pos
7.5047301      0.013965515   
7.5033088      0.010948107   
7.503459       0.014675683   
12.997035      0.010591574   

Stress
20.2658      -0.0141802   0.0211851     0.087188     0.0541172    0.0693703   
-0.0141802   20.1951      -0.030819     0.0541172    0.0923413    0.0540423   
0.0211851    -0.030819    20.2123       0.0693703    0.0540423    0.0981677   

Stress Spherical
0            0            0             0            0            0           
0            0            0             0            0            0           
0            0            0             0            0            0           

Inertia
150.091      -56.2967     -56.2746      0.158358     0.138559     0.173205    
-56.2967     150.107      -56.3031      0.138559     0.332947     0.103535    
-56.2746     -56.3031     150.104       0.173205     0.103535     0.21331     

Bond Length
0.61971245    0.0027053434

BB bond length
0.61971245    0.0027053434

Water EE distance
0             0           

PEG EE distance
7.2209878     0.11040562  

BBB P2(x)
0.51733242    0.008494027 

BBB first bond length
0.61995211    0.0027429869

BBB second bond length
0.6193491     0.0024566926

BBB <phi**2>/<phi>**2
1.2255698     0.0071171648

Time = 8000
Temperature
1.0057689     0.0096104522

Pressure
23.260441     0.081167656 

CM Mom
8.8205627e-18  1.6498891e-17 
-3.816927e-17  1.2213809e-17 
2.7534849e-17  1.8249303e-17 
5.2321171e-17  1.7600741e-17 

CM Pos
7.4979052      0.014249504   
7.5079082      0.011146374   
7.5049426      0.010805425   
12.996607      0.0092703303  

Stress
20.2461      -0.039887    0.0307994     0.12544      0.0447498    0.0647877   
-0.039887    20.2727      0.0377312     0.0447498    0.136554     0.0436355   
0.0307994    0.0377312    20.224        0.0647877    0.0436355    0.0901073   

Stress Spherical
0            0            0             0            0            0           
0            0            0             0            0            0           
0            0            0             0            0            0           

Inertia
150.199      -56.2981     -56.2691      0.18212      0.0733987    0.161005    
-56.2981     150.052      -56.366       0.0733987    0.374652     0.0781314   
-56.2691     -56.366      150.083       0.161005     0.0781314    0.171818    

Bond Length
0.6191936     0.0027174407

BB bond length
0.6191936     0.0027174407

Water EE distance
0             0           

PEG EE distance
7.1538159     0.16222657  

BBB P2(x)
0.51176       0.017049634 

BBB first bond length
0.61885595    0.0026943126

BBB second bond length
0.61932454    0.0027081433

BBB <phi**2>/<phi>**2
1.2241838     0.0082456782

Time = 9000
Temperature
1.0124105     0.0086898032

Pressure
23.223341     0.098099522 

CM Mom
9.6356597e-18  1.1576055e-17 
-4.4621137e-17 1.5275089e-17 
4.5564717e-18  2.7825408e-17 
5.3809181e-17  1.8729977e-17 

CM Pos
7.5013176      0.015131349   
7.5015284      0.015730502   
7.4963373      0.01286274    
12.989928      0.013452266   

Stress
20.2003      -0.0125099   0.0190277     0.0963599    0.0718135    0.0770077   
-0.0125099   20.2076      0.00977459    0.0718135    0.149288     0.0872185   
0.0190277    0.00977459   20.1639       0.0770077    0.0872185    0.148369    

Stress Spherical
0            0            0             0            0            0           
0            0            0             0            0            0           
0            0            0             0            0            0           

Inertia
149.942      -56.2709     -56.2437      0.316987     0.149014     0.115198    
-56.2709     149.957      -56.2574      0.149014     0.235529     0.158685    
-56.2437     -56.2574     150.031       0.115198     0.158685     0.30953     

Bond Length
0.61925202    0.0017664997

BB bond length
0.61925202    0.0017664997

Water EE distance
0             0           

PEG EE distance
6.9511423     0.14096997  

BBB P2(x)
0.50018459    0.006200348 

BBB first bond length
0.61935201    0.0018338579

BBB second bond length
0.61914873    0.0015202194

BBB <phi**2>/<phi>**2
1.2238131     0.013346845 

Time = 10000
Temperature
1.0126294     0.0083173932

Pressure
23.252287     0.13355876  

CM Mom
-6.7323057e-18 2.1931097e-17 
-3.7795352e-17 2.7456279e-17 
1.1542431e-17  2.0643981e-17 
5.3323138e-17  2.0607703e-17 

CM Pos
7.4937509      0.011780079   
7.4981159      0.012484085   
7.5001949      0.014094175   
12.985816      0.0074027835  

Stress
20.2582      -0.0096717   0.00598092    0.181664     0.0902831    0.0854053   
-0.0096717   20.1522      0.0348168     0.0902831    0.114681     0.0600192   
0.00598092   0.0348168    20.2464       0.0854053    0.0600192    0.103       

Stress Spherical
0            0            0             0            0            0           
0            0            0             0            0            0           
0            0            0             0            0            0           

Inertia
149.965      -56.1777     -56.167       0.0659865    0.192256     0.117249    
-56.1777     149.906      -56.1851      0.192256     0.140094     0.0550404   
-56.167      -56.1851     149.861       0.117249     0.0550404    0.346108    

Bond Length
0.61770585    0.0019032486

BB bond length
0.61770585    0.0019032486

Water EE distance
0             0           

PEG EE distance
6.9647805     0.14539323  

BBB P2(x)
0.51287945    0.01078351  

BBB first bond length
0.61754908    0.0020441093

BBB second bond length
0.61761282    0.0019124694

BBB <phi**2>/<phi>**2
1.2270672     0.0082868301

Time = 11000
Temperature
1.0077278     0.0088831742

Pressure
23.25258      0.076186727 

CM Mom
-4.4995604e-17 1.4860246e-17 
-6.7830673e-17 2.9462564e-17 
4.9362097e-17  1.907137e-17  
9.9146795e-17  2.6167174e-17 

CM Pos
7.4890031      0.014570307   
7.4982643      0.01235024    
7.4945569      0.011264245   
12.979901      0.013491967   

Stress
20.2403      0.00358743   -0.0142385    0.0607228    0.0752646    0.0720896   
0.00358743   20.2669      0.00363978    0.0752646    0.14439      0.0566772   
-0.0142385   0.00363978   20.1944       0.0720896    0.0566772    0.119323    

Stress Spherical
0            0            0             0            0            0           
0            0            0             0            0            0           
0            0            0             0            0            0           

Inertia
149.89       -56.1691     -56.1432      0.292381     0.190234     0.148974    
-56.1691     149.75       -56.1509      0.190234     0.27964      0.130675    
-56.1432     -56.1509     149.783       0.148974     0.130675     0.300907    

Bond Length
0.61968355    0.0029311834

BB bond length
0.61968355    0.0029311834

Water EE distance
0             0           

PEG EE distance
6.800737      0.19350394  

BBB P2(x)
0.5072262     0.013351409 

BBB first bond length
0.61937809    0.0029677852

BBB second bond length
0.61978015    0.0029073733

BBB <phi**2>/<phi>**2
1.227042      0.0051719329

Time = 12000
Temperature
1.0135833     0.0079109001

Pressure
23.292385     0.059628273 

CM Mom
-2.4017495e-17 2.2137293e-17 
-4.9026065e-17 2.105636e-17  
6.2159723e-17  2.678332e-17  
8.7485746e-17  2.9004257e-17 

CM Pos
7.5016144      0.011052168   
7.4886203      0.019952042   
7.5076133      0.0085797224  
12.989161      0.014142085   

Stress
20.2693      -0.0157945   0.0312316     0.0796942    0.0431344    0.0398905   
-0.0157945   20.2268      0.0291887     0.0431344    0.113336     0.0661591   
0.0312316    0.0291887    20.2723       0.0398905    0.0661591    0.110015    

Stress Spherical
0            0            0             0            0            0           
0            0            0             0            0            0           
0            0            0             0            0            0           

Inertia
149.918      -56.1179     -56.3029      0.31087      0.200022     0.110639    
-56.1179     150.118      -56.2262      0.200022     0.186202     0.213299    
-56.3029     -56.2262     149.836       0.110639     0.213299     0.373876    

Bond Length
0.61908404    0.0016920595

BB bond length
0.61908404    0.0016920595

Water EE distance
0             0           

PEG EE distance
7.275788      0.093156341 

BBB P2(x)
0.50740003    0.0070629358

BBB first bond length
0.61906187    0.0017270251

BBB second bond length
0.61881151    0.0016972483

BBB <phi**2>/<phi>**2
1.2260515     0.011088198 

Time = 13000
Temperature
1.0101103     0.0057147313

Pressure
23.245933     0.09032979  

CM Mom
-1.7540371e-17 2.1691928e-17 
-9.8780748e-18 2.9679635e-17 
3.9813877e-17  1.4830382e-17 
5.8122524e-17  1.3546905e-17 

CM Pos
7.5038399      0.013005701   
7.4948518      0.010423839   
7.5061296      0.0095048174  
12.993175      0.012930581   

Stress
20.2776      -0.0238836   0.0354416     0.136119     0.0852791    0.058996    
-0.0238836   20.168       0.0080232     0.0852791    0.0977954    0.0478829   
0.0354416    0.0080232    20.2147       0.058996     0.0478829    0.123958    

Stress Spherical
0            0            0             0            0            0           
0            0            0             0            0            0           
0            0            0             0            0            0           

Inertia
149.993      -56.229      -56.3108      0.241529     0.154283     0.0857582   
-56.229      150.157      -56.2662      0.154283     0.287613     0.117204    
-56.3108     -56.2662     149.959       0.0857582    0.117204     0.335742    

Bond Length
0.61879666    0.0021864671

BB bond length
0.61879666    0.0021864671

Water EE distance
0             0           

PEG EE distance
7.4030233     0.1226141   

BBB P2(x)
0.51409304    0.0065535426

BBB first bond length
0.61881419    0.0019487347

BBB second bond length
0.61901006    0.002129172 

BBB <phi**2>/<phi>**2
1.2233489     0.0049482738

Time = 14000
Temperature
1.009709      0.0087369786

Pressure
23.257635     0.060816517 

CM Mom
2.5507127e-18  1.2819411e-17 
-3.3076081e-18 1.432121e-17  
4.5564031e-17  1.5232168e-17 
5.0320302e-17  1.2761182e-17 

CM Pos
7.5022078      0.014076202   
7.4954453      0.012231136   
7.4997498      0.010871433   
12.988896      0.011163949   

Stress
20.2152      -0.030035    0.0593877     0.0649155    0.0739578    0.0676216   
-0.030035    20.2357      -0.0550027    0.0739578    0.0822597    0.073412    
0.0593877    -0.0550027   20.2481       0.0676216    0.073412     0.118937    

Stress Spherical
0            0            0             0            0            0           
0            0            0             0            0            0           
0            0            0             0            0            0           

Inertia
149.919      -56.2402     -56.2698      0.22417      0.166839     0.106409    
-56.2402     150.02       -56.2434      0.166839     0.246703     0.0950173   
-56.2698     -56.2434     149.945       0.106409     0.0950173    0.309875    

Bond Length
0.61796622    0.0017924157

BB bond length
0.61796622    0.0017924157

Water EE distance
0             0           

PEG EE distance
7.020383      0.1379701   

BBB P2(x)
0.5110444     0.013468839 

BBB first bond length
0.61781256    0.0019039879

BBB second bond length
0.61789296    0.0020853067

BBB <phi**2>/<phi>**2
1.2210783     0.010218272 

Time = 15000
Temperature
1.0104906     0.0078282341

Pressure
23.305107     0.098577685 

CM Mom
1.0407655e-18  1.8973343e-17 
6.1973725e-18  1.7620662e-17 
3.1804431e-17  2.9067124e-17 
4.5627489e-17  2.2011766e-17 

CM Pos
7.5025046      0.010806444   
7.4942583      0.01041116    
7.5092453      0.015663187   
12.99387       0.0085050887  

Stress
20.2508      -0.0386883   0.0325167     0.0878829    0.0560019    0.0908413   
-0.0386883   20.2773      -3.46437e-05  0.0560019    0.109506     0.0705609   
0.0325167    -3.46437e-05 20.3062       0.0908413    0.0705609    0.171814    

Stress Spherical
0            0            0             0            0            0           
0            0            0             0            0            0           
0            0            0             0            0            0           

Inertia
150.017      -56.2162     -56.3534      0.256568     0.158665     0.154471    
-56.2162     150.149      -56.315       0.158665     0.259434     0.164996    
-56.3534     -56.315      149.918       0.154471     0.164996     0.231257    

Bond Length
0.62034783    0.0018417615

BB bond length
0.62034783    0.0018417615

Water EE distance
0             0           

PEG EE distance
7.1121828     0.10001299  

BBB P2(x)
0.50891634    0.011197115 

BBB first bond length
0.62023648    0.001949276 

BBB second bond length
0.62036183    0.0016835031

BBB <phi**2>/<phi>**2
1.2272103     0.0071473829

Time = 16000
Temperature
1.014722      0.0067463384

Pressure
23.27506      0.069732923 

CM Mom
-3.0751036e-17 1.5270578e-17 
2.6421331e-17  1.1730407e-17 
5.8530497e-17  2.5523789e-17 
7.5462483e-17  1.9929941e-17 

CM Pos
7.5022078      0.017239437   
7.4947034      0.014107444   
7.5082067      0.017414126   
12.993367      0.0096264904  

Stress
20.1704      0.0189087    0.0153092     0.106154     0.0813214    0.0640383   
0.0189087    20.2966      0.0300172     0.0813214    0.120066     0.0600083   
0.0153092    0.0300172    20.2392       0.0640383    0.0600083    0.0669807   

Stress Spherical
0            0            0             0            0            0           
0            0            0             0            0            0           
0            0            0             0            0            0           

Inertia
150.03       -56.2372     -56.3283      0.31034      0.126066     0.137569    
-56.2372     150.162      -56.2767      0.126066     0.336003     0.176476    
-56.3283     -56.2767     149.964       0.137569     0.176476     0.252203    

Bond Length
0.61994203    0.0013974982

BB bond length
0.61994203    0.0013974982

Water EE distance
0             0           

PEG EE distance
7.0724643     0.10916898  

BBB P2(x)
0.50699553    0.010047553 

BBB first bond length
0.61996814    0.0013515256

BBB second bond length
0.61985259    0.0012774937

BBB <phi**2>/<phi>**2
1.2264407     0.0086554108

Time = 17000
Temperature
1.0145058     0.0048947332

Pressure
23.274893     0.089878119 

CM Mom
-5.6859671e-17 1.0714707e-17 
7.4805532e-18  2.0103234e-17 
3.3710808e-17  3.2057924e-17 
7.6454339e-17  1.1260057e-17 

CM Pos
7.4984986      0.010014562   
7.5071663      0.01169098    
7.5039041      0.010267448   
12.995919      0.006440088   

Stress
20.2599      0.0376024    0.047038      0.156068     0.108914     0.0530507   
0.0376024    20.2048      0.00598168    0.108914     0.132198     0.0855116   
0.047038     0.00598168   20.243        0.0530507    0.0855116    0.09917     

Stress Spherical
0            0            0             0            0            0           
0            0            0             0            0            0           
0            0            0             0            0            0           

Inertia
150.16       -56.2693     -56.2837      0.216704     0.0908668    0.127632    
-56.2693     150.025      -56.3634      0.0908668    0.201337     0.109367    
-56.2837     -56.3634     150.084       0.127632     0.109367     0.148968    

Bond Length
0.61927509    0.0017796902

BB bond length
0.61927509    0.0017796902

Water EE distance
0             0           

PEG EE distance
7.1324814     0.12131742  

BBB P2(x)
0.51297356    0.01058052  

BBB first bond length
0.61909411    0.0017849859

BBB second bond length
0.61931832    0.0017143446

BBB <phi**2>/<phi>**2
1.2225165     0.0098503156

Time = 18000
Temperature
1.0158601     0.011639209 

Pressure
23.287338     0.097691988 

CM Mom
-6.9224492e-17 1.8826204e-17 
-3.2010881e-18 9.4963306e-18 
2.7051666e-17  1.1351946e-17 
7.6251863e-17  1.7122973e-17 

CM Pos
7.503098       0.015224171   
7.5050892      0.009290488   
7.4960406      0.015220556   
12.992837      0.014375987   

Stress
20.2607      -0.0349177   0.0140073     0.140758     0.0520843    0.0782241   
-0.0349177   20.2535      -0.00729544   0.0520843    0.0994095    0.0761663   
0.0140073    -0.00729544  20.2187       0.0782241    0.0761663    0.0828185   

Stress Spherical
0            0            0             0            0            0           
0            0            0             0            0            0           
0            0            0             0            0            0           

Inertia
150.014      -56.3166     -56.2447      0.286026     0.172338     0.177427    
-56.3166     149.99       -56.2546      0.172338     0.336983     0.162404    
-56.2447     -56.2546     150.114       0.177427     0.162404     0.302095    

Bond Length
0.61862568    0.0022500967

BB bond length
0.61862568    0.0022500967

Water EE distance
0             0           

PEG EE distance
6.9053935     0.24445097  

BBB P2(x)
0.50269381    0.011728383 

BBB first bond length
0.61846139    0.0020971137

BBB second bond length
0.61861955    0.0023266313

BBB <phi**2>/<phi>**2
1.2253357     0.0085795002

Time = 19000
Temperature
1.0126147     0.0051850433

Pressure
23.27549      0.080315846 

CM Mom
-7.1852898e-17 2.2762744e-17 
2.010934e-17   1.7099588e-17 
1.603564e-17   8.7437782e-18 
8.0005367e-17  1.7621001e-17 

CM Pos
7.5022078      0.012694784   
7.507018       0.017071988   
7.5036073      0.0091231212  
12.997806      0.011831755   

Stress
20.2307      -0.0380994   0.00712649    0.0595451    0.0723813    0.0563212   
-0.0380994   20.2762      -0.0250549    0.0723813    0.1408       0.0627711   
0.00712649   -0.0250549   20.2195       0.0563212    0.0627711    0.136823    

Stress Spherical
0            0            0             0            0            0           
0            0            0             0            0            0           
0            0            0             0            0            0           

Inertia
150.158      -56.3294     -56.3291      0.281767     0.133176     0.138836    
-56.3294     150.112      -56.3182      0.133176     0.16486      0.130701    
-56.3291     -56.3182     150.152       0.138836     0.130701     0.347981    

Bond Length
0.6191001     0.0021260243

BB bond length
0.6191001     0.0021260243

Water EE distance
0             0           

PEG EE distance
6.8130682     0.26111532  

BBB P2(x)
0.51165405    0.0092124139

BBB first bond length
0.61916875    0.0021289827

BBB second bond length
0.61903635    0.0021238231

BBB <phi**2>/<phi>**2
1.2274021     0.0033740111

Time = 20000
Temperature
1.011434      0.0054763576

Pressure
23.278244     0.10078257  

CM Mom
-1.0020614e-16 4.2323295e-17 
-1.3966463e-17 1.415045e-17  
2.1742691e-17  1.6497022e-17 
1.0686478e-16  3.9403602e-17 

CM Pos
7.4983503      0.012343108   
7.5021218      0.017693151   
7.4991563      0.011044198   
12.990178      0.017036753   

Stress
20.2171      -0.015673    0.00713871    0.13085      0.0713285    0.069243    
-0.015673    20.2403      0.0385542     0.0713285    0.100013     0.0649082   
0.00713871   0.0385542    20.2879       0.069243     0.0649082    0.179168    

Stress Spherical
0            0            0             0            0            0           
0            0            0             0            0            0           
0            0            0             0            0            0           

Inertia
150.041      -56.2693     -56.2482      0.341038     0.174641     0.162366    
-56.2693     149.98       -56.2431      0.174641     0.317942     0.177191    
-56.2482     -56.2431     150.029       0.162366     0.177191     0.357775    

Bond Length
0.61793146    0.0023126665

BB bond length
0.61793146    0.0023126665

Water EE distance
0             0           

PEG EE distance
7.5110377     0.10885323  

BBB P2(x)
0.50658111    0.011255303 

BBB first bond length
0.61773783    0.0023950029

BBB second bond length
0.61769041    0.0023350007

BBB <phi**2>/<phi>**2
1.2256434     0.0080153645

Time = 21000
Temperature
1.0134456     0.0072819862

Pressure
23.329276     0.058182333 

CM Mom
-7.4004985e-17 2.2949458e-17 
-2.8429287e-17 1.6062925e-17 
4.0021838e-17  1.7005849e-17 
9.2857897e-17  1.8385177e-17 

CM Pos
7.497015       0.008671596   
7.4955936      0.010679401   
7.505091       0.017730436   
12.989072      0.0070819093  

Stress
20.3008      -0.00446224  0.0391087     0.0759821    0.0568105    0.074033    
-0.00446224  20.3558      -0.0167955    0.0568105    0.0798985    0.089413    
0.0391087    -0.0167955   20.2237       0.074033     0.089413     0.0712938   

Stress Spherical
0            0            0             0            0            0           
0            0            0             0            0            0           
0            0            0             0            0            0           

Inertia
150.011      -56.1745     -56.2648      0.231759     0.109728     0.172943    
-56.1745     150.051      -56.2516      0.109728     0.281917     0.156815    
-56.2648     -56.2516     149.898       0.172943     0.156815     0.218585    

Bond Length
0.61873828    0.0020631164

BB bond length
0.61873828    0.0020631164

Water EE distance
0             0           

PEG EE distance
7.5403182     0.20906509  

BBB P2(x)
0.5163015     0.012136263 

BBB first bond length
0.61883912    0.0020167349

BBB second bond length
0.61874863    0.0018568491

BBB <phi**2>/<phi>**2
1.2235295     0.0070019111

Time = 22000
Temperature
1.0116401     0.01034234  

Pressure
23.330329     0.077256784 

CM Mom
-6.3798291e-17 1.8169653e-17 
-3.5703389e-17 1.0819731e-17 
4.8009733e-17  1.4353273e-17 
9.0220305e-17  1.2782969e-17 

CM Pos
7.5060654      0.0072821313  
7.5015284      0.013238047   
7.4997498      0.014361067   
12.994637      0.0055386516  

Stress
20.2927      -0.0223152   -0.0195234    0.0700467    0.0663268    0.0759756   
-0.0223152   20.3451      -0.0441903    0.0663268    0.12856      0.0917772   
-0.0195234   -0.0441903   20.2619       0.0759756    0.0917772    0.135556    

Stress Spherical
0            0            0             0            0            0           
0            0            0             0            0            0           
0            0            0             0            0            0           

Inertia
150.005      -56.3234     -56.2661      0.168933     0.12233      0.09758     
-56.3234     150.108      -56.2651      0.12233      0.272716     0.0929408   
-56.2661     -56.2651     150.129       0.09758      0.0929408    0.226851    

Bond Length
0.61884963    0.0021491515

BB bond length
0.61884963    0.0021491515

Water EE distance
0             0           

PEG EE distance
7.0822666     0.13078819  

BBB P2(x)
0.52129331    0.01101843  

BBB first bond length
0.61859185    0.0020461139

BBB second bond length
0.61883348    0.0022355899

BBB <phi**2>/<phi>**2
1.2286318     0.012150295 

Time = 23000
Temperature
1.011503      0.010191377 

Pressure
23.273095     0.10594738  

CM Mom
-7.0255374e-17 2.2698264e-17 
-6.4391014e-17 2.2944842e-17 
4.37779e-17    1.9569909e-17 
1.0859221e-16  2.5118021e-17 

CM Pos
7.501466       0.017514961   
7.5044957      0.010679401   
7.4997498      0.013491698   
12.993696      0.013014273   

Stress
20.2721      0.0548093    -0.0546157    0.112806     0.074739     0.0790929   
0.0548093    20.2578      0.0033908     0.074739     0.131997     0.0552092   
-0.0546157   0.0033908    20.1993       0.0790929    0.0552092    0.115767    

Stress Spherical
0            0            0             0            0            0           
0            0            0             0            0            0           
0            0            0             0            0            0           

Inertia
150.058      -56.2726     -56.2291      0.155095     0.164987     0.177111    
-56.2726     150.034      -56.2761      0.164987     0.432469     0.0967298   
-56.2291     -56.2761     150.109       0.177111     0.0967298    0.301848    

Bond Length
0.61891946    0.0016724809

BB bond length
0.61891946    0.0016724809

Water EE distance
0             0           

PEG EE distance
6.9917339     0.17813702  

BBB P2(x)
0.51136414    0.0096088706

BBB first bond length
0.61864977    0.0018924699

BBB second bond length
0.61894033    0.0016843871

BBB <phi**2>/<phi>**2
1.2254373     0.010138444 

Time = 24000
Temperature
1.0108759     0.0069136382

Pressure
23.326192     0.10111363  

CM Mom
-4.2229106e-17 1.9889982e-17 
-6.5981949e-17 1.5220584e-17 
4.2733154e-17  2.7466592e-17 
9.467927e-17   1.9508063e-17 

CM Pos
7.505917       0.015894079   
7.4988577      0.01151645    
7.4982661      0.007129385   
12.992152      0.0091956798  

Stress
20.3045      0.0108546    0.0187976     0.167946     0.0540686    0.08921     
0.0108546    20.2699      -0.0136869    0.0540686    0.0838828    0.0527565   
0.0187976    -0.0136869   20.3198       0.08921      0.0527565    0.139656    

Stress Spherical
0            0            0             0            0            0           
0            0            0             0            0            0           
0            0            0             0            0            0           

Inertia
149.93       -56.2831     -56.2689      0.185946     0.175593     0.137479    
-56.2831     150.072      -56.2287      0.175593     0.229168     0.100419    
-56.2689     -56.2287     150.064       0.137479     0.100419     0.292229    

Bond Length
0.61867008    0.0019309616

BB bond length
0.61867008    0.0019309616

Water EE distance
0             0           

PEG EE distance
7.0867253     0.35700565  

BBB P2(x)
0.51199635    0.010306479 

BBB first bond length
0.61876746    0.0018063686

BBB second bond length
0.61846035    0.0020160867

BBB <phi**2>/<phi>**2
1.2246854     0.00713377  

Time = 25000
Temperature
1.0107613     0.0069655363

Pressure
23.28501      0.065279515 

CM Mom
-4.0520121e-17 7.9012607e-18 
-7.462626e-17  1.7541178e-17 
2.266472e-17   2.4213672e-17 
9.0957561e-17  2.0193939e-17 

CM Pos
7.5022078      0.011397324   
7.5024186      0.011877779   
7.5003432      0.013953688   
12.99326       0.014910899   

Stress
20.2739      0.0148847    -0.0655437    0.112185     0.0701633    0.0658094   
0.0148847    20.2548      0.0216627     0.0701633    0.0908993    0.0699695   
-0.0655437   0.0216627    20.243        0.0658094    0.0699695    0.132053    

Stress Spherical
0            0            0             0            0            0           
0            0            0             0            0            0           
0            0            0             0            0            0           

Inertia
150.045      -56.2883     -56.2776      0.357034     0.128457     0.185161    
-56.2883     150.056      -56.2803      0.128457     0.295383     0.211305    
-56.2776     -56.2803     150.062       0.185161     0.211305     0.281693    

Bond Length
0.61942498    0.0015689999

BB bond length
0.61942498    0.0015689999

Water EE distance
0             0           

PEG EE distance
6.650808      0.14388661  

BBB P2(x)
0.50848506    0.0098356216

BBB first bond length
0.61926651    0.0016305684

BBB second bond length
0.61949953    0.0016230589

BBB <phi**2>/<phi>**2
1.2263625     0.010676434 

Time = 26000
Temperature
1.0086353     0.0053590516

Pressure
23.273203     0.0854701   

CM Mom
-7.6686102e-18 1.8846184e-17 
-5.4325568e-17 2.1598265e-17 
-1.9367956e-17 8.7597056e-18 
6.3324828e-17  1.6539498e-17 

CM Pos
7.4990921      0.011507845   
7.4966322      0.011530777   
7.4973759      0.011245664   
12.986405      0.013915066   

Stress
20.2648      -0.0066424   -0.0164609    0.111597     0.0553735    0.0692378   
-0.0066424   20.2018      -0.00217793   0.0553735    0.129083     0.0692923   
-0.0164609   -0.00217793  20.2887       0.0692378    0.0692923    0.0939376   

Stress Spherical
0            0            0             0            0            0           
0            0            0             0            0            0           
0            0            0             0            0            0           

Inertia
149.901      -56.2224     -56.2239      0.253527     0.197063     0.145389    
-56.2224     149.941      -56.2044      0.197063     0.294284     0.126829    
-56.2239     -56.2044     149.936       0.145389     0.126829     0.270465    

Bond Length
0.61808351    0.0014263323

BB bond length
0.61808351    0.0014263323

Water EE distance
0             0           

PEG EE distance
7.0279571     0.27804462  

BBB P2(x)
0.50736392    0.010894417 

BBB first bond length
0.61840645    0.0015625594

BBB second bond length
0.61814238    0.0012945979

BBB <phi**2>/<phi>**2
1.2266867     0.0075170767

Time = 27000
Temperature
1.0109911     0.007783331 

Pressure
23.30696      0.070578272 

CM Mom
9.7103334e-18  1.3331485e-17 
-6.1610377e-17 2.9172304e-17 
-1.7949155e-17 1.286383e-17  
6.8114182e-17  2.7694574e-17 

CM Pos
7.4933058      0.0074494897  
7.5037539      0.012879842   
7.503459       0.0080228521  
12.99069       0.010709295   

Stress
20.3257      -0.0183446   -0.03558      0.0791386    0.0691718    0.0417622   
-0.0183446   20.2543      -0.0047303    0.0691718    0.122961     0.0547311   
-0.03558     -0.0047303   20.2555       0.0417622    0.0547311    0.0760423   

Stress Spherical
0            0            0             0            0            0           
0            0            0             0            0            0           
0            0            0             0            0            0           

Inertia
150.123      -56.2653     -56.2115      0.275364     0.106344     0.0873633   
-56.2653     149.959      -56.3047      0.106344     0.168065     0.176408    
-56.2115     -56.3047     149.977       0.0873633    0.176408     0.213985    

Bond Length
0.61830203    0.0029134518

BB bond length
0.61830203    0.0029134518

Water EE distance
0             0           

PEG EE distance
7.0627977     0.24536504  

BBB P2(x)
0.51080516    0.012635964 

BBB first bond length
0.61843708    0.002622811 

BBB second bond length
0.61848768    0.0029295465

BBB <phi**2>/<phi>**2
1.2228779     0.012324888 

Time = 28000
Temperature
1.0138443     0.0094709195

Pressure
23.22497      0.035914029 

CM Mom
2.4131702e-17  6.911768e-18  
-8.3220468e-17 1.9173567e-17 
-8.4474685e-18 2.2739896e-17 
9.020799e-17   1.9348504e-17 

CM Pos
7.4987954      0.0088773147  
7.4970773      0.0099317911  
7.5028655      0.010188893   
12.989659      0.011282634   

Stress
20.121       -0.0105497   -0.0209528    0.112238     0.0852722    0.0623933   
-0.0105497   20.2426      0.0241171     0.0852722    0.100695     0.0884591   
-0.0209528   0.0241171    20.2002       0.0623933    0.0884591    0.0741117   

Stress Spherical
0            0            0             0            0            0           
