Time = 1000
Temperature
   1.0200328    0.03179279

Pressure
   23.733354    0.10993457

CM Mom
8.8461302e-18  1.6331695e-17 
-7.886652e-18  1.6180053e-17 
1.5917784e-17  3.1631721e-17 
4.0713997e-17  1.6287533e-17 

CM Pos
7.5000307      0.015025196   
7.5062281      0.013335473   
7.4983236      0.021159803   
12.993046      0.019399751   

Stress
20.7278      -0.0229766   0.00452968    0.0703448    0.0841013    0.0652867   
-0.0229766   20.6027      -0.00922508   0.0841013    0.109735     0.0546455   
0.00452968   -0.00922508  20.6902       0.0652867    0.0546455    0.12249     

Stress Spherical
0            0            0             0            0            0           
0            0            0             0            0            0           
0            0            0             0            0            0           

Inertia
150.054      -56.2702     -56.2232      0.347399     0.180524     0.248885    
-56.2702     149.989      -56.2896      0.180524     0.351377     0.198432    
-56.2232     -56.2896     150.09        0.248885     0.198432     0.3503      

Bond Length
0.62008703    0.0086748717

BB bond length
0.62008703    0.0086748717

Water EE distance
0             0           

PEG EE distance
6.1174731     0.30219815  

BBB P2(x)
0.46842603    0.067829472 

BBB first bond length
0.61987895    0.009227621 

BBB second bond length
0.61981622    0.0092749909

BBB <phi**2>/<phi>**2
1.210488      0.022983301 

Time = 2000
Temperature
1.0058874     0.0078191928

Pressure
23.681656     0.07953549  

CM Mom
-1.6198794e-17 1.3086504e-17 
8.6405816e-18  2.520936e-17  
2.1927563e-17  1.7712925e-17 
4.1682373e-17  1.4176548e-17 

CM Pos
7.4981046      0.014041111   
7.492449       0.011778708   
7.49862        0.017914835   
12.984151      0.011757075   

Stress
20.6529      -0.0284084   0.0100812     0.109496     0.07669      0.046636    
-0.0284084   20.7171      0.00437013    0.07669      0.106006     0.0287932   
0.0100812    0.00437013   20.6229       0.046636     0.0287932    0.105491    

Stress Spherical
0            0            0             0            0            0           
0            0            0             0            0            0           
0            0            0             0            0            0           

Inertia
149.844      -56.1668     -56.2133      0.236171     0.0998038    0.158575    
-56.1668     149.921      -56.1896      0.0998038    0.315135     0.13826     
-56.2133     -56.1896     149.835       0.158575     0.13826      0.30327     

Bond Length
0.61509184    0.005494712 

BB bond length
0.61509184    0.005494712 

Water EE distance
0             0           

PEG EE distance
6.4715552     0.49511938  

BBB P2(x)
0.50846313    0.022067625 

BBB first bond length
0.61528782    0.0061260617

BBB second bond length
0.61567572    0.005773616 

BBB <phi**2>/<phi>**2
1.224098      0.031141432 

