Time = 1000
Temperature
   1.1372068    0.21027836

Pressure
   23.730321     1.0120982

CM Mom
1.3576605e-18  2.8384686e-17 
9.5317064e-17  3.0112367e-17 
-1.0067152e-16 2.4381702e-16 
2.4315549e-16  1.4579619e-16 

CM Pos
7.4961895      0.013848952   
7.4961802      0.018678172   
7.4971954      0.021156016   
12.984379      0.020142319   

Stress
20.2186      0.0020852    -0.0433343    0.389366     0.0844954    0.0785885   
0.0020852    20.4042      -0.0152938    0.0844954    0.395491     0.0949965   
-0.0433343   -0.0152938   20.3677       0.0785885    0.0949965    0.423459    

Stress Spherical
0            0            0             0            0            0           
0            0            0             0            0            0           
0            0            0             0            0            0           

Inertia
150.038      -56.1596     -56.1985      0.985901     0.152788     0.269076    
-56.1596     150.044      -56.2163      0.152788     1.13686      0.249442    
-56.1985     -56.2163     150.013       0.269076     0.249442     1.20189     

Bond Length
0.62118149    0.0093085364

BB bond length
0.62118149    0.0093085364

Water EE distance
0             0           

PEG EE distance
7.0218341     0.18062598  

BBB P2(x)
0.48670666    0.075013514 

BBB first bond length
0.62127521    0.0094794043

BBB second bond length
0.62124021    0.0094007997

BBB <phi**2>/<phi>**2
1.2211788     0.018017122 

Time = 2000
Temperature
1.013385      0.0073331249

Pressure
23.027443     0.069235398 

CM Mom
4.7919007e-18  1.6858314e-17 
1.0787432e-16  2.5462571e-17 
3.8330117e-17  4.8180862e-17 
1.2514994e-16  2.6841444e-17 

CM Pos
7.5007976      0.010135305   
7.5059909      0.011084944   
7.5001684      0.012181826   
12.994407      0.011846464   

Stress
19.9865      -0.0411525   -0.0394022    0.149654     0.0652074    0.0690946   
-0.0411525   20.0208      0.000827873   0.0652074    0.0701568    0.0627661   
-0.0394022   0.000827873  19.9852       0.0690946    0.0627661    0.110594    

Stress Spherical
0            0            0             0            0            0           
0            0            0             0            0            0           
0            0            0             0            0            0           

Inertia
149.948      -56.2806     -56.2872      0.266652     0.119899     0.0901534   
-56.2806     149.88       -56.2987      0.119899     0.22925      0.16995     
-56.2872     -56.2987     149.977       0.0901534    0.16995      0.275307    

Bond Length
0.61964902    0.0024041691

BB bond length
0.61964902    0.0024041691

Water EE distance
0             0           

PEG EE distance
7.1920266     0.1547755   

BBB P2(x)
0.5232264     0.01474063  

BBB first bond length
0.6197967     0.0025011668

BBB second bond length
0.61988254    0.0024362123

BBB <phi**2>/<phi>**2
1.2296944     0.0086263038

