Time = 1000
Temperature
   1.1079678    0.15772586

Pressure
   23.764962    0.81164067

CM Mom
5.3774646e-17  1.6360892e-17 
-3.090659e-17  2.2976812e-17 
9.2544173e-18  3.3501155e-16 
2.6924883e-16  2.1086961e-16 

CM Pos
7.4960207      0.011415267   
7.4987583      0.011662585   
7.4985249      0.018605494   
12.986529      0.01590303    

Stress
20.4608      0.0447548    0.00476469    0.395492     0.0707389    0.085792    
0.0447548    20.3811      -0.010306     0.0707389    0.312159     0.0721909   
0.00476469   -0.010306    20.4822       0.085792     0.0721909    0.347664    

Stress Spherical
0            0            0             0            0            0           
0            0            0             0            0            0           
0            0            0             0            0            0           

Inertia
150.088      -56.1731     -56.2279      1.53313      0.209005     0.173501    
-56.1731     150.034      -56.202       0.209005     1.40398      0.174177    
-56.2279     -56.202      150.058       0.173501     0.174177     1.43736     

Bond Length
0.62061599    0.0063016935

BB bond length
0.62061599    0.0063016935

Water EE distance
0             0           

PEG EE distance
7.1215665     0.13048481  

BBB P2(x)
0.48371197    0.062288586 

BBB first bond length
0.62059501    0.0065398503

BBB second bond length
0.62066848    0.0062753467

BBB <phi**2>/<phi>**2
1.2250694     0.01476558  

Time = 2000
Temperature
1.0119753     0.0092350804

Pressure
23.198675     0.095167046 

CM Mom
4.3048558e-17  2.0635391e-17 
-3.4624423e-17 1.4116122e-17 
-6.4655632e-17 6.3729569e-17 
1.0054832e-16  4.2531836e-17 

CM Pos
7.4961688      0.010815883   
7.4923873      0.014062982   
7.5045996      0.01704838    
12.986442      0.018884418   

Stress
20.167       0.0324725    -0.012974     0.177299     0.0742632    0.0630199   
0.0324725    20.1022      -0.00399838   0.0742632    0.117989     0.0846914   
-0.012974    -0.00399838  20.2199       0.0630199    0.0846914    0.0880353   

Stress Spherical
0            0            0             0            0            0           
0            0            0             0            0            0           
0            0            0             0            0            0           

Inertia
149.836      -56.1176     -56.2585      0.346657     0.114838     0.183934    
-56.1176     149.89       -56.2344      0.114838     0.328854     0.210839    
-56.2585     -56.2344     149.72        0.183934     0.210839     0.377643    

Bond Length
0.61803812    0.0012468073

BB bond length
0.61803812    0.0012468073

Water EE distance
0             0           

PEG EE distance
7.1848219     0.1046138   

BBB P2(x)
0.5128929     0.0094977983

BBB first bond length
0.61792723    0.0013278453

BBB second bond length
0.61817495    0.0013407184

BBB <phi**2>/<phi>**2
1.2292647     0.010925182 

