Time = 1000
Temperature
   1.1553541    0.24104375

Pressure
   23.865279     1.1164629

CM Mom
-6.1484276e-17 2.4650317e-17 
-2.5862427e-17 3.0217506e-17 
-1.0287661e-16 2.6840842e-16 
2.2227861e-16  1.9796165e-16 

CM Pos
7.5031388      0.022048269   
7.5027273      0.02454626    
7.5101226      0.018332741   
12.999626      0.033215334   

Stress
20.4377      0.00516106   -0.011033     0.428654     0.0630979    0.0856117   
0.00516106   20.3613      -0.0199548    0.0630979    0.382268     0.0439598   
-0.011033    -0.0199548   20.4018       0.0856117    0.0439598    0.423714    

Stress Spherical
0            0            0             0            0            0           
0            0            0             0            0            0           
0            0            0             0            0            0           

Inertia
150.334      -56.2845     -56.3355      1.94375      0.290876     0.269918    
-56.2845     150.352      -56.2824      0.290876     1.86846      0.28464     
-56.3355     -56.2824     150.229       0.269918     0.28464      1.98876     

Bond Length
0.62013255    0.010102627 

BB bond length
0.62013255    0.010102627 

Water EE distance
0             0           

PEG EE distance
7.2229262     0.15668766  

BBB P2(x)
0.47654163    0.063245252 

BBB first bond length
0.62017764    0.01029114  

BBB second bond length
0.62033457    0.0099169856

BBB <phi**2>/<phi>**2
1.2200474     0.013373751 

Time = 2000
Temperature
1.0086604     0.0063052726

Pressure
23.169846     0.069006731 

CM Mom
-7.3996496e-17 2.3528674e-17 
-5.4592684e-17 1.2891643e-17 
-2.519308e-17  2.4358691e-17 
9.973109e-17   2.13865e-17   

CM Pos
7.507881       0.018627453   
7.5031719      0.014556806   
7.5022684      0.0071701069  
12.998093      0.0098231123  

Stress
20.0799      -0.0178237   0.0151179     0.143604     0.0766522    0.0304154   
-0.0178237   20.1197      0.00528716    0.0766522    0.0640565    0.0948951   
0.0151179    0.00528716   20.2347       0.0304154    0.0948951    0.0762415   

Stress Spherical
0            0            0             0            0            0           
0            0            0             0            0            0           
0            0            0             0            0            0           

Inertia
149.956      -56.32       -56.3329      0.227914     0.0986053    0.123625    
-56.32       150.038      -56.2846      0.0986053    0.323011     0.0768135   
-56.3329     -56.2846     150.028       0.123625     0.0768135    0.265844    

Bond Length
0.6159828     0.0019114792

BB bond length
0.6159828     0.0019114792

Water EE distance
0             0           

PEG EE distance
7.366408      0.11376034  

BBB P2(x)
0.51265096    0.007032859 

BBB first bond length
0.61593724    0.001950258 

BBB second bond length
0.61615487    0.0020033755

BBB <phi**2>/<phi>**2
1.2242853     0.0081666229

