Time = 1000
Temperature
   1.0453606   0.058685029

Pressure
   23.654747    0.24491237

CM Mom
4.3633849e-17  3.0455218e-17 
1.5620054e-17  2.0738696e-17 
1.6844508e-17  9.8484281e-17 
1.1178381e-16  3.1508478e-17 

CM Pos
7.5101811      0.019508992   
7.4990825      0.015853449   
7.5072435      0.024380496   
12.999956      0.011698594   

Stress
20.4546      0.0251209    -0.0142457    0.110267     0.112042     0.0356815   
0.0251209    20.5695      -0.0150993    0.112042     0.145344     0.0721127   
-0.0142457   -0.0150993   20.5365       0.0356815    0.0721127    0.174204    

Stress Spherical
0            0            0             0            0            0           
0            0            0             0            0            0           
0            0            0             0            0            0           

Inertia
150.086      -56.3133     -56.381       0.45634      0.208855     0.189543    
-56.3133     150.273      -56.3211      0.208855     0.716125     0.17233     
-56.381      -56.3211     150.138       0.189543     0.17233      1.07303     

Bond Length
0.61960591    0.0048574225

BB bond length
0.61960591    0.0048574225

Water EE distance
0             0           

PEG EE distance
7.7823454     0.25048643  

BBB P2(x)
0.48003829    0.055651822 

BBB first bond length
0.61947711    0.0050381479

BBB second bond length
0.61983281    0.0049926895

BBB <phi**2>/<phi>**2
1.2161893     0.014312074 

Time = 2000
Temperature
1.0116456     0.0075647329

Pressure
23.50723      0.084090781 

CM Mom
5.6482871e-17  2.6775732e-17 
-1.6457658e-17 1.6290057e-17 
-1.0727859e-18 1.270746e-17  
6.3457508e-17  2.4067615e-17 

CM Pos
7.4990645      0.01512221    
7.5002683      0.0092516719  
7.5093186      0.0090597076  
12.995389      0.011121185   

Stress
20.4527      0.0405982    -0.012175     0.100926     0.0503181    0.077911    
0.0405982    20.4753      -0.0193369    0.0503181    0.123543     0.0917894   
-0.012175    -0.0193369   20.4934       0.077911     0.0917894    0.101773    

Stress Spherical
0            0            0             0            0            0           
0            0            0             0            0            0           
0            0            0             0            0            0           

Inertia
150.046      -56.2325     -56.3132      0.292787     0.174904     0.142334    
-56.2325     150.046      -56.3346      0.174904     0.305667     0.134714    
-56.3132     -56.3346     149.893       0.142334     0.134714     0.405019    

Bond Length
0.6186901     0.0024844958

BB bond length
0.6186901     0.0024844958

Water EE distance
0             0           

PEG EE distance
7.9426296     0.14578356  

BBB P2(x)
0.51418613    0.016951978 

BBB first bond length
0.61870456    0.002564127 

BBB second bond length
0.61842882    0.0026489788

BBB <phi**2>/<phi>**2
1.2286556     0.015132207 

