Time = 1000
Temperature
   1.1603284    0.16879988

Pressure
   24.091799     1.0561475

CM Mom
4.5598859e-18  1.6729727e-17 
-1.3984024e-17 3.9127372e-17 
8.4760857e-17  4.4739168e-16 
3.4378623e-16  3.0196345e-16 

CM Pos
9.9950547      0.020387899   
10.000451      0.016332824   
10.000935      0.026699155   
17.31849       0.01143399    

Stress
20.6481      0.0203786    0.00868636    0.595943     0.0549596    0.0542893   
0.0203786    20.6322      0.0293273     0.0549596    0.601403     0.0396078   
0.00868636   0.0293273    20.5534       0.0542893    0.0396078    0.611046    

Stress Spherical
0            0            0             0            0            0           
0            0            0             0            0            0           
0            0            0             0            0            0           

Inertia
266.972      -99.8997     -99.9416      4.10368      0.374857     0.18189     
-99.8997     266.869      -99.9931      0.374857     3.8749       0.26389     
-99.9416     -99.9931     266.849       0.18189      0.26389      3.24        

Bond Length
0.62328339    0.0073138756

BB bond length
0.62328339    0.0073138756

Water EE distance
0             0           

PEG EE distance
5.9035927     0.33329585  

BBB P2(x)
0.087158086   0.016190788 

BBB first bond length
0.62334502    0.0074439818

BBB second bond length
0.62328938    0.0071033469

BBB <phi**2>/<phi>**2
1.1222362     0.0048203243

Time = 2000
Temperature
1.0134619     0.0078909579

Pressure
23.188705     0.056301816 

CM Mom
-1.3611474e-18 1.0432524e-17 
-1.8967756e-17 1.6773243e-17 
-5.1503323e-17 6.0316404e-17 
7.482353e-17   3.7998789e-17 

CM Pos
10.000055      0.01222656    
9.9974505      0.01054883    
9.9947674      0.012965245   
17.316056      0.010714398   

Stress
20.1405      -0.00780158  0.000576782   0.0680545    0.0374954    0.051178    
-0.00780158  20.1728      0.00112091    0.0374954    0.0979713    0.0256601   
0.000576782  0.00112091   20.1328       0.051178     0.0256601    0.0900429   

Stress Spherical
0            0            0             0            0            0           
0            0            0             0            0            0           
0            0            0             0            0            0           

Inertia
266.415      -99.9457     -99.9399      1.50351      0.150372     0.181252    
-99.9457     266.467      -99.879       0.150372     1.38238      0.195867    
-99.9399     -99.879      266.529       0.181252     0.195867     1.30748     

Bond Length
0.62251845    0.0010648157

BB bond length
0.62251845    0.0010648157

Water EE distance
0             0           

PEG EE distance
5.4456735     0.082881612 

BBB P2(x)
0.080945592   0.0081657061

BBB first bond length
0.62269406    0.0012370729

BBB second bond length
0.62265861    0.00098809326

BBB <phi**2>/<phi>**2
1.1198049     0.0034692616

Time = 3000
Temperature
1.010453      0.007072658 

Pressure
23.111373     0.06442653  

CM Mom
8.8562921e-19  1.3548166e-17 
-1.4930434e-17 1.7715403e-17 
-2.0095236e-18 5.4999529e-17 
4.6178827e-17  4.0219309e-17 

CM Pos
9.9988052      0.010062183   
10.000284      0.011324941   
9.9981012      0.013480063   
17.318896      0.0084749703  

Stress
20.0981      -0.0171153   0.00376175    0.0498418    0.042308     0.0522449   
-0.0171153   20.0636      -0.00746586   0.042308     0.0829934    0.0412769   
0.00376175   -0.00746586  20.0794       0.0522449    0.0412769    0.113478    

Stress Spherical
0            0            0             0            0            0           
0            0            0             0            0            0           
0            0            0             0            0            0           

Inertia
266.528      -99.9427     -99.9571      0.55893      0.126626     0.198354    
-99.9427     266.506      -99.9914      0.126626     0.753611     0.0734631   
-99.9571     -99.9914     266.55        0.198354     0.0734631    0.642299    

Bond Length
0.62375562    0.00067094688

BB bond length
0.62375562    0.00067094688

Water EE distance
0             0           

PEG EE distance
5.2737781     0.13191152  

BBB P2(x)
0.076168459   0.0076153959

BBB first bond length
0.62388589    0.00075299749

BBB second bond length
0.62388114    0.00082185804

BBB <phi**2>/<phi>**2
1.1187663     0.0028861652

Time = 4000
Temperature
1.0116336     0.0051310015

Pressure
23.088874     0.058246524 

CM Mom
-1.2664168e-17 2.0398004e-17 
-2.3494562e-17 1.6946434e-17 
-3.0817167e-17 2.9111391e-17 
5.304638e-17   1.9972187e-17 

CM Pos
10.002556      0.0083929268  
10.004118      0.012440294   
9.999018       0.0075787842  
17.3238        0.009165997   

Stress
20.0985      0.0150437    0.00673522    0.0647234    0.0403548    0.0517933   
0.0150437    20.0481      -0.00203743   0.0403548    0.0724137    0.0464419   
0.00673522   -0.00203743  20.0164       0.0517933    0.0464419    0.0908119   

Stress Spherical
0            0            0             0            0            0           
0            0            0             0            0            0           
0            0            0             0            0            0           

Inertia
266.658      -100.038     -99.9907      0.380415     0.128391     0.138899    
-100.038     266.635      -99.9907      0.128391     0.357125     0.165637    
-99.9907     -99.9907     266.744       0.138899     0.165637     0.328681    

Bond Length
0.62330092    0.00094069844

BB bond length
0.62330092    0.00094069844

Water EE distance
0             0           

PEG EE distance
5.1210069     0.023792891 

BBB P2(x)
0.07452692    0.0079432227

BBB first bond length
0.6234908     0.00096710303

BBB second bond length
0.62325882    0.0009640535

BBB <phi**2>/<phi>**2
1.1183071     0.0040866545

Time = 5000
Temperature
1.0098964     0.0044843321

Pressure
23.091602     0.040305871 

CM Mom
-2.6863354e-17 1.8743018e-17 
-9.4326393e-18 1.5195317e-17 
-1.0208967e-17 9.687178e-18  
3.6690817e-17  1.5641648e-17 

CM Pos
10.001389      0.01096501    
9.9978672      0.0080740267  
10.006769      0.01311016    
17.323994      0.011190404   

Stress
20.0906      -0.0134815   -0.00261396   0.0731889    0.0440283    0.0491237   
-0.0134815   20.0731      0.0202854     0.0440283    0.0477659    0.0334513   
-0.00261396  0.0202854    20.0232       0.0491237    0.0334513    0.0733724   

Stress Spherical
0            0            0             0            0            0           
0            0            0             0            0            0           
0            0            0             0            0            0           

Inertia
266.718      -99.9885     -100.1        0.392052     0.102102     0.167823    
-99.9885     266.789      -100.035      0.102102     0.366706     0.190437    
-100.1       -100.035     266.613       0.167823     0.190437     0.20742     

Bond Length
0.62391228    0.0012077193

BB bond length
0.62391228    0.0012077193

Water EE distance
0             0           

PEG EE distance
5.0001234     0.066614284 

BBB P2(x)
0.072728904   0.0068758937

BBB first bond length
0.62405746    0.0011579827

BBB second bond length
0.62412415    0.0012019536

BBB <phi**2>/<phi>**2
1.1163945     0.0025315137

Time = 6000
Temperature
1.0098309     0.0044422197

Pressure
23.07292      0.06110649  

CM Mom
-2.7514997e-17 2.2042878e-17 
-2.6708019e-17 1.6370945e-17 
-1.7166049e-17 2.7884997e-17 
5.4714175e-17  1.740388e-17  

CM Pos
9.9952214      0.0088615222  
9.9972005      0.011243996   
10.003185      0.014943653   
17.317982      0.010901405   

Stress
20.0505      -0.00510929  0.0156323     0.056713     0.0421084    0.0351308   
-0.00510929  20.0332      -0.00301555   0.0421084    0.0784057    0.0443876   
0.0156323    -0.00301555  20.0478       0.0351308    0.0443876    0.103457    

Stress Spherical
0            0            0             0            0            0           
0            0            0             0            0            0           
0            0            0             0            0            0           

Inertia
266.663      -99.9315     -99.9736      0.321343     0.173317     0.222025    
-99.9315     266.619      -99.982       0.173317     0.369649     0.19764     
-99.9736     -99.982      266.512       0.222025     0.19764      0.280496    

Bond Length
0.62406895    0.00046572013

BB bond length
0.62406895    0.00046572013

Water EE distance
0             0           

PEG EE distance
5.0541373     0.07226758  

BBB P2(x)
0.079730036   0.0070834778

BBB first bond length
0.62425975    0.00047504888

BBB second bond length
0.62419108    0.00045243719

BBB <phi**2>/<phi>**2
1.1202903     0.0036714633

Time = 7000
Temperature
1.009928      0.0048942432

Pressure
23.05839      0.037153851 

CM Mom
-3.901395e-17  1.1927708e-17 
-7.0302096e-18 1.1796848e-17 
-2.7570024e-17 2.3296808e-17 
5.4438668e-17  1.3864593e-17 

CM Pos
10.002139      0.0078520253  
9.9988673      0.010343023   
9.9946841      0.011508984   
17.318028      0.007474776   

Stress
20.0295      0.00820518   -0.00596149   0.0680358    0.0262874    0.0518948   
0.00820518   20.0414      -0.0287735    0.0262874    0.0448944    0.0426846   
-0.00596149  -0.0287735   20.0161       0.0518948    0.0426846    0.0838553   

Stress Spherical
0            0            0             0            0            0           
0            0            0             0            0            0           
0            0            0             0            0            0           

Inertia
266.506      -100.048     -99.9867      0.341193     0.100527     0.14638     
-100.048     266.559      -99.9394      0.100527     0.256976     0.174344    
-99.9867     -99.9394     266.654       0.14638      0.174344     0.18678     

Bond Length
0.62445842    0.0010443728

BB bond length
0.62445842    0.0010443728

Water EE distance
0             0           

PEG EE distance
4.9659745     0.10011477  

BBB P2(x)
0.076037198   0.0048183593

BBB first bond length
0.62448839    0.0010928446

BBB second bond length
0.62463204    0.0011508202

BBB <phi**2>/<phi>**2
1.11847       0.0016736364

Time = 8000
Temperature
1.0129429     0.0070214486

Pressure
23.089516     0.055087423 

CM Mom
-3.6752051e-17 2.8479109e-17 
-4.1453508e-18 1.4155257e-17 
-2.5412018e-17 1.2032918e-17 
5.5000383e-17  1.2035273e-17 

CM Pos
10.000055      0.016526669   
9.9954502      0.0083941681  
10.005685      0.0080757472  
17.321205      0.011642279   

Stress
20.0622      -0.0205466   -0.000874246  0.0635963    0.034997     0.0579705   
-0.0205466   20.042       -0.0246057    0.034997     0.0813577    0.0623129   
-0.000874246 -0.0246057   20.049        0.0579705    0.0623129    0.0567548   

Stress Spherical
0            0            0             0            0            0           
0            0            0             0            0            0           
0            0            0             0            0            0           

Inertia
266.682      -99.9725     -100.002      0.270405     0.215986     0.178424    
-99.9725     266.776      -100.016      0.215986     0.33284      0.171634    
-100.002     -100.016     266.575       0.178424     0.171634     0.398486    

Bond Length
0.62446345    0.0009267456

BB bond length
0.62446345    0.0009267456

Water EE distance
0             0           

PEG EE distance
5.0473649     0.056586508 

BBB P2(x)
0.07263117    0.010958964 

BBB first bond length
0.62460772    0.0010199792

BBB second bond length
0.62459906    0.00085960248

BBB <phi**2>/<phi>**2
1.1179532     0.0036749285

Time = 9000
Temperature
1.0099164     0.0039729152

Pressure
23.088813     0.052352736 

CM Mom
-5.3379257e-17 1.6871555e-17 
3.9461218e-18  1.4366592e-17 
-1.480575e-17  2.200482e-17  
6.1445492e-17  1.6847523e-17 

CM Pos
9.9997219      0.014704682   
10.000368      0.010072188   
9.9989346      0.008564559   
17.319953      0.0093755261  

Stress
20.0354      0.00771434   -0.0110302    0.0872745    0.0754672    0.050382    
0.00771434   20.0781      -0.0159789    0.0754672    0.0801067    0.0253915   
-0.0110302   -0.0159789   20.0649       0.050382     0.0253915    0.0571298   

Stress Spherical
0            0            0             0            0            0           
0            0            0             0            0            0           
0            0            0             0            0            0           

Inertia
266.653      -99.9814     -100.013      0.246234     0.181529     0.16252     
-99.9814     266.634      -99.9701      0.181529     0.27865      0.163584    
-100.013     -99.9701     266.647       0.16252      0.163584     0.365852    

Bond Length
0.62405958    0.00097673841

BB bond length
0.62405958    0.00097673841

Water EE distance
0             0           

PEG EE distance
5.0354338     0.071872058 

BBB P2(x)
0.075013916   0.0069756146

BBB first bond length
0.6241616     0.0012468317

BBB second bond length
0.62414151    0.0010760656

BBB <phi**2>/<phi>**2
1.1191551     0.002110995 

Time = 10000
Temperature
1.0104067     0.0042418644

Pressure
23.068934     0.042194188 

CM Mom
-5.8137099e-17 1.8645909e-17 
2.8704183e-17  1.6956173e-17 
-1.5861287e-17 1.8162551e-17 
7.1751808e-17  1.6497603e-17 

CM Pos
9.9962215      0.0055164498  
10.001201      0.017534899   
10.000768      0.01439605    
17.319477      0.0097610182  

Stress
20.0089      -0.00438286  -0.0208463    0.0695865    0.0332081    0.0354973   
-0.00438286  20.0458      -0.013781     0.0332081    0.0533193    0.0463552   
-0.0208463   -0.013781    20.0596       0.0354973    0.0463552    0.0483382   

Stress Spherical
0            0            0             0            0            0           
0            0            0             0            0            0           
0            0            0             0            0            0           

Inertia
266.716      -99.9523     -100.001      0.282651     0.262384     0.15137     
-99.9523     266.609      -100.054      0.262384     0.332493     0.207439    
-100.001     -100.054     266.619       0.15137      0.207439     0.354202    

Bond Length
0.62469514    0.0013503034

BB bond length
0.62469514    0.0013503034

Water EE distance
0             0           

PEG EE distance
5.2027911     0.074150231 

BBB P2(x)
0.075803772   0.0076115624

BBB first bond length
0.62493805    0.0013953668

BBB second bond length
0.62471078    0.0014892899

BBB <phi**2>/<phi>**2
1.11793       0.0027636172

Time = 11000
Temperature
1.0133885     0.006266266 

Pressure
23.073267     0.054219111 

CM Mom
-5.9051586e-17 2.3605192e-17 
1.1285671e-17  1.0671447e-17 
-1.7989249e-17 1.2301388e-17 
6.4689004e-17  2.3996065e-17 

CM Pos
9.9981384      0.010275308   
10.000284      0.013907173   
10.001935      0.0087586313  
17.320724      0.00823554    

Stress
20.0275      0.0105124    -0.00818708   0.0560643    0.0460578    0.0739638   
0.0105124    20.0548      -0.0143196    0.0460578    0.0612123    0.037633    
-0.00818708  -0.0143196   20.0182       0.0739638    0.037633     0.0577945   

Stress Spherical
0            0            0             0            0            0           
0            0            0             0            0            0           
0            0            0             0            0            0           

Inertia
266.721      -99.9822     -99.9964      0.319433     0.157454     0.0950533   
-99.9822     266.696      -100.034      0.157454     0.211337     0.193427    
-99.9964     -100.034     266.647       0.0950533    0.193427     0.259027    

Bond Length
0.62397444    0.0014470738

BB bond length
0.62397444    0.0014470738

Water EE distance
0             0           

PEG EE distance
5.1037823     0.098802837 

BBB P2(x)
0.075465346   0.0060437916

BBB first bond length
0.62416618    0.0014671697

BBB second bond length
0.62408403    0.0014259049

BBB <phi**2>/<phi>**2
1.1190399     0.0027684428

Time = 12000
Temperature
1.0102117     0.0047246996

Pressure
23.087583     0.061403293 

CM Mom
-3.6868292e-17 1.8747803e-17 
-3.7397217e-18 2.0457554e-17 
-8.9367934e-18 1.2214288e-17 
4.7447209e-17  1.1002977e-17 

CM Pos
9.9985551      0.011734907   
10.004451      0.011495397   
9.9986846      0.010693039   
17.321492      0.012328383   

Stress
20.0384      0.00271345   -0.00615293   0.0790969    0.0631655    0.0329415   
0.00271345   20.0857      -0.0108125    0.0631655    0.106057     0.0613851   
-0.00615293  -0.0108125   20.0479       0.0329415    0.0613851    0.0636829   

Stress Spherical
0            0            0             0            0            0           
0            0            0             0            0            0           
0            0            0             0            0            0           

Inertia
266.72       -100.008     -99.9727      0.313401     0.251976     0.149985    
-100.008     266.608      -99.9987      0.251976     0.27131      0.190752    
-99.9727     -99.9987     266.717       0.149985     0.190752     0.388401    

Bond Length
0.62378389    0.001210155 

BB bond length
0.62378389    0.001210155 

Water EE distance
0             0           

PEG EE distance
5.0191814     0.048044502 

BBB P2(x)
0.074896401   0.0058498406

BBB first bond length
0.6240256     0.0012881487

BBB second bond length
0.62398571    0.0012894358

BBB <phi**2>/<phi>**2
1.1184918     0.0017760375

Time = 13000
Temperature
1.0101231     0.0062864456

Pressure
23.117706     0.077361893 

CM Mom
-4.2138231e-17 1.1860456e-17 
-3.4469795e-17 2.7109354e-17 
9.2841284e-18  1.7149069e-17 
6.2565531e-17  1.747068e-17  

CM Pos
9.9944713      0.01271204    
10.001618      0.012890021   
10.001935      0.0136144     
17.319376      0.015460535   

Stress
20.0652      0.00467468   -0.0251096    0.0776748    0.0597046    0.0736317   
0.00467468   20.1102      -0.00696516   0.0597046    0.103246     0.0399852   
-0.0251096   -0.00696516  20.0877       0.0736317    0.0399852    0.0927191   

Stress Spherical
0            0            0             0            0            0           
0            0            0             0            0            0           
0            0            0             0            0            0           

Inertia
266.733      -99.9696     -99.9106      0.333732     0.266381     0.275001    
-99.9696     266.593      -100.089      0.266381     0.467557     0.182947    
-99.9106     -100.089     266.583       0.275001     0.182947     0.462294    

Bond Length
0.62414618    0.0015286521

BB bond length
0.62414618    0.0015286521

Water EE distance
0             0           

PEG EE distance
5.1073793     0.05128856  

BBB P2(x)
0.078607668   0.0084391745

BBB first bond length
0.6242951     0.001476642 

BBB second bond length
0.62425621    0.0017124132

BBB <phi**2>/<phi>**2
1.1183089     0.0027002824

Time = 14000
Temperature
1.0091906     0.007258173 

Pressure
23.0805       0.047740271 

CM Mom
-5.8368598e-17 1.6098632e-17 
-2.6412269e-17 1.4875637e-17 
2.1460634e-17  2.3861997e-17 
7.2641505e-17  1.8387963e-17 

CM Pos
9.9942212      0.011464235   
10.001034      0.0092361273  
9.9973511      0.0068974193  
17.316246      0.0084505136  

Stress
20.0426      -0.0121851   0.0136388     0.0707423    0.0529042    0.0425777   
-0.0121851   20.057       0.00383486    0.0529042    0.0771768    0.0458559   
0.0136388    0.00383486   20.0603       0.0425777    0.0458559    0.0489124   

Stress Spherical
0            0            0             0            0            0           
0            0            0             0            0            0           
0            0            0             0            0            0           

Inertia
266.642      -99.9029     -99.9206      0.243881     0.159066     0.125492    
-99.9029     266.497      -100          0.159066     0.220114     0.112753    
-99.9206     -100         266.59        0.125492     0.112753     0.341827    

Bond Length
0.62423912    0.0013505644

BB bond length
0.62423912    0.0013505644

Water EE distance
0             0           

PEG EE distance
5.0574382     0.031581808 

BBB P2(x)
0.083350599   0.0064094159

BBB first bond length
0.62429083    0.0014446876

BBB second bond length
0.62446       0.0013364814

BBB <phi**2>/<phi>**2
1.1219824     0.0025113529

Time = 15000
Temperature
1.0108199     0.0040493096

Pressure
23.086754     0.078989448 

CM Mom
-7.9006986e-17 2.7102684e-17 
-5.6027816e-17 1.7497944e-17 
2.2129395e-17  1.3075114e-17 
1.0233443e-16  2.4703994e-17 

CM Pos
9.9958881      0.010815759   
9.9956169      0.0073114847  
10.004519      0.015596865   
17.318223      0.0092480275  

Stress
20.0675      0.0246426    0.0209821     0.0947902    0.0470483    0.0477898   
0.0246426    20.0542      -0.00991513   0.0470483    0.096619     0.0532909   
0.0209821    -0.00991513  20.0423       0.0477898    0.0532909    0.0684542   

Stress Spherical
0            0            0             0            0            0           
0            0            0             0            0            0           
0            0            0             0            0            0           

Inertia
266.668      -99.8841     -99.982       0.348766     0.217119     0.172109    
-99.8841     266.667      -99.9976      0.217119     0.200579     0.222978    
-99.982      -99.9976     266.493       0.172109     0.222978     0.321112    

Bond Length
0.62449531    0.00076860868

BB bond length
0.62449531    0.00076860868

Water EE distance
0             0           

PEG EE distance
5.131129      0.034768617 

BBB P2(x)
0.075209883   0.0086612323

BBB first bond length
0.62464286    0.00071775278

BBB second bond length
0.62461614    0.00086162665

BBB <phi**2>/<phi>**2
1.1179195     0.0029177392

Time = 16000
Temperature
1.0132181     0.0043269921

Pressure
23.0988       0.052072286 

CM Mom
-6.8441546e-17 9.9128129e-18 
-3.3497187e-17 2.0803872e-17 
3.0591162e-17  2.6390726e-17 
8.799357e-17   1.5059647e-17 

CM Pos
9.9942212      0.0054275918  
10.000868      0.0087288406  
9.9994347      0.018343958   
17.317353      0.01488722    

Stress
20.0699      -0.0267835   -0.0133894    0.0653403    0.0251592    0.046178    
-0.0267835   20.0486      0.0118992     0.0251592    0.0801125    0.0476937   
-0.0133894   0.0118992    20.0601       0.046178     0.0476937    0.0714289   

Stress Spherical
0            0            0             0            0            0           
0            0            0             0            0            0           
0            0            0             0            0            0           

Inertia
266.677      -99.9208     -99.9239      0.473972     0.202889     0.213435    
-99.9208     266.55       -99.9915      0.202889     0.418064     0.273917    
-99.9239     -99.9915     266.566       0.213435     0.273917     0.21677     

Bond Length
0.62357927    0.0008986681

BB bond length
0.62357927    0.0008986681

Water EE distance
0             0           

PEG EE distance
5.0829015     0.046423544 

BBB P2(x)
0.079822639   0.0060193447

BBB first bond length
0.62370663    0.0010447366

BBB second bond length
0.62372502    0.0010129915

BBB <phi**2>/<phi>**2
1.119754      0.0025573219

Time = 17000
Temperature
1.0082535     0.0056975534

Pressure
23.077818     0.04094319  

CM Mom
-7.3231948e-17 2.1839114e-17 
-4.2511937e-17 1.0612705e-17 
1.6643861e-19  1.7645317e-17 
8.7502031e-17  2.0360227e-17 

CM Pos
9.9981384      0.015094195   
9.9957836      0.012900794   
10.001018      0.010134066   
17.317595      0.014538444   

Stress
20.0481      0.0278905    0.00709644    0.0692946    0.0577293    0.0256318   
0.0278905    20.076       0.00656735    0.0577293    0.0802853    0.0433678   
0.00709644   0.00656735   20.0362       0.0256318    0.0433678    0.0793249   

Stress Spherical
0            0            0             0            0            0           
0            0            0             0            0            0           
0            0            0             0            0            0           

Inertia
266.583      -99.9075     -99.9942      0.364887     0.270324     0.233054    
-99.9075     266.63       -99.9731      0.270324     0.348502     0.235878    
-99.9942     -99.9731     266.523       0.233054     0.235878     0.455074    

Bond Length
0.62370608    0.00097887628

BB bond length
0.62370608    0.00097887628

Water EE distance
0             0           

PEG EE distance
5.0396011     0.067897281 

BBB P2(x)
0.075032698   0.0099892568

BBB first bond length
0.62389727    0.00091629109

BBB second bond length
0.62385285    0.00094149384

BBB <phi**2>/<phi>**2
1.1172575     0.004064379 

Time = 18000
Temperature
1.0114293     0.0031492812

Pressure
23.12486      0.049107833 

CM Mom
-6.8469276e-17 1.465344e-17  
-2.4186456e-17 9.3766094e-18 
1.2831619e-17  1.3918432e-17 
7.5854801e-17  1.341987e-17  

CM Pos
9.9952214      0.011089731   
10.001368      0.0067713913  
10.002518      0.0069034591  
17.319999      0.005741846   

Stress
20.1125      0.0350024    -0.00547509   0.0710002    0.0376624    0.0326573   
0.0350024    20.0855      0.00335145    0.0376624    0.0782709    0.0360965   
-0.00547509  0.00335145   20.0749       0.0326573    0.0360965    0.0991385   

Stress Spherical
0            0            0             0            0            0           
0            0            0             0            0            0           
0            0            0             0            0            0           

Inertia
266.753      -99.9508     -99.9982      0.242096     0.123961     0.0873215   
-99.9508     266.622      -100.055      0.123961     0.134909     0.144687    
-99.9982     -100.055     266.596       0.0873215    0.144687     0.194648    

Bond Length
0.62331463    0.001216817 

BB bond length
0.62331463    0.001216817 

Water EE distance
0             0           

PEG EE distance
4.9763432     0.096555191 

BBB P2(x)
0.075035572   0.0095118843

BBB first bond length
0.6234706     0.0011439846

BBB second bond length
0.62333578    0.0011661621

BBB <phi**2>/<phi>**2
1.1178256     0.0053080897

Time = 19000
Temperature
1.0114538     0.0049102812

Pressure
23.076895     0.076656402 

CM Mom
-6.679983e-17  1.4792615e-17 
-2.9525851e-17 6.8180605e-18 
2.9785918e-17  1.6867413e-17 
8.0932828e-17  1.4862314e-17 

CM Pos
10.000722      0.012553959   
9.9989507      0.010082872   
10.001102      0.013073019   
17.320964      0.01071109    

Stress
20.0355      0.00151852   0.0159362     0.0842002    0.0321497    0.0465026   
0.00151852   20.0378      -0.0026034    0.0321497    0.0889331    0.0304359   
0.0159362    -0.0026034   20.0554       0.0465026    0.0304359    0.0907355   

Stress Spherical
0            0            0             0            0            0           
0            0            0             0            0            0           
0            0            0             0            0            0           

Inertia
266.691      -99.9614     -100.028      0.234131     0.180418     0.253505    
-99.9614     266.698      -99.9681      0.180418     0.352257     0.146295    
-100.028     -99.9681     266.67        0.253505     0.146295     0.282787    

Bond Length
0.62458679    0.00089151639

BB bond length
0.62458679    0.00089151639

Water EE distance
0             0           

PEG EE distance
5.0491791     0.063256675 

BBB P2(x)
0.078582112   0.0050695585

BBB first bond length
0.62478536    0.0009679728

BBB second bond length
0.6248182     0.00096971905

BBB <phi**2>/<phi>**2
1.119121      0.002696399 

Time = 20000
Temperature
1.0126348     0.0043950947

Pressure
23.113451     0.060478103 

CM Mom
-6.8481797e-17 2.2290443e-17 
-2.220446e-17  1.6579336e-17 
3.7821931e-17  2.1532077e-17 
8.6267518e-17  2.016375e-17  

CM Pos
9.9976383      0.007828991   
9.9987006      0.013756769   
10.001352      0.013180176   
17.319184      0.010778007   

Stress
20.0745      -0.00379512  0.0104695     0.0787674    0.0426092    0.0384208   
-0.00379512  20.0496      0.0282969     0.0426092    0.0691714    0.0523217   
0.0104695    0.0282969    20.1037       0.0384208    0.0523217    0.0883026   

Stress Spherical
0            0            0             0            0            0           
0            0            0             0            0            0           
0            0            0             0            0            0           

Inertia
266.675      -99.9681     -99.9738      0.378675     0.173137     0.183546    
-99.9681     266.641      -99.9839      0.173137     0.363302     0.206035    
-99.9738     -99.9839     266.576       0.183546     0.206035     0.290537    

Bond Length
0.62412112    0.0011963445

BB bond length
0.62412112    0.0011963445

Water EE distance
0             0           

PEG EE distance
4.9918433     0.053208967 

BBB P2(x)
0.075634949   0.0060615862

BBB first bond length
0.62430652    0.0010634611

BBB second bond length
0.62439878    0.0012867993

BBB <phi**2>/<phi>**2
1.1188178     0.0019889622

Time = 21000
Temperature
1.0112867     0.0033867245

Pressure
23.045333     0.063024185 

CM Mom
-6.8774192e-17 1.1285491e-17 
-4.1656959e-17 1.2451776e-17 
5.3988278e-17  1.5961148e-17 
9.9060046e-17  1.0207862e-17 

CM Pos
10.004556      0.0083929268  
10.000451      0.011398305   
10.004519      0.0048604487  
17.326013      0.0070291728  

Stress
20.0197      0.0107518    -0.0215816    0.0901285    0.0525382    0.0501682   
0.0107518    20.0381      -0.0009784    0.0525382    0.0760298    0.0436254   
-0.0215816   -0.0009784   19.9778       0.0501682    0.0436254    0.0605588   

Stress Spherical
0            0            0             0            0            0           
0            0            0             0            0            0           
0            0            0             0            0            0           

Inertia
266.768      -100.016     -100.088      0.243283     0.147383     0.130585    
-100.016     266.833      -100.033      0.147383     0.18475      0.129629    
-100.088     -100.033     266.752       0.130585     0.129629     0.255719    

Bond Length
0.62460732    0.0010630087

BB bond length
0.62460732    0.0010630087

Water EE distance
0             0           

PEG EE distance
4.9496469     0.054884827 

BBB P2(x)
0.069517384   0.0055539485

BBB first bond length
0.62478724    0.0010644976

BBB second bond length
0.62474652    0.0010256691

BBB <phi**2>/<phi>**2
1.1167353     0.002262076 

Time = 22000
Temperature
1.0124099     0.0057307185

Pressure
23.083027     0.04438077  

CM Mom
-7.6911669e-17 1.0570359e-17 
-5.0819526e-17 2.1205274e-17 
4.4293027e-17  1.5960901e-17 
1.0546411e-16  1.2384247e-17 

CM Pos
10.001055      0.010823463   
9.9982006      0.012553959   
9.999268       0.0066382657  
17.319663      0.0078239948  

Stress
20.0216      -0.0116287   -0.027177     0.0597232    0.0547639    0.0374641   
-0.0116287   20.0748      0.00865657    0.0547639    0.0734369    0.0585356   
-0.027177    0.00865657   20.0421       0.0374641    0.0585356    0.0825892   

Stress Spherical
0            0            0             0            0            0           
0            0            0             0            0            0           
0            0            0             0            0            0           

Inertia
266.614      -100.047     -99.9994      0.295634     0.173687     0.130336    
-100.047     266.661      -99.9921      0.173687     0.245149     0.123264    
-99.9994     -99.9921     266.634       0.130336     0.123264     0.283519    

Bond Length
0.62420445    0.0011211698

BB bond length
0.62420445    0.0011211698

Water EE distance
0             0           

PEG EE distance
4.9047054     0.081196227 

BBB P2(x)
0.077828621   0.0051974817

BBB first bond length
0.62428724    0.0011401902

BBB second bond length
0.6243471     0.0012309967

BBB <phi**2>/<phi>**2
1.1196784     0.0024578383

Time = 23000
Temperature
1.0089982     0.0040933726

Pressure
23.064935     0.045781377 

CM Mom
-7.6765905e-17 5.669119e-18  
-4.1636775e-17 1.7149405e-17 
1.8797963e-17  2.0809836e-17 
9.2995277e-17  9.547642e-18  

CM Pos
10.000472      0.017237454   
9.9967837      0.010567251   
9.9977678      0.0077487281  
17.317643      0.014024227   

Stress
20.0147      0.000106147  -0.00664288   0.0659139    0.055864     0.045648    
0.000106147  20.059       -0.0234703    0.055864     0.0966918    0.0459673   
-0.00664288  -0.0234703   20.0413       0.045648     0.0459673    0.0622605   

Stress Spherical
0            0            0             0            0            0           
0            0            0             0            0            0           
0            0            0             0            0            0           

Inertia
266.553      -99.9705     -99.992       0.326633     0.204236     0.227913    
-99.9705     266.631      -99.9147      0.204236     0.424844     0.175298    
-99.992      -99.9147     266.611       0.227913     0.175298     0.358879    

Bond Length
0.62396634    0.00072698644

BB bond length
0.62396634    0.00072698644

Water EE distance
0             0           

PEG EE distance
4.822315      0.043093403 

BBB P2(x)
0.072869529   0.0078052704

BBB first bond length
0.62406164    0.00073603316

BBB second bond length
0.62412276    0.00071638644

BBB <phi**2>/<phi>**2
1.1173522     0.0030041688

Time = 24000
Temperature
1.0055666     0.0044308541

Pressure
23.061383     0.052730737 

CM Mom
-6.9762877e-17 1.3241445e-17 
-5.870587e-17  9.9244817e-18 
5.6987585e-18  1.5629144e-17 
9.3571922e-17  1.0397637e-17 

CM Pos
9.9981384      0.0088673991  
10.001201      0.014071279   
10.001768      0.0077755745  
17.321156      0.0069567886  

Stress
20.0298      -0.00546457  -0.00851415   0.0843527    0.0490878    0.0490864   
-0.00546457  20.0568      0.00694817    0.0490878    0.0721815    0.0401476   
-0.00851415  0.00694817   20.0486       0.0490864    0.0401476    0.0901146   

Stress Spherical
0            0            0             0            0            0           
0            0            0             0            0            0           
0            0            0             0            0            0           

Inertia
266.74       -100.007     -100.003      0.253021     0.200529     0.109184    
-100.007     266.652      -99.9918      0.200529     0.273138     0.207941    
-100.003     -99.9918     266.649       0.109184     0.207941     0.259098    

Bond Length
0.62412329    0.00089813799

BB bond length
0.62412329    0.00089813799

Water EE distance
0             0           

PEG EE distance
4.8473316     0.083940005 

BBB P2(x)
0.076262083   0.0066467341

BBB first bond length
0.62427894    0.00098087231

BBB second bond length
0.62433193    0.00078255027

BBB <phi**2>/<phi>**2
1.1174829     0.0029046455

Time = 25000
Temperature
1.0109745     0.0046173528

Pressure
23.104881     0.080533834 

CM Mom
-9.0906652e-17 1.8397057e-17 
-6.1129351e-17 2.471986e-17  
1.9167737e-17  1.5228968e-17 
1.1446172e-16  2.1170219e-17 

CM Pos
9.9953881      0.0079334321  
10.003618      0.0075212829  
10.002435      0.014152741   
17.321346      0.012581759   

Stress
20.0832      0.0081615    -0.00580117   0.135546     0.0488595    0.0582755   
0.0081615    20.0913      0.0187481     0.0488595    0.081512     0.0604106   
-0.00580117  0.0187481    20.0426       0.0582755    0.0604106    0.11645     

Stress Spherical
0            0            0             0            0            0           
0            0            0             0            0            0           
0            0            0             0            0            0           

Inertia
266.783      -99.9903     -99.9956      0.337484     0.124039     0.256064    
-99.9903     266.597      -100.08       0.124039     0.30091      0.203724    
-99.9956     -100.08      266.632       0.256064     0.203724     0.22027     

Bond Length
0.62383851    0.00093932418

BB bond length
0.62383851    0.00093932418

Water EE distance
0             0           

PEG EE distance
4.9140534     0.070062327 

BBB P2(x)
0.074135425   0.0073450621

BBB first bond length
0.62392441    0.0010353573

BBB second bond length
0.62385103    0.00095901356

BBB <phi**2>/<phi>**2
1.1181873     0.0032561613

Time = 26000
Temperature
1.0105641     0.0017847493

Pressure
23.122722     0.094108295 

CM Mom
-9.6659772e-17 2.4891292e-17 
-8.7511895e-17 1.9633209e-17 
1.3189363e-17  2.0926887e-17 
1.3432625e-16  2.3975706e-17 

CM Pos
9.9956381      0.010621016   
9.9997841      0.0093538278  
10.001685      0.014285858   
17.318846      0.011956509   

Stress
20.0835      -0.00389341  0.00236395    0.126685     0.0356932    0.0435663   
-0.00389341  20.1082      0.0147938     0.0356932    0.0935313    0.0516726   
0.00236395   0.0147938    20.0826       0.0435663    0.0516726    0.103274    

Stress Spherical
0            0            0             0            0            0           
0            0            0             0            0            0           
0            0            0             0            0            0           

Inertia
266.681      -99.9457     -99.9633      0.2973       0.136035     0.210174    
-99.9457     266.592      -100.038      0.136035     0.299297     0.147536    
-99.9633     -100.038     266.573       0.210174     0.147536     0.267627    

Bond Length
0.6241337     0.0012986919

BB bond length
0.6241337     0.0012986919

Water EE distance
0             0           

PEG EE distance
4.7875924     0.063219977 

BBB P2(x)
0.072043074   0.0069500539

BBB first bond length
0.62409638    0.001394298 

BBB second bond length
0.62426963    0.0012540468

BBB <phi**2>/<phi>**2
1.1182509     0.0022233413

Time = 27000
Temperature
1.0083611     0.0045500908

Pressure
23.043457     0.065313222 

CM Mom
-9.7665864e-17 1.4429591e-17 
-1.0046739e-16 1.1428472e-17 
4.9347487e-18  2.131722e-17  
1.4248081e-16  1.2212009e-17 

CM Pos
10.000305      0.0058483326  
10.003535      0.0087017422  
10.001185      0.011596767   
17.323414      0.0086555568  

Stress
20.0138      -0.0213614   -0.0167562    0.0636773    0.0400743    0.061766    
-0.0213614   19.9917      0.00339158    0.0400743    0.111807     0.052113    
-0.0167562   0.00339158   20.0507       0.061766     0.052113     0.0913234   

Stress Spherical
0            0            0             0            0            0           
0            0            0             0            0            0           
0            0            0             0            0            0           

Inertia
266.753      -100.081     -100.014      0.242599     0.152411     0.14848     
-100.081     266.701      -100.045      0.152411     0.247132     0.154426    
-100.014     -100.045     266.748       0.14848      0.154426     0.221365    

Bond Length
0.62416925    0.0011855566

BB bond length
0.62416925    0.0011855566

Water EE distance
0             0           

PEG EE distance
4.7781586     0.077835866 

BBB P2(x)
0.075875437   0.0069905332

BBB first bond length
0.62417875    0.0011356387

BBB second bond length
0.62433399    0.0011549342

BBB <phi**2>/<phi>**2
1.1187562     0.0027721283

Time = 28000
Temperature
1.0136663     0.0056994725

Pressure
23.073767     0.079291297 

CM Mom
-8.8893254e-17 1.6074796e-17 
-8.395891e-17  1.790305e-17  
1.7608141e-17  1.2192918e-17 
1.2522433e-16  1.7538778e-17 

CM Pos
9.997555       0.012765749   
10.000451      0.012469295   
10.005519      0.010365832   
17.322553      0.010081987   

Stress
20.0209      -0.0181321   0.00657224    0.116421     0.0458967    0.0357304   
-0.0181321   20.0222      0.0212932     0.0458967    0.0802591    0.0289368   
0.00657224   0.0212932    20.0563       0.0357304    0.0289368    0.062665    

Stress Spherical
0            0            0             0            0            0           
