Time = 1000
Temperature
   1.0253591   0.032890627

Pressure
   23.658974    0.12948766

CM Mom
-1.6480131e-17 1.6973503e-17 
1.3640511e-17  1.1713755e-17 
-3.7863059e-17 2.5476804e-17 
5.1245502e-17  1.8426812e-17 

CM Pos
7.5020826      0.015066161   
7.5057883      0.020623301   
7.4974897      0.019444654   
12.993506      0.017237164   

Stress
20.5648      -0.0366409   -0.0648058    0.113279     0.0838902    0.0809517   
-0.0366409   20.5784      0.0259343     0.0838902    0.0502342    0.0614828   
-0.0648058   0.0259343    20.6328       0.0809517    0.0614828    0.0955829   

Stress Spherical
0            0            0             0            0            0           
0            0            0             0            0            0           
0            0            0             0            0            0           

Inertia
150.07       -56.2795     -56.24        0.346317     0.12146      0.230313    
-56.2795     149.988      -56.2781      0.12146      0.289426     0.207133    
-56.24       -56.2781     150.127       0.230313     0.207133     0.30552     

Bond Length
0.61718709    0.0057235219

BB bond length
0.61718709    0.0057235219

Water EE distance
0             0           

PEG EE distance
7.2311891     0.60480299  

BBB P2(x)
0.46114421    0.052201795 

BBB first bond length
0.61711778    0.0061070588

BBB second bond length
0.61678572    0.0053701157

BBB <phi**2>/<phi>**2
1.2013675     0.01337293  

Time = 2000
Temperature
1.0116533     0.0053361252

Pressure
23.525199     0.10744166  

CM Mom
-2.2562162e-17 1.6887626e-17 
4.1158192e-17  2.2738994e-17 
-4.4655546e-17 3.5221929e-17 
7.3529637e-17  2.8868604e-17 

CM Pos
7.5016368      0.015697014   
7.4958328      0.011324933   
7.4983812      0.013479025   
12.987997      0.016820076   

Stress
20.4975      -0.00746501  -0.0131219    0.13293      0.0537592    0.0592777   
-0.00746501  20.5301      -0.0038012    0.0537592    0.159304     0.0688518   
-0.0131219   -0.0038012   20.4701       0.0592777    0.0688518    0.114734    

Stress Spherical
0            0            0             0            0            0           
0            0            0             0            0            0           
0            0            0             0            0            0           

Inertia
149.871      -56.2493     -56.2442      0.158532     0.143913     0.198918    
-56.2493     149.959      -56.1877      0.143913     0.406309     0.187778    
-56.2442     -56.1877     149.891       0.198918     0.187778     0.201402    

Bond Length
0.61513315    0.0060342938

BB bond length
0.61513315    0.0060342938

Water EE distance
0             0           

PEG EE distance
6.2585131     0.385585    

BBB P2(x)
0.50302356    0.023092078 

BBB first bond length
0.61564781    0.0063166142

BBB second bond length
0.61490039    0.0057454086

BBB <phi**2>/<phi>**2
1.2203548     0.02331629  

Time = 3000
Temperature
1.0147649     0.0041517727

Pressure
23.539883     0.086121859 

CM Mom
-2.1051896e-17 2.5690541e-17 
2.269771e-17   1.892288e-17  
-7.1309971e-17 2.2557633e-17 
8.5025248e-17  1.8469262e-17 

CM Pos
7.5002995      0.011108412   
7.506234       0.016921474   
7.5000157      0.010586338   
12.994182      0.0049955056  

Stress
20.4792      -0.0459221   -0.0171248    0.113925     0.0910918    0.0553357   
-0.0459221   20.522       -0.0152086    0.0910918    0.0573908    0.0685146   
-0.0171248   -0.0152086   20.5127       0.0553357    0.0685146    0.113961    

Stress Spherical
0            0            0             0            0            0           
0            0            0             0            0            0           
0            0            0             0            0            0           

Inertia
150.065      -56.282      -56.2794      0.214875     0.136689     0.106909    
-56.282      149.964      -56.3081      0.136689     0.246836     0.0925111   
-56.2794     -56.3081     150.064       0.106909     0.0925111    0.211586    

Bond Length
0.62209973    0.0057641205

BB bond length
0.62209973    0.0057641205

Water EE distance
0             0           

PEG EE distance
6.6308394     0.40132272  

BBB P2(x)
0.49624752    0.031337451 

BBB first bond length
0.6220879     0.0058319997

BBB second bond length
0.62159421    0.0050627908

BBB <phi**2>/<phi>**2
1.2078505     0.022772171 

Time = 4000
Temperature
1.0117949     0.0079446981

Pressure
23.517608     0.076895209 

CM Mom
-2.5212346e-17 1.8085638e-17 
3.5563429e-17  2.2886315e-17 
-5.4850049e-17 1.3429636e-17 
7.6437047e-17  9.8769668e-18 

CM Pos
7.4967334      0.0093516309  
7.5004391      0.014679452   
7.4933292      0.0093042925  
12.98491       0.0087215067  

Stress
20.476       0.00856909   0.00201903    0.114307     0.0883487    0.0519816   
0.00856909   20.4982      0.000159146   0.0883487    0.0737444    0.0611825   
0.00201903   0.000159146  20.4995       0.0519816    0.0611825    0.10672     

Stress Spherical
0            0            0             0            0            0           
0            0            0             0            0            0           
0            0            0             0            0            0           

Inertia
149.883      -56.2018     -56.1496      0.233831     0.159861     0.126788    
-56.2018     149.83       -56.1659      0.159861     0.20901      0.108954    
-56.1496     -56.1659     149.93        0.126788     0.108954     0.238976    

Bond Length
0.62173383    0.0055145988

BB bond length
0.62173383    0.0055145988

Water EE distance
0             0           

PEG EE distance
6.1173217     0.37414977  

BBB P2(x)
0.52159739    0.022630094 

BBB first bond length
0.62224822    0.0060656035

BBB second bond length
0.62195354    0.0058119783

BBB <phi**2>/<phi>**2
1.2215499     0.035169567 

Time = 5000
Temperature
1.0104162     0.0085723447

Pressure
23.527621     0.061687418 

CM Mom
-4.8559335e-17 1.7697548e-17 
4.7352469e-17  1.4769358e-17 
-2.2540442e-17 1.6830093e-17 
7.3043942e-17  2.4238577e-17 

CM Pos
7.5000023      0.013802736   
7.4964272      0.017328874   
7.5055135      0.010988512   
12.991515      0.018623793   

Stress
20.5452      0.00960357   0.0374025     0.0833699    0.077981     0.045772    
0.00960357   20.5183      -0.0628733    0.077981     0.115232     0.0877318   
0.0374025    -0.0628733   20.4526       0.045772     0.0877318    0.0895052   

Stress Spherical
0            0            0             0            0            0           
0            0            0             0            0            0           
0            0            0             0            0            0           

Inertia
149.999      -56.215      -56.3392      0.413364     0.182627     0.19934     
-56.215      150.053      -56.2379      0.182627     0.31408      0.186502    
-56.3392     -56.2379     149.918       0.19934      0.186502     0.410596    

Bond Length
0.62136652    0.0050673084

BB bond length
0.62136652    0.0050673084

Water EE distance
0             0           

PEG EE distance
7.1200835     0.48208959  

BBB P2(x)
0.50098502    0.027832851 

BBB first bond length
0.62115098    0.0051239611

BBB second bond length
0.62148939    0.0051830861

BBB <phi**2>/<phi>**2
1.2252605     0.026640919 

Time = 6000
Temperature
1.0173476     0.0074616357

Pressure
23.50951      0.066533436 

CM Mom
-3.9697484e-17 9.1032077e-18 
5.8917361e-17  2.5316684e-17 
-6.4224945e-17 2.2580628e-17 
1.0022042e-16  1.9014325e-17 

CM Pos
7.5099578      0.010298796   
7.4964272      0.012713647   
7.5015016      0.011075569   
12.99495       0.0088737157  

Stress
20.5087      0.0153233    0.00143691    0.119226     0.0528631    0.0527961   
0.0153233    20.4362      0.0230176     0.0528631    0.0819457    0.0786682   
0.00143691   0.0230176    20.4546       0.0527961    0.0786682    0.0944318   

Stress Spherical
0            0            0             0            0            0           
0            0            0             0            0            0           
0            0            0             0            0            0           

Inertia
149.96       -56.2571     -56.3489      0.201208     0.154796     0.143609    
-56.2571     150.161      -56.2187      0.154796     0.21882      0.14476     
-56.3489     -56.2187     150.091       0.143609     0.14476      0.20118     

Bond Length
0.61950515    0.0075768974

BB bond length
0.61950515    0.0075768974

Water EE distance
0             0           

PEG EE distance
5.5873635     0.23754469  

BBB P2(x)
0.50950475    0.032427765 

BBB first bond length
0.61894414    0.0079390159

BBB second bond length
0.61984058    0.007753966 

BBB <phi**2>/<phi>**2
1.2199116     0.022819361 

Time = 7000
Temperature
1.0119535     0.0089279388

Pressure
23.503849     0.070645766 

CM Mom
-4.0205993e-17 1.6512461e-17 
1.6821611e-17  1.7692429e-17 
-4.930292e-17  2.0552067e-17 
7.0169842e-17  2.0360023e-17 

CM Pos
7.4967334      0.015697717   
7.5047481      0.010474166   
7.5003129      0.010405433   
12.99143       0.012397173   

Stress
20.4785      0.0278485    -0.00815253   0.0751087    0.0754502    0.0638546   
0.0278485    20.466       -0.0202903    0.0754502    0.118313     0.0887825   
-0.00815253  -0.0202903   20.4865       0.0638546    0.0887825    0.0719782   

Stress Spherical
0            0            0             0            0            0           
0            0            0             0            0            0           
0            0            0             0            0            0           

Inertia
150.062      -56.278      -56.2233      0.129126     0.144081     0.164807    
-56.278      149.936      -56.2826      0.144081     0.345926     0.113259    
-56.2233     -56.2826     150.009       0.164807     0.113259     0.227486    

Bond Length
0.6192997     0.0071244489

BB bond length
0.6192997     0.0071244489

Water EE distance
0             0           

PEG EE distance
6.2713457     0.34407786  

BBB P2(x)
0.49064623    0.018042992 

BBB first bond length
0.61921854    0.0080269431

BBB second bond length
0.61938933    0.0079675615

BBB <phi**2>/<phi>**2
1.2244233     0.02314029  

Time = 8000
Temperature
1.0112527     0.0061709788

Pressure
23.527047     0.074269471 

CM Mom
-8.0338575e-18 1.5396185e-17 
-1.6084796e-17 2.6042851e-17 
-3.1272038e-17 1.2851119e-17 
4.5067046e-17  1.8724025e-17 

CM Pos
7.4948017      0.0083843899  
7.4992504      0.0086078742  
7.491249       0.011317132   
12.9819        0.012429325   

Stress
20.5182      -0.00531914  -0.0236953    0.1217       0.0621714    0.0983026   
-0.00531914  20.5194      0.0252296     0.0621714    0.0752122    0.0980062   
-0.0236953   0.0252296    20.4692       0.0983026    0.0980062    0.0879907   

Stress Spherical
0            0            0             0            0            0           
0            0            0             0            0            0           
0            0            0             0            0            0           

Inertia
149.817      -56.2199     -56.128       0.19827      0.0957666    0.143122    
-56.2199     149.77       -56.2253      0.0957666    0.268497     0.118731    
-56.128      -56.2253     149.896       0.143122     0.118731     0.241329    

Bond Length
0.62036753    0.0078058136

BB bond length
0.62036753    0.0078058136

Water EE distance
0             0           

PEG EE distance
5.6926506     0.32535485  

BBB P2(x)
0.52162328    0.036182816 

BBB first bond length
0.61990151    0.007559607 

BBB second bond length
0.61993081    0.0084607954

BBB <phi**2>/<phi>**2
1.2216547     0.020922035 

Time = 9000
Temperature
1.0135496     0.0059701688

Pressure
23.548584     0.068576933 

CM Mom
-1.38184e-17   1.4627851e-17 
-1.4377911e-17 2.0475594e-17 
-2.6310471e-17 1.9738621e-17 
4.2879824e-17  1.6555095e-17 

CM Pos
7.501934       0.0081330949  
7.4983588      0.0098607192  
7.5050677      0.014861812   
12.993484      0.01393696    

Stress
20.5436      -0.0304928   -0.0107248    0.113879     0.0655068    0.0664084   
-0.0304928   20.5288      0.0163189     0.0655068    0.102855     0.0551065   
-0.0107248   0.0163189    20.4784       0.0664084    0.0551065    0.0776937   

Stress Spherical
0            0            0             0            0            0           
0            0            0             0            0            0           
0            0            0             0            0            0           

Inertia
150.02       -56.2302     -56.3354      0.380681     0.0786247    0.167159    
-56.2302     150.081      -56.252       0.0786247    0.251577     0.213119    
-56.3354     -56.252      149.981       0.167159     0.213119     0.173861    

Bond Length
0.62302574    0.0046780327

BB bond length
0.62302574    0.0046780327

Water EE distance
0             0           

PEG EE distance
5.7182808     0.37752594  

BBB P2(x)
0.54074381    0.030596451 

BBB first bond length
0.62293173    0.0044055699

BBB second bond length
0.62347722    0.0051542894

BBB <phi**2>/<phi>**2
1.2280648     0.019723517 

Time = 10000
Temperature
1.0082491     0.0083806888

Pressure
23.490468     0.086011776 

CM Mom
-2.6002809e-17 1.490914e-17  
6.661888e-18   1.7883275e-17 
-1.6714108e-17 2.1854148e-17 
4.3363185e-17  1.1799162e-17 

CM Pos
7.5049058      0.012231272   
7.4980617      0.0099941585  
7.5058106      0.01116788    
12.99546       0.011697386   

Stress
20.4833      0.00991776   -0.00804032   0.157782     0.0924597    0.0689873   
0.00991776   20.4985      -0.0155838    0.0924597    0.0847879    0.049594    
-0.00804032  -0.0155838   20.4423       0.0689873    0.049594     0.0708845   

Stress Spherical
0            0            0             0            0            0           
0            0            0             0            0            0           
0            0            0             0            0            0           

Inertia
150.043      -56.2494     -56.3058      0.286133     0.156732     0.135385    
-56.2494     150.144      -56.2856      0.156732     0.21792      0.106605    
-56.3058     -56.2856     150.055       0.135385     0.106605     0.327616    

Bond Length
0.61970685    0.0033894528

BB bond length
0.61970685    0.0033894528

Water EE distance
0             0           

PEG EE distance
7.0386057     0.40735048  

BBB P2(x)
0.50184298    0.024427968 

BBB first bond length
0.61981586    0.0037626563

BBB second bond length
0.61965956    0.0039804622

BBB <phi**2>/<phi>**2
1.2242605     0.021489544 

Time = 11000
Temperature
1.0102048     0.0074509857

Pressure
23.555939     0.056361843 

CM Mom
-2.0354089e-17 1.1642634e-17 
5.8837971e-18  1.0601056e-17 
-1.2677658e-17 1.5407561e-17 
3.2542635e-17  5.9945102e-18 

CM Pos
7.4997052      0.012851824   
7.5014792      0.013828305   
7.4974897      0.017356882   
12.989636      0.011830988   

Stress
20.5137      -0.00190187  0.0239677     0.0933621    0.0631987    0.0522416   
-0.00190187  20.5527      0.00797786    0.0631987    0.0903385    0.0691602   
0.0239677    0.00797786   20.5365       0.0522416    0.0691602    0.100694    

Stress Spherical
0            0            0             0            0            0           
0            0            0             0            0            0           
0            0            0             0            0            0           

Inertia
149.965      -56.2962     -56.2177      0.33565      0.137732     0.188264    
-56.2962     149.951      -56.2357      0.137732     0.298018     0.167088    
-56.2177     -56.2357     150.006       0.188264     0.167088     0.207476    

Bond Length
0.62027144    0.0068571329

BB bond length
0.62027144    0.0068571329

Water EE distance
0             0           

PEG EE distance
7.3656743     0.21465623  

BBB P2(x)
0.51066353    0.027816363 

BBB first bond length
0.6204604     0.0068841114

BBB second bond length
0.62039602    0.0071700508

BBB <phi**2>/<phi>**2
1.2215143     0.023039973 

Time = 12000
Temperature
1.0135129     0.0049178019

Pressure
23.528007     0.11443987  

CM Mom
-2.0521804e-17 1.3946823e-17 
5.1292414e-17  1.8452472e-17 
-4.2907728e-18 1.2274487e-17 
5.9684821e-17  1.3923348e-17 

CM Pos
7.5008939      0.017496246   
7.5016278      0.0078005377  
7.4973411      0.014363205   
12.990315      0.015330791   

Stress
20.5092      -0.00177501  0.0226184     0.143121     0.0673174    0.0597559   
-0.00177501  20.5178      0.0237819     0.0673174    0.107932     0.0586507   
0.0226184    0.0237819    20.4625       0.0597559    0.0586507    0.139907    

Stress Spherical
0            0            0             0            0            0           
0            0            0             0            0            0           
0            0            0             0            0            0           

Inertia
149.985      -56.2633     -56.2248      0.324119     0.103889     0.173232    
-56.2633     149.963      -56.243       0.103889     0.421721     0.143069    
-56.2248     -56.243      150.032       0.173232     0.143069     0.294238    

Bond Length
0.61911362    0.0076359477

BB bond length
0.61911362    0.0076359477

Water EE distance
0             0           

PEG EE distance
7.7371608     0.29488584  

BBB P2(x)
0.48781405    0.032048462 

BBB first bond length
0.61861806    0.0084187985

BBB second bond length
0.61955207    0.0078264076

BBB <phi**2>/<phi>**2
1.2126531     0.026851202 

Time = 13000
Temperature
1.0098173     0.0090061367

Pressure
23.571296     0.10818205  

CM Mom
-2.6788323e-17 1.7698515e-17 
6.8663637e-17  1.6586537e-17 
-3.3511524e-18 1.5744522e-17 
7.686569e-17   1.9272933e-17 

CM Pos
7.5002995      0.0092423902  
7.5031137      0.016042044   
7.4985298      0.020916689   
12.991519      0.019332244   

Stress
20.5708      -0.0260812   0.0477747     0.123782     0.0461627    0.0555915   
-0.0260812   20.5357      0.0135643     0.0461627    0.143727     0.0895841   
0.0477747    0.0135643    20.546        0.0555915    0.0895841    0.0737515   

Stress Spherical
0            0            0             0            0            0           
0            0            0             0            0            0           
0            0            0             0            0            0           

Inertia
150.038      -56.2569     -56.2177      0.403265     0.186214     0.211684    
-56.2569     149.987      -56.2718      0.186214     0.330003     0.222961    
-56.2177     -56.2718     150.071       0.211684     0.222961     0.378261    

Bond Length
0.61882339    0.0052922982

BB bond length
0.61882339    0.0052922982

Water EE distance
0             0           

PEG EE distance
8.3063054     0.35528352  

BBB P2(x)
0.50319921    0.015678689 

BBB first bond length
0.61949888    0.0052218948

BBB second bond length
0.61865128    0.0053737612

BBB <phi**2>/<phi>**2
1.2187942     0.023997885 

Time = 14000
Temperature
1.0083486     0.0062515908

Pressure
23.495118     0.085227458 

CM Mom
-2.3799203e-17 1.1988957e-17 
1.0790719e-16  1.8133336e-17 
-1.7302763e-17 2.5197582e-17 
1.1497424e-16  1.995356e-17  

CM Pos
7.4989622      0.014676444   
7.5029651      0.011943588   
7.4957066      0.018415973   
12.989032      0.016959245   

Stress
20.4901      -0.00726247  -0.00679476   0.0815832    0.104792     0.0914388   
-0.00726247  20.4675      -0.0183124    0.104792     0.120211     0.0704169   
-0.00679476  -0.0183124   20.4795       0.0914388    0.0704169    0.118605    

Stress Spherical
0            0            0             0            0            0           
0            0            0             0            0            0           
0            0            0             0            0            0           

Inertia
149.985      -56.2706     -56.2167      0.325773     0.139968     0.22449     
-56.2706     149.919      -56.2238      0.139968     0.411071     0.162517    
-56.2167     -56.2238     150.039       0.22449      0.162517     0.287456    

Bond Length
0.62044153    0.006127715 

BB bond length
0.62044153    0.006127715 

Water EE distance
0             0           

PEG EE distance
7.7930478     0.49445809  

BBB P2(x)
0.51932645    0.016855764 

BBB first bond length
0.62085935    0.0063374867

BBB second bond length
0.62053411    0.0053153924

BBB <phi**2>/<phi>**2
1.2126823     0.015922955 

Time = 15000
Temperature
1.0112588     0.0082218031

Pressure
23.540766     0.091570088 

CM Mom
-1.6598219e-17 1.4552348e-17 
1.2627508e-16  1.735456e-17  
-1.0421744e-18 1.8283282e-17 
1.2951069e-16  1.7210335e-17 

CM Pos
7.4976249      0.014918898   
7.5038566      0.0113949     
7.503879       0.010669434   
12.99349       0.011693008   

Stress
20.48        -0.0357772   0.00895793    0.0888444    0.0647134    0.0639347   
-0.0357772   20.553       0.00730536    0.0647134    0.111241     0.0588078   
0.00895793   0.00730536   20.5149       0.0639347    0.0588078    0.132769    

Stress Spherical
0            0            0             0            0            0           
0            0            0             0            0            0           
0            0            0             0            0            0           

Inertia
150.119      -56.247      -56.2824      0.250592     0.165389     0.113429    
-56.247      150.028      -56.2944      0.165389     0.207628     0.158607    
-56.2824     -56.2944     150.02        0.113429     0.158607     0.307694    

Bond Length
0.62194406    0.0039495256

BB bond length
0.62194406    0.0039495256

Water EE distance
0             0           

PEG EE distance
7.7857762     0.5653425   

BBB P2(x)
0.5046107     0.022577078 

BBB first bond length
0.62228401    0.0045524922

BBB second bond length
0.62285346    0.0040641251

BBB <phi**2>/<phi>**2
1.2174397     0.022132801 

Time = 16000
Temperature
1.0041802     0.0062535986

Pressure
23.543929     0.046268941 

CM Mom
-4.2092588e-17 1.6477448e-17 
1.4257334e-16  2.2565226e-17 
2.7557066e-17  1.6781351e-17 
1.5275439e-16  2.4222724e-17 

CM Pos
7.4979221      0.0095432634  
7.5098001      0.011587038   
7.496301       0.0088668819  
12.992717      0.008628851   

Stress
20.4789      -0.0285738   -0.0157542    0.0981384    0.0557164    0.0967002   
-0.0285738   20.5544      0.000693455   0.0557164    0.0926934    0.085093    
-0.0157542   0.000693455  20.5876       0.0967002    0.085093     0.0587069   

Stress Spherical
0            0            0             0            0            0           
0            0            0             0            0            0           
0            0            0             0            0            0           

Inertia
150.089      -56.3609     -56.2261      0.155031     0.122371     0.1001      
-56.3609     149.899      -56.3049      0.122371     0.163066     0.131774    
-56.2261     -56.3049     150.122       0.1001       0.131774     0.258041    

Bond Length
0.62154645    0.0060258482

BB bond length
0.62154645    0.0060258482

Water EE distance
0             0           

PEG EE distance
7.7086499     0.34822962  

BBB P2(x)
0.53445811    0.014853711 

BBB first bond length
0.62182182    0.0054777121

BBB second bond length
0.6219141     0.0060970756

BBB <phi**2>/<phi>**2
1.2249202     0.01920838  

Time = 17000
Temperature
1.0135896     0.0099237593

Pressure
23.532507     0.084435205 

CM Mom
-4.1518162e-17 1.79852e-17   
1.4791179e-16  1.2426372e-17 
7.7102487e-18  6.7138567e-18 
1.550798e-16   1.1589431e-17 

CM Pos
7.5008939      0.012057654   
7.4992504      0.008556422   
7.5028389      0.011913974   
12.992113      0.01111793    

Stress
20.4979      -0.0473729   -0.0516677    0.146273     0.0719077    0.0903436   
-0.0473729   20.4697      0.038813      0.0719077    0.118659     0.0499378   
-0.0516677   0.038813     20.5347       0.0903436    0.0499378    0.121516    

Stress Spherical
0            0            0             0            0            0           
0            0            0             0            0            0           
0            0            0             0            0            0           

Inertia
150.042      -56.2627     -56.2807      0.254061     0.0829394    0.153501    
-56.2627     150.045      -56.2291      0.0829394    0.396845     0.179757    
-56.2807     -56.2291     149.998       0.153501     0.179757     0.239914    

Bond Length
0.62314358    0.0074994542

BB bond length
0.62314358    0.0074994542

Water EE distance
0             0           

PEG EE distance
8.0117853     0.3280836   

BBB P2(x)
0.54743933    0.036427975 

BBB first bond length
0.62260054    0.007236918 

BBB second bond length
0.62338961    0.0078144081

BBB <phi**2>/<phi>**2
1.2253002     0.017526483 

Time = 18000
Temperature
1.0080604     0.0074281141

Pressure
23.489134     0.09354078  

CM Mom
-2.9627393e-17 3.8525084e-17 
1.4397789e-16  1.8903508e-17 
7.1980284e-18  1.9559395e-17 
1.5370923e-16  1.6024834e-17 

CM Pos
7.501934       0.010690107   
7.5022221      0.014077527   
7.4965982      0.011207349   
12.990827      0.014069548   

Stress
20.5387      -0.0188242   -0.0248074    0.0785768    0.0580344    0.0553775   
-0.0188242   20.4313      0.0459325     0.0580344    0.172571     0.0863824   
-0.0248074   0.0459325    20.4517       0.0553775    0.0863824    0.120721    

Stress Spherical
0            0            0             0            0            0           
0            0            0             0            0            0           
0            0            0             0            0            0           

Inertia
149.984      -56.2809     -56.2526      0.325334     0.148624     0.126783    
-56.2809     149.981      -56.2883      0.148624     0.236212     0.16296     
-56.2526     -56.2883     150.078       0.126783     0.16296      0.241133    

Bond Length
0.62387667    0.0060443383

BB bond length
0.62387667    0.0060443383

Water EE distance
0             0           

PEG EE distance
7.2998767     0.24224688  

BBB P2(x)
0.51168932    0.010884624 

BBB first bond length
0.62373319    0.0062746223

BBB second bond length
0.6235394     0.0066190311

BBB <phi**2>/<phi>**2
1.2246453     0.025267426 

Time = 19000
Temperature
1.0119636     0.0093146227

Pressure
23.5797       0.092695322 

CM Mom
-1.2406289e-17 3.8414319e-17 
1.6273373e-16  1.653465e-17  
3.3954871e-17  1.794825e-17  
1.7193341e-16  1.7297784e-17 

CM Pos
7.5025283      0.016306859   
7.4998447      0.013814727   
7.4971925      0.0113949     
12.990143      0.016239097   

Stress
20.6115      0.0295347    0.0382935     0.159616     0.0717527    0.0887355   
0.0295347    20.4689      0.0145563     0.0717527    0.0999318    0.0647824   
0.0382935    0.0145563    20.578        0.0887355    0.0647824    0.0802275   

Stress Spherical
0            0            0             0            0            0           
0            0            0             0            0            0           
0            0            0             0            0            0           

Inertia
149.967      -56.2385     -56.2362      0.313804     0.138449     0.217113    
-56.2385     150.006      -56.2321      0.138449     0.368301     0.197891    
-56.2362     -56.2321     150.07        0.217113     0.197891     0.296907    

Bond Length
0.62135602    0.0057936832

BB bond length
0.62135602    0.0057936832

Water EE distance
0             0           

PEG EE distance
7.6270878     0.32645922  

BBB P2(x)
0.48934731    0.030995497 

BBB first bond length
0.6209406     0.0054896212

BBB second bond length
0.62068771    0.0055005305

BBB <phi**2>/<phi>**2
1.2171732     0.02346479  

Time = 20000
Temperature
1.0092938     0.0074805711

Pressure
23.56798      0.058869928 

CM Mom
-7.579238e-18  2.693338e-17  
1.3539634e-16  2.0211865e-17 
5.3141136e-17  1.3755593e-17 
1.4853948e-16  2.1743088e-17 

CM Pos
7.4940588      0.018020901   
7.5028165      0.013621595   
7.4939236      0.017811406   
12.985093      0.016011524   

Stress
20.5389      -0.0277149   0.0111093     0.0992113    0.0989133    0.0595895   
-0.0277149   20.5449      0.0201107     0.0989133    0.0861535    0.0643434   
0.0111093    0.0201107    20.5634       0.0595895    0.0643434    0.0949258   

Stress Spherical
0            0            0             0            0            0           
0            0            0             0            0            0           
0            0            0             0            0            0           

Inertia
149.952      -56.2624     -56.1638      0.293594     0.126946     0.227232    
-56.2624     149.815      -56.2017      0.126946     0.427345     0.140425    
-56.1638     -56.2017     149.954       0.227232     0.140425     0.311627    

Bond Length
0.61719523    0.0064253301

BB bond length
0.61719523    0.0064253301

Water EE distance
0             0           

PEG EE distance
7.7393599     0.7692777   

BBB P2(x)
0.51549853    0.022012594 

BBB first bond length
0.61764979    0.0066840562

BBB second bond length
0.61735315    0.0059369793

BBB <phi**2>/<phi>**2
1.2165763     0.029573971 

Time = 21000
Temperature
1.0104588     0.0083172198

Pressure
23.558229     0.09785328  

CM Mom
-2.2432664e-17 1.7613994e-17 
1.3273021e-16  9.1904592e-18 
5.801149e-17   1.6944818e-17 
1.4825715e-16  1.3694169e-17 

CM Pos
7.5053515      0.010235358   
7.4992504      0.010439327   
7.5015016      0.011957444   
12.993917      0.0070247365  

Stress
20.5436      -0.0295446   0.00328778    0.098718     0.0671027    0.0603884   
-0.0295446   20.5656      -0.00917143   0.0671027    0.130186     0.0838204   
0.00328778   -0.00917143  20.4982       0.0603884    0.0838204    0.118727    

Stress Spherical
0            0            0             0            0            0           
0            0            0             0            0            0           
0            0            0             0            0            0           

Inertia
150.024      -56.2949     -56.2656      0.192704     0.133402     0.0786218   
-56.2949     150.118      -56.258       0.133402     0.169353     0.13149     
-56.2656     -56.258      150.104       0.0786218    0.13149      0.257317    

Bond Length
0.61728217    0.0071597873

BB bond length
0.61728217    0.0071597873

Water EE distance
0             0           

PEG EE distance
7.0807192     0.33157942  

BBB P2(x)
0.52088633    0.029442495 

BBB first bond length
0.61718868    0.0076441342

BBB second bond length
0.61731252    0.0074592044

BBB <phi**2>/<phi>**2
1.2265922     0.023901278 

Time = 22000
Temperature
1.0116442     0.0084783196

Pressure
23.511354     0.079051869 

CM Mom
-1.4193492e-17 1.7220182e-17 
1.3307527e-16  1.4156295e-17 
4.486464e-17   2.3466382e-17 
1.4444575e-16  1.0312614e-17 

CM Pos
7.5005967      0.015471044   
7.5025193      0.017596281   
7.4994213      0.010874398   
12.991862      0.01620596    

Stress
20.4923      0.00253815   -0.00597483   0.161187     0.0507382    0.0639526   
0.00253815   20.5101      -0.0012795    0.0507382    0.138635     0.0618303   
-0.00597483  -0.0012795   20.4538       0.0639526    0.0618303    0.0662193   

Stress Spherical
0            0            0             0            0            0           
0            0            0             0            0            0           
0            0            0             0            0            0           

Inertia
150.018      -56.2836     -56.2749      0.266866     0.19735      0.198239    
-56.2836     149.981      -56.2619      0.19735      0.318109     0.16444     
-56.2749     -56.2619     150.049       0.198239     0.16444      0.36952     

Bond Length
0.61655572    0.004831471 

BB bond length
0.61655572    0.004831471 

Water EE distance
0             0           

PEG EE distance
8.4598715     0.55637792  

BBB P2(x)
0.5130317     0.023755091 

BBB first bond length
0.61658663    0.0051104053

BBB second bond length
0.61673925    0.0048520586

BBB <phi**2>/<phi>**2
1.2163274     0.016060811 

Time = 23000
Temperature
1.0043528     0.0057464583

Pressure
23.530512     0.086911506 

CM Mom
-2.5039131e-17 1.7652192e-17 
1.5086413e-16  2.0293252e-17 
2.2667466e-17  1.1549932e-17 
1.5605999e-16  2.0071225e-17 

CM Pos
7.5081747      0.013025026   
7.498656       0.0095096582  
7.506405       0.0081993341  
12.998032      0.012075773   

Stress
20.5279      -0.000312942 0.00184795    0.13265      0.0551948    0.0815747   
-0.000312942 20.5487      0.0173485     0.0551948    0.139544     0.0703182   
0.00184795   0.0173485    20.5026       0.0815747    0.0703182    0.092139    

Stress Spherical
0            0            0             0            0            0           
0            0            0             0            0            0           
0            0            0             0            0            0           

Inertia
150.068      -56.296      -56.395       0.182481     0.166034     0.170089    
-56.296      150.222      -56.2629      0.166034     0.248063     0.12278     
-56.395      -56.2629     150.118       0.170089     0.12278      0.288196    

Bond Length
0.61980501    0.0070860563

BB bond length
0.61980501    0.0070860563

Water EE distance
0             0           

PEG EE distance
8.5599038     0.2527979   

BBB P2(x)
0.53105618    0.035265695 

BBB first bond length
0.61991727    0.0070827361

BBB second bond length
0.61964151    0.006986761 

BBB <phi**2>/<phi>**2
1.2280187     0.020526498 

Time = 24000
Temperature
1.0096566     0.0055029653

Pressure
23.538091     0.094151781 

CM Mom
-1.6507075e-17 1.119397e-17  
1.4470223e-16  2.9457841e-17 
3.6776619e-17  1.101513e-17  
1.509953e-16   2.9640511e-17 

CM Pos
7.4927215      0.01154791    
7.5020736      0.014776144   
7.4970439      0.010051432   
12.985685      0.009814614   

Stress
20.505       -0.0186282   0.00803689    0.0943647    0.0742094    0.0722921   
-0.0186282   20.5228      -0.00506374   0.0742094    0.103615     0.107888    
0.00803689   -0.00506374  20.5265       0.0722921    0.107888     0.117464    

Stress Spherical
0            0            0             0            0            0           
0            0            0             0            0            0           
0            0            0             0            0            0           

Inertia
149.996      -56.1975     -56.1669      0.244643     0.137451     0.162293    
-56.1975     149.86       -56.2511      0.137451     0.213286     0.129921    
-56.1669     -56.2511     149.932       0.162293     0.129921     0.266814    

Bond Length
0.62143957    0.0070264132

BB bond length
0.62143957    0.0070264132

Water EE distance
0             0           

PEG EE distance
8.4853571     0.24106934  

BBB P2(x)
0.54040302    0.031735806 

BBB first bond length
0.62119081    0.007127987 

BBB second bond length
0.6215207     0.0063065134

BBB <phi**2>/<phi>**2
1.2299706     0.032285489 

Time = 25000
Temperature
1.0109047     0.0061898329

Pressure
23.535635     0.071661427 

CM Mom
-2.3592927e-17 1.611449e-17  
1.5217053e-16  2.7844333e-17 
2.7326663e-17  1.1078605e-17 
1.5793072e-16  2.5977864e-17 

CM Pos
7.4970306      0.016829892   
7.4927125      0.013303435   
7.5016502      0.012414915   
12.985425      0.017659071   

Stress
20.5007      -0.000623171 -0.0344338    0.13507      0.0575265    0.0445184   
-0.000623171 20.5587      -0.020267     0.0575265    0.0926357    0.0579186   
-0.0344338   -0.020267    20.4764       0.0445184    0.0579186    0.0472349   

Stress Spherical
0            0            0             0            0            0           
0            0            0             0            0            0           
0            0            0             0            0            0           

Inertia
149.902      -56.1685     -56.2504      0.324698     0.178408     0.158333    
-56.1685     149.985      -56.2475      0.178408     0.293501     0.127855    
-56.2504     -56.2475     149.85        0.158333     0.127855     0.398833    

Bond Length
0.62051571    0.0052018851

BB bond length
0.62051571    0.0052018851

Water EE distance
0             0           

PEG EE distance
7.5347676     0.43510615  

BBB P2(x)
0.53566568    0.02492871  

BBB first bond length
0.62029951    0.0053814777

BBB second bond length
0.62039217    0.004702812 

BBB <phi**2>/<phi>**2
1.2247629     0.029194472 

Time = 26000
Temperature
1.0048898     0.010252002 

Pressure
23.509302     0.073887102 

CM Mom
-3.9146634e-17 2.734266e-17  
1.7050584e-16  1.1971809e-17 
4.3605123e-17  1.8830972e-17 
1.8308038e-16  1.5271969e-17 

CM Pos
7.4927215      0.014829094   
7.4930097      0.016425573   
7.5020959      0.010447784   
12.983369      0.015745181   

Stress
20.4603      0.0465803    0.0056289     0.0746239    0.0817209    0.0547725   
0.0465803    20.5009      -0.0162176    0.0817209    0.123472     0.0511276   
0.0056289    -0.0162176   20.5495       0.0547725    0.0511276    0.0917161   

Stress Spherical
0            0            0             0            0            0           
0            0            0             0            0            0           
0            0            0             0            0            0           

Inertia
149.949      -56.1516     -56.2241      0.245639     0.218334     0.181453    
-56.1516     149.936      -56.2205      0.218334     0.299681     0.141699    
-56.2241     -56.2205     149.811       0.181453     0.141699     0.374184    

Bond Length
0.61868414    0.0051156474

BB bond length
0.61868414    0.0051156474

Water EE distance
0             0           

PEG EE distance
8.1497672     0.43660068  

BBB P2(x)
0.53254167    0.021078367 

BBB first bond length
0.61823079    0.0057020713

BBB second bond length
0.61923585    0.0054536554

BBB <phi**2>/<phi>**2
1.2378448     0.025479754 

Time = 27000
Temperature
1.0126583     0.0078644549

Pressure
23.549359     0.097866729 

CM Mom
-2.3319633e-17 2.141017e-17  
1.8182748e-16  1.8278833e-17 
4.526867e-17   1.6848049e-17 
1.9081665e-16  1.7879142e-17 

CM Pos
7.4970306      0.018191615   
7.5035594      0.015689276   
7.5028389      0.016829892   
12.992384      0.016648975   

Stress
20.5062      -0.0252226   -0.0165307    0.0977709    0.0601907    0.048784    
-0.0252226   20.4987      -0.00907894   0.0601907    0.131413     0.0672138   
-0.0165307   -0.00907894  20.5562       0.048784     0.0672138    0.141496    

Stress Spherical
0            0            0             0            0            0           
0            0            0             0            0            0           
0            0            0             0            0            0           

Inertia
150.093      -56.2464     -56.2498      0.232985     0.150227     0.253593    
-56.2464     150.001      -56.3326      0.150227     0.461375     0.136648    
-56.2498     -56.3326     150.007       0.253593     0.136648     0.366805    

Bond Length
0.61950469    0.0039974783

BB bond length
0.61950469    0.0039974783

Water EE distance
0             0           

PEG EE distance
7.8076711     0.34226651  

BBB P2(x)
0.51524899    0.018330633 

BBB first bond length
0.61926752    0.0035678054

BBB second bond length
0.61979039    0.0035561814

BBB <phi**2>/<phi>**2
1.2329772     0.025401428 

Time = 28000
Temperature
1.010205      0.010615599 

Pressure
23.591989     0.063057568 

CM Mom
-1.3757637e-17 1.4429217e-17 
1.7575507e-16  2.4888123e-17 
4.1543457e-17  2.9852976e-17 
1.8350536e-16  2.9147525e-17 

CM Pos
7.4937616      0.014770166   
7.5054911      0.005607121   
7.4985298      0.016219975   
12.989118      0.011085344   

Stress
20.5635      0.029545     -0.0427219    0.109774     0.0593218    0.0587753   
0.029545     20.5511      -0.0164015    0.0593218    0.118768     0.0614605   
-0.0427219   -0.0164015   20.5965       0.0587753    0.0614605    0.0663026   

Stress Spherical
0            0            0             0            0            0           
