Time = 500
Temperature
   1.0377443   0.036783173

Pressure
   22.888869    0.12862265

CM Mom
4.018959e-17   5.3664924e-18 
-4.9104752e-18 1.9282324e-17 
1.9993649e-17  2.7551201e-17 
5.5538005e-17  1.0689618e-17 

CM Pos
7.4845763      0.0095399141  
7.4856418      0.024131368   
7.4885214      0.0070456935  
12.966575      0.01786586    

Stress
19.7989      -0.0192282   -0.030306     0.0639815    0.0824775    0.0830594   
-0.0192282   19.7374      -0.0111917    0.0824775    0.082539     0.063917    
-0.030306    -0.0111917   19.8026       0.0830594    0.063917     0.126854    

Stress Spherical
0            0            0             0            0            0           
0            0            0             0            0            0           
0            0            0             0            0            0           

Inertia
149.239      -56.0942     -56.0578      0.37631      0.276639     0.139958    
-56.0942     149.181      -56.0724      0.276639     0.271763     0.194629    
-56.0578     -56.0724     149.184       0.139958     0.194629     0.501182    

Bond Length
0.61625474    0.0057311781

BB bond length
0.61625474    0.0057311781

Water EE distance
0             0           

PEG EE distance
3.5902532     0.29532956  

Time = 1000
Temperature
1.0035874     0.0078584218

Pressure
22.685003     0.10683541  

CM Mom
4.9633403e-17  1.3135036e-17 
-7.8792677e-18 8.7970887e-18 
2.3382535e-17  4.2668513e-17 
6.4556556e-17  3.1229338e-17 

CM Pos
7.4860597      0.021809307   
7.4963222      0.0066735889  
7.4784343      0.014564404   
12.96779       0.0077323899  

Stress
19.6976      0.0463743    0.0709278     0.0550578    0.0705711    0.0338648   
0.0463743    19.6551      -0.000200349  0.0705711    0.182351     0.0758344   
0.0709278    -0.000200349 19.6817       0.0338648    0.0758344    0.141249    

Stress Spherical
0            0            0             0            0            0           
0            0            0             0            0            0           
0            0            0             0            0            0           

Inertia
149.32       -56.1748     -56.0746      0.236148     0.201324     0.112991    
-56.1748     149.119      -56.0694      0.201324     0.211766     0.106299    
-56.0746     -56.0694     149.474       0.112991     0.106299     0.325791    

Bond Length
0.61683719    0.006074231 

BB bond length
0.61683719    0.006074231 

Water EE distance
0             0           

PEG EE distance
3.5532317     0.20786952  

