Time = 1000
Temperature
   1.0285595    0.04520796

Pressure
    23.63623    0.17490961

CM Mom
5.0809719e-17  2.9444224e-17 
1.3919021e-17  1.7352317e-17 
8.6069224e-18  4.2995405e-17 
7.0362504e-17  3.0252834e-17 

CM Pos
7.5000459      0.015510013   
7.510774       0.013184138   
7.4902866      0.016355662   
12.991045      0.015529067   

Stress
20.5674      0.00565648   -0.00838911   0.0815946    0.0694109    0.0820089   
0.00565648   20.5518      0.0115366     0.0694109    0.129038     0.0683085   
-0.00838911  0.0115366    20.558        0.0820089    0.0683085    0.092386    

Stress Spherical
0            0            0             0            0            0           
0            0            0             0            0            0           
0            0            0             0            0            0           

Inertia
149.996      -56.3703     -56.1742      0.347401     0.150104     0.177133    
-56.3703     149.86       -56.2696      0.150104     0.342803     0.16063     
-56.1742     -56.2696     150.152       0.177133     0.16063      0.487761    

Bond Length
0.61984351    0.0037079253

BB bond length
0.61984351    0.0037079253

Water EE distance
0             0           

PEG EE distance
7.2868626     0.29070306  

BBB P2(x)
0.45831786    0.050298065 

BBB first bond length
0.61997659    0.0040041499

BBB second bond length
0.61990807    0.0032791044

BBB <phi**2>/<phi>**2
1.2065023     0.021020558 

Time = 2000
Temperature
1.007771      0.010568857 

Pressure
23.529542     0.072684121 

CM Mom
7.0469254e-17  2.2716722e-17 
-1.69527e-17   1.7487744e-17 
-1.6345194e-17 2.0732233e-17 
7.9792723e-17  2.013188e-17  

CM Pos
7.5001945      0.010722007   
7.493244       0.0089135387  
7.5052911      0.014537542   
12.98966       0.012737791   

Stress
20.5392      -0.00782259  -0.0100027    0.102976     0.059335     0.0622157   
-0.00782259  20.4695      0.0158887     0.059335     0.0960054    0.0790877   
-0.0100027   0.0158887    20.535        0.0622157    0.0790877    0.0997641   

Stress Spherical
0            0            0             0            0            0           
0            0            0             0            0            0           
0            0            0             0            0            0           

Inertia
149.947      -56.2024     -56.2953      0.307671     0.139351     0.123162    
-56.2024     150.052      -56.2442      0.139351     0.319977     0.198366    
-56.2953     -56.2442     149.863       0.123162     0.198366     0.266551    

Bond Length
0.62072107    0.0046276792

BB bond length
0.62072107    0.0046276792

Water EE distance
0             0           

PEG EE distance
8.1619279     0.28438938  

BBB P2(x)
0.5051702     0.032622092 

BBB first bond length
0.62089267    0.0044441053

BBB second bond length
0.62084768    0.0047938055

BBB <phi**2>/<phi>**2
1.2297128     0.021041939 

Time = 3000
Temperature
1.0101593     0.0094080422

Pressure
23.576486     0.091452406 

CM Mom
7.8625702e-17  2.0239872e-17 
-3.1509464e-17 2.2018564e-17 
-2.1640388e-17 1.9005577e-17 
9.2624186e-17  1.7877232e-17 

CM Pos
7.5034628      0.018897379   
7.5023061      0.010946085   
7.4937035      0.014855898   
12.990097      0.014919241   

Stress
20.567       0.00813691   0.0101896     0.0978909    0.0456687    0.0687975   
0.00813691   20.5836      -0.0188757    0.0456687    0.0817867    0.0648908   
0.0101896    -0.0188757   20.5125       0.0687975    0.0648908    0.0904571   

Stress Spherical
0            0            0             0            0            0           
0            0            0             0            0            0           
0            0            0             0            0            0           

Inertia
149.903      -56.3039     -56.2132      0.193939     0.211618     0.216863    
-56.3039     149.918      -56.2342      0.211618     0.370627     0.0966403   
-56.2132     -56.2342     150.052       0.216863     0.0966403    0.367399    

Bond Length
0.62051432    0.0052748452

BB bond length
0.62051432    0.0052748452

Water EE distance
0             0           

PEG EE distance
8.6000631     0.4837395   

BBB P2(x)
0.52177384    0.021606832 

BBB first bond length
0.62043867    0.0047970102

BBB second bond length
0.62028914    0.0050454778

BBB <phi**2>/<phi>**2
1.2243761     0.013362886 

Time = 4000
Temperature
1.0115231     0.0056155953

Pressure
23.506938     0.089454041 

CM Mom
8.7460164e-17  1.7468248e-17 
-4.6856536e-17 1.4403315e-17 
-4.17282e-18   1.8025358e-17 
1.0179396e-16  1.8377319e-17 

CM Pos
7.5007887      0.018723736   
7.5002263      0.01371337    
7.5064795      0.0084873865  
12.994718      0.019499027   

Stress
20.5056      0.00154784   0.0211542     0.0743163    0.0670948    0.0965958   
0.00154784   20.4629      -0.0274574    0.0670948    0.137738     0.0506624   
0.0211542    -0.0274574   20.4738       0.0965958    0.0506624    0.144183    

Stress Spherical
0            0            0             0            0            0           
0            0            0             0            0            0           
0            0            0             0            0            0           

Inertia
150.076      -56.2496     -56.3218      0.281157     0.236323     0.240162    
-56.2496     150.111      -56.2748      0.236323     0.37049      0.150833    
-56.3218     -56.2748     149.976       0.240162     0.150833     0.457852    

Bond Length
0.62080444    0.0055089791

BB bond length
0.62080444    0.0055089791

Water EE distance
0             0           

PEG EE distance
8.078933      0.29379812  

BBB P2(x)
0.52501915    0.018374074 

BBB first bond length
0.62087444    0.0055787783

BBB second bond length
0.62097998    0.0055210734

BBB <phi**2>/<phi>**2
1.2291262     0.023185729 

Time = 5000
Temperature
1.0095913     0.0085900079

Pressure
23.547328     0.086781407 

CM Mom
7.7655136e-17  2.006855e-17  
-6.4741213e-17 4.5115773e-17 
-2.5649923e-18 2.0343393e-17 
1.0996596e-16  3.1429997e-17 

CM Pos
7.4966291      0.012069903   
7.4923527      0.010189023   
7.5015771      0.014692325   
12.984945      0.011548176   

Stress
20.5476      -0.0278965   0.0326915     0.126858     0.0640738    0.0737563   
-0.0278965   20.5061      -0.00154223   0.0640738    0.107454     0.0624967   
0.0326915    -0.00154223  20.5271       0.0737563    0.0624967    0.115219    

Stress Spherical
0            0            0             0            0            0           
0            0            0             0            0            0           
0            0            0             0            0            0           

Inertia
149.88       -56.1539     -56.2588      0.31095      0.126378     0.12863     
-56.1539     149.96       -56.1995      0.126378     0.293118     0.168052    
-56.2588     -56.1995     149.811       0.12863      0.168052     0.205723    

Bond Length
0.61979906    0.0036736325

BB bond length
0.61979906    0.0036736325

Water EE distance
0             0           

PEG EE distance
8.1418232     0.23312997  

BBB P2(x)
0.54849139    0.017434442 

BBB first bond length
0.61962639    0.0044408674

BBB second bond length
0.62004065    0.003130406 

BBB <phi**2>/<phi>**2
1.234502      0.01621259  

Time = 6000
Temperature
1.0066937     0.0075284577

Pressure
23.473829     0.090103715 

CM Mom
8.4024322e-17  2.4447196e-17 
-5.4886878e-17 1.8034406e-17 
2.9393916e-17  2.256287e-17  
1.0935726e-16  2.0239451e-17 

CM Pos
7.4941036      0.017119771   
7.50706        0.012179118   
7.4978631      0.012246884   
12.989841      0.010686878   

Stress
20.4668      -0.00895696  0.0185008     0.10175      0.0788361    0.0499728   
-0.00895696  20.4691      -0.0252092    0.0788361    0.143402     0.074369    
0.0185008    -0.0252092   20.4504       0.0499728    0.074369     0.113091    

Stress Spherical
0            0            0             0            0            0           
0            0            0             0            0            0           
0            0            0             0            0            0           

Inertia
150.048      -56.2923     -56.2083      0.170196     0.169624     0.0936368   
-56.2923     149.865      -56.2389      0.169624     0.1884       0.147343    
-56.2083     -56.2389     150.003       0.0936368    0.147343     0.372392    

Bond Length
0.6227736     0.003921691 

BB bond length
0.6227736     0.003921691 

Water EE distance
0             0           

PEG EE distance
8.3745724     0.22622315  

BBB P2(x)
0.54606667    0.026362332 

BBB first bond length
0.62290814    0.0040841248

BBB second bond length
0.62310193    0.0039097805

BBB <phi**2>/<phi>**2
1.2292412     0.011901874 

Time = 7000
Temperature
1.0079993     0.0120827   

Pressure
23.538301     0.10836547  

CM Mom
5.8034085e-17  1.9984559e-17 
-3.822776e-17  1.4398901e-17 
5.6301458e-17  2.1865303e-17 
9.2337123e-17  2.3618404e-17 

CM Pos
7.4945492      0.013205046   
7.4979979      0.020006433   
7.4999429      0.010158654   
12.98606       0.017727468   

Stress
20.5122      -0.0405137   0.0328058     0.135685     0.0945041    0.0717405   
-0.0405137   20.5398      -0.00221642   0.0945041    0.107082     0.0638195   
0.0328058    -0.00221642  20.516        0.0717405    0.0638195    0.10938     

Stress Spherical
0            0            0             0            0            0           
0            0            0             0            0            0           
0            0            0             0            0            0           

Inertia
149.968      -56.2319     -56.2197      0.46282      0.223444     0.200925    
-56.2319     149.917      -56.238       0.223444     0.310896     0.186861    
-56.2197     -56.238      149.885       0.200925     0.186861     0.354191    

Bond Length
0.62069206    0.0063228255

BB bond length
0.62069206    0.0063228255

Water EE distance
0             0           

PEG EE distance
7.8577635     0.33283196  

BBB P2(x)
0.51827739    0.024094802 

BBB first bond length
0.62094122    0.0062119911

BBB second bond length
0.62133803    0.0064374909

BBB <phi**2>/<phi>**2
1.2292619     0.011925535 

Time = 8000
Temperature
1.0124064     0.0079159645

Pressure
23.514888     0.077431076 

CM Mom
5.0570565e-17  1.4094763e-17 
-1.4280913e-17 1.0461506e-17 
3.6173924e-17  1.7242075e-17 
6.6052339e-17  1.7673779e-17 

CM Pos
7.4987089      0.015559027   
7.5002263      0.011922726   
7.4977146      0.016165647   
12.988466      0.012392587   

Stress
20.4797      -0.0313927   -0.00534019   0.162159     0.0411226    0.0483179   
-0.0313927   20.4815      0.0187441     0.0411226    0.104122     0.0395229   
-0.00534019  0.0187441    20.497        0.0483179    0.0395229    0.0784782   

Stress Spherical
0            0            0             0            0            0           
0            0            0             0            0            0           
0            0            0             0            0            0           

Inertia
149.949      -56.2054     -56.1942      0.313836     0.114495     0.124356    
-56.2054     149.944      -56.2171      0.114495     0.307285     0.134122    
-56.1942     -56.2171     149.982       0.124356     0.134122     0.29487     

Bond Length
0.61980222    0.006038945 

BB bond length
0.61980222    0.006038945 

Water EE distance
0             0           

PEG EE distance
7.41786       0.33108087  

BBB P2(x)
0.51161431    0.028524433 

BBB first bond length
0.61960848    0.0063520925

BBB second bond length
0.61947879    0.0055773778

BBB <phi**2>/<phi>**2
1.2223509     0.01498465  

Time = 9000
Temperature
1.0089296     0.0081442319

Pressure
23.537678     0.089577929 

CM Mom
7.0852725e-17  1.8498342e-17 
-4.2717802e-18 1.9386336e-17 
3.1573788e-17  2.5299284e-17 
8.2630062e-17  2.3782474e-17 

CM Pos
7.4984118      0.010701403   
7.5012662      0.0115876     
7.4963775      0.0077706429  
12.988111      0.011506472   

Stress
20.521       -0.061616    -0.004274     0.108507     0.0585773    0.0618699   
-0.061616    20.5091      0.0287638     0.0585773    0.144829     0.052281    
-0.004274    0.0287638    20.5277       0.0618699    0.052281     0.131547    

Stress Spherical
0            0            0             0            0            0           
0            0            0             0            0            0           
0            0            0             0            0            0           

Inertia
149.955      -56.2256     -56.23        0.234225     0.111125     0.121202    
-56.2256     149.906      -56.231       0.111125     0.229132     0.132531    
-56.23       -56.231      149.973       0.121202     0.132531     0.257708    

Bond Length
0.62032828    0.0038653125

BB bond length
0.62032828    0.0038653125

Water EE distance
0             0           

PEG EE distance
6.9676635     0.25467869  

BBB P2(x)
0.52471286    0.032798535 

BBB first bond length
0.62015453    0.0036842776

BBB second bond length
0.62070691    0.0039055599

BBB <phi**2>/<phi>**2
1.2184926     0.018951192 

Time = 10000
Temperature
1.0120885     0.010732047 

Pressure
23.528736     0.080508042 

CM Mom
7.4735811e-17  1.9804121e-17 
-2.5517976e-17 1.5408948e-17 
1.9267818e-17  1.6989066e-17 
8.5179855e-17  1.6447403e-17 

CM Pos
7.4963319      0.018498426   
7.4968095      0.015864541   
7.4966746      0.011940298   
12.98452       0.016268038   

Stress
20.4706      0.0210168    0.0588321     0.136836     0.0701015    0.0585438   
0.0210168    20.5559      0.0128365     0.0701015    0.0979592    0.0629556   
0.0588321    0.0128365    20.4761       0.0585438    0.0629556    0.0933302   

Stress Spherical
0            0            0             0            0            0           
0            0            0             0            0            0           
0            0            0             0            0            0           

Inertia
149.91       -56.1902     -56.2373      0.263488     0.190842     0.193907    
-56.1902     149.905      -56.1815      0.190842     0.4437       0.192507    
-56.2373     -56.1815     149.888       0.193907     0.192507     0.315215    

Bond Length
0.61756032    0.0052111356

BB bond length
0.61756032    0.0052111356

Water EE distance
0             0           

PEG EE distance
7.5334172     0.4018159   

BBB P2(x)
0.51664915    0.01933621  

BBB first bond length
0.61757962    0.0049418931

BBB second bond length
0.61764857    0.0055386418

BBB <phi**2>/<phi>**2
1.2172227     0.012823875 

Time = 11000
Temperature
1.0113821     0.0095337242

Pressure
23.593115     0.098999758 

CM Mom
5.117436e-17   1.6646277e-17 
-1.2740021e-17 1.1680461e-17 
2.5248035e-17  4.4117769e-17 
7.3428972e-17  1.9664227e-17 

CM Pos
7.4993031      0.016980623   
7.5015633      0.012468338   
7.5003886      0.0098598852  
12.991119      0.01372245    

Stress
20.5892      0.00757511   -0.0320894    0.0937652    0.0504204    0.0513666   
0.00757511   20.5148      0.0306727     0.0504204    0.123096     0.0854032   
-0.0320894   0.0306727    20.5981       0.0513666    0.0854032    0.12239     

Stress Spherical
0            0            0             0            0            0           
0            0            0             0            0            0           
0            0            0             0            0            0           

Inertia
150.026      -56.2464     -56.2308      0.186503     0.184785     0.158011    
-56.2464     149.998      -56.2634      0.184785     0.248264     0.10798     
-56.2308     -56.2634     150.015       0.158011     0.10798      0.396994    

Bond Length
0.61788841    0.0038990729

BB bond length
0.61788841    0.0038990729

Water EE distance
0             0           

PEG EE distance
6.677609      0.59269021  

BBB P2(x)
0.52072244    0.030319899 

BBB first bond length
0.61787033    0.0044334917

BBB second bond length
0.61797635    0.0043889177

BBB <phi**2>/<phi>**2
1.2310431     0.023081132 

Time = 12000
Temperature
1.0079751     0.0086976989

Pressure
23.476038     0.039956546 

CM Mom
2.5596045e-17  1.2900543e-17 
-1.6980601e-18 1.5379192e-17 
-4.736783e-17  1.9562159e-17 
5.7908858e-17  1.8273972e-17 

CM Pos
7.499006       0.015439417   
7.5012662      0.0092106566  
7.4959319      0.011141923   
12.988202      0.011149782   

Stress
20.4475      -0.00637292  0.0208576     0.0771381    0.0681543    0.0587074   
-0.00637292  20.4841      0.00892445    0.0681543    0.0855558    0.0693523   
0.0208576    0.00892445   20.4498       0.0587074    0.0693523    0.093529    

Stress Spherical
0            0            0             0            0            0           
0            0            0             0            0            0           
0            0            0             0            0            0           

Inertia
149.944      -56.2642     -56.2248      0.210026     0.176935     0.0950544   
-56.2642     149.93       -56.2364      0.176935     0.221631     0.141452    
-56.2248     -56.2364     150.013       0.0950544    0.141452     0.32634     

Bond Length
0.62068065    0.0045710557

BB bond length
0.62068065    0.0045710557

Water EE distance
0             0           

PEG EE distance
7.5747505     0.27677047  

BBB P2(x)
0.5046739     0.024157978 

BBB first bond length
0.62098578    0.0046077873

BBB second bond length
0.62083807    0.0043895935

BBB <phi**2>/<phi>**2
1.2185349     0.021183204 

Time = 13000
Temperature
1.0119831     0.0062951358

Pressure
23.492763     0.096880267 

CM Mom
1.8803805e-17  1.6203464e-17 
-3.2977923e-17 1.220298e-17  
-4.4313259e-17 2.2779504e-17 
6.2905035e-17  1.9445277e-17 

CM Pos
7.5006402      0.014799338   
7.5029004      0.0084886865  
7.4983088      0.013735882   
12.991461      0.012783802   

Stress
20.4678      -0.0178007   0.045621      0.0944333    0.0877487    0.0658056   
-0.0178007   20.4461      0.00225089    0.0877487    0.094384     0.0589694   
0.045621     0.00225089   20.4817       0.0658056    0.0589694    0.129015    

Stress Spherical
0            0            0             0            0            0           
0            0            0             0            0            0           
0            0            0             0            0            0           

Inertia
150.015      -56.2877     -56.2464      0.273507     0.175446     0.147799    
-56.2877     150.001      -56.2578      0.175446     0.244745     0.149185    
-56.2464     -56.2578     150.071       0.147799     0.149185     0.273355    

Bond Length
0.6228821     0.0049785243

BB bond length
0.6228821     0.0049785243

Water EE distance
0             0           

PEG EE distance
7.670911      0.52714636  

BBB P2(x)
0.51417399    0.017533179 

BBB first bond length
0.62270919    0.005098752 

BBB second bond length
0.62267167    0.0045057079

BBB <phi**2>/<phi>**2
1.2301638     0.018253555 

Time = 14000
Temperature
1.0077504     0.0096264626

Pressure
23.501071     0.082144753 

CM Mom
1.8799544e-17  2.5216351e-17 
-1.6571566e-17 1.9874829e-17 
-7.0134439e-17 2.1640414e-17 
8.2729168e-17  1.4210722e-17 

CM Pos
7.4985603      0.01271026    
7.5015633      0.017517365   
7.5018742      0.013538443   
12.991555      0.010724344   

Stress
20.4946      0.0141844    -0.00686682   0.106199     0.0590615    0.0583598   
0.0141844    20.4678      0.00996575    0.0590615    0.0767717    0.0756761   
-0.00686682  0.00996575   20.4962       0.0583598    0.0756761    0.0751658   

Stress Spherical
0            0            0             0            0            0           
0            0            0             0            0            0           
0            0            0             0            0            0           

Inertia
150.048      -56.2606     -56.2567      0.24456      0.139871     0.158151    
-56.2606     150.001      -56.2325      0.139871     0.339792     0.137143    
-56.2567     -56.2325     149.993       0.158151     0.137143     0.301249    

Bond Length
0.61822139    0.004510465 

BB bond length
0.61822139    0.004510465 

Water EE distance
0             0           

PEG EE distance
8.0871375     0.41923095  

BBB P2(x)
0.51605991    0.019784369 

BBB first bond length
0.6183535     0.0046173562

BBB second bond length
0.61831094    0.0046824351

BBB <phi**2>/<phi>**2
1.2382258     0.013867813 

Time = 15000
Temperature
1.012258      0.0072604879

Pressure
23.490312     0.09704224  

CM Mom
2.1790477e-18  1.4339077e-17 
-2.2892783e-18 1.7168499e-17 
-6.5223266e-17 1.1743537e-17 
6.9221326e-17  1.0523718e-17 

CM Pos
7.5000459      0.010937008   
7.5045345      0.01332401    
7.4980117      0.009071834   
12.991885      0.014674261   

Stress
20.4759      -0.0269057   -0.00153942   0.134118     0.072183     0.0626277   
-0.0269057   20.4331      0.0110312     0.072183     0.0779011    0.0794584   
-0.00153942  0.0110312    20.4768       0.0626277    0.0794584    0.10395     

Stress Spherical
0            0            0             0            0            0           
0            0            0             0            0            0           
0            0            0             0            0            0           

Inertia
150.024      -56.317      -56.2131      0.329718     0.129747     0.157138    
-56.317      149.975      -56.2568      0.129747     0.284425     0.165308    
-56.2131     -56.2568     150.075       0.157138     0.165308     0.342477    

Bond Length
0.62069462    0.0072000921

BB bond length
0.62069462    0.0072000921

Water EE distance
0             0           

PEG EE distance
7.888104      0.19844971  

BBB P2(x)
0.50752547    0.026715236 

BBB first bond length
0.62070674    0.0070920063

BBB second bond length
0.62048887    0.007333495 

BBB <phi**2>/<phi>**2
1.2239821     0.024759672 

Time = 16000
Temperature
1.0081944     0.006909983 

Pressure
23.516585     0.052187779 

CM Mom
2.2343554e-17  2.029738e-17  
4.9265666e-18  1.1128374e-17 
-5.8644202e-17 1.6343512e-17 
6.681861e-17   1.7345204e-17 

CM Pos
7.4972233      0.010107471   
7.5008205      0.012992755   
7.4969718      0.012549497   
12.987516      0.010031826   

Stress
20.5194      0.0295259    -0.0192542    0.108162     0.0741238    0.0892078   
0.0295259    20.4693      0.0315913     0.0741238    0.100087     0.0723903   
-0.0192542   0.0315913    20.5124       0.0892078    0.0723903    0.102175    

Stress Spherical
0            0            0             0            0            0           
0            0            0             0            0            0           
0            0            0             0            0            0           

Inertia
149.964      -56.194      -56.2075      0.306243     0.120288     0.146582    
-56.194      149.92       -56.2294      0.120288     0.202742     0.13557     
-56.2075     -56.2294     149.974       0.146582     0.13557      0.207377    

Bond Length
0.61943686    0.0040072048

BB bond length
0.61943686    0.0040072048

Water EE distance
0             0           

PEG EE distance
8.42651       0.37617428  

BBB P2(x)
0.51691487    0.017415628 

BBB first bond length
0.61917666    0.0038920991

BBB second bond length
0.61924614    0.0045965211

BBB <phi**2>/<phi>**2
1.2348459     0.014208003 

Time = 17000
Temperature
1.0095722     0.0056589307

Pressure
23.495159     0.067148452 

CM Mom
6.0796517e-17  1.6968239e-17 
3.8905499e-17  1.5697756e-17 
-4.8381622e-17 1.2121821e-17 
8.9350943e-17  1.5758296e-17 

CM Pos
7.5080681      0.010737433   
7.498295       0.014918162   
7.4951891      0.01488558    
12.991294      0.01490212    

Stress
20.4457      0.00370327   0.0301629     0.120815     0.0924965    0.0756572   
0.00370327   20.4605      -0.00424294   0.0924965    0.114622     0.0550938   
0.0301629    -0.00424294  20.5183       0.0756572    0.0550938    0.106       

Stress Spherical
0            0            0             0            0            0           
0            0            0             0            0            0           
0            0            0             0            0            0           

Inertia
149.906      -56.2837     -56.2611      0.414732     0.125236     0.153403    
-56.2837     150.058      -56.1988      0.125236     0.322098     0.227894    
-56.2611     -56.1988     150.095       0.153403     0.227894     0.195264    

Bond Length
0.62018442    0.0059578903

BB bond length
0.62018442    0.0059578903

Water EE distance
0             0           

PEG EE distance
8.6641621     0.27677468  

BBB P2(x)
0.5141839     0.030389024 

BBB first bond length
0.6200321     0.0063136275

BBB second bond length
0.61969969    0.0056400943

BBB <phi**2>/<phi>**2
1.2335304     0.021293517 

Time = 18000
Temperature
1.0069418     0.0086404467

Pressure
23.53315      0.070692052 

CM Mom
2.2728056e-17  1.6340566e-17 
4.1714868e-17  1.8611154e-17 
-4.358013e-17  2.1449743e-17 
7.1099798e-17  1.3199311e-17 

CM Pos
7.5004916      0.0099667464  
7.495621       0.011472755   
7.4965261      0.013927355   
12.986136      0.017565393   

Stress
20.5244      0.00502236   0.0209352     0.0798847    0.0475532    0.0494277   
0.00502236   20.5248      0.0243472     0.0475532    0.102582     0.0413603   
0.0209352    0.0243472    20.5128       0.0494277    0.0413603    0.119415    

Stress Spherical
0            0            0             0            0            0           
0            0            0             0            0            0           
0            0            0             0            0            0           

Inertia
149.87       -56.2511     -56.2043      0.32682      0.141984     0.14436     
-56.2511     149.941      -56.2151      0.141984     0.310973     0.177447    
-56.2043     -56.2151     149.923       0.14436      0.177447     0.271437    

Bond Length
0.6181055     0.0048821294

BB bond length
0.6181055     0.0048821294

Water EE distance
0             0           

PEG EE distance
8.1809557     0.34372735  

BBB P2(x)
0.51249331    0.024452136 

BBB first bond length
0.6175754     0.0050525506

BBB second bond length
0.61826692    0.0051044581

BBB <phi**2>/<phi>**2
1.2230084     0.020600155 

Time = 19000
Temperature
1.0097679     0.0085056817

Pressure
23.505506     0.078312329 

CM Mom
1.1654071e-17  8.3106265e-18 
6.530161e-17   2.4441731e-17 
-5.1809354e-17 1.4707767e-17 
8.6219638e-17  2.3092942e-17 

CM Pos
7.5082167      0.010254875   
7.4977008      0.015323914   
7.5051425      0.018756711   
12.996789      0.013202442   

Stress
20.4794      -0.00643925  -0.0180963    0.087686     0.0494193    0.0549923   
-0.00643925  20.5038      -0.023186     0.0494193    0.0671881    0.0581981   
-0.0180963   -0.023186    20.4706       0.0549923    0.0581981    0.0944104   

Stress Spherical
0            0            0             0            0            0           
0            0            0             0            0            0           
0            0            0             0            0            0           

Inertia
150.039      -56.2824     -56.3681      0.211554     0.141606     0.229238    
-56.2824     150.189      -56.2392      0.141606     0.388106     0.119751    
-56.3681     -56.2392     150.085       0.229238     0.119751     0.223549    

Bond Length
0.62134869    0.0041624914

BB bond length
0.62134869    0.0041624914

Water EE distance
0             0           

PEG EE distance
7.6504292     0.32791055  

BBB P2(x)
0.51737971    0.014372363 

BBB first bond length
0.62133893    0.004600936 

BBB second bond length
0.62173901    0.0044487722

BBB <phi**2>/<phi>**2
1.2285684     0.014815419 

Time = 20000
Temperature
1.0083458     0.0075252942

Pressure
23.527235     0.10208358  

CM Mom
8.0855947e-18  1.7451889e-17 
6.9497245e-17  1.3330944e-17 
-6.7129177e-17 1.2575643e-17 
9.9765571e-17  9.4249886e-18 

CM Pos
7.5012344      0.0089333246  
7.4933926      0.014501822   
7.4950405      0.016388015   
12.984435      0.009800926   

Stress
20.5555      0.0146848    0.0649417     0.0897364    0.076434     0.0677647   
0.0146848    20.4846      -0.00972775   0.076434     0.120904     0.0561586   
0.0649417    -0.00972775  20.4916       0.0677647    0.0561586    0.119878    

Stress Spherical
0            0            0             0            0            0           
0            0            0             0            0            0           
0            0            0             0            0            0           

Inertia
149.822      -56.2451     -56.2223      0.230919     0.0819807    0.160906    
-56.2451     149.912      -56.1384      0.0819807    0.292983     0.126033    
-56.2223     -56.1384     149.899       0.160906     0.126033     0.165008    

Bond Length
0.62061003    0.0066526719

BB bond length
0.62061003    0.0066526719

Water EE distance
0             0           

PEG EE distance
7.3611594     0.39850345  

BBB P2(x)
0.51867804    0.024796955 

BBB first bond length
0.62051681    0.0068131453

BBB second bond length
0.62043726    0.0067662507

BBB <phi**2>/<phi>**2
1.2317704     0.02597986  

Time = 21000
Temperature
1.0046139     0.0089289228

Pressure
23.514222     0.061817692 

CM Mom
-1.1045053e-18 1.7641242e-17 
8.2340006e-17  2.2366145e-17 
-5.5089196e-17 2.5144859e-17 
1.0361404e-16  2.2886003e-17 

CM Pos
7.497669       0.012920361   
7.504386       0.012938284   
7.5051425      0.013936859   
12.994553      0.011493728   

Stress
20.5179      0.0320337    -0.00594983   0.0696721    0.05275      0.0522073   
0.0320337    20.5087      -0.0114942    0.05275      0.0796571    0.0845934   
-0.00594983  -0.0114942   20.4995       0.0522073    0.0845934    0.0998373   

Stress Spherical
0            0            0             0            0            0           
0            0            0             0            0            0           
0            0            0             0            0            0           

Inertia
150.139      -56.2711     -56.3013      0.228097     0.151306     0.164178    
-56.2711     150.04       -56.3043      0.151306     0.283921     0.131816    
-56.3013     -56.3043     150.008       0.164178     0.131816     0.25575     

Bond Length
0.62168921    0.0046823105

BB bond length
0.62168921    0.0046823105

Water EE distance
0             0           

PEG EE distance
6.9848944     0.30811117  

BBB P2(x)
0.53049637    0.020329377 

BBB first bond length
0.62198977    0.0050985546

BBB second bond length
0.62115154    0.0050164963

BBB <phi**2>/<phi>**2
1.2328129     0.019599934 

Time = 22000
Temperature
1.0092409     0.0071533925

Pressure
23.500231     0.078628063 

CM Mom
-4.3960302e-18 2.0091871e-17 
1.0330616e-16  1.4534827e-17 
-3.7082845e-17 2.3697892e-17 
1.1415992e-16  1.4514584e-17 

CM Pos
7.5036113      0.010941043   
7.5018605      0.011955075   
7.5005372      0.0097688119  
12.993862      0.007567289   

Stress
20.4574      0.0149159    0.0044553     0.120688     0.0483943    0.06945     
0.0149159    20.4966      -0.0390228    0.0483943    0.145119     0.0651552   
0.0044553    -0.0390228   20.4887       0.06945      0.0651552    0.0978449   

Stress Spherical
0            0            0             0            0            0           
0            0            0             0            0            0           
0            0            0             0            0            0           

Inertia
150.022      -56.3189     -56.2712      0.172987     0.144928     0.106518    
-56.3189     150.035      -56.3031      0.144928     0.222478     0.065986    
-56.2712     -56.3031     150.062       0.106518     0.065986     0.206192    

Bond Length
0.6216511     0.0060324596

BB bond length
0.6216511     0.0060324596

Water EE distance
0             0           

PEG EE distance
6.9575094     0.18934153  

BBB P2(x)
0.52001876    0.026133258 

BBB first bond length
0.62210334    0.005785894 

BBB second bond length
0.62182636    0.0063270645

BBB <phi**2>/<phi>**2
1.2286322     0.023450491 

Time = 23000
Temperature
1.0085093     0.0075513033

Pressure
23.444769     0.086818615 

CM Mom
-1.748681e-17  2.6320683e-17 
8.0801244e-17  2.9823424e-17 
-4.2068582e-17 1.9328247e-17 
9.7529694e-17  3.2375148e-17 

CM Pos
7.5009373      0.010634167   
7.4951753      0.021135615   
7.5072223      0.013525395   
12.992331      0.013055407   

Stress
20.4005      -0.0115546   -0.00712711   0.109397     0.0573699    0.0648581   
-0.0115546   20.4738      0.00463432    0.0573699    0.149186     0.0777493   
-0.00712711  0.00463432   20.4086       0.0648581    0.0777493    0.160884    

Stress Spherical
0            0            0             0            0            0           
0            0            0             0            0            0           
0            0            0             0            0            0           

Inertia
150.034      -56.2037     -56.2983      0.440343     0.160162     0.114931    
-56.2037     150.115      -56.2575      0.160162     0.241282     0.20946     
-56.2983     -56.2575     149.92        0.114931     0.20946      0.251686    

Bond Length
0.61869927    0.0051056894

BB bond length
0.61869927    0.0051056894

Water EE distance
0             0           

PEG EE distance
7.1705071     0.32582609  

BBB P2(x)
0.49076773    0.029026927 

BBB first bond length
0.61876131    0.0052596527

BBB second bond length
0.61889843    0.0053163905

BBB <phi**2>/<phi>**2
1.2150485     0.024661153 

Time = 24000
Temperature
1.0113509     0.0087700457

Pressure
23.510523     0.10075781  

CM Mom
9.7842734e-18  3.8671693e-17 
1.0868323e-16  1.8410191e-17 
-2.8857057e-17 1.3879369e-17 
1.2005982e-16  1.8794136e-17 

CM Pos
7.499006       0.014434705   
7.4962152      0.0082446887  
7.5069252      0.016171107   
12.991637      0.012857761   

Stress
20.4819      -0.0193857   -0.0175103    0.12304      0.0828173    0.0572498   
-0.0193857   20.4722      -0.0861155    0.0828173    0.134909     0.0607163   
-0.0175103   -0.0861155   20.5005       0.0572498    0.0607163    0.131217    

Stress Spherical
0            0            0             0            0            0           
0            0            0             0            0            0           
0            0            0             0            0            0           

Inertia
150.06       -56.2602     -56.3199      0.318267     0.172773     0.138802    
-56.2602     150.087      -56.2821      0.172773     0.233276     0.129828    
-56.3199     -56.2821     149.905       0.138802     0.129828     0.308963    

Bond Length
0.62006548    0.0055225494

BB bond length
0.62006548    0.0055225494

Water EE distance
0             0           

PEG EE distance
6.9944858     0.38262868  

BBB P2(x)
0.5262966     0.024452053 

BBB first bond length
0.62003428    0.0059164998

BBB second bond length
0.62025314    0.0053251473

BBB <phi**2>/<phi>**2
1.2344829     0.03157405  

Time = 25000
Temperature
1.0079139     0.0082555658

Pressure
23.530969     0.074956126 

CM Mom
2.4344199e-18  1.8890032e-17 
1.2264985e-16  1.1029783e-17 
-3.0447017e-17 1.4541196e-17 
1.2877226e-16  9.1417668e-18 

CM Pos
7.5055426      0.015004457   
7.4959181      0.015606472   
7.5015771      0.011941222   
12.992153      0.01331889    

Stress
20.4665      0.00594671   0.0187426     0.135878     0.0913107    0.0601318   
0.00594671   20.5689      0.00406921    0.0913107    0.0652099    0.0574805   
0.0187426    0.00406921   20.5114       0.0601318    0.0574805    0.103112    

Stress Spherical
0            0            0             0            0            0           
0            0            0             0            0            0           
0            0            0             0            0            0           

Inertia
149.978      -56.2607     -56.329       0.221683     0.219093     0.177678    
-56.2607     150.112      -56.217       0.219093     0.302558     0.0709542   
-56.329      -56.217      150.008       0.177678     0.0709542    0.371045    

Bond Length
0.6201949     0.0046074365

BB bond length
0.6201949     0.0046074365

Water EE distance
0             0           

PEG EE distance
8.1706401     0.25698844  

BBB P2(x)
0.53187796    0.028670221 

BBB first bond length
0.62014857    0.0046475461

BBB second bond length
0.62019722    0.0041706732

BBB <phi**2>/<phi>**2
1.2322845     0.012231275 

Time = 26000
Temperature
1.0087354     0.0083919458

Pressure
23.535279     0.073810243 

CM Mom
1.2827985e-17  2.2359774e-17 
1.6450037e-16  2.7436748e-17 
-5.1003516e-17 2.0960537e-17 
1.755057e-16   2.6760339e-17 

CM Pos
7.5022743      0.01059362    
7.499335       0.012958738   
7.5042512      0.0083100126  
12.993774      0.011295664   

Stress
20.5626      0.0255874    -0.0301268    0.125549     0.076441     0.0705756   
0.0255874    20.4623      -0.000745749  0.076441     0.122935     0.0528121   
-0.0301268   -0.000745749 20.5274       0.0705756    0.0528121    0.0878439   

Stress Spherical
0            0            0             0            0            0           
0            0            0             0            0            0           
0            0            0             0            0            0           

Inertia
150.057      -56.2535     -56.3136      0.218341     0.178521     0.128331    
-56.2535     150.105      -56.2559      0.178521     0.152147     0.10754     
-56.3136     -56.2559     150.015       0.128331     0.10754      0.297152    

Bond Length
0.61985481    0.0054715866

BB bond length
0.61985481    0.0054715866

Water EE distance
0             0           

PEG EE distance
8.371039      0.24486927  

BBB P2(x)
0.53159801    0.016934862 

BBB first bond length
0.61975103    0.0060741624

BBB second bond length
0.61992221    0.0056071572

BBB <phi**2>/<phi>**2
1.2274563     0.011962042 

Time = 27000
Temperature
1.0116395     0.0078313708

Pressure
23.499466     0.063429478 

CM Mom
4.0036531e-17  1.3525689e-17 
1.6384696e-16  2.6139123e-17 
-4.397707e-17  2.7423463e-17 
1.7668865e-16  2.7965997e-17 

CM Pos
7.5089595      0.010855992   
7.4966609      0.010229017   
7.5035084      0.011414899   
12.995661      0.013547542   

Stress
20.4545      -0.00657371  -0.00148898   0.120742     0.0382396    0.0613144   
-0.00657371  20.4464      0.0192495     0.0382396    0.0875125    0.0674216   
-0.00148898  0.0192495    20.5179       0.0613144    0.0674216    0.0647141   

Stress Spherical
0            0            0             0            0            0           
0            0            0             0            0            0           
0            0            0             0            0            0           

Inertia
149.995      -56.2814     -56.3143      0.282237     0.145143     0.156494    
-56.2814     150.191      -56.2484      0.145143     0.258598     0.185982    
-56.3143     -56.2484     150.073       0.156494     0.185982     0.243632    

Bond Length
0.6193674     0.0045844065

BB bond length
0.6193674     0.0045844065

Water EE distance
0             0           

PEG EE distance
7.1156804     0.40022433  

BBB P2(x)
0.51696129    0.018691353 

BBB first bond length
0.61898332    0.0045720138

BBB second bond length
0.61912023    0.0045182857

BBB <phi**2>/<phi>**2
1.2287145     0.021343302 

Time = 28000
Temperature
1.0081513     0.0082036329

Pressure
23.480627     0.084861915 

CM Mom
3.7731309e-17  1.5132591e-17 
1.5169218e-16  1.6926763e-17 
-5.90542e-17   2.0816617e-17 
1.6931181e-16  1.4280036e-17 

CM Pos
7.5055426      0.0075473225  
7.5005234      0.014302612   
7.5104906      0.010857009   
12.999952      0.010426434   

Stress
20.5177      0.0126454    -0.00694031   0.0978523    0.0705697    0.034326    
0.0126454    20.467       0.0168659     0.0705697    0.108724     0.0711701   
-0.00694031  0.0168659    20.4089       0.034326     0.0711701    0.0884988   

Stress Spherical
0            0            0             0            0            0           
