Time = 1000
Temperature
   1.1249417    0.18394279

Pressure
   23.821763    0.84092559

CM Mom
-3.988548e-17  1.4676247e-17 
-2.8308e-18    2.5571749e-17 
-1.3281937e-16 2.8120123e-16 
2.424985e-16   2.0094219e-16 

CM Pos
7.5065948      0.021448322   
7.4948629      0.018451472   
7.5011336      0.014813315   
12.99191       0.015069463   

Stress
20.4547      -0.0149381   0.0302231     0.320982     0.0718516    0.0881077   
-0.0149381   20.458       0.0173346     0.0718516    0.281603     0.0942629   
0.0302231    0.0173346    20.4291       0.0881077    0.0942629    0.305661    

Stress Spherical
0            0            0             0            0            0           
0            0            0             0            0            0           
0            0            0             0            0            0           

Inertia
150.079      -56.2539     -56.3007      1.3463       0.100512     0.263338    
-56.2539     150.261      -56.2251      0.100512     1.71442      0.19969     
-56.3007     -56.2251     150.148       0.263338     0.19969      1.45789     

Bond Length
0.61763552    0.0078088364

BB bond length
0.61763552    0.0078088364

Water EE distance
0             0           

PEG EE distance
6.7516564     0.120456    

BBB P2(x)
0.47002558    0.069384847 

BBB first bond length
0.61765426    0.0077214985

BBB second bond length
0.61773077    0.0077639771

BBB <phi**2>/<phi>**2
1.2210824     0.018453666 

Time = 2000
Temperature
1.0117015     0.0066965833

Pressure
23.247407     0.085189714 

CM Mom
-4.6545146e-17 3.6818162e-17 
-8.7047341e-18 2.848819e-17  
-1.1354728e-16 6.3872411e-17 
1.3406188e-16  5.8390571e-17 

CM Pos
7.5022981      0.011245741   
7.504049       0.011234022   
7.4977258      0.0099445817  
12.992741      0.012060161   

Stress
20.2015      -0.0137976   0.0365651     0.1308       0.103809     0.0582618   
-0.0137976   20.1852      0.030149      0.103809     0.10007      0.0538112   
0.0365651    0.030149     20.2511       0.0582618    0.0538112    0.0868674   

Stress Spherical
0            0            0             0            0            0           
0            0            0             0            0            0           
0            0            0             0            0            0           

Inertia
149.919      -56.3102     -56.2451      0.463783     0.133118     0.146208    
-56.3102     149.907      -56.255       0.133118     0.526808     0.139756    
-56.2451     -56.255      149.987       0.146208     0.139756     0.459483    

Bond Length
0.61754697    0.0013676189

BB bond length
0.61754697    0.0013676189

Water EE distance
0             0           

PEG EE distance
6.4837384     0.10229233  

BBB P2(x)
0.50667876    0.0094002108

BBB first bond length
0.61756548    0.0013989173

BBB second bond length
0.61732738    0.0014296341

BBB <phi**2>/<phi>**2
1.2290693     0.0088261497

