Time = 1000
Temperature
    1.043682   0.059006843

Pressure
   23.666643    0.26473021

CM Mom
1.8337878e-17  2.3255074e-17 
-4.729967e-18  3.4225314e-17 
-2.9755924e-17 1.196357e-16  
1.1790486e-16  5.8029146e-17 

CM Pos
7.5075367      0.02635007    
7.4991321      0.040679671   
7.4964128      0.030459035   
12.992267      0.023992985   

Stress
20.5577      0.0213715    0.0315359     0.12018      0.062666     0.0681084   
0.0213715    20.5334      0.0408968     0.062666     0.146178     0.09177     
0.0315359    0.0408968    20.5204       0.0681084    0.09177      0.141269    

Stress Spherical
0            0            0             0            0            0           
0            0            0             0            0            0           
0            0            0             0            0            0           

Inertia
149.979      -56.2877     -56.3021      0.593219     0.395308     0.154145    
-56.2877     150.08       -56.2687      0.395308     0.739456     0.139366    
-56.3021     -56.2687     150.144       0.154145     0.139366     0.369485    

Bond Length
0.61921827    0.0030861555

BB bond length
0.61921827    0.0030861555

Water EE distance
0             0           

PEG EE distance
6.8959689     0.18852656  

BBB P2(x)
0.47883662    0.058965783 

BBB first bond length
0.61909733    0.0032253155

BBB second bond length
0.61925756    0.0030230414

BBB <phi**2>/<phi>**2
1.2162005     0.019912832 

Time = 2000
Temperature
1.0178524     0.0074041112

Pressure
23.499902     0.083560823 

CM Mom
-1.2473279e-17 1.1179371e-17 
-2.5532661e-17 2.0302345e-17 
-5.3903961e-17 2.2256596e-17 
6.41568e-17    2.5091056e-17 

CM Pos
7.5020525      0.0092907711  
7.4994286      0.014443788   
7.4950788      0.016975065   
12.988417      0.0053989729  

Stress
20.4393      0.00696392   -0.0261746    0.0815298    0.0803785    0.0528556   
0.00696392   20.45        -0.0375217    0.0803785    0.0702545    0.0556212   
-0.0261746   -0.0375217   20.4543       0.0528556    0.0556212    0.113734    

Stress Spherical
0            0            0             0            0            0           
0            0            0             0            0            0           
0            0            0             0            0            0           

Inertia
149.818      -56.2748     -56.2682      0.329373     0.139259     0.0920785   
-56.2748     149.853      -56.2544      0.139259     0.391152     0.102326    
-56.2682     -56.2544     149.913       0.0920785    0.102326     0.134786    

Bond Length
0.6192293     0.003631004 

BB bond length
0.6192293     0.003631004 

Water EE distance
0             0           

PEG EE distance
6.6063331     0.19639758  

BBB P2(x)
0.52150046    0.014475596 

BBB first bond length
0.61911418    0.0036803747

BBB second bond length
0.61919763    0.003554773 

BBB <phi**2>/<phi>**2
1.2299793     0.011750655 

