Time = 1000
Temperature
   1.0989379    0.12819715

Pressure
   23.694505    0.64832124

CM Mom
-2.5196657e-17 1.8562408e-17 
-5.7275544e-18 2.7093822e-17 
1.1330682e-16  2.211042e-16  
1.6903596e-16  1.8681184e-16 

CM Pos
7.498857       0.010857961   
7.4982613      0.015724824   
7.5065658      0.013866934   
12.992526      0.011273172   

Stress
20.4201      0.0106484    0.00998571    0.303355     0.0724875    0.0949992   
0.0106484    20.3675      0.00716882    0.0724875    0.269165     0.0647512   
0.00998571   0.00716882   20.4153       0.0949992    0.0647512    0.30227     

Stress Spherical
0            0            0             0            0            0           
0            0            0             0            0            0           
0            0            0             0            0            0           

Inertia
150.19       -56.2186     -56.2526      1.34713      0.171025     0.136085    
-56.2186     150.18       -56.3227      0.171025     1.12696      0.160403    
-56.2526     -56.3227     150.036       0.136085     0.160403     1.08907     

Bond Length
0.61840422    0.0051698388

BB bond length
0.61840422    0.0051698388

Water EE distance
0             0           

PEG EE distance
7.0207661     0.16498597  

BBB P2(x)
0.47765119    0.062838866 

BBB first bond length
0.6183608     0.0049507878

BBB second bond length
0.61856417    0.0050603836

BBB <phi**2>/<phi>**2
1.2250587     0.015515778 

Time = 2000
Temperature
1.0125918     0.0081910524

Pressure
23.25387      0.080296917 

CM Mom
-5.2792257e-17 2.705956e-17  
2.5283779e-17  2.1056846e-17 
3.5449756e-18  4.4931451e-17 
7.480524e-17   3.2209947e-17 

CM Pos
7.4991536      0.0094362461  
7.5019686      0.010045797   
7.5044897      0.014811655   
12.993631      0.013096038   

Stress
20.2758      0.0351705    0.0139835     0.133928     0.0507752    0.0517687   
0.0351705    20.1988      -0.00311749   0.0507752    0.120494     0.0664527   
0.0139835    -0.00311749  20.1827       0.0517687    0.0664527    0.129899    

Stress Spherical
0            0            0             0            0            0           
0            0            0             0            0            0           
0            0            0             0            0            0           

Inertia
149.952      -56.2736     -56.2808      0.489275     0.125417     0.178453    
-56.2736     149.931      -56.2962      0.125417     0.458986     0.139051    
-56.2808     -56.2962     149.879       0.178453     0.139051     0.421759    

Bond Length
0.61864765    0.0033317511

BB bond length
0.61864765    0.0033317511

Water EE distance
0             0           

PEG EE distance
7.263691      0.096265848 

BBB P2(x)
0.52444591    0.013552216 

BBB first bond length
0.61869244    0.0033181113

BBB second bond length
0.61850178    0.0032578005

BBB <phi**2>/<phi>**2
1.2302686     0.0092679906

Time = 3000
Temperature
1.0101421     0.0076581377

Pressure
23.233268     0.07951312  

CM Mom
-7.3340301e-17 9.9720759e-18 
1.9549845e-17  1.3730987e-17 
-2.0228231e-17 1.3090364e-17 
8.0717379e-17  1.0687474e-17 

CM Pos
7.5043439      0.0064708129  
7.499151       0.01238593    
7.4960369      0.0090508321  
12.990119      0.0093669039  

Stress
20.2119      -0.0185539   -0.0191665    0.0900569    0.0844593    0.0572111   
-0.0185539   20.2053      -0.00815691   0.0844593    0.115063     0.0808643   
-0.0191665   -0.00815691  20.2003       0.0572111    0.0808643    0.125656    

Stress Spherical
0            0            0             0            0            0           
0            0            0             0            0            0           
0            0            0             0            0            0           

Inertia
149.866      -56.2949     -56.2593      0.301183     0.0957892    0.0840669   
-56.2949     149.955      -56.2184      0.0957892    0.160454     0.158736    
-56.2593     -56.2184     149.993       0.0840669    0.158736     0.232891    

Bond Length
0.61834841    0.0031707194

BB bond length
0.61834841    0.0031707194

Water EE distance
0             0           

PEG EE distance
7.3046907     0.18872155  

BBB P2(x)
0.5126337     0.0059887189

BBB first bond length
0.61824458    0.0031313864

BBB second bond length
0.61823042    0.0032542551

BBB <phi**2>/<phi>**2
1.2251647     0.007548035 

Time = 4000
Temperature
1.014423      0.0091514744

Pressure
23.244305     0.091475574 

CM Mom
-7.7005053e-17 2.5695854e-17 
1.7685913e-17  1.5024139e-17 
-1.3538904e-17 2.1345388e-17 
8.5202315e-17  2.254028e-17  

CM Pos
7.5027127      0.014347839   
7.504193       0.0085240383  
7.5015238      0.0089911061  
12.995259      0.0087490507  

Stress
20.2013      0.0388159    0.0365594     0.105082     0.0744443    0.0734299   
0.0388159    20.1989      -0.0460577    0.0744443    0.113365     0.046365    
0.0365594    -0.0460577   20.212        0.0734299    0.046365     0.14423     

Stress Spherical
0            0            0             0            0            0           
0            0            0             0            0            0           
0            0            0             0            0            0           

Inertia
150.039      -56.3395     -56.2612      0.218376     0.149884     0.117075    
-56.3395     150.003      -56.2847      0.149884     0.186446     0.0919301   
-56.2612     -56.2847     150.053       0.117075     0.0919301    0.260138    

Bond Length
0.61812578    0.0013523486

BB bond length
0.61812578    0.0013523486

Water EE distance
0             0           

PEG EE distance
7.7834918     0.16668688  

BBB P2(x)
0.51137185    0.0076777616

BBB first bond length
0.61801467    0.001347306 

BBB second bond length
0.61834908    0.0015297633

BBB <phi**2>/<phi>**2
1.2254893     0.0097696592

Time = 5000
Temperature
1.0099801     0.0075368482

Pressure
23.266269     0.092514457 

CM Mom
-5.9194973e-17 1.3827928e-17 
-4.2010664e-19 2.1830103e-17 
-1.246106e-17  1.8851041e-17 
6.7763339e-17  9.5265925e-18 

CM Pos
7.4960394      0.013293684   
7.5080487      0.022634247   
7.5007823      0.010102553   
12.993217      0.015327875   

Stress
20.2101      -0.0190051   0.0432294     0.116032     0.0714584    0.0648863   
-0.0190051   20.2419      -0.0170326    0.0714584    0.117456     0.0490034   
0.0432294    -0.0170326   20.2659       0.0648863    0.0490034    0.0708976   

Stress Spherical
0            0            0             0            0            0           
0            0            0             0            0            0           
0            0            0             0            0            0           

Inertia
150.083      -56.3187     -56.2592      0.346205     0.235565     0.148119    
-56.3187     149.889      -56.3534      0.235565     0.224095     0.202369    
-56.2592     -56.3534     150.012       0.148119     0.202369     0.386886    

Bond Length
0.6180178     0.0023917096

BB bond length
0.6180178     0.0023917096

Water EE distance
0             0           

PEG EE distance
7.5749692     0.12090139  

BBB P2(x)
0.51061803    0.0090713282

BBB first bond length
0.61827497    0.0022626241

BBB second bond length
0.61770935    0.0022967177

BBB <phi**2>/<phi>**2
1.2254088     0.010761359 

Time = 6000
Temperature
1.0048415     0.0061157288

Pressure
23.199647     0.070077724 

CM Mom
-5.9434319e-17 2.4161559e-17 
1.8426794e-17  2.0956265e-17 
-2.3415114e-17 1.6104008e-17 
7.3531939e-17  1.7192778e-17 

CM Pos
7.4970775      0.0098646575  
7.4945539      0.014106708   
7.4992994      0.011827367   
12.985157      0.011697024   

Stress
20.1943      0.0111715    0.00471764    0.0971661    0.100965     0.0700636   
0.0111715    20.1588      -0.0149749    0.100965     0.100093     0.0767935   
0.00471764   -0.0149749   20.2112       0.0700636    0.0767935    0.0597812   

Stress Spherical
0            0            0             0            0            0           
0            0            0             0            0            0           
0            0            0             0            0            0           

Inertia
149.874      -56.1841     -56.216       0.197184     0.165828     0.171522    
-56.1841     149.9        -56.1925      0.165828     0.234115     0.130194    
-56.216      -56.1925     149.835       0.171522     0.130194     0.283456    

Bond Length
0.61909813    0.002315279 

BB bond length
0.61909813    0.002315279 

Water EE distance
0             0           

PEG EE distance
7.5851859     0.11138482  

BBB P2(x)
0.5133608     0.010268806 

BBB first bond length
0.6190881     0.0022933417

BBB second bond length
0.61934946    0.0022047072

BBB <phi**2>/<phi>**2
1.2246032     0.0094226795

Time = 7000
Temperature
1.0109727     0.0099730384

Pressure
23.211425     0.1003844   

CM Mom
-6.7336151e-17 1.8181552e-17 
4.4458313e-18  2.4623406e-17 
-1.1873569e-17 1.4378484e-17 
7.4655115e-17  1.6283117e-17 

CM Pos
7.5004883      0.013043183   
7.4978164      0.012688509   
7.5053794      0.011231298   
12.992522      0.011653732   

Stress
20.2185      -0.00466529  0.0225415     0.147296     0.0649776    0.0726446   
-0.00466529  20.177       -0.0261843    0.0649776    0.142874     0.0531381   
0.0225415    -0.0261843   20.149        0.0726446    0.0531381    0.134213    

Stress Spherical
0            0            0             0            0            0           
0            0            0             0            0            0           
0            0            0             0            0            0           

Inertia
150.018      -56.2222     -56.2412      0.300222     0.123222     0.122578    
-56.2222     150.043      -56.2708      0.123222     0.273005     0.15359     
-56.2412     -56.2708     149.95        0.122578     0.15359      0.187107    

Bond Length
0.61943394    0.0025607616

BB bond length
0.61943394    0.0025607616

Water EE distance
0             0           

PEG EE distance
7.5426704     0.13760156  

BBB P2(x)
0.51443061    0.0087205122

BBB first bond length
0.61944579    0.0023643019

BBB second bond length
0.61931252    0.0025470499

BBB <phi**2>/<phi>**2
1.2291954     0.0049108125

Time = 8000
Temperature
1.0138871     0.01018955  

Pressure
23.258623     0.07141493  

CM Mom
-7.014107e-17  8.6529635e-18 
-6.7206086e-18 1.7785498e-17 
-2.6625321e-17 2.1717609e-17 
7.9588154e-17  1.4227509e-17 

CM Pos
7.4961877      0.012952666   
7.4975198      0.0089087919  
7.5001891      0.012337007   
12.986868      0.011486131   

Stress
20.2236      -0.0095009   0.0675374     0.0862475    0.0729863    0.0807963   
-0.0095009   20.2074      -0.00434169   0.0729863    0.0627554    0.0569249   
0.0675374    -0.00434169  20.2289       0.0807963    0.0569249    0.11856     

Stress Spherical
0            0            0             0            0            0           
0            0            0             0            0            0           
0            0            0             0            0            0           

Inertia
149.963      -56.2134     -56.206       0.156265     0.176803     0.134269    
-56.2134     149.916      -56.2035      0.176803     0.302627     0.112106    
-56.206      -56.2035     149.893       0.134269     0.112106     0.240711    

Bond Length
0.61823659    0.002148643 

BB bond length
0.61823659    0.002148643 

Water EE distance
0             0           

PEG EE distance
7.2461975     0.16447918  

BBB P2(x)
0.51345792    0.0092513211

BBB first bond length
0.61810673    0.00213463  

BBB second bond length
0.61836623    0.0021118941

BBB <phi**2>/<phi>**2
1.2261365     0.0076638911

Time = 9000
Temperature
1.0085355     0.0099360462

Pressure
23.259642     0.099026516 

CM Mom
-5.4350987e-17 1.6931272e-17 
2.7092625e-17  1.9593271e-17 
-2.9880256e-17 1.8931124e-17 
7.3284214e-17  1.5467565e-17 

CM Pos
7.50034        0.01050801    
7.5013754      0.0098824758  
7.4994476      0.013177376   
12.991061      0.012610998   

Stress
20.2201      -0.0431465   0.035415      0.0919224    0.0686592    0.107893    
-0.0431465   20.2296      0.0103891     0.0686592    0.141719     0.0724607   
0.035415     0.0103891    20.2614       0.107893     0.0724607    0.102657    

Stress Spherical
0            0            0             0            0            0           
0            0            0             0            0            0           
0            0            0             0            0            0           

Inertia
149.987      -56.2669     -56.2409      0.243087     0.119251     0.123982    
-56.2669     149.975      -56.2643      0.119251     0.335312     0.110047    
-56.2409     -56.2643     150.019       0.123982     0.110047     0.214021    

Bond Length
0.61839117    0.0012298835

BB bond length
0.61839117    0.0012298835

Water EE distance
0             0           

PEG EE distance
7.1719197     0.24513808  

BBB P2(x)
0.50616972    0.009578173 

BBB first bond length
0.61831151    0.0012812835

BBB second bond length
0.61857257    0.001139823 

BBB <phi**2>/<phi>**2
1.2257038     0.0077658371

Time = 10000
Temperature
1.0084397     0.009209162 

Pressure
23.231095     0.10972946  

CM Mom
-7.6319464e-17 1.1926291e-17 
1.4033064e-17  1.2266714e-17 
-2.1540961e-17 2.394931e-17  
8.5162536e-17  9.9609724e-18 

CM Pos
7.4972258      0.013480951   
7.4938124      0.011336539   
7.5084936      0.01655927    
12.990128      0.016018306   

Stress
20.167       0.0195071    -0.0213098    0.119658     0.0914545    0.0696491   
0.0195071    20.2103      0.0207623     0.0914545    0.115291     0.0583643   
-0.0213098   0.0207623    20.249        0.0696491    0.0583643    0.176107    

Stress Spherical
0            0            0             0            0            0           
0            0            0             0            0            0           
0            0            0             0            0            0           

Inertia
150.015      -56.1788     -56.3066      0.287794     0.140894     0.236095    
-56.1788     150.08       -56.2845      0.140894     0.37316      0.181999    
-56.3066     -56.2845     149.862       0.236095     0.181999     0.244029    

Bond Length
0.61883825    0.0025673663

BB bond length
0.61883825    0.0025673663

Water EE distance
0             0           

PEG EE distance
7.1291769     0.12030959  

BBB P2(x)
0.50118655    0.011452742 

BBB first bond length
0.61880348    0.0025791092

BBB second bond length
0.618679      0.0026061002

BBB <phi**2>/<phi>**2
1.2274897     0.0098004978

Time = 11000
Temperature
1.0120468     0.0080535656

Pressure
23.22804      0.076930894 

CM Mom
-9.6086153e-17 1.5009565e-17 
-5.2728734e-18 1.9802169e-17 
-3.5469513e-17 2.0511037e-17 
1.0645502e-16  1.4962727e-17 

CM Pos
7.4923321      0.015138403   
7.505676       0.0088032558  
7.5013755      0.017413728   
12.990048      0.010251572   

Stress
20.2126      0.0208053    -0.0259965    0.116832     0.0727999    0.0636584   
0.0208053    20.1502      0.0253545     0.0727999    0.0833616    0.042183    
-0.0259965   0.0253545    20.2219       0.0636584    0.042183     0.0724625   

Stress Spherical
0            0            0             0            0            0           
0            0            0             0            0            0           
0            0            0             0            0            0           

Inertia
150.099      -56.2189     -56.2308      0.363721     0.15071      0.0859597   
-56.2189     149.885      -56.3172      0.15071      0.185941     0.175615    
-56.2308     -56.3172     149.968       0.0859597    0.175615     0.209391    

Bond Length
0.61790617    0.002280055 

BB bond length
0.61790617    0.002280055 

Water EE distance
0             0           

PEG EE distance
7.0722198     0.11745331  

BBB P2(x)
0.50051527    0.013415207 

BBB first bond length
0.61771218    0.0021620425

BBB second bond length
0.61783271    0.0019844204

BBB <phi**2>/<phi>**2
1.226947      0.010016812 

Time = 12000
Temperature
1.0086482     0.0086494143

Pressure
23.22677      0.069885176 

CM Mom
-1.0591119e-16 1.4248091e-17 
-4.6451007e-17 1.8371798e-17 
-4.0590917e-17 1.7754274e-17 
1.2538096e-16  1.2564157e-17 

CM Pos
7.5031576      0.013898615   
7.4979647      0.0074502363  
7.5004857      0.018619686   
12.991325      0.013821509   

Stress
20.2035      0.0178757    0.00273508    0.106368     0.0586294    0.0478057   
0.0178757    20.2033      -0.0220907    0.0586294    0.0839299    0.0651945   
0.00273508   -0.0220907   20.2046       0.0478057    0.0651945    0.111856    

Stress Spherical
0            0            0             0            0            0           
0            0            0             0            0            0           
0            0            0             0            0            0           

Inertia
149.956      -56.2363     -56.2107      0.339819     0.119937     0.16048     
-56.2363     150.029      -56.2759      0.119937     0.290802     0.178982    
-56.2107     -56.2759     150.009       0.16048      0.178982     0.225326    

Bond Length
0.61819043    0.0022091881

BB bond length
0.61819043    0.0022091881

Water EE distance
0             0           

PEG EE distance
7.0217601     0.15945464  

BBB P2(x)
0.51085972    0.011208805 

BBB first bond length
0.6180501     0.0022646765

BBB second bond length
0.61843309    0.0024382914

BBB <phi**2>/<phi>**2
1.2284489     0.0068332992

Time = 13000
Temperature
1.0117529     0.0086215231

Pressure
23.253771     0.074566763 

CM Mom
-1.1131577e-16 4.5338762e-18 
-2.5057399e-17 1.3861809e-17 
-4.2146217e-17 1.4893039e-17 
1.2323561e-16  6.5476798e-18 

CM Pos
7.4987088      0.010759283   
7.4988544      0.011714336   
7.4949988      0.00607103    
12.986096      0.0083573264  

Stress
20.1905      0.0166205    0.00923165    0.0516752    0.0617541    0.0580616   
0.0166205    20.2348      -0.0553073    0.0617541    0.122524     0.0656894   
0.00923165   -0.0553073   20.2392       0.0580616    0.0656894    0.115795    

Stress Spherical
0            0            0             0            0            0           
0            0            0             0            0            0           
0            0            0             0            0            0           

Inertia
149.909      -56.2167     -56.1927      0.194535     0.142574     0.0440627   
-56.2167     149.905      -56.1866      0.142574     0.133945     0.0788253   
-56.1927     -56.1866     149.977       0.0440627    0.0788253    0.24971     

Bond Length
0.61824126    0.0016167209

BB bond length
0.61824126    0.0016167209

Water EE distance
0             0           

PEG EE distance
7.8371552     0.1704854   

BBB P2(x)
0.51153173    0.0082492948

BBB first bond length
0.61833862    0.0015071105

BBB second bond length
0.61819904    0.001579683 

BBB <phi**2>/<phi>**2
1.2191382     0.0077394287

Time = 14000
Temperature
1.0128793     0.0058810099

Pressure
23.223764     0.10666114  

CM Mom
-1.1738935e-16 1.5829502e-17 
-1.7846437e-17 1.8368299e-17 
-3.152453e-17  1.6158461e-17 
1.2475438e-16  1.9441144e-17 

CM Pos
7.4994502      0.012986578   
7.4976681      0.011672962   
7.4984096      0.014536655   
12.987816      0.0082742019  

Stress
20.188       -0.0115865   0.0120216     0.112228     0.10175      0.0773565   
-0.0115865   20.2357      -0.0184871    0.10175      0.156882     0.0634808   
0.0120216    -0.0184871   20.1407       0.0773565    0.0634808    0.126543    

Stress Spherical
0            0            0             0            0            0           
0            0            0             0            0            0           
0            0            0             0            0            0           

Inertia
149.922      -56.2504     -56.2373      0.194839     0.172505     0.105429    
-56.2504     149.96       -56.2506      0.172505     0.222088     0.120511    
-56.2373     -56.2506     149.956       0.105429     0.120511     0.297394    

Bond Length
0.61762968    0.0024591175

BB bond length
0.61762968    0.0024591175

Water EE distance
0             0           

PEG EE distance
7.6750058     0.14004311  

BBB P2(x)
0.51763466    0.0059468404

BBB first bond length
0.61762096    0.0025531453

BBB second bond length
0.61769626    0.0025316232

BBB <phi**2>/<phi>**2
1.2268169     0.0073785301

Time = 15000
Temperature
1.0031747     0.0072696854

Pressure
23.194389     0.085255393 

CM Mom
-1.27979e-16   1.3074518e-17 
1.1933663e-17  2.0346296e-17 
-4.2072678e-17 3.172888e-17  
1.3958786e-16  1.9950237e-17 

CM Pos
7.5001917      0.015053181   
7.4889187      0.0057069347  
7.4984096      0.012952666   
12.983194      0.005471824   

Stress
20.1727      -0.0290545   -0.0475552    0.146727     0.0492722    0.0899701   
-0.0290545   20.177       -0.0111401    0.0492722    0.148634     0.0641303   
-0.0475552   -0.0111401   20.2138       0.0899701    0.0641303    0.0936851   

Stress Spherical
0            0            0             0            0            0           
0            0            0             0            0            0           
0            0            0             0            0            0           

Inertia
149.814      -56.1725     -56.2259      0.220661     0.147028     0.134123    
-56.1725     149.978      -56.1403      0.147028     0.176554     0.132887    
-56.2259     -56.1403     149.824       0.134123     0.132887     0.209295    

Bond Length
0.61884704    0.0018059439

BB bond length
0.61884704    0.0018059439

Water EE distance
0             0           

PEG EE distance
7.5554157     0.19339045  

BBB P2(x)
0.50727363    0.014370139 

BBB first bond length
0.61865145    0.001722545 

BBB second bond length
0.6186431     0.0019670248

BBB <phi**2>/<phi>**2
1.229843      0.011183061 

Time = 16000
Temperature
1.0068751     0.0073508915

Pressure
23.14637      0.05706436  

CM Mom
-1.4579374e-16 2.2420084e-17 
2.0589616e-17  2.4135385e-17 
-5.1490915e-17 2.2098814e-17 
1.5938542e-16  2.2380436e-17 

CM Pos
7.4981156      0.015105683   
7.4972232      0.021174996   
7.4992994      0.012688509   
12.987307      0.016322689   

Stress
20.1044      0.0324263    -0.0208535    0.105709     0.0818167    0.0644419   
0.0324263    20.1271      0.0359562     0.0818167    0.0743854    0.0693204   
-0.0208535   0.0359562    20.1547       0.0644419    0.0693204    0.107914    

Stress Spherical
0            0            0             0            0            0           
0            0            0             0            0            0           
0            0            0             0            0            0           

Inertia
149.924      -56.2394     -56.2075      0.344868     0.198018     0.123975    
-56.2394     149.938      -56.1929      0.198018     0.253286     0.204003    
-56.2075     -56.1929     149.913       0.123975     0.204003     0.459525    

Bond Length
0.62038239    0.0024779991

BB bond length
0.62038239    0.0024779991

Water EE distance
0             0           

PEG EE distance
7.27235       0.069326858 

BBB P2(x)
0.50946736    0.014421532 

BBB first bond length
0.62033033    0.0025845868

BBB second bond length
0.62005637    0.0024261316

BBB <phi**2>/<phi>**2
1.2221401     0.00834153  

Time = 17000
Temperature
1.0148611     0.0060786076

Pressure
23.25057      0.087185792 

CM Mom
-1.2609346e-16 1.5805502e-17 
2.1132653e-17  2.347159e-17  
-9.4384872e-17 1.548124e-17  
1.6140592e-16  1.5594187e-17 

CM Pos
7.4874384      0.020569698   
7.4998925      0.012566601   
7.4990028      0.014025409   
12.982518      0.013229679   

Stress
20.1642      0.0332708    -0.0740229    0.0917157    0.0696541    0.085376    
0.0332708    20.1934      0.013981      0.0696541    0.152371     0.0542023   
-0.0740229   0.013981     20.2694       0.085376     0.0542023    0.15342     

Stress Spherical
0            0            0             0            0            0           
0            0            0             0            0            0           
0            0            0             0            0            0           

Inertia
149.97       -56.1614     -56.1342      0.364745     0.190238     0.161708    
-56.1614     149.779      -56.2698      0.190238     0.249005     0.189977    
-56.1342     -56.2698     149.795       0.161708     0.189977     0.324031    

Bond Length
0.61781111    0.0016030943

BB bond length
0.61781111    0.0016030943

Water EE distance
0             0           

PEG EE distance
7.36341       0.15417733  

BBB P2(x)
0.51281641    0.0092535525

BBB first bond length
0.61787597    0.0017629621

BBB second bond length
0.61791145    0.0014780894

BBB <phi**2>/<phi>**2
1.2212442     0.0081630439

Time = 18000
Temperature
1.011596      0.0050865176

Pressure
23.230805     0.10446422  

CM Mom
-9.9942161e-17 2.9198154e-17 
7.5358514e-18  1.447697e-17  
-6.8917794e-17 1.4390471e-17 
1.2429267e-16  2.4807665e-17 

CM Pos
7.5043439      0.016056958   
7.4978164      0.018898692   
7.4973715      0.010235552   
12.990128      0.017165766   

Stress
20.1523      0.0390165    -0.000953562  0.102688     0.0657059    0.0624361   
0.0390165    20.223       -0.00762537   0.0657059    0.0975012    0.0751249   
-0.000953562 -0.00762537  20.2217       0.0624361    0.0751249    0.141655    

Stress Spherical
0            0            0             0            0            0           
0            0            0             0            0            0           
0            0            0             0            0            0           

Inertia
149.915      -56.2338     -56.2628      0.310705     0.220948     0.142356    
-56.2338     150.008      -56.2437      0.220948     0.316158     0.154566    
-56.2628     -56.2437     150.019       0.142356     0.154566     0.397053    

Bond Length
0.619508      0.0018738849

BB bond length
0.619508      0.0018738849

Water EE distance
0             0           

PEG EE distance
7.3585248     0.075847403 

BBB P2(x)
0.4991964     0.011356613 

BBB first bond length
0.61934477    0.0018471481

BBB second bond length
0.61944617    0.0019022678

BBB <phi**2>/<phi>**2
1.2225025     0.0088451043

Time = 19000
Temperature
1.0104667     0.0068031243

Pressure
23.252952     0.077842552 

CM Mom
-1.0466171e-16 2.6585814e-17 
2.1493215e-17  1.5269487e-17 
-5.8122343e-17 1.2579583e-17 
1.2403186e-16  2.2550915e-17 

CM Pos
7.4994502      0.0074870424  
7.503155       0.011244018   
7.4978164      0.011216603   
12.990634      0.0085614149  

Stress
20.2352      0.0307382    -0.0587824    0.152204     0.0825249    0.075784    
0.0307382    20.237       0.0343875     0.0825249    0.10272      0.0751699   
-0.0587824   0.0343875    20.2015       0.075784     0.0751699    0.0839817   

Stress Spherical
0            0            0             0            0            0           
0            0            0             0            0            0           
0            0            0             0            0            0           

Inertia
150.023      -56.2254     -56.2328      0.246503     0.104289     0.106118    
-56.2254     149.98       -56.2658      0.104289     0.198596     0.156669    
-56.2328     -56.2658     150.034       0.106118     0.156669     0.140642    

Bond Length
0.61833689    0.0016233695

BB bond length
0.61833689    0.0016233695

Water EE distance
0             0           

PEG EE distance
7.4396638     0.10416746  

BBB P2(x)
0.50385845    0.0086121589

BBB first bond length
0.61805933    0.0017396219

BBB second bond length
0.61809962    0.0017199493

BBB <phi**2>/<phi>**2
1.2240129     0.0069658938

Time = 20000
Temperature
1.0082038     0.0072757608

Pressure
23.239169     0.098362024 

CM Mom
-1.354018e-16  1.2378233e-17 
2.3513898e-17  1.8736422e-17 
-2.7144898e-17 1.9752413e-17 
1.4267279e-16  1.2739805e-17 

CM Pos
7.5084962      0.0099213418  
7.5019686      0.013188219   
7.5018204      0.013755474   
12.99749       0.0084594187  

Stress
20.1891      -0.0329789   0.0135392     0.102325     0.0669502    0.0535202   
-0.0329789   20.2209      0.0108984     0.0669502    0.111039     0.0653558   
0.0135392    0.0108984    20.2426       0.0535202    0.0653558    0.106329    

Stress Spherical
0            0            0             0            0            0           
0            0            0             0            0            0           
0            0            0             0            0            0           

Inertia
150.047      -56.3124     -56.3344      0.237953     0.0784816    0.158207    
-56.3124     150.17       -56.2954      0.0784816    0.215012     0.173594    
-56.3344     -56.2954     150.157       0.158207     0.173594     0.202084    

Bond Length
0.61968115    0.0016431891

BB bond length
0.61968115    0.0016431891

Water EE distance
0             0           

PEG EE distance
7.5795721     0.1266719   

BBB P2(x)
0.51299319    0.012898488 

BBB first bond length
0.61942649    0.0014706677

BBB second bond length
0.61956369    0.0016536168

BBB <phi**2>/<phi>**2
1.2253331     0.012340429 

Time = 21000
Temperature
1.0125559     0.0088816746

Pressure
23.261302     0.07557801  

CM Mom
-1.063007e-16  2.776758e-17  
3.0432898e-17  2.2800715e-17 
-3.0257282e-17 1.5841201e-17 
1.178211e-16   2.831157e-17  

CM Pos
7.5034542      0.012736081   
7.5050828      0.012718803   
7.5016721      0.012877746   
12.996288      0.013072868   

Stress
20.253       -0.030691    0.0205719     0.132486     0.0763203    0.0906481   
-0.030691    20.2026      0.0232688     0.0763203    0.116023     0.0803723   
0.0205719    0.0232688    20.2242       0.0906481    0.0803723    0.115053    

Stress Spherical
0            0            0             0            0            0           
0            0            0             0            0            0           
0            0            0             0            0            0           

Inertia
150.076      -56.2879     -56.2839      0.259834     0.127331     0.165147    
-56.2879     150.076      -56.2657      0.127331     0.29236      0.0997753   
-56.2839     -56.2657     150.118       0.165147     0.0997753    0.288912    

Bond Length
0.61905408    0.0027939369

BB bond length
0.61905408    0.0027939369

Water EE distance
0             0           

PEG EE distance
7.6046585     0.111742    

BBB P2(x)
0.51178802    0.0061647276

BBB first bond length
0.6190431     0.0026521009

BBB second bond length
0.61901059    0.0029528265

BBB <phi**2>/<phi>**2
1.2260752     0.010735146 

Time = 22000
Temperature
1.0080658     0.0053067941

Pressure
23.2524       0.09069378  

CM Mom
-8.7462991e-17 2.7127368e-17 
4.0269732e-17  1.4334593e-17 
-5.5684709e-17 1.532232e-17  
1.1331787e-16  2.6597398e-17 

CM Pos
7.5015263      0.015271465   
7.4984095      0.0065333833  
7.4998925      0.0092002436  
12.990291      0.011238179   

Stress
20.2126      -0.0566225   0.0182526     0.150589     0.11115      0.0982072   
-0.0566225   20.2598      0.00949451    0.11115      0.0900708    0.072908    
0.0182526    0.00949451   20.2211       0.0982072    0.072908     0.0886643   

Stress Spherical
0            0            0             0            0            0           
0            0            0             0            0            0           
0            0            0             0            0            0           

Inertia
149.966      -56.2499     -56.2792      0.0946795    0.131588     0.176365    
-56.2499     150.037      -56.2239      0.131588     0.288841     0.108389    
-56.2792     -56.2239     149.984       0.176365     0.108389     0.224839    

Bond Length
0.61914056    0.0031457554

BB bond length
0.61914056    0.0031457554

Water EE distance
0             0           

PEG EE distance
7.6604419     0.13016768  

BBB P2(x)
0.5152341     0.0059892841

BBB first bond length
0.61878       0.0030451522

BBB second bond length
0.61918039    0.003170762 

BBB <phi**2>/<phi>**2
1.2237202     0.0073031854

Time = 23000
Temperature
1.0133081     0.0091412534

Pressure
23.249676     0.10382616  

CM Mom
-1.1852975e-16 2.113253e-17  
5.0047295e-17  2.3809145e-17 
-6.5739143e-17 1.8204479e-17 
1.472532e-16   2.3173818e-17 

CM Pos
7.4979673      0.012468217   
7.4904016      0.0087493821  
7.5024135      0.010710116   
12.985071      0.011331239   

Stress
20.1893      0.00266271   -0.0292203    0.133348     0.0593559    0.058659    
0.00266271   20.222       0.0666032     0.0593559    0.133386     0.092132    
-0.0292203   0.0666032    20.227        0.058659     0.092132     0.143862    

Stress Spherical
0            0            0             0            0            0           
0            0            0             0            0            0           
0            0            0             0            0            0           

Inertia
149.894      -56.1586     -56.2703      0.265829     0.104914     0.166199    
-56.1586     149.998      -56.2004      0.104914     0.257746     0.107979    
-56.2703     -56.2004     149.829       0.166199     0.107979     0.216013    

Bond Length
0.61886566    0.0023134114

BB bond length
0.61886566    0.0023134114

Water EE distance
0             0           

PEG EE distance
7.4790464     0.11434476  

BBB P2(x)
0.51369004    0.0054850762

BBB first bond length
0.61861455    0.0024157855

BBB second bond length
0.61903804    0.0022482961

BBB <phi**2>/<phi>**2
1.2311652     0.010964184 

Time = 24000
Temperature
1.0105478     0.005107412 

Pressure
23.273159     0.071076739 

CM Mom
-1.5072814e-16 1.7793141e-17 
6.1388391e-17  1.1065593e-17 
-8.065087e-17  3.062972e-17  
1.8393902e-16  2.3145862e-17 

CM Pos
7.4997468      0.013592235   
7.4982613      0.014118395   
7.4975198      0.018128978   
12.987815      0.01720359    

Stress
20.2191      0.0308264    0.0137227     0.0956699    0.0493393    0.0404443   
0.0308264    20.2921      0.0303207     0.0493393    0.10548      0.0518907   
0.0137227    0.0303207    20.2223       0.0404443    0.0518907    0.124487    

Stress Spherical
0            0            0             0            0            0           
0            0            0             0            0            0           
0            0            0             0            0            0           

Inertia
149.914      -56.2108     -56.2387      0.4508       0.159888     0.157614    
-56.2108     149.943      -56.2012      0.159888     0.294034     0.213544    
-56.2387     -56.2012     149.952       0.157614     0.213544     0.326631    

Bond Length
0.61834135    0.0022694302

BB bond length
0.61834135    0.0022694302

Water EE distance
0             0           

PEG EE distance
7.2652602     0.12199345  

BBB P2(x)
0.51696512    0.012115493 

BBB first bond length
0.61838831    0.002317738 

BBB second bond length
0.61822812    0.0024844753

BBB <phi**2>/<phi>**2
1.2250536     0.0084324949

Time = 25000
Temperature
1.0090034     0.0031461391

Pressure
23.237407     0.11741204  

CM Mom
-1.3989815e-16 1.3729859e-17 
5.5823624e-17  9.0111702e-18 
-5.9204234e-17 1.469394e-17  
1.6276081e-16  1.3691342e-17 

CM Pos
7.495298       0.016150502   
7.5004857      0.0073387106  
7.500634       0.0099080335  
12.988323      0.013101168   

Stress
20.2082      -0.0829339   0.045404      0.123744     0.101156     0.0383731   
-0.0829339   20.2554      0.0123102     0.101156     0.10441      0.0673525   
0.045404     0.0123102    20.1766       0.0383731    0.0673525    0.167377    

Stress Spherical
0            0            0             0            0            0           
0            0            0             0            0            0           
0            0            0             0            0            0           

Inertia
150.014      -56.2031     -56.1863      0.318666     0.163768     0.12354     
-56.2031     149.924      -56.2691      0.163768     0.274802     0.133125    
-56.1863     -56.2691     149.935       0.12354      0.133125     0.273617    

Bond Length
0.61890089    0.0026144385

BB bond length
0.61890089    0.0026144385

Water EE distance
0             0           

PEG EE distance
7.6429474     0.18383664  

BBB P2(x)
0.51758389    0.0083689729

BBB first bond length
0.61889296    0.002347583 

BBB second bond length
0.61878085    0.0024999059

BBB <phi**2>/<phi>**2
1.224628      0.010527861 

Time = 26000
Temperature
1.0089923     0.007517062 

Pressure
23.275185     0.078592955 

CM Mom
-1.5473713e-16 2.3503556e-17 
7.9970426e-17  1.4974911e-17 
-6.771304e-17  1.9473497e-17 
1.8885761e-16  2.031231e-17  

CM Pos
7.5016746      0.011977946   
7.5105697      0.015173228   
7.5034516      0.012215192   
12.999458      0.013651285   

Stress
20.2559      -0.0290642   0.00761981    0.0796122    0.0735384    0.0617171   
-0.0290642   20.2713      -0.0105979    0.0735384    0.126624     0.0787394   
0.00761981   -0.0105979   20.2264       0.0617171    0.0787394    0.0961812   

Stress Spherical
0            0            0             0            0            0           
0            0            0             0            0            0           
0            0            0             0            0            0           

Inertia
150.208      -56.3285     -56.3122      0.372145     0.131954     0.128568    
-56.3285     150.09       -56.3312      0.131954     0.226831     0.189419    
-56.3122     -56.3312     150.192       0.128568     0.189419     0.238068    

Bond Length
0.61899251    0.0010188925

BB bond length
0.61899251    0.0010188925

Water EE distance
0             0           

PEG EE distance
7.822596      0.1539363   

BBB P2(x)
0.51333149    0.0063669143

BBB first bond length
0.61918183    0.00081785313

BBB second bond length
0.61912971    0.0010499989

BBB <phi**2>/<phi>**2
1.2255776     0.0085051839

Time = 27000
Temperature
1.0116755     0.0070432861

Pressure
23.238131     0.069532218 

CM Mom
-1.4123458e-16 1.453973e-17  
8.1512487e-17  1.2064017e-17 
-8.289025e-17  1.7052929e-17 
1.8406462e-16  1.5173968e-17 

CM Pos
7.495298       0.0086736503  
7.5003374      0.011390725   
7.4990028      0.016976333   
12.987295      0.016288501   

Stress
20.2348      -0.0390586   0.011191      0.103793     0.0710216    0.0897279   
-0.0390586   20.2282      0.0160953     0.0710216    0.0960685    0.0787034   
0.011191     0.0160953    20.1553       0.0897279    0.0787034    0.0811876   

Stress Spherical
0            0            0             0            0            0           
0            0            0             0            0            0           
0            0            0             0            0            0           

Inertia
149.988      -56.2369     -56.2032      0.366299     0.166414     0.18353     
-56.2369     149.918      -56.269       0.166414     0.319192     0.195506    
-56.2032     -56.269      149.925       0.18353      0.195506     0.265298    

Bond Length
0.61976489    0.0018320385

BB bond length
0.61976489    0.0018320385

Water EE distance
0             0           

PEG EE distance
7.5175961     0.096379813 

BBB P2(x)
0.51182923    0.010502923 

BBB first bond length
0.62013675    0.0018462759

BBB second bond length
0.6195636     0.0017783757

BBB <phi**2>/<phi>**2
1.2283851     0.0096844248

Time = 28000
Temperature
1.0114534     0.0061420458

Pressure
23.262513     0.12295653  

CM Mom
-1.2988457e-16 2.1516673e-17 
8.8623567e-17  1.3859058e-17 
-9.1029507e-17 1.2809931e-17 
1.8265709e-16  2.1587775e-17 

CM Pos
7.4955946      0.01380415    
7.4994476      0.0076540709  
7.4994476      0.012684175   
12.987213      0.0088028897  

Stress
20.2648      0.00524284   0.0312746     0.147479     0.0562252    0.0656409   
0.00524284   20.2087      -0.0426191    0.0562252    0.149722     0.0763446   
0.0312746    -0.0426191   20.22         0.0656409    0.0763446    0.165947    

Stress Spherical
0            0            0             0            0            0           
