Time = 1000
Temperature
   1.0281883   0.039254341

Pressure
   23.598366    0.19138428

CM Mom
2.7329582e-18  1.0734359e-17 
4.8703491e-18  4.0489968e-17 
1.7196007e-17  2.0126859e-17 
4.2013029e-17  2.6861718e-17 

CM Pos
7.4969977      0.023201534   
7.4945302      0.013567506   
7.4945582      0.0260939     
12.982393      0.015526757   

Stress
20.4694      -0.0034183   -0.027728     0.109273     0.0805892    0.0518113   
-0.0034183   20.5461      0.0210459     0.0805892    0.142874     0.0828848   
-0.027728    0.0210459    20.5496       0.0518113    0.0828848    0.0979556   

Stress Spherical
0            0            0             0            0            0           
0            0            0             0            0            0           
0            0            0             0            0            0           

Inertia
149.821      -56.2129     -56.1838      0.231039     0.243026     0.202379    
-56.2129     149.869      -56.1402      0.243026     0.378817     0.174944    
-56.1838     -56.1402     149.883       0.202379     0.174944     0.865154    

Bond Length
0.61861186    0.0045205879

BB bond length
0.61861186    0.0045205879

Water EE distance
0             0           

PEG EE distance
7.1482449     0.63079376  

BBB P2(x)
0.47144576    0.055512743 

BBB first bond length
0.6184228     0.0050635606

BBB second bond length
0.61868676    0.0040565402

BBB <phi**2>/<phi>**2
1.2186135     0.024927482 

Time = 2000
Temperature
1.0077288     0.0068098088

Pressure
23.472193     0.07736535  

CM Mom
1.6638504e-17  1.8350551e-17 
6.9423293e-19  1.4930362e-17 
1.8277482e-17  2.7488147e-17 
3.6739671e-17  2.4017522e-17 

CM Pos
7.4993742      0.016849433   
7.4995802      0.013722716   
7.4991626      0.017117025   
12.989315      0.014757874   

Stress
20.4322      -0.00728855  -0.0131855    0.068766     0.0720614    0.083256    
-0.00728855  20.4665      -0.00111652   0.0720614    0.158767     0.0581208   
-0.0131855   -0.00111652  20.4715       0.083256     0.0581208    0.0997196   

Stress Spherical
0            0            0             0            0            0           
0            0            0             0            0            0           
0            0            0             0            0            0           

Inertia
149.943      -56.2225     -56.2196      0.272192     0.161519     0.260424    
-56.2225     149.949      -56.2291      0.161519     0.397703     0.167878    
-56.2196     -56.2291     149.934       0.260424     0.167878     0.326164    

Bond Length
0.61993443    0.003111698 

BB bond length
0.61993443    0.003111698 

Water EE distance
0             0           

PEG EE distance
6.2821603     0.64781326  

BBB P2(x)
0.51196272    0.013967782 

BBB first bond length
0.61971537    0.0033720119

BBB second bond length
0.61988628    0.002753476 

BBB <phi**2>/<phi>**2
1.2302704     0.01236394  

