Time = 1000
Temperature
   1.0308913    0.03799577

Pressure
   23.611665    0.12150156

CM Mom
-5.2461502e-17 1.1610177e-17 
-1.9084707e-18 1.6278689e-17 
2.9864735e-17  2.2677654e-17 
6.6145125e-17  1.3661776e-17 

CM Pos
7.4973671      0.012708046   
7.5069127      0.02788123    
7.5056593      0.02510148    
12.996177      0.011193353   

Stress
20.5233      -0.00814082  -0.0110512    0.0880361    0.0512227    0.0781983   
-0.00814082  20.5421      0.0113751     0.0512227    0.0776776    0.0471662   
-0.0110512   0.0113751    20.5181       0.0781983    0.0471662    0.0917842   

Stress Spherical
0            0            0             0            0            0           
0            0            0             0            0            0           
0            0            0             0            0            0           

Inertia
150.177      -56.3005     -56.2191      0.288495     0.264411     0.204462    
-56.3005     150.038      -56.368       0.264411     0.285176     0.111034    
-56.2191     -56.368      150.034       0.204462     0.111034     0.524308    

Bond Length
0.61954156    0.0045387268

BB bond length
0.61954156    0.0045387268

Water EE distance
0             0           

PEG EE distance
6.9306412     0.54923405  

BBB P2(x)
0.49123795    0.060844083 

BBB first bond length
0.61962619    0.0043341533

BBB second bond length
0.61989466    0.0044692974

BBB <phi**2>/<phi>**2
1.2182298     0.019776013 

Time = 2000
Temperature
1.0106335     0.010236047 

Pressure
23.535676     0.062279668 

CM Mom
-7.7560834e-17 2.1232964e-17 
2.0435372e-17  9.5405406e-18 
3.9519255e-17  1.8836335e-17 
9.2486441e-17  1.8384376e-17 

CM Pos
7.5016758      0.0080955622  
7.4933925      0.018430924   
7.4952592      0.0058757092  
12.984813      0.0079975955  

Stress
20.4908      -0.00791169  0.00751767    0.115042     0.062127     0.0828895   
-0.00791169  20.5492      -0.0298156    0.062127     0.145076     0.0526529   
0.00751767   -0.0298156   20.4973       0.0828895    0.0526529    0.0613804   

Stress Spherical
0            0            0             0            0            0           
0            0            0             0            0            0           
0            0            0             0            0            0           

Inertia
149.803      -56.2196     -56.1857      0.302449     0.114121     0.0905634   
-56.2196     149.941      -56.1707      0.114121     0.169604     0.123469    
-56.1857     -56.1707     149.899       0.0905634    0.123469     0.302321    

Bond Length
0.62350399    0.004325806 

BB bond length
0.62350399    0.004325806 

Water EE distance
0             0           

PEG EE distance
7.4534782     0.74233939  

BBB P2(x)
0.50770298    0.021552222 

BBB first bond length
0.62332598    0.0039509906

BBB second bond length
0.62319201    0.0046532892

BBB <phi**2>/<phi>**2
1.2242268     0.021389436 

Time = 3000
Temperature
1.0087242     0.01032653  

Pressure
23.520615     0.06081587  

CM Mom
-7.2679828e-17 1.4639371e-17 
2.0534892e-17  1.4982564e-17 
4.8089641e-17  7.4205836e-18 
9.08122e-17    1.6237318e-17 

CM Pos
7.50019        0.011968254   
7.4920554      0.015046342   
7.4992706      0.012071098   
12.985497      0.01400161    

Stress
20.5008      -0.0265995   0.00364062    0.11852      0.0757709    0.0981595   
-0.0265995   20.5325      0.00492234    0.0757709    0.114203     0.0588742   
0.00364062   0.00492234   20.4761       0.0981595    0.0588742    0.0661508   

Stress Spherical
0            0            0             0            0            0           
0            0            0             0            0            0           
0            0            0             0            0            0           

Inertia
149.839      -56.1663     -56.1895      0.392169     0.117811     0.176455    
-56.1663     149.956      -56.1821      0.117811     0.248185     0.217629    
-56.1895     -56.1821     149.843       0.176455     0.217629     0.260139    

Bond Length
0.62177302    0.0068968321

BB bond length
0.62177302    0.0068968321

Water EE distance
0             0           

PEG EE distance
7.3582376     0.45552528  

BBB P2(x)
0.53180734    0.035573727 

BBB first bond length
0.62208859    0.0070306348

BBB second bond length
0.62229191    0.0065288895

BBB <phi**2>/<phi>**2
1.2176286     0.021713095 

Time = 4000
Temperature
1.0113144     0.0094445974

Pressure
23.524678     0.071905567 

CM Mom
-8.8618253e-17 1.325276e-17  
3.9656164e-17  2.7066117e-17 
1.0017107e-16  3.7664215e-17 
1.4561145e-16  2.4169355e-17 

CM Pos
7.5036072      0.01366878    
7.4950268      0.011993128   
7.4962992      0.010077853   
12.98747       0.010775718   

Stress
20.4656      -0.005346    -0.00830701   0.115091     0.0766864    0.0498388   
-0.005346    20.5447      0.0455988     0.0766864    0.0763654    0.0581298   
-0.00830701  0.0455988    20.488        0.0498388    0.0581298    0.0800663   

Stress Spherical
0            0            0             0            0            0           
0            0            0             0            0            0           
0            0            0             0            0            0           

Inertia
149.853      -56.2402     -56.2916      0.244397     0.0766017    0.147177    
-56.2402     149.981      -56.1511      0.0766017    0.263356     0.171465    
-56.2916     -56.1511     149.966       0.147177     0.171465     0.198615    

Bond Length
0.62172812    0.0062315881

BB bond length
0.62172812    0.0062315881

Water EE distance
0             0           

PEG EE distance
7.2475647     0.35608901  

BBB P2(x)
0.52373126    0.0239628   

BBB first bond length
0.62152885    0.0065256318

BBB second bond length
0.62152732    0.0064647476

BBB <phi**2>/<phi>**2
1.2412007     0.024805689 

Time = 5000
Temperature
1.0105849     0.0056612037

Pressure
23.533758     0.088516042 

CM Mom
-8.664875e-17  1.6556376e-17 
2.6595153e-17  1.1546479e-17 
1.3314264e-16  1.754317e-17  
1.6255568e-16  1.5268265e-17 

CM Pos
7.4954357      0.015687722   
7.4971069      0.009747159   
7.5003107      0.014465921   
12.986269      0.013765493   

Stress
20.4957      -0.00778918  -0.0131696    0.0536833    0.0398677    0.0882014   
-0.00778918  20.5195      -0.00806968   0.0398677    0.180793     0.0835768   
-0.0131696   -0.00806968  20.5168       0.0882014    0.0835768    0.0836233   

Stress Spherical
0            0            0             0            0            0           
0            0            0             0            0            0           
0            0            0             0            0            0           

Inertia
149.934      -56.1816     -56.1814      0.262316     0.202032     0.126532    
-56.1816     149.918      -56.2728      0.202032     0.219293     0.170642    
-56.1814     -56.2728     149.868       0.126532     0.170642     0.329835    

Bond Length
0.61615739    0.0068745124

BB bond length
0.61615739    0.0068745124

Water EE distance
0             0           

PEG EE distance
7.5798518     0.27004451  

BBB P2(x)
0.53305809    0.020727106 

BBB first bond length
0.61621847    0.0066823124

BBB second bond length
0.61630416    0.0075014653

BBB <phi**2>/<phi>**2
1.217171      0.020233721 

Time = 6000
Temperature
1.0092643     0.0057264996

Pressure
23.510488     0.044555558 

CM Mom
-7.5716144e-17 1.4590005e-17 
4.0541945e-17  1.8049011e-17 
1.51236e-16    2.359543e-17  
1.7561744e-16  2.2423278e-17 

CM Pos
7.5039044      0.018391959   
7.497404       0.0091055191  
7.4916934      0.018327033   
12.986367      0.011675429   

Stress
20.4938      0.0319471    0.0114286     0.0605205    0.035418     0.0563309   
0.0319471    20.4868      0.0132515     0.035418     0.0879318    0.0492259   
0.0114286    0.0132515    20.4935       0.0563309    0.0492259    0.095213    

Stress Spherical
0            0            0             0            0            0           
0            0            0             0            0            0           
0            0            0             0            0            0           

Inertia
149.831      -56.2553     -56.2063      0.21636      0.177843     0.126264    
-56.2553     149.93       -56.1289      0.177843     0.284525     0.138306    
-56.2063     -56.1289     150.02        0.126264     0.138306     0.392038    

Bond Length
0.62020317    0.0044354001

BB bond length
0.62020317    0.0044354001

Water EE distance
0             0           

PEG EE distance
7.2991851     0.16876637  

BBB P2(x)
0.4919794     0.033606529 

BBB first bond length
0.62019913    0.004796966 

BBB second bond length
0.62023139    0.0045321454

BBB <phi**2>/<phi>**2
1.2158949     0.025895983 

Time = 7000
Temperature
1.006476      0.0091685377

Pressure
23.506272     0.054346048 

CM Mom
-1.0280367e-16 3.5227418e-17 
6.1498559e-17  2.0519647e-17 
1.2774328e-16  1.0349331e-17 
1.7843841e-16  2.4451656e-17 

CM Pos
7.5028643      0.0075889022  
7.4901239      0.015645452   
7.4989735      0.014548847   
12.98576       0.0086809631  

Stress
20.4855      0.000825499  -0.027072     0.0889591    0.0575301    0.0591544   
0.000825499  20.4704      -0.0140171    0.0575301    0.0888885    0.060283    
-0.027072    -0.0140171   20.5306       0.0591544    0.060283     0.0801066   

Stress Spherical
0            0            0             0            0            0           
0            0            0             0            0            0           
0            0            0             0            0            0           

Inertia
149.821      -56.1865     -56.2431      0.224652     0.175452     0.123979    
-56.1865     150.02       -56.1509      0.175452     0.286094     0.107414    
-56.2431     -56.1509     149.88        0.123979     0.107414     0.303965    

Bond Length
0.62033733    0.0047045813

BB bond length
0.62033733    0.0047045813

Water EE distance
0             0           

PEG EE distance
7.407558      0.50602734  

BBB P2(x)
0.50989669    0.023013356 

BBB first bond length
0.61995061    0.0045823821

BBB second bond length
0.61999449    0.0047704889

BBB <phi**2>/<phi>**2
1.2190804     0.027960629 

Time = 8000
Temperature
1.0083412     0.0055008431

Pressure
23.484212     0.069979212 

CM Mom
-1.0243693e-16 1.2035284e-17 
6.2103788e-17  2.4272588e-17 
1.2415507e-16  2.9983127e-17 
1.7555835e-16  2.401968e-17  

CM Pos
7.4987043      0.013559334   
7.5039413      0.01213948    
7.5035793      0.0102462     
12.993985      0.01395835    

Stress
20.5048      -0.0157363   -0.0305014    0.0841219    0.0463487    0.047913    
-0.0157363   20.4796      0.00726257    0.0463487    0.107854     0.0543319   
-0.0305014   0.00726257   20.4192       0.047913     0.0543319    0.071752    

Stress Spherical
0            0            0             0            0            0           
0            0            0             0            0            0           
0            0            0             0            0            0           

Inertia
150.097      -56.2876     -56.2535      0.165522     0.177752     0.146072    
-56.2876     150.03       -56.3395      0.177752     0.240795     0.10841     
-56.2535     -56.3395     150.029       0.146072     0.10841      0.300253    

Bond Length
0.62120875    0.0045321331

BB bond length
0.62120875    0.0045321331

Water EE distance
0             0           

PEG EE distance
6.9018861     0.55007754  

BBB P2(x)
0.52887951    0.013504436 

BBB first bond length
0.6210501     0.0046564497

BBB second bond length
0.62072023    0.0044584539

BBB <phi**2>/<phi>**2
1.2372082     0.022176127 

Time = 9000
Temperature
1.0042907     0.010831139 

Pressure
23.509431     0.058576109 

CM Mom
-9.5763334e-17 1.8691072e-17 
5.8392277e-17  1.4580142e-17 
1.1993345e-16  2.4058866e-17 
1.6587426e-16  2.430643e-17  

CM Pos
7.49915        0.0089687331  
7.502307       0.0096389867  
7.5032821      0.014857369   
12.993129      0.010270655   

Stress
20.5286      0.0169658    -0.0363502    0.0825891    0.0763688    0.0658044   
0.0169658    20.4934      0.0245624     0.0763688    0.0752094    0.0486119   
-0.0363502   0.0245624    20.4935       0.0658044    0.0486119    0.117826    

Stress Spherical
0            0            0             0            0            0           
0            0            0             0            0            0           
0            0            0             0            0            0           

Inertia
150.075      -56.2423     -56.23        0.217333     0.11439      0.187697    
-56.2423     150.018      -56.3361      0.11439      0.311612     0.103486    
-56.23       -56.3361     150.008       0.187697     0.103486     0.127873    

Bond Length
0.62301764    0.0050457709

BB bond length
0.62301764    0.0050457709

Water EE distance
0             0           

PEG EE distance
6.8281112     0.23270154  

BBB P2(x)
0.53704469    0.038954066 

BBB first bond length
0.62246353    0.004937359 

BBB second bond length
0.62311603    0.0052211086

BBB <phi**2>/<phi>**2
1.2351581     0.027459553 

Time = 10000
Temperature
1.0103776     0.0085306036

Pressure
23.482984     0.055915896 

CM Mom
-5.5081182e-17 1.9454099e-17 
4.3193515e-17  2.7838765e-17 
1.2160054e-16  1.6041441e-17 
1.44454e-16    1.517021e-17  

CM Pos
7.4978128      0.0076986409  
7.4910154      0.010298847   
7.4994192      0.014875187   
12.983607      0.011818113   

Stress
20.4572      -0.0484409   -0.00623848   0.130964     0.0700016    0.0595596   
-0.0484409   20.4929      -0.00882249   0.0700016    0.0975437    0.0677195   
-0.00623848  -0.00882249  20.4315       0.0595596    0.0677195    0.101314    

Stress Spherical
0            0            0             0            0            0           
0            0            0             0            0            0           
0            0            0             0            0            0           

Inertia
149.834      -56.1447     -56.2229      0.239463     0.102089     0.154848    
-56.1447     149.933      -56.1762      0.102089     0.35295      0.107223    
-56.2229     -56.1762     149.811       0.154848     0.107223     0.146416    

Bond Length
0.62230453    0.0046350459

BB bond length
0.62230453    0.0046350459

Water EE distance
0             0           

PEG EE distance
8.2079639     0.40668461  

BBB P2(x)
0.51242623    0.030349432 

BBB first bond length
0.62227494    0.0047538924

BBB second bond length
0.62206862    0.0047744464

BBB <phi**2>/<phi>**2
1.2266956     0.015507222 

Time = 11000
Temperature
1.0110736     0.0057638805

Pressure
23.530317     0.09035547  

CM Mom
-4.7288397e-17 1.3580845e-17 
2.362193e-17   3.7334427e-17 
1.2833174e-16  1.4612782e-17 
1.4435871e-16  1.4683946e-17 

CM Pos
7.5053901      0.017468627   
7.5015641      0.013192139   
7.5037279      0.015064669   
12.996573      0.0088279831  

Stress
20.5293      -0.00204032  -0.039848     0.138563     0.078696     0.0798466   
-0.00204032  20.4823      0.0347916     0.078696     0.112434     0.0869221   
-0.039848    0.0347916    20.5058       0.0798466    0.0869221    0.152167    

Stress Spherical
0            0            0             0            0            0           
0            0            0             0            0            0           
0            0            0             0            0            0           

Inertia
150.072      -56.272      -56.3193      0.211812     0.247847     0.131615    
-56.272      150.13       -56.2657      0.247847     0.21197      0.106047    
-56.3193     -56.2657     150.106       0.131615     0.106047     0.35586     

Bond Length
0.62228319    0.004550072 

BB bond length
0.62228319    0.004550072 

Water EE distance
0             0           

PEG EE distance
8.0580098     0.48790412  

BBB P2(x)
0.49771223    0.024427184 

BBB first bond length
0.62186119    0.0051267644

BBB second bond length
0.62230537    0.0044005698

BBB <phi**2>/<phi>**2
1.2169355     0.021319919 

Time = 12000
Temperature
1.0135065     0.0049296816

Pressure
23.529871     0.076500967 

CM Mom
-3.2859676e-17 1.7088751e-17 
1.6512588e-17  1.8241134e-17 
1.2135051e-16  1.4373859e-17 
1.2929848e-16  1.3843565e-17 

CM Pos
7.5016758      0.015460947   
7.505427       0.008050446   
7.5003107      0.015821529   
12.994672      0.016868666   

Stress
20.4674      -0.021856    0.0271262     0.125139     0.0858492    0.0671831   
-0.021856    20.4851      0.0461773     0.0858492    0.127094     0.0584019   
0.0271262    0.0461773    20.5417       0.0671831    0.0584019    0.0640494   

Stress Spherical
0            0            0             0            0            0           
0            0            0             0            0            0           
0            0            0             0            0            0           

Inertia
150.078      -56.3027     -56.2751      0.284225     0.188594     0.224541    
-56.3027     150.029      -56.3111      0.188594     0.411501     0.154271    
-56.2751     -56.3111     150.092       0.224541     0.154271     0.277141    

Bond Length
0.62027511    0.0065472179

BB bond length
0.62027511    0.0065472179

Water EE distance
0             0           

PEG EE distance
7.3473052     0.21522935  

BBB P2(x)
0.49967918    0.034519964 

BBB first bond length
0.62029561    0.0066205858

BBB second bond length
0.6202598     0.0061588179

BBB <phi**2>/<phi>**2
1.2232052     0.017304922 

Time = 13000
Temperature
1.0044143     0.0056506082

Pressure
23.522768     0.058831484 

CM Mom
-1.6023099e-17 1.6182532e-17 
2.8846445e-17  1.3868341e-17 
1.2025895e-16  2.1254267e-17 
1.2658518e-16  2.0813782e-17 

CM Pos
7.489047       0.016693231   
7.5031984      0.0097663897  
7.5020935      0.0090324985  
12.987128      0.013277191   

Stress
20.5254      -0.0182939   0.0226376     0.0913289    0.0762767    0.0708503   
-0.0182939   20.5215      0.0178998     0.0762767    0.103791     0.0570983   
0.0226376    0.0178998    20.5076       0.0708503    0.0570983    0.0837152   

Stress Spherical
0            0            0             0            0            0           
0            0            0             0            0            0           
0            0            0             0            0            0           

Inertia
150.084      -56.1544     -56.1181      0.249364     0.168581     0.159479    
-56.1544     149.857      -56.2832      0.168581     0.244961     0.121573    
-56.1181     -56.2832     149.871       0.159479     0.121573     0.367549    

Bond Length
0.62040096    0.0043652421

BB bond length
0.62040096    0.0043652421

Water EE distance
0             0           

PEG EE distance
7.4024619     0.27102196  

BBB P2(x)
0.54145287    0.02178098  

BBB first bond length
0.62053672    0.0046469152

BBB second bond length
0.62114733    0.0048120832

BBB <phi**2>/<phi>**2
1.2238929     0.021440135 

Time = 14000
Temperature
1.0095952     0.0079810349

Pressure
23.505247     0.074300241 

CM Mom
-1.5576085e-17 1.3061183e-17 
5.6796386e-17  2.3843006e-17 
1.487568e-16   1.9470971e-17 
1.627683e-16   1.489002e-17  

CM Pos
7.50019        0.012874577   
7.5061699      0.013842891   
7.4925848      0.010626914   
12.989788      0.011535837   

Stress
20.5132      0.0152815    -0.0167702    0.088028     0.0844512    0.0539179   
0.0152815    20.4585      0.0196695     0.0844512    0.10807      0.0498808   
-0.0167702   0.0196695    20.4837       0.0539179    0.0498808    0.0896804   

Stress Spherical
0            0            0             0            0            0           
0            0            0             0            0            0           
0            0            0             0            0            0           

Inertia
149.977      -56.2774     -56.1642      0.185823     0.203663     0.124421    
-56.2774     149.88       -56.2638      0.203663     0.267098     0.1281      
-56.1642     -56.2638     150.094       0.124421     0.1281       0.364689    

Bond Length
0.62081613    0.004796482 

BB bond length
0.62081613    0.004796482 

Water EE distance
0             0           

PEG EE distance
7.5275063     0.44972013  

BBB P2(x)
0.53265207    0.013381546 

BBB first bond length
0.62040285    0.0045521697

BBB second bond length
0.62018171    0.004735434 

BBB <phi**2>/<phi>**2
1.2321253     0.013361967 

Time = 15000
Temperature
1.0097532     0.0096798453

Pressure
23.505729     0.06502071  

CM Mom
-1.2875992e-17 1.4302234e-17 
4.1928383e-17  2.1287046e-17 
1.4549849e-16  1.8380404e-17 
1.5427776e-16  1.6955633e-17 

CM Pos
7.4997443      0.0090812441  
7.4991869      0.015137027   
7.4951106      0.0072861726  
12.986947      0.014782804   

Stress
20.4808      -0.0274718   0.00753783    0.0820609    0.0583703    0.040915    
-0.0274718   20.4739      0.00641168    0.0583703    0.0963912    0.0637705   
0.00753783   0.00641168   20.5007       0.040915     0.0637705    0.064022    

Stress Spherical
0            0            0             0            0            0           
0            0            0             0            0            0           
0            0            0             0            0            0           

Inertia
149.891      -56.2575     -56.2065      0.255024     0.194708     0.101048    
-56.2575     149.916      -56.2117      0.194708     0.177793     0.150933    
-56.2065     -56.2117     149.963       0.101048     0.150933     0.378672    

Bond Length
0.61847492    0.0046111139

BB bond length
0.61847492    0.0046111139

Water EE distance
0             0           

PEG EE distance
7.3562856     0.38530422  

BBB P2(x)
0.53434359    0.030788756 

BBB first bond length
0.61806075    0.0049079811

BBB second bond length
0.61850408    0.0048206535

BBB <phi**2>/<phi>**2
1.2329311     0.025088067 

Time = 16000
Temperature
1.0058343     0.0097036054

Pressure
23.523771     0.093912309 

CM Mom
4.2903478e-18  1.3630319e-17 
6.0652916e-17  2.8167727e-17 
1.2576223e-16  1.5243733e-17 
1.4285416e-16  1.7821001e-17 

CM Pos
7.4987043      0.018346896   
7.5046841      0.0099455634  
7.4967449      0.011142036   
12.990472      0.015349319   

Stress
20.4779      0.000416176  -0.0569404    0.106609     0.0714501    0.0816334   
0.000416176  20.5019      0.0349742     0.0714501    0.0930266    0.058637    
-0.0569404   0.0349742    20.5649       0.0816334    0.058637     0.163593    

Stress Spherical
0            0            0             0            0            0           
0            0            0             0            0            0           
0            0            0             0            0            0           

Inertia
150          -56.2276     -56.2146      0.189964     0.197368     0.169545    
-56.2276     149.924      -56.2646      0.197368     0.306782     0.14795     
-56.2146     -56.2646     150.037       0.169545     0.14795      0.368561    

Bond Length
0.62049146    0.0046686267

BB bond length
0.62049146    0.0046686267

Water EE distance
0             0           

PEG EE distance
7.1068656     0.18849501  

BBB P2(x)
0.50946071    0.021546281 

BBB first bond length
0.62024132    0.0046252029

BBB second bond length
0.62057809    0.0044233176

BBB <phi**2>/<phi>**2
1.2267513     0.019156787 

Time = 17000
Temperature
1.019774      0.0077368092

Pressure
23.526431     0.11238994  

CM Mom
-2.3363234e-17 1.5161013e-17 
6.9304815e-17  1.8563318e-17 
1.0552583e-16  1.8310157e-17 
1.3053902e-16  1.8814256e-17 

CM Pos
7.4946928      0.0092593719  
7.4978497      0.017165888   
7.5001621      0.0098204851  
12.986183      0.011784945   

Stress
20.4922      -0.025861    0.00766515    0.0976877    0.0668527    0.065567    
-0.025861    20.4783      -0.0115332    0.0668527    0.149685     0.0845261   
0.00766515   -0.0115332   20.4571       0.065567     0.0845261    0.159593    

Stress Spherical
0            0            0             0            0            0           
0            0            0             0            0            0           
0            0            0             0            0            0           

Inertia
149.952      -56.2207     -56.2231      0.266977     0.0949809    0.122212    
-56.2207     149.911      -56.2307      0.0949809    0.188865     0.142187    
-56.2231     -56.2307     149.875       0.122212     0.142187     0.173808    

Bond Length
0.62210187    0.0041085322

BB bond length
0.62210187    0.0041085322

Water EE distance
0             0           

PEG EE distance
7.7137441     0.50022292  

BBB P2(x)
0.5033053     0.02794425  

BBB first bond length
0.62173406    0.0044142088

BBB second bond length
0.62174998    0.0042449082

BBB <phi**2>/<phi>**2
1.2276445     0.026722336 

Time = 18000
Temperature
1.0162823     0.0087531684

Pressure
23.54165      0.076914253 

CM Mom
-2.0977233e-17 1.9638037e-17 
4.9615291e-17  1.9781393e-17 
1.0244216e-16  9.0556286e-18 
1.1879448e-16  1.1956153e-17 

CM Pos
7.4963271      0.0089945389  
7.4997812      0.010551871   
7.5016478      0.0091695369  
12.989094      0.0080439966  

Stress
20.5162      0.0383845    0.0129474     0.100334     0.0650248    0.073233    
0.0383845    20.5397      0.00425974    0.0650248    0.0937912    0.0580781   
0.0129474    0.00425974   20.4487       0.073233     0.0580781    0.135787    

Stress Spherical
0            0            0             0            0            0           
0            0            0             0            0            0           
0            0            0             0            0            0           

Inertia
150.001      -56.1917     -56.1816      0.271937     0.0902807    0.0618914   
-56.1917     149.939      -56.256       0.0902807    0.137985     0.139746    
-56.1816     -56.256      149.915       0.0618914    0.139746     0.193754    

Bond Length
0.61785249    0.0039783907

BB bond length
0.61785249    0.0039783907

Water EE distance
0             0           

PEG EE distance
6.716957      0.43241967  

BBB P2(x)
0.50633313    0.029543235 

BBB first bond length
0.61750604    0.0040718279

BBB second bond length
0.61761974    0.0037990525

BBB <phi**2>/<phi>**2
1.2278527     0.035319354 

Time = 19000
Temperature
1.006804      0.0082236734

Pressure
23.469299     0.13617417  

CM Mom
-6.3212526e-17 1.6857357e-17 
4.3158051e-17  1.3882973e-17 
6.9392238e-17  2.2631124e-17 
1.0666489e-16  1.6893766e-17 

CM Pos
7.4987043      0.015172713   
7.5026041      0.01003395    
7.5001621      0.01220567    
12.991244      0.010922629   

Stress
20.4881      -0.025129    -0.0226559    0.148478     0.0805856    0.0594358   
-0.025129    20.4374      0.00253946    0.0805856    0.167429     0.0736505   
-0.0226559   0.00253946   20.4472       0.0594358    0.0736505    0.106969    

Stress Spherical
0            0            0             0            0            0           
0            0            0             0            0            0           
0            0            0             0            0            0           

Inertia
150.013      -56.238      -56.239       0.237031     0.188389     0.134779    
-56.238      149.957      -56.2869      0.188389     0.244092     0.119572    
-56.239      -56.2869     149.986       0.134779     0.119572     0.31617     

Bond Length
0.61777492    0.0096233446

BB bond length
0.61777492    0.0096233446

Water EE distance
0             0           

PEG EE distance
6.5821169     0.40016803  

BBB P2(x)
0.50118783    0.018543113 

BBB first bond length
0.61762798    0.0090563045

BBB second bond length
0.61758717    0.0092963864

BBB <phi**2>/<phi>**2
1.2150361     0.018513297 

Time = 20000
Temperature
1.008437      0.0066193809

Pressure
23.524785     0.093393113 

CM Mom
-7.3073371e-17 2.0460014e-17 
4.8899408e-17  1.6520936e-17 
2.088981e-17   2.6982871e-17 
9.6326521e-17  1.7552319e-17 

CM Pos
7.5025672      0.020662429   
7.4971069      0.014770945   
7.4979335      0.014051019   
12.989026      0.013712483   

Stress
20.5418      -0.0156258   0.0218996     0.0839417    0.0751161    0.0666816   
-0.0156258   20.5063      -0.00660393   0.0751161    0.162297     0.06447     
0.0218996    -0.00660393  20.4763       0.0666816    0.06447      0.118463    

Stress Spherical
0            0            0             0            0            0           
0            0            0             0            0            0           
0            0            0             0            0            0           

Inertia
149.929      -56.231      -56.2445      0.381993     0.193739     0.146412    
-56.231      149.996      -56.2288      0.193739     0.22858      0.179892    
-56.2445     -56.2288     149.984       0.146412     0.179892     0.345042    

Bond Length
0.61924574    0.0067740255

BB bond length
0.61924574    0.0067740255

Water EE distance
0             0           

PEG EE distance
6.7252861     0.43077462  

BBB P2(x)
0.50642031    0.022297668 

BBB first bond length
0.61917528    0.0063521776

BBB second bond length
0.61889413    0.0066083699

BBB <phi**2>/<phi>**2
1.2175598     0.019052004 

Time = 21000
Temperature
1.011664      0.0071430726

Pressure
23.533399     0.063352395 

CM Mom
-5.8804927e-17 1.1444115e-17 
2.643254e-17   2.1378653e-17 
1.6193135e-17  1.7428073e-17 
7.1645841e-17  1.3324484e-17 

CM Pos
7.4955842      0.013272214   
7.5031984      0.0095838669  
7.4982306      0.01409807    
12.988673      0.0086719245  

Stress
20.526       0.0292936    -0.0359763    0.0881102    0.0657561    0.0416046   
0.0292936    20.5353      0.00444479    0.0657561    0.0948018    0.0623041   
-0.0359763   0.00444479   20.4601       0.0416046    0.0623041    0.0806387   

Stress Spherical
0            0            0             0            0            0           
0            0            0             0            0            0           
0            0            0             0            0            0           

Inertia
150.003      -56.3056     -56.1854      0.247709     0.112993     0.117933    
-56.3056     149.903      -56.2668      0.112993     0.230029     0.130108    
-56.1854     -56.2668     149.959       0.117933     0.130108     0.17682     

Bond Length
0.61880995    0.005027358 

BB bond length
0.61880995    0.005027358 

Water EE distance
0             0           

PEG EE distance
7.2410069     0.32699363  

BBB P2(x)
0.5145664     0.028705371 

BBB first bond length
0.61949628    0.0050786241

BBB second bond length
0.6188987     0.004935702 

BBB <phi**2>/<phi>**2
1.2188535     0.020201802 

Time = 22000
Temperature
1.0099149     0.0081311803

Pressure
23.539748     0.10774611  

CM Mom
-6.0140746e-17 1.8155784e-17 
1.3284793e-17  1.5508379e-17 
3.1161517e-17  2.5561191e-17 
7.5584385e-17  1.6581698e-17 

CM Pos
7.5004872      0.014946986   
7.5045356      0.009747159   
7.4968935      0.0094912894  
12.9915        0.010998022   

Stress
20.5136      0.000105805  0.00115032    0.123977     0.0499488    0.0726363   
0.000105805  20.4988      -0.0108329    0.0499488    0.122465     0.0518141   
0.00115032   -0.0108329   20.5436       0.0726363    0.0518141    0.145562    

Stress Spherical
0            0            0             0            0            0           
0            0            0             0            0            0           
0            0            0             0            0            0           

Inertia
150.007      -56.3031     -56.2763      0.187659     0.128622     0.182896    
-56.3031     149.943      -56.2852      0.128622     0.317478     0.0851587   
-56.2763     -56.2852     150.053       0.182896     0.0851587    0.182825    

Bond Length
0.61794408    0.0063875182

BB bond length
0.61794408    0.0063875182

Water EE distance
0             0           

PEG EE distance
7.1802802     0.60008456  

BBB P2(x)
0.52168246    0.023414065 

BBB first bond length
0.61804959    0.0064804845

BBB second bond length
0.61802235    0.0070576926

BBB <phi**2>/<phi>**2
1.2289312     0.017430657 

Time = 23000
Temperature
1.0118653     0.0049682904

Pressure
23.529909     0.056441431 

CM Mom
8.7984295e-18  2.0618087e-17 
4.15124e-18    2.9755431e-17 
6.3033418e-17  1.5856327e-17 
7.3001759e-17  1.7335353e-17 

CM Pos
7.50227        0.019499413   
7.4956211      0.012000488   
7.4988249      0.012884004   
12.988496      0.020457358   

Stress
20.4827      -0.00189119  -0.0398246    0.0723862    0.0571721    0.0667704   
-0.00189119  20.5223      0.0217712     0.0571721    0.0934216    0.0584651   
-0.0398246   0.0217712    20.5041       0.0667704    0.0584651    0.0890231   

Stress Spherical
0            0            0             0            0            0           
0            0            0             0            0            0           
0            0            0             0            0            0           

Inertia
149.905      -56.2307     -56.2932      0.271957     0.224779     0.225457    
-56.2307     149.997      -56.2136      0.224779     0.451144     0.172958    
-56.2932     -56.2136     149.961       0.225457     0.172958     0.315645    

Bond Length
0.62245204    0.0053972787

BB bond length
0.62245204    0.0053972787

Water EE distance
0             0           

PEG EE distance
7.8199487     0.43368349  

BBB P2(x)
0.51273842    0.032981202 

BBB first bond length
0.62218411    0.0044520936

BBB second bond length
0.62214321    0.0051642473

BBB <phi**2>/<phi>**2
1.227477      0.032618293 

Time = 24000
Temperature
1.0111993     0.01029819  

Pressure
23.526495     0.10075287  

CM Mom
-1.923275e-17  1.3732545e-17 
-7.5236414e-18 8.6262065e-18 
8.9095233e-17  1.8780338e-17 
9.3195136e-17  1.7170508e-17 

CM Pos
7.50227        0.014875929   
7.5113699      0.011272035   
7.4974878      0.010173773   
12.99682       0.013617298   

Stress
20.4845      0.027847     -0.0436722    0.167316     0.0524126    0.0904408   
0.027847     20.5355      -0.0255938    0.0524126    0.117064     0.0281833   
-0.0436722   -0.0255938   20.4847       0.0904408    0.0281833    0.0724689   

Stress Spherical
0            0            0             0            0            0           
0            0            0             0            0            0           
0            0            0             0            0            0           

Inertia
150.128      -56.3717     -56.2774      0.220537     0.146335     0.149639    
-56.3717     150.014      -56.2941      0.146335     0.26024      0.149809    
-56.2774     -56.2941     150.213       0.149639     0.149809     0.279459    

Bond Length
0.62033018    0.0066470532

BB bond length
0.62033018    0.0066470532

Water EE distance
0             0           

PEG EE distance
6.8073679     0.41384891  

BBB P2(x)
0.51271029    0.034067036 

BBB first bond length
0.62058937    0.0061469087

BBB second bond length
0.62080735    0.0072378354

BBB <phi**2>/<phi>**2
1.2249201     0.021447198 

Time = 25000
Temperature
1.0127888     0.0066783107

Pressure
23.557386     0.071345146 

CM Mom
-2.4742765e-17 1.4952856e-17 
-2.9234902e-17 1.1172156e-17 
7.5339783e-17  2.3717841e-17 
8.6916619e-17  2.2347464e-17 

CM Pos
7.50123        0.011094387   
7.5034955      0.0091695369  
7.4905048      0.010059218   
12.987635      0.01459325    

Stress
20.5162      -0.00453562  -0.0363592    0.10241      0.0368185    0.0573448   
-0.00453562  20.5474      0.0105297     0.0368185    0.0860025    0.0643839   
-0.0363592   0.0105297    20.5195       0.0573448    0.0643839    0.0953689   

Stress Spherical
0            0            0             0            0            0           
0            0            0             0            0            0           
0            0            0             0            0            0           

Inertia
149.908      -56.3417     -56.1711      0.239705     0.127948     0.128149    
-56.3417     149.867      -56.214       0.127948     0.280191     0.123991    
-56.1711     -56.214      150.062       0.128149     0.123991     0.255939    

Bond Length
0.62475938    0.0068144679

BB bond length
0.62475938    0.0068144679

Water EE distance
0             0           

PEG EE distance
7.4454975     0.26077612  

BBB P2(x)
0.52916057    0.0267127   

BBB first bond length
0.62486923    0.0075820691

BBB second bond length
0.62489776    0.0065532019

BBB <phi**2>/<phi>**2
1.236266      0.020764523 

Time = 26000
Temperature
1.0106376     0.0092227432

Pressure
23.497131     0.11570749  

CM Mom
-1.9905333e-17 2.0296293e-17 
-4.2588836e-17 2.7128485e-17 
4.890848e-17   1.297338e-17  
7.475398e-17   1.8169092e-17 

CM Pos
7.4958814      0.015408747   
7.5036441      0.01871085    
7.4983792      0.019131423   
12.989184      0.025556002   

Stress
20.4715      0.0101485    -0.034313     0.116596     0.0624377    0.0661488   
0.0101485    20.4802      -0.00398581   0.0624377    0.141078     0.0732281   
-0.034313    -0.00398581  20.47         0.0661488    0.0732281    0.141399    

Stress Spherical
0            0            0             0            0            0           
0            0            0             0            0            0           
0            0            0             0            0            0           

Inertia
150.028      -56.2159     -56.2348      0.523134     0.236462     0.235948    
-56.2159     149.92       -56.2703      0.236462     0.511417     0.241173    
-56.2348     -56.2703     149.991       0.235948     0.241173     0.45972     

Bond Length
0.62019612    0.0049997651

BB bond length
0.62019612    0.0049997651

Water EE distance
0             0           

PEG EE distance
7.1012649     0.34770978  

BBB P2(x)
0.52347759    0.026619363 

BBB first bond length
0.62021694    0.0050006083

BBB second bond length
0.62004279    0.0048344059

BBB <phi**2>/<phi>**2
1.2431648     0.024230209 

Time = 27000
Temperature
1.015243      0.0090641413

Pressure
23.467039     0.085318282 

CM Mom
4.7080835e-18  1.6859847e-17 
-1.6617744e-17 1.1712676e-17 
4.4298954e-17  1.8022187e-17 
5.2445277e-17  1.6013938e-17 

CM Pos
7.4998929      0.011517097   
7.4962154      0.0079455677  
7.4971906      0.0061420444  
12.986517      0.010485019   

Stress
20.4441      0.0421069    -0.0443142    0.115066     0.0543988    0.0657956   
0.0421069    20.4018      0.0476223     0.0543988    0.106334     0.0671525   
-0.0443142   0.0476223    20.4443       0.0657956    0.0671525    0.0825002   

Stress Spherical
0            0            0             0            0            0           
0            0            0             0            0            0           
0            0            0             0            0            0           

Inertia
149.867      -56.2103     -56.2241      0.192878     0.152166     0.140431    
-56.2103     149.948      -56.1631      0.152166     0.156937     0.117359    
-56.2241     -56.1631     149.936       0.140431     0.117359     0.245618    

Bond Length
0.62047534    0.0048305954

BB bond length
0.62047534    0.0048305954

Water EE distance
0             0           

PEG EE distance
6.6427426     0.38626529  

BBB P2(x)
0.50095201    0.020418263 

BBB first bond length
0.62028494    0.0050881374

BBB second bond length
0.62060462    0.0053715719

BBB <phi**2>/<phi>**2
1.2217556     0.018233793 

Time = 28000
Temperature
1.0108327     0.0066752616

Pressure
23.543961     0.10893278  

CM Mom
5.1970226e-18  2.1713257e-17 
-1.5640003e-17 1.9472172e-17 
4.3037912e-17  2.7338768e-17 
5.4776637e-17  2.6859634e-17 

CM Pos
7.4979614      0.0080064542  
7.5011184      0.015738296   
7.4991221      0.011900743   
12.989353      0.014010971   

Stress
20.5044      -0.00403104  -0.026519     0.0908066    0.0435674    0.0325684   
-0.00403104  20.5144      0.00489325    0.0435674    0.131092     0.0591471   
-0.026519    0.00489325   20.5417       0.0325684    0.0591471    0.134015    

Stress Spherical
0            0            0             0            0            0           
