Time = 1000
Temperature
   1.1945137    0.30739624

Pressure
   23.799077     1.3797798

CM Mom
2.1358435e-17  1.7928075e-17 
1.9643433e-17  2.2474356e-17 
-1.6223846e-16 2.2773088e-16 
2.0909867e-16  1.9007624e-16 

CM Pos
7.4986069      0.031883081   
7.5038952      0.023088959   
7.5008679      0.031852615   
12.992344      0.046277529   

Stress
20.233       -0.0193466   0.0313036     0.458108     0.0911091    0.0751691   
-0.0193466   20.2111      0.0279342     0.0911091    0.490634     0.0813496   
0.0313036    0.0279342    20.2312       0.0751691    0.0813496    0.476718    

Stress Spherical
0            0            0             0            0            0           
0            0            0             0            0            0           
0            0            0             0            0            0           

Inertia
150.298      -56.2797     -56.212       0.962918     0.407709     0.492217    
-56.2797     150.205      -56.3055      0.407709     0.752349     0.400113    
-56.212      -56.3055     150.27        0.492217     0.400113     0.822446    

Bond Length
0.61938632    0.0094750839

BB bond length
0.61938632    0.0094750839

Water EE distance
0             0           

PEG EE distance
7.0745818     0.11711106  

BBB P2(x)
0.47657622    0.054464531 

BBB first bond length
0.61948739    0.0097770368

BBB second bond length
0.61943667    0.00926723  

BBB <phi**2>/<phi>**2
1.2181489     0.010394922 

Time = 2000
Temperature
1.0112693     0.0092089943

Pressure
22.915329     0.097209237 

CM Mom
-2.7598904e-18 1.5062697e-17 
2.6070671e-17  2.5144624e-17 
-4.1025506e-17 4.3097017e-17 
6.178823e-17   3.5624338e-17 

CM Pos
7.4984584      0.016299307   
7.498102       0.014545965   
7.4999767      0.017676768   
12.988396      0.020485355   

Stress
19.8919      -0.000954823 0.0216301     0.106147     0.0656781    0.08471     
-0.000954823 19.8444      -0.00805694   0.0656781    0.137753     0.0631835   
0.0216301    -0.00805694  19.9326       0.08471      0.0631835    0.147515    

Stress Spherical
0            0            0             0            0            0           
0            0            0             0            0            0           
0            0            0             0            0            0           

Inertia
149.89       -56.2471     -56.2251      0.304818     0.182937     0.251337    
-56.2471     149.894      -56.2067      0.182937     0.321355     0.18889     
-56.2251     -56.2067     149.858       0.251337     0.18889      0.227031    

Bond Length
0.61631194    0.0018129041

BB bond length
0.61631194    0.0018129041

Water EE distance
0             0           

PEG EE distance
7.2420827     0.043959936 

BBB P2(x)
0.51009892    0.0080920397

BBB first bond length
0.61611123    0.0018474137

BBB second bond length
0.61636462    0.0016926012

BBB <phi**2>/<phi>**2
1.2232432     0.0055374329

