Time = 500
Temperature
   1.0306273   0.044328875

Pressure
   23.722917    0.17664877

CM Mom
9.0233585e-17  2.2167959e-17 
-1.9666322e-17 2.6808743e-17 
-3.4677472e-17 8.7040372e-18 
1.0159987e-16  2.6358002e-17 

CM Pos
7.5052156      0.0083498634  
7.5046629      0.020623919   
7.5036993      0.012759216   
12.99824       0.011933884   

Stress
20.6113      0.0335068    -0.0116278    0.0413234    0.0728154    0.0594925   
0.0335068    20.6674      -0.0227305    0.0728154    0.139201     0.0597542   
-0.0116278   -0.0227305   20.6153       0.0594925    0.0597542    0.101411    

Stress Spherical
0            0            0             0            0            0           
0            0            0             0            0            0           
0            0            0             0            0            0           

Inertia
150.102      -56.3111     -56.3606      0.383047     0.118128     0.180267    
-56.3111     150.064      -56.2972      0.118128     0.168009     0.175734    
-56.3606     -56.2972     150.106       0.180267     0.175734     0.206379    

Bond Length
0.59065091    0.018494308 

BB bond length
0.59065091    0.018494308 

Water EE distance
0             0           

PEG EE distance
2.2772155     1.0902975   

Time = 1000
Temperature
1.012153      0.0073318843

Pressure
23.655265     0.066142257 

CM Mom
5.2151093e-17  1.2999881e-17 
-5.1955893e-17 1.6401931e-17 
-2.4670222e-17 3.0939008e-17 
8.4816456e-17  1.5138773e-17 

CM Pos
7.4939553      0.0061017168  
7.5022923      0.016981291   
7.501625       0.0087604181  
12.989169      0.0046386595  

Stress
20.7277      0.0376263    -0.0139371    0.134912     0.0823698    0.088231    
0.0376263    20.6191      0.0335333     0.0823698    0.0765923    0.0240795   
-0.0139371   0.0335333    20.5105       0.088231     0.0240795    0.0819732   

Stress Spherical
0            0            0             0            0            0           
0            0            0             0            0            0           
0            0            0             0            0            0           

Inertia
150.025      -56.2631     -56.2174      0.210482     0.136317     0.138403    
-56.2631     149.888      -56.2747      0.136317     0.169011     0.0689202   
-56.2174     -56.2747     149.915       0.138403     0.0689202    0.200277    

Bond Length
0.61382769    0.019189051 

BB bond length
0.61382769    0.019189051 

Water EE distance
0             0           

PEG EE distance
4.2052092     0.82286567  

