Time = 500
Temperature
   1.0381163   0.044859195

Pressure
   23.684785      0.205622

CM Mom
-4.0788688e-17 1.3172151e-17 
1.522554e-17   2.4065242e-17 
-1.4766054e-18 3.1532962e-17 
5.9666334e-17  9.1984906e-18 

CM Pos
7.5059309      0.037657838   
7.5014478      0.02018497    
7.4995732      0.029319764   
12.994427      0.04329229    

Stress
20.5826      0.0917047    -0.0147948    0.106804     0.04238      0.0643925   
0.0917047    20.5053      -0.00505465   0.04238      0.0949676    0.0731173   
-0.0147948   -0.00505465  20.6243       0.0643925    0.0731173    0.105621    

Stress Spherical
0            0            0             0            0            0           
0            0            0             0            0            0           
0            0            0             0            0            0           

Inertia
149.918      -56.3103     -56.3302      0.664076     0.349114     0.421524    
-56.3103     149.999      -56.2425      0.349114     1.19104      0.439422    
-56.3302     -56.2425     150.019       0.421524     0.439422     0.939544    

Bond Length
0.62273864    0.006030117 

BB bond length
0.62273864    0.006030117 

Water EE distance
0             0           

PEG EE distance
3.8103664     0.47491229  

Time = 1000
Temperature
1.0160211     0.0065392406

Pressure
23.542924     0.063383767 

CM Mom
-1.0116364e-17 1.9482988e-17 
4.5730902e-17  1.2530989e-17 
-5.1004023e-18 2.9149731e-17 
5.8674111e-17  1.278039e-17  

CM Pos
7.4908183      0.010153205   
7.491669       0.011537686   
7.5001658      0.011838197   
12.980376      0.013047695   

Stress
20.4661      -0.00580155  -0.0143731    0.105456     0.0881958    0.0768598   
-0.00580155  20.5115      -0.00557942   0.0881958    0.112108     0.0359536   
-0.0143731   -0.00557942  20.5079       0.0768598    0.0359536    0.108002    

Stress Spherical
0            0            0             0            0            0           
0            0            0             0            0            0           
0            0            0             0            0            0           

Inertia
149.799      -56.1871     -56.1837      0.299528     0.135874     0.0295387   
-56.1871     149.792      -56.2052      0.135874     0.259014     0.0655586   
-56.1837     -56.2052     149.686       0.0295387    0.0655586    0.340767    

Bond Length
0.6068247     0.0039486752

BB bond length
0.6068247     0.0039486752

Water EE distance
0             0           

PEG EE distance
3.6376335     0.55615132  

