Time = 500
Temperature
   1.0369148   0.041322388

Pressure
   23.732885    0.13779067

CM Mom
-4.5970515e-17 1.6187884e-17 
1.7129281e-18  1.5340383e-17 
3.61671e-17    4.8070183e-17 
7.2044021e-17  3.2280924e-17 

CM Pos
7.5052836      0.0076357756  
7.5008095      0.025890784   
7.5012344      0.013675995   
12.994631      0.020880752   

Stress
20.6076      0.0216719    0.0122844     0.050134     0.0839385    0.0474506   
0.0216719    20.6528      0.0025288     0.0839385    0.0770331    0.0708179   
0.0122844    0.0025288    20.6069       0.0474506    0.0708179    0.115418    

Stress Spherical
0            0            0             0            0            0           
0            0            0             0            0            0           
0            0            0             0            0            0           

Inertia
149.91       -56.2868     -56.3022      0.330826     0.165185     0.122433    
-56.2868     150.01       -56.2984      0.165185     0.147081     0.276398    
-56.3022     -56.2984     149.969       0.122433     0.276398     0.214488    

Bond Length
0.6128076     0.010111655 

BB bond length
0.6128076     0.010111655 

Water EE distance
0             0           

PEG EE distance
3.674937      0.63669907  

Time = 1000
Temperature
1.0137007     0.011373852 

Pressure
23.581622     0.06841008  

CM Mom
-3.3935057e-17 2.1223949e-17 
1.8409864e-17  1.9945483e-17 
3.3633485e-17  1.3875998e-17 
5.6014347e-17  2.2911504e-17 

CM Pos
7.5144697      0.017819      
7.5108846      0.016960594   
7.4938263      0.0083288044  
13.001477      0.018560676   

Stress
20.5432      -0.0159484   0.0241297     0.118461     0.0578666    0.0901522   
-0.0159484   20.4781      0.00872469    0.0578666    0.078695     0.0777745   
0.0241297    0.00872469   20.6012       0.0901522    0.0777745    0.140818    

Stress Spherical
0            0            0             0            0            0           
0            0            0             0            0            0           
0            0            0             0            0            0           

Inertia
149.988      -56.4256     -56.3348      0.320509     0.249603     0.147971    
-56.4256     150.05       -56.2594      0.249603     0.227338     0.123011    
-56.3348     -56.2594     150.327       0.147971     0.123011     0.424724    

Bond Length
0.62174818    0.005835738 

BB bond length
0.62174818    0.005835738 

Water EE distance
0             0           

PEG EE distance
2.953078      0.4317003   

