Time = 1000
Temperature
   1.1278685    0.18520913

Pressure
   23.762512    0.87553942

CM Mom
-4.1480812e-17 2.3904136e-17 
-1.2736945e-17 4.4676611e-17 
-2.064122e-16  2.664742e-16  
2.6077388e-16  2.2374488e-16 

CM Pos
7.5046192      0.019500928   
7.4970748      0.0082305392  
7.5025003      0.01290632    
12.992819      0.015207666   

Stress
20.3574      -0.0119644   0.0263969     0.290452     0.0779528    0.0660969   
-0.0119644   20.4105      -0.00973077   0.0779528    0.343727     0.0727002   
0.0263969    -0.00973077  20.3778       0.0660969    0.0727002    0.363535    

Stress Spherical
0            0            0             0            0            0           
0            0            0             0            0            0           
0            0            0             0            0            0           

Inertia
150.13       -56.2786     -56.2883      1.43254      0.144328     0.180827    
-56.2786     150.239      -56.2475      0.144328     1.15876      0.170263    
-56.2883     -56.2475     150.172       0.180827     0.170263     1.16242     

Bond Length
0.61962204    0.0083834288

BB bond length
0.61962204    0.0083834288

Water EE distance
0             0           

PEG EE distance
7.1410742     0.11663716  

BBB P2(x)
0.476861      0.062919833 

BBB first bond length
0.61954693    0.0083826197

BBB second bond length
0.61968924    0.0084940788

BBB <phi**2>/<phi>**2
1.2137677     0.016500611 

Time = 2000
Temperature
1.0136623     0.0067465472

Pressure
23.211313     0.083082765 

CM Mom
-4.5444542e-17 1.7621289e-17 
-6.3085219e-18 1.9346441e-17 
-2.4425322e-17 3.5671071e-17 
6.4309951e-17  2.2870294e-17 

CM Pos
7.5029882      0.015495787   
7.51042        0.010252784   
7.50339        0.016752354   
13.000101      0.010108841   

Stress
20.1565      -0.0103642   0.0220829     0.0917312    0.0565117    0.0457972   
-0.0103642   20.1858      0.000408903   0.0565117    0.13872      0.064396    
0.0220829    0.000408903  20.1768       0.0457972    0.064396     0.129082    

Stress Spherical
0            0            0             0            0            0           
0            0            0             0            0            0           
0            0            0             0            0            0           

Inertia
150.078      -56.3502     -56.2789      0.342791     0.122217     0.151594    
-56.3502     149.984      -56.3986      0.122217     0.273178     0.152275    
-56.2789     -56.3986     150.079       0.151594     0.152275     0.360644    

Bond Length
0.61859135    0.0019186982

BB bond length
0.61859135    0.0019186982

Water EE distance
0             0           

PEG EE distance
7.1941662     0.1360471   

BBB P2(x)
0.52045983    0.0094868948

BBB first bond length
0.61827337    0.0019490291

BBB second bond length
0.61840071    0.0018475082

BBB <phi**2>/<phi>**2
1.2294144     0.0070872299

