Time = 500
Temperature
    1.035335   0.040110244

Pressure
   23.442256    0.10919139

CM Mom
-1.5348362e-17 8.4082245e-18 
2.2890399e-17  7.7209127e-18 
-7.460997e-17  1.8041307e-17 
8.046008e-17   1.7554635e-17 

CM Pos
7.4941725      0.0083813526  
7.5094395      0.018396067   
7.5024667      0.030945811   
12.993942      0.012269435   

Stress
20.3256      -0.0276777   0.0128918     0.119693     0.0898839    0.0420113   
-0.0276777   20.3334      -0.0047324    0.0898839    0.113066     0.067761    
0.0128918    -0.0047324   20.3506       0.0420113    0.067761     0.0215709   

Stress Spherical
0            0            0             0            0            0           
0            0            0             0            0            0           
0            0            0             0            0            0           

Inertia
149.98       -56.3026     -56.2369      0.426166     0.131614     0.309822    
-56.3026     149.782      -56.376       0.131614     0.518071     0.137484    
-56.2369     -56.376      149.886       0.309822     0.137484     0.173329    

Bond Length
0.61637762    0.0098287121

BB bond length
0.61637762    0.0098287121

Water EE distance
0             0           

PEG EE distance
4.1143606     0.15353104  

Time = 1000
Temperature
1.0136718     0.006161428 

Pressure
23.391279     0.07403081  

CM Mom
-1.7134764e-17 2.3689608e-17 
3.1635297e-17  1.1433318e-17 
-5.9340565e-17 2.0153702e-17 
7.3584255e-17  2.2341492e-17 

CM Pos
7.4918019      0.0045522397  
7.5156623      0.020679194   
7.501874       0.014425912   
12.995802      0.013014498   

Stress
20.3322      0.0569322    -0.0153979    0.0827291    0.0844869    0.0551587   
0.0569322    20.355       0.00607452    0.0844869    0.0924261    0.0483826   
-0.0153979   0.00607452   20.3645       0.0551587    0.0483826    0.111257    

Stress Spherical
0            0            0             0            0            0           
0            0            0             0            0            0           
0            0            0             0            0            0           

Inertia
150.109      -56.342      -56.2289      0.291932     0.239718     0.111974    
-56.342      149.718      -56.4448      0.239718     0.123354     0.169708    
-56.2289     -56.4448     149.966       0.111974     0.169708     0.342551    

Bond Length
0.61410849    0.0068058505

BB bond length
0.61410849    0.0068058505

Water EE distance
0             0           

PEG EE distance
3.2688213     0.3785538   

