Time = 500
Temperature
   1.0367651   0.036698193

Pressure
   22.859321    0.18335819

CM Mom
2.4033331e-17  1.0914871e-17 
-4.0781922e-17 6.1140398e-18 
-2.3093781e-17 1.1913708e-17 
5.453127e-17   9.9439295e-18 

CM Pos
7.4990115      0.014060121   
7.4906913      0.024156886   
7.4838327      0.021974151   
12.97515       0.011671735   

Stress
19.7834      0.00392499   0.0281936     0.0881831    0.0434666    0.0552453   
0.00392499   19.7377      0.0314876     0.0434666    0.143784     0.0810423   
0.0281936    0.0314876    19.738        0.0552453    0.0810423    0.105508    

Stress Spherical
0            0            0             0            0            0           
0            0            0             0            0            0           
0            0            0             0            0            0           

Inertia
149.269      -56.1485     -56.1604      0.193983     0.301095     0.103589    
-56.1485     149.28       -56.0233      0.301095     0.184269     0.0524837   
-56.1604     -56.0233     149.404       0.103589     0.0524837    0.512519    

Bond Length
0.61067512    0.0036323297

BB bond length
0.61067512    0.0036323297

Water EE distance
0             0           

PEG EE distance
3.5514448     0.32326825  

Time = 1000
Temperature
1.0117687     0.0088992957

Pressure
22.796826     0.068139657 

CM Mom
1.6340985e-17  2.2038491e-17 
-4.931226e-17  1.2017473e-17 
-4.9045464e-17 1.8985718e-17 
7.7277513e-17  1.108794e-17  

CM Pos
7.493078       0.013679361   
7.5043385      0.011657565   
7.4876895      0.0073513717  
12.981799      0.0085704419  

Stress
19.7776      -0.0443644   0.0174515     0.0876063    0.0506059    0.0678078   
-0.0443644   19.8451      0.00345072    0.0506059    0.0744217    0.0363865   
0.0174515    0.00345072   19.6736       0.0678078    0.0363865    0.0848304   

Stress Spherical
0            0            0             0            0            0           
0            0            0             0            0            0           
0            0            0             0            0            0           

Inertia
149.554      -56.1745     -56.1525      0.132227     0.147425     0.0836885   
-56.1745     149.398      -56.1491      0.147425     0.151945     0.0560139   
-56.1525     -56.1491     149.612       0.0836885    0.0560139    0.331313    

Bond Length
0.61776114    0.0034537554

BB bond length
0.61776114    0.0034537554

Water EE distance
0             0           

PEG EE distance
3.2895276     0.24565913  

