Time = 1000
Temperature
   1.0335043   0.048451891

Pressure
   23.625363    0.20724731

CM Mom
-9.9809412e-18 1.8810765e-17 
2.5636289e-17  2.5166322e-17 
-3.4347525e-17 3.7922105e-17 
5.9824168e-17  2.7980969e-17 

CM Pos
7.5008859      0.022636792   
7.4956093      0.03366003    
7.5052834      0.024773463   
12.991459      0.031412389   

Stress
20.5818      0.00419282   0.0317765     0.113944     0.0581512    0.0680344   
0.00419282   20.5306      0.0192942     0.0581512    0.1259       0.0589764   
0.0317765    0.0192942    20.4777       0.0680344    0.0589764    0.127483    

Stress Spherical
0            0            0             0            0            0           
0            0            0             0            0            0           
0            0            0             0            0            0           

Inertia
150.023      -56.2283     -56.2833      0.426364     0.313277     0.198945    
-56.2283     150.078      -56.2973      0.313277     0.374005     0.419931    
-56.2833     -56.2973     149.954       0.198945     0.419931     0.444547    

Bond Length
0.61921281    0.0058509541

BB bond length
0.61921281    0.0058509541

Water EE distance
0             0           

PEG EE distance
7.0477224     0.25309964  

BBB P2(x)
0.48332925    0.055902659 

BBB first bond length
0.61938109    0.0057888949

BBB second bond length
0.61920152    0.0060781635

BBB <phi**2>/<phi>**2
1.2190589     0.020615801 

Time = 2000
Temperature
1.0110475     0.0080390493

Pressure
23.491569     0.085373298 

CM Mom
-3.3196855e-17 2.7810538e-17 
2.7942022e-17  1.1497015e-17 
-2.9287377e-17 1.4189361e-17 
5.7226005e-17  2.3930481e-17 

CM Pos
7.4994019      0.0088155996  
7.5028808      0.020008889   
7.5037995      0.027423004   
12.993919      0.02350897    

Stress
20.458       -0.0035699   0.0211125     0.119057     0.0587763    0.0482474   
-0.0035699   20.4597      -0.0283904    0.0587763    0.0924005    0.0736755   
0.0211125    -0.0283904   20.4728       0.0482474    0.0736755    0.112772    

Stress Spherical
0            0            0             0            0            0           
0            0            0             0            0            0           
0            0            0             0            0            0           

Inertia
150.04       -56.2454     -56.266       0.497058     0.191671     0.236077    
-56.2454     149.99       -56.2693      0.191671     0.347521     0.308323    
-56.266      -56.2693     149.979       0.236077     0.308323     0.326873    

Bond Length
0.61904524    0.0033549386

BB bond length
0.61904524    0.0033549386

Water EE distance
0             0           

PEG EE distance
7.5678329     0.35682631  

BBB P2(x)
0.51789081    0.01387834  

BBB first bond length
0.61897309    0.003457487 

BBB second bond length
0.61886957    0.0032644627

BBB <phi**2>/<phi>**2
1.2269623     0.010167202 

Time = 3000
Temperature
1.0137352     0.006878587 

Pressure
23.496621     0.08203796  

CM Mom
-3.3987125e-17 1.8258787e-17 
-5.8219297e-18 2.5439911e-17 
-1.8550764e-17 2.0623743e-17 
5.103554e-17   1.8287569e-17 

CM Pos
7.4922788      0.0088554781  
7.5054035      0.012592804   
7.5079546      0.017646805   
12.993652      0.016343457   

Stress
20.4381      -0.00958102  0.020176      0.160245     0.0473399    0.108356    
-0.00958102  20.4607      -0.0428836    0.0473399    0.081491     0.0472398   
0.020176     -0.0428836   20.4828       0.108356     0.0472398    0.117485    

Stress Spherical
0            0            0             0            0            0           
0            0            0             0            0            0           
0            0            0             0            0            0           

Inertia
150.147      -56.2248     -56.2585      0.368496     0.121696     0.137449    
-56.2248     149.952      -56.3338      0.121696     0.31576      0.211012    
-56.2585     -56.3338     149.907       0.137449     0.211012     0.221328    

Bond Length
0.61909349    0.004144313 

BB bond length
0.61909349    0.004144313 

Water EE distance
0             0           

PEG EE distance
7.7954112     0.23188694  

BBB P2(x)
0.52807124    0.013023806 

BBB first bond length
0.61875983    0.0037427119

BBB second bond length
0.61910328    0.0045837903

BBB <phi**2>/<phi>**2
1.2343519     0.015531077 

Time = 4000
Temperature
1.0112966     0.0075737838

Pressure
23.511083     0.10028736  

CM Mom
-3.1004561e-17 2.7841169e-17 
1.8992854e-17  2.1403274e-17 
-2.7635202e-17 1.4661992e-17 
5.7654265e-17  1.4488142e-17 

CM Pos
7.4998471      0.014482239   
7.5046615      0.011886615   
7.5029091      0.013487838   
12.994679      0.012373821   

Stress
20.4806      0.00116992   -0.00440352   0.147773     0.0685944    0.0671789   
0.00116992   20.4468      0.00978492    0.0685944    0.132854     0.044129    
-0.00440352  0.00978492   20.5194       0.0671789    0.044129     0.0885448   

Stress Spherical
0            0            0             0            0            0           
0            0            0             0            0            0           
0            0            0             0            0            0           

Inertia
150.083      -56.3026     -56.2443      0.302912     0.125303     0.127456    
-56.3026     150.009      -56.2849      0.125303     0.256229     0.150495    
-56.2443     -56.2849     150.015       0.127456     0.150495     0.302419    

Bond Length
0.61919706    0.0046385213

BB bond length
0.61919706    0.0046385213

Water EE distance
0             0           

PEG EE distance
7.9347715     0.17993022  

BBB P2(x)
0.51600767    0.018663288 

BBB first bond length
0.61937153    0.0047829382

BBB second bond length
0.61942089    0.0047515363

BBB <phi**2>/<phi>**2
1.2258383     0.0086319182

Time = 5000
Temperature
1.0124038     0.0059188022

Pressure
23.504594     0.083041941 

CM Mom
2.6296403e-17  2.8269381e-17 
7.4859805e-18  2.0955097e-17 
-2.528042e-17  2.0855508e-17 
5.1221085e-17  2.0887006e-17 

CM Pos
7.4985115      0.015581717   
7.5046615      0.012269505   
7.5026123      0.0060261003  
12.99373       0.015003514   

Stress
20.4384      -0.0218767   -0.0127138    0.0930446    0.10856      0.043226    
-0.0218767   20.4728      0.0745806     0.10856      0.136869     0.0543841   
-0.0127138   0.0745806    20.5062       0.043226     0.0543841    0.0783507   

Stress Spherical
0            0            0             0            0            0           
0            0            0             0            0            0           
0            0            0             0            0            0           

Inertia
150.063      -56.2777     -56.2681      0.202873     0.198237     0.118815    
-56.2777     149.977      -56.3229      0.198237     0.240639     0.0943972   
-56.2681     -56.3229     149.998       0.118815     0.0943972    0.400568    

Bond Length
0.61897391    0.0026664575

BB bond length
0.61897391    0.0026664575

Water EE distance
0             0           

PEG EE distance
8.1327548     0.25449567  

BBB P2(x)
0.51571631    0.0095082685

BBB first bond length
0.61909404    0.002763573 

BBB second bond length
0.61889808    0.0025576039

BBB <phi**2>/<phi>**2
1.2210362     0.011502069 

Time = 6000
Temperature
1.0060629     0.0072087954

Pressure
23.479642     0.083433389 

CM Mom
2.5148891e-17  1.6887363e-17 
2.9177953e-17  1.9803466e-17 
-4.0714585e-17 1.0149193e-17 
6.0661508e-17  1.5557791e-17 

CM Pos
7.5001439      0.014406008   
7.502584       0.0095205866  
7.5030575      0.016818071   
12.993735      0.015396713   

Stress
20.4554      -0.0134832   -0.0453113    0.11965      0.068446     0.0575111   
-0.0134832   20.4902      -0.0502183    0.068446     0.120915     0.053194    
-0.0453113   -0.0502183   20.454        0.0575111    0.053194     0.126098    

Stress Spherical
0            0            0             0            0            0           
0            0            0             0            0            0           
0            0            0             0            0            0           

Inertia
150.08       -56.3112     -56.2934      0.309237     0.219504     0.179968    
-56.3112     150.025      -56.2693      0.219504     0.433644     0.143509    
-56.2934     -56.2693     150.023       0.179968     0.143509     0.303606    

Bond Length
0.62052094    0.0061920381

BB bond length
0.62052094    0.0061920381

Water EE distance
0             0           

PEG EE distance
7.8251031     0.18830634  

BBB P2(x)
0.53385302    0.0099878761

BBB first bond length
0.62071024    0.0060803275

BBB second bond length
0.62060561    0.0062218106

BBB <phi**2>/<phi>**2
1.2276145     0.011112224 

Time = 7000
Temperature
1.0097694     0.008885215 

Pressure
23.482709     0.091524649 

CM Mom
1.8774829e-17  8.8236891e-18 
5.3226836e-17  1.4568936e-17 
-3.7758347e-17 1.2906539e-17 
6.9654155e-17  1.4706184e-17 

CM Pos
7.4967307      0.0137626     
7.5011         0.014747438   
7.5011283      0.013832826   
12.989791      0.017945534   

Stress
20.489       0.01566      -0.00679122   0.13807      0.0540599    0.0544697   
0.01566      20.4487      0.0177435     0.0540599    0.0877439    0.095782    
-0.00679122  0.0177435    20.4378       0.0544697    0.095782     0.104188    

Stress Spherical
0            0            0             0            0            0           
0            0            0             0            0            0           
0            0            0             0            0            0           

Inertia
150.009      -56.2404     -56.2527      0.331548     0.216895     0.170737    
-56.2404     149.955      -56.276       0.216895     0.373753     0.202757    
-56.2527     -56.276      149.95        0.170737     0.202757     0.354568    

Bond Length
0.6196854     0.0049079975

BB bond length
0.6196854     0.0049079975

Water EE distance
0             0           

PEG EE distance
8.6500837     0.26411608  

BBB P2(x)
0.53624954    0.022511525 

BBB first bond length
0.61946263    0.004742462 

BBB second bond length
0.61964196    0.0050798912

BBB <phi**2>/<phi>**2
1.2345167     0.020929271 

Time = 8000
Temperature
1.0099558     0.0076834601

Pressure
23.476949     0.11470487  

CM Mom
2.5502289e-17  1.633472e-17  
7.486262e-17   3.3945923e-17 
-3.7006793e-17 1.0805895e-17 
9.3231515e-17  2.1635205e-17 

CM Pos
7.5060798      0.011286003   
7.5024356      0.011648007   
7.5026123      0.017324393   
12.996819      0.014941521   

Stress
20.4871      -0.00795412  0.0102646     0.159859     0.0876716    0.0441266   
-0.00795412  20.4065      -0.0029285    0.0876716    0.10403      0.0537889   
0.0102646    -0.0029285   20.4629       0.0441266    0.0537889    0.142023    

Stress Spherical
0            0            0             0            0            0           
0            0            0             0            0            0           
0            0            0             0            0            0           

Inertia
150.056      -56.2809     -56.3175      0.352354     0.132244     0.197347    
-56.2809     150.111      -56.2764      0.132244     0.340133     0.152425    
-56.3175     -56.2764     150.117       0.197347     0.152425     0.198704    

Bond Length
0.62149841    0.0029938166

BB bond length
0.62149841    0.0029938166

Water EE distance
0             0           

PEG EE distance
7.5032983     0.29572089  

BBB P2(x)
0.51806012    0.018226028 

BBB first bond length
0.62172507    0.0034490311

BBB second bond length
0.62138781    0.003313664 

BBB <phi**2>/<phi>**2
1.2306976     0.011222268 

Time = 9000
Temperature
1.01175       0.0074372967

Pressure
23.478443     0.062959046 

CM Mom
1.1343458e-17  3.9029796e-17 
8.6459112e-17  2.3753228e-17 
1.8370358e-17  1.402895e-17  
9.852849e-17   2.2755463e-17 

CM Pos
7.4988083      0.011046383   
7.5052551      0.013025193   
7.4969732      0.010536209   
12.990991      0.012037647   

Stress
20.5007      -0.0511558   -0.00199925   0.0981946    0.0493581    0.0594684   
-0.0511558   20.4054      0.00817519    0.0493581    0.074789     0.0717455   
-0.00199925  0.00817519   20.4388       0.0594684    0.0717455    0.101834    

Stress Spherical
0            0            0             0            0            0           
0            0            0             0            0            0           
0            0            0             0            0            0           

Inertia
150.04       -56.3058     -56.2366      0.247227     0.132868     0.124209    
-56.3058     149.934      -56.2607      0.132868     0.259041     0.105782    
-56.2366     -56.2607     150.065       0.124209     0.105782     0.283333    

Bond Length
0.61945554    0.0031255535

BB bond length
0.61945554    0.0031255535

Water EE distance
0             0           

PEG EE distance
7.6635882     0.49312737  

BBB P2(x)
0.52143478    0.017820825 

BBB first bond length
0.61945253    0.0031242955

BBB second bond length
0.61940776    0.0026724769

BBB <phi**2>/<phi>**2
1.2277508     0.0093643843

Time = 10000
Temperature
1.0093599     0.0099416548

Pressure
23.484652     0.087462126 

CM Mom
-7.6610661e-18 1.7274992e-17 
1.0754441e-16  1.9482838e-17 
3.4023371e-17  1.8864538e-17 
1.158163e-16   2.0063518e-17 

CM Pos
7.4974727      0.017290675   
7.499616       0.0092388499  
7.4966764      0.011484264   
12.986793      0.014797719   

Stress
20.4879      -0.0196563   0.00212722    0.140032     0.07684      0.0768889   
-0.0196563   20.4562      0.0499014     0.07684      0.129725     0.0514382   
0.00212722   0.0499014    20.4409       0.0768889    0.0514382    0.0918053   

Stress Spherical
0            0            0             0            0            0           
0            0            0             0            0            0           
0            0            0             0            0            0           

Inertia
149.953      -56.2013     -56.2208      0.227126     0.163919     0.171858    
-56.2013     149.903      -56.2147      0.163919     0.375706     0.154721    
-56.2208     -56.2147     149.947       0.171858     0.154721     0.321143    

Bond Length
0.62156375    0.0025961654

BB bond length
0.62156375    0.0025961654

Water EE distance
0             0           

PEG EE distance
8.1383972     0.15306215  

BBB P2(x)
0.51960305    0.019802091 

BBB first bond length
0.62140247    0.0026846923

BBB second bond length
0.62189552    0.0027373058

BBB <phi**2>/<phi>**2
1.2243808     0.0059690419

Time = 11000
Temperature
1.0122326     0.0066930154

Pressure
23.523846     0.099482041 

CM Mom
-1.0868279e-18 1.7643443e-17 
1.4382896e-16  1.7990203e-17 
2.0619251e-17  2.5680202e-17 
1.4865347e-16  1.7597209e-17 

CM Pos
7.4906464      0.012640803   
7.5054035      0.0093159949  
7.4984571      0.015148887   
12.987226      0.013076642   

Stress
20.4858      -0.0316885   -0.0257682    0.106342     0.0942386    0.0494324   
-0.0316885   20.5411      0.0339269     0.0942386    0.0922891    0.0790441   
-0.0257682   0.0339269    20.4498       0.0494324    0.0790441    0.139614    

Stress Spherical
0            0            0             0            0            0           
0            0            0             0            0            0           
0            0            0             0            0            0           

Inertia
150.062      -56.2218     -56.141       0.303609     0.190951     0.176202    
-56.2218     149.835      -56.2868      0.190951     0.289135     0.15758     
-56.141      -56.2868     149.939       0.176202     0.15758      0.31359     

Bond Length
0.61846685    0.0043441993

BB bond length
0.61846685    0.0043441993

Water EE distance
0             0           

PEG EE distance
8.2568271     0.30973014  

BBB P2(x)
0.52654771    0.018197835 

BBB first bond length
0.61849608    0.0042301588

BBB second bond length
0.61884986    0.004122982 

BBB <phi**2>/<phi>**2
1.2235548     0.012620105 

Time = 12000
Temperature
1.0136832     0.0031778848

Pressure
23.470751     0.077176399 

CM Mom
1.6697554e-17  1.1610414e-17 
1.2599927e-16  3.0376253e-17 
4.5887177e-17  2.1245328e-17 
1.3745369e-16  2.9590947e-17 

CM Pos
7.5004407      0.0089236029  
7.4969449      0.018307682   
7.5015735      0.013636413   
12.989796      0.013910165   

Stress
20.4583      0.0229173    0.0279382     0.140394     0.0468193    0.0553395   
0.0229173    20.419       0.0145903     0.0468193    0.151159     0.0642874   
0.0279382    0.0145903    20.4271       0.0553395    0.0642874    0.0835596   

Stress Spherical
0            0            0             0            0            0           
0            0            0             0            0            0           
0            0            0             0            0            0           

Inertia
149.973      -56.2439     -56.2575      0.322563     0.150412     0.0963221   
-56.2439     150.014      -56.25        0.150412     0.150624     0.181395    
-56.2575     -56.25       149.954       0.0963221    0.181395     0.335268    

Bond Length
0.61787965    0.0022928347

BB bond length
0.61787965    0.0022928347

Water EE distance
0             0           

PEG EE distance
8.3799557     0.17362454  

BBB P2(x)
0.52372776    0.024410434 

BBB first bond length
0.61807641    0.0023034224

BBB second bond length
0.61769804    0.0017166663

BBB <phi**2>/<phi>**2
1.2298795     0.015260923 

Time = 13000
Temperature
1.0098634     0.0096800316

Pressure
23.472999     0.097633149 

CM Mom
2.5888362e-18  1.5201598e-17 
1.1913425e-16  2.1298491e-17 
4.2924212e-17  2.3271634e-17 
1.3000807e-16  1.9140129e-17 

CM Pos
7.5022214      0.013021811   
7.5030292      0.020970278   
7.5045414      0.013008275   
12.996054      0.016356611   

Stress
20.4386      0.0250005    0.0257021     0.159927     0.078174     0.0865813   
0.0250005    20.4954      0.0219908     0.078174     0.124242     0.0573016   
0.0257021    0.0219908    20.4114       0.0865813    0.0573016    0.0784586   

Stress Spherical
0            0            0             0            0            0           
0            0            0             0            0            0           
0            0            0             0            0            0           

Inertia
150.106      -56.2443     -56.3306      0.363523     0.230102     0.109767    
-56.2443     150.078      -56.2952      0.230102     0.176378     0.190948    
-56.3306     -56.2952     150.065       0.109767     0.190948     0.460898    

Bond Length
0.62039739    0.0041073394

BB bond length
0.62039739    0.0041073394

Water EE distance
0             0           

PEG EE distance
8.0208853     0.30368944  

BBB P2(x)
0.51787907    0.012415045 

BBB first bond length
0.62036271    0.0042918443

BBB second bond length
0.61998284    0.0044556848

BBB <phi**2>/<phi>**2
1.2250783     0.01996033  

Time = 14000
Temperature
1.0088006     0.0055844752

Pressure
23.449321     0.11625865  

CM Mom
-5.3248528e-18 1.8715303e-17 
1.34575e-16    2.659044e-17  
3.3522381e-17  2.1808896e-17 
1.4156253e-16  2.7486877e-17 

CM Pos
7.4996987      0.011360878   
7.5064423      0.014708562   
7.4960828      0.012093243   
12.991673      0.01820364    

Stress
20.4225      -0.0158451   0.0277142     0.142292     0.0460215    0.0770221   
-0.0158451   20.4091      0.000168547   0.0460215    0.122052     0.0858629   
0.0277142    0.000168547  20.4525       0.0770221    0.0858629    0.127329    

Stress Spherical
0            0            0             0            0            0           
0            0            0             0            0            0           
0            0            0             0            0            0           

Inertia
150.036      -56.282      -56.2402      0.349075     0.209733     0.147586    
-56.282      149.931      -56.3052      0.209733     0.332341     0.203337    
-56.2402     -56.3052     150.086       0.147586     0.203337     0.362091    

Bond Length
0.62273114    0.0045576148

BB bond length
0.62273114    0.0045576148

Water EE distance
0             0           

PEG EE distance
7.2430961     0.27370035  

BBB P2(x)
0.52301566    0.015502926 

BBB first bond length
0.62285235    0.0049201565

BBB second bond length
0.62239388    0.0043826507

BBB <phi**2>/<phi>**2
1.2291147     0.012099158 

Time = 15000
Temperature
1.0099261     0.0070275133

Pressure
23.491703     0.10549398  

CM Mom
-2.0855399e-17 1.4835676e-17 
1.5240153e-16  2.7212604e-17 
4.7956077e-17  1.3888917e-17 
1.6244964e-16  2.6918384e-17 

CM Pos
7.4890141      0.012027508   
7.5062939      0.011872712   
7.4997927      0.025173363   
12.987578      0.020160744   

Stress
20.4934      0.0422304    0.0159666     0.148422     0.0566535    0.0473439   
0.0422304    20.4372      -0.0223964    0.0566535    0.1266       0.0717116   
0.0159666    -0.0223964   20.4704       0.0473439    0.0717116    0.102477    

Stress Spherical
0            0            0             0            0            0           
0            0            0             0            0            0           
0            0            0             0            0            0           

Inertia
150.098      -56.2209     -56.1586      0.424111     0.123527     0.243674    
-56.2209     149.834      -56.3063      0.123527     0.464902     0.174537    
-56.1586     -56.3063     149.915       0.243674     0.174537     0.25808     

Bond Length
0.6200597     0.0032615389

BB bond length
0.6200597     0.0032615389

Water EE distance
0             0           

PEG EE distance
7.2791548     0.26936235  

BBB P2(x)
0.52004397    0.017101652 

BBB first bond length
0.62004037    0.0028422572

BBB second bond length
0.61963715    0.0031301209

BBB <phi**2>/<phi>**2
1.2268759     0.013754922 

Time = 16000
Temperature
1.0060993     0.0076334643

Pressure
23.458758     0.10315631  

CM Mom
-2.8881945e-17 1.4352831e-17 
1.490783e-16   1.7038814e-17 
8.4429891e-17  1.909187e-17  
1.7582284e-16  1.1578719e-17 

CM Pos
7.5023698      0.015527919   
7.5061455      0.014999144   
7.4948956      0.0087905836  
12.992368      0.012105905   

Stress
20.462       -0.0049352   -0.0144018    0.0803361    0.0762167    0.0707616   
-0.0049352   20.3989      0.0119707     0.0762167    0.0761883    0.0550118   
-0.0144018   0.0119707    20.4757       0.0707616    0.0550118    0.194716    

Stress Spherical
0            0            0             0            0            0           
0            0            0             0            0            0           
0            0            0             0            0            0           

Inertia
150.012      -56.273      -56.2387      0.267786     0.149849     0.154331    
-56.273      149.965      -56.2471      0.149849     0.301291     0.108038    
-56.2387     -56.2471     150.136       0.154331     0.108038     0.263146    

Bond Length
0.62043001    0.0046394561

BB bond length
0.62043001    0.0046394561

Water EE distance
0             0           

PEG EE distance
7.7772019     0.2262391   

BBB P2(x)
0.52779321    0.018406336 

BBB first bond length
0.62028797    0.004554596 

BBB second bond length
0.62023232    0.0047872877

BBB <phi**2>/<phi>**2
1.2243253     0.010562402 

Time = 17000
Temperature
1.0081891     0.0092998662

Pressure
23.45628      0.10958276  

CM Mom
-3.2592756e-17 2.2111946e-17 
1.3109663e-16  2.1587463e-17 
1.1083592e-16  2.5841815e-17 
1.7832742e-16  1.8849519e-17 

CM Pos
7.4967307      0.020573776   
7.4982805      0.012842156   
7.5008315      0.010290901   
12.987998      0.015650623   

Stress
20.4369      -0.0423733   0.039831      0.134048     0.0707777    0.0731389   
-0.0423733   20.4503      0.0147485     0.0707777    0.13568      0.0760459   
0.039831     0.0147485    20.4232       0.0731389    0.0760459    0.125561    

Stress Spherical
0            0            0             0            0            0           
0            0            0             0            0            0           
0            0            0             0            0            0           

Inertia
149.974      -56.2223     -56.2966      0.23676      0.200575     0.205292    
-56.2223     149.981      -56.2467      0.200575     0.416826     0.148363    
-56.2966     -56.2467     149.924       0.205292     0.148363     0.349274    

Bond Length
0.61946397    0.0021793981

BB bond length
0.61946397    0.0021793981

Water EE distance
0             0           

PEG EE distance
8.1761507     0.11525734  

BBB P2(x)
0.49988054    0.016524551 

BBB first bond length
0.61953457    0.0023262141

BBB second bond length
0.61946546    0.0021130232

BBB <phi**2>/<phi>**2
1.222211      0.015820948 

Time = 18000
Temperature
1.0121186     0.0057569676

Pressure
23.524009     0.15365253  

CM Mom
-4.2202452e-17 1.8988452e-17 
1.3673287e-16  2.6172028e-17 
1.2444043e-16  1.8169941e-17 
1.9256753e-16  1.5992885e-17 

CM Pos
7.4964339      0.018143961   
7.4997644      0.020352084   
7.5002379      0.016068763   
12.988339      0.02454118    

Stress
20.4537      0.0430291    0.0181018     0.171529     0.0706152    0.0880416   
0.0430291    20.5081      -0.0350346    0.0706152    0.175277     0.0706913   
0.0181018    -0.0350346   20.5165       0.0880416    0.0706913    0.167901    

Stress Spherical
0            0            0             0            0            0           
0            0            0             0            0            0           
0            0            0             0            0            0           

Inertia
149.997      -56.2392     -56.2416      0.374606     0.235134     0.24015     
-56.2392     149.96       -56.2696      0.235134     0.465628     0.207547    
-56.2416     -56.2696     149.942       0.24015      0.207547     0.439328    

Bond Length
0.61915058    0.0031511011

BB bond length
0.61915058    0.0031511011

Water EE distance
0             0           

PEG EE distance
7.9763357     0.29448384  

BBB P2(x)
0.52368148    0.013586768 

BBB first bond length
0.61947564    0.003235274 

BBB second bond length
0.6191401     0.0033003387

BBB <phi**2>/<phi>**2
1.2284524     0.0077912287

Time = 19000
Temperature
1.0118059     0.0059674776

Pressure
23.444498     0.06802404  

CM Mom
-4.1286831e-17 1.41608e-17   
1.4231474e-16  1.0200637e-17 
1.1557199e-16  9.6273207e-18 
1.8873903e-16  9.4770872e-18 

CM Pos
7.4939112      0.010746261   
7.5128234      0.010557089   
7.4987539      0.014528544   
12.993568      0.012131701   

Stress
20.3981      -0.0632537   -0.0115341    0.0471197    0.063875     0.0669114   
-0.0632537   20.4214      -0.0181516    0.063875     0.12261      0.0562387   
-0.0115341   -0.0181516   20.423        0.0669114    0.0562387    0.126887    

Stress Spherical
0            0            0             0            0            0           
0            0            0             0            0            0           
0            0            0             0            0            0           

Inertia
150.173      -56.3102     -56.192       0.237378     0.127475     0.150647    
-56.3102     149.876      -56.3476      0.127475     0.244063     0.166565    
-56.192      -56.3476     150.079       0.150647     0.166565     0.24208     

Bond Length
0.62002513    0.0020821319

BB bond length
0.62002513    0.0020821319

Water EE distance
0             0           

PEG EE distance
7.6429718     0.5678912   

BBB P2(x)
0.51991443    0.010803488 

BBB first bond length
0.61992751    0.0020381009

BBB second bond length
0.61978505    0.0020940172

BBB <phi**2>/<phi>**2
1.2341985     0.016442702 

Time = 20000
Temperature
1.0086796     0.0071041002

Pressure
23.467942     0.096022326 

CM Mom
-4.0575093e-17 2.0772619e-17 
1.476422e-16   1.11731e-17   
7.9404067e-17  1.6584208e-17 
1.7409402e-16  1.6498781e-17 

CM Pos
7.502073       0.012686885   
7.4979837      0.016107091   
7.5018703      0.01086852    
12.991508      0.012888645   

Stress
20.4743      -0.0286006   -0.032158     0.132224     0.079273     0.039778    
-0.0286006   20.4528      -0.0231866    0.079273     0.111296     0.0425098   
-0.032158    -0.0231866   20.4138       0.039778     0.0425098    0.0893734   

Stress Spherical
0            0            0             0            0            0           
0            0            0             0            0            0           
0            0            0             0            0            0           

Inertia
149.991      -56.289      -56.2788      0.248909     0.173024     0.209273    
-56.289      150.077      -56.2334      0.173024     0.306176     0.154029    
-56.2788     -56.2334     150.009       0.209273     0.154029     0.333466    

Bond Length
0.61722572    0.0049861776

BB bond length
0.61722572    0.0049861776

Water EE distance
0             0           

PEG EE distance
6.7501956     0.41519547  

BBB P2(x)
0.51607197    0.013226534 

BBB first bond length
0.61768973    0.0047314246

BBB second bond length
0.61744804    0.0050123358

BBB <phi**2>/<phi>**2
1.226282      0.0071026373

Time = 21000
Temperature
1.0106411     0.0068296603

Pressure
23.489436     0.11345713  

CM Mom
-1.3743788e-17 1.5342278e-17 
1.3237423e-16  2.7921224e-17 
6.5218257e-17  1.2907199e-17 
1.4993278e-16  2.5826084e-17 

CM Pos
7.4980663      0.013286325   
7.501842       0.015928362   
7.4905921      0.011665954   
12.984915      0.011775525   

Stress
20.4928      -0.00877776  0.0148032     0.138014     0.0583607    0.0623106   
-0.00877776  20.4803      0.0179586     0.0583607    0.123412     0.0752862   
0.0148032    0.0179586    20.4147       0.0623106    0.0752862    0.178142    

Stress Spherical
0            0            0             0            0            0           
0            0            0             0            0            0           
0            0            0             0            0            0           

Inertia
149.869      -56.2662     -56.1542      0.222892     0.123392     0.206157    
-56.2662     149.836      -56.1973      0.123392     0.350794     0.143626    
-56.1542     -56.1973     149.99        0.206157     0.143626     0.216631    

Bond Length
0.61997355    0.003321226 

BB bond length
0.61997355    0.003321226 

Water EE distance
0             0           

PEG EE distance
7.3801381     0.34318539  

BBB P2(x)
0.52192829    0.015492438 

BBB first bond length
0.61964653    0.0029351577

BBB second bond length
0.61970032    0.0030783012

BBB <phi**2>/<phi>**2
1.223104      0.018598117 

Time = 22000
Temperature
1.0076455     0.0081748017

Pressure
23.456207     0.11844921  

CM Mom
-1.9213075e-18 9.902138e-18  
1.2856106e-16  3.2080187e-17 
7.2651894e-17  1.6774599e-17 
1.5017979e-16  2.5778778e-17 

CM Pos
7.5001439      0.022221971   
7.4978353      0.012991335   
7.5033543      0.0077735264  
12.991174      0.012006522   

Stress
20.467       0.0015506    0.0359851     0.180448     0.0723022    0.0379668   
0.0015506    20.4162      0.0127631     0.0723022    0.112208     0.0762052   
0.0359851    0.0127631    20.4319       0.0379668    0.0762052    0.110092    

Stress Spherical
0            0            0             0            0            0           
0            0            0             0            0            0           
0            0            0             0            0            0           

Inertia
150.017      -56.242      -56.2962      0.207348     0.191584     0.18056     
-56.242      150.049      -56.2425      0.191584     0.281129     0.088528    
-56.2962     -56.2425     149.952       0.18056      0.088528     0.405887    

Bond Length
0.61833713    0.0046299145

BB bond length
0.61833713    0.0046299145

Water EE distance
0             0           

PEG EE distance
7.2259254     0.27443883  

BBB P2(x)
0.49842758    0.01439821  

BBB first bond length
0.61870855    0.0048421307

BBB second bond length
0.61841673    0.004957677 

BBB <phi**2>/<phi>**2
1.2252329     0.0096263666

Time = 23000
Temperature
1.0114446     0.0089699061

Pressure
23.435824     0.076767466 

CM Mom
-5.2957463e-18 1.9819128e-17 
1.2014419e-16  1.5174803e-17 
5.5034737e-17  1.3489591e-17 
1.3395535e-16  1.8774946e-17 

CM Pos
7.4945048      0.01343467    
7.4975385      0.010539344   
7.5057286      0.015072375   
12.989111      0.012840279   

Stress
20.4167      0.026825     0.0186024     0.127592     0.064835     0.061812    
0.026825     20.3349      0.0243446     0.064835     0.0988255    0.0472725   
0.0186024    0.0243446    20.4681       0.061812     0.0472725    0.0961658   

Stress Spherical
0            0            0             0            0            0           
0            0            0             0            0            0           
0            0            0             0            0            0           

Inertia
150.032      -56.1924     -56.2262      0.276223     0.152968     0.104022    
-56.1924     149.994      -56.2739      0.152968     0.350122     0.17606     
-56.2262     -56.2739     149.887       0.104022     0.17606      0.271139    

Bond Length
0.62013185    0.002617758 

BB bond length
0.62013185    0.002617758 

Water EE distance
0             0           

PEG EE distance
7.3189894     0.19774227  

BBB P2(x)
0.50198211    0.015026032 

BBB first bond length
0.62029623    0.0030943449

BBB second bond length
0.61988887    0.0025534158

BBB <phi**2>/<phi>**2
1.2118368     0.015373359 

Time = 24000
Temperature
1.0110867     0.0067548329

Pressure
23.509895     0.098737696 

CM Mom
1.0269673e-19  1.7552335e-17 
1.0156267e-16  2.1238529e-17 
6.8598188e-17  2.6338705e-17 
1.2580044e-16  2.5452582e-17 

CM Pos
7.4994019      0.010586253   
7.5011         0.012984553   
7.4954892      0.007797569   
12.988077      0.0093144151  

Stress
20.4853      0.00849334   0.0313209     0.112114     0.0581724    0.0790218   
0.00849334   20.4577      0.019805      0.0581724    0.125381     0.0783194   
0.0313209    0.019805     20.5022       0.0790218    0.0783194    0.118845    

Stress Spherical
0            0            0             0            0            0           
0            0            0             0            0            0           
0            0            0             0            0            0           

Inertia
149.936      -56.2463     -56.2009      0.232358     0.0899382    0.0929602   
-56.2463     149.92       -56.2399      0.0899382    0.141961     0.175219    
-56.2009     -56.2399     149.997       0.0929602    0.175219     0.182175    

Bond Length
0.61816545    0.0039190925

BB bond length
0.61816545    0.0039190925

Water EE distance
0             0           

PEG EE distance
7.6317694     0.094846651 

BBB P2(x)
0.50631369    0.019959502 

BBB first bond length
0.61824899    0.0040344823

BBB second bond length
0.61795009    0.0037904948

BBB <phi**2>/<phi>**2
1.2189666     0.013327031 

Time = 25000
Temperature
1.0119005     0.0080164756

Pressure
23.492005     0.07100171  

CM Mom
1.1159345e-17  1.4438827e-17 
6.8329158e-17  7.5452412e-18 
9.1895586e-17  2.410789e-17  
1.1735906e-16  1.7653744e-17 

CM Pos
7.4910916      0.013293782   
7.5062939      0.014795889   
7.5032059      0.0080532035  
12.990739      0.012930383   

Stress
20.4734      -0.00775227  -0.0192101    0.0616946    0.0989993    0.0572401   
-0.00775227  20.4819      0.00392129    0.0989993    0.0903967    0.0493288   
-0.0192101   0.00392129   20.429        0.0572401    0.0493288    0.119818    

Stress Spherical
0            0            0             0            0            0           
0            0            0             0            0            0           
0            0            0             0            0            0           

Inertia
150.102      -56.2241     -56.2006      0.260081     0.160839     0.0935301   
-56.2241     149.893      -56.3725      0.160839     0.198074     0.137583    
-56.2006     -56.3725     149.938       0.0935301    0.137583     0.289104    

Bond Length
0.61770423    0.0032956535

BB bond length
0.61770423    0.0032956535

Water EE distance
0             0           

PEG EE distance
7.3998747     0.52585279  

BBB P2(x)
0.51127509    0.019984785 

BBB first bond length
0.6177067     0.0032834004

BBB second bond length
0.61762346    0.0033079856

BBB <phi**2>/<phi>**2
1.225916      0.017917053 

Time = 26000
Temperature
1.012373      0.0077890745

Pressure
23.507944     0.058358682 

CM Mom
5.2766622e-18  1.7820739e-17 
7.793803e-17   1.5679909e-17 
9.1706531e-17  2.1584876e-17 
1.2305565e-16  1.997296e-17  

CM Pos
7.4936144      0.0099724758  
7.4938285      0.012334843   
7.4960828      0.014418996   
12.980881      0.013032258   

Stress
20.4482      -0.0386128   -0.0054615    0.102763     0.0552873    0.0560192   
-0.0386128   20.4891      0.0058861     0.0552873    0.0833186    0.0919225   
-0.0054615   0.0058861    20.4904       0.0560192    0.0919225    0.105431    

Stress Spherical
0            0            0             0            0            0           
0            0            0             0            0            0           
0            0            0             0            0            0           

Inertia
149.836      -56.1446     -56.1454      0.281589     0.109769     0.13361     
-56.1446     149.852      -56.178       0.109769     0.204279     0.161658    
-56.1454     -56.178      149.836       0.13361      0.161658     0.258447    

Bond Length
0.61959662    0.0049900856

BB bond length
0.61959662    0.0049900856

Water EE distance
0             0           

PEG EE distance
7.1846134     0.15818198  

BBB P2(x)
0.51659229    0.019487199 

BBB first bond length
0.61931102    0.0047894671

BBB second bond length
0.61963607    0.0049720168

BBB <phi**2>/<phi>**2
1.2301854     0.015432228 

Time = 27000
Temperature
1.0132304     0.0092507531

Pressure
23.535329     0.08564319  

CM Mom
-1.7607821e-17 2.158607e-17  
8.7710145e-17  1.5326171e-17 
7.5036161e-17  1.819487e-17  
1.2011627e-16  1.5411537e-17 

CM Pos
7.492724       0.017834863   
7.4914542      0.015635331   
7.5012767      0.014246142   
12.982         0.020066838   

Stress
20.5091      0.0124384    -0.00349896   0.0976454    0.0606015    0.0696308   
0.0124384    20.5058      -0.00323894   0.0606015    0.0978106    0.0624352   
-0.00349896  -0.00323894  20.4873       0.0696308    0.0624352    0.116253    

Stress Spherical
0            0            0             0            0            0           
0            0            0             0            0            0           
0            0            0             0            0            0           

Inertia
149.884      -56.1355     -56.212       0.367499     0.162902     0.251891    
-56.1355     149.92       -56.1521      0.162902     0.454516     0.190886    
-56.212      -56.1521     149.784       0.251891     0.190886     0.348024    

Bond Length
0.62071521    0.0041336776

BB bond length
0.62071521    0.0041336776

Water EE distance
0             0           

PEG EE distance
7.0111581     0.27441661  

BBB P2(x)
0.51697286    0.023116693 

BBB first bond length
0.62089503    0.0042207842

BBB second bond length
0.62067888    0.0042174575

BBB <phi**2>/<phi>**2
1.22397       0.010070241 

Time = 28000
Temperature
1.0048387     0.0076265882

Pressure
23.476158     0.060268881 

CM Mom
-3.5749445e-17 1.4123522e-17 
9.2933674e-17  3.1553903e-17 
1.0398305e-16  3.2821157e-17 
1.4844582e-16  3.1037958e-17 

CM Pos
7.4950984      0.014090713   
7.4929381      0.015928362   
7.4986055      0.013075816   
12.982686      0.013964243   

Stress
20.4419      -0.0365894   0.0114556     0.115233     0.0908502    0.0605231   
-0.0365894   20.5128      -0.00782723   0.0908502    0.054479     0.0614172   
0.0114556    -0.00782723  20.4455       0.0605231    0.0614172    0.112738    

Stress Spherical
0            0            0             0            0            0           
