Time = 1000
Temperature
   1.1281293    0.17849426

Pressure
   23.797336    0.93280851

CM Mom
-1.351781e-17  2.4281803e-17 
6.6543142e-17  1.564823e-17  
6.3197986e-17  1.1917969e-16 
1.3126161e-16  8.0083508e-17 

CM Pos
7.4924311      0.018172614   
7.4996106      0.011116053   
7.5030347      0.019205546   
12.987558      0.019158923   

Stress
20.3826      -0.0432701   0.00762078    0.434063     0.0582063    0.070629    
-0.0432701   20.4694      -0.0207846    0.0582063    0.388378     0.0572615   
0.00762078   -0.0207846   20.3959       0.070629     0.0572615    0.423353    

Stress Spherical
0            0            0             0            0            0           
0            0            0             0            0            0           
0            0            0             0            0            0           

Inertia
150.199      -56.2244     -56.1778      1.17385      0.173425     0.216669    
-56.2244     150.067      -56.2569      0.173425     1.32068      0.19086     
-56.1778     -56.2569     150.033       0.216669     0.19086      1.40918     

Bond Length
0.61940458    0.0084098562

BB bond length
0.61940458    0.0084098562

Water EE distance
0             0           

PEG EE distance
7.2318181     0.088320943 

BBB P2(x)
0.47905452    0.061705572 

BBB first bond length
0.61903491    0.0083920224

BBB second bond length
0.61948575    0.0084091209

BBB <phi**2>/<phi>**2
1.2220787     0.014038296 

Time = 2000
Temperature
1.01204       0.0043644243

Pressure
23.177675     0.043468358 

CM Mom
-8.0865963e-18 1.8822859e-17 
6.7510856e-17  1.5296778e-17 
3.911311e-17   3.8313396e-17 
8.747095e-17   2.3621701e-17 

CM Pos
7.4961381      0.012177928   
7.5036141      0.010527877   
7.5015519      0.02027481    
12.991158      0.0085822206  

Stress
20.1663      0.000774439  0.000855242   0.0633475    0.0681831    0.0749352   
0.000774439  20.1698      -0.0203984    0.0681831    0.0551863    0.0542043   
0.000855242  -0.0203984   20.0967       0.0749352    0.0542043    0.106608    

Stress Spherical
0            0            0             0            0            0           
0            0            0             0            0            0           
0            0            0             0            0            0           

Inertia
149.963      -56.2211     -56.2316      0.322709     0.161047     0.168805    
-56.2211     149.849      -56.2665      0.161047     0.326741     0.151924    
-56.2316     -56.2665     149.88        0.168805     0.151924     0.351088    

Bond Length
0.61646459    0.0012737582

BB bond length
0.61646459    0.0012737582

Water EE distance
0             0           

PEG EE distance
7.3348918     0.22481136  

BBB P2(x)
0.52309415    0.009797776 

BBB first bond length
0.61646092    0.0014404205

BBB second bond length
0.61641865    0.0012233291

BBB <phi**2>/<phi>**2
1.2262675     0.0099863326

