Time = 500
Temperature
   1.0348645   0.041970113

Pressure
   23.530325    0.16428787

CM Mom
4.9254906e-18  2.6285437e-17 
-2.3056538e-18 1.3870559e-17 
2.4938346e-17  9.6182219e-18 
3.8666161e-17  1.1500104e-17 

CM Pos
7.4957592      0.034191913   
7.4891223      0.024352842   
7.4855818      0.013198967   
12.973349      0.038006444   

Stress
20.3925      -0.00636003  -0.00825166   0.0809574    0.0576931    0.0318655   
-0.00636003  20.4202      -0.0168298    0.0576931    0.0809404    0.0374192   
-0.00825166  -0.0168298   20.4654       0.0318655    0.0374192    0.109305    

Stress Spherical
0            0            0             0            0            0           
0            0            0             0            0            0           
0            0            0             0            0            0           

Inertia
149.456      -56.0998     -56.1658      0.470187     0.41806      0.350899    
-56.0998     149.574      -55.9825      0.41806      0.68445      0.244889    
-56.1658     -55.9825     149.642       0.350899     0.244889     0.748834    

Bond Length
0.61358983    0.0082844304

BB bond length
0.61358983    0.0082844304

Water EE distance
0             0           

PEG EE distance
3.7734177     0.24040479  

Time = 1000
Temperature
1.0165895     0.0028986256

Pressure
23.290492     0.075064656 

CM Mom
-2.2422415e-17 1.216293e-17  
2.581126e-17   1.4598679e-17 
2.4390582e-17  3.2572797e-17 
5.1519446e-17  2.3058152e-17 

CM Pos
7.4978335      0.0091044794  
7.4900113      0.0086697385  
7.4992128      0.014291374   
12.982919      0.011820038   

Stress
20.2109      0.0265003    -0.0240139    0.0810642    0.0621669    0.0683848   
0.0265003    20.303       0.00194704    0.0621669    0.126012     0.0640304   
-0.0240139   0.00194704   20.2092       0.0683848    0.0640304    0.0883776   

Stress Spherical
0            0            0             0            0            0           
0            0            0             0            0            0           
0            0            0             0            0            0           

Inertia
149.715      -56.1323     -56.2946      0.247974     0.122633     0.171192    
-56.1323     149.858      -56.0783      0.122633     0.289362     0.116134    
-56.2946     -56.0783     149.705       0.171192     0.116134     0.232165    

Bond Length
0.61342138    0.0041951418

BB bond length
0.61342138    0.0041951418

Water EE distance
0             0           

PEG EE distance
3.4249411     0.21258533  

