Time = 1000
Temperature
   1.9505681     1.8389173

Pressure
   29.055361     2.0844253

CM Mom
-1.9150039e-17 7.3198363e-17 
-3.0387879e-19 8.531009e-17  
-3.4535246e-16 2.1010544e-15 
1.2943116e-15  1.6945377e-15 

CM Pos
9.9991435      0.023443414   
10.001841      0.013717249   
10.004039      0.030787703   
17.32345       0.015788531   

Stress
23.1514      -0.0107863   -0.146456     3.68064      0.0519347    0.313502    
-0.0107863   23.289       -0.02909      0.0519347    3.44667      0.0534752   
-0.146456    -0.02909     23.1947       0.313502     0.0534752    3.46657     

Stress Spherical
0            0            0             0            0            0           
0            0            0             0            0            0           
0            0            0             0            0            0           

Inertia
267.603      -100.016     -100.01       3.7559       0.202322     0.231713    
-100.016     267.526      -100.148      0.202322     3.6046       0.404977    
-100.01      -100.148     267.46        0.231713     0.404977     2.86857     

Bond Length
0.62447149    0.054320157 

BB bond length
0.62447149    0.054320157 

Water EE distance
0             0           

PEG EE distance
9.3048095     0.089573842 

BBB P2(x)
0.14854294    0.047555919 

BBB first bond length
0.62496849    0.055134619 

BBB second bond length
0.62482448    0.054829353 

BBB <phi**2>/<phi>**2
1.1416898     0.018623152 

Time = 2000
Temperature
1.0177539     0.007810112 

Pressure
27.61127      0.048072172 

CM Mom
-9.7248162e-18 2.2432544e-17 
2.1467462e-17  1.0615017e-17 
1.505306e-17   1.6981214e-16 
1.2683443e-16  1.189416e-16  

CM Pos
9.9914663      0.0099873088  
9.9943303      0.0079258101  
10.000368      0.0093088562  
17.312526      0.0097946198  

Stress
24.5529      -0.00846928  -0.0031951    0.0808577    0.067296     0.0449416   
-0.00846928  24.572       -0.00319891   0.067296     0.0578318    0.0527653   
-0.0031951   -0.00319891  24.5617       0.0449416    0.0527653    0.0541773   

Stress Spherical
0            0            0             0            0            0           
0            0            0             0            0            0           
0            0            0             0            0            0           

Inertia
266.82       -99.8734     -99.9356      0.697477     0.148442     0.0936341   
-99.8734     266.75       -99.904       0.148442     0.712763     0.141591    
-99.9356     -99.904      266.65        0.0936341    0.141591     0.516446    

Bond Length
0.59812986    0.00064185034

BB bond length
0.59812986    0.00064185034

Water EE distance
0             0           

PEG EE distance
8.950863      0.12645582  

BBB P2(x)
0.096251037   0.0061789978

BBB first bond length
0.59825078    0.00065862983

BBB second bond length
0.59821027    0.00062376528

BBB <phi**2>/<phi>**2
1.1245974     0.0025892476

Time = 3000
Temperature
1.010111      0.0059127378

Pressure
27.615046     0.088993254 

CM Mom
-2.0442102e-17 1.2387689e-17 
-3.3628172e-18 2.8416878e-17 
-5.4189614e-17 2.4558487e-17 
6.6077399e-17  2.3739688e-17 

CM Pos
9.9955553      0.013088585   
9.9991702      0.014330005   
10.003872      0.0085979868  
17.31971       0.010221398   

Stress
24.6146      -0.010815    0.00947987    0.104833     0.0552134    0.0505937   
-0.010815    24.5838      0.000613721   0.0552134    0.089002     0.0592553   
0.00947987   0.000613721  24.5682       0.0505937    0.0592553    0.125869    

Stress Spherical
0            0            0             0            0            0           
0            0            0             0            0            0           
0            0            0             0            0            0           

Inertia
266.82       -99.9068     -100.007      0.335834     0.159951     0.222746    
-99.9068     266.805      -100.046      0.159951     0.498436     0.13177     
-100.007     -100.046     266.678       0.222746     0.13177      0.302586    

Bond Length
0.59816798    0.00073064797

BB bond length
0.59816798    0.00073064797

Water EE distance
0             0           

PEG EE distance
8.4830369     0.13551962  

BBB P2(x)
0.083101893   0.0047539951

BBB first bond length
0.59824908    0.00076520725

BBB second bond length
0.59833163    0.00068518796

BBB <phi**2>/<phi>**2
1.1213441     0.0011771558

Time = 4000
Temperature
1.0100939     0.005849396 

Pressure
27.586209     0.084426921 

CM Mom
-1.6786292e-17 1.9092068e-17 
7.3751985e-18  1.4529774e-17 
-5.0526219e-17 2.2588662e-17 
5.9278295e-17  2.1471485e-17 

CM Pos
10.00148       0.010282753   
10.000422      0.009610668   
9.9898532      0.0069216644  
17.315752      0.013249302   

Stress
24.5362      -0.0203391   -0.0394709    0.0659747    0.0396724    0.0434438   
-0.0203391   24.5709      0.011557      0.0396724    0.0893051    0.0588382   
-0.0394709   0.011557     24.5732       0.0434438    0.0588382    0.110922    

Stress Spherical
0            0            0             0            0            0           
0            0            0             0            0            0           
0            0            0             0            0            0           

Inertia
266.533      -99.9829     -99.924       0.233228     0.184361     0.157038    
-99.9829     266.569      -99.9468      0.184361     0.275085     0.117072    
-99.924      -99.9468     266.743       0.157038     0.117072     0.353898    

Bond Length
0.59838223    0.00071180713

BB bond length
0.59838223    0.00071180713

Water EE distance
0             0           

PEG EE distance
8.0699128     0.10682068  

BBB P2(x)
0.079457911   0.0032218217

BBB first bond length
0.5985484     0.0006647146

BBB second bond length
0.59848162    0.00068356227

BBB <phi**2>/<phi>**2
1.1202647     0.0017897101

Time = 5000
Temperature
1.008878      0.0038795027

Pressure
27.60279      0.046689874 

CM Mom
-1.1087175e-17 1.4177814e-17 
2.3064563e-17  2.1665495e-17 
-5.1344514e-17 1.0412413e-17 
6.2911056e-17  1.0591512e-17 

CM Pos
10.005986      0.0053536996  
10.004845      0.0067427903  
10.001786      0.0084199893  
17.327795      0.0088284013  

Stress
24.5898      -0.00665369  -0.0116722    0.112683     0.0352053    0.0780611   
-0.00665369  24.5884      -0.00494147   0.0352053    0.120595     0.0723267   
-0.0116722   -0.00494147  24.5628       0.0780611    0.0723267    0.108624    

Stress Spherical
0            0            0             0            0            0           
0            0            0             0            0            0           
0            0            0             0            0            0           

Inertia
266.856      -100.091     -100.055      0.254554     0.0976889    0.152223    
-100.091     266.912      -100.061      0.0976889    0.261096     0.143584    
-100.055     -100.061     266.951       0.152223     0.143584     0.207398    

Bond Length
0.59790109    0.00041295123

BB bond length
0.59790109    0.00041295123

Water EE distance
0             0           

PEG EE distance
7.7251704     0.08516156  

BBB P2(x)
0.071193284   0.0051356414

BBB first bond length
0.59802854    0.00036420669

BBB second bond length
0.59799713    0.00044090425

BBB <phi**2>/<phi>**2
1.1182348     0.0018468835

Time = 6000
Temperature
1.0115432     0.0053102746

Pressure
27.588622     0.060568086 

CM Mom
-1.676371e-17  1.5692581e-17 
5.0186324e-18  1.9239159e-17 
-6.1168462e-17 1.6559113e-17 
6.8469722e-17  1.5820652e-17 

CM Pos
9.9946374      0.0069797717  
10.002925      0.0098256343  
9.9993663      0.010830261   
17.318742      0.0079561688  

Stress
24.5359      0.0210471    -0.0135432    0.0702785    0.0558577    0.0566951   
0.0210471    24.5686      0.014878      0.0558577    0.0797662    0.053477    
-0.0135432   0.014878     24.57         0.0566951    0.053477     0.114038    

Stress Spherical
0            0            0             0            0            0           
0            0            0             0            0            0           
0            0            0             0            0            0           

Inertia
266.739      -99.9665     -99.9549      0.293477     0.101929     0.115535    
-99.9665     266.57       -99.9813      0.101929     0.235719     0.16177     
-99.9549     -99.9813     266.618       0.115535     0.16177      0.159357    

Bond Length
0.59828391    0.00039195498

BB bond length
0.59828391    0.00039195498

Water EE distance
0             0           

PEG EE distance
7.3442171     0.12588637  

BBB P2(x)
0.067375092   0.0044874377

BBB first bond length
0.59838937    0.00040427644

BBB second bond length
0.5984339     0.000323976 

BBB <phi**2>/<phi>**2
1.117169      0.0019540122

Time = 7000
Temperature
1.0148989     0.0051780766

Pressure
27.61323      0.058999332 

CM Mom
-5.2882322e-18 1.2061108e-17 
-1.8180962e-17 2.4273099e-17 
-4.425895e-17  1.3181865e-17 
5.5029478e-17  1.4054863e-17 

CM Pos
9.9964732      0.010464003   
10.003343      0.0072791407  
9.9958615      0.0089783303  
17.318019      0.0071395716  

Stress
24.5454      0.0334957    -0.0301568    0.103942     0.0624239    0.0717061   
0.0334957    24.588       0.0119426     0.0624239    0.0727352    0.0606097   
-0.0301568   0.0119426    24.5848       0.0717061    0.0606097    0.106074    

Stress Spherical
0            0            0             0            0            0           
0            0            0             0            0            0           
0            0            0             0            0            0           

Inertia
266.652      -99.9751     -99.9086      0.227618     0.141911     0.0956454   
-99.9751     266.518      -99.9909      0.141911     0.155347     0.121044    
-99.9086     -99.9909     266.617       0.0956454    0.121044     0.273709    

Bond Length
0.5980293     0.00064267368

BB bond length
0.5980293     0.00064267368

Water EE distance
0             0           

PEG EE distance
7.0710562     0.056670573 

BBB P2(x)
0.063763987   0.0038028583

BBB first bond length
0.598163      0.00060544556

BBB second bond length
0.59812405    0.00061257844

BBB <phi**2>/<phi>**2
1.1161692     0.0023951462

Time = 8000
Temperature
1.0145551     0.0031985095

Pressure
27.65661      0.02660756  

CM Mom
-1.4290641e-17 2.0094427e-17 
-2.2689694e-17 2.9096673e-17 
-5.8120062e-17 3.190696e-17  
7.4033096e-17  2.9741275e-17 

CM Pos
10.003483      0.0062647221  
10.004845      0.011010403   
9.9986987      0.012836907   
17.32457       0.012453645   

Stress
24.585       0.018044     -0.0251497    0.0927581    0.0619612    0.0593591   
0.018044     24.5952      0.00239126    0.0619612    0.0580424    0.0567059   
-0.0251497   0.00239126   24.6712       0.0593591    0.0567059    0.0506305   

Stress Spherical
0            0            0             0            0            0           
0            0            0             0            0            0           
0            0            0             0            0            0           

Inertia
266.732      -100.045     -100.012      0.363271     0.137547     0.177961    
-100.045     266.735      -100.08       0.137547     0.317944     0.200169    
-100.012     -100.08      266.837       0.177961     0.200169     0.262167    

Bond Length
0.59784467    0.00049762396

BB bond length
0.59784467    0.00049762396

Water EE distance
0             0           

PEG EE distance
6.8722292     0.061086622 

BBB P2(x)
0.064707947   0.0041387945

BBB first bond length
0.59799638    0.00055499654

BBB second bond length
0.59794625    0.00050580003

BBB <phi**2>/<phi>**2
1.1165733     0.001158272 

Time = 9000
Temperature
1.0090933     0.0046999059

Pressure
27.626696     0.069869088 

CM Mom
-3.139691e-17  2.8799229e-17 
-3.1650297e-17 1.7919552e-17 
-4.8968145e-17 1.3879188e-17 
7.496218e-17   1.0449677e-17 

CM Pos
10.002648      0.012521661   
10.002759      0.009050943   
10.00479       0.016401103   
17.326401      0.017575059   

Stress
24.5897      -0.0360308   -0.0163377    0.115389     0.0591618    0.0735324   
-0.0360308   24.5854      0.0653029     0.0591618    0.0546287    0.0885486   
-0.0163377   0.0653029    24.6357       0.0735324    0.0885486    0.083723    

Stress Spherical
0            0            0             0            0            0           
0            0            0             0            0            0           
0            0            0             0            0            0           

Inertia
266.871      -100.073     -100.044      0.397942     0.162633     0.25994     
-100.073     266.877      -100.11       0.162633     0.483682     0.198708    
-100.044     -100.11      266.837       0.25994      0.198708     0.332493    

Bond Length
0.597903      0.00048426308

BB bond length
0.597903      0.00048426308

Water EE distance
0             0           

PEG EE distance
6.6926957     0.056676858 

BBB P2(x)
0.060093464   0.00294169  

BBB first bond length
0.59801296    0.00046973619

BBB second bond length
0.59800412    0.00047182552

BBB <phi**2>/<phi>**2
1.1153661     0.0018766498

Time = 10000
Temperature
1.0078448     0.0056287101

Pressure
27.639246     0.068147465 

CM Mom
-3.4842529e-17 1.4895483e-17 
-4.3218999e-17 1.8157366e-17 
-7.4662406e-17 2.4521092e-17 
9.7027941e-17  1.9869237e-17 

CM Pos
10.007321      0.01061596    
9.9964999      0.0079468684  
10.004624      0.005994918   
17.32539       0.0086347611  

Stress
24.6466      -0.028472    -0.0244712    0.106647     0.0425679    0.0646971   
-0.028472    24.5902      -0.0366452    0.0425679    0.121028     0.055555    
-0.0244712   -0.0366452   24.6228       0.0646971    0.055555     0.101701    

Stress Spherical
0            0            0             0            0            0           
0            0            0             0            0            0           
0            0            0             0            0            0           

Inertia
266.73       -100.016     -100.09       0.202321     0.146338     0.127915    
-100.016     266.92       -100.069      0.146338     0.292569     0.130019    
-100.09      -100.069     266.75        0.127915     0.130019     0.196602    

Bond Length
0.59797567    0.00038866354

BB bond length
0.59797567    0.00038866354

Water EE distance
0             0           

PEG EE distance
6.6503628     0.031462464 

BBB P2(x)
0.062976356   0.0029884493

BBB first bond length
0.5980728     0.00039718112

BBB second bond length
0.59807058    0.0003758989

BBB <phi**2>/<phi>**2
1.1162196     0.0012181611

Time = 11000
Temperature
1.0109722     0.005792052 

Pressure
27.639334     0.034230378 

CM Mom
-3.4365866e-17 1.6015598e-17 
-2.5394493e-17 1.4539975e-17 
-7.3632472e-17 2.1916221e-17 
8.8698589e-17  1.8122507e-17 

CM Pos
10.006904      0.0076885525  
9.9872372      0.0047028006  
10.002454      0.011985479   
17.318553      0.0083010941  

Stress
24.5695      -0.00391306  -0.030507     0.0642648    0.0481074    0.0695288   
-0.00391306  24.6255      0.0206204     0.0481074    0.0698173    0.0416529   
-0.030507    0.0206204    24.6368       0.0695288    0.0416529    0.0840622   

Stress Spherical
0            0            0             0            0            0           
0            0            0             0            0            0           
0            0            0             0            0            0           

Inertia
266.458      -99.927      -100.08       0.21026      0.13449      0.132569    
-99.927      266.808      -99.9131      0.13449      0.29809      0.098665    
-100.08      -99.9131     266.522       0.132569     0.098665     0.187876    

Bond Length
0.59769808    0.00044759582

BB bond length
0.59769808    0.00044759582

Water EE distance
0             0           

PEG EE distance
6.5221593     0.036751125 

BBB P2(x)
0.062748008   0.0037234271

BBB first bond length
0.59784152    0.00044412885

BBB second bond length
0.59783375    0.0004837481

BBB <phi**2>/<phi>**2
1.1157597     0.0017176211

Time = 12000
Temperature
1.0090127     0.0047998144

Pressure
27.638672     0.053564398 

CM Mom
1.5489133e-17  2.037495e-17  
-1.8934984e-17 1.5402541e-17 
-6.2582818e-17 9.3334263e-18 
7.1847184e-17  9.61914e-18   

CM Pos
9.9928849      0.012778459   
9.9933289      0.0048579395  
9.9985318      0.012299465   
17.311707      0.011559759   

Stress
24.5905      0.00626417   0.000703881   0.0771783    0.0657735    0.0757649   
0.00626417   24.6338      -0.00302738   0.0657735    0.0830488    0.064691    
0.000703881  -0.00302738  24.6231       0.0757649    0.064691     0.0667392   

Stress Spherical
0            0            0             0            0            0           
0            0            0             0            0            0           
0            0            0             0            0            0           

Inertia
266.519      -99.8842     -99.9084      0.269282     0.159472     0.16071     
-99.8842     266.494      -99.9435      0.159472     0.35805      0.142118    
-99.9084     -99.9435     266.384       0.16071      0.142118     0.322002    

Bond Length
0.59793329    0.00059138077

BB bond length
0.59793329    0.00059138077

Water EE distance
0             0           

PEG EE distance
6.3287772     0.075970631 

BBB P2(x)
0.057496059   0.0029249836

BBB first bond length
0.59801096    0.00061532664

BBB second bond length
0.59808544    0.00060574418

BBB <phi**2>/<phi>**2
1.1144457     0.0019234682

Time = 13000
Temperature
1.0134001     0.0037698126

Pressure
27.63266      0.082983531 

CM Mom
-1.4531521e-17 2.1877677e-17 
-3.1912369e-17 2.5876408e-17 
-6.1967997e-17 3.0107447e-17 
7.9146014e-17  2.9328913e-17 

CM Pos
10.003483      0.01452476    
9.9965834      0.0086641448  
9.9978642      0.0103637     
17.319321      0.012747888   

Stress
24.5595      0.0142749    -0.00569537   0.0867148    0.0377835    0.0668794   
0.0142749    24.6067      0.000711094   0.0377835    0.104611     0.0505089   
-0.00569537  0.000711094  24.6237       0.0668794    0.0505089    0.12916     

Stress Spherical
0            0            0             0            0            0           
0            0            0             0            0            0           
0            0            0             0            0            0           

Inertia
266.591      -99.971      -100.035      0.295232     0.199252     0.237875    
-99.971      266.734      -99.8944      0.199252     0.374359     0.187987    
-100.035     -99.8944     266.659       0.237875     0.187987     0.325079    

Bond Length
0.59809707    0.00045690933

BB bond length
0.59809707    0.00045690933

Water EE distance
0             0           

PEG EE distance
6.141812      0.057425716 

BBB P2(x)
0.058974478   0.00319545  

BBB first bond length
0.59824171    0.00050148264

BBB second bond length
0.59818188    0.00038076146

BBB <phi**2>/<phi>**2
1.1147648     0.0012499905

Time = 14000
Temperature
1.008882      0.0042037294

Pressure
27.644878     0.073080216 

CM Mom
-8.090078e-18  1.2135388e-17 
-1.2709175e-17 1.9093406e-17 
-3.497177e-17  2.3439341e-17 
4.5642202e-17  2.0688525e-17 

CM Pos
9.9985594      0.01013439    
10.003259      0.010886696   
9.9958615      0.01161578    
17.319176      0.010773338   

Stress
24.6242      -0.00387167  -0.0160479    0.092269     0.041818     0.0595835   
-0.00387167  24.631       0.014706      0.041818     0.118048     0.0588047   
-0.0160479   0.014706     24.612        0.0595835    0.0588047    0.0916937   

Stress Spherical
0            0            0             0            0            0           
0            0            0             0            0            0           
0            0            0             0            0            0           

Inertia
266.656      -100.004     -99.9791      0.318496     0.143227     0.193507    
-100.004     266.601      -100.04       0.143227     0.457273     0.219678    
-99.9791     -100.04      266.719       0.193507     0.219678     0.25912     

Bond Length
0.59783627    0.00056276375

BB bond length
0.59783627    0.00056276375

Water EE distance
0             0           

PEG EE distance
6.0269399     0.038678639 

BBB P2(x)
0.05798395    0.0036190411

BBB first bond length
0.59794275    0.00058381987

BBB second bond length
0.59802039    0.00055161656

BBB <phi**2>/<phi>**2
1.1144208     0.0014208348

Time = 15000
Temperature
1.0129951     0.0064215878

Pressure
27.612853     0.061070074 

CM Mom
1.0937089e-17  1.1693352e-17 
7.4756036e-18  2.0735407e-17 
-3.0365818e-17 1.5958574e-17 
4.1577695e-17  1.379313e-17  

CM Pos
10.008323      0.010733382   
10.000923      0.0092458056  
10.000117      0.0087046382  
17.325918      0.012744933   

Stress
24.6177      0.0222717    -0.0202239    0.0972114    0.069412     0.0487962   
0.0222717    24.5995      0.0164431     0.069412     0.100204     0.0670312   
-0.0202239   0.0164431    24.517        0.0487962    0.0670312    0.0722565   

Stress Spherical
0            0            0             0            0            0           
0            0            0             0            0            0           
0            0            0             0            0            0           

Inertia
266.666      -100.105     -100.081      0.342109     0.154296     0.225562    
-100.105     266.806      -100.025      0.154296     0.418922     0.1603      
-100.081     -100.025     266.801       0.225562     0.1603       0.316535    

Bond Length
0.59807283    0.00060786198

BB bond length
0.59807283    0.00060786198

Water EE distance
0             0           

PEG EE distance
6.0446078     0.021364121 

BBB P2(x)
0.058377549   0.0036668022

BBB first bond length
0.59818688    0.00067278873

BBB second bond length
0.59821421    0.00058935271

BBB <phi**2>/<phi>**2
1.1140869     0.0013537137

Time = 16000
Temperature
1.0117457     0.0052246774

Pressure
27.601254     0.05056909  

CM Mom
2.5120261e-17  3.3654693e-17 
1.8615008e-17  1.9829838e-17 
-2.3003995e-17 1.2338222e-17 
5.2936529e-17  1.9558791e-17 

CM Pos
9.9963063      0.018591512   
9.9977516      0.0088643697  
9.9922732      0.0072791407  
17.312624      0.015322678   

Stress
24.6117      -0.00481307  -0.0338634    0.0891151    0.0747103    0.0420757   
-0.00481307  24.5219      -0.0164126    0.0747103    0.0779628    0.0691449   
-0.0338634   -0.0164126   24.577        0.0420757    0.0691449    0.0745974   

Stress Spherical
0            0            0             0            0            0           
0            0            0             0            0            0           
0            0            0             0            0            0           

Inertia
266.424      -99.9732     -99.8187      0.276067     0.276761     0.176539    
-99.9732     266.4        -99.8837      0.276761     0.378746     0.146528    
-99.8187     -99.8837     266.473       0.176539     0.146528     0.427853    

Bond Length
0.59809866    0.00038935725

BB bond length
0.59809866    0.00038935725

Water EE distance
0             0           

PEG EE distance
5.9125685     0.033980488 

BBB P2(x)
0.056377246   0.0043431391

BBB first bond length
0.59823544    0.00040584704

BBB second bond length
0.59828794    0.00036940503

BBB <phi**2>/<phi>**2
1.1139433     0.0017058633

Time = 17000
Temperature
1.0122736     0.0058281803

Pressure
27.652193     0.060315275 

CM Mom
2.0823804e-17  2.2152942e-17 
6.4145756e-18  2.6054363e-17 
-3.1416018e-17 2.4636155e-17 
5.5026929e-17  1.4501851e-17 

CM Pos
10.000145      0.016805207   
9.9978351      0.0090205014  
9.9994497      0.0084628856  
17.319035      0.0084361718  

Stress
24.6223      -0.026786    -0.0353105    0.0780279    0.0639201    0.0536597   
-0.026786    24.6242      -0.00176411   0.0639201    0.0952948    0.0629557   
-0.0353105   -0.00176411  24.6121       0.0536597    0.0629557    0.0807025   

Stress Spherical
0            0            0             0            0            0           
0            0            0             0            0            0           
0            0            0             0            0            0           

Inertia
266.572      -99.9608     -99.9727      0.148092     0.218914     0.132463    
-99.9608     266.677      -99.9512      0.218914     0.227184     0.0855294   
-99.9727     -99.9512     266.61        0.132463     0.0855294    0.379261    

Bond Length
0.59772186    0.0003345429

BB bond length
0.59772186    0.0003345429

Water EE distance
0             0           

PEG EE distance
5.8988142     0.029291874 

BBB P2(x)
0.055573261   0.0022501946

BBB first bond length
0.59784799    0.00033308489

BBB second bond length
0.59786326    0.00032836884

BBB <phi**2>/<phi>**2
1.1138286     0.0010498713

Time = 18000
Temperature
1.0115149     0.0045503658

Pressure
27.641567     0.072594012 

CM Mom
5.1094254e-18  2.2625704e-17 
7.3666867e-18  2.0410111e-17 
-2.0732895e-17 1.4812917e-17 
3.7162106e-17  1.6647004e-17 

CM Pos
9.9956387      0.011849627   
9.995582       0.010514457   
10.001119      0.011084782   
17.316096      0.0061791723  

Stress
24.5986      0.00703995   -0.0150604    0.0892876    0.0539669    0.0641154   
0.00703995   24.6287      0.0169231     0.0539669    0.103526     0.0485666   
-0.0150604   0.0169231    24.6063       0.0641154    0.0485666    0.0876811   

Stress Spherical
0            0            0             0            0            0           
0            0            0             0            0            0           
0            0            0             0            0            0           

Inertia
266.578      -99.9243     -99.9352      0.278632     0.119632     0.121195    
-99.9243     266.61       -99.9109      0.119632     0.194642     0.134172    
-99.9352     -99.9109     266.489       0.121195     0.134172     0.259709    

Bond Length
0.5977881     0.00049350047

BB bond length
0.5977881     0.00049350047

Water EE distance
0             0           

PEG EE distance
5.8188783     0.03759266  

BBB P2(x)
0.055809952   0.0037600205

BBB first bond length
0.59795199    0.00057046282

BBB second bond length
0.5979154     0.00048621025

BBB <phi**2>/<phi>**2
1.1133615     0.0014438594

Time = 19000
Temperature
1.0123661     0.0068536028

Pressure
27.678775     0.060164847 

CM Mom
2.1377827e-17  1.8377214e-17 
-1.4749702e-17 1.4762174e-17 
-2.5842668e-17 2.260446e-17  
4.5443933e-17  1.8543544e-17 

CM Pos
9.9973911      0.0096255102  
9.9975013      0.0091141955  
9.9978642      0.0075121809  
17.316332      0.0067567845  

Stress
24.6026      -0.000466065 -0.00714452   0.0892702    0.0400929    0.0558647   
-0.000466065 24.7045      0.00245816    0.0400929    0.103211     0.0611974   
-0.00714452  0.00245816   24.6305       0.0558647    0.0611974    0.0804064   

Stress Spherical
0            0            0             0            0            0           
0            0            0             0            0            0           
0            0            0             0            0            0           

Inertia
266.531      -100.003     -99.9617      0.25931      0.161718     0.110591    
-100.003     266.52       -99.9367      0.161718     0.202832     0.141586    
-99.9617     -99.9367     266.547       0.110591     0.141586     0.226595    

Bond Length
0.59794266    0.00060796982

BB bond length
0.59794266    0.00060796982

Water EE distance
0             0           

PEG EE distance
5.806447      0.030724601 

BBB P2(x)
0.053015965   0.0029286075

BBB first bond length
0.59806782    0.00065029355

BBB second bond length
0.59803731    0.00062840852

BBB <phi**2>/<phi>**2
1.1128582     0.0015949795

Time = 20000
Temperature
1.0112368     0.0054681399

Pressure
27.630329     0.037451073 

CM Mom
1.9827165e-17  1.3663219e-17 
-2.1339842e-18 2.4803624e-17 
-2.0583619e-17 1.9611312e-17 
4.3500756e-17  1.0749272e-17 

CM Pos
9.9892967      0.010252913   
9.9913261      0.0086323393  
9.9965291      0.0040020291  
17.307323      0.0029631636  

Stress
24.5994      -0.00568687  0.0114289     0.0627157    0.0659417    0.0593596   
-0.00568687  24.6395      0.0222497     0.0659417    0.0793698    0.0726078   
0.0114289    0.0222497    24.5635       0.0593596    0.0726078    0.0637649   

Stress Spherical
0            0            0             0            0            0           
0            0            0             0            0            0           
0            0            0             0            0            0           

Inertia
266.361      -99.7424     -99.8572      0.148252     0.0612099    0.153204    
-99.7424     266.382      -99.9016      0.0612099    0.190519     0.112281    
-99.8572     -99.9016     266.247       0.153204     0.112281     0.163559    

Bond Length
0.59781627    0.00062676779

BB bond length
0.59781627    0.00062676779

Water EE distance
0             0           

PEG EE distance
5.7854792     0.036785948 

BBB P2(x)
0.053207129   0.003103981 

BBB first bond length
0.59789852    0.00062123727

BBB second bond length
0.59794825    0.00063238178

BBB <phi**2>/<phi>**2
1.112614      0.0013684321

Time = 21000
Temperature
1.0127552     0.0056940228

Pressure
27.652962     0.049379075 

CM Mom
1.0559556e-17  1.9627589e-17 
1.3224113e-17  1.5823951e-17 
-4.8580074e-18 1.1116557e-17 
3.0503324e-17  1.1779066e-17 

CM Pos
9.9989767      0.0077134193  
9.9950813      0.0079236133  
10.000535      0.011281241   
17.31739       0.010619031   

Stress
24.6282      0.0385183    0.011611      0.0655394    0.0438435    0.0461134   
0.0385183    24.6474      -0.0217054    0.0438435    0.088886     0.0657121   
0.011611     -0.0217054   24.581        0.0461134    0.0657121    0.0982702   

Stress Spherical
0            0            0             0            0            0           
0            0            0             0            0            0           
0            0            0             0            0            0           

Inertia
266.587      -99.9741     -100.009      0.382346     0.138606     0.165941    
-99.9741     266.671      -99.9428      0.138606     0.317647     0.181099    
-100.009     -99.9428     266.572       0.165941     0.181099     0.260466    

Bond Length
0.59800177    0.0005481155

BB bond length
0.59800177    0.0005481155

Water EE distance
0             0           

PEG EE distance
5.7669004     0.01969474  

BBB P2(x)
0.054891658   0.0023411035

BBB first bond length
0.59805057    0.00052935086

BBB second bond length
0.59812512    0.00050016353

BBB <phi**2>/<phi>**2
1.1132555     0.00081895095

Time = 22000
Temperature
1.0117352     0.0056817685

Pressure
27.623145     0.076194411 

CM Mom
2.779356e-17   1.603868e-17  
3.1996503e-17  1.6935775e-17 
-1.9287618e-17 2.3027998e-17 
5.5564584e-17  1.2457765e-17 

CM Pos
10.001647      0.011184533   
10.007682      0.0089491981  
9.9986987      0.0086416112  
17.325149      0.010960891   

Stress
24.5999      -0.00686327  0.0405379     0.0808063    0.0408538    0.0590955   
-0.00686327  24.5991      0.0183562     0.0408538    0.0676558    0.0454321   
0.0405379    0.0183562    24.5773       0.0590955    0.0454321    0.108931    

Stress Spherical
0            0            0             0            0            0           
0            0            0             0            0            0           
0            0            0             0            0            0           

Inertia
266.811      -100.119     -99.9897      0.333971     0.14851      0.206979    
-100.119     266.68       -100.11       0.14851      0.408099     0.148682    
-99.9897     -100.11      266.847       0.206979     0.148682     0.241913    

Bond Length
0.59787097    0.00061979213

BB bond length
0.59787097    0.00061979213

Water EE distance
0             0           

PEG EE distance
5.7705419     0.022590725 

BBB P2(x)
0.053710774   0.0021516501

BBB first bond length
0.59797715    0.00062778352

BBB second bond length
0.59797763    0.00062537228

BBB <phi**2>/<phi>**2
1.113248      0.0010401386

Time = 23000
Temperature
1.0126797     0.0019019774

Pressure
27.626604     0.051199816 

CM Mom
4.9128365e-17  1.9403552e-17 
4.5577882e-17  9.6145482e-18 
-7.417005e-18  1.2632913e-17 
7.0485767e-17  1.436092e-17  

CM Pos
9.997558       0.0073039712  
10.003009      0.0077750143  
9.9943594      0.011479495   
17.317584      0.010862734   

Stress
24.5972      0.0152892    0.0028392     0.0848503    0.0884979    0.0648931   
0.0152892    24.6015      0.00325834    0.0884979    0.0742091    0.058102    
0.0028392    0.00325834   24.5795       0.0648931    0.058102     0.0826727   

Stress Spherical
0            0            0             0            0            0           
0            0            0             0            0            0           
0            0            0             0            0            0           

Inertia
266.632      -99.9993     -99.8934      0.323856     0.119961     0.183861    
-99.9993     266.517      -99.9952      0.119961     0.313038     0.166388    
-99.8934     -99.9952     266.683       0.183861     0.166388     0.212045    

Bond Length
0.59804879    0.00053239202

BB bond length
0.59804879    0.00053239202

Water EE distance
0             0           

PEG EE distance
5.6927146     0.028957888 

BBB P2(x)
0.05467307    0.0031490396

BBB first bond length
0.59821605    0.00055620309

BBB second bond length
0.59820151    0.00060053007

BBB <phi**2>/<phi>**2
1.1144565     0.001373358 

Time = 24000
Temperature
1.0090301     0.0049935653

Pressure
27.636645     0.060060631 

CM Mom
4.8426977e-17  1.4938271e-17 
3.9053578e-17  1.8387478e-17 
-3.4853763e-17 3.4891147e-17 
7.9625831e-17  2.2880326e-17 

CM Pos
9.9986429      0.011362429   
9.9966668      0.012272542   
10.004039      0.013114894   
17.320144      0.0084397763  

Stress
24.6298      -0.0344336   0.0195129     0.0928848    0.0638055    0.0559667   
-0.0344336   24.6173      0.014239      0.0638055    0.0950335    0.0457695   
0.0195129    0.014239     24.594        0.0559667    0.0457695    0.131762    

Stress Spherical
0            0            0             0            0            0           
0            0            0             0            0            0           
0            0            0             0            0            0           

Inertia
266.683      -99.9464     -100.017      0.251081     0.160776     0.241169    
-99.9464     266.705      -100.031      0.160776     0.359216     0.148047    
-100.017     -100.031     266.536       0.241169     0.148047     0.273757    

Bond Length
0.59769288    0.00069529333

BB bond length
0.59769288    0.00069529333

Water EE distance
0             0           

PEG EE distance
5.6445951     0.034279922 

BBB P2(x)
0.053994346   0.0051342249

BBB first bond length
0.59781133    0.00069148626

BBB second bond length
0.59774994    0.00067503595

BBB <phi**2>/<phi>**2
1.1134441     0.0014839971

Time = 25000
Temperature
1.0133199     0.0041077655

Pressure
27.653936     0.066250688 

CM Mom
4.255577e-17   1.6552435e-17 
4.0371873e-17  1.1631645e-17 
-5.301828e-17  1.5478326e-17 
8.1734119e-17  1.4839482e-17 

CM Pos
10.000479      0.0084179215  
9.995582       0.011929281   
10.001703      0.0077098073  
17.319224      0.0068252008  

Stress
24.5943      0.0309857    0.031531      0.119331     0.0571144    0.0375227   
0.0309857    24.6411      0.00674757    0.0571144    0.0816089    0.0443265   
0.031531     0.00674757   24.619        0.0375227    0.0443265    0.0685513   

Stress Spherical
0            0            0             0            0            0           
0            0            0             0            0            0           
0            0            0             0            0            0           

Inertia
266.614      -99.9018     -100.035      0.206238     0.106564     0.179901    
-99.9018     266.733      -99.9787      0.106564     0.295754     0.140717    
-100.035     -99.9787     266.576       0.179901     0.140717     0.219112    

Bond Length
0.59795483    0.000447505 

BB bond length
0.59795483    0.000447505 

Water EE distance
0             0           

PEG EE distance
5.6334555     0.040458504 

BBB P2(x)
0.051542994   0.0020855955

BBB first bond length
0.59806069    0.00047666349

BBB second bond length
0.5981142     0.00045991336

BBB <phi**2>/<phi>**2
1.1123737     0.00071547554

Time = 26000
Temperature
1.0115609     0.0060808055

Pressure
27.635027     0.077908237 

CM Mom
5.8846696e-17  2.683133e-17  
-6.5790222e-19 3.9303653e-17 
-5.3821984e-17 2.5514505e-17 
9.0987753e-17  3.1576709e-17 

CM Pos
9.9916332      0.0088486443  
10.001256      0.011515834   
9.9997835      0.0061145292  
17.316283      0.011562507   

Stress
24.5916      -0.00710499  -0.0019867    0.0763615    0.0758863    0.0726035   
-0.00710499  24.6431      -0.0201457    0.0758863    0.0700006    0.0646491   
-0.0019867   -0.0201457   24.5789       0.0726035    0.0646491    0.11139     

Stress Spherical
0            0            0             0            0            0           
0            0            0             0            0            0           
0            0            0             0            0            0           

Inertia
266.693      -99.9051     -99.9263      0.306253     0.242175     0.155648    
-99.9051     266.525      -100.034      0.242175     0.246338     0.17045     
-99.9263     -100.034     266.546       0.155648     0.17045      0.348168    

Bond Length
0.59762006    0.00039669961

BB bond length
0.59762006    0.00039669961

Water EE distance
0             0           

PEG EE distance
5.6911009     0.031736092 

BBB P2(x)
0.054685084   0.003541669 

BBB first bond length
0.59776348    0.00038184816

BBB second bond length
0.59783975    0.00037852638

BBB <phi**2>/<phi>**2
1.1129713     0.0014549401

Time = 27000
Temperature
1.0087553     0.0039106606

Pressure
27.609968     0.047880248 

CM Mom
6.0636326e-17  1.1135636e-17 
1.661953e-18   2.3195687e-17 
-4.4571746e-17 2.1625448e-17 
8.1633187e-17  1.148442e-17  

CM Pos
10.000729      0.0090897134  
9.9976682      0.0045100577  
10.002037      0.014430486   
17.320765      0.010039414   

Stress
24.6142      0.00551452   -0.0293129    0.0903568    0.0602342    0.0536921   
0.00551452   24.5683      0.0289937     0.0602342    0.088799     0.0650667   
-0.0293129   0.0289937    24.5811       0.0536921    0.0650667    0.0835664   

Stress Spherical
0            0            0             0            0            0           
0            0            0             0            0            0           
0            0            0             0            0            0           

Inertia
266.651      -99.9922     -100.033      0.301812     0.111918     0.171977    
-99.9922     266.706      -100.026      0.111918     0.327191     0.16658     
-100.033     -100.026     266.626       0.171977     0.16658      0.176699    

Bond Length
0.59769961    0.00038833154

BB bond length
0.59769961    0.00038833154

Water EE distance
0             0           

PEG EE distance
5.6764418     0.026968218 

BBB P2(x)
0.055826318   0.0028675951

BBB first bond length
0.5977983     0.00039214364

BBB second bond length
0.5977924     0.00039584578

BBB <phi**2>/<phi>**2
1.1133694     0.0011729467

Time = 28000
Temperature
1.0116084     0.0069751512

Pressure
27.629369     0.070737275 

CM Mom
6.5767929e-17  1.9944194e-17 
1.234855e-17   1.5942194e-17 
-3.7230827e-17 2.3231982e-17 
8.0885172e-17  2.2655685e-17 

CM Pos
9.9942201      0.0085512903  
10.004594      0.0091504153  
10.004123      0.0080686133  
17.322211      0.0078030947  

Stress
24.5845      -0.0172039   0.00626291    0.0675707    0.0700318    0.0671125   
-0.0172039   24.6056      0.0232248     0.0700318    0.10207      0.0695255   
0.00626291   0.0232248    24.6061       0.0671125    0.0695255    0.0992291   

Stress Spherical
