Time = 1000
Temperature
    1.325188    0.51173556

Pressure
   25.047365     2.7068723

CM Mom
-8.2080541e-17 2.2403044e-17 
1.3693202e-17  2.5010842e-17 
-3.7758504e-17 3.6661988e-16 
3.4017141e-16  1.6784342e-16 

CM Pos
9.9974355      0.029307013   
10.005998      0.032083566   
9.9957732      0.020403729   
17.320106      0.020752063   

Stress
21.0925      -0.00378772  -0.0297434    1.41436      0.076933     0.0485301   
-0.00378772  21.0822      0.0341364     0.076933     1.5058       0.0351834   
-0.0297434   0.0341364    21.0452       0.0485301    0.0351834    1.43591     

Stress Spherical
0            0            0             0            0            0           
0            0            0             0            0            0           
0            0            0             0            0            0           

Inertia
267.668      -99.9936     -99.9219      6.83538      0.568806     0.212296    
-99.9936     267.438      -100.007      0.568806     6.47335      0.349195    
-99.9219     -100.007     267.657       0.212296     0.349195     7.36168     

Bond Length
0.63051751    0.02651211  

BB bond length
0.63051751    0.02651211  

Water EE distance
0             0           

PEG EE distance
9.1368097     0.21062216  

BBB P2(x)
0.12405084    0.035503695 

BBB first bond length
0.63076238    0.027046271 

BBB second bond length
0.63068444    0.026463707 

BBB <phi**2>/<phi>**2
1.1334873     0.012160409 

Time = 2000
Temperature
1.0190519     0.010748392 

Pressure
23.025042     0.065305017 

CM Mom
-4.8430709e-17 1.4386577e-17 
1.3563859e-17  1.7661104e-17 
-4.3726225e-17 1.5169628e-16 
1.0519016e-16  1.3002759e-16 

CM Pos
10.000687      0.0079594636  
9.9990784      0.0082883863  
9.9932723      0.0063071253  
17.316492      0.0090419657  

Stress
19.9721      -0.00395311  -0.0124776    0.0773718    0.0458043    0.059724    
-0.00395311  19.9714      0.0139456     0.0458043    0.0938229    0.0487922   
-0.0124776   0.0139456    19.9636       0.059724     0.0487922    0.0949481   

Stress Spherical
0            0            0             0            0            0           
0            0            0             0            0            0           
0            0            0             0            0            0           

Inertia
266.452      -100         -99.9194      1.24017      0.104562     0.137033    
-100         266.46       -99.8849      0.104562     1.31882      0.108972    
-99.9194     -99.8849     266.591       0.137033     0.108972     1.26009     

Bond Length
0.6218827     0.00073890319

BB bond length
0.6218827     0.00073890319

Water EE distance
0             0           

PEG EE distance
9.0658952     0.085342584 

BBB P2(x)
0.096614017   0.0044215251

BBB first bond length
0.62198818    0.00069534156

BBB second bond length
0.62202872    0.00071045198

BBB <phi**2>/<phi>**2
1.124468      0.0016630057

Time = 3000
Temperature
1.0083001     0.0058350721

Pressure
22.899502     0.062766321 

CM Mom
-4.0959691e-17 1.8800349e-17 
2.6108185e-17  1.0398413e-17 
1.476037e-17   8.8152304e-17 
8.9208013e-17  5.3399825e-17 

CM Pos
10.000353      0.021582255   
9.9988283      0.0099605866  
10.003193      0.0071036223  
17.321892      0.01298207    

Stress
19.8391      0.0124371    0.00150279    0.0844808    0.0639959    0.0530621   
0.0124371    19.8695      -0.0255871    0.0639959    0.0473349    0.0520134   
0.00150279   -0.0255871   19.9186       0.0530621    0.0520134    0.0879524   

Stress Spherical
0            0            0             0            0            0           
0            0            0             0            0            0           
0            0            0             0            0            0           

Inertia
266.636      -100.001     -100.072      0.453457     0.295732     0.209572    
-100.001     266.662      -100.036      0.295732     0.789617     0.1159      
-100.072     -100.036     266.574       0.209572     0.1159       0.830639    

Bond Length
0.62226507    0.0010346592

BB bond length
0.62226507    0.0010346592

Water EE distance
0             0           

PEG EE distance
8.7839272     0.1648776   

BBB P2(x)
0.087695214   0.0061630727

BBB first bond length
0.62236359    0.001083007 

BBB second bond length
0.62243427    0.0010373525

BBB <phi**2>/<phi>**2
1.1211531     0.0033295753

Time = 4000
Temperature
1.0147573     0.0054300332

Pressure
22.903314     0.031994542 

CM Mom
-5.6525651e-17 1.3518659e-17 
1.6868647e-17  1.68021e-17   
5.3492795e-17  6.0724975e-17 
9.3159625e-17  4.2603418e-17 

CM Pos
9.9969353      0.0069752806  
9.9979113      0.0078331673  
9.9999414      0.012505801   
17.317504      0.0096568939  

Stress
19.8323      0.035223     0.0153683     0.0748867    0.0369874    0.0375545   
0.035223     19.8479      0.0276603     0.0369874    0.0647096    0.0554934   
0.0153683    0.0276603    19.9004       0.0375545    0.0554934    0.0942208   

Stress Spherical
0            0            0             0            0            0           
0            0            0             0            0            0           
0            0            0             0            0            0           

Inertia
266.569      -99.9912     -99.9673      0.44275      0.145429     0.130561    
-99.9912     266.542      -99.9581      0.145429     0.453848     0.156924    
-99.9673     -99.9581     266.499       0.130561     0.156924     0.352625    

Bond Length
0.62267504    0.00093656568

BB bond length
0.62267504    0.00093656568

Water EE distance
0             0           

PEG EE distance
8.5175269     0.20670579  

BBB P2(x)
0.082754617   0.0053540383

BBB first bond length
0.62277806    0.00094641068

BBB second bond length
0.62277527    0.00096934385

BBB <phi**2>/<phi>**2
1.1202162     0.0025130059

Time = 5000
Temperature
1.0108813     0.0063996043

Pressure
22.892442     0.052640048 

CM Mom
-4.875317e-17  1.474073e-17  
2.3713918e-17  9.469342e-18  
2.9920339e-17  1.4949036e-17 
6.4836273e-17  1.269398e-17  

CM Pos
9.9980191      0.0098299549  
9.9977445      0.01051485    
10.001442      0.011201919   
17.318901      0.011461783   

Stress
19.8554      0.0233533    -0.0201925    0.103442     0.0379419    0.0556565   
0.0233533    19.8538      -0.0131048    0.0379419    0.0908497    0.0417449   
-0.0201925   -0.0131048   19.8737       0.0556565    0.0417449    0.0616262   

Stress Spherical
0            0            0             0            0            0           
0            0            0             0            0            0           
0            0            0             0            0            0           

Inertia
266.623      -99.9378     -99.9877      0.320558     0.152233     0.178025    
-99.9378     266.635      -100.007      0.152233     0.356021     0.133101    
-99.9877     -100.007     266.566       0.178025     0.133101     0.371633    

Bond Length
0.62185112    0.0007966438

BB bond length
0.62185112    0.0007966438

Water EE distance
0             0           

PEG EE distance
8.118483      0.045316475 

BBB P2(x)
0.080518361   0.0057975726

BBB first bond length
0.62196992    0.00078457586

BBB second bond length
0.62185628    0.00083843965

BBB <phi**2>/<phi>**2
1.1192474     0.0028443319

Time = 6000
Temperature
1.0065105     0.006431667 

Pressure
22.894438     0.068003172 

CM Mom
-7.7570187e-17 2.7319112e-17 
2.1512162e-17  3.04427e-17   
2.9293349e-17  1.6888326e-17 
9.3799791e-17  2.2313987e-17 

CM Pos
9.9999365      0.0056840962  
10.001079      0.0079038254  
9.9957732      0.011303206   
17.318659      0.0078774957  

Stress
19.8338      0.0174443    -0.0130479    0.113898     0.0600061    0.0386163   
0.0174443    19.881       -0.0173742    0.0600061    0.0712766    0.0442539   
-0.0130479   -0.0173742   19.9134       0.0386163    0.0442539    0.0770168   

Stress Spherical
0            0            0             0            0            0           
0            0            0             0            0            0           
0            0            0             0            0            0           

Inertia
266.595      -100.016     -99.9592      0.371485     0.124389     0.110328    
-100.016     266.571      -99.9974      0.124389     0.193916     0.181684    
-99.9592     -99.9974     266.669       0.110328     0.181684     0.252541    

Bond Length
0.62200404    0.00073913455

BB bond length
0.62200404    0.00073913455

Water EE distance
0             0           

PEG EE distance
7.9451185     0.087120042 

BBB P2(x)
0.073929058   0.0052795739

BBB first bond length
0.62208101    0.00082844248

BBB second bond length
0.62197692    0.00072791034

BBB <phi**2>/<phi>**2
1.1178087     0.0024883564

Time = 7000
Temperature
1.0117544     0.0034054574

Pressure
22.884784     0.066489521 

CM Mom
-7.895814e-17  2.6064578e-17 
3.1467194e-17  2.126808e-17  
3.8428243e-17  2.4541446e-17 
9.9484553e-17  2.3197019e-17 

CM Pos
9.9966852      0.007846907   
9.9995785      0.012140644   
10.002359      0.0092459567  
17.319717      0.013515914   

Stress
19.8432      0.0242263    0.0188663     0.089141     0.0639982    0.0252084   
0.0242263    19.8628      -0.0086042    0.0639982    0.0834907    0.0282174   
0.0188663    -0.0086042   19.846        0.0252084    0.0282174    0.0961713   

Stress Spherical
0            0            0             0            0            0           
0            0            0             0            0            0           
0            0            0             0            0            0           

Inertia
266.675      -99.9425     -99.972       0.39541      0.18377      0.190376    
-99.9425     266.627      -100.024      0.18377      0.286501     0.204448    
-99.972      -100.024     266.575       0.190376     0.204448     0.344214    

Bond Length
0.6220484     0.00038044433

BB bond length
0.6220484     0.00038044433

Water EE distance
0             0           

PEG EE distance
7.8370696     0.090749726 

BBB P2(x)
0.074488918   0.0032217851

BBB first bond length
0.62207589    0.000437597 

BBB second bond length
0.62209211    0.00033619175

BBB <phi**2>/<phi>**2
1.1185931     0.0016215559

Time = 8000
Temperature
1.0120114     0.0045262787

Pressure
22.877491     0.049459494 

CM Mom
-7.3994275e-17 1.8554177e-17 
3.9796065e-17  2.2894746e-17 
3.9840722e-17  1.4093324e-17 
9.7847316e-17  1.1794665e-17 

CM Pos
9.9955181      0.0085358181  
10.003413      0.014083683   
10.001109      0.009727616   
17.320539      0.011768206   

Stress
19.8256      0.0261497    0.00616717    0.0720301    0.0458241    0.0496751   
0.0261497    19.8128      -0.00353458   0.0458241    0.0728584    0.0423758   
0.00616717   -0.00353458  19.8894       0.0496751    0.0423758    0.0850736   

Stress Spherical
0            0            0             0            0            0           
0            0            0             0            0            0           
0            0            0             0            0            0           

Inertia
266.736      -99.9872     -99.9717      0.426001     0.179558     0.13517     
-99.9872     266.582      -100.05       0.179558     0.335549     0.191728    
-99.9717     -100.05      266.615       0.13517      0.191728     0.318097    

Bond Length
0.62196454    0.00077400513

BB bond length
0.62196454    0.00077400513

Water EE distance
0             0           

PEG EE distance
7.6949062     0.022293619 

BBB P2(x)
0.075822289   0.0067057304

BBB first bond length
0.62208328    0.00081497811

BBB second bond length
0.62203516    0.0008006485

BBB <phi**2>/<phi>**2
1.11814       0.0031573834

Time = 9000
Temperature
1.0098914     0.0052808257

Pressure
22.870763     0.031221587 

CM Mom
-7.9935965e-17 1.5640617e-17 
3.1535047e-17  3.3504936e-17 
3.9834474e-17  1.3393823e-17 
1.0164816e-16  1.3611012e-17 

CM Pos
10.000853      0.0165474     
9.9999954      0.0078575277  
10.005527      0.011891953   
17.324199      0.011884853   

Stress
19.8493      0.00899226   -0.0279317    0.0387435    0.0531758    0.065289    
0.00899226   19.8064      -0.0111632    0.0531758    0.0350677    0.035534    
-0.0279317   -0.0111632   19.871        0.065289     0.035534     0.0674957   

Stress Spherical
0            0            0             0            0            0           
0            0            0             0            0            0           
0            0            0             0            0            0           

Inertia
266.781      -100.029     -100.054      0.284289     0.167761     0.191903    
-100.029     266.794      -100.044      0.167761     0.436671     0.14142     
-100.054     -100.044     266.682       0.191903     0.14142      0.336044    

Bond Length
0.62193658    0.00082137234

BB bond length
0.62193658    0.00082137234

Water EE distance
0             0           

PEG EE distance
7.5745446     0.058820597 

BBB P2(x)
0.074044561   0.0080112829

BBB first bond length
0.62192995    0.00074298459

BBB second bond length
0.62199459    0.00083155575

BBB <phi**2>/<phi>**2
1.1176272     0.0029493526

Time = 10000
Temperature
1.0092338     0.0036626417

Pressure
22.891931     0.083952622 

CM Mom
-6.7238579e-17 1.1970226e-17 
1.8387563e-17  1.5419251e-17 
2.2367933e-17  2.1782457e-17 
7.8306903e-17  9.1102913e-18 

CM Pos
10.001937      0.0092309116  
9.997161       0.012050726   
10.001525      0.0086719216  
17.320873      0.011632629   

Stress
19.8278      0.016301     -0.0186899    0.100713     0.0536178    0.0404152   
0.016301     19.8615      0.0166144     0.0536178    0.088089     0.0450567   
-0.0186899   0.0166144    19.9068       0.0404152    0.0450567    0.0827718   

Stress Spherical
0            0            0             0            0            0           
0            0            0             0            0            0           
0            0            0             0            0            0           

Inertia
266.623      -100.029     -100.047      0.345403     0.120243     0.168679    
-100.029     266.712      -99.957       0.120243     0.319384     0.163606    
-100.047     -99.957      266.631       0.168679     0.163606     0.241352    

Bond Length
0.62211757    0.00075451587

BB bond length
0.62211757    0.00075451587

Water EE distance
0             0           

PEG EE distance
7.4535561     0.06823051  

BBB P2(x)
0.070857441   0.0038794349

BBB first bond length
0.62220697    0.00069687005

BBB second bond length
0.62216587    0.00080837407

BBB <phi**2>/<phi>**2
1.1170065     0.0015070016

Time = 11000
Temperature
1.0080628     0.0040866951

Pressure
22.918297     0.052811554 

CM Mom
-4.6926255e-17 2.0539272e-17 
2.5056259e-17  2.2863348e-17 
1.2836563e-17  1.2335918e-17 
6.1201188e-17  1.8597062e-17 

CM Pos
9.9961851      0.015453736   
9.9984948      0.0086216888  
9.9999414      0.014773185   
17.317414      0.012309543   

Stress
19.8434      0.0167685    -0.0405653    0.117511     0.0343053    0.0431183   
0.0167685    19.9034      0.00652814    0.0343053    0.0661404    0.0487138   
-0.0405653   0.00652814   19.9389       0.0431183    0.0487138    0.0795071   

Stress Spherical
0            0            0             0            0            0           
0            0            0             0            0            0           
0            0            0             0            0            0           

Inertia
266.618      -99.9575     -99.9632      0.312202     0.186767     0.215558    
-99.9575     266.577      -99.9803      0.186767     0.391193     0.181383    
-99.9632     -99.9803     266.555       0.215558     0.181383     0.374077    

Bond Length
0.62159817    0.00076158126

BB bond length
0.62159817    0.00076158126

Water EE distance
0             0           

PEG EE distance
7.3715643     0.048895599 

BBB P2(x)
0.07090916    0.0048522777

BBB first bond length
0.62168365    0.00080665154

BBB second bond length
0.62162021    0.00078582969

BBB <phi**2>/<phi>**2
1.1179014     0.0021589209

Time = 12000
Temperature
1.0133974     0.0068409075

Pressure
22.888696     0.047830303 

CM Mom
-4.0482232e-17 1.088917e-17  
3.2336501e-17  2.1206503e-17 
3.914154e-17   2.0932885e-17 
7.0972841e-17  1.363275e-17  

CM Pos
9.9990194      0.015384326   
10.000746      0.018477062   
9.9995246      0.017452692   
17.320119      0.011978565   

Stress
19.8592      0.0225435    0.00521908    0.10177      0.0462031    0.0406357   
0.0225435    19.8585      -0.00277597   0.0462031    0.0754892    0.0669934   
0.00521908   -0.00277597  19.8311       0.0406357    0.0669934    0.0786923   

Stress Spherical
0            0            0             0            0            0           
0            0            0             0            0            0           
0            0            0             0            0            0           

Inertia
266.681      -100.021     -99.9947      0.230424     0.275148     0.238895    
-100.021     266.639      -100.032      0.275148     0.433113     0.118515    
-99.9947     -100.032     266.67        0.238895     0.118515     0.472358    

Bond Length
0.62214147    0.0009668986

BB bond length
0.62214147    0.0009668986

Water EE distance
0             0           

PEG EE distance
7.2839541     0.055900917 

BBB P2(x)
0.07369989    0.0037718963

BBB first bond length
0.62219351    0.00096563239

BBB second bond length
0.62219425    0.00094351511

BBB <phi**2>/<phi>**2
1.1181679     0.0020591054

Time = 13000
Temperature
1.0106669     0.0045047526

Pressure
22.876035     0.044073422 

CM Mom
-7.4944855e-17 1.4579661e-17 
5.0381732e-17  2.841831e-17  
5.4032294e-17  1.9880074e-17 
1.0968817e-16  2.1410926e-17 

CM Pos
10.002437      0.011408773   
9.9969942      0.011454672   
9.9981908      0.0076409461  
17.319143      0.007958841   

Stress
19.8438      -0.00530922  0.0109775     0.0717109    0.0555488    0.0544362   
-0.00530922  19.8396      0.0184785     0.0555488    0.089574     0.0468296   
0.0109775    0.0184785    19.8521       0.0544362    0.0468296    0.112962    

Stress Spherical
0            0            0             0            0            0           
0            0            0             0            0            0           
0            0            0             0            0            0           

Inertia
266.575      -99.9912     -99.9944      0.276875     0.126603     0.0993888   
-99.9912     266.683      -99.9745      0.126603     0.238357     0.174465    
-99.9944     -99.9745     266.644       0.0993888    0.174465     0.246323    

Bond Length
0.62188112    0.0006327693

BB bond length
0.62188112    0.0006327693

Water EE distance
0             0           

PEG EE distance
7.203852      0.083267584 

BBB P2(x)
0.070514206   0.0067142638

BBB first bond length
0.62200077    0.00069528669

BBB second bond length
0.62198867    0.00067322673

BBB <phi**2>/<phi>**2
1.1174364     0.0030951441

Time = 14000
Temperature
1.0128662     0.0063771683

Pressure
22.933577     0.071529273 

CM Mom
-7.1896671e-17 1.9329549e-17 
5.7230791e-17  1.4347219e-17 
5.0905902e-17  3.3170679e-17 
1.1180953e-16  1.4639104e-17 

CM Pos
9.9996864      0.0091336557  
9.9957438      0.013980668   
9.9991911      0.013365661   
17.317412      0.011944519   

Stress
19.8982      0.00612829   0.00574784    0.0941069    0.0325431    0.0435061   
0.00612829   19.8868      -0.0064823    0.0325431    0.077491     0.0690381   
0.00574784   -0.0064823   19.9033       0.0435061    0.0690381    0.0874466   

Stress Spherical
0            0            0             0            0            0           
0            0            0             0            0            0           
0            0            0             0            0            0           

Inertia
266.568      -99.9648     -99.9882      0.316111     0.241046     0.174922    
-99.9648     266.64       -99.9448      0.241046     0.30778      0.194328    
-99.9882     -99.9448     266.584       0.174922     0.194328     0.319868    

Bond Length
0.62170819    0.0010234117

BB bond length
0.62170819    0.0010234117

Water EE distance
0             0           

PEG EE distance
6.9701387     0.10829858  

BBB P2(x)
0.06870461    0.0057834825

BBB first bond length
0.62177035    0.0010500569

BBB second bond length
0.62169171    0.0010475699

BBB <phi**2>/<phi>**2
1.116133      0.0032843615

Time = 15000
Temperature
1.0072635     0.0053132596

Pressure
22.901305     0.073789277 

CM Mom
-5.1350129e-17 2.3169626e-17 
4.1513738e-17  1.0751826e-17 
6.313089e-17   1.8865547e-17 
9.506538e-17   1.7794699e-17 

CM Pos
10.000853      0.0065322956  
9.9984114      0.012615628   
10.004777      0.012674709   
17.322849      0.01025438    

Stress
19.8909      -0.00802623  -0.0115561    0.0835826    0.0680693    0.0424092   
-0.00802623  19.8767      -0.00418838   0.0680693    0.0903084    0.0374346   
-0.0115561   -0.00418838  19.8743       0.0424092    0.0374346    0.110445    

Stress Spherical
0            0            0             0            0            0           
0            0            0             0            0            0           
0            0            0             0            0            0           

Inertia
266.727      -100.028     -100.057      0.407101     0.111373     0.117806    
-100.028     266.791      -100.035      0.111373     0.249755     0.233101    
-100.057     -100.035     266.661       0.117806     0.233101     0.222634    

Bond Length
0.62156049    0.00084195446

BB bond length
0.62156049    0.00084195446

Water EE distance
0             0           

PEG EE distance
6.7967177     0.076911951 

BBB P2(x)
0.064774347   0.0037758166

BBB first bond length
0.62168217    0.00086898602

BBB second bond length
0.62166015    0.00084307764

BBB <phi**2>/<phi>**2
1.1148301     0.0018144995

Time = 16000
Temperature
1.0131528     0.0051083622

Pressure
22.897457     0.051044216 

CM Mom
-6.8639257e-17 2.3544889e-17 
6.3394378e-17  2.6739613e-17 
7.8469458e-17  1.193064e-17  
1.2573863e-16  2.2116863e-17 

CM Pos
10.003855      0.011419428   
9.9965774      0.0094922224  
10.003276      0.0091564538  
17.322655      0.011587455   

Stress
19.8419      -0.00453189  0.000103769   0.0892204    0.0381281    0.0384613   
-0.00453189  19.8541      0.00314894    0.0381281    0.0607483    0.0590364   
0.000103769  0.00314894   19.8814       0.0384613    0.0590364    0.0829932   

Stress Spherical
0            0            0             0            0            0           
0            0            0             0            0            0           
0            0            0             0            0            0           

Inertia
266.666      -99.9849     -100.066      0.342637     0.191368     0.136056    
-99.9849     266.801      -100.025      0.191368     0.288742     0.160308    
-100.066     -100.025     266.675       0.136056     0.160308     0.376725    

Bond Length
0.62178583    0.00070991235

BB bond length
0.62178583    0.00070991235

Water EE distance
0             0           

PEG EE distance
6.8599229     0.04018171  

BBB P2(x)
0.067420239   0.0042041675

BBB first bond length
0.62184436    0.00078524637

BBB second bond length
0.62184011    0.00072852232

BBB <phi**2>/<phi>**2
1.1158348     0.0026289606

Time = 17000
Temperature
1.0103791     0.0068732446

Pressure
22.894603     0.034174225 

CM Mom
-8.9419843e-17 2.1187605e-17 
4.8623971e-17  2.1904952e-17 
1.1020673e-16  3.658866e-17  
1.5591956e-16  2.1500799e-17 

CM Pos
9.9984359      0.0088966077  
9.9934096      0.011034714   
9.9972738      0.0090311217  
17.314229      0.013559594   

Stress
19.8898      -0.0188105   -0.00914584   0.045815     0.0662407    0.0299767   
-0.0188105   19.8855      0.0190319     0.0662407    0.0524412    0.0677338   
-0.00914584  0.0190319    19.8185       0.0299767    0.0677338    0.0615442   

Stress Spherical
0            0            0             0            0            0           
0            0            0             0            0            0           
0            0            0             0            0            0           

Inertia
266.467      -99.9394     -99.9873      0.407708     0.184884     0.211483    
-99.9394     266.581      -99.9116      0.184884     0.336652     0.180406    
-99.9873     -99.9116     266.491       0.211483     0.180406     0.382564    

Bond Length
0.62186169    0.00057007094

BB bond length
0.62186169    0.00057007094

Water EE distance
0             0           

PEG EE distance
6.7553846     0.038731584 

BBB P2(x)
0.068988125   0.0036783397

BBB first bond length
0.62198608    0.00054918325

BBB second bond length
0.62186955    0.00067502231

BBB <phi**2>/<phi>**2
1.1166369     0.0017320292

Time = 18000
Temperature
1.0105378     0.0056813825

Pressure
22.917456     0.077572397 

CM Mom
-8.712296e-17  1.4249877e-17 
6.5937048e-17  2.0448016e-17 
1.1414922e-16  1.4819516e-17 
1.599529e-16   1.4967123e-17 

CM Pos
9.9972688      0.0074661361  
10.001746      0.0061830459  
9.9929388      0.010617128   
17.315867      0.0086931773  

Stress
19.8478      0.00675492   0.00125684    0.112212     0.0522827    0.0495569   
0.00675492   19.9225      0.0151942     0.0522827    0.0461335    0.0503209   
0.00125684   0.0151942    19.8906       0.0495569    0.0503209    0.0796513   

Stress Spherical
0            0            0             0            0            0           
0            0            0             0            0            0           
0            0            0             0            0            0           

Inertia
266.561      -99.9839     -99.9332      0.222365     0.143829     0.159848    
-99.9839     266.46       -99.891       0.143829     0.329686     0.165301    
-99.9332     -99.891      266.651       0.159848     0.165301     0.202101    

Bond Length
0.62211659    0.00066769913

BB bond length
0.62211659    0.00066769913

Water EE distance
0             0           

PEG EE distance
6.8162769     0.047942479 

BBB P2(x)
0.067633573   0.0052574184

BBB first bond length
0.62221546    0.00065636582

BBB second bond length
0.62221948    0.0006193735

BBB <phi**2>/<phi>**2
1.1157195     0.0018952446

Time = 19000
Temperature
1.0107378     0.0048084379

Pressure
22.916087     0.035795163 

CM Mom
-8.7926265e-17 2.6508612e-17 
5.6280096e-17  2.3677861e-17 
1.2704646e-16  1.4574914e-17 
1.6819208e-16  1.5049226e-17 

CM Pos
9.9996864      0.0067231362  
10.000579      0.0099762728  
10.002776      0.0095473391  
17.322269      0.0077219378  

Stress
19.8892      0.0485331    0.0174654     0.0500117    0.0417303    0.0544251   
0.0485331    19.8896      -0.00820592   0.0417303    0.0844913    0.0757114   
0.0174654    -0.00820592  19.8762       0.0544251    0.0757114    0.0763753   

Stress Spherical
0            0            0             0            0            0           
0            0            0             0            0            0           
0            0            0             0            0            0           

Inertia
266.727      -99.9992     -100.043      0.260986     0.144686     0.123415    
-99.9992     266.715      -100.015      0.144686     0.21049      0.162764    
-100.043     -100.015     266.667       0.123415     0.162764     0.269924    

Bond Length
0.62152643    0.0012487439

BB bond length
0.62152643    0.0012487439

Water EE distance
0             0           

PEG EE distance
6.6690824     0.056701435 

BBB P2(x)
0.070173218   0.0052840974

BBB first bond length
0.62162       0.001235856 

BBB second bond length
0.62164269    0.0012180125

BBB <phi**2>/<phi>**2
1.1165834     0.0021633825

Time = 20000
Temperature
1.0097173     0.0047378565

Pressure
22.878213     0.067618785 

CM Mom
-6.9678399e-17 1.415243e-17  
5.9343089e-17  2.6689266e-17 
1.1146922e-16  1.6253966e-17 
1.4678382e-16  2.0817724e-17 

CM Pos
10.005272      0.0098782648  
10.004414      0.0094054329  
10.000525      0.0095956234  
17.326409      0.0090866445  

Stress
19.8471      0.0355941    -0.00490976   0.0877479    0.0353022    0.0496163   
0.0355941    19.8567      0.000144599   0.0353022    0.0878539    0.0403693   
-0.00490976  0.000144599  19.8468       0.0496163    0.0403693    0.0810003   

Stress Spherical
0            0            0             0            0            0           
0            0            0             0            0            0           
0            0            0             0            0            0           

Inertia
266.77       -100.118     -100.035      0.275664     0.101868     0.195091    
-100.118     266.79       -100.036      0.101868     0.273942     0.107787    
-100.035     -100.036     266.868       0.195091     0.107787     0.193254    

Bond Length
0.62196197    0.00063775526

BB bond length
0.62196197    0.00063775526

Water EE distance
0             0           

PEG EE distance
6.6111467     0.0728476   

BBB P2(x)
0.066921885   0.0042277414

BBB first bond length
0.6220306     0.00071254299

BBB second bond length
0.62206527    0.00069277339

BBB <phi**2>/<phi>**2
1.1167407     0.0019079391

Time = 21000
Temperature
1.0120806     0.0039823632

Pressure
22.912566     0.050141071 

CM Mom
-5.9870411e-17 2.3104974e-17 
5.5277281e-17  1.4215841e-17 
9.9414616e-17  1.0260509e-17 
1.3119184e-16  1.2378127e-17 

CM Pos
9.9991862      0.0060345833  
10.001246      0.0094717002  
10.002943      0.019579147   
17.322469      0.0098066784  

Stress
19.8785      0.0114033    0.0104544     0.053749     0.0705747    0.0246824   
0.0114033    19.8763      -0.0195936    0.0705747    0.0842725    0.0375662   
0.0104544    -0.0195936   19.8776       0.0246824    0.0375662    0.0577455   

Stress Spherical
0            0            0             0            0            0           
0            0            0             0            0            0           
0            0            0             0            0            0           

Inertia
266.742      -99.9892     -100.06       0.434669     0.14155      0.158399    
-99.9892     266.701      -100.036      0.14155      0.347192     0.212656    
-100.06      -100.036     266.674       0.158399     0.212656     0.208105    

Bond Length
0.62173884    0.00067576111

BB bond length
0.62173884    0.00067576111

Water EE distance
0             0           

PEG EE distance
6.5071014     0.049068597 

BBB P2(x)
0.06625893    0.0045052432

BBB first bond length
0.62182639    0.00057161814

BBB second bond length
0.62182508    0.00070587811

BBB <phi**2>/<phi>**2
1.1162357     0.003027233 

Time = 22000
Temperature
1.0094743     0.0055392016

Pressure
22.899512     0.067456671 

CM Mom
-7.7983467e-17 1.6185793e-17 
4.1707406e-17  1.6756533e-17 
8.20161e-17    2.2102297e-17 
1.2273932e-16  2.266938e-17  

CM Pos
9.9972688      0.0073912951  
9.9993285      0.0090234232  
10.002859      0.011926965   
17.320199      0.011071048   

Stress
19.8713      -0.024721    -0.0073767    0.114322     0.0599155    0.0575778   
-0.024721    19.862       0.015003      0.0599155    0.0700158    0.0444808   
-0.0073767   0.015003     19.8834       0.0575778    0.0444808    0.0811909   

Stress Spherical
0            0            0             0            0            0           
0            0            0             0            0            0           
0            0            0             0            0            0           

Inertia
266.704      -99.9491     -99.9933      0.292703     0.198543     0.118281    
-99.9491     266.68       -100.042      0.198543     0.33652      0.17172     
-99.9933     -100.042     266.596       0.118281     0.17172      0.308423    

Bond Length
0.62191961    0.00097275211

BB bond length
0.62191961    0.00097275211

Water EE distance
0             0           

PEG EE distance
6.484445      0.064241828 

BBB P2(x)
0.066891972   0.0044955315

BBB first bond length
0.62191217    0.0008993645

BBB second bond length
0.62191927    0.0010248007

BBB <phi**2>/<phi>**2
1.1162014     0.0018193542

Time = 23000
Temperature
1.0059673     0.0033914833

Pressure
22.883255     0.057998163 

CM Mom
-7.378603e-17  1.2502496e-17 
2.5415134e-17  1.9386496e-17 
1.029955e-16   1.8551751e-17 
1.3101941e-16  2.0214122e-17 

CM Pos
10.003855      0.011358407   
10.002913      0.010691814   
9.9999414      0.013260999   
17.324391      0.0097419472  

Stress
19.877       -0.0235681   0.0297227     0.080541     0.0532819    0.059299    
-0.0235681   19.8632      0.0318341     0.0532819    0.0824533    0.0661249   
0.0297227    0.0318341    19.8593       0.059299     0.0661249    0.0501136   

Stress Spherical
0            0            0             0            0            0           
0            0            0             0            0            0           
0            0            0             0            0            0           

Inertia
266.728      -100.113     -100.014      0.322983     0.162585     0.234651    
-100.113     266.757      -100.013      0.162585     0.341772     0.166452    
-100.014     -100.013     266.804       0.234651     0.166452     0.192525    

Bond Length
0.62197228    0.00099400585

BB bond length
0.62197228    0.00099400585

Water EE distance
0             0           

PEG EE distance
6.5418477     0.052866038 

BBB P2(x)
0.067548594   0.0029469998

BBB first bond length
0.62197027    0.00099602745

BBB second bond length
0.62210973    0.0011178317

BBB <phi**2>/<phi>**2
1.1163191     0.0020623212

Time = 24000
Temperature
1.0077985     0.0034586392

Pressure
22.841673     0.061003882 

CM Mom
-9.3561661e-17 2.5064515e-17 
4.0707078e-17  1.7444131e-17 
1.0310553e-16  7.9752872e-18 
1.4760418e-16  1.5834727e-17 

CM Pos
10.003521      0.0072464887  
9.9957438      0.015761201   
9.9995246      0.0084970567  
17.319819      0.0084333148  

Stress
19.828       0.0166797    -0.0072428    0.0859542    0.0328446    0.0499996   
0.0166797    19.8072      0.0183588     0.0328446    0.0796899    0.0402813   
-0.0072428   0.0183588    19.823        0.0499996    0.0402813    0.0750396   

Stress Spherical
0            0            0             0            0            0           
0            0            0             0            0            0           
0            0            0             0            0            0           

Inertia
266.557      -100.005     -100.044      0.3183       0.145189     0.10774     
-100.005     266.709      -99.9767      0.145189     0.246649     0.192527    
-100.044     -99.9767     266.623       0.10774      0.192527     0.308242    

Bond Length
0.62215458    0.00056938551

BB bond length
0.62215458    0.00056938551

Water EE distance
0             0           

PEG EE distance
6.425564      0.053119327 

BBB P2(x)
0.065452415   0.0055928729

BBB first bond length
0.62216534    0.00070732651

BBB second bond length
0.62215333    0.00058291384

BBB <phi**2>/<phi>**2
1.1153997     0.0024810021

Time = 25000
Temperature
1.0116425     0.0069841923

Pressure
22.929326     0.063817632 

CM Mom
-1.3369184e-16 1.7560391e-17 
4.0163039e-17  1.915976e-17  
9.9949111e-17  1.2593465e-17 
1.7328059e-16  1.6861205e-17 

CM Pos
10.002104      0.010380482   
10.000496      0.011447389   
9.998941       0.0100785     
17.321404      0.011401678   

Stress
19.9066      -0.0038667   -0.00938533   0.0746398    0.0474063    0.0694919   
-0.0038667   19.9027      -0.00175279   0.0474063    0.0877749    0.0574075   
-0.00938533  -0.00175279  19.8774       0.0694919    0.0574075    0.0781923   

Stress Spherical
0            0            0             0            0            0           
0            0            0             0            0            0           
0            0            0             0            0            0           

Inertia
266.661      -100.074     -100.016      0.345468     0.155542     0.190761    
-100.074     266.687      -99.9893      0.155542     0.342856     0.146964    
-100.016     -99.9893     266.723       0.190761     0.146964     0.303848    

Bond Length
0.62152053    0.00070040676

BB bond length
0.62152053    0.00070040676

Water EE distance
0             0           

PEG EE distance
6.4076129     0.10948567  

BBB P2(x)
0.066060729   0.0056181867

BBB first bond length
0.62165687    0.00065852197

BBB second bond length
0.62166205    0.00067294792

BBB <phi**2>/<phi>**2
1.1155742     0.0028358532

Time = 26000
Temperature
1.013262      0.0050267279

Pressure
22.937375     0.052723833 

CM Mom
-1.3980846e-16 2.5165144e-17 
2.9269747e-17  2.4430411e-17 
1.125293e-16   1.4043275e-17 
1.8460014e-16  2.039852e-17  

CM Pos
10.000853      0.007846907   
10.004497      0.010072982   
10.00486       0.013091427   
17.326413      0.0040425209  

Stress
19.9049      -0.0570306   0.00387142    0.0628852    0.0317309    0.0471254   
-0.0570306   19.8977      0.0188815     0.0317309    0.0931343    0.0510997   
0.00387142   0.0188815    19.8936       0.0471254    0.0510997    0.0805613   

Stress Spherical
0            0            0             0            0            0           
0            0            0             0            0            0           
0            0            0             0            0            0           

Inertia
266.861      -100.072     -100.058      0.177511     0.159836     0.118574    
-100.072     266.776      -100.115      0.159836     0.207848     0.110364    
-100.058     -100.115     266.784       0.118574     0.110364     0.287877    

Bond Length
0.62176681    0.00092204001

BB bond length
0.62176681    0.00092204001

Water EE distance
0             0           

PEG EE distance
6.4885423     0.051265568 

BBB P2(x)
0.069656111   0.0052777081

BBB first bond length
0.62185909    0.00088578129

BBB second bond length
0.62182986    0.00095495502

BBB <phi**2>/<phi>**2
1.1173486     0.0016207043

Time = 27000
Temperature
1.0101211     0.0042182538

Pressure
22.883038     0.067792302 

CM Mom
-1.3740543e-16 2.1343339e-17 
2.3020433e-17  3.5584783e-17 
1.3512367e-16  6.7312955e-18 
1.9777015e-16  1.7963652e-17 

CM Pos
10.004688      0.0079977891  
9.9964107      0.011430681   
10.001692      0.013995572   
17.322126      0.013504878   

Stress
19.8772      -0.00444574  0.0053918     0.0938152    0.0626439    0.0441665   
-0.00444574  19.8361      -0.00333099   0.0626439    0.077082     0.0412378   
0.0053918    -0.00333099  19.8481       0.0441665    0.0412378    0.0643208   

Stress Spherical
0            0            0             0            0            0           
0            0            0             0            0            0           
0            0            0             0            0            0           

Inertia
266.628      -100.036     -100.075      0.430819     0.175598     0.190176    
-100.036     266.795      -100.009      0.175598     0.331053     0.221521    
-100.075     -100.009     266.679       0.190176     0.221521     0.273951    

Bond Length
0.62213793    0.00088588033

BB bond length
0.62213793    0.00088588033

Water EE distance
0             0           

PEG EE distance
6.3189356     0.074930125 

BBB P2(x)
0.064490434   0.0045006967

BBB first bond length
0.62217529    0.00090586538

BBB second bond length
0.62219941    0.00087883636

BBB <phi**2>/<phi>**2
1.1144501     0.0017635319

Time = 28000
Temperature
1.009007      0.0058379982

Pressure
22.904131     0.058878288 

CM Mom
-1.5880132e-16 1.9668636e-17 
2.2111907e-17  1.3692918e-17 
1.3513463e-16  2.9363035e-17 
2.1199384e-16  2.1524726e-17 

CM Pos
9.9980191      0.013724557   
10.004664      0.01017458    
10.004777      0.011501897   
17.324823      0.013614605   

Stress
19.9008      -0.00109267  0.0159475     0.0928753    0.0534885    0.064961    
-0.00109267  19.8427      -0.00173912   0.0534885    0.0705346    0.033152    
0.0159475    -0.00173912  19.8912       0.064961     0.033152     0.0917947   

Stress Spherical
