Time = 500
Temperature
   1.0382255   0.039971888

Pressure
   23.124294    0.12804704

CM Mom
2.799879e-17   1.7558021e-17 
2.0157449e-17  1.4147246e-17 
6.2055439e-18  3.9550324e-17 
5.4989852e-17  1.6659434e-17 

CM Pos
7.4585331      0.014371138   
7.502125       0.01351237    
7.5003048      0.010209465   
12.967908      0.0058645806  

Stress
20.0738      -0.0102766   -0.00182966   0.0755318    0.0899708    0.0840646   
-0.0102766   19.9804      0.0187395     0.0899708    0.107327     0.0513009   
-0.00182966  0.0187395    19.9875       0.0840646    0.0513009    0.0946688   

Stress Spherical
0            0            0             0            0            0           
0            0            0             0            0            0           
0            0            0             0            0            0           

Inertia
149.75       -55.9772     -55.95        0.390111     0.163513     0.109031    
-55.9772     149.103      -56.3196      0.163513     0.198693     0.125167    
-55.95       -56.3196     149.115       0.109031     0.125167     0.371957    

Bond Length
0.61259796    0.0048069482

BB bond length
0.61259796    0.0048069482

Water EE distance
0             0           

PEG EE distance
3.7041551     0.20571549  

Time = 1000
Temperature
1.0065498     0.0031953977

Pressure
22.940925     0.073927944 

CM Mom
3.1531717e-17  1.4773783e-17 
3.1143013e-17  1.225222e-17  
-1.0908976e-17 6.1534915e-18 
4.7103239e-17  1.6452177e-17 

CM Pos
7.472775       0.0099739312  
7.4923337      0.012433386   
7.5000081      0.013789675   
12.970271      0.007376775   

Stress
19.8806      -0.00900525  0.0020832     0.0482762    0.0561356    0.092652    
-0.00900525  19.8819      -0.0498973    0.0561356    0.0872483    0.0367293   
0.0020832    -0.0498973   20.0138       0.092652     0.0367293    0.161684    

Stress Spherical
0            0            0             0            0            0           
0            0            0             0            0            0           
0            0            0             0            0            0           

Inertia
149.565      -55.9811     -56.0122      0.298236     0.0562329    0.0966741   
-55.9811     149.321      -56.2014      0.0562329    0.24099      0.139454    
-56.0122     -56.2014     149.116       0.0966741    0.139454     0.0677094   

Bond Length
0.61009197    0.002622648 

BB bond length
0.61009197    0.002622648 

Water EE distance
0             0           

PEG EE distance
3.7143189     0.19278538  

