Time = 500
Temperature
   1.0438294   0.052132919

Pressure
   19.490857    0.17812443

CM Mom
-1.2475903e-16 1.3897377e-17 
-1.2557793e-18 2.8407171e-17 
-7.2702649e-18 2.2324067e-17 
1.2983784e-16  1.6120004e-17 

CM Pos
7.5238293      0.016044843   
7.515454       0.028644814   
7.5335199      0.015768282   
13.032458      0.018833422   

Stress
16.3978      0.0157816    -0.0409751    0.12517      0.0438996    0.05419     
0.0157816    16.3575      -0.00535197   0.0438996    0.106326     0.0709281   
-0.0409751   -0.00535197  16.3331       0.05419      0.0709281    0.0999566   

Stress Spherical
0            0            0             0            0            0           
0            0            0             0            0            0           
0            0            0             0            0            0           

Inertia
149.619      -56.618      -56.7219      0.403992     0.172575     0.0744399   
-56.618      149.785      -56.6985      0.172575     0.790666     0.360745    
-56.7219     -56.6985     149.611       0.0744399    0.360745     0.510421    

Bond Length
0.61374748    0.0023758466

BB bond length
0.61374748    0.0023758466

Water EE distance
0             0           

PEG EE distance
3.7644802     0.072649302 

Time = 1000
Temperature
1.0060326     0.0066413957

Pressure
19.30033      0.067373098 

CM Mom
-1.2644621e-16 3.3245339e-18 
-2.0112227e-17 3.2987392e-17 
-5.5203793e-18 1.2619031e-17 
1.329167e-16   3.9028298e-18 

CM Pos
7.5158206      0.018651623   
7.5044791      0.021985818   
7.5219517      0.019025253   
13.014789      0.031284619   

Stress
16.3213      -0.0297004   0.00822288    0.0776582    0.0829785    0.0640233   
-0.0297004   16.2493      -0.040763     0.0829785    0.0995472    0.0589811   
0.00822288   -0.040763    16.2859       0.0640233    0.0589811    0.0472282   

Stress Spherical
0            0            0             0            0            0           
0            0            0             0            0            0           
0            0            0             0            0            0           

Inertia
149.569      -56.341      -56.5613      0.304285     0.279017     0.246126    
-56.341      149.666      -56.5618      0.279017     0.34698      0.291666    
-56.5613     -56.5618     149.575       0.246126     0.291666     0.394286    

Bond Length
0.61295057    0.0013128395

BB bond length
0.61295057    0.0013128395

Water EE distance
0             0           

PEG EE distance
3.5954807     0.11084881  

