Time = 1000
Temperature
    1.179301    0.29055835

Pressure
   23.926689     1.2514416

CM Mom
-5.7426242e-17 2.089932e-17  
5.0690287e-17  4.95402e-17   
-1.2727389e-17 1.7147146e-16 
1.6454668e-16  1.060525e-16  

CM Pos
7.5128807      0.025450926   
7.4996397      0.021110511   
7.5032528      0.02607714    
12.999506      0.037340186   

Stress
20.35        -0.0426363   -0.0535898    0.445102     0.0669199    0.0554891   
-0.0426363   20.4323      0.0468393     0.0669199    0.41197      0.0529384   
-0.0535898   0.0468393    20.3956       0.0554891    0.0529384    0.348011    

Stress Spherical
0            0            0             0            0            0           
0            0            0             0            0            0           
0            0            0             0            0            0           

Inertia
150.238      -56.3354     -56.4013      2.02609      0.367334     0.380358    
-56.3354     150.413      -56.2363      0.367334     2.07628      0.367911    
-56.4013     -56.2363     150.373       0.380358     0.367911     2.08553     

Bond Length
0.61875171    0.0094911712

BB bond length
0.61875171    0.0094911712

Water EE distance
0             0           

PEG EE distance
7.1206675     0.12917798  

BBB P2(x)
0.4724467     0.068486678 

BBB first bond length
0.61855902    0.0094652426

BBB second bond length
0.61860499    0.0095534939

BBB <phi**2>/<phi>**2
1.2197781     0.016280024 

Time = 2000
Temperature
1.0105679     0.0086424559

Pressure
22.998332     0.078140987 

CM Mom
-8.4776969e-17 1.6479035e-17 
4.1703068e-17  1.3683449e-17 
-3.0709511e-17 2.7135881e-17 
1.0375294e-16  1.7315701e-17 

CM Pos
7.492859       0.015127546   
7.5034958      0.01006866    
7.5007316      0.011813651   
12.988713      0.013209658   

Stress
19.9418      0.0158649    -0.0048026    0.0915608    0.0791115    0.0802729   
0.0158649    19.9708      -0.0349834    0.0791115    0.142528     0.0756546   
-0.0048026   -0.0349834   19.9972       0.0802729    0.0756546    0.107777    

Stress Spherical
0            0            0             0            0            0           
0            0            0             0            0            0           
0            0            0             0            0            0           

Inertia
149.97       -56.2012     -56.2121      0.37488      0.154142     0.127304    
-56.2012     149.805      -56.2659      0.154142     0.433622     0.174615    
-56.2121     -56.2659     149.836       0.127304     0.174615     0.49367     

Bond Length
0.61686287    0.00078559531

BB bond length
0.61686287    0.00078559531

Water EE distance
0             0           

PEG EE distance
7.1370347     0.087965188 

BBB P2(x)
0.50947307    0.0060913561

BBB first bond length
0.61661675    0.0010546101

BBB second bond length
0.61679165    0.00089448228

BBB <phi**2>/<phi>**2
1.2241274     0.0066600693

