Time = 1000
Temperature
   1.1617628    0.24732532

Pressure
    23.79207     1.0829879

CM Mom
-3.9619675e-17 1.1473141e-17 
9.5982052e-17  4.1104913e-17 
-9.0833455e-17 1.3675412e-16 
1.6118779e-16  1.1650932e-16 

CM Pos
7.5006216      0.018839698   
7.5017996      0.01520837    
7.4952237      0.028239617   
12.989068      0.013905656   

Stress
20.2716      0.0279589    -0.0101249    0.371105     0.0889242    0.105287    
0.0279589    20.3315      0.0711397     0.0889242    0.319633     0.101568    
-0.0101249   0.0711397    20.3482       0.105287     0.101568     0.386323    

Stress Spherical
0            0            0             0            0            0           
0            0            0             0            0            0           
0            0            0             0            0            0           

Inertia
150.145      -56.3314     -56.2011      1.38218      0.201932     0.200784    
-56.3314     150.093      -56.2499      0.201932     1.33593      0.227104    
-56.2011     -56.2499     150.199       0.200784     0.227104     1.79179     

Bond Length
0.62078885    0.0094732614

BB bond length
0.62078885    0.0094732614

Water EE distance
0             0           

PEG EE distance
7.1887116     0.052955972 

BBB P2(x)
0.47075396    0.066032739 

BBB first bond length
0.62072171    0.0096837263

BBB second bond length
0.62080934    0.0093592034

BBB <phi**2>/<phi>**2
1.2166679     0.01466304  

Time = 2000
Temperature
1.0133838     0.0097075939

Pressure
23.02327      0.044695172 

CM Mom
-3.0320801e-17 2.8151096e-17 
1.002698e-16   2.7570556e-17 
-5.6584394e-17 4.5335973e-17 
1.2983209e-16  3.0442989e-17 

CM Pos
7.5090911      0.0079310586  
7.5017996      0.013824313   
7.5038419      0.015736347   
12.998898      0.015386959   

Stress
20.0297      0.0425059    0.0206486     0.0772621    0.0695084    0.0863779   
0.0425059    20.0276      -0.00351315   0.0695084    0.141561     0.0417295   
0.0206486    -0.00351315  19.9191       0.0863779    0.0417295    0.080047    

Stress Spherical
0            0            0             0            0            0           
0            0            0             0            0            0           
0            0            0             0            0            0           

Inertia
149.966      -56.3301     -56.3496      0.281885     0.116259     0.124282    
-56.3301     150.077      -56.2775      0.116259     0.169294     0.180189    
-56.3496     -56.2775     150.043       0.124282     0.180189     0.27203     

Bond Length
0.61643565    0.0013114199

BB bond length
0.61643565    0.0013114199

Water EE distance
0             0           

PEG EE distance
7.0463713     0.096109926 

BBB P2(x)
0.51638708    0.0087744719

BBB first bond length
0.61633763    0.001326535 

BBB second bond length
0.616433      0.0012426113

BBB <phi**2>/<phi>**2
1.2276867     0.0071255423

