Time = 1000
Temperature
   1.3200782    0.52140533

Pressure
   24.931498     2.7083931

CM Mom
-1.925253e-17  2.591286e-17  
3.8406342e-17  4.214574e-17  
2.8320802e-17  5.6752034e-16 
4.6823122e-16  3.2853367e-16 

CM Pos
9.9982642      0.02176989    
9.9866748      0.029041756   
10.011109      0.024941021   
17.318286      0.012655868   

Stress
20.9687      -0.00926522  0.0283911     1.3901       0.0821167    0.0720086   
-0.00926522  21.003       0.0114091     0.0821167    1.42086      0.0603098   
0.0283911    0.0114091    20.9505       0.0720086    0.0603098    1.44891     

Stress Spherical
0            0            0             0            0            0           
0            0            0             0            0            0           
0            0            0             0            0            0           

Inertia
267.55       -99.8466     -100.139      6.40251      0.294606     0.377583    
-99.8466     267.769      -100.008      0.294606     6.95222      0.178543    
-100.139     -100.008     267.277       0.377583     0.178543     5.96335     

Bond Length
0.63192867    0.026363799 

BB bond length
0.63192867    0.026363799 

Water EE distance
0             0           

PEG EE distance
8.9919004     0.2571581   

BBB P2(x)
0.12652931    0.034824734 

BBB first bond length
0.63206134    0.02695036  

BBB second bond length
0.63201599    0.026306596 

BBB <phi**2>/<phi>**2
1.1339899     0.013234117 

Time = 2000
Temperature
1.0215221     0.012972282 

Pressure
23.008739     0.098113573 

CM Mom
-2.4611157e-17 1.750056e-17  
2.9225465e-17  1.7377033e-17 
1.4392845e-17  1.346884e-16  
1.1970202e-16  7.8023149e-17 

CM Pos
9.9972634      0.010322147   
9.9951809      0.0092370027  
10.006022      0.012558796   
17.319631      0.011026592   

Stress
19.9456      0.0234684    -0.00943105   0.0784883    0.0454605    0.029777    
0.0234684    19.9346      -0.0243803    0.0454605    0.138826     0.0254036   
-0.00943105  -0.0243803   19.9588       0.029777     0.0254036    0.0941234   

Stress Spherical
0            0            0             0            0            0           
0            0            0             0            0            0           
0            0            0             0            0            0           

Inertia
266.619      -99.9187     -100.012      1.14814      0.125236     0.177014    
-99.9187     266.654      -99.9659      0.125236     1.0539       0.182247    
-100.012     -99.9659     266.431       0.177014     0.182247     1.04396     

Bond Length
0.62186671    0.00099685579

BB bond length
0.62186671    0.00099685579

Water EE distance
0             0           

PEG EE distance
8.7961676     0.065419678 

BBB P2(x)
0.098163748   0.0047780863

BBB first bond length
0.62197294    0.0010062893

BBB second bond length
0.62203155    0.0009691928

BBB <phi**2>/<phi>**2
1.1242848     0.0026627747

Time = 3000
Temperature
1.0104374     0.0050322431

Pressure
22.892211     0.057694831 

CM Mom
-3.0040784e-17 9.9714381e-18 
2.3585469e-17  3.1027028e-17 
5.9120487e-18  9.6681237e-17 
1.012024e-16   4.0756815e-17 

CM Pos
9.9968465      0.011074561   
10.004771      0.009733719   
9.9998507      0.0090140977  
17.321363      0.0081077321  

Stress
19.8519      0.000912042  0.00186501    0.072322     0.0468733    0.038334    
0.000912042  19.8416      0.00658882    0.0468733    0.110192     0.0439674   
0.00186501   0.00658882   19.8956       0.038334     0.0439674    0.0788105   

Stress Spherical
0            0            0             0            0            0           
0            0            0             0            0            0           
0            0            0             0            0            0           

Inertia
266.701      -99.9819     -99.9264      0.488646     0.15533      0.128565    
-99.9819     266.538      -100.081      0.15533      0.462909     0.139969    
-99.9264     -100.081     266.644       0.128565     0.139969     0.535267    

Bond Length
0.62212912    0.0010407085

BB bond length
0.62212912    0.0010407085

Water EE distance
0             0           

PEG EE distance
8.5934102     0.033660659 

BBB P2(x)
0.086733733   0.0059051759

BBB first bond length
0.62218679    0.00094367573

BBB second bond length
0.62228847    0.0010599977

BBB <phi**2>/<phi>**2
1.1218603     0.0024534391

Time = 4000
Temperature
1.0111275     0.0027966038

Pressure
22.863157     0.069395573 

CM Mom
-3.3864915e-17 1.5531298e-17 
8.6531476e-18  1.1313214e-17 
-4.0344679e-17 3.0071437e-17 
6.0415064e-17  2.1746814e-17 

CM Pos
10.003685      0.016346613   
9.9996007      0.0069751153  
9.9985164      0.014147245   
17.321559      0.011962398   

Stress
19.8618      0.00743844   -0.0111275    0.117573     0.0562524    0.039815    
0.00743844   19.8041      -0.0280345    0.0562524    0.0755773    0.0515442   
-0.0111275   -0.0280345   19.8299       0.039815     0.0515442    0.0879833   

Stress Spherical
0            0            0             0            0            0           
0            0            0             0            0            0           
0            0            0             0            0            0           

Inertia
266.576      -99.9986     -100.06       0.327186     0.197721     0.206696    
-99.9986     266.656      -99.9819      0.197721     0.36101      0.1817      
-100.06      -99.9819     266.696       0.206696     0.1817       0.489413    

Bond Length
0.62235348    0.00063852154

BB bond length
0.62235348    0.00063852154

Water EE distance
0             0           

PEG EE distance
8.3318894     0.22012239  

BBB P2(x)
0.086116267   0.0055255269

BBB first bond length
0.62238466    0.0006620996

BBB second bond length
0.6224071     0.00068607883

BBB <phi**2>/<phi>**2
1.1220313     0.0026835963

Time = 5000
Temperature
1.0073829     0.0027184653

Pressure
22.857611     0.046980967 

CM Mom
-2.393833e-17  1.0568247e-17 
2.1106412e-17  2.4645436e-17 
-5.7415839e-17 1.1978031e-17 
7.0823142e-17  1.2717865e-17 

CM Pos
9.9981808      0.0084288229  
10.001018      0.010086345   
9.9981828      0.017397662   
17.319006      0.012999301   

Stress
19.8052      -0.0028951   0.00584593    0.079768     0.0439305    0.0837079   
-0.0028951   19.8514      -0.0141195    0.0439305    0.0461127    0.0519354   
0.00584593   -0.0141195   19.8562       0.0837079    0.0519354    0.0411026   

Stress Spherical
0            0            0             0            0            0           
0            0            0             0            0            0           
0            0            0             0            0            0           

Inertia
266.609      -100.043     -99.9596      0.396096     0.133713     0.152442    
-100.043     266.548      -100.028      0.133713     0.429481     0.250432    
-99.9596     -100.028     266.614       0.152442     0.250432     0.243116    

Bond Length
0.62157045    0.00059112858

BB bond length
0.62157045    0.00059112858

Water EE distance
0             0           

PEG EE distance
7.680094      0.07091831  

BBB P2(x)
0.075655715   0.0060372775

BBB first bond length
0.62166419    0.00067200441

BBB second bond length
0.62171758    0.00062528992

BBB <phi**2>/<phi>**2
1.1195003     0.0017234218

Time = 6000
Temperature
1.008249      0.004928353 

Pressure
22.868206     0.045939305 

CM Mom
-1.1699977e-17 1.1239154e-17 
1.5749724e-18  1.6840126e-17 
-3.2323215e-17 1.0908351e-17 
4.0264668e-17  9.582136e-18  

CM Pos
10.000266      0.019364463   
10.003353      0.0091811211  
10.000768      0.0082389837  
17.323048      0.01660976    

Stress
19.8304      -0.017541    -0.000706665  0.0928328    0.0478775    0.0537564   
-0.017541    19.8717      -0.00884967   0.0478775    0.0675153    0.0345622   
-0.000706665 -0.00884967  19.8347       0.0537564    0.0345622    0.0526273   

Stress Spherical
0            0            0             0            0            0           
0            0            0             0            0            0           
0            0            0             0            0            0           

Inertia
266.733      -100.029     -100.001      0.259022     0.268937     0.26392     
-100.029     266.667      -100.033      0.268937     0.520939     0.132952    
-100.001     -100.033     266.731       0.26392      0.132952     0.517359    

Bond Length
0.62152659    0.0010522964

BB bond length
0.62152659    0.0010522964

Water EE distance
0             0           

PEG EE distance
7.3644125     0.045472695 

BBB P2(x)
0.073679495   0.0060585429

BBB first bond length
0.62161442    0.0010026293

BBB second bond length
0.62159115    0.0010414495

BBB <phi**2>/<phi>**2
1.1176764     0.0028883884

Time = 7000
Temperature
1.0074312     0.0054905105

Pressure
22.877241     0.045009624 

CM Mom
-3.1635055e-17 1.3714821e-17 
-1.1583899e-17 2.1530435e-17 
-2.705101e-17  1.7704486e-17 
5.2319163e-17  9.7226825e-18 

CM Pos
10.003351      0.01205013    
10.000685      0.014222011   
9.9977659      0.0079852308  
17.321554      0.015417683   

Stress
19.8683      0.00122269   0.00249789    0.0707885    0.0404128    0.0416146   
0.00122269   19.816       0.0122344     0.0404128    0.0587452    0.0503041   
0.00249789   0.0122344    19.887        0.0416146    0.0503041    0.074021    

Stress Spherical
0            0            0             0            0            0           
0            0            0             0            0            0           
0            0            0             0            0            0           

Inertia
266.617      -100.024     -100.02       0.359185     0.256415     0.158657    
-100.024     266.688      -100.017      0.256415     0.331887     0.180296    
-100.02      -100.017     266.741       0.158657     0.180296     0.560477    

Bond Length
0.62209441    0.0008625416

BB bond length
0.62209441    0.0008625416

Water EE distance
0             0           

PEG EE distance
7.240973      0.051690862 

BBB P2(x)
0.072944655   0.0051627498

BBB first bond length
0.62214875    0.00090118748

BBB second bond length
0.62219183    0.00085176396

BBB <phi**2>/<phi>**2
1.1175828     0.001900155 

Time = 8000
Temperature
1.0133447     0.0029309574

Pressure
22.864414     0.076994291 

CM Mom
-2.2022185e-17 1.7287403e-17 
-8.9877236e-18 1.7100391e-17 
-4.3546094e-18 1.5219728e-17 
3.5019441e-17  1.346384e-17  

CM Pos
9.9982642      0.011695469   
9.9994339      0.010227051   
9.9974323      0.010179682   
17.317702      0.012692202   

Stress
19.7828      -0.0010575   -0.0012884    0.0781136    0.0634558    0.0600083   
-0.0010575   19.8678      -0.00247367   0.0634558    0.0705586    0.0334955   
-0.0012884   -0.00247367  19.829        0.0600083    0.0334955    0.110121    

Stress Spherical
0            0            0             0            0            0           
0            0            0             0            0            0           
0            0            0             0            0            0           

Inertia
266.591      -99.9883     -99.9419      0.295078     0.242416     0.166067    
-99.9883     266.573      -99.9628      0.242416     0.268308     0.215907    
-99.9419     -99.9628     266.622       0.166067     0.215907     0.403008    

Bond Length
0.6224155     0.00075498696

BB bond length
0.6224155     0.00075498696

Water EE distance
0             0           

PEG EE distance
7.1515044     0.086080873 

BBB P2(x)
0.070430155   0.0035640268

BBB first bond length
0.6224656     0.00073415517

BBB second bond length
0.62251593    0.00075193721

BBB <phi**2>/<phi>**2
1.1165612     0.0015526318

Time = 9000
Temperature
1.010609      0.0051012116

Pressure
22.888684     0.050606068 

CM Mom
-2.7057028e-17 1.7767473e-17 
-1.7428043e-17 1.6453342e-17 
-1.2983656e-17 2.0030685e-17 
4.4077867e-17  1.5784814e-17 

CM Pos
9.9990981      0.011166177   
10.000768      0.010797304   
9.9960146      0.0080765876  
17.318137      0.0084394431  

Stress
19.851       -0.0308774   -0.0187784    0.0997458    0.0404217    0.0469491   
-0.0308774   19.8591      0.00404509    0.0404217    0.0591672    0.0451725   
-0.0187784   0.00404509   19.8669       0.0469491    0.0451725    0.0715737   

Stress Spherical
0            0            0             0            0            0           
0            0            0             0            0            0           
0            0            0             0            0            0           

Inertia
266.589      -100.028     -99.9387      0.226748     0.139899     0.157888    
-100.028     266.564      -99.9673      0.139899     0.271813     0.113453    
-99.9387     -99.9673     266.644       0.157888     0.113453     0.259978    

Bond Length
0.62182749    0.00095265202

BB bond length
0.62182749    0.00095265202

Water EE distance
0             0           

PEG EE distance
7.1378799     0.057443471 

BBB P2(x)
0.071487802   0.0059915574

BBB first bond length
0.62193671    0.00087842919

BBB second bond length
0.62189575    0.0010105811

BBB <phi**2>/<phi>**2
1.118292      0.0026623722

Time = 10000
Temperature
1.0095924     0.00358042  

Pressure
22.849886     0.056697095 

CM Mom
-3.9989416e-17 1.8747306e-17 
-9.7346464e-18 1.0844566e-17 
-2.0960708e-17 2.464684e-17  
5.3565356e-17  1.8454091e-17 

CM Pos
10.006854      0.010374229   
10.000101      0.012192414   
9.9998507      0.015770648   
17.324448      0.013115475   

Stress
19.8468      -0.00571393  -0.0173231    0.0927155    0.0464058    0.0793648   
-0.00571393  19.8194      0.0286876     0.0464058    0.0707545    0.0495155   
-0.0173231   0.0286876    19.8035       0.0793648    0.0495155    0.0628186   

Stress Spherical
0            0            0             0            0            0           
0            0            0             0            0            0           
0            0            0             0            0            0           

Inertia
266.663      -100.061     -100.104      0.373689     0.170006     0.226377    
-100.061     266.795      -100.021      0.170006     0.391224     0.167198    
-100.104     -100.021     266.804       0.226377     0.167198     0.266562    

Bond Length
0.6224059     0.00090247092

BB bond length
0.6224059     0.00090247092

Water EE distance
0             0           

PEG EE distance
7.0761316     0.083029929 

BBB P2(x)
0.069408032   0.0042819503

BBB first bond length
0.62242357    0.00084767364

BBB second bond length
0.62250636    0.00083864387

BBB <phi**2>/<phi>**2
1.1165958     0.0018958397

Time = 11000
Temperature
1.0131002     0.0056772137

Pressure
22.908022     0.060725463 

CM Mom
-1.4921327e-17 1.9724294e-17 
-1.0383314e-18 1.5654238e-17 
-2.495612e-17  1.657349e-17  
3.9458006e-17  1.4084788e-17 

CM Pos
9.9990147      0.0087446786  
10.000935      0.010019589   
9.9997673      0.0095828721  
17.32035       0.0091010137  

Stress
19.8718      0.01981      0.00350531    0.0801508    0.0374789    0.0411036   
0.01981      19.886       -0.0134194    0.0374789    0.0869653    0.0496178   
0.00350531   -0.0134194   19.8549       0.0411036    0.0496178    0.104905    

Stress Spherical
0            0            0             0            0            0           
0            0            0             0            0            0           
0            0            0             0            0            0           

Inertia
266.664      -99.9613     -99.9542      0.351223     0.140638     0.103646    
-99.9613     266.628      -99.9988      0.140638     0.206718     0.180246    
-99.9542     -99.9988     266.664       0.103646     0.180246     0.189026    

Bond Length
0.62196982    0.00082693211

BB bond length
0.62196982    0.00082693211

Water EE distance
0             0           

PEG EE distance
7.052127      0.057982802 

BBB P2(x)
0.072304854   0.004488157 

BBB first bond length
0.6220705     0.00084547787

BBB second bond length
0.62209936    0.00081016111

BBB <phi**2>/<phi>**2
1.117646      0.0017274797

Time = 12000
Temperature
1.0078592     0.0047652108

Pressure
22.8447       0.051641409 

CM Mom
-9.9324293e-18 1.5701201e-17 
-1.1480957e-17 1.861234e-17  
-2.2188548e-17 9.5449627e-18 
3.6554882e-17  8.4018461e-18 

CM Pos
9.9988479      0.0098685317  
10.00377       0.0098304046  
9.9986832      0.010095648   
17.321265      0.010201345   

Stress
19.8402      0.00792019   0.00397906    0.0893885    0.0529118    0.0442706   
0.00792019   19.8088      -0.0162859    0.0529118    0.0690538    0.0346033   
0.00397906   -0.0162859   19.8208       0.0442706    0.0346033    0.0530948   

Stress Spherical
0            0            0             0            0            0           
0            0            0             0            0            0           
0            0            0             0            0            0           

Inertia
266.698      -100.03      -99.9924      0.291142     0.150548     0.184728    
-100.03      266.607      -100.028      0.150548     0.28145      0.146426    
-99.9924     -100.028     266.713       0.184728     0.146426     0.324478    

Bond Length
0.6222705     0.00092861119

BB bond length
0.6222705     0.00092861119

Water EE distance
0             0           

PEG EE distance
6.7419136     0.095208333 

BBB P2(x)
0.06942609    0.0068261302

BBB first bond length
0.62239304    0.00091639192

BBB second bond length
0.62239077    0.00095582887

BBB <phi**2>/<phi>**2
1.1168685     0.0030671118

Time = 13000
Temperature
1.0088023     0.0055209912

Pressure
22.87119      0.06217902  

CM Mom
-4.53755e-18   1.4546055e-17 
-3.0904595e-17 2.1318949e-17 
-5.937466e-18  1.1752214e-17 
3.8415509e-17  1.8422414e-17 

CM Pos
10.00652       0.010922813   
9.9975992      0.011493639   
10.00302       0.012074345   
17.324637      0.013094763   

Stress
19.8492      -0.00930495  0.00462353    0.0932995    0.0535461    0.0366528   
-0.00930495  19.8461      -0.0349263    0.0535461    0.0938559    0.0595173   
0.00462353   -0.0349263   19.8454       0.0366528    0.0595173    0.0505655   

Stress Spherical
0            0            0             0            0            0           
0            0            0             0            0            0           
0            0            0             0            0            0           

Inertia
266.67       -100.012     -100.102      0.356125     0.202236     0.167051    
-100.012     266.873      -100.031      0.202236     0.320925     0.163113    
-100.102     -100.031     266.748       0.167051     0.163113     0.356487    

Bond Length
0.6223275     0.0011289977

BB bond length
0.6223275     0.0011289977

Water EE distance
0             0           

PEG EE distance
6.8670652     0.11247032  

BBB P2(x)
0.072359698   0.0071287894

BBB first bond length
0.62234114    0.0010652559

BBB second bond length
0.62237489    0.0011303209

BBB <phi**2>/<phi>**2
1.1169753     0.0035504227

Time = 14000
Temperature
1.0123799     0.0050575808

Pressure
22.873578     0.056894541 

CM Mom
4.3657485e-18  1.8591367e-17 
-6.2897053e-18 1.24634e-17   
-3.3836041e-18 1.0694463e-17 
2.3734146e-17  1.1050161e-17 

CM Pos
10.000182      0.0071523268  
10.002269      0.0070287479  
9.9946804      0.0096979305  
17.318857      0.008058567   

Stress
19.8579      0.00480954   -0.0215445    0.0792096    0.0542402    0.054439    
0.00480954   19.8283      0.00602757    0.0542402    0.0713478    0.0636814   
-0.0215445   0.00602757   19.8296       0.054439     0.0636814    0.0794986   

Stress Spherical
0            0            0             0            0            0           
0            0            0             0            0            0           
0            0            0             0            0            0           

Inertia
266.598      -100.023     -99.9281      0.298877     0.108066     0.134746    
-100.023     266.556      -99.9659      0.108066     0.256121     0.166251    
-99.9281     -99.9659     266.708       0.134746     0.166251     0.182704    

Bond Length
0.62180735    0.00069863548

BB bond length
0.62180735    0.00069863548

Water EE distance
0             0           

PEG EE distance
6.7676955     0.10268587  

BBB P2(x)
0.072417629   0.0053584703

BBB first bond length
0.62177168    0.00083413173

BBB second bond length
0.62187573    0.00071668636

BBB <phi**2>/<phi>**2
1.117613      0.0024614903

Time = 15000
Temperature
1.0121752     0.0040891177

Pressure
22.869937     0.054085992 

CM Mom
1.4860916e-17  1.2337678e-17 
1.4415355e-17  2.1821795e-17 
-7.8370471e-18 2.0831396e-17 
3.6021444e-17  1.5964969e-17 

CM Pos
10.001683      0.0093682003  
9.9973491      0.0087323434  
10.003186      0.01086152    
17.321796      0.0069548667  

Stress
19.8614      0.00419242   0.0253111     0.0819119    0.0397178    0.0457208   
0.00419242   19.8336      0.00200317    0.0397178    0.0779774    0.0523719   
0.0253111    0.00200317   19.8117       0.0457208    0.0523719    0.112902    

Stress Spherical
0            0            0             0            0            0           
0            0            0             0            0            0           
0            0            0             0            0            0           

Inertia
266.676      -99.9662     -100.001      0.177065     0.10161      0.173409    
-99.9662     266.764      -100.037      0.10161      0.35502      0.056441    
-100.001     -100.037     266.652       0.173409     0.056441     0.204943    

Bond Length
0.6221911     0.00096181007

BB bond length
0.6221911     0.00096181007

Water EE distance
0             0           

PEG EE distance
6.8466228     0.049912597 

BBB P2(x)
0.068515848   0.0041149661

BBB first bond length
0.62230886    0.0010384867

BBB second bond length
0.62226168    0.0009731837

BBB <phi**2>/<phi>**2
1.1156374     0.0023620767

Time = 16000
Temperature
1.008607      0.0060267478

Pressure
22.893292     0.046866593 

CM Mom
-4.2091655e-18 2.865662e-17  
-3.4349883e-18 1.366356e-17  
-6.7218419e-18 1.1772893e-17 
3.0951058e-17  1.6224276e-17 

CM Pos
9.9935942      0.011639441   
9.9955144      0.01223938    
9.996098       0.0070706726  
17.311972      0.012702762   

Stress
19.8423      -0.00666508  0.00265625    0.074782     0.0512287    0.0710592   
-0.00666508  19.886       0.0161638     0.0512287    0.0815166    0.0554176   
0.00265625   0.0161638    19.8805       0.0710592    0.0554176    0.0937155   

Stress Spherical
0            0            0             0            0            0           
0            0            0             0            0            0           
0            0            0             0            0            0           

Inertia
266.5        -99.9032     -99.8943      0.317511     0.164239     0.211048    
-99.9032     266.465      -99.9152      0.164239     0.334358     0.193854    
-99.8943     -99.9152     266.46        0.211048     0.193854     0.331981    

Bond Length
0.62233201    0.00082575841

BB bond length
0.62233201    0.00082575841

Water EE distance
0             0           

PEG EE distance
6.7634891     0.05152124  

BBB P2(x)
0.071879884   0.0058266406

BBB first bond length
0.62239553    0.00080382605

BBB second bond length
0.62241801    0.0009269031

BBB <phi**2>/<phi>**2
1.1174554     0.0023912668

Time = 17000
Temperature
1.012963      0.0042558917

Pressure
22.900749     0.043366633 

CM Mom
-2.0354571e-17 1.954633e-17  
1.4266063e-18  1.6465124e-17 
2.6034899e-17  1.4174528e-17 
4.3126925e-17  9.3970573e-18 

CM Pos
9.9970133      0.011251486   
10.001685      0.012447835   
9.9991002      0.0072320977  
17.319243      0.011661431   

Stress
19.8263      0.000845662  0.0112509     0.09703      0.0541282    0.0710235   
0.000845662  19.9011      -0.0169399    0.0541282    0.0617236    0.0630388   
0.0112509    -0.0169399   19.8647       0.0710235    0.0630388    0.081642    

Stress Spherical
0            0            0             0            0            0           
0            0            0             0            0            0           
0            0            0             0            0            0           

Inertia
266.69       -99.9717     -99.9535      0.264267     0.205249     0.146918    
-99.9717     266.59       -100.004      0.205249     0.236564     0.0993442   
-99.9535     -100.004     266.633       0.146918     0.0993442    0.452771    

Bond Length
0.62224358    0.0008312031

BB bond length
0.62224358    0.0008312031

Water EE distance
0             0           

PEG EE distance
6.8063278     0.056605481 

BBB P2(x)
0.068580726   0.0068116613

BBB first bond length
0.62226501    0.00088753477

BBB second bond length
0.62243291    0.00083224027

BBB <phi**2>/<phi>**2
1.1158704     0.0034200159

Time = 18000
Temperature
1.0085782     0.0053759048

Pressure
22.864426     0.057094645 

CM Mom
-2.8846217e-17 1.2233034e-17 
-1.8850136e-18 1.2412827e-17 
5.1196208e-17  2.3648759e-17 
6.1926426e-17  2.2018542e-17 

CM Pos
9.9979306      0.01341685    
9.9991003      0.01650327    
10.000601      0.016490835   
17.319156      0.014716706   

Stress
19.8468      -0.00238956  -0.0199579    0.0736351    0.0363312    0.050172    
-0.00238956  19.8152      -0.00846575   0.0363312    0.11235      0.0351724   
-0.0199579   -0.00846575  19.8605       0.050172     0.0351724    0.0695537   

Stress Spherical
0            0            0             0            0            0           
0            0            0             0            0            0           
0            0            0             0            0            0           

Inertia
266.672      -99.9731     -99.9409      0.338318     0.198272     0.241186    
-99.9731     266.632      -99.9835      0.198272     0.577136     0.147283    
-99.9409     -99.9835     266.601       0.241186     0.147283     0.452732    

Bond Length
0.62177017    0.0009647013

BB bond length
0.62177017    0.0009647013

Water EE distance
0             0           

PEG EE distance
6.4938362     0.076193016 

BBB P2(x)
0.07047087    0.006465777 

BBB first bond length
0.62188039    0.00098305665

BBB second bond length
0.62186691    0.0010173464

BBB <phi**2>/<phi>**2
1.1170567     0.0019831955

Time = 19000
Temperature
1.0096707     0.0051751183

Pressure
22.87656      0.049895638 

CM Mom
-9.8817973e-18 1.2897652e-17 
-2.231533e-17  1.9883864e-17 
2.7020226e-17  2.0506551e-17 
4.4445188e-17  1.8236718e-17 

CM Pos
9.9965129      0.011944634   
10.003603      0.014982809   
10.002436      0.013924534   
17.321991      0.016035548   

Stress
19.822       -0.0100138   -0.00857205   0.067846     0.05166      0.0392077   
-0.0100138   19.8648      0.000950375   0.05166      0.107201     0.0450856   
-0.00857205  0.000950375  19.8623       0.0392077    0.0450856    0.0890725   

Stress Spherical
0            0            0             0            0            0           
0            0            0             0            0            0           
0            0            0             0            0            0           

Inertia
266.794      -100.014     -99.9837      0.347152     0.244462     0.238729    
-100.014     266.659      -100.096      0.244462     0.436562     0.231971    
-99.9837     -100.096     266.679       0.238729     0.231971     0.473612    

Bond Length
0.62182674    0.00083065079

BB bond length
0.62182674    0.00083065079

Water EE distance
0             0           

PEG EE distance
6.488739      0.065331832 

BBB P2(x)
0.068577722   0.0048620487

BBB first bond length
0.62188435    0.00083024563

BBB second bond length
0.62190835    0.00085034694

BBB <phi**2>/<phi>**2
1.1161738     0.0018708083

Time = 20000
Temperature
1.0116919     0.0034731185

Pressure
22.881832     0.036435156 

CM Mom
-6.8222957e-18 2.5515611e-17 
4.9520956e-18  2.2600805e-17 
5.3329405e-17  1.8972144e-17 
6.5083393e-17  1.4178484e-17 

CM Pos
10.001433      0.0078588215  
10.000435      0.0081263747  
10.000434      0.009923696   
17.321843      0.00627578    

Stress
19.8354      -0.0105554   0.0109492     0.0267522    0.047131     0.0416848   
-0.0105554   19.8373      -0.00609984   0.047131     0.099595     0.0416899   
0.0109492    -0.00609984  19.874        0.0416848    0.0416899    0.0510221   

Stress Spherical
0            0            0             0            0            0           
0            0            0             0            0            0           
0            0            0             0            0            0           

Inertia
266.693      -100.047     -99.9984      0.230993     0.0712902    0.187899    
-100.047     266.707      -99.9969      0.0712902    0.287142     0.102483    
-99.9984     -99.9969     266.704       0.187899     0.102483     0.157781    

Bond Length
0.62245742    0.00076369276

BB bond length
0.62245742    0.00076369276

Water EE distance
0             0           

PEG EE distance
6.5030483     0.054430458 

BBB P2(x)
0.070411819   0.0056592496

BBB first bond length
0.62243703    0.00071389077

BBB second bond length
0.62255469    0.00079016204

BBB <phi**2>/<phi>**2
1.1179702     0.0017081829

Time = 21000
Temperature
1.0105561     0.0040646047

Pressure
22.873179     0.070181557 

CM Mom
-4.367658e-19  1.9708793e-17 
-2.1363796e-18 4.2630676e-18 
6.7849843e-17  1.449062e-17  
7.0819843e-17  1.4473917e-17 

CM Pos
10.000266      0.0078411034  
10.000101      0.013802891   
10.002519      0.010826891   
17.322179      0.014017296   

Stress
19.8546      -0.011027    -0.00919346   0.0883312    0.0620936    0.035094    
-0.011027    19.8189      0.0121054     0.0620936    0.107491     0.034478    
-0.00919346  0.0121054    19.8575       0.035094     0.034478     0.113073    

Stress Spherical
0            0            0             0            0            0           
0            0            0             0            0            0           
0            0            0             0            0            0           

Inertia
266.729      -99.9819     -100.068      0.388837     0.190155     0.205554    
-99.9819     266.723      -100.001      0.190155     0.25809      0.175155    
-100.068     -100.001     266.673       0.205554     0.175155     0.373504    

Bond Length
0.62136096    0.00051516521

BB bond length
0.62136096    0.00051516521

Water EE distance
0             0           

PEG EE distance
6.6282546     0.10848977  

BBB P2(x)
0.070073516   0.0050224096

BBB first bond length
0.62147934    0.00058410014

BBB second bond length
0.62145587    0.00053118971

BBB <phi**2>/<phi>**2
1.1177599     0.0022703844

Time = 22000
Temperature
1.0106094     0.0032005994

Pressure
22.914923     0.063317481 

CM Mom
6.4779984e-18  1.6430204e-17 
5.0912033e-18  1.9105811e-17 
5.9760764e-17  1.0297211e-17 
6.5637767e-17  8.48136e-18   

CM Pos
9.9991815      0.0097892878  
9.9990169      0.011712106   
10.004104      0.014805616   
17.321845      0.013662029   

Stress
19.9051      0.00340523   -0.00184323   0.0994978    0.0548663    0.0499385   
0.00340523   19.8628      -0.00625623   0.0548663    0.0773363    0.050044    
-0.00184323  -0.00625623  19.8878       0.0499385    0.050044     0.0931474   

Stress Spherical
0            0            0             0            0            0           
0            0            0             0            0            0           
0            0            0             0            0            0           

Inertia
266.736      -99.9934     -100.016      0.402201     0.21842      0.157487    
-99.9934     266.736      -100.038      0.21842      0.358315     0.187322    
-100.016     -100.038     266.646       0.157487     0.187322     0.332849    

Bond Length
0.62195023    0.00093921714

BB bond length
0.62195023    0.00093921714

Water EE distance
0             0           

PEG EE distance
6.6129455     0.093640973 

BBB P2(x)
0.070015455   0.0054252681

BBB first bond length
0.62207658    0.00095723912

BBB second bond length
0.62205905    0.00086859939

BBB <phi**2>/<phi>**2
1.1169478     0.0024222294

Time = 23000
Temperature
1.014222      0.0055054163

Pressure
22.884006     0.041026742 

CM Mom
1.1903893e-17  1.2920947e-17 
-6.6181476e-18 2.3908267e-17 
7.0664865e-17  1.507849e-17  
7.6735811e-17  1.6017425e-17 

CM Pos
9.999515       0.0095169696  
9.9999342      0.0088741429  
10.002769      0.015951508   
17.321795      0.014613541   

Stress
19.8092      0.00521279   -0.0119637    0.0780027    0.0319998    0.034876    
0.00521279   19.858       0.00232754    0.0319998    0.0698886    0.0533153   
-0.0119637   0.00232754   19.8634       0.034876     0.0533153    0.0735485   

Stress Spherical
0            0            0             0            0            0           
0            0            0             0            0            0           
0            0            0             0            0            0           

Inertia
266.729      -99.9359     -100.028      0.325206     0.202677     0.23874     
-99.9359     266.72       -100.036      0.202677     0.470562     0.116394    
-100.028     -100.036     266.657       0.23874      0.116394     0.2471      

Bond Length
0.62247066    0.00086106194

BB bond length
0.62247066    0.00086106194

Water EE distance
0             0           

PEG EE distance
6.4135211     0.067903333 

BBB P2(x)
0.065238988   0.0059268865

BBB first bond length
0.62256292    0.00096126987

BBB second bond length
0.6225318     0.00083127772

BBB <phi**2>/<phi>**2
1.115362      0.0020859054

Time = 24000
Temperature
1.0100092     0.0050586302

Pressure
22.898661     0.044965597 

CM Mom
2.2010034e-17  1.5839389e-17 
-1.557555e-17  1.1220968e-17 
6.3910618e-17  2.2695097e-17 
7.2893132e-17  1.9749978e-17 

CM Pos
9.9996818      0.013658036   
10.004604      0.013009215   
10.001685      0.0095723436  
17.323963      0.014321373   

Stress
19.8804      -0.0201355   -0.0328713    0.0831555    0.0559799    0.0566485   
-0.0201355   19.8709      -0.00619143   0.0559799    0.0947465    0.0483845   
-0.0328713   -0.00619143  19.8611       0.0566485    0.0483845    0.0525991   

Stress Spherical
0            0            0             0            0            0           
0            0            0             0            0            0           
0            0            0             0            0            0           

Inertia
266.808      -99.984      -99.9905      0.35043      0.175302     0.237385    
-99.984      266.707      -100.058      0.175302     0.4601       0.166245    
-99.9905     -100.058     266.767       0.237385     0.166245     0.325511    

Bond Length
0.62232218    0.0007195607

BB bond length
0.62232218    0.0007195607

Water EE distance
0             0           

PEG EE distance
6.477416      0.083002579 

BBB P2(x)
0.067886008   0.0044162706

BBB first bond length
0.62242433    0.00078294798

BBB second bond length
0.62236296    0.00078500861

BBB <phi**2>/<phi>**2
1.1164906     0.002365232 

Time = 25000
Temperature
1.0090363     0.0064824264

Pressure
22.891847     0.052075299 

CM Mom
4.5590411e-17  1.3488322e-17 
-1.9491744e-17 1.5520088e-17 
4.0600587e-17  1.748891e-17  
6.7979118e-17  1.4640037e-17 

CM Pos
10.003184      0.013221313   
10.000935      0.011218061   
9.9991835      0.011523853   
17.322425      0.010461847   

Stress
19.9005      -0.008209    0.0158324     0.0811319    0.0339695    0.040978    
-0.008209    19.8438      0.0233444     0.0339695    0.0596281    0.0519928   
0.0158324    0.0233444    19.8563       0.040978     0.0519928    0.0854287   

Stress Spherical
0            0            0             0            0            0           
0            0            0             0            0            0           
0            0            0             0            0            0           

Inertia
266.677      -100.033     -100.017      0.251461     0.172574     0.15537     
-100.033     266.706      -99.993       0.172574     0.401556     0.159415    
-100.017     -99.993      266.749       0.15537      0.159415     0.309864    

Bond Length
0.62219378    0.0010008116

BB bond length
0.62219378    0.0010008116

Water EE distance
0             0           

PEG EE distance
6.3953593     0.067608685 

BBB P2(x)
0.068291918   0.0055255861

BBB first bond length
0.62232475    0.0010706179

BBB second bond length
0.62224754    0.00098698943

BBB <phi**2>/<phi>**2
1.1164894     0.0012697364

Time = 26000
Temperature
1.0119293     0.0065401484

Pressure
22.904956     0.067816053 

CM Mom
4.7004229e-17  1.854195e-17  
2.7172295e-18  1.1828023e-17 
4.3489792e-17  1.5716426e-17 
6.7313134e-17  1.7544142e-17 

CM Pos
10.004018      0.011445133   
10.000018      0.012391842   
9.9925955      0.007207053   
17.318571      0.011111683   

Stress
19.8654      0.0100773    -0.0324215    0.0951634    0.0278668    0.0546753   
0.0100773    19.8963      0.0138362     0.0278668    0.0761603    0.0581729   
-0.0324215   0.0138362    19.8522       0.0546753    0.0581729    0.0817907   

Stress Spherical
0            0            0             0            0            0           
0            0            0             0            0            0           
0            0            0             0            0            0           

Inertia
266.523      -100.029     -99.9906      0.287273     0.158167     0.158658    
-100.029     266.59       -99.9344      0.158167     0.298484     0.153772    
-99.9906     -99.9344     266.748       0.158658     0.153772     0.31665     

Bond Length
0.62207566    0.0012178092

BB bond length
0.62207566    0.0012178092

Water EE distance
0             0           

PEG EE distance
6.2902969     0.031773504 

BBB P2(x)
0.068091019   0.0058094279

BBB first bond length
0.62212287    0.001228387 

BBB second bond length
0.62222176    0.0012643328

BBB <phi**2>/<phi>**2
1.11638       0.0023808449

Time = 27000
Temperature
1.0114521     0.0048834062

Pressure
22.872136     0.047655541 

CM Mom
3.3281693e-17  1.9491693e-17 
8.0174416e-18  2.0384217e-17 
3.542519e-17   2.1472428e-17 
5.5010444e-17  2.563695e-17  

CM Pos
9.9980974      0.010335613   
10.002019      0.013103226   
9.9965984      0.0093834057  
17.318619      0.010188599   

Stress
19.8289      -0.0197161   0.00430428    0.0560648    0.076506     0.0549084   
-0.0197161   19.861       0.0316908     0.076506     0.0630337    0.0193      
0.00430428   0.0316908    19.8298       0.0549084    0.0193       0.0854203   

Stress Spherical
0            0            0             0            0            0           
0            0            0             0            0            0           
0            0            0             0            0            0           

Inertia
266.661      -100.004     -99.9259      0.193357     0.179447     0.17549     
-100.004     266.571      -99.9834      0.179447     0.393785     0.145038    
-99.9259     -99.9834     266.677       0.17549      0.145038     0.254223    

Bond Length
0.6224101     0.0010230416

BB bond length
0.6224101     0.0010230416

Water EE distance
0             0           

PEG EE distance
6.3010482     0.063194352 

BBB P2(x)
0.063514432   0.0065633616

BBB first bond length
0.6225435     0.001061433 

BBB second bond length
0.62255213    0.0010468536

BBB <phi**2>/<phi>**2
1.1148701     0.002981725 

Time = 28000
Temperature
1.008762      0.0041383254

Pressure
22.845903     0.085841178 

CM Mom
2.636149e-17   3.9646492e-17 
5.998991e-18   1.2448038e-17 
3.321347e-17   2.3335464e-17 
5.5739854e-17  3.1598436e-17 

CM Pos
9.9998486      0.0096519276  
9.9995173      0.0077554935  
9.998433       0.0095260993  
17.319241      0.010151043   

Stress
19.8024      -0.0186158   -0.0175295    0.0872627    0.0336134    0.039716    
-0.0186158   19.8243      -0.00276547   0.0336134    0.121334     0.0523544   
-0.0175295   -0.00276547  19.8386       0.039716     0.0523544    0.0879355   

Stress Spherical
