Time = 500
Temperature
   1.0417439   0.054092284

Pressure
   19.595695    0.22380934

CM Mom
5.3016083e-18  1.8237746e-17 
-9.843866e-18  5.5994451e-18 
-4.9687498e-17 3.4279005e-17 
5.5371759e-17  3.2662575e-17 

CM Pos
7.495463       0.010460948   
7.4865241      0.042534921   
7.4960674      0.018138272   
12.977795      0.010793436   

Stress
16.4815      0.0712461    -0.0393893    0.148835     0.0379621    0.0685227   
0.0712461    16.4624      -0.0531226    0.0379621    0.100393     0.065199    
-0.0393893   -0.0531226   16.4693       0.0685227    0.065199     0.100452    

Stress Spherical
0            0            0             0            0            0           
0            0            0             0            0            0           
0            0            0             0            0            0           

Inertia
148.735      -56.1051     -56.1803      0.919671     0.407059     0.203847    
-56.1051     148.726      -56.1438      0.407059     0.375837     0.186499    
-56.1803     -56.1438     148.636       0.203847     0.186499     1.01534     

Bond Length
0.61325395    0.0030881415

BB bond length
0.61325395    0.0030881415

Water EE distance
0             0           

PEG EE distance
3.755733      0.10884784  

Time = 1000
Temperature
1.0089988     0.010635097 

Pressure
19.396692     0.059298809 

CM Mom
-1.6363259e-18 1.6659211e-17 
-3.1925355e-17 5.5759992e-18 
-3.7645367e-17 2.2230555e-17 
5.3089192e-17  2.0577559e-17 

CM Pos
7.5170969      0.014829591   
7.4562959      0.025589687   
7.5150341      0.016052478   
12.983826      0.014823838   

Stress
16.3102      0.0559694    0.0020435     0.0837491    0.0844675    0.0335966   
0.0559694    16.3646      0.00143315    0.0844675    0.124827     0.0413981   
0.0020435    0.00143315   16.436        0.0335966    0.0413981    0.0545422   

Stress Spherical
0            0            0             0            0            0           
0            0            0             0            0            0           
0            0            0             0            0            0           

Inertia
148.904      -56.0274     -56.4559      0.747857     0.17088      0.198799    
-56.0274     149.608      -55.9933      0.17088      0.450852     0.228216    
-56.4559     -55.9933     148.855       0.198799     0.228216     0.466054    

Bond Length
0.61235571    0.0010015862

BB bond length
0.61235571    0.0010015862

Water EE distance
0             0           

PEG EE distance
3.6416726     0.12032237  

