Time = 1000
Temperature
   1.1255231    0.18067241

Pressure
   23.743931    0.84094002

CM Mom
6.1941417e-18  2.1205855e-17 
1.5762182e-17  1.4544696e-17 
-4.1684707e-17 2.4715552e-16 
1.702213e-16   1.8653746e-16 

CM Pos
7.5099661      0.017433538   
7.49263        0.016590346   
7.492804       0.026709285   
12.987775      0.014363851   

Stress
20.3849      0.000460173  -0.0559736    0.314639     0.0487393    0.0800341   
0.000460173  20.3501      -0.00015059   0.0487393    0.298073     0.0733162   
-0.0559736   -0.00015059  20.383        0.0800341    0.0733162    0.343451    

Stress Spherical
0            0            0             0            0            0           
0            0            0             0            0            0           
0            0            0             0            0            0           

Inertia
149.905      -56.3229     -56.2495      1.01409      0.189273     0.198955    
-56.3229     150.182      -56.14        0.189273     1.19633      0.204361    
-56.2495     -56.14       150.169       0.198955     0.204361     1.52818     

Bond Length
0.61962156    0.0076281382

BB bond length
0.61962156    0.0076281382

Water EE distance
0             0           

PEG EE distance
7.4875122     0.20377242  

BBB P2(x)
0.47577038    0.06411088  

BBB first bond length
0.61951985    0.0076920453

BBB second bond length
0.61963381    0.0078031798

BBB <phi**2>/<phi>**2
1.2219048     0.012570015 

Time = 2000
Temperature
1.0054904     0.0099203582

Pressure
23.128253     0.062930922 

CM Mom
1.6769211e-17  1.7876749e-17 
1.5214841e-17  1.7725724e-17 
9.2949878e-17  4.5599125e-17 
1.0100577e-16  4.0783232e-17 

CM Pos
7.5065533      0.011053261   
7.5028684      0.011451448   
7.504823       0.015978543   
12.998622      0.0088392184  

Stress
20.1639      0.0310005    0.0236067     0.0851552    0.0722249    0.0744858   
0.0310005    20.0628      -0.0300381    0.0722249    0.0683014    0.0962475   
0.0236067    -0.0300381   20.1229       0.0744858    0.0962475    0.104514    

Stress Spherical
0            0            0             0            0            0           
0            0            0             0            0            0           
0            0            0             0            0            0           

Inertia
149.988      -56.3311     -56.3156      0.276886     0.123851     0.147579    
-56.3311     150.054      -56.3138      0.123851     0.405578     0.168631    
-56.3156     -56.3138     150.023       0.147579     0.168631     0.250681    

Bond Length
0.6186357     0.0018352173

BB bond length
0.6186357     0.0018352173

Water EE distance
0             0           

PEG EE distance
7.3839884     0.11587148  

BBB P2(x)
0.5217282     0.01092549  

BBB first bond length
0.61866702    0.0019328878

BBB second bond length
0.61848849    0.0018311475

BBB <phi**2>/<phi>**2
1.2307964     0.0074853706

Time = 3000
Temperature
1.0095935     0.0070842397

Pressure
23.206199     0.11978325  

CM Mom
2.7107607e-17  1.5932454e-17 
3.5136516e-17  2.8700925e-17 
8.7781916e-17  1.9310936e-17 
1.0328466e-16  2.1397189e-17 

CM Pos
7.5019535      0.0096391622  
7.4993072      0.0099050268  
7.5070488      0.012290704   
12.995189      0.0097460857  

Stress
20.2127      -0.010408    0.0242507     0.129225     0.093191     0.111886    
-0.010408    20.1455      -0.0374565    0.093191     0.111465     0.0680978   
0.0242507    -0.0374565   20.1884       0.111886     0.0680978    0.101346    

Stress Spherical
0            0            0             0            0            0           
0            0            0             0            0            0           
0            0            0             0            0            0           

Inertia
150.034      -56.2461     -56.3112      0.27143      0.0972336    0.113617    
-56.2461     150.066      -56.3147      0.0972336    0.227026     0.120613    
-56.3112     -56.3147     149.973       0.113617     0.120613     0.210217    

Bond Length
0.61924354    0.001562863 

BB bond length
0.61924354    0.001562863 

Water EE distance
0             0           

PEG EE distance
7.2850311     0.12285303  

BBB P2(x)
0.52052471    0.011546279 

BBB first bond length
0.61910971    0.0016082336

BBB second bond length
0.61911834    0.0016508345

BBB <phi**2>/<phi>**2
1.2267654     0.01088933  

Time = 4000
Temperature
1.0128958     0.008965277 

Pressure
23.14988      0.088381608 

CM Mom
-2.2466119e-18 1.3960441e-17 
2.5560856e-17  2.9906531e-17 
9.6083603e-17  1.4045911e-17 
1.0379829e-16  2.0073854e-17 

CM Pos
7.4991342      0.016138274   
7.5022748      0.016784955   
7.4960685      0.012806547   
12.988943      0.015695677   

Stress
20.1442      0.0152114    0.0251356     0.145095     0.0621828    0.0891592   
0.0152114    20.1187      0.00538917    0.0621828    0.131352     0.0753887   
0.0251356    0.00538917   20.0851       0.0891592    0.0753887    0.114581    

Stress Spherical
0            0            0             0            0            0           
0            0            0             0            0            0           
0            0            0             0            0            0           

Inertia
149.932      -56.2691     -56.1713      0.314024     0.257039     0.141634    
-56.2691     149.884      -56.2394      0.257039     0.258148     0.181948    
-56.1713     -56.2394     149.971       0.141634     0.181948     0.385423    

Bond Length
0.61974571    0.0020373888

BB bond length
0.61974571    0.0020373888

Water EE distance
0             0           

PEG EE distance
7.6061577     0.27719404  

BBB P2(x)
0.52079101    0.015703782 

BBB first bond length
0.62000783    0.0021778788

BBB second bond length
0.61976501    0.0020556098

BBB <phi**2>/<phi>**2
1.227412      0.010264816 

Time = 5000
Temperature
1.007283      0.0087654491

Pressure
23.167555     0.080390432 

CM Mom
-4.1074628e-19 1.9811529e-17 
4.2691529e-17  1.4664215e-17 
6.962424e-17   1.2426933e-17 
8.5034583e-17  1.418994e-17  

CM Pos
7.497502       0.0095011241  
7.4963395      0.016640039   
7.5031908      0.020582441   
12.988689      0.016016175   

Stress
20.1477      -0.0235562   -0.00654285   0.0860846    0.0846936    0.0764886   
-0.0235562   20.1484      -0.0136649    0.0846936    0.0989065    0.0578636   
-0.00654285  -0.0136649   20.1553       0.0764886    0.0578636    0.14461     

Stress Spherical
0            0            0             0            0            0           
0            0            0             0            0            0           
0            0            0             0            0            0           

Inertia
149.954      -56.215      -56.2706      0.451302     0.161772     0.183542    
-56.215      149.969      -56.251       0.161772     0.331332     0.185787    
-56.2706     -56.251      149.877       0.183542     0.185787     0.268435    

Bond Length
0.61809836    0.0020866341

BB bond length
0.61809836    0.0020866341

Water EE distance
0             0           

PEG EE distance
7.4595395     0.15475133  

BBB P2(x)
0.51556511    0.010735434 

BBB first bond length
0.61810785    0.0021832953

BBB second bond length
0.61800971    0.0018761095

BBB <phi**2>/<phi>**2
1.2315253     0.0075828083

Time = 6000
Temperature
1.0141405     0.0052035404

Pressure
23.156409     0.090147174 

CM Mom
5.9077725e-18  1.5853583e-17 
5.1126929e-17  8.1556159e-18 
7.259611e-17   2.6674065e-17 
9.2348535e-17  2.0497895e-17 

CM Pos
7.4966117      0.0250692     
7.493817       0.015821374   
7.5043779      0.0088595738  
12.987407      0.019574308   

Stress
20.1815      0.0334921    0.0338603     0.113338     0.0687159    0.0811635   
0.0334921    20.101       -0.0245357    0.0687159    0.140459     0.0922158   
0.0338603    -0.0245357   20.0738       0.0811635    0.0922158    0.113952    

Stress Spherical
0            0            0             0            0            0           
0            0            0             0            0            0           
0            0            0             0            0            0           

Inertia
149.937      -56.1706     -56.2308      0.234272     0.274039     0.154717    
-56.1706     149.982      -56.2644      0.274039     0.373062     0.122322    
-56.2308     -56.2644     149.827       0.154717     0.122322     0.505883    

Bond Length
0.61959278    0.0021228492

BB bond length
0.61959278    0.0021228492

Water EE distance
0             0           

PEG EE distance
7.2009596     0.14993181  

BBB P2(x)
0.51043246    0.0098019604

BBB first bond length
0.61950776    0.0023494205

BBB second bond length
0.61940498    0.0020354299

BBB <phi**2>/<phi>**2
1.2236348     0.0083736087

Time = 7000
Temperature
1.0095059     0.0081331452

Pressure
23.148694     0.092393271 

CM Mom
3.2066215e-17  2.2187116e-17 
6.3938314e-17  3.4024718e-17 
1.0603974e-16  1.3893055e-17 
1.3224499e-16  2.6739601e-17 

CM Pos
7.499431       0.016009516   
7.5003459      0.014557387   
7.5009651      0.013805168   
12.99083       0.010843293   

Stress
20.1166      0.00289332   -0.0581041    0.101832     0.0767426    0.0771576   
0.00289332   20.1169      -0.00917237   0.0767426    0.175129     0.0485148   
-0.0581041   -0.00917237  20.1414       0.0771576    0.0485148    0.111817    

Stress Spherical
0            0            0             0            0            0           
0            0            0             0            0            0           
0            0            0             0            0            0           

Inertia
149.983      -56.2666     -56.2486      0.36014      0.116667     0.0862617   
-56.2666     149.992      -56.2718      0.116667     0.144017     0.177208    
-56.2486     -56.2718     149.966       0.0862617    0.177208     0.26656     

Bond Length
0.61869288    0.0026540086

BB bond length
0.61869288    0.0026540086

Water EE distance
0             0           

PEG EE distance
7.5424804     0.12843128  

BBB P2(x)
0.51257386    0.0063030775

BBB first bond length
0.6185005     0.0025258742

BBB second bond length
0.6188413     0.0026592685

BBB <phi**2>/<phi>**2
1.2257891     0.0087527722

Time = 8000
Temperature
1.0140202     0.0096106081

Pressure
23.220128     0.13911655  

CM Mom
5.0167743e-17  2.0952441e-17 
1.0136764e-16  2.2720885e-17 
1.1420421e-16  2.9420584e-17 
1.6412159e-16  2.6827628e-17 

CM Pos
7.4976504      0.011172138   
7.4978234      0.0078179483  
7.506752       0.011748494   
12.991678      0.0081466998  

Stress
20.1896      0.0237954    0.0267921     0.131401     0.0632319    0.0624443   
0.0237954    20.1582      -0.047359     0.0632319    0.203232     0.103617    
0.0267921    -0.047359    20.2008       0.0624443    0.103617     0.137608    

Stress Spherical
0            0            0             0            0            0           
0            0            0             0            0            0           
0            0            0             0            0            0           

Inertia
150.05       -56.2142     -56.3054      0.266956     0.106205     0.0926285   
-56.2142     150.044      -56.2874      0.106205     0.137863     0.112868    
-56.3054     -56.2874     149.911       0.0926285    0.112868     0.177595    

Bond Length
0.61788069    0.0024581515

BB bond length
0.61788069    0.0024581515

Water EE distance
0             0           

PEG EE distance
7.7836428     0.098356758 

BBB P2(x)
0.51388942    0.010134223 

BBB first bond length
0.61808091    0.0026598217

BBB second bond length
0.61795922    0.0025800361

BBB <phi**2>/<phi>**2
1.2259529     0.006527103 

Time = 9000
Temperature
1.0126052     0.0054414045

Pressure
23.15331      0.070284999 

CM Mom
6.6492574e-17  1.9396417e-17 
1.1895333e-16  1.3280087e-17 
1.3737706e-16  1.6176982e-17 
1.9487869e-16  1.6738801e-17 

CM Pos
7.5052179      0.01595096    
7.4923332      0.012135667   
7.5021521      0.013171832   
12.990224      0.016915532   

Stress
20.1247      0.0637041    -0.0152597    0.0872739    0.0683426    0.0428419   
0.0637041    20.195       0.00681116    0.0683426    0.100682     0.0640466   
-0.0152597   0.00681116   20.0412       0.0428419    0.0640466    0.0957126   

Stress Spherical
0            0            0             0            0            0           
0            0            0             0            0            0           
0            0            0             0            0            0           

Inertia
149.917      -56.2323     -56.2961      0.318723     0.189579     0.199542    
-56.2323     150.108      -56.2016      0.189579     0.376982     0.161335    
-56.2961     -56.2016     149.945       0.199542     0.161335     0.3782      

Bond Length
0.61934023    0.0013260374

BB bond length
0.61934023    0.0013260374

Water EE distance
0             0           

PEG EE distance
7.2032582     0.17698832  

BBB P2(x)
0.51720112    0.013725425 

BBB first bond length
0.61912741    0.0014040352

BBB second bond length
0.61950679    0.0014063777

BBB <phi**2>/<phi>**2
1.2298923     0.0060775978

Time = 10000
Temperature
1.0128769     0.010251629 

Pressure
23.129737     0.081606709 

CM Mom
7.7524928e-17  1.8802477e-17 
1.4509444e-16  2.2893546e-17 
1.3658302e-16  2.4813663e-17 
2.1589571e-16  2.4491672e-17 

CM Pos
7.5031405      0.011354907   
7.4967847      0.013345366   
7.5042295      0.012939101   
12.992797      0.007962616   

Stress
20.0943      -0.0201005   0.0143099     0.107535     0.0863388    0.0614595   
-0.0201005   20.083       0.0332174     0.0863388    0.0954954    0.0708527   
0.0143099    0.0332174    20.1104       0.0614595    0.0708527    0.0979113   

Stress Spherical
0            0            0             0            0            0           
0            0            0             0            0            0           
0            0            0             0            0            0           

Inertia
150.013      -56.2205     -56.3118      0.122369     0.154387     0.138488    
-56.2205     150.094      -56.2346      0.154387     0.257525     0.0791316   
-56.3118     -56.2346     149.998       0.138488     0.0791316    0.260633    

Bond Length
0.61900146    0.0025419124

BB bond length
0.61900146    0.0025419124

Water EE distance
0             0           

PEG EE distance
6.6929671     0.17335854  

BBB P2(x)
0.52837602    0.0089485779

BBB first bond length
0.61914799    0.0024818164

BBB second bond length
0.61883885    0.0025177009

BBB <phi**2>/<phi>**2
1.2338762     0.0063126012

Time = 11000
Temperature
1.0082875     0.0082206197

Pressure
23.167801     0.075969896 

CM Mom
5.395987e-17   1.3702511e-17 
1.4811055e-16  1.250073e-17  
1.2889855e-16  1.5766198e-17 
2.0477873e-16  1.1023242e-17 

CM Pos
7.5010632      0.0084512994  
7.4969331      0.015854043   
7.5055649      0.012609032   
12.99245       0.013127366   

Stress
20.1348      0.00398064   0.0316235     0.105621     0.0639799    0.0769963   
0.00398064   20.1655      0.0198864     0.0639799    0.129941     0.0618989   
0.0316235    0.0198864    20.1428       0.0769963    0.0618989    0.0966867   

Stress Spherical
0            0            0             0            0            0           
0            0            0             0            0            0           
0            0            0             0            0            0           

Inertia
150.039      -56.2688     -56.2916      0.307735     0.131839     0.0986525   
-56.2688     150.107      -56.2425      0.131839     0.187451     0.1926      
-56.2916     -56.2425     149.933       0.0986525    0.1926       0.275041    

Bond Length
0.61870434    0.00186949  

BB bond length
0.61870434    0.00186949  

Water EE distance
0             0           

PEG EE distance
6.7316988     0.10024131  

BBB P2(x)
0.52223492    0.010955678 

BBB first bond length
0.61861011    0.0021546261

BBB second bond length
0.61874922    0.0017894926

BBB <phi**2>/<phi>**2
1.2263235     0.012106588 

Time = 12000
Temperature
1.0111341     0.0056182483

Pressure
23.127133     0.050011787 

CM Mom
6.6129876e-17  1.4784155e-17 
1.4367636e-16  2.4559355e-17 
1.1667569e-16  1.9468182e-17 
1.9805002e-16  2.4621218e-17 

CM Pos
7.498689       0.0088234655  
7.4929267      0.010134653   
7.5021521      0.015233629   
12.98679       0.016293306   

Stress
20.0863      -0.00307038  0.0110195     0.0642593    0.0566769    0.0639208   
-0.00307038  20.0703      0.0285499     0.0566769    0.0908494    0.0688336   
0.0110195    0.0285499    20.139        0.0639208    0.0688336    0.089903    

Stress Spherical
0            0            0             0            0            0           
0            0            0             0            0            0           
0            0            0             0            0            0           

Inertia
149.916      -56.2108     -56.2505      0.356373     0.0960313    0.241973    
-56.2108     150.026      -56.2196      0.0960313    0.324255     0.190237    
-56.2505     -56.2196     149.844       0.241973     0.190237     0.225988    

Bond Length
0.61771941    0.0019903138

BB bond length
0.61771941    0.0019903138

Water EE distance
0             0           

PEG EE distance
7.11249       0.17114504  

BBB P2(x)
0.51112614    0.0090341054

BBB first bond length
0.61745713    0.0021345772

BBB second bond length
0.617716      0.0021398568

BBB <phi**2>/<phi>**2
1.226375      0.009286186 

Time = 13000
Temperature
1.0081003     0.0045651712

Pressure
23.177453     0.081210029 

CM Mom
5.8529972e-17  2.2389149e-17 
1.5434533e-16  2.1197939e-17 
7.1664517e-17  7.9240977e-18 
1.8173568e-16  1.9225042e-17 

CM Pos
7.4992826      0.01301714    
7.4953009      0.014393115   
7.4990361      0.014270213   
12.986713      0.013831787   

Stress
20.1466      -0.00786036  -0.029956     0.124738     0.0651242    0.0645333   
-0.00786036  20.0788      -0.0195497    0.0651242    0.116443     0.0847935   
-0.029956    -0.0195497   20.2484       0.0645333    0.0847935    0.116279    

Stress Spherical
0            0            0             0            0            0           
0            0            0             0            0            0           
0            0            0             0            0            0           

Inertia
149.925      -56.1886     -56.2446      0.366226     0.138961     0.113272    
-56.1886     149.99       -56.1836      0.138961     0.156633     0.192619    
-56.2446     -56.1836     149.901       0.113272     0.192619     0.250063    

Bond Length
0.6172291     0.0013556501

BB bond length
0.6172291     0.0013556501

Water EE distance
0             0           

PEG EE distance
7.1110017     0.071192169 

BBB P2(x)
0.51231333    0.0084152175

BBB first bond length
0.61723087    0.001499755 

BBB second bond length
0.61713943    0.0013910553

BBB <phi**2>/<phi>**2
1.2283861     0.010850879 

Time = 14000
Temperature
1.016678      0.0053280252

Pressure
23.143003     0.077228807 

CM Mom
4.5916272e-17  2.1740804e-17 
1.9163716e-16  3.7639143e-17 
6.9767287e-17  2.290339e-17  
2.1103222e-16  3.9748124e-17 

CM Pos
7.5026954      0.011460097   
7.504649       0.011206573   
7.5028941      0.0069676666  
12.996298      0.012515138   

Stress
20.0843      0.0314187    0.00415587    0.0962657    0.0688284    0.0597725   
0.0314187    20.1458      0.00917691    0.0688284    0.0540077    0.0807273   
0.00415587   0.00917691   20.0632       0.0597725    0.0807273    0.113369    

Stress Spherical
0            0            0             0            0            0           
0            0            0             0            0            0           
0            0            0             0            0            0           

Inertia
150.103      -56.2911     -56.277       0.173457     0.153912     0.129522    
-56.2911     150.078      -56.3344      0.153912     0.227187     0.0764563   
-56.277      -56.3344     150.081       0.129522     0.0764563    0.302025    

Bond Length
0.61846777    0.0020495139

BB bond length
0.61846777    0.0020495139

Water EE distance
0             0           

PEG EE distance
7.5241658     0.17130922  

BBB P2(x)
0.50644763    0.0050588061

BBB first bond length
0.61855651    0.0020772181

BBB second bond length
0.61828717    0.0020676407

BBB <phi**2>/<phi>**2
1.2213444     0.0082571423

Time = 15000
Temperature
1.0084118     0.0086148484

Pressure
23.181938     0.11063012  

CM Mom
6.4199973e-17  2.6001506e-17 
2.0477775e-16  1.1274938e-17 
8.8430983e-17  1.8293717e-17 
2.3418228e-16  1.3119562e-17 

CM Pos
7.5004696      0.023907568   
7.5095456      0.017215583   
7.4960685      0.01529781    
12.993923      0.020809067   

Stress
20.167       0.0155132    -0.0106733    0.136269     0.081371     0.081787    
0.0155132    20.1295      -0.0227191    0.081371     0.151257     0.0745762   
-0.0106733   -0.0227191   20.1879       0.081787     0.0745762    0.148655    

Stress Spherical
0            0            0             0            0            0           
0            0            0             0            0            0           
0            0            0             0            0            0           

Inertia
150.074      -56.3356     -56.2141      0.312674     0.195922     0.350582    
-56.3356     149.949      -56.3228      0.195922     0.471805     0.200045    
-56.2141     -56.3228     150.137       0.350582     0.200045     0.350622    

Bond Length
0.61748361    0.0023809945

BB bond length
0.61748361    0.0023809945

Water EE distance
0             0           

PEG EE distance
7.504296      0.089989229 

BBB P2(x)
0.51701487    0.012198158 

BBB first bond length
0.61755386    0.0023570583

BBB second bond length
0.61759358    0.002351846 

BBB <phi**2>/<phi>**2
1.2302206     0.0088742417

Time = 16000
Temperature
1.0099056     0.0055243854

Pressure
23.106316     0.081372169 

CM Mom
9.2436171e-17  3.238176e-17  
2.2327931e-16  1.2783122e-17 
7.0480327e-17  1.7101456e-17 
2.5401941e-16  1.8551499e-17 

CM Pos
7.497502       0.013271746   
7.5019781      0.011818562   
7.4984426      0.016135545   
12.9892        0.01014457    

Stress
20.0909      0.0239083    0.0264205     0.112002     0.0465712    0.0629726   
0.0239083    20.0664      0.0116532     0.0465712    0.111318     0.0700677   
0.0264205    0.0116532    20.0869       0.0629726    0.0700677    0.0994938   

Stress Spherical
0            0            0             0            0            0           
0            0            0             0            0            0           
0            0            0             0            0            0           

Inertia
150.005      -56.3186     -56.1854      0.16201      0.119055     0.182751    
-56.3186     149.927      -56.2697      0.119055     0.383072     0.0802421   
-56.1854     -56.2697     149.971       0.182751     0.0802421    0.184475    

Bond Length
0.61874584    0.00084905777

BB bond length
0.61874584    0.00084905777

Water EE distance
0             0           

PEG EE distance
7.4520615     0.13650417  

BBB P2(x)
0.5129923     0.010132278 

BBB first bond length
0.61848785    0.00093742752

BBB second bond length
0.61868873    0.0011199496

BBB <phi**2>/<phi>**2
1.2238172     0.011660173 

Time = 17000
Temperature
1.0131364     0.0046274166

Pressure
23.136707     0.10625573  

CM Mom
1.1478478e-16  1.2460968e-17 
2.0219809e-16  2.7982855e-17 
8.5229166e-17  2.0338947e-17 
2.4911939e-16  2.4802059e-17 

CM Pos
7.5015083      0.016879788   
7.4967847      0.013558146   
7.4954749      0.011838107   
12.986799      0.014527913   

Stress
20.1248      0.0581911    -0.00525559   0.190368     0.0491007    0.0603561   
0.0581911    20.103       -0.0153957    0.0491007    0.0938073    0.0584272   
-0.00525559  -0.0153957   20.0786       0.0603561    0.0584272    0.132324    

Stress Spherical
0            0            0             0            0            0           
0            0            0             0            0            0           
0            0            0             0            0            0           

Inertia
149.896      -56.2017     -56.2134      0.299766     0.151694     0.211405    
-56.2017     149.989      -56.1974      0.151694     0.367038     0.159902    
-56.2134     -56.1974     149.977       0.211405     0.159902     0.26354     

Bond Length
0.61851479    0.0021200851

BB bond length
0.61851479    0.0021200851

Water EE distance
0             0           

PEG EE distance
7.4608056     0.15997332  

BBB P2(x)
0.50196063    0.0077215167

BBB first bond length
0.61841327    0.0020951748

BBB second bond length
0.61848036    0.0022660246

BBB <phi**2>/<phi>**2
1.2243084     0.011812312 

Time = 18000
Temperature
1.0084931     0.0061502628

Pressure
23.155015     0.089470425 

CM Mom
1.1542437e-16  1.3913879e-17 
1.9665027e-16  3.0363066e-17 
8.0659476e-17  2.4911838e-17 
2.4424569e-16  2.408778e-17  

CM Pos
7.499431       0.0087041306  
7.5021265      0.01434101    
7.4957717      0.012609032   
12.988847      0.015804415   

Stress
20.126       0.0464552    0.00558728    0.148951     0.0358251    0.0735691   
0.0464552    20.1686      0.0102        0.0358251    0.110199     0.0844283   
0.00558728   0.0102       20.1083       0.0735691    0.0844283    0.0713767   

Stress Spherical
0            0            0             0            0            0           
0            0            0             0            0            0           
0            0            0             0            0            0           

Inertia
149.968      -56.23       -56.225       0.389812     0.170423     0.124149    
-56.23       149.935      -56.2457      0.170423     0.188636     0.191335    
-56.225      -56.2457     150.015       0.124149     0.191335     0.291024    

Bond Length
0.61807809    0.0020924984

BB bond length
0.61807809    0.0020924984

Water EE distance
0             0           

PEG EE distance
7.4897414     0.090797748 

BBB P2(x)
0.5102631     0.0063811226

BBB first bond length
0.61790871    0.0019509445

BBB second bond length
0.61800325    0.0019722721

BBB <phi**2>/<phi>**2
1.2239103     0.0073745869

Time = 19000
Temperature
1.0145473     0.0073291805

Pressure
23.157487     0.14056209  

CM Mom
7.953116e-17   4.6445334e-17 
2.0883977e-16  1.7373922e-17 
9.8630724e-17  1.7718527e-17 
2.4819703e-16  2.8956472e-17 

CM Pos
7.5041792      0.0084786099  
7.5004943      0.012611651   
7.4975523      0.011444717   
12.991676      0.011060923   

Stress
20.1311      0.0243641    0.0298332     0.159772     0.0537066    0.0540765   
0.0243641    20.0729      -0.0307619    0.0537066    0.144208     0.067971    
0.0298332    -0.0307619   20.1519       0.0540765    0.067971     0.166435    

Stress Spherical
0            0            0             0            0            0           
0            0            0             0            0            0           
0            0            0             0            0            0           

Inertia
149.99       -56.3037     -56.2593      0.275135     0.091561     0.0880878   
-56.3037     150.052      -56.2631      0.091561     0.151574     0.133571    
-56.2593     -56.2631     150.082       0.0880878    0.133571     0.190713    

Bond Length
0.61899295    0.0015891775

BB bond length
0.61899295    0.0015891775

Water EE distance
0             0           

PEG EE distance
7.4946765     0.1477927   

BBB P2(x)
0.51263348    0.010602356 

BBB first bond length
0.61906532    0.0016175934

BBB second bond length
0.61914112    0.0018379986

BBB <phi**2>/<phi>**2
1.2280768     0.007048895 

Time = 20000
Temperature
1.0018905     0.0089717715

Pressure
23.113875     0.093416644 

CM Mom
7.1549475e-17  4.2741388e-17 
2.1467966e-16  1.3253273e-17 
1.0596952e-16  2.5820753e-17 
2.5481001e-16  1.3314253e-17 

CM Pos
7.498689       0.011470659   
7.5061328      0.0197321     
7.5023005      0.01413067    
12.994516      0.012897174   

Stress
20.1231      0.049282     0.032661      0.158556     0.0319486    0.0627982   
0.049282     20.0939      -0.0193267    0.0319486    0.115129     0.0753102   
0.032661     -0.0193267   20.1219       0.0627982    0.0753102    0.145782    

Stress Spherical
0            0            0             0            0            0           
0            0            0             0            0            0           
0            0            0             0            0            0           

Inertia
150.149      -56.2681     -56.2721      0.386214     0.120405     0.146825    
-56.2681     150.036      -56.2871      0.120405     0.284563     0.180879    
-56.2721     -56.2871     150.08        0.146825     0.180879     0.314336    

Bond Length
0.61771627    0.0020493795

BB bond length
0.61771627    0.0020493795

Water EE distance
0             0           

PEG EE distance
7.2594085     0.10750466  

BBB P2(x)
0.51695767    0.0064680311

BBB first bond length
0.61768723    0.0018950867

BBB second bond length
0.61759784    0.0021503223

BBB <phi**2>/<phi>**2
1.2254061     0.004805401 

Time = 21000
Temperature
1.0131877     0.0076352244

Pressure
23.198975     0.072076996 

CM Mom
5.9425699e-17  3.3651318e-17 
2.1392248e-16  2.4922597e-17 
1.1980448e-16  2.1725043e-17 
2.5549547e-16  2.4391483e-17 

CM Pos
7.4966117      0.012040041   
7.5049457      0.010580004   
7.5030424      0.012836598   
12.993051      0.010105082   

Stress
20.1394      -0.00828217  0.0341904     0.0932896    0.0433551    0.0878295   
-0.00828217  20.1845      -0.00779334   0.0433551    0.0901827    0.0767857   
0.0341904    -0.00779334  20.1688       0.0878295    0.0767857    0.0872703   

Stress Spherical
0            0            0             0            0            0           
0            0            0             0            0            0           
0            0            0             0            0            0           

Inertia
150.126      -56.2759     -56.2367      0.207329     0.124538     0.169104    
-56.2759     150.017      -56.3031      0.124538     0.303498     0.130875    
-56.2367     -56.3031     150.024       0.169104     0.130875     0.245301    

Bond Length
0.61730493    0.002223325 

BB bond length
0.61730493    0.002223325 

Water EE distance
0             0           

PEG EE distance
7.2224339     0.14922409  

BBB P2(x)
0.51185169    0.0078414888

BBB first bond length
0.61716717    0.0021679405

BBB second bond length
0.6173928     0.0022621302

BBB <phi**2>/<phi>**2
1.2266144     0.00990976  

Time = 22000
Temperature
1.0076546     0.0069528582

Pressure
23.121173     0.10285529  

CM Mom
5.011489e-17   1.3392626e-17 
2.0338523e-16  1.5121379e-17 
1.0244784e-16  1.8882011e-17 
2.344614e-16   1.284583e-17  

CM Pos
7.4963149      0.015812326   
7.4909978      0.0078179483  
7.4960685      0.016688264   
12.980805      0.011411826   

Stress
20.1786      -0.0215875   0.0387642     0.141615     0.0779045    0.0828151   
-0.0215875   20.0547      -0.0410334    0.0779045    0.119577     0.0770767   
0.0387642    -0.0410334   20.0757       0.0828151    0.0770767    0.0845254   

Stress Spherical
0            0            0             0            0            0           
0            0            0             0            0            0           
0            0            0             0            0            0           

Inertia
149.819      -56.1819     -56.2265      0.239519     0.157041     0.135846    
-56.1819     149.892      -56.1553      0.157041     0.245733     0.143684    
-56.2265     -56.1553     149.797       0.135846     0.143684     0.309547    

Bond Length
0.6192476     0.001416412 

BB bond length
0.6192476     0.001416412 

Water EE distance
0             0           

PEG EE distance
7.3674461     0.15059809  

BBB P2(x)
0.50859254    0.011301861 

BBB first bond length
0.61907804    0.001367529 

BBB second bond length
0.61902076    0.0014909327

BBB <phi**2>/<phi>**2
1.2252953     0.0084030325

Time = 23000
Temperature
1.0103457     0.0058537916

Pressure
23.170051     0.10551766  

CM Mom
7.9210058e-17  2.5521973e-17 
2.331397e-16   1.2758753e-17 
8.234749e-17   1.7049899e-17 
2.6101417e-16  1.9644851e-17 

CM Pos
7.5000245      0.023035657   
7.5022748      0.010146595   
7.4994813      0.0072631743  
12.991425      0.01654241    

Stress
20.1939      -0.0373263   0.0354173     0.154329     0.0690719    0.0727758   
-0.0373263   20.1076      0.00302511    0.0690719    0.115121     0.0462491   
0.0354173    0.00302511   20.1299       0.0727758    0.0462491    0.134917    

Stress Spherical
0            0            0             0            0            0           
0            0            0             0            0            0           
0            0            0             0            0            0           

Inertia
150.028      -56.3067     -56.2285      0.145501     0.24213      0.187648    
-56.3067     149.99       -56.2762      0.24213      0.28415      0.094517    
-56.2285     -56.2762     150.014       0.187648     0.094517     0.39415     

Bond Length
0.61868776    0.0017932798

BB bond length
0.61868776    0.0017932798

Water EE distance
0             0           

PEG EE distance
7.0255739     0.10544147  

BBB P2(x)
0.50339167    0.0091661502

BBB first bond length
0.61851588    0.0017905855

BBB second bond length
0.61863329    0.0018470623

BBB <phi**2>/<phi>**2
1.2267556     0.0062621595

Time = 24000
Temperature
1.0084439     0.0086205926

Pressure
23.182573     0.084793765 

CM Mom
8.6168583e-17  3.4013425e-17 
2.1850933e-16  2.1065014e-17 
7.4798105e-17  2.288671e-17  
2.4944876e-16  2.5804525e-17 

CM Pos
7.4952762      0.020509571   
7.4994556      0.011823219   
7.4890945      0.010233024   
12.981063      0.014142628   

Stress
20.1779      -0.0108804   0.0140868     0.114669     0.0362433    0.0760202   
-0.0108804   20.181       0.0345137     0.0362433    0.120095     0.0807066   
0.0140868    0.0345137    20.1271       0.0760202    0.0807066    0.117119    

Stress Spherical
0            0            0             0            0            0           
0            0            0             0            0            0           
0            0            0             0            0            0           

Inertia
149.82       -56.2177     -56.1265      0.256713     0.157537     0.180022    
-56.2177     149.772      -56.1706      0.157537     0.304194     0.136584    
-56.1265     -56.1706     149.93        0.180022     0.136584     0.300916    

Bond Length
0.61833329    0.0014102258

BB bond length
0.61833329    0.0014102258

Water EE distance
0             0           

PEG EE distance
7.1719189     0.1293967   

BBB P2(x)
0.50626379    0.0084153583

BBB first bond length
0.61815489    0.0013892205

BBB second bond length
0.61834884    0.0014146342

BBB <phi**2>/<phi>**2
1.2257507     0.0085399563

Time = 25000
Temperature
1.0081274     0.0071866361

Pressure
23.201983     0.084358342 

CM Mom
8.4063783e-17  3.148993e-17  
2.085998e-16   1.4572548e-17 
7.8427279e-17  2.2741351e-17 
2.4118176e-16  1.685052e-17  

CM Pos
7.5074436      0.021595153   
7.4920364      0.014083849   
7.5021521      0.013808357   
12.991346      0.019715766   

Stress
20.183       0.0386203    -0.0127079    0.114092     0.0698544    0.0695703   
0.0386203    20.19        0.0144376     0.0698544    0.130202     0.0570907   
-0.0127079   0.0144376    20.1741       0.0695703    0.0570907    0.128057    

Stress Spherical
0            0            0             0            0            0           
0            0            0             0            0            0           
0            0            0             0            0            0           

Inertia
149.896      -56.2342     -56.285       0.270816     0.166121     0.219908    
-56.2342     150.145      -56.2001      0.166121     0.432434     0.162212    
-56.285      -56.2001     149.977       0.219908     0.162212     0.360643    

Bond Length
0.61811506    0.0016195834

BB bond length
0.61811506    0.0016195834

Water EE distance
0             0           

PEG EE distance
7.2847669     0.23380469  

BBB P2(x)
0.50477706    0.0075582881

BBB first bond length
0.61804012    0.0014411515

BBB second bond length
0.61812835    0.0016708797

BBB <phi**2>/<phi>**2
1.2237968     0.00828968  

Time = 26000
Temperature
1.0120733     0.0079267922

Pressure
23.15767      0.062883414 

CM Mom
1.3969135e-16  2.4252824e-17 
2.2022679e-16  2.1152149e-17 
4.9143486e-17  2.1504134e-17 
2.6774561e-16  1.5457219e-17 

CM Pos
7.5081855      0.0097707455  
7.4960428      0.018126989   
7.5003716      0.010798341   
12.993057      0.0092912873  

Stress
20.1686      0.0102825    -0.0287019    0.146575     0.0717557    0.088348    
0.0102825    20.1371      -0.0184354    0.0717557    0.0804741    0.0689974   
-0.0287019   -0.0184354   20.073        0.088348     0.0689974    0.088992    

Stress Spherical
0            0            0             0            0            0           
0            0            0             0            0            0           
0            0            0             0            0            0           

Inertia
149.946      -56.2963     -56.3283      0.197806     0.142114     0.135548    
-56.2963     150.118      -56.2208      0.142114     0.275649     0.137672    
-56.3283     -56.2208     150.06        0.135548     0.137672     0.267515    

Bond Length
0.61803268    0.0012431404

BB bond length
0.61803268    0.0012431404

Water EE distance
0             0           

PEG EE distance
7.7667132     0.10409559  

BBB P2(x)
0.50411878    0.0074759188

BBB first bond length
0.61799148    0.0013815066

BBB second bond length
0.61812281    0.0013756841

BBB <phi**2>/<phi>**2
1.2245487     0.0067305806

Time = 27000
Temperature
1.0121159     0.0086114822

Pressure
23.165152     0.071720523 

CM Mom
1.3956862e-16  1.2477453e-17 
2.1217461e-16  1.5989368e-17 
5.969659e-17   1.1683374e-17 
2.6135141e-16  1.7448129e-17 

CM Pos
7.5012116      0.010199619   
7.4950041      0.016408865   
7.4962168      0.0084199788  
12.986023      0.013724809   

Stress
20.1421      -0.00946537  -0.0193778    0.107516     0.0854407    0.0719595   
-0.00946537  20.1433      0.00415823    0.0854407    0.0946464    0.0513193   
-0.0193778   0.00415823   20.1155       0.0719595    0.0513193    0.101928    

Stress Spherical
0            0            0             0            0            0           
0            0            0             0            0            0           
0            0            0             0            0            0           

Inertia
149.857      -56.2005     -56.2348      0.239444     0.19663      0.100779    
-56.2005     149.96       -56.1712      0.19663      0.156104     0.13966     
-56.2348     -56.1712     149.949       0.100779     0.13966      0.377079    

Bond Length
0.61812384    0.0017132765

BB bond length
0.61812384    0.0017132765

Water EE distance
0             0           

PEG EE distance
7.3714613     0.12561056  

BBB P2(x)
0.51246531    0.010208367 

BBB first bond length
0.6180396     0.0019265412

BBB second bond length
0.61816704    0.0016278921

BBB <phi**2>/<phi>**2
1.2250095     0.008860839 

Time = 28000
Temperature
1.0151089     0.0063446254

Pressure
23.133022     0.063375384 

CM Mom
1.2845431e-16  1.3822143e-17 
2.1113786e-16  1.4155987e-17 
6.674929e-17   2.0493565e-17 
2.5729622e-16  1.2052453e-17 

CM Pos
7.5018051      0.012977331   
7.5025716      0.019323954   
7.5051198      0.0095933702  
12.995876      0.017698722   

Stress
20.0823      0.0222075    -0.00900829   0.109759     0.0803665    0.0675674   
0.0222075    20.105       -0.0267747    0.0803665    0.131117     0.0598171   
-0.00900829  -0.0267747   20.0903       0.0675674    0.0598171    0.114614    

Stress Spherical
0            0            0             0            0            0           
