Time = 500
Temperature
   1.0415003   0.046880196

Pressure
   22.896572    0.14604378

CM Mom
-2.6126253e-17 1.5808927e-17 
-1.4624378e-17 1.2863269e-17 
-2.1258048e-17 4.7621998e-17 
5.8540735e-17  2.458823e-17  

CM Pos
7.5142596      0.014851651   
7.5167782      0.02213379    
7.5263232      0.010472327   
13.023526      0.013808437   

Stress
19.7924      0.00833296   0.042823      0.073588     0.078194     0.0541403   
0.00833296   19.7794      0.0202725     0.078194     0.0932831    0.0428341   
0.042823     0.0202725    19.7565       0.0541403    0.0428341    0.135083    

Stress Spherical
0            0            0             0            0            0           
0            0            0             0            0            0           
0            0            0             0            0            0           

Inertia
150.373      -56.4832     -56.5668      0.617677     0.226534     0.241612    
-56.4832     150.256      -56.6674      0.226534     0.31747      0.168128    
-56.5668     -56.6674     150.075       0.241612     0.168128     0.504829    

Bond Length
0.61225222    0.0027579696

BB bond length
0.61225222    0.0027579696

Water EE distance
0             0           

PEG EE distance
3.8134194     0.16323847  

Time = 1000
Temperature
1.0108744     0.010316674 

Pressure
22.695244     0.085687292 

CM Mom
-1.0501116e-17 2.7456965e-17 
1.1643508e-17  2.5729067e-17 
2.0706889e-17  3.5005482e-17 
5.4626577e-17  1.821567e-17  

CM Pos
7.5145562      0.010672136   
7.5179649      0.0090279613  
7.5171262      0.011852245   
13.019055      0.0095611619  

Stress
19.6375      -0.00724655  0.0199074     0.111507     0.0365785    0.0731553   
-0.00724655  19.6596      0.038864      0.0365785    0.105601     0.0602884   
0.0199074    0.038864     19.7025       0.0731553    0.0602884    0.0806385   

Stress Spherical
0            0            0             0            0            0           
0            0            0             0            0            0           
0            0            0             0            0            0           

Inertia
150.262      -56.4343     -56.4782      0.300223     0.100717     0.0546134   
-56.4343     150.18       -56.5337      0.100717     0.238426     0.126826    
-56.4782     -56.5337     150.16        0.0546134    0.126826     0.200878    

Bond Length
0.61586338    0.0024917814

BB bond length
0.61586338    0.0024917814

Water EE distance
0             0           

PEG EE distance
3.4810454     0.11662183  

