Time = 1000
Temperature
   1.2355583    0.27368835

Pressure
   25.545295     2.1902599

CM Mom
-1.357501e-17  1.0054041e-17 
-9.5900778e-18 3.1037053e-17 
3.1524618e-16  7.4921951e-16 
5.1037151e-16  6.3369676e-16 

CM Pos
9.996572       0.012456484   
9.991815       0.02760289    
10.001235      0.023768089   
17.314553      0.016171625   

Stress
21.8572      -0.0496199   0.0251188     1.43815      0.043637     0.0543101   
-0.0496199   21.8455      -0.00184606   0.043637     1.43525      0.0668066   
0.0251188    -0.00184606  21.8178       0.0543101    0.0668066    1.42192     

Stress Spherical
0            0            0             0            0            0           
0            0            0             0            0            0           
0            0            0             0            0            0           

Inertia
267.836      -99.8754     -99.9619      4.78868      0.309258     0.173786    
-99.8754     267.903      -99.9295      0.309258     5.12789      0.238242    
-99.9619     -99.9295     267.71        0.173786     0.238242     4.39422     

Bond Length
0.6143859     0.0052634416

BB bond length
0.6143859     0.0052634416

Water EE distance
0             0           

PEG EE distance
3.1714938     0.12128997  

BBB P2(x)
0.054767227   0.0066579454

BBB first bond length
0.61473613    0.0055402864

BBB second bond length
0.61482302    0.0051229838

BBB <phi**2>/<phi>**2
1.1132663     0.0020983783

Time = 2000
Temperature
1.017129      0.0069754947

Pressure
23.86684      0.078604296 

CM Mom
-3.7402923e-17 1.8687576e-17 
1.8579691e-17  2.797882e-17  
-7.8002539e-19 3.557286e-16  
2.395748e-16   2.6837211e-16 

CM Pos
9.9984061      0.0098080683  
9.9971505      0.015576449   
10.006237      0.016598623   
17.321555      0.016410377   

Stress
20.8151      -0.00743779  -0.00464615   0.0848613    0.060184     0.064235    
-0.00743779  20.8647      0.00537568    0.060184     0.106946     0.0538785   
-0.00464615  0.00537568   20.7704       0.064235     0.0538785    0.0568609   

Stress Spherical
0            0            0             0            0            0           
0            0            0             0            0            0           
0            0            0             0            0            0           

Inertia
266.866      -99.9239     -100.031      0.731206     0.167512     0.170692    
-99.9239     266.905      -100.054      0.167512     0.901085     0.273385    
-100.031     -100.054     266.705       0.170692     0.273385     0.734952    

Bond Length
0.61322231    0.00077547263

BB bond length
0.61322231    0.00077547263

Water EE distance
0             0           

PEG EE distance
3.1009406     0.019934079 

BBB P2(x)
0.054105621   0.0017986433

BBB first bond length
0.61360386    0.00071068086

BBB second bond length
0.61350874    0.00074078328

BBB <phi**2>/<phi>**2
1.1128233     0.0010975707

Time = 3000
Temperature
1.0144819     0.0044898636

Pressure
23.827491     0.057182809 

CM Mom
-3.4030603e-17 1.8276214e-17 
2.3201995e-17  1.4657656e-17 
-1.4810532e-17 5.6577534e-17 
6.9781567e-17  2.8216725e-17 

CM Pos
9.9964886      0.010026375   
9.994983       0.010940292   
9.9979835      0.0097380187  
17.314425      0.011745658   

Stress
20.8065      -0.0190677   0.0134984     0.0709112    0.0398851    0.0717527   
-0.0190677   20.7688      0.0236608     0.0398851    0.0977066    0.0453636   
0.0134984    0.0236608    20.7806       0.0717527    0.0453636    0.0779626   

Stress Spherical
0            0            0             0            0            0           
0            0            0             0            0            0           
0            0            0             0            0            0           

Inertia
266.527      -99.9185     -99.9145      0.413267     0.224884     0.158814    
-99.9185     266.571      -99.9373      0.224884     0.370347     0.138608    
-99.9145     -99.9373     266.493       0.158814     0.138608     0.564597    

Bond Length
0.6131602     0.00071952687

BB bond length
0.6131602     0.00071952687

Water EE distance
0             0           

PEG EE distance
3.0629253     0.022240964 

BBB P2(x)
0.0536095     0.0031681574

BBB first bond length
0.61350688    0.00080078647

BBB second bond length
0.61341227    0.00084074504

BBB <phi**2>/<phi>**2
1.1132626     0.0010705197

Time = 4000
Temperature
1.0108273     0.0053498222

Pressure
23.783545     0.060129458 

CM Mom
-2.105331e-17  1.40207e-17   
1.8462953e-17  1.1264098e-17 
-1.6738093e-18 1.5520009e-17 
3.5994777e-17  7.4586031e-18 

CM Pos
9.9995733      0.012809688   
9.9996516      0.012831372   
10.001235      0.0072874376  
17.32078       0.012841526   

Stress
20.7334      0.00901622   -0.0152487    0.0510817    0.0492499    0.0561184   
0.00901622   20.7596      0.00994774    0.0492499    0.109063     0.0497603   
-0.0152487   0.00994774   20.7641       0.0561184    0.0497603    0.0687181   

Stress Spherical
0            0            0             0            0            0           
0            0            0             0            0            0           
0            0            0             0            0            0           

Inertia
266.698      -99.9931     -99.9989      0.329864     0.213705     0.153832    
-99.9931     266.733      -99.9945      0.213705     0.280688     0.172081    
-99.9989     -99.9945     266.672       0.153832     0.172081     0.46708     

Bond Length
0.61370354    0.00054588563

BB bond length
0.61370354    0.00054588563

Water EE distance
0             0           

PEG EE distance
3.076216      0.02629247  

BBB P2(x)
0.051463474   0.0041831587

BBB first bond length
0.61403643    0.00048393083

BBB second bond length
0.61392168    0.0003825801

BBB <phi**2>/<phi>**2
1.1131864     0.0020147074

Time = 5000
Temperature
1.0121212     0.0039037345

Pressure
23.8538       0.074858918 

CM Mom
-2.5997048e-17 2.7738735e-17 
2.2794223e-17  1.1934137e-17 
3.3965582e-19  2.7453075e-17 
5.0341474e-17  1.8077797e-17 

CM Pos
9.9979893      0.013095954   
9.9955665      0.011587862   
10.001818      0.010831434   
17.317846      0.012218332   

Stress
20.7825      0.00437477   -0.0104257    0.0967826    0.0628513    0.0618888   
0.00437477   20.8065      -0.0290166    0.0628513    0.112531     0.0504165   
-0.0104257   -0.0290166   20.8672       0.0618888    0.0504165    0.0760259   

Stress Spherical
0            0            0             0            0            0           
0            0            0             0            0            0           
0            0            0             0            0            0           

Inertia
266.627      -99.9702     -99.9766      0.256128     0.245909     0.220335    
-99.9702     266.679      -99.9598      0.245909     0.382026     0.152013    
-99.9766     -99.9598     266.535       0.220335     0.152013     0.34793     

Bond Length
0.61286156    0.00075582419

BB bond length
0.61286156    0.00075582419

Water EE distance
0             0           

PEG EE distance
3.0902004     0.015453097 

BBB P2(x)
0.050885054   0.0059450151

BBB first bond length
0.61318944    0.00075097579

BBB second bond length
0.61312361    0.00098447952

BBB <phi**2>/<phi>**2
1.1126935     0.0022705132

Time = 6000
Temperature
1.0135041     0.0049017329

Pressure
23.823        0.058706799 

CM Mom
-2.4455103e-17 1.3977218e-17 
2.703684e-17   2.1709343e-17 
7.8442185e-19  2.3760981e-17 
4.6828691e-17  1.9182654e-17 

CM Pos
10.004325      0.010377902   
9.9982343      0.0097280214  
9.9981502      0.0085605653  
17.320925      0.0076845321  

Stress
20.7559      -0.0195174   0.019974      0.0951525    0.0544277    0.0609679   
-0.0195174   20.7944      -0.0264521    0.0544277    0.0599202    0.0397675   
0.019974     -0.0264521   20.8009       0.0609679    0.0397675    0.0777268   

Stress Spherical
0            0            0             0            0            0           
0            0            0             0            0            0           
0            0            0             0            0            0           

Inertia
266.597      -100.043     -100.004      0.117776     0.152295     0.153474    
-100.043     266.711      -99.9585      0.152295     0.242691     0.0925201   
-100.004     -99.9585     266.699       0.153474     0.0925201    0.303331    

Bond Length
0.61355947    0.0006490973

BB bond length
0.61355947    0.0006490973

Water EE distance
0             0           

PEG EE distance
3.1026798     0.02015467  

BBB P2(x)
0.051327267   0.0041056503

BBB first bond length
0.61400945    0.00058423455

BBB second bond length
0.61389381    0.00056507732

BBB <phi**2>/<phi>**2
1.1126948     0.0013593777

Time = 7000
Temperature
1.0136866     0.0031738394

Pressure
23.840134     0.048711286 

CM Mom
-2.6194946e-17 2.3929307e-17 
2.6340377e-17  1.9349207e-17 
1.991639e-17   9.7901265e-18 
5.0997333e-17  1.4791057e-17 

CM Pos
9.9984895      0.012279752   
10.000735      0.0096994011  
9.9958159      0.0084510719  
17.31765       0.011631298   

Stress
20.7874      -0.0273267   -0.00891787   0.0583649    0.0541137    0.0401553   
-0.0273267   20.8064      0.00681348    0.0541137    0.0776214    0.0399346   
-0.00891787  0.00681348   20.8071       0.0401553    0.0399346    0.0737693   

Stress Spherical
0            0            0             0            0            0           
0            0            0             0            0            0           
0            0            0             0            0            0           

Inertia
266.608      -100.029     -99.9487      0.274917     0.199393     0.197418    
-100.029     266.558      -99.9569      0.199393     0.365023     0.155121    
-99.9487     -99.9569     266.658       0.197418     0.155121     0.291335    

Bond Length
0.61299037    0.00086917232

BB bond length
0.61299037    0.00086917232

Water EE distance
0             0           

PEG EE distance
3.061688      0.02281814  

BBB P2(x)
0.05174493    0.0051159663

BBB first bond length
0.613334      0.00094755773

BBB second bond length
0.61325773    0.0008740798

BBB <phi**2>/<phi>**2
1.1129994     0.0017288493

Time = 8000
Temperature
1.0086801     0.0046214838

Pressure
23.815227     0.062942603 

CM Mom
-3.0735569e-17 1.5990143e-17 
2.4480123e-17  2.3786349e-17 
1.2834148e-17  2.9047731e-17 
5.3803446e-17  2.1888397e-17 

CM Pos
10.005492      0.013111865   
9.9953998      0.0094452749  
9.998567       0.012072261   
17.320205      0.01215307    

Stress
20.7683      0.0202446    -0.00973985   0.0578935    0.0320026    0.0501049   
0.0202446    20.7891      -0.00244368   0.0320026    0.101237     0.042142    
-0.00973985  -0.00244368  20.814        0.0501049    0.042142     0.0619808   

Stress Spherical
0            0            0             0            0            0           
0            0            0             0            0            0           
0            0            0             0            0            0           

Inertia
266.567      -99.9797     -100.087      0.325343     0.183001     0.167367    
-99.9797     266.754      -99.908       0.183001     0.319756     0.175349    
-100.087     -99.908      266.698       0.167367     0.175349     0.417124    

Bond Length
0.61353114    0.0009459644

BB bond length
0.61353114    0.0009459644

Water EE distance
0             0           

PEG EE distance
3.0728126     0.029718977 

BBB P2(x)
0.053707822   0.0029380113

BBB first bond length
0.61382977    0.0010352014

BBB second bond length
0.61377689    0.00095502891

BBB <phi**2>/<phi>**2
1.1131486     0.0020766461

Time = 9000
Temperature
1.0087256     0.003820733 

Pressure
23.798776     0.073829449 

CM Mom
-4.8124859e-17 3.2087524e-17 
2.3903347e-17  1.2944935e-17 
1.4580528e-17  1.3589374e-17 
6.0869623e-17  2.7869419e-17 

CM Pos
10.000574      0.0083788021  
10.002403      0.013753458   
10.003402      0.01204921    
17.324197      0.014361961   

Stress
20.7423      -0.0109053   -0.0108005    0.0940949    0.0446322    0.0354764   
-0.0109053   20.8006      0.00477585    0.0446322    0.0981986    0.0659592   
-0.0108005   0.00477585   20.7786       0.0354764    0.0659592    0.0891808   

Stress Spherical
0            0            0             0            0            0           
0            0            0             0            0            0           
0            0            0             0            0            0           

Inertia
266.759      -99.9996     -100.046      0.401741     0.162043     0.144389    
-99.9996     266.753      -100.037      0.162043     0.309876     0.254454    
-100.046     -100.037     266.711       0.144389     0.254454     0.269242    

Bond Length
0.61334097    0.00089370708

BB bond length
0.61334097    0.00089370708

Water EE distance
0             0           

PEG EE distance
3.1352132     0.037514507 

BBB P2(x)
0.054667377   0.003365006 

BBB first bond length
0.6136383     0.00086737121

BBB second bond length
0.61360743    0.001036894 

BBB <phi**2>/<phi>**2
1.1134845     0.0016338307

Time = 10000
Temperature
1.0134155     0.0060385937

Pressure
23.802675     0.062548149 

CM Mom
-3.4267781e-17 1.8119565e-17 
-5.7353039e-18 1.0941646e-17 
2.4136765e-17  1.3586353e-17 
4.6273324e-17  1.6767964e-17 

CM Pos
9.9944044      0.0078068311  
10.001986      0.01307072    
9.9975666      0.008779018   
17.317026      0.0095429433  

Stress
20.7824      0.00829557   0.00988319    0.0740213    0.0479507    0.0565025   
0.00829557   20.7307      -0.00736178   0.0479507    0.0723677    0.0589776   
0.00988319   -0.00736178  20.778        0.0565025    0.0589776    0.0766065   

Stress Spherical
0            0            0             0            0            0           
0            0            0             0            0            0           
0            0            0             0            0            0           

Inertia
266.629      -99.9631     -99.937       0.240684     0.184886     0.13975     
-99.9631     266.499      -99.9941      0.184886     0.220298     0.163572    
-99.937      -99.9941     266.572       0.13975      0.163572     0.30781     

Bond Length
0.61332293    0.00050594726

BB bond length
0.61332293    0.00050594726

Water EE distance
0             0           

PEG EE distance
3.1219544     0.017136289 

BBB P2(x)
0.053639525   0.0027702908

BBB first bond length
0.61352181    0.00054050988

BBB second bond length
0.61368571    0.00056528627

BBB <phi**2>/<phi>**2
1.1132798     0.0021818495

Time = 11000
Temperature
1.0126295     0.0041483422

Pressure
23.843946     0.053185229 

CM Mom
-4.7904805e-17 3.829168e-17  
1.4790633e-18  1.3025516e-17 
4.3499084e-17  2.014733e-17  
7.2586793e-17  3.1019631e-17 

CM Pos
10.004159      0.007307914   
9.9996516      0.010808631   
10.007154      0.010774819   
17.326842      0.01401886    

Stress
20.8157      1.01184e-05  6.97943e-05   0.0671414    0.0559493    0.0524193   
1.01184e-05  20.8063      -0.00801055   0.0559493    0.0829349    0.0238586   
6.97943e-05  -0.00801055  20.8          0.0524193    0.0238586    0.0770191   

Stress Spherical
0            0            0             0            0            0           
0            0            0             0            0            0           
0            0            0             0            0            0           

Inertia
266.786      -100.067     -100.137      0.403231     0.200538     0.183777    
-100.067     266.886      -100.062      0.200538     0.357448     0.225912    
-100.137     -100.062     266.746       0.183777     0.225912     0.319458    

Bond Length
0.6133433     0.00043490549

BB bond length
0.6133433     0.00043490549

Water EE distance
0             0           

PEG EE distance
3.1241636     0.031380039 

BBB P2(x)
0.055448995   0.0033734433

BBB first bond length
0.61378874    0.00044057684

BBB second bond length
0.61363498    0.00054225721

BBB <phi**2>/<phi>**2
1.1139497     0.0013940172

Time = 12000
Temperature
1.0111455     0.0042637807

Pressure
23.796759     0.038759587 

CM Mom
-1.932764e-17  3.0061776e-17 
2.9941081e-18  1.5858371e-17 
4.5292957e-17  1.4827707e-17 
5.947253e-17   1.6493991e-17 

CM Pos
10.002241      0.0075864944  
9.9993181      0.010826621   
10.002319      0.0077778433  
17.322752      0.008877872   

Stress
20.7514      0.0270245    -0.0171202    0.0740093    0.0438293    0.0522765   
0.0270245    20.7518      -0.0126874    0.0438293    0.0706805    0.036977    
-0.0171202   -0.0126874   20.7906       0.0522765    0.036977     0.0644429   

Stress Spherical
0            0            0             0            0            0           
0            0            0             0            0            0           
0            0            0             0            0            0           

Inertia
266.689      -99.9994     -100.011      0.280804     0.141693     0.147095    
-99.9994     266.759      -100.023      0.141693     0.22887      0.114851    
-100.011     -100.023     266.722       0.147095     0.114851     0.256719    

Bond Length
0.61321684    0.00067584745

BB bond length
0.61321684    0.00067584745

Water EE distance
0             0           

PEG EE distance
3.1289258     0.0238135   

BBB P2(x)
0.054739544   0.003497148 

BBB first bond length
0.61353444    0.00067580502

BBB second bond length
0.61359753    0.00078047071

BBB <phi**2>/<phi>**2
1.1133059     0.0013425294

Time = 13000
Temperature
1.0118757     0.0049369705

Pressure
23.810037     0.05417831  

CM Mom
-1.894292e-17  1.8461137e-17 
1.1008053e-17  2.0057188e-17 
3.4560377e-17  9.772033e-18  
4.8671547e-17  1.2004526e-17 

CM Pos
10.001491      0.011105178   
10.005404      0.012205951   
10.000068      0.01076998    
17.324536      0.01121669    

Stress
20.7681      -0.00364887  -0.0198602    0.0853012    0.0509511    0.0579629   
-0.00364887  20.7884      -0.00163491   0.0509511    0.0735273    0.0648278   
-0.0198602   -0.00163491  20.7706       0.0579629    0.0648278    0.068357    

Stress Spherical
0            0            0             0            0            0           
0            0            0             0            0            0           
0            0            0             0            0            0           

Inertia
266.778      -100.119     -100.014      0.28622      0.140898     0.202528    
-100.119     266.705      -100.09       0.140898     0.380711     0.127341    
-100.014     -100.09      266.825       0.202528     0.127341     0.262331    

Bond Length
0.61346107    0.00068055575

BB bond length
0.61346107    0.00068055575

Water EE distance
0             0           

PEG EE distance
3.093772      0.01223992  

BBB P2(x)
0.053423066   0.0025446848

BBB first bond length
0.61374327    0.00062868254

BBB second bond length
0.61363084    0.0006643454

BBB <phi**2>/<phi>**2
1.1127185     0.0021006675

Time = 14000
Temperature
1.0068724     0.0033486753

Pressure
23.795995     0.091526278 

CM Mom
-2.4830126e-17 1.4276373e-17 
1.2985551e-17  1.4139259e-17 
4.5169741e-17  6.5185226e-18 
5.6315955e-17  1.0010143e-17 

CM Pos
9.9987396      0.0087234239  
10.001986      0.010578551   
9.998567       0.0084892277  
17.320106      0.0064648764  

Stress
20.7524      -0.00445222  -0.0028952    0.105244     0.0320371    0.0643851   
-0.00445222  20.7888      -0.0324998    0.0320371    0.101171     0.0376598   
-0.0028952   -0.0324998   20.7887       0.0643851    0.0376598    0.116807    

Stress Spherical
0            0            0             0            0            0           
0            0            0             0            0            0           
0            0            0             0            0            0           

Inertia
266.678      -100.014     -99.9626      0.235586     0.13945      0.125961    
-100.014     266.603      -99.995       0.13945      0.227768     0.172284    
-99.9626     -99.995      266.657       0.125961     0.172284     0.198405    

Bond Length
0.61309494    0.00062757767

BB bond length
0.61309494    0.00062757767

Water EE distance
0             0           

PEG EE distance
3.1124582     0.019483566 

BBB P2(x)
0.056143467   0.0036150844

BBB first bond length
0.61330078    0.00063649673

BBB second bond length
0.61336137    0.00064198801

BBB <phi**2>/<phi>**2
1.1138542     0.0013322102

Time = 15000
Temperature
1.0081875     0.006714217 

Pressure
23.806225     0.07123147  

CM Mom
-4.5987599e-18 2.0722469e-17 
2.4544537e-17  1.5923001e-17 
2.1864313e-17  2.1312469e-17 
4.5521395e-17  1.2908045e-17 

CM Pos
10.002491      0.0098797319  
10.00432       0.0079724463  
10.002986      0.011468489   
17.326169      0.011274237   

Stress
20.7536      -0.00171026  0.0185639     0.118899     0.0444009    0.0372669   
-0.00171026  20.7685      0.023197      0.0444009    0.0658932    0.0627519   
0.0185639    0.023197     20.8267       0.0372669    0.0627519    0.0496322   

Stress Spherical
0            0            0             0            0            0           
0            0            0             0            0            0           
0            0            0             0            0            0           

Inertia
266.81       -100.035     -100.075      0.290969     0.180074     0.202186    
-100.035     266.767      -100.067      0.180074     0.292491     0.140815    
-100.075     -100.067     266.789       0.202186     0.140815     0.224292    

Bond Length
0.61312314    0.00062648039

BB bond length
0.61312314    0.00062648039

Water EE distance
0             0           

PEG EE distance
3.0662411     0.02981454  

BBB P2(x)
0.051949586   0.0045690744

BBB first bond length
0.61340584    0.00063601097

BBB second bond length
0.61347953    0.00072674768

BBB <phi**2>/<phi>**2
1.1123439     0.0020411458

Time = 16000
Temperature
1.0117586     0.0051583836

Pressure
23.826424     0.071302163 

CM Mom
2.3788345e-18  2.0883567e-17 
2.7465727e-17  1.2524054e-17 
4.0698536e-18  1.4239299e-17 
3.7621051e-17  1.2529093e-17 

CM Pos
9.9994899      0.011333152   
10.000735      0.0092444627  
9.9972332      0.014565573   
17.319048      0.013685877   

Stress
20.7667      -0.00533363  0.00332417    0.0808381    0.0574961    0.0414459   
-0.00533363  20.7686      -0.0258685    0.0574961    0.118894     0.0467707   
0.00332417   -0.0258685   20.8419       0.0414459    0.0467707    0.0908684   

Stress Spherical
0            0            0             0            0            0           
0            0            0             0            0            0           
0            0            0             0            0            0           

Inertia
266.622      -99.9996     -99.9279      0.330184     0.176064     0.227263    
-99.9996     266.595      -99.9749      0.176064     0.440586     0.160363    
-99.9279     -99.9749     266.685       0.227263     0.160363     0.342147    

Bond Length
0.61316835    0.00066743061

BB bond length
0.61316835    0.00066743061

Water EE distance
0             0           

PEG EE distance
3.0900755     0.031171743 

BBB P2(x)
0.050995011   0.0047445632

BBB first bond length
0.61364517    0.00067745279

BBB second bond length
0.61333616    0.00054152924

BBB <phi**2>/<phi>**2
1.1125333     0.002593659 

Time = 17000
Temperature
1.0114767     0.0029553521

Pressure
23.834547     0.067669381 

CM Mom
9.3251329e-18  1.5031662e-17 
3.4494546e-17  2.2355761e-17 
7.3465503e-18  2.6056901e-17 
4.9827356e-17  1.5897523e-17 

CM Pos
9.99974        0.0080832642  
9.9993181      0.013931451   
9.9993174      0.0087596002  
17.319577      0.010328978   

Stress
20.7925      0.0183641    0.00217416    0.106563     0.0695528    0.0700867   
0.0183641    20.7916      0.00639691    0.0695528    0.0668438    0.0704002   
0.00217416   0.00639691   20.82         0.0700867    0.0704002    0.115355    

Stress Spherical
0            0            0             0            0            0           
0            0            0             0            0            0           
0            0            0             0            0            0           

Inertia
266.642      -100.009     -99.9834      0.324226     0.169463     0.15149     
-100.009     266.669      -99.9931      0.169463     0.227547     0.191509    
-99.9834     -99.9931     266.67        0.15149      0.191509     0.318402    

Bond Length
0.61329841    0.00058836197

BB bond length
0.61329841    0.00058836197

Water EE distance
0             0           

PEG EE distance
3.1037009     0.016380708 

BBB P2(x)
0.053708746   0.0040629741

BBB first bond length
0.61371878    0.00056276003

BBB second bond length
0.6134314     0.00052855597

BBB <phi**2>/<phi>**2
1.1124811     0.0015315642

Time = 18000
Temperature
1.0118585     0.0031108639

Pressure
23.822286     0.077957376 

CM Mom
1.2912475e-17  1.2255667e-17 
2.5392476e-17  2.2475529e-17 
1.8951077e-19  1.2876863e-17 
3.8610955e-17  1.1912359e-17 

CM Pos
9.9926537      0.0096706961  
10.00307       0.012936834   
9.9979001      0.0058719772  
17.316834      0.0091294654  

Stress
20.8136      0.00563078   0.0210225     0.0978538    0.0382529    0.0455831   
0.00563078   20.8175      0.0216785     0.0382529    0.120056     0.0578966   
0.0210225    0.0216785    20.7329       0.0455831    0.0578966    0.0917843   

Stress Spherical
0            0            0             0            0            0           
0            0            0             0            0            0           
0            0            0             0            0            0           

Inertia
266.683      -99.9281     -99.9022      0.260815     0.18019      0.104025    
-99.9281     266.488      -100.009      0.18019      0.18528      0.154258    
-99.9022     -100.009     266.593       0.104025     0.154258     0.234812    

Bond Length
0.61330568    0.00075149588

BB bond length
0.61330568    0.00075149588

Water EE distance
0             0           

PEG EE distance
3.1090044     0.017443786 

BBB P2(x)
0.053954267   0.004026927 

BBB first bond length
0.61350755    0.00070525923

BBB second bond length
0.61366233    0.00077789688

BBB <phi**2>/<phi>**2
1.1134074     0.0017726193

Time = 19000
Temperature
1.0134145     0.0054335051

Pressure
23.83404      0.072368477 

CM Mom
-4.0771425e-19 2.8039575e-17 
4.4617406e-17  2.2117694e-17 
8.2989055e-18  1.2323861e-17 
5.5356977e-17  2.05583e-17   

CM Pos
9.9963219      0.0092444627  
9.9987345      0.013519001   
9.9968163      0.011895663   
17.315824      0.010835905   

Stress
20.8019      -0.0160076   0.0309738     0.0755791    0.0721493    0.0623981   
-0.0160076   20.7899      -0.00144929   0.0721493    0.128823     0.0426307   
0.0309738    -0.00144929  20.7934       0.0623981    0.0426307    0.0997939   

Stress Spherical
0            0            0             0            0            0           
0            0            0             0            0            0           
0            0            0             0            0            0           

Inertia
266.577      -99.9632     -99.9297      0.227014     0.210673     0.160615    
-99.9632     266.542      -99.9535      0.210673     0.33251      0.140134    
-99.9297     -99.9535     266.588       0.160615     0.140134     0.346691    

Bond Length
0.61315361    0.00069128247

BB bond length
0.61315361    0.00069128247

Water EE distance
0             0           

PEG EE distance
3.0860768     0.021595233 

BBB P2(x)
0.05391833    0.0054342694

BBB first bond length
0.61343535    0.00066455528

BBB second bond length
0.61348578    0.00065590708

BBB <phi**2>/<phi>**2
1.1133441     0.0021100239

Time = 20000
Temperature
1.0080816     0.0050055339

Pressure
23.823432     0.076849821 

CM Mom
1.860769e-17   2.7654155e-17 
2.194021e-17   1.6906791e-17 
2.8538146e-17  8.0157671e-18 
5.1023544e-17  1.2388989e-17 

CM Pos
9.9971556      0.0095550138  
9.9955665      0.0081000135  
10.001402      0.0087138578  
17.317121      0.0082227703  

Stress
20.8227      -0.0181063   0.0268933     0.0785386    0.0587971    0.0549896   
-0.0181063   20.7975      0.00486654    0.0587971    0.0704642    0.0527456   
0.0268933    0.00486654   20.7812       0.0549896    0.0527456    0.0980264   

Stress Spherical
0            0            0             0            0            0           
0            0            0             0            0            0           
0            0            0             0            0            0           

Inertia
266.609      -99.9576     -99.9793      0.277197     0.153925     0.112865    
-99.9576     266.654      -100.003      0.153925     0.19384      0.155275    
-99.9793     -100.003     266.552       0.112865     0.155275     0.274122    

Bond Length
0.61327958    0.00079971143

BB bond length
0.61327958    0.00079971143

Water EE distance
0             0           

PEG EE distance
3.1028661     0.018697858 

BBB P2(x)
0.05391575    0.0053885618

BBB first bond length
0.61358036    0.00083584918

BBB second bond length
0.61356471    0.0008323982

BBB <phi**2>/<phi>**2
1.1136723     0.0020659767

Time = 21000
Temperature
1.0111027     0.0037567786

Pressure
23.800752     0.074627651 

CM Mom
1.6185382e-17  2.6217892e-17 
-3.7906203e-18 1.015023e-17  
5.0327719e-17  1.2657638e-17 
5.9798803e-17  1.3562403e-17 

CM Pos
9.9994899      0.013910232   
9.996567       0.010106466   
10.005653      0.0056690288  
17.321503      0.011097955   

Stress
20.8044      -0.00969057  -0.00479876   0.107449     0.0492396    0.0474557   
-0.00969057  20.7266      -0.0289508    0.0492396    0.103212     0.0594069   
-0.00479876  -0.0289508   20.7751       0.0474557    0.0594069    0.0985258   

Stress Spherical
0            0            0             0            0            0           
0            0            0             0            0            0           
0            0            0             0            0            0           

Inertia
266.697      -99.9618     -100.041      0.234562     0.204283     0.159964    
-99.9618     266.762      -100.023      0.204283     0.299903     0.131794    
-100.041     -100.023     266.592       0.159964     0.131794     0.362637    

Bond Length
0.6128148     0.00085454915

BB bond length
0.6128148     0.00085454915

Water EE distance
0             0           

PEG EE distance
3.0921616     0.030410179 

BBB P2(x)
0.055262602   0.0029048668

BBB first bond length
0.61311791    0.00077521773

BBB second bond length
0.61303158    0.00094800386

BBB <phi**2>/<phi>**2
1.1134493     0.0013048942

Time = 22000
Temperature
1.0112673     0.004483254 

Pressure
23.786099     0.0695863   

CM Mom
2.8581764e-17  2.172492e-17  
3.0082694e-17  1.4781178e-17 
4.9006929e-17  1.8150965e-17 
6.8679838e-17  2.0653268e-17 

CM Pos
10.001991      0.014044489   
10.001903      0.013119284   
10.001068      0.011403155   
17.323383      0.012338582   

Stress
20.7065      0.00185841   0.0256831     0.105471     0.0539792    0.0510807   
0.00185841   20.7807      -0.00658056   0.0539792    0.101921     0.0863369   
0.0256831    -0.00658056  20.7735       0.0510807    0.0863369    0.0749184   

Stress Spherical
0            0            0             0            0            0           
0            0            0             0            0            0           
0            0            0             0            0            0           

Inertia
266.745      -100.042     -100.033      0.343036     0.196166     0.215399    
-100.042     266.742      -100.018      0.196166     0.379122     0.195568    
-100.033     -100.018     266.769       0.215399     0.195568     0.390838    

Bond Length
0.61297218    0.00062992674

BB bond length
0.61297218    0.00062992674

Water EE distance
0             0           

PEG EE distance
3.0708332     0.022635904 

BBB P2(x)
0.052961404   0.0040635342

BBB first bond length
0.61333091    0.0006390986

BBB second bond length
0.61336659    0.00070043208

BBB <phi**2>/<phi>**2
1.1119239     0.0014895338

Time = 23000
Temperature
1.0092628     0.0047917131

Pressure
23.826303     0.053075946 

CM Mom
4.3359323e-17  1.4955394e-17 
3.9768048e-17  1.8756524e-17 
4.9384099e-17  1.4743321e-17 
7.9853607e-17  1.7792014e-17 

CM Pos
10.005242      0.013019573   
10.002319      0.011037693   
10.00482       0.015277981   
17.327666      0.014326168   

Stress
20.804       0.00731255   -0.0207532    0.0641179    0.0377133    0.0685083   
0.00731255   20.816       -0.0234628    0.0377133    0.0911284    0.0682082   
-0.0207532   -0.0234628   20.7794       0.0685083    0.0682082    0.0516036   

Stress Spherical
0            0            0             0            0            0           
0            0            0             0            0            0           
0            0            0             0            0            0           

Inertia
266.826      -100.058     -100.113      0.381636     0.12978      0.230446    
-100.058     266.879      -100.083      0.12978      0.470854     0.211291    
-100.113     -100.083     266.843       0.230446     0.211291     0.314663    

Bond Length
0.61327574    0.00052043785

BB bond length
0.61327574    0.00052043785

Water EE distance
0             0           

PEG EE distance
3.0721833     0.025759565 

BBB P2(x)
0.050632086   0.0043686994

BBB first bond length
0.61347633    0.00051621098

BBB second bond length
0.61367057    0.00047599376

BBB <phi**2>/<phi>**2
1.1113583     0.0021025132

Time = 24000
Temperature
1.0107576     0.0037891414

Pressure
23.829339     0.061858896 

CM Mom
3.7197446e-17  1.6343172e-17 
2.831786e-17   1.0678392e-17 
7.021397e-17   2.5402881e-17 
8.758556e-17   2.1696917e-17 

CM Pos
10.001407      0.0054547187  
10.002486      0.01263267    
9.9967329      0.0078157288  
17.320875      0.009771941   

Stress
20.8269      -0.00417237  0.0285915     0.0682225    0.0609171    0.0317102   
-0.00417237  20.7922      -0.00704412   0.0609171    0.107206     0.0435505   
0.0285915    -0.00704412  20.7759       0.0317102    0.0435505    0.0823647   

Stress Spherical
0            0            0             0            0            0           
0            0            0             0            0            0           
0            0            0             0            0            0           

Inertia
266.668      -100.05      -99.9994      0.379648     0.138562     0.0898905   
-100.05      266.643      -100.018      0.138562     0.272488     0.20018     
-99.9994     -100.018     266.777       0.0898905    0.20018      0.277058    

Bond Length
0.61311631    0.00068825546

BB bond length
0.61311631    0.00068825546

Water EE distance
0             0           

PEG EE distance
3.0963273     0.041208727 

BBB P2(x)
0.054137151   0.0058513904

BBB first bond length
0.61354417    0.00074793868

BBB second bond length
0.61331063    0.00083635914

BBB <phi**2>/<phi>**2
1.1130894     0.0019883559

Time = 25000
Temperature
1.0136786     0.0053643155

Pressure
23.780343     0.053158063 

CM Mom
5.7446232e-17  2.126544e-17  
5.2522944e-17  1.3731962e-17 
6.3707665e-17  3.3848435e-17 
1.0492022e-16  2.9927344e-17 

CM Pos
10.002074      0.010301609   
9.9989013      0.018730933   
9.9956492      0.008601064   
17.318569      0.015246664   

Stress
20.7738      -0.0144164   0.00123417    0.10563      0.0557799    0.0686833   
-0.0144164   20.7344      -0.0358009    0.0557799    0.0906659    0.0382596   
0.00123417   -0.0358009   20.7134       0.0686833    0.0382596    0.100989    

Stress Spherical
0            0            0             0            0            0           
0            0            0             0            0            0           
0            0            0             0            0            0           

Inertia
266.567      -100.035     -100.032      0.540218     0.230521     0.168419    
-100.035     266.655      -99.9243      0.230521     0.297891     0.198399    
-100.032     -99.9243     266.725       0.168419     0.198399     0.435354    

Bond Length
0.61304579    0.00072955302

BB bond length
0.61304579    0.00072955302

Water EE distance
0             0           

PEG EE distance
3.1152513     0.037315226 

BBB P2(x)
0.05551113    0.0039371115

BBB first bond length
0.6134705     0.00086911896

BBB second bond length
0.61347308    0.00073469817

BBB <phi**2>/<phi>**2
1.113957      0.0016484196

Time = 26000
Temperature
1.0082648     0.0049591532

Pressure
23.802539     0.03135604  

CM Mom
5.3661859e-17  1.0902804e-17 
5.5319384e-17  8.5753259e-18 
7.6561887e-17  2.1484942e-17 
1.1023425e-16  1.7434797e-17 

CM Pos
10.000157      0.012642294   
9.9952331      0.0078931557  
9.9915641      0.0066699666  
17.31298       0.012649457   

Stress
20.8363      0.0104116    -0.00622052   0.0635061    0.0527419    0.0585672   
0.0104116    20.7681      -0.0540716    0.0527419    0.0603993    0.0471107   
-0.00622052  -0.0540716   20.7326       0.0585672    0.0471107    0.0431343   

Stress Spherical
0            0            0             0            0            0           
0            0            0             0            0            0           
0            0            0             0            0            0           

Inertia
266.444      -99.9647     -99.9136      0.286288     0.15902      0.144001    
-99.9647     266.526      -99.8888      0.15902      0.367252     0.160309    
-99.9136     -99.8888     266.612       0.144001     0.160309     0.378135    

Bond Length
0.61337939    0.00046523497

BB bond length
0.61337939    0.00046523497

Water EE distance
0             0           

PEG EE distance
3.1016571     0.0092281131

BBB P2(x)
0.056335711   0.0042296461

BBB first bond length
0.61372472    0.00046214995

BBB second bond length
0.6137791     0.00053242996

BBB <phi**2>/<phi>**2
1.1144059     0.0020374432

Time = 27000
Temperature
1.0110631     0.0045701507

Pressure
23.806187     0.061849076 

CM Mom
3.3450154e-17  1.9611818e-17 
6.9999643e-17  1.0509262e-17 
5.9904492e-17  1.4168662e-17 
1.002755e-16   1.5749762e-17 

CM Pos
10.000073      0.0095786248  
9.9938992      0.0090330371  
9.9991506      0.008726212   
17.316544      0.0074335649  

Stress
20.7726      -0.00511678  0.0164948     0.0612633    0.0391174    0.0569572   
-0.00511678  20.808       0.00150071    0.0391174    0.0942591    0.0490655   
0.0164948    0.00150071   20.7422       0.0569572    0.0490655    0.0958473   

Stress Spherical
0            0            0             0            0            0           
0            0            0             0            0            0           
0            0            0             0            0            0           

Inertia
266.548      -99.9954     -100.013      0.198759     0.138778     0.130838    
-99.9954     266.675      -99.9372      0.138778     0.218679     0.150021    
-100.013     -99.9372     266.565       0.130838     0.150021     0.349325    

Bond Length
0.61346333    0.00049573048

BB bond length
0.61346333    0.00049573048

Water EE distance
0             0           

PEG EE distance
3.0780293     0.015397372 

BBB P2(x)
0.051161191   0.0021713291

BBB first bond length
0.61366395    0.00046957317

BBB second bond length
0.61379686    0.00057423197

BBB <phi**2>/<phi>**2
1.1121829     0.0016469815

Time = 28000
Temperature
1.0095934     0.0045804043

Pressure
23.823811     0.062209418 

CM Mom
4.0338026e-17  1.644479e-17  
6.2111286e-17  1.4665205e-17 
8.1211958e-17  1.4278014e-17 
1.1176654e-16  1.6671912e-17 

CM Pos
9.9978225      0.01090179    
9.9996516      0.012255106   
9.9940652      0.0090871196  
17.315629      0.012503125   

Stress
20.819       0.0102259    -0.0228588    0.0798873    0.0394368    0.0470446   
0.0102259    20.779       -0.0083741    0.0394368    0.0866051    0.0489896   
-0.0228588   -0.0083741   20.7908       0.0470446    0.0489896    0.0768086   

Stress Spherical
