Time = 1000
Temperature
   1.0282233   0.035228837

Pressure
    23.56796    0.14846764

CM Mom
1.3124242e-17  2.1381081e-17 
-1.8018031e-18 1.8657962e-17 
-4.4405347e-17 2.5436477e-17 
5.694063e-17   1.8904397e-17 

CM Pos
7.4973838      0.016581783   
7.4916055      0.038098652   
7.5016497      0.019451242   
12.985039      0.023060489   

Stress
20.5051      -7.75953e-05 0.020115      0.104126     0.0822363    0.0778732   
-7.75953e-05 20.5184      -0.019072     0.0822363    0.0808248    0.0570808   
0.020115     -0.019072    20.4529       0.0778732    0.0570808    0.0711695   

Stress Spherical
0            0            0             0            0            0           
0            0            0             0            0            0           
0            0            0             0            0            0           

Inertia
149.924      -56.1799     -56.2508      0.457669     0.377339     0.169602    
-56.1799     149.962      -56.2223      0.377339     0.277501     0.23744     
-56.2508     -56.2223     149.844       0.169602     0.23744      0.567221    

Bond Length
0.62043425    0.0054780988

BB bond length
0.62043425    0.0054780988

Water EE distance
0             0           

PEG EE distance
6.0633368     0.43764372  

BBB P2(x)
0.47255288    0.05498681  

BBB first bond length
0.62070872    0.0055656385

BBB second bond length
0.62095596    0.0052174214

BBB <phi**2>/<phi>**2
1.2210021     0.024506867 

Time = 2000
Temperature
1.0127271     0.01252204  

Pressure
23.53852      0.059774489 

CM Mom
-7.2615085e-18 1.2490807e-17 
-2.4068154e-17 1.3688036e-17 
-5.1151524e-17 2.1103679e-17 
6.0516182e-17  1.9365524e-17 

CM Pos
7.499761       0.012201148   
7.5014114      0.022075071   
7.4997182      0.011509428   
12.990916      0.014785814   

Stress
20.4934      -0.00315348  0.0020206     0.0711275    0.0638879    0.0548755   
-0.00315348  20.5358      -0.0146407    0.0638879    0.110055     0.0635629   
0.0020206    -0.0146407   20.4979       0.0548755    0.0635629    0.0743902   

Stress Spherical
0            0            0             0            0            0           
0            0            0             0            0            0           
0            0            0             0            0            0           

Inertia
149.973      -56.2668     -56.2526      0.271775     0.215961     0.144547    
-56.2668     149.958      -56.2761      0.215961     0.250688     0.148628    
-56.2526     -56.2761     149.981       0.144547     0.148628     0.351195    

Bond Length
0.61804419    0.0053186613

BB bond length
0.61804419    0.0053186613

Water EE distance
0             0           

PEG EE distance
6.3620633     0.29726281  

BBB P2(x)
0.49883106    0.034890617 

BBB first bond length
0.61782377    0.0057755682

BBB second bond length
0.61814923    0.0051825678

BBB <phi**2>/<phi>**2
1.2295523     0.023544149 

Time = 3000
Temperature
1.0120881     0.0096451203

Pressure
23.51568      0.11020378  

CM Mom
5.6095349e-18  2.7157942e-17 
-3.9850392e-17 2.0377415e-17 
-7.4905277e-17 1.5518237e-17 
9.1139861e-17  1.7817278e-17 

CM Pos
7.5076354      0.011756113   
7.5006685      0.019246459   
7.5031354      0.0098776368  
12.997007      0.0090660479  

Stress
20.5051      -0.00871441  0.0256475     0.116067     0.037886     0.0574296   
-0.00871441  20.4804      -0.00704463   0.037886     0.123765     0.0688473   
0.0256475    -0.00704463  20.4788       0.0574296    0.0688473    0.145604    

Stress Spherical
0            0            0             0            0            0           
0            0            0             0            0            0           
0            0            0             0            0            0           

Inertia
150.056      -56.303      -56.3073      0.246835     0.11661      0.0925106   
-56.303      150.149      -56.2799      0.11661      0.222091     0.0932826   
-56.3073     -56.2799     150.118       0.0925106    0.0932826    0.291163    

Bond Length
0.61755722    0.005376706 

BB bond length
0.61755722    0.005376706 

Water EE distance
0             0           

PEG EE distance
6.8059061     0.16981835  

BBB P2(x)
0.48900017    0.039617623 

BBB first bond length
0.61772235    0.0051093063

BBB second bond length
0.61806373    0.0051589141

BBB <phi**2>/<phi>**2
1.2170527     0.024232847 

Time = 4000
Temperature
1.0150239     0.0073565956

Pressure
23.512922     0.10964186  

CM Mom
2.6130269e-17  1.4277613e-17 
-6.4624085e-17 1.7837593e-17 
-8.1140935e-17 2.4410891e-17 
1.0988964e-16  2.2025047e-17 

CM Pos
7.4904008      0.012041804   
7.5034914      0.0087595501  
7.5017982      0.015403732   
12.987909      0.01242539    

Stress
20.4772      -0.0298669   0.0421216     0.123302     0.0579353    0.088128    
-0.0298669   20.5031      0.00663894    0.0579353    0.126995     0.0459003   
0.0421216    0.00663894   20.4494       0.088128     0.0459003    0.127113    

Stress Spherical
0            0            0             0            0            0           
0            0            0             0            0            0           
0            0            0             0            0            0           

Inertia
150.082      -56.2093     -56.1838      0.280408     0.0906531    0.18364     
-56.2093     149.873      -56.2595      0.0906531    0.357829     0.161965    
-56.1838     -56.2595     149.888       0.18364      0.161965     0.166842    

Bond Length
0.6184578     0.0057608643

BB bond length
0.6184578     0.0057608643

Water EE distance
0             0           

PEG EE distance
7.0302424     0.30066075  

BBB P2(x)
0.49742276    0.024375694 

BBB first bond length
0.61819076    0.0054815443

BBB second bond length
0.6183235     0.0056747683

BBB <phi**2>/<phi>**2
1.2146836     0.02683403  

Time = 5000
Temperature
1.0148775     0.0058313381

Pressure
23.551939     0.10004418  

CM Mom
1.3306511e-17  2.2876297e-17 
-8.2712633e-17 1.6020088e-17 
-9.116398e-17  1.8802354e-17 
1.2767785e-16  1.2695552e-17 

CM Pos
7.5046639      0.011812309   
7.4991828      0.012270604   
7.4912495      0.0091827677  
12.987565      0.0082396961  

Stress
20.4954      0.0476642    0.00481441    0.105163     0.0424603    0.0475203   
0.0476642    20.4953      0.0313775     0.0424603    0.129733     0.0453928   
0.00481441   0.0313775    20.5574       0.0475203    0.0453928    0.132681    

Stress Spherical
0            0            0             0            0            0           
0            0            0             0            0            0           
0            0            0             0            0            0           

Inertia
149.846      -56.3252     -56.2371      0.220139     0.150558     0.0895977   
-56.3252     149.908      -56.2072      0.150558     0.140276     0.0835318   
-56.2371     -56.2072     150.037       0.0895977    0.0835318    0.273249    

Bond Length
0.61983151    0.00528251  

BB bond length
0.61983151    0.00528251  

Water EE distance
0             0           

PEG EE distance
7.0988335     0.14830064  

BBB P2(x)
0.50978538    0.022822018 

BBB first bond length
0.61933369    0.0050342925

BBB second bond length
0.62004801    0.0050081156

BBB <phi**2>/<phi>**2
1.2165964     0.027117077 

Time = 6000
Temperature
1.0112183     0.0055712519

Pressure
23.558752     0.061079982 

CM Mom
-1.4922471e-18 1.4040858e-17 
-9.3175819e-17 1.7177874e-17 
-9.203574e-17  2.6798697e-17 
1.336977e-16   2.2132749e-17 

CM Pos
7.5082297      0.010260194   
7.497697       0.010143351   
7.5007582      0.012766968   
12.994253      0.010300421   

Stress
20.5216      0.00729139   -0.0321159    0.0721       0.0610686    0.0718256   
0.00729139   20.5469      -0.00686774   0.0610686    0.120239     0.0700501   
-0.0321159   -0.00686774  20.5328       0.0718256    0.0700501    0.0820164   

Stress Spherical
0            0            0             0            0            0           
0            0            0             0            0            0           
0            0            0             0            0            0           

Inertia
149.975      -56.3126     -56.3657      0.290624     0.140544     0.0914289   
-56.3126     150.136      -56.2491      0.140544     0.237153     0.18788     
-56.3657     -56.2491     150.073       0.0914289    0.18788      0.20731     

Bond Length
0.6172229     0.0073436363

BB bond length
0.6172229     0.0073436363

Water EE distance
0             0           

PEG EE distance
6.9024221     0.24713766  

BBB P2(x)
0.50833598    0.019850559 

BBB first bond length
0.61733991    0.0073984395

BBB second bond length
0.61778778    0.0075076458

BBB <phi**2>/<phi>**2
1.2342717     0.015677124 

Time = 7000
Temperature
1.0098413     0.007507401 

Pressure
23.505912     0.071899098 

CM Mom
8.8173987e-18  3.1808638e-17 
-1.1067563e-16 1.9126796e-17 
-1.024636e-16  7.7144859e-18 
1.5511071e-16  1.4263124e-17 

CM Pos
7.4985724      0.014144965   
7.4941313      0.0092175579  
7.4995696      0.0080614065  
12.98593       0.010082191   

Stress
20.508       0.0198405    -0.0032899    0.139745     0.0596067    0.0607821   
0.0198405    20.4481      0.0481208     0.0596067    0.104579     0.066278    
-0.0032899   0.0481208    20.4991       0.0607821    0.066278     0.142335    

Stress Spherical
0            0            0             0            0            0           
0            0            0             0            0            0           
0            0            0             0            0            0           

Inertia
149.888      -56.204      -56.2493      0.117225     0.175523     0.147743    
-56.204      149.944      -56.2105      0.175523     0.260897     0.104001    
-56.2493     -56.2105     149.867       0.147743     0.104001     0.257413    

Bond Length
0.61757387    0.0059698572

BB bond length
0.61757387    0.0059698572

Water EE distance
0             0           

PEG EE distance
6.0122869     0.35768188  

BBB P2(x)
0.51296991    0.028641711 

BBB first bond length
0.61778445    0.0061180546

BBB second bond length
0.61765956    0.006180884 

BBB <phi**2>/<phi>**2
1.2262971     0.030091654 

Time = 8000
Temperature
1.0117341     0.0036980974

Pressure
23.499401     0.075668871 

CM Mom
1.6163719e-17  2.2747585e-17 
-1.2180316e-16 1.997857e-17  
-6.9366121e-17 2.1021331e-17 
1.4500811e-16  1.5494294e-17 

CM Pos
7.5040696      0.011699648   
7.5054229      0.022903973   
7.5055126      0.0096561471  
12.99906       0.018869625   

Stress
20.4391      0.0486916    -0.0413947    0.105649     0.0759531    0.081204    
0.0486916    20.5215      0.0161478     0.0759531    0.12723      0.0738579   
-0.0413947   0.0161478    20.4581       0.081204     0.0738579    0.109485    

Stress Spherical
0            0            0             0            0            0           
0            0            0             0            0            0           
0            0            0             0            0            0           

Inertia
150.143      -56.2991     -56.3572      0.473938     0.203321     0.140383    
-56.2991     150.128      -56.3325      0.203321     0.287041     0.264021    
-56.3572     -56.3325     150.119       0.140383     0.264021     0.38629     

Bond Length
0.62270799    0.0037344235

BB bond length
0.62270799    0.0037344235

Water EE distance
0             0           

PEG EE distance
6.7079639     0.61065783  

BBB P2(x)
0.50504884    0.021632549 

BBB first bond length
0.62263939    0.0038001608

BBB second bond length
0.6230768     0.0038894994

BBB <phi**2>/<phi>**2
1.219901      0.018261345 

Time = 9000
Temperature
1.0116208     0.0039299671

Pressure
23.579024     0.088470973 

CM Mom
2.087139e-17   9.8083741e-18 
-1.3176503e-16 1.6051602e-17 
-5.2393048e-17 2.653089e-17  
1.4534016e-16  2.1832424e-17 

CM Pos
7.4985724      0.010124837   
7.4938341      0.019519779   
7.501204       0.016478289   
12.986712      0.016486858   

Stress
20.5233      -0.0108642   0.00415367    0.0864828    0.044445     0.0982401   
-0.0108642   20.5871      -0.0270945    0.044445     0.103389     0.0668191   
0.00415367   -0.0270945   20.5482       0.0982401    0.0668191    0.142838    

Stress Spherical
0            0            0             0            0            0           
0            0            0             0            0            0           
0            0            0             0            0            0           

Inertia
149.928      -56.2225     -56.2417      0.443624     0.193704     0.160079    
-56.2225     149.988      -56.1904      0.193704     0.295199     0.22438     
-56.2417     -56.1904     149.884       0.160079     0.22438      0.286714    

Bond Length
0.62005869    0.0073814038

BB bond length
0.62005869    0.0073814038

Water EE distance
0             0           

PEG EE distance
7.4458441     0.24051191  

BBB P2(x)
0.53246387    0.024143585 

BBB first bond length
0.61971388    0.0068085771

BBB second bond length
0.61997997    0.0073043586

BBB <phi**2>/<phi>**2
1.2289494     0.019251955 

Time = 10000
Temperature
1.0125064     0.00725465  

Pressure
23.51903      0.072749528 

CM Mom
3.8411616e-17  1.7911221e-17 
-1.1463471e-16 2.7390244e-17 
-6.3568681e-17 1.8225083e-17 
1.3944826e-16  2.4797562e-17 

CM Pos
7.4929266      0.010006413   
7.5064629      0.013450638   
7.4998668      0.015593869   
12.989964      0.017135057   

Stress
20.5032      -0.025321    -0.00219627   0.132916     0.0817301    0.108544    
-0.025321    20.4829      -0.010802     0.0817301    0.0762954    0.0681612   
-0.00219627  -0.010802    20.4845       0.108544     0.0681612    0.0960761   

Stress Spherical
0            0            0             0            0            0           
0            0            0             0            0            0           
0            0            0             0            0            0           

Inertia
150.08       -56.2313     -56.1812      0.411065     0.15825      0.150406    
-56.2313     149.887      -56.32        0.15825      0.297501     0.214145    
-56.1812     -56.32       149.973       0.150406     0.214145     0.342399    

Bond Length
0.62054638    0.0056188992

BB bond length
0.62054638    0.0056188992

Water EE distance
0             0           

PEG EE distance
7.3677731     0.34726632  

BBB P2(x)
0.52342037    0.025945574 

BBB first bond length
0.62034989    0.005762399 

BBB second bond length
0.62001747    0.0058334148

BBB <phi**2>/<phi>**2
1.2328307     0.029652492 

Time = 11000
Temperature
1.0115976     0.0057726598

Pressure
23.504345     0.10773001  

CM Mom
2.8303759e-17  1.4550437e-17 
-8.6917894e-17 2.0971027e-17 
-4.4687686e-17 1.5560042e-17 
1.0421713e-16  1.962692e-17  

CM Pos
7.5037725      0.011284756   
7.4988856      0.017834414   
7.4924381      0.011638167   
12.987567      0.013942233   

Stress
20.4716      0.0350447    -0.00778483   0.134544     0.0772252    0.062317    
0.0350447    20.4932      0.0226318     0.0772252    0.14006      0.0653833   
-0.00778483  0.0226318    20.4699       0.062317     0.0653833    0.0780025   

Stress Spherical
0            0            0             0            0            0           
0            0            0             0            0            0           
0            0            0             0            0            0           

Inertia
149.833      -56.2877     -56.2109      0.392257     0.134697     0.137933    
-56.2877     149.921      -56.1981      0.134697     0.370702     0.187691    
-56.2109     -56.1981     150.012       0.137933     0.187691     0.310753    

Bond Length
0.62025312    0.0043667534

BB bond length
0.62025312    0.0043667534

Water EE distance
0             0           

PEG EE distance
6.8924213     0.27219698  

BBB P2(x)
0.53265108    0.026664605 

BBB first bond length
0.62073162    0.0035146816

BBB second bond length
0.62028555    0.0042384969

BBB <phi**2>/<phi>**2
1.220036      0.018193675 

Time = 12000
Temperature
1.0128408     0.0058628076

Pressure
23.539402     0.077105012 

CM Mom
3.2891429e-17  2.897628e-17  
-8.3101777e-17 1.4064528e-17 
-6.767346e-17  2.302359e-17  
1.1636006e-16  2.4398912e-17 

CM Pos
7.5006524      0.013778157   
7.5014114      0.010994453   
7.5086326      0.022454298   
12.996587      0.0077657208  

Stress
20.5253      -0.0611031   0.0196295     0.0804008    0.072452     0.0739004   
-0.0611031   20.4933      -0.0111568    0.072452     0.153059     0.0651091   
0.0196295    -0.0111568   20.5102       0.0739004    0.0651091    0.0889759   

Stress Spherical
0            0            0             0            0            0           
0            0            0             0            0            0           
0            0            0             0            0            0           

Inertia
150.136      -56.3152     -56.3362      0.313225     0.18065      0.108426    
-56.3152     150.105      -56.2963      0.18065      0.197077     0.165315    
-56.3362     -56.2963     149.994       0.108426     0.165315     0.296767    

Bond Length
0.61971805    0.0050206649

BB bond length
0.61971805    0.0050206649

Water EE distance
0             0           

PEG EE distance
6.9099072     0.38984494  

BBB P2(x)
0.51920584    0.01825917  

BBB first bond length
0.61920864    0.0050232124

BBB second bond length
0.61927844    0.0051565808

BBB <phi**2>/<phi>**2
1.2415822     0.024045771 

Time = 13000
Temperature
1.0089667     0.0075524239

Pressure
23.506183     0.072983096 

CM Mom
-1.6216915e-17 2.7301236e-17 
-6.3114793e-17 1.5572147e-17 
-6.9985233e-17 1.9429751e-17 
9.9846201e-17  2.3248635e-17 

CM Pos
7.4973838      0.010812246   
7.5073543      0.010585289   
7.4924381      0.010374657   
12.988766      0.007231548   

Stress
20.4957      0.0020488    0.00817143    0.0747986    0.0644342    0.0826635   
0.0020488    20.5208      -0.00539069   0.0644342    0.1438       0.0714783   
0.00817143   -0.00539069  20.4474       0.0826635    0.0714783    0.156828    

Stress Spherical
0            0            0             0            0            0           
0            0            0             0            0            0           
0            0            0             0            0            0           

Inertia
149.986      -56.2877     -56.1817      0.216093     0.134947     0.126715    
-56.2877     149.851      -56.2336      0.134947     0.183375     0.123857    
-56.1817     -56.2336     150.058       0.126715     0.123857     0.141959    

Bond Length
0.61863945    0.0047101884

BB bond length
0.61863945    0.0047101884

Water EE distance
0             0           

PEG EE distance
6.0399187     0.35063461  

BBB P2(x)
0.51085245    0.035663624 

BBB first bond length
0.61843408    0.0050924138

BBB second bond length
0.61870892    0.0047825639

BBB <phi**2>/<phi>**2
1.2139849     0.019299091 

Time = 14000
Temperature
1.0082412     0.0086587914

Pressure
23.486433     0.077360598 

CM Mom
4.671932e-18   3.681023e-17  
-6.2478774e-17 1.6479564e-17 
-3.2293073e-17 1.7084341e-17 
8.0616385e-17  1.9690325e-17 

CM Pos
7.5071897      0.0048463272  
7.4979942      0.014161341   
7.5000154      0.010238657   
12.993393      0.010934555   

Stress
20.4976      -0.0107341   -0.0228746    0.12655      0.0755372    0.0716556   
-0.0107341   20.4407      -0.0204963    0.0755372    0.110807     0.0751583   
-0.0228746   -0.0204963   20.4729       0.0716556    0.0751583    0.0594716   

Stress Spherical
0            0            0             0            0            0           
0            0            0             0            0            0           
0            0            0             0            0            0           

Inertia
149.966      -56.2929     -56.318       0.296335     0.0724014    0.061818    
-56.2929     150.096      -56.2263      0.0724014    0.179274     0.157055    
-56.318      -56.2263     150.07        0.061818     0.157055     0.203074    

Bond Length
0.62115479    0.0060843376

BB bond length
0.62115479    0.0060843376

Water EE distance
0             0           

PEG EE distance
6.3200128     0.26956059  

BBB P2(x)
0.53534983    0.02272651  

BBB first bond length
0.62197261    0.0062969553

BBB second bond length
0.62132203    0.0066632423

BBB <phi**2>/<phi>**2
1.2205714     0.025893214 

Time = 15000
Temperature
1.0127481     0.0094827552

Pressure
23.50584      0.075391032 

CM Mom
-2.4938643e-17 1.6590487e-17 
-5.8294956e-17 2.213717e-17  
-2.4680084e-17 1.6126449e-17 
7.3859328e-17  1.4124624e-17 

CM Pos
7.4982752      0.016440067   
7.4975485      0.010974357   
7.4989753      0.010203022   
12.987394      0.0086915604  

Stress
20.4537      0.0372985    -0.0101014    0.0882324    0.0493301    0.0775575   
0.0372985    20.4796      0.00468191    0.0493301    0.0979398    0.0664951   
-0.0101014   0.00468191   20.4956       0.0775575    0.0664951    0.101502    

Stress Spherical
0            0            0             0            0            0           
0            0            0             0            0            0           
0            0            0             0            0            0           

Inertia
149.941      -56.2613     -56.1844      0.284179     0.133414     0.099552    
-56.2613     149.95       -56.2229      0.133414     0.216502     0.180677    
-56.1844     -56.2229     149.913       0.099552     0.180677     0.219048    

Bond Length
0.61839416    0.0032094878

BB bond length
0.61839416    0.0032094878

Water EE distance
0             0           

PEG EE distance
6.4083538     0.22554955  

BBB P2(x)
0.53052648    0.0288243   

BBB first bond length
0.61900917    0.0034482643

BBB second bond length
0.61864968    0.0032873361

BBB <phi**2>/<phi>**2
1.2320943     0.024857112 

Time = 16000
Temperature
1.0125626     0.0063616805

Pressure
23.539573     0.076020746 

CM Mom
-2.643089e-17  1.6662318e-17 
-5.3227007e-17 1.83536e-17   
-3.0068174e-17 2.7217796e-17 
7.30939e-17    2.1174959e-17 

CM Pos
7.4963438      0.012701965   
7.4999256      0.015818738   
7.5029868      0.016670074   
12.989969      0.016444133   

Stress
20.4982      0.0201749    -0.0252151    0.098312     0.0895353    0.0559776   
0.0201749    20.4831      -0.0146167    0.0895353    0.0417293    0.046621    
-0.0252151   -0.0146167   20.5504       0.0559776    0.046621     0.120895    

Stress Spherical
0            0            0             0            0            0           
0            0            0             0            0            0           
0            0            0             0            0            0           

Inertia
150.041      -56.2243     -56.2771      0.395517     0.113552     0.201699    
-56.2243     149.976      -56.2471      0.113552     0.257793     0.193116    
-56.2771     -56.2471     149.931       0.201699     0.193116     0.323633    

Bond Length
0.61864908    0.0047347318

BB bond length
0.61864908    0.0047347318

Water EE distance
0             0           

PEG EE distance
6.5208006     0.44161111  

BBB P2(x)
0.50865232    0.02336826  

BBB first bond length
0.61858868    0.0053185854

BBB second bond length
0.61878776    0.0047002274

BBB <phi**2>/<phi>**2
1.2208174     0.015880158 

Time = 17000
Temperature
1.0101532     0.0051288997

Pressure
23.509589     0.08180267  

CM Mom
-1.1628146e-17 1.306811e-17  
-4.4728374e-17 1.620246e-17  
-3.1414715e-17 1.6367271e-17 
6.0927885e-17  1.0568873e-17 

CM Pos
7.5033267      0.017776766   
7.5060172      0.016736152   
7.503284       0.0071082847  
12.997696      0.0046875515  

Stress
20.4239      0.00866144   -0.0301854    0.1021       0.0686935    0.105434    
0.00866144   20.5587      -0.00841319   0.0686935    0.109935     0.0609773   
-0.0301854   -0.00841319  20.4808       0.105434     0.0609773    0.103244    

Stress Spherical
0            0            0             0            0            0           
0            0            0             0            0            0           
0            0            0             0            0            0           

Inertia
150.123      -56.3156     -56.3103      0.334875     0.116515     0.186593    
-56.3156     150.09       -56.3482      0.116515     0.262052     0.158043    
-56.3103     -56.3482     150.112       0.186593     0.158043     0.172885    

Bond Length
0.61874176    0.0051636568

BB bond length
0.61874176    0.0051636568

Water EE distance
0             0           

PEG EE distance
7.6211286     0.42520902  

BBB P2(x)
0.51346763    0.017717818 

BBB first bond length
0.61893107    0.0051688812

BBB second bond length
0.61795515    0.0053011961

BBB <phi**2>/<phi>**2
1.2269537     0.028107197 

Time = 18000
Temperature
1.0100863     0.0099587667

Pressure
23.57185      0.065733796 

CM Mom
-2.525356e-17  1.267076e-17  
-5.9678886e-17 1.2976423e-17 
-8.4916226e-18 1.69644e-17   
6.8989219e-17  1.1341678e-17 

CM Pos
7.499761       0.011082442   
7.4975485      0.011844967   
7.501204       0.017096307   
12.989537      0.014187724   

Stress
20.5366      -0.0140349   -0.0109522    0.110448     0.0797022    0.0616044   
-0.0140349   20.5581      -0.0259909    0.0797022    0.0844418    0.0782879   
-0.0109522   -0.0259909   20.5561       0.0616044    0.0782879    0.152625    

Stress Spherical
0            0            0             0            0            0           
0            0            0             0            0            0           
0            0            0             0            0            0           

Inertia
149.989      -56.2358     -56.255       0.333501     0.11252      0.165002    
-56.2358     150.024      -56.2296      0.11252      0.348323     0.174622    
-56.255      -56.2296     149.966       0.165002     0.174622     0.231848    

Bond Length
0.62112808    0.0054916344

BB bond length
0.62112808    0.0054916344

Water EE distance
0             0           

PEG EE distance
8.1653393     0.29255231  

BBB P2(x)
0.51870007    0.033792815 

BBB first bond length
0.62117764    0.0058222867

BBB second bond length
0.62098104    0.0054647362

BBB <phi**2>/<phi>**2
1.2281714     0.020982216 

Time = 19000
Temperature
1.0107714     0.0092310963

Pressure
23.536514     0.053308212 

CM Mom
-3.014625e-17  1.402932e-17  
-4.6344334e-17 1.8827948e-17 
-1.3614418e-17 1.450683e-17  
6.1478809e-17  1.4968757e-17 

CM Pos
7.5055553      0.0091357721  
7.5063143      0.011763622   
7.494221       0.010010824   
12.99391       0.009716321   

Stress
20.5394      -0.0101846   0.0155934     0.122755     0.0521148    0.0520989   
-0.0101846   20.526       -0.0288273    0.0521148    0.0560806    0.0368875   
0.0155934    -0.0288273   20.4732       0.0520989    0.0368875    0.124644    

Stress Spherical
0            0            0             0            0            0           
0            0            0             0            0            0           
0            0            0             0            0            0           

Inertia
150.012      -56.3291     -56.1913      0.23469      0.148623     0.109497    
-56.3291     150.003      -56.2646      0.148623     0.250358     0.105503    
-56.1913     -56.2646     150.162       0.109497     0.105503     0.197851    

Bond Length
0.6180824     0.0040588346

BB bond length
0.6180824     0.0040588346

Water EE distance
0             0           

PEG EE distance
8.1268726     0.26992591  

BBB P2(x)
0.51963007    0.023669434 

BBB first bond length
0.61735592    0.0043231512

BBB second bond length
0.6185111     0.0043857476

BBB <phi**2>/<phi>**2
1.2210756     0.01946941  

Time = 20000
Temperature
1.0094175     0.0099053977

Pressure
23.490067     0.068334301 

CM Mom
-6.5626431e-17 2.3924182e-17 
-8.8730419e-17 8.84865e-18   
-2.1333525e-17 1.5139433e-17 
1.1569876e-16  1.1344608e-17 

CM Pos
7.5042182      0.011889609   
7.4969542      0.0096011258  
7.4961524      0.016357282   
12.988856      0.0068881281  

Stress
20.4562      -0.014261    0.0197823     0.094244     0.0668346    0.0504171   
-0.014261    20.4441      -0.00124364   0.0668346    0.104093     0.0479565   
0.0197823    -0.00124364  20.5111       0.0504171    0.0479565    0.0868296   

Stress Spherical
0            0            0             0            0            0           
0            0            0             0            0            0           
0            0            0             0            0            0           

Inertia
149.907      -56.2228     -56.2545      0.274788     0.0805517    0.162296    
-56.2228     150.018      -56.2168      0.0805517    0.284868     0.117237    
-56.2545     -56.2168     150.015       0.162296     0.117237     0.117527    

Bond Length
0.62086976    0.0040359827

BB bond length
0.62086976    0.0040359827

Water EE distance
0             0           

PEG EE distance
8.539374      0.52528844  

BBB P2(x)
0.49896712    0.017103477 

BBB first bond length
0.62078652    0.0040343344

BBB second bond length
0.62108075    0.0039359908

BBB <phi**2>/<phi>**2
1.2280316     0.036117746 

Time = 21000
Temperature
1.0028868     0.0068641986

Pressure
23.553952     0.02652591  

CM Mom
-1.0151899e-16 1.1314677e-17 
-1.0924937e-16 1.0885083e-17 
-2.7747397e-17 1.3279347e-17 
1.5242492e-16  1.4175232e-17 

CM Pos
7.499761       0.010297775   
7.4938341      0.013189629   
7.4989753      0.014340248   
12.986104      0.013563428   

Stress
20.5393      -0.0193868   -0.00431785   0.0899049    0.0544657    0.0755383   
-0.0193868   20.5948      -0.0258501    0.0544657    0.100428     0.0467626   
-0.00431785  -0.0258501   20.5277       0.0755383    0.0467626    0.0640683   

Stress Spherical
0            0            0             0            0            0           
0            0            0             0            0            0           
0            0            0             0            0            0           

Inertia
149.904      -56.1915     -56.2538      0.310516     0.154317     0.172227    
-56.1915     149.989      -56.1787      0.154317     0.261415     0.164059    
-56.2538     -56.1787     149.902       0.172227     0.164059     0.297473    

Bond Length
0.61689144    0.0055619909

BB bond length
0.61689144    0.0055619909

Water EE distance
0             0           

PEG EE distance
7.8799493     0.2084414   

BBB P2(x)
0.52928676    0.022867719 

BBB first bond length
0.61717093    0.0059527972

BBB second bond length
0.61684727    0.0054766066

BBB <phi**2>/<phi>**2
1.2322678     0.013450558 

Time = 22000
Temperature
1.0084445     0.0096390757

Pressure
23.518268     0.044312231 

CM Mom
-1.0393798e-16 1.8617507e-17 
-1.0389289e-16 1.2447405e-17 
-4.8836177e-18 1.6391175e-17 
1.482787e-16   2.0107997e-17 

CM Pos
7.5055553      0.0052339288  
7.5109201      0.012391438   
7.497341       0.016362679   
12.998376      0.0085990134  

Stress
20.4706      -0.024428    -0.0145807    0.0900623    0.0566605    0.0600021   
-0.024428    20.5387      0.0124285     0.0566605    0.0927313    0.0441459   
-0.0145807   0.0124285    20.4954       0.0600021    0.0441459    0.0971807   

Stress Spherical
0            0            0             0            0            0           
0            0            0             0            0            0           
0            0            0             0            0            0           

Inertia
150.122      -56.3644     -56.2456      0.246436     0.102953     0.105418    
-56.3644     150.031      -56.3513      0.102953     0.232966     0.147712    
-56.2456     -56.3513     150.218       0.105418     0.147712     0.163838    

Bond Length
0.62065733    0.0049645452

BB bond length
0.62065733    0.0049645452

Water EE distance
0             0           

PEG EE distance
7.779792      0.35601596  

BBB P2(x)
0.53543424    0.024998074 

BBB first bond length
0.62084319    0.0049564532

BBB second bond length
0.62079774    0.0049249058

BBB <phi**2>/<phi>**2
1.2357952     0.026465398 

Time = 23000
Temperature
1.0175505     0.0061780645

Pressure
23.505585     0.091256247 

CM Mom
-1.1658153e-16 1.0421665e-17 
-1.299657e-16  2.1297133e-17 
-9.5962373e-18 2.060655e-17  
1.7675072e-16  1.7900194e-17 

CM Pos
7.4956009      0.016141969   
7.5018571      0.011027531   
7.5001639      0.0098552638  
12.989022      0.011386335   

Stress
20.4656      -0.0108997   -0.0120878    0.154289     0.0698209    0.0845819   
-0.0108997   20.4575      -0.0260977    0.0698209    0.100363     0.0673293   
-0.0120878   -0.0260977   20.462        0.0845819    0.0673293    0.148107    

Stress Spherical
0            0            0             0            0            0           
0            0            0             0            0            0           
0            0            0             0            0            0           

Inertia
150.03       -56.2303     -56.2093      0.277652     0.130993     0.14858     
-56.2303     149.942      -56.2635      0.130993     0.252122     0.161302    
-56.2093     -56.2635     149.972       0.14858      0.161302     0.232568    

Bond Length
0.62107144    0.0033029861

BB bond length
0.62107144    0.0033029861

Water EE distance
0             0           

PEG EE distance
7.8626035     0.177154    

BBB P2(x)
0.52733081    0.023617256 

BBB first bond length
0.62092473    0.0033842545

BBB second bond length
0.62113341    0.0039601551

BBB <phi**2>/<phi>**2
1.2279375     0.023559096 

Time = 24000
Temperature
1.009705      0.0064465939

Pressure
23.505111     0.097480143 

CM Mom
-1.2159394e-16 2.7532209e-17 
-1.1459402e-16 2.410874e-17  
-3.9145369e-17 1.5454029e-17 
1.7495412e-16  2.0454149e-17 

CM Pos
7.5005038      0.010409705   
7.5060172      0.0089007919  
7.5089298      0.01400775    
12.999311      0.013699837   

Stress
20.4207      -0.0147217   -0.00845387   0.0894836    0.0483828    0.0466189   
-0.0147217   20.5462      0.0304424     0.0483828    0.120404     0.0680428   
-0.00845387  0.0304424    20.4871       0.0466189    0.0680428    0.134333    

Stress Spherical
0            0            0             0            0            0           
0            0            0             0            0            0           
0            0            0             0            0            0           

Inertia
150.223      -56.2798     -56.3156      0.307968     0.144685     0.214081    
-56.2798     150.143      -56.3444      0.144685     0.316309     0.140025    
-56.3156     -56.3444     150.098       0.214081     0.140025     0.254015    

Bond Length
0.61922094    0.0059228336

BB bond length
0.61922094    0.0059228336

Water EE distance
0             0           

PEG EE distance
8.2415361     0.40938473  

BBB P2(x)
0.51554391    0.029635481 

BBB first bond length
0.61933481    0.0060067817

BBB second bond length
0.61878231    0.0062635709

BBB <phi**2>/<phi>**2
1.2296018     0.021135966 

Time = 25000
Temperature
1.0070442     0.0074968898

Pressure
23.495885     0.055642786 

CM Mom
-1.4479965e-16 1.1919313e-17 
-8.879145e-17  2.529349e-17  
-2.2265767e-17 2.0790035e-17 
1.7389316e-16  1.7940158e-17 

CM Pos
7.4991667      0.014587485   
7.5000742      0.012977042   
7.4930324      0.010224634   
12.985936      0.0095415382  

Stress
20.459       0.0333214    0.00204433    0.0700669    0.0632958    0.038177    
0.0333214    20.4922      -0.00634136   0.0632958    0.0988429    0.0511631   
0.00204433   -0.00634136  20.499        0.038177     0.0511631    0.0920677   

Stress Spherical
0            0            0             0            0            0           
0            0            0             0            0            0           
0            0            0             0            0            0           

Inertia
149.906      -56.2335     -56.22        0.172642     0.118344     0.145549    
-56.2335     149.879      -56.1991      0.118344     0.35185      0.127145    
-56.22       -56.1991     149.983       0.145549     0.127145     0.235601    

Bond Length
0.61739389    0.0041919032

BB bond length
0.61739389    0.0041919032

Water EE distance
0             0           

PEG EE distance
7.942031      0.23748072  

BBB P2(x)
0.5045047     0.017432211 

BBB first bond length
0.61760176    0.004351985 

BBB second bond length
0.61739806    0.0043870123

BBB <phi**2>/<phi>**2
1.2143257     0.014544001 

Time = 26000
Temperature
1.0110332     0.0062238023

Pressure
23.53874      0.09359336  

CM Mom
-1.4416954e-16 1.6138705e-17 
-9.3030113e-17 1.2655808e-17 
-7.1172598e-17 2.3849707e-17 
1.8780746e-16  1.4926201e-17 

CM Pos
7.5043668      0.012452745   
7.5085429      0.01116183    
7.5001639      0.017642149   
12.997945      0.014444765   

Stress
20.5288      -0.0345686   0.0199847     0.132022     0.0571428    0.0757369   
-0.0345686   20.4932      0.00423564    0.0571428    0.0984091    0.0945419   
0.0199847    0.00423564   20.521        0.0757369    0.0945419    0.11943     

Stress Spherical
0            0            0             0            0            0           
0            0            0             0            0            0           
0            0            0             0            0            0           

Inertia
150.131      -56.3477     -56.2658      0.432605     0.136692     0.143876    
-56.3477     150.062      -56.3262      0.136692     0.22866      0.185682    
-56.2658     -56.3262     150.154       0.143876     0.185682     0.256866    

Bond Length
0.62177334    0.0045811552

BB bond length
0.62177334    0.0045811552

Water EE distance
0             0           

PEG EE distance
8.0703171     0.33752094  

BBB P2(x)
0.52530659    0.023475069 

BBB first bond length
0.6215743     0.0039225111

BBB second bond length
0.62172659    0.004750804 

BBB <phi**2>/<phi>**2
1.2396449     0.025310596 

Time = 27000
Temperature
1.0090618     0.0080895998

Pressure
23.553723     0.078344238 

CM Mom
-1.355916e-16  1.5418939e-17 
-9.7452971e-17 1.1758245e-17 
-7.8109842e-17 3.5672031e-17 
1.8779025e-16  1.9147486e-17 

CM Pos
7.4990181      0.013624297   
7.5058686      0.019853359   
7.502244       0.013440788   
12.994519      0.014984031   

Stress
20.5351      0.0224213    0.00348044    0.146105     0.0893816    0.0494071   
0.0224213    20.5416      0.0326304     0.0893816    0.115298     0.079294    
0.00348044   0.0326304    20.5289       0.0494071    0.079294     0.092841    

Stress Spherical
0            0            0             0            0            0           
0            0            0             0            0            0           
0            0            0             0            0            0           

Inertia
150.112      -56.2562     -56.2569      0.268783     0.15926      0.142938    
-56.2562     150.018      -56.2992      0.15926      0.226442     0.164676    
-56.2569     -56.2992     150.059       0.142938     0.164676     0.442989    

Bond Length
0.6206316     0.003842633 

BB bond length
0.6206316     0.003842633 

Water EE distance
0             0           

PEG EE distance
8.6724644     0.44344463  

BBB P2(x)
0.52606834    0.023577612 

BBB first bond length
0.62071395    0.0045073347

BBB second bond length
0.62025269    0.0038986909

BBB <phi**2>/<phi>**2
1.2266176     0.015149222 

Time = 28000
Temperature
1.0104848     0.0086480993

Pressure
23.487309     0.076631938 

CM Mom
-1.1579747e-16 2.3207356e-17 
-1.1892615e-16 2.3719618e-17 
-9.2123439e-17 1.8545336e-17 
1.928395e-16   1.7241524e-17 

CM Pos
7.5027324      0.011963642   
7.4997771      0.016153589   
7.4946667      0.014158223   
12.988769      0.012360906   

Stress
20.455       0.00460491   0.0119303     0.0842552    0.0569513    0.0871266   
0.00460491   20.4835      -0.00698523   0.0569513    0.0889761    0.0326516   
0.0119303    -0.00698523  20.4551       0.0871266    0.0326516    0.161897    

Stress Spherical
0            0            0             0            0            0           
