Time = 1000
Temperature
   1.1762866    0.26081383

Pressure
   23.867135     1.2247755

CM Mom
-8.4190722e-17 1.5464877e-17 
-5.9753342e-18 2.8984434e-17 
-1.4383677e-16 4.2073493e-16 
2.7860133e-16  3.5817767e-16 

CM Pos
7.5006414      0.013160871   
7.5008461      0.02261468    
7.4991405      0.022464528   
12.990768      0.023591215   

Stress
20.3874      -0.0119333   0.00546966    0.459147     0.100005     0.073576    
-0.0119333   20.2998      -0.04719      0.100005     0.493649     0.0581646   
0.00546966   -0.04719     20.3517       0.073576     0.0581646    0.448939    

Stress Spherical
0            0            0             0            0            0           
0            0            0             0            0            0           
0            0            0             0            0            0           

Inertia
150.209      -56.2897     -56.2941      1.71715      0.206475     0.259868    
-56.2897     150.232      -56.2328      0.206475     1.4562       0.312689    
-56.2941     -56.2328     150.249       0.259868     0.312689     1.72471     

Bond Length
0.61859019    0.0079597156

BB bond length
0.61859019    0.0079597156

Water EE distance
0             0           

PEG EE distance
6.8423245     0.17455322  

BBB P2(x)
0.47250042    0.065704785 

BBB first bond length
0.61859162    0.0081482335

BBB second bond length
0.61841554    0.0078577281

BBB <phi**2>/<phi>**2
1.2196812     0.013596886 

Time = 2000
Temperature
1.009127      0.0087234055

Pressure
22.961784     0.094832049 

CM Mom
-7.0182426e-17 1.8412117e-17 
1.6663099e-17  2.9606157e-17 
-5.3922528e-17 2.6279046e-17 
9.8322544e-17  1.8699386e-17 

CM Pos
7.5031657      0.013904614   
7.5002522      0.0092204562  
7.5009224      0.013104629   
12.992898      0.012799262   

Stress
20.0275      -0.00950402  0.00930717    0.127466     0.0646792    0.0612002   
-0.00950402  19.9233      -0.00738933   0.0646792    0.0821795    0.0879537   
0.00930717   -0.00738933  19.8731       0.0612002    0.0879537    0.108259    

Stress Spherical
0            0            0             0            0            0           
0            0            0             0            0            0           
0            0            0             0            0            0           

Inertia
149.905      -56.2765     -56.3114      0.26385      0.127131     0.158387    
-56.2765     149.964      -56.2427      0.127131     0.291508     0.112255    
-56.3114     -56.2427     149.955       0.158387     0.112255     0.207814    

Bond Length
0.61670569    0.0019133308

BB bond length
0.61670569    0.0019133308

Water EE distance
0             0           

PEG EE distance
7.0107719     0.077797037 

BBB P2(x)
0.51303117    0.0066650242

BBB first bond length
0.61665262    0.0017388669

BBB second bond length
0.61663692    0.0018870539

BBB <phi**2>/<phi>**2
1.2228556     0.0080629031

