Time = 500
Temperature
   1.0400929   0.048638099

Pressure
   22.840199    0.14920754

CM Mom
1.5204775e-18  1.2076033e-17 
1.4773333e-17  1.4509516e-17 
2.0737776e-18  1.0186517e-17 
2.3409376e-17  1.1704128e-17 

CM Pos
7.4806552      0.012910148   
7.5059235      0.025146923   
7.4815197      0.0074694027  
12.971997      0.019391178   

Stress
19.7262      -0.0414949   0.0274217     0.137225     0.0676883    0.078029    
-0.0414949   19.7373      -0.00586661   0.0676883    0.137406     0.05321     
0.0274217    -0.00586661  19.7073       0.078029     0.05321      0.0721635   

Stress Spherical
0            0            0             0            0            0           
0            0            0             0            0            0           
0            0            0             0            0            0           

Inertia
149.422      -56.1178     -55.9901      0.340889     0.279803     0.069097    
-56.1178     148.993      -56.1866      0.279803     0.242861     0.115672    
-55.9901     -56.1866     149.367       0.069097     0.115672     0.560363    

Bond Length
0.61600668    0.0022151227

BB bond length
0.61600668    0.0022151227

Water EE distance
0             0           

PEG EE distance
3.784359      0.1035365   

Time = 1000
Temperature
1.0135495     0.0071245966

Pressure
22.675736     0.079691841 

CM Mom
5.8925364e-18  1.8653274e-17 
4.4472594e-18  1.1170559e-17 
-1.8098348e-17 1.9450227e-17 
2.9946122e-17  1.833896e-17  

CM Pos
7.4800619      0.012288529   
7.4993973      0.0016248074  
7.4749934      0.0054214378  
12.964102      0.0072864948  

Stress
19.6566      0.00553056   -0.00756549   0.0856377    0.0720931    0.0680683   
0.00553056   19.6142      0.0227143     0.0720931    0.0706158    0.0752788   
-0.00756549  0.0227143    19.6452       0.0680683    0.0752788    0.0888583   

Stress Spherical
0            0            0             0            0            0           
0            0            0             0            0            0           
0            0            0             0            0            0           

Inertia
149.318      -56.0856     -55.8966      0.0773327    0.129283     0.121366    
-56.0856     148.996      -56.1212      0.129283     0.229352     0.0323418   
-55.8966     -56.1212     149.324       0.121366     0.0323418    0.248376    

Bond Length
0.61099553    0.0020634415

BB bond length
0.61099553    0.0020634415

Water EE distance
0             0           

PEG EE distance
3.5715881     0.2766281   

