Time = 500
Temperature
   1.0347845   0.046046511

Pressure
   23.540775    0.14746274

CM Mom
-1.4872427e-17 1.1927979e-17 
-5.4092119e-17 1.903675e-17  
-1.624636e-17  2.8619507e-17 
6.6691239e-17  1.6944616e-17 

CM Pos
7.4981055      0.020924026   
7.5023882      0.013566404   
7.4940312      0.021057888   
12.987234      0.027029507   

Stress
20.474       -0.00413254  0.0364527     0.0233587    0.0713398    0.053336    
-0.00413254  20.3901      0.0441304     0.0713398    0.110441     0.0899896   
0.0364527    0.0441304    20.4461       0.053336     0.0899896    0.115837    

Stress Spherical
0            0            0             0            0            0           
0            0            0             0            0            0           
0            0            0             0            0            0           

Inertia
149.827      -56.1953     -56.2614      0.320365     0.24034      0.262734    
-56.1953     149.829      -56.2658      0.24034      0.661804     0.215656    
-56.2614     -56.2658     149.935       0.262734     0.215656     0.489121    

Bond Length
0.61605728    0.0076356825

BB bond length
0.61605728    0.0076356825

Water EE distance
0             0           

PEG EE distance
4.1523284     0.4347949   

Time = 1000
Temperature
1.0150008     0.0063673341

Pressure
23.433588     0.073060513 

CM Mom
-2.1657793e-17 2.1308073e-17 
-7.5035461e-17 1.4459143e-17 
-1.479347e-18  2.2541935e-17 
8.3844209e-17  1.5587081e-17 

CM Pos
7.4995871      0.018918479   
7.5100927      0.0073546071  
7.4812892      0.0074140632  
12.985195      0.01321001    

Stress
20.3354      0.00948856   -0.0246829    0.0723809    0.0463156    0.0475088   
0.00948856   20.4666      -0.0036456    0.0463156    0.0540594    0.0647624   
-0.0246829   -0.0036456   20.3647       0.0475088    0.0647624    0.0992374   

Stress Spherical
0            0            0             0            0            0           
0            0            0             0            0            0           
0            0            0             0            0            0           

Inertia
149.744      -56.2765     -56.1182      0.157399     0.16007      0.160911    
-56.2765     149.634      -56.1229      0.16007      0.347681     0.109441    
-56.1182     -56.1229     150.028       0.160911     0.109441     0.283365    

Bond Length
0.60625565    0.010256628 

BB bond length
0.60625565    0.010256628 

Water EE distance
0             0           

PEG EE distance
3.2514925     0.25896974  

