Time = 1000
Temperature
   1.0253611   0.033573721

Pressure
    23.75781    0.18917643

CM Mom
-5.4432072e-17 1.4427204e-17 
-2.4037126e-17 3.6138354e-17 
2.5147116e-17  2.869099e-17  
7.854542e-17   1.8464186e-17 

CM Pos
7.4954593      0.02280167    
7.4962703      0.012117687   
7.4905894      0.027712382   
12.980221      0.014556914   

Stress
20.6868      0.0259143    0.00374256    0.166666     0.0676206    0.0780099   
0.0259143    20.6837      -0.00166103   0.0676206    0.105221     0.0703645   
0.00374256   -0.00166103  20.6756       0.0780099    0.0703645    0.065771    

Stress Spherical
0            0            0             0            0            0           
0            0            0             0            0            0           
0            0            0             0            0            0           

Inertia
149.796      -56.198      -56.158       0.230424     0.195195     0.243904    
-56.198      149.797      -56.1564      0.195195     0.398213     0.164359    
-56.158      -56.1564     149.877       0.243904     0.164359     0.653777    

Bond Length
0.62275243    0.0070587994

BB bond length
0.62275243    0.0070587994

Water EE distance
0             0           

PEG EE distance
6.9914876     0.42721548  

BBB P2(x)
0.48053903    0.04218137  

BBB first bond length
0.62236286    0.007186124 

BBB second bond length
0.62293114    0.0068820489

BBB <phi**2>/<phi>**2
1.2268992     0.032430799 

Time = 2000
Temperature
1.0039824     0.0078612289

Pressure
23.707082     0.062222836 

CM Mom
-4.0918638e-17 9.8273263e-18 
-4.1213082e-17 1.6379837e-17 
9.3621607e-18  1.9104582e-17 
6.3373721e-17  1.3196023e-17 

CM Pos
7.5084976      0.017445499   
7.5029376      0.0066985309  
7.4971086      0.012498477   
12.995325      0.016877941   

Stress
20.6737      -0.000720124 -0.0134678    0.0862027    0.0606516    0.0628445   
-0.000720124 20.729       -0.00690358   0.0606516    0.11165      0.0608344   
-0.0134678   -0.00690358  20.6836       0.0628445    0.0608344    0.0789012   

Stress Spherical
0            0            0             0            0            0           
0            0            0             0            0            0           
0            0            0             0            0            0           

Inertia
149.989      -56.3467     -56.3296      0.235188     0.165521     0.20225     
-56.3467     150.081      -56.2437      0.165521     0.355857     0.121545    
-56.3296     -56.2437     150.162       0.20225      0.121545     0.262865    

Bond Length
0.61760026    0.00670087  

BB bond length
0.61760026    0.00670087  

Water EE distance
0             0           

PEG EE distance
6.4961498     0.77622552  

BBB P2(x)
0.51593319    0.033535482 

BBB first bond length
0.6181377     0.0075936595

BBB second bond length
0.6175151     0.0062610818

BBB <phi**2>/<phi>**2
1.2245434     0.032859223 

