Time = 500
Temperature
   1.0330644     0.0414098

Pressure
   22.942352    0.12177431

CM Mom
-3.8534435e-17 8.5816648e-18 
2.4442255e-17  1.5284546e-17 
-9.9668622e-18 1.9840763e-17 
5.2985625e-17  8.6664052e-18 

CM Pos
7.5056519      0.021539343   
7.5044337      0.029542796   
7.4715476      0.023370233   
12.979872      0.012377168   

Stress
19.865       0.016426     0.00907546    0.0410402    0.0404038    0.0670295   
0.016426     19.744       0.0131863     0.0404038    0.0673828    0.0495065   
0.00907546   0.0131863    19.9333       0.0670295    0.0495065    0.099051    

Stress Spherical
0            0            0             0            0            0           
0            0            0             0            0            0           
0            0            0             0            0            0           

Inertia
149.287      -56.3754     -56.0319      0.223492     0.147109     0.344949    
-56.3754     149.326      -56.0649      0.147109     0.609858     0.147905    
-56.0319     -56.0649     149.824       0.344949     0.147905     0.239938    

Bond Length
0.61482777    0.0038108752

BB bond length
0.61482777    0.0038108752

Water EE distance
0             0           

PEG EE distance
3.7382259     0.20647801  

Time = 1000
Temperature
1.0108913     0.0094506812

Pressure
22.908671     0.10118656  

CM Mom
-3.326222e-17  6.610245e-18  
2.3492044e-17  1.6557289e-17 
-3.2666536e-18 2.3097588e-17 
4.991834e-17   5.3309977e-18 

CM Pos
7.5121794      0.012539143   
7.5103678      0.015314198   
7.4659101      0.012692661   
12.98379       0.0059237002  

Stress
19.8854      -0.00545171  0.0327748     0.146336     0.0571025    0.0484183   
-0.00545171  19.9134      0.0111854     0.0571025    0.0686558    0.0558342   
0.0327748    0.0111854    19.8418       0.0484183    0.0558342    0.10752     

Stress Spherical
0            0            0             0            0            0           
0            0            0             0            0            0           
0            0            0             0            0            0           

Inertia
149.412      -56.4105     -56.0458      0.128391     0.11689      0.126846    
-56.4105     149.369      -56.0512      0.11689      0.220897     0.126788    
-56.0458     -56.0512     150.057       0.126846     0.126788     0.305268    

Bond Length
0.61710433    0.0045195305

BB bond length
0.61710433    0.0045195305

Water EE distance
0             0           

PEG EE distance
3.7941429     0.32492748  

