Time = 1000
Temperature
   1.0406256    0.04578154

Pressure
   23.683485    0.25177406

CM Mom
2.6239565e-17  1.4847897e-17 
3.0355449e-17  2.3321948e-17 
-9.4548344e-18 3.7164795e-17 
5.9064735e-17  1.8876291e-17 

CM Pos
7.5031038      0.021492174   
7.5030892      0.019398536   
7.4992021      0.032800375   
12.993552      0.021368231   

Stress
20.5858      -7.71639e-05 0.0136185     0.179724     0.093074     0.033286    
-7.71639e-05 20.5396      0.00787194    0.093074     0.132583     0.0811553   
0.0136185    0.00787194   20.565        0.033286     0.0811553    0.114301    

Stress Spherical
0            0            0             0            0            0           
0            0            0             0            0            0           
0            0            0             0            0            0           

Inertia
150.039      -56.2592     -56.2713      0.373867     0.219335     0.18192     
-56.2592     150.034      -56.2491      0.219335     0.517018     0.326575    
-56.2713     -56.2491     150.116       0.18192      0.326575     0.970228    

Bond Length
0.62003134    0.0025824303

BB bond length
0.62003134    0.0025824303

Water EE distance
0             0           

PEG EE distance
5.1827739     0.26970337  

BBB P2(x)
0.48494839    0.050050635 

BBB first bond length
0.62020568    0.0027317391

BBB second bond length
0.61973088    0.0027607402

BBB <phi**2>/<phi>**2
1.2240683     0.014044689 

Time = 2000
Temperature
1.0055288     0.0070192477

Pressure
23.526399     0.096055737 

CM Mom
4.1690142e-17  1.4324437e-17 
4.5104936e-17  2.3564388e-17 
2.2757981e-17  1.5796172e-17 
7.1037873e-17  1.5939212e-17 

CM Pos
7.5053273      0.012274083   
7.5030892      0.011620227   
7.4951997      0.014719468   
12.992488      0.0079546791  

Stress
20.5915      0.0375328    -0.0259821    0.102994     0.0465682    0.0868326   
0.0375328    20.4628      -0.0288037    0.0465682    0.141659     0.0667007   
-0.0259821   -0.0288037   20.4805       0.0868326    0.0667007    0.10945     

Stress Spherical
0            0            0             0            0            0           
0            0            0             0            0            0           
0            0            0             0            0            0           

Inertia
149.9        -56.3226     -56.2379      0.243736     0.158828     0.120807    
-56.3226     149.94       -56.2475      0.158828     0.207819     0.149358    
-56.2379     -56.2475     150.041       0.120807     0.149358     0.400139    

Bond Length
0.61795216    0.003344662 

BB bond length
0.61795216    0.003344662 

Water EE distance
0             0           

PEG EE distance
5.6137441     0.090906854 

BBB P2(x)
0.51706419    0.011710322 

BBB first bond length
0.61802457    0.0030687698

BBB second bond length
0.61820048    0.0031230466

BBB <phi**2>/<phi>**2
1.2349016     0.011797224 

