Time = 1000
Temperature
   1.7431529     1.4959063

Pressure
   29.342199     3.5557209

CM Mom
-2.5036397e-17 2.9190402e-17 
-5.9271901e-18 7.359602e-17  
2.2261708e-16  4.5811836e-16 
4.2132165e-16  2.9807594e-16 

CM Pos
9.9916643      0.029470373   
9.996971       0.029023647   
10.00106       0.024901183   
17.314623      0.012300865   

Stress
24.1104      -0.0466648   -0.00965455   1.17081      0.112042     0.05912     
-0.0466648   24.1325      -0.0260586    0.112042     1.13418      0.106184    
-0.00965455  -0.0260586   24.1117       0.05912      0.106184     1.21952     

Stress Spherical
0            0            0             0            0            0           
0            0            0             0            0            0           
0            0            0             0            0            0           

Inertia
267.449      -99.8825     -99.8598      5.33413      0.186493     0.511128    
-99.8825     267.354      -99.934       0.186493     4.30933      0.177085    
-99.8598     -99.934      267.285       0.511128     0.177085     5.78925     

Bond Length
0.61831936    0.040228031 

BB bond length
0.61831936    0.040228031 

Water EE distance
0             0           

PEG EE distance
8.0485391     0.30340359  

BBB P2(x)
0.11942032    0.038425556 

BBB first bond length
0.61874139    0.040993554 

BBB second bond length
0.61856514    0.040440735 

BBB <phi**2>/<phi>**2
1.1324528     0.013272805 

Time = 2000
Temperature
1.0093618     0.0049298593

Pressure
26.967145     0.064957674 

CM Mom
-8.2256065e-18 2.7343676e-17 
4.9458757e-18  1.9797311e-17 
8.6306093e-17  2.496219e-17  
9.3023833e-17  2.5498067e-17 

CM Pos
10.000173      0.010444533   
10.001225      0.0075981131  
9.9974732      0.0089726203  
17.319861      0.011004891   

Stress
23.9645      0.00340074   0.0354176     0.125349     0.0452243    0.0439715   
0.00340074   23.9564      0.0108908     0.0452243    0.0690362    0.0602675   
0.0354176    0.0108908    23.9057       0.0439715    0.0602675    0.0941289   

Stress Spherical
0            0            0             0            0            0           
0            0            0             0            0            0           
0            0            0             0            0            0           

Inertia
266.962      -100.007     -100.005      1.00469      0.0933445    0.137262    
-100.007     266.932      -99.9787      0.0933445    1.12227      0.17924     
-100.005     -99.9787     267.001       0.137262     0.17924      1.07535     

Bond Length
0.60017724    0.00038479081

BB bond length
0.60017724    0.00038479081

Water EE distance
0             0           

PEG EE distance
7.4006015     0.15074729  

BBB P2(x)
0.083462253   0.0051049501

BBB first bond length
0.60029847    0.00045678051

BBB second bond length
0.60035959    0.0003798745

BBB <phi**2>/<phi>**2
1.1220083     0.0017381518

Time = 3000
Temperature
1.0115699     0.0060039872

Pressure
26.916952     0.058514843 

CM Mom
1.6698495e-18  1.6894658e-17 
-9.5026524e-18 1.7204281e-17 
8.660058e-17   1.8855747e-17 
9.0781311e-17  1.6984074e-17 

CM Pos
10.002175      0.0075337289  
9.9989731      0.01017077    
9.9923845      0.007339084   
17.31678       0.0072769593  

Stress
23.883       -0.00183359  0.0320416     0.123915     0.0683245    0.0656439   
-0.00183359  23.861       0.0127083     0.0683245    0.0445601    0.06096     
0.0320416    0.0127083    23.9121       0.0656439    0.06096      0.0814323   

Stress Spherical
0            0            0             0            0            0           
0            0            0             0            0            0           
0            0            0             0            0            0           

Inertia
266.577      -100.021     -100.015      0.200111     0.133019     0.142172    
-100.021     266.67       -99.9049      0.133019     0.294897     0.118183    
-100.015     -99.9049     266.744       0.142172     0.118183     0.206996    

Bond Length
0.60012875    0.00061435147

BB bond length
0.60012875    0.00061435147

Water EE distance
0             0           

PEG EE distance
6.891349      0.17367306  

BBB P2(x)
0.071700475   0.0043298454

BBB first bond length
0.60017288    0.00062715731

BBB second bond length
0.6002668     0.00062057164

BBB <phi**2>/<phi>**2
1.1177923     0.0015713328

Time = 4000
Temperature
1.0130006     0.0047327316

Pressure
26.936229     0.063854492 

CM Mom
1.3845025e-17  1.4998958e-17 
-3.4556994e-19 1.6692117e-17 
5.9604274e-17  3.4086908e-17 
6.6006284e-17  3.2452379e-17 

CM Pos
9.993583       0.0061691502  
9.9968042      0.0086648685  
9.9947203      0.0054549431  
17.311914      0.0037391939  

Stress
23.8597      0.053795     -0.0197199    0.0881244    0.0441775    0.0322193   
0.053795     23.9385      -0.0177103    0.0441775    0.0778987    0.0399967   
-0.0197199   -0.0177103   23.903        0.0322193    0.0399967    0.115997    

Stress Spherical
0            0            0             0            0            0           
0            0            0             0            0            0           
0            0            0             0            0            0           

Inertia
266.507      -99.8961     -99.8887      0.214026     0.11145      0.0650562   
-99.8961     266.422      -99.8981      0.11145      0.171058     0.130306    
-99.8887     -99.8981     266.485       0.0650562    0.130306     0.139105    

Bond Length
0.60020843    0.00067360612

BB bond length
0.60020843    0.00067360612

Water EE distance
0             0           

PEG EE distance
6.4421415     0.037275968 

BBB P2(x)
0.064011082   0.0041041171

BBB first bond length
0.60033596    0.0006566944

BBB second bond length
0.60038151    0.00064160774

BBB <phi**2>/<phi>**2
1.1158458     0.0015421005

Time = 5000
Temperature
1.0116225     0.0035970551

Pressure
26.94969      0.060933543 

CM Mom
1.5053652e-17  2.5737428e-17 
5.3114158e-18  1.3434275e-17 
5.0230241e-17  1.4479127e-17 
6.0632949e-17  1.2413146e-17 

CM Pos
9.9960856      0.0064341823  
10.001643      0.01134055    
9.9943866      0.011769054   
17.315962      0.011054451   

Stress
23.9194      -0.00692074  0.0332586     0.104806     0.0700949    0.0718504   
-0.00692074  23.9232      0.0224897     0.0700949    0.112736     0.0677273   
0.0332586    0.0224897    23.9113       0.0718504    0.0677273    0.0767595   

Stress Spherical
0            0            0             0            0            0           
0            0            0             0            0            0           
0            0            0             0            0            0           

Inertia
266.565      -99.9783     -99.8788      0.380229     0.117137     0.125834    
-99.9783     266.45       -99.9473      0.117137     0.215564     0.191932    
-99.8788     -99.9473     266.613       0.125834     0.191932     0.226308    

Bond Length
0.59986955    0.00045970229

BB bond length
0.59986955    0.00045970229

Water EE distance
0             0           

PEG EE distance
6.2127161     0.083077628 

BBB P2(x)
0.063872326   0.0037825468

BBB first bond length
0.59992982    0.00047171682

BBB second bond length
0.59998497    0.00046345647

BBB <phi**2>/<phi>**2
1.1157352     0.0020095164

Time = 6000
Temperature
1.0128607     0.0057684351

Pressure
26.981216     0.064503746 

CM Mom
4.1715559e-18  1.3762515e-17 
-1.0032063e-17 2.0590115e-17 
4.9940587e-17  8.1487053e-18 
5.611956e-17   1.1935764e-17 

CM Pos
9.9957519      0.010067616   
10.002727      0.010597981   
10.00448       0.0062342321  
17.322224      0.0076641969  

Stress
23.9567      -0.0296088   0.0203445     0.0808503    0.0617497    0.0581747   
-0.0296088   23.9412      -0.000631536  0.0617497    0.11457      0.0681594   
0.0203445    -0.000631536 23.9395       0.0581747    0.0681594    0.07976     

Stress Spherical
0            0            0             0            0            0           
0            0            0             0            0            0           
0            0            0             0            0            0           

Inertia
266.794      -99.9759     -100.008      0.249902     0.15055      0.155375    
-99.9759     266.636      -100.098      0.15055      0.263293     0.153177    
-100.008     -100.098     266.618       0.155375     0.153177     0.212579    

Bond Length
0.59987767    0.00042023499

BB bond length
0.59987767    0.00042023499

Water EE distance
0             0           

PEG EE distance
5.9548478     0.088169178 

BBB P2(x)
0.059102127   0.0047764668

BBB first bond length
0.60004098    0.0004621679

BBB second bond length
0.60001915    0.00044072667

BBB <phi**2>/<phi>**2
1.1147176     0.0017206241

Time = 7000
Temperature
1.0128574     0.0052445792

Pressure
26.956993     0.058936751 

CM Mom
7.7337048e-18  9.8174427e-18 
-6.2162649e-18 9.0220113e-18 
7.2612406e-17  1.6419282e-17 
7.4740006e-17  1.5241942e-17 

CM Pos
9.9990887      0.0097801103  
10.001726      0.0088661224  
9.9970561      0.0088849398  
17.319284      0.0091827066  

Stress
23.8605      -0.0106857   -0.0127892    0.0912906    0.0529005    0.0342935   
-0.0106857   23.9894      -0.00502246   0.0529005    0.044656     0.0684676   
-0.0127892   -0.00502246  23.915        0.0342935    0.0684676    0.0804581   

Stress Spherical
0            0            0             0            0            0           
0            0            0             0            0            0           
0            0            0             0            0            0           

Inertia
266.622      -99.9827     -99.9532      0.290398     0.186645     0.0998819   
-99.9827     266.569      -99.951       0.186645     0.195261     0.143252    
-99.9532     -99.951      266.667       0.0998819    0.143252     0.278013    

Bond Length
0.60002583    0.00034942067

BB bond length
0.60002583    0.00034942067

Water EE distance
0             0           

PEG EE distance
5.6854774     0.086044157 

BBB P2(x)
0.055665878   0.0043653989

BBB first bond length
0.60016805    0.00037345676

BBB second bond length
0.6001742     0.0002805305

BBB <phi**2>/<phi>**2
1.1136658     0.0016700007

Time = 8000
Temperature
1.0095701     0.0031686669

Pressure
26.924814     0.037394357 

CM Mom
9.0183914e-20  1.2578886e-17 
-1.3775795e-17 1.8827912e-17 
9.0267962e-17  1.4837594e-17 
9.3856616e-17  1.6183147e-17 

CM Pos
10.008515      0.010167691   
9.9968876      0.010079705   
9.9933856      0.011790321   
17.31982       0.008464601   

Stress
23.8796      -0.00408358  0.011319      0.0649006    0.0406936    0.0667531   
-0.00408358  23.8914      -0.00364841   0.0406936    0.072265     0.049104    
0.011319     -0.00364841  23.9268       0.0667531    0.049104     0.0805953   

Stress Spherical
0            0            0             0            0            0           
0            0            0             0            0            0           
0            0            0             0            0            0           

Inertia
266.435      -100.09      -100.063      0.397368     0.0913862    0.090744    
-100.09      266.659      -99.9165      0.0913862    0.241255     0.21424     
-100.063     -99.9165     266.735       0.090744     0.21424      0.188023    

Bond Length
0.60011041    0.00041379015

BB bond length
0.60011041    0.00041379015

Water EE distance
0             0           

PEG EE distance
5.5603224     0.023045217 

BBB P2(x)
0.056370917   0.0025135318

BBB first bond length
0.6002404     0.00048958336

BBB second bond length
0.60024129    0.0004416722

BBB <phi**2>/<phi>**2
1.1140007     0.001107524 

Time = 9000
Temperature
1.0129428     0.0065403063

Pressure
26.928261     0.048029981 

CM Mom
-8.0551948e-18 2.0504269e-17 
4.4297349e-18  1.3564951e-17 
9.4848008e-17  1.4591709e-17 
9.84538e-17    1.4312705e-17 

CM Pos
10.003009      0.010510949   
10.00281       0.0062920092  
9.9964721      0.0077040738  
17.321837      0.0069961487  

Stress
23.8404      -0.0164189   -0.00514744   0.0936807    0.0560529    0.0665094   
-0.0164189   23.8978      -0.0080386    0.0560529    0.0525268    0.0372095   
-0.00514744  -0.0080386   23.9396       0.0665094    0.0372095    0.0950926   

Stress Spherical
0            0            0             0            0            0           
0            0            0             0            0            0           
0            0            0             0            0            0           

Inertia
266.613      -100.08      -100.039      0.200051     0.140625     0.0900699   
-100.08      266.645      -99.9646      0.140625     0.233068     0.136758    
-100.039     -99.9646     266.757       0.0900699    0.136758     0.227181    

Bond Length
0.60019857    0.00049672326

BB bond length
0.60019857    0.00049672326

Water EE distance
0             0           

PEG EE distance
5.5664743     0.036655336 

BBB P2(x)
0.056265352   0.0042289617

BBB first bond length
0.60044824    0.00057073494

BBB second bond length
0.60034176    0.00044010336

BBB <phi**2>/<phi>**2
1.1136733     0.0015820904

Time = 10000
Temperature
1.0099584     0.0050858695

Pressure
26.951845     0.067358767 

CM Mom
3.2547247e-18  8.2448298e-18 
-2.1498039e-17 2.3295758e-17 
7.9859303e-17  1.3351534e-17 
8.6716181e-17  1.09318e-17   

CM Pos
9.9955851      0.0090467691  
9.9995571      0.0041172764  
10.000643      0.0091568665  
17.31808       0.0055651968  

Stress
23.9426      -0.0102087   0.00725968    0.091721     0.0347406    0.0428808   
-0.0102087   23.9227      -0.0152988    0.0347406    0.141577     0.0523194   
0.00725968   -0.0152988   23.9101       0.0428808    0.0523194    0.0414515   

Stress Spherical
0            0            0             0            0            0           
0            0            0             0            0            0           
0            0            0             0            0            0           

Inertia
266.65       -99.9951     -99.9974      0.1961       0.155524     0.126625    
-99.9951     266.588      -99.9617      0.155524     0.252712     0.0442297   
-99.9974     -99.9617     266.541       0.126625     0.0442297    0.260015    

Bond Length
0.59990268    0.00057931045

BB bond length
0.59990268    0.00057931045

Water EE distance
0             0           

PEG EE distance
5.4080931     0.067042395 

BBB P2(x)
0.052257111   0.0026386128

BBB first bond length
0.60007641    0.00060191063

BBB second bond length
0.6000774     0.00058483626

BBB <phi**2>/<phi>**2
1.112224      0.001571029 

Time = 11000
Temperature
1.0087317     0.0049964991

Pressure
26.962703     0.06313593  

CM Mom
2.7879448e-18  1.9550228e-17 
-2.9649554e-17 2.7072678e-17 
8.1429476e-17  9.9290012e-18 
9.2634736e-17  1.2253985e-17 

CM Pos
9.9902462      0.01085393    
10.004145      0.0135236     
10.005064      0.011203185   
17.320204      0.014692833   

Stress
23.9659      -0.036134    -0.00431004   0.0667704    0.0514166    0.0503877   
-0.036134    23.9041      0.0124602     0.0514166    0.0810679    0.0639528   
-0.00431004  0.0124602    23.949        0.0503877    0.0639528    0.100102    

Stress Spherical
0            0            0             0            0            0           
0            0            0             0            0            0           
0            0            0             0            0            0           

Inertia
266.842      -99.9655     -99.9489      0.358023     0.190061     0.184744    
-99.9655     266.539      -100.074      0.190061     0.397275     0.181493    
-99.9489     -100.074     266.556       0.184744     0.181493     0.458047    

Bond Length
0.60033617    0.00045545347

BB bond length
0.60033617    0.00045545347

Water EE distance
0             0           

PEG EE distance
5.3229466     0.030210899 

BBB P2(x)
0.052223038   0.0040741199

BBB first bond length
0.60044918    0.00037977051

BBB second bond length
0.60047941    0.0004136263

BBB <phi**2>/<phi>**2
1.1132621     0.0017213288

Time = 12000
Temperature
1.0090488     0.005550881 

Pressure
26.955771     0.027289341 

CM Mom
-3.3214076e-19 1.913943e-17  
-4.3653645e-17 1.4172957e-17 
8.8442114e-17  2.4829758e-17 
1.0181028e-16  2.3369481e-17 

CM Pos
10.002676      0.012104847   
10.002644      0.0083873637  
9.9985576      0.0082006795  
17.322752      0.011045866   

Stress
23.9451      0.00872722   -0.0104897    0.0817186    0.0514578    0.0520555   
0.00872722   23.9176      -0.0167334    0.0514578    0.0730694    0.0480732   
-0.0104897   -0.0167334   23.9326       0.0520555    0.0480732    0.047687    

Stress Spherical
0            0            0             0            0            0           
0            0            0             0            0            0           
0            0            0             0            0            0           

Inertia
266.69       -100.03      -99.9745      0.267236     0.205157     0.202154    
-100.03      266.68       -99.9866      0.205157     0.290198     0.136994    
-99.9745     -99.9866     266.781       0.202154     0.136994     0.349048    

Bond Length
0.59972036    0.00064647997

BB bond length
0.59972036    0.00064647997

Water EE distance
0             0           

PEG EE distance
5.2703702     0.017248999 

BBB P2(x)
0.054420899   0.0023916579

BBB first bond length
0.59989823    0.0007177445

BBB second bond length
0.59986938    0.00063325662

BBB <phi**2>/<phi>**2
1.1130309     0.00079353737

Time = 13000
Temperature
1.0139372     0.0054892792

Pressure
26.979253     0.057441052 

CM Mom
-4.0083798e-18 1.5245158e-17 
-3.6204384e-17 8.7014084e-18 
4.4728211e-17  1.8445873e-17 
6.1620379e-17  1.3369591e-17 

CM Pos
10.005429      0.014095057   
9.9978887      0.0054549431  
10.005815      0.014580415   
17.325791      0.011729159   

Stress
23.9118      -0.0105681   -0.00732148   0.0622444    0.047657     0.0513804   
-0.0105681   23.9578      -0.0163902    0.047657     0.101893     0.0562764   
-0.00732148  -0.0163902   23.9523       0.0513804    0.0562764    0.075743    

Stress Spherical
0            0            0             0            0            0           
0            0            0             0            0            0           
0            0            0             0            0            0           

Inertia
266.726      -99.9881     -100.085      0.362855     0.147447     0.217517    
-99.9881     266.904      -100.072      0.147447     0.364294     0.214898    
-100.085     -100.072     266.72        0.217517     0.214898     0.283085    

Bond Length
0.60032537    0.000343018 

BB bond length
0.60032537    0.000343018 

Water EE distance
0             0           

PEG EE distance
5.2738163     0.020564611 

BBB P2(x)
0.054391401   0.0018670379

BBB first bond length
0.60047449    0.00032605516

BBB second bond length
0.60045873    0.00040060132

BBB <phi**2>/<phi>**2
1.1136187     0.00080567158

Time = 14000
Temperature
1.0106591     0.004093611 

Pressure
26.954805     0.055213974 

CM Mom
-2.4824772e-17 2.9700618e-17 
-3.5512666e-17 1.6971255e-17 
4.8897973e-17  2.4474837e-17 
7.402108e-17   2.3632141e-17 

CM Pos
9.9990887      0.0061442836  
10.004479      0.011923258   
9.9988079      0.010902548   
17.321885      0.011253728   

Stress
23.9595      0.00341784   -0.0349419    0.144837     0.0767638    0.0587033   
0.00341784   23.905       -0.0178383    0.0767638    0.101881     0.0447812   
-0.0349419   -0.0178383   23.9135       0.0587033    0.0447812    0.0436835   

Stress Spherical
0            0            0             0            0            0           
0            0            0             0            0            0           
0            0            0             0            0            0           

Inertia
266.728      -100.04      -99.9924      0.329127     0.163741     0.157328    
-100.04      266.646      -100          0.163741     0.282317     0.200152    
-99.9924     -100         266.732       0.157328     0.200152     0.253924    

Bond Length
0.60004368    0.00062952188

BB bond length
0.60004368    0.00062952188

Water EE distance
0             0           

PEG EE distance
5.2561327     0.031295073 

BBB P2(x)
0.055975112   0.0044534126

BBB first bond length
0.60013457    0.00067496889

BBB second bond length
0.60020688    0.00063231551

BBB <phi**2>/<phi>**2
1.1141034     0.0017173678

Time = 15000
Temperature
1.0126099     0.0038820436

Pressure
26.974116     0.056668807 

CM Mom
3.3579905e-18  2.3499066e-17 
-2.8648848e-17 1.5229901e-17 
6.7356502e-17  9.5804353e-18 
7.8122864e-17  1.190335e-17  

CM Pos
10.001842      0.0075797734  
10.003311      0.0045850782  
10.000393      0.0099839762  
17.323713      0.0077535952  

Stress
23.9035      0.00398697   0.00975189    0.0796684    0.0680066    0.0548532   
0.00398697   23.9632      0.0029226     0.0680066    0.0931482    0.0415785   
0.00975189   0.0029226    23.9517       0.0548532    0.0415785    0.0907487   

Stress Spherical
0            0            0             0            0            0           
0            0            0             0            0            0           
0            0            0             0            0            0           

Inertia
266.73       -100.089     -100.033      0.158459     0.132228     0.131667    
-100.089     266.727      -100.06       0.132228     0.303755     0.0948127   
-100.033     -100.06      266.791       0.131667     0.0948127    0.148781    

Bond Length
0.6002295     0.00052605605

BB bond length
0.6002295     0.00052605605

Water EE distance
0             0           

PEG EE distance
5.3063915     0.0095020946

BBB P2(x)
0.053993475   0.003246031 

BBB first bond length
0.60039065    0.00055567337

BBB second bond length
0.60038766    0.00049909315

BBB <phi**2>/<phi>**2
1.113974      0.0011750965

Time = 16000
Temperature
1.0158137     0.0046995782

Pressure
26.971854     0.057442639 

CM Mom
9.9663065e-18  2.4148263e-17 
-1.0354827e-17 2.4834462e-17 
5.7192809e-17  2.1252724e-17 
6.9289906e-17  1.8111971e-17 

CM Pos
10.003677      0.0066422621  
10.001142      0.0097244518  
9.9995587      0.011124644   
17.323041      0.0083306151  

Stress
23.8815      0.0368302    0.0192038     0.0725587    0.0574534    0.0505366   
0.0368302    23.946       0.00713096    0.0574534    0.0588134    0.0632591   
0.0192038    0.00713096   23.9553       0.0505366    0.0632591    0.11153     

Stress Spherical
0            0            0             0            0            0           
0            0            0             0            0            0           
0            0            0             0            0            0           

Inertia
266.685      -100.092     -100.023      0.303983     0.123511     0.125825    
-100.092     266.79       -99.9935      0.123511     0.222616     0.145645    
-100.023     -99.9935     266.781       0.125825     0.145645     0.191947    

Bond Length
0.6000434     0.0005607108

BB bond length
0.6000434     0.0005607108

Water EE distance
0             0           

PEG EE distance
5.2444951     0.034123904 

BBB P2(x)
0.052728531   0.0026328841

BBB first bond length
0.60024044    0.00056384785

BBB second bond length
0.60016136    0.00054801723

BBB <phi**2>/<phi>**2
1.1132937     0.0014424148

Time = 17000
Temperature
1.0098514     0.0053133245

Pressure
26.924947     0.039933045 

CM Mom
6.983407e-18   2.5766493e-17 
9.3134861e-18  1.53151e-17   
6.474441e-17   1.6195925e-17 
7.2202906e-17  1.6578913e-17 

CM Pos
10.005762      0.0078366191  
9.9982223      0.0086226016  
9.996055       0.0064638567  
17.320535      0.0099262816  

Stress
23.8998      -0.0059995   0.00284301    0.0860247    0.0514605    0.0504675   
-0.0059995   23.9109      0.0129639     0.0514605    0.0816738    0.0572339   
0.00284301   0.0129639    23.8849       0.0504675    0.0572339    0.0809308   

Stress Spherical
0            0            0             0            0            0           
0            0            0             0            0            0           
0            0            0             0            0            0           

Inertia
266.559      -100.041     -99.9997      0.239343     0.168282     0.157556    
-100.041     266.734      -99.9252      0.168282     0.301383     0.140951    
-99.9997     -99.9252     266.779       0.157556     0.140951     0.250112    

Bond Length
0.60033465    0.00048062616

BB bond length
0.60033465    0.00048062616

Water EE distance
0             0           

PEG EE distance
5.2382311     0.042772184 

BBB P2(x)
0.05357732    0.0034518284

BBB first bond length
0.60048733    0.00048438931

BBB second bond length
0.60046516    0.0004850631

BBB <phi**2>/<phi>**2
1.1132162     0.0015091221

Time = 18000
Temperature
1.0136757     0.0065858373

Pressure
26.98863      0.058374586 

CM Mom
-1.2905445e-17 1.4994346e-17 
-3.5429891e-18 2.2331395e-17 
6.0921607e-17  1.6765836e-17 
6.8334694e-17  1.5017654e-17 

CM Pos
10.007931      0.014849972   
10.007983      0.01407826    
9.9907161      0.0076637725  
17.324353      0.0083876731  

Stress
23.9469      -0.00461144  0.0260787     0.0869025    0.0817041    0.0453718   
-0.00461144  23.9864      0.0372522     0.0817041    0.032057     0.0620903   
0.0260787    0.0372522    23.9191       0.0453718    0.0620903    0.112732    

Stress Spherical
0            0            0             0            0            0           
0            0            0             0            0            0           
0            0            0             0            0            0           

Inertia
266.611      -100.197     -100.008      0.406092     0.151784     0.179491    
-100.197     266.609      -100.011      0.151784     0.251687     0.188258    
-100.008     -100.011     266.986       0.179491     0.188258     0.218914    

Bond Length
0.60001529    0.00060613701

BB bond length
0.60001529    0.00060613701

Water EE distance
0             0           

PEG EE distance
5.1697436     0.0649206   

BBB P2(x)
0.052003469   0.0027959979

BBB first bond length
0.60017213    0.00062975788

BBB second bond length
0.60010087    0.00059875414

BBB <phi**2>/<phi>**2
1.1126164     0.0013115014

Time = 19000
Temperature
1.0099126     0.0071423647

Pressure
26.990438     0.070407015 

CM Mom
-4.5397587e-18 1.8029784e-17 
-2.3605611e-17 1.2026452e-17 
5.5595431e-17  9.3656395e-18 
6.4127003e-17  1.0669469e-17 

CM Pos
10.003093      0.013389142   
9.9986394      0.0074841476  
9.9857109      0.011327963   
17.313273      0.0058630681  

Stress
23.9582      -0.00518982  0.0343758     0.102522     0.0511605    0.0463423   
-0.00518982  23.9781      0.00468473    0.0511605    0.0740971    0.0527857   
0.0343758    0.00468473   23.9553       0.0463423    0.0527857    0.0795698   

Stress Spherical
0            0            0             0            0            0           
0            0            0             0            0            0           
0            0            0             0            0            0           

Inertia
266.301      -99.9817     -99.8644      0.300535     0.170447     0.123691    
-99.9817     266.402      -99.8255      0.170447     0.166601     0.207723    
-99.8644     -99.8255     266.674       0.123691     0.207723     0.217067    

Bond Length
0.59984375    0.00049308868

BB bond length
0.59984375    0.00049308868

Water EE distance
0             0           

PEG EE distance
5.1602036     0.037723528 

BBB P2(x)
0.052043211   0.0032626084

BBB first bond length
0.59996299    0.0005965802

BBB second bond length
0.59992984    0.00050776363

BBB <phi**2>/<phi>**2
1.1125862     0.0019093107

Time = 20000
Temperature
1.0105957     0.0036319769

Pressure
26.963875     0.043325261 

CM Mom
3.0426362e-18  1.4993504e-17 
-2.2200987e-18 1.4479885e-17 
8.4334405e-17  1.431542e-17  
8.6939369e-17  1.4402356e-17 

CM Pos
10.003677      0.0053415009  
9.998556       0.0090386887  
9.991884       0.01246958    
17.317119      0.0086372232  

Stress
23.9655      -0.00732532  0.0125114     0.0869815    0.0572852    0.0748152   
-0.00732532  23.9316      -0.00626279   0.0572852    0.0906588    0.0781866   
0.0125114    -0.00626279  23.9087       0.0748152    0.0781866    0.0505603   

Stress Spherical
0            0            0             0            0            0           
0            0            0             0            0            0           
0            0            0             0            0            0           

Inertia
266.409      -100.046     -99.9547      0.28417      0.111483     0.129162    
-100.046     266.534      -99.9469      0.111483     0.295055     0.151745    
-99.9547     -99.9469     266.664       0.129162     0.151745     0.169071    

Bond Length
0.60006687    0.00041196024

BB bond length
0.60006687    0.00041196024

Water EE distance
0             0           

PEG EE distance
5.1628718     0.026531145 

BBB P2(x)
0.052414997   0.0036957415

BBB first bond length
0.60018773    0.00042880831

BBB second bond length
0.60025025    0.00037735102

BBB <phi**2>/<phi>**2
1.1130067     0.0014435524

Time = 21000
Temperature
1.0101628     0.0054671761

Pressure
26.953272     0.046676094 

CM Mom
2.4046111e-17  2.8857736e-17 
-1.2674024e-17 9.2837244e-18 
8.6168762e-17  1.3477408e-17 
9.524892e-17   1.3861533e-17 

CM Pos
10.007764      0.0088712227  
9.996971       0.0086084665  
9.9952208      0.0050632712  
17.32049       0.00582568    

Stress
23.9067      -0.0569091   0.0383196     0.0575139    0.0575017    0.0410925   
-0.0569091   23.9506      0.00769026    0.0575017    0.070243     0.048681    
0.0383196    0.00769026   23.9206       0.0410925    0.048681     0.102605    

Stress Spherical
0            0            0             0            0            0           
0            0            0             0            0            0           
0            0            0             0            0            0           

Inertia
266.465      -100.03      -100.049      0.180051     0.159412     0.115688    
-100.03      266.73       -99.9389      0.159412     0.165399     0.115078    
-100.049     -99.9389     266.749       0.115688     0.115078     0.233735    

Bond Length
0.59987138    0.00047984405

BB bond length
0.59987138    0.00047984405

Water EE distance
0             0           

PEG EE distance
5.0721761     0.035681095 

BBB P2(x)
0.055827215   0.0025080086

BBB first bond length
0.60002989    0.00048190265

BBB second bond length
0.59999816    0.00044914347

BBB <phi**2>/<phi>**2
1.11403       0.0013089953

Time = 22000
Temperature
1.0104653     0.0022538709

Pressure
26.95485      0.054737854 

CM Mom
5.8554019e-17  2.3038681e-17 
-1.3767229e-17 4.8908921e-17 
8.2832594e-17  1.7408739e-17 
1.1459344e-16  2.3950351e-17 

CM Pos
10.003927      0.0094603837  
9.9968042      0.0061124889  
10.000059      0.014268518   
17.320973      0.0084077239  

Stress
23.9262      -0.0339073   -0.0251221    0.0850887    0.0521095    0.0669885   
-0.0339073   23.9333      -0.00649969   0.0521095    0.123592     0.0593792   
-0.0251221   -0.00649969  23.9203       0.0669885    0.0593792    0.0788485   

Stress Spherical
0            0            0             0            0            0           
0            0            0             0            0            0           
0            0            0             0            0            0           

Inertia
266.561      -100         -100.04       0.374932     0.0824739    0.117272    
-100         266.751      -99.9774      0.0824739    0.222908     0.211563    
-100.04      -99.9774     266.652       0.117272     0.211563     0.21889     

Bond Length
0.60016022    0.00054551397

BB bond length
0.60016022    0.00054551397

Water EE distance
0             0           

PEG EE distance
5.0889859     0.033999844 

BBB P2(x)
0.052659412   0.0035122813

BBB first bond length
0.6002748     0.00055190949

BBB second bond length
0.60033601    0.00053387846

BBB <phi**2>/<phi>**2
1.1129545     0.0014036815

Time = 23000
Temperature
1.0115764     0.0038341581

Pressure
26.983873     0.083995901 

CM Mom
3.4404816e-17  2.0948376e-17 
1.138378e-17   9.3753361e-18 
1.1095354e-16  1.8448469e-17 
1.191157e-16   1.7392446e-17 

CM Pos
10.001925      0.012470976   
10.010068      0.0097483954  
9.991884       0.0075466497  
17.322757      0.011125164   

Stress
23.9499      -0.0297332   0.0240482     0.0853296    0.0753568    0.0567218   
-0.0297332   23.9753      -0.00970734   0.0753568    0.085809     0.0553735   
0.0240482    -0.00970734  23.9317       0.0567218    0.0553735    0.122357    

Stress Spherical
0            0            0             0            0            0           
0            0            0             0            0            0           
0            0            0             0            0            0           

Inertia
266.658      -100.158     -99.9346      0.291017     0.138595     0.176005    
-100.158     266.566      -100.076      0.138595     0.3278       0.129402    
-99.9346     -100.076     266.899       0.176005     0.129402     0.309751    

Bond Length
0.6000445     0.00060739367

BB bond length
0.6000445     0.00060739367

Water EE distance
0             0           

PEG EE distance
5.1117314     0.030006965 

BBB P2(x)
0.052546994   0.0034210373

BBB first bond length
0.60021664    0.0006857415

BBB second bond length
0.60013631    0.00051204333

BBB <phi**2>/<phi>**2
1.1126746     0.001593071 

Time = 24000
Temperature
1.0158206     0.0046686118

Pressure
26.969735     0.05852491  

CM Mom
2.2695899e-17  1.9453072e-17 
-5.8970034e-18 1.0725972e-17 
1.0001732e-16  1.4719773e-17 
1.049304e-16   1.5908901e-17 

CM Pos
9.9975872      0.0064298547  
9.9984726      0.010294543   
9.9957213      0.0086451697  
17.315768      0.007788564   

Stress
23.9168      -0.012887    -0.00437864   0.0912872    0.0541465    0.052131    
-0.012887    23.9155      0.0216651     0.0541465    0.0634827    0.0526911   
-0.00437864  0.0216651    23.9441       0.052131     0.0526911    0.0835583   

Stress Spherical
0            0            0             0            0            0           
0            0            0             0            0            0           
0            0            0             0            0            0           

Inertia
266.52       -99.9756     -99.9611      0.296662     0.157925     0.0683388   
-99.9756     266.549      -99.9411      0.157925     0.122664     0.155067    
-99.9611     -99.9411     266.609       0.0683388    0.155067     0.274502    

Bond Length
0.60019458    0.0004570762

BB bond length
0.60019458    0.0004570762

Water EE distance
0             0           

PEG EE distance
5.1209163     0.027287818 

BBB P2(x)
0.049667675   0.00271374  

BBB first bond length
0.60032749    0.00053835173

BBB second bond length
0.60036647    0.00041396094

BBB <phi**2>/<phi>**2
1.1120957     0.0010836972

Time = 25000
Temperature
1.0107248     0.0027559419

Pressure
26.976013     0.040980416 

CM Mom
-3.6073566e-19 1.5583428e-17 
5.6602851e-18  2.999597e-17  
7.5807278e-17  1.8488062e-17 
8.2951458e-17  1.9554486e-17 

CM Pos
9.9997561      0.0059696486  
10.001309      0.0095991278  
9.9942198      0.0076346602  
17.31779       0.009114658   

Stress
23.9232      0.0239307    0.0116016     0.0730209    0.0479041    0.0519473   
0.0239307    23.9174      -0.00375435   0.0479041    0.0461295    0.0560188   
0.0116016    -0.00375435  24.0004       0.0519473    0.0560188    0.0512926   

Stress Spherical
0            0            0             0            0            0           
0            0            0             0            0            0           
0            0            0             0            0            0           

Inertia
266.603      -100.003     -99.9034      0.290157     0.112947     0.206007    
-100.003     266.575      -99.9392      0.112947     0.286252     0.164522    
-99.9034     -99.9392     266.722       0.206007     0.164522     0.259922    

Bond Length
0.59972246    0.00041385123

BB bond length
0.59972246    0.00041385123

Water EE distance
0             0           

PEG EE distance
5.0671878     0.046352234 

BBB P2(x)
0.051176647   0.0037286416

BBB first bond length
0.59979895    0.00041136589

BBB second bond length
0.59984568    0.00044320805

BBB <phi**2>/<phi>**2
1.1122749     0.0014947314

Time = 26000
Temperature
1.0144049     0.0029238602

Pressure
26.9822       0.036375864 

CM Mom
8.423658e-18   1.8214282e-17 
-1.2321044e-17 2.1376922e-17 
7.2732516e-17  1.8936782e-17 
7.9434198e-17  1.8717045e-17 

CM Pos
10.000006      0.010258993   
9.9982223      0.0058059521  
10.004314      0.0078437199  
17.32198       0.0090684801  

Stress
23.9441      -0.00996423  -0.00625299   0.105835     0.0369128    0.0734509   
-0.00996423  23.8865      0.00061788    0.0369128    0.0921935    0.0479281   
-0.00625299  0.00061788   23.9959       0.0734509    0.0479281    0.0810356   

Stress Spherical
0            0            0             0            0            0           
0            0            0             0            0            0           
0            0            0             0            0            0           

Inertia
266.767      -100.003     -100.042      0.212143     0.143128     0.164907    
-100.003     266.779      -100.048      0.143128     0.255348     0.134434    
-100.042     -100.048     266.659       0.164907     0.134434     0.306781    

Bond Length
0.59982972    0.00030869151

BB bond length
0.59982972    0.00030869151

Water EE distance
0             0           

PEG EE distance
5.0111979     0.022096155 

BBB P2(x)
0.051667883   0.0039011404

BBB first bond length
0.60000474    0.00031849687

BBB second bond length
0.59989344    0.00036702197

BBB <phi**2>/<phi>**2
1.1125396     0.0015245249

Time = 27000
Temperature
1.0125928     0.0054273265

Pressure
26.965542     0.074287742 

CM Mom
3.7833368e-17  1.7796075e-17 
-2.2374409e-17 2.7071545e-17 
7.8061182e-17  2.0032125e-17 
9.614882e-17   1.5224495e-17 

CM Pos
9.9958354      0.0085088634  
9.9963037      0.011303672   
9.9978903      0.010871548   
17.314759      0.0087128644  

Stress
23.8917      -0.0149344   -0.00259259   0.115896     0.0618393    0.0331119   
-0.0149344   23.9581      0.0120276     0.0618393    0.0738776    0.0629672   
-0.00259259  0.0120276    23.9429       0.0331119    0.0629672    0.0982252   

Stress Spherical
0            0            0             0            0            0           
0            0            0             0            0            0           
0            0            0             0            0            0           

Inertia
266.573      -99.9045     -99.9406      0.334379     0.146553     0.142224    
-99.9045     266.565      -99.9602      0.146553     0.252391     0.168236    
-99.9406     -99.9602     266.517       0.142224     0.168236     0.286912    

Bond Length
0.60021076    0.00065220899

BB bond length
0.60021076    0.00065220899

Water EE distance
0             0           

PEG EE distance
5.0428386     0.039646919 

BBB P2(x)
0.049119939   0.0022414876

BBB first bond length
0.60039471    0.00075444728

BBB second bond length
0.60035171    0.00063900312

BBB <phi**2>/<phi>**2
1.1122242     0.0014503474

Time = 28000
Temperature
1.0114526     0.0038468177

Pressure
26.976986     0.060719249 

CM Mom
5.4268257e-17  1.5311384e-17 
-5.9368568e-17 2.3222977e-17 
6.7085487e-17  1.3426176e-17 
1.0751545e-16  1.9093695e-17 

CM Pos
9.9987551      0.0058566705  
9.9989731      0.0092836634  
9.9997255      0.012611638   
17.319045      0.0055737686  

Stress
23.9437      -0.00342607  -0.00939526   0.0756939    0.0531362    0.0658826   
-0.00342607  23.9171      -0.00368409   0.0531362    0.0660897    0.0504856   
-0.00939526  -0.00368409  23.9766       0.0658826    0.0504856    0.113173    

Stress Spherical
