Time = 500
Temperature
   1.0347457   0.036114714

Pressure
   22.989457    0.14391158

CM Mom
8.5828991e-17  1.7409156e-17 
6.5777777e-18  9.3605532e-18 
2.042784e-17   1.4691536e-17 
9.0415389e-17  1.6086544e-17 

CM Pos
7.5217239      0.045319438   
7.4880275      0.031169726   
7.4941088      0.012953544   
12.992747      0.016634635   

Stress
19.8523      0.00546191   0.00810281    0.0545514    0.0658404    0.0348148   
0.00546191   19.8338      0.0226703     0.0658404    0.0785173    0.0411865   
0.00810281   0.0226703    19.9824       0.0348148    0.0411865    0.0721794   

Stress Spherical
0            0            0             0            0            0           
0            0            0             0            0            0           
0            0            0             0            0            0           

Inertia
149.386      -56.2678     -56.3319      0.460127     0.170844     0.3787      
-56.2678     149.873      -56.1521      0.170844     0.571919     0.204298    
-56.3319     -56.1521     149.818       0.3787       0.204298     0.292649    

Bond Length
0.61873667    0.0025252478

BB bond length
0.61873667    0.0025252478

Water EE distance
0             0           

PEG EE distance
3.6344692     0.16194265  

Time = 1000
Temperature
1.014271      0.0075739794

Pressure
22.9319       0.066083108 

CM Mom
9.4416447e-17  1.7187609e-17 
3.2194381e-17  1.894346e-17  
4.4963978e-17  1.2754272e-17 
1.1155219e-16  1.8594435e-17 

CM Pos
7.5226141      0.012539143   
7.4930715      0.021093311   
7.5039001      0.010422808   
13.00173       0.0089167899  

Stress
19.9503      -0.0159945   0.0526699     0.089549     0.0518284    0.0900421   
-0.0159945   19.8606      -0.0234439    0.0518284    0.0582038    0.0422617   
0.0526699    -0.0234439   19.869        0.0900421    0.0422617    0.0614525   

Stress Spherical
0            0            0             0            0            0           
0            0            0             0            0            0           
0            0            0             0            0            0           

Inertia
149.661      -56.3668     -56.4364      0.397196     0.126262     0.0869572   
-56.3668     150.017      -56.2645      0.126262     0.168212     0.19505     
-56.4364     -56.2645     149.946       0.0869572    0.19505      0.229422    

Bond Length
0.61306412    0.0057184828

BB bond length
0.61306412    0.0057184828

Water EE distance
0             0           

PEG EE distance
4.1094409     0.30403756  

