Time = 1000
Temperature
   1.1694128    0.26537845

Pressure
   23.964716     1.1414833

CM Mom
4.7938283e-17  1.6859731e-17 
3.331077e-17   3.2917842e-17 
-9.1489748e-17 2.5368847e-16 
2.1914232e-16  1.7169852e-16 

CM Pos
7.5068546      0.023451832   
7.5057922      0.017795392   
7.4986539      0.015867626   
12.996946      0.010552097   

Stress
20.4985      -0.00724323  -0.0458006    0.366463     0.0504897    0.0500079   
-0.00724323  20.4481      0.0269417     0.0504897    0.39456      0.0492616   
-0.0458006   0.0269417    20.4259       0.0500079    0.0492616    0.346746    

Stress Spherical
0            0            0             0            0            0           
0            0            0             0            0            0           
0            0            0             0            0            0           

Inertia
150.25       -56.3319     -56.3213      1.34961      0.108203     0.279101    
-56.3319     150.266      -56.2615      0.108203     1.25207      0.185749    
-56.3213     -56.2615     150.368       0.279101     0.185749     1.45008     

Bond Length
0.618138      0.010464634 

BB bond length
0.618138      0.010464634 

Water EE distance
0             0           

PEG EE distance
6.9718006     0.22570012  

BBB P2(x)
0.46678443    0.061672468 

BBB first bond length
0.61809969    0.010697209 

BBB second bond length
0.61822847    0.010578744 

BBB <phi**2>/<phi>**2
1.2188941     0.01373873  

Time = 2000
Temperature
1.0081538     0.007271516 

Pressure
23.075197     0.091758202 

CM Mom
7.0705937e-17  1.7451e-17    
5.9121131e-17  1.5258232e-17 
-4.5101439e-17 4.5743956e-17 
1.1304527e-16  1.9478308e-17 

CM Pos
7.5030016      0.014413535   
7.5007537      0.011653588   
7.5017659      0.012956427   
12.993585      0.0098534526  

Stress
19.9956      -0.0158472   -0.0232528    0.112346     0.078777     0.0879636   
-0.0158472   20.1132      0.0321562     0.078777     0.144199     0.0635109   
-0.0232528   0.0321562    20.0461       0.0879636    0.0635109    0.132638    

Stress Spherical
0            0            0             0            0            0           
0            0            0             0            0            0           
0            0            0             0            0            0           

Inertia
149.927      -56.2783     -56.2719      0.387436     0.141275     0.146396    
-56.2783     149.958      -56.2581      0.141275     0.296865     0.117019    
-56.2719     -56.2581     149.943       0.146396     0.117019     0.441119    

Bond Length
0.61669292    0.0016154267

BB bond length
0.61669292    0.0016154267

Water EE distance
0             0           

PEG EE distance
7.1632869     0.045424312 

BBB P2(x)
0.50574874    0.0052810554

BBB first bond length
0.61666108    0.0015491464

BBB second bond length
0.61674323    0.0015291884

BBB <phi**2>/<phi>**2
1.2245894     0.0071770354

