Time = 1000
Temperature
   1.0486198   0.061546067

Pressure
   23.656219    0.25560445

CM Mom
-9.8165283e-18 1.0288426e-17 
-9.6664314e-18 1.8558283e-17 
1.6393763e-17  1.9529861e-16 
1.6912689e-16  1.0220794e-16 

CM Pos
7.4972544      0.018926599   
7.4972353      0.04638683    
7.5035796      0.016704715   
12.989342      0.02900303    

Stress
20.5038      0.0237794    -0.0308666    0.132949     0.0701217    0.0288045   
0.0237794    20.5098      -0.0374112    0.0701217    0.142096     0.0593873   
-0.0308666   -0.0374112   20.5268       0.0288045    0.0593873    0.0989098   

Stress Spherical
0            0            0             0            0            0           
0            0            0             0            0            0           
0            0            0             0            0            0           

Inertia
150.029      -56.193      -56.2451      0.527295     0.444265     0.13377     
-56.193      150.023      -56.2542      0.444265     0.655545     0.298945    
-56.2451     -56.2542     149.926       0.13377      0.298945     0.493335    

Bond Length
0.61786698    0.0032907473

BB bond length
0.61786698    0.0032907473

Water EE distance
0             0           

PEG EE distance
6.4186453     0.3211841   

BBB P2(x)
0.45735379    0.053486258 

BBB first bond length
0.61779065    0.0037079286

BBB second bond length
0.61812001    0.0037019793

BBB <phi**2>/<phi>**2
1.2078932     0.0137544   

Time = 2000
Temperature
1.0113595     0.0094070686

Pressure
23.507964     0.086613847 

CM Mom
-1.8405253e-17 1.5325956e-17 
-2.6240887e-17 1.7588123e-17 
-7.2632349e-18 2.0987871e-17 
4.1167559e-17  1.9236473e-17 

CM Pos
7.5085247      0.012011864   
7.5033153      0.020911118   
7.4948302      0.024725653   
12.994274      0.014450287   

Stress
20.513       -0.00936581  -0.00348622   0.0831644    0.0675618    0.0550013   
-0.00936581  20.4442      0.0147283     0.0675618    0.0825067    0.0437266   
-0.00348622  0.0147283    20.4734       0.0550013    0.0437266    0.105245    

Stress Spherical
0            0            0             0            0            0           
0            0            0             0            0            0           
0            0            0             0            0            0           

Inertia
149.87       -56.3476     -56.2532      0.384497     0.143434     0.218728    
-56.3476     149.945      -56.2591      0.143434     0.569372     0.168354    
-56.2532     -56.2591     150.08        0.218728     0.168354     0.201906    

Bond Length
0.61814909    0.0032092843

BB bond length
0.61814909    0.0032092843

Water EE distance
0             0           

PEG EE distance
6.980658      0.22043701  

BBB P2(x)
0.50357086    0.020114168 

BBB first bond length
0.61845835    0.0032260765

BBB second bond length
0.6174742     0.0033427674

BBB <phi**2>/<phi>**2
1.2233576     0.011993089 

