Time = 1000
Temperature
   1.0683832    0.20469654

Pressure
   23.743727    0.63498296

CM Mom
1.661056e-17   2.2979178e-17 
-2.2175697e-18 2.0574383e-17 
-2.7131871e-17 4.9081286e-17 
5.7560675e-17  3.2619869e-17 

CM Pos
7.4991583      0.017366305   
7.4992301      0.016731662   
7.5001018      0.019422873   
12.989533      0.018757121   

Stress
20.5477      0.00417378   0.00181312    0.130169     0.0667757    0.068353    
0.00417378   20.5451      0.00500404    0.0667757    0.138782     0.0690059   
0.00181312   0.00500404   20.5276       0.068353     0.0690059    0.122154    

Stress Spherical
0            0            0             0            0            0           
0            0            0             0            0            0           
0            0            0             0            0            0           

Inertia
149.93       -56.234      -56.2595      0.34006      0.225151     0.251123    
-56.234      149.924      -56.2296      0.225151     0.282325     0.167058    
-56.2595     -56.2296     149.91        0.251123     0.167058     0.443898    

Bond Length
0.5738269     0.019060022 

BB bond length
0.5738269     0.019060022 

Water EE distance
0             0           

PEG EE distance
2.2667179     0.35285742  

Time = 2000
Temperature
1.0080478     0.0082599784

Pressure
23.536453     0.098405318 

CM Mom
-1.3166661e-17 2.4985193e-17 
-1.4324695e-17 3.3028197e-17 
-2.8876618e-17 2.782146e-17  
5.5090259e-17  2.5819289e-17 

CM Pos
7.4967719      0.012299434   
7.4982518      0.011157868   
7.4953587      0.013453886   
12.984841      0.011236704   

Stress
20.5154      0.0099453    -0.0023821    0.115439     0.0676976    0.0761819   
0.0099453    20.5005      -0.00410408   0.0676976    0.127082     0.0704334   
-0.0023821   -0.00410408  20.5254       0.0761819    0.0704334    0.129216    

Stress Spherical
0            0            0             0            0            0           
0            0            0             0            0            0           
0            0            0             0            0            0           

Inertia
149.846      -56.2202     -56.1975      0.236338     0.127948     0.159529    
-56.2202     149.818      -56.1975      0.127948     0.275263     0.125931    
-56.1975     -56.1975     149.867       0.159529     0.125931     0.243226    

Bond Length
0.56979752    0.0045846087

BB bond length
0.56979752    0.0045846087

Water EE distance
0             0           

PEG EE distance
2.2434084     0.14897188  

Time = 3000
Temperature
1.0101833     0.0085465428

Pressure
23.531225     0.097223542 

CM Mom
-2.3760034e-17 1.8671043e-17 
-1.9104715e-17 2.0816339e-17 
-2.8786913e-17 2.6025489e-17 
5.2612032e-17  2.1200088e-17 

CM Pos
7.4959122      0.013155335   
7.4996007      0.011971395   
7.4988419      0.015001465   
12.987136      0.013510717   

Stress
20.4996      0.00111514   0.002296      0.131498     0.0674668    0.0751533   
0.00111514   20.4924      -0.00625125   0.0674668    0.114916     0.0634985   
0.002296     -0.00625125  20.5145       0.0751533    0.0634985    0.135685    

Stress Spherical
0            0            0             0            0            0           
0            0            0             0            0            0           
0            0            0             0            0            0           

Inertia
149.944      -56.2167     -56.2289      0.311872     0.159053     0.172234    
-56.2167     149.876      -56.2358      0.159053     0.327493     0.147266    
-56.2289     -56.2358     149.886       0.172234     0.147266     0.260472    

Bond Length
0.56968428    0.0044059375

BB bond length
0.56968428    0.0044059375

Water EE distance
0             0           

PEG EE distance
2.2412078     0.12215578  

