Time = 1000
Temperature
   1.0389747   0.060333926

Pressure
   23.611089    0.28175169

CM Mom
1.4105104e-17  2.0932899e-17 
-2.4796628e-17 1.607191e-17  
-7.8231739e-18 3.7472574e-17 
5.3037082e-17  1.2758646e-17 

CM Pos
7.4972801      0.012320795   
7.5024982      0.027301719   
7.5053711      0.020134357   
12.993401      0.011190243   

Stress
20.516       0.0198189    0.00721747    0.213911     0.0482023    0.0730325   
0.0198189    20.4889      -0.0224172    0.0482023    0.138485     0.0585265   
0.00721747   -0.0224172   20.4915       0.0730325    0.0585265    0.115961    

Stress Spherical
0            0            0             0            0            0           
0            0            0             0            0            0           
0            0            0             0            0            0           

Inertia
150.114      -56.2483     -56.241       0.554871     0.172242     0.220102    
-56.2483     150.05       -56.2894      0.172242     0.271166     0.149601    
-56.241      -56.2894     149.999       0.220102     0.149601     0.753163    

Bond Length
0.61632784    0.0053013695

BB bond length
0.61632784    0.0053013695

Water EE distance
0             0           

PEG EE distance
6.6074093     0.25303296  

BBB P2(x)
0.4717089     0.058651985 

BBB first bond length
0.61600146    0.0052981022

BBB second bond length
0.61613416    0.0055020056

BBB <phi**2>/<phi>**2
1.2187294     0.018088439 

Time = 2000
Temperature
1.0079926     0.0048356437

Pressure
23.513795     0.081997912 

CM Mom
1.5311654e-17  1.9536144e-17 
-1.0914654e-17 1.9959236e-17 
9.785316e-18   2.8585769e-17 
3.9335527e-17  2.2343306e-17 

CM Pos
7.504105       0.016411937   
7.4918158      0.0095291043  
7.5024038      0.017376161   
12.989435      0.013826451   

Stress
20.4773      -0.0165148   -0.0209991    0.136044     0.0608892    0.0740273   
-0.0165148   20.4846      -0.0190376    0.0608892    0.100777     0.0482255   
-0.0209991   -0.0190376   20.521        0.0740273    0.0482255    0.0836709   

Stress Spherical
0            0            0             0            0            0           
0            0            0             0            0            0           
0            0            0             0            0            0           

Inertia
149.836      -56.2002     -56.2955      0.277175     0.131742     0.194167    
-56.2002     150.038      -56.1901      0.131742     0.270687     0.177043    
-56.2955     -56.1901     149.882       0.194167     0.177043     0.260656    

Bond Length
0.62099304    0.0029326211

BB bond length
0.62099304    0.0029326211

Water EE distance
0             0           

PEG EE distance
7.1318352     0.20996962  

BBB P2(x)
0.50555613    0.019383044 

BBB first bond length
0.62075807    0.0028599598

BBB second bond length
0.62072981    0.0026876669

BBB <phi**2>/<phi>**2
1.2308615     0.013621154 

Time = 3000
Temperature
1.0091671     0.0061606972

Pressure
23.516565     0.10698256  

CM Mom
2.2527589e-17  1.3214476e-17 
1.8852378e-18  2.0986674e-17 
7.0020372e-18  5.1443129e-17 
5.3825618e-17  3.0402896e-17 

CM Pos
7.5045501      0.015819809   
7.5011629      0.010735936   
7.4978044      0.0092429781  
12.992423      0.013431478   

Stress
20.518       0.00518687   -0.00614541   0.109449     0.0256819    0.0614639   
0.00518687   20.4569      0.00417873    0.0256819    0.133632     0.0526405   
-0.00614541  0.00417873   20.5058       0.0614639    0.0526405    0.128674    

Stress Spherical
0            0            0             0            0            0           
0            0            0             0            0            0           
0            0            0             0            0            0           

Inertia
149.934      -56.3023     -56.2615      0.220909     0.20039      0.129467    
-56.3023     150.033      -56.2512      0.20039      0.233076     0.158225    
-56.2615     -56.2512     150.056       0.129467     0.158225     0.333899    

Bond Length
0.61874111    0.0035180631

BB bond length
0.61874111    0.0035180631

Water EE distance
0             0           

PEG EE distance
7.0386293     0.15600228  

BBB P2(x)
0.51663947    0.018794932 

BBB first bond length
0.61879109    0.0035284535

BBB second bond length
0.61887464    0.0034235778

BBB <phi**2>/<phi>**2
1.2274586     0.015378503 

Time = 4000
Temperature
1.0142302     0.0074751036

Pressure
23.480882     0.072959835 

CM Mom
3.0787275e-17  1.3829205e-17 
5.2823445e-18  1.9455524e-17 
-1.6070574e-17 1.1833486e-17 
4.2418411e-17  1.202069e-17  

CM Pos
7.4980219      0.0169172     
7.4970086      0.011530777   
7.5016619      0.0084465551  
12.988488      0.0080520402  

Stress
20.4186      -0.0140844   -0.00608421   0.110191     0.08287      0.0487419   
-0.0140844   20.4427      0.0274028     0.08287      0.11914      0.0446171   
-0.00608421  0.0274028    20.4667       0.0487419    0.0446171    0.110842    

Stress Spherical
0            0            0             0            0            0           
0            0            0             0            0            0           
0            0            0             0            0            0           

Inertia
149.916      -56.2233     -56.238       0.1549       0.14118      0.129308    
-56.2233     149.953      -56.2355      0.14118      0.195709     0.0747376   
-56.238      -56.2355     149.895       0.129308     0.0747376    0.292841    

Bond Length
0.61989361    0.0017160076

BB bond length
0.61989361    0.0017160076

Water EE distance
0             0           

PEG EE distance
7.0417142     0.38818038  

BBB P2(x)
0.51737203    0.015637984 

BBB first bond length
0.61942384    0.0019358486

BBB second bond length
0.6195466     0.001350326 

BBB <phi**2>/<phi>**2
1.2318688     0.010397963 

Time = 5000
Temperature
1.0121763     0.0075292323

Pressure
23.493222     0.069720336 

CM Mom
2.047763e-17   1.816548e-17  
6.216041e-18   1.440743e-17  
-2.4681872e-17 1.3788981e-17 
3.9797861e-17  1.4525574e-17 

CM Pos
7.4917905      0.014480134   
7.4964152      0.017419181   
7.4937984      0.01214444    
12.980011      0.012582417   

Stress
20.461       0.0163463    0.020949      0.0854411    0.0746557    0.0947305   
0.0163463    20.4789      0.00735367    0.0746557    0.0928155    0.0736334   
0.020949     0.00735367   20.4437       0.0947305    0.0736334    0.0854764   

Stress Spherical
0            0            0             0            0            0           
0            0            0             0            0            0           
0            0            0             0            0            0           

Inertia
149.787      -56.1511     -56.147       0.209149     0.187842     0.201856    
-56.1511     149.76       -56.1593      0.187842     0.334363     0.108951    
-56.147      -56.1593     149.79        0.201856     0.108951     0.322165    

Bond Length
0.6201455     0.0033235444

BB bond length
0.6201455     0.0033235444

Water EE distance
0             0           

PEG EE distance
7.0596625     0.30757105  

BBB P2(x)
0.51641649    0.014182776 

BBB first bond length
0.61988871    0.0032152077

BBB second bond length
0.62020819    0.0033758876

BBB <phi**2>/<phi>**2
1.2325288     0.011959624 

Time = 6000
Temperature
1.0074774     0.0089374461

Pressure
23.498218     0.072355002 

CM Mom
-4.0533847e-18 1.7763281e-17 
-8.2138384e-18 1.3003657e-17 
1.1443341e-17  2.3682588e-17 
3.2860438e-17  1.3436254e-17 

CM Pos
7.4873394      0.017445068   
7.5076911      0.012462908   
7.4954305      0.01093201    
12.984897      0.013490731   

Stress
20.4848      0.021015     0.0126901     0.0688208    0.0502101    0.074193    
0.021015     20.4832      0.0390064     0.0502101    0.0615744    0.0745593   
0.0126901    0.0390064    20.4728       0.074193     0.0745593    0.138584    

Stress Spherical
0            0            0             0            0            0           
0            0            0             0            0            0           
0            0            0             0            0            0           

Inertia
149.995      -56.2242     -56.1297      0.20041      0.220355     0.192722    
-56.2242     149.691      -56.2563      0.220355     0.319432     0.0748814   
-56.1297     -56.2563     149.885       0.192722     0.0748814    0.400733    

Bond Length
0.61793435    0.0039208171

BB bond length
0.61793435    0.0039208171

Water EE distance
0             0           

PEG EE distance
7.0392178     0.16557474  

BBB P2(x)
0.4976424     0.015338498 

BBB first bond length
0.61770666    0.003997444 

BBB second bond length
0.61782622    0.0038653146

BBB <phi**2>/<phi>**2
1.2206347     0.017913609 

Time = 7000
Temperature
1.0117043     0.0085032775

Pressure
23.468062     0.09075129  

CM Mom
1.7617515e-17  2.1959007e-17 
7.0929085e-18  2.4021869e-17 
3.5182869e-17  1.8672445e-17 
5.307198e-17   1.3776566e-17 

CM Pos
7.4986154      0.013244697   
7.5010146      0.01098424    
7.4975076      0.014958698   
12.988744      0.010616492   

Stress
20.4634      -0.00188677  0.0379777     0.0982897    0.0409857    0.0357428   
-0.00188677  20.429       0.0136739     0.0409857    0.12288      0.0848571   
0.0379777    0.0136739    20.42         0.0357428    0.0848571    0.12162     

Stress Spherical
0            0            0             0            0            0           
0            0            0             0            0            0           
0            0            0             0            0            0           

Inertia
149.937      -56.2353     -56.2354      0.355354     0.142809     0.0838178   
-56.2353     149.907      -56.2487      0.142809     0.188476     0.163171    
-56.2354     -56.2487     149.962       0.0838178    0.163171     0.24601     

Bond Length
0.61835455    0.0026572455

BB bond length
0.61835455    0.0026572455

Water EE distance
0             0           

PEG EE distance
6.7028754     0.20334456  

BBB P2(x)
0.51637835    0.016405745 

BBB first bond length
0.61838866    0.0026690247

BBB second bond length
0.6181253     0.0029353713

BBB <phi**2>/<phi>**2
1.2231042     0.0085860667

Time = 8000
Temperature
1.0154227     0.0063559298

Pressure
23.512207     0.07761643  

CM Mom
5.1715007e-17  2.1869483e-17 
2.4054832e-18  1.7719513e-17 
3.9937555e-17  1.6986769e-17 
6.9994232e-17  2.1374044e-17 

CM Pos
7.4947578      0.0086830118  
7.5004211      0.01209085    
7.4998815      0.013540557   
12.987542      0.0089176479  

Stress
20.4669      0.0301627    0.0158195     0.14551      0.0822022    0.0605481   
0.0301627    20.4824      0.00435161    0.0822022    0.103186     0.0970931   
0.0158195    0.00435161   20.4621       0.0605481    0.0970931    0.119171    

Stress Spherical
0            0            0             0            0            0           
0            0            0             0            0            0           
0            0            0             0            0            0           

Inertia
149.945      -56.1544     -56.1937      0.267858     0.0808908    0.138757    
-56.1544     149.881      -56.2706      0.0808908    0.246031     0.14455     
-56.1937     -56.2706     149.902       0.138757     0.14455      0.147843    

Bond Length
0.61971021    0.0027889155

BB bond length
0.61971021    0.0027889155

Water EE distance
0             0           

PEG EE distance
7.0480725     0.35129486  

BBB P2(x)
0.51705183    0.024171803 

BBB first bond length
0.61934754    0.0029111202

BBB second bond length
0.61971493    0.0028869367

BBB <phi**2>/<phi>**2
1.2338487     0.014007145 

Time = 9000
Temperature
1.0087914     0.0091059534

Pressure
23.504218     0.089726087 

CM Mom
4.6139595e-17  2.6471482e-17 
8.6116409e-18  2.9113054e-17 
4.3925463e-17  2.0385919e-17 
7.4592777e-17  2.3071226e-17 

CM Pos
7.5092979      0.022841438   
7.4959701      0.012712112   
7.508932       0.010837972   
12.998597      0.021605108   

Stress
20.5234      -0.00819869  0.0305756     0.0847243    0.0822364    0.0615492   
-0.00819869  20.4121      -0.0208766    0.0822364    0.128673     0.0620434   
0.0305756    -0.0208766   20.5115       0.0615492    0.0620434    0.0951493   

Stress Spherical
0            0            0             0            0            0           
0            0            0             0            0            0           
0            0            0             0            0            0           

Inertia
150.033      -56.2847     -56.3955      0.231097     0.287676     0.203232    
-56.2847     150.248      -56.2666      0.287676     0.46437      0.12974     
-56.3955     -56.2666     150.03        0.203232     0.12974      0.462497    

Bond Length
0.61999001    0.0028389294

BB bond length
0.61999001    0.0028389294

Water EE distance
0             0           

PEG EE distance
6.8719732     0.32023048  

BBB P2(x)
0.51364468    0.018060593 

BBB first bond length
0.61989262    0.002808861 

BBB second bond length
0.62007979    0.0033426657

BBB <phi**2>/<phi>**2
1.2312828     0.010768541 

Time = 10000
Temperature
1.0121785     0.0095949074

Pressure
23.486035     0.039111161 

CM Mom
7.458151e-17   2.5962256e-17 
-8.8511734e-18 1.3825516e-17 
7.6347325e-17  2.8461529e-17 
1.1048805e-16  3.0615233e-17 

CM Pos
7.502473       0.015730502   
7.4931511      0.020667395   
7.4967658      0.013662747   
12.986015      0.013317017   

Stress
20.4743      0.0512509    0.0345199     0.0773714    0.0887447    0.0562831   
0.0512509    20.409       0.0104417     0.0887447    0.0606104    0.0582409   
0.0345199    0.0104417    20.4787       0.0562831    0.0582409    0.11482     

Stress Spherical
0            0            0             0            0            0           
0            0            0             0            0            0           
0            0            0             0            0            0           

Inertia
149.813      -56.2112     -56.2321      0.20369      0.247988     0.138016    
-56.2112     149.952      -56.1903      0.247988     0.181108     0.120935    
-56.2321     -56.1903     149.907       0.138016     0.120935     0.44778     

Bond Length
0.618606      0.0029441572

BB bond length
0.618606      0.0029441572

Water EE distance
0             0           

PEG EE distance
6.7774422     0.22129058  

BBB P2(x)
0.51020716    0.020987673 

BBB first bond length
0.61847256    0.002882095 

BBB second bond length
0.61863497    0.0030536573

BBB <phi**2>/<phi>**2
1.2226478     0.013334608 

Time = 11000
Temperature
1.009121      0.0081034024

Pressure
23.500544     0.09884442  

CM Mom
9.1630736e-17  1.149675e-17  
4.1629932e-19  1.9047503e-17 
4.9134232e-17  1.2259094e-17 
1.0642746e-16  1.1357925e-17 

CM Pos
7.4999507      0.014657672   
7.5023499      0.0084243736  
7.4979527      0.011138471   
12.990539      0.010303265   

Stress
20.4555      -0.00748016  -0.065432     0.0966678    0.0890888    0.0411306   
-0.00748016  20.4742      -0.00415234   0.0890888    0.112312     0.0560847   
-0.065432    -0.00415234  20.5033       0.0411306    0.0560847    0.108623    

Stress Spherical
0            0            0             0            0            0           
0            0            0             0            0            0           
0            0            0             0            0            0           

Inertia
149.972      -56.2669     -56.268       0.165998     0.124192     0.168097    
-56.2669     149.948      -56.2828      0.124192     0.301661     0.126674    
-56.268      -56.2828     150.019       0.168097     0.126674     0.262161    

Bond Length
0.62027653    0.0039047003

BB bond length
0.62027653    0.0039047003

Water EE distance
0             0           

PEG EE distance
7.5352164     0.20995239  

BBB P2(x)
0.51945255    0.016270133 

BBB first bond length
0.62061639    0.0037152701

BBB second bond length
0.62012442    0.0038856787

BBB <phi**2>/<phi>**2
1.2241751     0.019143232 

Time = 12000
Temperature
1.0129127     0.011167798 

Pressure
23.502747     0.065907969 

CM Mom
6.366569e-17   1.5215961e-17 
2.2836168e-17  1.6589352e-17 
3.5024324e-17  1.6592849e-17 
7.9894486e-17  1.4157673e-17 

CM Pos
7.4963899      0.015191603   
7.4978988      0.0053577063  
7.5028489      0.0094175674  
12.988739      0.0097061696  

Stress
20.4713      -0.00500943  -0.0177367    0.151573     0.0601744    0.0910617   
-0.00500943  20.4639      -0.00296845   0.0601744    0.14766      0.0429994   
-0.0177367   -0.00296845  20.4703       0.0910617    0.0429994    0.0699103   

Stress Spherical
0            0            0             0            0            0           
0            0            0             0            0            0           
0            0            0             0            0            0           

Inertia
149.985      -56.1801     -56.1959      0.170356     0.123941     0.127461    
-56.1801     149.947      -56.2525      0.123941     0.24132      0.0893659   
-56.1959     -56.2525     149.892       0.127461     0.0893659    0.272642    

Bond Length
0.62264307    0.0052540835

BB bond length
0.62264307    0.0052540835

Water EE distance
0             0           

PEG EE distance
7.7252321     0.11105696  

BBB P2(x)
0.51458396    0.013575602 

BBB first bond length
0.6225124     0.0053289058

BBB second bond length
0.62297808    0.0054535893

BBB <phi**2>/<phi>**2
1.2256909     0.010148747 

Time = 13000
Temperature
1.0054308     0.0038610636

Pressure
23.467285     0.061133313 

CM Mom
5.9569443e-17  2.1851835e-17 
3.4103394e-17  2.5065483e-17 
4.5324498e-17  1.6528419e-17 
8.7512176e-17  2.2055815e-17 

CM Pos
7.4993572      0.011591706   
7.4976021      0.010703079   
7.4955788      0.014488493   
12.986084      0.013706695   

Stress
20.4671      -0.0138066   0.0156649     0.100813     0.0628687    0.0618286   
-0.0138066   20.4936      -0.00309974   0.0628687    0.0995368    0.0595529   
0.0156649    -0.00309974  20.4057       0.0618286    0.0595529    0.0993265   

Stress Spherical
0            0            0             0            0            0           
0            0            0             0            0            0           
0            0            0             0            0            0           

Inertia
149.864      -56.2208     -56.2205      0.251234     0.130047     0.173454    
-56.2208     149.895      -56.1726      0.130047     0.286091     0.150021    
-56.2205     -56.1726     149.938       0.173454     0.150021     0.2963      

Bond Length
0.61834797    0.0025815549

BB bond length
0.61834797    0.0025815549

Water EE distance
0             0           

PEG EE distance
7.636264      0.27404933  

BBB P2(x)
0.51989052    0.018432444 

BBB first bond length
0.61827766    0.0027288268

BBB second bond length
0.61859148    0.0025577898

BBB <phi**2>/<phi>**2
1.2295916     0.016296505 

Time = 14000
Temperature
1.0103848     0.0089217898

Pressure
23.483471     0.053612521 

CM Mom
8.3053687e-17  2.4142836e-17 
1.5163165e-17  2.2650766e-17 
4.5871442e-17  2.0323221e-17 
1.0155671e-16  2.0669481e-17 

CM Pos
7.5008409      0.01871084    
7.5068009      0.013984417   
7.4982495      0.009706485   
12.993799      0.015483804   

Stress
20.4578      0.00729307   0.0155447     0.119442     0.0906656    0.0296177   
0.00729307   20.519       0.00384685    0.0906656    0.100038     0.0703551   
0.0155447    0.00384685   20.3937       0.0296177    0.0703551    0.0669291   

Stress Spherical
0            0            0             0            0            0           
0            0            0             0            0            0           
0            0            0             0            0            0           

Inertia
150.065      -56.2983     -56.2295      0.176317     0.211791     0.23496     
-56.2983     149.977      -56.2701      0.211791     0.411277     0.106037    
-56.2295     -56.2701     150.092       0.23496      0.106037     0.328886    

Bond Length
0.62040664    0.0019520447

BB bond length
0.62040664    0.0019520447

Water EE distance
0             0           

PEG EE distance
7.7900305     0.2319948   

BBB P2(x)
0.50949382    0.016389738 

BBB first bond length
0.62055175    0.0016406939

BBB second bond length
0.62087515    0.0020757966

BBB <phi**2>/<phi>**2
1.2284511     0.018660778 

Time = 15000
Temperature
1.0111918     0.0092313289

Pressure
23.475858     0.068156234 

CM Mom
6.8511934e-17  1.0325179e-17 
-1.8275029e-17 1.4017579e-17 
5.9259527e-17  1.2368738e-17 
9.4376819e-17  9.4157806e-18 

CM Pos
7.501286       0.015694076   
7.4922609      0.013066492   
7.4975076      0.0095751945  
12.985226      0.017139981   

Stress
20.4728      0.00244476   -0.015173     0.0984726    0.0662208    0.057299    
0.00244476   20.4776      0.00783266    0.0662208    0.0938816    0.0719394   
-0.015173    0.00783266   20.3899       0.057299     0.0719394    0.11928     

Stress Spherical
0            0            0             0            0            0           
0            0            0             0            0            0           
0            0            0             0            0            0           

Inertia
149.832      -56.2148     -56.2222      0.209488     0.196486     0.179878    
-56.2148     149.985      -56.1571      0.196486     0.304042     0.109109    
-56.2222     -56.1571     149.891       0.179878     0.109109     0.35906     

Bond Length
0.61953864    0.0044486841

BB bond length
0.61953864    0.0044486841

Water EE distance
0             0           

PEG EE distance
7.1775092     0.11328224  

BBB P2(x)
0.52521215    0.014591355 

BBB first bond length
0.61953885    0.0046529321

BBB second bond length
0.61942893    0.0040563226

BBB <phi**2>/<phi>**2
1.2288562     0.015787377 

Time = 16000
Temperature
1.00955       0.0063486101

Pressure
23.517262     0.095894415 

CM Mom
9.4028533e-17  1.151009e-17  
-2.6342608e-17 1.6740897e-17 
6.8835475e-17  1.549258e-17  
1.2129245e-16  1.4646605e-17 

CM Pos
7.5003958      0.016090229   
7.4993825      0.008630884   
7.4973593      0.0084764729  
12.98874       0.010187866   

Stress
20.4805      0.00667859   -0.0204513    0.135731     0.0694181    0.0573667   
0.00667859   20.4857      0.0260567     0.0694181    0.148901     0.0582594   
-0.0204513   0.0260567    20.5131       0.0573667    0.0582594    0.071904    

Stress Spherical
0            0            0             0            0            0           
0            0            0             0            0            0           
0            0            0             0            0            0           

Inertia
149.916      -56.262      -56.2383      0.272925     0.136663     0.112702    
-56.262      149.95       -56.1756      0.136663     0.209968     0.131283    
-56.2383     -56.1756     149.957       0.112702     0.131283     0.226537    

Bond Length
0.62032227    0.00445476  

BB bond length
0.62032227    0.00445476  

Water EE distance
0             0           

PEG EE distance
6.4091096     0.44859174  

BBB P2(x)
0.51832484    0.014035111 

BBB first bond length
0.62050332    0.0044462347

BBB second bond length
0.62061256    0.0045052585

BBB <phi**2>/<phi>**2
1.2249518     0.013700308 

Time = 17000
Temperature
1.0102775     0.0090227636

Pressure
23.472416     0.11508789  

CM Mom
1.2359906e-16  2.9087593e-17 
1.0940803e-17  1.312925e-17  
7.5327973e-17  2.2572547e-17 
1.4722388e-16  3.0394857e-17 

CM Pos
7.5011377      0.010058428   
7.4980472      0.0068329845  
7.5010685      0.012224835   
12.990535      0.010541455   

Stress
20.4404      0.000764962  -0.0155544    0.146797     0.052146     0.0711051   
0.000764962  20.4499      -0.00416851   0.052146     0.126743     0.0781298   
-0.0155544   -0.00416851  20.4479       0.0711051    0.0781298    0.147366    

Stress Spherical
0            0            0             0            0            0           
0            0            0             0            0            0           
0            0            0             0            0            0           

Inertia
149.981      -56.2274     -56.2878      0.264963     0.0935552    0.140274    
-56.2274     150.023      -56.218       0.0935552    0.21805      0.132268    
-56.2878     -56.218      149.974       0.140274     0.132268     0.180572    

Bond Length
0.62005691    0.0042378148

BB bond length
0.62005691    0.0042378148

Water EE distance
0             0           

PEG EE distance
6.3522614     0.17640585  

BBB P2(x)
0.51075735    0.01780327  

BBB first bond length
0.619789      0.0048201278

BBB second bond length
0.61993945    0.0043234609

BBB <phi**2>/<phi>**2
1.2260708     0.017072817 

Time = 18000
Temperature
1.0104235     0.0068320167

Pressure
23.475124     0.08621313  

CM Mom
1.150017e-16   1.7581703e-17 
2.0306182e-17  8.6367555e-18 
9.8578415e-17  9.2028164e-18 
1.5350602e-16  1.6116447e-17 

CM Pos
7.4995056      0.01404489    
7.4970086      0.012342216   
7.4966174      0.012976048   
12.98643       0.012732847   

Stress
20.4719      -0.00813283  0.0253887     0.124397     0.08235      0.0666722   
-0.00813283  20.4564      0.0293997     0.08235      0.115923     0.0562884   
0.0253887    0.0293997    20.4167       0.0666722    0.0562884    0.0911796   

Stress Spherical
0            0            0             0            0            0           
0            0            0             0            0            0           
0            0            0             0            0            0           

Inertia
149.863      -56.1548     -56.2008      0.284728     0.180295     0.108721    
-56.1548     149.909      -56.169       0.180295     0.190529     0.198782    
-56.2008     -56.169      149.917       0.108721     0.198782     0.321735    

Bond Length
0.62027396    0.0027059761

BB bond length
0.62027396    0.0027059761

Water EE distance
0             0           

PEG EE distance
6.6743539     0.41991157  

BBB P2(x)
0.49707964    0.012870898 

BBB first bond length
0.62021702    0.0025530099

BBB second bond length
0.62004019    0.0027905257

BBB <phi**2>/<phi>**2
1.2233396     0.013005371 

Time = 19000
Temperature
1.0081858     0.0078255161

Pressure
23.483251     0.059845177 

CM Mom
1.0168342e-16  1.5326183e-17 
7.5346367e-18  3.0170821e-17 
1.1057591e-16  1.4424664e-17 
1.5390998e-16  1.6978749e-17 

CM Pos
7.5064789      0.0097787876  
7.4984923      0.013053007   
7.4963207      0.011143411   
12.991141      0.0088761695  

Stress
20.4267      -0.0116912   0.0110238     0.122652     0.0747622    0.094105    
-0.0116912   20.5091      0.0134037     0.0747622    0.0889052    0.0637101   
0.0110238    0.0134037    20.4538       0.094105     0.0637101    0.104888    

Stress Spherical
0            0            0             0            0            0           
0            0            0             0            0            0           
0            0            0             0            0            0           

Inertia
149.899      -56.2971     -56.2724      0.227292     0.0864774    0.109571    
-56.2971     150.026      -56.1948      0.0864774    0.214833     0.136728    
-56.2724     -56.1948     150.054       0.109571     0.136728     0.23682     

Bond Length
0.62003462    0.0027969313

BB bond length
0.62003462    0.0027969313

Water EE distance
0             0           

PEG EE distance
6.9277304     0.13371939  

BBB P2(x)
0.50781409    0.01849953  

BBB first bond length
0.6199304     0.0026549673

BBB second bond length
0.61970501    0.0026709416

BBB <phi**2>/<phi>**2
1.215288      0.013365527 

Time = 20000
Temperature
1.0112624     0.0055464489

Pressure
23.495161     0.080446058 

CM Mom
8.0728506e-17  3.2420911e-17 
3.3902983e-17  3.3194703e-17 
1.2242103e-16  2.8086077e-17 
1.5809967e-16  2.448953e-17  

CM Pos
7.4953513      0.0090114449  
7.5068009      0.0087574805  
7.500475       0.010391054   
12.991906      0.011149116   

Stress
20.4772      -0.029023    -0.00330605   0.0888938    0.06353      0.0445786   
-0.029023    20.4587      0.00553445    0.06353      0.0891304    0.0766163   
-0.00330605  0.00553445   20.4617       0.0445786    0.0766163    0.108599    

Stress Spherical
0            0            0             0            0            0           
0            0            0             0            0            0           
0            0            0             0            0            0           

Inertia
150.085      -56.3058     -56.2001      0.245945     0.118158     0.124169    
-56.3058     149.909      -56.3133      0.118158     0.22934      0.145473    
-56.2001     -56.3133     150.026       0.124169     0.145473     0.179153    

Bond Length
0.62070259    0.002716174 

BB bond length
0.62070259    0.002716174 

Water EE distance
0             0           

PEG EE distance
6.8367564     0.088392043 

BBB P2(x)
0.49754464    0.014794234 

BBB first bond length
0.62075819    0.0028505255

BBB second bond length
0.62073769    0.0029474677

BBB <phi**2>/<phi>**2
1.2238729     0.013651228 

Time = 21000
Temperature
1.0121234     0.007550811 

Pressure
23.466555     0.072013937 

CM Mom
8.1757191e-17  2.7139942e-17 
5.9224935e-17  1.6272137e-17 
1.4740105e-16  2.5191494e-17 
1.8152243e-16  2.4586147e-17 

CM Pos
7.5018795      0.0089033135  
7.5038336      0.013601385   
7.500475       0.013731051   
12.993964      0.014004565   

Stress
20.4232      -0.00184275  -0.0181508    0.106154     0.0377251    0.0418124   
-0.00184275  20.442       0.00208165    0.0377251    0.0714109    0.0550921   
-0.0181508   0.00208165   20.4388       0.0418124    0.0550921    0.0584779   

Stress Spherical
0            0            0             0            0            0           
0            0            0             0            0            0           
0            0            0             0            0            0           

Inertia
150.05       -56.2828     -56.2305      0.314237     0.173912     0.150674    
-56.2828     150.029      -56.2659      0.173912     0.220463     0.185971    
-56.2305     -56.2659     150.08        0.150674     0.185971     0.232935    

Bond Length
0.61991192    0.0033930736

BB bond length
0.61991192    0.0033930736

Water EE distance
0             0           

PEG EE distance
7.0671438     0.28074283  

BBB P2(x)
0.50727079    0.014656015 

BBB first bond length
0.62019051    0.0034967185

BBB second bond length
0.62016675    0.0033684128

BBB <phi**2>/<phi>**2
1.2317432     0.012927287 

Time = 22000
Temperature
1.0117243     0.0062985332

Pressure
23.460674     0.076798154 

CM Mom
9.0147488e-17  1.6698225e-17 
4.7831834e-17  1.8735935e-17 
1.3723663e-16  1.3817765e-17 
1.7287921e-16  1.348786e-17  

CM Pos
7.5064789      0.011380895   
7.501608       0.011933248   
7.5006234      0.018828121   
12.995427      0.013983067   

Stress
20.4668      -0.018495    -0.0128889    0.153708     0.0781077    0.0794841   
-0.018495    20.4323      -0.0150836    0.0781077    0.0812696    0.0797892   
-0.0128889   -0.0150836   20.3909       0.0794841    0.0797892    0.115897    

Stress Spherical
0            0            0             0            0            0           
0            0            0             0            0            0           
0            0            0             0            0            0           

Inertia
150.022      -56.3505     -56.2804      0.327583     0.149247     0.166334    
-56.3505     150.094      -56.2801      0.149247     0.274396     0.183806    
-56.2804     -56.2801     150.107       0.166334     0.183806     0.26084     

Bond Length
0.61988917    0.0031926657

BB bond length
0.61988917    0.0031926657

Water EE distance
0             0           

PEG EE distance
7.2563647     0.26525992  

BBB P2(x)
0.50296162    0.016522299 

BBB first bond length
0.62006242    0.0032327883

BBB second bond length
0.61980534    0.0031640934

BBB <phi**2>/<phi>**2
1.2185597     0.010667869 

Time = 23000
Temperature
1.0086822     0.008222243 

Pressure
23.473345     0.093283165 

CM Mom
7.820456e-17   2.2213171e-17 
3.4734552e-17  2.0540317e-17 
1.4049112e-16  1.238666e-17  
1.6686965e-16  1.6836691e-17 

CM Pos
7.5046985      0.013691718   
7.5002727      0.011431074   
7.499288       0.012832756   
12.992854      0.012088896   

Stress
20.4263      -0.0112567   0.0207164     0.0886764    0.0688473    0.0982555   
-0.0112567   20.4225      -0.0112623    0.0688473    0.12732      0.0803665   
0.0207164    -0.0112623   20.5066       0.0982555    0.0803665    0.125007    

Stress Spherical
0            0            0             0            0            0           
0            0            0             0            0            0           
0            0            0             0            0            0           

Inertia
149.973      -56.2576     -56.2437      0.299305     0.149645     0.163826    
-56.2576     150.033      -56.247       0.149645     0.310192     0.103678    
-56.2437     -56.247      150.063       0.163826     0.103678     0.377129    

Bond Length
0.6211152     0.0034021904

BB bond length
0.6211152     0.0034021904

Water EE distance
0             0           

PEG EE distance
7.1360317     0.22595208  

BBB P2(x)
0.50491754    0.013428127 

BBB first bond length
0.6211136     0.0031521286

BBB second bond length
0.62087181    0.003764139 

BBB <phi**2>/<phi>**2
1.2267061     0.0098525148

Time = 24000
Temperature
1.0079504     0.0076002467

Pressure
23.488684     0.1061362   

CM Mom
9.1484752e-17  1.6713805e-17 
2.4720307e-17  1.2840708e-17 
1.0489796e-16  2.4866179e-17 
1.4243082e-16  2.7570948e-17 

CM Pos
7.5017311      0.01184716    
7.5039819      0.0086270574  
7.5022554      0.0053515397  
12.99499       0.0062056638  

Stress
20.5061      -0.0451911   0.0389525     0.14008      0.0600006    0.0766961   
-0.0451911   20.4512      -0.0317219    0.0600006    0.109312     0.0515412   
0.0389525    -0.0317219   20.4507       0.0766961    0.0515412    0.138134    

Stress Spherical
0            0            0             0            0            0           
0            0            0             0            0            0           
0            0            0             0            0            0           

Inertia
150.087      -56.3029     -56.2819      0.15109      0.0889905    0.11134     
-56.3029     150.04       -56.3203      0.0889905    0.244782     0.0893787   
-56.2819     -56.3203     150.061       0.11134      0.0893787    0.150037    

Bond Length
0.61941481    0.0042974985

BB bond length
0.61941481    0.0042974985

Water EE distance
0             0           

PEG EE distance
7.2435777     0.35785695  

BBB P2(x)
0.5028264     0.0080843098

BBB first bond length
0.61942562    0.0042856848

BBB second bond length
0.61948176    0.0041670515

BBB <phi**2>/<phi>**2
1.2228518     0.015844636 

Time = 25000
Temperature
1.0094549     0.0095922957

Pressure
23.493148     0.063513468 

CM Mom
7.4744036e-17  1.679234e-17  
7.5310678e-18  2.638e-17     
1.1166581e-16  2.9438719e-17 
1.3939681e-16  2.2928074e-17 

CM Pos
7.4963899      0.0096199199  
7.4983439      0.016922404   
7.4994364      0.011118691   
12.987028      0.012939287   

Stress
20.4435      -0.00398761  -0.0196819    0.0651376    0.0698037    0.0449467   
-0.00398761  20.5068      0.00254127    0.0698037    0.103067     0.0665757   
-0.0196819   0.00254127   20.4574       0.0449467    0.0665757    0.0822886   

Stress Spherical
0            0            0             0            0            0           
0            0            0             0            0            0           
0            0            0             0            0            0           

Inertia
149.947      -56.1857     -56.2011      0.278582     0.202819     0.129748    
-56.1857     149.922      -56.238       0.202819     0.229375     0.156833    
-56.2011     -56.238      149.925       0.129748     0.156833     0.331967    

Bond Length
0.61924533    0.0023205209

BB bond length
0.61924533    0.0023205209

Water EE distance
0             0           

PEG EE distance
7.5661519     0.14211174  

BBB P2(x)
0.51210519    0.012480673 

BBB first bond length
0.61943829    0.0028329726

BBB second bond length
0.61936807    0.0028682108

BBB <phi**2>/<phi>**2
1.2303729     0.012572684 

Time = 26000
Temperature
1.0101781     0.0045252711

Pressure
23.484287     0.10203418  

CM Mom
8.6774128e-17  2.9363225e-17 
1.0799692e-17  2.2478728e-17 
8.0224595e-17  1.0818318e-17 
1.2354437e-16  1.7426547e-17 

CM Pos
7.4981703      0.01267309    
7.4990858      0.017241352   
7.5074483      0.0091892359  
12.993109      0.016607998   

Stress
20.5138      -0.0502383   0.00773846    0.138312     0.0923949    0.0550421   
-0.0502383   20.469       0.00628438    0.0923949    0.113306     0.0757217   
0.00773846   0.00628438   20.3919       0.0550421    0.0757217    0.126188    

Stress Spherical
0            0            0             0            0            0           
0            0            0             0            0            0           
0            0            0             0            0            0           

Inertia
150.08       -56.2149     -56.3045      0.24447      0.211025     0.15475     
-56.2149     150.067      -56.3129      0.211025     0.297746     0.141491    
-56.3045     -56.3129     149.937       0.15475      0.141491     0.350145    

Bond Length
0.61934118    0.0046129841

BB bond length
0.61934118    0.0046129841

Water EE distance
0             0           

PEG EE distance
8.0654391     0.19441544  

BBB P2(x)
0.52867703    0.019046358 

BBB first bond length
0.61922807    0.0049646789

BBB second bond length
0.61910789    0.0049343787

BBB <phi**2>/<phi>**2
1.2269444     0.014306342 

Time = 27000
Temperature
1.0076761     0.0044581055

Pressure
23.457224     0.065461522 

CM Mom
1.0244415e-16  1.448079e-17  
-6.5894098e-18 2.4273944e-17 
8.2398095e-17  1.7622602e-17 
1.3440399e-16  1.9305776e-17 

CM Pos
7.504105       0.010465989   
7.5024982      0.01561815    
7.5000299      0.014699663   
12.994224      0.015509186   

Stress
20.4144      -0.0227891   0.0137962     0.0986498    0.0502289    0.0486568   
-0.0227891   20.5079      -0.0249803    0.0502289    0.0783389    0.0724569   
0.0137962    -0.0249803   20.3937       0.0486568    0.0724569    0.117951    

Stress Spherical
0            0            0             0            0            0           
0            0            0             0            0            0           
0            0            0             0            0            0           

Inertia
150.041      -56.3132     -56.2799      0.338653     0.201739     0.242917    
-56.3132     150.063      -56.2788      0.201739     0.266689     0.146216    
-56.2799     -56.2788     150.111       0.242917     0.146216     0.303775    

Bond Length
0.62000417    0.0023738728

BB bond length
0.62000417    0.0023738728

Water EE distance
0             0           

PEG EE distance
8.14457       0.23345441  

BBB P2(x)
0.52396427    0.021606634 

BBB first bond length
0.61998585    0.0029888236

BBB second bond length
0.62044137    0.0020055121

BBB <phi**2>/<phi>**2
1.2282377     0.019072195 

Time = 28000
Temperature
1.0133196     0.005817201 

Pressure
23.507149     0.069950765 

CM Mom
9.0999853e-17  6.4068987e-18 
2.4531564e-17  1.8004873e-17 
4.7249681e-17  1.2978371e-17 
1.0769182e-16  7.1719959e-18 

CM Pos
7.5017311      0.0084920404  
7.5076911      0.011411801   
7.4926115      0.013962362   
12.991567      0.013964865   

Stress
20.4481      0.0131979    0.0626876     0.111385     0.0441686    0.0953298   
0.0131979    20.4704      -0.00443728   0.0441686    0.122486     0.0755573   
0.0626876    -0.00443728  20.4965       0.0953298    0.0755573    0.0980359   

Stress Spherical
0            0            0             0            0            0           
