Time = 1000
Temperature
   1.2386532    0.33173425

Pressure
   24.599727      2.002853

CM Mom
-1.2280517e-17 1.5952619e-17 
2.1068489e-17  2.7295661e-17 
-4.0055832e-17 5.8486976e-16 
4.2973284e-16  4.0075058e-16 

CM Pos
9.9926096      0.047127825   
10.013097      0.037834744   
9.9912761      0.0187733     
17.318879      0.020087424   

Stress
20.8737      -0.00163621  0.0116703     1.14829      0.0356438    0.0518519   
-0.00163621  20.8694      0.0199099     0.0356438    1.17324      0.0390383   
0.0116703    0.0199099    20.9203       0.0518519    0.0390383    1.15276     

Stress Spherical
0            0            0             0            0            0           
0            0            0             0            0            0           
0            0            0             0            0            0           

Inertia
267.455      -100.052     -99.8424      5.84107      0.226295     0.607487    
-100.052     267.034      -100.015      0.226295     4.20209      0.260091    
-99.8424     -100.015     267.49        0.607487     0.260091     5.23837     

Bond Length
0.62767975    0.017620177 

BB bond length
0.62767975    0.017620177 

Water EE distance
0             0           

PEG EE distance
7.6330122     0.34928508  

BBB P2(x)
0.11009882    0.025482759 

BBB first bond length
0.62779294    0.017969721 

BBB second bond length
0.62793431    0.017529817 

BBB <phi**2>/<phi>**2
1.1289284     0.0081869265

Time = 2000
Temperature
1.0198395     0.0074367281

Pressure
23.050781     0.12566409  

CM Mom
-5.2050677e-18 1.3243986e-17 
2.8445181e-17  2.7777341e-17 
-5.9969421e-17 1.7324501e-16 
1.4545265e-16  1.1931848e-16 

CM Pos
10.000535      0.012767099   
10.001418      0.012903736   
10.000036      0.016920006   
17.321669      0.012522911   

Stress
19.9716      0.0091855    -0.0135348    0.146207     0.0608353    0.0409893   
0.0091855    19.997       0.0227823     0.0608353    0.135676     0.0305552   
-0.0135348   0.0227823    20.0151       0.0409893    0.0305552    0.135369    

Stress Spherical
0            0            0             0            0            0           
0            0            0             0            0            0           
0            0            0             0            0            0           

Inertia
266.623      -100.003     -100.062      1.23777      0.127557     0.281846    
-100.003     266.615      -100.036      0.127557     0.914416     0.167935    
-100.062     -100.036     266.625       0.281846     0.167935     1.20119     

Bond Length
0.6225333     0.00089226045

BB bond length
0.6225333     0.00089226045

Water EE distance
0             0           

PEG EE distance
7.3723592     0.16717212  

BBB P2(x)
0.089600296   0.0064196209

BBB first bond length
0.62265769    0.00087644033

BBB second bond length
0.62253767    0.00089132818

BBB <phi**2>/<phi>**2
1.1216426     0.0026449283

Time = 3000
Temperature
1.0134995     0.0039146128

Pressure
23.016514     0.053152855 

CM Mom
1.2337072e-17  2.7907523e-17 
1.3928034e-17  3.2830228e-17 
-1.497208e-17  5.1634495e-17 
6.4090939e-17  3.1392402e-17 

CM Pos
10.00262       0.0091142072  
10.005088      0.010013973   
10.001954      0.014589612   
17.326097      0.0082493943  

Stress
20.0093      -0.0256819   -0.0146284    0.0830572    0.0479471    0.0502009   
-0.0256819   19.9541      0.00415775    0.0479471    0.0495984    0.0427844   
-0.0146284   0.00415775   19.9745       0.0502009    0.0427844    0.075808    

Stress Spherical
0            0            0             0            0            0           
0            0            0             0            0            0           
0            0            0             0            0            0           

Inertia
266.694      -100.067     -100.047      0.381433     0.14932      0.134332    
-100.067     266.656      -100.083      0.14932      0.366857     0.167105    
-100.047     -100.083     266.709       0.134332     0.167105     0.699253    

Bond Length
0.6223749     0.00092436282

BB bond length
0.6223749     0.00092436282

Water EE distance
0             0           

PEG EE distance
6.9668405     0.083766393 

BBB P2(x)
0.083869792   0.0039159451

BBB first bond length
0.62242188    0.00096131061

BBB second bond length
0.6225474     0.00087744627

BBB <phi**2>/<phi>**2
1.1201132     0.0023627214

Time = 4000
Temperature
1.0138204     0.0064642093

Pressure
22.941452     0.044621713 

CM Mom
-1.0356416e-17 1.7211855e-17 
1.2659125e-17  2.6277405e-17 
-1.1945526e-18 2.372771e-17  
3.749363e-17   2.0320375e-17 

CM Pos
10.005207      0.010220341   
9.9955779      0.0091785038  
10.001621      0.0112325     
17.321905      0.0082390138  

Stress
19.9295      0.00978604   -0.00399065   0.0607017    0.0361003    0.0511564   
0.00978604   19.8973      0.0209113     0.0361003    0.0813624    0.0384334   
-0.00399065  0.0209113    19.8831       0.0511564    0.0384334    0.0728786   

Stress Spherical
0            0            0             0            0            0           
0            0            0             0            0            0           
0            0            0             0            0            0           

Inertia
266.567      -99.9999     -100.062      0.284876     0.112458     0.235707    
-99.9999     266.755      -99.9361      0.112458     0.350275     0.114678    
-100.062     -99.9361     266.627       0.235707     0.114678     0.235975    

Bond Length
0.62290485    0.0011991064

BB bond length
0.62290485    0.0011991064

Water EE distance
0             0           

PEG EE distance
6.683748      0.12380751  

BBB P2(x)
0.0833044     0.0044055235

BBB first bond length
0.62299785    0.0011808846

BBB second bond length
0.62300429    0.0012045786

BBB <phi**2>/<phi>**2
1.1207517     0.0014158085

Time = 5000
Temperature
1.0095757     0.0053314517

Pressure
22.928786     0.045571016 

CM Mom
-5.7894352e-18 1.0983714e-17 
3.1657727e-18  1.4519237e-17 
-1.6478701e-17 1.0573874e-17 
2.5338021e-17  1.0785592e-17 

CM Pos
10.000952      0.012248237   
10.000416      0.0088212437  
10.000202      0.0084105001  
17.321421      0.0088194622  

Stress
19.8922      0.00502833   0.00197654    0.0597788    0.0894656    0.0384976   
0.00502833   19.9056      -0.0106659    0.0894656    0.0668344    0.047769    
0.00197654   -0.0106659   19.9122       0.0384976    0.047769     0.0671267   

Stress Spherical
0            0            0             0            0            0           
0            0            0             0            0            0           
0            0            0             0            0            0           

Inertia
266.647      -100.009     -99.9854      0.263628     0.127605     0.188137    
-100.009     266.657      -100.052      0.127605     0.308719     0.144723    
-99.9854     -100.052     266.67        0.188137     0.144723     0.2843      

Bond Length
0.623271      0.00092765499

BB bond length
0.623271      0.00092765499

Water EE distance
0             0           

PEG EE distance
6.4215308     0.091565368 

BBB P2(x)
0.077045891   0.0064885277

BBB first bond length
0.62341799    0.00086806344

BBB second bond length
0.62331279    0.00095953313

BBB <phi**2>/<phi>**2
1.1185871     0.0024546724

Time = 6000
Temperature
1.0124002     0.0042726367

Pressure
22.959844     0.061977349 

CM Mom
-2.7575548e-18 1.4946093e-17 
1.4548001e-17  1.8010537e-17 
-1.1029119e-17 1.8851236e-17 
3.3337709e-17  1.1516135e-17 

CM Pos
10.002287      0.011572766   
9.9975801      0.011771023   
9.9992847      0.011149166   
17.320026      0.011889058   

Stress
19.9417      0.0115152    -0.00253067   0.0918001    0.0478089    0.0447716   
0.0115152    19.9177      0.0381157     0.0478089    0.0551489    0.0389758   
-0.00253067  0.0381157    19.9184       0.0447716    0.0389758    0.0883747   

Stress Spherical
0            0            0             0            0            0           
0            0            0             0            0            0           
0            0            0             0            0            0           

Inertia
266.567      -100.018     -100.016      0.395832     0.186289     0.158564    
-100.018     266.669      -99.9588      0.186289     0.281075     0.192406    
-100.016     -99.9588     266.621       0.158564     0.192406     0.348297    

Bond Length
0.6229136     0.00077941519

BB bond length
0.6229136     0.00077941519

Water EE distance
0             0           

PEG EE distance
6.2584521     0.13855082  

BBB P2(x)
0.072798179   0.0076021741

BBB first bond length
0.62296065    0.00073394323

BBB second bond length
0.62307167    0.00083400166

BBB <phi**2>/<phi>**2
1.117686      0.0033110524

Time = 7000
Temperature
1.0081872     0.0058176332

Pressure
22.910704     0.038900778 

CM Mom
-2.3500894e-17 1.9599324e-17 
4.5797597e-17  3.3324992e-17 
-9.0847586e-18 1.3277969e-17 
6.3198356e-17  2.0228831e-17 

CM Pos
10.002287      0.014445557   
9.9968293      0.010339156   
9.9984505      0.011673657   
17.319112      0.012498638   

Stress
19.9174      0.0124484    0.0181626     0.0914974    0.0430326    0.0539354   
0.0124484    19.8539      0.00500252    0.0430326    0.0763948    0.0495115   
0.0181626    0.00500252   19.8969       0.0539354    0.0495115    0.0886365   

Stress Spherical
0            0            0             0            0            0           
0            0            0             0            0            0           
0            0            0             0            0            0           

Inertia
266.564      -99.9569     -100.024      0.295475     0.145173     0.234835    
-99.9569     266.658      -99.9819      0.145173     0.471188     0.148662    
-100.024     -99.9819     266.638       0.234835     0.148662     0.253857    

Bond Length
0.62318981    0.0012357423

BB bond length
0.62318981    0.0012357423

Water EE distance
0             0           

PEG EE distance
6.1290754     0.074193788 

BBB P2(x)
0.071521069   0.0047086564

BBB first bond length
0.62322574    0.0012478389

BBB second bond length
0.62325035    0.0013461242

BBB <phi**2>/<phi>**2
1.1175117     0.00141056  

Time = 8000
Temperature
1.0113669     0.0015614151

Pressure
22.882461     0.041139225 

CM Mom
-3.7208031e-17 1.5416755e-17 
3.9585096e-17  1.4049709e-17 
-1.4111766e-17 2.6111193e-17 
6.4348871e-17  1.1253765e-17 

CM Pos
9.9956128      0.010487525   
9.9943265      0.013451669   
9.9968654      0.013483708   
17.312896      0.016550683   

Stress
19.8254      0.00803343   0.00400963    0.0877891    0.0484197    0.0582261   
0.00803343   19.8486      0.00165489    0.0484197    0.0890683    0.0624255   
0.00400963   0.00165489   19.881        0.0582261    0.0624255    0.0737507   

Stress Spherical
0            0            0             0            0            0           
0            0            0             0            0            0           
0            0            0             0            0            0           

Inertia
266.477      -99.9725     -99.9664      0.444221     0.169889     0.250919    
-99.9725     266.512      -99.9425      0.169889     0.392557     0.183455    
-99.9664     -99.9425     266.463       0.250919     0.183455     0.34992     

Bond Length
0.62259309    0.0011482327

BB bond length
0.62259309    0.0011482327

Water EE distance
0             0           

PEG EE distance
6.1043498     0.064864569 

BBB P2(x)
0.076666631   0.0047356663

BBB first bond length
0.6226296     0.0012011439

BBB second bond length
0.62274143    0.0011898566

BBB <phi**2>/<phi>**2
1.1189015     0.0019560166

Time = 9000
Temperature
1.0112209     0.004446939 

Pressure
22.907546     0.046160258 

CM Mom
-4.3991094e-17 1.4627268e-17 
3.3529439e-17  1.6077756e-17 
-6.6875493e-18 1.4331231e-17 
6.0054667e-17  1.3245197e-17 

CM Pos
10.002704      0.0084784924  
10.003336      0.010290577   
9.9996184      0.012788885   
17.323782      0.010255      

Stress
19.888       0.015489     -0.0287701    0.0421544    0.05357      0.0373499   
0.015489     19.8455      -0.00819566   0.05357      0.0647204    0.0404377   
-0.0287701   -0.00819566  19.898        0.0373499    0.0404377    0.0874156   

Stress Spherical
0            0            0             0            0            0           
0            0            0             0            0            0           
0            0            0             0            0            0           

Inertia
266.704      -100.022     -100.064      0.214766     0.145281     0.216372    
-100.022     266.711      -100.058      0.145281     0.332085     0.0927133   
-100.064     -100.058     266.772       0.216372     0.0927133    0.222816    

Bond Length
0.62314108    0.00087127485

BB bond length
0.62314108    0.00087127485

Water EE distance
0             0           

PEG EE distance
6.0608328     0.060604783 

BBB P2(x)
0.072545466   0.0068801977

BBB first bond length
0.62330844    0.00087285017

BBB second bond length
0.62322889    0.00093529761

BBB <phi**2>/<phi>**2
1.1167114     0.0032596473

Time = 10000
Temperature
1.0136106     0.0054865098

Pressure
22.904498     0.047149084 

CM Mom
-4.5025647e-17 9.1611199e-18 
1.6218528e-17  1.647076e-17  
-4.1198054e-18 1.4575281e-17 
5.296271e-17   8.3620917e-18 

CM Pos
10.001536      0.013059208   
9.9950774      0.014262527   
10.001454      0.014528425   
17.319405      0.012480182   

Stress
19.8371      -0.0190591   0.0261742     0.0719318    0.0407959    0.0479163   
-0.0190591   19.8623      0.042335      0.0407959    0.087864     0.0304235   
0.0261742    0.042335     19.9014       0.0479163    0.0304235    0.0770096   

Stress Spherical
0            0            0             0            0            0           
0            0            0             0            0            0           
0            0            0             0            0            0           

Inertia
266.557      -99.9525     -100.072      0.32479      0.221028     0.192069    
-99.9525     266.723      -99.9529      0.221028     0.290283     0.131893    
-100.072     -99.9529     266.575       0.192069     0.131893     0.43326     

Bond Length
0.62345908    0.00072917223

BB bond length
0.62345908    0.00072917223

Water EE distance
0             0           

PEG EE distance
6.0298377     0.049560676 

BBB P2(x)
0.07472013    0.0064505938

BBB first bond length
0.62360991    0.00075004967

BBB second bond length
0.62354727    0.00071151213

BBB <phi**2>/<phi>**2
1.1186487     0.0025377893

Time = 11000
Temperature
1.0118783     0.0051789645

Pressure
22.921708     0.055621058 

CM Mom
-3.6056778e-17 1.0431227e-17 
-1.3910089e-17 2.3701691e-17 
-1.0036997e-17 1.7665797e-17 
4.8202403e-17  1.5922075e-17 

CM Pos
10.001786      0.0091218399  
9.9968293      0.018880317   
9.9981168      0.0080576248  
17.31863       0.014264894   

Stress
19.8637      -0.00178343  -0.0108348    0.0464409    0.0388538    0.0461379   
-0.00178343  19.9019      0.00957169    0.0388538    0.0612836    0.0389068   
-0.0108348   0.00957169   19.9025       0.0461379    0.0389068    0.0971044   

Stress Spherical
0            0            0             0            0            0           
0            0            0             0            0            0           
0            0            0             0            0            0           

Inertia
266.56       -99.9866     -99.9955      0.477145     0.24249      0.131146    
-99.9866     266.65       -99.9329      0.24249      0.218157     0.209842    
-99.9955     -99.9329     266.618       0.131146     0.209842     0.401047    

Bond Length
0.62257614    0.00050091632

BB bond length
0.62257614    0.00050091632

Water EE distance
0             0           

PEG EE distance
6.0567678     0.046738809 

BBB P2(x)
0.071527742   0.0057889498

BBB first bond length
0.62263154    0.00049745738

BBB second bond length
0.62269811    0.00047619151

BBB <phi**2>/<phi>**2
1.117284      0.002661792 

Time = 12000
Temperature
1.0094018     0.0042795542

Pressure
22.908058     0.071570458 

CM Mom
-4.6449316e-17 1.8988629e-17 
5.2455885e-18  1.7930136e-17 
-1.3481031e-17 2.716756e-17  
5.9234148e-17  1.6680626e-17 

CM Pos
10.003955      0.013905509   
10.004087      0.0098429371  
9.9997853      0.011051359   
17.325035      0.012940987   

Stress
19.9069      -0.0114979   0.00522441    0.0714737    0.059533     0.0562126   
-0.0114979   19.8912      0.00258361    0.059533     0.111504     0.0671692   
0.00522441   0.00258361   19.8513       0.0562126    0.0671692    0.0675263   

Stress Spherical
0            0            0             0            0            0           
0            0            0             0            0            0           
0            0            0             0            0            0           

Inertia
266.745      -100.1       -99.9974      0.365893     0.15517      0.15608     
-100.1       266.737      -100.068      0.15517      0.394213     0.183835    
-99.9974     -100.068     266.832       0.15608      0.183835     0.366259    

Bond Length
0.62293809    0.0007678209

BB bond length
0.62293809    0.0007678209

Water EE distance
0             0           

PEG EE distance
6.0409372     0.08389729  

BBB P2(x)
0.073657491   0.0069461931

BBB first bond length
0.62311308    0.00079367654

BBB second bond length
0.62299329    0.00079330234

BBB <phi**2>/<phi>**2
1.1183221     0.0019298429

Time = 13000
Temperature
1.0098042     0.0041293141

Pressure
22.914619     0.050917675 

CM Mom
-4.5458756e-17 1.2785886e-17 
-2.6546899e-18 2.7295299e-17 
-1.4508754e-18 1.524407e-17  
5.5706833e-17  1.0643947e-17 

CM Pos
9.994278       0.0083906171  
9.996579       0.010585611   
9.9968654      0.0060296358  
17.313425      0.0070874173  

Stress
19.8766      -0.0113734   -0.0157868    0.0849248    0.0474652    0.0466692   
-0.0113734   19.8997      -0.000127037  0.0474652    0.048917     0.0314482   
-0.0157868   -0.000127037 19.8891       0.0466692    0.0314482    0.0852149   

Stress Spherical
0            0            0             0            0            0           
0            0            0             0            0            0           
0            0            0             0            0            0           

Inertia
266.525      -99.9728     -99.915       0.200062     0.171736     0.088678    
-99.9728     266.485      -99.9065      0.171736     0.218896     0.110482    
-99.915      -99.9065     266.474       0.088678     0.110482     0.291113    

Bond Length
0.62321098    0.00073513893

BB bond length
0.62321098    0.00073513893

Water EE distance
0             0           

PEG EE distance
5.7697703     0.038205957 

BBB P2(x)
0.072232188   0.0047255053

BBB first bond length
0.62333186    0.00085959024

BBB second bond length
0.62333123    0.0008839604

BBB <phi**2>/<phi>**2
1.118327      0.0016888361

Time = 14000
Temperature
1.0114617     0.0046985071

Pressure
22.91623      0.055159291 

CM Mom
-3.9077081e-17 1.9588819e-17 
-1.4483284e-19 1.1091884e-17 
-2.1118388e-17 2.3426435e-17 
5.2544334e-17  1.6360564e-17 

CM Pos
10.004873      0.0075474255  
9.9954111      0.0096284839  
9.9990345      0.011067406   
17.320121      0.0089763968  

Stress
19.8726      -0.00263595  -0.0189361    0.0918108    0.0369425    0.0696755   
-0.00263595  19.9138      -0.0043067    0.0369425    0.0728798    0.0307952   
-0.0189361   -0.0043067   19.869        0.0696755    0.0307952    0.0585609   

Stress Spherical
0            0            0             0            0            0           
0            0            0             0            0            0           
0            0            0             0            0            0           

Inertia
266.544      -100.039     -100.055      0.31436      0.116053     0.150964    
-100.039     266.734      -99.9278      0.116053     0.279504     0.171017    
-100.055     -99.9278     266.659       0.150964     0.171017     0.173949    

Bond Length
0.62328233    0.0010376167

BB bond length
0.62328233    0.0010376167

Water EE distance
0             0           

PEG EE distance
5.7300747     0.038724954 

BBB P2(x)
0.069641393   0.0047913917

BBB first bond length
0.62343395    0.0011054599

BBB second bond length
0.623496      0.0010071417

BBB <phi**2>/<phi>**2
1.1171951     0.0014304069

Time = 15000
Temperature
1.0088816     0.0040108753

Pressure
22.924121     0.065388698 

CM Mom
-3.4108771e-17 1.1955892e-17 
1.4136195e-17  1.5623961e-17 
-2.5628351e-17 9.6969806e-18 
4.7993752e-17  1.4061838e-17 

CM Pos
9.9985326      0.0063582878  
9.999332       0.0081140011  
10.001203      0.014426273   
17.319974      0.012852687   

Stress
19.903       -0.00425114  -0.000189035  0.0878949    0.0461947    0.0410897   
-0.00425114  19.8966      -0.0279713    0.0461947    0.0711858    0.0309521   
-0.000189035 -0.0279713   19.9026       0.0410897    0.0309521    0.080221    

Stress Spherical
0            0            0             0            0            0           
0            0            0             0            0            0           
0            0            0             0            0            0           

Inertia
266.667      -99.959      -99.9959      0.347337     0.127864     0.182016    
-99.959      266.652      -100.013      0.127864     0.357111     0.233997    
-99.9959     -100.013     266.605       0.182016     0.233997     0.242835    

Bond Length
0.62276804    0.001027766 

BB bond length
0.62276804    0.001027766 

Water EE distance
0             0           

PEG EE distance
5.6736009     0.051798617 

BBB P2(x)
0.072149672   0.0038811848

BBB first bond length
0.62286206    0.0010843551

BBB second bond length
0.62285833    0.00094803626

BBB <phi**2>/<phi>**2
1.1187679     0.001960098 

Time = 16000
Temperature
1.009575      0.0038072012

Pressure
22.887916     0.052107779 

CM Mom
-1.8193714e-17 1.3237236e-17 
1.6390886e-17  1.1519848e-17 
-2.3838721e-17 1.8305385e-17 
3.9292236e-17  1.634306e-17  

CM Pos
10.002036      0.0094342589  
9.9969127      0.010402572   
9.9966152      0.013986601   
17.317956      0.0096365087  

Stress
19.8743      0.0239423    -0.00493234   0.0525662    0.057296     0.0655057   
0.0239423    19.891       0.00483558    0.057296     0.0474645    0.0488329   
-0.00493234  0.00483558   19.8221       0.0655057    0.0488329    0.0880274   

Stress Spherical
0            0            0             0            0            0           
0            0            0             0            0            0           
0            0            0             0            0            0           

Inertia
266.537      -99.9843     -99.9993      0.34723      0.141536     0.156323    
-99.9843     266.651      -99.9679      0.141536     0.327652     0.202333    
-99.9993     -99.9679     266.644       0.156323     0.202333     0.282204    

Bond Length
0.62375656    0.00092212195

BB bond length
0.62375656    0.00092212195

Water EE distance
0             0           

PEG EE distance
5.6068668     0.082781912 

BBB P2(x)
0.066606693   0.0044601743

BBB first bond length
0.62392452    0.00097364754

BBB second bond length
0.62386347    0.00086696873

BBB <phi**2>/<phi>**2
1.1163868     0.002616528 

Time = 17000
Temperature
1.0139966     0.0030273361

Pressure
22.914739     0.053433267 

CM Mom
-9.6541623e-18 1.6178097e-17 
8.0629403e-18  1.6686247e-17 
-3.1777784e-17 1.384144e-17  
4.1929076e-17  1.1905505e-17 

CM Pos
10.002287      0.007827616   
10.006256      0.0090778643  
9.9970323      0.010340503   
17.323733      0.0092196464  

Stress
19.8687      0.0101028    0.0209719     0.0943847    0.0372441    0.0428518   
0.0101028    19.911       0.0159886     0.0372441    0.0775426    0.0484744   
0.0209719    0.0159886    19.8485       0.0428518    0.0484744    0.0809846   

Stress Spherical
0            0            0             0            0            0           
0            0            0             0            0            0           
0            0            0             0            0            0           

Inertia
266.723      -100.093     -100.04       0.25265      0.131706     0.129113    
-100.093     266.655      -100.004      0.131706     0.247321     0.165696    
-100.04      -100.004     266.816       0.129113     0.165696     0.240129    

Bond Length
0.62336207    0.00069828015

BB bond length
0.62336207    0.00069828015

Water EE distance
0             0           

PEG EE distance
5.6752529     0.089039502 

BBB P2(x)
0.068922598   0.0072002396

BBB first bond length
0.62339186    0.00073843724

BBB second bond length
0.623342      0.00077067213

BBB <phi**2>/<phi>**2
1.1163502     0.0032158006

Time = 18000
Temperature
1.0085327     0.0043823236

Pressure
22.911575     0.043660736 

CM Mom
2.4257359e-17  2.2624993e-17 
1.2753626e-17  1.2265485e-17 
-4.0426076e-17 2.5204989e-17 
5.3838817e-17  2.8006208e-17 

CM Pos
10.000368      0.010007021   
10.002502      0.011072435   
10.001287      0.010774585   
17.322914      0.0122251     

Stress
19.8583      -0.00886434  0.00207662    0.0964482    0.0408646    0.0483084   
-0.00886434  19.8932      0.00956853    0.0408646    0.0717393    0.0427966   
0.00207662   0.00956853   19.9163       0.0483084    0.0427966    0.0441816   

Stress Spherical
0            0            0             0            0            0           
0            0            0             0            0            0           
0            0            0             0            0            0           

Inertia
266.748      -100.042     -100.02       0.302685     0.215526     0.177549    
-100.042     266.703      -100.06       0.215526     0.211254     0.199665    
-100.02      -100.06      266.718       0.177549     0.199665     0.355741    

Bond Length
0.62254505    0.00086541876

BB bond length
0.62254505    0.00086541876

Water EE distance
0             0           

PEG EE distance
5.8370422     0.10044684  

BBB P2(x)
0.074504164   0.0064995836

BBB first bond length
0.62266155    0.00088828911

BBB second bond length
0.62263385    0.00084992389

BBB <phi**2>/<phi>**2
1.1187143     0.0029916548

Time = 19000
Temperature
1.0115345     0.0043673408

Pressure
22.935138     0.066385016 

CM Mom
-5.3012756e-18 7.7750187e-18 
1.7292763e-17  1.5795001e-17 
-5.0830943e-17 1.8921714e-17 
5.733998e-17   1.7059276e-17 

CM Pos
9.9971144      0.009834095   
9.9977469      0.0074937526  
10.001454      0.013376179   
17.318387      0.011378864   

Stress
19.889       -0.0122339   -0.00234439   0.123979     0.0506156    0.0374446   
-0.0122339   19.8893      0.0203688     0.0506156    0.0627164    0.0358678   
-0.00234439  0.0203688    19.9332       0.0374446    0.0358678    0.0625945   

Stress Spherical
0            0            0             0            0            0           
0            0            0             0            0            0           
0            0            0             0            0            0           

Inertia
266.662      -99.9039     -99.9476      0.294564     0.168451     0.229929    
-99.9039     266.662      -99.9708      0.168451     0.367703     0.118668    
-99.9476     -99.9708     266.572       0.229929     0.118668     0.306525    

Bond Length
0.62324424    0.00092421911

BB bond length
0.62324424    0.00092421911

Water EE distance
0             0           

PEG EE distance
5.7270131     0.068413839 

BBB P2(x)
0.067472638   0.0079061206

BBB first bond length
0.62333065    0.0009289055

BBB second bond length
0.62326383    0.00089832233

BBB <phi**2>/<phi>**2
1.1165763     0.0026654839

Time = 20000
Temperature
1.0078492     0.0043907076

Pressure
22.929375     0.032317936 

CM Mom
1.4492893e-17  1.0888655e-17 
3.2113296e-18  1.839536e-17  
-3.5829073e-17 2.001939e-17  
4.7231977e-17  1.1443228e-17 

CM Pos
9.9978653      0.011544165   
9.9989148      0.0094842888  
10.000703      0.011944457   
17.319059      0.015210073   

Stress
19.8635      -0.0205733   -0.00704879   0.0734792    0.0627444    0.0514121   
-0.0205733   19.9299      0.0312252     0.0627444    0.0516793    0.061005    
-0.00704879  0.0312252    19.9339       0.0514121    0.061005     0.0378439   

Stress Spherical
0            0            0             0            0            0           
0            0            0             0            0            0           
0            0            0             0            0            0           

Inertia
266.65       -99.9467     -99.9958      0.337681     0.217075     0.237925    
-99.9467     266.64       -100.01       0.217075     0.370225     0.19044     
-99.9958     -100.01      266.581       0.237925     0.19044      0.360606    

Bond Length
0.62272347    0.00071240186

BB bond length
0.62272347    0.00071240186

Water EE distance
0             0           

PEG EE distance
5.7347179     0.03056113  

BBB P2(x)
0.069308634   0.0045128752

BBB first bond length
0.62288673    0.00070354209

BBB second bond length
0.62278176    0.00070274971

BBB <phi**2>/<phi>**2
1.1162674     0.0020950197

Time = 21000
Temperature
1.0089339     0.005871313 

Pressure
22.952313     0.061856663 

CM Mom
2.9221733e-17  1.3718965e-17 
-1.950705e-17  1.0854086e-17 
-5.5073758e-17 1.4716266e-17 
6.7756413e-17  1.4114235e-17 

CM Pos
10.002704      0.0071807415  
10.001918      0.010254332   
10.003039      0.010564222   
17.324937      0.0080932474  

Stress
19.9369      0.020764     -0.000228425  0.0921184    0.0487015    0.0356251   
0.020764     19.9033      -0.0122215    0.0487015    0.10895      0.0412776   
-0.000228425 -0.0122215   19.9462       0.0356251    0.0412776    0.0584629   

Stress Spherical
0            0            0             0            0            0           
0            0            0             0            0            0           
0            0            0             0            0            0           

Inertia
266.746      -100.007     -100.057      0.284073     0.0881879    0.155163    
-100.007     266.773      -100.045      0.0881879    0.326798     0.122915    
-100.057     -100.045     266.742       0.155163     0.122915     0.230608    

Bond Length
0.62325119    0.00099810097

BB bond length
0.62325119    0.00099810097

Water EE distance
0             0           

PEG EE distance
5.7989505     0.034815805 

BBB P2(x)
0.071433258   0.0060093592

BBB first bond length
0.62340833    0.0010021593

BBB second bond length
0.62338267    0.00099309851

BBB <phi**2>/<phi>**2
1.1175795     0.0029222953

Time = 22000
Temperature
1.0121144     0.0042739043

Pressure
22.922306     0.078559054 

CM Mom
5.5924868e-17  1.5937857e-17 
-1.3077676e-17 2.7130171e-17 
-4.5624486e-17 2.4978592e-17 
8.1085085e-17  2.0479521e-17 

CM Pos
10.001703      0.011285659   
10.001501      0.0090020328  
10.001454      0.0092329357  
17.323203      0.0087339423  

Stress
19.8285      -0.0099201   -0.00141074   0.0754855    0.0371732    0.0408808   
-0.0099201   19.9263      -0.02264      0.0371732    0.123202     0.056387    
-0.00141074  -0.02264     19.9129       0.0408808    0.056387     0.104522    

Stress Spherical
0            0            0             0            0            0           
0            0            0             0            0            0           
0            0            0             0            0            0           

Inertia
266.704      -100.061     -100.064      0.272073     0.174718     0.164999    
-100.061     266.729      -100.06       0.174718     0.311963     0.12576     
-100.064     -100.06      266.725       0.164999     0.12576      0.219098    

Bond Length
0.62303633    0.0014596541

BB bond length
0.62303633    0.0014596541

Water EE distance
0             0           

PEG EE distance
5.6835742     0.097977877 

BBB P2(x)
0.067880437   0.0046506854

BBB first bond length
0.62303976    0.0013400714

BBB second bond length
0.62315632    0.0015151083

BBB <phi**2>/<phi>**2
1.1168637     0.002417557 

Time = 23000
Temperature
1.0069143     0.0051530613

Pressure
22.898248     0.031736158 

CM Mom
7.3579714e-17  1.7140358e-17 
-1.760871e-17  1.7498415e-17 
-5.1550535e-17 1.9702007e-17 
9.5131561e-17  1.787848e-17  

CM Pos
9.9979487      0.01176718    
10.000834      0.028429743   
10.000202      0.015969486   
17.319949      0.016622224   

Stress
19.8708      -0.0123116   -0.0092558    0.0743562    0.0508612    0.057807    
-0.0123116   19.8825      -0.032269     0.0508612    0.0624624    0.0406568   
-0.0092558   -0.032269    19.8891       0.057807     0.0406568    0.0765494   

Stress Spherical
0            0            0             0            0            0           
0            0            0             0            0            0           
0            0            0             0            0            0           

Inertia
266.684      -99.9983     -99.9718      0.566512     0.261969     0.24905     
-99.9983     266.634      -99.9835      0.261969     0.519179     0.272061    
-99.9718     -99.9835     266.627       0.24905      0.272061     0.522922    

Bond Length
0.62262718    0.0008838292

BB bond length
0.62262718    0.0008838292

Water EE distance
0             0           

PEG EE distance
5.5093306     0.094431074 

BBB P2(x)
0.069648221   0.0042966136

BBB first bond length
0.62271993    0.00095909393

BBB second bond length
0.62266202    0.00089761321

BBB <phi**2>/<phi>**2
1.1165963     0.0014108211

Time = 24000
Temperature
1.0078125     0.0057288894

Pressure
22.915804     0.066670629 

CM Mom
8.0305237e-17  1.5683991e-17 
-3.0083089e-17 1.3646063e-17 
-4.0734497e-17 1.7570036e-17 
9.8235887e-17  1.019028e-17  

CM Pos
10.00212       0.0077794566  
9.9935757      0.020429272   
9.9970323      0.011206136   
17.316326      0.0087562499  

Stress
19.91        0.019968     -0.000819496  0.0976174    0.056133     0.0294232   
0.019968     19.8918      0.030138      0.056133     0.0733258    0.0465355   
-0.000819496 0.030138     19.8852       0.0294232    0.0465355    0.0985353   

Stress Spherical
0            0            0             0            0            0           
0            0            0             0            0            0           
0            0            0             0            0            0           

Inertia
266.474      -99.9423     -100.031      0.408908     0.172835     0.153189    
-99.9423     266.654      -99.9136      0.172835     0.238391     0.234476    
-100.031     -99.9136     266.579       0.153189     0.234476     0.348394    

Bond Length
0.62321979    0.00082745904

BB bond length
0.62321979    0.00082745904

Water EE distance
0             0           

PEG EE distance
5.4428043     0.042582513 

BBB P2(x)
0.067766758   0.0047154707

BBB first bond length
0.62322936    0.00088497632

BBB second bond length
0.62320957    0.00086143557

BBB <phi**2>/<phi>**2
1.1155361     0.0022927777

Time = 25000
Temperature
1.0106588     0.0024215361

Pressure
22.875933     0.061632908 

CM Mom
8.6138724e-17  1.8417994e-17 
-1.6636327e-17 1.0029207e-17 
-4.1029662e-17 1.7027137e-17 
9.8358288e-17  2.0867637e-17 

CM Pos
9.994862       0.0086956962  
9.9999994      0.010371416   
10.003456      0.0073018385  
17.319542      0.0086986145  

Stress
19.8299      0.0155851    0.00728389    0.103541     0.0471115    0.0439045   
0.0155851    19.8462      -0.0138658    0.0471115    0.0588338    0.0281447   
0.00728389   -0.0138658   19.8657       0.0439045    0.0281447    0.0805789   

Stress Spherical
0            0            0             0            0            0           
0            0            0             0            0            0           
0            0            0             0            0            0           

Inertia
266.748      -99.9458     -99.9892      0.285289     0.155452     0.101876    
-99.9458     266.657      -99.9806      0.155452     0.28738      0.141922    
-99.9892     -99.9806     266.568       0.101876     0.141922     0.370473    

Bond Length
0.62316729    0.00092578499

BB bond length
0.62316729    0.00092578499

Water EE distance
0             0           

PEG EE distance
5.5379145     0.066074008 

BBB P2(x)
0.072736553   0.0031536285

BBB first bond length
0.62320905    0.00092699008

BBB second bond length
0.62332523    0.00088874286

BBB <phi**2>/<phi>**2
1.1181605     0.0015303258

Time = 26000
Temperature
1.0101934     0.0043655432

Pressure
22.912347     0.06269427  

CM Mom
1.0105118e-16  1.7935544e-17 
-1.0007011e-17 1.7608775e-17 
-4.0127727e-17 2.0029359e-17 
1.1253374e-16  1.7052901e-17 

CM Pos
10.004122      0.013223118   
9.9997491      0.0098584801  
9.9975328      0.013732262   
17.321326      0.015487325   

Stress
19.8884      0.0160186    -0.00660005   0.0933335    0.0445423    0.0501933   
0.0160186    19.9064      -0.0188438    0.0445423    0.0785115    0.0523905   
-0.00660005  -0.0188438   19.8603       0.0501933    0.0523905    0.0889037   

Stress Spherical
0            0            0             0            0            0           
0            0            0             0            0            0           
0            0            0             0            0            0           

Inertia
266.627      -100.065     -100.041      0.363198     0.198097     0.218856    
-100.065     266.715      -100.016      0.198097     0.479503     0.172513    
-100.041     -100.016     266.748       0.218856     0.172513     0.404458    

Bond Length
0.62315805    0.0011665131

BB bond length
0.62315805    0.0011665131

Water EE distance
0             0           

PEG EE distance
5.7116374     0.052153517 

BBB P2(x)
0.072437095   0.0032517601

BBB first bond length
0.62320847    0.0011926121

BBB second bond length
0.62326226    0.0013011049

BBB <phi**2>/<phi>**2
1.1163533     0.0016200959

Time = 27000
Temperature
1.0135543     0.0046824183

Pressure
22.897226     0.065760166 

CM Mom
9.0986514e-17  1.6997599e-17 
8.1501758e-18  1.5141623e-17 
-3.5986851e-17 1.940313e-17  
1.0192253e-16  1.2103383e-17 

CM Pos
9.9937775      0.010398222   
10.000416      0.012977952   
10.004457      0.012386384   
17.319737      0.014670636   

Stress
19.8423      0.000563186  -0.0189034    0.0768898    0.0315721    0.0536957   
0.000563186  19.8612      -0.00901841   0.0315721    0.107982     0.030908    
-0.0189034   -0.00901841  19.8761       0.0536957    0.030908     0.0685058   

Stress Spherical
0            0            0             0            0            0           
0            0            0             0            0            0           
0            0            0             0            0            0           

Inertia
266.765      -99.9239     -99.973       0.434857     0.136498     0.216018    
-99.9239     266.64       -100.029      0.136498     0.48015      0.243505    
-99.973      -100.029     266.554       0.216018     0.243505     0.329292    

Bond Length
0.62294026    0.0012516231

BB bond length
0.62294026    0.0012516231

Water EE distance
0             0           

PEG EE distance
5.7225824     0.057891295 

BBB P2(x)
0.072925195   0.0056590076

BBB first bond length
0.62303218    0.0013205435

BBB second bond length
0.62302329    0.0013044214

BBB <phi**2>/<phi>**2
1.1184466     0.0027407341

Time = 28000
Temperature
1.0101492     0.0058153848

Pressure
22.938544     0.055990103 

CM Mom
1.0525724e-16  1.0298184e-17 
3.6229744e-17  1.2773496e-17 
-5.4629303e-17 1.6743113e-17 
1.2562765e-16  1.1970009e-17 

CM Pos
10.004456      0.012163852   
9.9996657      0.0071199093  
10.003206      0.0068792953  
17.324743      0.0092245601  

Stress
19.9255      -0.0126365   0.000204016   0.0994766    0.0623758    0.0376519   
-0.0126365   19.8667      0.0145899     0.0623758    0.0482617    0.0489785   
0.000204016  0.0145899    19.9419       0.0376519    0.0489785    0.0731298   

Stress Spherical
