Time = 1000
Temperature
   1.0641748    0.17534159

Pressure
   23.900775     0.5849005

CM Mom
-1.2665311e-17 2.0786886e-17 
-1.0980477e-17 1.58203e-17   
4.8059585e-20  2.6807385e-17 
3.7842844e-17  1.5808697e-17 

CM Pos
7.4994383      0.024952878   
7.4996839      0.01418947    
7.500243       0.024479949   
12.990063      0.013358179   

Stress
20.7         -0.0072885   0.00782635    0.130225     0.0633789    0.0759437   
-0.0072885   20.7189      0.0118583     0.0633789    0.126498     0.0763931   
0.00782635   0.0118583    20.7069       0.0759437    0.0763931    0.142015    

Stress Spherical
0            0            0             0            0            0           
0            0            0             0            0            0           
0            0            0             0            0            0           

Inertia
149.994      -56.2415     -56.2501      0.362775     0.267712     0.150929    
-56.2415     149.992      -56.2465      0.267712     0.311705     0.179509    
-56.2501     -56.2465     149.978       0.150929     0.179509     0.450791    

Bond Length
0.57639017    0.047047225 

BB bond length
0.57639017    0.047047225 

Water EE distance
0             0           

PEG EE distance
2.2758651     0.8600402   

Time = 2000
Temperature
1.0090062     0.0095656049

Pressure
23.703541     0.099080207 

CM Mom
-1.9755012e-19 2.464615e-17  
-2.2932356e-17 1.8913883e-17 
4.5904169e-18  1.3881216e-17 
3.7664655e-17  1.6918435e-17 

CM Pos
7.4980455      0.017929894   
7.5012396      0.012383466   
7.5000653      0.012349801   
12.990022      0.015015125   

Stress
20.6769      -0.00283864  0.0167599     0.117927     0.0827373    0.0692397   
-0.00283864  20.683       -0.00324367   0.0827373    0.1071       0.0760932   
0.0167599    -0.00324367  20.6706       0.0692397    0.0760932    0.128186    

Stress Spherical
0            0            0             0            0            0           
0            0            0             0            0            0           
0            0            0             0            0            0           

Inertia
150.028      -56.2425     -56.2406      0.250252     0.174189     0.187098    
-56.2425     149.973      -56.259       0.174189     0.38113      0.148506    
-56.2406     -56.259      149.994       0.187098     0.148506     0.322646    

Bond Length
0.5656278     0.024501132 

BB bond length
0.5656278     0.024501132 

Water EE distance
0             0           

PEG EE distance
2.4617724     0.61438356  

Time = 3000
Temperature
1.0089301     0.0076352585

Pressure
23.717385     0.092242499 

CM Mom
9.7494064e-18  1.7155936e-17 
-2.4840212e-17 2.0343193e-17 
-2.0998036e-18 1.5156065e-17 
3.7801536e-17  1.501393e-17  

CM Pos
7.4981789      0.018573941   
7.5018027      0.012118375   
7.4977835      0.012179476   
12.98911       0.012688082   

Stress
20.6956      0.00450474   0.00247433    0.116187     0.0771776    0.0743266   
0.00450474   20.6869      -0.0052638    0.0771776    0.122484     0.0675954   
0.00247433   -0.0052638   20.6902       0.0743266    0.0675954    0.112484    

Stress Spherical
0            0            0             0            0            0           
0            0            0             0            0            0           
0            0            0             0            0            0           

Inertia
149.999      -56.2434     -56.2236      0.239247     0.173639     0.17841     
-56.2434     149.951      -56.2436      0.173639     0.312044     0.147014    
-56.2236     -56.2436     150.013       0.17841      0.147014     0.344504    

Bond Length
0.56845751    0.025782996 

BB bond length
0.56845751    0.025782996 

Water EE distance
0             0           

PEG EE distance
2.2884146     0.6366556   

