Time = 1000
Temperature
   1.0486178   0.063099607

Pressure
   23.701614    0.32854738

CM Mom
-8.6405577e-17 2.7111163e-17 
-9.5152573e-18 2.8637213e-17 
4.7376133e-18  2.0914062e-16 
1.9756518e-16  1.1765124e-16 

CM Pos
7.5003119      0.021352464   
7.489819       0.010877676   
7.5020555      0.019747108   
12.985889      0.023635404   

Stress
20.5193      0.0138418    -0.022042     0.171817     0.0736991    0.0586347   
0.0138418    20.6333      -0.0299751    0.0736991    0.168502     0.0558298   
-0.022042    -0.0299751   20.5166       0.0586347    0.0558298    0.152739    

Stress Spherical
0            0            0             0            0            0           
0            0            0             0            0            0           
0            0            0             0            0            0           

Inertia
149.914      -56.1706     -56.2647      1.01745      0.213283     0.261809    
-56.1706     150.099      -56.1729      0.213283     1.23237      0.189844    
-56.2647     -56.1729     149.893       0.261809     0.189844     1.11346     

Bond Length
0.61970467    0.0026977551

BB bond length
0.61970467    0.0026977551

Water EE distance
0             0           

PEG EE distance
6.5068876     0.36868239  

BBB P2(x)
0.47178174    0.062498515 

BBB first bond length
0.62000585    0.0029284156

BBB second bond length
0.61957924    0.0024060245

BBB <phi**2>/<phi>**2
1.2174062     0.019244611 

Time = 2000
Temperature
1.0129719     0.0072120443

Pressure
23.464752     0.065557745 

CM Mom
-9.86517e-17   2.3483091e-17 
-6.7254422e-18 1.7480845e-17 
3.451769e-17   2.6190802e-17 
1.0915807e-16  2.4420699e-17 

CM Pos
7.5049054      0.01107273    
7.4967834      0.011092542   
7.507538       0.01590476    
12.995725      0.01094715    

Stress
20.3973      -0.0022923   0.00667552    0.0881137    0.0841386    0.047519    
-0.0022923   20.4535      -0.0127378    0.0841386    0.117388     0.0826255   
0.00667552   -0.0127378   20.4285       0.047519     0.0826255    0.0717065   

Stress Spherical
0            0            0             0            0            0           
0            0            0             0            0            0           
0            0            0             0            0            0           

Inertia
149.959      -56.2204     -56.3733      0.192674     0.184623     0.157333    
-56.2204     150.072      -56.3005      0.184623     0.271131     0.157117    
-56.3733     -56.3005     149.92        0.157333     0.157117     0.446766    

Bond Length
0.61953512    0.0029296948

BB bond length
0.61953512    0.0029296948

Water EE distance
0             0           

PEG EE distance
7.0303697     0.28481107  

BBB P2(x)
0.51278085    0.018655524 

BBB first bond length
0.61959375    0.0025227751

BBB second bond length
0.61915925    0.0027427877

BBB <phi**2>/<phi>**2
1.2219854     0.0086169162

