Time = 1000
Temperature
   1.0296936   0.050262288

Pressure
   23.606141    0.23735904

CM Mom
3.0712434e-17  2.2637962e-17 
4.6039534e-19  1.7179047e-17 
-4.8181361e-17 5.2088782e-17 
7.4126722e-17  3.593016e-17  

CM Pos
7.4969798      0.010144014   
7.4982015      0.012495027   
7.495934       0.026568658   
12.98528       0.015351618   

Stress
20.5041      0.0205396    0.022307      0.101652     0.0851332    0.0732097   
0.0205396    20.5128      0.025459      0.0851332    0.169672     0.0555134   
0.022307     0.025459     20.5535       0.0732097    0.0555134    0.136399    

Stress Spherical
0            0            0             0            0            0           
0            0            0             0            0            0           
0            0            0             0            0            0           

Inertia
149.909      -56.2379     -56.1797      0.498182     0.0791214    0.245487    
-56.2379     149.863      -56.1788      0.0791214    0.298319     0.188267    
-56.1797     -56.1788     149.931       0.245487     0.188267     0.613276    

Bond Length
0.61754623    0.0050882885

BB bond length
0.61754623    0.0050882885

Water EE distance
0             0           

PEG EE distance
6.2689562     0.23069561  

BBB P2(x)
0.47395525    0.050730694 

BBB first bond length
0.61728466    0.0056338041

BBB second bond length
0.61788586    0.004661684 

BBB <phi**2>/<phi>**2
1.2151565     0.016731665 

Time = 2000
Temperature
1.0122918     0.0067497111

Pressure
23.55974      0.081594597 

CM Mom
3.9525874e-17  1.1304616e-17 
-3.7340232e-17 2.3575944e-17 
-1.6227013e-17 4.1795429e-17 
7.0466619e-17  2.6169381e-17 

CM Pos
7.5020273      0.010648553   
7.5053274      0.018886038   
7.5005361      0.014405593   
12.994951      0.018128594   

Stress
20.5376      0.0189476    0.0168327     0.0672401    0.0612435    0.0792653   
0.0189476    20.499       -0.0412783    0.0612435    0.139944     0.0548075   
0.0168327    -0.0412783   20.5509       0.0792653    0.0548075    0.117395    

Stress Spherical
0            0            0             0            0            0           
0            0            0             0            0            0           
0            0            0             0            0            0           

Inertia
150.005      -56.3285     -56.2318      0.34219      0.202809     0.125699    
-56.3285     149.965      -56.3228      0.202809     0.314492     0.201635    
-56.2318     -56.3228     150.033       0.125699     0.201635     0.344322    

Bond Length
0.6191055     0.0037044862

BB bond length
0.6191055     0.0037044862

Water EE distance
0             0           

PEG EE distance
6.9672747     0.25664003  

BBB P2(x)
0.51522957    0.019254682 

BBB first bond length
0.61895456    0.0033151037

BBB second bond length
0.61877829    0.0038244537

BBB <phi**2>/<phi>**2
1.2258382     0.012159146 

Time = 3000
Temperature
1.011388      0.0079936954

Pressure
23.509146     0.089825357 

CM Mom
1.7930695e-17  1.8855601e-17 
-4.4433369e-17 1.5875676e-17 
-1.9212578e-17 1.1231198e-17 
5.5816327e-17  1.6828709e-17 

CM Pos
7.4963859      0.0092484668  
7.5033975      0.015519872   
7.4963794      0.011990986   
12.98818       0.011846927   

Stress
20.5027      0.0399069    -0.0266231    0.116563     0.0566624    0.0734358   
0.0399069    20.4314      -0.0102987    0.0566624    0.10426      0.056824    
-0.0266231   -0.0102987   20.5097       0.0734358    0.056824     0.087176    

Stress Spherical
0            0            0             0            0            0           
0            0            0             0            0            0           
0            0            0             0            0            0           

Inertia
149.979      -56.2447     -56.1963      0.252444     0.140143     0.108141    
-56.2447     149.865      -56.2453      0.140143     0.23551      0.155554    
-56.1963     -56.2453     149.976       0.108141     0.155554     0.172307    

Bond Length
0.61851273    0.0030021253

BB bond length
0.61851273    0.0030021253

Water EE distance
0             0           

PEG EE distance
7.0161256     0.36584095  

BBB P2(x)
0.52267244    0.01512925  

BBB first bond length
0.61863815    0.0030429202

BBB second bond length
0.61890566    0.0028027486

BBB <phi**2>/<phi>**2
1.222158      0.0077949245

Time = 4000
Temperature
1.0075252     0.0032110493

Pressure
23.483676     0.077469891 

CM Mom
2.9577928e-17  1.4963567e-17 
-3.0473446e-17 2.0332022e-17 
-2.0054392e-17 9.2340186e-18 
5.1122011e-17  1.7741756e-17 

CM Pos
7.5011365      0.01530538    
7.489888       0.016370604   
7.5021692      0.011345967   
12.986462      0.021445767   

Stress
20.4631      -0.076679    0.00570883    0.10487      0.0529827    0.0948678   
-0.076679    20.4396      -0.0426926    0.0529827    0.178558     0.0504021   
0.00570883   -0.0426926   20.4993       0.0948678    0.0504021    0.108414    

Stress Spherical
0            0            0             0            0            0           
0            0            0             0            0            0           
0            0            0             0            0            0           

Inertia
149.848      -56.1406     -56.2816      0.336731     0.19958      0.178656    
-56.1406     150.017      -56.191       0.19958      0.345696     0.214252    
-56.2816     -56.191      149.836       0.178656     0.214252     0.408943    

Bond Length
0.61647031    0.0025575298

BB bond length
0.61647031    0.0025575298

Water EE distance
0             0           

PEG EE distance
7.0045407     0.22122347  

BBB P2(x)
0.52160554    0.017714588 

BBB first bond length
0.61660633    0.0023342992

BBB second bond length
0.61637162    0.0028701388

BBB <phi**2>/<phi>**2
1.2366864     0.013719275 

Time = 5000
Temperature
1.0086769     0.0079325965

Pressure
23.486684     0.062835911 

CM Mom
-5.7961465e-19 2.6811801e-17 
-3.2463915e-17 1.2962678e-17 
9.1062681e-20  3.2556533e-17 
5.0941984e-17  2.0149338e-17 

CM Pos
7.4999489      0.010590443   
7.4956778      0.01054874    
7.4999423      0.012628367   
12.987833      0.011274805   

Stress
20.4955      -0.00505071  -0.0109139    0.11113      0.0732352    0.0728622   
-0.00505071  20.4216      -0.0105385    0.0732352    0.0956268    0.0421885   
-0.0109139   -0.0105385   20.4837       0.0728622    0.0421885    0.0974899   

Stress Spherical
0            0            0             0            0            0           
0            0            0             0            0            0           
0            0            0             0            0            0           

Inertia
149.904      -56.2164     -56.2675      0.236704     0.0891109    0.156342    
-56.2164     149.955      -56.2485      0.0891109    0.3354       0.0995025   
-56.2675     -56.2485     149.886       0.156342     0.0995025    0.203351    

Bond Length
0.62367684    0.0034096171

BB bond length
0.62367684    0.0034096171

Water EE distance
0             0           

PEG EE distance
7.3659126     0.18284768  

BBB P2(x)
0.52132709    0.018752822 

BBB first bond length
0.62371601    0.0035757394

BBB second bond length
0.62342815    0.0031703417

BBB <phi**2>/<phi>**2
1.2259513     0.016248742 

Time = 6000
Temperature
1.0134252     0.0064217585

Pressure
23.504432     0.106098    

CM Mom
-5.2297724e-17 1.2546576e-17 
-2.1442171e-17 1.710243e-17  
-7.3866531e-18 1.8566898e-17 
6.2988253e-17  8.7464621e-18 

CM Pos
7.5027695      0.011325553   
7.5010222      0.017162573   
7.4981608      0.017767654   
12.991529      0.014534308   

Stress
20.4978      -0.0373697   0.0356893     0.118978     0.0577955    0.0632581   
-0.0373697   20.4254      0.00760925    0.0577955    0.104412     0.0368052   
0.0356893    0.00760925   20.4882       0.0632581    0.0368052    0.14163     

Stress Spherical
0            0            0             0            0            0           
0            0            0             0            0            0           
0            0            0             0            0            0           

Inertia
149.959      -56.2901     -56.2526      0.323148     0.129608     0.203105    
-56.2901     149.992      -56.2458      0.129608     0.386681     0.181939    
-56.2526     -56.2458     150.018       0.203105     0.181939     0.255012    

Bond Length
0.61704188    0.0038367097

BB bond length
0.61704188    0.0038367097

Water EE distance
0             0           

PEG EE distance
7.2930155     0.25322085  

BBB P2(x)
0.52224864    0.02403183  

BBB first bond length
0.61712761    0.0038222009

BBB second bond length
0.61705756    0.0039588952

BBB <phi**2>/<phi>**2
1.2352865     0.024673445 

Time = 7000
Temperature
1.0091656     0.0047295079

Pressure
23.497573     0.10543992  

CM Mom
-3.872595e-17  1.4661981e-17 
-6.0172105e-18 1.8496245e-17 
-1.1971927e-17 1.6376465e-17 
4.7897955e-17  1.450146e-17  

CM Pos
7.4956437      0.012801699   
7.4986469      0.012604785   
7.5023176      0.011898732   
12.988439      0.0086635337  

Stress
20.4668      0.0187732    0.000439475   0.123942     0.0502294    0.0518402   
0.0187732    20.5006      -0.0229363    0.0502294    0.128448     0.0784614   
0.000439475  -0.0229363   20.4617       0.0518402    0.0784614    0.116035    

Stress Spherical
0            0            0             0            0            0           
0            0            0             0            0            0           
0            0            0             0            0            0           

Inertia
149.987      -56.2533     -56.242       0.229272     0.141233     0.165701    
-56.2533     149.953      -56.2874      0.141233     0.255183     0.171558    
-56.242      -56.2874     149.889       0.165701     0.171558     0.175025    

Bond Length
0.62096407    0.0045632062

BB bond length
0.62096407    0.0045632062

Water EE distance
0             0           

PEG EE distance
6.7781222     0.37409673  

BBB P2(x)
0.52526722    0.015253182 

BBB first bond length
0.62110717    0.0041450859

BBB second bond length
0.6204388     0.0044368544

BBB <phi**2>/<phi>**2
1.2228908     0.018449317 

Time = 8000
Temperature
1.0047406     0.0080702842

Pressure
23.489793     0.081672001 

CM Mom
-2.0276967e-17 3.1300134e-17 
1.0876702e-17  3.5486214e-17 
-4.7268811e-17 2.1242592e-17 
7.2151167e-17  1.5755161e-17 

CM Pos
7.498019       0.012020358   
7.4971623      0.017407383   
7.5045445      0.013185873   
12.990242      0.012017332   

Stress
20.4857      0.00490821   -0.000290943  0.14545      0.067353     0.0535888   
0.00490821   20.4621      0.0264747     0.067353     0.0940119    0.0840915   
-0.000290943 0.0264747    20.4976       0.0535888    0.0840915    0.113243    

Stress Spherical
0            0            0             0            0            0           
0            0            0             0            0            0           
0            0            0             0            0            0           

Inertia
150.028      -56.2222     -56.2898      0.27476      0.173914     0.118126    
-56.2222     150.041      -56.2595      0.173914     0.244867     0.121163    
-56.2898     -56.2595     149.956       0.118126     0.121163     0.334151    

Bond Length
0.61817382    0.0031952151

BB bond length
0.61817382    0.0031952151

Water EE distance
0             0           

PEG EE distance
6.8315829     0.53169397  

BBB P2(x)
0.51640862    0.018193843 

BBB first bond length
0.61813409    0.0031336922

BBB second bond length
0.61788698    0.0031432213

BBB <phi**2>/<phi>**2
1.2413061     0.013613135 

Time = 9000
Temperature
1.0101696     0.0076715268

Pressure
23.465939     0.06108011  

CM Mom
-1.7514801e-17 2.6590063e-17 
2.2136266e-17  1.6669915e-17 
-4.2397301e-17 1.8125906e-17 
5.7511469e-17  2.4499196e-17 

CM Pos
7.5104893      0.011360526   
7.5050305      0.013843876   
7.50113        0.013030349   
13.000011      0.0094238205  

Stress
20.4511      0.00536712   0.00799455    0.0735571    0.0818755    0.0538428   
0.00536712   20.422       0.00171375    0.0818755    0.0758603    0.0748386   
0.00799455   0.00171375   20.452        0.0538428    0.0748386    0.123945    

Stress Spherical
0            0            0             0            0            0           
0            0            0             0            0            0           
0            0            0             0            0            0           

Inertia
150.078      -56.3859     -56.3303      0.250849     0.172894     0.09147     
-56.3859     150.153      -56.3021      0.172894     0.181639     0.100888    
-56.3303     -56.3021     150.227       0.09147      0.100888     0.278083    

Bond Length
0.62094043    0.003473718 

BB bond length
0.62094043    0.003473718 

Water EE distance
0             0           

PEG EE distance
7.3716614     0.26771791  

BBB P2(x)
0.51850243    0.015445938 

BBB first bond length
0.62068387    0.0036598299

BBB second bond length
0.62099058    0.0035468382

BBB <phi**2>/<phi>**2
1.2272272     0.01217355  

Time = 10000
Temperature
1.0141465     0.0095662039

Pressure
23.49168      0.070729037 

CM Mom
-1.872018e-17  2.0036037e-17 
4.6989442e-17  1.4179494e-17 
-3.2107905e-17 1.5798504e-17 
6.5995788e-17  9.2746891e-18 

CM Pos
7.5011365      0.010380253   
7.4974593      0.0059918159  
7.494301       0.012856672   
12.986289      0.010297867   

Stress
20.4756      0.00433702   -0.0135268    0.106165     0.0715549    0.0562824   
0.00433702   20.4479      0.00272038    0.0715549    0.096973     0.0758974   
-0.0135268   0.00272038   20.4432       0.0562824    0.0758974    0.094136    

Stress Spherical
0            0            0             0            0            0           
0            0            0             0            0            0           
0            0            0             0            0            0           

Inertia
149.843      -56.2138     -56.2381      0.226629     0.0743147    0.162236    
-56.2138     149.904      -56.1991      0.0743147    0.243586     0.118386    
-56.2381     -56.1991     149.963       0.162236     0.118386     0.171051    

Bond Length
0.61979135    0.0031477838

BB bond length
0.61979135    0.0031477838

Water EE distance
0             0           

PEG EE distance
6.8425351     0.21292319  

BBB P2(x)
0.50667561    0.018665412 

BBB first bond length
0.61960365    0.0034605362

BBB second bond length
0.62013841    0.0032337285

BBB <phi**2>/<phi>**2
1.2217228     0.011190105 

Time = 11000
Temperature
1.0038706     0.0090370339

Pressure
23.49979      0.072433164 

CM Mom
-1.8675249e-17 1.4163805e-17 
6.1222141e-17  1.1963282e-17 
-3.5338776e-17 1.1903559e-17 
7.554551e-17   1.1137714e-17 

CM Pos
7.5055902      0.014597843   
7.4982015      0.01291141    
7.495934       0.0067852701  
12.990237      0.0098098039  

Stress
20.4557      -0.00908716  -0.0111303    0.111338     0.0720659    0.0726702   
-0.00908716  20.5201      0.041276      0.0720659    0.0768678    0.0700288   
-0.0111303   0.041276     20.5075       0.0726702    0.0700288    0.116892    

Stress Spherical
0            0            0             0            0            0           
0            0            0             0            0            0           
0            0            0             0            0            0           

Inertia
149.895      -56.2629     -56.2991      0.162568     0.175061     0.0830561   
-56.2629     150.007      -56.1694      0.175061     0.166287     0.10342     
-56.2991     -56.1694     150.057       0.0830561    0.10342      0.30702     

Bond Length
0.61958078    0.004617983 

BB bond length
0.61958078    0.004617983 

Water EE distance
0             0           

PEG EE distance
6.9208905     0.33075427  

BBB P2(x)
0.51541399    0.019502662 

BBB first bond length
0.61900108    0.0046378686

BBB second bond length
0.61966283    0.0052675519

BBB <phi**2>/<phi>**2
1.2303617     0.013709055 

Time = 12000
Temperature
1.0069428     0.0090409745

Pressure
23.490396     0.10400629  

CM Mom
-4.9750853e-17 1.3760847e-17 
5.7428e-17     2.0164148e-17 
-4.5835158e-17 1.3814425e-17 
9.0723855e-17  2.0735442e-17 

CM Pos
7.5046995      0.011877412   
7.4977562      0.01524189    
7.5030599      0.014955797   
12.993581      0.014516957   

Stress
20.3886      -0.0137156   -0.0449762    0.12354      0.0603314    0.0561028   
-0.0137156   20.5024      -0.00528654   0.0603314    0.112467     0.0569903   
-0.0449762   -0.00528654  20.5365       0.0561028    0.0569903    0.109628    

Stress Spherical
0            0            0             0            0            0           
0            0            0             0            0            0           
0            0            0             0            0            0           

Inertia
150.005      -56.2515     -56.3065      0.418756     0.120527     0.134992    
-56.2515     150.111      -56.29        0.120527     0.216664     0.252331    
-56.3065     -56.29       150.026       0.134992     0.252331     0.24704     

Bond Length
0.62017481    0.0048387763

BB bond length
0.62017481    0.0048387763

Water EE distance
0             0           

PEG EE distance
7.5587359     0.21574862  

BBB P2(x)
0.50748792    0.019109528 

BBB first bond length
0.61977019    0.0053130089

BBB second bond length
0.61966389    0.0044579977

BBB <phi**2>/<phi>**2
1.2164276     0.0093990706

Time = 13000
Temperature
1.0109533     0.0088602518

Pressure
23.473194     0.073199578 

CM Mom
-2.320876e-17  2.8331593e-17 
5.2017805e-17  1.157197e-17  
-9.1613453e-17 3.2044181e-17 
1.1294454e-16  2.9059841e-17 

CM Pos
7.5067779      0.017703657   
7.49835        0.012296786   
7.502763       0.012170681   
12.994949      0.018540766   

Stress
20.4344      -3.72762e-05 -0.00477734   0.121393     0.053654     0.0664463   
-3.72762e-05 20.3964      -0.0232015    0.053654     0.0829778    0.0862848   
-0.00477734  -0.0232015   20.509        0.0664463    0.0862848    0.142957    

Stress Spherical
0            0            0             0            0            0           
0            0            0             0            0            0           
0            0            0             0            0            0           

Inertia
150.018      -56.2995     -56.285       0.27233      0.227935     0.248936    
-56.2995     150.131      -56.2537      0.227935     0.418731     0.17539     
-56.285      -56.2537     150.065       0.248936     0.17539      0.360499    

Bond Length
0.62151078    0.0037600732

BB bond length
0.62151078    0.0037600732

Water EE distance
0             0           

PEG EE distance
7.8945297     0.15385112  

BBB P2(x)
0.51832356    0.026746136 

BBB first bond length
0.62129154    0.003193525 

BBB second bond length
0.62182094    0.0038258531

BBB <phi**2>/<phi>**2
1.2187359     0.014675673 

Time = 14000
Temperature
1.0113965     0.0083120911

Pressure
23.466226     0.094399283 

CM Mom
-2.5723628e-17 2.4442757e-17 
4.8736527e-17  2.1127543e-17 
-1.0660899e-16 1.5949451e-17 
1.2434468e-16  1.5460836e-17 

CM Pos
7.5033634      0.0088378124  
7.5005768      0.015049081   
7.5032084      0.015139607   
12.994524      0.011879023   

Stress
20.4388      -0.0135798   -0.0203376    0.152929     0.0504003    0.0930293   
-0.0135798   20.4491      -0.00324333   0.0504003    0.0826027    0.0591032   
-0.0203376   -0.00324333  20.4271       0.0930293    0.0591032    0.115981    

Stress Spherical
0            0            0             0            0            0           
0            0            0             0            0            0           
0            0            0             0            0            0           

Inertia
150.062      -56.2818     -56.3042      0.312436     0.115785     0.172691    
-56.2818     150.114      -56.2978      0.115785     0.298683     0.180794    
-56.3042     -56.2978     150.055       0.172691     0.180794     0.229       

Bond Length
0.61899711    0.0036009512

BB bond length
0.61899711    0.0036009512

Water EE distance
0             0           

PEG EE distance
8.1330215     0.31927828  

BBB P2(x)
0.52469873    0.011715368 

BBB first bond length
0.6193286     0.0038738459

BBB second bond length
0.61931219    0.0040455013

BBB <phi**2>/<phi>**2
1.2296848     0.016459577 

Time = 15000
Temperature
1.0139249     0.0084689802

Pressure
23.473567     0.07684203  

CM Mom
-4.3012627e-17 1.8567354e-17 
6.5087979e-17  2.3155236e-17 
-1.1688493e-16 2.3540562e-17 
1.4369228e-16  2.3156348e-17 

CM Pos
7.4978705      0.013010884   
7.4992407      0.018743716   
7.4917772      0.016451852   
12.983989      0.015058448   

Stress
20.4527      -0.0294713   -0.0164127    0.0893912    0.0540554    0.0596434   
-0.0294713   20.4097      -0.00256438   0.0540554    0.0924957    0.0375023   
-0.0164127   -0.00256438  20.4519       0.0596434    0.0375023    0.108867    

Stress Spherical
0            0            0             0            0            0           
0            0            0             0            0            0           
0            0            0             0            0            0           

Inertia
149.865      -56.2259     -56.2091      0.291797     0.173209     0.248876    
-56.2259     149.844      -56.1804      0.173209     0.398268     0.215631    
-56.2091     -56.1804     149.954       0.248876     0.215631     0.397495    

Bond Length
0.62167981    0.0030644713

BB bond length
0.62167981    0.0030644713

Water EE distance
0             0           

PEG EE distance
7.3827518     0.1607063   

BBB P2(x)
0.52048418    0.020550099 

BBB first bond length
0.6217465     0.0027404918

BBB second bond length
0.62155294    0.0033237054

BBB <phi**2>/<phi>**2
1.2290982     0.013504765 

Time = 16000
Temperature
1.0151655     0.0062383782

Pressure
23.522444     0.081888386 

CM Mom
-2.071367e-17  3.2201061e-17 
6.3300238e-17  3.7717651e-17 
-1.1354871e-16 2.2695849e-17 
1.3852655e-16  3.3381312e-17 

CM Pos
7.5054418      0.010884978   
7.5014676      0.010721776   
7.4957855      0.0082389768  
12.991946      0.010630626   

Stress
20.5152      -0.0168857   -0.00750084   0.100281     0.0585576    0.0819584   
-0.0168857   20.4593      0.0273858     0.0585576    0.0912189    0.0706026   
-0.00750084  0.0273858    20.4754       0.0819584    0.0706026    0.129292    

Stress Spherical
0            0            0             0            0            0           
0            0            0             0            0            0           
0            0            0             0            0            0           

Inertia
149.943      -56.3055     -56.2367      0.24724      0.129123     0.109038    
-56.3055     150.027      -56.2102      0.129123     0.231317     0.133091    
-56.2367     -56.2102     150.103       0.109038     0.133091     0.253954    

Bond Length
0.62124552    0.0039766482

BB bond length
0.62124552    0.0039766482

Water EE distance
0             0           

PEG EE distance
7.2788252     0.27686871  

BBB P2(x)
0.52622408    0.019060674 

BBB first bond length
0.62083497    0.0040180103

BBB second bond length
0.62115924    0.0039973458

BBB <phi**2>/<phi>**2
1.2349779     0.016249631 

Time = 17000
Temperature
1.0182689     0.0073931469

Pressure
23.546395     0.063192136 

CM Mom
-1.5552627e-17 2.2915636e-17 
2.9871032e-17  1.561284e-17  
-8.2797816e-17 1.796124e-17  
9.3109767e-17  2.0290533e-17 

CM Pos
7.4984643      0.015319773   
7.5020614      0.020866395   
7.4987547      0.016167403   
12.989991      0.016381453   

Stress
20.5261      0.0049723    -0.0217093    0.073337     0.0706517    0.0748225   
0.0049723    20.4695      -0.0067562    0.0706517    0.0944549    0.0498096   
-0.0217093   -0.0067562   20.4981       0.0748225    0.0498096    0.0714089   

Stress Spherical
0            0            0             0            0            0           
0            0            0             0            0            0           
0            0            0             0            0            0           

Inertia
150.024      -56.258      -56.2326      0.42726      0.166185     0.170211    
-56.258      149.967      -56.2352      0.166185     0.35455      0.242225    
-56.2326     -56.2352     150.008       0.170211     0.242225     0.312234    

Bond Length
0.62161238    0.0025387063

BB bond length
0.62161238    0.0025387063

Water EE distance
0             0           

PEG EE distance
7.6101405     0.36041071  

BBB P2(x)
0.5235887     0.019275247 

BBB first bond length
0.62194186    0.0028830879

BBB second bond length
0.62161299    0.0025660095

BBB <phi**2>/<phi>**2
1.2127064     0.01456393  

Time = 18000
Temperature
1.0045534     0.0069464636

Pressure
23.47272      0.087045053 

CM Mom
-2.481616e-17  1.7961314e-17 
3.4084501e-17  1.3648933e-17 
-7.390801e-17  2.4864955e-17 
8.9079581e-17  2.0784259e-17 

CM Pos
7.5048479      0.014288847   
7.4982015      0.013030349   
7.5048414      0.017733509   
12.994958      0.012612367   

Stress
20.4993      -0.0159711   0.00215911    0.0920824    0.0642936    0.0477655   
-0.0159711   20.4618      -0.0143672    0.0642936    0.118722     0.0977077   
0.00215911   -0.0143672   20.4349       0.0477655    0.0977077    0.123338    

Stress Spherical
0            0            0             0            0            0           
0            0            0             0            0            0           
0            0            0             0            0            0           

Inertia
150.048      -56.2668     -56.303       0.237325     0.135783     0.170226    
-56.2668     150.165      -56.2236      0.135783     0.406907     0.108581    
-56.303      -56.2236     150.054       0.170226     0.108581     0.286408    

Bond Length
0.62091033    0.0031685869

BB bond length
0.62091033    0.0031685869

Water EE distance
0             0           

PEG EE distance
7.910176      0.28057082  

BBB P2(x)
0.52644343    0.020540152 

BBB first bond length
0.62094831    0.0029486423

BBB second bond length
0.62125029    0.0030985667

BBB <phi**2>/<phi>**2
1.2211044     0.020196241 

Time = 19000
Temperature
1.0084337     0.0066063443

Pressure
23.492092     0.075713645 

CM Mom
-6.8927445e-18 4.5615943e-17 
3.5484229e-17  2.3525254e-17 
-8.3462587e-17 1.0524808e-17 
1.0347747e-16  1.7609099e-17 

CM Pos
7.4910415      0.012881504   
7.4946386      0.013505422   
7.497567       0.013811999   
12.980717      0.018357941   

Stress
20.4633      0.0156312    0.0313875     0.100385     0.0710341    0.074864    
0.0156312    20.4621      0.00526947    0.0710341    0.122479     0.0571613   
0.0313875    0.00526947   20.4938       0.074864     0.0571613    0.107896    

Stress Spherical
0            0            0             0            0            0           
0            0            0             0            0            0           
0            0            0             0            0            0           

Inertia
149.891      -56.121      -56.1711      0.355226     0.165449     0.184881    
-56.121      149.846      -56.1815      0.165449     0.345478     0.188999    
-56.1711     -56.1815     149.791       0.184881     0.188999     0.326258    

Bond Length
0.61931843    0.0033455855

BB bond length
0.61931843    0.0033455855

Water EE distance
0             0           

PEG EE distance
7.313848      0.29859189  

BBB P2(x)
0.51967159    0.013973744 

BBB first bond length
0.61898668    0.0039171288

BBB second bond length
0.61941173    0.0034054826

BBB <phi**2>/<phi>**2
1.2240528     0.015951436 

Time = 20000
Temperature
1.0062448     0.0074623017

Pressure
23.453179     0.086111001 

CM Mom
1.0745534e-17  1.1199304e-17 
2.6769544e-17  1.2358319e-17 
-6.2759356e-17 1.6551183e-17 
7.123047e-17   1.5783726e-17 

CM Pos
7.4963859      0.010582116   
7.4979046      0.017264361   
7.4989031      0.012552221   
12.986472      0.0059865079  

Stress
20.4702      0.0287851    -0.0329283    0.116562     0.0749762    0.0556495   
0.0287851    20.4478      -0.0575643    0.0749762    0.135823     0.0380093   
-0.0329283   -0.0575643   20.4041       0.0556495    0.0380093    0.118966    

Stress Spherical
0            0            0             0            0            0           
0            0            0             0            0            0           
0            0            0             0            0            0           

Inertia
149.932      -56.2209     -56.2093      0.192108     0.152195     0.116236    
-56.2209     149.931      -56.1958      0.152195     0.193404     0.0672963   
-56.2093     -56.1958     149.897       0.116236     0.0672963    0.309305    

Bond Length
0.61937499    0.0035177412

BB bond length
0.61937499    0.0035177412

Water EE distance
0             0           

PEG EE distance
6.7948202     0.16571652  

BBB P2(x)
0.48737587    0.019488536 

BBB first bond length
0.61950061    0.0037200186

BBB second bond length
0.61911283    0.0039309513

BBB <phi**2>/<phi>**2
1.2209317     0.01137747  

Time = 21000
Temperature
1.0097123     0.0085364766

Pressure
23.483019     0.089340078 

CM Mom
2.378961e-17   1.5224975e-17 
6.4982769e-18  1.8557827e-17 
-3.208016e-17  2.0591002e-17 
5.0356342e-17  1.0086172e-17 

CM Pos
7.4937137      0.010165718   
7.49835        0.017224102   
7.5026145      0.011503189   
12.987323      0.013995888   

Stress
20.4427      0.00474633   -0.0466803    0.121799     0.0813015    0.0386525   
0.00474633   20.4799      -0.0364161    0.0813015    0.0872435    0.064537    
-0.0466803   -0.0364161   20.4579       0.0386525    0.064537     0.138064    

Stress Spherical
0            0            0             0            0            0           
0            0            0             0            0            0           
0            0            0             0            0            0           

Inertia
149.996      -56.2278     -56.1941      0.297856     0.159424     0.164983    
-56.2278     149.946      -56.2391      0.159424     0.278386     0.196377    
-56.1941     -56.2391     149.877       0.164983     0.196377     0.277972    

Bond Length
0.61908833    0.0035027751

BB bond length
0.61908833    0.0035027751

Water EE distance
0             0           

PEG EE distance
6.6658529     0.17849822  

BBB P2(x)
0.51996894    0.018319859 

BBB first bond length
0.61908       0.0036439774

BBB second bond length
0.61897892    0.0035059917

BBB <phi**2>/<phi>**2
1.2233171     0.012124435 

Time = 22000
Temperature
1.0078919     0.0069607782

Pressure
23.514213     0.10583961  

CM Mom
1.2841624e-17  1.6581858e-17 
-9.693025e-18  1.8234522e-17 
-4.4060053e-17 2.1440297e-17 
5.3414169e-17  2.035237e-17  

CM Pos
7.4998004      0.012753404   
7.4930056      0.012830074   
7.4987547      0.016611165   
12.985529      0.010612748   

Stress
20.5054      -0.0142301   -0.0455837    0.155467     0.0533834    0.0720128   
-0.0142301   20.4738      -0.0165686    0.0533834    0.112544     0.0247684   
-0.0455837   -0.0165686   20.5112       0.0720128    0.0247684    0.158923    

Stress Spherical
0            0            0             0            0            0           
0            0            0             0            0            0           
0            0            0             0            0            0           

Inertia
149.872      -56.2595     -56.2366      0.371077     0.168853     0.110635    
-56.2595     149.987      -56.1823      0.168853     0.183537     0.195769    
-56.2366     -56.1823     149.886       0.110635     0.195769     0.217589    

Bond Length
0.61746514    0.0045586252

BB bond length
0.61746514    0.0045586252

Water EE distance
0             0           

PEG EE distance
6.9740815     0.26265482  

BBB P2(x)
0.51530566    0.01678635  

BBB first bond length
0.61737577    0.0045336956

BBB second bond length
0.61750463    0.004395073 

BBB <phi**2>/<phi>**2
1.224202      0.011346723 

Time = 23000
Temperature
1.0096973     0.0070299668

Pressure
23.515182     0.10350769  

CM Mom
1.6372946e-17  2.8495387e-17 
1.2707158e-17  1.9633487e-17 
-5.7148906e-17 1.9726061e-17 
6.9623406e-17  2.0849517e-17 

CM Pos
7.5026211      0.015815274   
7.4973108      0.016126456   
7.4971217      0.012743895   
12.988697      0.015791653   

Stress
20.5029      -0.0124998   0.0189833     0.135472     0.076234     0.0738509   
-0.0124998   20.4866      -0.00410513   0.076234     0.122422     0.0449634   
0.0189833    -0.00410513  20.4877       0.0738509    0.0449634    0.0970704   

Stress Spherical
0            0            0             0            0            0           
0            0            0             0            0            0           
0            0            0             0            0            0           

Inertia
149.892      -56.2687     -56.2531      0.312971     0.163174     0.212528    
-56.2687     149.984      -56.1746      0.163174     0.373904     0.188556    
-56.2531     -56.1746     149.983       0.212528     0.188556     0.353806    

Bond Length
0.61837074    0.0027585692

BB bond length
0.61837074    0.0027585692

Water EE distance
0             0           

PEG EE distance
6.8814513     0.18852743  

BBB P2(x)
0.49838273    0.020386361 

BBB first bond length
0.61813395    0.0026456431

BBB second bond length
0.61819586    0.0029732892

BBB <phi**2>/<phi>**2
1.2215751     0.015763361 

Time = 24000
Temperature
1.0085368     0.0064378008

Pressure
23.449945     0.11366605  

CM Mom
6.183472e-17   1.6898385e-17 
2.072658e-17   2.0453413e-17 
-5.4944173e-17 2.2301676e-17 
8.9127036e-17  2.3013462e-17 

CM Pos
7.4995035      0.013472745   
7.4959747      0.022557994   
7.4938556      0.013655537   
12.984252      0.011388985   

Stress
20.3938      0.0257881    -0.0158547    0.133117     0.0828669    0.0377806   
0.0257881    20.4304      0.0133625     0.0828669    0.184044     0.0755912   
-0.0158547   0.0133625    20.4676       0.0377806    0.0755912    0.119593    

Stress Spherical
0            0            0             0            0            0           
0            0            0             0            0            0           
0            0            0             0            0            0           

Inertia
149.835      -56.2014     -56.1725      0.320941     0.190656     0.174364    
-56.2014     149.921      -56.1276      0.190656     0.321184     0.153424    
-56.1725     -56.1276     149.945       0.174364     0.153424     0.294066    

Bond Length
0.62033017    0.0035895072

BB bond length
0.62033017    0.0035895072

Water EE distance
0             0           

PEG EE distance
6.7862434     0.15027819  

BBB P2(x)
0.51018346    0.012659088 

BBB first bond length
0.62036152    0.0037742993

BBB second bond length
0.6202662     0.0036290897

BBB <phi**2>/<phi>**2
1.2251866     0.022021086 

Time = 25000
Temperature
1.0131322     0.0079269858

Pressure
23.510113     0.073306086 

CM Mom
8.5932817e-17  1.1025786e-17 
5.0550707e-17  2.3848376e-17 
-5.1734042e-17 3.2374811e-17 
1.1793127e-16  2.1139787e-17 

CM Pos
7.4978705      0.010685743   
7.4928571      0.013077622   
7.4954886      0.011552896   
12.982436      0.010109914   

Stress
20.4464      0.000150254  -0.00816527   0.1261       0.077966     0.0453129   
0.000150254  20.5028      -0.0145918    0.077966     0.079774     0.0450187   
-0.00816527  -0.0145918   20.4818       0.0453129    0.0450187    0.117837    

Stress Spherical
0            0            0             0            0            0           
0            0            0             0            0            0           
0            0            0             0            0            0           

Inertia
149.8        -56.207      -56.2076      0.263602     0.0711256    0.140982    
-56.207      149.882      -56.1663      0.0711256    0.253253     0.154265    
-56.2076     -56.1663     149.845       0.140982     0.154265     0.23661     

Bond Length
0.61953337    0.0043720301

BB bond length
0.61953337    0.0043720301

Water EE distance
0             0           

PEG EE distance
7.3412469     0.19905734  

BBB P2(x)
0.51958664    0.0099840418

BBB first bond length
0.61953551    0.0044601941

BBB second bond length
0.61958673    0.0039777704

BBB <phi**2>/<phi>**2
1.2218954     0.011953312 

Time = 26000
Temperature
1.0083401     0.004892693 

Pressure
23.49386      0.081543435 

CM Mom
8.9769674e-17  2.0219184e-17 
5.1936495e-17  2.1594709e-17 
-5.9449784e-17 2.524341e-17  
1.2344545e-16  2.3745925e-17 

CM Pos
7.4989097      0.0081366922  
7.4934509      0.016811624   
7.4980124      0.0054848436  
12.984833      0.012113299   

Stress
20.5027      -0.000283741 -0.021507     0.111695     0.0682763    0.0500508   
-0.000283741 20.4242      -0.0214467    0.0682763    0.105177     0.0694824   
-0.021507    -0.0214467   20.4984       0.0500508    0.0694824    0.0968206   

Stress Spherical
0            0            0             0            0            0           
0            0            0             0            0            0           
0            0            0             0            0            0           

Inertia
149.856      -56.196      -56.2017      0.267179     0.14425      0.0954815   
-56.196      149.961      -56.1538      0.14425      0.110069     0.144162    
-56.2017     -56.1538     149.885       0.0954815    0.144162     0.28958     

Bond Length
0.62000551    0.0041935833

BB bond length
0.62000551    0.0041935833

Water EE distance
0             0           

PEG EE distance
6.9806961     0.19143016  

BBB P2(x)
0.50692144    0.021795645 

BBB first bond length
0.62004303    0.0045618901

BBB second bond length
0.61990397    0.0044680511

BBB <phi**2>/<phi>**2
1.2255669     0.01111787  

Time = 27000
Temperature
1.0052461     0.0052493314

Pressure
23.469769     0.084050318 

CM Mom
1.0762222e-16  1.5775303e-17 
6.1719071e-17  1.183935e-17  
-6.961117e-17  1.1892773e-17 
1.432091e-16   1.6097254e-17 

CM Pos
7.4971282      0.014618211   
7.4913726      0.014454467   
7.5018722      0.011353734   
12.984837      0.015285026   

Stress
20.4448      -0.0233189   -0.0106563    0.12018      0.0590162    0.0817639   
-0.0233189   20.4326      -0.0120901    0.0590162    0.100101     0.0575838   
-0.0106563   -0.0120901   20.5035       0.0817639    0.0575838    0.0933694   

Stress Spherical
0            0            0             0            0            0           
0            0            0             0            0            0           
0            0            0             0            0            0           

Inertia
149.894      -56.181      -56.2783      0.254445     0.20046      0.172043    
-56.181      150.005      -56.1928      0.20046      0.277018     0.125636    
-56.2783     -56.1928     149.84        0.172043     0.125636     0.343996    

Bond Length
0.61958351    0.0043135102

BB bond length
0.61958351    0.0043135102

Water EE distance
0             0           

PEG EE distance
6.8903877     0.27902282  

BBB P2(x)
0.51564261    0.01705341  

BBB first bond length
0.61933699    0.0044133198

BBB second bond length
0.6197616     0.0045666718

BBB <phi**2>/<phi>**2
1.2289077     0.015900928 

Time = 28000
Temperature
1.014107      0.0071079516

Pressure
23.503603     0.098782927 

CM Mom
9.7136823e-17  1.6874695e-17 
7.9556644e-17  1.2231624e-17 
-5.7976162e-17 2.2556094e-17 
1.4067088e-16  1.676024e-17  

CM Pos
7.4972767      0.01093044    
7.4962716      0.0053133997  
7.5015753      0.015548247   
12.987578      0.0097608187  

Stress
20.5027      -0.0234114   -0.0217715    0.116103     0.0482229    0.064862    
-0.0234114   20.4645      0.0364118     0.0482229    0.128606     0.0874514   
-0.0217715   0.0364118    20.4355       0.064862     0.0874514    0.116676    

Stress Spherical
0            0            0             0            0            0           
