Time = 1000
Temperature
   1.0533411   0.061734128

Pressure
   23.702763    0.26351031

CM Mom
-3.5419899e-17 1.0531072e-17 
6.1010156e-19  2.243484e-17  
-7.1600883e-17 8.1252694e-17 
9.8809127e-17  6.1924229e-17 

CM Pos
7.5009064      0.03186621    
7.5037818      0.01001893    
7.4997567      0.034463933   
12.993024      0.018125992   

Stress
20.6018      -0.00763338  0.0138608     0.150718     0.0793948    0.0700853   
-0.00763338  20.4626      -0.025904     0.0793948    0.0671425    0.10212     
0.0138608    -0.025904    20.5684       0.0700853    0.10212      0.110106    

Stress Spherical
0            0            0             0            0            0           
0            0            0             0            0            0           
0            0            0             0            0            0           

Inertia
150.092      -56.258      -56.2385      1.18372      0.32845      0.199686    
-56.258      150.046      -56.2777      0.32845      1.07389      0.227626    
-56.2385     -56.2777     150.097       0.199686     0.227626     0.666162    

Bond Length
0.62005138    0.0058779233

BB bond length
0.62005138    0.0058779233

Water EE distance
0             0           

PEG EE distance
7.2685614     0.31536439  

BBB P2(x)
0.4764399     0.066150051 

BBB first bond length
0.61994628    0.0062165295

BBB second bond length
0.61968891    0.0062284339

BBB <phi**2>/<phi>**2
1.2148365     0.016548226 

Time = 2000
Temperature
1.0144798     0.0070091487

Pressure
23.490939     0.075677651 

CM Mom
-6.6348442e-17 2.6621356e-17 
-8.1171345e-18 1.1840696e-17 
7.2542982e-18  5.7774441e-17 
8.8737204e-17  2.886385e-17  

CM Pos
7.5020921      0.016617325   
7.4932581      0.008540431   
7.5016835      0.018760982   
12.988691      0.013321461   

Stress
20.4708      0.0152465    0.048402      0.126604     0.0562386    0.0769222   
0.0152465    20.4544      0.0110811     0.0562386    0.0579499    0.0512659   
0.048402     0.0110811    20.4218       0.0769222    0.0512659    0.119882    

Stress Spherical
0            0            0             0            0            0           
0            0            0             0            0            0           
0            0            0             0            0            0           

Inertia
149.836      -56.2121     -56.2729      0.482261     0.148845     0.160745    
-56.2121     149.946      -56.1967      0.148845     0.501781     0.157525    
-56.2729     -56.1967     149.831       0.160745     0.157525     0.341023    

Bond Length
0.62033339    0.0024653593

BB bond length
0.62033339    0.0024653593

Water EE distance
0             0           

PEG EE distance
7.4214161     0.11207645  

BBB P2(x)
0.51378177    0.013729491 

BBB first bond length
0.62008389    0.002492723 

BBB second bond length
0.6205552     0.002533014 

BBB <phi**2>/<phi>**2
1.2278832     0.0095646264

