Time = 500
Temperature
   1.0322645    0.04152396

Pressure
   23.192378    0.19252031

CM Mom
2.5043161e-18  5.5575347e-18 
8.8510362e-18  1.047072e-17  
3.1795371e-17  2.1881016e-17 
3.8718799e-17  1.4687195e-17 

CM Pos
7.4943113      0.0041330529  
7.5093095      0.022473705   
7.4776999      0.010296351   
12.979635      0.010830187   

Stress
20.0993      0.062498     0.0207496     0.131716     0.0511504    0.0739646   
0.062498     20.1068      0.014933      0.0511504    0.153285     0.0462297   
0.0207496    0.014933     20.0944       0.0739646    0.0462297    0.167543    

Stress Spherical
0            0            0             0            0            0           
0            0            0             0            0            0           
0            0            0             0            0            0           

Inertia
149.612      -56.3079     -56.1304      0.389612     0.163365     0.107144    
-56.3079     149.336      -56.1719      0.163365     0.149265     0.204067    
-56.1304     -56.1719     149.843       0.107144     0.204067     0.413924    

Bond Length
0.61429228    0.0055839889

BB bond length
0.61429228    0.0055839889

Water EE distance
0             0           

PEG EE distance
3.3653452     0.37986625  

Time = 1000
Temperature
1.0071959     0.0053445775

Pressure
23.20776      0.065475507 

CM Mom
6.2110993e-18  2.3135609e-17 
7.6386858e-18  1.7513189e-17 
2.4069108e-17  9.2964576e-18 
3.8537946e-17  1.0930156e-17 

CM Pos
7.493421       0.0076578563  
7.5116834      0.0087222187  
7.474139       0.0090297472  
12.978428      0.010921276   

Stress
20.2153      -0.0187048   -0.0113307    0.0794353    0.101186     0.0542049   
-0.0187048   20.1877      0.0250226     0.101186     0.0780498    0.0699976   
-0.0113307   0.0250226    20.169        0.0542049    0.0699976    0.0254731   

Stress Spherical
0            0            0             0            0            0           
0            0            0             0            0            0           
0            0            0             0            0            0           

Inertia
149.646      -56.269      -56.003       0.301258     0.104958     0.0872207   
-56.269      149.353      -56.1138      0.104958     0.185963     0.208832    
-56.003      -56.1138     149.923       0.0872207    0.208832     0.201408    

Bond Length
0.61372303    0.006841121 

BB bond length
0.61372303    0.006841121 

Water EE distance
0             0           

PEG EE distance
3.6399765     0.26457192  

