Time = 500
Temperature
   1.0422191   0.041334819

Pressure
   23.628651    0.15498462

CM Mom
8.1413431e-18  1.187031e-17  
-1.0025345e-17 1.440636e-17  
8.9517489e-18  1.1647099e-17 
2.3945199e-17  1.255598e-17  

CM Pos
7.5012606      0.027022552   
7.5083644      0.018802085   
7.4890842      0.024767571   
12.989693      0.019738053   

Stress
20.4233      0.0133006    -0.0356339    0.0998269    0.0548805    0.047727    
0.0133006    20.5472      -0.0754343    0.0548805    0.0621687    0.04434     
-0.0356339   -0.0754343   20.5364       0.047727     0.04434      0.0384319   

Stress Spherical
0            0            0             0            0            0           
0            0            0             0            0            0           
0            0            0             0            0            0           

Inertia
149.909      -56.362      -56.1415      0.246548     0.122516     0.334899    
-56.362      149.789      -56.2127      0.122516     0.736491     0.151573    
-56.1415     -56.2127     150.135       0.334899     0.151573     0.10532     

Bond Length
0.62851875    0.012670382 

BB bond length
0.62851875    0.012670382 

Water EE distance
0             0           

PEG EE distance
4.304792      0.51905741  

Time = 1000
Temperature
1.0099502     0.0097867832

Pressure
23.559571     0.046879429 

CM Mom
-8.7971248e-18 9.9940026e-18 
-5.3646889e-18 2.4586261e-18 
5.9708483e-18  2.0595999e-17 
2.2961666e-17  1.2029226e-17 

CM Pos
7.5071871      0.012275177   
7.5119203      0.0078958392  
7.5030115      0.022586929   
13.003177      0.0093498605  

Stress
20.5606      0.01862      -0.0410133    0.0867897    0.0661515    0.0768677   
0.01862      20.5224      0.0725866     0.0661515    0.0987754    0.0459719   
-0.0410133   0.0725866    20.507        0.0768677    0.0459719    0.0922638   

Stress Spherical
0            0            0             0            0            0           
0            0            0             0            0            0           
0            0            0             0            0            0           

Inertia
150.159      -56.4091     -56.3313      0.353485     0.0620982    0.135323    
-56.4091     150.061      -56.3837      0.0620982    0.285652     0.184963    
-56.3313     -56.3837     150.237       0.135323     0.184963     0.113506    

Bond Length
0.61696609    0.0083430815

BB bond length
0.61696609    0.0083430815

Water EE distance
0             0           

PEG EE distance
3.6101527     0.43410518  

