Time = 1000
Temperature
   1.1251862    0.16834739

Pressure
   23.804002     0.8165448

CM Mom
-1.4390031e-16 2.2734584e-17 
2.521756e-17   1.4957624e-17 
-3.1860161e-17 2.818148e-16  
2.555856e-16   1.9285868e-16 

CM Pos
7.503345       0.0086461735  
7.4970293      0.014369496   
7.4982662      0.018694362   
12.989616      0.012009081   

Stress
20.4126      -0.00784104  -0.0252797    0.389005     0.0649007    0.0658089   
-0.00784104  20.399       0.0110236     0.0649007    0.322832     0.0740816   
-0.0252797   0.0110236    20.4887       0.0658089    0.0740816    0.283647    

Stress Spherical
0            0            0             0            0            0           
0            0            0             0            0            0           
0            0            0             0            0            0           

Inertia
150.051      -56.2448     -56.2659      1.3743       0.0802797    0.153293    
-56.2448     150.171      -56.2452      0.0802797    1.4683       0.185671    
-56.2659     -56.2452     150.155       0.153293     0.185671     1.20201     

Bond Length
0.62151208    0.0082126725

BB bond length
0.62151208    0.0082126725

Water EE distance
0             0           

PEG EE distance
7.0612891     0.21896003  

BBB P2(x)
0.48713511    0.065142825 

BBB first bond length
0.62141623    0.00818935  

BBB second bond length
0.62137202    0.0084781137

BBB <phi**2>/<phi>**2
1.2195309     0.015263146 

Time = 2000
Temperature
1.0139808     0.0089686559

Pressure
23.250043     0.09930229  

CM Mom
-1.4105589e-16 1.245107e-17  
3.2263729e-17  2.0051035e-17 
5.8926377e-18  7.8987834e-17 
1.6567142e-16  1.7932261e-17 

CM Pos
7.5000809      0.017110627   
7.5072667      0.012873859   
7.5000466      0.013918148   
12.994669      0.013596722   

Stress
20.184       0.020427     0.0136753     0.149339     0.0480596    0.0682917   
0.020427     20.2398      -0.0143299    0.0480596    0.0972872    0.0681874   
0.0136753    -0.0143299   20.214        0.0682917    0.0681874    0.0704183   

Stress Spherical
0            0            0             0            0            0           
0            0            0             0            0            0           
0            0            0             0            0            0           

Inertia
149.966      -56.275      -56.2669      0.231772     0.189535     0.185154    
-56.275      149.878      -56.3084      0.189535     0.374527     0.119336    
-56.2669     -56.3084     150.014       0.185154     0.119336     0.2856      

Bond Length
0.61746041    0.0016455915

BB bond length
0.61746041    0.0016455915

Water EE distance
0             0           

PEG EE distance
7.433431      0.13726749  

BBB P2(x)
0.52058272    0.0083216247

BBB first bond length
0.61737918    0.0016876727

BBB second bond length
0.61750406    0.0018163683

BBB <phi**2>/<phi>**2
1.2301782     0.0094181485

