Time = 1000
Temperature
   1.1004809    0.12913109

Pressure
   23.688449    0.67545243

CM Mom
-9.7285739e-18 8.8634325e-18 
4.4761741e-17  1.8750382e-17 
-8.1103898e-17 1.6798668e-16 
1.5081824e-16  1.207461e-16  

CM Pos
7.4976326      0.013498445   
7.5059959      0.015778754   
7.5002954      0.032111084   
12.992701      0.0097256029  

Stress
20.3881      0.0400804    -0.0503419    0.31188      0.0936044    0.0675646   
0.0400804    20.4425      -0.0153242    0.0936044    0.275763     0.0835457   
-0.0503419   -0.0153242   20.3578       0.0675646    0.0835457    0.340589    

Stress Spherical
0            0            0             0            0            0           
0            0            0             0            0            0           
0            0            0             0            0            0           

Inertia
150.187      -56.255      -56.2183      1.60299      0.152911     0.197006    
-56.255      150.056      -56.2566      0.152911     1.52975      0.201826    
-56.2183     -56.2566     150.164       0.197006     0.201826     1.00674     

Bond Length
0.6182349     0.0062809112

BB bond length
0.6182349     0.0062809112

Water EE distance
0             0           

PEG EE distance
7.0032663     0.20602648  

BBB P2(x)
0.47374578    0.067982598 

BBB first bond length
0.61836309    0.0064059384

BBB second bond length
0.61813078    0.0060938667

BBB <phi**2>/<phi>**2
1.2205838     0.017054362 

Time = 2000
Temperature
1.0156754     0.0060988439

Pressure
23.215754     0.09527353  

CM Mom
-9.3778495e-18 1.4311279e-17 
1.4106633e-17  1.0961149e-17 
-3.1549048e-17 2.2822909e-17 
4.2837492e-17  1.7119508e-17 

CM Pos
7.4980783      0.012022268   
7.4994593      0.016681658   
7.4974727      0.022785286   
12.98752       0.020496525   

Stress
20.1976      0.0488504    -0.0485757    0.119525     0.04724      0.0603874   
0.0488504    20.2174      0.00144747    0.04724      0.0865588    0.0722268   
-0.0485757   0.00144747   20.1165       0.0603874    0.0722268    0.12946     

Stress Spherical
0            0            0             0            0            0           
0            0            0             0            0            0           
0            0            0             0            0            0           

Inertia
149.819      -56.1693     -56.2002      0.66382      0.170254     0.257887    
-56.1693     149.808      -56.1791      0.170254     0.692928     0.218582    
-56.2002     -56.1791     149.849       0.257887     0.218582     0.519276    

Bond Length
0.61800728    0.0027139296

BB bond length
0.61800728    0.0027139296

Water EE distance
0             0           

PEG EE distance
7.3507898     0.28188401  

BBB P2(x)
0.50932936    0.012918985 

BBB first bond length
0.61787332    0.0027255189

BBB second bond length
0.61819675    0.0028651806

BBB <phi**2>/<phi>**2
1.2267332     0.0055486185

