Time = 500
Temperature
   1.0354806   0.042028865

Pressure
   23.298467     0.1805356

CM Mom
1.860255e-17   2.0301399e-17 
6.3425471e-17  1.7702436e-17 
-1.2223984e-17 2.3312962e-17 
7.2565187e-17  2.2838167e-17 

CM Pos
7.4953183      0.015740994   
7.4892373      0.028606942   
7.4918449      0.032083176   
12.976835      0.0079714404  

Stress
20.2341      -0.0308114   0.00699255    0.100764     0.109313     0.0650713   
-0.0308114   20.181       0.00652882    0.109313     0.135406     0.108682    
0.00699255   0.00652882   20.1749       0.0650713    0.108682     0.0655185   

Stress Spherical
0            0            0             0            0            0           
0            0            0             0            0            0           
0            0            0             0            0            0           

Inertia
149.444      -56.159      -56.1215      0.320978     0.363861     0.112249    
-56.159      149.643      -56.0993      0.363861     0.304027     0.100994    
-56.1215     -56.0993     149.573       0.112249     0.100994     0.542724    

Bond Length
0.61552596    0.0049264387

BB bond length
0.61552596    0.0049264387

Water EE distance
0             0           

PEG EE distance
3.8053729     0.32411428  

Time = 1000
Temperature
1.0052107     0.0090492625

Pressure
23.196301     0.11398854  

CM Mom
2.3184554e-17  2.2794284e-17 
7.2650425e-17  1.0518612e-17 
1.6869954e-17  2.3542316e-17 
8.4068825e-17  1.4734213e-17 

CM Pos
7.4935378      0.0083403379  
7.4990296      0.012811296   
7.5057915      0.007541997   
12.989446      0.0066379901  

Stress
20.1794      -0.0339394   -0.0136907    0.0985875    0.0906561    0.0474336   
-0.0339394   20.212       -0.0609503    0.0906561    0.147043     0.0320544   
-0.0136907   -0.0609503   20.164        0.0474336    0.0320544    0.0888047   

Stress Spherical
0            0            0             0            0            0           
0            0            0             0            0            0           
0            0            0             0            0            0           

Inertia
149.851      -56.1547     -56.2242      0.0877753    0.0955344    0.130391    
-56.1547     149.797      -56.2914      0.0955344    0.227176     0.0948974   
-56.2242     -56.2914     149.731       0.130391     0.0948974    0.17255     

Bond Length
0.61712967    0.0054078956

BB bond length
0.61712967    0.0054078956

Water EE distance
0             0           

PEG EE distance
3.7405988     0.35736683  

