Time = 500
Temperature
   1.0352062   0.041520078

Pressure
   23.122729    0.18684044

CM Mom
-9.1521204e-18 1.4288467e-17 
2.3007124e-17  1.7311972e-17 
-1.1513993e-17 2.0842535e-17 
3.6110857e-17  1.9492127e-17 

CM Pos
7.5175088      0.026844976   
7.51731        0.021342258   
7.4820623      0.018013778   
13.000204      0.01876032    

Stress
20.0675      0.0018451    -0.0248922    0.0647555    0.0365444    0.0864779   
0.0018451    20.0498      0.0807304     0.0365444    0.115312     0.0574116   
-0.0248922   0.0807304    19.9469       0.0864779    0.0574116    0.0868622   

Stress Spherical
0            0            0             0            0            0           
0            0            0             0            0            0           
0            0            0             0            0            0           

Inertia
149.617      -56.5173     -56.2209      0.670826     0.188827     0.117907    
-56.5173     149.74       -56.2296      0.188827     0.465677     0.289302    
-56.2209     -56.2296     150.197       0.117907     0.289302     0.408456    

Bond Length
0.61289238    0.0061590724

BB bond length
0.61289238    0.0061590724

Water EE distance
0             0           

PEG EE distance
3.4870524     0.16371631  

Time = 1000
Temperature
1.0109692     0.0031064277

Pressure
23.018467     0.064092653 

CM Mom
-2.3541867e-18 2.064691e-17  
1.7695929e-17  2.9303772e-17 
-1.3957121e-17 6.3453156e-18 
4.2065316e-17  8.3227104e-18 

CM Pos
7.5142451      0.013998765   
7.5155298      0.0099562625  
7.4770183      0.012412126   
12.994354      0.008895319   

Stress
19.9613      -0.0221774   -0.00315558   0.0501105    0.0657693    0.0472551   
-0.0221774   19.9738      0.0298885     0.0657693    0.057727     0.0201515   
-0.00315558  0.0298885    20.0342       0.0472551    0.0201515    0.0991007   

Stress Spherical
0            0            0             0            0            0           
0            0            0             0            0            0           
0            0            0             0            0            0           

Inertia
149.592      -56.4877     -56.1655      0.270064     0.0892696    0.0751504   
-56.4877     149.628      -56.1859      0.0892696    0.0720883    0.190826    
-56.1655     -56.1859     150.183       0.0751504    0.190826     0.220651    

Bond Length
0.61392387    0.0047752456

BB bond length
0.61392387    0.0047752456

Water EE distance
0             0           

PEG EE distance
3.6197986     0.23241552  

