Time = 1000
Temperature
   1.1122603    0.11202546

Pressure
   23.801027    0.61398515

CM Mom
-8.9541729e-18 1.4943585e-17 
5.7779316e-17  1.6475714e-17 
-1.5801059e-16 4.6333246e-16 
3.782387e-16   3.1700661e-16 

CM Pos
9.9991618      0.041421578   
10.001974      0.0086569207  
10.001765      0.018509463   
17.322229      0.023358471   

Stress
20.4568      -0.00873532  0.00869394    0.307656     0.0476003    0.0419844   
-0.00873532  20.4747      0.0126713     0.0476003    0.319209     0.0546656   
0.00869394   0.0126713    20.4667       0.0419844    0.0546656    0.317689    

Stress Spherical
0            0            0             0            0            0           
0            0            0             0            0            0           
0            0            0             0            0            0           

Inertia
266.828      -99.972      -100.023      3.12691      0.430705     0.489754    
-99.972      266.774      -99.9765      0.430705     2.11778      0.242033    
-100.023     -99.9765     266.763       0.489754     0.242033     2.22279     

Bond Length
0.62361138    0.0047547008

BB bond length
0.62361138    0.0047547008

Water EE distance
0             0           

PEG EE distance
4.9998818     0.24354601  

BBB P2(x)
0.084723601   0.010719134 

BBB first bond length
0.62375483    0.0049116539

BBB second bond length
0.62376527    0.0046222662

BBB <phi**2>/<phi>**2
1.1209437     0.0050529051

Time = 2000
Temperature
1.0166421     0.0073054959

Pressure
23.253486     0.078300946 

CM Mom
-3.03394e-18   1.7998605e-17 
6.1188333e-17  2.4503113e-17 
-6.3451234e-18 1.7077888e-16 
1.6385271e-16  8.3878142e-17 

CM Pos
10.000412      0.015969758   
10.005392      0.017347737   
9.99793        0.0083715499  
17.322674      0.018060549   

Stress
20.1837      0.0132164    -0.0235961    0.0824139    0.0599977    0.0500848   
0.0132164    20.2343      -0.0032629    0.0599977    0.095313     0.0472671   
-0.0235961   -0.0032629   20.1976       0.0500848    0.0472671    0.115078    

Stress Spherical
0            0            0             0            0            0           
0            0            0             0            0            0           
0            0            0             0            0            0           

Inertia
266.66       -100.084     -100.056      0.900516     0.319097     0.222496    
-100.084     266.569      -100.012      0.319097     0.797113     0.240215    
-100.056     -100.012     266.72        0.222496     0.240215     0.600137    

Bond Length
0.62368177    0.0013961832

BB bond length
0.62368177    0.0013961832

Water EE distance
0             0           

PEG EE distance
4.6458849     0.08060382  

BBB P2(x)
0.079287201   0.0063561618

BBB first bond length
0.62370558    0.0013731996

BBB second bond length
0.62396261    0.0013683298

BBB <phi**2>/<phi>**2
1.119181      0.0023707269

Time = 3000
Temperature
1.0125779     0.004382626 

Pressure
23.15899      0.036808632 

CM Mom
-2.4272677e-18 1.1265552e-17 
9.0002259e-17  3.3978422e-17 
-3.3192253e-17 3.5168186e-17 
1.0353867e-16  3.1717745e-17 

CM Pos
10.00258       0.012341426   
10.001474      0.013120925   
10.002849      0.010415306   
17.324503      0.011264528   

Stress
20.0925      -0.003182    0.00669792    0.0573926    0.0629213    0.0200316   
-0.003182    20.1355      -0.00964278   0.0629213    0.0632599    0.0462037   
0.00669792   -0.00964278  20.1408       0.0200316    0.0462037    0.0417998   

Stress Spherical
0            0            0             0            0            0           
0            0            0             0            0            0           
0            0            0             0            0            0           

Inertia
266.664      -100.018     -100.077      0.411981     0.199537     0.176632    
-100.018     266.711      -100.041      0.199537     0.468247     0.165378    
-100.077     -100.041     266.677       0.176632     0.165378     0.193125    

Bond Length
0.62437893    0.00056799299

BB bond length
0.62437893    0.00056799299

Water EE distance
0             0           

PEG EE distance
4.5654015     0.059330798 

BBB P2(x)
0.078611214   0.0080531621

BBB first bond length
0.62464972    0.00058893639

BBB second bond length
0.62471058    0.00054915942

BBB <phi**2>/<phi>**2
1.1193291     0.00274547  

Time = 4000
Temperature
1.0070349     0.0083014172

Pressure
23.132855     0.035663826 

CM Mom
-8.4395487e-18 1.3814256e-17 
8.6582018e-17  1.9019438e-17 
-4.7081033e-17 3.4559034e-17 
1.0470026e-16  2.3854793e-17 

CM Pos
9.9967438      0.014448558   
9.9989723      0.0099370939  
10.0041        0.0056605341  
17.320411      0.0082470838  

Stress
20.0834      0.0233723    0.00686918    0.062592     0.0515045    0.043177    
0.0233723    20.123       0.0315529     0.0515045    0.0585751    0.0424673   
0.00686918   0.0315529    20.1338       0.043177     0.0424673    0.0896979   

Stress Spherical
0            0            0             0            0            0           
0            0            0             0            0            0           
0            0            0             0            0            0           

Inertia
266.642      -99.9371     -100.035      0.330833     0.204892     0.14343     
-99.9371     266.63       -100.015      0.204892     0.365358     0.147565    
-100.035     -100.015     266.509       0.14343      0.147565     0.298906    

Bond Length
0.62427879    0.00095484144

BB bond length
0.62427879    0.00095484144

Water EE distance
0             0           

PEG EE distance
4.5438827     0.061691616 

BBB P2(x)
0.076703463   0.0072221403

BBB first bond length
0.62443596    0.0008064298

BBB second bond length
0.62443456    0.0010556327

BBB <phi**2>/<phi>**2
1.1179924     0.0031973062

Time = 5000
Temperature
1.0104488     0.0037303821

Pressure
23.129193     0.045344094 

CM Mom
-1.851201e-17  9.9985359e-18 
8.5019631e-17  2.0651129e-17 
-4.9825117e-17 2.011976e-17  
1.0285107e-16  2.0161242e-17 

CM Pos
9.9984948      0.011796216   
9.9990557      0.0092939912  
10.001182      0.012175545   
17.319783      0.011177236   

Stress
20.1039      -0.00717432  -0.00809108   0.0731969    0.0424246    0.0409057   
-0.00717432  20.0864      -0.0235172    0.0424246    0.0564719    0.0559115   
-0.00809108  -0.0235172   20.1082       0.0409057    0.0559115    0.066679    

Stress Spherical
0            0            0             0            0            0           
0            0            0             0            0            0           
0            0            0             0            0            0           

Inertia
266.61       -99.9634     -99.99        0.299173     0.207851     0.18441     
-99.9634     266.611      -99.9752      0.207851     0.186055     0.22804     
-99.99       -99.9752     266.571       0.18441      0.22804      0.230359    

Bond Length
0.62507297    0.00094558807

BB bond length
0.62507297    0.00094558807

Water EE distance
0             0           

PEG EE distance
4.4468485     0.075292235 

BBB P2(x)
0.076630281   0.0033464446

BBB first bond length
0.62533604    0.00092689887

BBB second bond length
0.62521184    0.0010516135

BBB <phi**2>/<phi>**2
1.1181004     0.0022548   

Time = 6000
Temperature
1.0125829     0.004441394 

Pressure
23.140974     0.046463516 

CM Mom
-2.5112276e-17 1.5101379e-17 
6.8727304e-17  1.5057858e-17 
-3.3685846e-17 1.6940646e-17 
8.4393709e-17  1.0405918e-17 

CM Pos
9.9956599      0.013182243   
9.9993892      0.01454447    
10.006101      0.012227109   
17.321184      0.013594371   

Stress
20.1235      -0.00186071  -0.0156423    0.0291018    0.0562428    0.0375254   
-0.00186071  20.1199      -0.016194     0.0562428    0.0674584    0.0508886   
-0.0156423   -0.016194    20.0712       0.0375254    0.0508886    0.0728692   

Stress Spherical
0            0            0             0            0            0           
0            0            0             0            0            0           
0            0            0             0            0            0           

Inertia
266.747      -99.9663     -100.039      0.341145     0.144574     0.231317    
-99.9663     266.673      -100.082      0.144574     0.446206     0.194988    
-100.039     -100.082     266.536       0.231317     0.194988     0.349161    

Bond Length
0.62483019    0.0011559901

BB bond length
0.62483019    0.0011559901

Water EE distance
0             0           

PEG EE distance
4.5560562     0.080885573 

BBB P2(x)
0.081661361   0.0081138731

BBB first bond length
0.6250633     0.0010584706

BBB second bond length
0.62509354    0.0010881651

BBB <phi**2>/<phi>**2
1.1204687     0.0048380526

Time = 7000
Temperature
1.0113314     0.0027601222

Pressure
23.12729      0.060814286 

CM Mom
-1.3024304e-17 1.0445093e-17 
5.7928005e-17  1.4919863e-17 
-3.7805473e-17 2.293315e-17  
7.4320506e-17  1.6989234e-17 

CM Pos
10.006582      0.01442448    
10.001474      0.0074220913  
9.9987638      0.0065657588  
17.324451      0.012020558   

Stress
20.0867      -0.0329168   -0.0175721    0.0548176    0.0506628    0.0270426   
-0.0329168   20.1069      0.0137584     0.0506628    0.0509323    0.0309134   
-0.0175721   0.0137584    20.0912       0.0270426    0.0309134    0.116661    

Stress Spherical
0            0            0             0            0            0           
0            0            0             0            0            0           
0            0            0             0            0            0           

Inertia
266.635      -100.1       -100.056      0.235436     0.127527     0.194088    
-100.1       266.755      -100.03       0.127527     0.397557     0.129233    
-100.056     -100.03      266.804       0.194088     0.129233     0.334176    

Bond Length
0.62493143    0.0010723205

BB bond length
0.62493143    0.0010723205

Water EE distance
0             0           

PEG EE distance
4.4494305     0.063556065 

BBB P2(x)
0.079632451   0.0071770469

BBB first bond length
0.62502403    0.0012983229

BBB second bond length
0.62498941    0.0011454531

BBB <phi**2>/<phi>**2
1.1190022     0.003848193 

Time = 8000
Temperature
1.0118261     0.0045762497

Pressure
23.191114     0.031960135 

CM Mom
-1.7849536e-17 1.5294063e-17 
5.5196649e-17  1.2578756e-17 
-5.7713477e-17 1.0598069e-17 
8.4219792e-17  1.0373068e-17 

CM Pos
10.001246      0.014930339   
9.9980551      0.0061162546  
9.9965126      0.0078037997  
17.318097      0.011361254   

Stress
20.181       -0.00356416  -0.0181251    0.0497683    0.0528831    0.0538577   
-0.00356416  20.1523      -0.0310189    0.0528831    0.0735134    0.0409533   
-0.0181251   -0.0310189   20.1386       0.0538577    0.0409533    0.0378417   

Stress Spherical
0            0            0             0            0            0           
0            0            0             0            0            0           
0            0            0             0            0            0           

Inertia
266.527      -100.023     -99.9596      0.200459     0.165024     0.190993    
-100.023     266.603      -99.9257      0.165024     0.352764     0.0655852   
-99.9596     -99.9257     266.611       0.190993     0.0655852    0.308667    

Bond Length
0.62394031    0.0010584142

BB bond length
0.62394031    0.0010584142

Water EE distance
0             0           

PEG EE distance
4.4372839     0.052113137 

BBB P2(x)
0.077528885   0.010520686 

BBB first bond length
0.62392699    0.0010964987

BBB second bond length
0.62410074    0.001022625 

BBB <phi**2>/<phi>**2
1.1194062     0.0036868924

Time = 9000
Temperature
1.0091281     0.0063349183

Pressure
23.155155     0.067777452 

CM Mom
-3.7320702e-17 1.4886769e-17 
5.6994102e-17  1.2827014e-17 
-3.5991994e-17 1.997759e-17  
7.9265221e-17  2.0949063e-17 

CM Pos
9.9977444      0.011310317   
10.00089       0.0063395079  
9.9975131      0.0083194862  
17.318289      0.0086551896  

Stress
20.0985      0.010807     -0.00687142   0.118973     0.0358307    0.0549437   
0.010807     20.1358      -0.00598898   0.0358307    0.0871865    0.0428343   
-0.00687142  -0.00598898  20.1539       0.0549437    0.0428343    0.0592265   

Stress Spherical
0            0            0             0            0            0           
0            0            0             0            0            0           
0            0            0             0            0            0           

Inertia
266.603      -99.9982     -99.9601      0.189336     0.191985     0.186093    
-99.9982     266.549      -99.9504      0.191985     0.294741     0.111879    
-99.9601     -99.9504     266.616       0.186093     0.111879     0.268334    

Bond Length
0.6242024     0.00088571796

BB bond length
0.6242024     0.00088571796

Water EE distance
0             0           

PEG EE distance
4.5187593     0.071368497 

BBB P2(x)
0.079464987   0.006832034 

BBB first bond length
0.62428881    0.0010028396

BBB second bond length
0.62418916    0.0010432163

BBB <phi**2>/<phi>**2
1.1200488     0.0020727431

Time = 10000
Temperature
1.0064688     0.0043520573

Pressure
23.125402     0.042766007 

CM Mom
-5.1474518e-17 1.5881089e-17 
8.3244048e-17  2.1363195e-17 
-3.4817875e-17 1.3055381e-17 
1.0692354e-16  1.5423234e-17 

CM Pos
9.9996621      0.011475983   
9.9977216      0.012849219   
9.9965126      0.0078659116  
17.316992      0.0099867625  

Stress
20.0816      -0.0234283   0.00279093    0.0630651    0.0385918    0.0549095   
-0.0234283   20.0828      0.0167706     0.0385918    0.0673497    0.0514082   
0.00279093   0.0167706    20.1586       0.0549095    0.0514082    0.0534627   

Stress Spherical
0            0            0             0            0            0           
0            0            0             0            0            0           
0            0            0             0            0            0           

Inertia
266.542      -99.9977     -99.9835      0.27011      0.273041     0.137958    
-99.9977     266.588      -99.9449      0.273041     0.165282     0.153734    
-99.9835     -99.9449     266.613       0.137958     0.153734     0.375554    

Bond Length
0.6243734     0.00087813133

BB bond length
0.6243734     0.00087813133

Water EE distance
0             0           

PEG EE distance
4.5460452     0.04165321  

BBB P2(x)
0.082447281   0.0070009676

BBB first bond length
0.62469703    0.00086998882

BBB second bond length
0.62451845    0.00076253708

BBB <phi**2>/<phi>**2
1.1198125     0.0031785126

Time = 11000
Temperature
1.0114227     0.0059740074

Pressure
23.134892     0.036866378 

CM Mom
-6.8785391e-17 2.136749e-17  
6.9394956e-17  1.3079745e-17 
-4.8795984e-17 1.8746619e-17 
1.1201794e-16  1.8952673e-17 

CM Pos
9.9995787      0.0083565888  
10.00089       0.014316115   
10.001015      0.0099370939  
17.321371      0.012469476   

Stress
20.1236      -0.0190524   -0.0087017    0.0754953    0.0377196    0.028266    
-0.0190524   20.0885      0.00142558    0.0377196    0.045505     0.0368684   
-0.0087017   0.00142558   20.0948       0.028266     0.0368684    0.0410914   

Stress Spherical
0            0            0             0            0            0           
0            0            0             0            0            0           
0            0            0             0            0            0           

Inertia
266.69       -99.968      -100.049      0.407227     0.144669     0.158863    
-99.968      266.66       -100.02       0.144669     0.282987     0.220947    
-100.049     -100.02      266.651       0.158863     0.220947     0.28842     

Bond Length
0.62422593    0.001241265 

BB bond length
0.62422593    0.001241265 

Water EE distance
0             0           

PEG EE distance
4.5775032     0.05583907  

BBB P2(x)
0.082983767   0.01165665  

BBB first bond length
0.62433622    0.0013472567

BBB second bond length
0.62434822    0.0013442012

BBB <phi**2>/<phi>**2
1.1210115     0.0044260141

Time = 12000
Temperature
1.0064566     0.0050506167

Pressure
23.125293     0.066896762 

CM Mom
-5.8755888e-17 1.531201e-17  
7.2336154e-17  1.6443314e-17 
-6.5446553e-17 1.8034346e-17 
1.1675335e-16  1.2913507e-17 

CM Pos
9.9925749      0.0081048874  
9.9994726      0.017706892   
9.9995976      0.0084129688  
17.31569       0.016711729   

Stress
20.1074      0.0289328    0.0210742     0.0956111    0.0531671    0.029133    
0.0289328    20.0882      0.03541       0.0531671    0.0670828    0.0338553   
0.0210742    0.03541      20.1271       0.029133     0.0338553    0.0728777   

Stress Spherical
0            0            0             0            0            0           
0            0            0             0            0            0           
0            0            0             0            0            0           

Inertia
266.619      -99.9406     -99.9191      0.428582     0.230968     0.139524    
-99.9406     266.491      -99.9737      0.230968     0.186469     0.242218    
-99.9191     -99.9737     266.478       0.139524     0.242218     0.408625    

Bond Length
0.62429386    0.0011481748

BB bond length
0.62429386    0.0011481748

Water EE distance
0             0           

PEG EE distance
4.4590524     0.12814287  

BBB P2(x)
0.08326531    0.0091400547

BBB first bond length
0.62444453    0.0014176257

BBB second bond length
0.62444234    0.0011072715

BBB <phi**2>/<phi>**2
1.1218489     0.0039064307

Time = 13000
Temperature
1.0091637     0.0038860659

Pressure
23.148816     0.06347983  

CM Mom
-6.1008114e-17 1.4358201e-17 
6.836455e-17   2.3419728e-17 
-5.5467181e-17 1.7141426e-17 
1.1085887e-16  1.5201651e-17 

CM Pos
10.00208       0.012961267   
9.9977216      0.013723047   
9.9999311      0.0067268415  
17.320362      0.011101885   

Stress
20.1147      -0.000484687 0.00948816    0.0749679    0.0233025    0.0571081   
-0.000484687 20.1118      -0.00490255   0.0233025    0.068768     0.0403307   
0.00948816   -0.00490255  20.1423       0.0571081    0.0403307    0.0624434   

Stress Spherical
0            0            0             0            0            0           
0            0            0             0            0            0           
0            0            0             0            0            0           

Inertia
266.624      -99.9988     -100.029      0.202589     0.204367     0.137612    
-99.9988     266.71       -99.9885      0.204367     0.235615     0.151282    
-100.029     -99.9885     266.657       0.137612     0.151282     0.34395     

Bond Length
0.62414197    0.001274909 

BB bond length
0.62414197    0.001274909 

Water EE distance
0             0           

PEG EE distance
4.410433      0.089585688 

BBB P2(x)
0.079320259   0.0087955356

BBB first bond length
0.62430081    0.0012887535

BBB second bond length
0.62417058    0.0013059996

BBB <phi**2>/<phi>**2
1.11898       0.0033569157

Time = 14000
Temperature
1.0111031     0.0038335912

Pressure
23.168302     0.039400815 

CM Mom
-7.5587659e-17 9.9756059e-18 
8.5926573e-17  2.8988209e-17 
-2.9848555e-17 1.8092919e-17 
1.2172863e-16  2.0907623e-17 

CM Pos
9.9999122      0.010874103   
9.9986388      0.0095431051  
10.000682      0.01556746    
17.320075      0.011095152   

Stress
20.1542      -1.2062e-05  0.0112683     0.0759963    0.0513533    0.0462797   
-1.2062e-05  20.1178      -0.0100893    0.0513533    0.0462506    0.0381496   
0.0112683    -0.0100893   20.1379       0.0462797    0.0381496    0.073932    

Stress Spherical
0            0            0             0            0            0           
0            0            0             0            0            0           
0            0            0             0            0            0           

Inertia
266.652      -99.999      -100.025      0.321318     0.126503     0.184581    
-99.999      266.67       -100.007      0.126503     0.327056     0.177076    
-100.025     -100.007     266.633       0.184581     0.177076     0.188704    

Bond Length
0.62458023    0.0016009973

BB bond length
0.62458023    0.0016009973

Water EE distance
0             0           

PEG EE distance
4.3719415     0.050118552 

BBB P2(x)
0.076649206   0.006384299 

BBB first bond length
0.62480291    0.0016296905

BBB second bond length
0.6247608     0.0016000173

BBB <phi**2>/<phi>**2
1.1182409     0.0024349288

Time = 15000
Temperature
1.0113542     0.0066629122

Pressure
23.135281     0.05207791  

CM Mom
-7.6880642e-17 1.2151186e-17 
7.8675839e-17  1.253143e-17  
-1.6451546e-17 1.5042949e-17 
1.1292327e-16  1.2267365e-17 

CM Pos
10.00133       0.010508337   
9.9978884      0.012795      
10.002432      0.012630948   
17.321469      0.013288671   

Stress
20.1028      -0.00878295  -0.00359844   0.0705426    0.0502103    0.0397143   
-0.00878295  20.1054      0.00556873    0.0502103    0.0655945    0.0407206   
-0.00359844  0.00556873   20.1004       0.0397143    0.0407206    0.0566996   

Stress Spherical
0            0            0             0            0            0           
0            0            0             0            0            0           
0            0            0             0            0            0           

Inertia
266.669      -100.003     -100.013      0.365265     0.186417     0.194913    
-100.003     266.741      -100.006      0.186417     0.317552     0.191177    
-100.013     -100.006     266.651       0.194913     0.191177     0.367734    

Bond Length
0.62448909    0.00075605758

BB bond length
0.62448909    0.00075605758

Water EE distance
0             0           

PEG EE distance
4.3941892     0.063010565 

BBB P2(x)
0.074494975   0.0062698493

BBB first bond length
0.62465647    0.00092360796

BBB second bond length
0.6244989     0.00076442245

BBB <phi**2>/<phi>**2
1.1185256     0.0028407297

Time = 16000
Temperature
1.0113106     0.0056744252

Pressure
23.147397     0.055288809 

CM Mom
-8.3340435e-17 2.4377903e-17 
7.4563299e-17  7.6758419e-18 
-1.0254532e-17 1.6506251e-17 
1.1453398e-16  2.0447313e-17 

CM Pos
9.995243       0.0097666796  
9.99472        0.009759559   
10.000598      0.0082494164  
17.315064      0.0091838758  

Stress
20.1096      0.000632421  -0.0192731    0.038345     0.0386796    0.0626133   
0.000632421  20.1145      0.00783727    0.0386796    0.0918923    0.0534071   
-0.0192731   0.00783727   20.1212       0.0626133    0.0534071    0.107188    

Stress Spherical
0            0            0             0            0            0           
0            0            0             0            0            0           
0            0            0             0            0            0           

Inertia
266.563      -99.8821     -99.9557      0.248103     0.167833     0.129999    
-99.8821     266.559      -99.966       0.167833     0.275236     0.142867    
-99.9557     -99.966      266.438       0.129999     0.142867     0.292327    

Bond Length
0.62479295    0.0013993695

BB bond length
0.62479295    0.0013993695

Water EE distance
0             0           

PEG EE distance
4.4768851     0.068291016 

BBB P2(x)
0.07880674    0.0073482353

BBB first bond length
0.62508199    0.0013881604

BBB second bond length
0.62504961    0.0013568808

BBB <phi**2>/<phi>**2
1.118396      0.0028134588

Time = 17000
Temperature
1.0113289     0.0052515635

Pressure
23.160771     0.037363782 

CM Mom
-7.3082663e-17 4.9204941e-17 
5.0477148e-17  2.1522643e-17 
-1.7408706e-17 1.200905e-17  
1.0488558e-16  1.4821038e-17 

CM Pos
9.9973275      0.0078464437  
9.9999729      0.015519155   
10.0041        0.0085229791  
17.321326      0.0083953801  

Stress
20.1384      0.0125667    -0.0375364    0.0733298    0.0513713    0.0384633   
0.0125667    20.1167      0.0128875     0.0513713    0.0676146    0.0262811   
-0.0375364   0.0128875    20.1302       0.0384633    0.0262811    0.062667    

Stress Spherical
0            0            0             0            0            0           
0            0            0             0            0            0           
0            0            0             0            0            0           

Inertia
266.761      -99.9827     -100.002      0.267526     0.199267     0.138395    
-99.9827     266.701      -100.039      0.199267     0.220584     0.152214    
-100.002     -100.039     266.634       0.138395     0.152214     0.35428     

Bond Length
0.62418808    0.0013750121

BB bond length
0.62418808    0.0013750121

Water EE distance
0             0           

PEG EE distance
4.506329      0.051925011 

BBB P2(x)
0.07621359    0.0054637907

BBB first bond length
0.62424511    0.0013007949

BBB second bond length
0.62445529    0.0015555579

BBB <phi**2>/<phi>**2
1.1186289     0.0016180294

Time = 18000
Temperature
1.0074162     0.007501544 

Pressure
23.159133     0.069442646 

CM Mom
-6.1721124e-17 2.924928e-17  
5.6646044e-17  1.0721712e-17 
-6.3135343e-18 1.5771037e-17 
8.8524217e-17  2.099515e-17  

CM Pos
10.000579      0.009963992   
9.9958039      0.017895131   
10.002599      0.0081442483  
17.319929      0.014692526   

Stress
20.1645      0.0108851    -0.012756     0.0791739    0.0523167    0.0565423   
0.0108851    20.1376      -0.0140475    0.0523167    0.0885509    0.0380802   
-0.012756    -0.0140475   20.1135       0.0565423    0.0380802    0.0722947   

Stress Spherical
0            0            0             0            0            0           
0            0            0             0            0            0           
0            0            0             0            0            0           

Inertia
266.635      -99.9519     -100.06       0.438947     0.258423     0.121098    
-99.9519     266.726      -99.9479      0.258423     0.240294     0.210099    
-100.06      -99.9479     266.596       0.121098     0.210099     0.423218    

Bond Length
0.62431439    0.0011825386

BB bond length
0.62431439    0.0011825386

Water EE distance
0             0           

PEG EE distance
4.443399      0.089710177 

BBB P2(x)
0.078079911   0.0058459637

BBB first bond length
0.62445018    0.0011659978

BBB second bond length
0.62456509    0.0012314365

BBB <phi**2>/<phi>**2
1.1195032     0.0022651397

Time = 19000
Temperature
1.0135955     0.004353123 

Pressure
23.146011     0.040670818 

CM Mom
-7.5614764e-17 1.9397514e-17 
6.1454584e-17  1.2309277e-17 
5.2366129e-18  2.1452234e-17 
1.0147669e-16  1.4565094e-17 

CM Pos
10.00258       0.012940869   
10.001974      0.012478951   
10.000848      0.0090172216  
17.323636      0.0098053066  

Stress
20.1234      0.0188739    0.0138987     0.0537289    0.0349359    0.0299609   
0.0188739    20.1079      0.0186109     0.0349359    0.0593127    0.0316439   
0.0138987    0.0186109    20.0894       0.0299609    0.0316439    0.0742595   

Stress Spherical
0            0            0             0            0            0           
0            0            0             0            0            0           
0            0            0             0            0            0           

Inertia
266.721      -100.039     -100.051      0.329371     0.152184     0.158939    
-100.039     266.742      -100.036      0.152184     0.212316     0.16143     
-100.051     -100.036     266.745       0.158939     0.16143      0.371573    

Bond Length
0.62441904    0.0010662947

BB bond length
0.62441904    0.0010662947

Water EE distance
0             0           

PEG EE distance
4.4335082     0.048335927 

BBB P2(x)
0.080289367   0.0049692425

BBB first bond length
0.6245784     0.0011924413

BBB second bond length
0.62460157    0.0010696587

BBB <phi**2>/<phi>**2
1.1189277     0.0028779952

Time = 20000
Temperature
1.0113598     0.00627521  

Pressure
23.095707     0.063187722 

CM Mom
-7.3160073e-17 9.940811e-18  
6.0945745e-17  1.8803231e-17 
8.6674413e-18  2.2492736e-17 
9.9443388e-17  1.4533466e-17 

CM Pos
9.9986615      0.0080510995  
9.9979718      0.0063147859  
9.9986804      0.0069978356  
17.317806      0.0064473827  

Stress
20.0862      0.0161924    -0.017173     0.0868419    0.0584103    0.056639    
0.0161924    20.0785      -0.0191632    0.0584103    0.0633223    0.0578969   
-0.017173    -0.0191632   20.0251       0.056639     0.0578969    0.108499    

Stress Spherical
0            0            0             0            0            0           
0            0            0             0            0            0           
0            0            0             0            0            0           

Inertia
266.607      -99.937      -99.9182      0.199601     0.0998659    0.123211    
-99.937      266.62       -99.9855      0.0998659    0.161287     0.124765    
-99.9182     -99.9855     266.581       0.123211     0.124765     0.180156    

Bond Length
0.62497605    0.00070239195

BB bond length
0.62497605    0.00070239195

Water EE distance
0             0           

PEG EE distance
4.4318467     0.043598664 

BBB P2(x)
0.076493449   0.0078879588

BBB first bond length
0.62510254    0.00078799852

BBB second bond length
0.62511091    0.00082150195

BBB <phi**2>/<phi>**2
1.1183978     0.0030825865

Time = 21000
Temperature
1.008882      0.0067536213

Pressure
23.141105     0.075681035 

CM Mom
-6.7369205e-17 1.0818161e-17 
6.1781612e-17  2.0955284e-17 
-4.2210761e-18 1.4139664e-17 
9.4063646e-17  1.6778319e-17 

CM Pos
9.9971607      0.012842454   
9.9968879      0.011555971   
10.003266      0.0094438801  
17.318967      0.0097466681  

Stress
20.1139      -0.0122144   0.005757      0.0896408    0.0381757    0.0387015   
-0.0122144   20.1102      -0.0252083    0.0381757    0.0724835    0.0338206   
0.005757     -0.0252083   20.1242       0.0387015    0.0338206    0.0812793   

Stress Spherical
0            0            0             0            0            0           
0            0            0             0            0            0           
0            0            0             0            0            0           

Inertia
266.659      -99.9326     -100.018      0.264881     0.152237     0.145637    
-99.9326     266.666      -99.9992      0.152237     0.310562     0.159734    
-100.018     -99.9992     266.526       0.145637     0.159734     0.355444    

Bond Length
0.62412919    0.0011079419

BB bond length
0.62412919    0.0011079419

Water EE distance
0             0           

PEG EE distance
4.420063      0.07096994  

BBB P2(x)
0.082352746   0.0068402987

BBB first bond length
0.62414968    0.0010558119

BBB second bond length
0.62425903    0.0011318385

BBB <phi**2>/<phi>**2
1.1196468     0.0025201101

Time = 22000
Temperature
1.0068255     0.0055745351

Pressure
23.126622     0.066158068 

CM Mom
-6.2812278e-17 1.854097e-17  
4.4328589e-17  2.4975167e-17 
-9.7906471e-18 1.7477529e-17 
8.2800163e-17  2.0576354e-17 

CM Pos
10.002414      0.013238289   
10.002057      0.014520551   
10.004517      0.0087543451  
17.325706      0.013015983   

Stress
20.1152      0.0228667    -0.0208965    0.0901112    0.0365792    0.0573739   
0.0228667    20.1302      -0.0209166    0.0365792    0.0742215    0.035781    
-0.0208965   -0.0209166   20.0779       0.0573739    0.035781     0.0919044   

Stress Spherical
0            0            0             0            0            0           
0            0            0             0            0            0           
0            0            0             0            0            0           

Inertia
266.8        -100.069     -100.065      0.251553     0.177281     0.176123    
-100.069     266.804      -100.094      0.177281     0.267548     0.145113    
-100.065     -100.094     266.758       0.176123     0.145113     0.552647    

Bond Length
0.62417722    0.00059415549

BB bond length
0.62417722    0.00059415549

Water EE distance
0             0           

PEG EE distance
4.3907604     0.061971691 

BBB P2(x)
0.078481791   0.0067676237

BBB first bond length
0.6243973     0.00048732548

BBB second bond length
0.62427572    0.00069131758

BBB <phi**2>/<phi>**2
1.1176807     0.0039029067

Time = 23000
Temperature
1.0107971     0.0049928419

Pressure
23.151149     0.042468717 

CM Mom
-8.2092955e-17 1.2773461e-17 
7.8073621e-17  2.5481177e-17 
-1.8047228e-17 2.3010278e-17 
1.1830823e-16  2.2484053e-17 

CM Pos
9.9996621      0.012684498   
10.000473      0.012444363   
10.002516      0.011178939   
17.322044      0.016172423   

Stress
20.1217      0.00433625   -0.019242     0.0706864    0.0384837    0.0524205   
0.00433625   20.1089      -0.0245093    0.0384837    0.072986     0.060999    
-0.019242    -0.0245093   20.1307       0.0524205    0.060999     0.0780201   

Stress Spherical
0            0            0             0            0            0           
0            0            0             0            0            0           
0            0            0             0            0            0           

Inertia
266.72       -99.9882     -100.051      0.453126     0.179355     0.173936    
-99.9882     266.697      -100.029      0.179355     0.371613     0.244771    
-100.051     -100.029     266.662       0.173936     0.244771     0.449837    

Bond Length
0.62441046    0.00098064651

BB bond length
0.62441046    0.00098064651

Water EE distance
0             0           

PEG EE distance
4.4504786     0.054029261 

BBB P2(x)
0.079348554   0.005650227 

BBB first bond length
0.6246011     0.0011071678

BBB second bond length
0.62446775    0.00088361757

BBB <phi**2>/<phi>**2
1.1187758     0.0030346213

Time = 24000
Temperature
1.0104397     0.0059279058

Pressure
23.126005     0.059499868 

CM Mom
-8.668529e-17  1.6466674e-17 
7.9781456e-17  7.8721527e-18 
-4.2716765e-17 2.6060927e-17 
1.2876878e-16  1.1620526e-17 

CM Pos
10.001913      0.014789052   
9.9985554      0.012475886   
9.999681       0.0094685085  
17.320602      0.014795175   

Stress
20.0968      -0.00209449  0.0225054     0.0686621    0.080032     0.0248658   
-0.00209449  20.0749      -0.019828     0.080032     0.0642388    0.0438796   
0.0225054    -0.019828    20.1173       0.0248658    0.0438796    0.0887613   

Stress Spherical
0            0            0             0            0            0           
0            0            0             0            0            0           
0            0            0             0            0            0           

Inertia
266.627      -100.007     -100.04       0.385035     0.203675     0.176925    
-100.007     266.699      -99.9836      0.203675     0.494086     0.165303    
-100.04      -99.9836     266.665       0.176925     0.165303     0.410453    

Bond Length
0.62515339    0.00085124782

BB bond length
0.62515339    0.00085124782

Water EE distance
0             0           

PEG EE distance
4.4292258     0.061424315 

BBB P2(x)
0.074159604   0.0085588913

BBB first bond length
0.62511837    0.00071164523

BBB second bond length
0.62536327    0.00085261215

BBB <phi**2>/<phi>**2
1.1178595     0.0026490321

Time = 25000
Temperature
1.0095763     0.0038789499

Pressure
23.156534     0.040224694 

CM Mom
-8.9725999e-17 1.5774218e-17 
7.546677e-17   2.2033463e-17 
-2.3143802e-17 2.1070019e-17 
1.2321368e-16  1.6681037e-17 

CM Pos
10.000162      0.015218803   
10.004142      0.0092936172  
9.9998477      0.0086809789  
17.322911      0.013785654   

Stress
20.1329      -0.00649935  0.0103124     0.0487802    0.046554     0.0510778   
-0.00649935  20.1373      -0.0135804    0.046554     0.0847502    0.029027    
0.0103124    -0.0135804   20.1182       0.0510778    0.029027     0.0847844   

Stress Spherical
0            0            0             0            0            0           
0            0            0             0            0            0           
0            0            0             0            0            0           

Inertia
266.734      -100.074     -99.9984      0.273837     0.208349     0.212469    
-100.074     266.673      -100.062      0.208349     0.461652     0.121792    
-99.9984     -100.062     266.733       0.212469     0.121792     0.396498    

Bond Length
0.62424224    0.0010285607

BB bond length
0.62424224    0.0010285607

Water EE distance
0             0           

PEG EE distance
4.5255363     0.051400891 

BBB P2(x)
0.075512145   0.0067777398

BBB first bond length
0.62439681    0.00115526  

BBB second bond length
0.62446211    0.0010738513

BBB <phi**2>/<phi>**2
1.1179032     0.0030679571

Time = 26000
Temperature
1.0128765     0.0041640805

Pressure
23.179457     0.069104812 

CM Mom
-8.9635918e-17 2.2039217e-17 
6.007045e-17   2.3013552e-17 
-1.8289266e-17 1.0731779e-17 
1.1298402e-16  1.8511822e-17 

CM Pos
10.001997      0.013867927   
10.00039       0.0089370703  
10.004017      0.0090955202  
17.324211      0.012710698   

Stress
20.147       -0.00523417  0.00753052    0.0660085    0.0353696    0.0588119   
-0.00523417  20.1316      -0.00622353   0.0353696    0.112628     0.085137    
0.00753052   -0.00622353  20.1488       0.0588119    0.085137     0.0619874   

Stress Spherical
0            0            0             0            0            0           
0            0            0             0            0            0           
0            0            0             0            0            0           

Inertia
266.734      -100.062     -100.055      0.213412     0.186297     0.210814    
-100.062     266.78       -99.9983      0.186297     0.344773     0.110023    
-100.055     -99.9983     266.69        0.210814     0.110023     0.380691    

Bond Length
0.62438782    0.00066076283

BB bond length
0.62438782    0.00066076283

Water EE distance
0             0           

PEG EE distance
4.4808102     0.06835559  

BBB P2(x)
0.075746315   0.0091968602

BBB first bond length
0.62454543    0.00065078072

BBB second bond length
0.62436848    0.00073741888

BBB <phi**2>/<phi>**2
1.1187398     0.0030996231

Time = 27000
Temperature
1.0113013     0.0047923966

Pressure
23.166224     0.041799661 

CM Mom
-1.1032862e-16 1.6338273e-17 
7.1548857e-17  1.9401916e-17 
-1.5720137e-17 1.5135184e-17 
1.3452794e-16  1.770436e-17  

CM Pos
9.9954931      0.0075704737  
10.00014       0.014773766   
10.003933      0.0092128523  
17.320265      0.011808335   

Stress
20.1264      0.00117417   -0.00548185   0.0693175    0.0625992    0.0488069   
0.00117417   20.1275      0.0024426     0.0625992    0.0698891    0.0596597   
-0.00548185  0.0024426    20.148        0.0488069    0.0596597    0.0800351   

Stress Spherical
0            0            0             0            0            0           
0            0            0             0            0            0           
0            0            0             0            0            0           

Inertia
266.755      -99.9277     -100.028      0.323984     0.176265     0.0755618   
-99.9277     266.659      -100.023      0.176265     0.223739     0.124941    
-100.028     -100.023     266.566       0.0755618    0.124941     0.335188    

Bond Length
0.62398542    0.00081229319

BB bond length
0.62398542    0.00081229319

Water EE distance
0             0           

PEG EE distance
4.479969      0.050199941 

BBB P2(x)
0.077347667   0.0069790424

BBB first bond length
0.62404935    0.00083493542

BBB second bond length
0.6241206     0.00080493073

BBB <phi**2>/<phi>**2
1.1195958     0.002974421 

Time = 28000
Temperature
1.0107644     0.0053220728

Pressure
23.181928     0.060098174 

CM Mom
-1.2559395e-16 1.4357505e-17 
7.0340025e-17  1.106582e-17  
-2.8358314e-17 2.0976013e-17 
1.4875952e-16  1.284294e-17  

CM Pos
10.003831      0.011457795   
9.9955538      0.010593007   
10.004767      0.0061434734  
17.32291       0.012377701   

Stress
20.1258      -0.0200298   -0.030851     0.0722532    0.0327663    0.0522724   
-0.0200298   20.1587      -0.0173405    0.0327663    0.0847374    0.035103    
-0.030851    -0.0173405   20.1693       0.0522724    0.035103     0.0722422   

Stress Spherical
0            0            0             0            0            0           
