Time = 500
Temperature
   1.0327288   0.005361938

Pressure
   23.857741    0.02339674

CM Mom
1.1391633e-17  1.4166365e-17 
4.8094654e-17  8.2365857e-18 
-7.5852124e-17 4.2494772e-17 
9.4067348e-17  3.7710432e-17 

CM Pos
24.99944       0.015659148   
25.004341      0.023783101   
25.006351      0.014049788   
43.307131      0.011932327   

Stress
20.7534      -0.00128113  0.00148065    0.0273475    0.00804295   0.00296369  
-0.00128113  20.7627      -0.00674846   0.00804295   0.0153151    0.00524704  
0.00148065   -0.00674846  20.7627       0.00296369   0.00524704   0.0151854   

Stress Spherical
0            0            0             0            0            0           
0            0            0             0            0            0           
0            0            0             0            0            0           

Inertia
1667.27      -624.97      -625.126      2.08743      0.331473     0.176731    
-624.97      1667.03      -625.212      0.331473     0.348524     0.869315    
-625.126     -625.212     1667.01       0.176731     0.869315     0.985615    

Bond Length
0.6277943     0.0012551693

BB bond length
0.6277943     0.0012551693

Water EE distance
0             0           

PEG EE distance
8.4942747     0.91532179  

BBB P2(x)
0.096288494   0.027845646 

BBB first bond length
0.62799377    0.0014904625

BBB second bond length
0.62810356    0.0013217401

BBB <phi**2>/<phi>**2
1.121463      0.0066237384

Time = 1000
Temperature
1.0291206     0.00090353621

Pressure
23.839938     0.013227544 

CM Mom
2.0090029e-18  1.1356082e-17 
4.5637439e-17  1.4965641e-17 
-1.0253151e-16 2.1704468e-17 
1.1472356e-16  1.6187698e-17 

CM Pos
25.001467      0.010135811   
24.992368      0.018966922   
24.997577      0.0098232682  
43.296317      0.012335821   

Stress
20.7476      0.00190249   -0.000798079  0.0139869    0.0058809    0.00703809  
0.00190249   20.7455      0.00529603    0.0058809    0.0184148    0.00863565  
-0.000798079 0.00529603   20.7647       0.00703809   0.00863565   0.0144714   

Stress Spherical
0            0            0             0            0            0           
0            0            0             0            0            0           
0            0            0             0            0            0           

Inertia
1666.08      -624.831     -625.039      1.66653      0.389399     0.150279    
-624.831     1666.52      -624.798      0.389399     0.453826     0.744787    
-625.039     -624.798     1666.22       0.150279     0.744787     1.1552      

Bond Length
0.62800352    0.0023946963

BB bond length
0.62800352    0.0023946963

Water EE distance
0             0           

PEG EE distance
7.2175004     0.248217    

BBB P2(x)
0.091269068   0.013282058 

BBB first bond length
0.62822859    0.0027406641

BBB second bond length
0.6283498     0.0027192507

BBB <phi**2>/<phi>**2
1.1199199     0.005976294 

Time = 1500
Temperature
1.0284836     0.0017973936

Pressure
23.840801     0.013984318 

CM Mom
1.4601502e-17  7.2937097e-18 
5.514187e-17   1.3583438e-17 
-9.04678e-17   8.0421185e-18 
1.0818812e-16  5.9972914e-18 

CM Pos
25.001147      0.0046365479  
25.000981      0.022309761   
25.001311      0.0060584209  
43.303259      0.016081901   

Stress
20.7608      4.90647e-05  0.000761039   0.0190365    0.00548572   0.00918015  
4.90647e-05  20.7496      -0.00427248   0.00548572   0.00568544   0.0131531   
0.000761039  -0.00427248  20.7558       0.00918015   0.0131531    0.018446    

Stress Spherical
0            0            0             0            0            0           
0            0            0             0            0            0           
0            0            0             0            0            0           

Inertia
1666.76      -625.135     -625.117      1.46149      0.599362     0.258816    
-625.135     1666.75      -624.994      0.599362     0.600622     0.687258    
-625.117     -624.994     1666.75       0.258816     0.687258     1.5436      

Bond Length
0.62761214    0.0014680516

BB bond length
0.62761214    0.0014680516

Water EE distance
0             0           

PEG EE distance
6.4973658     0.16352045  

BBB P2(x)
0.085226169   0.01698845  

BBB first bond length
0.62776334    0.0012509465

BBB second bond length
0.62753583    0.0013311627

BBB <phi**2>/<phi>**2
1.1198784     0.0063537895

Time = 2000
Temperature
1.0288087     0.0014698824

Pressure
23.823694     0.0077279959

CM Mom
2.3550812e-17  2.21657e-17   
5.3622646e-17  4.4814187e-17 
-8.6980023e-17 9.4692604e-18 
1.1391036e-16  2.46836e-17   

CM Pos
24.997867      0.0068827969  
25.000608      0.018336608   
24.998164      0.0078505495  
43.299332      0.016917454   

Stress
20.7335      -0.00293388  0.00185329    0.0126664    0.00419137   0.00622927  
-0.00293388  20.7383      0.00264573    0.00419137   0.00691237   0.00934525  
0.00185329   0.00264573   20.7401       0.00622927   0.00934525   0.00995413  

Stress Spherical
0            0            0             0            0            0           
0            0            0             0            0            0           
0            0            0             0            0            0           

Inertia
1666.57      -624.958     -624.916      1.3988       0.611172     0.378362    
-624.958     1666.45      -624.928      0.611172     0.808454     0.60685     
-624.916     -624.928     1666.61       0.378362     0.60685      1.45816     

Bond Length
0.62627711    0.0022913484

BB bond length
0.62627711    0.0022913484

Water EE distance
0             0           

PEG EE distance
6.3266541     0.17269023  

BBB P2(x)
0.083598644   0.018528096 

BBB first bond length
0.62675084    0.0021328061

BBB second bond length
0.62661911    0.0022107757

BBB <phi**2>/<phi>**2
1.1228613     0.0071462773

Time = 2500
Temperature
1.028682      0.00085805806

Pressure
23.82936      0.019951994 

CM Mom
1.2962313e-17  1.2029964e-17 
6.3844293e-17  1.1805047e-17 
-1.0430943e-16 1.1343212e-17 
1.2380369e-16  1.4490258e-17 

CM Pos
25.002801      0.0053458045  
24.996341      0.015247655   
24.997551      0.0068607544  
43.299363      0.011049411   

Stress
20.7353      -0.00560882  -0.0038413    0.0160758    0.00950039   0.0144164   
-0.00560882  20.7456      0.00280155    0.00950039   0.0170105    0.00671213  
-0.0038413   0.00280155   20.7491       0.0144164    0.00671213   0.0286277   

Stress Spherical
0            0            0             0            0            0           
0            0            0             0            0            0           
0            0            0             0            0            0           

Inertia
1666.29      -625.019     -625.067      1.26938      0.324848     0.109504    
-625.019     1666.6       -624.908      0.324848     0.442585     0.62219     
-625.067     -624.908     1666.5        0.109504     0.62219      0.921363    

Bond Length
0.62752625    0.0023906223

BB bond length
0.62752625    0.0023906223

Water EE distance
0             0           

PEG EE distance
6.3647866     0.21239381  

BBB P2(x)
0.09090435    0.018278327 

BBB first bond length
0.6278491     0.0026508015

BBB second bond length
0.62774814    0.0024017539

BBB <phi**2>/<phi>**2
1.1207749     0.0077034087

Time = 3000
Temperature
1.0281005     0.00072981148

Pressure
23.831909     0.010057687 

CM Mom
-2.0082924e-18 3.0639405e-17 
4.253862e-17   1.6880244e-17 
-8.6169651e-17 1.0919196e-17 
1.0165886e-16  1.5722492e-17 

CM Pos
24.996374      0.0066413377  
25.003781      0.011976286   
25.000697      0.006247503   
43.301765      0.007807646   

Stress
20.752       0.001231     -0.00216742   0.0108656    0.0083349    0.00797706  
0.001231     20.7462      -0.00235763   0.0083349    0.0177672    0.00518973  
-0.00216742  -0.00235763  20.7447       0.00797706   0.00518973   0.00728385  

Stress Spherical
0            0            0             0            0            0           
0            0            0             0            0            0           
0            0            0             0            0            0           

Inertia
1666.9       -625.047     -624.974      0.951079     0.264496     0.241599    
-625.047     1666.54      -625.094      0.264496     0.346447     0.364357    
-624.974     -625.094     1666.73       0.241599     0.364357     0.691322    

Bond Length
0.62821189    0.0046763425

BB bond length
0.62821189    0.0046763425

Water EE distance
0             0           

PEG EE distance
6.4884141     0.078575296 

BBB P2(x)
0.079713954   0.012489268 

BBB first bond length
0.62820634    0.0050228839

BBB second bond length
0.62800237    0.0042798152

BBB <phi**2>/<phi>**2
1.1198488     0.0064329476

Time = 3500
Temperature
1.02688       0.00058697243

Pressure
23.82999      0.004990247 

CM Mom
-6.4021221e-18 1.7979073e-17 
4.9669153e-17  1.9578831e-17 
-9.8275436e-17 1.9520868e-17 
1.1428673e-16  1.3865752e-17 

CM Pos
25.000827      0.004727377   
24.996608      0.011660871   
25.001924      0.0054281784  
43.300902      0.007384937   

Stress
20.7426      0.00196904   -0.00776852   0.0155686    0.0101924    0.00573944  
0.00196904   20.7531      -0.00964728   0.0101924    0.00412112   0.00573113  
-0.00776852  -0.00964728  20.7525       0.00573944   0.00573113   0.00948787  

Stress Spherical
0            0            0             0            0            0           
0            0            0             0            0            0           
0            0            0             0            0            0           

Inertia
1666.53      -624.964     -625.052      0.926877     0.231815     0.118953    
-624.964     1666.72      -624.999      0.231815     0.176903     0.38651     
-625.052     -624.999     1666.45       0.118953     0.38651      0.61226     

Bond Length
0.625268      0.0020624606

BB bond length
0.625268      0.0020624606

Water EE distance
0             0           

PEG EE distance
7.3922755     0.36835209  

BBB P2(x)
0.093864678   0.0096766988

BBB first bond length
0.62539075    0.0023966698

BBB second bond length
0.62542091    0.0021774893

BBB <phi**2>/<phi>**2
1.1214694     0.0063149059

Time = 4000
Temperature
1.0277126     0.00095508242

Pressure
23.830365     0.0084561043

CM Mom
4.0486781e-18  1.4299233e-17 
6.4815709e-17  2.4595575e-17 
-8.7569902e-17 1.5178401e-17 
1.1247834e-16  1.6564209e-17 

CM Pos
25.002374      0.0042512064  
25.000368      0.0068723536  
25.000271      0.0037463233  
43.30301       0.0050275638  

Stress
20.7483      0.00356197   0.00456316    0.0118263    0.00542961   0.0102582   
0.00356197   20.7458      -0.00129879   0.00542961   0.0205705    0.00702533  
0.00456316   -0.00129879  20.7477       0.0102582    0.00702533   0.0118434   

Stress Spherical
0            0            0             0            0            0           
0            0            0             0            0            0           
0            0            0             0            0            0           

Inertia
1666.67      -625.108     -625.014      0.506481     0.144021     0.15171     
-625.108     1666.79      -625.092      0.144021     0.227858     0.259391    
-625.014     -625.092     1666.77       0.15171      0.259391     0.541464    

Bond Length
0.62816512    0.0027182387

BB bond length
0.62816512    0.0027182387

Water EE distance
0             0           

PEG EE distance
6.751765      0.2450417   

BBB P2(x)
0.093287699   0.017776648 

BBB first bond length
0.62877934    0.0027624417

BBB second bond length
0.62875908    0.0029466504

BBB <phi**2>/<phi>**2
1.1271091     0.0059872746

Time = 4500
Temperature
1.0285928     0.00066771946

Pressure
23.829158     0.0091746153

CM Mom
1.0409396e-17  1.7555938e-17 
6.8080335e-17  9.0590455e-18 
-9.6502011e-17 9.926407e-18  
1.2003124e-16  1.1714867e-17 

CM Pos
24.99736       0.0032948702  
25.001648      0.003620641   
25.003284      0.004368848   
43.302594      0.0029728543  

Stress
20.7443      0.00177      -0.00673323   0.0116548    0.00860838   0.010989    
0.00177      20.7389      -0.000278374  0.00860838   0.0144106    0.00871195  
-0.00673323  -0.000278374 20.7471       0.010989     0.00871195   0.0167438   

Stress Spherical
0            0            0             0            0            0           
0            0            0             0            0            0           
0            0            0             0            0            0           

Inertia
1666.87      -624.927     -625.062      0.197821     0.183887     0.153819    
-624.927     1666.66      -625.187      0.183887     0.308017     0.0704825   
-625.062     -625.187     1666.6        0.153819     0.0704825    0.344078    

Bond Length
0.62877802    0.0022324316

BB bond length
0.62877802    0.0022324316

Water EE distance
0             0           

PEG EE distance
6.2411109     0.15003704  

BBB P2(x)
0.081628445   0.0096951752

BBB first bond length
0.62868037    0.002202079 

BBB second bond length
0.62853578    0.00223412  

BBB <phi**2>/<phi>**2
1.1176449     0.0065576101

Time = 5000
Temperature
1.0289196     0.00072510375

Pressure
23.833516     0.0048729868

CM Mom
-8.931443e-18  2.4092573e-17 
4.9305379e-17  1.1279382e-17 
-9.0101665e-17 1.2918232e-17 
1.0642594e-16  1.3310778e-17 

CM Pos
24.998694      0.0030271556  
25.003195      0.0049507514  
25.001124      0.0015397793  
43.30301       0.0014506053  

Stress
20.7485      0.0031933    -0.00588159   0.00873112   0.0115933    0.00381792  
0.0031933    20.7466      -0.00136323   0.0115933    0.0121333    0.00702716  
-0.00588159  -0.00136323  20.7453       0.00381792   0.00702716   0.0129504   

Stress Spherical
0            0            0             0            0            0           
0            0            0             0            0            0           
0            0            0             0            0            0           

Inertia
1666.82      -625.074     -625.101      0.22414      0.0485845    0.106957    
-625.074     1666.6       -625.086      0.0485845    0.243974     0.176595    
-625.101     -625.086     1666.69       0.106957     0.176595     0.125024    

Bond Length
0.62867617    0.0026051558

BB bond length
0.62867617    0.0026051558

Water EE distance
0             0           

PEG EE distance
6.2702704     0.14253542  

BBB P2(x)
0.097109107   0.011179843 

BBB first bond length
0.62901229    0.0025827478

BBB second bond length
0.62872839    0.0027781553

BBB <phi**2>/<phi>**2
1.1200651     0.0037278918

Time = 5500
Temperature
1.0263316     0.00069059511

Pressure
23.830282     0.0053689561

CM Mom
2.3275384e-18  2.6292904e-17 
5.2637759e-17  1.2681491e-17 
-1.0014502e-16 1.3128349e-17 
1.1707589e-16  1.1086205e-17 

CM Pos
24.99808       0.004138128   
25.002715      0.0055352047  
24.997791      0.0038361705  
43.300454      0.0038552827  

Stress
20.7463      -0.00351005  -0.00388823   0.0106919    0.00787075   0.00356225  
-0.00351005  20.7491      0.00293652    0.00787075   0.00937144   0.007352    
-0.00388823  0.00293652   20.7587       0.00356225   0.007352     0.0115785   

Stress Spherical
0            0            0             0            0            0           
0            0            0             0            0            0           
0            0            0             0            0            0           

Inertia
1666.69      -625.014     -624.946      0.105145     0.140125     0.127837    
-625.014     1666.49      -625.081      0.140125     0.285838     0.0898504   
-624.946     -625.081     1666.7        0.127837     0.0898504    0.219844    

Bond Length
0.62834982    0.0027492057

BB bond length
0.62834982    0.0027492057

Water EE distance
0             0           

PEG EE distance
6.4387338     0.11959489  

BBB P2(x)
0.087467812   0.015845173 

BBB first bond length
0.6285388     0.0030177129

BBB second bond length
0.62832323    0.0031453841

BBB <phi**2>/<phi>**2
1.1200449     0.0063461606

Time = 6000
Temperature
1.0295697     0.00090039996

Pressure
23.839247     0.009606087 

CM Mom
-4.8360386e-18 1.2707879e-17 
4.356046e-17   9.11565e-18   
-1.0042152e-16 9.2989151e-18 
1.1040753e-16  1.2108419e-17 

CM Pos
25.000027      0.0067445081  
24.998821      0.0042488639  
25.000884      0.0031788697  
43.301116      0.0029717851  

Stress
20.7556      -0.00409542  0.00564217    0.0105067    0.00800944   0.0116332   
-0.00409542  20.7446      -0.000827971  0.00800944   0.0147553    0.00491271  
0.00564217   -0.000827971 20.7515       0.0116332    0.00491271   0.0111576   

Stress Spherical
0            0            0             0            0            0           
0            0            0             0            0            0           
0            0            0             0            0            0           

Inertia
1666.58      -624.914     -624.986      0.130894     0.108982     0.207331    
-624.914     1666.66      -625.036      0.108982     0.45369      0.0543931   
-624.986     -625.036     1666.56       0.207331     0.0543931    0.155881    

Bond Length
0.62745014    0.0030537542

BB bond length
0.62745014    0.0030537542

Water EE distance
0             0           

PEG EE distance
6.3808226     0.2455779   

BBB P2(x)
0.086372094   0.013591846 

BBB first bond length
0.62744481    0.003448141 

BBB second bond length
0.62740154    0.0031894753

BBB <phi**2>/<phi>**2
1.1262235     0.0044810621

Time = 6500
Temperature
1.0291551     0.0018352522

Pressure
23.830912     0.016164072 

CM Mom
-6.9054164e-18 1.2067613e-17 
4.278341e-17   5.7760769e-18 
-8.9596432e-17 1.5198454e-17 
1.0051497e-16  1.4572223e-17 

CM Pos
25.003121      0.0054881111  
24.996715      0.0030988953  
25.000137      0.0049665269  
43.301255      0.0036644843  

Stress
20.7373      0.000556803  -0.00166664   0.0161551    0.00773694   0.00716951  
0.000556803  20.7457      -0.00280184   0.00773694   0.0140448    0.00647442  
-0.00166664  -0.00280184  20.7476       0.00716951   0.00647442   0.0138004   

Stress Spherical
0            0            0             0            0            0           
0            0            0             0            0            0           
0            0            0             0            0            0           

Inertia
1666.52      -624.997     -625.073      0.294469     0.157027     0.168767    
-624.997     1666.81      -624.875      0.157027     0.322044     0.166486    
-625.073     -624.875     1666.65       0.168767     0.166486     0.179669    

Bond Length
0.62703413    0.0036999977

BB bond length
0.62703413    0.0036999977

Water EE distance
0             0           

PEG EE distance
7.0433973     0.29583977  

BBB P2(x)
0.089325398   0.012613793 

BBB first bond length
0.62718107    0.0037306881

BBB second bond length
0.62695329    0.0033396126

BBB <phi**2>/<phi>**2
1.120478      0.0075100118

Time = 7000
Temperature
1.0285764     0.00097620613

Pressure
23.835965     0.010570825 

CM Mom
-1.0763651e-17 8.7453318e-18 
3.9257048e-17  1.7116062e-17 
-9.9218844e-17 1.3000516e-17 
1.0861768e-16  1.5556462e-17 

CM Pos
24.99808       0.0039391549  
24.999888      0.005026305   
24.999977      0.0064907946  
43.300085      0.0064817727  

Stress
20.7483      0.000145965  -0.000492097  0.0121625    0.00917013   0.00714492  
0.000145965  20.7522      -0.0072303    0.00917013   0.0129825    0.0101168   
-0.000492097 -0.0072303   20.7504       0.00714492   0.0101168    0.0144664   

Stress Spherical
0            0            0             0            0            0           
0            0            0             0            0            0           
0            0            0             0            0            0           

Inertia
1666.63      -624.978     -624.97       0.590754     0.1678       0.22331     
-624.978     1666.59      -624.985      0.1678       0.338732     0.279554    
-624.97      -624.985     1666.58       0.22331      0.279554     0.266541    

Bond Length
0.62780421    0.0022158638

BB bond length
0.62780421    0.0022158638

Water EE distance
0             0           

PEG EE distance
6.2799662     0.22946301  

BBB P2(x)
0.088008574   0.0083124328

BBB first bond length
0.62763       0.0026460547

BBB second bond length
0.62782252    0.0026709089

BBB <phi**2>/<phi>**2
1.1207698     0.0055364875

Time = 7500
Temperature
1.0276826     0.0013745682

Pressure
23.836102     0.019674013 

CM Mom
-1.0565851e-17 4.2759713e-18 
5.560826e-17   9.525516e-18  
-1.0238167e-16 1.6425757e-17 
1.1790542e-16  1.2769481e-17 

CM Pos
25.002107      0.0072979216  
25.000128      0.0041352055  
24.996244      0.008218658   
43.300394      0.0048354848  

Stress
20.7437      0.00102612   0.00625913    0.0201375    0.00468244   0.00617282  
0.00102612   20.754       -0.00321149   0.00468244   0.0264923    0.00892743  
0.00625913   -0.00321149  20.7616       0.00617282   0.00892743   0.0170222   

Stress Spherical
0            0            0             0            0            0           
0            0            0             0            0            0           
0            0            0             0            0            0           

Inertia
1666.44      -625.086     -624.914      0.257459     0.25387      0.2195      
-625.086     1666.52      -624.914      0.25387      0.343953     0.0942873   
-624.914     -624.914     1666.69       0.2195       0.0942873    0.418426    

Bond Length
0.62563756    0.0030223721

BB bond length
0.62563756    0.0030223721

Water EE distance
0             0           

PEG EE distance
6.1350593     0.20202586  

BBB P2(x)
0.089898087   0.0099932692

BBB first bond length
0.62572192    0.0029398162

BBB second bond length
0.62620555    0.0033065859

BBB <phi**2>/<phi>**2
1.1224032     0.0055424457

Time = 8000
Temperature
1.0283902     0.0012536523

Pressure
23.827506     0.004761786 

CM Mom
-1.6672479e-17 1.4329937e-17 
4.9591081e-17  1.1046156e-17 
-1.0360394e-16 1.770545e-17  
1.1785064e-16  1.4936448e-17 

CM Pos
25.00032       0.0099698558  
25.000288      0.0043185874  
24.998431      0.0071865714  
43.300717      0.0064987127  

Stress
20.7441      0.000181891  -0.00136498   0.0134228    0.00841126   0.00477909  
0.000181891  20.7444      -0.00146114   0.00841126   0.00880673   0.0072912   
-0.00136498  -0.00146114  20.7387       0.00477909   0.0072912    0.0153561   

Stress Spherical
0            0            0             0            0            0           
0            0            0             0            0            0           
0            0            0             0            0            0           

Inertia
1666.6       -624.967     -624.963      0.401782     0.265758     0.369222    
-624.967     1666.61      -624.954      0.265758     0.554725     0.159548    
-624.963     -624.954     1666.72       0.369222     0.159548     0.344983    

Bond Length
0.62693873    0.0018080478

BB bond length
0.62693873    0.0018080478

Water EE distance
0             0           

PEG EE distance
6.8458303     0.14505542  

BBB P2(x)
0.084219788   0.020371089 

BBB first bond length
0.62695287    0.0018464384

BBB second bond length
0.62731794    0.0019410961

BBB <phi**2>/<phi>**2
1.1242798     0.0050135755

Time = 8500
Temperature
1.0277895     0.0013497155

Pressure
23.830769     0.010087004 

CM Mom
-1.0703905e-17 1.7222867e-17 
4.71387e-17    2.6422188e-17 
-1.0463643e-16 7.9058354e-18 
1.192445e-16   1.110967e-17  

CM Pos
24.997334      0.012757243   
25.004768      0.0062848405  
24.995791      0.0057141054  
43.300055      0.010255585   

Stress
20.7476      0.00239657   -0.00320272   0.00823387   0.00733042   0.00602286  
0.00239657   20.7371      -0.00433589   0.00733042   0.0218271    0.00873423  
-0.00320272  -0.00433589  20.7577       0.00602286   0.00873423   0.00470951  

Stress Spherical
0            0            0             0            0            0           
0            0            0             0            0            0           
0            0            0             0            0            0           

Inertia
1666.65      -625.04      -624.872      0.327429     0.495292     0.461233    
-625.04      1666.29      -625.021      0.495292     0.709979     0.166835    
-624.872     -625.021     1666.73       0.461233     0.166835     0.727844    

Bond Length
0.62956111    0.0035146913

BB bond length
0.62956111    0.0035146913

Water EE distance
0             0           

PEG EE distance
6.6074261     0.31677943  

BBB P2(x)
0.094140064   0.0086149997

BBB first bond length
0.62930903    0.0035666586

BBB second bond length
0.62971775    0.0038869499

BBB <phi**2>/<phi>**2
1.1254439     0.0044126147

Time = 9000
Temperature
1.0290543     0.001745591 

Pressure
23.833946     0.012116285 

CM Mom
-1.4906833e-18 2.2015266e-17 
3.775285e-17   1.7240874e-17 
-9.2073505e-17 1.4038398e-17 
1.0315183e-16  1.5611737e-17 

CM Pos
25.003947      0.0075104686  
25.004448      0.0089905684  
25.000111      0.0064407517  
43.306182      0.012143463   

Stress
20.7517      -0.000402935 0.00357045    0.00604526   0.00865059   0.00321893  
-0.000402935 20.7445      0.00271169    0.00865059   0.00965321   0.00688784  
0.00357045   0.00271169   20.7443       0.00321893   0.00688784   0.0154205   

Stress Spherical
0            0            0             0            0            0           
0            0            0             0            0            0           
0            0            0             0            0            0           

Inertia
1666.87      -625.276     -625.153      0.717979     0.408088     0.263006    
-625.276     1666.82      -625.112      0.408088     0.662733     0.372289    
-625.153     -625.112     1667.06       0.263006     0.372289     0.768245    

Bond Length
0.62836338    0.0017315225

BB bond length
0.62836338    0.0017315225

Water EE distance
0             0           

PEG EE distance
6.4381679     0.1678699   

BBB P2(x)
0.076038513   0.011113721 

BBB first bond length
0.62884844    0.0014695999

BBB second bond length
0.62835184    0.0018972016

BBB <phi**2>/<phi>**2
1.116698      0.006266031 

Time = 9500
Temperature
1.028624      0.00049503737

Pressure
23.838592     0.015506639 

CM Mom
9.0553089e-18  1.8930964e-17 
4.9572784e-17  1.593119e-17  
-1.0913475e-16 1.8493685e-17 
1.2279517e-16  1.803884e-17  

CM Pos
24.996774      0.0025722344  
25.002928      0.012345626   
24.999417      0.0062209248  
43.300763      0.010911518   

Stress
20.7509      0.00540936   0.00209786    0.0175658    0.0108224    0.0085232   
0.00540936   20.7513      -0.00418398   0.0108224    0.0165976    0.0100616   
0.00209786   -0.00418398  20.7561       0.0085232    0.0100616    0.0158516   

Stress Spherical
0            0            0             0            0            0           
0            0            0             0            0            0           
0            0            0             0            0            0           

Inertia
1666.79      -624.977     -624.928      0.943968     0.32156      0.257393    
-624.977     1666.48      -624.969      0.32156      0.376279     0.423307    
-624.928     -624.969     1666.65       0.257393     0.423307     0.819675    

Bond Length
0.62445941    0.0031584456

BB bond length
0.62445941    0.0031584456

Water EE distance
0             0           

PEG EE distance
6.301147      0.21062745  

BBB P2(x)
0.079204355   0.018128963 

BBB first bond length
0.62468243    0.0029646996

BBB second bond length
0.62455565    0.0036373705

BBB <phi**2>/<phi>**2
1.1207284     0.00473659  

Time = 10000
Temperature
1.0279298     0.00074015551

Pressure
23.824719     0.0064518796

CM Mom
-2.0943049e-17 8.5943388e-18 
3.1362807e-17  1.4562322e-17 
-8.3803136e-17 8.9394506e-18 
9.3635045e-17  6.5968566e-18 

CM Pos
24.999814      0.0063717056  
24.997941      0.0029478901  
25.000564      0.0048681872  
43.3003        0.0057119217  

Stress
20.7413      0.00603554   0.00122293    0.0108045    0.0046372    0.00230376  
0.00603554   20.7344      -0.00731992   0.0046372    0.0137254    0.00432578  
0.00122293   -0.00731992  20.7473       0.00230376   0.00432578   0.0111382   

Stress Spherical
0            0            0             0            0            0           
0            0            0             0            0            0           
0            0            0             0            0            0           

Inertia
1666.56      -624.914     -625.016      0.389718     0.0997307    0.257338    
-624.914     1666.64      -624.988      0.0997307    0.446923     0.162918    
-625.016     -624.988     1666.5        0.257338     0.162918     0.427111    

Bond Length
0.62689648    0.0020865118

BB bond length
0.62689648    0.0020865118

Water EE distance
0             0           

PEG EE distance
6.5126732     0.19354224  

BBB P2(x)
0.083909184   0.0072553397

BBB first bond length
0.62681293    0.0021999364

BBB second bond length
0.62723013    0.0019376688

BBB <phi**2>/<phi>**2
1.1184188     0.0019675017

