Time = 1000
Temperature
   1.0624716    0.06262682

Pressure
   23.608276    0.29746037

CM Mom
-3.7047939e-17 1.4088281e-17 
1.3424572e-16  1.3034713e-17 
-1.5364805e-16 2.4930118e-16 
2.7095241e-16  1.7918271e-16 

CM Pos
10.00028       0.035987816   
10.001934      0.0095635619  
10.007557      0.046005055   
17.326191      0.04574199    

Stress
20.4214      0.0123919    -0.00553924   0.141258     0.057317     0.0445365   
0.0123919    20.4464      0.0117874     0.057317     0.133523     0.0535473   
-0.00553924  0.0117874    20.3968       0.0445365    0.0535473    0.147514    

Stress Spherical
0            0            0             0            0            0           
0            0            0             0            0            0           
0            0            0             0            0            0           

Inertia
266.819      -99.9804     -100.075      1.012        0.391628     0.836197    
-99.9804     266.783      -100.082      0.391628     0.516862     0.511196    
-100.075     -100.082     266.672       0.836197     0.511196     1.10168     

Bond Length
0.62396669    0.0031460523

BB bond length
0.62396669    0.0031460523

Water EE distance
0             0           

PEG EE distance
3.5755554     0.10484187  

BBB P2(x)
0.072532692   0.013214109 

BBB first bond length
0.62407679    0.0030218752

BBB second bond length
0.62418234    0.0030122095

BBB <phi**2>/<phi>**2
1.1165982     0.0035123819

Time = 2000
Temperature
1.0145774     0.0050578345

Pressure
23.350952     0.05280092  

CM Mom
-4.4459585e-17 1.8078407e-17 
1.1728466e-16  1.9377505e-17 
-2.569603e-17  5.6967321e-17 
1.4144609e-16  1.8254549e-17 

CM Pos
9.9980297      0.027734749   
10.000934      0.014262715   
10.003639      0.025626646   
17.322024      0.034425828   

Stress
20.316       0.016235     -0.00032907   0.0744904    0.0323915    0.0564113   
0.016235     20.319       -0.00624959   0.0323915    0.0735661    0.0397896   
-0.00032907  -0.00624959  20.2886       0.0564113    0.0397896    0.0630399   

Stress Spherical
0            0            0             0            0            0           
0            0            0             0            0            0           
0            0            0             0            0            0           

Inertia
266.713      -100.018     -100.021      0.269058     0.336716     0.445225    
-100.018     266.628      -100.093      0.336716     0.265651     0.39441     
-100.021     -100.093     266.583       0.445225     0.39441      0.288848    

Bond Length
0.62430974    0.0010390139

BB bond length
0.62430974    0.0010390139

Water EE distance
0             0           

PEG EE distance
3.5724292     0.0258729   

BBB P2(x)
0.073152708   0.010843673 

BBB first bond length
0.62463321    0.0011236518

BBB second bond length
0.62447654    0.00091454384

BBB <phi**2>/<phi>**2
1.1162155     0.003076446 

Time = 3000
Temperature
1.0111113     0.0052275318

Pressure
23.328059     0.03743151  

CM Mom
-5.6919346e-17 1.0327506e-17 
1.2119939e-16  2.4304424e-17 
-1.6325993e-17 4.7828973e-17 
1.445522e-16   1.6890065e-17 

CM Pos
10.002864      0.017726285   
10.004018      0.012793721   
10.004306      0.014689836   
17.326979      0.017412905   

Stress
20.2957      0.00457088   -0.0159899    0.0702537    0.067717     0.0264027   
0.00457088   20.291       0.0117689     0.067717     0.0535727    0.0463886   
-0.0159899   0.0117689    20.2993       0.0264027    0.0463886    0.05858     

Stress Spherical
0            0            0             0            0            0           
0            0            0             0            0            0           
0            0            0             0            0            0           

Inertia
266.755      -100.111     -100.062      0.268882     0.216172     0.215589    
-100.111     266.725      -100.054      0.216172     0.313344     0.199724    
-100.062     -100.054     266.728       0.215589     0.199724     0.469945    

Bond Length
0.62427266    0.001583718 

BB bond length
0.62427266    0.001583718 

Water EE distance
0             0           

PEG EE distance
3.4975932     0.067378272 

BBB P2(x)
0.074541071   0.0065542203

BBB first bond length
0.62449737    0.001887665 

BBB second bond length
0.62413838    0.0017768254

BBB <phi**2>/<phi>**2
1.1177529     0.0024193957

Time = 4000
Temperature
1.0081654     0.0061450167

Pressure
23.327096     0.046849863 

CM Mom
-5.8311694e-17 1.4801245e-17 
1.3520696e-16  2.0549157e-17 
-1.5862812e-17 3.0300448e-17 
1.5182575e-16  2.1004955e-17 

CM Pos
9.9980297      0.0069741178  
10.000517      0.015227422   
10.002306      0.013584118   
17.321008      0.014894963   

Stress
20.3232      -0.012415    0.0111575     0.0735665    0.0345916    0.0507501   
-0.012415    20.3038      0.00323364    0.0345916    0.0478618    0.0610153   
0.0111575    0.00323364   20.2826       0.0507501    0.0610153    0.0716181   

Stress Spherical
0            0            0             0            0            0           
0            0            0             0            0            0           
0            0            0             0            0            0           

Inertia
266.649      -99.99       -99.9795      0.48301      0.192041     0.128599    
-99.99       266.599      -100.031      0.192041     0.32563      0.243674    
-99.9795     -100.031     266.554       0.128599     0.243674     0.470756    

Bond Length
0.62483059    0.0017961594

BB bond length
0.62483059    0.0017961594

Water EE distance
0             0           

PEG EE distance
3.4800744     0.028553025 

BBB P2(x)
0.079385269   0.012644018 

BBB first bond length
0.62500099    0.0016451487

BBB second bond length
0.62519072    0.001878403 

BBB <phi**2>/<phi>**2
1.1195288     0.0050621432

Time = 5000
Temperature
1.0137386     0.0051469869

Pressure
23.292372     0.054390112 

CM Mom
-5.3928696e-17 1.0529195e-17 
1.5852367e-16  1.3157588e-17 
-2.8271214e-17 2.4047548e-17 
1.7168111e-16  1.5006156e-17 

CM Pos
9.9994467      0.011968882   
9.996683       0.011360183   
9.9972214      0.010152375   
17.316678      0.0083551805  

Stress
20.2574      0.00289152   -0.00139224   0.0867138    0.034522     0.0578179   
0.00289152   20.2355      0.0204756     0.034522     0.068968     0.0494505   
-0.00139224  0.0204756    20.2625       0.0578179    0.0494505    0.0741874   

Stress Spherical
0            0            0             0            0            0           
0            0            0             0            0            0           
0            0            0             0            0            0           

Inertia
266.484      -99.9797     -99.8931      0.18683      0.184708     0.192764    
-99.9797     266.537      -99.9505      0.184708     0.280285     0.116508    
-99.8931     -99.9505     266.535       0.192764     0.116508     0.267501    

Bond Length
0.62484194    0.0011253529

BB bond length
0.62484194    0.0011253529

Water EE distance
0             0           

PEG EE distance
3.568319      0.076838165 

BBB P2(x)
0.082078846   0.0094342485

BBB first bond length
0.62509878    0.0013305515

BBB second bond length
0.62494629    0.0013051189

BBB <phi**2>/<phi>**2
1.1207175     0.0050540508

Time = 6000
Temperature
1.0086498     0.0034741449

Pressure
23.299042     0.048322908 

CM Mom
-6.8435828e-17 2.2443092e-17 
1.4968462e-16  3.6760392e-17 
-2.4815821e-17 1.6279789e-17 
1.6807179e-16  3.9707634e-17 

CM Pos
10.002197      0.011164327   
9.9946826      0.010362339   
9.9967213      0.016410565   
17.316824      0.012991189   

Stress
20.2787      -0.015522    0.00458444    0.0551724    0.0724462    0.0408868   
-0.015522    20.2572      0.02311       0.0724462    0.0695338    0.0316146   
0.00458444   0.02311      20.2852       0.0408868    0.0316146    0.0689397   

Stress Spherical
0            0            0             0            0            0           
0            0            0             0            0            0           
0            0            0             0            0            0           

Inertia
266.439      -100.004     -100.003      0.388447     0.135857     0.227247    
-100.004     266.577      -99.9306      0.135857     0.340761     0.260664    
-100.003     -99.9306     266.562       0.227247     0.260664     0.340967    

Bond Length
0.62505614    0.0011716819

BB bond length
0.62505614    0.0011716819

Water EE distance
0             0           

PEG EE distance
3.5638619     0.048642546 

BBB P2(x)
0.08243846    0.0076765973

BBB first bond length
0.6253412     0.0010156834

BBB second bond length
0.62535924    0.0013265159

BBB <phi**2>/<phi>**2
1.1200893     0.0039224405

Time = 7000
Temperature
1.0119502     0.0039231373

Pressure
23.306552     0.052341753 

CM Mom
-6.9219595e-17 1.6515306e-17 
1.4304017e-16  2.1167189e-17 
-4.0196366e-17 1.2069431e-17 
1.6531447e-16  2.0129413e-17 

CM Pos
10.001197      0.010670517   
10.001434      0.0061414251  
10.002889      0.01568234    
17.323701      0.013642085   

Stress
20.276       0.0235911    -0.00250011   0.077133     0.0486958    0.0408929   
0.0235911    20.2886      0.0202126     0.0486958    0.0919745    0.0509689   
-0.00250011  0.0202126    20.2494       0.0408929    0.0509689    0.0684331   

Stress Spherical
0            0            0             0            0            0           
0            0            0             0            0            0           
0            0            0             0            0            0           

Inertia
266.709      -100.064     -100.015      0.382681     0.159072     0.206812    
-100.064     266.705      -100.069      0.159072     0.397176     0.164648    
-100.015     -100.069     266.682       0.206812     0.164648     0.302088    

Bond Length
0.6253097     0.0013251892

BB bond length
0.6253097     0.0013251892

Water EE distance
0             0           

PEG EE distance
3.5394124     0.10871242  

BBB P2(x)
0.081693969   0.014028578 

BBB first bond length
0.62561678    0.0014350764

BBB second bond length
0.62564812    0.0013841054

BBB <phi**2>/<phi>**2
1.1197879     0.0058531176

Time = 8000
Temperature
1.0111383     0.0053381626

Pressure
23.297868     0.051394236 

CM Mom
-7.1239812e-17 1.3288788e-17 
1.6194242e-16  1.5424855e-17 
-3.0049589e-17 1.9408975e-17 
1.80895e-16    1.6482125e-17 

CM Pos
10.005448      0.013172575   
9.9970164      0.0097002452  
10.009391      0.011985123   
17.327364      0.010582535   

Stress
20.2626      0.000164345  0.00205118    0.0613999    0.0429679    0.0427236   
0.000164345  20.2761      -0.0450234    0.0429679    0.0705716    0.0330036   
0.00205118   -0.0450234   20.2565       0.0427236    0.0330036    0.0852081   

Stress Spherical
0            0            0             0            0            0           
0            0            0             0            0            0           
0            0            0             0            0            0           

Inertia
266.764      -99.9886     -100.18       0.311434     0.177429     0.215652    
-99.9886     266.916      -100.097      0.177429     0.35742      0.15775     
-100.18      -100.097     266.678       0.215652     0.15775      0.281331    

Bond Length
0.62574432    0.0013970324

BB bond length
0.62574432    0.0013970324

Water EE distance
0             0           

PEG EE distance
3.5248155     0.032304807 

BBB P2(x)
0.07865339    0.0090352128

BBB first bond length
0.62591745    0.0015421074

BBB second bond length
0.62582933    0.0015088282

BBB <phi**2>/<phi>**2
1.118332      0.0028208553

Time = 9000
Temperature
1.0127355     0.0067434327

Pressure
23.321701     0.04617639  

CM Mom
-8.2469744e-17 1.2943364e-17 
1.7976417e-16  7.6512356e-18 
-4.9156518e-17 1.162555e-17  
2.0441797e-16  1.0358564e-17 

CM Pos
10.001781      0.015444864   
10.003601      0.014413888   
10.003639      0.0062646243  
17.325726      0.011952093   

Stress
20.2881      0.0100297    0.00929916    0.0734633    0.0374585    0.0315214   
0.0100297    20.2916      -0.00411801   0.0374585    0.0674257    0.0489409   
0.00929916   -0.00411801  20.2727       0.0315214    0.0489409    0.0584147   

Stress Spherical
0            0            0             0            0            0           
0            0            0             0            0            0           
0            0            0             0            0            0           

Inertia
266.794      -100.021     -100.036      0.273567     0.23957      0.171567    
-100.021     266.743      -100.074      0.23957      0.29183      0.0994757   
-100.036     -100.074     266.758       0.171567     0.0994757    0.483887    

Bond Length
0.62525436    0.0017401911

BB bond length
0.62525436    0.0017401911

Water EE distance
0             0           

PEG EE distance
3.5322607     0.091351112 

BBB P2(x)
0.081511041   0.012621093 

BBB first bond length
0.62542973    0.0021656765

BBB second bond length
0.6255291     0.0018219206

BBB <phi**2>/<phi>**2
1.1196655     0.0039300673

Time = 10000
Temperature
1.0086006     0.0051180849

Pressure
23.301599     0.041159579 

CM Mom
-9.315301e-17  1.3110164e-17 
1.7546e-16     1.2576805e-17 
-5.461284e-17  1.2919787e-17 
2.0694307e-16  1.0853475e-17 

CM Pos
10.004114      0.0095340957  
10.003351      0.0045926159  
9.9973881      0.0062950473  
17.323315      0.0047281982  

Stress
20.2907      0.031901     0.0341983     0.0616694    0.0523372    0.0448523   
0.031901     20.2576      -0.00443338   0.0523372    0.0760396    0.0563524   
0.0341983    -0.00443338  20.281        0.0448523    0.0563524    0.0500917   

Stress Spherical
0            0            0             0            0            0           
0            0            0             0            0            0           
0            0            0             0            0            0           

Inertia
266.674      -100.075     -99.9503      0.139717     0.0782452    0.110472    
-100.075     266.69       -100.043      0.0782452    0.209311     0.121608    
-99.9503     -100.043     266.819       0.110472     0.121608     0.251951    

Bond Length
0.62496898    0.0015007992

BB bond length
0.62496898    0.0015007992

Water EE distance
0             0           

PEG EE distance
3.5866238     0.064586963 

BBB P2(x)
0.079749742   0.0090642627

BBB first bond length
0.62509568    0.0014761889

BBB second bond length
0.62522147    0.0014685487

BBB <phi**2>/<phi>**2
1.120203      0.0058452429

Time = 11000
Temperature
1.0082814     0.0076021694

Pressure
23.306636     0.042947943 

CM Mom
-1.1542178e-16 1.989723e-17  
1.8397175e-16  2.7057493e-17 
-6.530721e-17  1.6163904e-17 
2.2864251e-16  2.3338928e-17 

CM Pos
10.003197      0.016072859   
10.004185      0.0099658997  
10.001806      0.0077120794  
17.32582       0.01284037    

Stress
20.2443      0.00896814   9.79801e-05   0.035316     0.0428346    0.0312692   
0.00896814   20.3304      -0.0132884    0.0428346    0.0613842    0.0451759   
9.79801e-05  -0.0132884   20.2726       0.0312692    0.0451759    0.0391185   

Stress Spherical
0            0            0             0            0            0           
0            0            0             0            0            0           
0            0            0             0            0            0           

Inertia
266.78       -100.103     -100.031      0.195195     0.196625     0.196066    
-100.103     266.765      -100.05       0.196625     0.440587     0.164971    
-100.031     -100.05      266.798       0.196066     0.164971     0.425653    

Bond Length
0.62477613    0.0010845324

BB bond length
0.62477613    0.0010845324

Water EE distance
0             0           

PEG EE distance
3.5751099     0.045737951 

BBB P2(x)
0.081589287   0.0085081218

BBB first bond length
0.62520074    0.0010854485

BBB second bond length
0.62492476    0.0013479521

BBB <phi**2>/<phi>**2
1.1201368     0.0029638254

Time = 12000
Temperature
1.0108215     0.0049672291

Pressure
23.314961     0.063646451 

CM Mom
-1.3098671e-16 1.8238158e-17 
2.1223125e-16  1.629202e-17  
-6.9108144e-17 3.464437e-17  
2.6141807e-16  2.0843381e-17 

CM Pos
9.997613       0.0095893158  
10.001434      0.0091644083  
9.9986384      0.010889634   
17.319176      0.012361709   

Stress
20.2826      -0.0186006   0.00212094    0.0759472    0.0460648    0.0420688   
-0.0186006   20.2831      0.0148068     0.0460648    0.0801472    0.0547083   
0.00212094   0.0148068    20.2837       0.0420688    0.0547083    0.0842732   

Stress Spherical
0            0            0             0            0            0           
0            0            0             0            0            0           
0            0            0             0            0            0           

Inertia
266.658      -100.002     -99.9364      0.266395     0.202153     0.168827    
-100.002     266.58       -99.9747      0.202153     0.333148     0.177575    
-99.9364     -99.9747     266.641       0.168827     0.177575     0.327477    

Bond Length
0.62485426    0.0010552682

BB bond length
0.62485426    0.0010552682

Water EE distance
0             0           

PEG EE distance
3.5165615     0.038438593 

BBB P2(x)
0.083330662   0.0089463902

BBB first bond length
0.62521548    0.0012300205

BBB second bond length
0.62526641    0.00098567794

BBB <phi**2>/<phi>**2
1.1201504     0.0027325176

Time = 13000
Temperature
1.013192      0.0042843612

Pressure
23.303235     0.073717216 

CM Mom
-1.2626907e-16 2.4168822e-17 
2.332964e-16   1.6173021e-17 
-7.8519997e-17 1.3755762e-17 
2.7833155e-16  1.0146279e-17 

CM Pos
10.003364      0.007810543   
10.001184      0.012307712   
9.9986384      0.011653906   
17.322357      0.0051183235  

Stress
20.286       -0.0156836   -0.0232058    0.0963011    0.0258732    0.045875    
-0.0156836   20.2569      -0.00591361   0.0258732    0.087465     0.0592778   
-0.0232058   -0.00591361  20.25         0.045875     0.0592778    0.0687923   

Stress Spherical
0            0            0             0            0            0           
0            0            0             0            0            0           
0            0            0             0            0            0           

Inertia
266.655      -100.06      -100.009      0.233194     0.189078     0.133849    
-100.06      266.697      -99.9653      0.189078     0.201976     0.152371    
-100.009     -99.9653     266.745       0.133849     0.152371     0.327039    

Bond Length
0.62501091    0.0016608699

BB bond length
0.62501091    0.0016608699

Water EE distance
0             0           

PEG EE distance
3.5664414     0.075649885 

BBB P2(x)
0.076328921   0.0098125664

BBB first bond length
0.62545802    0.0017862106

BBB second bond length
0.62528746    0.0017384388

BBB <phi**2>/<phi>**2
1.1169945     0.0039102435

Time = 14000
Temperature
1.0103574     0.0033645777

Pressure
23.294398     0.050866131 

CM Mom
-1.1995036e-16 1.1781391e-17 
2.4846301e-16  3.9215419e-17 
-8.8503445e-17 1.5728942e-17 
2.9062689e-16  3.7614859e-17 

CM Pos
9.9973629      0.0093801944  
10.003351      0.010348921   
9.9976382      0.010543451   
17.319561      0.012939208   

Stress
20.2728      0.00330387   -0.00611806   0.0678249    0.0431716    0.0467714   
0.00330387   20.2352      0.00730444    0.0431716    0.0617434    0.036343    
-0.00611806  0.00730444   20.2838       0.0467714    0.036343     0.0841642   

Stress Spherical
0            0            0             0            0            0           
0            0            0             0            0            0           
0            0            0             0            0            0           

Inertia
266.701      -99.9789     -99.9546      0.316641     0.183571     0.172972    
-99.9789     266.588      -100.033      0.183571     0.340502     0.172588    
-99.9546     -100.033     266.693       0.172972     0.172588     0.347955    

Bond Length
0.62507676    0.0013171762

BB bond length
0.62507676    0.0013171762

Water EE distance
0             0           

PEG EE distance
3.5451039     0.068524872 

BBB P2(x)
0.077819612   0.0051374951

BBB first bond length
0.62546268    0.001575987 

BBB second bond length
0.62546508    0.0012146922

BBB <phi**2>/<phi>**2
1.1193702     0.002572117 

Time = 15000
Temperature
1.0102905     0.0073609126

Pressure
23.285124     0.065163571 

CM Mom
-1.2096625e-16 1.81512e-17   
2.5706848e-16  3.0077867e-17 
-8.1214237e-17 1.9247674e-17 
2.9716471e-16  2.4709176e-17 

CM Pos
10.003114      0.011350394   
9.9977666      0.013347828   
9.9964713      0.015704696   
17.318993      0.0099027517  

Stress
20.2434      0.0300477    -0.043065     0.0725658    0.0591404    0.0397812   
0.0300477    20.2808      -0.0163316    0.0591404    0.0900999    0.0279719   
-0.043065    -0.0163316   20.2405       0.0397812    0.0279719    0.0951231   

Stress Spherical
0            0            0             0            0            0           
0            0            0             0            0            0           
0            0            0             0            0            0           

Inertia
266.541      -99.985      -99.9579      0.32597      0.163694     0.242589    
-99.985      266.672      -99.9388      0.163694     0.431138     0.142197    
-99.9579     -99.9388     266.691       0.242589     0.142197     0.30058     

Bond Length
0.62437762    0.0010815547

BB bond length
0.62437762    0.0010815547

Water EE distance
0             0           

PEG EE distance
3.6721999     0.041750293 

BBB P2(x)
0.08598302    0.0101399   

BBB first bond length
0.62479521    0.00095321281

BBB second bond length
0.62463378    0.0012071283

BBB <phi**2>/<phi>**2
1.1210568     0.0050422383

Time = 16000
Temperature
1.0048707     0.0047194693

Pressure
23.296177     0.05721547  

CM Mom
-1.2008662e-16 1.657688e-17  
2.3375122e-16  1.6239586e-17 
-9.3960634e-17 2.341008e-17  
2.8073909e-16  1.2694255e-17 

CM Pos
9.9952792      0.012390972   
10.000934      0.0080901718  
10.000722      0.010785464   
17.318744      0.012425829   

Stress
20.2844      0.0123282    -0.0210731    0.068969     0.0601673    0.0386939   
0.0123282    20.3017      -4.4724e-05   0.0601673    0.104362     0.0437902   
-0.0210731   -4.4724e-05  20.2605       0.0386939    0.0437902    0.0496022   

Stress Spherical
0            0            0             0            0            0           
0            0            0             0            0            0           
0            0            0             0            0            0           

Inertia
266.695      -99.9929     -99.9693      0.295995     0.162981     0.27106     
-99.9929     266.592      -99.9934      0.162981     0.44825      0.148004    
-99.9693     -99.9934     266.6         0.27106      0.148004     0.275376    

Bond Length
0.62513762    0.0013978631

BB bond length
0.62513762    0.0013978631

Water EE distance
0             0           

PEG EE distance
3.5687708     0.033524138 

BBB P2(x)
0.077045334   0.0099334479

BBB first bond length
0.62555699    0.0014701179

BBB second bond length
0.62515236    0.0013535875

BBB <phi**2>/<phi>**2
1.1202483     0.0026512477

Time = 17000
Temperature
1.0140441     0.0041110072

Pressure
23.340967     0.0366896   

CM Mom
-1.3133575e-16 2.4507957e-17 
2.106407e-16   3.0173876e-17 
-9.2291251e-17 1.9424351e-17 
2.669696e-16   2.7420784e-17 

CM Pos
10.006281      0.0081564525  
10.002434      0.010572404   
10.00464       0.011041687   
17.328225      0.009145189   

Stress
20.312       -0.0161565   -0.0135214    0.0616758    0.0596211    0.0376478   
-0.0161565   20.2786      0.0026154     0.0596211    0.056372     0.0386422   
-0.0135214   0.0026154    20.3078       0.0376478    0.0386422    0.0576789   

Stress Spherical
0            0            0             0            0            0           
0            0            0             0            0            0           
0            0            0             0            0            0           

Inertia
266.805      -100.048     -100.125      0.360253     0.12879      0.164158    
-100.048     266.878      -100.063      0.12879      0.248422     0.173193    
-100.125     -100.063     266.844       0.164158     0.173193     0.256741    

Bond Length
0.62491922    0.0016297867

BB bond length
0.62491922    0.0016297867

Water EE distance
0             0           

PEG EE distance
3.5831195     0.037617769 

BBB P2(x)
0.08091553    0.0088221634

BBB first bond length
0.6253111     0.0015372564

BBB second bond length
0.6252128     0.0014074187

BBB <phi**2>/<phi>**2
1.1205962     0.0029543287

Time = 18000
Temperature
1.0117322     0.0039138588

Pressure
23.327195     0.045152652 

CM Mom
-1.1925864e-16 1.2317359e-17 
2.0254156e-16  2.1220352e-17 
-7.4541679e-17 1.7028498e-17 
2.4772504e-16  1.8068288e-17 

CM Pos
9.9991967      0.0076759612  
9.9988501      0.01386631    
9.995471       0.012599196   
17.316774      0.01133664    

Stress
20.2727      0.00630115   -0.00195631   0.095734     0.0677404    0.048218    
0.00630115   20.3108      0.00295622    0.0677404    0.0493712    0.037366    
-0.00195631  0.00295622   20.2944       0.048218     0.037366     0.0435506   

Stress Spherical
0            0            0             0            0            0           
0            0            0             0            0            0           
0            0            0             0            0            0           

Inertia
266.543      -99.9957     -99.946       0.405911     0.166138     0.160386    
-99.9957     266.558      -99.9648      0.166138     0.255182     0.205049    
-99.946      -99.9648     266.631       0.160386     0.205049     0.330771    

Bond Length
0.6259064     0.0011596325

BB bond length
0.6259064     0.0011596325

Water EE distance
0             0           

PEG EE distance
3.5284495     0.056321    

BBB P2(x)
0.074321613   0.010289964 

BBB first bond length
0.62594564    0.0011570685

BBB second bond length
0.626031      0.0011766033

BBB <phi**2>/<phi>**2
1.1175628     0.0036240215

Time = 19000
Temperature
1.0104763     0.0052275646

Pressure
23.281947     0.057532781 

CM Mom
-1.2150106e-16 1.6079685e-17 
1.8626785e-16  2.3557379e-17 
-7.8541281e-17 1.3106912e-17 
2.3726504e-16  1.781987e-17  

CM Pos
9.9991133      0.0095195109  
9.9994336      0.011369047   
10.007307      0.011957557   
17.323893      0.014497214   

Stress
20.2097      -0.00194214  0.00909542    0.0625778    0.0302056    0.0237965   
-0.00194214  20.2579      0.00394988    0.0302056    0.105053     0.0436796   
0.00909542   0.00394988   20.2859       0.0237965    0.0436796    0.091848    

Stress Spherical
0            0            0             0            0            0           
0            0            0             0            0            0           
0            0            0             0            0            0           

Inertia
266.785      -99.9702     -100.093      0.465678     0.188137     0.161226    
-99.9702     266.794      -100.069      0.188137     0.316608     0.228436    
-100.093     -100.069     266.645       0.161226     0.228436     0.372305    

Bond Length
0.62480897    0.0015057932

BB bond length
0.62480897    0.0015057932

Water EE distance
0             0           

PEG EE distance
3.5418923     0.061999431 

BBB P2(x)
0.079605726   0.0096042951

BBB first bond length
0.62492654    0.0016297897

BBB second bond length
0.62506056    0.0014658834

BBB <phi**2>/<phi>**2
1.1190059     0.0032084315

Time = 20000
Temperature
1.0115929     0.0030267961

Pressure
23.338843     0.079500776 

CM Mom
-1.2437754e-16 3.1702836e-17 
1.824174e-16   2.6309284e-17 
-8.6968184e-17 2.2545758e-17 
2.4061818e-16  2.4855585e-17 

CM Pos
9.99903        0.0087676852  
9.9980166      0.010268048   
9.9977215      0.008539278   
17.317492      0.0095224901  

Stress
20.3005      -0.0318542   0.0229968     0.0736355    0.0558123    0.0509411   
-0.0318542   20.3036      -0.00416368   0.0558123    0.101681     0.0290573   
0.0229968    -0.00416368  20.31         0.0509411    0.0290573    0.0973595   

Stress Spherical
0            0            0             0            0            0           
0            0            0             0            0            0           
0            0            0             0            0            0           

Inertia
266.571      -99.9913     -99.9614      0.291567     0.157435     0.132596    
-99.9913     266.59       -99.96        0.157435     0.184504     0.150443    
-99.9614     -99.96       266.595       0.132596     0.150443     0.317035    

Bond Length
0.62458227    0.0016512901

BB bond length
0.62458227    0.0016512901

Water EE distance
0             0           

PEG EE distance
3.5793469     0.037730067 

BBB P2(x)
0.083182633   0.0097069142

BBB first bond length
0.62472431    0.0016852721

BBB second bond length
0.62486107    0.0015531714

BBB <phi**2>/<phi>**2
1.119572      0.0056340322

Time = 21000
Temperature
1.0117487     0.0030763145

Pressure
23.314896     0.039757924 

CM Mom
-1.4413283e-16 3.8572649e-17 
1.7834198e-16  1.9466746e-17 
-9.2584943e-17 1.9710322e-17 
2.5055381e-16  2.5103733e-17 

CM Pos
10.003531      0.0076614663  
9.9967664      0.011834919   
9.9971381      0.013442222   
17.319037      0.0082728862  

Stress
20.2624      -0.0349055   -0.0110778    0.0876114    0.0492137    0.035683    
-0.0349055   20.2948      0.00107929    0.0492137    0.0672492    0.0465844   
-0.0110778   0.00107929   20.2836       0.035683     0.0465844    0.0706485   

Stress Spherical
0            0            0             0            0            0           
0            0            0             0            0            0           
0            0            0             0            0            0           

Inertia
266.531      -100.012     -100.047      0.313925     0.168648     0.119096    
-100.012     266.659      -99.9096      0.168648     0.197257     0.155845    
-100.047     -99.9096     266.647       0.119096     0.155845     0.337518    

Bond Length
0.62425499    0.00089686111

BB bond length
0.62425499    0.00089686111

Water EE distance
0             0           

PEG EE distance
3.5425497     0.097470891 

BBB P2(x)
0.08086222    0.013129077 

BBB first bond length
0.62465194    0.00085498286

BBB second bond length
0.62431752    0.00097685892

BBB <phi**2>/<phi>**2
1.1214397     0.0052977021

Time = 22000
Temperature
1.0090895     0.0048004583

Pressure
23.306332     0.05274014  

CM Mom
-1.3437782e-16 1.2164068e-17 
2.1021879e-16  1.1742894e-17 
-6.965834e-17  1.1987523e-17 
2.5960896e-16  1.1591751e-17 

CM Pos
10.00003       0.01113317    
10.001017      0.010216497   
9.9987217      0.0090388442  
17.320381      0.0097974634  

Stress
20.289       -0.000918656 -0.00221905   0.055102     0.0774186    0.0707004   
-0.000918656 20.2903      0.00234947    0.0774186    0.0870934    0.0563719   
-0.00221905  0.00234947   20.2597       0.0707004    0.0563719    0.0864056   

Stress Spherical
0            0            0             0            0            0           
0            0            0             0            0            0           
0            0            0             0            0            0           

Inertia
266.651      -100.005     -99.9867      0.261001     0.146348     0.168171    
-100.005     266.644      -99.989       0.146348     0.314598     0.119023    
-99.9867     -99.989      266.672       0.168171     0.119023     0.368526    

Bond Length
0.62568096    0.00092635951

BB bond length
0.62568096    0.00092635951

Water EE distance
0             0           

PEG EE distance
3.5601868     0.047028183 

BBB P2(x)
0.074934212   0.0098185618

BBB first bond length
0.62605155    0.00097541668

BBB second bond length
0.62589144    0.00089521404

BBB <phi**2>/<phi>**2
1.1189596     0.0037637781

Time = 23000
Temperature
1.0105288     0.0034756511

Pressure
23.293636     0.057154787 

CM Mom
-1.4170832e-16 1.7754342e-17 
2.1201003e-16  2.88114e-17   
-4.4410598e-17 2.0879504e-17 
2.600861e-16   3.0631481e-17 

CM Pos
10.004031      0.015428887   
9.9986834      0.017748807   
9.9965546      0.0066178565  
17.320098      0.014139552   

Stress
20.2506      -0.0191894   -0.0158093    0.0791464    0.0409761    0.0332699   
-0.0191894   20.2758      -0.0146824    0.0409761    0.118506     0.0507872   
-0.0158093   -0.0146824   20.2616       0.0332699    0.0507872    0.0659805   

Stress Spherical
0            0            0             0            0            0           
0            0            0             0            0            0           
0            0            0             0            0            0           

Inertia
266.568      -100.035     -100.009      0.298243     0.325829     0.187803    
-100.035     266.678      -99.9527      0.325829     0.249872     0.0740379   
-100.009     -99.9527     266.713       0.187803     0.0740379    0.584952    

Bond Length
0.62528514    0.001020747 

BB bond length
0.62528514    0.001020747 

Water EE distance
0             0           

PEG EE distance
3.5986421     0.051409969 

BBB P2(x)
0.07534644    0.010778458 

BBB first bond length
0.62550417    0.0010902428

BBB second bond length
0.62531135    0.0011017045

BBB <phi**2>/<phi>**2
1.1176654     0.0045883339

Time = 24000
Temperature
1.0112188     0.0041872006

Pressure
23.326813     0.071427146 

CM Mom
-1.4993899e-16 1.678352e-17  
1.9088988e-16  1.5817633e-17 
-4.2269446e-17 2.7872971e-17 
2.4851613e-16  1.5996007e-17 

CM Pos
9.9987799      0.012311098   
10.000767      0.0091340348  
9.9960545      0.010288326   
17.317974      0.012709872   

Stress
20.3228      -0.0199539   0.012246      0.085172     0.0319879    0.0599489   
-0.0199539   20.2843      0.00188592    0.0319879    0.0838224    0.0504038   
0.012246     0.00188592   20.2743       0.0599489    0.0504038    0.0838136   

Stress Spherical
0            0            0             0            0            0           
0            0            0             0            0            0           
0            0            0             0            0            0           

Inertia
266.587      -100.001     -99.9147      0.287305     0.116046     0.206258    
-100.001     266.561      -99.9743      0.116046     0.37155      0.13468     
-99.9147     -99.9743     266.638       0.206258     0.13468      0.361459    

Bond Length
0.62410037    0.0018090247

BB bond length
0.62410037    0.0018090247

Water EE distance
0             0           

PEG EE distance
3.5350774     0.04713825  

BBB P2(x)
0.080726377   0.0099594409

BBB first bond length
0.62438848    0.0019011694

BBB second bond length
0.62441154    0.0017450261

BBB <phi**2>/<phi>**2
1.1199801     0.0028967881

Time = 25000
Temperature
1.0127953     0.0053354967

Pressure
23.326211     0.04172918  

CM Mom
-1.2259538e-16 3.0494614e-17 
1.8020477e-16  1.1941171e-17 
-4.0799713e-17 1.4554248e-17 
2.24198e-16    1.3696608e-17 

CM Pos
9.9971962      0.011573748   
9.9991835      0.012776333   
9.9993885      0.013371489   
17.318073      0.013761197   

Stress
20.3183      0.00509854   0.00803632    0.0811475    0.0441532    0.0587812   
0.00509854   20.2644      0.000940072   0.0441532    0.0566       0.0545748   
0.00803632   0.000940072  20.2827       0.0587812    0.0545748    0.0314442   

Stress Spherical
0            0            0             0            0            0           
0            0            0             0            0            0           
0            0            0             0            0            0           

Inertia
266.639      -99.9579     -99.9995      0.36436      0.151171     0.236525    
-99.9579     266.608      -99.9608      0.151171     0.454967     0.19313     
-99.9995     -99.9608     266.585       0.236525     0.19313      0.260282    

Bond Length
0.62495328    0.0012263027

BB bond length
0.62495328    0.0012263027

Water EE distance
0             0           

PEG EE distance
3.6223297     0.082007262 

BBB P2(x)
0.077493245   0.012505667 

BBB first bond length
0.62528756    0.0014075968

BBB second bond length
0.62520832    0.0014349264

BBB <phi**2>/<phi>**2
1.1177155     0.0045596042

Time = 26000
Temperature
1.0127736     0.0056715258

Pressure
23.328288     0.053991188 

CM Mom
-1.2514774e-16 2.2928607e-17 
1.4976577e-16  1.6004844e-17 
-3.7727919e-17 1.3392908e-17 
2.0087953e-16  1.1126418e-17 

CM Pos
10.003781      0.0088508866  
10.004601      0.012419254   
9.9973048      0.011126928   
17.323801      0.0082821372  

Stress
20.2872      -0.0143137   0.0109364     0.0643859    0.045387     0.046845    
-0.0143137   20.2924      -0.00981358   0.045387     0.0815885    0.0406972   
0.0109364    -0.00981358  20.2922       0.046845     0.0406972    0.0682949   

Stress Spherical
0            0            0             0            0            0           
0            0            0             0            0            0           
0            0            0             0            0            0           

Inertia
266.71       -100.107     -99.9849      0.214104     0.16167      0.223064    
-100.107     266.695      -99.9921      0.16167      0.338487     0.109146    
-99.9849     -99.9921     266.826       0.223064     0.109146     0.289206    

Bond Length
0.62505578    0.0019951264

BB bond length
0.62505578    0.0019951264

Water EE distance
0             0           

PEG EE distance
3.5797018     0.075562469 

BBB P2(x)
0.077769374   0.011016932 

BBB first bond length
0.6253328     0.0023284556

BBB second bond length
0.62537354    0.0021147909

BBB <phi**2>/<phi>**2
1.1194773     0.0039826347

Time = 27000
Temperature
1.0093234     0.0066829887

Pressure
23.327573     0.039653137 

CM Mom
-1.4193249e-16 1.0082812e-17 
1.5818816e-16  1.3122939e-17 
-4.8118012e-17 1.3286129e-17 
2.1851805e-16  1.3562031e-17 

CM Pos
9.9985298      0.0093816755  
10.003768      0.007390063   
9.9948042      0.012402461   
17.318843      0.0084092357  

Stress
20.3262      -0.000175393 -0.0231189    0.0401978    0.0607255    0.0485629   
-0.000175393 20.3119      -0.00633615   0.0607255    0.0659092    0.0447606   
-0.0231189   -0.00633615  20.2625       0.0485629    0.0447606    0.0608611   

Stress Spherical
0            0            0             0            0            0           
0            0            0             0            0            0           
0            0            0             0            0            0           

Inertia
266.644      -100.008     -99.9395      0.328826     0.101276     0.164364    
-100.008     266.536      -99.9864      0.101276     0.284021     0.165393    
-99.9395     -99.9864     266.71        0.164364     0.165393     0.213685    

Bond Length
0.62452958    0.0010801805

BB bond length
0.62452958    0.0010801805

Water EE distance
0             0           

PEG EE distance
3.5562101     0.046763985 

BBB P2(x)
0.080556589   0.0069721278

BBB first bond length
0.62468176    0.001231455 

BBB second bond length
0.62482236    0.0010857162

BBB <phi**2>/<phi>**2
1.1207779     0.0027666812

Time = 28000
Temperature
1.0054567     0.0041945998

Pressure
23.289074     0.050227178 

CM Mom
-1.4673648e-16 9.5266573e-18 
1.7638434e-16  1.2322659e-17 
-4.4991779e-17 9.2966337e-18 
2.3432527e-16  9.3803722e-18 

CM Pos
10.004531      0.0078495827  
10.000767      0.010552672   
9.9978882      0.013104893   
17.322357      0.006706311   

Stress
20.2779      -0.000970858 -0.00436899   0.0838304    0.040125     0.0587872   
-0.000970858 20.2802      -0.00335478   0.040125     0.0540602    0.0378969   
-0.00436899  -0.00335478  20.262        0.0587872    0.0378969    0.0891573   

Stress Spherical
0            0            0             0            0            0           
