Time = 1000
Temperature
   1.0976464    0.13096498

Pressure
   23.781583    0.64835609

CM Mom
-2.0063802e-17 2.0915063e-17 
1.2275861e-17  4.1890811e-17 
-1.892049e-17  2.2094508e-16 
1.8952811e-16  1.2648851e-16 

CM Pos
7.5038609      0.015237524   
7.5012496      0.020645022   
7.4927991      0.041644234   
12.989262      0.013339856   

Stress
20.4985      0.0148715    0.0367594     0.300081     0.0578177    0.0714719   
0.0148715    20.5039      0.0174493     0.0578177    0.268609     0.103532    
0.0367594    0.0174493    20.4723       0.0714719    0.103532     0.286316    

Stress Spherical
0            0            0             0            0            0           
0            0            0             0            0            0           
0            0            0             0            0            0           

Inertia
150.01       -56.2797     -56.2562      1.54446      0.190411     0.320456    
-56.2797     150.008      -56.1833      0.190411     1.61442      0.178432    
-56.2562     -56.1833     150.172       0.320456     0.178432     0.822032    

Bond Length
0.61979809    0.0076184669

BB bond length
0.61979809    0.0076184669

Water EE distance
0             0           

PEG EE distance
7.2336137     0.25126098  

BBB P2(x)
0.48518307    0.066408897 

BBB first bond length
0.61979441    0.0074610903

BBB second bond length
0.6197236     0.0079225933

BBB <phi**2>/<phi>**2
1.2228442     0.017309665 

Time = 2000
Temperature
1.0098427     0.0071267235

Pressure
23.274463     0.060161096 

CM Mom
-1.2239232e-17 3.4780076e-17 
9.1530842e-18  1.4527792e-17 
3.759569e-17   5.2270017e-17 
6.7820058e-17  3.4645613e-17 

CM Pos
7.4952607      0.0092553301  
7.4999151      0.005058933   
7.4991752      0.013183581   
12.987129      0.0069661147  

Stress
20.2638      0.0322765    -0.0191689    0.0879925    0.0760289    0.0600849   
0.0322765    20.2717      -0.00815044   0.0760289    0.0940624    0.0612481   
-0.0191689   -0.00815044  20.2074       0.0600849    0.0612481    0.0970499   

Stress Spherical
0            0            0             0            0            0           
0            0            0             0            0            0           
0            0            0             0            0            0           

Inertia
149.864      -56.2289     -56.2115      0.423802     0.094343     0.131605    
-56.2289     149.803      -56.2115      0.094343     0.307615     0.142756    
-56.2115     -56.2115     149.804       0.131605     0.142756     0.231011    

Bond Length
0.61889455    0.0034796306

BB bond length
0.61889455    0.0034796306

Water EE distance
0             0           

PEG EE distance
7.4240427     0.086952183 

BBB P2(x)
0.51646219    0.010464852 

BBB first bond length
0.6188756     0.0034991351

BBB second bond length
0.61909484    0.0038125934

BBB <phi**2>/<phi>**2
1.2240017     0.0084968251

Time = 3000
Temperature
1.0083628     0.0079465767

Pressure
23.241553     0.066795066 

CM Mom
-3.451942e-17  2.057395e-17  
-3.0806604e-18 1.0106948e-17 
2.079336e-17   2.2127759e-17 
4.6557089e-17  2.1930744e-17 

CM Pos
7.5078645      0.014946884   
7.5016945      0.0096050621  
7.5009545      0.01309657    
12.996467      0.010378709   

Stress
20.1747      -0.0288164   0.00270697    0.0835438    0.0607886    0.0696561   
-0.0288164   20.2603      0.00267928    0.0607886    0.092312     0.0512691   
0.00270697   0.00267928   20.2225       0.0696561    0.0512691    0.119234    

Stress Spherical
0            0            0             0            0            0           
0            0            0             0            0            0           
0            0            0             0            0            0           

Inertia
150.012      -56.3258     -56.3437      0.192993     0.193538     0.151123    
-56.3258     150.109      -56.2663      0.193538     0.323223     0.102889    
-56.3437     -56.2663     150.12        0.151123     0.102889     0.285473    

Bond Length
0.61987987    0.0019099932

BB bond length
0.61987987    0.0019099932

Water EE distance
0             0           

PEG EE distance
7.26414       0.12868478  

BBB P2(x)
0.51575179    0.014101748 

BBB first bond length
0.61979539    0.0021951241

BBB second bond length
0.62007395    0.0018809744

BBB <phi**2>/<phi>**2
1.2259924     0.010256466 

Time = 4000
Temperature
1.0117748     0.0090268507

Pressure
23.305245     0.059512105 

CM Mom
-4.0016483e-17 1.1935941e-17 
4.1342528e-18  2.1116578e-17 
1.953975e-17   2.0028345e-17 
5.2748658e-17  1.4398021e-17 

CM Pos
7.4998574      0.0078476386  
7.491908       0.017441656   
7.493244       0.011996022   
12.981744      0.0097820391  

Stress
20.2627      -0.0257585   0.0406752     0.0759946    0.0488432    0.0874019   
-0.0257585   20.312       -0.0398242    0.0488432    0.1166       0.0422922   
0.0406752    -0.0398242   20.2432       0.0874019    0.0422922    0.101497    

Stress Spherical
0            0            0             0            0            0           
0            0            0             0            0            0           
0            0            0             0            0            0           

Inertia
149.75       -56.2186     -56.2347      0.308671     0.189584     0.0869048   
-56.2186     149.859      -56.1361      0.189584     0.19157      0.170538    
-56.2347     -56.1361     149.829       0.0869048    0.170538     0.292316    

Bond Length
0.61882375    0.0023250026

BB bond length
0.61882375    0.0023250026

Water EE distance
0             0           

PEG EE distance
7.1994684     0.16714611  

BBB P2(x)
0.51196743    0.0082153814

BBB first bond length
0.61872926    0.0021712587

BBB second bond length
0.61890347    0.0024611041

BBB <phi**2>/<phi>**2
1.2287719     0.0077346469

Time = 5000
Temperature
1.0082391     0.007970457 

Pressure
23.289577     0.10597232  

CM Mom
-3.8465452e-17 2.0080128e-17 
3.672092e-17   1.0982004e-17 
2.6755417e-17  1.2705731e-17 
6.3153047e-17  1.5518171e-17 

CM Pos
7.5080128      0.014110768   
7.5018428      0.014685705   
7.4938371      0.022027934   
12.99254       0.017667264   

Stress
20.2852      -0.00372493  0.0559565     0.096174     0.0522368    0.0689305   
-0.00372493  20.2545      0.0198355     0.0522368    0.107433     0.0772967   
0.0559565    0.0198355    20.2629       0.0689305    0.0772967    0.159015    

Stress Spherical
0            0            0             0            0            0           
0            0            0             0            0            0           
0            0            0             0            0            0           

Inertia
149.927      -56.3485     -56.2747      0.519003     0.125314     0.212424    
-56.3485     150.02       -56.1933      0.125314     0.341391     0.297039    
-56.2747     -56.1933     150.132       0.212424     0.297039     0.229857    

Bond Length
0.61920361    0.0022489976

BB bond length
0.61920361    0.0022489976

Water EE distance
0             0           

PEG EE distance
7.5620471     0.13386494  

BBB P2(x)
0.5199253     0.010003759 

BBB first bond length
0.6191527     0.0025319013

BBB second bond length
0.61917528    0.0021827668

BBB <phi**2>/<phi>**2
1.2256348     0.010420635 

Time = 6000
Temperature
1.0130124     0.0094159619

Pressure
23.330664     0.084725401 

CM Mom
-1.0305177e-17 1.5546164e-17 
1.7158192e-17  2.2281065e-17 
1.2333068e-17  2.1518273e-17 
4.0338523e-17  1.1254933e-17 

CM Pos
7.5000057      0.014801281   
7.5049566      0.014299601   
7.5025856      0.012717545   
12.994754      0.01381298    

Stress
20.2475      -0.0288349   0.0341707     0.104018     0.0632767    0.0616452   
-0.0288349   20.318       -0.0250002    0.0632767    0.141097     0.0720697   
0.0341707    -0.0250002   20.3174       0.0616452    0.0720697    0.146575    

Stress Spherical
0            0            0             0            0            0           
0            0            0             0            0            0           
0            0            0             0            0            0           

Inertia
150.107      -56.3023     -56.2966      0.325566     0.161035     0.16524     
-56.3023     150.035      -56.2746      0.161035     0.251694     0.148494    
-56.2966     -56.2746     150.06        0.16524      0.148494     0.246881    

Bond Length
0.61919027    0.0016900968

BB bond length
0.61919027    0.0016900968

Water EE distance
0             0           

PEG EE distance
7.2794609     0.13808011  

BBB P2(x)
0.51480819    0.012788076 

BBB first bond length
0.619158      0.0017658964

BBB second bond length
0.61910968    0.0016902845

BBB <phi**2>/<phi>**2
1.2230897     0.005139085 

Time = 7000
Temperature
1.0146126     0.0054655217

Pressure
23.262856     0.093141801 

CM Mom
1.4695145e-17  2.3897108e-17 
4.4737894e-17  1.9602187e-17 
-1.5533903e-17 1.8557607e-17 
5.8580732e-17  1.8075639e-17 

CM Pos
7.4939262      0.010209804   
7.5031773      0.01649577    
7.49962        0.014110768   
12.988508      0.011163924   

Stress
20.2369      0.0018788    0.00694956    0.108116     0.075215     0.0994136   
0.0018788    20.2066      -0.0435074    0.075215     0.119128     0.0582988   
0.00694956   -0.0435074   20.2216       0.0994136    0.0582988    0.103538    

Stress Spherical
0            0            0             0            0            0           
0            0            0             0            0            0           
0            0            0             0            0            0           

Inertia
150.025      -56.2394     -56.2218      0.206912     0.116263     0.166729    
-56.2394     149.89       -56.2648      0.116263     0.342693     0.116253    
-56.2218     -56.2648     149.951       0.166729     0.116253     0.259219    

Bond Length
0.62013547    0.0019300599

BB bond length
0.62013547    0.0019300599

Water EE distance
0             0           

PEG EE distance
7.36114       0.14604732  

BBB P2(x)
0.51219419    0.009444892 

BBB first bond length
0.62008359    0.0021252304

BBB second bond length
0.62039769    0.0019074155

BBB <phi**2>/<phi>**2
1.2262296     0.0080441884

Time = 8000
Temperature
1.0114547     0.0053559591

Pressure
23.317442     0.06893505  

CM Mom
3.5052389e-17  1.282924e-17  
4.7121921e-17  2.4834961e-17 
5.3077462e-19  6.6431751e-18 
6.2028261e-17  2.0674101e-17 

CM Pos
7.4970401      0.012409535   
7.4994703      0.011448326   
7.5062926      0.0072049411  
12.992013      0.006098872   

Stress
20.2624      0.0195819    -0.0053339    0.136872     0.0622515    0.0911165   
0.0195819    20.3264      0.0384739     0.0622515    0.0895693    0.0633002   
-0.0053339   0.0384739    20.2686       0.0911165    0.0633002    0.0631322   

Stress Spherical
0            0            0             0            0            0           
0            0            0             0            0            0           
0            0            0             0            0            0           

Inertia
150.072      -56.2035     -56.2608      0.255012     0.082665     0.102319    
-56.2035     150.034      -56.2762      0.082665     0.206346     0.0874422   
-56.2608     -56.2762     149.923       0.102319     0.0874422    0.119378    

Bond Length
0.61818142    0.0021872778

BB bond length
0.61818142    0.0021872778

Water EE distance
0             0           

PEG EE distance
7.3459993     0.18387118  

BBB P2(x)
0.51634003    0.010908953 

BBB first bond length
0.61797451    0.0024522665

BBB second bond length
0.61837457    0.0021850018

BBB <phi**2>/<phi>**2
1.2235867     0.0040011073

Time = 9000
Temperature
1.0101213     0.0082158823

Pressure
23.258215     0.083285075 

CM Mom
4.7034122e-17  2.261614e-17  
6.4123446e-17  5.6147705e-17 
-3.6650475e-17 1.9877965e-17 
1.0128591e-16  3.830972e-17  

CM Pos
7.4973366      0.010778637   
7.4979875      0.014176835   
7.4984338      0.015509261   
12.986792      0.012726643   

Stress
20.2031      0.0099984    -0.0117973    0.108079     0.0601383    0.0707532   
0.0099984    20.2841      -0.0144116    0.0601383    0.131382     0.0825301   
-0.0117973   -0.0144116   20.2044       0.0707532    0.0825301    0.122156    

Stress Spherical
0            0            0             0            0            0           
0            0            0             0            0            0           
0            0            0             0            0            0           

Inertia
149.93       -56.2023     -56.23        0.297086     0.137313     0.173778    
-56.2023     149.903      -56.2313      0.137313     0.321803     0.115022    
-56.23       -56.2313     149.905       0.173778     0.115022     0.258776    

Bond Length
0.61920891    0.0025237616

BB bond length
0.61920891    0.0025237616

Water EE distance
0             0           

PEG EE distance
7.2297472     0.26667473  

BBB P2(x)
0.50953722    0.013478857 

BBB first bond length
0.61920986    0.0023013725

BBB second bond length
0.61894614    0.0025148462

BBB <phi**2>/<phi>**2
1.2251947     0.0074176176

Time = 10000
Temperature
1.0064813     0.0043349293

Pressure
23.306516     0.070306878 

CM Mom
3.5249389e-17  1.2698214e-17 
5.4600507e-17  4.2888999e-17 
-3.6807005e-17 1.8483876e-17 
8.5403243e-17  2.5042784e-17 

CM Pos
7.5014885      0.012930148   
7.5018428      0.013253441   
7.4972475      0.012079129   
12.990727      0.013617039   

Stress
20.2563      0.020141     -0.00922389   0.101958     0.0719653    0.0799699   
0.020141     20.2738      0.0292194     0.0719653    0.164221     0.0457392   
-0.00922389  0.0292194    20.3392       0.0799699    0.0457392    0.101226    

Stress Spherical
0            0            0             0            0            0           
0            0            0             0            0            0           
0            0            0             0            0            0           

Inertia
149.997      -56.2907     -56.2531      0.305438     0.193406     0.168006    
-56.2907     149.978      -56.2861      0.193406     0.350494     0.178847    
-56.2531     -56.2861     150.061       0.168006     0.178847     0.366492    

Bond Length
0.61839036    0.001936801 

BB bond length
0.61839036    0.001936801 

Water EE distance
0             0           

PEG EE distance
7.2280602     0.32932189  

BBB P2(x)
0.51109097    0.011888626 

BBB first bond length
0.61842674    0.001973842 

BBB second bond length
0.61851327    0.0018129958

BBB <phi**2>/<phi>**2
1.2256512     0.011741777 

Time = 11000
Temperature
1.0115325     0.0093480538

Pressure
23.322383     0.065940309 

CM Mom
5.2461907e-17  1.2745271e-17 
5.9676271e-17  2.4402145e-17 
5.2333912e-18  2.75166e-17   
8.5503537e-17  2.3347642e-17 

CM Pos
7.4930365      0.02127236    
7.4979875      0.015481592   
7.4991752      0.011041631   
12.984738      0.020816055   

Stress
20.2853      -0.0371221   0.00612955    0.0877918    0.0787312    0.0417401   
-0.0371221   20.3098      0.00217761    0.0787312    0.150824     0.0927864   
0.00612955   0.00217761   20.2764       0.0417401    0.0927864    0.0947351   

Stress Spherical
0            0            0             0            0            0           
0            0            0             0            0            0           
0            0            0             0            0            0           

Inertia
149.935      -56.1726     -56.2295      0.329372     0.27043      0.164121    
-56.1726     149.867      -56.2282      0.27043      0.343451     0.140698    
-56.2295     -56.2282     149.839       0.164121     0.140698     0.554452    

Bond Length
0.6189114     0.0031684105

BB bond length
0.6189114     0.0031684105

Water EE distance
0             0           

PEG EE distance
7.4271612     0.29348488  

BBB P2(x)
0.51297286    0.012925768 

BBB first bond length
0.61888911    0.0033404834

BBB second bond length
0.61892204    0.0031048397

BBB <phi**2>/<phi>**2
1.2227817     0.012256969 

Time = 12000
Temperature
1.0077928     0.00923039  

Pressure
23.269438     0.091601786 

CM Mom
9.2150651e-17  1.6781595e-17 
5.9071278e-17  2.0701113e-17 
-1.4791176e-17 1.1326083e-17 
1.1286527e-16  1.7314936e-17 

CM Pos
7.4973366      0.01494909    
7.4954667      0.010614193   
7.5003614      0.0071436474  
12.986448      0.007960951   

Stress
20.292       0.0523879    0.0461325     0.118046     0.0364657    0.0400145   
0.0523879    20.2344      0.0264367     0.0364657    0.162617     0.0595643   
0.0461325    0.0264367    20.2198       0.0400145    0.0595643    0.0733809   

Stress Spherical
0            0            0             0            0            0           
0            0            0             0            0            0           
0            0            0             0            0            0           

Inertia
149.93       -56.1824     -56.2179      0.242236     0.121556     0.0831318   
-56.1824     149.98       -56.1981      0.121556     0.261056     0.108964    
-56.2179     -56.1981     149.878       0.0831318    0.108964     0.243606    

Bond Length
0.61857888    0.0034257308

BB bond length
0.61857888    0.0034257308

Water EE distance
0             0           

PEG EE distance
7.7156654     0.26920672  

BBB P2(x)
0.51581596    0.014604462 

BBB first bond length
0.61860904    0.0034698466

BBB second bond length
0.61834303    0.0031099403

BBB <phi**2>/<phi>**2
1.2260323     0.009759246 

Time = 13000
Temperature
1.0118292     0.0060977468

Pressure
23.232876     0.1021861   

CM Mom
9.1412451e-17  1.9618889e-17 
4.9908728e-17  2.4194012e-17 
-4.1885787e-18 2.3381102e-17 
1.096408e-16   1.8986381e-17 

CM Pos
7.5004505      0.011524892   
7.4975426      0.011447366   
7.4987303      0.011032666   
12.988499      0.012322444   

Stress
20.2139      0.00760211   -0.0170605    0.145904     0.0320425    0.062852    
0.00760211   20.1542      -0.0537048    0.0320425    0.145152     0.0707509   
-0.0170605   -0.0537048   20.2321       0.062852     0.0707509    0.0713906   

Stress Spherical
0            0            0             0            0            0           
0            0            0             0            0            0           
0            0            0             0            0            0           

Inertia
149.937      -56.2463     -56.2355      0.18777      0.141783     0.118944    
-56.2463     149.991      -56.2232      0.141783     0.267729     0.152572    
-56.2355     -56.2232     149.952       0.118944     0.152572     0.25018     

Bond Length
0.61852601    0.0029853615

BB bond length
0.61852601    0.0029853615

Water EE distance
0             0           

PEG EE distance
7.4062979     0.14315288  

BBB P2(x)
0.51406511    0.0076828465

BBB first bond length
0.61839903    0.0029615079

BBB second bond length
0.61856903    0.0029666493

BBB <phi**2>/<phi>**2
1.2367503     0.0060941661

Time = 14000
Temperature
1.0096255     0.005170787 

Pressure
23.2798       0.10423634  

CM Mom
1.0586244e-16  1.9594079e-17 
3.9815368e-17  1.8681507e-17 
-3.510548e-17  2.1613205e-17 
1.2179832e-16  1.9741892e-17 

CM Pos
7.5007471      0.009341637   
7.5015462      0.022866384   
7.5000648      0.012090955   
12.991759      0.017844364   

Stress
20.248       0.0140106    0.00795374    0.106816     0.0541877    0.0379036   
0.0140106    20.2954      -0.0100176    0.0541877    0.156244     0.0709512   
0.00795374   -0.0100176   20.2175       0.0379036    0.0709512    0.126349    

Stress Spherical
0            0            0             0            0            0           
0            0            0             0            0            0           
0            0            0             0            0            0           

Inertia
150.002      -56.243      -56.2213      0.366774     0.185537     0.195429    
-56.243      149.992      -56.2433      0.185537     0.269141     0.23535     
-56.2213     -56.2433     150.011       0.195429     0.23535      0.306114    

Bond Length
0.61807053    0.0024322234

BB bond length
0.61807053    0.0024322234

Water EE distance
0             0           

PEG EE distance
7.607532      0.17280485  

BBB P2(x)
0.51424939    0.011633879 

BBB first bond length
0.61808025    0.0025358974

BBB second bond length
0.61814762    0.0024429676

BBB <phi**2>/<phi>**2
1.2260598     0.0073102148

Time = 15000
Temperature
1.0148062     0.0068974504

Pressure
23.300844     0.12430284  

CM Mom
1.1171345e-16  1.9138429e-17 
7.5808445e-17  4.0126837e-17 
-2.9111527e-17 1.2844696e-17 
1.4341114e-16  2.5474869e-17 

CM Pos
7.4995608      0.0072171373  
7.5018428      0.012360715   
7.5058478      0.014222513   
12.994577      0.013447531   

Stress
20.2538      0.0289622    -0.00288932   0.142684     0.0374121    0.0620364   
0.0289622    20.2546      -0.0112212    0.0374121    0.0909504    0.0623317   
-0.00288932  -0.0112212   20.2689       0.0620364    0.0623317    0.207319    

Stress Spherical
0            0            0             0            0            0           
0            0            0             0            0            0           
0            0            0             0            0            0           

Inertia
150.136      -56.2553     -56.2307      0.316636     0.148024     0.11777     
-56.2553     150.094      -56.2292      0.148024     0.269463     0.210572    
-56.2307     -56.2292     150.034       0.11777      0.210572     0.242822    

Bond Length
0.61896577    0.0019545505

BB bond length
0.61896577    0.0019545505

Water EE distance
0             0           

PEG EE distance
7.4126726     0.28533783  

BBB P2(x)
0.50813329    0.010572503 

BBB first bond length
0.61895727    0.0018578056

BBB second bond length
0.61900722    0.0020578549

BBB <phi**2>/<phi>**2
1.227703      0.010544845 

Time = 16000
Temperature
1.0137962     0.0070691103

Pressure
23.249652     0.068963907 

CM Mom
1.1994546e-16  8.3712844e-18 
8.9179191e-17  1.8049657e-17 
-9.094094e-18  2.2778893e-17 
1.5242183e-16  1.0240897e-17 

CM Pos
7.5038609      0.017990215   
7.4990254      0.022311083   
7.504365       0.014768564   
12.994603      0.012125908   

Stress
20.213       -0.0226576   -0.00480042   0.0638366    0.0523782    0.0931125   
-0.0226576   20.1958      -0.0371973    0.0523782    0.117221     0.0589897   
-0.00480042  -0.0371973   20.2241       0.0931125    0.0589897    0.0654984   

Stress Spherical
0            0            0             0            0            0           
0            0            0             0            0            0           
0            0            0             0            0            0           

Inertia
150.03       -56.2523     -56.3337      0.379416     0.133587     0.147537    
-56.2523     150.109      -56.285       0.133587     0.38419      0.219386    
-56.3337     -56.285      150.033       0.147537     0.219386     0.218052    

Bond Length
0.6211771     0.0015751439

BB bond length
0.6211771     0.0015751439

Water EE distance
0             0           

PEG EE distance
6.9969215     0.11747875  

BBB P2(x)
0.51921441    0.013666988 

BBB first bond length
0.62125956    0.0017952316

BBB second bond length
0.62133913    0.0017152067

BBB <phi**2>/<phi>**2
1.2250129     0.0084581247

Time = 17000
Temperature
1.0061581     0.0086387832

Pressure
23.311492     0.11893266  

CM Mom
1.2063194e-16  1.9526215e-17 
8.9487861e-17  1.9805729e-17 
-7.0284767e-18 2.7422995e-17 
1.5421733e-16  1.876485e-17  

CM Pos
7.5011919      0.011709423   
7.5108878      0.015194174   
7.504365       0.012909726   
12.999895      0.0079144262  

Stress
20.2609      -0.00564242  0.0541591     0.135696     0.0370099    0.0516572   
-0.00564242  20.3331      -0.0230073    0.0370099    0.154788     0.0634037   
0.0541591    -0.0230073   20.2931       0.0516572    0.0634037    0.119448    

Stress Spherical
0            0            0             0            0            0           
0            0            0             0            0            0           
0            0            0             0            0            0           

Inertia
150.223      -56.3433     -56.2742      0.284966     0.131682     0.130326    
-56.3433     150.076      -56.3666      0.131682     0.244909     0.139888    
-56.2742     -56.3666     150.188       0.130326     0.139888     0.195066    

Bond Length
0.61750847    0.0026303086

BB bond length
0.61750847    0.0026303086

Water EE distance
0             0           

PEG EE distance
7.0848795     0.15409732  

BBB P2(x)
0.50813608    0.016864643 

BBB first bond length
0.61775894    0.0029274808

BBB second bond length
0.61778181    0.0029016365

BBB <phi**2>/<phi>**2
1.2235995     0.0091765667

Time = 18000
Temperature
1.0151929     0.0078869386

Pressure
23.280155     0.067718394 

CM Mom
1.4556806e-16  1.6132325e-17 
9.2583337e-17  2.244834e-17  
2.7650456e-17  1.5119891e-17 
1.7618382e-16  2.1870869e-17 

CM Pos
7.4977815      0.011815037   
7.4941322      0.014192336   
7.4954682      0.0087220885  
12.983104      0.014460483   

Stress
20.2821      0.00270993   0.00693259    0.0820125    0.0765919    0.0842922   
0.00270993   20.2015      -0.0393338    0.0765919    0.0885091    0.0730401   
0.00693259   -0.0393338   20.2282       0.0842922    0.0730401    0.107807    

Stress Spherical
0            0            0             0            0            0           
0            0            0             0            0            0           
0            0            0             0            0            0           

Inertia
149.847      -56.1681     -56.2019      0.30783      0.177383     0.113048    
-56.1681     149.905      -56.208       0.177383     0.244428     0.181504    
-56.2019     -56.208      149.893       0.113048     0.181504     0.280719    

Bond Length
0.61996077    0.0016412448

BB bond length
0.61996077    0.0016412448

Water EE distance
0             0           

PEG EE distance
7.2679698     0.2704049   

BBB P2(x)
0.51534549    0.010472741 

BBB first bond length
0.61998652    0.0018101276

BBB second bond length
0.61989698    0.0015648598

BBB <phi**2>/<phi>**2
1.23031       0.0081283141

Time = 19000
Temperature
1.0086198     0.003578863 

Pressure
23.226776     0.067563123 

CM Mom
1.3369512e-16  2.7031841e-17 
1.0050799e-16  1.7708963e-17 
1.4343536e-18  1.0976909e-17 
1.6887926e-16  2.4958207e-17 

CM Pos
7.5037127      0.026312485   
7.4978392      0.0088670916  
7.4939854      0.010774556   
12.987832      0.015214292   

Stress
20.2115      0.0144801    0.0396104     0.121216     0.0958038    0.0735609   
0.0144801    20.1832      0.00768931    0.0958038    0.137222     0.0659662   
0.0396104    0.00768931   20.2162       0.0735609    0.0659662    0.0860393   

Stress Spherical
0            0            0             0            0            0           
0            0            0             0            0            0           
0            0            0             0            0            0           

Inertia
149.893      -56.2877     -56.2242      0.204425     0.192624     0.218877    
-56.2877     149.98       -56.1927      0.192624     0.392647     0.10712     
-56.2242     -56.1927     150.017       0.218877     0.10712      0.340141    

Bond Length
0.61994405    0.0021769229

BB bond length
0.61994405    0.0021769229

Water EE distance
0             0           

PEG EE distance
7.50601       0.11971841  

BBB P2(x)
0.51304632    0.0068230591

BBB first bond length
0.6199572     0.0021829647

BBB second bond length
0.619809      0.0020522875

BBB <phi**2>/<phi>**2
1.2252116     0.010245923 

Time = 20000
Temperature
1.0063554     0.0069026711

Pressure
23.27749      0.062316892 

CM Mom
1.4135698e-16  2.181937e-17  
8.1117289e-17  1.8088704e-17 
-2.1945178e-17 2.0072886e-17 
1.6695426e-16  1.9387764e-17 

CM Pos
7.4988194      0.012947141   
7.5025842      0.016164555   
7.4978406      0.013298984   
12.989959      0.015867594   

Stress
20.2636      0.0374011    0.0068453     0.12338      0.0607063    0.0596766   
0.0374011    20.2742      -0.0246545    0.0607063    0.107382     0.0579888   
0.0068453    -0.0246545   20.2456       0.0596766    0.0579888    0.100831    

Stress Spherical
0            0            0             0            0            0           
0            0            0             0            0            0           
0            0            0             0            0            0           

Inertia
150.025      -56.2755     -56.2426      0.329611     0.140597     0.208095    
-56.2755     149.958      -56.2376      0.140597     0.367794     0.164174    
-56.2426     -56.2376     150.057       0.208095     0.164174     0.27931     

Bond Length
0.61740727    0.0017930851

BB bond length
0.61740727    0.0017930851

Water EE distance
0             0           

PEG EE distance
7.7179764     0.086671233 

BBB P2(x)
0.50297162    0.0047323584

BBB first bond length
0.61739615    0.0017684491

BBB second bond length
0.61748356    0.0019676247

BBB <phi**2>/<phi>**2
1.2202744     0.010040197 

Time = 21000
Temperature
1.0110684     0.0067215663

Pressure
23.21351      0.098497991 

CM Mom
1.3975821e-16  2.035646e-17  
7.5528859e-17  8.8682036e-18 
-4.9690602e-17 2.2938235e-17 
1.6825347e-16  2.0398149e-17 

CM Pos
7.495409       0.011695332   
7.4938356      0.009885948   
7.4982855      0.011926171   
12.983194      0.0085122844  

Stress
20.2007      0.0468887    0.00370126    0.149535     0.0767502    0.0814758   
0.0468887    20.1307      -0.0264673    0.0767502    0.183908     0.0765734   
0.00370126   -0.0264673   20.2175       0.0814758    0.0765734    0.0889196   

Stress Spherical
0            0            0             0            0            0           
0            0            0             0            0            0           
0            0            0             0            0            0           

Inertia
149.884      -56.1599     -56.2145      0.225801     0.152519     0.0640298   
-56.1599     149.892      -56.1571      0.152519     0.151939     0.148172    
-56.2145     -56.1571     149.843       0.0640298    0.148172     0.246621    

Bond Length
0.61938413    0.0016873797

BB bond length
0.61938413    0.0016873797

Water EE distance
0             0           

PEG EE distance
7.3183614     0.38842709  

BBB P2(x)
0.50530299    0.011866965 

BBB first bond length
0.61933094    0.0017434043

BBB second bond length
0.61949542    0.0016728617

BBB <phi**2>/<phi>**2
1.2230554     0.0099098713

Time = 22000
Temperature
1.0095473     0.0055557441

Pressure
23.330273     0.098658029 

CM Mom
1.5456571e-16  2.8687291e-17 
8.9003318e-17  2.1851205e-17 
-2.1396706e-17 1.8482166e-17 
1.8202691e-16  2.7896222e-17 

CM Pos
7.5084576      0.016808041   
7.5008048      0.011210592   
7.4942819      0.010139574   
12.992446      0.01094895    

Stress
20.3091      0.0208006    0.0111621     0.144917     0.0895675    0.0932735   
0.0208006    20.3026      -0.00707909   0.0895675    0.123417     0.0765722   
0.0111621    -0.00707909  20.3013       0.0932735    0.0765722    0.110913    

Stress Spherical
0            0            0             0            0            0           
0            0            0             0            0            0           
0            0            0             0            0            0           

Inertia
149.915      -56.2817     -56.2927      0.231545     0.171716     0.11816     
-56.2817     150.036      -56.2394      0.171716     0.210662     0.11382     
-56.2927     -56.2394     150.149       0.11816      0.11382      0.329341    

Bond Length
0.61877884    0.0013795717

BB bond length
0.61877884    0.0013795717

Water EE distance
0             0           

PEG EE distance
7.2512048     0.19160105  

BBB P2(x)
0.51113856    0.011464735 

BBB first bond length
0.61864041    0.0015773912

BBB second bond length
0.61876157    0.0015129087

BBB <phi**2>/<phi>**2
1.223164      0.011614573 

Time = 23000
Temperature
1.0110818     0.0054276725

Pressure
23.307202     0.10040739  

CM Mom
1.4579744e-16  3.3671077e-17 
6.2945563e-17  1.7985481e-17 
1.2612928e-18  1.2416477e-17 
1.6030536e-16  3.367797e-17  

CM Pos
7.4997091      0.0080890757  
7.5015462      0.0099480268  
7.4968027      0.012797685   
12.989268      0.011570516   

Stress
20.2431      0.021318     0.0256428     0.127804     0.0410513    0.0523548   
0.021318     20.2872      0.00468103    0.0410513    0.139805     0.08353     
0.0256428    0.00468103   20.2997       0.0523548    0.08353      0.1168      

Stress Spherical
0            0            0             0            0            0           
0            0            0             0            0            0           
0            0            0             0            0            0           

Inertia
149.973      -56.3085     -56.2274      0.299658     0.157915     0.144712    
-56.3085     149.926      -56.2299      0.157915     0.256934     0.135436    
-56.2274     -56.2299     150.024       0.144712     0.135436     0.261796    

Bond Length
0.61885572    0.0024708543

BB bond length
0.61885572    0.0024708543

Water EE distance
0             0           

PEG EE distance
7.7292633     0.26579856  

BBB P2(x)
0.51704986    0.010615305 

BBB first bond length
0.61862005    0.0024706415

BBB second bond length
0.61864255    0.0026177629

BBB <phi**2>/<phi>**2
1.2258588     0.005277477 

Time = 24000
Temperature
1.0080629     0.0063826786

Pressure
23.294342     0.10179921  

CM Mom
1.5634214e-16  1.0343914e-17 
7.249347e-17   1.8667752e-17 
-3.4186879e-18 2.1283164e-17 
1.7421335e-16  1.6371253e-17 

CM Pos
7.5008953      0.01609367    
7.499322       0.011539191   
7.4984338      0.011991439   
12.989619      0.010269812   

Stress
20.1973      0.00517843   0.0449779     0.117118     0.0663588    0.0707437   
0.00517843   20.2849      -0.01298      0.0663588    0.0935772    0.116554    
0.0449779    -0.01298     20.3364       0.0707437    0.116554     0.126221    

Stress Spherical
0            0            0             0            0            0           
0            0            0             0            0            0           
0            0            0             0            0            0           

Inertia
149.964      -56.2723     -56.2125      0.359857     0.150039     0.0822554   
-56.2723     149.971      -56.2531      0.150039     0.214089     0.193569    
-56.2125     -56.2531     149.995       0.0822554    0.193569     0.177801    

Bond Length
0.61810379    0.0025993555

BB bond length
0.61810379    0.0025993555

Water EE distance
0             0           

PEG EE distance
7.2376595     0.13611254  

BBB P2(x)
0.51959728    0.0089294872

BBB first bond length
0.61813522    0.0024852909

BBB second bond length
0.61796109    0.0025886379

BBB <phi**2>/<phi>**2
1.2239156     0.0071672346

Time = 25000
Temperature
1.0121784     0.0061885597

Pressure
23.325225     0.097328079 

CM Mom
1.6025964e-16  1.5728094e-17 
6.175451e-17   2.5376437e-17 
-1.5258913e-18 1.506726e-17  
1.7438535e-16  1.4394704e-17 

CM Pos
7.5016367      0.014226378   
7.5042152      0.013415034   
7.500658       0.012998833   
12.994156      0.011630178   

Stress
20.3198      0.00233631   0.0191867     0.148896     0.113598     0.0656746   
0.00233631   20.2494      0.00700467    0.113598     0.110133     0.0821344   
0.0191867    0.00700467   20.305        0.0656746    0.0821344    0.0985      

Stress Spherical
0            0            0             0            0            0           
0            0            0             0            0            0           
0            0            0             0            0            0           

Inertia
150.08       -56.2721     -56.2674      0.347644     0.127256     0.122952    
-56.2721     150.041      -56.2767      0.127256     0.23433      0.134637    
-56.2674     -56.2767     150.095       0.122952     0.134637     0.203793    

Bond Length
0.61885148    0.0017432733

BB bond length
0.61885148    0.0017432733

Water EE distance
0             0           

PEG EE distance
6.9296112     0.12229163  

BBB P2(x)
0.51308412    0.0068705301

BBB first bond length
0.61882514    0.0018847216

BBB second bond length
0.61878809    0.0018759923

BBB <phi**2>/<phi>**2
1.2289258     0.0063249728

Time = 26000
Temperature
1.0110647     0.0061742316

Pressure
23.312256     0.091206851 

CM Mom
1.7070447e-16  1.7058638e-17 
4.9883074e-17  2.8430914e-17 
5.0292576e-19  1.6982547e-17 
1.8055441e-16  2.0406304e-17 

CM Pos
7.4958538      0.01373812    
7.506736       0.013159376   
7.4984338      0.010034949   
12.990989      0.0090574813  

Stress
20.3085      0.0123752    0.000543581   0.0973774    0.131385     0.0871498   
0.0123752    20.2861      -0.0331459    0.131385     0.122226     0.0522853   
0.000543581  -0.0331459   20.2507       0.0871498    0.0522853    0.0931565   

Stress Spherical
0            0            0             0            0            0           
0            0            0             0            0            0           
0            0            0             0            0            0           

Inertia
150.087      -56.2632     -56.1956      0.247747     0.145137     0.130202    
-56.2632     149.902      -56.2951      0.145137     0.182548     0.183349    
-56.1956     -56.2951     150.028       0.130202     0.183349     0.293318    

Bond Length
0.62042728    0.0023247433

BB bond length
0.62042728    0.0023247433

Water EE distance
0             0           

PEG EE distance
7.2129649     0.16021822  

BBB P2(x)
0.50677697    0.0050018655

BBB first bond length
0.62032894    0.0025654859

BBB second bond length
0.62047486    0.0025730876

BBB <phi**2>/<phi>**2
1.2238132     0.0064727521

Time = 27000
Temperature
1.0105338     0.0096627002

Pressure
23.273362     0.076090877 

CM Mom
1.7481458e-16  1.345349e-17  
4.3266569e-17  1.757461e-17  
-1.5750932e-17 2.0862464e-17 
1.8299142e-16  1.0930228e-17 

CM Pos
7.490664       0.013369064   
7.4965047      0.015832661   
7.4968027      0.016017667   
12.981142      0.017892542   

Stress
20.2934      0.022783     -0.0324135    0.0634086    0.0644571    0.0882096   
0.022783     20.2484      -0.0290183    0.0644571    0.133146     0.105309    
-0.0324135   -0.0290183   20.1916       0.0882096    0.105309     0.119807    

Stress Spherical
0            0            0             0            0            0           
0            0            0             0            0            0           
0            0            0             0            0            0           

Inertia
149.903      -56.1582     -56.152       0.431578     0.196213     0.211996    
-56.1582     149.803      -56.1928      0.196213     0.33036      0.225951    
-56.152      -56.1928     149.819       0.211996     0.225951     0.294788    

Bond Length
0.6193608     0.0017666119

BB bond length
0.6193608     0.0017666119

Water EE distance
0             0           

PEG EE distance
7.1738282     0.12045756  

BBB P2(x)
0.511077      0.01290305  

BBB first bond length
0.61942271    0.0019640073

BBB second bond length
0.6192681     0.0018114846

BBB <phi**2>/<phi>**2
1.2237465     0.010249264 

Time = 28000
Temperature
1.016049      0.0073364022

Pressure
23.318956     0.093534708 

CM Mom
1.6217888e-16  2.0543481e-17 
3.2271207e-17  3.0420293e-17 
-5.5763574e-18 3.0448317e-17 
1.7111161e-16  1.9231797e-17 

CM Pos
7.5000057      0.013463297   
7.4959116      0.011570588   
7.500658       0.011623673   
12.988419      0.0075476068  

Stress
20.317       0.00291356   0.0114008     0.0993547    0.0610131    0.0705605   
0.00291356   20.2389      0.00292888    0.0610131    0.118954     0.0713665   
0.0114008    0.00292888   20.2647       0.0705605    0.0713665    0.117854    

Stress Spherical
0            0            0             0            0            0           
