Time = 1000
Temperature
   1.0774356    0.10690265

Pressure
   23.758023     0.5538354

CM Mom
-1.0616563e-16 2.933954e-17  
2.0923328e-17  2.0964106e-17 
1.1333138e-16  2.0967116e-16 
2.3782807e-16  1.1512183e-16 

CM Pos
7.4987766      0.020993155   
7.4966149      0.014775477   
7.4972732      0.012315349   
12.98616       0.021155168   

Stress
20.5348      0.00635333   0.0215798     0.249798     0.0796846    0.0608597   
0.00635333   20.4903      -0.0130918    0.0796846    0.258346     0.0645294   
0.0215798    -0.0130918   20.553        0.0608597    0.0645294    0.315891    

Stress Spherical
0            0            0             0            0            0           
0            0            0             0            0            0           
0            0            0             0            0            0           

Inertia
149.976      -56.2116     -56.2445      0.929868     0.34498      0.181921    
-56.2116     150.012      -56.1931      0.34498      1.13942      0.17498     
-56.2445     -56.1931     150.008       0.181921     0.17498      1.19944     

Bond Length
0.61821162    0.0062769127

BB bond length
0.61821162    0.0062769127

Water EE distance
0             0           

PEG EE distance
7.0984146     0.26117627  

BBB P2(x)
0.47912593    0.065469962 

BBB first bond length
0.61822081    0.0064990145

BBB second bond length
0.6180484     0.006165476 

BBB <phi**2>/<phi>**2
1.2179617     0.015032038 

Time = 2000
Temperature
1.0087669     0.0042111999

Pressure
23.392088     0.09727422  

CM Mom
-1.0980053e-16 3.0405983e-17 
-2.6562996e-18 2.1041095e-17 
6.7704112e-17  1.2074672e-17 
1.3153148e-16  2.931856e-17  

CM Pos
7.5041105      0.019372532   
7.4951333      0.015142352   
7.5031997      0.014538839   
12.991808      0.021195732   

Stress
20.3411      0.0142319    0.00981931    0.0894718    0.0840365    0.0757503   
0.0142319    20.3846      -0.032081     0.0840365    0.115081     0.0702448   
0.00981931   -0.032081    20.3725       0.0757503    0.0702448    0.190967    

Stress Spherical
0            0            0             0            0            0           
0            0            0             0            0            0           
0            0            0             0            0            0           

Inertia
149.861      -56.2577     -56.2921      0.473945     0.259079     0.2376      
-56.2577     149.989      -56.291       0.259079     0.473964     0.17244     
-56.2921     -56.291      149.845       0.2376       0.17244      0.688448    

Bond Length
0.61725965    0.0022809878

BB bond length
0.61725965    0.0022809878

Water EE distance
0             0           

PEG EE distance
7.2323687     0.1416275   

BBB P2(x)
0.52127811    0.010318104 

BBB first bond length
0.61735649    0.002253837 

BBB second bond length
0.61735978    0.0024706953

BBB <phi**2>/<phi>**2
1.2251117     0.0097849472

