Time = 500
Temperature
   1.0381759   0.045026322

Pressure
   23.613091    0.21788073

CM Mom
1.1519222e-17  4.2229509e-18 
-1.110552e-17  2.156702e-17  
-4.4830025e-18 1.6057363e-17 
2.999609e-17   1.0824301e-17 

CM Pos
7.4927015      0.017887857   
7.4891608      0.022469998   
7.5015301      0.015607105   
12.980821      0.020333037   

Stress
20.4463      0.0385338    -0.0471677    0.108095     0.0434334    0.0550233   
0.0385338    20.5353      -0.0180913    0.0434334    0.138259     0.0920015   
-0.0471677   -0.0180913   20.515        0.0550233    0.0920015    0.0968668   

Stress Spherical
0            0            0             0            0            0           
0            0            0             0            0            0           
0            0            0             0            0            0           

Inertia
149.729      -56.0625     -56.1757      0.258113     0.217619     0.110163    
-56.0625     149.828      -56.2065      0.217619     0.312544     0.195412    
-56.1757     -56.2065     149.624       0.110163     0.195412     0.56683     

Bond Length
0.60740372    0.015328924 

BB bond length
0.60740372    0.015328924 

Water EE distance
0             0           

PEG EE distance
3.7240059     0.35795966  

Time = 1000
Temperature
1.003764      0.0084269387

Pressure
23.516345     0.062805294 

CM Mom
1.7253747e-17  2.7531348e-17 
-5.4107471e-18 2.074307e-17  
-1.932911e-17  2.9927883e-17 
4.8272003e-17  2.1314888e-17 

CM Pos
7.4980354      0.011142787   
7.4927167      0.015010579   
7.4988632      0.018576564   
12.9844        0.018321567   

Stress
20.4936      -0.0309987   -0.0547382    0.077257     0.059377     0.0794254   
-0.0309987   20.5128      0.0382296     0.059377     0.0787968    0.0767939   
-0.0547382   0.0382296    20.5096       0.0794254    0.0767939    0.088171    

Stress Spherical
0            0            0             0            0            0           
0            0            0             0            0            0           
0            0            0             0            0            0           

Inertia
149.747      -56.1294     -56.2298      0.426051     0.152672     0.140323    
-56.1294     149.84       -56.2117      0.152672     0.257404     0.207241    
-56.2298     -56.2117     149.768       0.140323     0.207241     0.280468    

Bond Length
0.61798612    0.0084822877

BB bond length
0.61798612    0.0084822877

Water EE distance
0             0           

PEG EE distance
3.6705871     0.48045104  

