Time = 1000
Temperature
   1.1708292     0.2643297

Pressure
   23.907092     1.2000116

CM Mom
-1.031768e-17  1.9300872e-17 
6.2417963e-17  3.1707999e-17 
-9.3581973e-17 5.2187622e-16 
3.5493078e-16  4.0064559e-16 

CM Pos
7.4979288      0.015028165   
7.4988032      0.017574353   
7.4918607      0.018523414   
12.983818      0.017631948   

Stress
20.362       0.0342066    0.0796242     0.413495     0.0645885    0.0937266   
0.0342066    20.434       0.0125839     0.0645885    0.479055     0.0919695   
0.0796242    0.0125839    20.3909       0.0937266    0.0919695    0.413401    

Stress Spherical
0            0            0             0            0            0           
0            0            0             0            0            0           
0            0            0             0            0            0           

Inertia
150.085      -56.2485     -56.2166      1.24267      0.164466     0.210587    
-56.2485     150.047      -56.2066      0.164466     1.32707      0.222838    
-56.2166     -56.2066     150.134       0.210587     0.222838     1.4514      

Bond Length
0.61999756    0.0098788532

BB bond length
0.61999756    0.0098788532

Water EE distance
0             0           

PEG EE distance
7.1420524     0.072481836 

BBB P2(x)
0.47591226    0.066227915 

BBB first bond length
0.62004311    0.0098234801

BBB second bond length
0.61973918    0.0097057445

BBB <phi**2>/<phi>**2
1.2211705     0.015843351 

Time = 2000
Temperature
1.0125861     0.0085918889

Pressure
23.106477     0.085164212 

CM Mom
-2.3915259e-17 2.2441506e-17 
7.4980912e-17  1.9163452e-17 
-5.6869864e-18 5.9452103e-17 
9.9163542e-17  2.8256364e-17 

CM Pos
7.5001517      0.0094993305  
7.5013225      0.016043801   
7.5047534      0.01472182    
12.993991      0.014143327   

Stress
20.0593      -0.00924218  6.01846e-05   0.0826805    0.0729974    0.0675765   
-0.00924218  20.0631      -0.00311741   0.0729974    0.130871     0.0880106   
6.01846e-05  -0.00311741  20.0864       0.0675765    0.0880106    0.11622     

Stress Spherical
0            0            0             0            0            0           
0            0            0             0            0            0           
0            0            0             0            0            0           

Inertia
149.996      -56.2791     -56.3017      0.255565     0.175036     0.103959    
-56.2791     149.955      -56.303       0.175036     0.296381     0.182548    
-56.3017     -56.303      149.909       0.103959     0.182548     0.34395     

Bond Length
0.61665919    0.0013948435

BB bond length
0.61665919    0.0013948435

Water EE distance
0             0           

PEG EE distance
7.0972176     0.092975196 

BBB P2(x)
0.51266808    0.0068545946

BBB first bond length
0.61664802    0.0014200209

BBB second bond length
0.61672113    0.0015372855

BBB <phi**2>/<phi>**2
1.2242822     0.0062091003

