Time = 1000
Temperature
   1.2227203    0.28672093

Pressure
   24.519265     1.8221742

CM Mom
-6.5085152e-18 4.3212777e-17 
2.8614944e-17  8.2951905e-17 
1.1314497e-17  4.3128696e-16 
3.8794971e-16  2.1269938e-16 

CM Pos
10.0007        0.021093444   
10.002284      0.035495613   
10.007359      0.0132395     
17.326527      0.015936519   

Stress
20.8549      -0.0246419   0.00663729    1.08129      0.0617016    0.054242    
-0.0246419   20.8185      -0.00507993   0.0617016    1.0649       0.0494512   
0.00663729   -0.00507993  20.8886       0.054242     0.0494512    1.06669     

Stress Spherical
0            0            0             0            0            0           
0            0            0             0            0            0           
0            0            0             0            0            0           

Inertia
267.514      -99.938      -100.046      4.35685      0.266316     0.199357    
-99.938      267.471      -100.059      0.266316     5.32307      0.548416    
-100.046     -100.059     267.376       0.199357     0.548416     4.80807     

Bond Length
0.62647591    0.01484407  

BB bond length
0.62647591    0.01484407  

Water EE distance
0             0           

PEG EE distance
7.3008725     0.38484123  

BBB P2(x)
0.10167328    0.02368447  

BBB first bond length
0.62656096    0.015154549 

BBB second bond length
0.62676486    0.014833989 

BBB <phi**2>/<phi>**2
1.1266282     0.0071707168

Time = 2000
Temperature
1.0187335     0.0079522919

Pressure
23.088188     0.11704256  

CM Mom
-1.1440075e-17 1.3880401e-17 
-1.2225601e-17 1.500487e-17  
6.6855972e-17  1.2066421e-16 
9.6755369e-17  1.0181416e-16 

CM Pos
9.9934439      0.0066385051  
10.002367      0.0166684     
10.000187      0.010876824   
17.318204      0.016310502   

Stress
20.04        -0.0154916   0.0177481     0.140848     0.0429844    0.0637925   
-0.0154916   20.0641      -0.00444287   0.0429844    0.125382     0.0713599   
0.0177481    -0.00444287  19.9991       0.0637925    0.0713599    0.16107     

Stress Spherical
0            0            0             0            0            0           
0            0            0             0            0            0           
0            0            0             0            0            0           

Inertia
266.627      -99.9256     -99.9466      0.874143     0.279952     0.138242    
-99.9256     266.451      -100.031      0.279952     1.09672      0.266792    
-99.9466     -100.031     266.523       0.138242     0.266792     0.918378    

Bond Length
0.62228509    0.0017755529

BB bond length
0.62228509    0.0017755529

Water EE distance
0             0           

PEG EE distance
6.9757408     0.1174285   

BBB P2(x)
0.084780373   0.0077799493

BBB first bond length
0.62241781    0.0019445979

BBB second bond length
0.622383      0.0017142886

BBB <phi**2>/<phi>**2
1.1205615     0.0030185738

Time = 3000
Temperature
1.0120928     0.002539639 

Pressure
23.026953     0.06399725  

CM Mom
-1.2852911e-19 2.0011709e-17 
-1.1493026e-17 1.611944e-17  
1.6826261e-18  7.9207451e-17 
6.7508202e-17  5.0116915e-17 

CM Pos
9.9977807      0.0074520021  
9.996696       0.00772559    
10.000437      0.012731452   
17.317576      0.011482051   

Stress
19.9774      -0.0054109   0.00912155    0.103392     0.0415559    0.0351908   
-0.0054109   20.008       -0.0218414    0.0415559    0.0781614    0.0361352   
0.00912155   -0.0218414   19.9938       0.0351908    0.0361352    0.0623582   

Stress Spherical
0            0            0             0            0            0           
0            0            0             0            0            0           
0            0            0             0            0            0           

Inertia
266.525      -99.9197     -100.035      0.395276     0.125669     0.187813    
-99.9197     266.539      -99.9523      0.125669     0.498642     0.136066    
-100.035     -99.9523     266.485       0.187813     0.136066     0.420789    

Bond Length
0.62250407    0.0014004604

BB bond length
0.62250407    0.0014004604

Water EE distance
0             0           

PEG EE distance
6.6654181     0.15865469  

BBB P2(x)
0.081976994   0.0063187827

BBB first bond length
0.62268584    0.001420564 

BBB second bond length
0.62269001    0.0014245419

BBB <phi**2>/<phi>**2
1.1205598     0.0023784406

Time = 4000
Temperature
1.0101209     0.0053897558

Pressure
22.964738     0.076366478 

CM Mom
2.0658407e-18  1.3533808e-17 
-2.3616255e-17 1.4499749e-17 
5.3990329e-18  1.8885759e-17 
3.4429742e-17  1.2482634e-17 

CM Pos
10.000199      0.003876949   
9.9989478      0.013245541   
10.001104      0.0080496583  
17.320658      0.0094080465  

Stress
19.9006      0.0266354    -0.0172347    0.0932233    0.0443444    0.0400723   
0.0266354    19.9502      -0.0130398    0.0443444    0.0830053    0.0361058   
-0.0172347   -0.0130398   19.9595       0.0400723    0.0361058    0.0558085   

Stress Spherical
0            0            0             0            0            0           
0            0            0             0            0            0           
0            0            0             0            0            0           

Inertia
266.601      -99.9909     -100.002      0.400655     0.167165     0.0945403   
-99.9909     266.633      -99.9705      0.167165     0.280677     0.157326    
-100.002     -99.9705     266.594       0.0945403    0.157326     0.304007    

Bond Length
0.62289252    0.00096252021

BB bond length
0.62289252    0.00096252021

Water EE distance
0             0           

PEG EE distance
6.2527333     0.1804652   

BBB P2(x)
0.076526581   0.0053760681

BBB first bond length
0.62306913    0.0010403075

BBB second bond length
0.62291113    0.0010378403

BBB <phi**2>/<phi>**2
1.1189384     0.0026520475

Time = 5000
Temperature
1.0100262     0.007661912 

Pressure
22.93126      0.052636734 

CM Mom
-1.4620259e-17 1.1031932e-17 
-2.2037014e-17 1.9748575e-17 
-2.5629434e-18 2.4105639e-17 
3.9260881e-17  1.6041367e-17 

CM Pos
10.000032      0.0086063127  
10.000949      0.010613695   
10.007443      0.010534762   
17.325379      0.010108176   

Stress
19.9169      0.0135321    7.9579e-06    0.0534044    0.0430671    0.0515184   
0.0135321    19.9121      0.0121928     0.0430671    0.086462     0.0304999   
7.9579e-06   0.0121928    19.8818       0.0515184    0.0304999    0.0591082   

Stress Spherical
0            0            0             0            0            0           
0            0            0             0            0            0           
0            0            0             0            0            0           

Inertia
266.788      -99.9975     -100.073      0.368306     0.0940283    0.184838    
-99.9975     266.774      -100.133      0.0940283    0.333945     0.189852    
-100.073     -100.133     266.648       0.184838     0.189852     0.206292    

Bond Length
0.62342391    0.00084159692

BB bond length
0.62342391    0.00084159692

Water EE distance
0             0           

PEG EE distance
5.8271691     0.17219295  

BBB P2(x)
0.074149492   0.0042869883

BBB first bond length
0.62352387    0.00096153266

BBB second bond length
0.62355241    0.00085280957

BBB <phi**2>/<phi>**2
1.1180193     0.0025707688

Time = 6000
Temperature
1.0079687     0.005053603 

Pressure
22.937976     0.061998507 

CM Mom
-4.3913323e-17 1.9209702e-17 
-3.1544204e-17 1.627752e-17  
1.4966321e-18  1.3269204e-17 
5.8556035e-17  1.7518263e-17 

CM Pos
10.003202      0.0080466335  
10.002284      0.0098128125  
10.001188      0.0091743084  
17.324366      0.0085485509  

Stress
19.8975      0.0028551    0.00325241    0.0754805    0.0351012    0.0294702   
0.0028551    19.9385      0.0110273     0.0351012    0.0729857    0.0497978   
0.00325241   0.0110273    19.9134       0.0294702    0.0497978    0.120067    

Stress Spherical
0            0            0             0            0            0           
0            0            0             0            0            0           
0            0            0             0            0            0           

Inertia
266.707      -100.06      -100.067      0.319543     0.13812      0.104528    
-100.06      266.724      -100.031      0.13812      0.213571     0.202514    
-100.067     -100.031     266.745       0.104528     0.202514     0.17541     

Bond Length
0.62296362    0.00079744635

BB bond length
0.62296362    0.00079744635

Water EE distance
0             0           

PEG EE distance
5.6964307     0.061670949 

BBB P2(x)
0.07251898    0.0068594514

BBB first bond length
0.62306478    0.00091902599

BBB second bond length
0.62306284    0.00075180439

BBB <phi**2>/<phi>**2
1.1170979     0.0026227537

Time = 7000
Temperature
1.0084791     0.0043090778

Pressure
22.955188     0.061448675 

CM Mom
-2.9855097e-17 2.4551941e-17 
-4.1682669e-17 1.043725e-17  
-6.3855995e-18 2.1015923e-17 
5.9391432e-17  1.7193266e-17 

CM Pos
9.9992819      0.0093377491  
10.003702      0.012981667   
9.9970178      0.0070377397  
17.320517      0.0076484279  

Stress
19.9127      -0.0295436   0.00319729    0.0768447    0.0391303    0.0524845   
-0.0295436   19.9701      0.0045852     0.0391303    0.0711362    0.0404838   
0.00319729   0.0045852    19.9136       0.0524845    0.0404838    0.0901597   

Stress Spherical
0            0            0             0            0            0           
0            0            0             0            0            0           
0            0            0             0            0            0           

Inertia
266.654      -100.005     -99.9926      0.299919     0.123319     0.137921    
-100.005     266.567      -100.007      0.123319     0.230069     0.145522    
-99.9926     -100.007     266.703       0.137921     0.145522     0.224269    

Bond Length
0.62322749    0.00086053424

BB bond length
0.62322749    0.00086053424

Water EE distance
0             0           

PEG EE distance
5.7492993     0.070816184 

BBB P2(x)
0.070167705   0.0085349263

BBB first bond length
0.62331273    0.00089392392

BBB second bond length
0.62336867    0.00079017475

BBB <phi**2>/<phi>**2
1.1168113     0.0019869205

Time = 8000
Temperature
1.0080471     0.004135636 

Pressure
22.967078     0.059182227 

CM Mom
-3.4800661e-17 1.9843624e-17 
-4.6987489e-17 1.8381865e-17 
4.4104988e-18  1.1960561e-17 
6.1779156e-17  2.2280394e-17 

CM Pos
9.9988649      0.009882384   
10.000449      0.014568892   
9.9977684      0.0073731825  
17.31883       0.01174558    

Stress
19.9611      -0.0205213   -0.0101917    0.054177     0.0579725    0.0477298   
-0.0205213   19.9507      0.015066      0.0579725    0.084565     0.063587    
-0.0101917   0.015066     19.9242       0.0477298    0.063587     0.0595443   

Stress Spherical
0            0            0             0            0            0           
0            0            0             0            0            0           
0            0            0             0            0            0           

Inertia
266.609      -100.007     -99.9366      0.321898     0.201809     0.12852     
-100.007     266.573      -99.9924      0.201809     0.24883      0.188657    
-99.9366     -99.9924     266.633       0.12852      0.188657     0.414913    

Bond Length
0.62292625    0.0010634629

BB bond length
0.62292625    0.0010634629

Water EE distance
0             0           

PEG EE distance
5.7194464     0.081471993 

BBB P2(x)
0.066644337   0.005452114 

BBB first bond length
0.62300228    0.0010857764

BBB second bond length
0.62299997    0.0011361105

BBB <phi**2>/<phi>**2
1.11536       0.0029288035

Time = 9000
Temperature
1.0095884     0.0047327656

Pressure
22.947296     0.067392722 

CM Mom
-4.4990861e-17 1.4992295e-17 
-6.103935e-17  1.4854452e-17 
-4.895796e-18  1.5455403e-17 
7.9755135e-17  9.8671301e-18 

CM Pos
10.00537       0.0091682413  
10.00537       0.012628602   
10.000437      0.011860315   
17.326971      0.0081092381  

Stress
19.9111      0.0137762    0.0105841     0.0590081    0.047037     0.0364088   
0.0137762    19.9025      0.0211728     0.047037     0.0928824    0.0590854   
0.0105841    0.0211728    19.9492       0.0364088    0.0590854    0.0977648   

Stress Spherical
0            0            0             0            0            0           
0            0            0             0            0            0           
0            0            0             0            0            0           

Inertia
266.764      -100.129     -100.055      0.274227     0.108491     0.137786    
-100.129     266.758      -100.054      0.108491     0.321253     0.157424    
-100.055     -100.054     266.886       0.137786     0.157424     0.243924    

Bond Length
0.62277034    0.0010498937

BB bond length
0.62277034    0.0010498937

Water EE distance
0             0           

PEG EE distance
5.6505168     0.083377876 

BBB P2(x)
0.075312574   0.0068465435

BBB first bond length
0.62289224    0.0010041637

BBB second bond length
0.62282041    0.0010105792

BBB <phi**2>/<phi>**2
1.1189083     0.0022260273

Time = 10000
Temperature
1.0104863     0.0056426754

Pressure
22.953542     0.053611118 

CM Mom
-3.4185851e-17 2.1995904e-17 
-4.3981146e-17 1.5223982e-17 
5.1944049e-19  1.3447743e-17 
6.1045482e-17  1.6527668e-17 

CM Pos
10.002951      0.015219869   
10.005036      0.010111979   
9.997685       0.01239512    
17.323792      0.014836301   

Stress
19.9453      -0.0138387   -0.00443468   0.0914825    0.0485917    0.0630088   
-0.0138387   19.906       0.0199658     0.0485917    0.0825055    0.0413793   
-0.00443468  0.0199658    19.9221       0.0630088    0.0413793    0.0851996   

Stress Spherical
0            0            0             0            0            0           
0            0            0             0            0            0           
0            0            0             0            0            0           

Inertia
266.714      -100.111     -99.9807      0.331947     0.200078     0.244822    
-100.111     266.674      -100.027      0.200078     0.456143     0.167121    
-99.9807     -100.027     266.819       0.244822     0.167121     0.364073    

Bond Length
0.62344545    0.00079328  

BB bond length
0.62344545    0.00079328  

Water EE distance
0             0           

PEG EE distance
5.5115337     0.075730416 

BBB P2(x)
0.069835544   0.003769414 

BBB first bond length
0.62350533    0.0007852142

BBB second bond length
0.62355318    0.00083475086

BBB <phi**2>/<phi>**2
1.1166535     0.0023463371

Time = 11000
Temperature
1.0127817     0.0060139998

Pressure
22.966125     0.06268246  

CM Mom
-1.579606e-17  1.5436984e-17 
-6.6475362e-17 2.787654e-17  
8.3460012e-18  8.6043141e-18 
7.2819252e-17  2.2911517e-17 

CM Pos
9.9956957      0.0094903192  
9.9976134      0.013222415   
9.9958502      0.013167858   
17.314256      0.014360778   

Stress
19.9447      0.00347657   -0.00311843   0.0560155    0.0479842    0.062241    
0.00347657   19.9347      0.0039921     0.0479842    0.0730328    0.0611299   
-0.00311843  0.0039921    19.9111       0.062241     0.0611299    0.0915332   

Stress Spherical
0            0            0             0            0            0           
0            0            0             0            0            0           
0            0            0             0            0            0           

Inertia
266.521      -99.9344     -99.9187      0.446641     0.15966      0.204183    
-99.9344     266.488      -99.9275      0.15966      0.396017     0.201798    
-99.9187     -99.9275     266.525       0.204183     0.201798     0.283845    

Bond Length
0.62332178    0.00081391344

BB bond length
0.62332178    0.00081391344

Water EE distance
0             0           

PEG EE distance
5.4829514     0.10511287  

BBB P2(x)
0.072047894   0.0074976667

BBB first bond length
0.62334802    0.00084372625

BBB second bond length
0.6234476     0.00086720528

BBB <phi**2>/<phi>**2
1.1171259     0.0026551504

Time = 12000
Temperature
1.01113       0.0081620256

Pressure
22.969406     0.075558475 

CM Mom
-2.6957897e-17 7.4045086e-18 
-6.1753465e-17 2.0690849e-17 
2.2648034e-17  1.5557548e-17 
7.3946412e-17  1.760839e-17  

CM Pos
10.000783      0.014109042   
10.004619      0.0089342474  
10.001688      0.013356662   
17.324611      0.011086605   

Stress
19.9526      0.0143022    -0.031212     0.118054     0.0389057    0.0466684   
0.0143022    19.935       -0.00571005   0.0389057    0.111068     0.0558238   
-0.031212    -0.00571005  19.9277       0.0466684    0.0558238    0.0572446   

Stress Spherical
0            0            0             0            0            0           
0            0            0             0            0            0           
0            0            0             0            0            0           

Inertia
266.781      -100.052     -100.025      0.358324     0.182086     0.211314    
-100.052     266.721      -100.067      0.182086     0.379988     0.220238    
-100.025     -100.067     266.776       0.211314     0.220238     0.302299    

Bond Length
0.62327831    0.0012565123

BB bond length
0.62327831    0.0012565123

Water EE distance
0             0           

PEG EE distance
5.5761532     0.043779957 

BBB P2(x)
0.072898265   0.0055558286

BBB first bond length
0.62343468    0.0012872881

BBB second bond length
0.62338969    0.0011537837

BBB <phi**2>/<phi>**2
1.1168898     0.0022416316

Time = 13000
Temperature
1.0094567     0.005491641 

Pressure
22.942567     0.043735839 

CM Mom
-2.0790843e-17 3.388627e-17  
-5.2269162e-17 1.7001747e-17 
-1.3535198e-17 1.2051014e-17 
6.8193446e-17  1.6725598e-17 

CM Pos
10.000366      0.010746874   
10.00145       0.013287483   
10.002189      0.009137845   
17.322826      0.012391345   

Stress
19.9225      0.0065484    0.0218622     0.0936699    0.0625737    0.0487591   
0.0065484    19.924       -0.00236634   0.0625737    0.0769623    0.0572438   
0.0218622    -0.00236634  19.9033       0.0487591    0.0572438    0.0832235   

Stress Spherical
0            0            0             0            0            0           
0            0            0             0            0            0           
0            0            0             0            0            0           

Inertia
266.727      -100.053     -100.024      0.329591     0.200494     0.143169    
-100.053     266.718      -100.048      0.200494     0.305655     0.189713    
-100.024     -100.048     266.702       0.143169     0.189713     0.343187    

Bond Length
0.62370885    0.00085533261

BB bond length
0.62370885    0.00085533261

Water EE distance
0             0           

PEG EE distance
5.498853      0.069311777 

BBB P2(x)
0.070492452   0.0046294641

BBB first bond length
0.62379875    0.00083182805

BBB second bond length
0.62383237    0.00087833288

BBB <phi**2>/<phi>**2
1.1159064     0.0018493616

Time = 14000
Temperature
1.0083764     0.0047747166

Pressure
22.916881     0.057744661 

CM Mom
-9.8293233e-18 2.2431775e-17 
-6.3427758e-17 1.6686521e-17 
-1.3471309e-17 2.6594797e-17 
7.5063077e-17  1.2474551e-17 

CM Pos
9.9974471      0.010469859   
10.000199      0.0096141049  
9.9971012      0.010236061   
17.317482      0.0098545439  

Stress
19.9378      0.0234465    0.0237934     0.0673523    0.0246007    0.0620378   
0.0234465    19.8488      -0.000204261  0.0246007    0.0797166    0.0545878   
0.0237934    -0.000204261 19.8958       0.0620378    0.0545878    0.0748263   

Stress Spherical
0            0            0             0            0            0           
0            0            0             0            0            0           
0            0            0             0            0            0           

Inertia
266.61       -99.9572     -99.9507      0.289469     0.168915     0.131871    
-99.9572     266.562      -99.9919      0.168915     0.212314     0.124795    
-99.9507     -99.9919     266.62        0.131871     0.124795     0.252213    

Bond Length
0.62362967    0.00074750047

BB bond length
0.62362967    0.00074750047

Water EE distance
0             0           

PEG EE distance
5.6727611     0.096417327 

BBB P2(x)
0.071022225   0.0076065279

BBB first bond length
0.62382792    0.00085254516

BBB second bond length
0.62374033    0.00067150729

BBB <phi**2>/<phi>**2
1.1177641     0.002869479 

Time = 15000
Temperature
1.0108698     0.0040879764

Pressure
22.928948     0.038354397 

CM Mom
-4.6574877e-18 1.261898e-17  
-7.2412874e-17 1.4816798e-17 
-3.2794773e-17 1.4114906e-17 
8.2307905e-17  1.2009548e-17 

CM Pos
10.003702      0.0098626573  
9.9974466      0.011146848   
9.9984356      0.010944081   
17.320274      0.013191643   

Stress
19.8902      0.00871064   -0.00319109   0.0684032    0.0472391    0.0445153   
0.00871064   19.9336      -0.017783     0.0472391    0.0356654    0.0380709   
-0.00319109  -0.017783    19.8724       0.0445153    0.0380709    0.0705119   

Stress Spherical
0            0            0             0            0            0           
0            0            0             0            0            0           
0            0            0             0            0            0           

Inertia
266.595      -100.043     -99.9967      0.388422     0.169433     0.181847    
-100.043     266.717      -99.9571      0.169433     0.286756     0.194149    
-99.9967     -99.9571     266.688       0.181847     0.194149     0.336822    

Bond Length
0.62368705    0.0006508239

BB bond length
0.62368705    0.0006508239

Water EE distance
0             0           

PEG EE distance
5.7515229     0.05961852  

BBB P2(x)
0.073813562   0.0050453827

BBB first bond length
0.62380964    0.00078359947

BBB second bond length
0.6238066     0.00075951539

BBB <phi**2>/<phi>**2
1.1187623     0.0023107092

Time = 16000
Temperature
1.0127766     0.0063573977

Pressure
22.967463     0.05294317  

CM Mom
1.0890195e-17  2.4753814e-17 
-6.4283075e-17 2.6359181e-17 
-3.5613618e-17 1.1553958e-17 
8.0347647e-17  2.2462128e-17 

CM Pos
9.9966965      0.00736988    
10.001366      0.0090214053  
9.9990194      0.010329744   
17.318828      0.010302266   

Stress
19.888       -0.00622635  -0.00268715   0.0623171    0.0412205    0.0492888   
-0.00622635  19.9185      -0.00216076   0.0412205    0.077019     0.0575635   
-0.00268715  -0.00216076  19.9881       0.0492888    0.0575635    0.114128    

Stress Spherical
0            0            0             0            0            0           
0            0            0             0            0            0           
0            0            0             0            0            0           

Inertia
266.662      -99.9735     -99.9646      0.321858     0.166886     0.133066    
-99.9735     266.578      -99.9801      0.166886     0.225281     0.187385    
-99.9646     -99.9801     266.629       0.133066     0.187385     0.273937    

Bond Length
0.6232028     0.00068487228

BB bond length
0.6232028     0.00068487228

Water EE distance
0             0           

PEG EE distance
5.7071272     0.057481435 

BBB P2(x)
0.071509205   0.0051250935

BBB first bond length
0.62326409    0.00076690104

BBB second bond length
0.62327991    0.00064190288

BBB <phi**2>/<phi>**2
1.1176243     0.0018990187

Time = 17000
Temperature
1.0093421     0.0061258392

Pressure
22.937914     0.040252724 

CM Mom
4.8874628e-18  1.5791605e-17 
-7.5776738e-17 1.8193346e-17 
-5.3467533e-17 1.5566781e-17 
9.5984163e-17  1.5313915e-17 

CM Pos
9.9960293      0.014187944   
9.9965292      0.0099957531  
10.000938      0.012022242   
17.31676       0.014649881   

Stress
19.9258      -0.0127179   0.0124704     0.0730248    0.0464081    0.0423263   
-0.0127179   19.9215      0.0181751     0.0464081    0.0619301    0.0287899   
0.0124704    0.0181751    19.8895       0.0423263    0.0287899    0.0738641   

Stress Spherical
0            0            0             0            0            0           
0            0            0             0            0            0           
0            0            0             0            0            0           

Inertia
266.609      -99.9185     -99.9435      0.411654     0.206803     0.208797    
-99.9185     266.612      -99.9709      0.206803     0.386717     0.239637    
-99.9435     -99.9709     266.505       0.208797     0.239637     0.361214    

Bond Length
0.62325728    0.0006518657

BB bond length
0.62325728    0.0006518657

Water EE distance
0             0           

PEG EE distance
5.7836523     0.05851989  

BBB P2(x)
0.071070624   0.0071206345

BBB first bond length
0.62331891    0.00060263571

BBB second bond length
0.62346555    0.00064921589

BBB <phi**2>/<phi>**2
1.1175819     0.0020153636

Time = 18000
Temperature
1.0107612     0.0042752082

Pressure
22.95262      0.04660627  

CM Mom
-3.2094663e-18 2.0383554e-17 
-7.5392423e-17 2.0939825e-17 
-7.7063128e-17 1.6715819e-17 
1.115642e-16   1.7884525e-17 

CM Pos
10.001951      0.012829413   
10.002034      0.013807317   
10.002606      0.00803409    
17.324323      0.0085709642  

Stress
19.9065      0.0188255    0.00979689    0.0621519    0.0434335    0.0559506   
0.0188255    19.9264      0.0423121     0.0434335    0.0754496    0.0686348   
0.00979689   0.0423121    19.9353       0.0559506    0.0686348    0.0569778   

Stress Spherical
0            0            0             0            0            0           
0            0            0             0            0            0           
0            0            0             0            0            0           

Inertia
266.759      -99.9854     -100.049      0.279044     0.187941     0.0988893   
-99.9854     266.745      -100.027      0.187941     0.187657     0.10296     
-100.049     -100.027     266.739       0.0988893    0.10296      0.421489    

Bond Length
0.62323031    0.00070438451

BB bond length
0.62323031    0.00070438451

Water EE distance
0             0           

PEG EE distance
5.7296008     0.078465979 

BBB P2(x)
0.069163312   0.0061210407

BBB first bond length
0.6232492     0.00061592468

BBB second bond length
0.62337599    0.00068041759

BBB <phi**2>/<phi>**2
1.1168663     0.0019919263

Time = 19000
Temperature
1.0092354     0.0058247797

Pressure
22.972832     0.051413284 

CM Mom
-5.7829421e-18 2.6630663e-17 
-7.9737819e-17 1.9451519e-17 
-9.51774e-17   1.8360275e-17 
1.2883918e-16  1.6595745e-17 

CM Pos
9.9998657      0.011104649   
10.003034      0.013709241   
9.9979352      0.012649239   
17.321001      0.010625912   

Stress
19.9613      0.0143205    -0.0210326    0.0594379    0.0464375    0.0336558   
0.0143205    19.9351      0.01866       0.0464375    0.0529616    0.0227932   
-0.0210326   0.01866      19.9462       0.0336558    0.0227932    0.0759864   

Stress Spherical
0            0            0             0            0            0           
0            0            0             0            0            0           
0            0            0             0            0            0           

Inertia
266.692      -100.003     -99.9808      0.327507     0.1694       0.185303    
-100.003     266.624      -99.9876      0.1694       0.349814     0.160056    
-99.9808     -99.9876     266.731       0.185303     0.160056     0.350464    

Bond Length
0.62303583    0.001020121 

BB bond length
0.62303583    0.001020121 

Water EE distance
0             0           

PEG EE distance
5.8183031     0.074393951 

BBB P2(x)
0.076174651   0.0062194332

BBB first bond length
0.62301511    0.0010729648

BBB second bond length
0.62309276    0.0011315188

BBB <phi**2>/<phi>**2
1.1180731     0.0023770717

Time = 20000
Temperature
1.0091485     0.0049913681

Pressure
22.919929     0.046126917 

CM Mom
-2.46056e-17   7.1541484e-18 
-8.732989e-17  1.3098525e-17 
-9.5536599e-17 3.0986699e-17 
1.3435746e-16  2.2140226e-17 

CM Pos
9.9981977      0.0139027     
9.9960288      0.012417545   
9.9973514      0.016655042   
17.315653      0.019451175   

Stress
19.891       0.00307888   -0.0191177    0.0601414    0.0456793    0.0527292   
0.00307888   19.9218      -0.0160839    0.0456793    0.0637979    0.0582387   
-0.0191177   -0.0160839   19.8719       0.0527292    0.0582387    0.0928769   

Stress Spherical
0            0            0             0            0            0           
0            0            0             0            0            0           
0            0            0             0            0            0           

Inertia
266.551      -99.9192     -99.9494      0.511506     0.181395     0.206269    
-99.9192     266.579      -99.9463      0.181395     0.598866     0.234738    
-99.9494     -99.9463     266.546       0.206269     0.234738     0.47489     

Bond Length
0.62402036    0.0008616379

BB bond length
0.62402036    0.0008616379

Water EE distance
0             0           

PEG EE distance
5.858211      0.066676408 

BBB P2(x)
0.076645855   0.0073073832

BBB first bond length
0.62411707    0.00085129993

BBB second bond length
0.62407982    0.00090536522

BBB <phi**2>/<phi>**2
1.1194049     0.0025092229

Time = 21000
Temperature
1.0100274     0.004303865 

Pressure
22.947755     0.064841123 

CM Mom
-1.6928517e-17 2.8743922e-17 
-8.2484788e-17 1.9898329e-17 
-9.7039683e-17 1.3354536e-17 
1.3269543e-16  1.7304269e-17 

CM Pos
10.002785      0.018963774   
10.003868      0.015898683   
10.001188      0.011532355   
17.325043      0.021887542   

Stress
19.9039      -0.0169203   0.0243453     0.076006     0.0535407    0.0329869   
-0.0169203   19.9453      -0.0190293    0.0535407    0.0986327    0.059506    
0.0243453    -0.0190293   19.911        0.0329869    0.059506     0.0830707   

Stress Spherical
0            0            0             0            0            0           
0            0            0             0            0            0           
0            0            0             0            0            0           

Inertia
266.773      -100.071     -100.045      0.442457     0.332123     0.252551    
-100.071     266.768      -100.06       0.332123     0.51924      0.25846     
-100.045     -100.06      266.801       0.252551     0.25846      0.625788    

Bond Length
0.62326483    0.0011588795

BB bond length
0.62326483    0.0011588795

Water EE distance
0             0           

PEG EE distance
5.8255858     0.063565555 

BBB P2(x)
0.070656478   0.0066149606

BBB first bond length
0.62343316    0.0010790445

BBB second bond length
0.62338728    0.0011996731

BBB <phi**2>/<phi>**2
1.1165283     0.0025904454

Time = 22000
Temperature
1.0082254     0.0043516774

Pressure
22.931238     0.06872151  

CM Mom
-4.057608e-18  1.9427805e-17 
-7.6631882e-17 1.6613746e-17 
-1.0225524e-16 1.5312926e-17 
1.3047297e-16  1.4484073e-17 

CM Pos
9.9966965      0.010392845   
10.005119      0.010923724   
9.9980186      0.0074056564  
17.320417      0.013329261   

Stress
19.8956      0.0215498    0.0127939     0.084178     0.0417353    0.0328751   
0.0215498    19.9014      0.029845      0.0417353    0.052296     0.0405371   
0.0127939    0.029845     19.9299       0.0328751    0.0405371    0.0989098   

Stress Spherical
0            0            0             0            0            0           
0            0            0             0            0            0           
0            0            0             0            0            0           

Inertia
266.734      -100.029     -99.9499      0.304549     0.169594     0.207536    
-100.029     266.575      -100.029      0.169594     0.293383     0.198576    
-99.9499     -100.029     266.7         0.207536     0.198576     0.377802    

Bond Length
0.62317689    0.00083051003

BB bond length
0.62317689    0.00083051003

Water EE distance
0             0           

PEG EE distance
5.683144      0.093640367 

BBB P2(x)
0.075505316   0.0080482356

BBB first bond length
0.62319525    0.00083346331

BBB second bond length
0.62326171    0.0008894433

BBB <phi**2>/<phi>**2
1.1192406     0.0026344709

Time = 23000
Temperature
1.0102957     0.0055535625

Pressure
22.986182     0.046865718 

CM Mom
6.0704399e-18  1.4344473e-17 
-7.1225268e-17 2.9632398e-17 
-9.8134669e-17 2.6692545e-17 
1.2664376e-16  2.2315808e-17 

CM Pos
10.001534      0.0093797401  
10.004536      0.0085087784  
9.996017       0.0089159335  
17.321719      0.0082187778  

Stress
19.9818      -0.00516087  0.0123405     0.0741796    0.0462483    0.0314026   
-0.00516087  19.9483      0.0181444     0.0462483    0.0470862    0.0475683   
0.0123405    0.0181444    19.9429       0.0314026    0.0475683    0.0900957   

Stress Spherical
0            0            0             0            0            0           
0            0            0             0            0            0           
0            0            0             0            0            0           

Inertia
266.688      -100.041     -99.9607      0.184565     0.124246     0.163643    
-100.041     266.631      -100.031      0.124246     0.332937     0.127967    
-99.9607     -100.031     266.786       0.163643     0.127967     0.204182    

Bond Length
0.62368096    0.00088617123

BB bond length
0.62368096    0.00088617123

Water EE distance
0             0           

PEG EE distance
5.8587314     0.10437958  

BBB P2(x)
0.073472713   0.004781556 

BBB first bond length
0.62376227    0.00075214268

BBB second bond length
0.62374616    0.00095524914

BBB <phi**2>/<phi>**2
1.1179511     0.002568778 

Time = 24000
Temperature
1.010116      0.0060110757

Pressure
22.931822     0.065136981 

CM Mom
1.5686368e-18  2.3069615e-17 
-8.4723776e-17 1.3873262e-17 
-1.0820219e-16 1.9995749e-17 
1.4051501e-16  1.6380728e-17 

CM Pos
9.9967799      0.0087850842  
10.000115      0.011560968   
9.9983522      0.012721888   
17.317772      0.010390327   

Stress
19.9056      0.0147211    0.0239073     0.100638     0.0532727    0.0657705   
0.0147211    19.9083      0.00215797    0.0532727    0.0754975    0.0560507   
0.0239073    0.00215797   19.8978       0.0657705    0.0560507    0.0912528   

Stress Spherical
0            0            0             0            0            0           
0            0            0             0            0            0           
0            0            0             0            0            0           

Inertia
266.656      -99.9642     -99.9472      0.269672     0.165937     0.214744    
-99.9642     266.579      -100.006      0.165937     0.312597     0.130427    
-99.9472     -100.006     266.611       0.214744     0.130427     0.278812    

Bond Length
0.62352177    0.00054462309

BB bond length
0.62352177    0.00054462309

Water EE distance
0             0           

PEG EE distance
5.6835009     0.038590678 

BBB P2(x)
0.06746089    0.0053617485

BBB first bond length
0.62364446    0.00055625851

BBB second bond length
0.62361482    0.00058731914

BBB <phi**2>/<phi>**2
1.1153129     0.0030700412

Time = 25000
Temperature
1.0079483     0.0040577093

Pressure
22.944848     0.026987396 

CM Mom
-1.4881542e-17 1.148776e-17  
-9.117037e-17  1.441507e-17  
-8.7476186e-17 1.5993876e-17 
1.2899225e-16  1.1922494e-17 

CM Pos
10.004036      0.0075654756  
9.9976134      0.012816395   
10.001355      0.0095691451  
17.32225       0.008165963   

Stress
19.9248      0.0232558    0.00257549    0.0963179    0.0461133    0.0536451   
0.0232558    19.9085      0.00957528    0.0461133    0.0985169    0.0497383   
0.00257549   0.00957528   19.9369       0.0536451    0.0497383    0.068366    

Stress Spherical
0            0            0             0            0            0           
0            0            0             0            0            0           
0            0            0             0            0            0           

Inertia
266.649      -100.016     -100.05       0.222721     0.177414     0.214653    
-100.016     266.775      -99.9991      0.177414     0.292559     0.121812    
-100.05      -99.9991     266.692       0.214653     0.121812     0.250482    

Bond Length
0.62317076    0.0012891204

BB bond length
0.62317076    0.0012891204

Water EE distance
0             0           

PEG EE distance
5.6578227     0.075853332 

BBB P2(x)
0.073998561   0.007051365 

BBB first bond length
0.62321629    0.0012575034

BBB second bond length
0.62327089    0.0013083685

BBB <phi**2>/<phi>**2
1.1184264     0.0030386665

Time = 26000
Temperature
1.0117394     0.005064782 

Pressure
22.933436     0.057567447 

CM Mom
-4.0363697e-17 2.630705e-17  
-8.5194837e-17 2.2796938e-17 
-6.6013328e-17 1.8769799e-17 
1.1899904e-16  2.5464549e-17 

CM Pos
10.000533      0.0078683217  
10.000866      0.0088422987  
10.00419       0.014076715   
17.323742      0.0097537143  

Stress
19.8897      -0.00524606  0.0148881     0.0712418    0.0326057    0.044296    
-0.00524606  19.9204      0.0416914     0.0326057    0.0782123    0.0418222   
0.0148881    0.0416914    19.8917       0.044296     0.0418222    0.0660288   

Stress Spherical
0            0            0             0            0            0           
0            0            0             0            0            0           
0            0            0             0            0            0           

Inertia
266.761      -100.007     -100.073      0.275656     0.112452     0.181199    
-100.007     266.761      -100.046      0.112452     0.320373     0.193017    
-100.073     -100.046     266.691       0.181199     0.193017     0.249128    

Bond Length
0.62319453    0.00096786729

BB bond length
0.62319453    0.00096786729

Water EE distance
0             0           

PEG EE distance
5.6015306     0.13123347  

BBB P2(x)
0.070867722   0.0066570489

BBB first bond length
0.62328178    0.0010665313

BBB second bond length
0.62339676    0.0010531205

BBB <phi**2>/<phi>**2
1.1166564     0.0030788632

Time = 27000
Temperature
1.0081788     0.00642049  

Pressure
22.954987     0.067910153 

CM Mom
-4.6360411e-17 1.315597e-17  
-8.8268772e-17 1.9076391e-17 
-7.8855244e-17 1.549516e-17  
1.285621e-16   2.0191289e-17 

CM Pos
10.001033      0.0091363226  
9.9965292      0.012167449   
9.996017       0.010291967   
17.31681       0.0080981877  

Stress
19.9352      0.0113143    0.0116437     0.0513905    0.0282702    0.0604998   
0.0113143    19.9159      -0.00481807   0.0282702    0.0841993    0.047133    
0.0116437    -0.00481807  19.9475       0.0604998    0.047133     0.0789204   

Stress Spherical
0            0            0             0            0            0           
0            0            0             0            0            0           
0            0            0             0            0            0           

Inertia
266.523      -100.007     -99.9831      0.313915     0.0934837    0.178959    
-100.007     266.625      -99.9524      0.0934837    0.250338     0.172816    
-99.9831     -99.9524     266.627       0.178959     0.172816     0.18643     

Bond Length
0.62385454    0.0012247231

BB bond length
0.62385454    0.0012247231

Water EE distance
0             0           

PEG EE distance
5.5635562     0.077164184 

BBB P2(x)
0.069671501   0.0059554009

BBB first bond length
0.62396396    0.0012872196

BBB second bond length
0.62391741    0.0013261681

BBB <phi**2>/<phi>**2
1.1167424     0.0021723493

Time = 28000
Temperature
1.0110148     0.0038623066

Pressure
22.914411     0.040600541 

CM Mom
-2.8963553e-17 9.0807458e-18 
-7.1580358e-17 1.0256597e-17 
-7.6794583e-17 1.1605549e-17 
1.1005851e-16  8.3375531e-18 

CM Pos
9.9949451      0.0063075503  
10.000616      0.01199444    
10.001772      0.0082813505  
17.318973      0.0096000192  

Stress
19.8676      0.00572913   -0.000494153  0.0642566    0.0511821    0.0389893   
0.00572913   19.8527      0.00166917    0.0511821    0.0423317    0.0528205   
-0.000494153 0.00166917   19.931        0.0389893    0.0528205    0.0742734   

Stress Spherical
0            0            0             0            0            0           
