Time = 500
Temperature
   1.0389183   0.040445715

Pressure
   23.743702    0.16955926

CM Mom
-1.7775467e-17 1.8602606e-17 
-8.2142686e-18 1.3064153e-17 
5.960869e-17   1.7391288e-17 
6.6429767e-17  1.8517813e-17 

CM Pos
7.5047244      0.0089684389  
7.5087707      0.025549382   
7.4965217      0.017135716   
12.996189      0.021251825   

Stress
20.6366      -0.0587011   -0.0381081    0.0750997    0.0490727    0.0318194   
-0.0587011   20.5814      -0.0493839    0.0490727    0.0621173    0.0186863   
-0.0381081   -0.0493839   20.6638       0.0318194    0.0186863    0.109161    

Stress Spherical
0            0            0             0            0            0           
0            0            0             0            0            0           
0            0            0             0            0            0           

Inertia
150.043      -56.3635     -56.2388      0.556097     0.176147     0.135695    
-56.3635     149.994      -56.2926      0.176147     0.261409     0.315204    
-56.2388     -56.2926     150.139       0.135695     0.315204     0.293035    

Bond Length
0.61466139    0.0071678768

BB bond length
0.61466139    0.0071678768

Water EE distance
0             0           

PEG EE distance
2.6769957     0.96653634  

Time = 1000
Temperature
1.0093278     0.0049417316

Pressure
23.694845     0.057659232 

CM Mom
-1.1660961e-17 2.8251763e-17 
-1.0005605e-17 1.3749681e-17 
7.2148321e-17  1.3313938e-17 
7.9874408e-17  1.5034167e-17 

CM Pos
7.5008721      0.017161318   
7.5037332      0.023680102   
7.4902988      0.0097202012  
12.987459      0.022934858   

Stress
20.6186      0.0218272    0.0175252     0.0832309    0.0187007    0.0396894   
0.0218272    20.7502      -0.0122808    0.0187007    0.128795     0.0916527   
0.0175252    -0.0122808   20.6327       0.0396894    0.0916527    0.0970566   

Stress Spherical
0            0            0             0            0            0           
0            0            0             0            0            0           
0            0            0             0            0            0           

Inertia
149.859      -56.2996     -56.1169      0.365006     0.252402     0.265401    
-56.2996     149.846      -56.2536      0.252402     0.324992     0.225269    
-56.1169     -56.2536     150.043       0.265401     0.225269     0.46043     

Bond Length
0.62538017    0.025712902 

BB bond length
0.62538017    0.025712902 

Water EE distance
0             0           

PEG EE distance
4.1143243     0.54656802  

