Time = 1000
Temperature
   1.0330407   0.046514851

Pressure
   23.554742    0.15765051

CM Mom
2.7714096e-17  1.3335632e-17 
4.691857e-18   1.7884446e-17 
-7.0558607e-17 8.5251922e-17 
1.0409475e-16  5.1946779e-17 

CM Pos
7.5031219      0.013878855   
7.4966209      0.01809764    
7.5030766      0.021646604   
12.992039      0.01543838    

Stress
20.4539      0.010745     0.0194586     0.0547668    0.0385743    0.0741478   
0.010745     20.4735      -0.0196932    0.0385743    0.127789     0.0581125   
0.0194586    -0.0196932   20.4587       0.0741478    0.0581125    0.0943971   

Stress Spherical
0            0            0             0            0            0           
0            0            0             0            0            0           
0            0            0             0            0            0           

Inertia
150.028      -56.225      -56.3069      0.527065     0.177832     0.241088    
-56.225      150.113      -56.2554      0.177832     0.22652      0.158444    
-56.3069     -56.2554     150.02        0.241088     0.158444     0.613404    

Bond Length
0.61848785    0.004254424 

BB bond length
0.61848785    0.004254424 

Water EE distance
0             0           

PEG EE distance
6.2721948     0.2348661   

BBB P2(x)
0.48188003    0.056556175 

BBB first bond length
0.61839706    0.003876251 

BBB second bond length
0.61842386    0.0043275937

BBB <phi**2>/<phi>**2
1.2117183     0.018282175 

Time = 2000
Temperature
1.0088701     0.0062347441

Pressure
23.407657     0.11484224  

CM Mom
4.2023436e-17  1.345902e-17  
2.7655723e-17  1.6843601e-17 
-2.685161e-17  3.6710044e-17 
6.5302849e-17  2.8281345e-17 

CM Pos
7.4961445      0.014890816   
7.4970662      0.0083716581  
7.5011467      0.010791438   
12.987134      0.011968395   

Stress
20.4104      0.0173       -0.000207783  0.145724     0.0593735    0.0877115   
0.0173       20.3454      0.00220611    0.0593735    0.177082     0.0592193   
-0.000207783 0.00220611   20.4061       0.0877115    0.0592193    0.0920039   

Stress Spherical
0            0            0             0            0            0           
0            0            0             0            0            0           
0            0            0             0            0            0           

Inertia
149.91       -56.1859     -56.2338      0.385516     0.166049     0.132727    
-56.1859     149.913      -56.2713      0.166049     0.303211     0.105257    
-56.2338     -56.2713     149.837       0.132727     0.105257     0.330592    

Bond Length
0.61860766    0.0038897208

BB bond length
0.61860766    0.0038897208

Water EE distance
0             0           

PEG EE distance
6.8674803     0.37552235  

BBB P2(x)
0.51689111    0.018444783 

BBB first bond length
0.6183563     0.003742959 

BBB second bond length
0.61862143    0.0041140748

BBB <phi**2>/<phi>**2
1.2191556     0.010907225 

