Time = 500
Temperature
   1.0344707   0.038454339

Pressure
   23.750664    0.13747974

CM Mom
-6.7502744e-18 2.2213562e-17 
-2.8651518e-17 1.028574e-17  
4.2354943e-17  1.8002773e-17 
5.6851518e-17  1.8752611e-17 

CM Pos
7.5142377      0.021996061   
7.5073459      0.014619395   
7.5116095      0.020521481   
13.009577      0.017632342   

Stress
20.6817      0.0485316    0.00566161    0.158449     0.0274109    0.0256087   
0.0485316    20.6261      0.0854417     0.0274109    0.0940378    0.0513331   
0.00566161   0.0854417    20.6349       0.0256087    0.0513331    0.104508    

Stress Spherical
0            0            0             0            0            0           
0            0            0             0            0            0           
0            0            0             0            0            0           

Inertia
150.263      -56.3779     -56.4838      0.20816      0.121253     0.320278    
-56.3779     150.366      -56.4031      0.121253     0.62774      0.112409    
-56.4838     -56.4031     150.313       0.320278     0.112409     0.212867    

Bond Length
0.62100398    0.01706369  

BB bond length
0.62100398    0.01706369  

Water EE distance
0             0           

PEG EE distance
3.7737372     0.89894302  

Time = 1000
Temperature
1.014167      0.004850015 

Pressure
23.671705     0.034505542 

CM Mom
-1.0577495e-17 1.6975239e-17 
-4.1418425e-17 2.1087087e-17 
9.9317203e-18  2.2204526e-17 
5.056145e-17   2.4401089e-17 

CM Pos
7.5192752      0.0146254     
7.5094202      0.012655565   
7.4964969      0.011726408   
13.00495       0.011625674   

Stress
20.6188      0.0102594    0.0163667     0.0463839    0.0390853    0.0670592   
0.0102594    20.6569      0.0588637     0.0390853    0.0562044    0.0900915   
0.0163667    0.0588637    20.6128       0.0670592    0.0900915    0.0764066   

Stress Spherical
0            0            0             0            0            0           
0            0            0             0            0            0           
0            0            0             0            0            0           

Inertia
150.05       -56.5216     -56.3132      0.259821     0.183456     0.0885576   
-56.5216     150.221      -56.349       0.183456     0.166981     0.0831152   
-56.3132     -56.349      150.409       0.0885576    0.0831152    0.359576    

Bond Length
0.59091376    0.014055127 

BB bond length
0.59091376    0.014055127 

Water EE distance
0             0           

PEG EE distance
5.0767469     0.14367932  

