Time = 500
Temperature
   1.0293131   0.046261313

Pressure
   23.308704    0.14005118

CM Mom
4.4911175e-17  2.5122121e-17 
1.6280493e-17  1.3321918e-17 
8.9492815e-18  1.9985457e-17 
5.5636494e-17  2.1788787e-17 

CM Pos
7.5108467      0.021339556   
7.5113412      0.015408929   
7.5143647      0.026941193   
13.0115        0.032187417   

Stress
20.2311      0.0135477    -0.0344632    0.089833     0.0415957    0.0952409   
0.0135477    20.1888      -0.0871962    0.0415957    0.102168     0.0216664   
-0.0344632   -0.0871962   20.2434       0.0952409    0.0216664    0.0446578   

Stress Spherical
0            0            0             0            0            0           
0            0            0             0            0            0           
0            0            0             0            0            0           

Inertia
150.206      -56.3932     -56.4854      0.658485     0.198887     0.322699    
-56.3932     150.158      -56.4063      0.198887     0.649519     0.262791    
-56.4854     -56.4063     150.153       0.322699     0.262791     0.41429     

Bond Length
0.61935569    0.0040807067

BB bond length
0.61935569    0.0040807067

Water EE distance
0             0           

PEG EE distance
3.4318244     0.36177349  

Time = 1000
Temperature
1.0168345     0.0052500914

Pressure
23.304529     0.059493082 

CM Mom
5.8955924e-17  1.4182315e-17 
5.1032535e-17  2.6588827e-17 
-1.4639942e-18 3.5406417e-17 
9.0019882e-17  1.1849175e-17 

CM Pos
7.5028459      0.019731812   
7.5095633      0.024767571   
7.5096235      0.015271551   
13.003147      0.0090410192  

Stress
20.2664      0.000475738  -0.00540536   0.091664     0.0390263    0.0690036   
0.000475738  20.2292      0.0768551     0.0390263    0.0494308    0.100021    
-0.00540536  0.0768551    20.2673       0.0690036    0.100021     0.0985449   

Stress Spherical
0            0            0             0            0            0           
0            0            0             0            0            0           
0            0            0             0            0            0           

Inertia
150.157      -56.3034     -56.3138      0.220136     0.0788467    0.262606    
-56.3034     149.966      -56.4057      0.0788467    0.4713       0.103734    
-56.3138     -56.4057     150.038       0.262606     0.103734     0.0982791   

Bond Length
0.6193547     0.0075886656

BB bond length
0.6193547     0.0075886656

Water EE distance
0             0           

PEG EE distance
3.8256108     0.26987768  

