Time = 1000
Temperature
   1.2757748    0.39811589

Pressure
    24.85929     2.4237751

CM Mom
-5.2367494e-18 2.0381733e-17 
-9.9960792e-18 2.4500339e-17 
-7.3203089e-17 3.6090113e-16 
3.0971982e-16  2.0205191e-16 

CM Pos
9.9962562      0.01869963    
10.00555       0.015821272   
9.9991515      0.015349807   
17.321081      0.012954637   

Stress
21.0476      0.00340944   -0.0124669    1.38999      0.0325667    0.0608321   
0.00340944   21.0554      0.0170184     0.0325667    1.4312       0.0317444   
-0.0124669   0.0170184    20.9963       0.0608321    0.0317444    1.44205     

Stress Spherical
0            0            0             0            0            0           
0            0            0             0            0            0           
0            0            0             0            0            0           

Inertia
267.643      -100.023     -99.9038      6.14687      0.221363     0.254634    
-100.023     267.395      -100.043      0.221363     5.44954      0.227839    
-99.9038     -100.043     267.569       0.254634     0.227839     5.82052     

Bond Length
0.6292426     0.020981756 

BB bond length
0.6292426     0.020981756 

Water EE distance
0             0           

PEG EE distance
8.5828927     0.21042099  

BBB P2(x)
0.1236971     0.026093937 

BBB first bond length
0.62942759    0.021481868 

BBB second bond length
0.62949599    0.021126799 

BBB <phi**2>/<phi>**2
1.1334127     0.0088572568

Time = 2000
Temperature
1.0184237     0.01100489  

Pressure
23.0543       0.10236677  

CM Mom
-1.2844169e-18 1.6217036e-17 
6.3567244e-19  2.0185837e-17 
-4.3637322e-17 1.3851696e-16 
1.1995568e-16  8.5873827e-17 

CM Pos
10.002008      0.010141238   
9.9982974      0.015048075   
10.002319      0.013358307   
17.322036      0.0086599369  

Stress
19.9999      0.0182069    0.0154559     0.103121     0.0462719    0.0524861   
0.0182069    19.9882      -0.0128106    0.0462719    0.125003     0.0374852   
0.0154559    -0.0128106   20.0117       0.0524861    0.0374852    0.109659    

Stress Spherical
0            0            0             0            0            0           
0            0            0             0            0            0           
0            0            0             0            0            0           

Inertia
266.599      -99.9767     -100.026      1.11496      0.186315     0.168931    
-99.9767     266.672      -99.994       0.186315     1.33605      0.182097    
-100.026     -99.994      266.598       0.168931     0.182097     1.10066     

Bond Length
0.62211048    0.0013750537

BB bond length
0.62211048    0.0013750537

Water EE distance
0             0           

PEG EE distance
8.1603376     0.12530093  

BBB P2(x)
0.098115765   0.0085355168

BBB first bond length
0.62208769    0.0014199498

BBB second bond length
0.62225268    0.0013655781

BBB <phi**2>/<phi>**2
1.1239573     0.0027837771

Time = 3000
Temperature
1.0134279     0.0047656518

Pressure
22.957468     0.06236832  

CM Mom
-8.4641607e-18 2.5416975e-17 
6.9582706e-19  1.867501e-17  
-8.5402679e-17 5.1896845e-17 
9.5078969e-17  4.4875321e-17 

CM Pos
10.001091      0.010410032   
10.000465      0.012974103   
10.001402      0.010332314   
17.322223      0.011569789   

Stress
19.9213      0.0206659    -0.011967     0.0723996    0.0509705    0.0335769   
0.0206659    19.9233      0.0431582     0.0509705    0.0730515    0.0374932   
-0.011967    0.0431582    19.9097       0.0335769    0.0374932    0.0770283   

Stress Spherical
0            0            0             0            0            0           
0            0            0             0            0            0           
0            0            0             0            0            0           

Inertia
266.621      -100.04      -99.9987      0.450274     0.178979     0.105662    
-100.04      266.629      -100.016      0.178979     0.37187      0.212177    
-99.9987     -100.016     266.619       0.105662     0.212177     0.164378    

Bond Length
0.62245242    0.00095267999

BB bond length
0.62245242    0.00095267999

Water EE distance
0             0           

PEG EE distance
7.7414814     0.16331108  

BBB P2(x)
0.084453962   0.0041232261

BBB first bond length
0.6225049     0.00099484964

BBB second bond length
0.62254399    0.00099099579

BBB <phi**2>/<phi>**2
1.1207099     0.0019367672

Time = 4000
Temperature
1.010739      0.0042514648

Pressure
22.944768     0.066205592 

CM Mom
1.9665357e-18  3.4855633e-17 
8.5058062e-18  3.2591513e-17 
-9.8397582e-17 3.1037119e-17 
1.0886307e-16  3.3875596e-17 

CM Pos
9.9960062      0.011684649   
9.9972971      0.010100044   
10.003903      0.0097653046  
17.318903      0.010028934   

Stress
19.9295      0.0146767    -0.011194     0.0866052    0.0555772    0.0600108   
0.0146767    19.9171      -0.0191138    0.0555772    0.0864173    0.0511883   
-0.011194    -0.0191138   19.8937       0.0600108    0.0511883    0.0566558   

Stress Spherical
0            0            0             0            0            0           
0            0            0             0            0            0           
0            0            0             0            0            0           

Inertia
266.648      -99.9467     -99.9905      0.349161     0.174851     0.196185    
-99.9467     266.62       -99.9746      0.174851     0.335508     0.192417    
-99.9905     -99.9746     266.496       0.196185     0.192417     0.240312    

Bond Length
0.62244059    0.00075306109

BB bond length
0.62244059    0.00075306109

Water EE distance
0             0           

PEG EE distance
7.4690019     0.046433585 

BBB P2(x)
0.081573553   0.005728925 

BBB first bond length
0.62258659    0.00079891861

BBB second bond length
0.62259995    0.00071246123

BBB <phi**2>/<phi>**2
1.1192336     0.0013916194

Time = 5000
Temperature
1.0119551     0.0044372674

Pressure
22.878368     0.093604132 

CM Mom
-1.4120373e-17 2.3664204e-17 
-2.7746321e-18 3.132142e-17  
-1.2952459e-16 3.0472642e-17 
1.366838e-16   2.7764186e-17 

CM Pos
9.9942557      0.011490059   
10.002382      0.0082839216  
9.9982345      0.013242065   
17.317557      0.0090633598  

Stress
19.8248      0.0033461    -0.0119058    0.0969851    0.0537823    0.0372558   
0.0033461    19.8358      -0.0284322    0.0537823    0.0995637    0.0381722   
-0.0119058   -0.0284322   19.8695       0.0372558    0.0381722    0.131602    

Stress Spherical
0            0            0             0            0            0           
0            0            0             0            0            0           
0            0            0             0            0            0           

Inertia
266.641      -99.9585     -99.9191      0.361353     0.167893     0.161426    
-99.9585     266.479      -100.036      0.167893     0.255121     0.180522    
-99.9191     -100.036     266.544       0.161426     0.180522     0.28223     

Bond Length
0.62302395    0.00088179886

BB bond length
0.62302395    0.00088179886

Water EE distance
0             0           

PEG EE distance
7.1399756     0.064780254 

BBB P2(x)
0.076018436   0.0047753662

BBB first bond length
0.62320354    0.00089763714

BBB second bond length
0.62309808    0.00089251575

BBB <phi**2>/<phi>**2
1.1183209     0.0016446738

Time = 6000
Temperature
1.00831       0.005183997 

Pressure
22.901709     0.034530171 

CM Mom
-3.4747972e-18 1.6702145e-17 
2.3670961e-17  1.5193583e-17 
-1.2996002e-16 1.8824459e-17 
1.3385947e-16  2.0194185e-17 

CM Pos
10.004509      0.0085094235  
10.001882      0.0091754014  
9.9956504      0.012074205   
17.321693      0.010435372   

Stress
19.8763      0.0166993    -0.00200526   0.0817415    0.0447157    0.0508043   
0.0166993    19.8593      0.008776      0.0447157    0.0628108    0.0451842   
-0.00200526  0.008776     19.8974       0.0508043    0.0451842    0.0638473   

Stress Spherical
0            0            0             0            0            0           
0            0            0             0            0            0           
0            0            0             0            0            0           

Inertia
266.592      -100.1       -99.9891      0.351621     0.111125     0.134029    
-100.1       266.647      -100.002      0.111125     0.307583     0.151165    
-99.9891     -100.002     266.784       0.134029     0.151165     0.249059    

Bond Length
0.62259671    0.00088148555

BB bond length
0.62259671    0.00088148555

Water EE distance
0             0           

PEG EE distance
6.9545947     0.059903565 

BBB P2(x)
0.074955543   0.0034039985

BBB first bond length
0.62271937    0.00089163917

BBB second bond length
0.62270768    0.00095769031

BBB <phi**2>/<phi>**2
1.1193145     0.0012268826

Time = 7000
Temperature
1.01245       0.005448268 

Pressure
22.935909     0.066718326 

CM Mom
-1.3520215e-17 1.6329981e-17 
2.9514173e-17  1.6659071e-17 
-1.3528975e-16 2.6303427e-17 
1.4168583e-16  2.2768144e-17 

CM Pos
10.003092      0.014137417   
9.9962135      0.0073638354  
10.000652      0.012537223   
17.320495      0.0066400267  

Stress
19.889       0.003778     -0.00847398   0.0772387    0.0481746    0.0310005   
0.003778     19.9361      -0.00126025   0.0481746    0.0832338    0.0564433   
-0.00847398  -0.00126025  19.8732       0.0310005    0.0564433    0.0765166   

Stress Spherical
0            0            0             0            0            0           
0            0            0             0            0            0           
0            0            0             0            0            0           

Inertia
266.577      -99.9909     -100.04       0.34694      0.16839      0.131106    
-99.9909     266.724      -99.9847      0.16839      0.267043     0.208885    
-100.04      -99.9847     266.643       0.131106     0.208885     0.295776    

Bond Length
0.62202632    0.00063347613

BB bond length
0.62202632    0.00063347613

Water EE distance
0             0           

PEG EE distance
6.8501575     0.1229277   

BBB P2(x)
0.074751361   0.0060105554

BBB first bond length
0.62212352    0.00067300013

BBB second bond length
0.6220723     0.00070905271

BBB <phi**2>/<phi>**2
1.1174384     0.0027511168

Time = 8000
Temperature
1.0076068     0.0047698202

Pressure
22.90497      0.057924471 

CM Mom
-1.8168548e-17 2.919794e-17  
1.9669521e-17  3.1111736e-17 
-1.0382758e-16 3.2566484e-17 
1.1658694e-16  2.8029863e-17 

CM Pos
9.9995906      0.010264843   
10.001882      0.0072074243  
9.9992348      0.013968314   
17.320923      0.010675036   

Stress
19.8999      0.0336346    0.0161627     0.101089     0.0813941    0.0510212   
0.0336346    19.8769      0.00901624    0.0813941    0.0596537    0.0716024   
0.0161627    0.00901624   19.8722       0.0510212    0.0716024    0.0752294   

Stress Spherical
0            0            0             0            0            0           
0            0            0             0            0            0           
0            0            0             0            0            0           

Inertia
266.678      -100.024     -99.9879      0.30475      0.163832     0.186036    
-100.024     266.638      -99.9964      0.163832     0.351042     0.127085    
-99.9879     -99.9964     266.706       0.186036     0.127085     0.280289    

Bond Length
0.62275028    0.0011158333

BB bond length
0.62275028    0.0011158333

Water EE distance
0             0           

PEG EE distance
6.7133674     0.031807987 

BBB P2(x)
0.071596938   0.0038065304

BBB first bond length
0.62284855    0.0011126217

BBB second bond length
0.62284894    0.0011176511

BBB <phi**2>/<phi>**2
1.1182272     0.0017925417

Time = 9000
Temperature
1.0089019     0.0029853334

Pressure
22.905088     0.031416122 

CM Mom
6.2366465e-18  1.4367203e-17 
1.5006728e-17  7.7356572e-18 
-1.2872199e-16 1.8673272e-17 
1.3081805e-16  1.8303973e-17 

CM Pos
10.000758      0.0088437709  
9.9985475      0.0118579     
10.00532       0.010243498   
17.323186      0.0092848426  

Stress
19.8979      0.0287172    -0.0209555    0.104084     0.0358591    0.057184    
0.0287172    19.8541      0.0214628     0.0358591    0.0525107    0.0451642   
-0.0209555   0.0214628    19.8858       0.057184     0.0451642    0.082764    

Stress Spherical
0            0            0             0            0            0           
0            0            0             0            0            0           
0            0            0             0            0            0           

Inertia
266.733      -99.9846     -100.106      0.195862     0.199586     0.124807    
-99.9846     266.774      -100.025      0.199586     0.248057     0.121811    
-100.106     -100.025     266.63        0.124807     0.121811     0.406684    

Bond Length
0.62280689    0.00092003619

BB bond length
0.62280689    0.00092003619

Water EE distance
0             0           

PEG EE distance
6.674515      0.072805664 

BBB P2(x)
0.073220802   0.0051687923

BBB first bond length
0.6229029     0.00088687861

BBB second bond length
0.62294031    0.00088996473

BBB <phi**2>/<phi>**2
1.1179024     0.0029588442

Time = 10000
Temperature
1.0124048     0.0050944063

Pressure
22.942231     0.028774681 

CM Mom
8.7176778e-18  1.8533491e-17 
3.8099626e-17  1.3286464e-17 
-1.3944883e-16 2.4413655e-17 
1.4666191e-16  2.4080831e-17 

CM Pos
10.001008      0.012720989   
9.9940462      0.0089686009  
9.995317       0.012843842   
17.314958      0.010962345   

Stress
19.9388      0.00913888   -0.00632725   0.0620029    0.0365273    0.0557011   
0.00913888   19.9055      -0.0094946    0.0365273    0.0702064    0.0489871   
-0.00632725  -0.0094946   19.8734       0.0557011    0.0489871    0.0436798   

Stress Spherical
0            0            0             0            0            0           
0            0            0             0            0            0           
0            0            0             0            0            0           

Inertia
266.441      -99.977      -99.9679      0.260396     0.139879     0.201608    
-99.977      266.599      -99.893       0.139879     0.365629     0.110905    
-99.9679     -99.893      266.575       0.201608     0.110905     0.349855    

Bond Length
0.62222557    0.00096752675

BB bond length
0.62222557    0.00096752675

Water EE distance
0             0           

PEG EE distance
6.5630733     0.08479959  

BBB P2(x)
0.069687123   0.00481476  

BBB first bond length
0.62230181    0.00095192583

BBB second bond length
0.62227608    0.00095013374

BBB <phi**2>/<phi>**2
1.1160314     0.0030668154

Time = 11000
Temperature
1.0109964     0.0063228026

Pressure
22.906481     0.057659312 

CM Mom
1.5646102e-17  1.4685155e-17 
3.8492367e-17  2.6401685e-17 
-1.4339506e-16 1.4443608e-17 
1.5218831e-16  1.5768519e-17 

CM Pos
9.9981735      0.010141238   
9.9997145      0.0064266529  
10.002986      0.016957699   
17.321024      0.0072806318  

Stress
19.8841      0.00650875   0.0268627     0.0816508    0.048306     0.043956    
0.00650875   19.8722      0.00219327    0.048306     0.0471624    0.0420171   
0.0268627    0.00219327   19.8668       0.043956     0.0420171    0.0633093   

Stress Spherical
0            0            0             0            0            0           
0            0            0             0            0            0           
0            0            0             0            0            0           

Inertia
266.721      -99.9983     -99.9772      0.336688     0.100587     0.172406    
-99.9983     266.701      -99.9853      0.100587     0.276804     0.179947    
-99.9772     -99.9853     266.623       0.172406     0.179947     0.229491    

Bond Length
0.62245961    0.00095862061

BB bond length
0.62245961    0.00095862061

Water EE distance
0             0           

PEG EE distance
6.2904561     0.080705003 

BBB P2(x)
0.071054822   0.0038129357

BBB first bond length
0.62256519    0.00093122038

BBB second bond length
0.62254501    0.0010119364

BBB <phi**2>/<phi>**2
1.1173378     0.0023788444

Time = 12000
Temperature
1.010941      0.0056025666

Pressure
22.890344     0.042981646 

CM Mom
1.4451686e-17  1.322353e-17  
4.781697e-17   2.4948092e-17 
-1.6415804e-16 2.0438307e-17 
1.7337441e-16  2.4484321e-17 

CM Pos
10.001258      0.009125283   
10.000965      0.0069487486  
9.9983179      0.011920143   
17.320826      0.0091231279  

Stress
19.8784      -0.0115491   0.0214119     0.0883659    0.0439326    0.0479199   
-0.0115491   19.8447      -0.0138496    0.0439326    0.0954965    0.0421362   
0.0214119    -0.0138496   19.8521       0.0479199    0.0421362    0.0768095   

Stress Spherical
0            0            0             0            0            0           
0            0            0             0            0            0           
0            0            0             0            0            0           

Inertia
266.645      -100.047     -100.006      0.215292     0.0923418    0.174812    
-100.047     266.663      -100.014      0.0923418    0.35584      0.143738    
-100.006     -100.014     266.716       0.174812     0.143738     0.206865    

Bond Length
0.62230411    0.00088678732

BB bond length
0.62230411    0.00088678732

Water EE distance
0             0           

PEG EE distance
6.3293024     0.055860738 

BBB P2(x)
0.067732235   0.0055415657

BBB first bond length
0.62241639    0.00089240329

BBB second bond length
0.62242205    0.00082303428

BBB <phi**2>/<phi>**2
1.1162517     0.0025458769

Time = 13000
Temperature
1.0122839     0.0038186108

Pressure
22.922148     0.051811987 

CM Mom
2.8626372e-18  1.146874e-17  
4.687179e-17   2.1087662e-17 
-1.7505343e-16 1.9485326e-17 
1.8299332e-16  1.7838349e-17 

CM Pos
10.000091      0.012908329   
9.9964636      0.012526133   
10.001485      0.011975973   
17.319387      0.0097743151  

Stress
19.8991      0.00482382   0.0195508     0.0896826    0.0370089    0.0507825   
0.00482382   19.8708      0.00677918    0.0370089    0.081147     0.0454117   
0.0195508    0.00677918   19.8886       0.0507825    0.0454117    0.0523693   

Stress Spherical
0            0            0             0            0            0           
0            0            0             0            0            0           
0            0            0             0            0            0           

Inertia
266.634      -99.9706     -100.021      0.245847     0.282881     0.180533    
-99.9706     266.699      -99.9649      0.282881     0.348225     0.141753    
-100.021     -99.9649     266.59        0.180533     0.141753     0.406747    

Bond Length
0.62213167    0.00087099045

BB bond length
0.62213167    0.00087099045

Water EE distance
0             0           

PEG EE distance
6.2325087     0.15109384  

BBB P2(x)
0.067644948   0.0062149077

BBB first bond length
0.62222699    0.00093097569

BBB second bond length
0.62231658    0.00084816083

BBB <phi**2>/<phi>**2
1.1167218     0.0024619889

Time = 14000
Temperature
1.0059004     0.0056530475

Pressure
22.890651     0.044143924 

CM Mom
7.0812406e-18  1.0716185e-17 
5.8828968e-17  1.5746687e-17 
-1.4682946e-16 1.9999731e-17 
1.5939862e-16  2.0609323e-17 

CM Pos
10.000341      0.013513455   
10.003966      0.017827821   
10.000068      0.011975683   
17.323048      0.013350015   

Stress
19.8798      0.0175156    0.0118915     0.0576155    0.0637257    0.0441472   
0.0175156    19.9007      0.0222856     0.0637257    0.0551088    0.0259878   
0.0118915    0.0222856    19.8409       0.0441472    0.0259878    0.0674473   

Stress Spherical
0            0            0             0            0            0           
0            0            0             0            0            0           
0            0            0             0            0            0           

Inertia
266.744      -100.064     -100.014      0.407202     0.265715     0.142108    
-100.064     266.668      -100.04       0.265715     0.292402     0.236135    
-100.014     -100.04      266.751       0.142108     0.236135     0.492242    

Bond Length
0.62286261    0.00076245159

BB bond length
0.62286261    0.00076245159

Water EE distance
0             0           

PEG EE distance
6.214791      0.063446774 

BBB P2(x)
0.071477645   0.0052786679

BBB first bond length
0.62287596    0.0007745867

BBB second bond length
0.62295864    0.00084587181

BBB <phi**2>/<phi>**2
1.1162609     0.002365972 

Time = 15000
Temperature
1.0091553     0.0041139714

Pressure
22.923164     0.075550956 

CM Mom
-5.9925575e-18 1.2661832e-17 
5.3179755e-17  1.9878133e-17 
-1.4148102e-16 1.3693989e-17 
1.5290477e-16  1.5620296e-17 

CM Pos
10.000174      0.011631006   
9.9972971      0.010740205   
9.9973176      0.010086275   
17.317505      0.012660645   

Stress
19.9         -0.00670352  -0.0140751    0.0612807    0.0655612    0.0310906   
-0.00670352  19.8772      0.01734       0.0655612    0.090623     0.0256773   
-0.0140751   0.01734      19.9126       0.0310906    0.0256773    0.0985769   

Stress Spherical
0            0            0             0            0            0           
0            0            0             0            0            0           
0            0            0             0            0            0           

Inertia
266.571      -99.9686     -99.994       0.305634     0.249022     0.200476    
-99.9686     266.624      -99.9566      0.249022     0.338797     0.165759    
-99.994      -99.9566     266.619       0.200476     0.165759     0.339956    

Bond Length
0.62201306    0.0010258218

BB bond length
0.62201306    0.0010258218

Water EE distance
0             0           

PEG EE distance
6.1779018     0.050915323 

BBB P2(x)
0.067851727   0.0044288656

BBB first bond length
0.6221157     0.001016331 

BBB second bond length
0.62206846    0.001095089 

BBB <phi**2>/<phi>**2
1.11564       0.0016196222

Time = 16000
Temperature
1.0113063     0.0053949053

Pressure
22.921117     0.09199134  

CM Mom
5.0107646e-18  2.8051408e-17 
7.0664101e-17  1.4945159e-17 
-1.5261229e-16 1.0559092e-17 
1.7120487e-16  1.0938816e-17 

CM Pos
10.003675      0.010662287   
10.000465      0.0080408809  
9.997651       0.00603926    
17.321547      0.0071087031  

Stress
19.8641      -0.0106566   -0.00716373   0.0951941    0.0538204    0.0609943   
-0.0106566   19.9253      0.0181501     0.0538204    0.103661     0.0729745   
-0.00716373  0.0181501    19.8749       0.0609943    0.0729745    0.105078    

Stress Spherical
0            0            0             0            0            0           
0            0            0             0            0            0           
0            0            0             0            0            0           

Inertia
266.627      -100.039     -99.9503      0.14304      0.125714     0.0801115   
-100.039     266.687      -99.972       0.125714     0.243705     0.0782447   
-99.9503     -99.972      266.742       0.0801115    0.0782447    0.283588    

Bond Length
0.62244925    0.00132112  

BB bond length
0.62244925    0.00132112  

Water EE distance
0             0           

PEG EE distance
6.2844051     0.082376239 

BBB P2(x)
0.066531033   0.005166475 

BBB first bond length
0.62256713    0.0013398547

BBB second bond length
0.62248966    0.0013202285

BBB <phi**2>/<phi>**2
1.1156534     0.0022206351

Time = 17000
Temperature
1.0134574     0.0043896377

Pressure
22.894136     0.044246129 

CM Mom
-1.3873739e-17 3.9803015e-17 
7.3089952e-17  1.286547e-17  
-1.5932554e-16 1.7052865e-17 
1.8119557e-16  1.131434e-17  

CM Pos
9.9938389      0.013934696   
10.008467      0.0074506069  
10.001402      0.0086161327  
17.32266       0.0058237051  

Stress
19.8334      -0.0151388   -0.00519443   0.0623112    0.0626548    0.0689432   
-0.0151388   19.8582      -0.0187031    0.0626548    0.0830611    0.0450052   
-0.00519443  -0.0187031   19.8723       0.0689432    0.0450052    0.0673155   

Stress Spherical
0            0            0             0            0            0           
0            0            0             0            0            0           
0            0            0             0            0            0           

Inertia
266.872      -100.054     -99.9026      0.112595     0.129039     0.157901    
-100.054     266.566      -100.104      0.129039     0.273237     0.0844027   
-99.9026     -100.104     266.716       0.157901     0.0844027    0.332383    

Bond Length
0.62284225    0.00051300696

BB bond length
0.62284225    0.00051300696

Water EE distance
0             0           

PEG EE distance
6.2101975     0.10523647  

BBB P2(x)
0.070949438   0.006258284 

BBB first bond length
0.62294927    0.00056723307

BBB second bond length
0.6229868     0.00047653826

BBB <phi**2>/<phi>**2
1.1169735     0.0016986476

Time = 18000
Temperature
1.0079134     0.0058837115

Pressure
22.93678      0.056891113 

CM Mom
-3.0627959e-18 2.6674365e-17 
7.6933717e-17  1.1574665e-17 
-1.283857e-16  1.819609e-17  
1.5247814e-16  1.8386815e-17 

CM Pos
9.9969231      0.013527587   
9.9967136      0.0094160939  
10.00432       0.014329031   
17.31934       0.01022875    

Stress
19.9365      -0.0195358   0.00529774    0.126988     0.0494551    0.0296403   
-0.0195358   19.8809      0.02426       0.0494551    0.0509849    0.0619491   
0.00529774   0.02426      19.9244       0.0296403    0.0619491    0.0838924   

Stress Spherical
0            0            0             0            0            0           
0            0            0             0            0            0           
0            0            0             0            0            0           

Inertia
266.671      -99.888      -99.9824      0.288308     0.171465     0.22302     
-99.888      266.687      -99.979       0.171465     0.409748     0.140472    
-99.9824     -99.979      266.529       0.22302      0.140472     0.368989    

Bond Length
0.62209257    0.00075082999

BB bond length
0.62209257    0.00075082999

Water EE distance
0             0           

PEG EE distance
6.286873      0.059674663 

BBB P2(x)
0.068750169   0.0066406109

BBB first bond length
0.62215876    0.00080207388

BBB second bond length
0.62214643    0.00074100198

BBB <phi**2>/<phi>**2
1.1157869     0.0023856695

Time = 19000
Temperature
1.0124524     0.0061586958

Pressure
22.897443     0.081243405 

CM Mom
-1.3720923e-17 1.4476892e-17 
9.230843e-17   3.3505998e-17 
-1.1162234e-16 1.7269303e-17 
1.4792702e-16  3.02773e-17   

CM Pos
10.001258      0.014875078   
10.000882      0.0067514547  
9.9982345      0.012574578   
17.32073       0.01483467    

Stress
19.8892      -0.00744328  -0.00909073   0.0742163    0.0506981    0.0309477   
-0.00744328  19.8573      -0.0250415    0.0506981    0.0972701    0.0547365   
-0.00909073  -0.0250415   19.8363       0.0309477    0.0547365    0.0967471   

Stress Spherical
0            0            0             0            0            0           
0            0            0             0            0            0           
0            0            0             0            0            0           

Inertia
266.659      -100.013     -100.032      0.368308     0.231561     0.254759    
-100.013     266.653      -100.012      0.231561     0.510329     0.185953    
-100.032     -100.012     266.705       0.254759     0.185953     0.41918     

Bond Length
0.62250242    0.0007322609

BB bond length
0.62250242    0.0007322609

Water EE distance
0             0           

PEG EE distance
6.239175      0.08097494  

BBB P2(x)
0.067776124   0.0059570337

BBB first bond length
0.62255031    0.00070567613

BBB second bond length
0.62261019    0.00068515666

BBB <phi**2>/<phi>**2
1.1157557     0.0024606363

Time = 20000
Temperature
1.0086461     0.0052811936

Pressure
22.926052     0.08503151  

CM Mom
-4.666148e-18  1.9605735e-17 
8.42646e-17    2.294068e-17  
-1.1563431e-16 3.1409566e-17 
1.4689296e-16  2.8517856e-17 

CM Pos
10.005259      0.012215806   
9.997964       0.015644833   
10.001485      0.010093162   
17.323234      0.016558916   

Stress
19.8898      0.00447125   -0.00051204   0.144028     0.0423073    0.0373746   
0.00447125   19.9019      0.013088      0.0423073    0.0654061    0.0446233   
-0.00051204  0.013088     19.9113       0.0373746    0.0446233    0.0744689   

Stress Spherical
0            0            0             0            0            0           
0            0            0             0            0            0           
0            0            0             0            0            0           

Inertia
266.661      -100.005     -100.096      0.439264     0.260934     0.214625    
-100.005     266.796      -99.9709      0.260934     0.400568     0.205276    
-100.096     -99.9709     266.735       0.214625     0.205276     0.514262    

Bond Length
0.62202617    0.00092001694

BB bond length
0.62202617    0.00092001694

Water EE distance
0             0           

PEG EE distance
6.0534412     0.068715754 

BBB P2(x)
0.068988833   0.0068730885

BBB first bond length
0.62202788    0.00096457713

BBB second bond length
0.62207438    0.00096599529

BBB <phi**2>/<phi>**2
1.116362      0.0024583007

Time = 21000
Temperature
1.0086689     0.0047880506

Pressure
22.912192     0.058838211 

CM Mom
7.2881956e-18  3.6422422e-17 
8.4319433e-17  2.1973673e-17 
-1.1578467e-16 2.0329886e-17 
1.4935463e-16  2.2020655e-17 

CM Pos
9.9965063      0.011993366   
9.9992977      0.0088016359  
10.002986      0.0072788935  
17.319814      0.012279069   

Stress
19.8609      0.0452825    0.0216313     0.0725461    0.0306538    0.0447548   
0.0452825    19.8783      0.00527818    0.0306538    0.0597522    0.0259175   
0.0216313    0.00527818   19.922        0.0447548    0.0259175    0.0926471   

Stress Spherical
0            0            0             0            0            0           
0            0            0             0            0            0           
0            0            0             0            0            0           

Inertia
266.709      -99.9226     -100.012      0.242435     0.155435     0.268661    
-99.9226     266.66       -100.013      0.155435     0.356806     0.174799    
-100.012     -100.013     266.578       0.268661     0.174799     0.290867    

Bond Length
0.62213159    0.00074369863

BB bond length
0.62213159    0.00074369863

Water EE distance
0             0           

PEG EE distance
6.0964177     0.043543346 

BBB P2(x)
0.067820397   0.0032705128

BBB first bond length
0.62215896    0.00080809967

BBB second bond length
0.62228352    0.00069011509

BBB <phi**2>/<phi>**2
1.116729      0.001855649 

Time = 22000
Temperature
1.0096588     0.0042598519

Pressure
22.919742     0.050228574 

CM Mom
-4.4685054e-19 1.9659577e-17 
6.5353258e-17  1.3596732e-17 
-9.6550719e-17 1.0809336e-17 
1.1875967e-16  1.3328264e-17 

CM Pos
9.9963396      0.011203776   
9.9997145      0.010332314   
10.000152      0.012105241   
17.318325      0.010888182   

Stress
19.9285      -0.00122423  -0.00186505   0.0966742    0.033593     0.0195092   
-0.00122423  19.8554      -0.00798186   0.033593     0.0706067    0.0462899   
-0.00186505  -0.00798186  19.891        0.0195092    0.0462899    0.080203    

Stress Spherical
0            0            0             0            0            0           
0            0            0             0            0            0           
0            0            0             0            0            0           

Inertia
266.656      -99.9706     -99.9358      0.316669     0.155115     0.186701    
-99.9706     266.596      -99.9867      0.155115     0.370795     0.189607    
-99.9358     -99.9867     266.594       0.186701     0.189607     0.314479    

Bond Length
0.6224547     0.0012352565

BB bond length
0.6224547     0.0012352565

Water EE distance
0             0           

PEG EE distance
6.0281141     0.096538576 

BBB P2(x)
0.068894798   0.006402288 

BBB first bond length
0.6224477     0.0013636477

BBB second bond length
0.62254857    0.0012289938

BBB <phi**2>/<phi>**2
1.1163068     0.0028481276

Time = 23000
Temperature
1.0111516     0.0045825159

Pressure
22.920891     0.060486945 

CM Mom
-3.2414436e-17 2.2547523e-17 
5.8588523e-17  1.7040706e-17 
-9.909231e-17  1.3131839e-17 
1.2282263e-16  1.3726646e-17 

CM Pos
10.001508      0.0136108     
9.9996312      0.0082625047  
10.001736      0.009620498   
17.322174      0.011999302   

Stress
19.873       0.0298342    0.0186308     0.0862712    0.0550174    0.0492923   
0.0298342    19.8764      0.00486708    0.0550174    0.0784605    0.028544    
0.0186308    0.00486708   19.9156       0.0492923    0.028544     0.0678606   

Stress Spherical
0            0            0             0            0            0           
0            0            0             0            0            0           
0            0            0             0            0            0           

Inertia
266.695      -100.036     -100.062      0.217516     0.188984     0.175744    
-100.036     266.735      -100.001      0.188984     0.399823     0.158369    
-100.062     -100.001     266.688       0.175744     0.158369     0.431196    

Bond Length
0.62216074    0.0010644993

BB bond length
0.62216074    0.0010644993

Water EE distance
0             0           

PEG EE distance
5.952693      0.053629264 

BBB P2(x)
0.066949994   0.003236595 

BBB first bond length
0.62220493    0.0010750811

BBB second bond length
0.62228257    0.0011910339

BBB <phi**2>/<phi>**2
1.1153586     0.001556655 

Time = 24000
Temperature
1.0108308     0.0067611748

Pressure
22.938594     0.081429905 

CM Mom
-2.4471943e-17 3.5926382e-17 
4.7302358e-17  1.6656871e-17 
-1.0383695e-16 8.2514839e-18 
1.2259056e-16  1.5043257e-17 

CM Pos
10.001008      0.0076802208  
9.9998812      0.012842489   
9.9963173      0.008608468   
17.318901      0.01062657    

Stress
19.917       -0.00768339  0.0124634     0.116766     0.0599685    0.0406247   
-0.00768339  19.8984      0.0246836     0.0599685    0.0821604    0.0542539   
0.0124634    0.0246836    19.9056       0.0406247    0.0542539    0.108296    

Stress Spherical
0            0            0             0            0            0           
0            0            0             0            0            0           
0            0            0             0            0            0           

Inertia
266.599      -99.9889     -99.9294      0.300677     0.169178     0.110285    
-99.9889     266.618      -99.9715      0.169178     0.182713     0.154497    
-99.9294     -99.9715     266.677       0.110285     0.154497     0.378378    

Bond Length
0.62256365    0.00066653006

BB bond length
0.62256365    0.00066653006

Water EE distance
0             0           

PEG EE distance
5.9885683     0.077375105 

BBB P2(x)
0.06338226    0.0065964929

BBB first bond length
0.62264027    0.00064427091

BBB second bond length
0.62253702    0.00080569319

BBB <phi**2>/<phi>**2
1.1147759     0.003308925 

Time = 25000
Temperature
1.0114789     0.0048948823

Pressure
22.917819     0.043045817 

CM Mom
-3.2334152e-17 2.3464699e-17 
5.6061393e-17  8.2174549e-18 
-9.7662076e-17 1.3748528e-17 
1.200545e-16   1.0968864e-17 

CM Pos
9.9948392      0.012675023   
10.004549      0.0069262128  
9.9995682      0.0091176653  
17.319913      0.0090012642  

Stress
19.8924      -0.0106829   -0.000902995  0.0664472    0.0351533    0.0649886   
-0.0106829   19.8446      -0.0014218    0.0351533    0.0566393    0.0440214   
-0.000902995 -0.0014218   19.9158       0.0649886    0.0440214    0.114348    

Stress Spherical
0            0            0             0            0            0           
0            0            0             0            0            0           
0            0            0             0            0            0           

Inertia
266.743      -100.029     -99.9525      0.277055     0.156383     0.167988    
-100.029     266.555      -100.022      0.156383     0.218955     0.110386    
-99.9525     -100.022     266.665       0.167988     0.110386     0.29646     

Bond Length
0.62225908    0.00073815707

BB bond length
0.62225908    0.00073815707

Water EE distance
0             0           

PEG EE distance
6.1106129     0.064524312 

BBB P2(x)
0.068511398   0.0034666415

BBB first bond length
0.6223338     0.00078521971

BBB second bond length
0.62239566    0.00081919627

BBB <phi**2>/<phi>**2
1.116649      0.0011629953

Time = 26000
Temperature
1.0112947     0.0038967642

Pressure
22.932017     0.052944655 

CM Mom
-4.1540702e-17 1.8093069e-17 
6.7268604e-17  6.9212512e-18 
-6.6894489e-17 2.5130262e-17 
1.0678468e-16  1.8149175e-17 

CM Pos
9.9984235      0.0088296171  
9.9989643      0.013508312   
9.9979011      0.013291298   
17.317797      0.011366895   

Stress
19.8719      0.00243238   0.00301918    0.104292     0.0569653    0.0352756   
0.00243238   19.9135      -0.00643819   0.0569653    0.0760031    0.0509461   
0.00301918   -0.00643819  19.9116       0.0352756    0.0509461    0.0680719   

Stress Spherical
0            0            0             0            0            0           
0            0            0             0            0            0           
0            0            0             0            0            0           

Inertia
266.611      -99.9909     -99.9709      0.385358     0.160991     0.187149    
-99.9909     266.599      -99.9673      0.160991     0.335533     0.175188    
-99.9709     -99.9673     266.615       0.187149     0.175188     0.31678     

Bond Length
0.62219084    0.00084255971

BB bond length
0.62219084    0.00084255971

Water EE distance
0             0           

PEG EE distance
6.1248721     0.056230431 

BBB P2(x)
0.06720661    0.0061483278

BBB first bond length
0.62224641    0.00084856868

BBB second bond length
0.62224109    0.00088404985

BBB <phi**2>/<phi>**2
1.1157934     0.0020281236

Time = 27000
Temperature
1.0121384     0.0037649954

Pressure
22.923883     0.059402702 

CM Mom
-7.5798761e-17 1.9843978e-17 
4.2386337e-17  2.3024932e-17 
-8.5790213e-17 3.0414218e-17 
1.2615454e-16  2.8913719e-17 

CM Pos
10.003175      0.0097499943  
10.003299      0.011607085   
9.9969842      0.015050846   
17.322516      0.0084318715  

Stress
19.8608      -0.0237365   0.0203373     0.0552067    0.0462756    0.065085    
-0.0237365   19.9155      0.0308572     0.0462756    0.106457     0.0502052   
0.0203373    0.0308572    19.8887       0.065085     0.0502052    0.0746194   

Stress Spherical
0            0            0             0            0            0           
0            0            0             0            0            0           
0            0            0             0            0            0           

Inertia
266.675      -100.043     -99.9906      0.45988      0.128126     0.106264    
-100.043     266.67       -99.9678      0.128126     0.158069     0.256504    
-99.9906     -99.9678     266.809       0.106264     0.256504     0.231864    

Bond Length
0.62248173    0.00086676827

BB bond length
0.62248173    0.00086676827

Water EE distance
0             0           

PEG EE distance
6.2826551     0.11174531  

BBB P2(x)
0.064945181   0.0076794971

BBB first bond length
0.62259824    0.00083417783

BBB second bond length
0.6225763     0.00093052553

BBB <phi**2>/<phi>**2
1.1152481     0.0019916132

Time = 28000
Temperature
1.0097197     0.0041518027

Pressure
22.914808     0.055344298 

CM Mom
-1.0748614e-16 1.8945645e-17 
6.9687861e-17  1.2458368e-17 
-7.5072626e-17 1.1954303e-17 
1.4989807e-16  1.5270486e-17 

CM Pos
10.000257      0.015351392   
10.004216      0.011133786   
9.9981512      0.012481677   
17.322036      0.0099644655  

Stress
19.8772      0.00778416   -0.00136432   0.0623875    0.0324227    0.0312313   
0.00778416   19.9014      -0.000601697  0.0324227    0.0580099    0.0451788   
-0.00136432  -0.000601697 19.881        0.0312313    0.0451788    0.0856843   

Stress Spherical
