Time = 1000
Temperature
   1.8734582       1.72987

Pressure
    29.21398     2.8460304

CM Mom
-4.6099347e-17 4.4071261e-17 
3.2595036e-17  5.5395835e-17 
2.3279274e-16  8.1233473e-16 
6.4682144e-16  5.5127194e-16 

CM Pos
9.9938275      0.023039159   
10.008123      0.022904129   
10.000936      0.01045779    
17.322205      0.014934375   

Stress
23.6635      -0.0354521   -0.0107582    2.3292       0.0492022    0.0863845   
-0.0354521   23.592       0.0577161     0.0492022    2.49416      0.0972769   
-0.0107582   0.0577161    23.538        0.0863845    0.0972769    2.66963     

Stress Spherical
0            0            0             0            0            0           
0            0            0             0            0            0           
0            0            0             0            0            0           

Inertia
267.578      -100.015     -99.9649      4.23594      0.2719       0.335487    
-100.015     267.359      -100.101      0.2719       3.54303      0.238414    
-99.9649     -100.101     267.402       0.335487     0.238414     4.11446     

Bond Length
0.62096262    0.046970467 

BB bond length
0.62096262    0.046970467 

Water EE distance
0             0           

PEG EE distance
8.7430492     0.1609822   

BBB P2(x)
0.13092498    0.038382322 

BBB first bond length
0.62131517    0.047651831 

BBB second bond length
0.621386      0.047420621 

BBB <phi**2>/<phi>**2
1.1357879     0.014736237 

Time = 2000
Temperature
1.0150598     0.0041736484

Pressure
27.272301     0.082126043 

CM Mom
-1.4028475e-17 1.2288432e-17 
9.4243616e-18  1.7515469e-17 
1.076845e-17   7.2370379e-17 
7.0046278e-17  3.4501655e-17 

CM Pos
9.9951619      0.010959183   
9.9933621      0.0097669358  
9.9991844      0.012985143   
17.313418      0.013047148   

Stress
24.2236      -0.0207806   0.0139336     0.0984711    0.0645425    0.0621028   
-0.0207806   24.2719      -0.0297821    0.0645425    0.0763335    0.068107    
0.0139336    -0.0297821   24.1927       0.0621028    0.068107     0.100698    

Stress Spherical
0            0            0             0            0            0           
0            0            0             0            0            0           
0            0            0             0            0            0           

Inertia
266.868      -99.8868     -99.9652      1.14908      0.156379     0.225026    
-99.8868     266.898      -99.9122      0.156379     1.22263      0.133216    
-99.9652     -99.9122     266.751       0.225026     0.133216     1.07203     

Bond Length
0.59941312    0.00041918299

BB bond length
0.59941312    0.00041918299

Water EE distance
0             0           

PEG EE distance
8.1821752     0.14930522  

BBB P2(x)
0.089211403   0.0046765022

BBB first bond length
0.59952193    0.00045736892

BBB second bond length
0.59951295    0.00037182188

BBB <phi**2>/<phi>**2
1.123134      0.0014176838

Time = 3000
Temperature
1.0104197     0.0030863139

Pressure
27.241658     0.058745801 

CM Mom
-2.0308721e-17 2.6719332e-17 
2.5519806e-17  9.8846878e-18 
2.912611e-17   9.6477388e-18 
5.1467139e-17  1.2956741e-17 

CM Pos
9.9989981      0.0085475692  
10.000284      0.0048376799  
10.000769      0.015485831   
17.320543      0.012269067   

Stress
24.199       -0.00182877  0.0117153     0.0605164    0.0469005    0.0583639   
-0.00182877  24.2363      -0.016664     0.0469005    0.0551078    0.0404998   
0.0117153    -0.016664    24.2027       0.0583639    0.0404998    0.0929635   

Stress Spherical
0            0            0             0            0            0           
0            0            0             0            0            0           
0            0            0             0            0            0           

Inertia
266.824      -100.025     -100.03       0.441379     0.104302     0.200765    
-100.025     266.801      -100.015      0.104302     0.59043      0.141383    
-100.03      -100.015     266.768       0.200765     0.141383     0.317372    

Bond Length
0.59929564    0.00049309602

BB bond length
0.59929564    0.00049309602

Water EE distance
0             0           

PEG EE distance
7.6561734     0.15644649  

BBB P2(x)
0.078055545   0.0036426677

BBB first bond length
0.59943602    0.00048336897

BBB second bond length
0.59943199    0.00048098681

BBB <phi**2>/<phi>**2
1.120328      0.0016948238

Time = 4000
Temperature
1.0137166     0.0045575008

Pressure
27.242279     0.067626146 

CM Mom
-8.3801423e-18 1.6360842e-17 
3.0132773e-18  1.4438859e-17 
3.1469166e-17  1.1786597e-17 
3.9173116e-17  1.2254128e-17 

CM Pos
10.005336      0.0095919765  
9.9972817      0.0093496415  
9.9973497      0.011087576   
17.320496      0.011395579   

Stress
24.2489      -0.0136756   0.00512189    0.117062     0.0329176    0.0556414   
-0.0136756   24.1935      -0.00327424   0.0329176    0.0779707    0.0540346   
0.00512189   -0.00327424  24.1678       0.0556414    0.0540346    0.0717581   

Stress Spherical
0            0            0             0            0            0           
0            0            0             0            0            0           
0            0            0             0            0            0           

Inertia
266.583      -100.039     -100.029      0.337719     0.162743     0.103363    
-100.039     266.779      -99.9614      0.162743     0.313833     0.16928     
-100.029     -99.9614     266.752       0.103363     0.16928      0.386368    

Bond Length
0.59940462    0.00054694041

BB bond length
0.59940462    0.00054694041

Water EE distance
0             0           

PEG EE distance
7.1960492     0.10108448  

BBB P2(x)
0.068338857   0.0028382085

BBB first bond length
0.5995189     0.00055922472

BBB second bond length
0.59959531    0.00056409578

BBB <phi**2>/<phi>**2
1.1171093     0.0011350939

Time = 5000
Temperature
1.0098742     0.0058975464

Pressure
27.278439     0.065416217 

CM Mom
-5.4926689e-18 2.0596804e-17 
1.1142159e-17  2.5054703e-17 
3.2227346e-17  1.0803902e-17 
4.7123616e-17  1.1873268e-17 

CM Pos
10.003168      0.0092734569  
10.002452      0.010284778   
9.9920124      0.010116714   
17.319149      0.010708771   

Stress
24.2121      -0.0326592   0.031473      0.0704893    0.054218     0.0483853   
-0.0326592   24.2656      0.0247264     0.054218     0.136474     0.04795     
0.031473     0.0247264    24.2755       0.0483853    0.04795      0.0918799   

Stress Spherical
0            0            0             0            0            0           
0            0            0             0            0            0           
0            0            0             0            0            0           

Inertia
266.516      -100.064     -99.9136      0.322657     0.128545     0.174217    
-100.064     266.588      -99.9389      0.128545     0.281693     0.175983    
-99.9136     -99.9389     266.807       0.174217     0.175983     0.284438    

Bond Length
0.59911992    0.00046319616

BB bond length
0.59911992    0.00046319616

Water EE distance
0             0           

PEG EE distance
6.9361776     0.052952123 

BBB P2(x)
0.067674283   0.0038064821

BBB first bond length
0.59929772    0.00045190674

BBB second bond length
0.5992607     0.00053817035

BBB <phi**2>/<phi>**2
1.1174991     0.0018852763

Time = 6000
Temperature
1.0093489     0.0060286925

Pressure
27.25014      0.072658234 

CM Mom
-4.9012629e-18 2.3611726e-17 
1.3985421e-17  1.5235338e-17 
4.0851081e-17  1.0110778e-17 
5.0900613e-17  1.3762625e-17 

CM Pos
9.989074       0.0084818161  
10.00437       0.0075536598  
10.000686      0.007577561   
17.317126      0.0083789794  

Stress
24.1935      -0.0259378   -0.0315754    0.0878737    0.0608133    0.0710383   
-0.0259378   24.2882      0.0178894     0.0608133    0.100751     0.070022    
-0.0315754   0.0178894    24.1914       0.0710383    0.070022     0.0942842   

Stress Spherical
0            0            0             0            0            0           
0            0            0             0            0            0           
0            0            0             0            0            0           

Inertia
266.733      -99.919      -99.9022      0.25069      0.100228     0.164431    
-99.919      266.445      -100.038      0.100228     0.26933      0.126821    
-99.9022     -100.038     266.532       0.164431     0.126821     0.193879    

Bond Length
0.59917557    0.00059648435

BB bond length
0.59917557    0.00059648435

Water EE distance
0             0           

PEG EE distance
6.720233      0.087721717 

BBB P2(x)
0.064747631   0.0030627961

BBB first bond length
0.5992863     0.00058495518

BBB second bond length
0.59929121    0.00058103395

BBB <phi**2>/<phi>**2
1.1168769     0.0013401309

Time = 7000
Temperature
1.0144488     0.0035740905

Pressure
27.252102     0.032164111 

CM Mom
5.7960105e-18  2.4013483e-17 
9.2269176e-18  2.1953954e-17 
5.6409718e-17  2.4472175e-17 
6.6024551e-17  2.4475612e-17 

CM Pos
9.9981641      0.0060397275  
10.001451      0.010445813   
10.003104      0.011141702   
17.322083      0.010186851   

Stress
24.222       -0.0143467   -0.0184707    0.0501155    0.0505783    0.0453556   
-0.0143467   24.1944      0.0038657     0.0505783    0.0528633    0.0531074   
-0.0184707   0.0038657    24.2167       0.0453556    0.0531074    0.0935663   

Stress Spherical
0            0            0             0            0            0           
0            0            0             0            0            0           
0            0            0             0            0            0           

Inertia
266.735      -99.9676     -99.9641      0.37552      0.114181     0.135542    
-99.9676     266.685      -100.038      0.114181     0.199756     0.195451    
-99.9641     -100.038     266.685       0.135542     0.195451     0.176347    

Bond Length
0.59928508    0.00037131594

BB bond length
0.59928508    0.00037131594

Water EE distance
0             0           

PEG EE distance
6.448239      0.065640768 

BBB P2(x)
0.062100224   0.0028340793

BBB first bond length
0.5994589     0.00039928121

BBB second bond length
0.59941849    0.0004327563

BBB <phi**2>/<phi>**2
1.1154041     0.0011820585

Time = 8000
Temperature
1.0083751     0.0048136657

Pressure
27.263671     0.069632452 

CM Mom
2.8944406e-17  2.9918084e-17 
-1.0929901e-17 1.7206381e-17 
1.6217256e-17  1.8954162e-17 
5.0987707e-17  1.3073103e-17 

CM Pos
10.003335      0.0096900845  
9.9939459      0.0098707048  
9.9975165      0.0072338415  
17.31751       0.0085972975  

Stress
24.2428      -5.36304e-06 -0.0483398    0.118648     0.0608479    0.0727117   
-5.36304e-06 24.2479      0.0166218     0.0608479    0.068326     0.0450922   
-0.0483398   0.0166218    24.2318       0.0727117    0.0450922    0.0838094   

Stress Spherical
0            0            0             0            0            0           
0            0            0             0            0            0           
0            0            0             0            0            0           

Inertia
266.474      -99.975      -100.019      0.272782     0.14959      0.150341    
-99.975      266.686      -99.9469      0.14959      0.231178     0.10912     
-100.019     -99.9469     266.634       0.150341     0.10912      0.282868    

Bond Length
0.59877244    0.00073558508

BB bond length
0.59877244    0.00073558508

Water EE distance
0             0           

PEG EE distance
6.2315089     0.073293979 

BBB P2(x)
0.060447573   0.0020822384

BBB first bond length
0.59892366    0.00072031261

BBB second bond length
0.59891114    0.00072750962

BBB <phi**2>/<phi>**2
1.1152762     0.0012906148

Time = 9000
Temperature
1.0109955     0.0074707463

Pressure
27.247589     0.093351094 

CM Mom
-1.1045346e-17 1.4055814e-17 
-1.7540802e-17 1.8252448e-17 
4.5935235e-17  1.9766501e-17 
5.6537077e-17  1.627011e-17  

CM Pos
9.9986645      0.0096353826  
10.005871      0.0043621706  
9.9944309      0.0098749315  
17.319919      0.0040792019  

Stress
24.2157      0.0128325    0.00840201    0.094465     0.060398     0.0772656   
0.0128325    24.2421      -0.0206364    0.060398     0.109228     0.0480163   
0.00840201   -0.0206364   24.1928       0.0772656    0.0480163    0.0873043   

Stress Spherical
0            0            0             0            0            0           
0            0            0             0            0            0           
0            0            0             0            0            0           

Inertia
266.659      -100.079     -99.942       0.229918     0.157156     0.0789135   
-100.079     266.525      -100.038      0.157156     0.113776     0.118709    
-99.942      -100.038     266.784       0.0789135    0.118709     0.236898    

Bond Length
0.59911186    0.00055700789

BB bond length
0.59911186    0.00055700789

Water EE distance
0             0           

PEG EE distance
6.1012068     0.01940394  

BBB P2(x)
0.061005824   0.0032220454

BBB first bond length
0.59926297    0.00060444134

BBB second bond length
0.59928163    0.00055276256

BBB <phi**2>/<phi>**2
1.115634      0.0016294293

Time = 10000
Temperature
1.0133389     0.0053970481

Pressure
27.266839     0.05833679  

CM Mom
4.5468822e-18  2.0992912e-17 
-4.8631861e-19 1.6761474e-17 
7.6145782e-17  1.7929325e-17 
8.1108634e-17  1.6840139e-17 

CM Pos
9.9996653      0.0083316616  
10.003286      0.0091084948  
9.9960154      0.0078072086  
17.319917      0.0061258126  

Stress
24.2373      -0.00499828  -0.00472      0.0721096    0.0604073    0.0542386   
-0.00499828  24.1959      -0.00243466   0.0604073    0.0962686    0.0279377   
-0.00472     -0.00243466  24.2541       0.0542386    0.0279377    0.116918    

Stress Spherical
0            0            0             0            0            0           
0            0            0             0            0            0           
0            0            0             0            0            0           

Inertia
266.631      -100.046     -99.9309      0.191322     0.158353     0.115466    
-100.046     266.532      -99.9839      0.158353     0.239769     0.147923    
-99.9309     -99.9839     266.721       0.115466     0.147923     0.232926    

Bond Length
0.59917996    0.00071951265

BB bond length
0.59917996    0.00071951265

Water EE distance
0             0           

PEG EE distance
5.9812774     0.049483611 

BBB P2(x)
0.059851118   0.0038232685

BBB first bond length
0.59933944    0.00073787118

BBB second bond length
0.59930596    0.00068303725

BBB <phi**2>/<phi>**2
1.1148597     0.0010175332

Time = 11000
Temperature
1.012844      0.0050147087

Pressure
27.273824     0.060531702 

CM Mom
1.003388e-17   2.0865463e-17 
2.534007e-17   2.4451738e-17 
1.0931463e-16  4.3162069e-17 
1.1742501e-16  4.2427276e-17 

CM Pos
10.001417      0.0080958459  
9.9988662      0.0094998121  
10.004522      0.0082540859  
17.323287      0.0083978216  

Stress
24.2501      0.017198     -0.00805879   0.0819816    0.0513105    0.0367979   
0.017198     24.2277      -0.0112478    0.0513105    0.0894211    0.032138    
-0.00805879  -0.0112478   24.235        0.0367979    0.032138     0.103045    

Stress Spherical
0            0            0             0            0            0           
0            0            0             0            0            0           
0            0            0             0            0            0           

Inertia
266.711      -99.9868     -100.049      0.206003     0.115131     0.174103    
-99.9868     266.737      -100.018      0.115131     0.26482      0.157964    
-100.049     -100.018     266.633       0.174103     0.157964     0.222014    

Bond Length
0.59915971    0.00064459534

BB bond length
0.59915971    0.00064459534

Water EE distance
0             0           

PEG EE distance
5.8647391     0.067474584 

BBB P2(x)
0.054995461   0.0029075719

BBB first bond length
0.59931125    0.00060605632

BBB second bond length
0.59927424    0.00068476183

BBB <phi**2>/<phi>**2
1.1138689     0.0012243308

Time = 12000
Temperature
1.0073646     0.0051645237

Pressure
27.236088     0.032731231 

CM Mom
2.3786558e-17  3.8979782e-17 
3.5966976e-17  1.513547e-17  
1.3121604e-16  3.3676056e-17 
1.4458958e-16  3.245782e-17  

CM Pos
9.9992483      0.010659024   
9.9976153      0.0089280344  
9.9970161      0.0088242142  
17.316978      0.012179442   

Stress
24.2388      9.81406e-05  0.00256442    0.088771     0.0493917    0.056459    
9.81406e-05  24.2413      -0.00834487   0.0493917    0.0970457    0.0621321   
0.00256442   -0.00834487  24.1687       0.056459     0.0621321    0.0839667   

Stress Spherical
0            0            0             0            0            0           
0            0            0             0            0            0           
0            0            0             0            0            0           

Inertia
266.604      -99.9696     -99.9436      0.290076     0.155072     0.188992    
-99.9696     266.579      -99.9287      0.155072     0.366536     0.162971    
-99.9436     -99.9287     266.621       0.188992     0.162971     0.374084    

Bond Length
0.59906347    0.00056409895

BB bond length
0.59906347    0.00056409895

Water EE distance
0             0           

PEG EE distance
5.6755328     0.050034785 

BBB P2(x)
0.057084819   0.0019711948

BBB first bond length
0.59923681    0.00051246118

BBB second bond length
0.59915417    0.00055132537

BBB <phi**2>/<phi>**2
1.1143723     0.0010935114

Time = 13000
Temperature
1.0112625     0.0041443128

Pressure
27.271654     0.056642962 

CM Mom
5.9415473e-17  2.2872535e-17 
3.3104039e-17  2.3456134e-17 
1.4402762e-16  1.8310846e-17 
1.6226632e-16  2.1173128e-17 

CM Pos
9.9999988      0.012381129   
9.9936957      0.0095756485  
10.001103      0.010751602   
17.317512      0.011120769   

Stress
24.2647      0.0105231    -0.025145     0.0478226    0.0335908    0.0712674   
0.0105231    24.2198      0.023819      0.0335908    0.119265     0.0459318   
-0.025145    0.023819     24.236        0.0712674    0.0459318    0.099945    

Stress Spherical
0            0            0             0            0            0           
0            0            0             0            0            0           
0            0            0             0            0            0           

Inertia
266.596      -99.9505     -100.007      0.294663     0.222608     0.137148    
-99.9505     266.699      -99.978       0.222608     0.340078     0.152462    
-100.007     -99.978      266.565       0.137148     0.152462     0.342741    

Bond Length
0.59926724    0.00056010219

BB bond length
0.59926724    0.00056010219

Water EE distance
0             0           

PEG EE distance
5.5310096     0.066356617 

BBB P2(x)
0.055581928   0.0044415619

BBB first bond length
0.59940508    0.00062059864

BBB second bond length
0.59938739    0.00057910738

BBB <phi**2>/<phi>**2
1.1140024     0.0018131923

Time = 14000
Temperature
1.0126006     0.0053446226

Pressure
27.245871     0.065030176 

CM Mom
7.451224e-17   1.4923713e-17 
6.5021446e-17  1.0109775e-17 
1.6395054e-16  2.252759e-17  
1.9220199e-16  2.3461718e-17 

CM Pos
10.006754      0.0081438116  
10.002119      0.013016438   
9.995932       0.0089684505  
17.323289      0.012069985   

Stress
24.1669      -0.00831739  0.0207379     0.0869107    0.0738237    0.0467709   
-0.00831739  24.2332      0.0443852     0.0738237    0.10864      0.061839    
0.0207379    0.0443852    24.2309       0.0467709    0.061839     0.0796267   

Stress Spherical
0            0            0             0            0            0           
0            0            0             0            0            0           
0            0            0             0            0            0           

Inertia
266.671      -100.089     -100.025      0.323534     0.217764     0.102115    
-100.089     266.739      -99.9824      0.217764     0.164874     0.218434    
-100.025     -99.9824     266.87        0.102115     0.218434     0.320959    

Bond Length
0.59926676    0.00051072804

BB bond length
0.59926676    0.00051072804

Water EE distance
0             0           

PEG EE distance
5.5117719     0.025765971 

BBB P2(x)
0.055320655   0.0043675609

BBB first bond length
0.5994155     0.00052811973

BBB second bond length
0.59936053    0.00057699336

BBB <phi**2>/<phi>**2
1.1133073     0.0014331131

Time = 15000
Temperature
1.0108216     0.0050112641

Pressure
27.283637     0.046911831 

CM Mom
8.5805491e-17  1.8327359e-17 
8.2830869e-17  1.1976492e-17 
1.8619197e-16  2.1669243e-17 
2.2180983e-16  2.5303538e-17 

CM Pos
10.007921      0.0088556844  
10.002202      0.010762916   
10.00719       0.0081625781  
17.330512      0.0043967279  

Stress
24.2544      0.0171492    -0.00405396   0.0745615    0.0369203    0.0494095   
0.0171492    24.2629      0.000720714   0.0369203    0.0622162    0.0477209   
-0.00405396  0.000720714  24.2431       0.0494095    0.0477209    0.05538     

Stress Spherical
0            0            0             0            0            0           
0            0            0             0            0            0           
0            0            0             0            0            0           

Inertia
266.879      -100.125     -100.145      0.240518     0.160137     0.134166    
-100.125     266.98       -100.115      0.160137     0.236753     0.0971129   
-100.145     -100.115     266.866       0.134166     0.0971129    0.197282    

Bond Length
0.5989743     0.00041260217

BB bond length
0.5989743     0.00041260217

Water EE distance
0             0           

PEG EE distance
5.5024743     0.035606811 

BBB P2(x)
0.053673124   0.0042001757

BBB first bond length
0.59910051    0.00044110948

BBB second bond length
0.59910475    0.00042306385

BBB <phi**2>/<phi>**2
1.1131807     0.0020550587

Time = 16000
Temperature
1.0138283     0.0054733487

Pressure
27.274473     0.045698613 

CM Mom
6.5543643e-17  1.6293579e-17 
7.8808613e-17  8.8367667e-18 
1.7239497e-16  8.9022039e-18 
2.014433e-16   8.378966e-18  

CM Pos
9.9984143      0.011733655   
9.9986994      0.010105709   
10.006023      0.0070191395  
17.322324      0.012055432   

Stress
24.2479      0.0212423    0.0280176     0.104118     0.0442978    0.0693872   
0.0212423    24.2497      0.00576237    0.0442978    0.075483     0.0544229   
0.0280176    0.00576237   24.2082       0.0693872    0.0544229    0.0655447   

Stress Spherical
0            0            0             0            0            0           
0            0            0             0            0            0           
0            0            0             0            0            0           

Inertia
266.774      -99.9277     -100.032      0.283992     0.185168     0.167822    
-99.9277     266.783      -100.102      0.185168     0.318747     0.169203    
-100.032     -100.102     266.634       0.167822     0.169203     0.342468    

Bond Length
0.59909062    0.00040452811

BB bond length
0.59909062    0.00040452811

Water EE distance
0             0           

PEG EE distance
5.3976698     0.036858094 

BBB P2(x)
0.051537317   0.0026953764

BBB first bond length
0.59920618    0.00040794677

BBB second bond length
0.59917042    0.00046249616

BBB <phi**2>/<phi>**2
1.1122308     0.0010984602

Time = 17000
Temperature
1.0139911     0.0049833682

Pressure
27.293314     0.058187237 

CM Mom
8.8444379e-17  1.792925e-17  
7.4752795e-17  2.5260398e-17 
1.5625994e-16  1.9906612e-17 
1.9745788e-16  1.3919931e-17 

CM Pos
9.9989147      0.006909287   
9.9991164      0.0057591483  
10.004522      0.011980015   
17.321988      0.0065011731  

Stress
24.2038      -0.0053029   -0.00472412   0.0894595    0.055688     0.0469193   
-0.0053029   24.2824      0.0390338     0.055688     0.0751953    0.0598135   
-0.00472412  0.0390338    24.2746       0.0469193    0.0598135    0.118166    

Stress Spherical
0            0            0             0            0            0           
0            0            0             0            0            0           
0            0            0             0            0            0           

Inertia
266.777      -99.993      -100.091      0.209617     0.139002     0.143803    
-99.993      266.769      -100.034      0.139002     0.262369     0.146336    
-100.091     -100.034     266.642       0.143803     0.146336     0.212464    

Bond Length
0.59924344    0.0006347583

BB bond length
0.59924344    0.0006347583

Water EE distance
0             0           

PEG EE distance
5.4237865     0.029807207 

BBB P2(x)
0.053058115   0.0034515514

BBB first bond length
0.59937952    0.00065277251

BBB second bond length
0.59939385    0.00059941641

BBB <phi**2>/<phi>**2
1.1130596     0.0017203079

Time = 18000
Temperature
1.010715      0.0054871463

Pressure
27.301824     0.068767856 

CM Mom
1.1063066e-16  2.1532797e-17 
6.9732325e-17  2.4447597e-17 
1.7866885e-16  1.6606343e-17 
2.2377193e-16  1.6956972e-17 

CM Pos
9.99708        0.0095872624  
10.004037      0.0072030099  
10.006773      0.0092659541  
17.325068      0.010669737   

Stress
24.23        0.0513302    -0.0602478    0.0775154    0.0591169    0.0364898   
0.0513302    24.2997      0.000685215   0.0591169    0.106804     0.0377921   
-0.0602478   0.000685215  24.2862       0.0364898    0.0377921    0.0784886   

Stress Spherical
0            0            0             0            0            0           
0            0            0             0            0            0           
0            0            0             0            0            0           

Inertia
266.906      -100.014     -100.008      0.288912     0.142152     0.175419    
-100.014     266.769      -100.112      0.142152     0.330827     0.167631    
-100.008     -100.112     266.708       0.175419     0.167631     0.255533    

Bond Length
0.59905891    0.00063985372

BB bond length
0.59905891    0.00063985372

Water EE distance
0             0           

PEG EE distance
5.3189235     0.047391379 

BBB P2(x)
0.05513541    0.0027219489

BBB first bond length
0.59915428    0.00074951701

BBB second bond length
0.59920929    0.00068419834

BBB <phi**2>/<phi>**2
1.1137062     0.0015229357

Time = 19000
Temperature
1.010702      0.0022263003

Pressure
27.282669     0.088726977 

CM Mom
1.3842072e-16  1.9234035e-17 
3.3261091e-17  2.5456876e-17 
1.8065695e-16  1.2466236e-17 
2.3229394e-16  1.0791804e-17 

CM Pos
10.003335      0.0065988225  
10.001952      0.009022571   
10.006106      0.0086591272  
17.327089      0.008922539   

Stress
24.2178      -0.0112763   -0.0301998    0.115378     0.0801105    0.0628913   
-0.0112763   24.3031      0.00327329    0.0801105    0.14119      0.0646415   
-0.0301998   0.00327329   24.2376       0.0628913    0.0646415    0.0834526   

Stress Spherical
0            0            0             0            0            0           
0            0            0             0            0            0           
0            0            0             0            0            0           

Inertia
266.835      -100.036     -100.067      0.212451     0.227789     0.188526    
-100.036     266.882      -100.102      0.227789     0.295064     0.137432    
-100.067     -100.102     266.799       0.188526     0.137432     0.258314    

Bond Length
0.59901023    0.00064573363

BB bond length
0.59901023    0.00064573363

Water EE distance
0             0           

PEG EE distance
5.2721655     0.032009596 

BBB P2(x)
0.0519958     0.0031193613

BBB first bond length
0.59917642    0.00063125522

BBB second bond length
0.59912694    0.00064218505

BBB <phi**2>/<phi>**2
1.1125019     0.0010597232

Time = 20000
Temperature
1.0130337     0.0059835724

Pressure
27.31383      0.064228859 

CM Mom
1.429198e-16   1.6722726e-17 
8.7172206e-18  2.3078637e-17 
1.7410166e-16  2.8919752e-17 
2.2809008e-16  2.0904197e-17 

CM Pos
10.000332      0.012611542   
9.9962809      0.011232468   
9.9969327      0.0059328418  
17.316787      0.012402388   

Stress
24.254       0.0264506    -0.0173482    0.106204     0.0626127    0.0539083   
0.0264506    24.3127      0.0322469     0.0626127    0.0734653    0.0511751   
-0.0173482   0.0322469    24.2643       0.0539083    0.0511751    0.0973675   

Stress Spherical
0            0            0             0            0            0           
0            0            0             0            0            0           
0            0            0             0            0            0           

Inertia
266.502      -99.9335     -99.9686      0.273573     0.201585     0.171938    
-99.9335     266.598      -99.9151      0.201585     0.290624     0.126338    
-99.9686     -99.9151     266.591       0.171938     0.126338     0.405405    

Bond Length
0.59884039    0.0008758453

BB bond length
0.59884039    0.0008758453

Water EE distance
0             0           

PEG EE distance
5.3805148     0.034133643 

BBB P2(x)
0.053059213   0.0038142702

BBB first bond length
0.59890798    0.00088285248

BBB second bond length
0.59898563    0.00084029805

BBB <phi**2>/<phi>**2
1.1131394     0.0018246179

Time = 21000
Temperature
1.0126501     0.0030282547

Pressure
27.282269     0.038503707 

CM Mom
1.31051e-16    1.9878194e-17 
1.3189512e-17  1.8032139e-17 
1.6648039e-16  1.4677912e-17 
2.1429453e-16  8.8117332e-18 

CM Pos
10.001417      0.0099461606  
9.9993666      0.012931472   
9.9953482      0.0075315299  
17.318283      0.0067259286  

Stress
24.2649      -0.0104873   0.00311598    0.0973194    0.0503266    0.0599778   
-0.0104873   24.2406      0.0261605     0.0503266    0.0697093    0.0610514   
0.00311598   0.0261605    24.2343       0.0599778    0.0610514    0.0996631   

Stress Spherical
0            0            0             0            0            0           
0            0            0             0            0            0           
0            0            0             0            0            0           

Inertia
266.506      -100.021     -99.9697      0.260434     0.111735     0.136692    
-100.021     266.562      -100.007      0.111735     0.332111     0.145755    
-99.9697     -100.007     266.644       0.136692     0.145755     0.237503    

Bond Length
0.59908072    0.00052580417

BB bond length
0.59908072    0.00052580417

Water EE distance
0             0           

PEG EE distance
5.4447953     0.034796097 

BBB P2(x)
0.052478962   0.0023517275

BBB first bond length
0.59920258    0.00056117635

BBB second bond length
0.59923618    0.00054324133

BBB <phi**2>/<phi>**2
1.1130414     0.00050824439

Time = 22000
Temperature
1.0137901     0.0054532398

Pressure
27.257582     0.068143368 

CM Mom
1.3123242e-16  1.8882278e-17 
3.6254346e-17  2.5635509e-17 
1.6267774e-16  1.8178689e-17 
2.1471844e-16  1.5509562e-17 

CM Pos
10.000499      0.012102751   
9.9961976      0.011171313   
9.9990176      0.007152625   
17.318038      0.013282877   

Stress
24.1831      0.031265     -0.0260664    0.0704385    0.0311423    0.0386963   
0.031265     24.2071      0.0306916     0.0311423    0.118072     0.0690392   
-0.0260664   0.0306916    24.2653       0.0386963    0.0690392    0.123751    

Stress Spherical
0            0            0             0            0            0           
0            0            0             0            0            0           
0            0            0             0            0            0           

Inertia
266.567      -99.9843     -100.096      0.263749     0.204928     0.150947    
-99.9843     266.593      -99.9135      0.204928     0.310021     0.142183    
-100.096     -99.9135     266.576       0.150947     0.142183     0.458311    

Bond Length
0.59917068    0.00038899186

BB bond length
0.59917068    0.00038899186

Water EE distance
0             0           

PEG EE distance
5.4113622     0.029035169 

BBB P2(x)
0.052543667   0.0018638608

BBB first bond length
0.59927927    0.00035739881

BBB second bond length
0.59930546    0.00040563856

BBB <phi**2>/<phi>**2
1.1122173     0.00095003418

Time = 23000
Temperature
1.0090581     0.0048694369

Pressure
27.274903     0.058494724 

CM Mom
1.2470645e-16  1.8084597e-17 
6.9886021e-17  1.5528199e-17 
1.8190862e-16  2.31392e-17   
2.3280832e-16  2.0745747e-17 

CM Pos
10.003168      0.0098974433  
9.9979489      0.0048777679  
10.00669       0.0084407178  
17.32502       0.0086564447  

Stress
24.2281      0.0326133    -0.0260769    0.0950326    0.056809     0.0416037   
0.0326133    24.2381      0.0371751     0.056809     0.0877551    0.0685037   
-0.0260769   0.0371751    24.2838       0.0416037    0.0685037    0.0772174   

Stress Spherical
0            0            0             0            0            0           
0            0            0             0            0            0           
0            0            0             0            0            0           

Inertia
266.756      -100.062     -100.098      0.224481     0.161041     0.154183    
-100.062     266.834      -100.094      0.161041     0.283273     0.149352    
-100.098     -100.094     266.632       0.154183     0.149352     0.192686    

Bond Length
0.59904172    0.00045822785

BB bond length
0.59904172    0.00045822785

Water EE distance
0             0           

PEG EE distance
5.4275063     0.031186338 

BBB P2(x)
0.05264136    0.0030211121

BBB first bond length
0.59921553    0.0004923772

BBB second bond length
0.59916037    0.00047908849

BBB <phi**2>/<phi>**2
1.1129415     0.0011336528

Time = 24000
Temperature
1.0142533     0.0054747517

Pressure
27.293297     0.059690599 

CM Mom
1.0634638e-16  1.8666191e-17 
8.2219209e-17  1.7318968e-17 
1.8196403e-16  1.8934735e-17 
2.2795124e-16  1.5019584e-17 

CM Pos
10.000833      0.013925114   
10.011793      0.0096900845  
10.01111       0.0097259049  
17.334222      0.0098926685  

Stress
24.2085      -0.0187093   0.00858877    0.0862029    0.0724504    0.0615541   
-0.0187093   24.2736      0.0150808     0.0724504    0.144963     0.0682364   
0.00858877   0.0150808    24.2763       0.0615541    0.0682364    0.0608987   

Stress Spherical
0            0            0             0            0            0           
0            0            0             0            0            0           
0            0            0             0            0            0           

Inertia
267.11       -100.137     -100.103      0.290979     0.222614     0.164348    
-100.137     266.928      -100.247      0.222614     0.260209     0.143058    
-100.103     -100.247     266.886       0.164348     0.143058     0.36341     

Bond Length
0.59896825    0.00045870149

BB bond length
0.59896825    0.00045870149

Water EE distance
0             0           

PEG EE distance
5.3905155     0.020855541 

BBB P2(x)
0.054444438   0.004583666 

BBB first bond length
0.59911179    0.00044656794

BBB second bond length
0.59922958    0.00048016148

BBB <phi**2>/<phi>**2
1.1137318     0.0019828688

Time = 25000
Temperature
1.0139542     0.0049673156

Pressure
27.279355     0.072800925 

CM Mom
8.5867698e-17  1.8151614e-17 
7.4630463e-17  2.2432243e-17 
1.7025486e-16  1.8714301e-17 
2.0628374e-16  2.3656157e-17 

CM Pos
9.9992483      0.0089727146  
9.9997002      0.01210706    
9.9993512      0.0048656333  
17.319532      0.0070689083  

Stress
24.2577      0.0344161    -0.0335822    0.0886301    0.0634472    0.083699    
0.0344161    24.2196      0.00243887    0.0634472    0.120183     0.047779    
-0.0335822   0.00243887   24.242        0.083699     0.047779     0.0455973   

Stress Spherical
0            0            0             0            0            0           
0            0            0             0            0            0           
0            0            0             0            0            0           

Inertia
266.62       -99.9836     -99.9943      0.246829     0.21197      0.129074    
-99.9836     266.609      -99.9819      0.21197      0.166136     0.107524    
-99.9943     -99.9819     266.611       0.129074     0.107524     0.333276    

Bond Length
0.59936788    0.00060299069

BB bond length
0.59936788    0.00060299069

Water EE distance
0             0           

PEG EE distance
5.4478794     0.041844088 

BBB P2(x)
0.052866357   0.0026853183

BBB first bond length
0.59954085    0.0006067924

BBB second bond length
0.5995329     0.00061247179

BBB <phi**2>/<phi>**2
1.1130463     0.0011169467

Time = 26000
Temperature
1.0114014     0.00577812  

Pressure
27.311658     0.056845681 

CM Mom
8.7819396e-17  1.4469664e-17 
5.0838696e-17  2.3850149e-17 
1.6289833e-16  2.1305925e-17 
1.9394642e-16  2.1204132e-17 

CM Pos
10.002417      0.0091370834  
9.9966145      0.0076837436  
9.9920124      0.0086329843  
17.315344      0.0071797708  

Stress
24.2805      -0.0152307   -0.0295902    0.13792      0.0610941    0.0692094   
-0.0152307   24.3231      0.00855584    0.0610941    0.0838193    0.0635613   
-0.0295902   0.00855584   24.2356       0.0692094    0.0635613    0.085248    

Stress Spherical
0            0            0             0            0            0           
0            0            0             0            0            0           
0            0            0             0            0            0           

Inertia
266.45       -99.9923     -99.9391      0.171142     0.128565     0.18336     
-99.9923     266.554      -99.8577      0.128565     0.298474     0.135551    
-99.9391     -99.8577     266.656       0.18336      0.135551     0.173669    

Bond Length
0.59917241    0.00057105505

BB bond length
0.59917241    0.00057105505

Water EE distance
0             0           

PEG EE distance
5.383517      0.063875584 

BBB P2(x)
0.055330368   0.0030424361

BBB first bond length
0.59928814    0.00058619678

BBB second bond length
0.59932066    0.0005592029

BBB <phi**2>/<phi>**2
1.1133883     0.0012186809

Time = 27000
Temperature
1.0140635     0.0044705524

Pressure
27.276854     0.054030406 

CM Mom
1.1893221e-16  1.5925886e-17 
4.6915915e-17  8.3548479e-18 
1.4889162e-16  1.7385299e-17 
1.973273e-16   1.4223635e-17 

CM Pos
9.9924932      0.008920241   
9.9957806      0.0071102019  
10.00227       0.0098777483  
17.315055      0.0081157829  

Stress
24.2363      -0.00731919  -0.00388707   0.0762254    0.054486     0.0765031   
-0.00731919  24.2479      0.0181836     0.054486     0.07291      0.0727608   
-0.00388707  0.0181836    24.2267       0.0765031    0.0727608    0.0873179   

Stress Spherical
0            0            0             0            0            0           
0            0            0             0            0            0           
0            0            0             0            0            0           

Inertia
266.612      -99.8724     -99.938       0.225525     0.131055     0.166243    
-99.8724     266.528      -99.9574      0.131055     0.225451     0.121242    
-99.938      -99.9574     266.423       0.166243     0.121242     0.203508    

Bond Length
0.59929476    0.00056045818

BB bond length
0.59929476    0.00056045818

Water EE distance
0             0           

PEG EE distance
5.3361031     0.027389008 

BBB P2(x)
0.051188001   0.0039773508

BBB first bond length
0.59939714    0.00058516638

BBB second bond length
0.59943852    0.00052921506

BBB <phi**2>/<phi>**2
1.1125224     0.0015668036

Time = 28000
Temperature
1.0129981     0.0027198945

Pressure
27.26865      0.071507994 

CM Mom
1.2549277e-16  2.3957406e-17 
4.3924454e-17  1.6208206e-17 
1.7096865e-16  1.0914606e-17 
2.1804208e-16  1.7930863e-17 

CM Pos
9.9992483      0.0054787983  
9.9967813      0.012442766   
10.00177       0.0091905892  
17.319242      0.011839225   

Stress
24.2126      0.0136548    0.0254948     0.0677169    0.0909833    0.0676944   
0.0136548    24.2562      -0.00759689   0.0909833    0.0930228    0.0451263   
0.0254948    -0.00759689  24.227        0.0676944    0.0451263    0.117415    

Stress Spherical
