Time = 1000
Temperature
   1.1000932    0.13490866

Pressure
   23.719401    0.67395833

CM Mom
8.8140367e-18  1.3125797e-17 
1.2791768e-16  2.65785e-17   
6.119386e-17   2.1756286e-16 
2.1915712e-16  1.4271569e-16 

CM Pos
7.5040277      0.020634764   
7.502736       0.02616668    
7.4931354      0.024222128   
12.990375      0.020160982   

Stress
20.418       -0.011305    0.00265596    0.274495     0.0959124    0.0747825   
-0.011305    20.4475      0.0939635     0.0959124    0.340548     0.0919473   
0.00265596   0.0939635    20.4135       0.0747825    0.0919473    0.281485    

Stress Spherical
0            0            0             0            0            0           
0            0            0             0            0            0           
0            0            0             0            0            0           

Inertia
150.057      -56.2824     -56.2439      1.24335      0.333294     0.221176    
-56.2824     150.058      -56.2136      0.333294     1.1205       0.166387    
-56.2439     -56.2136     150.194       0.221176     0.166387     0.899699    

Bond Length
0.61998607    0.0049428589

BB bond length
0.61998607    0.0049428589

Water EE distance
0             0           

PEG EE distance
7.0565503     0.1607852   

BBB P2(x)
0.47865304    0.060250893 

BBB first bond length
0.62007364    0.005113191 

BBB second bond length
0.61993174    0.0048727293

BBB <phi**2>/<phi>**2
1.2264843     0.014235828 

Time = 2000
Temperature
1.0134611     0.0080129994

Pressure
23.194711     0.071644881 

CM Mom
3.7326757e-17  1.6630492e-17 
8.7506712e-17  2.6103626e-17 
-6.5061729e-17 2.056607e-17  
1.1976186e-16  1.793801e-17  

CM Pos
7.5056609      0.012831344   
7.503033       0.015927943   
7.5036769      0.014779367   
12.997545      0.008961891   

Stress
20.142       -0.00609997  0.0347158     0.0820461    0.0753694    0.0873619   
-0.00609997  20.2183      -0.00785572   0.0753694    0.18039      0.0499157   
0.0347158    -0.00785572  20.1224       0.0873619    0.0499157    0.0650768   

Stress Spherical
0            0            0             0            0            0           
0            0            0             0            0            0           
0            0            0             0            0            0           

Inertia
149.957      -56.2639     -56.3035      0.485738     0.112151     0.141358    
-56.2639     150.026      -56.2435      0.112151     0.31007      0.161518    
-56.3035     -56.2435     149.988       0.141358     0.161518     0.379031    

Bond Length
0.6189884     0.0015690755

BB bond length
0.6189884     0.0015690755

Water EE distance
0             0           

PEG EE distance
7.1120216     0.14327536  

BBB P2(x)
0.51916142    0.0078748075

BBB first bond length
0.61915849    0.0016003674

BBB second bond length
0.61893083    0.0014166759

BBB <phi**2>/<phi>**2
1.2284015     0.0059014805

