Time = 1000
Temperature
   1.0552384   0.076192116

Pressure
   23.622763    0.33065208

CM Mom
-2.6780038e-17 2.3000814e-17 
4.2955502e-17  1.823724e-17  
-7.3336405e-17 1.0062539e-16 
1.2396732e-16  5.9663915e-17 

CM Pos
7.4981546      0.0089856387  
7.4940575      0.016578669   
7.5039897      0.020864378   
12.988205      0.020151173   

Stress
20.4547      0.00864837   0.00580899    0.162411     0.0541938    0.0931728   
0.00864837   20.4634      0.0264144     0.0541938    0.153381     0.0595921   
0.00580899   0.0264144    20.4709       0.0931728    0.0595921    0.150186    

Stress Spherical
0            0            0             0            0            0           
0            0            0             0            0            0           
0            0            0             0            0            0           

Inertia
150.003      -56.1612     -56.2775      1.27212      0.15134      0.195175    
-56.1612     150.059      -56.1975      0.15134      0.982565     0.294959    
-56.2775     -56.1975     149.91        0.195175     0.294959     0.995742    

Bond Length
0.62157955    0.0069343869

BB bond length
0.62157955    0.0069343869

Water EE distance
0             0           

PEG EE distance
7.2803633     0.12416275  

BBB P2(x)
0.49706339    0.059842848 

BBB first bond length
0.62172715    0.007071043 

BBB second bond length
0.62157481    0.0070616724

BBB <phi**2>/<phi>**2
1.2248617     0.010469642 

Time = 2000
Temperature
1.0101864     0.0068446531

Pressure
23.373314     0.075983911 

CM Mom
7.0747056e-18  1.3139175e-17 
4.4391069e-17  2.9385175e-17 
-1.2213607e-16 2.9396142e-17 
1.3451786e-16  2.725881e-17  

CM Pos
7.5029043      0.018443769   
7.5060801      0.012247674   
7.4930062      0.017949198   
12.99155       0.019933448   

Stress
20.3607      -0.00245393  0.0175325     0.132736     0.103279     0.0830902   
-0.00245393  20.3279      0.0146222     0.103279     0.0898867    0.0516146   
0.0175325    0.0146222    20.3567       0.0830902    0.0516146    0.0816315   

Stress Spherical
0            0            0             0            0            0           
0            0            0             0            0            0           
0            0            0             0            0            0           

Inertia
149.868      -56.3359     -56.2668      0.463583     0.158858     0.273678    
-56.3359     149.861      -56.2266      0.158858     0.584444     0.216828    
-56.2668     -56.2266     150.036       0.273678     0.216828     0.487507    

Bond Length
0.6203066     0.0031127741

BB bond length
0.6203066     0.0031127741

Water EE distance
0             0           

PEG EE distance
7.4415391     0.14284881  

BBB P2(x)
0.51227355    0.0087393845

BBB first bond length
0.62006994    0.0030987626

BBB second bond length
0.62039353    0.0030636595

BBB <phi**2>/<phi>**2
1.2238431     0.014235103 

