Time = 1000
Temperature
   1.1400562    0.21818667

Pressure
   23.780234    0.99270518

CM Mom
-1.3357395e-16 4.0177168e-17 
-3.1960799e-18 1.654294e-17  
-4.1480577e-17 2.536569e-16  
2.6102395e-16  1.3292497e-16 

CM Pos
7.500021       0.026690154   
7.4990723      0.019148936   
7.4938383      0.018255271   
12.986331      0.025016054   

Stress
20.3789      -0.0348115   -0.0260862    0.373281     0.0512579    0.0699138   
-0.0348115   20.371       0.0331745     0.0512579    0.361975     0.0860407   
-0.0260862   0.0331745    20.3506       0.0699138    0.0860407    0.351716    

Stress Spherical
0            0            0             0            0            0           
0            0            0             0            0            0           
0            0            0             0            0            0           

Inertia
150.04       -56.2665     -56.2375      1.38957      0.284149     0.286836    
-56.2665     150.11       -56.1966      0.284149     1.26762      0.199119    
-56.2375     -56.1966     150.154       0.286836     0.199119     1.45295     

Bond Length
0.61912187    0.0082784373

BB bond length
0.61912187    0.0082784373

Water EE distance
0             0           

PEG EE distance
6.9416677     0.14142212  

BBB P2(x)
0.47700612    0.063025008 

BBB first bond length
0.61899187    0.0083492321

BBB second bond length
0.61917397    0.0081398315

BBB <phi**2>/<phi>**2
1.2210675     0.014697679 

Time = 2000
Temperature
1.0126586     0.010774268 

Pressure
23.117017     0.076810762 

CM Mom
-9.9804023e-17 5.3769324e-17 
4.4603938e-18  1.28325e-17   
1.288897e-17   7.1881357e-17 
1.2490164e-16  5.2623065e-17 

CM Pos
7.5046227      0.016217516   
7.4932831      0.0087366288  
7.5100184      0.01222728    
12.994972      0.01464122    

Stress
20.1008      0.0326272    0.00223694    0.103079     0.0921426    0.0724675   
0.0326272    20.108       6.85275e-05   0.0921426    0.111715     0.100228    
0.00223694   6.85275e-05  20.0463       0.0724675    0.100228     0.0836495   

Stress Spherical
0            0            0             0            0            0           
0            0            0             0            0            0           
0            0            0             0            0            0           

Inertia
149.925      -56.2172     -56.3775      0.174258     0.156236     0.228247    
-56.2172     150.125      -56.2893      0.156236     0.238986     0.117668    
-56.3775     -56.2893     149.847       0.228247     0.117668     0.188684    

Bond Length
0.6184668     0.0021334164

BB bond length
0.6184668     0.0021334164

Water EE distance
0             0           

PEG EE distance
7.2777675     0.13027593  

BBB P2(x)
0.52014349    0.013436204 

BBB first bond length
0.61848645    0.0022085554

BBB second bond length
0.61836972    0.0020966293

BBB <phi**2>/<phi>**2
1.2263305     0.0066171774

