Time = 500
Temperature
   1.0350785    0.03753969

Pressure
   22.800399    0.14234498

CM Mom
2.3987316e-17  8.9934415e-18 
6.4730075e-18  9.9251715e-18 
3.175767e-17   1.4032779e-17 
4.1865305e-17  1.5793887e-17 

CM Pos
7.5209033      0.011280423   
7.4989163      0.011427683   
7.4903845      0.022882303   
12.996307      0.019240796   

Stress
19.6662      -0.0559572   0.0701894     0.0729538    0.0364423    0.0810653   
-0.0559572   19.7077      -0.00478578   0.0364423    0.057701     0.0607709   
0.0701894    -0.00478578  19.7226       0.0810653    0.0607709    0.102326    

Stress Spherical
0            0            0             0            0            0           
0            0            0             0            0            0           
0            0            0             0            0            0           

Inertia
149.447      -56.3776     -56.3625      0.707211     0.153167     0.239217    
-56.3776     149.807      -56.0514      0.153167     0.620269     0.20692     
-56.3625     -56.0514     149.891       0.239217     0.20692      0.337437    

Bond Length
0.6124252     0.0056993339

BB bond length
0.6124252     0.0056993339

Water EE distance
0             0           

PEG EE distance
3.7411068     0.32545889  

Time = 1000
Temperature
1.0035944     0.0074144839

Pressure
22.723884     0.04958584  

CM Mom
5.6041946e-17  1.1439443e-17 
-7.9591782e-18 4.5011543e-18 
5.67945e-17    5.6758634e-17 
9.3025811e-17  3.3889905e-17 

CM Pos
7.5054776      0.018747583   
7.4929833      0.011618603   
7.4912745      0.016264313   
12.984473      0.019993585   

Stress
19.723       -0.00799924  -0.0394244    0.10096      0.0600774    0.0480977   
-0.00799924  19.7523      0.00646811    0.0600774    0.0764053    0.0350035   
-0.0394244   0.00646811   19.6747       0.0480977    0.0350035    0.0907713   

Stress Spherical
0            0            0             0            0            0           
0            0            0             0            0            0           
0            0            0             0            0            0           

Inertia
149.404      -56.2122     -56.2344      0.3782       0.222632     0.16671     
-56.2122     149.641      -56.0609      0.222632     0.444291     0.202738    
-56.2344     -56.0609     149.573       0.16671      0.202738     0.505582    

Bond Length
0.61014015    0.0029198401

BB bond length
0.61014015    0.0029198401

Water EE distance
0             0           

PEG EE distance
3.4772215     0.18207672  

