Time = 1000
Temperature
   1.3089674    0.48029191

Pressure
   24.914298     2.5841608

CM Mom
-2.7387474e-17 6.5422832e-17 
5.7129937e-17  6.26143e-17   
2.1877036e-16  5.7010038e-16 
4.3457268e-16  4.4298544e-16 

CM Pos
10.007305      0.016348815   
10.008307      0.035418182   
10.008253      0.020108674   
17.33432       0.027669679   

Stress
21.0186      -0.0270532   2.524e-05     1.4112       0.0502025    0.0761855   
-0.0270532   20.9486      0.0416412     0.0502025    1.40406      0.0459229   
2.524e-05    0.0416412    20.9994       0.0761855    0.0459229    1.34385     

Stress Spherical
0            0            0             0            0            0           
0            0            0             0            0            0           
0            0            0             0            0            0           

Inertia
267.897      -100.167     -100.145      7.07653      0.415937     0.300181    
-100.167     267.939      -100.196      0.415937     6.62549      0.457838    
-100.145     -100.196     267.877       0.300181     0.457838     7.02572     

Bond Length
0.63087483    0.024999096 

BB bond length
0.63087483    0.024999096 

Water EE distance
0             0           

PEG EE distance
9.0409178     0.22436254  

BBB P2(x)
0.1251136     0.028237867 

BBB first bond length
0.63105352    0.025486245 

BBB second bond length
0.63100961    0.025199383 

BBB <phi**2>/<phi>**2
1.134126      0.010276155 

Time = 2000
Temperature
1.0197835     0.013513886 

Pressure
22.956715     0.078144146 

CM Mom
-1.7892634e-17 2.8363313e-17 
3.287331e-17   3.8385602e-17 
3.687167e-17   1.6378641e-16 
1.5029264e-16  9.6313871e-17 

CM Pos
9.9962177      0.013703527   
10.006723      0.007056014   
10.001167      0.016844806   
17.322891      0.013777181   

Stress
19.9147      0.0209488    0.00350679    0.0353688    0.0220152    0.04432     
0.0209488    19.8955      -0.0411092    0.0220152    0.0731794    0.0364243   
0.00350679   -0.0411092   19.8854       0.04432      0.0364243    0.113781    

Stress Spherical
0            0            0             0            0            0           
0            0            0             0            0            0           
0            0            0             0            0            0           

Inertia
266.74       -99.9913     -99.9485      1.05092      0.204944     0.216969    
-99.9913     266.539      -100.063      0.204944     1.23435      0.184014    
-99.9485     -100.063     266.634       0.216969     0.184014     1.38247     

Bond Length
0.6221075     0.0009038314

BB bond length
0.6221075     0.0009038314

Water EE distance
0             0           

PEG EE distance
8.9154439     0.066739125 

BBB P2(x)
0.097183936   0.0069947957

BBB first bond length
0.62220257    0.00084376545

BBB second bond length
0.62222426    0.00091212615

BBB <phi**2>/<phi>**2
1.1250713     0.0033517707

Time = 3000
Temperature
1.010344      0.0052791333

Pressure
22.900365     0.043611499 

CM Mom
-1.7332918e-17 1.4120122e-17 
3.3718206e-17  1.5859376e-17 
2.6297167e-17  8.5774565e-17 
8.1871721e-17  5.6869003e-17 

CM Pos
9.9964678      0.010405558   
10.004222      0.0079367298  
9.9977491      0.0081236649  
17.319613      0.0080167497  

Stress
19.902       0.0194068    0.0158658     0.060853     0.0401331    0.0552745   
0.0194068    19.8601      0.0251918     0.0401331    0.0468979    0.0185633   
0.0158658    0.0251918    19.8493       0.0552745    0.0185633    0.0741493   

Stress Spherical
0            0            0             0            0            0           
0            0            0             0            0            0           
0            0            0             0            0            0           

Inertia
266.643      -99.9843     -99.9372      0.446933     0.162098     0.168125    
-99.9843     266.488      -100.019      0.162098     0.617321     0.140531    
-99.9372     -100.019     266.619       0.168125     0.140531     0.550712    

Bond Length
0.62272705    0.00044058428

BB bond length
0.62272705    0.00044058428

Water EE distance
0             0           

PEG EE distance
8.7863363     0.15004718  

BBB P2(x)
0.088363793   0.0044370824

BBB first bond length
0.62277415    0.00051667442

BBB second bond length
0.62274281    0.00045658439

BBB <phi**2>/<phi>**2
1.121778      0.0026626431

Time = 4000
Temperature
1.0123979     0.0056707486

Pressure
22.901841     0.076240119 

CM Mom
-3.2162385e-17 1.3283424e-17 
3.8332566e-17  1.1573804e-17 
8.7376093e-18  5.4051396e-17 
7.1435531e-17  2.6628388e-17 

CM Pos
10.001303      0.0078716663  
10.002388      0.013281945   
9.997499       0.01029983    
17.321202      0.010916754   

Stress
19.9076      0.0411184    -0.0129104    0.10778      0.0530426    0.0394379   
0.0411184    19.7816      0.0137563     0.0530426    0.112674     0.0382158   
-0.0129104   0.0137563    19.9082       0.0394379    0.0382158    0.0830947   

Stress Spherical
0            0            0             0            0            0           
0            0            0             0            0            0           
0            0            0             0            0            0           

Inertia
266.626      -100.052     -99.9688      0.32262      0.16207      0.159624    
-100.052     266.597      -100.011      0.16207      0.345918     0.223526    
-99.9688     -100.011     266.709       0.159624     0.223526     0.26536     

Bond Length
0.62176097    0.0010927325

BB bond length
0.62176097    0.0010927325

Water EE distance
0             0           

PEG EE distance
8.3621587     0.1508508   

BBB P2(x)
0.085420991   0.0046216747

BBB first bond length
0.62173762    0.0011675558

BBB second bond length
0.62184973    0.0010865031

BBB <phi**2>/<phi>**2
1.1206579     0.0019373488

Time = 5000
Temperature
1.0074218     0.004839658 

Pressure
22.876523     0.072355764 

CM Mom
-4.2061307e-17 1.5819954e-17 
3.1304994e-17  2.5020998e-17 
-1.3578016e-17 7.4891419e-18 
5.9345338e-17  1.8548805e-17 

CM Pos
10.002804      0.0064810276  
10.002721      0.010957292   
9.999333       0.0070348062  
17.323318      0.004524643   

Stress
19.8353      0.0174809    0.0102203     0.0999271    0.0395106    0.0429439   
0.0174809    19.881       0.0373742     0.0395106    0.0915076    0.0511873   
0.0102203    0.0373742    19.8499       0.0429439    0.0511873    0.0648154   

Stress Spherical
0            0            0             0            0            0           
0            0            0             0            0            0           
0            0            0             0            0            0           

Inertia
266.674      -100.037     -100.042      0.117635     0.120391     0.0910691   
-100.037     266.691      -100.051      0.120391     0.265219     0.10563     
-100.042     -100.051     266.754       0.0910691    0.10563      0.239642    

Bond Length
0.62219379    0.00079022457

BB bond length
0.62219379    0.00079022457

Water EE distance
0             0           

PEG EE distance
8.1236065     0.057616562 

BBB P2(x)
0.079004088   0.0056357253

BBB first bond length
0.62224726    0.00082003194

BBB second bond length
0.62235769    0.00078086479

BBB <phi**2>/<phi>**2
1.1195673     0.0025408695

Time = 6000
Temperature
1.012295      0.0054651661

Pressure
22.868401     0.043755427 

CM Mom
-5.1992044e-17 1.8803956e-17 
8.5076722e-18  1.1157592e-17 
-5.8022816e-18 2.1249174e-17 
5.8642957e-17  1.7315636e-17 

CM Pos
10.00122       0.016497135   
9.998553       0.0098271265  
10.000083      0.010638054   
17.320436      0.0098805483  

Stress
19.844       0.0346165    -0.0358641    0.0516276    0.0335607    0.0399028   
0.0346165    19.8446      -0.00557598   0.0335607    0.0631437    0.0681828   
-0.0358641   -0.00557598  19.8093       0.0399028    0.0681828    0.0513941   

Stress Spherical
0            0            0             0            0            0           
0            0            0             0            0            0           
0            0            0             0            0            0           

Inertia
266.623      -100.009     -100.048      0.354503     0.16159      0.185209    
-100.009     266.666      -99.9945      0.16159      0.348714     0.175231    
-100.048     -99.9945     266.637       0.185209     0.175231     0.274414    

Bond Length
0.62201822    0.00091959761

BB bond length
0.62201822    0.00091959761

Water EE distance
0             0           

PEG EE distance
7.7172471     0.15334164  

BBB P2(x)
0.072041353   0.0074665381

BBB first bond length
0.62202567    0.0010509255

BBB second bond length
0.6220265     0.00090401787

BBB <phi**2>/<phi>**2
1.1170397     0.0026090468

Time = 7000
Temperature
1.0063857     0.006241684 

Pressure
22.872074     0.10319607  

CM Mom
-5.8434852e-17 1.8550519e-17 
1.4525603e-17  3.7808923e-17 
-1.261941e-17  1.3660891e-17 
7.0324315e-17  2.8277582e-17 

CM Pos
10.002387      0.010103638   
10.003722      0.015502229   
9.9986661      0.010980418   
17.323276      0.0091954537  

Stress
19.8525      -0.00968777  0.00433719    0.135304     0.0603951    0.0670781   
-0.00968777  19.8763      0.00671362    0.0603951    0.156778     0.0667544   
0.00433719   0.00671362   19.8333       0.0670781    0.0667544    0.101344    

Stress Spherical
0            0            0             0            0            0           
0            0            0             0            0            0           
0            0            0             0            0            0           

Inertia
266.697      -100.074     -99.9701      0.235888     0.20677      0.130339    
-100.074     266.672      -100.037      0.20677      0.331876     0.145073    
-99.9701     -100.037     266.776       0.130339     0.145073     0.364759    

Bond Length
0.62185798    0.00096868015

BB bond length
0.62185798    0.00096868015

Water EE distance
0             0           

PEG EE distance
7.564401      0.065331741 

BBB P2(x)
0.075627688   0.0055461397

BBB first bond length
0.62183047    0.0010034878

BBB second bond length
0.62205523    0.0010520032

BBB <phi**2>/<phi>**2
1.1186412     0.0018067243

Time = 8000
Temperature
1.0110069     0.0035833236

Pressure
22.889014     0.052175828 

CM Mom
-4.3146957e-17 1.3860356e-17 
1.0074773e-17  3.3318307e-17 
7.7384965e-18  2.6102427e-17 
6.1141048e-17  1.6382102e-17 

CM Pos
10.00272       0.0080588171  
9.9938846      0.0062026844  
10.003918      0.010106045   
17.320814      0.010481791   

Stress
19.8569      0.0339091    0.0137944     0.0628603    0.0592112    0.0786061   
0.0339091    19.8612      -0.00759733   0.0592112    0.057231     0.0454138   
0.0137944    -0.00759733  19.8533       0.0786061    0.0454138    0.0710742   

Stress Spherical
0            0            0             0            0            0           
0            0            0             0            0            0           
0            0            0             0            0            0           

Inertia
266.611      -99.994      -100.066      0.264508     0.154905     0.165921    
-99.994      266.801      -99.9557      0.154905     0.315807     0.121296    
-100.066     -99.9557     266.585       0.165921     0.121296     0.29531     

Bond Length
0.62209898    0.00058214018

BB bond length
0.62209898    0.00058214018

Water EE distance
0             0           

PEG EE distance
7.3814251     0.11893169  

BBB P2(x)
0.073084596   0.0055071835

BBB first bond length
0.62217948    0.00062822742

BBB second bond length
0.62215409    0.00061167484

BBB <phi**2>/<phi>**2
1.117283      0.002009513 

Time = 9000
Temperature
1.0084288     0.0045366482

Pressure
22.90286      0.061158148 

CM Mom
-7.3566679e-17 1.0613417e-17 
2.0884651e-18  2.7945969e-17 
2.7027181e-17  1.9606993e-17 
8.4661724e-17  1.6041664e-17 

CM Pos
9.9990521      0.0084970567  
10.000304      0.011685623   
10.002084      0.0075397735  
17.321345      0.0083353278  

Stress
19.8722      0.00712282   -0.00731702   0.0859372    0.0370613    0.0319369   
0.00712282   19.881       0.0329455     0.0370613    0.0566297    0.059497    
-0.00731702  0.0329455    19.883        0.0319369    0.059497     0.096676    

Stress Spherical
0            0            0             0            0            0           
0            0            0             0            0            0           
0            0            0             0            0            0           

Inertia
266.71       -99.9858     -100.038      0.250911     0.128306     0.135921    
-99.9858     266.695      -100.054      0.128306     0.231986     0.169762    
-100.038     -100.054     266.66        0.135921     0.169762     0.307064    

Bond Length
0.62187027    0.0010001692

BB bond length
0.62187027    0.0010001692

Water EE distance
0             0           

PEG EE distance
7.3003611     0.055182938 

BBB P2(x)
0.069691663   0.0038012254

BBB first bond length
0.62192889    0.0010704289

BBB second bond length
0.6219434     0.0010444959

BBB <phi**2>/<phi>**2
1.1181989     0.0019673748

Time = 10000
Temperature
1.0096302     0.0073513346

Pressure
22.898388     0.065973024 

CM Mom
-9.3476281e-17 1.733538e-17  
9.8157395e-18  1.7795925e-17 
4.9991041e-17  2.1705381e-17 
1.09424e-16    2.1165781e-17 

CM Pos
10.003054      0.0067771878  
9.9936345      0.0089122172  
9.9979992      0.0086590898  
17.317446      0.008607974   

Stress
19.8401      -0.0185612   0.0231908     0.0920246    0.0381106    0.0403853   
-0.0185612   19.8862      0.0225771     0.0381106    0.0463153    0.0526642   
0.0231908    0.0225771    19.8856       0.0403853    0.0526642    0.0644116   

Stress Spherical
0            0            0             0            0            0           
0            0            0             0            0            0           
0            0            0             0            0            0           

Inertia
266.479      -99.9694     -100.04       0.253487     0.128818     0.150198    
-99.9694     266.657      -99.9306      0.128818     0.285098     0.130546    
-100.04      -99.9306     266.591       0.150198     0.130546     0.22699     

Bond Length
0.62172353    0.0011302673

BB bond length
0.62172353    0.0011302673

Water EE distance
0             0           

PEG EE distance
7.3425103     0.064150777 

BBB P2(x)
0.073684641   0.0062501467

BBB first bond length
0.62181348    0.0010871647

BBB second bond length
0.62180751    0.0011501595

BBB <phi**2>/<phi>**2
1.1177372     0.002596443 

Time = 11000
Temperature
1.0094975     0.0066169698

Pressure
22.860676     0.064314394 

CM Mom
-7.4240351e-17 1.2523727e-17 
1.0685856e-17  1.3804683e-17 
6.2511998e-17  1.7153226e-17 
9.9183338e-17  1.8381479e-17 

CM Pos
9.9983018      0.013399676   
10.004889      0.012315408   
9.9975824      0.01413368    
17.320968      0.0097002443  

Stress
19.8334      0.00372652   0.00202832    0.0503507    0.0443961    0.0345992   
0.00372652   19.825       -0.00486536   0.0443961    0.0858678    0.0485656   
0.00202832   -0.00486536  19.8415       0.0345992    0.0485656    0.089999    

Stress Spherical
0            0            0             0            0            0           
0            0            0             0            0            0           
0            0            0             0            0            0           

Inertia
266.722      -100.008     -99.9386      0.262991     0.234893     0.203191    
-100.008     266.585      -100.039      0.234893     0.405632     0.137529    
-99.9386     -100.039     266.717       0.203191     0.137529     0.326255    

Bond Length
0.62176942    0.0010283678

BB bond length
0.62176942    0.0010283678

Water EE distance
0             0           

PEG EE distance
7.2198206     0.097933839 

BBB P2(x)
0.068401523   0.0062941761

BBB first bond length
0.62180901    0.0011056666

BBB second bond length
0.62179409    0.0009999859

BBB <phi**2>/<phi>**2
1.1167538     0.0021567013

Time = 12000
Temperature
1.007767      0.0056292212

Pressure
22.899761     0.052551151 

CM Mom
-9.0775691e-17 2.9328569e-17 
2.3625211e-17  1.7504324e-17 
4.4909866e-17  2.6706889e-17 
1.0865435e-16  2.9821611e-17 

CM Pos
10.001386      0.0078242902  
9.9984697      0.015276662   
9.9992497      0.014583801   
17.320001      0.013584033   

Stress
19.8884      0.00423934   -0.0150105    0.0897052    0.0739864    0.0331515   
0.00423934   19.8437      0.0138132     0.0739864    0.0535213    0.0578968   
-0.0150105   0.0138132    19.9007       0.0331515    0.0578968    0.0741418   

Stress Spherical
0            0            0             0            0            0           
0            0            0             0            0            0           
0            0            0             0            0            0           

Inertia
266.626      -99.9802     -99.9786      0.483061     0.159189     0.173288    
-99.9802     266.677      -99.9621      0.159189     0.407939     0.247939    
-99.9786     -99.9621     266.661       0.173288     0.247939     0.294351    

Bond Length
0.62158946    0.0009755447

BB bond length
0.62158946    0.0009755447

Water EE distance
0             0           

PEG EE distance
7.1500107     0.0462148   

BBB P2(x)
0.068825863   0.0063071429

BBB first bond length
0.62169354    0.00097246908

BBB second bond length
0.621703      0.00094859973

BBB <phi**2>/<phi>**2
1.1171075     0.0025301425

Time = 13000
Temperature
1.0115069     0.0068030774

Pressure
22.922629     0.051868791 

CM Mom
-9.1655526e-17 1.2456345e-17 
2.1216743e-17  1.8195231e-17 
4.0830695e-17  2.2713917e-17 
1.0687502e-16  9.8949672e-18 

CM Pos
10.00147       0.012626365   
9.9992199      0.012179222   
9.9989996      0.0080657131  
17.320338      0.0082258096  

Stress
19.8829      -0.016187    0.0158762     0.0731679    0.0429301    0.0520899   
-0.016187    19.8809      0.0148873     0.0429301    0.0777972    0.0483515   
0.0158762    0.0148873    19.9039       0.0520899    0.0483515    0.0970264   

Stress Spherical
0            0            0             0            0            0           
0            0            0             0            0            0           
0            0            0             0            0            0           

Inertia
266.622      -99.9994     -100.057      0.279329     0.170015     0.125587    
-99.9994     266.688      -99.953       0.170015     0.275041     0.185538    
-100.057     -99.953      266.692       0.125587     0.185538     0.341442    

Bond Length
0.62161798    0.00087279064

BB bond length
0.62161798    0.00087279064

Water EE distance
0             0           

PEG EE distance
6.8751015     0.054626595 

BBB P2(x)
0.065488031   0.0061856379

BBB first bond length
0.62165631    0.00079701784

BBB second bond length
0.62166737    0.00086399358

BBB <phi**2>/<phi>**2
1.1165694     0.0022921646

Time = 14000
Temperature
1.0111061     0.0036639936

Pressure
22.897329     0.045749165 

CM Mom
-8.5173903e-17 1.5462281e-17 
3.1701122e-17  1.5601922e-17 
5.5381345e-17  1.5019342e-17 
1.0910959e-16  1.1394235e-17 

CM Pos
10.003387      0.0090407356  
10.000887      0.015089683   
9.9964153      0.0093932331  
17.320916      0.0096249079  

Stress
19.8651      0.00472802   -0.0229112    0.0697036    0.0508889    0.0680872   
0.00472802   19.8758      0.0152532     0.0508889    0.0610566    0.0450036   
-0.0229112   0.0152532    19.8545       0.0680872    0.0450036    0.061551    

Stress Spherical
0            0            0             0            0            0           
0            0            0             0            0            0           
0            0            0             0            0            0           

Inertia
266.598      -100.038     -99.9688      0.298334     0.203638     0.148128    
-100.038     266.672      -99.9558      0.203638     0.235583     0.168794    
-99.9688     -99.9558     266.747       0.148128     0.168794     0.357091    

Bond Length
0.62211749    0.00072262909

BB bond length
0.62211749    0.00072262909

Water EE distance
0             0           

PEG EE distance
6.7813228     0.047845167 

BBB P2(x)
0.066834358   0.0037193417

BBB first bond length
0.62217267    0.00075068533

BBB second bond length
0.62219533    0.00077599655

BBB <phi**2>/<phi>**2
1.1169599     0.0023716788

Time = 15000
Temperature
1.010149      0.0074390993

Pressure
22.875208     0.061450249 

CM Mom
-7.8155876e-17 9.2391746e-18 
3.7941065e-17  2.0457796e-17 
5.0610454e-17  1.538624e-17  
1.0316203e-16  1.4404809e-17 

CM Pos
9.996968       0.010767918   
10.002471      0.010433904   
10.000333      0.01340823    
17.320383      0.014356952   

Stress
19.8586      0.0131183    0.00755525    0.0712035    0.049168     0.0500307   
0.0131183    19.8323      0.00700923    0.049168     0.0712767    0.0477176   
0.00755525   0.00700923   19.8468       0.0500307    0.0477176    0.0495002   

Stress Spherical
0            0            0             0            0            0           
0            0            0             0            0            0           
0            0            0             0            0            0           

Inertia
266.71       -100.005     -99.9465      0.38801      0.191184     0.173892    
-100.005     266.595      -100.022      0.191184     0.344946     0.22983     
-99.9465     -100.022     266.651       0.173892     0.22983      0.285714    

Bond Length
0.62221654    0.0011853528

BB bond length
0.62221654    0.0011853528

Water EE distance
0             0           

PEG EE distance
6.6822244     0.074597958 

BBB P2(x)
0.070647943   0.006547059 

BBB first bond length
0.62221559    0.0011267931

BBB second bond length
0.6223514     0.0011975518

BBB <phi**2>/<phi>**2
1.117583      0.0028197735

Time = 16000
Temperature
1.0119367     0.0046335788

Pressure
22.910384     0.088076898 

CM Mom
-7.8050597e-17 1.0258143e-17 
4.2301859e-17  1.7591711e-17 
8.5479329e-18  2.6600972e-17 
9.4535855e-17  1.1819125e-17 

CM Pos
10.001886      0.010407227   
10.004722      0.020419391   
10.000333      0.010307923   
17.324528      0.015424648   

Stress
19.8912      -0.0230761   0.0169776     0.0711968    0.0447285    0.0684518   
-0.0230761   19.8686      0.0222809     0.0447285    0.123297     0.0495005   
0.0169776    0.0222809    19.8673       0.0684518    0.0495005    0.111084    

Stress Spherical
0            0            0             0            0            0           
0            0            0             0            0            0           
0            0            0             0            0            0           

Inertia
266.774      -100.101     -99.9997      0.532928     0.248441     0.152684    
-100.101     266.714      -100.078      0.248441     0.218786     0.240809    
-99.9997     -100.078     266.792       0.152684     0.240809     0.463872    

Bond Length
0.62185069    0.0009496616

BB bond length
0.62185069    0.0009496616

Water EE distance
0             0           

PEG EE distance
6.7600801     0.057039421 

BBB P2(x)
0.070716472   0.0075438149

BBB first bond length
0.62185052    0.00099836326

BBB second bond length
0.62202676    0.00094669795

BBB <phi**2>/<phi>**2
1.1158601     0.0030776084

Time = 17000
Temperature
1.0117641     0.0052081687

Pressure
22.912887     0.040997149 

CM Mom
-7.8456906e-17 9.4995307e-18 
6.25909e-17    1.492132e-17  
1.7328175e-17  1.5588849e-17 
1.0412487e-16  9.3425883e-18 

CM Pos
9.9983018      0.0095909146  
9.9992199      0.0084128053  
9.9994998      0.0063756205  
17.318793      0.0056404789  

Stress
19.8568      0.0170979    -0.0402511    0.0486605    0.0638308    0.0386152   
0.0170979    19.8743      -0.00945123   0.0638308    0.073862     0.0634267   
-0.0402511   -0.00945123  19.9051       0.0386152    0.0634267    0.0592351   

Stress Spherical
0            0            0             0            0            0           
0            0            0             0            0            0           
0            0            0             0            0            0           

Inertia
266.642      -99.9662     -100.01       0.154758     0.150819     0.117738    
-99.9662     266.63       -99.9873      0.150819     0.185842     0.1406      
-100.01      -99.9873     266.622       0.117738     0.1406       0.213614    

Bond Length
0.62147942    0.00072333925

BB bond length
0.62147942    0.00072333925

Water EE distance
0             0           

PEG EE distance
6.4964202     0.077101989 

BBB P2(x)
0.068452224   0.0040202232

BBB first bond length
0.62154337    0.00080235866

BBB second bond length
0.62155192    0.00070851219

BBB <phi**2>/<phi>**2
1.1178019     0.0016287997

Time = 18000
Temperature
1.0070359     0.0047097844

Pressure
22.890549     0.041388083 

CM Mom
-9.642043e-17  1.1223411e-17 
5.5129369e-17  1.8881472e-17 
3.2542663e-17  1.4258091e-17 
1.1787614e-16  1.3643889e-17 

CM Pos
10.00122       0.0094024768  
10.004305      0.0099413809  
10.001084      0.012386307   
17.324331      0.0092270107  

Stress
19.8711      -0.0128763   0.000123619   0.0788429    0.040962     0.0419126   
-0.0128763   19.8731      0.00531206    0.040962     0.0793478    0.0439201   
0.000123619  0.00531206   19.8675       0.0419126    0.0439201    0.0619993   

Stress Spherical
0            0            0             0            0            0           
0            0            0             0            0            0           
0            0            0             0            0            0           

Inertia
266.792      -100.05      -100.016      0.243441     0.159978     0.119568    
-100.05      266.718      -100.06       0.159978     0.22165      0.158488    
-100.016     -100.06      266.779       0.119568     0.158488     0.414209    

Bond Length
0.62203788    0.00060693122

BB bond length
0.62203788    0.00060693122

Water EE distance
0             0           

PEG EE distance
6.3372628     0.073573324 

BBB P2(x)
0.068107798   0.0027599455

BBB first bond length
0.62207446    0.00060628993

BBB second bond length
0.62213015    0.000586985 

BBB <phi**2>/<phi>**2
1.1167298     0.0023653475

Time = 19000
Temperature
1.0102835     0.0049214267

Pressure
22.91006      0.060253377 

CM Mom
-8.7310496e-17 2.0565823e-17 
6.8916802e-17  1.3643239e-17 
5.6518131e-17  1.8891169e-17 
1.2743545e-16  1.7120765e-17 

CM Pos
10.004721      0.0097393968  
10.003055      0.013164217   
9.9999166      0.012905098   
17.324956      0.014314108   

Stress
19.893       -0.0262632   -0.0113946    0.0600938    0.0387126    0.0460466   
-0.0262632   19.8711      -0.02508      0.0387126    0.0781039    0.0338832   
-0.0113946   -0.02508     19.877        0.0460466    0.0338832    0.0752298   

Stress Spherical
0            0            0             0            0            0           
0            0            0             0            0            0           
0            0            0             0            0            0           

Inertia
266.732      -100.123     -100.053      0.365091     0.230015     0.242155    
-100.123     266.756      -100.007      0.230015     0.409289     0.190266    
-100.053     -100.007     266.829       0.242155     0.190266     0.368313    

Bond Length
0.62180129    0.00073001987

BB bond length
0.62180129    0.00073001987

Water EE distance
0             0           

PEG EE distance
6.369581      0.09236907  

BBB P2(x)
0.071029184   0.0043126236

BBB first bond length
0.62182889    0.00071728582

BBB second bond length
0.62191272    0.00077015762

BBB <phi**2>/<phi>**2
1.1179735     0.0034436661

Time = 20000
Temperature
1.0091972     0.0053774089

Pressure
22.881213     0.06049548  

CM Mom
-8.7331263e-17 1.5638903e-17 
6.3472672e-17  1.6715718e-17 
7.239131e-17   2.890445e-17  
1.3206184e-16  2.8551017e-17 

CM Pos
10.00247       0.016780115   
9.994885       0.0090418886  
9.9972489      0.0093189537  
17.317405      0.0081604454  

Stress
19.8672      0.00294506   -0.00860072   0.0727516    0.0488293    0.0641355   
0.00294506   19.875       -0.0142869    0.0488293    0.0945033    0.0485969   
-0.00860072  -0.0142869   19.8221       0.0641355    0.0485969    0.0621315   

Stress Spherical
0            0            0             0            0            0           
0            0            0             0            0            0           
0            0            0             0            0            0           

Inertia
266.531      -99.9668     -99.9665      0.35169      0.194095     0.104816    
-99.9668     266.675      -99.917       0.194095     0.233252     0.136108    
-99.9665     -99.917      266.614       0.104816     0.136108     0.247344    

Bond Length
0.62183943    0.00087542038

BB bond length
0.62183943    0.00087542038

Water EE distance
0             0           

PEG EE distance
6.3374733     0.10529277  

BBB P2(x)
0.068694328   0.0073210056

BBB first bond length
0.62187223    0.00083501327

BBB second bond length
0.62195388    0.00089718223

BBB <phi**2>/<phi>**2
1.1172185     0.0032431024

Time = 21000
Temperature
1.0108894     0.004607002 

Pressure
22.862485     0.06138554  

CM Mom
-7.6604003e-17 1.7883916e-17 
7.4382102e-17  1.0940162e-17 
8.2069203e-17  1.6556112e-17 
1.3655996e-16  1.418545e-17  

CM Pos
9.9994689      0.0068966255  
9.996719       0.013775101   
9.9979158      0.012866266   
17.317113      0.010273792   

Stress
19.8355      -0.027838    -0.0102117    0.0500202    0.0642902    0.0451943   
-0.027838    19.8123      -0.0152874    0.0642902    0.110535     0.0559809   
-0.0102117   -0.0152874   19.8451       0.0451943    0.0559809    0.0937314   

Stress Spherical
0            0            0             0            0            0           
0            0            0             0            0            0           
0            0            0             0            0            0           

Inertia
266.544      -100.024     -99.9701      0.454833     0.149856     0.144572    
-100.024     266.605      -99.9102      0.149856     0.255206     0.220716    
-99.9701     -99.9102     266.576       0.144572     0.220716     0.320859    

Bond Length
0.62192135    0.00095623309

BB bond length
0.62192135    0.00095623309

Water EE distance
0             0           

PEG EE distance
6.4620322     0.083708536 

BBB P2(x)
0.071281677   0.0059846207

BBB first bond length
0.62205637    0.0009325396

BBB second bond length
0.62199009    0.00093413796

BBB <phi**2>/<phi>**2
1.1163164     0.0022053548

Time = 22000
Temperature
1.0120788     0.0077240564

Pressure
22.888124     0.048235768 

CM Mom
-8.91788e-17   2.7964597e-17 
8.4415082e-17  2.1710491e-17 
1.056711e-16   1.7196462e-17 
1.6586987e-16  1.6775465e-17 

CM Pos
10.001886      0.0083801116  
10.001137      0.01122454    
10.002001      0.010821033   
17.323416      0.0074867339  

Stress
19.8573      0.0162226    -0.0125764    0.0493891    0.0530752    0.0440684   
0.0162226    19.8525      -0.0264298    0.0530752    0.0523792    0.0545821   
-0.0125764   -0.0264298   19.8493       0.0440684    0.0545821    0.0605177   

Stress Spherical
0            0            0             0            0            0           
0            0            0             0            0            0           
0            0            0             0            0            0           

Inertia
266.731      -100.041     -100.029      0.283869     0.1573       0.153262    
-100.041     266.735      -100.038      0.1573       0.246742     0.180278    
-100.029     -100.038     266.727       0.153262     0.180278     0.217988    

Bond Length
0.62214453    0.0013188723

BB bond length
0.62214453    0.0013188723

Water EE distance
0             0           

PEG EE distance
6.3122356     0.062690175 

BBB P2(x)
0.065543856   0.0026400732

BBB first bond length
0.62222852    0.0012494549

BBB second bond length
0.62222635    0.0012507923

BBB <phi**2>/<phi>**2
1.1153127     0.001954731 

Time = 23000
Temperature
1.0108172     0.0051175527

Pressure
22.880993     0.055772632 

CM Mom
-6.0461422e-17 2.7032512e-17 
9.2020417e-17  1.0573932e-17 
1.3573701e-16  1.8596393e-17 
1.7717364e-16  1.8594885e-17 

CM Pos
10.000969      0.01198944    
10.000054      0.0078575277  
9.9988328      0.0088887927  
17.320428      0.012865014   

Stress
19.8839      0.0154103    -0.00802323   0.0687811    0.0602297    0.0393186   
0.0154103    19.8353      -0.0125558    0.0602297    0.0570354    0.0369652   
-0.00802323  -0.0125558   19.8298       0.0393186    0.0369652    0.0916149   

Stress Spherical
0            0            0             0            0            0           
0            0            0             0            0            0           
0            0            0             0            0            0           

Inertia
266.648      -100.017     -99.9711      0.273987     0.166135     0.178971    
-100.017     266.657      -99.9989      0.166135     0.351916     0.193789    
-99.9711     -99.9989     266.67        0.178971     0.193789     0.382536    

Bond Length
0.62197647    0.00092107625

BB bond length
0.62197647    0.00092107625

Water EE distance
0             0           

PEG EE distance
6.3231052     0.09276724  

BBB P2(x)
0.067632532   0.0062154031

BBB first bond length
0.62211398    0.0008747533

BBB second bond length
0.62206071    0.00097380709

BBB <phi**2>/<phi>**2
1.1166856     0.0021512164

Time = 24000
Temperature
1.0099806     0.0036931689

Pressure
22.913488     0.058967541 

CM Mom
-8.5793895e-17 1.8366586e-17 
8.5189522e-17  1.6417921e-17 
1.3546563e-16  1.4431732e-17 
1.8327262e-16  1.3967246e-17 

CM Pos
10.000803      0.011441316   
10.003472      0.010965217   
10.002668      0.012393318   
17.324525      0.0097195165  

Stress
19.8684      -0.0229004   0.00300497    0.0879679    0.0486445    0.0315326   
-0.0229004   19.9296      -0.0206864    0.0486445    0.0691627    0.0646518   
0.00300497   -0.0206864   19.856        0.0315326    0.0646518    0.0799793   

Stress Spherical
0            0            0             0            0            0           
0            0            0             0            0            0           
0            0            0             0            0            0           

Inertia
266.788      -100.035     -100.02       0.228143     0.162135     0.179109    
-100.035     266.738      -100.079      0.162135     0.452379     0.157013    
-100.02      -100.079     266.75        0.179109     0.157013     0.257428    

Bond Length
0.62167757    0.00081717938

BB bond length
0.62167757    0.00081717938

Water EE distance
0             0           

PEG EE distance
6.5885688     0.083893943 

BBB P2(x)
0.070675218   0.005120451 

BBB first bond length
0.62181192    0.00082725376

BBB second bond length
0.62179498    0.00080460545

BBB <phi**2>/<phi>**2
1.1168757     0.0021953283

Time = 25000
Temperature
1.010688      0.0021070315

Pressure
22.88228      0.065310052 

CM Mom
-1.0793733e-16 1.8034854e-17 
7.5020807e-17  1.5308962e-17 
1.2730567e-16  1.9755115e-17 
1.8441755e-16  2.0624566e-17 

CM Pos
10.001636      0.0090618504  
9.9991366      0.013505322   
10.003251      0.0090802376  
17.322839      0.0087981913  

Stress
19.8776      -0.0238692   0.00998438    0.0945951    0.0717986    0.0477647   
-0.0238692   19.8394      0.0107147     0.0717986    0.0848003    0.0532947   
0.00998438   0.0107147    19.837        0.0477647    0.0532947    0.0614984   

Stress Spherical
0            0            0             0            0            0           
0            0            0             0            0            0           
0            0            0             0            0            0           

Inertia
266.706      -99.9816     -100.059      0.285622     0.142713     0.107738    
-99.9816     266.769      -100.023      0.142713     0.254741     0.182556    
-100.059     -100.023     266.677       0.107738     0.182556     0.291039    

Bond Length
0.62212357    0.00055552544

BB bond length
0.62212357    0.00055552544

Water EE distance
0             0           

PEG EE distance
6.7407769     0.11338463  

BBB P2(x)
0.067537757   0.0067408395

BBB first bond length
0.62229916    0.00060593652

BBB second bond length
0.62223355    0.00056434511

BBB <phi**2>/<phi>**2
1.115914      0.0029505574

Time = 26000
Temperature
1.0059862     0.0052517392

Pressure
22.849974     0.048426963 

CM Mom
-9.1540297e-17 1.363482e-17  
8.9506091e-17  3.4072436e-17 
1.408579e-16   2.2527435e-17 
1.9278797e-16  3.031565e-17  

CM Pos
10.006722      0.0090253484  
10.002471      0.0083302048  
9.9989996      0.01052542    
17.325244      0.0094264271  

Stress
19.8515      0.0158673    0.0166444     0.0559299    0.0447725    0.0629377   
0.0158673    19.8287      -0.00619563   0.0447725    0.0848997    0.0356132   
0.0166444    -0.00619563  19.8193       0.0629377    0.0356132    0.0786915   

Stress Spherical
0            0            0             0            0            0           
0            0            0             0            0            0           
0            0            0             0            0            0           

Inertia
266.707      -100.103     -100.044      0.279536     0.118641     0.107755    
-100.103     266.792      -99.9918      0.118641     0.269326     0.113256    
-100.044     -99.9918     266.864       0.107755     0.113256     0.297798    

Bond Length
0.62204801    0.00036492981

BB bond length
0.62204801    0.00036492981

Water EE distance
0             0           

PEG EE distance
6.8340657     0.12935828  

BBB P2(x)
0.069430184   0.0048317823

BBB first bond length
0.62212355    0.00044802255

BBB second bond length
0.62205541    0.00047178848

BBB <phi**2>/<phi>**2
1.1176932     0.0020305156

Time = 27000
Temperature
1.0113277     0.0041946574

Pressure
22.896831     0.056918992 

CM Mom
-8.969062e-17  1.6153363e-17 
7.0224695e-17  1.4199753e-17 
1.2685771e-16  2.7125404e-17 
1.7254759e-16  2.2236733e-17 

CM Pos
10.001803      0.0074675322  
9.9998868      0.011755295   
10.003835      0.012656327   
17.323705      0.010397192   

Stress
19.9087      -0.0135571   0.0118431     0.0818487    0.0499143    0.0421877   
-0.0135571   19.8817      -0.0159229    0.0499143    0.0797485    0.0638403   
0.0118431    -0.0159229   19.8015       0.0421877    0.0638403    0.080909    

Stress Spherical
0            0            0             0            0            0           
0            0            0             0            0            0           
0            0            0             0            0            0           

Inertia
266.744      -99.9951     -100.055      0.403971     0.126222     0.127694    
-99.9951     266.774      -100          0.126222     0.220769     0.217128    
-100.055     -100         266.706       0.127694     0.217128     0.19414     

Bond Length
0.62198283    0.00093537863

BB bond length
0.62198283    0.00093537863

Water EE distance
0             0           

PEG EE distance
6.4919829     0.10918832  

BBB P2(x)
0.071395077   0.0053458835

BBB first bond length
0.62205475    0.00095280464

BBB second bond length
0.62216313    0.0009541548

BBB <phi**2>/<phi>**2
1.1181392     0.0018145564

Time = 28000
Temperature
1.0096107     0.0032800589

Pressure
22.895058     0.050735931 

CM Mom
-9.3442614e-17 2.3568476e-17 
8.4281574e-17  1.1646882e-17 
1.2449656e-16  3.101477e-17  
1.7929712e-16  2.8980677e-17 

CM Pos
10.003971      0.010003751   
10.003388      0.013489618   
9.9948313      0.011730735   
17.321781      0.013705729   

Stress
19.8819      0.00834232   0.0100364     0.0461534    0.0522927    0.0446593   
0.00834232   19.8763      -0.00572665   0.0522927    0.13205      0.0365229   
0.0100364    -0.00572665  19.8439       0.0446593    0.0365229    0.0559946   

Stress Spherical
