Time = 500
Temperature
    1.036905   0.041903658

Pressure
   22.705914    0.15805695

CM Mom
-4.0532527e-17 1.8594576e-17 
-1.4846886e-17 1.9285777e-17 
-8.6540968e-18 1.5204307e-17 
4.944718e-17   2.1025126e-17 

CM Pos
7.4978068      0.015288162   
7.4820794      0.010077299   
7.5146263      0.012035279   
12.987243      0.015075651   

Stress
19.5591      0.0292756    0.00659346    0.0328775    0.051983     0.0653814   
0.0292756    19.6475      0.027432      0.051983     0.0939277    0.0338182   
0.00659346   0.027432     19.5901       0.0653814    0.0338182    0.103843    

Stress Spherical
0            0            0             0            0            0           
0            0            0             0            0            0           
0            0            0             0            0            0           

Inertia
149.586      -56.125      -56.3649      0.362572     0.18093      0.228976    
-56.125      149.774      -56.2359      0.18093      0.360619     0.138172    
-56.3649     -56.2359     149.297       0.228976     0.138172     0.256294    

Bond Length
0.61513563    0.0028402691

BB bond length
0.61513563    0.0028402691

Water EE distance
0             0           

PEG EE distance
3.621025      0.1845222   

Time = 1000
Temperature
1.0151134     0.0060955496

Pressure
22.675528     0.076548793 

CM Mom
-5.0515532e-17 1.3658156e-17 
-5.9176764e-17 3.0023817e-17 
9.1563484e-18  1.1832879e-17 
8.3717865e-17  1.8890684e-17 

CM Pos
7.4957303      0.012515588   
7.47318        0.018248065   
7.5250089      0.014731188   
12.986942      0.013804954   

Stress
19.5948      -0.00896888  -0.0106405    0.0949643    0.0337388    0.0670722   
-0.00896888  19.6701      -0.0412918    0.0337388    0.0772932    0.0408367   
-0.0106405   -0.0412918   19.6364       0.0670722    0.0408367    0.0884501   

Stress Spherical
0            0            0             0            0            0           
0            0            0             0            0            0           
0            0            0             0            0            0           

Inertia
149.572      -56.0615     -56.3888      0.461549     0.129394     0.0878561   
-56.0615     149.863      -56.2672      0.129394     0.22958      0.258498    
-56.3888     -56.2672     149.136       0.0878561    0.258498     0.220406    

Bond Length
0.61679935    0.0036565477

BB bond length
0.61679935    0.0036565477

Water EE distance
0             0           

PEG EE distance
3.9409159     0.14261252  

