Time = 500
Temperature
   1.0297587   0.040311363

Pressure
   22.774746    0.21836713

CM Mom
3.9280424e-17  1.1580703e-17 
-3.0085463e-17 3.0815734e-17 
3.9487342e-18  1.7114886e-17 
6.1031582e-17  1.0745546e-17 

CM Pos
7.5029387      0.012500281   
7.4977192      0.0074213937  
7.5223968      0.02238635    
13.003729      0.0094233063  

Stress
19.7603      -0.0500118   0.0325533     0.223169     0.0710814    0.0607016   
-0.0500118   19.6554      -0.0497616    0.0710814    0.140959     0.0649141   
0.0325533    -0.0497616   19.6508       0.0607016    0.0649141    0.112098    

Stress Spherical
0            0            0             0            0            0           
0            0            0             0            0            0           
0            0            0             0            0            0           

Inertia
149.944      -56.2079     -56.4479      0.417801     0.0805048    0.128539    
-56.2079     150.021      -56.4095      0.0805048    0.452954     0.203878    
-56.4479     -56.4095     149.652       0.128539     0.203878     0.0792179   

Bond Length
0.61427377    0.0032816411

BB bond length
0.61427377    0.0032816411

Water EE distance
0             0           

PEG EE distance
3.7071815     0.15239823  

Time = 1000
Temperature
1.0093745     0.011317982 

Pressure
22.622153     0.090768149 

CM Mom
4.5044495e-17  1.2389578e-17 
-4.0791969e-17 9.893601e-18  
-1.1371169e-17 1.4256277e-17 
6.4481614e-17  1.0910664e-17 

CM Pos
7.4940402      0.0093140114  
7.4953463      0.012737341   
7.5265495      0.0085248811  
12.999617      0.0095119501  

Stress
19.5445      0.0469237    -0.00603981   0.151258     0.0157282    0.0372454   
0.0469237    19.6789      0.0569472     0.0157282    0.104466     0.0300744   
-0.00603981  0.0569472    19.5686       0.0372454    0.0300744    0.0687409   

Stress Spherical
0            0            0             0            0            0           
0            0            0             0            0            0           
0            0            0             0            0            0           

Inertia
149.986      -56.2178     -56.3488      0.174006     0.149693     0.1286      
-56.2178     149.953      -56.3819      0.149693     0.274334     0.0471526   
-56.3488     -56.3819     149.502       0.1286       0.0471526    0.307961    

Bond Length
0.61368888    0.002628316 

BB bond length
0.61368888    0.002628316 

Water EE distance
0             0           

PEG EE distance
3.9095751     0.10290834  

