Time = 1000
Temperature
   1.0742733   0.092429983

Pressure
   23.698768    0.53682078

CM Mom
3.1821266e-17  2.2751442e-17 
-1.0223693e-17 1.287368e-17  
-3.9842504e-18 1.2733737e-16 
1.2011286e-16  6.0033805e-17 

CM Pos
7.4987238      0.017966312   
7.4944943      0.018576534   
7.4975554      0.014754803   
12.985062      0.026253487   

Stress
20.431       0.0167702    -0.0368701    0.331082     0.0529206    0.049063    
0.0167702    20.4903      0.0372417     0.0529206    0.306482     0.0666903   
-0.0368701   0.0372417    20.5256       0.049063     0.0666903    0.246642    

Stress Spherical
0            0            0             0            0            0           
0            0            0             0            0            0           
0            0            0             0            0            0           

Inertia
149.941      -56.2209     -56.2107      1.32018      0.236707     0.204995    
-56.2209     150.027      -56.1856      0.236707     1.495        0.219642    
-56.2107     -56.1856     149.956       0.204995     0.219642     1.38191     

Bond Length
0.61943838    0.0046098871

BB bond length
0.61943838    0.0046098871

Water EE distance
0             0           

PEG EE distance
6.7176126     0.074595706 

BBB P2(x)
0.47136916    0.059085819 

BBB first bond length
0.61928206    0.0044854109

BBB second bond length
0.6196327     0.0047560356

BBB <phi**2>/<phi>**2
1.2161671     0.012990974 

Time = 2000
Temperature
1.0166332     0.0073322562

Pressure
23.34922      0.061589977 

CM Mom
3.649714e-17   1.5667011e-17 
-2.3983234e-17 1.8849951e-17 
4.1599029e-18  4.267495e-17  
5.9946929e-17  2.7437831e-17 

CM Pos
7.5019895      0.017413254   
7.4918224      0.022738678   
7.4978523      0.020286021   
12.985592      0.026074044   

Stress
20.3433      0.00209343   -0.0399862    0.090602     0.0534153    0.0941534   
0.00209343   20.2549      0.027731      0.0534153    0.12603      0.0720628   
-0.0399862   0.027731     20.3179       0.0941534    0.0720628    0.0614377   

Stress Spherical
0            0            0             0            0            0           
0            0            0             0            0            0           
0            0            0             0            0            0           

Inertia
149.727      -56.23       -56.2843      0.788652     0.246228     0.204971    
-56.23       149.876      -56.1685      0.246228     0.733101     0.303509    
-56.2843     -56.1685     149.787       0.204971     0.303509     0.739966    

Bond Length
0.62043985    0.0020206424

BB bond length
0.62043985    0.0020206424

Water EE distance
0             0           

PEG EE distance
6.7927588     0.075719203 

BBB P2(x)
0.51699894    0.015168489 

BBB first bond length
0.62038602    0.0021088886

BBB second bond length
0.62018986    0.0020305507

BBB <phi**2>/<phi>**2
1.228166      0.0092354892

