Time = 1000
Temperature
   1.0616332    0.18309026

Pressure
   23.852792    0.60954426

CM Mom
-7.8266049e-18 2.1979071e-17 
9.4493499e-17  2.1391953e-17 
-1.2863499e-17 6.724868e-17  
1.1653689e-16  3.2217689e-17 

CM Pos
7.4971589      0.016586895   
7.5017692      0.024156786   
7.5002643      0.014804747   
12.989932      0.025299442   

Stress
20.6561      -0.00430252  -0.00672717   0.133202     0.0739253    0.0636043   
-0.00430252  20.666       -0.00527303   0.0739253    0.131188     0.0760655   
-0.00672717  -0.00527303  20.6825       0.0636043    0.0760655    0.135593    

Stress Spherical
0            0            0             0            0            0           
0            0            0             0            0            0           
0            0            0             0            0            0           

Inertia
150.005      -56.2486     -56.2311      0.266759     0.286823     0.215466    
-56.2486     149.93       -56.2651      0.286823     0.275192     0.265405    
-56.2311     -56.2651     149.959       0.215466     0.265405     0.442627    

Bond Length
0.57363868    0.018686082 

BB bond length
0.57363868    0.018686082 

Water EE distance
0             0           

PEG EE distance
2.3885101     0.24780192  

Time = 2000
Temperature
1.0119476     0.0083472799

Pressure
23.677772     0.081514472 

CM Mom
6.9567689e-18  1.5639516e-17 
8.4702757e-17  2.0022815e-17 
-2.9622998e-17 3.6628785e-17 
9.851108e-17   1.9575959e-17 

CM Pos
7.4988035      0.012069621   
7.5018433      0.018425702   
7.4967824      0.012123473   
12.988914      0.014327446   

Stress
20.6462      -0.00918438  0.00299145    0.11825      0.0618219    0.0690467   
-0.00918438  20.6386      -0.00276046   0.0618219    0.11811      0.0673383   
0.00299145   -0.00276046  20.6419       0.0690467    0.0673383    0.0990742   

Stress Spherical
0            0            0             0            0            0           
0            0            0             0            0            0           
0            0            0             0            0            0           

Inertia
149.965      -56.268      -56.2145      0.298729     0.169244     0.149113    
-56.268      149.921      -56.2409      0.169244     0.245888     0.184218    
-56.2145     -56.2409     149.998       0.149113     0.184218     0.298138    

Bond Length
0.57024466    0.0073325902

BB bond length
0.57024466    0.0073325902

Water EE distance
0             0           

PEG EE distance
2.2112019     0.12432858  

Time = 3000
Temperature
1.009532      0.008038954 

Pressure
23.665605     0.086424244 

CM Mom
1.6133011e-17  2.059665e-17  
8.2339503e-17  2.1154963e-17 
-5.4950142e-17 2.2755738e-17 
1.0499788e-16  2.0606045e-17 

CM Pos
7.5003444      0.01495546    
7.5036361      0.012901771   
7.4963083      0.013597913   
12.990565      0.012861833   

Stress
20.654       -0.000732046 -0.00358053   0.105895     0.0751378    0.073011    
-0.000732046 20.6196      0.00472143    0.0751378    0.130983     0.0752645   
-0.00358053  0.00472143   20.6383       0.073011     0.0752645    0.104194    

Stress Spherical
0            0            0             0            0            0           
0            0            0             0            0            0           
0            0            0             0            0            0           

Inertia
149.98       -56.2772     -56.2306      0.237524     0.193879     0.146102    
-56.2772     149.933      -56.2333      0.193879     0.241433     0.156568    
-56.2306     -56.2333     150.048       0.146102     0.156568     0.335698    

Bond Length
0.56919489    0.0069339838

BB bond length
0.56919489    0.0069339838

Water EE distance
0             0           

PEG EE distance
2.2066868     0.30340672  

