Time = 1000
Temperature
   1.0635301    0.18296702

Pressure
   23.839375    0.59585406

CM Mom
-2.6811066e-17 1.8159442e-17 
-1.1609142e-17 1.8293957e-17 
-6.7368771e-17 3.4453602e-17 
7.9592388e-17  3.0144542e-17 

CM Pos
7.500393       0.034416128   
7.5022888      0.015614213   
7.5001501      0.022389053   
12.992067      0.024841037   

Stress
20.6476      -0.00436397  -0.00627756   0.137727     0.0632313    0.067412    
-0.00436397  20.646       0.00403016    0.0632313    0.110321     0.0762852   
-0.00627756  0.00403016   20.6537       0.067412     0.0762852    0.113465    

Stress Spherical
0            0            0             0            0            0           
0            0            0             0            0            0           
0            0            0             0            0            0           

Inertia
150.022      -56.271      -56.2592      0.346053     0.225865     0.38107     
-56.271      149.991      -56.2548      0.225865     0.784451     0.170581    
-56.2592     -56.2548     150.034       0.38107      0.170581     0.448002    

Bond Length
0.57430559    0.01963382  

BB bond length
0.57430559    0.01963382  

Water EE distance
0             0           

PEG EE distance
2.2696741     0.35850122  

Time = 2000
Temperature
1.0102474     0.0082676425

Pressure
23.675879     0.093625737 

CM Mom
-4.681578e-17  2.117262e-17  
-2.1416289e-17 1.9021429e-17 
-8.0883761e-17 2.3582658e-17 
1.0058884e-16  2.0992363e-17 

CM Pos
7.5008672      0.011565536   
7.5012813      0.01487468    
7.4984759      0.021745855   
12.990763      0.016907299   

Stress
20.6442      0.0067258    0.0120963     0.12863      0.0683677    0.0744323   
0.0067258    20.6386      0.0101571     0.0683677    0.129387     0.0717493   
0.0120963    0.0101571    20.6535       0.0744323    0.0717493    0.112924    

Stress Spherical
0            0            0             0            0            0           
0            0            0             0            0            0           
0            0            0             0            0            0           

Inertia
149.99       -56.2645     -56.2401      0.424997     0.135298     0.223724    
-56.2645     149.97       -56.2348      0.135298     0.422402     0.192802    
-56.2401     -56.2348     150.023       0.223724     0.192802     0.235428    

Bond Length
0.57026902    0.0077152336

BB bond length
0.57026902    0.0077152336

Water EE distance
0             0           

PEG EE distance
2.2460377     0.17867812  

Time = 3000
Temperature
1.0127426     0.0074101705

Pressure
23.675965     0.085486537 

CM Mom
-3.0173825e-17 1.4407605e-17 
-3.4653756e-17 1.9085406e-17 
-7.5079188e-17 2.1121942e-17 
9.1832126e-17  1.8249821e-17 

CM Pos
7.4999634      0.011080793   
7.5016517      0.012809219   
7.4969498      0.011680744   
12.989564      0.012067018   

Stress
20.6354      0.0064769    -0.0040622    0.110576     0.0673878    0.0772985   
0.0064769    20.643       0.00257029    0.0673878    0.118825     0.0716849   
-0.0040622   0.00257029   20.6357       0.0772985    0.0716849    0.122357    

Stress Spherical
0            0            0             0            0            0           
0            0            0             0            0            0           
0            0            0             0            0            0           

Inertia
149.969      -56.2564     -56.2382      0.263959     0.162503     0.132185    
-56.2564     149.945      -56.2277      0.162503     0.21187      0.144833    
-56.2382     -56.2277     150.013       0.132185     0.144833     0.301818    

Bond Length
0.57032106    0.0080140695

BB bond length
0.57032106    0.0080140695

Water EE distance
0             0           

PEG EE distance
2.1834366     0.23176079  

