Time = 1000
Temperature
   1.0323689   0.040210136

Pressure
   23.555303    0.18052206

CM Mom
2.5608267e-17  2.2743771e-17 
2.2540625e-17  1.2360072e-17 
-4.7317956e-17 3.3587009e-17 
6.7742793e-17  2.4736687e-17 

CM Pos
7.4973575      0.016384181   
7.5066574      0.01562997    
7.4957121      0.016340422   
12.990248      0.014557661   

Stress
20.479       0.0557569    -0.00200747   0.13513      0.0702527    0.0741774   
0.0557569    20.456       0.0123798     0.0702527    0.111643     0.0579706   
-0.00200747  0.0123798    20.457        0.0741774    0.0579706    0.112282    

Stress Spherical
0            0            0             0            0            0           
0            0            0             0            0            0           
0            0            0             0            0            0           

Inertia
150.025      -56.312      -56.1901      0.192129     0.186692     0.195646    
-56.312      149.865      -56.2623      0.186692     0.418253     0.193027    
-56.1901     -56.2623     150.059       0.195646     0.193027     0.438894    

Bond Length
0.62050915    0.0048617623

BB bond length
0.62050915    0.0048617623

Water EE distance
0             0           

PEG EE distance
6.7770717     0.18820671  

BBB P2(x)
0.48621273    0.047579573 

BBB first bond length
0.62007804    0.0051436686

BBB second bond length
0.62083929    0.0049761269

BBB <phi**2>/<phi>**2
1.2213573     0.010152796 

Time = 2000
Temperature
1.0085402     0.0088664769

Pressure
23.502215     0.10035913  

CM Mom
4.9422282e-18  1.4957606e-17 
6.1935808e-17  2.1464541e-17 
-9.6490517e-18 1.8578506e-17 
6.690383e-17   2.2518193e-17 

CM Pos
7.4946858      0.0079112951  
7.5079932      0.016038325   
7.5013523      0.013745304   
12.992723      0.014642811   

Stress
20.5236      0.0361326    -0.0340439    0.13916      0.0677937    0.0855047   
0.0361326    20.4554      -0.00898441   0.0677937    0.115182     0.0788316   
-0.0340439   -0.00898441  20.4678       0.0855047    0.0788316    0.161368    

Stress Spherical
0            0            0             0            0            0           
0            0            0             0            0            0           
0            0            0             0            0            0           

Inertia
150.07       -56.3007     -56.2032      0.246894     0.119857     0.110527    
-56.3007     149.869      -56.3089      0.119857     0.210592     0.184542    
-56.2032     -56.3089     149.978       0.110527     0.184542     0.268914    

Bond Length
0.61923519    0.0037037106

BB bond length
0.61923519    0.0037037106

Water EE distance
0             0           

PEG EE distance
6.6483678     0.18378663  

BBB P2(x)
0.51594653    0.0065919977

BBB first bond length
0.61918998    0.0037478864

BBB second bond length
0.6187284     0.0039728624

BBB <phi**2>/<phi>**2
1.2277524     0.016177664 

