Time = 500
Temperature
   1.0444618   0.048666113

Pressure
   23.193477    0.16198203

CM Mom
-1.5070921e-17 1.6841847e-17 
-6.6547493e-18 2.0360639e-17 
-9.9305112e-18 9.1044712e-18 
3.1643446e-17  1.2240119e-17 

CM Pos
7.5102124      0.010491199   
7.4922949      0.032361904   
7.5077142      0.01383566    
12.996328      0.018590006   

Stress
20.1087      0.00297589   -0.00460893   0.056412     0.0791848    0.0616002   
0.00297589   20.0244      0.0456856     0.0791848    0.117398     0.0432872   
-0.00460893  0.0456856    20.0611       0.0616002    0.0432872    0.114757    

Stress Spherical
0            0            0             0            0            0           
0            0            0             0            0            0           
0            0            0             0            0            0           

Inertia
149.624      -56.276      -56.3374      0.229979     0.31858      0.154574    
-56.276      149.958      -56.2491      0.31858      0.190969     0.212823    
-56.3374     -56.2491     149.663       0.154574     0.212823     0.470239    

Bond Length
0.61016569    0.0035770307

BB bond length
0.61016569    0.0035770307

Water EE distance
0             0           

PEG EE distance
3.2496599     0.2607439   

Time = 1000
Temperature
1.0069653     0.00548008  

Pressure
22.981528     0.073692953 

CM Mom
-1.7967823e-17 6.3356488e-18 
-1.6948471e-17 2.6654188e-17 
-1.1814925e-17 1.3422283e-17 
3.9810769e-17  9.7740639e-18 

CM Pos
7.5039809      0.014699663   
7.4893275      0.01910205    
7.5035599      0.01407542    
12.988604      0.010502221   

Stress
19.9217      -0.0109771   -0.0369783    0.091924     0.0287723    0.0594988   
-0.0109771   19.9659      0.0216884     0.0287723    0.102423     0.106861    
-0.0369783   0.0216884    20.0078       0.0594988    0.106861     0.115721    

Stress Spherical
0            0            0             0            0            0           
0            0            0             0            0            0           
0            0            0             0            0            0           

Inertia
149.619      -56.1735     -56.3006      0.0828244    0.18225      0.202711    
-56.1735     149.874      -56.23        0.18225      0.421998     0.0728186   
-56.3006     -56.23       149.676       0.202711     0.0728186    0.273766    

Bond Length
0.61140503    0.0032059974

BB bond length
0.61140503    0.0032059974

Water EE distance
0             0           

PEG EE distance
4.0483803     0.14287114  

