Time = 500
Temperature
   1.0322407    0.04124257

Pressure
   23.724249    0.24142802

CM Mom
-1.9103205e-17 8.2137423e-18 
1.0630682e-17  1.9565586e-17 
1.7530645e-17  5.1697931e-17 
5.5150202e-17  2.9439366e-17 

CM Pos
7.4953937      0.015098071   
7.5098595      0.019190369   
7.4934974      0.028105663   
12.989717      0.0071976847  

Stress
20.6246      -0.0151284   -0.00120681   0.131635     0.0692564    0.0330192   
-0.0151284   20.6584      0.0110392     0.0692564    0.161467     0.0567407   
-0.00120681  0.0110392    20.6005       0.0330192    0.0567407    0.0938998   

Stress Spherical
0            0            0             0            0            0           
0            0            0             0            0            0           
0            0            0             0            0            0           

Inertia
149.987      -56.3339     -56.2001      0.243992     0.1677       0.168674    
-56.3339     149.789      -56.335       0.1677       0.2959       0.135821    
-56.2001     -56.335      150.069       0.168674     0.135821     0.613274    

Bond Length
0.62581292    0.011372769 

BB bond length
0.62581292    0.011372769 

Water EE distance
0             0           

PEG EE distance
3.7706197     0.48250073  

Time = 1000
Temperature
1.0050633     0.0067078526

Pressure
23.613095     0.064568574 

CM Mom
-4.6561047e-17 2.3119964e-17 
-4.0026808e-18 3.964163e-17  
1.1028756e-17  1.2595932e-17 
6.2737698e-17  2.5183653e-17 

CM Pos
7.5069504      0.016699727   
7.5048219      0.015328942   
7.498535       0.017125464   
12.99635       0.019204299   

Stress
20.593       -0.0442878   -0.0368973    0.072884     0.0399088    0.0370074   
-0.0442878   20.5528      -0.000368212  0.0399088    0.0707946    0.0696973   
-0.0368973   -0.000368212 20.6488       0.0370074    0.0696973    0.117797    

Stress Spherical
0            0            0             0            0            0           
0            0            0             0            0            0           
0            0            0             0            0            0           

Inertia
149.977      -56.3138     -56.3032      0.399975     0.204921     0.219851    
-56.3138     150.038      -56.2784      0.204921     0.364149     0.209348    
-56.3032     -56.2784     150.129       0.219851     0.209348     0.396823    

Bond Length
0.62181177    0.017658719 

BB bond length
0.62181177    0.017658719 

Water EE distance
0             0           

PEG EE distance
4.4730276     0.48113853  

