Time = 500
Temperature
   1.0389523   0.048130761

Pressure
   20.412866    0.21739386

CM Mom
1.3204759e-17  1.5485835e-17 
-1.8053201e-17 1.4612939e-17 
3.5682603e-17  1.6352452e-17 
4.8825157e-17  1.0506553e-17 

CM Pos
7.5216678      0.016287552   
7.5079717      0.013020041   
7.4993703      0.02514591    
13.007173      0.014339545   

Stress
17.3332      -0.0215792   -0.00291168   0.103867     0.0461742    0.0847231   
-0.0215792   17.28        0.00344977    0.0461742    0.0729938    0.0353044   
-0.00291168  0.00344977   17.2869       0.0847231    0.0353044    0.138173    

Stress Spherical
0            0            0             0            0            0           
0            0            0             0            0            0           
0            0            0             0            0            0           

Inertia
149.2        -56.4417     -56.2914      0.295165     0.142405     0.170345    
-56.4417     149.24       -56.4422      0.142405     0.308556     0.147684    
-56.2914     -56.4422     149.563       0.170345     0.147684     0.93877     

Bond Length
0.61198415    0.001703583 

BB bond length
0.61198415    0.001703583 

Water EE distance
0             0           

PEG EE distance
3.7692948     0.11988786  

Time = 1000
Temperature
1.0119973     0.012394806 

Pressure
20.325449     0.124037    

CM Mom
-1.4179718e-17 2.7155253e-17 
-1.3948055e-17 1.1915123e-17 
2.3682818e-17  2.7145305e-17 
4.9243192e-17  1.2159029e-17 

CM Pos
7.5219645      0.018182223   
7.5186521      0.012952263   
7.5058972      0.014339058   
13.017261      0.013979799   

Stress
17.3371      -0.00542128  -0.0116326    0.125584     0.0293151    0.0416359   
-0.00542128  17.298       -0.0158275    0.0293151    0.13239      0.0425731   
-0.0116326   -0.0158275   17.245        0.0416359    0.0425731    0.0779155   

Stress Spherical
0            0            0             0            0            0           
0            0            0             0            0            0           
0            0            0             0            0            0           

Inertia
149.608      -56.4926     -56.5272      0.257934     0.085497     0.164227    
-56.4926     149.641      -56.4846      0.085497     0.307771     0.184697    
-56.5272     -56.4846     150.004       0.164227     0.184697     0.224936    

Bond Length
0.61227722    0.0020308839

BB bond length
0.61227722    0.0020308839

Water EE distance
0             0           

PEG EE distance
3.6017086     0.15297316  

