Time = 500
Temperature
   1.0344188   0.047840957

Pressure
    20.50286    0.21866478

CM Mom
-3.4801412e-17 6.9824953e-18 
-1.0875184e-17 1.7581607e-17 
2.1894054e-17  2.7528229e-17 
5.0976211e-17  1.8051451e-17 

CM Pos
7.4968081      0.012133663   
7.5183486      0.017989319   
7.4846609      0.010661592   
12.990311      0.015455829   

Stress
17.4329      -0.0382786   -0.0127285    0.129131     0.0608071    0.0771487   
-0.0382786   17.3654      0.0112583     0.0608071    0.137092     0.0538614   
-0.0127285   0.0112583    17.4033       0.0771487    0.0538614    0.139437    

Stress Spherical
0            0            0             0            0            0           
0            0            0             0            0            0           
0            0            0             0            0            0           

Inertia
149.012      -56.3934     -56.159       0.443566     0.141857     0.213984    
-56.3934     148.605      -56.1401      0.141857     0.168845     0.18817     
-56.159      -56.1401     149.312       0.213984     0.18817      0.636254    

Bond Length
0.61448649    0.0026050738

BB bond length
0.61448649    0.0026050738

Water EE distance
0             0           

PEG EE distance
3.6697028     0.066771857 

Time = 1000
Temperature
1.0046039     0.0068899237

Pressure
20.425734     0.047589242 

CM Mom
-6.9420199e-17 2.1750921e-17 
-2.6710834e-17 1.0274961e-17 
-1.6353908e-18 1.1365968e-17 
7.5742692e-17  2.2499208e-17 

CM Pos
7.5018466      0.0085387435  
7.5118281      0.015130111   
7.4885139      0.013333992   
12.991669      0.010731793   

Stress
17.4072      0.0157842    -0.00106357   0.0478835    0.0426277    0.0951469   
0.0157842    17.4383      0.0448593     0.0426277    0.075636     0.0562048   
-0.00106357  0.0448593    17.3929       0.0951469    0.0562048    0.0980421   

Stress Spherical
0            0            0             0            0            0           
0            0            0             0            0            0           
0            0            0             0            0            0           

Inertia
149.306      -56.3995     -56.1912      0.36025      0.208766     0.136232    
-56.3995     149.041      -56.1479      0.208766     0.319371     0.0952282   
-56.1912     -56.1479     149.473       0.136232     0.0952282    0.575524    

Bond Length
0.61301821    0.0016097886

BB bond length
0.61301821    0.0016097886

Water EE distance
0             0           

PEG EE distance
3.6207875     0.061399456 

