Time = 1000
Temperature
     1.48082    0.95545837

Pressure
   28.834524     4.6431998

CM Mom
-5.4624213e-17 9.3200884e-17 
3.0070314e-17  9.7512954e-17 
-1.2698257e-16 1.4814674e-15 
8.2941477e-16  1.2429901e-15 

CM Pos
10.005337      0.037341417   
9.990765       0.03522828    
10.008809      0.024526753   
17.323439      0.011539958   

Stress
24.4684      0.039949     -0.0497554    2.06501      0.0816311    0.121727    
0.039949     24.4002      -0.00193966   0.0816311    1.94764      0.0944735   
-0.0497554   -0.00193966  24.3098       0.121727     0.0944735    1.89038     

Stress Spherical
0            0            0             0            0            0           
0            0            0             0            0            0           
0            0            0             0            0            0           

Inertia
268.159      -99.9162     -100.156      6.47921      0.173374     0.257853    
-99.9162     268.482      -99.9427      0.173374     7.82693      0.553301    
-100.156     -99.9427     268.075       0.257853     0.553301     7.46266     

Bond Length
0.61448086    0.024130684 

BB bond length
0.61448086    0.024130684 

Water EE distance
0             0           

PEG EE distance
5.9846059     0.48020728  

BBB P2(x)
0.093821683   0.029077468 

BBB first bond length
0.61488987    0.024824063 

BBB second bond length
0.61483031    0.024271793 

BBB <phi**2>/<phi>**2
1.1256173     0.010281848 

Time = 2000
Temperature
1.0184904     0.0090397878

Pressure
25.776072     0.058988502 

CM Mom
-9.7602674e-17 2.3293168e-17 
-9.9822218e-18 1.6847011e-17 
-7.4708025e-17 5.9323467e-17 
1.3496351e-16  3.657504e-17  

CM Pos
9.9970859      0.011835599   
9.9952657      0.010701277   
10.000975      0.009937562   
17.316663      0.0086471036  

Stress
22.6469      -0.0116642   -0.0058852    0.0550532    0.0748716    0.0616421   
-0.0116642   22.7607      0.0304023     0.0748716    0.105343     0.0517518   
-0.0058852   0.0304023    22.7557       0.0616421    0.0517518    0.0779408   

Stress Spherical
0            0            0             0            0            0           
0            0            0             0            0            0           
0            0            0             0            0            0           

Inertia
266.902      -99.9064     -99.9577      0.590499     0.126959     0.181502    
-99.9064     266.932      -99.9306      0.126959     0.797653     0.139927    
-99.9577     -99.9306     266.798       0.181502     0.139927     0.807071    

Bond Length
0.60482648    0.00045802389

BB bond length
0.60482648    0.00045802389

Water EE distance
0             0           

PEG EE distance
5.2628737     0.10349931  

BBB P2(x)
0.065101684   0.0033288309

BBB first bond length
0.60497568    0.00048388987

BBB second bond length
0.60504155    0.00051996112

BBB <phi**2>/<phi>**2
1.1164684     0.0016216559

Time = 3000
Temperature
1.0106962     0.0043847114

Pressure
25.715538     0.028739732 

CM Mom
-8.7447355e-17 1.2512721e-17 
-1.1575527e-17 1.2003422e-17 
-2.2806163e-17 3.0449316e-17 
9.6699512e-17  1.3348011e-17 

CM Pos
9.9986695      0.010752761   
9.9962659      0.0064673365  
9.9938066      0.013744966   
17.314014      0.012917633   

Stress
22.7025      -0.00944996  0.0179723     0.0990204    0.0829679    0.0691259   
-0.00944996  22.66        0.0222664     0.0829679    0.0727162    0.064903    
0.0179723    0.0222664    22.6893       0.0691259    0.064903     0.0920229   

Stress Spherical
0            0            0             0            0            0           
0            0            0             0            0            0           
0            0            0             0            0            0           

Inertia
266.585      -99.9436     -99.9083      0.429343     0.12504      0.235061    
-99.9436     266.604      -99.8742      0.12504      0.558126     0.183259    
-99.9083     -99.8742     266.662       0.235061     0.183259     0.331361    

Bond Length
0.60455562    0.00048807301

BB bond length
0.60455562    0.00048807301

Water EE distance
0             0           

PEG EE distance
4.9127867     0.073278174 

BBB P2(x)
0.060588315   0.0021971644

BBB first bond length
0.60472133    0.00048516683

BBB second bond length
0.60472251    0.00041842509

BBB <phi**2>/<phi>**2
1.11493       0.0019237377

Time = 4000
Temperature
1.0094033     0.0072907755

Pressure
25.708034     0.073549074 

CM Mom
-1.0449079e-16 1.3986119e-17 
1.0683977e-17  1.753423e-17  
-1.5571391e-17 1.9046942e-17 
1.0938436e-16  1.3260788e-17 

CM Pos
9.997336       0.0045161584  
10.0026        0.014257249   
9.9959737      0.0097041371  
17.318152      0.011855595   

Stress
22.7084      0.0053548    -0.000867195  0.078329     0.0700643    0.0563393   
0.0053548    22.6521      -0.0186126    0.0700643    0.10107      0.0527406   
-0.000867195 -0.0186126   22.6806       0.0563393    0.0527406    0.0866662   

Stress Spherical
0            0            0             0            0            0           
0            0            0             0            0            0           
0            0            0             0            0            0           

Inertia
266.694      -100.014     -99.9608      0.433604     0.177649     0.127943    
-100.014     266.581      -99.9718      0.177649     0.263445     0.179645    
-99.9608     -99.9718     266.719       0.127943     0.179645     0.328791    

Bond Length
0.60454818    0.00046006048

BB bond length
0.60454818    0.00046006048

Water EE distance
0             0           

PEG EE distance
4.7300964     0.056301759 

BBB P2(x)
0.053086044   0.004952096 

BBB first bond length
0.60465103    0.00045479502

BBB second bond length
0.60479402    0.00048979958

BBB <phi**2>/<phi>**2
1.1130981     0.0012569096

Time = 5000
Temperature
1.0106274     0.0043052582

Pressure
25.690479     0.063599909 

CM Mom
-7.2658166e-17 1.4381208e-17 
3.1520322e-17  1.7313628e-17 
-4.5977951e-17 1.9119731e-17 
9.4656332e-17  1.7292641e-17 

CM Pos
10.00267       0.016276413   
10.005101      0.0096556959  
9.9989742      0.0049477653  
17.324412      0.0079592865  

Stress
22.688       0.0359981    0.0389188     0.0952925    0.0747019    0.0566369   
0.0359981    22.6562      -0.017878     0.0747019    0.127295     0.0577483   
0.0389188    -0.017878    22.6331       0.0566369    0.0577483    0.0871415   

Stress Spherical
0            0            0             0            0            0           
0            0            0             0            0            0           
0            0            0             0            0            0           

Inertia
266.784      -100.103     -100.032      0.202649     0.160764     0.161877    
-100.103     266.722      -100.011      0.160764     0.34507      0.0983874   
-100.032     -100.011     266.856       0.161877     0.0983874    0.264378    

Bond Length
0.60473101    0.00052333125

BB bond length
0.60473101    0.00052333125

Water EE distance
0             0           

PEG EE distance
4.6376869     0.057502248 

BBB P2(x)
0.056328432   0.0036051449

BBB first bond length
0.60495483    0.00050318451

BBB second bond length
0.60488153    0.00052353938

BBB <phi**2>/<phi>**2
1.1136659     0.0014339317

Time = 6000
Temperature
1.0109365     0.0030985278

Pressure
25.723845     0.069013274 

CM Mom
-6.526224e-17  1.9246334e-17 
6.5769703e-17  1.7221191e-17 
-2.6965914e-17 1.4686197e-17 
9.894047e-17   2.0135365e-17 

CM Pos
10.008004      0.014223833   
9.9985163      0.0081424736  
9.9988908      0.009547169   
17.32364       0.012779929   

Stress
22.6841      -0.0303118   -0.00774329   0.056132     0.0534462    0.0452864   
-0.0303118   22.6798      -0.0182949    0.0534462    0.086907     0.0540139   
-0.00774329  -0.0182949   22.7107       0.0452864    0.0540139    0.0859292   

Stress Spherical
0            0            0             0            0            0           
0            0            0             0            0            0           
0            0            0             0            0            0           

Inertia
266.654      -100.082     -100.103      0.261961     0.179105     0.203854    
-100.082     266.809      -100.015      0.179105     0.385687     0.141931    
-100.103     -100.015     266.809       0.203854     0.141931     0.255978    

Bond Length
0.60430996    0.00063073233

BB bond length
0.60430996    0.00063073233

Water EE distance
0             0           

PEG EE distance
4.5191241     0.027380785 

BBB P2(x)
0.055451217   0.0041047595

BBB first bond length
0.60446896    0.00063949278

BBB second bond length
0.60445196    0.00064060214

BBB <phi**2>/<phi>**2
1.1134594     0.0013747712

Time = 7000
Temperature
1.0130973     0.0057891046

Pressure
25.78371      0.045001918 

CM Mom
-5.7127258e-17 1.1394207e-17 
6.3362199e-17  1.778145e-17  
-2.5073477e-17 2.9113033e-17 
9.4213778e-17  1.8008659e-17 

CM Pos
9.9981694      0.0077364903  
9.9990997      0.013196527   
9.9953902      0.0080416035  
17.316276      0.0092527665  

Stress
22.7547      -0.039487    -1.64856e-05  0.0909536    0.0498112    0.0789423   
-0.039487    22.7576      0.0008153     0.0498112    0.0618435    0.0523126   
-1.64856e-05 0.0008153    22.7224       0.0789423    0.0523126    0.0830322   

Stress Spherical
0            0            0             0            0            0           
0            0            0             0            0            0           
0            0            0             0            0            0           

Inertia
266.566      -99.9842     -99.9638      0.296391     0.141555     0.112642    
-99.9842     266.544      -99.9308      0.141555     0.276988     0.108816    
-99.9638     -99.9308     266.615       0.112642     0.108816     0.305163    

Bond Length
0.60378632    0.00051715477

BB bond length
0.60378632    0.00051715477

Water EE distance
0             0           

PEG EE distance
4.460528      0.020030105 

BBB P2(x)
0.0530424     0.0021065472

BBB first bond length
0.60392558    0.00052916821

BBB second bond length
0.60391874    0.00048918849

BBB <phi**2>/<phi>**2
1.1127547     0.0010283511

Time = 8000
Temperature
1.0096774     0.0039604402

Pressure
25.728583     0.080091868 

CM Mom
-6.8977148e-17 2.0975438e-17 
8.3637788e-17  2.0981406e-17 
-1.8650461e-17 3.1124528e-17 
1.14891e-16    2.73852e-17   

CM Pos
10.000003      0.012106884   
9.9961825      0.0063715669  
9.9946401      0.0079578051  
17.315216      0.010550124   

Stress
22.6897      -0.0291235   0.00530916    0.108817     0.0556947    0.0583036   
-0.0291235   22.6656      -0.0103002    0.0556947    0.0864667    0.031301    
0.00530916   -0.0103002   22.7449       0.0583036    0.031301     0.0923601   

Stress Spherical
0            0            0             0            0            0           
0            0            0             0            0            0           
0            0            0             0            0            0           

Inertia
266.479      -99.9697     -99.9757      0.227268     0.110081     0.199613    
-99.9697     266.542      -99.9466      0.110081     0.466343     0.135587    
-99.9757     -99.9466     266.563       0.199613     0.135587     0.351222    

Bond Length
0.60456768    0.00068443348

BB bond length
0.60456768    0.00068443348

Water EE distance
0             0           

PEG EE distance
4.432567      0.034408296 

BBB P2(x)
0.052399079   0.0028744944

BBB first bond length
0.604707      0.00070389651

BBB second bond length
0.60480903    0.00066588896

BBB <phi**2>/<phi>**2
1.1124386     0.0014699371

Time = 9000
Temperature
1.010766      0.0031299203

Pressure
25.744774     0.055289679 

CM Mom
-8.1201368e-17 1.1810104e-17 
7.788599e-17   2.0082331e-17 
-8.3761784e-18 2.5405625e-17 
1.1734174e-16  1.2214312e-17 

CM Pos
10.000336      0.012536487   
9.9962659      0.0096412963  
9.9933066      0.0083696551  
17.31469       0.0084141783  

Stress
22.7567      -0.0315381   0.021034      0.110098     0.0686008    0.076732    
-0.0315381   22.7154      -0.0132627    0.0686008    0.060026     0.0512045   
0.021034     -0.0132627   22.6668       0.076732     0.0512045    0.0461191   

Stress Spherical
0            0            0             0            0            0           
0            0            0             0            0            0           
0            0            0             0            0            0           

Inertia
266.455      -99.9812     -99.9373      0.254539     0.166667     0.138456    
-99.9812     266.533      -99.9127      0.166667     0.301236     0.182416    
-99.9373     -99.9127     266.604       0.138456     0.182416     0.263676    

Bond Length
0.60445327    0.00054380114

BB bond length
0.60445327    0.00054380114

Water EE distance
0             0           

PEG EE distance
4.4111118     0.03204072  

BBB P2(x)
0.052565485   0.0020107897

BBB first bond length
0.60467962    0.00052398563

BBB second bond length
0.60459948    0.0005583689

BBB <phi**2>/<phi>**2
1.112856      0.001225276 

Time = 10000
Temperature
1.0128422     0.0030532996

Pressure
25.718998     0.032549869 

CM Mom
-6.6980973e-17 1.5232638e-17 
5.8954573e-17  1.6958702e-17 
-2.9511061e-17 2.0306292e-17 
9.753549e-17   1.5868196e-17 

CM Pos
9.9995864      0.0067839726  
10.005434      0.0056534982  
9.9983074      0.0093497607  
17.322433      0.0087106355  

Stress
22.7003      0.0067734    -0.00504572   0.0813807    0.03791      0.0663474   
0.0067734    22.664       0.0270007     0.03791      0.0664294    0.0678015   
-0.00504572  0.0270007    22.6786       0.0663474    0.0678015    0.0600296   

Stress Spherical
0            0            0             0            0            0           
0            0            0             0            0            0           
0            0            0             0            0            0           

Inertia
266.737      -100.069     -99.9446      0.261579     0.111882     0.133724    
-100.069     266.643      -100.017      0.111882     0.236203     0.139885    
-99.9446     -100.017     266.769       0.133724     0.139885     0.19511     

Bond Length
0.60467558    0.00063713552

BB bond length
0.60467558    0.00063713552

Water EE distance
0             0           

PEG EE distance
4.340579      0.016031615 

BBB P2(x)
0.052702003   0.0029444964

BBB first bond length
0.60490393    0.00065771339

BBB second bond length
0.6048419     0.00061534716

BBB <phi**2>/<phi>**2
1.1132863     0.0010585777

Time = 11000
Temperature
1.007326      0.0041570121

Pressure
25.70852      0.060495042 

CM Mom
-7.6933005e-17 2.0562232e-17 
5.9705833e-17  1.164907e-17  
-4.0017228e-17 2.9326911e-17 
1.0946715e-16  2.2811621e-17 

CM Pos
10.003337      0.0093557028  
10.0016        0.0084296148  
10.001308      0.0075639615  
17.324118      0.0072726684  

Stress
22.7358      -0.0300621   -0.00509286   0.0967441    0.0430192    0.043744    
-0.0300621   22.6495      0.0200475     0.0430192    0.0548031    0.0477675   
-0.00509286  0.0200475    22.6758       0.043744     0.0477675    0.0921096   

Stress Spherical
0            0            0             0            0            0           
0            0            0             0            0            0           
0            0            0             0            0            0           

Inertia
266.727      -100.004     -100.062      0.111704     0.171335     0.0986354   
-100.004     266.775      -100.07       0.171335     0.190328     0.120538    
-100.062     -100.07      266.765       0.0986354    0.120538     0.312053    

Bond Length
0.6043914     0.00057424347

BB bond length
0.6043914     0.00057424347

Water EE distance
0             0           

PEG EE distance
4.3663843     0.042053206 

BBB P2(x)
0.053242244   0.002904525 

BBB first bond length
0.6045317     0.00060226796

BBB second bond length
0.60454087    0.00058026047

BBB <phi**2>/<phi>**2
1.1128871     0.001504133 

Time = 12000
Temperature
1.0143097     0.0041434228

Pressure
25.760712     0.091431738 

CM Mom
-6.4380767e-17 1.1468862e-17 
5.9193658e-17  2.6435774e-17 
-5.0430282e-17 1.2297438e-17 
1.0492556e-16  1.2814985e-17 

CM Pos
9.9974193      0.011166351   
10.002684      0.010830009   
9.9993909      0.0084871051  
17.320221      0.011577929   

Stress
22.7546      -0.00674425  -0.00236224   0.0931843    0.0719091    0.0367806   
-0.00674425  22.74        0.012982      0.0719091    0.0912089    0.0593188   
-0.00236224  0.012982     22.6602       0.0367806    0.0593188    0.106109    

Stress Spherical
0            0            0             0            0            0           
0            0            0             0            0            0           
0            0            0             0            0            0           

Inertia
266.695      -100.004     -99.9497      0.322643     0.202489     0.132821    
-100.004     266.6        -100.002      0.202489     0.290435     0.147728    
-99.9497     -100.002     266.691       0.132821     0.147728     0.346781    

Bond Length
0.60429096    0.00060592024

BB bond length
0.60429096    0.00060592024

Water EE distance
0             0           

PEG EE distance
4.3216479     0.029937658 

BBB P2(x)
0.052059682   0.0027887295

BBB first bond length
0.60445327    0.00056298461

BBB second bond length
0.60448184    0.00063241897

BBB <phi**2>/<phi>**2
1.1125205     0.001633505 

Time = 13000
Temperature
1.0105072     0.0040842103

Pressure
25.693542     0.072426647 

CM Mom
-3.7683087e-17 1.244021e-17  
8.6581064e-17  1.3826657e-17 
-8.4603034e-17 1.6783133e-17 
1.2837147e-16  1.4911173e-17 

CM Pos
9.9970026      0.0078204395  
10.001267      0.0088052704  
10.000891      0.0086620986  
17.320028      0.0083196594  

Stress
22.6429      0.0262594    0.0174921     0.0482265    0.0507938    0.0771354   
0.0262594    22.7068      0.00805343    0.0507938    0.145549     0.0317958   
0.0174921    0.00805343   22.638        0.0771354    0.0317958    0.0940704   

Stress Spherical
0            0            0             0            0            0           
0            0            0             0            0            0           
0            0            0             0            0            0           

Inertia
266.689      -99.9873     -99.9485      0.182934     0.171496     0.129249    
-99.9873     266.63       -100.057      0.171496     0.238671     0.106331    
-99.9485     -100.057     266.659       0.129249     0.106331     0.289097    

Bond Length
0.60480827    0.00048620233

BB bond length
0.60480827    0.00048620233

Water EE distance
0             0           

PEG EE distance
4.3198        0.039168613 

BBB P2(x)
0.050335061   0.0048934135

BBB first bond length
0.60502308    0.00049813539

BBB second bond length
0.60495841    0.00042617417

BBB <phi**2>/<phi>**2
1.1124671     0.0015966315

Time = 14000
Temperature
1.0141098     0.0038918035

Pressure
25.74851      0.10316531  

CM Mom
-3.4196521e-17 2.1890344e-17 
7.8240858e-17  1.4481929e-17 
-8.3769505e-17 1.4705827e-17 
1.2285054e-16  1.1012864e-17 

CM Pos
9.9963358      0.0091999631  
9.9990163      0.016366645   
10.000724      0.01465229    
17.318255      0.012111086   

Stress
22.7515      0.0284917    0.0110707     0.0987209    0.0453348    0.048803    
0.0284917    22.6826      -0.00441249   0.0453348    0.130902     0.0293116   
0.0110707    -0.00441249  22.6859       0.048803     0.0293116    0.100427    

Stress Spherical
0            0            0             0            0            0           
0            0            0             0            0            0           
0            0            0             0            0            0           

Inertia
266.664      -99.9123     -99.92        0.39712      0.24476      0.154833    
-99.9123     266.598      -99.9814      0.24476      0.340534     0.185145    
-99.92       -99.9814     266.586       0.154833     0.185145     0.383288    

Bond Length
0.60430749    0.0005589493

BB bond length
0.60430749    0.0005589493

Water EE distance
0             0           

PEG EE distance
4.2973742     0.031269258 

BBB P2(x)
0.051521341   0.0024920837

BBB first bond length
0.60443431    0.00054945839

BBB second bond length
0.60450194    0.00054325263

BBB <phi**2>/<phi>**2
1.1124864     0.0011184491

Time = 15000
Temperature
1.0121269     0.005074856 

Pressure
25.745587     0.071983222 

CM Mom
-4.8523128e-17 2.6455482e-17 
5.9443615e-17  2.2473175e-17 
-7.0897475e-17 1.4737162e-17 
1.1030587e-16  1.3008626e-17 

CM Pos
10.005087      0.0070864749  
9.9960992      0.009606649   
9.9973072      0.0065117603  
17.319643      0.0090289871  

Stress
22.721       0.0224327    0.00290812    0.126665     0.0575431    0.0602471   
0.0224327    22.6975      -0.00649753   0.0575431    0.0965157    0.0724103   
0.00290812   -0.00649753  22.7106       0.0602471    0.0724103    0.0804707   

Stress Spherical
0            0            0             0            0            0           
0            0            0             0            0            0           
0            0            0             0            0            0           

Inertia
266.55       -100.009     -100.025      0.33482      0.158547     0.136025    
-100.009     266.724      -99.8878      0.158547     0.150006     0.145104    
-100.025     -99.8878     266.713       0.136025     0.145104     0.202634    

Bond Length
0.60430553    0.00051978436

BB bond length
0.60430553    0.00051978436

Water EE distance
0             0           

PEG EE distance
4.3312128     0.073065307 

BBB P2(x)
0.052376144   0.0043494776

BBB first bond length
0.60451363    0.00057008974

BBB second bond length
0.60453147    0.00057560488

BBB <phi**2>/<phi>**2
1.1135593     0.001436021 

Time = 16000
Temperature
1.011944      0.0056158626

Pressure
25.722676     0.05997591  

CM Mom
-8.4408625e-17 1.7295729e-17 
6.2903346e-17  1.8912976e-17 
-8.3436989e-17 2.4791477e-17 
1.3770426e-16  1.8771642e-17 

CM Pos
10.005004      0.0070427172  
9.9980162      0.010763093   
9.9951402      0.0095307834  
17.319453      0.0087930005  

Stress
22.7057      0.00669942   0.0540378     0.116693     0.0346478    0.0567855   
0.00669942   22.6597      0.013437      0.0346478    0.0887187    0.0481729   
0.0540378    0.013437     22.6966       0.0567855    0.0481729    0.107034    

Stress Spherical
0            0            0             0            0            0           
0            0            0             0            0            0           
0            0            0             0            0            0           

Inertia
266.527      -100.047     -100.029      0.326529     0.0820135    0.125715    
-100.047     266.686      -99.8927      0.0820135    0.215275     0.148032    
-100.029     -99.8927     266.763       0.125715     0.148032     0.212804    

Bond Length
0.60454114    0.00066711164

BB bond length
0.60454114    0.00066711164

Water EE distance
0             0           

PEG EE distance
4.3715283     0.033795005 

BBB P2(x)
0.053446953   0.0037623654

BBB first bond length
0.60467108    0.00061807537

BBB second bond length
0.60467183    0.00066753288

BBB <phi**2>/<phi>**2
1.1128278     0.0019879434

Time = 17000
Temperature
1.0124146     0.0051203565

Pressure
25.689029     0.057017701 

CM Mom
-7.9782359e-17 1.3839259e-17 
6.4743038e-17  1.5429062e-17 
-6.2856963e-17 1.5958518e-17 
1.2276101e-16  1.1039611e-17 

CM Pos
10.00342       0.010882799   
9.9998498      0.0079769869  
9.9962237      0.0067552398  
17.320221      0.0083334505  

Stress
22.6747      0.0222319    -0.0177462    0.056707     0.0526768    0.0479547   
0.0222319    22.6413      -0.0308418    0.0526768    0.070025     0.0498069   
-0.0177462   -0.0308418   22.6409       0.0479547    0.0498069    0.0740178   

Stress Spherical
0            0            0             0            0            0           
0            0            0             0            0            0           
0            0            0             0            0            0           

Inertia
266.567      -100.034     -99.9652      0.258094     0.0977724    0.159694    
-100.034     266.663      -99.9607      0.0977724    0.281697     0.153556    
-99.9652     -99.9607     266.721       0.159694     0.153556     0.192634    

Bond Length
0.60474565    0.00052706162

BB bond length
0.60474565    0.00052706162

Water EE distance
0             0           

PEG EE distance
4.3661198     0.024088007 

BBB P2(x)
0.053292346   0.0027133407

BBB first bond length
0.60496704    0.00052701924

BBB second bond length
0.60490916    0.00054204959

BBB <phi**2>/<phi>**2
1.1128929     0.0015980478

Time = 18000
Temperature
1.0109534     0.0058004572

Pressure
25.748235     0.050337658 

CM Mom
-8.0747893e-17 2.0482139e-17 
5.4055302e-17  1.6431016e-17 
-3.5743111e-17 1.9781828e-17 
1.0810875e-16  1.0634099e-17 

CM Pos
9.9963358      0.0084440241  
10.007101      0.0066787083  
9.9988075      0.011920693   
17.321809      0.011415345   

Stress
22.7551      0.0125076    -0.0273978    0.0983135    0.0574977    0.0343925   
0.0125076    22.7231      0.0282044     0.0574977    0.0884908    0.0652425   
-0.0273978   0.0282044    22.6695       0.0343925    0.0652425    0.0896535   

Stress Spherical
0            0            0             0            0            0           
0            0            0             0            0            0           
0            0            0             0            0            0           

Inertia
266.739      -100.039     -99.9768      0.316522     0.179055     0.166348    
-100.039     266.588      -100.09       0.179055     0.33354      0.126389    
-99.9768     -100.09      266.728       0.166348     0.126389     0.262269    

Bond Length
0.60453584    0.0005231165

BB bond length
0.60453584    0.0005231165

Water EE distance
0             0           

PEG EE distance
4.3746355     0.0275936   

BBB P2(x)
0.050445184   0.0034158843

BBB first bond length
0.60474475    0.00045998061

BBB second bond length
0.60465974    0.00058173943

BBB <phi**2>/<phi>**2
1.1126163     0.0019621619

Time = 19000
Temperature
1.0105854     0.0040429204

Pressure
25.760995     0.064784033 

CM Mom
-9.689794e-17  1.7484582e-17 
4.2165434e-17  5.8795389e-18 
-2.2359108e-17 1.430678e-17  
1.0935797e-16  1.5901679e-17 

CM Pos
10.005337      0.0084357933  
10.000517      0.0096394948  
10.003225      0.011723551   
17.325756      0.010097164   

Stress
22.682       -0.00443444  -0.00529527   0.0592652    0.0534235    0.0486384   
-0.00443444  22.7636      0.00515612    0.0534235    0.0868676    0.0446364   
-0.00529527  0.00515612   22.7436       0.0486384    0.0446364    0.110563    

Stress Spherical
0            0            0             0            0            0           
0            0            0             0            0            0           
0            0            0             0            0            0           

Inertia
266.753      -100.08      -100.08       0.332011     0.151347     0.155712    
-100.08      266.876      -100.025      0.151347     0.229552     0.16823     
-100.08      -100.025     266.803       0.155712     0.16823      0.268107    

Bond Length
0.60413271    0.00083493116

BB bond length
0.60413271    0.00083493116

Water EE distance
0             0           

PEG EE distance
4.3293841     0.016963712 

BBB P2(x)
0.054346858   0.0036625455

BBB first bond length
0.60429439    0.00089560531

BBB second bond length
0.60437287    0.00090880209

BBB <phi**2>/<phi>**2
1.1135936     0.0016439804

Time = 20000
Temperature
1.0112449     0.0046545532

Pressure
25.746434     0.064124806 

CM Mom
-9.2337836e-17 1.7363802e-17 
4.163105e-17   1.7863395e-17 
-1.8579903e-17 2.3911051e-17 
1.0704854e-16  1.8373429e-17 

CM Pos
9.9995864      0.011610421   
10.0036        0.010364924   
9.9971405      0.0067485522  
17.320703      0.0096681022  

Stress
22.7042      0.0250774    -0.014815     0.0628705    0.0410909    0.0497839   
0.0250774    22.6985      0.00262975    0.0410909    0.0803625    0.0541065   
-0.014815    0.00262975   22.7369       0.0497839    0.0541065    0.0833723   

Stress Spherical
0            0            0             0            0            0           
0            0            0             0            0            0           
0            0            0             0            0            0           

Inertia
266.71       -100.006     -100.011      0.336794     0.179634     0.137588    
-100.006     266.599      -100.047      0.179634     0.292678     0.137782    
-100.011     -100.047     266.755       0.137588     0.137782     0.285154    

Bond Length
0.60441891    0.00049176846

BB bond length
0.60441891    0.00049176846

Water EE distance
0             0           

PEG EE distance
4.3707684     0.021715764 

BBB P2(x)
0.052425441   0.0026512004

BBB first bond length
0.60461714    0.00055111253

BBB second bond length
0.60456454    0.00058055548

BBB <phi**2>/<phi>**2
1.1133766     0.0010160091

Time = 21000
Temperature
1.0074378     0.0063914632

Pressure
25.717531     0.046965668 

CM Mom
-1.0677279e-16 1.7329216e-17 
6.0603124e-17  1.537067e-17  
-5.468916e-17  1.8563366e-17 
1.3686888e-16  1.4564976e-17 

CM Pos
10.001503      0.014908673   
9.9976828      0.011628058   
9.9970572      0.0099560693  
17.318347      0.014577065   

Stress
22.6814      0.0040973    0.0106809     0.106845     0.0588183    0.0506187   
0.0040973    22.7078      0.0144537     0.0588183    0.0441442    0.0497276   
0.0106809    0.0144537    22.698        0.0506187    0.0497276    0.0502158   

Stress Spherical
0            0            0             0            0            0           
0            0            0             0            0            0           
0            0            0             0            0            0           

Inertia
266.591      -99.9773     -100          0.304496     0.257459     0.173893    
-99.9773     266.641      -99.9486      0.257459     0.317621     0.176214    
-100         -99.9486     266.659       0.173893     0.176214     0.506851    

Bond Length
0.60430017    0.00052968994

BB bond length
0.60430017    0.00052968994

Water EE distance
0             0           

PEG EE distance
4.3483572     0.032782508 

BBB P2(x)
0.051803304   0.0035319669

BBB first bond length
0.60447141    0.00046930398

BBB second bond length
0.60445063    0.00051110662

BBB <phi**2>/<phi>**2
1.1129376     0.0011855204

Time = 22000
Temperature
1.0119598     0.003794529 

Pressure
25.723697     0.049818753 

CM Mom
-1.1254084e-16 1.4883928e-17 
7.5828381e-17  1.7171461e-17 
-4.4533032e-17 2.3862155e-17 
1.4607917e-16  1.205169e-17  

CM Pos
9.9979194      0.01175905    
10.001517      0.013521787   
9.999891       0.01044504    
17.320127      0.013307229   

Stress
22.6827      0.00463269   0.0112081     0.0711214    0.0854758    0.0587233   
0.00463269   22.6925      0.00651226    0.0854758    0.0781515    0.0567933   
0.0112081    0.00651226   22.6898       0.0587233    0.0567933    0.0512289   

Stress Spherical
0            0            0             0            0            0           
0            0            0             0            0            0           
0            0            0             0            0            0           

Inertia
266.696      -99.9865     -99.9678      0.390916     0.213389     0.140281    
-99.9865     266.608      -100.012      0.213389     0.320161     0.218735    
-99.9678     -100.012     266.661       0.140281     0.218735     0.344091    

Bond Length
0.6042945     0.00061024126

BB bond length
0.6042945     0.00061024126

Water EE distance
0             0           

PEG EE distance
4.3679048     0.027167989 

BBB P2(x)
0.052782291   0.0030434954

BBB first bond length
0.60452884    0.00056788072

BBB second bond length
0.60454462    0.00057308179

BBB <phi**2>/<phi>**2
1.1138497     0.0015922926

Time = 23000
Temperature
1.0112583     0.0035834239

Pressure
25.676003     0.041734965 

CM Mom
-1.0283142e-16 1.8321731e-17 
9.4970544e-17  1.9161427e-17 
-1.7223413e-17 1.4246318e-17 
1.4355474e-16  1.371831e-17  

CM Pos
9.9976694      0.0127758     
9.9960992      0.010189177   
9.9995576      0.0084131169  
17.316663      0.0088169817  

Stress
22.6505      -0.0287772   -0.00897754   0.0428179    0.0544345    0.0538112   
-0.0287772   22.6272      -0.0201265    0.0544345    0.0865913    0.0820774   
-0.00897754  -0.0201265   22.6505       0.0538112    0.0820774    0.0658018   

Stress Spherical
0            0            0             0            0            0           
0            0            0             0            0            0           
0            0            0             0            0            0           

Inertia
266.562      -99.92       -99.9776      0.326641     0.155034     0.162369    
-99.92       266.614      -99.9451      0.155034     0.234785     0.139154    
-99.9776     -99.9451     266.521       0.162369     0.139154     0.234228    

Bond Length
0.6045847     0.00049650972

BB bond length
0.6045847     0.00049650972

Water EE distance
0             0           

PEG EE distance
4.4048145     0.044495428 

BBB P2(x)
0.050537352   0.0035192328

BBB first bond length
0.60474546    0.00052779994

BBB second bond length
0.60471571    0.00044436148

BBB <phi**2>/<phi>**2
1.1122814     0.0020320327

Time = 24000
Temperature
1.0087222     0.0060323645

Pressure
25.71822      0.035837116 

CM Mom
-8.7286809e-17 1.0878121e-17 
8.4692907e-17  1.879939e-17  
-2.5979906e-17 2.0539432e-17 
1.2707929e-16  1.453627e-17  

CM Pos
9.9984195      0.01129624    
10.004184      0.0087240301  
9.9993909      0.0098579016  
17.321667      0.0071791561  

Stress
22.7051      0.0282264    0.0543872     0.0683888    0.0587297    0.0582882   
0.0282264    22.6735      -0.0210594    0.0587297    0.0820733    0.0870545   
0.0543872    -0.0210594   22.6991       0.0582882    0.0870545    0.100296    

Stress Spherical
0            0            0             0            0            0           
0            0            0             0            0            0           
0            0            0             0            0            0           

Inertia
266.739      -100.052     -99.9301      0.184689     0.142484     0.0921545   
-100.052     266.634      -100.039      0.142484     0.204618     0.171565    
-99.9301     -100.039     266.672       0.0921545    0.171565     0.390018    

Bond Length
0.60444157    0.00049718863

BB bond length
0.60444157    0.00049718863

Water EE distance
0             0           

PEG EE distance
4.399763      0.056606901 

BBB P2(x)
0.052461885   0.0034581109

BBB first bond length
0.6046403     0.00049653286

BBB second bond length
0.60457498    0.00048741613

BBB <phi**2>/<phi>**2
1.11287       0.0014640447

Time = 25000
Temperature
1.0136419     0.0033219333

Pressure
25.733239     0.064350841 

CM Mom
-8.0652525e-17 2.0765313e-17 
1.188977e-16   2.5729871e-17 
-1.3143183e-17 1.0485304e-17 
1.4623011e-16  2.5182449e-17 

CM Pos
10.00117       0.011319277   
10.003767      0.0063041584  
9.9976406      0.0096394948  
17.322002      0.0085625046  

Stress
22.6987      -0.0152923   0.00169307    0.0861743    0.0495942    0.0514026   
-0.0152923   22.6736      0.00691765    0.0495942    0.103015     0.0510747   
0.00169307   0.00691765   22.7061       0.0514026    0.0510747    0.0739355   

Stress Spherical
0            0            0             0            0            0           
0            0            0             0            0            0           
0            0            0             0            0            0           

Inertia
266.702      -100.041     -99.9935      0.215802     0.123823     0.146441    
-100.041     266.67       -100.028      0.123823     0.287495     0.157282    
-99.9935     -100.028     266.749       0.146441     0.157282     0.168002    

Bond Length
0.60473632    0.00057326985

BB bond length
0.60473632    0.00057326985

Water EE distance
0             0           

PEG EE distance
4.3495207     0.017053193 

BBB P2(x)
0.052890235   0.0036211192

BBB first bond length
0.60491208    0.0006032064

BBB second bond length
0.6048995     0.00055703415

BBB <phi**2>/<phi>**2
1.1130067     0.00201568  

Time = 26000
Temperature
1.0123691     0.0036876749

Pressure
25.726662     0.066160758 

CM Mom
-6.2870844e-17 3.508169e-17  
9.2244376e-17  1.9526816e-17 
-6.2214083e-18 1.1423398e-17 
1.1622663e-16  2.7099073e-17 

CM Pos
10.000336      0.0077040974  
10.000517      0.0048427535  
10.000641      0.010277088   
17.321374      0.0086238412  

Stress
22.6898      0.00340953   0.019567      0.10705      0.0564761    0.065568    
0.00340953   22.7176      -0.0432985    0.0564761    0.106846     0.0519971   
0.019567     -0.0432985   22.6628       0.065568     0.0519971    0.0791027   

Stress Spherical
0            0            0             0            0            0           
0            0            0             0            0            0           
0            0            0             0            0            0           

Inertia
266.715      -99.9835     -99.9932      0.207687     0.109007     0.132122    
-99.9835     266.692      -100.007      0.109007     0.173459     0.163193    
-99.9932     -100.007     266.671       0.132122     0.163193     0.215007    

Bond Length
0.60464712    0.00054965344

BB bond length
0.60464712    0.00054965344

Water EE distance
0             0           

PEG EE distance
4.3077176     0.010180304 

BBB P2(x)
0.050051274   0.0038469939

BBB first bond length
0.60479813    0.00054919916

BBB second bond length
0.60483331    0.00050091524

BBB <phi**2>/<phi>**2
1.1121117     0.001143985 

Time = 27000
Temperature
1.0104763     0.0051199012

Pressure
25.727149     0.087551478 

CM Mom
-7.5332572e-17 1.8752429e-17 
8.7570715e-17  2.9677922e-17 
-3.0691217e-18 1.2725869e-17 
1.1775834e-16  2.9671533e-17 

CM Pos
10.006421      0.0084838304  
10.003184      0.011974186   
10.003725      0.011147672   
17.328209      0.013457764   

Stress
22.7081      -0.0134264   0.0130601     0.105599     0.0620633    0.0620858   
-0.0134264   22.6949      0.00172665    0.0620633    0.075598     0.0491758   
0.0130601    0.00172665   22.6857       0.0620858    0.0491758    0.116161    

Stress Spherical
0            0            0             0            0            0           
0            0            0             0            0            0           
0            0            0             0            0            0           

Inertia
266.819      -100.079     -100.108      0.382659     0.17876      0.164651    
-100.079     266.897      -100.076      0.17876      0.27374      0.1819      
-100.108     -100.076     266.852       0.164651     0.1819       0.328906    

Bond Length
0.60467029    0.00058110037

BB bond length
0.60467029    0.00058110037

Water EE distance
0             0           

PEG EE distance
4.3014558     0.023746664 

BBB P2(x)
0.050349572   0.0016180216

BBB first bond length
0.60488346    0.00056789439

BBB second bond length
0.60486393    0.00052769539

BBB <phi**2>/<phi>**2
1.1123193     0.00076845276

Time = 28000
Temperature
1.009838      0.0046804396

Pressure
25.704309     0.081125095 

CM Mom
-4.6849101e-17 1.9385248e-17 
7.3124537e-17  1.1728598e-17 
-1.5095767e-18 1.5115973e-17 
8.9957632e-17  1.3920485e-17 

CM Pos
10.005254      0.0068023795  
10.000267      0.0094462231  
10.001725      0.0034776873  
17.324694      0.0078816785  

Stress
22.6682      -0.0276314   0.00148448    0.111123     0.0570682    0.054842    
-0.0276314   22.678       0.0416536     0.0570682    0.0658379    0.0618378   
0.00148448   0.0416536    22.6796       0.054842     0.0618378    0.0990301   

Stress Spherical
