Time = 1000
Temperature
   1.0623348   0.086937051

Pressure
   23.607818    0.45161869

CM Mom
1.071769e-18   2.1287888e-17 
-2.0887135e-17 2.155285e-17  
-6.1779159e-18 1.3400714e-16 
1.0844426e-16  8.7126591e-17 

CM Pos
7.4994764      0.019447519   
7.5015688      0.024609054   
7.4962142      0.014915218   
12.98884       0.012542833   

Stress
20.452       0.00760038   0.00855068    0.244811     0.0522633    0.063638    
0.00760038   20.4102      -0.012583     0.0522633    0.178337     0.0549979   
0.00855068   -0.012583    20.4191       0.063638     0.0549979    0.252396    

Stress Spherical
0            0            0             0            0            0           
0            0            0             0            0            0           
0            0            0             0            0            0           

Inertia
150.022      -56.2819     -56.226       1.43455      0.106562     0.097961    
-56.2819     149.986      -56.2938      0.106562     0.929297     0.25551     
-56.226      -56.2938     150.07        0.097961     0.25551      1.0551      

Bond Length
0.61860206    0.0036070976

BB bond length
0.61860206    0.0036070976

Water EE distance
0             0           

PEG EE distance
6.7610095     0.26323661  

BBB P2(x)
0.46252384    0.061031138 

BBB first bond length
0.61850928    0.0035576121

BBB second bond length
0.61836451    0.0036145015

BBB <phi**2>/<phi>**2
1.2182754     0.016855849 

Time = 2000
Temperature
1.011251      0.0085505986

Pressure
23.295054     0.05617301  

CM Mom
1.2388793e-17  1.9401395e-17 
-2.5458771e-17 1.55629e-17   
-2.3639345e-17 3.4710043e-17 
5.0418736e-17  2.533389e-17  

CM Pos
7.4982888      0.00993116    
7.4987484      0.012721867   
7.4858233      0.0097746131  
12.980501      0.0078900898  

Stress
20.2181      0.0414018    -0.0149224    0.0807482    0.0754589    0.0579058   
0.0414018    20.319       -0.0105233    0.0754589    0.106723     0.0489122   
-0.0149224   -0.0105233   20.2648       0.0579058    0.0489122    0.0940693   

Stress Spherical
0            0            0             0            0            0           
0            0            0             0            0            0           
0            0            0             0            0            0           

Inertia
149.653      -56.1869     -56.1086      0.43202      0.123992     0.151244    
-56.1869     149.634      -56.1648      0.123992     0.220018     0.113092    
-56.1086     -56.1648     149.847       0.151244     0.113092     0.401388    

Bond Length
0.61871537    0.0021585498

BB bond length
0.61871537    0.0021585498

Water EE distance
0             0           

PEG EE distance
6.956872      0.18231171  

BBB P2(x)
0.51177144    0.011988255 

BBB first bond length
0.61882156    0.0024241134

BBB second bond length
0.61884107    0.0023780498

BBB <phi**2>/<phi>**2
1.2227993     0.0071176213

Time = 3000
Temperature
1.0084748     0.0088210787

Pressure
23.344531     0.059212296 

CM Mom
1.7359801e-17  2.321869e-17  
-3.9951823e-17 2.1378647e-17 
7.8935154e-18  3.6020144e-17 
6.1962717e-17  2.0348097e-17 

CM Pos
7.5009608      0.010331348   
7.5072096      0.009383561   
7.4919094      0.01037073    
12.990442      0.0061628512  

Stress
20.3033      0.0246443    0.034629      0.130057     0.0535263    0.0609516   
0.0246443    20.3116      -0.000651994  0.0535263    0.0785596    0.0687039   
0.034629     -0.000651994 20.3603       0.0609516    0.0687039    0.142803    

Stress Spherical
0            0            0             0            0            0           
0            0            0             0            0            0           
0            0            0             0            0            0           

Inertia
149.909      -56.312      -56.1732      0.203151     0.131806     0.11247     
-56.312      149.825      -56.2447      0.131806     0.276586     0.10453     
-56.1732     -56.2447     150.069       0.11247      0.10453      0.280645    

Bond Length
0.61955263    0.0016533864

BB bond length
0.61955263    0.0016533864

Water EE distance
0             0           

PEG EE distance
7.3210831     0.20083866  

BBB P2(x)
0.51834232    0.01129345  

BBB first bond length
0.61977633    0.0016904095

BBB second bond length
0.6194915     0.0015144587

BBB <phi**2>/<phi>**2
1.2230744     0.010448981 

Time = 4000
Temperature
1.0075018     0.008443448 

Pressure
23.31191      0.064307681 

CM Mom
3.3882677e-17  1.6507419e-17 
-1.9316288e-17 2.1558875e-17 
-1.2226256e-17 2.487807e-17  
5.1713381e-17  1.87766e-17   

CM Pos
7.5006639      0.018507013   
7.5072096      0.0090244537  
7.4962142      0.015323291   
12.992765      0.009325639   

Stress
20.3437      -0.0445012   -0.00318238   0.102538     0.0917777    0.0694529   
-0.0445012   20.2639      -0.00137073   0.0917777    0.0830631    0.0677838   
-0.00318238  -0.00137073  20.2786       0.0694529    0.0677838    0.123932    

Stress Spherical
0            0            0             0            0            0           
0            0            0             0            0            0           
0            0            0             0            0            0           

Inertia
150.006      -56.3021     -56.2185      0.388002     0.108512     0.124846    
-56.3021     149.913      -56.2897      0.108512     0.212345     0.191746    
-56.2185     -56.2897     150.097       0.124846     0.191746     0.1336      

Bond Length
0.61743973    0.0023545252

BB bond length
0.61743973    0.0023545252

Water EE distance
0             0           

PEG EE distance
7.104223      0.095133014 

BBB P2(x)
0.49890928    0.0073013992

BBB first bond length
0.61753745    0.0025125659

BBB second bond length
0.61760423    0.0024201852

BBB <phi**2>/<phi>**2
1.219343      0.0077583064

Time = 5000
Temperature
1.0068841     0.0091334862

Pressure
23.251139     0.096361442 

CM Mom
4.4434328e-18  1.8702061e-17 
3.2680439e-18  2.5424156e-17 
-1.4841748e-17 2.3036863e-17 
3.9023776e-17  1.5959274e-17 

CM Pos
7.5042265      0.013140205   
7.4968187      0.018984252   
7.4982924      0.0091070925  
12.990018      0.011765356   

Stress
20.2335      -0.0171805   0.0183806     0.14709      0.0886826    0.101935    
-0.0171805   20.196       -0.0297596    0.0886826    0.107469     0.0548732   
0.0183806    -0.0297596   20.2799       0.101935     0.0548732    0.117833    

Stress Spherical
0            0            0             0            0            0           
0            0            0             0            0            0           
0            0            0             0            0            0           

Inertia
149.874      -56.2696     -56.256       0.324364     0.187374     0.12405     
-56.2696     150.016      -56.2305      0.187374     0.234832     0.163123    
-56.256      -56.2305     149.995       0.12405      0.163123     0.279277    

Bond Length
0.6196173     0.0029062282

BB bond length
0.6196173     0.0029062282

Water EE distance
0             0           

PEG EE distance
6.7784248     0.17813385  

BBB P2(x)
0.51599433    0.0088551084

BBB first bond length
0.61951066    0.0027147996

BBB second bond length
0.61973447    0.0029393289

BBB <phi**2>/<phi>**2
1.223551      0.0083276379

Time = 6000
Temperature
1.0123221     0.0092651463

Pressure
23.311387     0.1048891   

CM Mom
2.6200796e-17  3.0126356e-17 
6.6368924e-18  2.0912259e-17 
-3.3652502e-17 1.6952345e-17 
5.710843e-17   1.5295426e-17 

CM Pos
7.5008123      0.015228811   
7.5005297      0.011009707   
7.5030425      0.011853022   
12.992925      0.012819065   

Stress
20.3074      0.00204964   -0.0633349    0.108118     0.0863441    0.0942149   
0.00204964   20.2676      0.0380082     0.0863441    0.0961072    0.0632075   
-0.0633349   0.0380082    20.2663       0.0942149    0.0632075    0.122706    

Stress Spherical
0            0            0             0            0            0           
0            0            0             0            0            0           
0            0            0             0            0            0           

Inertia
150.039      -56.3136     -56.3006      0.297247     0.147689     0.164587    
-56.3136     150.048      -56.279       0.147689     0.270243     0.163972    
-56.3006     -56.279      150.01        0.164587     0.163972     0.271161    

Bond Length
0.61870059    0.0025538301

BB bond length
0.61870059    0.0025538301

Water EE distance
0             0           

PEG EE distance
7.019447      0.2578151   

BBB P2(x)
0.51241554    0.0095764007

BBB first bond length
0.61911839    0.0025337363

BBB second bond length
0.61853318    0.0024453123

BBB <phi**2>/<phi>**2
1.2247884     0.0059977664

Time = 7000
Temperature
1.0128128     0.0053786622

Pressure
23.281609     0.075063676 

CM Mom
5.1300915e-17  1.7527967e-17 
1.989969e-17   1.1891597e-17 
-4.059428e-17  2.2255331e-17 
7.3083535e-17  1.668573e-17  

CM Pos
7.4930934      0.011913287   
7.4957796      0.015543874   
7.4936907      0.0093941221  
12.980328      0.010833318   

Stress
20.2605      -0.0161545   0.00691496    0.0803346    0.0534995    0.0911359   
-0.0161545   20.2144      0.00838438    0.0534995    0.143362     0.0809406   
0.00691496   0.00838438   20.2726       0.0911359    0.0809406    0.0926394   

Stress Spherical
0            0            0             0            0            0           
0            0            0             0            0            0           
0            0            0             0            0            0           

Inertia
149.808      -56.1855     -56.1186      0.325431     0.129518     0.105541    
-56.1855     149.778      -56.1943      0.129518     0.167501     0.169819    
-56.1186     -56.1943     149.815       0.105541     0.169819     0.311612    

Bond Length
0.6191423     0.0013261166

BB bond length
0.6191423     0.0013261166

Water EE distance
0             0           

PEG EE distance
6.5955379     0.18497049  

BBB P2(x)
0.50643719    0.010129145 

BBB first bond length
0.61892597    0.0013284103

BBB second bond length
0.6189721     0.0014666178

BBB <phi**2>/<phi>**2
1.2222308     0.0073260077

Time = 8000
Temperature
1.0136488     0.006559905 

Pressure
23.265874     0.090745016 

CM Mom
3.0828877e-17  2.0320744e-17 
5.8117786e-18  1.1853369e-17 
-3.6298827e-17 1.1173576e-17 
5.262345e-17   1.4520936e-17 

CM Pos
7.4976951      0.01085146    
7.5018657      0.014532099   
7.4969564      0.0073639486  
12.988378      0.014059605   

Stress
20.2057      0.012954     -0.0309381    0.122524     0.0695292    0.0682035   
0.012954     20.238       0.0275102     0.0695292    0.092215     0.0611199   
-0.0309381   0.0275102    20.2492       0.0682035    0.0611199    0.101018    

Stress Spherical
0            0            0             0            0            0           
0            0            0             0            0            0           
0            0            0             0            0            0           

Inertia
149.948      -56.2148     -56.2157      0.183713     0.177604     0.129062    
-56.2148     149.887      -56.2337      0.177604     0.188848     0.163461    
-56.2157     -56.2337     149.97        0.129062     0.163461     0.30381     

Bond Length
0.62026543    0.0025335888

BB bond length
0.62026543    0.0025335888

Water EE distance
0             0           

PEG EE distance
6.6837527     0.2029524   

BBB P2(x)
0.50530654    0.012251786 

BBB first bond length
0.62029408    0.0026615728

BBB second bond length
0.62016952    0.0024236406

BBB <phi**2>/<phi>**2
1.2193291     0.0080456154

Time = 9000
Temperature
1.0023698     0.0082666169

Pressure
23.264912     0.080809932 

CM Mom
1.278583e-17   1.709942e-17  
-4.6462092e-18 3.471548e-17  
-3.0800723e-17 9.8513402e-18 
4.9426177e-17  1.6893962e-17 

CM Pos
7.5045234      0.0084233118  
7.4978578      0.010400434   
7.501855       0.0069307971  
12.992833      0.0091287416  

Stress
20.2402      0.0051564    -0.00975471   0.101267     0.0747806    0.0484966   
0.0051564    20.3159      -0.00678079   0.0747806    0.11789      0.035408    
-0.00975471  -0.00678079  20.2351       0.0484966    0.035408     0.0717133   

Stress Spherical
0            0            0             0            0            0           
0            0            0             0            0            0           
0            0            0             0            0            0           

Inertia
149.99       -56.2546     -56.2828      0.200369     0.169065     0.0928415   
-56.2546     150.095      -56.2687      0.169065     0.15349      0.131216    
-56.2828     -56.2687     150.043       0.0928415    0.131216     0.230937    

Bond Length
0.61928909    0.0021739906

BB bond length
0.61928909    0.0021739906

Water EE distance
0             0           

PEG EE distance
6.813824      0.15101908  

BBB P2(x)
0.50897651    0.011556198 

BBB first bond length
0.61924997    0.0024332284

BBB second bond length
0.61952104    0.0023794065

BBB <phi**2>/<phi>**2
1.2249386     0.011939014 

Time = 10000
Temperature
1.0147757     0.0061383348

Pressure
23.334345     0.10686086  

CM Mom
3.8827592e-18  2.1053796e-17 
-2.2319273e-17 2.1860816e-17 
-2.9441511e-17 1.508452e-17  
4.6967257e-17  1.7966788e-17 

CM Pos
7.4956169      0.014544224   
7.4960765      0.016275159   
7.4935422      0.0089114286  
12.981874      0.010951761   

Stress
20.3032      0.0430619    -0.0219553    0.114027     0.0771298    0.0653712   
0.0430619    20.2685      -0.00578663   0.0771298    0.12815      0.0704912   
-0.0219553   -0.00578663  20.3163       0.0653712    0.0704912    0.15607     

Stress Spherical
0            0            0             0            0            0           
0            0            0             0            0            0           
0            0            0             0            0            0           

Inertia
149.842      -56.2314     -56.1639      0.255689     0.145772     0.154987    
-56.2314     149.848      -56.1519      0.145772     0.28856      0.110301    
-56.1639     -56.1519     149.87        0.154987     0.110301     0.245971    

Bond Length
0.61752521    0.0021178267

BB bond length
0.61752521    0.0021178267

Water EE distance
0             0           

PEG EE distance
7.1732591     0.11212494  

BBB P2(x)
0.51316319    0.016936995 

BBB first bond length
0.61763297    0.0019660421

BBB second bond length
0.61746456    0.0021010925

BBB <phi**2>/<phi>**2
1.2252332     0.0082233333

Time = 11000
Temperature
1.0061199     0.0048306438

Pressure
23.239001     0.063280019 

CM Mom
2.9589009e-17  1.5837543e-17 
-3.2495997e-17 2.5497531e-17 
-3.2360859e-17 1.6381736e-17 
6.0952749e-17  2.0803847e-17 

CM Pos
7.5014061      0.013284466   
7.4926623      0.017211519   
7.4972533      0.016035103   
12.985391      0.015767999   

Stress
20.2723      -0.00523995  0.0229185     0.0754719    0.0731508    0.0345911   
-0.00523995  20.2009      0.0270027     0.0731508    0.0828573    0.0670037   
0.0229185    0.0270027    20.2067       0.0345911    0.0670037    0.117671    

Stress Spherical
0            0            0             0            0            0           
0            0            0             0            0            0           
0            0            0             0            0            0           

Inertia
149.844      -56.2367     -56.2394      0.449761     0.184057     0.124381    
-56.2367     149.997      -56.1795      0.184057     0.295331     0.197579    
-56.2394     -56.1795     149.917       0.124381     0.197579     0.293053    

Bond Length
0.61803886    0.0014882184

BB bond length
0.61803886    0.0014882184

Water EE distance
0             0           

PEG EE distance
7.2709375     0.35337588  

BBB P2(x)
0.50340452    0.013927324 

BBB first bond length
0.61799161    0.0014641178

BBB second bond length
0.61813921    0.0017504422

BBB <phi**2>/<phi>**2
1.2254406     0.011497759 

Time = 12000
Temperature
1.0134242     0.0091807846

Pressure
23.302251     0.10252181  

CM Mom
1.8842067e-17  1.6410606e-17 
-1.345342e-18  1.7937372e-17 
-1.8881482e-17 1.5720591e-17 
3.7958019e-17  1.0522684e-17 

CM Pos
7.500367       0.018949399   
7.4983031      0.0081250463  
7.4979955      0.014038504   
12.988472      0.014102232   

Stress
20.2784      -0.0328277   0.017476      0.122619     0.0549176    0.0509272   
-0.0328277   20.2955      -0.0205925    0.0549176    0.116773     0.0621665   
0.017476     -0.0205925   20.2301       0.0509272    0.0621665    0.106405    

Stress Spherical
0            0            0             0            0            0           
0            0            0             0            0            0           
0            0            0             0            0            0           

Inertia
149.955      -56.2372     -56.2442      0.154352     0.169138     0.260955    
-56.2372     149.997      -56.2125      0.169138     0.414604     0.121989    
-56.2442     -56.2125     149.994       0.260955     0.121989     0.298009    

Bond Length
0.62016592    0.0016326612

BB bond length
0.62016592    0.0016326612

Water EE distance
0             0           

PEG EE distance
6.5938865     0.19230117  

BBB P2(x)
0.501936      0.0085458018

BBB first bond length
0.61998131    0.0016877177

BBB second bond length
0.62020769    0.0018436188

BBB <phi**2>/<phi>**2
1.2253677     0.0072392829

Time = 13000
Temperature
1.0087796     0.0081683976

Pressure
23.311033     0.089321951 

CM Mom
1.2511983e-17  2.5677109e-17 
-2.9055734e-17 2.9476442e-17 
4.9166235e-19  1.2817351e-17 
4.3854858e-17  2.7753155e-17 

CM Pos
7.4975466      0.017961405   
7.4947405      0.01557998    
7.5025972      0.01242393    
12.987443      0.018652625   

Stress
20.3012      -0.0120833   0.00777354    0.098116     0.071518     0.0842062   
-0.0120833   20.2986      -0.0198186    0.071518     0.166633     0.0691564   
0.00777354   -0.0198186   20.2722       0.0842062    0.0691564    0.148065    

Stress Spherical
0            0            0             0            0            0           
0            0            0             0            0            0           
0            0            0             0            0            0           

Inertia
149.962      -56.1561     -56.2179      0.300678     0.178879     0.2529      
-56.1561     149.99       -56.229       0.178879     0.380811     0.17076     
-56.2179     -56.229      149.887       0.2529       0.17076      0.424383    

Bond Length
0.6198296     0.0027800122

BB bond length
0.6198296     0.0027800122

Water EE distance
0             0           

PEG EE distance
6.1821235     0.08790588  

BBB P2(x)
0.50287514    0.009711101 

BBB first bond length
0.61992598    0.0029264156

BBB second bond length
0.6201807     0.0028942879

BBB <phi**2>/<phi>**2
1.2234847     0.0061723479

Time = 14000
Temperature
1.0131924     0.0097119235

Pressure
23.276634     0.05541025  

CM Mom
3.8649193e-17  2.9981508e-17 
-4.3207232e-17 3.3479468e-17 
-1.3107334e-18 1.3831361e-17 
6.9395629e-17  2.7525659e-17 

CM Pos
7.5033358      0.0090488376  
7.5030532      0.011072572   
7.4948782      0.014020442   
12.991124      0.01280807    

Stress
20.2773      -0.000524046 -0.00270361   0.113341     0.0371715    0.0614078   
-0.000524046 20.2302      -0.0364398    0.0371715    0.119042     0.0550794   
-0.00270361  -0.0364398   20.2217       0.0614078    0.0550794    0.096516    

Stress Spherical
0            0            0             0            0            0           
0            0            0             0            0            0           
0            0            0             0            0            0           

Inertia
149.979      -56.2899     -56.1716      0.24937      0.156956     0.154308    
-56.2899     149.982      -56.231       0.156956     0.266015     0.148963    
-56.1716     -56.231      150.104       0.154308     0.148963     0.234834    

Bond Length
0.61915219    0.0027102455

BB bond length
0.61915219    0.0027102455

Water EE distance
0             0           

PEG EE distance
6.7090608     0.21217007  

BBB P2(x)
0.50841382    0.010391547 

BBB first bond length
0.6189585     0.0029483297

BBB second bond length
0.61934587    0.002813067 

BBB <phi**2>/<phi>**2
1.2248002     0.013326538 

Time = 15000
Temperature
1.007178      0.0067474215

Pressure
23.267639     0.072753483 

CM Mom
4.2315373e-17  1.4586753e-17 
-3.9045681e-17 1.7442493e-17 
-2.3575896e-17 1.1643024e-17 
6.5877469e-17  1.3554036e-17 

CM Pos
7.491609       0.014098804   
7.4923654      0.015032941   
7.5009643      0.0066451349  
12.981702      0.0096713947  

Stress
20.2434      0.00335437   0.0378796     0.0826728    0.102872     0.0970167   
0.00335437   20.2502      0.00209455    0.102872     0.113889     0.0645286   
0.0378796    0.00209455   20.2626       0.0970167    0.0645286    0.15541     

Stress Spherical
0            0            0             0            0            0           
0            0            0             0            0            0           
0            0            0             0            0            0           

Inertia
149.919      -56.1414     -56.2212      0.215494     0.154902     0.0923063   
-56.1414     149.913      -56.1925      0.154902     0.206208     0.121769    
-56.2212     -56.1925     149.797       0.0923063    0.121769     0.287076    

Bond Length
0.61805762    0.002215402 

BB bond length
0.61805762    0.002215402 

Water EE distance
0             0           

PEG EE distance
6.9237456     0.14702475  

BBB P2(x)
0.50611284    0.013947536 

BBB first bond length
0.61789498    0.0021328411

BBB second bond length
0.61826711    0.0024329636

BBB <phi**2>/<phi>**2
1.2201642     0.0086163471

Time = 16000
Temperature
1.0089704     0.0093343449

Pressure
23.318719     0.051196337 

CM Mom
4.9974868e-17  2.3767693e-17 
-6.0649984e-17 1.8026946e-17 
-3.1424091e-17 1.8374891e-17 
8.899937e-17   2.1679582e-17 

CM Pos
7.496656       0.010622637   
7.4981546      0.014213987   
7.4982924      0.012316161   
12.986413      0.0098723269  

Stress
20.3139      -0.0365782   0.0361444     0.0911425    0.0715861    0.0519359   
-0.0365782   20.2789      -0.0127431    0.0715861    0.112879     0.0601332   
0.0361444    -0.0127431   20.3006       0.0519359    0.0601332    0.0730153   

Stress Spherical
0            0            0             0            0            0           
0            0            0             0            0            0           
0            0            0             0            0            0           

Inertia
149.942      -56.2037     -56.249       0.277215     0.124637     0.127287    
-56.2037     149.935      -56.2338      0.124637     0.200267     0.147994    
-56.249      -56.2338     149.927       0.127287     0.147994     0.201978    

Bond Length
0.61903003    0.0028391444

BB bond length
0.61903003    0.0028391444

Water EE distance
0             0           

PEG EE distance
6.9841121     0.19223088  

BBB P2(x)
0.50810051    0.010965479 

BBB first bond length
0.61871562    0.0029530719

BBB second bond length
0.61911567    0.0029260549

BBB <phi**2>/<phi>**2
1.2290991     0.011563165 

Time = 17000
Temperature
1.0059507     0.0064113276

Pressure
23.297392     0.060199343 

CM Mom
5.7868933e-17  1.2776539e-17 
-7.2691042e-17 1.4116488e-17 
-9.7004432e-18 3.5946144e-17 
1.0114186e-16  1.2323327e-17 

CM Pos
7.4951716      0.013988974   
7.5057252      0.021478394   
7.5033394      0.01185674    
12.992855      0.011054732   

Stress
20.3524      -0.0009473   0.00599072    0.0753885    0.0643359    0.0604784   
-0.0009473   20.2481      0.0027079     0.0643359    0.101723     0.0604964   
0.00599072   0.0027079    20.256        0.0604784    0.0604964    0.0685754   

Stress Spherical
0            0            0             0            0            0           
0            0            0             0            0            0           
0            0            0             0            0            0           

Inertia
150.132      -56.2808     -56.2721      0.403569     0.124598     0.150872    
-56.2808     149.981      -56.3009      0.124598     0.270792     0.151856    
-56.2721     -56.3009     150.011       0.150872     0.151856     0.220987    

Bond Length
0.61771518    0.0016149237

BB bond length
0.61771518    0.0016149237

Water EE distance
0             0           

PEG EE distance
6.5648328     0.1655233   

BBB P2(x)
0.50629813    0.012211479 

BBB first bond length
0.61727146    0.0016004281

BBB second bond length
0.61779776    0.0019534932

BBB <phi**2>/<phi>**2
1.2272662     0.011659715 

Time = 18000
Temperature
1.0106225     0.0070383365

Pressure
23.329443     0.096902729 

CM Mom
1.1069819e-16  2.4080074e-17 
-8.671935e-17  1.9569411e-17 
-2.7623596e-17 2.1105326e-17 
1.4564188e-16  2.7094033e-17 

CM Pos
7.4993279      0.011211992   
7.5029048      0.013782683   
7.4965111      0.01614125    
12.989671      0.014445697   

Stress
20.3018      0.0121402    -0.00792223   0.157799     0.0623314    0.0779092   
0.0121402    20.3329      0.000416121   0.0623314    0.141624     0.0555796   
-0.00792223  0.000416121  20.276        0.0779092    0.0555796    0.133515    

Stress Spherical
0            0            0             0            0            0           
0            0            0             0            0            0           
0            0            0             0            0            0           

Inertia
150.002      -56.2436     -56.2231      0.29368      0.164277     0.162337    
-56.2436     149.96       -56.309       0.164277     0.241831     0.176614    
-56.2231     -56.309      150.034       0.162337     0.176614     0.317484    

Bond Length
0.61828517    0.0023044758

BB bond length
0.61828517    0.0023044758

Water EE distance
0             0           

PEG EE distance
6.8906232     0.12458376  

BBB P2(x)
0.51587343    0.016488429 

BBB first bond length
0.61824097    0.0024677154

BBB second bond length
0.61824881    0.0023945896

BBB <phi**2>/<phi>**2
1.2280376     0.0094262324

Time = 19000
Temperature
1.0070052     0.0071592919

Pressure
23.301437     0.11152276  

CM Mom
1.5559671e-16  1.4089667e-17 
-9.6346044e-17 1.847626e-17  
-3.7010089e-17 1.7989276e-17 
1.8840388e-16  1.5169959e-17 

CM Pos
7.4959138      0.013257069   
7.5000844      0.012262371   
7.5006674      0.013123426   
12.988468      0.013954524   

Stress
20.2669      0.0159774    -0.0229199    0.166619     0.0758107    0.0421679   
0.0159774    20.2583      0.0154658     0.0758107    0.100095     0.0271554   
-0.0229199   0.0154658    20.334        0.0421679    0.0271554    0.0903157   

Stress Spherical
0            0            0             0            0            0           
0            0            0             0            0            0           
0            0            0             0            0            0           

Inertia
150.022      -56.2207     -56.1924      0.32049      0.100504     0.143436    
-56.2207     149.959      -56.3023      0.100504     0.241634     0.174476    
-56.1924     -56.3023     149.941       0.143436     0.174476     0.208381    

Bond Length
0.61875265    0.0017075214

BB bond length
0.61875265    0.0017075214

Water EE distance
0             0           

PEG EE distance
6.7839937     0.24836662  

BBB P2(x)
0.50702446    0.013562944 

BBB first bond length
0.61896344    0.0018969606

BBB second bond length
0.61896125    0.0019621105

BBB <phi**2>/<phi>**2
1.2275343     0.0060437838

Time = 20000
Temperature
1.0107485     0.010642489 

Pressure
23.370866     0.13952059  

CM Mom
1.2941006e-16  1.531946e-17  
-8.9013546e-17 2.1445212e-17 
-3.5041723e-17 2.8701878e-17 
1.6424083e-16  2.1014942e-17 

CM Pos
7.4968044      0.010344137   
7.4951858      0.015173728   
7.4957689      0.014042428   
12.983327      0.013919222   

Stress
20.3404      0.00651217   -0.0257225    0.122291     0.074658     0.0640935   
0.00651217   20.406       0.0337475     0.074658     0.185087     0.0506227   
-0.0257225   0.0337475    20.2874       0.0640935    0.0506227    0.159694    

Stress Spherical
0            0            0             0            0            0           
0            0            0             0            0            0           
0            0            0             0            0            0           

Inertia
149.86       -56.1891     -56.1537      0.281474     0.149458     0.0954437   
-56.1891     149.892      -56.202       0.149458     0.191102     0.164455    
-56.1537     -56.202      149.885       0.0954437    0.164455     0.294017    

Bond Length
0.61884001    0.0024325313

BB bond length
0.61884001    0.0024325313

Water EE distance
0             0           

PEG EE distance
6.7023605     0.24925692  

BBB P2(x)
0.50571276    0.016150745 

BBB first bond length
0.61888955    0.002544044 

BBB second bond length
0.61869457    0.0021557186

BBB <phi**2>/<phi>**2
1.217726      0.0099293429

Time = 21000
Temperature
1.0104533     0.007298599 

Pressure
23.285078     0.090301486 

CM Mom
1.4375987e-16  1.8814799e-17 
-8.3270298e-17 1.1903589e-17 
-4.0824867e-17 1.8461613e-17 
1.7274382e-16  1.6236067e-17 

CM Pos
7.4963591      0.014039289   
7.4971156      0.01547212    
7.4910187      0.019263663   
12.981448      0.017941703   

Stress
20.2955      -0.0153866   0.0436903     0.111114     0.0560416    0.0589728   
-0.0153866   20.3082      -0.00793322   0.0560416    0.0784658    0.0994039   
0.0436903    -0.00793322  20.1754       0.0589728    0.0994039    0.166555    

Stress Spherical
0            0            0             0            0            0           
0            0            0             0            0            0           
0            0            0             0            0            0           

Inertia
149.834      -56.215      -56.1392      0.373784     0.126892     0.1852      
-56.215      149.827      -56.1673      0.126892     0.336925     0.200938    
-56.1392     -56.1673     149.887       0.1852       0.200938     0.372192    

Bond Length
0.61693836    0.0025422424

BB bond length
0.61693836    0.0025422424

Water EE distance
0             0           

PEG EE distance
7.2189821     0.21175024  

BBB P2(x)
0.50559826    0.0092589604

BBB first bond length
0.61703443    0.0027432061

BBB second bond length
0.61677893    0.0023580161

BBB <phi**2>/<phi>**2
1.2304864     0.011563335 

Time = 22000
Temperature
1.0125519     0.0097874161

Pressure
23.307584     0.10270044  

CM Mom
1.3548319e-16  1.8750311e-17 
-1.2057223e-16 9.0590076e-18 
-3.7755411e-17 1.4688401e-17 
1.8645829e-16  1.41959e-17   

CM Pos
7.4971013      0.019331603   
7.494592       0.0095060441  
7.4975502      0.010336679   
12.984185      0.014583782   

Stress
20.3154      -0.0699942   0.0213424     0.108049     0.0421918    0.0564571   
-0.0699942   20.2374      0.00338359    0.0421918    0.121484     0.0590554   
0.0213424    0.00338359   20.275        0.0564571    0.0590554    0.129787    

Stress Spherical
0            0            0             0            0            0           
0            0            0             0            0            0           
0            0            0             0            0            0           

Inertia
149.852      -56.1761     -56.1698      0.205921     0.192833     0.146165    
-56.1761     149.918      -56.2135      0.192833     0.341507     0.141212    
-56.1698     -56.2135     149.865       0.146165     0.141212     0.416216    

Bond Length
0.61936636    0.0017517278

BB bond length
0.61936636    0.0017517278

Water EE distance
0             0           

PEG EE distance
7.6043085     0.12824329  

BBB P2(x)
0.515212      0.014099291 

BBB first bond length
0.61941598    0.0018996643

BBB second bond length
0.61917752    0.0020699178

BBB <phi**2>/<phi>**2
1.2239511     0.010623523 

Time = 23000
Temperature
1.0113565     0.0074496342

Pressure
23.32808      0.087623841 

CM Mom
1.1663501e-16  1.430268e-17  
-1.3617289e-16 2.0932048e-17 
-2.0911306e-17 1.8977958e-17 
1.8232689e-16  1.8543179e-17 

CM Pos
7.4963591      0.012118672   
7.4911779      0.010667142   
7.4969564      0.011049663   
12.981439      0.011392349   

Stress
20.3108      -0.0166598   -0.00790566   0.119879     0.109889     0.0745303   
-0.0166598   20.2682      0.0450443     0.109889     0.110963     0.0996146   
-0.00790566  0.0450443    20.3211       0.0745303    0.0996146    0.0742881   

Stress Spherical
0            0            0             0            0            0           
0            0            0             0            0            0           
0            0            0             0            0            0           

Inertia
149.829      -56.1692     -56.2095      0.247033     0.115055     0.178718    
-56.1692     149.902      -56.1507      0.115055     0.234778     0.143258    
-56.2095     -56.1507     149.815       0.178718     0.143258     0.226002    

Bond Length
0.61794855    0.0030658631

BB bond length
0.61794855    0.0030658631

Water EE distance
0             0           

PEG EE distance
7.7798974     0.19654436  

BBB P2(x)
0.51446418    0.0076386806

BBB first bond length
0.61777905    0.0028208866

BBB second bond length
0.6179291     0.0029081285

BBB <phi**2>/<phi>**2
1.2221648     0.01047945  

Time = 24000
Temperature
1.0121473     0.0080761354

Pressure
23.259808     0.10866001  

CM Mom
8.4505771e-17  2.1023498e-17 
-1.1896581e-16 1.7782839e-17 
-1.4354343e-17 1.7620129e-17 
1.4851979e-16  2.2598534e-17 

CM Pos
7.5006639      0.010352655   
7.5012719      0.016081072   
7.5000737      0.015762768   
12.99156       0.011042931   

Stress
20.2335      -0.0147621   0.0256551     0.132594     0.0808388    0.052332    
-0.0147621   20.2414      -0.0195018    0.0808388    0.0929916    0.0934312   
0.0256551    -0.0195018   20.2132       0.052332     0.0934312    0.121475    

Stress Spherical
0            0            0             0            0            0           
0            0            0             0            0            0           
0            0            0             0            0            0           

Inertia
150.009      -56.2917     -56.2604      0.309626     0.0930921    0.182518    
-56.2917     150.001      -56.2857      0.0930921    0.331657     0.166066    
-56.2604     -56.2857     150.028       0.182518     0.166066     0.190093    

Bond Length
0.61914403    0.0019282921

BB bond length
0.61914403    0.0019282921

Water EE distance
0             0           

PEG EE distance
7.7395072     0.20574717  

BBB P2(x)
0.50875646    0.013053943 

BBB first bond length
0.61926404    0.0019468925

BBB second bond length
0.61906755    0.0019717761

BBB <phi**2>/<phi>**2
1.2211896     0.012146128 

Time = 25000
Temperature
1.0091831     0.0073674593

Pressure
23.318132     0.089872196 

CM Mom
1.1747544e-16  3.2147463e-17 
-1.19558e-16   1.8437089e-17 
1.4332369e-18  3.2865189e-17 
1.7254257e-16  2.7914463e-17 

CM Pos
7.497992       0.010912207   
7.4968187      0.012164949   
7.4956204      0.012201122   
12.984869      0.0098833505  

Stress
20.3066      0.0297723    0.0110692     0.109454     0.0880116    0.0968251   
0.0297723    20.2965      0.00489746    0.0880116    0.127707     0.0659771   
0.0110692    0.00489746   20.2866       0.0968251    0.0659771    0.0725603   

Stress Spherical
0            0            0             0            0            0           
0            0            0             0            0            0           
0            0            0             0            0            0           

Inertia
149.882      -56.1929     -56.2118      0.217985     0.0972345    0.15592     
-56.1929     149.879      -56.1548      0.0972345    0.225758     0.134803    
-56.2118     -56.1548     149.901       0.15592      0.134803     0.226677    

Bond Length
0.61960505    0.0028752766

BB bond length
0.61960505    0.0028752766

Water EE distance
0             0           

PEG EE distance
7.3622324     0.30224011  

BBB P2(x)
0.51867714    0.015235404 

BBB first bond length
0.61963411    0.0028374221

BBB second bond length
0.61956655    0.0030749967

BBB <phi**2>/<phi>**2
1.2292911     0.0065653409

Time = 26000
Temperature
1.0141054     0.0096423954

Pressure
23.335439     0.094011313 

CM Mom
8.621495e-17   2.6969833e-17 
-1.3203689e-16 1.5234694e-17 
-2.2600537e-17 2.1039535e-17 
1.6252247e-16  1.9134168e-17 

CM Pos
7.4969529      0.0074649922  
7.4997875      0.010150611   
7.5011127      0.014472082   
12.989152      0.0098872923  

Stress
20.3071      -0.000153453 -0.0309817    0.111047     0.0711661    0.0442406   
-0.000153453 20.2558      0.0192378     0.0711661    0.174158     0.0772346   
-0.0309817   0.0192378    20.3345       0.0442406    0.0772346    0.133705    

Stress Spherical
0            0            0             0            0            0           
0            0            0             0            0            0           
0            0            0             0            0            0           

Inertia
149.969      -56.2281     -56.2263      0.29305      0.122707     0.120398    
-56.2281     149.93       -56.2999      0.122707     0.208394     0.134083    
-56.2263     -56.2999     149.919       0.120398     0.134083     0.251137    

Bond Length
0.61734605    0.0025777081

BB bond length
0.61734605    0.0025777081

Water EE distance
0             0           

PEG EE distance
7.3302388     0.26335963  

BBB P2(x)
0.50748963    0.010268142 

BBB first bond length
0.61752825    0.0023476593

BBB second bond length
0.61717445    0.0027693935

BBB <phi**2>/<phi>**2
1.2226167     0.0099714718

Time = 27000
Temperature
1.0112588     0.0073756347

Pressure
23.29164      0.071483968 

CM Mom
7.8133456e-17  1.9422288e-17 
-1.2828267e-16 1.084283e-17  
-4.2386239e-17 1.972516e-17  
1.5843047e-16  1.1896829e-17 

CM Pos
7.4981404      0.012770272   
7.5020141      0.021573081   
7.5014096      0.0089077189  
12.991301      0.016623336   

Stress
20.3454      0.0320908    -0.00531891   0.113818     0.101008     0.0917606   
0.0320908    20.1822      0.00375166    0.101008     0.129243     0.0711092   
-0.00531891  0.00375166   20.264        0.0917606    0.0711092    0.0888204   

Stress Spherical
0            0            0             0            0            0           
0            0            0             0            0            0           
0            0            0             0            0            0           

Inertia
150.036      -56.2549     -56.2537      0.361789     0.184669     0.144421    
-56.2549     149.977      -56.2824      0.184669     0.316218     0.184567    
-56.2537     -56.2824     149.989       0.144421     0.184567     0.365825    

Bond Length
0.61876037    0.0023506691

BB bond length
0.61876037    0.0023506691

Water EE distance
0             0           

PEG EE distance
6.695739      0.27066623  

BBB P2(x)
0.5175293     0.0056787781

BBB first bond length
0.61842321    0.0020431094

BBB second bond length
0.61881821    0.0021676953

BBB <phi**2>/<phi>**2
1.2268756     0.011641203 

Time = 28000
Temperature
1.0099041     0.0067583499

Pressure
23.311091     0.064969545 

CM Mom
1.0228362e-16  1.8814078e-17 
-1.2538296e-16 1.777597e-17  
-3.7960591e-17 2.4263246e-17 
1.689578e-16   1.8323659e-17 

CM Pos
7.4965075      0.012244388   
7.4951858      0.01820995    
7.4975502      0.014337469   
12.984191      0.013143987   

Stress
20.2902      0.0389619    -0.00198558   0.121873     0.0875088    0.0336448   
0.0389619    20.2705      -0.0157845    0.0875088    0.0821132    0.0629332   
-0.00198558  -0.0157845   20.3013       0.0336448    0.0629332    0.113691    

Stress Spherical
0            0            0             0            0            0           
