Time = 1000
Temperature
   1.0360672   0.053613782

Pressure
   23.627214    0.23370596

CM Mom
-9.4866318e-17 2.0237917e-17 
2.2271983e-17  9.3113928e-18 
1.743452e-17   9.0830087e-17 
1.3205905e-16  3.3262746e-17 

CM Pos
7.5080072      0.011907812   
7.4924924      0.0086495529  
7.4993598      0.015304778   
12.990312      0.015804601   

Stress
20.5362      0.0196235    0.00506999    0.11042      0.0761365    0.0611117   
0.0196235    20.4913      -0.00567475   0.0761365    0.0996154    0.0873122   
0.00506999   -0.00567475  20.5415       0.0611117    0.0873122    0.123762    

Stress Spherical
0            0            0             0            0            0           
0            0            0             0            0            0           
0            0            0             0            0            0           

Inertia
149.886      -56.2643     -56.3239      0.855212     0.117012     0.183497    
-56.2643     150.132      -56.1952      0.117012     0.947159     0.205341    
-56.3239     -56.1952     150.025       0.183497     0.205341     0.713507    

Bond Length
0.61725766    0.0048589852

BB bond length
0.61725766    0.0048589852

Water EE distance
0             0           

PEG EE distance
6.8692466     0.13929032  

BBB P2(x)
0.48165858    0.057323853 

BBB first bond length
0.61762002    0.0051977116

BBB second bond length
0.61713898    0.0048886754

BBB <phi**2>/<phi>**2
1.2265354     0.01570912  

Time = 2000
Temperature
1.0085726     0.0062208941

Pressure
23.501476     0.048545195 

CM Mom
-8.2668357e-17 1.9489544e-17 
3.4027479e-17  1.9066795e-17 
-1.5017435e-17 2.0542279e-17 
9.5388033e-17  1.6850619e-17 

CM Pos
7.5075622      0.013351299   
7.5045079      0.0095318377  
7.4999531      0.015955195   
12.99733       0.01899618    

Stress
20.4682      0.0363393    0.0412281     0.10183      0.0603935    0.0599867   
0.0363393    20.4601      -0.0140506    0.0603935    0.0710741    0.0705017   
0.0412281    -0.0140506   20.5107       0.0599867    0.0705017    0.129396    

Stress Spherical
0            0            0             0            0            0           
0            0            0             0            0            0           
0            0            0             0            0            0           

Inertia
149.98       -56.3812     -56.3006      0.333238     0.176878     0.178742    
-56.3812     150.022      -56.3151      0.176878     0.396668     0.183493    
-56.3006     -56.3151     150.104       0.178742     0.183493     0.305654    

Bond Length
0.62052276    0.0024967911

BB bond length
0.62052276    0.0024967911

Water EE distance
0             0           

PEG EE distance
6.9622219     0.15419562  

BBB P2(x)
0.51028137    0.017699859 

BBB first bond length
0.62030526    0.0026593629

BBB second bond length
0.6203451     0.0020619053

BBB <phi**2>/<phi>**2
1.2187489     0.010122361 

