Time = 1000
Temperature
   1.1003301    0.10437113

Pressure
   23.809408    0.53376687

CM Mom
-1.052389e-16  1.3305414e-17 
2.3747362e-17  2.0949409e-17 
-1.0173492e-16 3.0417053e-16 
2.8263776e-16  1.87725e-16   

CM Pos
10.000534      0.043075825   
10.00165       0.0210096     
9.9978523      0.013828579   
17.320588      0.021368984   

Stress
20.5008      0.00869342   0.00472355    0.263242     0.0609384    0.0452485   
0.00869342   20.4847      -0.0212881    0.0609384    0.250845     0.0328074   
0.00472355   -0.0212881   20.5426       0.0452485    0.0328074    0.262463    

Stress Spherical
0            0            0             0            0            0           
0            0            0             0            0            0           
0            0            0             0            0            0           

Inertia
266.718      -100.002     -99.9771      2.53772      0.300048     0.538851    
-100.002     266.688      -99.9873      0.300048     3.77555      0.157766    
-99.9771     -99.9873     266.771       0.538851     0.157766     3.01663     

Bond Length
0.62410059    0.005177099 

BB bond length
0.62410059    0.005177099 

Water EE distance
0             0           

PEG EE distance
4.6682339     0.21973417  

BBB P2(x)
0.079288897   0.01334465  

BBB first bond length
0.62412365    0.005261372 

BBB second bond length
0.62444434    0.0052986075

BBB <phi**2>/<phi>**2
1.1197882     0.0038643063

Time = 2000
Temperature
1.0175427     0.006917869 

Pressure
23.241395     0.054561625 

CM Mom
-1.0599858e-16 1.5778727e-17 
2.1620209e-17  1.8411023e-17 
-3.77826e-17   7.5712528e-17 
1.3597114e-16  3.1029455e-17 

CM Pos
10.001201      0.02166914    
9.9991496      0.012224051   
10.00077       0.0088201686  
17.32117       0.013462341   

Stress
20.1976      -0.00914505  -0.000999493  0.0804134    0.045122     0.0418706   
-0.00914505  20.1765      -0.00581871   0.045122     0.0860801    0.0465234   
-0.000999493 -0.00581871  20.1949       0.0418706    0.0465234    0.0566655   

Stress Spherical
0            0            0             0            0            0           
0            0            0             0            0            0           
0            0            0             0            0            0           

Inertia
266.582      -99.9835     -100.022      0.967486     0.207836     0.292034    
-99.9835     266.624      -99.9828      0.207836     1.49454      0.165532    
-100.022     -99.9828     266.61        0.292034     0.165532     1.2389      

Bond Length
0.62489429    0.0011610162

BB bond length
0.62489429    0.0011610162

Water EE distance
0             0           

PEG EE distance
4.5206525     0.060923715 

BBB P2(x)
0.080846846   0.007716243 

BBB first bond length
0.62494995    0.00099671177

BBB second bond length
0.6251995     0.0013406864

BBB <phi**2>/<phi>**2
1.1202791     0.0019630779

Time = 3000
Temperature
1.0114178     0.0039367676

Pressure
23.209779     0.070439881 

CM Mom
-1.0326398e-16 2.0076796e-17 
4.595235e-18   1.8058824e-17 
1.7836888e-17  5.2617068e-17 
1.1875113e-16  1.9966076e-17 

CM Pos
10.001868      0.0064049924  
9.9988162      0.01299123    
9.9965186      0.0078111941  
17.3189        0.0073592009  

Stress
20.1873      -0.012156    -0.0173087    0.099788     0.0536891    0.0370184   
-0.012156    20.1475      0.00973768    0.0536891    0.0858599    0.0506735   
-0.0173087   0.00973768   20.1944       0.0370184    0.0506735    0.0664261   

Stress Spherical
0            0            0             0            0            0           
0            0            0             0            0            0           
0            0            0             0            0            0           

Inertia
266.491      -99.9824     -100.019      0.31156      0.133666     0.147551    
-99.9824     266.53       -99.975       0.133666     0.517544     0.126622    
-100.019     -99.975      266.617       0.147551     0.126622     0.292935    

Bond Length
0.62378983    0.00097544495

BB bond length
0.62378983    0.00097544495

Water EE distance
0             0           

PEG EE distance
4.3179843     0.12040782  

BBB P2(x)
0.078809909   0.0096597998

BBB first bond length
0.62394776    0.00086875792

BBB second bond length
0.62397504    0.0010604698

BBB <phi**2>/<phi>**2
1.1188001     0.004204504 

Time = 4000
Temperature
1.0114336     0.0037690931

Pressure
23.197378     0.052689401 

CM Mom
-1.0241614e-16 1.6208137e-17 
1.9915056e-17  1.2561804e-17 
2.5722523e-17  2.5504431e-17 
1.1124306e-16  1.5597593e-17 

CM Pos
9.9960328      0.0090947738  
9.9999832      0.0092090394  
9.996602       0.005601733   
17.31625       0.0085223541  

Stress
20.1966      0.0101453    0.00703948    0.0652807    0.0262413    0.0500644   
0.0101453    20.1401      0.0180154     0.0262413    0.0709423    0.0586156   
0.00703948   0.0180154    20.1552       0.0500644    0.0586156    0.0949076   

Stress Spherical
0            0            0             0            0            0           
0            0            0             0            0            0           
0            0            0             0            0            0           

Inertia
266.53       -99.9245     -99.8848      0.357278     0.129766     0.205209    
-99.9245     266.424      -99.9575      0.129766     0.301229     0.169186    
-99.8848     -99.9575     266.516       0.205209     0.169186     0.276582    

Bond Length
0.62477926    0.0011924779

BB bond length
0.62477926    0.0011924779

Water EE distance
0             0           

PEG EE distance
4.2202503     0.085483059 

BBB P2(x)
0.076660501   0.00976605  

BBB first bond length
0.6252341     0.0011630745

BBB second bond length
0.624969      0.0013177476

BBB <phi**2>/<phi>**2
1.1184922     0.0038073178

Time = 5000
Temperature
1.0099778     0.0047013447

Pressure
23.17524      0.045525333 

CM Mom
-8.8625694e-17 2.1744284e-17 
1.3683326e-17  1.2256991e-17 
5.2174883e-18  1.4561791e-17 
9.208846e-17   2.0585876e-17 

CM Pos
9.9999506      0.0077755304  
10.000483      0.01234397    
10.001437      0.011718792   
17.321595      0.0099245726  

Stress
20.1413      0.00617878   -0.00337976   0.0881505    0.0477237    0.0300602   
0.00617878   20.1298      0.0117284     0.0477237    0.0895114    0.0410561   
-0.00337976  0.0117284    20.1675       0.0300602    0.0410561    0.0668638   

Stress Spherical
0            0            0             0            0            0           
0            0            0             0            0            0           
0            0            0             0            0            0           

Inertia
266.638      -100.011     -99.9954      0.285099     0.177488     0.172347    
-100.011     266.626      -100.067      0.177488     0.234165     0.142529    
-99.9954     -100.067     266.627       0.172347     0.142529     0.353054    

Bond Length
0.62476649    0.0011426184

BB bond length
0.62476649    0.0011426184

Water EE distance
0             0           

PEG EE distance
4.2246183     0.08453756  

BBB P2(x)
0.072817883   0.0090618889

BBB first bond length
0.62498743    0.0012407919

BBB second bond length
0.62517946    0.0011613064

BBB <phi**2>/<phi>**2
1.1180313     0.0046399819

Time = 6000
Temperature
1.0084194     0.0048273486

Pressure
23.169009     0.05742577  

CM Mom
-7.9481324e-17 9.6711662e-18 
1.6646925e-17  1.8001943e-17 
2.7819201e-18  1.7707704e-17 
8.5073707e-17  9.7861424e-18 

CM Pos
9.9985335      0.0089017224  
9.9991496      0.0085355136  
9.9975189      0.0088802305  
17.317743      0.0070379264  

Stress
20.1656      -0.0217709   0.00448907    0.0843041    0.0342673    0.0316258   
-0.0217709   20.1473      0.0256438     0.0342673    0.0799344    0.0500457   
0.00448907   0.0256438    20.121        0.0316258    0.0500457    0.0469695   

Stress Spherical
0            0            0             0            0            0           
0            0            0             0            0            0           
0            0            0             0            0            0           

Inertia
266.545      -100.007     -99.9784      0.205778     0.187217     0.130735    
-100.007     266.55       -99.9189      0.187217     0.248473     0.141284    
-99.9784     -99.9189     266.598       0.130735     0.141284     0.241155    

Bond Length
0.62456807    0.0015405728

BB bond length
0.62456807    0.0015405728

Water EE distance
0             0           

PEG EE distance
4.3382378     0.05260482  

BBB P2(x)
0.079174362   0.0094751941

BBB first bond length
0.62472814    0.0015574417

BBB second bond length
0.62463712    0.0013798973

BBB <phi**2>/<phi>**2
1.1190885     0.0051039117

Time = 7000
Temperature
1.0119162     0.0041865808

Pressure
23.189431     0.068540461 

CM Mom
-6.0555146e-17 1.472005e-17  
-4.0239974e-18 1.4630239e-17 
-1.5601565e-17 1.1048554e-17 
6.5568639e-17  1.3419198e-17 

CM Pos
10.001618      0.0085420237  
10.006735      0.01109753    
10.002187      0.010073867   
17.3266        0.0081340638  

Stress
20.1476      0.0148014    -0.0338713    0.102726     0.0670181    0.0391612   
0.0148014    20.1668      -0.0368546    0.0670181    0.0622188    0.0386855   
-0.0338713   -0.0368546   20.1493       0.0391612    0.0386855    0.0628432   

Stress Spherical
0            0            0             0            0            0           
0            0            0             0            0            0           
0            0            0             0            0            0           

Inertia
266.804      -100.082     -100.058      0.354112     0.110268     0.195997    
-100.082     266.711      -100.075      0.110268     0.233328     0.16112     
-100.058     -100.075     266.814       0.195997     0.16112      0.250518    

Bond Length
0.62378812    0.00094218129

BB bond length
0.62378812    0.00094218129

Water EE distance
0             0           

PEG EE distance
4.327921      0.078793762 

BBB P2(x)
0.078557829   0.0072878994

BBB first bond length
0.62398713    0.00094742454

BBB second bond length
0.62408048    0.00084230159

BBB <phi**2>/<phi>**2
1.1197482     0.0037686955

Time = 8000
Temperature
1.014551      0.0054427419

Pressure
23.209834     0.056224567 

CM Mom
-4.3216934e-17 2.4823129e-17 
-4.2536261e-19 3.1190837e-17 
-1.8807806e-17 2.3362821e-17 
6.2317206e-17  2.1749969e-17 

CM Pos
9.9987836      0.0099782271  
9.9999832      0.011918977   
10.005355      0.0089937453  
17.322896      0.0066898505  

Stress
20.1526      0.0227736    0.0167948     0.06929      0.0730889    0.0575061   
0.0227736    20.1784      -0.00189465   0.0730889    0.0507247    0.0337572   
0.0167948    -0.00189465  20.1702       0.0575061    0.0337572    0.0811538   

Stress Spherical
0            0            0             0            0            0           
0            0            0             0            0            0           
0            0            0             0            0            0           

Inertia
266.725      -99.9982     -100.042      0.292864     0.138345     0.139989    
-99.9982     266.72       -100.002      0.138345     0.282242     0.189731    
-100.042     -100.002     266.616       0.139989     0.189731     0.238592    

Bond Length
0.62428615    0.0011440566

BB bond length
0.62428615    0.0011440566

Water EE distance
0             0           

PEG EE distance
4.1753518     0.098153347 

BBB P2(x)
0.077839688   0.0065035297

BBB first bond length
0.62446999    0.0010905649

BBB second bond length
0.62452394    0.0011188975

BBB <phi**2>/<phi>**2
1.1185994     0.0036433487

Time = 9000
Temperature
1.0076816     0.0042847666

Pressure
23.18543      0.044956628 

CM Mom
-4.3874008e-17 9.2807555e-18 
3.2343928e-17  2.7118956e-17 
-3.2447405e-17 1.7239843e-17 
7.0606408e-17  1.2546308e-17 

CM Pos
9.9998673      0.011176144   
9.9992329      0.0073354728  
10.00127       0.0067535128  
17.320728      0.0052166457  

Stress
20.1761      -0.0138346   -0.00213636   0.0940792    0.0487009    0.0458604   
-0.0138346   20.1778      -0.00735512   0.0487009    0.0688127    0.0372818   
-0.00213636  -0.00735512  20.1359       0.0458604    0.0372818    0.057121    

Stress Spherical
0            0            0             0            0            0           
0            0            0             0            0            0           
0            0            0             0            0            0           

Inertia
266.671      -99.9645     -100.01       0.256871     0.113216     0.0841965   
-99.9645     266.678      -100.022      0.113216     0.231122     0.137056    
-100.01      -100.022     266.64        0.0841965    0.137056     0.119428    

Bond Length
0.62419579    0.00093795902

BB bond length
0.62419579    0.00093795902

Water EE distance
0             0           

PEG EE distance
4.2978894     0.047747879 

BBB P2(x)
0.079595364   0.0037347032

BBB first bond length
0.62441608    0.0011015824

BBB second bond length
0.6243553     0.00088409994

BBB <phi**2>/<phi>**2
1.1192259     0.0019664063

Time = 10000
Temperature
1.0109845     0.0043301337

Pressure
23.178976     0.051970217 

CM Mom
-4.561988e-17  8.5089998e-18 
1.5106446e-17  1.3311165e-17 
-3.9225443e-17 1.4755452e-17 
6.4708526e-17  1.1319622e-17 

CM Pos
9.9968664      0.007979726   
10.001234      0.0098559622  
10.004521      0.0071517751  
17.322026      0.0080778152  

Stress
20.1756      0.0155745    -0.0101273    0.0909727    0.0656887    0.0259722   
0.0155745    20.1334      -0.000289131  0.0656887    0.0444061    0.0537275   
-0.0101273   -0.000289131 20.1317       0.0259722    0.0537275    0.0626735   

Stress Spherical
0            0            0             0            0            0           
0            0            0             0            0            0           
0            0            0             0            0            0           

Inertia
266.762      -99.9612     -100.015      0.262276     0.173656     0.0906089   
-99.9612     266.683      -100.07       0.173656     0.163347     0.130497    
-100.015     -100.07      266.591       0.0906089    0.130497     0.272153    

Bond Length
0.62487066    0.0011476104

BB bond length
0.62487066    0.0011476104

Water EE distance
0             0           

PEG EE distance
4.323115      0.12751507  

BBB P2(x)
0.080475682   0.0071307855

BBB first bond length
0.624949      0.0010652968

BBB second bond length
0.62502414    0.0011473837

BBB <phi**2>/<phi>**2
1.1203796     0.0032573091

Time = 11000
Temperature
1.0130984     0.0026644428

Pressure
23.184914     0.02783791  

CM Mom
-4.4670651e-17 1.6397127e-17 
2.916545e-18   1.5800049e-17 
-3.7476563e-17 1.6730348e-17 
6.2992664e-17  1.5453227e-17 

CM Pos
9.9968664      0.0088233192  
9.9975658      0.011135034   
10.00177       0.0085253317  
17.318321      0.0093038677  

Stress
20.112       -0.00384126  -0.0103552    0.0530398    0.036039     0.0745503   
-0.00384126  20.175       0.000903324   0.036039     0.0561369    0.0504989   
-0.0103552   0.000903324  20.1525       0.0745503    0.0504989    0.0508776   

Stress Spherical
0            0            0             0            0            0           
0            0            0             0            0            0           
0            0            0             0            0            0           

Inertia
266.638      -99.9462     -99.9846      0.265142     0.154907     0.164543    
-99.9462     266.642      -99.9825      0.154907     0.288748     0.101059    
-99.9846     -99.9825     266.55        0.164543     0.101059     0.269399    

Bond Length
0.62387961    0.0010721238

BB bond length
0.62387961    0.0010721238

Water EE distance
0             0           

PEG EE distance
4.282201      0.087885754 

BBB P2(x)
0.076062737   0.0047592854

BBB first bond length
0.62398814    0.0012194633

BBB second bond length
0.62391169    0.0010860058

BBB <phi**2>/<phi>**2
1.1175448     0.001920345 

Time = 12000
Temperature
1.0107712     0.0054769123

Pressure
23.185064     0.055845357 

CM Mom
-5.0208232e-17 1.6216614e-17 
-1.5692954e-17 2.7416039e-17 
-1.9220907e-17 1.6367281e-17 
6.5023869e-17  1.3819579e-17 

CM Pos
9.99795        0.0072808025  
9.999483       0.0075616918  
10.000937      0.009898172   
17.319571      0.008091185   

Stress
20.1804      0.00843281   0.00419333    0.0811699    0.0549296    0.0535933   
0.00843281   20.1359      -0.0239404    0.0549296    0.0834887    0.0487791   
0.00419333   -0.0239404   20.1446       0.0535933    0.0487791    0.0561838   

Stress Spherical
0            0            0             0            0            0           
0            0            0             0            0            0           
0            0            0             0            0            0           

Inertia
266.667      -99.9407     -99.9954      0.304852     0.11576      0.147962    
-99.9407     266.646      -100.027      0.11576      0.195679     0.11314     
-99.9954     -100.027     266.621       0.147962     0.11314      0.179311    

Bond Length
0.62476308    0.0010135774

BB bond length
0.62476308    0.0010135774

Water EE distance
0             0           

PEG EE distance
4.324296      0.052988391 

BBB P2(x)
0.074842261   0.0057143991

BBB first bond length
0.62501178    0.0011687132

BBB second bond length
0.62489532    0.00087931387

BBB <phi**2>/<phi>**2
1.1177201     0.0022951385

Time = 13000
Temperature
1.0111777     0.0031958871

Pressure
23.169564     0.051540066 

CM Mom
-4.5468452e-17 1.2438048e-17 
-2.1967717e-17 2.2119284e-17 
-4.1866983e-17 1.1577264e-17 
6.9583927e-17  1.5455835e-17 

CM Pos
10.002785      0.013222373   
9.9997331      0.0059855201  
10.002687      0.014290185   
17.323523      0.0080190089  

Stress
20.1605      -0.0106902   0.00845626    0.0635778    0.047944     0.0547467   
-0.0106902   20.1398      -0.00782974   0.047944     0.078101     0.0550275   
0.00845626   -0.00782974  20.1105       0.0547467    0.0550275    0.0781365   

Stress Spherical
0            0            0             0            0            0           
0            0            0             0            0            0           
0            0            0             0            0            0           

Inertia
266.734      -100.029     -100.036      0.274488     0.18293      0.195351    
-100.029     266.784      -100.019      0.18293      0.258229     0.147181    
-100.036     -100.019     266.736       0.195351     0.147181     0.31982     

Bond Length
0.62457846    0.0013526231

BB bond length
0.62457846    0.0013526231

Water EE distance
0             0           

PEG EE distance
4.4323292     0.051729278 

BBB P2(x)
0.079641224   0.010659354 

BBB first bond length
0.62476967    0.0011570872

BBB second bond length
0.62500683    0.0013552842

BBB <phi**2>/<phi>**2
1.1183471     0.0039328858

Time = 14000
Temperature
1.0084527     0.0074828003

Pressure
23.166485     0.037634926 

CM Mom
-4.245378e-17  1.8077079e-17 
-7.8180191e-18 2.4155643e-17 
-4.5153103e-17 1.4185917e-17 
6.804829e-17   1.9575338e-17 

CM Pos
10.000034      0.0091176653  
9.998316       0.012029233   
10.003354      0.012666248   
17.3215        0.01013613    

Stress
20.1575      -0.00158439  0.0236949     0.0766432    0.0393009    0.0548031   
-0.00158439  20.1404      0.023888      0.0393009    0.057348     0.031578    
0.0236949    0.023888     20.1281       0.0548031    0.031578     0.0391533   

Stress Spherical
0            0            0             0            0            0           
0            0            0             0            0            0           
0            0            0             0            0            0           

Inertia
266.706      -99.9699     -99.9876      0.268229     0.190636     0.151902    
-99.9699     266.746      -100.059      0.190636     0.257726     0.165721    
-99.9876     -100.059     266.628       0.151902     0.165721     0.342602    

Bond Length
0.62463288    0.0015307361

BB bond length
0.62463288    0.0015307361

Water EE distance
0             0           

PEG EE distance
4.4071459     0.1135857   

BBB P2(x)
0.076387446   0.0071226525

BBB first bond length
0.62476541    0.0016292876

BBB second bond length
0.62511793    0.001467672 

BBB <phi**2>/<phi>**2
1.1180247     0.0043795151

Time = 15000
Temperature
1.0096012     0.0045644211

Pressure
23.155962     0.065771634 

CM Mom
-4.6504616e-17 3.009284e-17  
-1.3168484e-17 9.6838675e-18 
-3.1619701e-17 2.5682846e-17 
6.7599028e-17  2.0621105e-17 

CM Pos
10.002368      0.0088829687  
9.9935646      0.013907493   
9.9963519      0.010512652   
17.31606       0.013555099   

Stress
20.1166      -0.00735684  0.0203673     0.0985155    0.0553919    0.0526477   
-0.00735684  20.1329      0.0139963     0.0553919    0.0712873    0.0454415   
0.0203673    0.0139963    20.1346       0.0526477    0.0454415    0.0887811   

Stress Spherical
0            0            0             0            0            0           
0            0            0             0            0            0           
0            0            0             0            0            0           

Inertia
266.46       -99.951      -99.9662      0.353547     0.196631     0.178418    
-99.951      266.653      -99.9151      0.196631     0.312002     0.20146     
-99.9662     -99.9151     266.583       0.178418     0.20146      0.3662      

Bond Length
0.62493989    0.0013619391

BB bond length
0.62493989    0.0013619391

Water EE distance
0             0           

PEG EE distance
4.327233      0.10207025  

BBB P2(x)
0.078477158   0.0076135164

BBB first bond length
0.62512409    0.0013158011

BBB second bond length
0.6251223     0.0014826318

BBB <phi**2>/<phi>**2
1.1180106     0.003792968 

Time = 16000
Temperature
1.008625      0.0037084514

Pressure
23.174524     0.053302538 

CM Mom
-3.3560266e-17 1.5403057e-17 
-2.3807523e-17 2.1646943e-17 
-1.83788e-17   2.5864341e-17 
5.5589239e-17  1.7762736e-17 

CM Pos
10.002951      0.0083144812  
10.0004        0.0077661416  
10.00227       0.0094543888  
17.323758      0.0091832052  

Stress
20.1815      -0.0220711   0.0300029     0.0804997    0.0408867    0.052866    
-0.0220711   20.1609      -0.0111344    0.0408867    0.0570032    0.04563     
0.0300029    -0.0111344   20.1062       0.052866     0.04563      0.0685897   

Stress Spherical
0            0            0             0            0            0           
0            0            0             0            0            0           
0            0            0             0            0            0           

Inertia
266.705      -100.017     -100.06       0.303322     0.167416     0.1545      
-100.017     266.773      -100          0.167416     0.162537     0.166859    
-100.06      -100         266.72        0.1545       0.166859     0.250315    

Bond Length
0.62465448    0.0018457741

BB bond length
0.62465448    0.0018457741

Water EE distance
0             0           

PEG EE distance
4.3575327     0.071894225 

BBB P2(x)
0.080568075   0.0059045908

BBB first bond length
0.62490208    0.0018053826

BBB second bond length
0.62501637    0.0020427677

BBB <phi**2>/<phi>**2
1.1189465     0.0032198588

Time = 17000
Temperature
1.0098618     0.0053667525

Pressure
23.156421     0.056208621 

CM Mom
-5.5297602e-17 2.3272628e-17 
-4.0285321e-17 1.3790555e-17 
-8.1870445e-18 2.7101756e-17 
7.6527889e-17  1.8908771e-17 

CM Pos
10.002951      0.012478336   
10.000983      0.0080391524  
9.996852       0.013187643   
17.320972      0.0088448043  

Stress
20.1369      -0.00310179  0.0233091     0.0805135    0.0394073    0.0499368   
-0.00310179  20.1297      -0.00389075   0.0394073    0.0764678    0.040941    
0.0233091    -0.00389075  20.1166       0.0499368    0.040941     0.0893652   

Stress Spherical
0            0            0             0            0            0           
0            0            0             0            0            0           
0            0            0             0            0            0           

Inertia
266.635      -100.001     -100.044      0.281237     0.178916     0.111038    
-100.001     266.678      -100.009      0.178916     0.2346       0.189375    
-100.044     -100.009     266.765       0.111038     0.189375     0.309247    

Bond Length
0.62490317    0.0013887499

BB bond length
0.62490317    0.0013887499

Water EE distance
0             0           

PEG EE distance
4.3288804     0.085902687 

BBB P2(x)
0.07679242    0.0077408451

BBB first bond length
0.6250575     0.0012982596

BBB second bond length
0.62503309    0.0013116803

BBB <phi**2>/<phi>**2
1.1182799     0.0038786774

Time = 18000
Temperature
1.0129453     0.0038309429

Pressure
23.188285     0.037224926 

CM Mom
-4.5482334e-17 1.4935514e-17 
-3.2843327e-17 1.1534473e-17 
-6.5993673e-18 2.726628e-17  
6.4782444e-17  9.6786952e-18 

CM Pos
10.003202      0.01151905    
10.000317      0.010749259   
9.9994361      0.014975637   
17.322223      0.012491768   

Stress
20.1666      0.0185102    -0.00326976   0.0573994    0.0288599    0.0489993   
0.0185102    20.1285      -0.0300657    0.0288599    0.0698617    0.049129    
-0.00326976  -0.0300657   20.156        0.0489993    0.049129     0.0419364   

Stress Spherical
0            0            0             0            0            0           
0            0            0             0            0            0           
0            0            0             0            0            0           

Inertia
266.65       -100.016     -100.006      0.366739     0.186065     0.168247    
-100.016     266.713      -99.9745      0.186065     0.311583     0.192439    
-100.006     -99.9745     266.743       0.168247     0.192439     0.384855    

Bond Length
0.62429687    0.00077429597

BB bond length
0.62429687    0.00077429597

Water EE distance
0             0           

PEG EE distance
4.2883359     0.060782946 

BBB P2(x)
0.076272089   0.010601864 

BBB first bond length
0.62457613    0.00094969134

BBB second bond length
0.62436442    0.00099175901

BBB <phi**2>/<phi>**2
1.1188571     0.0025976582

Time = 19000
Temperature
1.0108621     0.006489233 

Pressure
23.186279     0.048855461 

CM Mom
-2.9369339e-17 2.4720745e-17 
-1.1685296e-17 2.3528501e-17 
-6.6275937e-18 1.2396438e-17 
4.5476972e-17  1.7124589e-17 

CM Pos
10.001701      0.015193975   
9.9951484      0.015643945   
10.004854      0.01197017    
17.321502      0.017395266   

Stress
20.1613      -0.0115679   -0.00566115   0.0886507    0.0491907    0.0399026   
-0.0115679   20.1435      0.0242893     0.0491907    0.0622472    0.0396426   
-0.00566115  0.0242893    20.1589       0.0399026    0.0396426    0.0526525   

Stress Spherical
0            0            0             0            0            0           
0            0            0             0            0            0           
0            0            0             0            0            0           

Inertia
266.663      -99.9662     -100.051      0.443351     0.233557     0.201208    
-99.9662     266.8        -100.033      0.233557     0.436401     0.220257    
-100.051     -100.033     266.606       0.201208     0.220257     0.446038    

Bond Length
0.62486532    0.0012217133

BB bond length
0.62486532    0.0012217133

Water EE distance
0             0           

PEG EE distance
4.3876223     0.047268778 

BBB P2(x)
0.073156724   0.0070413963

BBB first bond length
0.62495292    0.0013820849

BBB second bond length
0.62496219    0.0012346813

BBB <phi**2>/<phi>**2
1.1175367     0.0036697838

Time = 20000
Temperature
1.0096953     0.0065028246

Pressure
23.159198     0.068952644 

CM Mom
-3.5010223e-17 4.2943023e-17 
-1.6598049e-17 1.3403395e-17 
-4.5087627e-18 1.2198368e-17 
5.1371691e-17  3.2481436e-17 

CM Pos
9.9956994      0.011910521   
10.002317      0.018399395   
10.00177       0.00678226    
17.320396      0.013513802   

Stress
20.1215      -0.00668911  0.0107818     0.086165     0.0478155    0.0408026   
-0.00668911  20.1197      -0.0076306    0.0478155    0.119481     0.0477775   
0.0107818    -0.0076306   20.1518       0.0408026    0.0477775    0.0621846   

Stress Spherical
0            0            0             0            0            0           
0            0            0             0            0            0           
0            0            0             0            0            0           

Inertia
266.744      -99.9812     -99.9737      0.411914     0.197158     0.142396    
-99.9812     266.611      -100.015      0.197158     0.205449     0.205098    
-99.9737     -100.015     266.623       0.142396     0.205098     0.459175    

Bond Length
0.62558997    0.0012767692

BB bond length
0.62558997    0.0012767692

Water EE distance
0             0           

PEG EE distance
4.2338746     0.10561121  

BBB P2(x)
0.075752281   0.0057739862

BBB first bond length
0.62595378    0.0013476348

BBB second bond length
0.62565524    0.0014566317

BBB <phi**2>/<phi>**2
1.1171443     0.0022192495

Time = 21000
Temperature
1.0119333     0.0042684258

Pressure
23.171207     0.055738143 

CM Mom
-3.078679e-17  2.7515367e-17 
-1.0479399e-17 1.422974e-17  
-5.1994998e-18 1.3667483e-17 
4.1846726e-17  2.1906885e-17 

CM Pos
9.9987003      0.0067493961  
9.9977325      0.014248063   
9.999186       0.012472766   
17.317987      0.010873046   

Stress
20.1323      -0.000914474 -0.00661893   0.0718996    0.0711649    0.0662188   
-0.000914474 20.1319      -0.0134829    0.0711649    0.0752658    0.0408934   
-0.00661893  -0.0134829   20.1447       0.0662188    0.0408934    0.0749773   

Stress Spherical
0            0            0             0            0            0           
0            0            0             0            0            0           
0            0            0             0            0            0           

Inertia
266.616      -99.9788     -99.9668      0.30347      0.152105     0.167937    
-99.9788     266.651      -99.9563      0.152105     0.333709     0.205149    
-99.9668     -99.9563     266.614       0.167937     0.205149     0.287994    

Bond Length
0.62449657    0.0015154887

BB bond length
0.62449657    0.0015154887

Water EE distance
0             0           

PEG EE distance
4.2421735     0.046144427 

BBB P2(x)
0.0747889     0.0071708891

BBB first bond length
0.6245861     0.0016632344

BBB second bond length
0.62461721    0.001463653 

BBB <phi**2>/<phi>**2
1.1182804     0.0038891363

Time = 22000
Temperature
1.0091301     0.0050270084

Pressure
23.196813     0.045274693 

CM Mom
-2.3055605e-17 1.8878715e-17 
-4.0795305e-17 2.6027621e-17 
-2.8768024e-17 1.8723813e-17 
5.9739538e-17  2.8965994e-17 

CM Pos
9.9946157      0.0048954435  
9.9995664      0.010622787   
9.9976856      0.011105353   
17.31582       0.0047190797  

Stress
20.1557      0.000424638  0.0194441     0.0402546    0.0398079    0.0343458   
0.000424638  20.1778      -0.0135292    0.0398079    0.0902697    0.047954    
0.0194441    -0.0135292   20.1774       0.0343458    0.047954     0.0658526   

Stress Spherical
0            0            0             0            0            0           
0            0            0             0            0            0           
0            0            0             0            0            0           

Inertia
266.628      -99.9361     -99.9335      0.211041     0.125042     0.147774    
-99.9361     266.535      -99.9853      0.125042     0.236037     0.12414     
-99.9335     -99.9853     266.575       0.147774     0.12414      0.226533    

Bond Length
0.62456613    0.0010492713

BB bond length
0.62456613    0.0010492713

Water EE distance
0             0           

PEG EE distance
4.244685      0.11246871  

BBB P2(x)
0.083271045   0.0072575626

BBB first bond length
0.6249012     0.0010496245

BBB second bond length
0.62478004    0.0012304796

BBB <phi**2>/<phi>**2
1.122295      0.0032938896

Time = 23000
Temperature
1.0115454     0.0049976184

Pressure
23.192556     0.068991642 

CM Mom
-5.3255989e-17 2.3579201e-17 
-2.0526841e-17 1.5936929e-17 
-1.8698718e-17 1.5912412e-17 
6.4594162e-17  2.2314953e-17 

CM Pos
9.9977         0.0097082138  
9.995982       0.012285288   
9.9994361      0.010329624   
17.316543      0.0076956689  

Stress
20.148       0.00182382   0.00814699    0.0963942    0.061224     0.0430273   
0.00182382   20.1736      -0.0124643    0.061224     0.0831209    0.0479587   
0.00814699   -0.0124643   20.1548       0.0430273    0.0479587    0.064482    

Stress Spherical
0            0            0             0            0            0           
0            0            0             0            0            0           
0            0            0             0            0            0           

Inertia
266.58       -99.937      -100.016      0.397543     0.0901361    0.176112    
-99.937      266.63       -99.9612      0.0901361    0.213915     0.218722    
-100.016     -99.9612     266.546       0.176112     0.218722     0.18287     

Bond Length
0.62393377    0.0005248815

BB bond length
0.62393377    0.0005248815

Water EE distance
0             0           

PEG EE distance
4.4126093     0.053826037 

BBB P2(x)
0.080677666   0.009860939 

BBB first bond length
0.62416101    0.0005789205

BBB second bond length
0.6241492     0.00073773861

BBB <phi**2>/<phi>**2
1.1193051     0.0030632636

Time = 24000
Temperature
1.0093273     0.0048163906

Pressure
23.198321     0.047409037 

CM Mom
-6.239284e-17  1.4094584e-17 
3.9419789e-18  1.9168239e-17 
-2.6785929e-17 1.9466083e-17 
7.2417062e-17  1.8073957e-17 

CM Pos
10.000951      0.01175461    
9.998316       0.0080925636  
9.9993528      0.01325072    
17.319717      0.0133314     

Stress
20.1877      0.0152887    -0.0186111    0.0528383    0.0461473    0.034615    
0.0152887    20.1383      0.0150408     0.0461473    0.0641681    0.0405362   
-0.0186111   0.0150408    20.1877       0.034615     0.0405362    0.0620815   

Stress Spherical
0            0            0             0            0            0           
0            0            0             0            0            0           
0            0            0             0            0            0           

Inertia
266.609      -99.9752     -100.026      0.264257     0.234039     0.205078    
-99.9752     266.669      -100.014      0.234039     0.382996     0.167062    
-100.026     -100.014     266.651       0.205078     0.167062     0.28466     

Bond Length
0.62435796    0.0010747601

BB bond length
0.62435796    0.0010747601

Water EE distance
0             0           

PEG EE distance
4.4746576     0.062354392 

BBB P2(x)
0.083239275   0.0067233234

BBB first bond length
0.62428226    0.0011234991

BBB second bond length
0.62443844    0.0010552153

BBB <phi**2>/<phi>**2
1.119857      0.0027728334

Time = 25000
Temperature
1.0067971     0.0042329435

Pressure
23.134529     0.060660275 

CM Mom
-5.4258894e-17 2.183662e-17  
-1.8855467e-17 1.8081561e-17 
-7.4120794e-17 1.6084475e-17 
9.8015218e-17  1.5778356e-17 

CM Pos
9.9980334      0.012827331   
9.9925643      0.0083707016  
9.9982691      0.0081315373  
17.314085      0.012369024   

Stress
20.1105      0.00649398   -0.0221904    0.0695433    0.0464502    0.0439852   
0.00649398   20.1103      0.015146      0.0464502    0.0739485    0.0468885   
-0.0221904   0.015146     20.1243       0.0439852    0.0468885    0.0685264   

Stress Spherical
0            0            0             0            0            0           
0            0            0             0            0            0           
0            0            0             0            0            0           

Inertia
266.496      -99.932      -100.011      0.248563     0.227784     0.151105    
-99.932      266.603      -99.8962      0.227784     0.31029      0.127946    
-100.011     -99.8962     266.487       0.151105     0.127946     0.412428    

Bond Length
0.62484609    0.0011899918

BB bond length
0.62484609    0.0011899918

Water EE distance
0             0           

PEG EE distance
4.5799829     0.051164416 

BBB P2(x)
0.084802375   0.0083962264

BBB first bond length
0.62506109    0.001111345 

BBB second bond length
0.62488864    0.0013493439

BBB <phi**2>/<phi>**2
1.1218059     0.0031701163

Time = 26000
Temperature
1.0123906     0.004925612 

Pressure
23.16119      0.045132419 

CM Mom
-4.5532106e-17 1.1329401e-17 
-9.0625257e-18 2.2492192e-17 
-6.4002671e-17 1.2062791e-17 
8.3167251e-17  1.0705943e-17 

CM Pos
9.9966997      0.013529642   
9.9977325      0.013972293   
9.9982691      0.0077911534  
17.316302      0.01347302    

Stress
20.0918      0.025335     0.00424962    0.0555405    0.0386555    0.0369551   
0.025335     20.1321      0.000829508   0.0386555    0.0886877    0.0435982   
0.00424962   0.000829508  20.1508       0.0369551    0.0435982    0.068616    

Stress Spherical
0            0            0             0            0            0           
0            0            0             0            0            0           
0            0            0             0            0            0           

Inertia
266.589      -99.9351     -99.9767      0.262519     0.2308       0.158078    
-99.9351     266.556      -99.9638      0.2308       0.27339      0.131113    
-99.9767     -99.9638     266.546       0.158078     0.131113     0.464043    

Bond Length
0.62526513    0.00075217013

BB bond length
0.62526513    0.00075217013

Water EE distance
0             0           

PEG EE distance
4.4737217     0.058582231 

BBB P2(x)
0.0747161     0.0057024006

BBB first bond length
0.62539106    0.00077888116

BBB second bond length
0.62544144    0.00087225792

BBB <phi**2>/<phi>**2
1.1177452     0.0035261582

Time = 27000
Temperature
1.0081121     0.0031925021

Pressure
23.188152     0.052969868 

CM Mom
-3.2503829e-17 1.2784783e-17 
8.2988222e-18  1.6539162e-17 
-6.7261605e-17 1.8163389e-17 
7.7483209e-17  2.0316212e-17 

CM Pos
10.000784      0.007093241   
10.001234      0.009670924   
9.992184       0.0085761205  
17.317166      0.0092489462  

Stress
20.1471      0.0121176    -0.0258835    0.052391     0.0666527    0.0323548   
0.0121176    20.1742      -0.0200393    0.0666527    0.0927675    0.0425069   
-0.0258835   -0.0200393   20.1728       0.0323548    0.0425069    0.0703848   

Stress Spherical
0            0            0             0            0            0           
0            0            0             0            0            0           
0            0            0             0            0            0           

Inertia
266.528      -100.01      -99.9535      0.317092     0.120866     0.152658    
-100.01      266.527      -99.8834      0.120866     0.281141     0.12795     
-99.9535     -99.8834     266.709       0.152658     0.12795      0.228116    

Bond Length
0.6242719     0.00092884394

BB bond length
0.6242719     0.00092884394

Water EE distance
0             0           

PEG EE distance
4.2448942     0.063071082 

BBB P2(x)
0.078003509   0.0062341837

BBB first bond length
0.62432808    0.00097403485

BBB second bond length
0.62434312    0.00083054438

BBB <phi**2>/<phi>**2
1.1182173     0.0037862282

Time = 28000
Temperature
1.013981      0.0074152025

Pressure
23.180175     0.072656677 

CM Mom
-3.7515721e-17 2.8343239e-17 
-3.0169858e-18 2.0245688e-17 
-7.4544306e-17 2.3076787e-17 
9.0737497e-17  2.2042163e-17 

CM Pos
9.9981167      0.013203441   
9.997149       0.0067148193  
9.9994361      0.013507026   
17.317455      0.013667302   

Stress
20.0929      0.00587649   -0.0291916    0.109193     0.0551592    0.0518579   
0.00587649   20.1936      -0.00149107   0.0551592    0.0726802    0.0566364   
-0.0291916   -0.00149107  20.1308       0.0518579    0.0566364    0.0738543   

Stress Spherical
0            0            0             0            0            0           
