Time = 500
Temperature
   1.0414018   0.051002349

Pressure
   20.677536    0.15082518

CM Mom
-1.6820729e-17 2.4426325e-17 
2.6086125e-17  2.8090787e-17 
-6.0134794e-18 8.2067923e-18 
4.6673622e-17  1.6560401e-17 

CM Pos
7.5000257      0.024849859   
7.5495536      0.021782656   
7.4988572      0.026136899   
13.018467      0.017526529   

Stress
17.5935      0.0316274    0.00908728    0.0873037    0.0582397    0.0809578   
0.0316274    17.4986      -0.0261769    0.0582397    0.103427     0.0641165   
0.00908728   -0.0261769   17.5772       0.0809578    0.0641165    0.154012    

Stress Spherical
0            0            0             0            0            0           
0            0            0             0            0            0           
0            0            0             0            0            0           

Inertia
149.686      -56.6568     -56.1631      0.40109      0.096852     0.332043    
-56.6568     148.972      -56.5799      0.096852     0.369668     0.0761396   
-56.1631     -56.5799     149.687       0.332043     0.0761396    0.579797    

Bond Length
0.61232515    0.00071695428

BB bond length
0.61232515    0.00071695428

Water EE distance
0             0           

PEG EE distance
3.5602658     0.092076709 

Time = 1000
Temperature
1.0088852     0.0069037036

Pressure
20.516108     0.052909369 

CM Mom
-5.3394977e-17 3.2503922e-17 
1.9870962e-17  1.7786237e-17 
-2.197616e-17  2.5228334e-17 
7.0293098e-17  2.8231802e-17 

CM Pos
7.5009155      0.023552247   
7.5050652      0.012098514   
7.5077549      0.0062635824  
12.998336      0.011359675   

Stress
17.4832      -0.0219902   0.0269472     0.128049     0.093608     0.0836053   
-0.0219902   17.5287      -0.0323268    0.093608     0.0747045    0.0848044   
0.0269472    -0.0323268   17.4654       0.0836053    0.0848044    0.0539485   

Stress Spherical
0            0            0             0            0            0           
0            0            0             0            0            0           
0            0            0             0            0            0           

Inertia
149.344      -56.2883     -56.2079      0.410234     0.137577     0.17371     
-56.2883     149.355      -56.2999      0.137577     0.340181     0.0272065   
-56.2079     -56.2999     149.224       0.17371      0.0272065    0.344324    

Bond Length
0.61238456    0.0015763135

BB bond length
0.61238456    0.0015763135

Water EE distance
0             0           

PEG EE distance
3.8391865     0.10589356  

