Time = 1000
Temperature
   1.1876593    0.29601041

Pressure
   23.898193      1.237161

CM Mom
-1.0763952e-16 2.4087067e-17 
4.9085681e-17  2.717321e-17  
2.5307901e-17  4.5624707e-16 
3.2563631e-16  3.436235e-16  

CM Pos
7.4988317      0.018704101   
7.4973508      0.016497908   
7.4938209      0.02087186    
12.984646      0.011690807   

Stress
20.3116      -0.00219317  0.0426734     0.39117      0.0843017    0.0902307   
-0.00219317  20.328       -0.035355     0.0843017    0.341427     0.0892365   
0.0426734    -0.035355    20.3713       0.0902307    0.0892365    0.370624    

Stress Spherical
0            0            0             0            0            0           
0            0            0             0            0            0           
0            0            0             0            0            0           

Inertia
150.071      -56.2165     -56.1745      1.23621      0.161795     0.121056    
-56.2165     150.097      -56.1879      0.161795     1.3203       0.212049    
-56.1745     -56.1879     150.162       0.121056     0.212049     1.59529     

Bond Length
0.61988702    0.010091668 

BB bond length
0.61988702    0.010091668 

Water EE distance
0             0           

PEG EE distance
6.8575465     0.05892512  

BBB P2(x)
0.4723498     0.061056307 

BBB first bond length
0.61987438    0.010346495 

BBB second bond length
0.61965842    0.0098609068

BBB <phi**2>/<phi>**2
1.2185702     0.013988084 

Time = 2000
Temperature
1.0156058     0.007136128 

Pressure
23.023694     0.10252544  

CM Mom
-1.3222734e-16 1.4981721e-17 
3.9192683e-17  2.0724549e-17 
3.6068535e-17  4.214896e-17  
1.4974774e-16  1.8088232e-17 

CM Pos
7.5066874      0.01334733    
7.501501       0.015622417   
7.5018249      0.011269697   
12.996177      0.0132097     

Stress
19.9748      -0.043958    0.0565798     0.141811     0.0851123    0.0994845   
-0.043958    19.9928      0.0146112     0.0851123    0.114976     0.0677582   
0.0565798    0.0146112    19.9675       0.0994845    0.0677582    0.124019    

Stress Spherical
0            0            0             0            0            0           
0            0            0             0            0            0           
0            0            0             0            0            0           

Inertia
149.965      -56.3377     -56.2993      0.352423     0.173317     0.175631    
-56.3377     150.044      -56.2693      0.173317     0.318429     0.124571    
-56.2993     -56.2693     150.033       0.175631     0.124571     0.378498    

Bond Length
0.61640798    0.0018380199

BB bond length
0.61640798    0.0018380199

Water EE distance
0             0           

PEG EE distance
6.7948939     0.06536959  

BBB P2(x)
0.5057682     0.005052541 

BBB first bond length
0.61619788    0.0020519117

BBB second bond length
0.61654762    0.0018940684

BBB <phi**2>/<phi>**2
1.2250323     0.0086247001

