Time = 1000
Temperature
    1.070443   0.091540398

Pressure
   23.668714    0.42403196

CM Mom
-2.4401697e-17 1.6061922e-17 
-1.9665258e-17 2.8619376e-17 
1.7983855e-17  1.4497296e-16 
1.4109133e-16  5.9101908e-17 

CM Pos
7.4998848      0.012440768   
7.4988578      0.044364106   
7.4985244      0.013794668   
12.988878      0.019023425   

Stress
20.4937      -0.0289305   0.0148993     0.203811     0.0623687    0.0947578   
-0.0289305   20.4394      0.0232924     0.0623687    0.18516      0.0574345   
0.0148993    0.0232924    20.4581       0.0947578    0.0574345    0.186398    

Stress Spherical
0            0            0             0            0            0           
0            0            0             0            0            0           
0            0            0             0            0            0           

Inertia
150.037      -56.2039     -56.2434      0.624244     0.367749     0.0723226   
-56.2039     150.031      -56.2384      0.367749     1.10688      0.266163    
-56.2434     -56.2384     150.027       0.0723226    0.266163     0.466534    

Bond Length
0.61806112    0.0050737135

BB bond length
0.61806112    0.0050737135

Water EE distance
0             0           

PEG EE distance
6.7186549     0.31748707  

BBB P2(x)
0.47478569    0.067407863 

BBB first bond length
0.61805662    0.0050615385

BBB second bond length
0.61794612    0.004853153 

BBB <phi**2>/<phi>**2
1.2163451     0.01537433  

Time = 2000
Temperature
1.0110866     0.0080075935

Pressure
23.335228     0.052615313 

CM Mom
-4.3675548e-17 1.4961694e-17 
2.0152663e-18  1.3968155e-17 
-3.6276304e-17 3.7418866e-17 
6.6746863e-17  2.4322302e-17 

CM Pos
7.503299       0.010713518   
7.5070221      0.015509104   
7.5011964      0.015123546   
12.997048      0.012521122   

Stress
20.2521      -0.00161543  -0.0140206    0.0758838    0.0612627    0.0803236   
-0.00161543  20.3647      0.00300086    0.0612627    0.0769573    0.0616072   
-0.0140206   0.00300086   20.3071       0.0803236    0.0616072    0.118792    

Stress Spherical
0            0            0             0            0            0           
0            0            0             0            0            0           
0            0            0             0            0            0           

Inertia
150.008      -56.321      -56.292       0.346463     0.166903     0.137161    
-56.321      149.949      -56.3094      0.166903     0.428236     0.174798    
-56.292      -56.3094     150.038       0.137161     0.174798     0.256151    

Bond Length
0.61933763    0.0016009759

BB bond length
0.61933763    0.0016009759

Water EE distance
0             0           

PEG EE distance
7.0952552     0.19808425  

BBB P2(x)
0.51652939    0.010438841 

BBB first bond length
0.61915589    0.00176772  

BBB second bond length
0.61954128    0.0016332579

BBB <phi**2>/<phi>**2
1.2222882     0.0099021338

