Time = 1000
Temperature
   1.1442551    0.20912559

Pressure
    23.84135     0.9701252

CM Mom
-3.0263319e-17 2.1727445e-17 
-6.4772156e-18 4.5674481e-17 
1.2382581e-17  2.7740815e-16 
2.0911805e-16  1.9207892e-16 

CM Pos
7.498215       0.016443994   
7.4976771      0.0037192099  
7.4968188      0.018786651   
12.986189      0.014462464   

Stress
20.3359      0.0128569    -0.00924169   0.336369     0.068584     0.052115    
0.0128569    20.4601      -0.00610908   0.068584     0.365418     0.0616852   
-0.00924169  -0.00610908  20.4398       0.052115     0.0616852    0.422436    

Stress Spherical
0            0            0             0            0            0           
0            0            0             0            0            0           
0            0            0             0            0            0           

Inertia
150.074      -56.2049     -56.2167      1.23383      0.113387     0.221416    
-56.2049     150.086      -56.1828      0.113387     1.23336      0.173549    
-56.2167     -56.1828     150.107       0.221416     0.173549     1.42742     

Bond Length
0.61951947    0.0085098582

BB bond length
0.61951947    0.0085098582

Water EE distance
0             0           

PEG EE distance
6.6946735     0.12164942  

BBB P2(x)
0.47803594    0.064808287 

BBB first bond length
0.6195265     0.0085778561

BBB second bond length
0.61975039    0.0085454842

BBB <phi**2>/<phi>**2
1.219403      0.015480234 

Time = 2000
Temperature
1.0173183     0.010931851 

Pressure
23.107497     0.10297627  

CM Mom
-9.1955265e-18 1.4182891e-17 
-1.106793e-17  2.3061503e-17 
-7.1695135e-17 4.0925714e-17 
8.3105569e-17  2.9130995e-17 

CM Pos
7.5071127      0.011231298   
7.4942663      0.01366887    
7.4975602      0.014024625   
12.989786      0.011606196   

Stress
20.0062      0.0497707    0.0312777     0.102433     0.117365     0.0605934   
0.0497707    20.0913      -0.0627434    0.117365     0.0968744    0.106429    
0.0312777    -0.0627434   20.0782       0.0605934    0.106429     0.134184    

Stress Spherical
0            0            0             0            0            0           
0            0            0             0            0            0           
0            0            0             0            0            0           

Inertia
149.743      -56.3007     -56.2588      0.552407     0.165277     0.0884229   
-56.3007     149.947      -56.1946      0.165277     0.364371     0.172091    
-56.2588     -56.1946     149.921       0.0884229    0.172091     0.380611    

Bond Length
0.61709006    0.0016327398

BB bond length
0.61709006    0.0016327398

Water EE distance
0             0           

PEG EE distance
6.4962667     0.10352004  

BBB P2(x)
0.51529336    0.0090764395

BBB first bond length
0.61698622    0.0016040245

BBB second bond length
0.61698341    0.0016332643

BBB <phi**2>/<phi>**2
1.2289424     0.0076277903

