Time = 1000
Temperature
   1.0729278   0.084986012

Pressure
   23.663454    0.44140993

CM Mom
-3.2176427e-17 2.0370659e-17 
-1.5991165e-17 2.4486269e-17 
7.8985066e-17  8.988944e-17  
1.204895e-16   4.5897869e-17 

CM Pos
7.4991777      0.033740582   
7.5047861      0.021926856   
7.4965341      0.019063406   
12.990725      0.023458822   

Stress
20.4276      -0.0371666   -0.00543665   0.207479     0.0842176    0.0509469   
-0.0371666   20.4478      -0.032824     0.0842176    0.25541      0.0787406   
-0.00543665  -0.032824    20.473        0.0509469    0.0787406    0.200502    

Stress Spherical
0            0            0             0            0            0           
0            0            0             0            0            0           
0            0            0             0            0            0           

Inertia
150.09       -56.2762     -56.2554      1.04287      0.435891     0.205508    
-56.2762     150.008      -56.2781      0.435891     0.795909     0.171565    
-56.2554     -56.2781     150.131       0.205508     0.171565     0.372252    

Bond Length
0.61793179    0.0046371095

BB bond length
0.61793179    0.0046371095

Water EE distance
0             0           

PEG EE distance
6.6338335     0.16760266  

BBB P2(x)
0.47094171    0.062565217 

BBB first bond length
0.6179788     0.0048295415

BBB second bond length
0.61794139    0.0047892812

BBB <phi**2>/<phi>**2
1.2165442     0.015910076 

Time = 2000
Temperature
1.0057294     0.0084841784

Pressure
23.34209      0.073040783 

CM Mom
-1.4474903e-17 1.5845431e-17 
9.1975004e-18  2.6537677e-17 
7.5996468e-17  2.0933999e-17 
8.3970435e-17  2.0300355e-17 

CM Pos
7.5060026      0.023949364   
7.5050828      0.011008262   
7.4980178      0.016204742   
12.99567       0.012001581   

Stress
20.3438      -0.00469093  -0.00219401   0.0769054    0.0808742    0.0897958   
-0.00469093  20.3114      -0.0525584    0.0808742    0.151325     0.0438257   
-0.00219401  -0.0525584   20.3328       0.0897958    0.0438257    0.0932144   

Stress Spherical
0            0            0             0            0            0           
0            0            0             0            0            0           
0            0            0             0            0            0           

Inertia
149.925      -56.313      -56.2888      0.444669     0.243191     0.109708    
-56.313      149.967      -56.27        0.243191     0.261739     0.111278    
-56.2888     -56.27       150.059       0.109708     0.111278     0.327938    

Bond Length
0.6182701     0.0022882066

BB bond length
0.6182701     0.0022882066

Water EE distance
0             0           

PEG EE distance
6.9967095     0.21156236  

BBB P2(x)
0.5112332     0.016101155 

BBB first bond length
0.61842227    0.001956788 

BBB second bond length
0.61830355    0.0022552034

BBB <phi**2>/<phi>**2
1.2280815     0.0098670768

