Time = 1000
Temperature
   1.6432177     1.3289466

Pressure
   29.087047     4.0376016

CM Mom
-1.3355772e-17 4.7498484e-17 
1.4921223e-16  1.0729516e-16 
-8.500514e-17  4.1673754e-16 
3.6495738e-16  2.8967772e-16 

CM Pos
9.9980497      0.013653318   
10.000155      0.022699338   
9.9886108      0.01505907    
17.312923      0.0087856139  

Stress
24.1207      0.0464011    0.0525556     0.777075     0.145327     0.0659018   
0.0464011    24.2028      0.0201634     0.145327     0.777055     0.0512969   
0.0525556    0.0201634    24.1605       0.0659018    0.0512969    0.79377     

Stress Spherical
0            0            0             0            0            0           
0            0            0             0            0            0           
0            0            0             0            0            0           

Inertia
267.45       -99.9407     -99.8965      6.09692      0.142531     0.261782    
-99.9407     267.427      -99.8397      0.142531     6.24421      0.168338    
-99.8965     -99.8397     267.67        0.261782     0.168338     6.18582     

Bond Length
0.61702243    0.03423931  

BB bond length
0.61702243    0.03423931  

Water EE distance
0             0           

PEG EE distance
7.024071      0.49694759  

BBB P2(x)
0.10853613    0.037669349 

BBB first bond length
0.61745675    0.035073895 

BBB second bond length
0.61738594    0.034492925 

BBB <phi**2>/<phi>**2
1.129434      0.013968258 

Time = 2000
Temperature
1.0161693     0.0061695867

Pressure
26.365739     0.095227652 

CM Mom
1.0224922e-17  2.3282767e-17 
1.137121e-16   1.7846943e-17 
9.3968034e-18  1.0747192e-16 
1.5033987e-16  5.4148207e-17 

CM Pos
9.9999679      0.010725819   
9.9902301      0.0093648975  
9.9936982      0.007572827   
17.311217      0.0084545712  

Stress
23.303       0.0225703    -0.0010274    0.093101     0.0616785    0.0614761   
0.0225703    23.3357      0.00263612    0.0616785    0.10342      0.0703821   
-0.0010274   0.00263612   23.3202       0.0614761    0.0703821    0.129861    

Stress Spherical
0            0            0             0            0            0           
0            0            0             0            0            0           
0            0            0             0            0            0           

Inertia
266.676      -99.9184     -99.9414      0.811546     0.160082     0.115142    
-99.9184     266.871      -99.8173      0.160082     0.617958     0.180939    
-99.9414     -99.8173     266.822       0.115142     0.180939     0.72894     

Bond Length
0.60229799    0.00083163374

BB bond length
0.60229799    0.00083163374

Water EE distance
0             0           

PEG EE distance
6.2265996     0.15438161  

BBB P2(x)
0.074728392   0.0050232582

BBB first bond length
0.60244085    0.00085602644

BBB second bond length
0.60252322    0.00087719445

BBB <phi**2>/<phi>**2
1.1195822     0.0015556089

Time = 3000
Temperature
1.0102327     0.0049081712

Pressure
26.341188     0.045604014 

CM Mom
1.7114221e-17  2.6490254e-17 
1.1863014e-16  1.785882e-17  
-5.6816697e-18 1.8700033e-17 
1.2454119e-16  1.6066847e-17 

CM Pos
9.9982999      0.0089513584  
9.9991538      0.0096599356  
10.003206      0.01166071    
17.320895      0.0097685154  

Stress
23.2811      0.0296573    0.0108361     0.0902616    0.0631323    0.0338403   
0.0296573    23.306       -0.00436215   0.0631323    0.121067     0.0626439   
0.0108361    -0.00436215  23.3516       0.0338403    0.0626439    0.0713337   

Stress Spherical
0            0            0             0            0            0           
0            0            0             0            0            0           
0            0            0             0            0            0           

Inertia
266.815      -99.9581     -100.027      0.354219     0.154491     0.202424    
-99.9581     266.805      -100.017      0.154491     0.360777     0.168166    
-100.027     -100.017     266.723       0.202424     0.168166     0.301604    

Bond Length
0.60206108    0.00053715318

BB bond length
0.60206108    0.00053715318

Water EE distance
0             0           

PEG EE distance
5.8680476     0.10331789  

BBB P2(x)
0.065508502   0.0046555751

BBB first bond length
0.60225795    0.00050296909

BBB second bond length
0.60224534    0.00050084131

BBB <phi**2>/<phi>**2
1.1166419     0.0014717707

Time = 4000
Temperature
1.0114113     0.0027156325

Pressure
26.361429     0.057576539 

CM Mom
1.7372553e-17  1.999082e-17  
1.0054171e-16  2.8640899e-17 
-1.23506e-17   1.1670203e-17 
1.052435e-16   2.9032941e-17 

CM Pos
10.002053      0.0093856705  
9.9947337      0.0057931045  
10.000871      0.0069622232  
17.319159      0.0081667074  

Stress
23.3402      -0.021962    -0.00462943   0.102189     0.0606259    0.066033    
-0.021962    23.3337      -0.00254547   0.0606259    0.0672894    0.054496    
-0.00462943  -0.00254547  23.3149       0.066033     0.054496     0.0827495   

Stress Spherical
0            0            0             0            0            0           
0            0            0             0            0            0           
0            0            0             0            0            0           

Inertia
266.641      -99.9593     -100.077      0.227129     0.131022     0.127702    
-99.9593     266.786      -99.9816      0.131022     0.232029     0.130992    
-100.077     -99.9816     266.694       0.127702     0.130992     0.23969     

Bond Length
0.60200778    0.00070625821

BB bond length
0.60200778    0.00070625821

Water EE distance
0             0           

PEG EE distance
5.5184997     0.05922468  

BBB P2(x)
0.061340005   0.0035590528

BBB first bond length
0.60208055    0.00080040052

BBB second bond length
0.60214286    0.00069074783

BBB <phi**2>/<phi>**2
1.1153537     0.0014058949

Time = 5000
Temperature
1.0062649     0.0037617419

Pressure
26.319151     0.039305894 

CM Mom
1.9637466e-17  1.2951876e-17 
9.2644317e-17  3.1016294e-17 
-6.020556e-18  1.545106e-17  
9.7408611e-17  2.9747372e-17 

CM Pos
10.007807      0.0080011242  
9.9973191      0.0068183757  
10.001871      0.0085136816  
17.324553      0.0080199389  

Stress
23.2935      0.0055184    -0.0110576    0.0799775    0.0492893    0.0585465   
0.0055184    23.3066      0.0312539     0.0492893    0.0785266    0.0477372   
-0.0110576   0.0312539    23.3081       0.0585465    0.0477372    0.106725    

Stress Spherical
0            0            0             0            0            0           
0            0            0             0            0            0           
0            0            0             0            0            0           

Inertia
266.661      -100.039     -100.089      0.228546     0.140019     0.180689    
-100.039     266.917      -100.036      0.140019     0.249598     0.153998    
-100.089     -100.036     266.797       0.180689     0.153998     0.236582    

Bond Length
0.60198829    0.00041260754

BB bond length
0.60198829    0.00041260754

Water EE distance
0             0           

PEG EE distance
5.324501      0.026805867 

BBB P2(x)
0.061125473   0.0032852475

BBB first bond length
0.60220171    0.00039253434

BBB second bond length
0.60208975    0.00038390768

BBB <phi**2>/<phi>**2
1.1151009     0.0014884162

Time = 6000
Temperature
1.0114345     0.0032674426

Pressure
26.332494     0.069877365 

CM Mom
1.501146e-17   1.4262443e-17 
9.4972309e-17  2.8602422e-17 
-1.3854408e-17 1.4810047e-17 
9.9717759e-17  2.7097044e-17 

CM Pos
10.000719      0.007638671   
9.9980697      0.01098373    
9.9961168      0.0097488106  
17.317572      0.0092778989  

Stress
23.2983      0.0271509    0.0233769     0.0727565    0.0615628    0.0477968   
0.0271509    23.3019      0.0237178     0.0615628    0.108292     0.0634234   
0.0233769    0.0237178    23.3016       0.0477968    0.0634234    0.0718801   

Stress Spherical
0            0            0             0            0            0           
0            0            0             0            0            0           
0            0            0             0            0            0           

Inertia
266.536      -99.9917     -99.9662      0.266631     0.134252     0.180792    
-99.9917     266.604      -99.9597      0.134252     0.285077     0.160995    
-99.9662     -99.9597     266.641       0.180792     0.160995     0.218223    

Bond Length
0.60220327    0.00049519871

BB bond length
0.60220327    0.00049519871

Water EE distance
0             0           

PEG EE distance
5.2358104     0.065552317 

BBB P2(x)
0.058873918   0.0039641968

BBB first bond length
0.60241107    0.00049954493

BBB second bond length
0.60232268    0.00053067375

BBB <phi**2>/<phi>**2
1.1145139     0.0015286837

Time = 7000
Temperature
1.0108528     0.0031524156

Pressure
26.352278     0.059696757 

CM Mom
1.7924863e-17  2.5969116e-17 
1.0745584e-16  1.3087098e-17 
-3.7060366e-17 2.3956522e-17 
1.2028633e-16  1.3867526e-17 

CM Pos
10.004805      0.0091268014  
9.9915645      0.0073092293  
9.9977013      0.0069582259  
17.317092      0.0066577494  

Stress
23.3298      0.000266139  -0.000506093  0.103181     0.0816907    0.049247    
0.000266139  23.3297      -0.00703472   0.0816907    0.106203     0.0320582   
-0.000506093 -0.00703472  23.3069       0.049247     0.0320582    0.0526362   

Stress Spherical
0            0            0             0            0            0           
0            0            0             0            0            0           
0            0            0             0            0            0           

Inertia
266.396      -99.9784     -100.046      0.256841     0.116723     0.0979206   
-99.9784     266.683      -99.851       0.116723     0.191379     0.11712     
-100.046     -99.851      266.587       0.0979206    0.11712      0.221823    

Bond Length
0.60216173    0.00053645964

BB bond length
0.60216173    0.00053645964

Water EE distance
0             0           

PEG EE distance
5.0756906     0.028842125 

BBB P2(x)
0.05677074    0.0034601659

BBB first bond length
0.6022672     0.00053415822

BBB second bond length
0.60233018    0.0005493484

BBB <phi**2>/<phi>**2
1.1143062     0.0014229745

Time = 8000
Temperature
1.010994      0.0033269987

Pressure
26.334964     0.069614955 

CM Mom
2.5243153e-17  2.0687512e-17 
1.0599942e-16  1.0655847e-17 
-3.4401821e-17 1.9895178e-17 
1.1774425e-16  1.1410965e-17 

CM Pos
10.003304      0.009457649   
9.999821       0.012309248   
9.9986187      0.0089839343  
17.321522      0.0083909414  

Stress
23.3477      -0.0222532   0.0250777     0.0872233    0.0454901    0.0713933   
-0.0222532   23.2354      -0.00852855   0.0454901    0.0848789    0.072415    
0.0250777    -0.00852855  23.3301       0.0713933    0.072415     0.0739067   

Stress Spherical
0            0            0             0            0            0           
0            0            0             0            0            0           
0            0            0             0            0            0           

Inertia
266.601      -100.034     -100.017      0.355568     0.0988148    0.0997423   
-100.034     266.676      -100.007      0.0988148    0.159354     0.229133    
-100.017     -100.007     266.757       0.0997423    0.229133     0.210965    

Bond Length
0.60202608    0.00061850842

BB bond length
0.60202608    0.00061850842

Water EE distance
0             0           

PEG EE distance
5.0061613     0.044249489 

BBB P2(x)
0.056903208   0.0024249395

BBB first bond length
0.60208117    0.00061177952

BBB second bond length
0.6021162     0.00062853996

BBB <phi**2>/<phi>**2
1.1144447     0.0013309095

Time = 9000
Temperature
1.0117967     0.0072628259

Pressure
26.372288     0.055555185 

CM Mom
2.8110203e-17  1.4765915e-17 
1.3469365e-16  2.0032712e-17 
-3.6663262e-17 1.1750538e-17 
1.439944e-16   1.7314377e-17 

CM Pos
10.002136      0.0074145735  
10.001739      0.006099567   
9.9962002      0.021681427   
17.320564      0.012247423   

Stress
23.3626      0.00200988   0.0133323     0.0803117    0.0597224    0.0587526   
0.00200988   23.3073      0.0150772     0.0597224    0.0838767    0.0579626   
0.0133323    0.0150772    23.3481       0.0587526    0.0579626    0.114315    

Stress Spherical
0            0            0             0            0            0           
0            0            0             0            0            0           
0            0            0             0            0            0           

Inertia
266.643      -100.023     -99.9572      0.459938     0.0882066    0.204466    
-100.023     266.619      -100.013      0.0882066    0.552078     0.225445    
-99.9572     -100.013     266.778       0.204466     0.225445     0.143042    

Bond Length
0.60197836    0.00039628668

BB bond length
0.60197836    0.00039628668

Water EE distance
0             0           

PEG EE distance
4.9775682     0.037634491 

BBB P2(x)
0.055753174   0.002557129 

BBB first bond length
0.60212714    0.00036176328

BBB second bond length
0.60213603    0.00039403437

BBB <phi**2>/<phi>**2
1.1137955     0.0012847711

Time = 10000
Temperature
1.012743      0.0044295451

Pressure
26.381313     0.093838659 

CM Mom
3.2231062e-17  2.297357e-17  
1.360713e-16   2.1142512e-17 
-3.2426142e-17 1.4881773e-17 
1.4604151e-16  2.176764e-17  

CM Pos
9.9995509      0.010662405   
10.004658      0.013124208   
9.9899452      0.0061512327  
17.317142      0.010516417   

Stress
23.3985      0.0583172    0.0148314     0.138464     0.05074      0.0470621   
0.0583172    23.2941      -0.0137159    0.05074      0.111053     0.070658    
0.0148314    -0.0137159   23.3439       0.0470621    0.070658     0.0981272   

Stress Spherical
0            0            0             0            0            0           
0            0            0             0            0            0           
0            0            0             0            0            0           

Inertia
266.582      -100.052     -99.9147      0.346254     0.158608     0.136412    
-100.052     266.467      -99.963       0.158608     0.245868     0.209741    
-99.9147     -99.963      266.739       0.136412     0.209741     0.308626    

Bond Length
0.60193327    0.00049387954

BB bond length
0.60193327    0.00049387954

Water EE distance
0             0           

PEG EE distance
4.8525992     0.043933629 

BBB P2(x)
0.05376295    0.0039614596

BBB first bond length
0.60207758    0.00051645398

BBB second bond length
0.60205613    0.00053680038

BBB <phi**2>/<phi>**2
1.113219      0.0017090319

Time = 11000
Temperature
1.0108512     0.0042716566

Pressure
26.37273      0.08420512  

CM Mom
1.1101767e-18  1.5630046e-17 
1.431422e-16   1.4987515e-17 
-5.9758688e-17 7.1678243e-18 
1.562016e-16   1.3541913e-17 

CM Pos
9.9980497      0.0072230777  
10.009579      0.010166857   
9.9989523      0.0089885783  
17.324315      0.0084787284  

Stress
23.3897      -0.0110684   0.0250696     0.141535     0.0377786    0.0665208   
-0.0110684   23.2861      0.00223203    0.0377786    0.100916     0.0460725   
0.0250696    0.00223203   23.352        0.0665208    0.0460725    0.0820573   

Stress Spherical
0            0            0             0            0            0           
0            0            0             0            0            0           
0            0            0             0            0            0           

Inertia
266.812      -100.058     -100.012      0.319485     0.116498     0.134955    
-100.058     266.581      -100.08       0.116498     0.173        0.187158    
-100.012     -100.08      266.773       0.134955     0.187158     0.227428    

Bond Length
0.60215547    0.00061581638

BB bond length
0.60215547    0.00061581638

Water EE distance
0             0           

PEG EE distance
4.8515373     0.036830863 

BBB P2(x)
0.053864326   0.002922079 

BBB first bond length
0.60228665    0.0006367472

BBB second bond length
0.60226499    0.00071203922

BBB <phi**2>/<phi>**2
1.1132369     0.0013477153

Time = 12000
Temperature
1.0118722     0.0053928217

Pressure
26.386724     0.061067126 

CM Mom
1.1852919e-17  1.7280889e-17 
1.3966421e-16  2.5071945e-17 
-3.7919561e-17 2.8109261e-17 
1.4858762e-16  2.6899026e-17 

CM Pos
10.000468      0.0099884441  
10.003074      0.0076641242  
10.000287      0.0096411966  
17.322724      0.0080133687  

Stress
23.3417      0.0103166    -0.0333489    0.115772     0.0317981    0.0725437   
0.0103166    23.3602      -0.0125887    0.0317981    0.0831028    0.037565    
-0.0333489   -0.0125887   23.3586       0.0725437    0.037565     0.0562874   

Stress Spherical
0            0            0             0            0            0           
0            0            0             0            0            0           
0            0            0             0            0            0           

Inertia
266.759      -100.037     -99.998       0.300481     0.129273     0.168867    
-100.037     266.671      -100.027      0.129273     0.269631     0.146473    
-99.998      -100.027     266.77        0.168867     0.146473     0.195217    

Bond Length
0.60196715    0.00056842457

BB bond length
0.60196715    0.00056842457

Water EE distance
0             0           

PEG EE distance
4.8956983     0.026872131 

BBB P2(x)
0.055435881   0.0024288918

BBB first bond length
0.6021037     0.00056529332

BBB second bond length
0.60211725    0.00055107523

BBB <phi**2>/<phi>**2
1.113927      0.0014601947

Time = 13000
Temperature
1.0117212     0.0044735963

Pressure
26.369122     0.071240576 

CM Mom
2.1341273e-18  1.2885065e-17 
1.1692475e-16  1.4607648e-17 
-3.1040736e-17 7.9701026e-18 
1.2196335e-16  1.439965e-17  

CM Pos
10.004388      0.010687165   
10.000905      0.010196914   
10.001454      0.009456178   
17.324411      0.007110476   

Stress
23.3242      0.00841016   0.0225219     0.10193      0.0420496    0.0570447   
0.00841016   23.3463      -0.00125144   0.0420496    0.108558     0.0578528   
0.0225219    -0.00125144  23.3386       0.0570447    0.0578528    0.0727418   

Stress Spherical
0            0            0             0            0            0           
0            0            0             0            0            0           
0            0            0             0            0            0           

Inertia
266.716      -100.031     -100.049      0.257114     0.12469      0.196227    
-100.031     266.814      -100.061      0.12469      0.219617     0.147745    
-100.049     -100.061     266.804       0.196227     0.147745     0.252679    

Bond Length
0.60209219    0.00046056448

BB bond length
0.60209219    0.00046056448

Water EE distance
0             0           

PEG EE distance
4.8754767     0.028479088 

BBB P2(x)
0.055844911   0.0043689123

BBB first bond length
0.60228952    0.00048795161

BBB second bond length
0.60226698    0.00045408715

BBB <phi**2>/<phi>**2
1.1138564     0.0023583716

Time = 14000
Temperature
1.011239      0.0030241804

Pressure
26.331974     0.041558988 

CM Mom
-1.1725721e-17 6.888708e-18  
1.4307403e-16  3.413111e-17  
-4.0399577e-17 1.4123989e-17 
1.5020905e-16  3.2998627e-17 

CM Pos
10.006306      0.0060278757  
9.9953175      0.012290021   
9.9949492      0.011513945   
17.318538      0.0096631123  

Stress
23.3151      -0.00537656  0.00757871    0.0875626    0.0570445    0.0502955   
-0.00537656  23.2976      -0.00285008   0.0570445    0.104748     0.0583725   
0.00757871   -0.00285008  23.2893       0.0502955    0.0583725    0.0955211   

Stress Spherical
0            0            0             0            0            0           
0            0            0             0            0            0           
0            0            0             0            0            0           

Inertia
266.486      -99.9815     -99.9909      0.344547     0.103448     0.0970308   
-99.9815     266.732      -99.8961      0.103448     0.233353     0.234285    
-99.9909     -99.8961     266.723       0.0970308    0.234285     0.228437    

Bond Length
0.60249279    0.00052992916

BB bond length
0.60249279    0.00052992916

Water EE distance
0             0           

PEG EE distance
4.8222867     0.028938524 

BBB P2(x)
0.052082957   0.002361171 

BBB first bond length
0.60267212    0.00057472403

BBB second bond length
0.60265844    0.0004888896

BBB <phi**2>/<phi>**2
1.1124379     0.0013650548

Time = 15000
Temperature
1.0132506     0.0057582325

Pressure
26.374003     0.066078118 

CM Mom
-2.013318e-17  2.0751757e-17 
1.2923073e-16  1.3453937e-17 
-5.844261e-17  1.3385299e-17 
1.4528526e-16  1.4299212e-17 

CM Pos
10.001302      0.012627225   
9.9975693      0.0080379849  
9.9979515      0.0099465754  
17.31868       0.011621742   

Stress
23.3414      -0.0419459   0.00647909    0.0961006    0.0656652    0.0421114   
-0.0419459   23.3183      -0.0199125    0.0656652    0.100889     0.0517323   
0.00647909   -0.0199125   23.3503       0.0421114    0.0517323    0.143825    

Stress Spherical
0            0            0             0            0            0           
0            0            0             0            0            0           
0            0            0             0            0            0           

Inertia
266.549      -99.9757     -99.9807      0.244304     0.187249     0.178483    
-99.9757     266.642      -99.9947      0.187249     0.308801     0.160251    
-99.9807     -99.9947     266.663       0.178483     0.160251     0.316625    

Bond Length
0.6017844     0.0007307957

BB bond length
0.6017844     0.0007307957

Water EE distance
0             0           

PEG EE distance
4.8183657     0.054946143 

BBB P2(x)
0.05286992    0.0025956419

BBB first bond length
0.60195122    0.0007190656

BBB second bond length
0.601963      0.00076586961

BBB <phi**2>/<phi>**2
1.1130125     0.0012958747

Time = 16000
Temperature
1.0141231     0.0043225622

Pressure
26.347822     0.056250959 

CM Mom
-1.9934686e-17 1.4451337e-17 
1.3277711e-16  2.259664e-17  
-5.5913868e-17 9.5954548e-18 
1.4668813e-16  2.1157248e-17 

CM Pos
9.9973825      0.0052142943  
9.9975693      0.0094462429  
10.000454      0.008874883   
17.317859      0.0083730705  

Stress
23.2913      -0.00448104  0.0324766     0.0730339    0.054746     0.0678345   
-0.00448104  23.3358      0.0250544     0.054746     0.0878322    0.0689929   
0.0324766    0.0250544    23.2966       0.0678345    0.0689929    0.0995377   

Stress Spherical
0            0            0             0            0            0           
0            0            0             0            0            0           
0            0            0             0            0            0           

Inertia
266.591      -99.9288     -99.991       0.244335     0.120016     0.107492    
-99.9288     266.61       -99.992       0.120016     0.215191     0.1566      
-99.991      -99.992      266.545       0.107492     0.1566       0.240021    

Bond Length
0.60215555    0.0006317509

BB bond length
0.60215555    0.0006317509

Water EE distance
0             0           

PEG EE distance
4.8175514     0.031267334 

BBB P2(x)
0.054526741   0.004672132 

BBB first bond length
0.60231931    0.0006220854

BBB second bond length
0.60231798    0.00069524042

BBB <phi**2>/<phi>**2
1.1138424     0.0018222486

Time = 17000
Temperature
1.0095635     0.0056454343

Pressure
26.344452     0.040416835 

CM Mom
1.4069453e-17  2.2619238e-17 
1.4914562e-16  8.167168e-18  
-4.8428451e-17 1.1754699e-17 
1.5957854e-16  6.2349605e-18 

CM Pos
10.006306      0.0051030594  
10.003574      0.0086867548  
9.9996195      0.0087961615  
17.325996      0.0094982065  

Stress
23.3339      -0.0183274   0.00820043    0.0759127    0.0572062    0.0357297   
-0.0183274   23.3262      -0.0348238    0.0572062    0.0889       0.0590728   
0.00820043   -0.0348238   23.2944       0.0357297    0.0590728    0.131768    

Stress Spherical
0            0            0             0            0            0           
0            0            0             0            0            0           
0            0            0             0            0            0           

Inertia
266.74       -100.118     -100.056      0.301563     0.0833272    0.138641    
-100.118     266.777      -100.045      0.0833272    0.215107     0.165352    
-100.056     -100.045     266.872       0.138641     0.165352     0.205942    

Bond Length
0.60236992    0.00053146322

BB bond length
0.60236992    0.00053146322

Water EE distance
0             0           

PEG EE distance
4.8382114     0.028047238 

BBB P2(x)
0.05494363    0.0025955339

BBB first bond length
0.60249517    0.00054275884

BBB second bond length
0.60255958    0.00059059523

BBB <phi**2>/<phi>**2
1.1140751     0.0014891416

Time = 18000
Temperature
1.0110997     0.0035026892

Pressure
26.365285     0.085326658 

CM Mom
2.905082e-17   1.5620009e-17 
1.309753e-16   1.9320412e-17 
-6.713913e-17  1.0739274e-17 
1.5174241e-16  1.4593775e-17 

CM Pos
10.006973      0.0067465905  
9.9952341      0.0090706148  
9.9991191      0.0087628876  
17.321279      0.0093365586  

Stress
23.3368      -0.00775221  0.0170226     0.125224     0.0388796    0.0242253   
-0.00775221  23.3984      0.00754751    0.0388796    0.111154     0.0755143   
0.0170226    0.00754751   23.2679       0.0242253    0.0755143    0.0976141   

Stress Spherical
0            0            0             0            0            0           
0            0            0             0            0            0           
0            0            0             0            0            0           

Inertia
266.553      -100.043     -100.097      0.267161     0.155886     0.192356    
-100.043     266.742      -99.9623      0.155886     0.291618     0.140443    
-100.097     -99.9623     266.704       0.192356     0.140443     0.237544    

Bond Length
0.60240184    0.00071444539

BB bond length
0.60240184    0.00071444539

Water EE distance
0             0           

PEG EE distance
4.8481048     0.040481486 

BBB P2(x)
0.052903289   0.0029603924

BBB first bond length
0.60262732    0.00065722283

BBB second bond length
0.60258523    0.00073435426

BBB <phi**2>/<phi>**2
1.112952      0.0010215145

Time = 19000
Temperature
1.0123842     0.0057489138

Pressure
26.392475     0.078786049 

CM Mom
1.2407487e-17  6.9420043e-18 
1.0248498e-16  1.2042348e-17 
-8.6166126e-17 1.3120704e-17 
1.3544182e-16  1.0128908e-17 

CM Pos
9.9967987      0.015845      
10.000655      0.0082830301  
9.9958666      0.008582033   
17.31666       0.010569416   

Stress
23.3731      -0.00548402  -0.0129743    0.0751093    0.0543853    0.0605766   
-0.00548402  23.3574      -0.0115131    0.0543853    0.145966     0.0692244   
-0.0129743   -0.0115131   23.3427       0.0605766    0.0692244    0.0693613   

Stress Spherical
0            0            0             0            0            0           
0            0            0             0            0            0           
0            0            0             0            0            0           

Inertia
266.635      -99.9872     -99.8936      0.216923     0.166391     0.155498    
-99.9872     266.503      -99.9421      0.166391     0.382907     0.130172    
-99.8936     -99.9421     266.615       0.155498     0.130172     0.346991    

Bond Length
0.60194878    0.00051442677

BB bond length
0.60194878    0.00051442677

Water EE distance
0             0           

PEG EE distance
4.8086936     0.018819605 

BBB P2(x)
0.056209495   0.0019035931

BBB first bond length
0.60211414    0.00046296911

BBB second bond length
0.60210045    0.00052292317

BBB <phi**2>/<phi>**2
1.1140115     0.0010581926

Time = 20000
Temperature
1.0126398     0.0054844653

Pressure
26.346159     0.082259544 

CM Mom
-2.3985928e-18 1.2218501e-17 
1.051029e-16   1.3918709e-17 
-6.8965447e-17 2.2565192e-17 
1.2831569e-16  1.3996407e-17 

CM Pos
9.9968821      0.012593303   
9.9918981      0.011943592   
9.9997029      0.013070305   
17.313869      0.011770581   

Stress
23.3073      -0.00394091  -0.0132534    0.126457     0.0486779    0.0617732   
-0.00394091  23.3532      -0.0231699    0.0486779    0.112287     0.0594384   
-0.0132534   -0.0231699   23.2714       0.0617732    0.0594384    0.0816537   

Stress Spherical
0            0            0             0            0            0           
0            0            0             0            0            0           
0            0            0             0            0            0           

Inertia
266.574      -99.87       -99.9574      0.361351     0.170595     0.123641    
-99.87       266.595      -99.9105      0.170595     0.273744     0.209073    
-99.9574     -99.9105     266.445       0.123641     0.209073     0.292122    

Bond Length
0.60220305    0.00052756761

BB bond length
0.60220305    0.00052756761

Water EE distance
0             0           

PEG EE distance
4.8962123     0.026389679 

BBB P2(x)
0.052189996   0.0029578625

BBB first bond length
0.60236408    0.00056764056

BBB second bond length
0.60235908    0.00053457775

BBB <phi**2>/<phi>**2
1.1127124     0.0016346436

Time = 21000
Temperature
1.0101926     0.0040364528

Pressure
26.371425     0.062144649 

CM Mom
1.0470291e-17  1.3796566e-17 
1.1049731e-16  1.2539008e-17 
-1.0002424e-16 1.482414e-17  
1.5049784e-16  1.555176e-17  

CM Pos
9.9995509      0.0093930783  
9.9996542      0.0070194322  
10.004874      0.0076477711  
17.322868      0.0071284542  

Stress
23.3576      -0.0126792   -0.00887722   0.0794125    0.0466458    0.0523151   
-0.0126792   23.3747      -0.00217358   0.0466458    0.0770162    0.0445109   
-0.00887722  -0.00217358  23.2974       0.0523151    0.0445109    0.128178    

Stress Spherical
0            0            0             0            0            0           
0            0            0             0            0            0           
0            0            0             0            0            0           

Inertia
266.804      -99.9755     -100.057      0.157214     0.138854     0.194142    
-99.9755     266.728      -100.03       0.138854     0.257983     0.118905    
-100.057     -100.03      266.667       0.194142     0.118905     0.18895     

Bond Length
0.60205196    0.00047092492

BB bond length
0.60205196    0.00047092492

Water EE distance
0             0           

PEG EE distance
4.8655899     0.025365727 

BBB P2(x)
0.052186142   0.0022436874

BBB first bond length
0.60217396    0.00043608363

BBB second bond length
0.60224593    0.00053581276

BBB <phi**2>/<phi>**2
1.1127065     0.0012758641

Time = 22000
Temperature
1.0097449     0.0056940354

Pressure
26.322887     0.040258647 

CM Mom
1.8904949e-18  1.6768095e-17 
1.0968736e-16  1.7541244e-17 
-8.9124784e-17 8.9630589e-18 
1.4314755e-16  1.2493921e-17 

CM Pos
9.9993841      0.013165745   
9.999404       0.0093648975  
10.004623      0.0085881094  
17.322485      0.010821384   

Stress
23.3064      -0.014379    0.00286546    0.0859315    0.0605953    0.0527816   
-0.014379    23.3169      -0.00688523   0.0605953    0.0725736    0.0619089   
0.00286546   -0.00688523  23.2649       0.0527816    0.0619089    0.0732965   

Stress Spherical
0            0            0             0            0            0           
0            0            0             0            0            0           
0            0            0             0            0            0           

Inertia
266.78       -99.9759     -100.055      0.214548     0.19445      0.166832    
-99.9759     266.721      -100.05       0.19445      0.274965     0.120741    
-100.055     -100.05      266.663       0.166832     0.120741     0.32616     

Bond Length
0.60223215    0.00041456893

BB bond length
0.60223215    0.00041456893

Water EE distance
0             0           

PEG EE distance
4.8835744     0.021445814 

BBB P2(x)
0.052353903   0.003674193 

BBB first bond length
0.60241527    0.00044982579

BBB second bond length
0.60242598    0.00044759127

BBB <phi**2>/<phi>**2
1.11239       0.0016552281

Time = 23000
Temperature
1.0103844     0.0070969773

Pressure
26.346352     0.087446252 

CM Mom
9.2976144e-18  1.8223239e-17 
1.0470892e-16  1.7844409e-17 
-7.5029058e-17 2.0563139e-17 
1.3212117e-16  1.7236992e-17 

CM Pos
9.9988837      0.012532401   
10.001072      0.0064000517  
10.004457      0.0083249104  
17.32306       0.011124623   

Stress
23.3156      -0.0384984   -0.00342331   0.13849      0.0571169    0.0613388   
-0.0384984   23.3459      -0.00490809   0.0571169    0.0740723    0.0436089   
-0.00342331  -0.00490809  23.2913       0.0613388    0.0436089    0.0759742   

Stress Spherical
0            0            0             0            0            0           
0            0            0             0            0            0           
0            0            0             0            0            0           

Inertia
266.8        -100.032     -99.9995      0.214941     0.15049      0.18456     
-100.032     266.773      -100.048      0.15049      0.322188     0.129576    
-99.9995     -100.048     266.701       0.18456      0.129576     0.308715    

Bond Length
0.60187852    0.00034536599

BB bond length
0.60187852    0.00034536599

Water EE distance
0             0           

PEG EE distance
4.8440686     0.041289431 

BBB P2(x)
0.053565543   0.0031861666

BBB first bond length
0.60196783    0.00040870608

BBB second bond length
0.60203685    0.00034991444

BBB <phi**2>/<phi>**2
1.1129786     0.0012352496

Time = 24000
Temperature
1.0132576     0.0036998724

Pressure
26.398833     0.060108603 

CM Mom
-7.6365159e-19 2.3019558e-17 
1.2780099e-16  1.4876595e-17 
-4.7221978e-17 1.2424937e-17 
1.3897354e-16  1.2471617e-17 

CM Pos
10.001803      0.0088403319  
9.9981531      0.0079750023  
9.9987021      0.012709854   
17.319739      0.010321059   

Stress
23.3907      0.0112014    -0.00524316   0.0962242    0.0564527    0.0668536   
0.0112014    23.3396      -0.0224431    0.0564527    0.117418     0.0430167   
-0.00524316  -0.0224431   23.3541       0.0668536    0.0430167    0.0597238   

Stress Spherical
0            0            0             0            0            0           
0            0            0             0            0            0           
0            0            0             0            0            0           

Inertia
266.646      -99.986      -100.001      0.367868     0.148583     0.211664    
-99.986      266.674      -99.9642      0.148583     0.262189     0.187123    
-100.001     -99.9642     266.703       0.211664     0.187123     0.215785    

Bond Length
0.60223772    0.00058586458

BB bond length
0.60223772    0.00058586458

Water EE distance
0             0           

PEG EE distance
4.7163193     0.016106731 

BBB P2(x)
0.051068172   0.0024824913

BBB first bond length
0.60232703    0.0005637176

BBB second bond length
0.60238303    0.00057797795

BBB <phi**2>/<phi>**2
1.1125659     0.001158289 

Time = 25000
Temperature
1.0112739     0.0053304733

Pressure
26.352779     0.059182208 

CM Mom
5.6096795e-18  1.354927e-17  
1.239229e-16   2.7183431e-17 
-3.2435054e-17 1.4836804e-17 
1.3017323e-16  2.5258022e-17 

CM Pos
10.00222       0.0092948201  
9.9989036      0.013187915   
10.000954      0.0075410731  
17.321715      0.0073610513  

Stress
23.312       -0.02113     0.0201831     0.059913     0.0505135    0.0674511   
-0.02113     23.3033      0.013658      0.0505135    0.0728686    0.0646791   
0.0201831    0.013658     23.3487       0.0674511    0.0646791    0.0793041   

Stress Spherical
0            0            0             0            0            0           
0            0            0             0            0            0           
0            0            0             0            0            0           

Inertia
266.695      -99.9617     -100.051      0.312776     0.151435     0.0923181   
-99.9617     266.737      -100.021      0.151435     0.240095     0.15592     
-100.051     -100.021     266.701       0.0923181    0.15592      0.211562    

Bond Length
0.60195995    0.00039460498

BB bond length
0.60195995    0.00039460498

Water EE distance
0             0           

PEG EE distance
4.6954353     0.045073826 

BBB P2(x)
0.052979579   0.0026216669

BBB first bond length
0.60210421    0.00043970057

BBB second bond length
0.60204933    0.00040353784

BBB <phi**2>/<phi>**2
1.1126304     0.0012628212

Time = 26000
Temperature
1.0100165     0.0051893807

Pressure
26.364623     0.057293462 

CM Mom
8.5693792e-19  1.0303375e-17 
1.2807877e-16  1.5820034e-17 
-6.0000932e-17 2.1231591e-17 
1.4350863e-16  1.4748026e-17 

CM Pos
9.9933794      0.0093052906  
10.004074      0.010268964   
9.9956164      0.012558736   
17.316516      0.010190264   

Stress
23.3624      0.00438013   -0.0100372    0.0817557    0.0537955    0.0596084   
0.00438013   23.3281      -0.0176976    0.0537955    0.0911904    0.0445111   
-0.0100372   -0.0176976   23.3204       0.0596084    0.0445111    0.056187    

Stress Spherical
0            0            0             0            0            0           
0            0            0             0            0            0           
0            0            0             0            0            0           

Inertia
266.684      -99.9445     -99.8961      0.252433     0.174758     0.162143    
-99.9445     266.46       -99.9721      0.174758     0.3751       0.133944    
-99.8961     -99.9721     266.654       0.162143     0.133944     0.273831    

Bond Length
0.60195977    0.00029327192

BB bond length
0.60195977    0.00029327192

Water EE distance
0             0           

PEG EE distance
4.7370575     0.026100497 

BBB P2(x)
0.052644622   0.0021041025

BBB first bond length
0.60208735    0.00029623011

BBB second bond length
0.60209316    0.00030571019

BBB <phi**2>/<phi>**2
1.1126216     0.0011825004

Time = 27000
Temperature
1.0108542     0.00449044  

Pressure
26.379085     0.066203112 

CM Mom
1.2493308e-17  1.9763689e-17 
1.5083268e-16  3.3399686e-17 
-5.031582e-17  7.5368645e-18 
1.6151299e-16  3.0245051e-17 

CM Pos
10.000302      0.0057442727  
9.9949005      0.0095749582  
9.9957832      0.0089591253  
17.315307      0.010124748   

Stress
23.3281      -0.012408    0.0121901     0.0788739    0.0531912    0.0616712   
-0.012408    23.3958      0.0249747     0.0531912    0.0808065    0.0481243   
0.0121901    0.0249747    23.3228       0.0616712    0.0481243    0.0876044   

Stress Spherical
0            0            0             0            0            0           
0            0            0             0            0            0           
0            0            0             0            0            0           

Inertia
266.5        -99.9892     -99.9456      0.261977     0.136186     0.113917    
-99.9892     266.588      -99.9127      0.136186     0.221057     0.139276    
-99.9456     -99.9127     266.586       0.113917     0.139276     0.248759    

Bond Length
0.60193331    0.00051154552

BB bond length
0.60193331    0.00051154552

Water EE distance
0             0           

PEG EE distance
4.7268825     0.037754696 

BBB P2(x)
0.051497404   0.0037373727

BBB first bond length
0.60209383    0.00051215335

BBB second bond length
0.6020692     0.00050654849

BBB <phi**2>/<phi>**2
1.1119481     0.0016193434

Time = 28000
Temperature
1.012712      0.0027431204

Pressure
26.357914     0.081817172 

CM Mom
2.7314375e-17  1.6408106e-17 
1.6603543e-16  2.8449829e-17 
-7.3195623e-17 7.0926198e-18 
1.8473974e-16  2.5915046e-17 

CM Pos
9.9985501      0.0128286     
9.9947337      0.0065270322  
9.9960334      0.010790794   
17.314345      0.013050902   

Stress
23.3204      0.00469245   -0.00397499   0.110498     0.0415477    0.0537953   
0.00469245   23.3369      -0.0150643    0.0415477    0.131161     0.074241    
-0.00397499  -0.0150643   23.3092       0.0537953    0.074241     0.095293    

Stress Spherical
