Time = 1000
Temperature
    1.048409   0.056383998

Pressure
   23.610538    0.25767775

CM Mom
1.4528438e-17  1.8369694e-17 
9.8919801e-17  9.2493245e-18 
-1.4846899e-17 1.0362318e-16 
1.374444e-16   4.9864107e-17 

CM Pos
7.5001234      0.013382756   
7.4972867      0.035603672   
7.4894409      0.019196887   
12.982821      0.032468478   

Stress
20.4767      -0.0101141   -0.0165358    0.109442     0.0712184    0.0824369   
-0.0101141   20.4832      0.0271725     0.0712184    0.179277     0.0539692   
-0.0165358   0.0271725    20.45         0.0824369    0.0539692    0.137249    

Stress Spherical
0            0            0             0            0            0           
0            0            0             0            0            0           
0            0            0             0            0            0           

Inertia
149.841      -56.1928     -56.1666      0.389612     0.320516     0.201497    
-56.1928     149.879      -56.1739      0.320516     0.522621     0.317039    
-56.1666     -56.1739     149.974       0.201497     0.317039     0.264833    

Bond Length
0.62017393    0.0025003053

BB bond length
0.62017393    0.0025003053

Water EE distance
0             0           

PEG EE distance
5.9747868     0.12949122  

BBB P2(x)
0.48282232    0.047086219 

BBB first bond length
0.61994757    0.0024042574

BBB second bond length
0.62022194    0.0025736052

BBB <phi**2>/<phi>**2
1.2232249     0.011380233 

Time = 2000
Temperature
1.0089159     0.0074594781

Pressure
23.380068     0.087530756 

CM Mom
1.505637e-17   1.6315958e-17 
1.0175562e-16  1.0549948e-17 
6.3678113e-17  4.4132011e-17 
1.2837152e-16  2.1947674e-17 

CM Pos
7.4940403      0.012006809   
7.5027763      0.021651556   
7.4996782      0.016452126   
12.988385      0.01466944    

Stress
20.3665      -0.0349133   0.0124087     0.108538     0.0587701    0.0452407   
-0.0349133   20.3313      0.0176884     0.0587701    0.103683     0.046883    
0.0124087    0.0176884    20.3756       0.0452407    0.046883     0.121223    

Stress Spherical
0            0            0             0            0            0           
0            0            0             0            0            0           
0            0            0             0            0            0           

Inertia
149.942      -56.2414     -56.2329      0.311437     0.1674       0.130236    
-56.2414     149.831      -56.287       0.1674       0.478126     0.191403    
-56.2329     -56.287      149.863       0.130236     0.191403     0.296062    

Bond Length
0.61790617    0.0034385181

BB bond length
0.61790617    0.0034385181

Water EE distance
0             0           

PEG EE distance
6.5888108     0.22693608  

BBB P2(x)
0.50675063    0.016783674 

BBB first bond length
0.61779869    0.0034684844

BBB second bond length
0.61767024    0.0038025756

BBB <phi**2>/<phi>**2
1.2238181     0.010298654 

