Time = 500
Temperature
    1.032012   0.046183272

Pressure
   22.731472    0.20284082

CM Mom
1.4426094e-17  1.5336959e-17 
-1.8909687e-17 1.8404045e-17 
1.0161987e-16  2.1798448e-17 
1.0735359e-16  2.0410733e-17 

CM Pos
7.5001913      0.02062299    
7.4831538      0.013893658   
7.4828733      0.02158193    
12.970922      0.010889163   

Stress
19.6932      0.00238603   0.0161349     0.117352     0.0660445    0.0665808   
0.00238603   19.6048      -0.0222779    0.0660445    0.0635895    0.0256596   
0.0161349    -0.0222779   19.6184       0.0665808    0.0256596    0.109631    

Stress Spherical
0            0            0             0            0            0           
0            0            0             0            0            0           
0            0            0             0            0            0           

Inertia
149.037      -56.1329     -56.1465      0.31864      0.173443     0.0327763   
-56.1329     149.23       -55.9426      0.173443     0.217406     0.318143    
-56.1465     -55.9426     149.285       0.0327763    0.318143     0.410219    

Bond Length
0.61842154    0.0043346941

BB bond length
0.61842154    0.0043346941

Water EE distance
0             0           

PEG EE distance
3.6504095     0.15489181  

Time = 1000
Temperature
1.0139963     0.0067457408

Pressure
22.622254     0.05270537  

CM Mom
4.4436364e-17  1.5079577e-17 
-2.6841184e-17 1.5743585e-17 
1.5025937e-16  2.5433399e-17 
1.6058631e-16  2.4638723e-17 

CM Pos
7.4785381      0.020877395   
7.4920523      0.018978952   
7.5012637      0.015509492   
12.974174      0.013330198   

Stress
19.6242      -0.0468948   -0.0208236    0.115401     0.0441124    0.090264    
-0.0468948   19.5767      0.0123465     0.0441124    0.0514714    0.0285413   
-0.0208236   0.0123465    19.5498       0.090264     0.0285413    0.0886182   

Stress Spherical
0            0            0             0            0            0           
0            0            0             0            0            0           
0            0            0             0            0            0           

Inertia
149.479      -55.9857     -56.1441      0.156131     0.193101     0.0791939   
-55.9857     149.244      -56.1562      0.193101     0.160852     0.160626    
-56.1441     -56.1562     149.141       0.0791939    0.160626     0.511835    

Bond Length
0.61429849    0.0017233245

BB bond length
0.61429849    0.0017233245

Water EE distance
0             0           

PEG EE distance
3.7525735     0.14054882  

