Time = 1000
Temperature
   1.1525447    0.24359686

Pressure
   23.778482    0.98300056

CM Mom
-8.1297455e-17 3.4569999e-17 
1.1866196e-18  2.5430987e-17 
-1.2035408e-17 2.8630879e-16 
2.3883075e-16  1.8311185e-16 

CM Pos
7.4994294      0.015166704   
7.4921264      0.015075538   
7.4924498      0.02070118    
12.981165      0.021122957   

Stress
20.3507      0.0196953    -0.00454292   0.266        0.0720151    0.0703355   
0.0196953    20.3689      -0.0235459    0.0720151    0.325736     0.0512325   
-0.00454292  -0.0235459   20.2686       0.0703355    0.0512325    0.293329    

Stress Spherical
0            0            0             0            0            0           
0            0            0             0            0            0           
0            0            0             0            0            0           

Inertia
149.901      -56.2122     -56.1564      1.11687      0.218638     0.299341    
-56.2122     150.012      -56.1375      0.218638     1.03705      0.187934    
-56.1564     -56.1375     150.01        0.299341     0.187934     1.21836     

Bond Length
0.62170995    0.011703133 

BB bond length
0.62170995    0.011703133 

Water EE distance
0             0           

PEG EE distance
7.4158057     0.18385015  

BBB P2(x)
0.48444974    0.065387994 

BBB first bond length
0.62176104    0.01188369  

BBB second bond length
0.62172061    0.011900543 

BBB <phi**2>/<phi>**2
1.2169719     0.012192183 

Time = 2000
Temperature
1.0141046     0.0076740032

Pressure
23.1248       0.078021883 

CM Mom
-8.8212441e-17 1.9043125e-17 
6.5113619e-18  2.3683576e-17 
9.9158855e-18  4.2598853e-17 
1.0129304e-16  2.0002276e-17 

CM Pos
7.5029938      0.018833299   
7.4949482      0.014387556   
7.5107172      0.013549895   
12.995397      0.020771815   

Stress
20.0683      -0.0218559   -0.0239207    0.0998517    0.0861091    0.0445413   
-0.0218559   20.1113      -0.00687555   0.0861091    0.0926651    0.072636    
-0.0239207   -0.00687555  20.0903       0.0445413    0.072636     0.145733    

Stress Spherical
0            0            0             0            0            0           
0            0            0             0            0            0           
0            0            0             0            0            0           

Inertia
149.962      -56.1763     -56.32        0.32358      0.19584      0.236466    
-56.1763     150.065      -56.3188      0.19584      0.376377     0.155634    
-56.32       -56.3188     149.838       0.236466     0.155634     0.421755    

Bond Length
0.61846978    0.0022296739

BB bond length
0.61846978    0.0022296739

Water EE distance
0             0           

PEG EE distance
7.5993806     0.14829632  

BBB P2(x)
0.51902609    0.0054818005

BBB first bond length
0.61835934    0.0021752065

BBB second bond length
0.61859611    0.0022164791

BBB <phi**2>/<phi>**2
1.2253259     0.0084174591

