Time = 1000
Temperature
   1.5754439     1.1835839

Pressure
   29.164606     4.3618714

CM Mom
-3.8351418e-17 3.3921283e-17 
1.0421138e-16  6.2770993e-17 
-6.3248244e-17 5.4795061e-16 
3.8567197e-16  4.1584737e-16 

CM Pos
10.001552      0.020656824   
10.006715      0.031330487   
9.9997443      0.018357847   
17.325181      0.011465556   

Stress
24.3918      -0.00326728  0.0503204     1.14879      0.0771532    0.117801    
-0.00326728  24.4714      -0.0203946    0.0771532    1.18864      0.0875822   
0.0503204    -0.0203946   24.4587       0.117801     0.0875822    1.14498     

Stress Spherical
0            0            0             0            0            0           
0            0            0             0            0            0           
0            0            0             0            0            0           

Inertia
268.052      -100.102     -100.031      7.42025      0.219188     0.232974    
-100.102     267.972      -100.084      0.219188     6.47393      0.393438    
-100.031     -100.084     268.069       0.232974     0.393438     7.06548     

Bond Length
0.61553383    0.030172208 

BB bond length
0.61553383    0.030172208 

Water EE distance
0             0           

PEG EE distance
6.7493909     0.46246235  

BBB P2(x)
0.10280212    0.034954423 

BBB first bond length
0.61591547    0.030873156 

BBB second bond length
0.61584927    0.030261344 

BBB <phi**2>/<phi>**2
1.1271534     0.011981797 

Time = 2000
Temperature
1.0209515     0.0051306002

Pressure
26.294523     0.062954239 

CM Mom
-2.734505e-17  1.8083856e-17 
1.0713377e-16  2.1434734e-17 
1.1178319e-16  1.0569206e-16 
1.7693619e-16  7.3292207e-17 

CM Pos
10.000552      0.0080731822  
10.012301      0.012106329   
10.002746      0.014823178   
17.329525      0.010090198   

Stress
23.2161      -0.0289027   0.0161837     0.0835678    0.0431402    0.0318569   
-0.0289027   23.1942      -0.0128398    0.0431402    0.0703628    0.0468528   
0.0161837    -0.0128398   23.2893       0.0318569    0.0468528    0.0924429   

Stress Spherical
0            0            0             0            0            0           
0            0            0             0            0            0           
0            0            0             0            0            0           

Inertia
267.335      -100.071     -100.002      0.694287     0.136939     0.159224    
-100.071     267.147      -100.15       0.136939     0.821562     0.146408    
-100.002     -100.15      267.307       0.159224     0.146408     0.565255    

Bond Length
0.6025926     0.00055264943

BB bond length
0.6025926     0.00055264943

Water EE distance
0             0           

PEG EE distance
6.0251548     0.17977612  

BBB P2(x)
0.07010809    0.0049508246

BBB first bond length
0.60280305    0.00057316133

BBB second bond length
0.60277358    0.00056986127

BBB <phi**2>/<phi>**2
1.117091      0.0018783168

Time = 3000
Temperature
1.0114074     0.0057238654

Pressure
26.228932     0.058219338 

CM Mom
-2.5442842e-17 2.1088635e-17 
1.1404651e-16  3.5109722e-17 
2.9851707e-17  3.9301405e-17 
1.2826649e-16  3.6260171e-17 

CM Pos
9.9950488      0.0091500049  
10.006381      0.011614293   
10.005581      0.013282821   
17.324567      0.0088870425  

Stress
23.1841      0.00467554   -0.0384823    0.0985911    0.077029     0.0640112   
0.00467554   23.2103      0.00627503    0.077029     0.10833      0.0306081   
-0.0384823   0.00627503   23.1943       0.0640112    0.0306081    0.121568    

Stress Spherical
0            0            0             0            0            0           
0            0            0             0            0            0           
0            0            0             0            0            0           

Inertia
267.027      -99.9923     -99.9785      0.5327       0.166319     0.19526     
-99.9923     266.803      -100.137      0.166319     0.517922     0.148488    
-99.9785     -100.137     266.819       0.19526      0.148488     0.315597    

Bond Length
0.60253609    0.00023916037

BB bond length
0.60253609    0.00023916037

Water EE distance
0             0           

PEG EE distance
5.5356091     0.11008713  

BBB P2(x)
0.063590873   0.0042907422

BBB first bond length
0.60263877    0.00018388143

BBB second bond length
0.6027011     0.00026876753

BBB <phi**2>/<phi>**2
1.115806      0.0019731928

Time = 4000
Temperature
1.0101468     0.006128708 

Pressure
26.227804     0.06692923  

CM Mom
-1.5693679e-17 2.553303e-17  
9.6251379e-17  1.5053155e-17 
2.0899007e-17  1.5124453e-17 
1.0413849e-16  1.4486065e-17 

CM Pos
9.9961326      0.0065378989  
10.001129      0.0082182568  
10.002996      0.0085417699  
17.320661      0.0069215948  

Stress
23.197       0.00473227   -0.00848842   0.0819514    0.0634705    0.0649925   
0.00473227   23.215       0.040702      0.0634705    0.0865271    0.0563977   
-0.00848842  0.040702     23.1847       0.0649925    0.0563977    0.0768736   

Stress Spherical
0            0            0             0            0            0           
0            0            0             0            0            0           
0            0            0             0            0            0           

Inertia
266.835      -99.9584     -99.9978      0.210035     0.134979     0.110769    
-99.9584     266.725      -100.03       0.134979     0.17705      0.124396    
-99.9978     -100.03      266.686       0.110769     0.124396     0.284443    

Bond Length
0.60258932    0.00067752239

BB bond length
0.60258932    0.00067752239

Water EE distance
0             0           

PEG EE distance
5.1962363     0.061569225 

BBB P2(x)
0.056153796   0.0044532445

BBB first bond length
0.60270472    0.00069280701

BBB second bond length
0.60276369    0.00063082589

BBB <phi**2>/<phi>**2
1.1142553     0.0014408698

Time = 5000
Temperature
1.0092604     0.0046752823

Pressure
26.210314     0.055973577 

CM Mom
2.8492855e-17  2.0226289e-17 
1.0888052e-16  2.308814e-17  
4.1515922e-17  2.3339155e-17 
1.2375552e-16  2.3703065e-17 

CM Pos
10.002386      0.0081366503  
9.9958761      0.0094287528  
9.996576       0.0090817559  
17.317533      0.0085099669  

Stress
23.1738      0.0471717    0.00204279    0.0995238    0.0678155    0.0515539   
0.0471717    23.1981      0.00700212    0.0678155    0.0838057    0.0577684   
0.00204279   0.00700212   23.1802       0.0515539    0.0577684    0.0552022   

Stress Spherical
0            0            0             0            0            0           
0            0            0             0            0            0           
0            0            0             0            0            0           

Inertia
266.555      -99.9767     -100.008      0.28932      0.118064     0.158961    
-99.9767     266.676      -99.8913      0.118064     0.255439     0.15393     
-100.008     -99.8913     266.629       0.158961     0.15393      0.228546    

Bond Length
0.6025254     0.00050668662

BB bond length
0.6025254     0.00050668662

Water EE distance
0             0           

PEG EE distance
4.9990657     0.047562074 

BBB P2(x)
0.055407781   0.0041720662

BBB first bond length
0.60268054    0.00050023847

BBB second bond length
0.60259662    0.00054105704

BBB <phi**2>/<phi>**2
1.113303      0.0020101601

Time = 6000
Temperature
1.0099523     0.0057634334

Pressure
26.161091     0.045831664 

CM Mom
2.2678393e-17  1.7576589e-17 
1.2393961e-16  2.7272416e-17 
3.9282216e-17  2.0832756e-17 
1.352676e-16   2.4654253e-17 

CM Pos
9.9984671      0.010136496   
10.005798      0.0083274911  
9.9989105      0.014001295   
17.322348      0.012626076   

Stress
23.1105      0.00231816   3.62593e-06   0.0569227    0.0803615    0.042378    
0.00231816   23.1766      0.0138079     0.0803615    0.0965937    0.0558415   
3.62593e-06  0.0138079    23.1111       0.042378     0.0558415    0.0949883   

Stress Spherical
0            0            0             0            0            0           
0            0            0             0            0            0           
0            0            0             0            0            0           

Inertia
266.759      -100.085     -99.9795      0.372309     0.117242     0.157988    
-100.085     266.603      -100.125      0.117242     0.382231     0.216623    
-99.9795     -100.125     266.747       0.157988     0.216623     0.303201    

Bond Length
0.60256708    0.00038911022

BB bond length
0.60256708    0.00038911022

Water EE distance
0             0           

PEG EE distance
4.9038263     0.048665422 

BBB P2(x)
0.054622959   0.0035951846

BBB first bond length
0.60269064    0.00034745464

BBB second bond length
0.60262422    0.00041219373

BBB <phi**2>/<phi>**2
1.113073      0.0018740476

Time = 7000
Temperature
1.0080656     0.0041251476

Pressure
26.212824     0.08887012  

CM Mom
-3.3714439e-18 2.4396239e-17 
1.2306068e-16  2.3709092e-17 
5.1913733e-17  2.5040169e-17 
1.3721814e-16  2.8387046e-17 

CM Pos
10.001219      0.0098156162  
10.000378      0.0086328382  
10.001995      0.0068752804  
17.322586      0.0093456801  

Stress
23.2181      0.0470169    -0.0249004    0.0783275    0.0435573    0.0870272   
0.0470169    23.1973      0.0168379     0.0435573    0.143163     0.0597797   
-0.0249004   0.0168379    23.1549       0.0870272    0.0597797    0.0723402   

Stress Spherical
0            0            0             0            0            0           
0            0            0             0            0            0           
0            0            0             0            0            0           

Inertia
266.683      -100.007     -100.024      0.16063      0.147251     0.195221    
-100.007     266.739      -99.9996      0.147251     0.287359     0.144896    
-100.024     -99.9996     266.683       0.195221     0.144896     0.262823    

Bond Length
0.60240398    0.00070197398

BB bond length
0.60240398    0.00070197398

Water EE distance
0             0           

PEG EE distance
4.8439374     0.018613883 

BBB P2(x)
0.054710895   0.0037808079

BBB first bond length
0.60248201    0.00072087748

BBB second bond length
0.60257012    0.00075683873

BBB <phi**2>/<phi>**2
1.1132864     0.0019712326

Time = 8000
Temperature
1.0124065     0.0048297271

Pressure
26.23905      0.042296305 

CM Mom
-3.3028302e-17 1.3933951e-17 
1.2627503e-16  1.3363544e-17 
5.8754856e-17  9.4135876e-18 
1.4435147e-16  1.0601447e-17 

CM Pos
10.009473      0.012119241   
9.9999614      0.0077927774  
9.9964926      0.0063954674  
17.323937      0.0088581661  

Stress
23.1949      0.028853     -0.0109441    0.0590173    0.0376933    0.030425    
0.028853     23.202       -0.0113849    0.0376933    0.0708359    0.0594409   
-0.0109441   -0.0113849   23.2131       0.030425     0.0594409    0.081628    

Stress Spherical
0            0            0             0            0            0           
0            0            0             0            0            0           
0            0            0             0            0            0           

Inertia
266.608      -100.082     -100.101      0.191251     0.178883     0.10023     
-100.082     266.806      -99.9837      0.178883     0.205047     0.115129    
-100.101     -99.9837     266.849       0.10023      0.115129     0.306824    

Bond Length
0.60269852    0.0004504261

BB bond length
0.60269852    0.0004504261

Water EE distance
0             0           

PEG EE distance
4.8102632     0.034023292 

BBB P2(x)
0.052669429   0.0026967817

BBB first bond length
0.60277333    0.000419998 

BBB second bond length
0.60291962    0.00051061673

BBB <phi**2>/<phi>**2
1.1130535     0.0013983239

Time = 9000
Temperature
1.0089915     0.0039594168

Pressure
26.219202     0.079828816 

CM Mom
-1.6744637e-17 1.4044308e-17 
9.0611402e-17  1.4083668e-17 
8.0765624e-17  1.1270013e-17 
1.2358331e-16  1.6237798e-17 

CM Pos
9.9967996      0.010286261   
9.9962096      0.0094626057  
10.008415      0.0079539071  
17.321338      0.0096350199  

Stress
23.1864      -0.00749068  -0.0258477    0.0720743    0.0416918    0.0525638   
-0.00749068  23.1958      0.0121979     0.0416918    0.150898     0.0647647   
-0.0258477   0.0121979    23.199        0.0525638    0.0647647    0.110082    

Stress Spherical
0            0            0             0            0            0           
0            0            0             0            0            0           
0            0            0             0            0            0           

Inertia
266.732      -99.9473     -100.026      0.206337     0.165776     0.137261    
-99.9473     266.76       -100.008      0.165776     0.293411     0.0904784   
-100.026     -100.008     266.526       0.137261     0.0904784    0.322713    

Bond Length
0.60252567    0.00067984547

BB bond length
0.60252567    0.00067984547

Water EE distance
0             0           

PEG EE distance
4.78532       0.032822115 

BBB P2(x)
0.053127899   0.0033304802

BBB first bond length
0.6027146     0.00071604452

BBB second bond length
0.60264267    0.00064096391

BBB <phi**2>/<phi>**2
1.1130591     0.0013043157

Time = 10000
Temperature
1.0090481     0.004820606 

Pressure
26.167635     0.065959021 

CM Mom
1.8092035e-17  1.1695336e-17 
1.063509e-16   1.6709756e-17 
9.3814841e-17  1.4906357e-17 
1.4424272e-16  1.6471039e-17 

CM Pos
9.9980503      0.0053490128  
9.9904567      0.0091500049  
10.003496      0.0092527493  
17.315898      0.0067488924  

Stress
23.1461      0.0254118    -0.0654632    0.143508     0.0516436    0.0407624   
0.0254118    23.1682      0.0380064     0.0516436    0.0973017    0.0471542   
-0.0654632   0.0380064    23.1117       0.0407624    0.0471542    0.0502804   

Stress Spherical
0            0            0             0            0            0           
0            0            0             0            0            0           
0            0            0             0            0            0           

Inertia
266.545      -99.8621     -100.026      0.237108     0.0918229    0.131546    
-99.8621     266.696      -99.9518      0.0918229    0.219648     0.1221      
-100.026     -99.9518     266.453       0.131546     0.1221       0.20617     

Bond Length
0.60257177    0.00020490059

BB bond length
0.60257177    0.00020490059

Water EE distance
0             0           

PEG EE distance
4.8065336     0.025053    

BBB P2(x)
0.054007619   0.0038485054

BBB first bond length
0.60274994    0.00023842889

BBB second bond length
0.60273217    0.00016246447

BBB <phi**2>/<phi>**2
1.1134471     0.0019038455

Time = 11000
Temperature
1.0111169     0.0038813222

Pressure
26.192779     0.05386416  

CM Mom
-3.5655293e-17 2.8320983e-17 
7.411345e-17   7.5551086e-18 
1.0191583e-16  2.1338763e-17 
1.3436591e-16  2.0279111e-17 

CM Pos
9.9927976      0.012182172   
9.9912071      0.014575375   
9.9923239      0.012384489   
17.306852      0.012060074   

Stress
23.2025      0.0357934    -0.00573634   0.11994      0.0638891    0.0578778   
0.0357934    23.132       0.0100321     0.0638891    0.117964     0.062812    
-0.00573634  0.0100321    23.1484       0.0578778    0.062812     0.0644604   

Stress Spherical
0            0            0             0            0            0           
0            0            0             0            0            0           
0            0            0             0            0            0           

Inertia
266.353      -99.861      -99.8419      0.347495     0.180332     0.2474      
-99.861      266.368      -99.8016      0.180332     0.470292     0.161309    
-99.8419     -99.8016     266.366       0.2474       0.161309     0.377738    

Bond Length
0.60281196    0.00030119118

BB bond length
0.60281196    0.00030119118

Water EE distance
0             0           

PEG EE distance
4.7691829     0.026676972 

BBB P2(x)
0.053964636   0.0034513271

BBB first bond length
0.6029465     0.0003616921

BBB second bond length
0.60293983    0.00032892719

BBB <phi**2>/<phi>**2
1.1130757     0.0013514287

Time = 12000
Temperature
1.0124859     0.005974342 

Pressure
26.216425     0.073277933 

CM Mom
-3.5179741e-17 1.3679832e-17 
7.8321333e-17  1.973968e-17  
9.368039e-17   1.639681e-17  
1.2950792e-16  1.4873016e-17 

CM Pos
9.9993009      0.013219871   
10.000462      0.0073370018  
9.9990773      0.010763131   
17.319844      0.011981086   

Stress
23.1986      0.00857171   -0.01788      0.118368     0.0633127    0.0706216   
0.00857171   23.1239      0.0214614     0.0633127    0.0553718    0.0585185   
-0.01788     0.0214614    23.2189       0.0706216    0.0585185    0.0938949   

Stress Spherical
0            0            0             0            0            0           
0            0            0             0            0            0           
0            0            0             0            0            0           

Inertia
266.623      -100.019     -99.9699      0.240884     0.175896     0.243828    
-100.019     266.631      -100.011      0.175896     0.352803     0.121981    
-99.9699     -100.011     266.659       0.243828     0.121981     0.311691    

Bond Length
0.60272606    0.00069132912

BB bond length
0.60272606    0.00069132912

Water EE distance
0             0           

PEG EE distance
4.7338017     0.023468888 

BBB P2(x)
0.054587316   0.0033798892

BBB first bond length
0.60280619    0.00070710737

BBB second bond length
0.60286365    0.00071186067

BBB <phi**2>/<phi>**2
1.113258      0.0020360393

Time = 13000
Temperature
1.0111139     0.0061278512

Pressure
26.198964     0.061919865 

CM Mom
-4.373204e-17  1.839909e-17  
5.70571e-17    2.6458675e-17 
1.0430898e-16  2.2459577e-17 
1.3096956e-16  2.0937077e-17 

CM Pos
9.9876284      0.014188704   
10.004797      0.010212674   
9.9981601      0.0073180284  
17.315084      0.010390335   

Stress
23.1666      -0.0191093   0.0551082     0.048692     0.0648711    0.0528527   
-0.0191093   23.1688      0.00252069    0.0648711    0.0853512    0.0951071   
0.0551082    0.00252069   23.166        0.0528527    0.0951071    0.117404    

Stress Spherical
0            0            0             0            0            0           
0            0            0             0            0            0           
0            0            0             0            0            0           

Inertia
266.726      -99.9302     -99.8574      0.164698     0.22604      0.201867    
-99.9302     266.388      -100.058      0.22604      0.313994     0.0978456   
-99.8574     -100.058     266.5         0.201867     0.0978456    0.39165     

Bond Length
0.60268115    0.00066638786

BB bond length
0.60268115    0.00066638786

Water EE distance
0             0           

PEG EE distance
4.765731      0.025385196 

BBB P2(x)
0.051997807   0.0033052011

BBB first bond length
0.60284885    0.00066565409

BBB second bond length
0.60277994    0.00072515699

BBB <phi**2>/<phi>**2
1.1129157     0.0017401244

Time = 14000
Temperature
1.0076943     0.0067284307

Pressure
26.207624     0.076813255 

CM Mom
-4.6415554e-17 1.416642e-17  
5.4030345e-17  2.3416885e-17 
9.5233629e-17  1.6026505e-17 
1.2180332e-16  1.7690777e-17 

CM Pos
9.9993843      0.015281984   
10.002713      0.010349591   
10.00458       0.0083911067  
17.324372      0.011296939   

Stress
23.211       -0.0343445   0.0313509     0.0728379    0.0354342    0.0571065   
-0.0343445   23.1871      0.0104773     0.0354342    0.147953     0.0357773   
0.0313509    0.0104773    23.16         0.0571065    0.0357773    0.122111    

Stress Spherical
0            0            0             0            0            0           
0            0            0             0            0            0           
0            0            0             0            0            0           

Inertia
266.867      -100.031     -100.02       0.276252     0.145905     0.169013    
-100.031     266.74       -100.067      0.145905     0.421378     0.124647    
-100.02      -100.067     266.739       0.169013     0.124647     0.323515    

Bond Length
0.60257404    0.0006445163

BB bond length
0.60257404    0.0006445163

Water EE distance
0             0           

PEG EE distance
4.6905722     0.026298171 

BBB P2(x)
0.053855874   0.0071974018

BBB first bond length
0.60270817    0.00064293393

BBB second bond length
0.60270798    0.00067450887

BBB <phi**2>/<phi>**2
1.1130544     0.0030892994

Time = 15000
Temperature
1.0109763     0.0061166768

Pressure
26.227111     0.032796277 

CM Mom
-3.7987118e-17 1.7747551e-17 
6.449839e-17   2.0460259e-17 
7.7849137e-17  1.3910033e-17 
1.1056679e-16  1.9121249e-17 

CM Pos
9.9980503      0.0093721831  
10.000545      0.0088097852  
10.001579      0.01204329    
17.320614      0.010948465   

Stress
23.1813      0.00568428   0.00143104    0.0898413    0.0491209    0.0396301   
0.00568428   23.2182      0.0134029     0.0491209    0.0879409    0.0396589   
0.00143104   0.0134029    23.1877       0.0396301    0.0396589    0.0936532   

Stress Spherical
0            0            0             0            0            0           
0            0            0             0            0            0           
0            0            0             0            0            0           

Inertia
266.723      -100.005     -99.9809      0.361641     0.134603     0.118526    
-100.005     266.669      -99.9992      0.134603     0.314949     0.187089    
-99.9809     -99.9992     266.68        0.118526     0.187089     0.1901      

Bond Length
0.6025465     0.00036341936

BB bond length
0.6025465     0.00036341936

Water EE distance
0             0           

PEG EE distance
4.6618758     0.036752566 

BBB P2(x)
0.051779164   0.0030876501

BBB first bond length
0.60269013    0.00035944293

BBB second bond length
0.60267313    0.00045676675

BBB <phi**2>/<phi>**2
1.1119062     0.0011709668

Time = 16000
Temperature
1.0137171     0.0035086894

Pressure
26.178625     0.061100973 

CM Mom
-5.481622e-17  3.3878993e-17 
8.0776616e-17  1.2224982e-17 
7.907348e-17   9.8250816e-18 
1.3027138e-16  1.433285e-17  

CM Pos
9.9959659      0.010040028   
10.001962      0.0084435477  
10.002579      0.010225259   
17.320806      0.011206613   

Stress
23.1516      0.0332047    0.00438473    0.0920129    0.0530298    0.0671831   
0.0332047    23.1519      0.0247045     0.0530298    0.0778704    0.0681027   
0.00438473   0.0247045    23.1135       0.0671831    0.0681027    0.0747476   

Stress Spherical
0            0            0             0            0            0           
0            0            0             0            0            0           
0            0            0             0            0            0           

Inertia
266.797      -99.9881     -99.9586      0.24689      0.155029     0.188328    
-99.9881     266.67       -100.038      0.155029     0.344749     0.151839    
-99.9586     -100.038     266.677       0.188328     0.151839     0.243024    

Bond Length
0.60287908    0.00064590649

BB bond length
0.60287908    0.00064590649

Water EE distance
0             0           

PEG EE distance
4.6092291     0.033692088 

BBB P2(x)
0.049354933   0.0026984254

BBB first bond length
0.60309277    0.00066290377

BBB second bond length
0.60304013    0.00067127524

BBB <phi**2>/<phi>**2
1.1117883     0.0015072326

Time = 17000
Temperature
1.0122272     0.007051445 

Pressure
26.227        0.063974774 

CM Mom
-6.5006802e-17 1.2959609e-17 
6.3241822e-17  1.359757e-17  
1.0081946e-16  2.3278523e-17 
1.3764356e-16  1.8410864e-17 

CM Pos
9.9979669      0.010841638   
10.001295      0.008380745   
9.9942415      0.0083795007  
17.316764      0.0085828352  

Stress
23.208       0.0167136    0.0271428     0.0801484    0.0588346    0.0729243   
0.0167136    23.1888      0.0131926     0.0588346    0.106602     0.0279442   
0.0271428    0.0131926    23.1787       0.0729243    0.0279442    0.0859956   

Stress Spherical
0            0            0             0            0            0           
0            0            0             0            0            0           
0            0            0             0            0            0           

Inertia
266.65       -99.9507     -99.8903      0.266819     0.129842     0.177346    
-99.9507     266.574      -99.9437      0.129842     0.313153     0.138826    
-99.8903     -99.9437     266.734       0.177346     0.138826     0.316544    

Bond Length
0.60247975    0.00053749409

BB bond length
0.60247975    0.00053749409

Water EE distance
0             0           

PEG EE distance
4.6547433     0.023266523 

BBB P2(x)
0.049749161   0.0031534542

BBB first bond length
0.60265912    0.00053516205

BBB second bond length
0.60265214    0.0004913024

BBB <phi**2>/<phi>**2
1.1122102     0.0013028166

Time = 18000
Temperature
1.009364      0.0055096444

Pressure
26.239002     0.066401201 

CM Mom
-8.4896447e-17 1.8575643e-17 
5.7566323e-17  9.9676029e-18 
1.054897e-16   1.5001027e-17 
1.48534e-16    1.6014179e-17 

CM Pos
9.9931311      0.01077475    
10.000795      0.0070332155  
10.002246      0.0091488653  
17.318305      0.0071739082  

Stress
23.2312      0.0142304    0.0103777     0.119158     0.0523073    0.0318854   
0.0142304    23.2118      -0.00585361   0.0523073    0.0974384    0.0563988   
0.0103777    -0.00585361  23.1943       0.0318854    0.0563988    0.0946      

Stress Spherical
0            0            0             0            0            0           
0            0            0             0            0            0           
0            0            0             0            0            0           

Inertia
266.737      -99.9466     -99.9542      0.139004     0.149293     0.134172    
-99.9466     266.589      -100.014      0.149293     0.267766     0.0873905   
-99.9542     -100.014     266.569       0.134172     0.0873905    0.253352    

Bond Length
0.60234439    0.00040949925

BB bond length
0.60234439    0.00040949925

Water EE distance
0             0           

PEG EE distance
4.6815465     0.02118682  

BBB P2(x)
0.055301183   0.0037649548

BBB first bond length
0.60244047    0.00043336441

BBB second bond length
0.60246427    0.00045135312

BBB <phi**2>/<phi>**2
1.1139564     0.0015860774

Time = 19000
Temperature
1.0120524     0.0065799781

Pressure
26.242443     0.0662188   

CM Mom
-5.0991672e-17 2.3468882e-17 
4.611385e-17   1.3663133e-17 
9.1652294e-17  1.3064927e-17 
1.1781801e-16  1.2403998e-17 

CM Pos
9.99755        0.0096815597  
9.9952924      0.0054007453  
10.001078      0.0094434864  
17.317002      0.0093910892  

Stress
23.2795      -0.0197025   0.0248879     0.10512      0.0624116    0.0680466   
-0.0197025   23.1964      -0.0160766    0.0624116    0.0821333    0.06238     
0.0248879    -0.0160766   23.1475       0.0680466    0.06238      0.0750559   

Stress Spherical
0            0            0             0            0            0           
0            0            0             0            0            0           
0            0            0             0            0            0           

Inertia
266.591      -99.8967     -100.003      0.211692     0.192577     0.117906    
-99.8967     266.631      -99.9787      0.192577     0.25534      0.117029    
-100.003     -99.9787     266.493       0.117906     0.117029     0.315963    

Bond Length
0.60267504    0.00060701756

BB bond length
0.60267504    0.00060701756

Water EE distance
0             0           

PEG EE distance
4.6792066     0.022728385 

BBB P2(x)
0.049968687   0.0040217395

BBB first bond length
0.60290963    0.000563241 

BBB second bond length
0.60276692    0.00064991579

BBB <phi**2>/<phi>**2
1.1127542     0.0020554104

Time = 20000
Temperature
1.0105343     0.0043999608

Pressure
26.18158      0.084843294 

CM Mom
-6.4108229e-17 2.0476575e-17 
3.7602973e-17  2.1599369e-17 
1.113457e-16   1.7005981e-17 
1.3625974e-16  2.3022225e-17 

CM Pos
9.9970498      0.0055304732  
10.002629      0.0068041373  
10.003079      0.0080753345  
17.322104      0.0076052179  

Stress
23.1414      0.0121483    -0.0097233    0.140147     0.0500357    0.0570128   
0.0121483    23.1445      -0.00969915   0.0500357    0.0666531    0.0655806   
-0.0097233   -0.00969915  23.1686       0.0570128    0.0655806    0.095846    

Stress Spherical
0            0            0             0            0            0           
0            0            0             0            0            0           
0            0            0             0            0            0           

Inertia
266.813      -99.9948     -100.003      0.211606     0.123942     0.125536    
-99.9948     266.687      -100.096      0.123942     0.240082     0.113744    
-100.003     -100.096     266.673       0.125536     0.113744     0.199042    

Bond Length
0.6028573     0.00044006583

BB bond length
0.6028573     0.00044006583

Water EE distance
0             0           

PEG EE distance
4.6028234     0.033369825 

BBB P2(x)
0.051403834   0.0045859473

BBB first bond length
0.60301637    0.00047349974

BBB second bond length
0.60295718    0.00049504403

BBB <phi**2>/<phi>**2
1.1131358     0.0018025373

Time = 21000
Temperature
1.0082905     0.0043631075

Pressure
26.227341     0.05753419  

CM Mom
-5.4477664e-17 1.0767456e-17 
8.8516312e-18  1.9787444e-17 
9.0162347e-17  2.7674543e-17 
1.0972388e-16  2.0234804e-17 

CM Pos
9.9981336      0.0099356302  
10.004881      0.0050309071  
10.005581      0.011744046   
17.325477      0.0071240737  

Stress
23.196       -0.00123769  -0.0228469    0.0899358    0.0358911    0.0502981   
-0.00123769  23.1846      0.0171828     0.0358911    0.0644097    0.0704348   
-0.0228469   0.0171828    23.2313       0.0502981    0.0704348    0.074676    

Stress Spherical
0            0            0             0            0            0           
0            0            0             0            0            0           
0            0            0             0            0            0           

Inertia
266.918      -99.9906     -100.072      0.251111     0.1321       0.145625    
-99.9906     266.75       -100.132      0.1321       0.268236     0.161826    
-100.072     -100.132     266.74        0.145625     0.161826     0.266767    

Bond Length
0.60238682    0.00075732836

BB bond length
0.60238682    0.00075732836

Water EE distance
0             0           

PEG EE distance
4.7129432     0.033781059 

BBB P2(x)
0.05058908    0.0037693641

BBB first bond length
0.6025647     0.00071337889

BBB second bond length
0.60250915    0.00081434619

BBB <phi**2>/<phi>**2
1.1126578     0.0013089766

Time = 22000
Temperature
1.0118568     0.0040065869

Pressure
26.229678     0.062834291 

CM Mom
-4.5120513e-17 1.8211865e-17 
9.6104317e-18  2.2721867e-17 
8.7986957e-17  2.618073e-17  
1.046739e-16   2.1134961e-17 

CM Pos
10.001135      0.010880041   
9.9991277      0.0083441694  
9.9944083      0.01196918    
17.317438      0.010778019   

Stress
23.1911      -0.00153273  -0.0163817    0.0729258    0.0658078    0.0605346   
-0.00153273  23.185       -0.0162567    0.0658078    0.0959497    0.0600359   
-0.0163817   -0.0162567   23.2107       0.0605346    0.0600359    0.0968948   

Stress Spherical
0            0            0             0            0            0           
0            0            0             0            0            0           
0            0            0             0            0            0           

Inertia
266.563      -99.9612     -99.9617      0.271195     0.14235      0.234436    
-99.9612     266.581      -99.9266      0.14235      0.383261     0.0789834   
-99.9617     -99.9266     266.657       0.234436     0.0789834    0.270472    

Bond Length
0.60278482    0.00046752333

BB bond length
0.60278482    0.00046752333

Water EE distance
0             0           

PEG EE distance
4.7407782     0.025724112 

BBB P2(x)
0.052055168   0.0039047716

BBB first bond length
0.60297084    0.00050836169

BBB second bond length
0.60299038    0.0004947346

BBB <phi**2>/<phi>**2
1.1126044     0.0013943116

Time = 23000
Temperature
1.0134444     0.005951265 

Pressure
26.214217     0.072587193 

CM Mom
-6.6321802e-17 1.8610143e-17 
3.0896533e-17  1.2812694e-17 
7.627079e-17   2.723971e-17  
1.0828671e-16  2.6398907e-17 

CM Pos
9.9964661      0.0066077005  
10.000212      0.0093621647  
9.9954088      0.0091062166  
17.315944      0.0081617113  

Stress
23.1276      -0.0383843   0.0121281     0.0851799    0.0815552    0.0531493   
-0.0383843   23.2159      -0.00735331   0.0815552    0.125449     0.0607207   
0.0121281    -0.00735331  23.1827       0.0531493    0.0607207    0.0745306   

Stress Spherical
0            0            0             0            0            0           
0            0            0             0            0            0           
0            0            0             0            0            0           

Inertia
266.568      -99.9969     -99.9385      0.211211     0.134983     0.157151    
-99.9969     266.475      -99.9705      0.134983     0.255253     0.13141     
-99.9385     -99.9705     266.581       0.157151     0.13141      0.217448    

Bond Length
0.60274484    0.00058190627

BB bond length
0.60274484    0.00058190627

Water EE distance
0             0           

PEG EE distance
4.6880587     0.028286421 

BBB P2(x)
0.050475843   0.0029306771

BBB first bond length
0.60290536    0.0005720975

BBB second bond length
0.6028931     0.00062060849

BBB <phi**2>/<phi>**2
1.1118992     0.00096691028

Time = 24000
Temperature
1.0115501     0.0041865359

Pressure
26.201757     0.075165133 

CM Mom
-6.5305208e-17 1.8340049e-17 
3.5916673e-17  1.0987777e-17 
6.4637931e-17  1.2375185e-17 
1.0073968e-16  1.3949547e-17 

CM Pos
10.001052      0.012000212   
9.9995446      0.010081485   
10.000495      0.012224041   
17.321146      0.011255396   

Stress
23.1839      0.00204419   0.00779063    0.113659     0.0805488    0.0586699   
0.00204419   23.1504      0.030357      0.0805488    0.0893266    0.0730155   
0.00779063   0.030357     23.1715       0.0586699    0.0730155    0.100014    

Stress Spherical
0            0            0             0            0            0           
0            0            0             0            0            0           
0            0            0             0            0            0           

Inertia
266.619      -100.003     -100.015      0.326409     0.168746     0.166756    
-100.003     266.627      -100.028      0.168746     0.331        0.152783    
-100.015     -100.028     266.681       0.166756     0.152783     0.293187    

Bond Length
0.60231567    0.00051110041

BB bond length
0.60231567    0.00051110041

Water EE distance
0             0           

PEG EE distance
4.6747002     0.039695176 

BBB P2(x)
0.05090918    0.0033634925

BBB first bond length
0.60252046    0.00055663535

BBB second bond length
0.60242471    0.00050856875

BBB <phi**2>/<phi>**2
1.1123269     0.0012952715

Time = 25000
Temperature
1.0115665     0.0038901805

Pressure
26.189371     0.072822621 

CM Mom
-6.1542562e-17 1.0925544e-17 
6.3870222e-17  1.157494e-17  
5.679572e-17   2.952766e-17  
1.0900682e-16  1.8313626e-17 

CM Pos
10.000802      0.0073185034  
9.9993778      0.010601749   
9.9943249      0.01456464    
17.317342      0.013241105   

Stress
23.1137      -0.00301407  -0.00367692   0.119213     0.0541646    0.0225566   
-0.00301407  23.201       -0.00743825   0.0541646    0.0785591    0.0543935   
-0.00367692  -0.00743825  23.1539       0.0225566    0.0543935    0.0784266   

Stress Spherical
0            0            0             0            0            0           
0            0            0             0            0            0           
0            0            0             0            0            0           

Inertia
266.532      -99.9696     -99.9592      0.47024      0.156845     0.148187    
-99.9696     266.513      -99.9417      0.156845     0.304224     0.231049    
-99.9592     -99.9417     266.645       0.148187     0.231049     0.294048    

Bond Length
0.60282893    0.00071333892

BB bond length
0.60282893    0.00071333892

Water EE distance
0             0           

PEG EE distance
4.6835221     0.025519711 

BBB P2(x)
0.052146313   0.0030406887

BBB first bond length
0.60294256    0.0007125736

BBB second bond length
0.60303988    0.0007908117

BBB <phi**2>/<phi>**2
1.1129829     0.0011503144

Time = 26000
Temperature
1.0101109     0.0036405702

Pressure
26.225483     0.022901222 

CM Mom
-5.3637552e-17 1.7470996e-17 
8.2527871e-17  1.869029e-17  
7.5525064e-17  1.9502509e-17 
1.2767205e-16  1.1253003e-17 

CM Pos
9.9984671      0.012185595   
10.003797      0.011049628   
10.010583      0.014090379   
17.327934      0.015031182   

Stress
23.2173      0.000698875  -0.0123661    0.0721741    0.0447459    0.0437035   
0.000698875  23.1584      -0.0116628    0.0447459    0.0657541    0.0579803   
-0.0123661   -0.0116628   23.2142       0.0437035    0.0579803    0.0528601   

Stress Spherical
0            0            0             0            0            0           
0            0            0             0            0            0           
0            0            0             0            0            0           

Inertia
266.968      -100.017     -100.109      0.44677      0.191055     0.235088    
-100.017     266.848      -100.137      0.191055     0.442554     0.173888    
-100.109     -100.137     266.711       0.235088     0.173888     0.34536     

Bond Length
0.60239943    0.00045400857

BB bond length
0.60239943    0.00045400857

Water EE distance
0             0           

PEG EE distance
4.6155114     0.024547999 

BBB P2(x)
0.053970226   0.0047312595

BBB first bond length
0.60254111    0.00043200586

BBB second bond length
0.60258694    0.00042526324

BBB <phi**2>/<phi>**2
1.1138236     0.0017846188

Time = 27000
Temperature
1.010344      0.005613367 

Pressure
26.200495     0.039542888 

CM Mom
-4.9721739e-17 2.0110406e-17 
9.1137286e-17  2.4856355e-17 
5.2489834e-17  1.7587018e-17 
1.1912409e-16  2.5970366e-17 

CM Pos
9.9983838      0.0087141855  
9.9995446      0.0091412641  
10.00533       0.0069856128  
17.322395      0.006558793   

Stress
23.1679      -0.00581093  0.0100935     0.0712343    0.0715222    0.0526237   
-0.00581093  23.1952      -0.0198516    0.0715222    0.0721738    0.0751205   
0.0100935    -0.0198516   23.1498       0.0526237    0.0751205    0.0760273   

Stress Spherical
0            0            0             0            0            0           
0            0            0             0            0            0           
0            0            0             0            0            0           

Inertia
266.759      -100.035     -100.018      0.140505     0.152009     0.16339     
-100.035     266.725      -100.095      0.152009     0.223067     0.0941752   
-100.018     -100.095     266.65        0.16339      0.0941752    0.2708      

Bond Length
0.60276361    0.00057088703

BB bond length
0.60276361    0.00057088703

Water EE distance
0             0           

PEG EE distance
4.6022936     0.026491091 

BBB P2(x)
0.053385147   0.0044330974

BBB first bond length
0.60292996    0.00054536654

BBB second bond length
0.60291326    0.00061586287

BBB <phi**2>/<phi>**2
1.1131547     0.00239699  

Time = 28000
Temperature
1.0123586     0.0057065751

Pressure
26.221741     0.062289515 

CM Mom
-7.49345e-17   1.65995e-17   
7.046813e-17   2.7648475e-17 
4.7150461e-17  1.6352887e-17 
1.1603045e-16  2.546439e-17  

CM Pos
9.9986339      0.0053052987  
10.00288       0.0079276449  
10.002162      0.0066887347  
17.322632      0.0083074185  

Stress
23.1707      -0.0394681   -0.0323329    0.108766     0.0640386    0.0435004   
-0.0394681   23.1757      -0.0149297    0.0640386    0.0702788    0.0602135   
-0.0323329   -0.0149297   23.2122       0.0435004    0.0602135    0.0649402   

Stress Spherical
