Time = 1000
Temperature
   1.1205286    0.18684866

Pressure
   23.801221    0.87499637

CM Mom
-1.1282643e-17 2.4757617e-17 
-1.2916775e-17 2.0662478e-17 
-1.3116271e-16 1.8206896e-16 
1.5875413e-16  1.6273877e-16 

CM Pos
7.4914755      0.019197412   
7.4947784      0.011084622   
7.4931278      0.033775351   
12.978524      0.020227004   

Stress
20.4651      -0.0265343   0.00930082    0.362396     0.0562147    0.0950833   
-0.0265343   20.4479      -0.0136948    0.0562147    0.341273     0.073038    
0.00930082   -0.0136948   20.4079       0.0950833    0.073038     0.318705    

Stress Spherical
0            0            0             0            0            0           
0            0            0             0            0            0           
0            0            0             0            0            0           

Inertia
149.97       -56.0823     -56.1443      0.935309     0.15638      0.231128    
-56.0823     149.881      -56.1703      0.15638      0.895062     0.241522    
-56.1443     -56.1703     149.911       0.231128     0.241522     1.43265     

Bond Length
0.62114362    0.0078663327

BB bond length
0.62114362    0.0078663327

Water EE distance
0             0           

PEG EE distance
7.0444372     0.10972051  

BBB P2(x)
0.48138955    0.063926939 

BBB first bond length
0.62102234    0.0082106227

BBB second bond length
0.62121263    0.007742194 

BBB <phi**2>/<phi>**2
1.2198689     0.011405827 

Time = 2000
Temperature
1.0106244     0.0086109665

Pressure
23.255031     0.080656009 

CM Mom
-1.9800695e-17 2.9211738e-17 
-2.3443769e-17 2.4846253e-17 
-4.1605739e-17 4.8943059e-17 
7.2771264e-17  3.525824e-17  

CM Pos
7.5049596      0.0158792     
7.5026318      0.017734924   
7.4999439      0.017492468   
12.994747      0.02211565    

Stress
20.1923      -0.00668119  0.000386639   0.111014     0.0778716    0.0380869   
-0.00668119  20.2202      0.00555747    0.0778716    0.14362      0.0810751   
0.000386639  0.00555747   20.2588       0.0380869    0.0810751    0.070427    

Stress Spherical
0            0            0             0            0            0           
0            0            0             0            0            0           
0            0            0             0            0            0           

Inertia
149.917      -56.3308     -56.2766      0.428141     0.174751     0.235822    
-56.3308     149.921      -56.2591      0.174751     0.335313     0.250074    
-56.2766     -56.2591     149.97        0.235822     0.250074     0.237573    

Bond Length
0.61970768    0.0022274792

BB bond length
0.61970768    0.0022274792

Water EE distance
0             0           

PEG EE distance
6.8227908     0.092955998 

BBB P2(x)
0.52418488    0.0069416799

BBB first bond length
0.61950584    0.0023689297

BBB second bond length
0.61970916    0.0024150125

BBB <phi**2>/<phi>**2
1.2244132     0.0075476641

