Time = 500
Temperature
   1.0369594   0.038215752

Pressure
    22.76269    0.13702921

CM Mom
-1.0064895e-17 1.9049002e-17 
1.2310808e-17  1.183405e-17  
-9.6022107e-18 1.7685948e-17 
3.158492e-17   1.2773229e-17 

CM Pos
7.4793926      0.011953396   
7.4993342      0.020648571   
7.4991854      0.0078813508  
12.97765       0.018642454   

Stress
19.661       0.0157558    -0.0280733    0.149916     0.103208     0.0655246   
0.0157558    19.6643      -0.0341488    0.103208     0.152151     0.071835    
-0.0280733   -0.0341488   19.6402       0.0655246    0.071835     0.105615    

Stress Spherical
0            0            0             0            0            0           
0            0            0             0            0            0           
0            0            0             0            0            0           

Inertia
149.476      -56.0942     -56.0055      0.355073     0.237848     0.123473    
-56.0942     149.206      -56.2523      0.237848     0.188142     0.188657    
-56.0055     -56.2523     149.224       0.123473     0.188657     0.47842     

Bond Length
0.61333806    0.0057730547

BB bond length
0.61333806    0.0057730547

Water EE distance
0             0           

PEG EE distance
3.8688312     0.15256465  

Time = 1000
Temperature
1.0044424     0.0093468038

Pressure
22.511523     0.070874882 

CM Mom
-1.4927266e-17 1.1220303e-17 
3.1573408e-17  1.9487843e-17 
2.5519542e-17  1.7700915e-17 
4.7770376e-17  2.0197405e-17 

CM Pos
7.4989694      0.011058741   
7.5141651      0.018632745   
7.4807951      0.014113558   
12.986911      0.017967295   

Stress
19.5449      0.0568318    0.0327065     0.0512251    0.0624521    0.0380575   
0.0568318    19.4523      -0.0150505    0.0624521    0.0839242    0.056507    
0.0327065    -0.0150505   19.5072       0.0380575    0.056507     0.119337    

Stress Spherical
0            0            0             0            0            0           
0            0            0             0            0            0           
0            0            0             0            0            0           

Inertia
149.491      -56.3388     -56.0604      0.350886     0.247157     0.157946    
-56.3388     149.352      -56.2481      0.247157     0.31994      0.142845    
-56.0604     -56.2481     149.83        0.157946     0.142845     0.3846      

Bond Length
0.61502331    0.0047723127

BB bond length
0.61502331    0.0047723127

Water EE distance
0             0           

PEG EE distance
3.8052136     0.37938428  

