Time = 500
Temperature
   1.0323705    0.04678682

Pressure
   21.923678    0.17076482

CM Mom
-9.2372499e-17 1.7655258e-17 
4.7904027e-18  2.4529445e-17 
-2.1368006e-17 2.5774734e-17 
1.0062176e-16  2.1568938e-17 

CM Pos
7.5092798      0.034356572   
7.4840114      0.011271505   
7.51088        0.016284331   
12.992827      0.032281335   

Stress
18.8274      -0.0439307   0.00914965    0.0870436    0.0614015    0.0861743   
-0.0439307   18.8363      0.0113433     0.0614015    0.0579149    0.0712018   
0.00914965   0.0113433    18.8261       0.0861743    0.0712018    0.0621052   

Stress Spherical
0            0            0             0            0            0           
0            0            0             0            0            0           
0            0            0             0            0            0           

Inertia
149.129      -56.2626     -56.4128      0.477422     0.330805     0.337023    
-56.2626     149.651      -56.2311      0.330805     1.04049      0.236149    
-56.4128     -56.2311     149.124       0.337023     0.236149     0.655011    

Bond Length
0.61268797    0.0028697478

BB bond length
0.61268797    0.0028697478

Water EE distance
0             0           

PEG EE distance
3.9210459     0.065262098 

Time = 1000
Temperature
1.0074933     0.007568888 

Pressure
21.861452     0.090049056 

CM Mom
-1.1412223e-16 1.9015068e-17 
-2.0745605e-17 2.4922704e-17 
-1.0317368e-17 2.1363724e-17 
1.2037881e-16  2.2556108e-17 

CM Pos
7.4793213      0.01417576    
7.4902403      0.015372741   
7.4984221      0.0060498551  
12.971914      0.014069347   

Stress
18.7683      0.0411081    0.0221146     0.103523     0.0563167    0.0567911   
0.0411081    18.909       0.063314      0.0563167    0.16591      0.0664145   
0.0221146    0.063314     18.8494       0.0567911    0.0664145    0.116269    

Stress Spherical
0            0            0             0            0            0           
0            0            0             0            0            0           
0            0            0             0            0            0           

Inertia
149.136      -56.0398     -56.0585      0.346356     0.132279     0.0925136   
-56.0398     149.051      -56.2518      0.132279     0.316761     0.196249    
-56.0585     -56.2518     148.891       0.0925136    0.196249     0.293608    

Bond Length
0.61625094    0.0032780612

BB bond length
0.61625094    0.0032780612

Water EE distance
0             0           

PEG EE distance
3.5166413     0.065512319 

