Time = 1000
Temperature
    1.054116   0.069035107

Pressure
   23.591697    0.33510703

CM Mom
-4.9100006e-17 3.7168924e-17 
-3.9806847e-17 1.9427717e-17 
3.7163295e-17  1.8809755e-16 
1.4874316e-16  1.4279928e-16 

CM Pos
7.498215       0.01210196    
7.5075628      0.027482734   
7.5007049      0.020538394   
12.994172      0.010419908   

Stress
20.4377      0.00657222   -0.00939774   0.180775     0.0771223    0.0633933   
0.00657222   20.4581      0.007599      0.0771223    0.140894     0.0842582   
-0.00939774  0.007599     20.4128       0.0633933    0.0842582    0.177381    

Stress Spherical
0            0            0             0            0            0           
0            0            0             0            0            0           
0            0            0             0            0            0           

Inertia
150.138      -56.2925     -56.2337      0.789078     0.215279     0.13352     
-56.2925     150.006      -56.2955      0.215279     0.469059     0.162766    
-56.2337     -56.2955     150.09        0.13352      0.162766     1.08435     

Bond Length
0.6198731     0.0042183592

BB bond length
0.6198731     0.0042183592

Water EE distance
0             0           

PEG EE distance
7.0087478     0.20038412  

BBB P2(x)
0.47699382    0.055850845 

BBB first bond length
0.62024412    0.0041558299

BBB second bond length
0.6198494     0.0043495491

BBB <phi**2>/<phi>**2
1.2172384     0.013310695 

Time = 2000
Temperature
1.0093789     0.0086424827

Pressure
23.380913     0.072189177 

CM Mom
-4.2410563e-17 1.8978041e-17 
-2.794651e-17  1.2585534e-17 
5.7698795e-17  3.1669088e-17 
8.219317e-17   2.5972869e-17 

CM Pos
7.5019268      0.013775814   
7.4992484      0.014664822   
7.5012988      0.0097539747  
12.991826      0.0078715115  

Stress
20.3769      -0.0257768   -0.0225987    0.0752994    0.0651962    0.0513118   
-0.0257768   20.3402      0.00122136    0.0651962    0.122238     0.050462    
-0.0225987   0.00122136   20.361        0.0513118    0.050462     0.0792172   

Stress Spherical
0            0            0             0            0            0           
0            0            0             0            0            0           
0            0            0             0            0            0           

Inertia
149.912      -56.2606     -56.3098      0.406803     0.116758     0.119668    
-56.2606     149.977      -56.2383      0.116758     0.235145     0.161772    
-56.3098     -56.2383     149.921       0.119668     0.161772     0.296285    

Bond Length
0.61910673    0.0023114586

BB bond length
0.61910673    0.0023114586

Water EE distance
0             0           

PEG EE distance
7.1507436     0.1694469   

BBB P2(x)
0.50881242    0.011824466 

BBB first bond length
0.61894256    0.0026401477

BBB second bond length
0.61914574    0.0024561268

BBB <phi**2>/<phi>**2
1.2282054     0.0086062335

