Time = 500
Temperature
   1.0395878   0.054728186

Pressure
   20.451569    0.12675648

CM Mom
5.6213824e-18  1.8404435e-17 
1.355368e-16   1.3524686e-17 
-1.6744473e-17 1.6984416e-17 
1.389122e-16   1.3989692e-17 

CM Pos
7.4903074      0.023178827   
7.499947       0.032876333   
7.5188584      0.032870979   
12.995677      0.047185777   

Stress
17.365       -0.0099777   0.00367847    0.0586444    0.0576877    0.0602875   
-0.0099777   17.282       0.0205781     0.0576877    0.0998568    0.0924399   
0.00367847   0.0205781    17.3635       0.0602875    0.0924399    0.0614936   

Stress Spherical
0            0            0             0            0            0           
0            0            0             0            0            0           
0            0            0             0            0            0           

Inertia
149.263      -56.2115     -56.2575      0.454476     0.428225     0.322095    
-56.2115     149.212      -56.294       0.428225     0.318339     0.446807    
-56.2575     -56.294      148.969       0.322095     0.446807     0.349951    

Bond Length
0.61252655    0.0036637421

BB bond length
0.61252655    0.0036637421

Water EE distance
0             0           

PEG EE distance
3.7420024     0.0816135   

Time = 1000
Temperature
1.0176424     0.0046715191

Pressure
20.255044     0.049651183 

CM Mom
8.3387499e-19  1.0628653e-17 
1.2063026e-16  1.8742333e-17 
-4.0453642e-17 2.2876452e-17 
1.2965967e-16  1.9099634e-17 

CM Pos
7.5095914      0.014394196   
7.5135942      0.0094936709  
7.527462       0.010884456   
13.019638      0.013225682   

Stress
17.1364      -0.0141226   0.00506555    0.0917122    0.0377103    0.0284143   
-0.0141226   17.2588      -0.0428531    0.0377103    0.0644288    0.0432116   
0.00506555   -0.0428531   17.2229       0.0284143    0.0432116    0.104044    

Stress Spherical
0            0            0             0            0            0           
0            0            0             0            0            0           
0            0            0             0            0            0           

Inertia
149.744      -56.45       -56.4658      0.303597     0.18139      0.168806    
-56.45       149.931      -56.5822      0.18139      0.243364     0.109722    
-56.4658     -56.5822     149.616       0.168806     0.109722     0.308063    

Bond Length
0.61284264    0.0013696159

BB bond length
0.61284264    0.0013696159

Water EE distance
0             0           

PEG EE distance
3.8362114     0.09432705  

