Time = 1000
Temperature
   1.2102004    0.32856452

Pressure
   23.983532     1.3800279

CM Mom
1.1382871e-17  2.543656e-17  
-1.6314903e-17 2.3247999e-17 
-1.0860493e-16 5.6362133e-16 
3.9479816e-16  4.1854711e-16 

CM Pos
7.5010242      0.0095932536  
7.4953412      0.013140806   
7.496207       0.031513684   
12.986132      0.016184952   

Stress
20.2868      -0.0294184   -0.0364524    0.424566     0.126533     0.0493598   
-0.0294184   20.4095      0.0115221     0.126533     0.445529     0.0866373   
-0.0364524   0.0115221    20.3678       0.0493598    0.0866373    0.407292    

Stress Spherical
0            0            0             0            0            0           
0            0            0             0            0            0           
0            0            0             0            0            0           

Inertia
150.107      -56.1922     -56.2594      1.41469      0.154736     0.263094    
-56.1922     150.181      -56.1736      0.154736     1.19134      0.235602    
-56.2594     -56.1736     150.203       0.263094     0.235602     1.67829     

Bond Length
0.61925918    0.0095063313

BB bond length
0.61925918    0.0095063313

Water EE distance
0             0           

PEG EE distance
7.1668221     0.10831832  

BBB P2(x)
0.47300571    0.060058234 

BBB first bond length
0.61928488    0.0096563761

BBB second bond length
0.61921098    0.0094933634

BBB <phi**2>/<phi>**2
1.2193023     0.011877893 

Time = 2000
Temperature
1.0117535     0.0055259915

Pressure
23.021558     0.070672587 

CM Mom
9.0855628e-18  1.0740891e-17 
-3.1022067e-17 2.3092295e-17 
-5.1426803e-17 4.2972862e-17 
7.0885847e-17  3.4060483e-17 

CM Pos
7.5069531      0.012266604   
7.497861       0.012078903   
7.506879       0.005748237   
12.997141      0.012435734   

Stress
19.9418      0.00365512   -0.0421924    0.11875      0.0641262    0.0917721   
0.00365512   20.0863      0.0850511     0.0641262    0.0961145    0.0589047   
-0.0421924   0.0850511    19.9353       0.0917721    0.0589047    0.106494    

Stress Spherical
0            0            0             0            0            0           
0            0            0             0            0            0           
0            0            0             0            0            0           

Inertia
149.972      -56.2814     -56.3478      0.347694     0.124357     0.141375    
-56.2814     150.104      -56.2488      0.124357     0.273355     0.126335    
-56.3478     -56.2488     149.981       0.141375     0.126335     0.31604     

Bond Length
0.61659038    0.0016661111

BB bond length
0.61659038    0.0016661111

Water EE distance
0             0           

PEG EE distance
7.2440748     0.079266219 

BBB P2(x)
0.51261231    0.0073755792

BBB first bond length
0.61668735    0.0017688909

BBB second bond length
0.61653477    0.0016332033

BBB <phi**2>/<phi>**2
1.2252124     0.0060453781

