Time = 500
Temperature
   1.0334848   0.044356267

Pressure
   23.791437    0.16344529

CM Mom
-1.2054375e-16 2.1436776e-17 
2.7931036e-18  2.8940517e-17 
-2.2996224e-18 3.1874734e-17 
1.2743018e-16  2.4870089e-17 

CM Pos
7.5055158      0.015724811   
7.4922921      0.0062580142  
7.5011933      0.01006635    
12.989822      0.0056003531  

Stress
20.6355      0.044623     -0.0788003    0.114237     0.0391548    0.0408642   
0.044623     20.7436      -0.0232109    0.0391548    0.0649222    0.076686    
-0.0788003   -0.0232109   20.6948       0.0408642    0.076686     0.0910466   

Stress Spherical
0            0            0             0            0            0           
0            0            0             0            0            0           
0            0            0             0            0            0           

Inertia
149.869      -56.2059     -56.2967      0.201895     0.123998     0.120113    
-56.2059     150.095      -56.1672      0.123998     0.355557     0.168044    
-56.2967     -56.1672     149.942       0.120113     0.168044     0.137128    

Bond Length
0.59966627    0.01295358  

BB bond length
0.59966627    0.01295358  

Water EE distance
0             0           

PEG EE distance
3.5848043     0.32988604  

Time = 1000
Temperature
1.008048      0.0054912103

Pressure
23.692459     0.063643122 

CM Mom
-9.7055688e-17 2.9816188e-17 
-1.3141953e-17 1.1590413e-17 
7.7854883e-18  2.2340553e-17 
1.016362e-16   2.9080182e-17 

CM Pos
7.5058121      0.0095286064  
7.4916994      0.013065236   
7.4967484      0.018820756   
12.987091      0.010358583   

Stress
20.5966      -0.037465    -0.02763      0.0871341    0.0862252    0.0576474   
-0.037465    20.7578      0.0145686     0.0862252    0.0516103    0.0575269   
-0.02763     0.0145686    20.6514       0.0576474    0.0575269    0.139793    

Stress Spherical
0            0            0             0            0            0           
0            0            0             0            0            0           
0            0            0             0            0            0           

Inertia
149.827      -56.1964     -56.2344      0.279028     0.0770093    0.187592    
-56.1964     150.036      -56.1799      0.0770093    0.425455     0.128214    
-56.2344     -56.1799     149.996       0.187592     0.128214     0.0869097   

Bond Length
0.60094689    0.023273611 

BB bond length
0.60094689    0.023273611 

Water EE distance
0             0           

PEG EE distance
2.775883      0.72976859  

