Time = 1000
Temperature
   1.1272836    0.17683493

Pressure
   23.724729    0.80118651

CM Mom
2.420877e-18   1.2376555e-17 
-6.8218589e-18 1.6003588e-17 
-4.2198666e-17 2.6791427e-16 
2.0279778e-16  1.8136575e-16 

CM Pos
7.4940211      0.015933022   
7.4971927      0.021141912   
7.5009385      0.032835918   
12.985873      0.034884458   

Stress
20.3564      -0.0128503   -0.00497527   0.249136     0.0741407    0.0767157   
-0.0128503   20.3387      -0.0141281    0.0741407    0.299579     0.0651658   
-0.00497527  -0.0141281   20.3675       0.0767157    0.0651658    0.322087    

Stress Spherical
0            0            0             0            0            0           
0            0            0             0            0            0           
0            0            0             0            0            0           

Inertia
150.087      -56.2088     -56.2021      1.07305      0.257667     0.318516    
-56.2088     150.043      -56.2426      0.257667     0.913515     0.326352    
-56.2021     -56.2426     149.983       0.318516     0.326352     1.01541     

Bond Length
0.62116217    0.0088806541

BB bond length
0.62116217    0.0088806541

Water EE distance
0             0           

PEG EE distance
7.126816      0.20094469  

BBB P2(x)
0.47738794    0.067871226 

BBB first bond length
0.62110364    0.0090506634

BBB second bond length
0.62119932    0.0090925292

BBB <phi**2>/<phi>**2
1.2227806     0.018825512 

Time = 2000
Temperature
1.0066342     0.0079098689

Pressure
23.096052     0.11026157  

CM Mom
-1.9576331e-17 2.2283978e-17 
1.1013938e-17  1.9867645e-17 
-1.5657572e-16 9.7440684e-17 
1.6377054e-16  9.2659008e-17 

CM Pos
7.4962508      0.0076434209  
7.4954089      0.011515131   
7.4961818      0.016791225   
12.983374      0.011543682   

Stress
20.1406      -0.0288986   0.00375259    0.153565     0.0597348    0.0925174   
-0.0288986   20.0103      -0.0193806    0.0597348    0.11198      0.0745969   
0.00375259   -0.0193806   20.108        0.0925174    0.0745969    0.126282    

Stress Spherical
0            0            0             0            0            0           
0            0            0             0            0            0           
0            0            0             0            0            0           

Inertia
149.71       -56.1938     -56.222       0.334681     0.120306     0.171153    
-56.1938     149.76       -56.1741      0.120306     0.334172     0.168406    
-56.222      -56.1741     149.719       0.171153     0.168406     0.174263    

Bond Length
0.61888656    0.0019824001

BB bond length
0.61888656    0.0019824001

Water EE distance
0             0           

PEG EE distance
7.4896113     0.092463956 

BBB P2(x)
0.51692819    0.0048834273

BBB first bond length
0.61892245    0.0018638545

BBB second bond length
0.61881113    0.0020200096

BBB <phi**2>/<phi>**2
1.2261995     0.0041905161

