Time = 1000
Temperature
   1.0385909   0.054237733

Pressure
   23.645089    0.23324856

CM Mom
1.3935778e-17  1.4807742e-17 
-2.9584378e-19 2.910716e-17  
-4.6627475e-17 1.0478038e-16 
1.1370603e-16  3.8532814e-17 

CM Pos
7.4923295      0.01144041    
7.4967489      0.043810427   
7.493779       0.0094891412  
12.980548      0.022116118   

Stress
20.4673      0.00421907   -0.0182844    0.175571     0.0501407    0.0669286   
0.00421907   20.5816      -0.01836      0.0501407    0.152122     0.0541518   
-0.0182844   -0.01836     20.5409       0.0669286    0.0541518    0.0694376   

Stress Spherical
0            0            0             0            0            0           
0            0            0             0            0            0           
0            0            0             0            0            0           

Inertia
149.893      -56.1608     -56.1234      0.324237     0.289333     0.139868    
-56.1608     149.791      -56.1562      0.289333     0.770082     0.353915    
-56.1234     -56.1562     149.864       0.139868     0.353915     0.22246     

Bond Length
0.61870129    0.0032026314

BB bond length
0.61870129    0.0032026314

Water EE distance
0             0           

PEG EE distance
5.1102451     0.24469715  

BBB P2(x)
0.47401438    0.052423256 

BBB first bond length
0.61906388    0.0034174545

BBB second bond length
0.61907534    0.0032398438

BBB <phi**2>/<phi>**2
1.2260839     0.017568732 

Time = 2000
Temperature
1.013817      0.0051836176

Pressure
23.492184     0.076908652 

CM Mom
-4.8261745e-18 2.0694086e-17 
-7.3656602e-18 2.1548084e-17 
-1.9729545e-17 3.3382086e-17 
4.7475491e-17  1.4825869e-17 

CM Pos
7.5052209      0.013306299   
7.5060841      0.014615582   
7.4951125      0.012358388   
12.994108      0.0070997913  

Stress
20.4161      0.025801     0.00709999    0.118954     0.0869554    0.0630658   
0.025801     20.4999      -0.0268857    0.0869554    0.116193     0.0737652   
0.00709999   -0.0268857   20.4381       0.0630658    0.0737652    0.0941007   

Stress Spherical
0            0            0             0            0            0           
0            0            0             0            0            0           
0            0            0             0            0            0           

Inertia
149.951      -56.3141     -56.2152      0.239384     0.0943389    0.161003    
-56.3141     149.921      -56.2574      0.0943389    0.450019     0.130962    
-56.2152     -56.2574     150.101       0.161003     0.130962     0.239508    

Bond Length
0.61883523    0.0026830227

BB bond length
0.61883523    0.0026830227

Water EE distance
0             0           

PEG EE distance
5.9301243     0.15370598  

BBB P2(x)
0.50778327    0.01719832  

BBB first bond length
0.61924961    0.0027678855

BBB second bond length
0.61831911    0.0024630689

BBB <phi**2>/<phi>**2
1.2279128     0.01422775  

