Time = 500
Temperature
   1.0445738   0.041571062

Pressure
   22.841328    0.14995318

CM Mom
-7.905069e-19  6.81707e-18   
-1.1685778e-17 3.1052453e-17 
-7.7531709e-17 3.101611e-17  
8.4864158e-17  3.0317475e-17 

CM Pos
7.4646646      0.029468277   
7.5238973      0.014153711   
7.4858026      0.025180888   
12.975673      0.033344285   

Stress
19.6729      -0.0408545   -0.0029793    0.165982     0.0545499    0.0502126   
-0.0408545   19.729       -0.000288269  0.0545499    0.164349     0.0807197   
-0.0029793   -0.000288269 19.733        0.0502126    0.0807197    0.0847969   

Stress Spherical
0            0            0             0            0            0           
0            0            0             0            0            0           
0            0            0             0            0            0           

Inertia
149.825      -56.0787     -55.9523      0.337301     0.202291     0.378714    
-56.0787     148.914      -56.3877      0.202291     0.649706     0.256642    
-55.9523     -56.3877     149.518       0.378714     0.256642     0.455522    

Bond Length
0.6186503     0.00345388  

BB bond length
0.6186503     0.00345388  

Water EE distance
0             0           

PEG EE distance
3.7041377     0.31957309  

Time = 1000
Temperature
1.016368      0.0092501407

Pressure
22.779078     0.085112004 

CM Mom
4.8583237e-20  2.3761698e-17 
-4.9470361e-17 1.733208e-17  
1.6699458e-17  2.7800977e-17 
6.3419288e-17  1.8495902e-17 

CM Pos
7.4628845      0.012396706   
7.5090634      0.010260057   
7.5009332      0.016772105   
12.974783      0.014866423   

Stress
19.7962      0.0113599    -0.0138566    0.0826439    0.0609646    0.0372508   
0.0113599    19.7178      -0.0191195    0.0609646    0.0910565    0.0750735   
-0.0138566   -0.0191195   19.6877       0.0372508    0.0750735    0.11543     

Stress Spherical
0            0            0             0            0            0           
0            0            0             0            0            0           
0            0            0             0            0            0           

Inertia
149.814      -55.9252     -56.0401      0.216058     0.100448     0.114224    
-55.9252     149.094      -56.3548      0.100448     0.294333     0.0893989   
-56.0401     -56.3548     149.289       0.114224     0.0893989    0.214462    

Bond Length
0.61518003    0.0020195511

BB bond length
0.61518003    0.0020195511

Water EE distance
0             0           

PEG EE distance
3.881861      0.17784958  

