Time = 1000
Temperature
   1.0779066    0.22618179

Pressure
   23.613542    0.66154948

CM Mom
-1.7816498e-17 2.622091e-17  
3.0098241e-19  2.5297979e-17 
-6.5256113e-17 4.2342314e-17 
8.0934913e-17  3.3849871e-17 

CM Pos
7.5057335      0.020045603   
7.4986283      0.020822322   
7.5021651      0.025064466   
12.994166      0.032611669   

Stress
20.3855      -0.00447022  -0.00404413   0.13238      0.0736338    0.080346    
-0.00447022  20.375       0.0044447     0.0736338    0.143565     0.0714796   
-0.00404413  0.0044447    20.38         0.080346     0.0714796    0.152143    

Stress Spherical
0            0            0             0            0            0           
0            0            0             0            0            0           
0            0            0             0            0            0           

Inertia
149.916      -56.2866     -56.3127      0.322507     0.281795     0.309932    
-56.2866     150.002      -56.2633      0.281795     0.403271     0.329682    
-56.3127     -56.2633     149.958       0.309932     0.329682     0.296903    

Bond Length
0.57389992    0.018429945 

BB bond length
0.57389992    0.018429945 

Water EE distance
0             0           

PEG EE distance
2.2492131     0.27500672  

Time = 2000
Temperature
1.0143301     0.0076032789

Pressure
23.420055     0.082142405 

CM Mom
-4.8555196e-17 3.1339194e-17 
2.3004503e-17  1.9649428e-17 
-6.2554057e-17 2.0333778e-17 
9.0332826e-17  2.0530769e-17 

CM Pos
7.5004589      0.012610133   
7.5022139      0.012545206   
7.5041653      0.016429449   
12.994342      0.015709697   

Stress
20.3808      0.00208192   0.0042708     0.122738     0.0694977    0.0723205   
0.00208192   20.3725      0.0110555     0.0694977    0.116245     0.0751745   
0.0042708    0.0110555    20.3788       0.0723205    0.0751745    0.108887    

Stress Spherical
0            0            0             0            0            0           
0            0            0             0            0            0           
0            0            0             0            0            0           

Inertia
150.041      -56.2747     -56.2796      0.329219     0.155245     0.190776    
-56.2747     150.011      -56.3017      0.155245     0.325922     0.18462     
-56.2796     -56.3017     149.99        0.190776     0.18462      0.259546    

Bond Length
0.56982156    0.0032301929

BB bond length
0.56982156    0.0032301929

Water EE distance
0             0           

PEG EE distance
2.2865225     0.10589615  

Time = 3000
Temperature
1.0107981     0.0077682018

Pressure
23.413146     0.09033471  

CM Mom
-8.116473e-17  2.385811e-17  
4.1172603e-17  1.4910657e-17 
-4.8016217e-17 1.8070859e-17 
1.0593501e-16  2.2007289e-17 

CM Pos
7.5001922      0.012243617   
7.4952502      0.013826462   
7.50338        0.010766042   
12.989715      0.011931401   

Stress
20.3881      0.00515313   -0.00413381   0.114366     0.0781609    0.0672925   
0.00515313   20.3805      -0.0115946    0.0781609    0.121115     0.0828451   
-0.00413381  -0.0115946   20.3746       0.0672925    0.0828451    0.131932    

Stress Spherical
0            0            0             0            0            0           
0            0            0             0            0            0           
0            0            0             0            0            0           

Inertia
149.96       -56.2127     -56.2764      0.249331     0.172721     0.117358    
-56.2127     150.039      -56.2625      0.172721     0.237706     0.14226     
-56.2764     -56.2625     149.906       0.117358     0.14226      0.309568    

Bond Length
0.56982189    0.0032857703

BB bond length
0.56982189    0.0032857703

Water EE distance
0             0           

PEG EE distance
2.2927489     0.10805729  

