Time = 1000
Temperature
     1.06426   0.073959772

Pressure
   23.758808     0.4124546

CM Mom
-6.6889237e-17 3.1333103e-17 
2.2963749e-18  3.3818328e-17 
-2.8577795e-17 1.3506043e-16 
1.4756371e-16  6.2352614e-17 

CM Pos
7.4978829      0.022258921   
7.500585       0.025219223   
7.4986185      0.01125577    
12.988737      0.016226642   

Stress
20.6243      -0.0299983   0.0402487     0.191569     0.0742757    0.0806237   
-0.0299983   20.526       -0.0268152    0.0742757    0.242815     0.0654329   
0.0402487    -0.0268152   20.5506       0.0806237    0.0654329    0.185485    

Stress Spherical
0            0            0             0            0            0           
0            0            0             0            0            0           
0            0            0             0            0            0           

Inertia
150.042      -56.2404     -56.2334      1.28559      0.190419     0.221691    
-56.2404     150.006      -56.2411      0.190419     0.879844     0.247642    
-56.2334     -56.2411     150.031       0.221691     0.247642     1.12235     

Bond Length
0.61749369    0.0038984709

BB bond length
0.61749369    0.0038984709

Water EE distance
0             0           

PEG EE distance
6.4892496     0.18994512  

BBB P2(x)
0.47432735    0.047890663 

BBB first bond length
0.61748304    0.0038785638

BBB second bond length
0.6173444     0.0036515081

BBB <phi**2>/<phi>**2
1.2193947     0.013925903 

Time = 2000
Temperature
1.0174114     0.0049894277

Pressure
23.428833     0.041595551 

CM Mom
-2.5832607e-17 1.0068999e-17 
8.5057321e-18  2.3713881e-17 
-7.685843e-18  3.1653976e-17 
4.580859e-17   1.9131739e-17 

CM Pos
7.5094418      0.01585655    
7.5025115      0.0166609     
7.5021751      0.012557911   
12.998562      0.0094437159  

Stress
20.3523      -0.00112936  -0.0136322    0.0840503    0.0416439    0.079924    
-0.00112936  20.3964      0.0287388     0.0416439    0.102164     0.0428022   
-0.0136322   0.0287388    20.3838       0.079924     0.0428022    0.122186    

Stress Spherical
0            0            0             0            0            0           
0            0            0             0            0            0           
0            0            0             0            0            0           

Inertia
149.971      -56.3454     -56.3297      0.346978     0.12623      0.163949    
-56.3454     150.088      -56.2768      0.12623      0.308736     0.163903    
-56.3297     -56.2768     150.097       0.163949     0.163903     0.403322    

Bond Length
0.61804231    0.0025974658

BB bond length
0.61804231    0.0025974658

Water EE distance
0             0           

PEG EE distance
6.7587511     0.43356589  

BBB P2(x)
0.50153342    0.014388727 

BBB first bond length
0.61794256    0.0024984198

BBB second bond length
0.61813104    0.0028454358

BBB <phi**2>/<phi>**2
1.2238994     0.009585388 

Time = 3000
Temperature
1.0099244     0.010086042 

Pressure
23.411708     0.086940876 

CM Mom
1.6448784e-17  2.7116129e-17 
2.2178685e-17  1.4754945e-17 
2.4791533e-17  2.0383225e-17 
5.1479536e-17  9.767433e-18  

CM Pos
7.5054407      0.0174741     
7.5025115      0.015584845   
7.5017305      0.01155518    
12.995995      0.0092385651  

Stress
20.4499      -0.0352406   -0.0149169    0.122408     0.0638936    0.0492519   
-0.0352406   20.3462      -0.0125969    0.0638936    0.146859     0.0502876   
-0.0149169   -0.0125969   20.3523       0.0492519    0.0502876    0.123073    

Stress Spherical
0            0            0             0            0            0           
0            0            0             0            0            0           
0            0            0             0            0            0           

Inertia
150.009      -56.3232     -56.3078      0.354198     0.0953808    0.206583    
-56.3232     150.074      -56.3166      0.0953808    0.251622     0.167839    
-56.3078     -56.3166     150.095       0.206583     0.167839     0.0994848   

Bond Length
0.61959231    0.0023665634

BB bond length
0.61959231    0.0023665634

Water EE distance
0             0           

PEG EE distance
7.1776909     0.30935287  

BBB P2(x)
0.49548736    0.01264248  

BBB first bond length
0.619279      0.0021629885

BBB second bond length
0.61963381    0.0024181016

BBB <phi**2>/<phi>**2
1.2233225     0.013068268 

Time = 4000
Temperature
1.0084298     0.0082143081

Pressure
23.403205     0.094776967 

CM Mom
2.386453e-17   1.7472044e-17 
5.3162265e-17  1.2166772e-17 
2.397915e-17   1.4575528e-17 
6.6333523e-17  1.5373815e-17 

CM Pos
7.494919       0.018509775   
7.4979176      0.0074229281  
7.4996558      0.010440969   
12.986062      0.010612614   

Stress
20.3471      0.00484553   -0.0526104    0.110392     0.0529483    0.0360671   
0.00484553   20.394       -0.0147008    0.0529483    0.109039     0.0860467   
-0.0526104   -0.0147008   20.3953       0.0360671    0.0860467    0.144092    

Stress Spherical
0            0            0             0            0            0           
0            0            0             0            0            0           
0            0            0             0            0            0           

Inertia
149.894      -56.2357     -56.1991      0.18786      0.153088     0.156434    
-56.2357     149.879      -56.2222      0.153088     0.285095     0.0920012   
-56.1991     -56.2222     149.846       0.156434     0.0920012    0.280022    

Bond Length
0.61853002    0.0027955614

BB bond length
0.61853002    0.0027955614

Water EE distance
0             0           

PEG EE distance
6.9141066     0.1880039   

BBB P2(x)
0.51312855    0.014475214 

BBB first bond length
0.6185411     0.0027153896

BBB second bond length
0.61852668    0.0028168851

BBB <phi**2>/<phi>**2
1.223503      0.0069543064

Time = 5000
Temperature
1.0125242     0.007569272 

Pressure
23.404466     0.10019292  

CM Mom
2.8404357e-17  1.9323827e-17 
2.2440967e-17  2.0595826e-17 
2.3033947e-17  1.4936029e-17 
4.9649373e-17  1.9914576e-17 

CM Pos
7.5038105      0.012470166   
7.4962875      0.017817591   
7.4984703      0.01019837    
12.989573      0.011067191   

Stress
20.3522      0.0201938    -0.0132374    0.116878     0.0650277    0.0564131   
0.0201938    20.3771      -0.00333535   0.0650277    0.0960369    0.0623796   
-0.0132374   -0.00333535  20.374        0.0564131    0.0623796    0.1247      

Stress Spherical
0            0            0             0            0            0           
0            0            0             0            0            0           
0            0            0             0            0            0           

Inertia
149.848      -56.211      -56.1955      0.235438     0.143427     0.136394    
-56.211      150.013      -56.2759      0.143427     0.282355     0.126654    
-56.1955     -56.2759     149.957       0.136394     0.126654     0.32117     

Bond Length
0.61848194    0.0022381343

BB bond length
0.61848194    0.0022381343

Water EE distance
0             0           

PEG EE distance
7.0863049     0.16250561  

BBB P2(x)
0.49754419    0.010444906 

BBB first bond length
0.61863418    0.0021890598

BBB second bond length
0.618544      0.0023219047

BBB <phi**2>/<phi>**2
1.2197278     0.0060611397

Time = 6000
Temperature
1.008758      0.0095024239

Pressure
23.374746     0.073849779 

CM Mom
4.4782121e-17  6.7636613e-18 
1.7016743e-17  2.412132e-17  
7.8264307e-17  2.8407256e-17 
9.6831134e-17  2.1876894e-17 

CM Pos
7.4962527      0.0090579175  
7.5041417      0.010736512   
7.4971366      0.010939144   
12.988965      0.010143843   

Stress
20.3328      -0.0329019   -0.0254121    0.117996     0.0679278    0.0573062   
-0.0329019   20.3413      -0.00486853   0.0679278    0.0638256    0.0796438   
-0.0254121   -0.00486853  20.3739       0.0573062    0.0796438    0.0660517   

Stress Spherical
0            0            0             0            0            0           
0            0            0             0            0            0           
0            0            0             0            0            0           

Inertia
149.99       -56.2399     -56.1942      0.213868     0.123857     0.146016    
-56.2399     149.879      -56.237       0.123857     0.288481     0.150595    
-56.1942     -56.237      149.986       0.146016     0.150595     0.173887    

Bond Length
0.61888424    0.0027936459

BB bond length
0.61888424    0.0027936459

Water EE distance
0             0           

PEG EE distance
7.3246164     0.18645109  

BBB P2(x)
0.51575561    0.015355595 

BBB first bond length
0.61901005    0.0027898718

BBB second bond length
0.6188557     0.0027916913

BBB <phi**2>/<phi>**2
1.2265257     0.010119767 

Time = 7000
Temperature
1.009203      0.0073297157

Pressure
23.411992     0.096651739 

CM Mom
5.3032426e-17  1.8514954e-17 
-2.3283204e-17 1.9009788e-17 
7.9102157e-17  1.1146165e-17 
1.0132465e-16  1.316909e-17  

CM Pos
7.5067744      0.015627764   
7.5035489      0.0062539857  
7.4996558      0.010055243   
12.996155      0.008587964   

Stress
20.3581      -0.00594991  -0.0378145    0.129004     0.0847905    0.0787576   
-0.00594991  20.4169      0.00329965    0.0847905    0.0642916    0.0776736   
-0.0378145   0.00329965   20.3808       0.0787576    0.0776736    0.144       

Stress Spherical
0            0            0             0            0            0           
0            0            0             0            0            0           
0            0            0             0            0            0           

Inertia
150.035      -56.3357     -56.2784      0.160401     0.0932543    0.157767    
-56.3357     150.104      -56.3082      0.0932543    0.227495     0.132067    
-56.2784     -56.3082     150.164       0.157767     0.132067     0.163932    

Bond Length
0.61982555    0.0026124384

BB bond length
0.61982555    0.0026124384

Water EE distance
0             0           

PEG EE distance
7.2904346     0.10650725  

BBB P2(x)
0.51394297    0.010113899 

BBB first bond length
0.61973821    0.0027531925

BBB second bond length
0.62010298    0.0024225927

BBB <phi**2>/<phi>**2
1.2229705     0.0063369745

Time = 8000
Temperature
1.0099329     0.0086982575

Pressure
23.441089     0.10551256  

CM Mom
6.0071956e-17  2.5096081e-17 
-2.6524919e-17 8.9768401e-18 
6.8680654e-17  1.8216302e-17 
9.7901346e-17  2.2063556e-17 

CM Pos
7.4969937      0.01013898    
7.5011778      0.013195752   
7.4980257      0.01431032    
12.9882        0.010818005   

Stress
20.3938      -0.0255552   0.00498093    0.167916     0.0653943    0.086304    
-0.0255552   20.428       0.0457848     0.0653943    0.101404     0.0877502   
0.00498093   0.0457848    20.4147       0.086304     0.0877502    0.154761    

Stress Spherical
0            0            0             0            0            0           
0            0            0             0            0            0           
0            0            0             0            0            0           

Inertia
149.978      -56.2345     -56.2035      0.211516     0.139197     0.141991    
-56.2345     149.922      -56.2477      0.139197     0.31513      0.0984689   
-56.2035     -56.2477     149.95        0.141991     0.0984689    0.25503     

Bond Length
0.61782623    0.0022311524

BB bond length
0.61782623    0.0022311524

Water EE distance
0             0           

PEG EE distance
7.3976378     0.12976756  

BBB P2(x)
0.51024007    0.017712392 

BBB first bond length
0.61788574    0.0023829995

BBB second bond length
0.61776917    0.0023816343

BBB <phi**2>/<phi>**2
1.2228277     0.010222079 

Time = 9000
Temperature
1.0106499     0.0063827262

Pressure
23.439327     0.071409887 

CM Mom
6.123447e-17   1.7392361e-17 
-1.2970563e-17 3.2946524e-17 
6.8153895e-17  2.2110546e-17 
1.0131954e-16  1.3192548e-17 

CM Pos
7.5014395      0.01518589    
7.5004369      0.016873083   
7.495951       0.013393972   
12.989151      0.0090016992  

Stress
20.3873      -0.00390192  0.0286429     0.101126     0.0494003    0.0515907   
-0.00390192  20.3867      0.0306652     0.0494003    0.0730395    0.069199    
0.0286429    0.0306652    20.4508       0.0515907    0.069199     0.142396    

Stress Spherical
0            0            0             0            0            0           
0            0            0             0            0            0           
0            0            0             0            0            0           

Inertia
149.941      -56.2223     -56.2525      0.337559     0.103442     0.118129    
-56.2223     149.966      -56.2271      0.103442     0.261392     0.199596    
-56.2525     -56.2271     150.028       0.118129     0.199596     0.24126     

Bond Length
0.61991081    0.003055285 

BB bond length
0.61991081    0.003055285 

Water EE distance
0             0           

PEG EE distance
7.4646489     0.080851259 

BBB P2(x)
0.50829074    0.0096013773

BBB first bond length
0.61979846    0.0029477105

BBB second bond length
0.6199487     0.0031905128

BBB <phi**2>/<phi>**2
1.2218766     0.011846372 

Time = 10000
Temperature
1.0077842     0.0079187118

Pressure
23.439131     0.13277167  

CM Mom
3.9343707e-17  1.2259399e-17 
-7.3373216e-18 1.0698109e-17 
6.3366593e-17  1.6189802e-17 
7.7144181e-17  1.3882224e-17 

CM Pos
7.4999575      0.010268116   
7.4989549      0.0066998545  
7.500545       0.010926087   
12.990077      0.0065780303  

Stress
20.4506      -0.0439258   -0.0252671    0.180453     0.0776927    0.0615161   
-0.0439258   20.3963      0.034378      0.0776927    0.174425     0.0553504   
-0.0252671   0.034378     20.4032       0.0615161    0.0553504    0.171672    

Stress Spherical
0            0            0             0            0            0           
0            0            0             0            0            0           
0            0            0             0            0            0           

Inertia
149.985      -56.2379     -56.2604      0.189563     0.0855056    0.0965609   
-56.2379     150.003      -56.2719      0.0855056    0.248431     0.114728    
-56.2604     -56.2719     149.974       0.0965609    0.114728     0.130571    

Bond Length
0.61871116    0.0023830843

BB bond length
0.61871116    0.0023830843

Water EE distance
0             0           

PEG EE distance
7.1701981     0.091756109 

BBB P2(x)
0.50318697    0.016402997 

BBB first bond length
0.61841801    0.0022012869

BBB second bond length
0.61860313    0.0024801175

BBB <phi**2>/<phi>**2
1.2255849     0.011239991 

Time = 11000
Temperature
1.0114987     0.0093769658

Pressure
23.475293     0.090082515 

CM Mom
6.1634269e-17  1.8162301e-17 
6.9498623e-18  2.7598693e-17 
1.0303565e-16  1.6724621e-17 
1.2531049e-16  1.1488263e-17 

CM Pos
7.4972901      0.011078781   
7.4930273      0.015360591   
7.492839       0.011965992   
12.980672      0.010100031   

Stress
20.3941      -0.0559541   0.0307803     0.152378     0.0949721    0.0712787   
-0.0559541   20.4981      -0.0278566    0.0949721    0.104479     0.0685813   
0.0307803    -0.0278566   20.4329       0.0712787    0.0685813    0.077523    

Stress Spherical
0            0            0             0            0            0           
0            0            0             0            0            0           
0            0            0             0            0            0           

Inertia
149.776      -56.1679     -56.1659      0.245944     0.13992      0.095214    
-56.1679     149.835      -56.1514      0.13992      0.313458     0.0941685   
-56.1659     -56.1514     149.85        0.095214     0.0941685    0.235648    

Bond Length
0.61765522    0.0024767818

BB bond length
0.61765522    0.0024767818

Water EE distance
0             0           

PEG EE distance
7.1965566     0.17677235  

BBB P2(x)
0.51912369    0.0085930467

BBB first bond length
0.61743384    0.0024847676

BBB second bond length
0.61759729    0.0025589511

BBB <phi**2>/<phi>**2
1.2280752     0.0086358113

Time = 12000
Temperature
1.0129578     0.0079804038

Pressure
23.408923     0.14013856  

CM Mom
7.0765338e-17  1.809684e-17  
2.1583443e-17  2.0669393e-17 
9.0636405e-17  2.4825641e-17 
1.223156e-16   9.9227444e-18 

CM Pos
7.4966973      0.011329668   
7.4998441      0.013465106   
7.5009896      0.016398507   
12.988972      0.012414562   

Stress
20.4122      0.0287339    -0.0152813    0.0885242    0.0648895    0.0691052   
0.0287339    20.3672      0.00250613    0.0648895    0.159508     0.0649851   
-0.0152813   0.00250613   20.3334       0.0691052    0.0649851    0.172112    

Stress Spherical
0            0            0             0            0            0           
0            0            0             0            0            0           
0            0            0             0            0            0           

Inertia
150.034      -56.2553     -56.2448      0.306308     0.158276     0.144578    
-56.2553     149.991      -56.245       0.158276     0.345052     0.150096    
-56.2448     -56.245      149.97        0.144578     0.150096     0.303853    

Bond Length
0.62042127    0.0030631456

BB bond length
0.62042127    0.0030631456

Water EE distance
0             0           

PEG EE distance
7.1294519     0.19366509  

BBB P2(x)
0.51458693    0.016654385 

BBB first bond length
0.62025559    0.0030949829

BBB second bond length
0.62054952    0.0030041741

BBB <phi**2>/<phi>**2
1.2236369     0.010644935 

Time = 13000
Temperature
1.0113206     0.009719094 

Pressure
23.419697     0.085703154 

CM Mom
4.6711191e-17  2.9927535e-17 
5.1542778e-17  1.4217708e-17 
1.1716599e-16  2.117077e-17  
1.4014337e-16  2.1732425e-17 

CM Pos
7.5049961      0.0075694089  
7.5039935      0.0073201476  
7.4971366      0.014405152   
12.993926      0.012491031   

Stress
20.3696      0.0455754    -0.0323139    0.110786     0.06534      0.075492    
0.0455754    20.3622      0.0392683     0.06534      0.092214     0.0543495   
-0.0323139   0.0392683    20.4281       0.075492     0.0543495    0.106112    

Stress Spherical
0            0            0             0            0            0           
0            0            0             0            0            0           
0            0            0             0            0            0           

Inertia
150.024      -56.3138     -56.2602      0.246753     0.0856263    0.15837     
-56.3138     150.052      -56.2675      0.0856263    0.339855     0.139944    
-56.2602     -56.2675     150.143       0.15837      0.139944     0.165677    

Bond Length
0.61712339    0.0023049472

BB bond length
0.61712339    0.0023049472

Water EE distance
0             0           

PEG EE distance
7.45784       0.10479695  

BBB P2(x)
0.50721462    0.0090787273

BBB first bond length
0.61728361    0.0026591553

BBB second bond length
0.61734622    0.0021100176

BBB <phi**2>/<phi>**2
1.2228922     0.0081632146

Time = 14000
Temperature
1.0096872     0.011179865 

Pressure
23.389139     0.12371346  

CM Mom
3.111054e-17   1.8575807e-17 
5.3044903e-17  3.2158999e-17 
1.386878e-16   1.469885e-17  
1.5625827e-16  1.3950094e-17 

CM Pos
7.5012913      0.013158253   
7.4991031      0.011228421   
7.4956547      0.011039065   
12.988114      0.0086872387  

Stress
20.3568      0.00341938   -0.0345083    0.138354     0.07081      0.0717161   
0.00341938   20.3611      -0.0054689    0.07081      0.154789     0.0668872   
-0.0345083   -0.0054689   20.365        0.0717161    0.0668872    0.115922    

Stress Spherical
0            0            0             0            0            0           
0            0            0             0            0            0           
0            0            0             0            0            0           

Inertia
149.92       -56.2674     -56.2673      0.230299     0.104684     0.148768    
-56.2674     149.968      -56.2022      0.104684     0.291991     0.093253    
-56.2673     -56.2022     150.014       0.148768     0.093253     0.160928    

Bond Length
0.61998847    0.0022757556

BB bond length
0.61998847    0.0022757556

Water EE distance
0             0           

PEG EE distance
6.6140268     0.17760492  

BBB P2(x)
0.51329188    0.012897615 

BBB first bond length
0.62012609    0.0022535641

BBB second bond length
0.62024397    0.0022073567

BBB <phi**2>/<phi>**2
1.2245652     0.0072372869

Time = 15000
Temperature
1.0110394     0.0056527326

Pressure
23.334552     0.10284709  

CM Mom
1.9839944e-17  2.1697409e-17 
4.6008116e-17  2.1985937e-17 
1.4164818e-16  1.7466471e-17 
1.535876e-16   1.5641657e-17 

CM Pos
7.4946226      0.010878751   
7.5038453      0.013475703   
7.4986185      0.013179099   
12.988712      0.013667451   

Stress
20.362       -0.016609    -0.0280634    0.107718     0.0688047    0.0875006   
-0.016609    20.2904      0.0188598     0.0688047    0.191758     0.0680478   
-0.0280634   0.0188598    20.2547       0.0875006    0.0680478    0.12659     

Stress Spherical
0            0            0             0            0            0           
0            0            0             0            0            0           
0            0            0             0            0            0           

Inertia
150.037      -56.25       -56.2049      0.269183     0.143916     0.15608     
-56.25       149.901      -56.2828      0.143916     0.291635     0.118664    
-56.2049     -56.2828     149.978       0.15608      0.118664     0.298464    

Bond Length
0.61943257    0.0033326879

BB bond length
0.61943257    0.0033326879

Water EE distance
0             0           

PEG EE distance
6.6457605     0.10257769  

BBB P2(x)
0.50956602    0.016508367 

BBB first bond length
0.61943961    0.0031164202

BBB second bond length
0.61939303    0.00333399  

BBB <phi**2>/<phi>**2
1.2243095     0.0092557957

Time = 16000
Temperature
1.0113664     0.0097839747

Pressure
23.439568     0.068116547 

CM Mom
3.5139239e-17  1.9512127e-17 
2.4383885e-17  2.0831055e-17 
1.5894441e-16  1.7639815e-17 
1.6689954e-16  1.9053256e-17 

CM Pos
7.4934371      0.017547466   
7.4951019      0.017459012   
7.4996558      0.011596916   
12.98359       0.011387745   

Stress
20.4412      -0.0238532   -0.0279958    0.0979264    0.107432     0.0550349   
-0.0238532   20.4087      -0.0150476    0.107432     0.0848947    0.0416301   
-0.0279958   -0.0150476   20.3692       0.0550349    0.0416301    0.0830378   

Stress Spherical
0            0            0             0            0            0           
0            0            0             0            0            0           
0            0            0             0            0            0           

Inertia
149.926      -56.1281     -56.2347      0.307174     0.142172     0.169091    
-56.1281     149.908      -56.2459      0.142172     0.342608     0.12487     
-56.2347     -56.2459     149.822       0.169091     0.12487      0.246603    

Bond Length
0.61813497    0.002724657 

BB bond length
0.61813497    0.002724657 

Water EE distance
0             0           

PEG EE distance
6.7846838     0.13885492  

BBB P2(x)
0.52362492    0.013392584 

BBB first bond length
0.61813207    0.0026866664

BBB second bond length
0.61817537    0.002841566 

BBB <phi**2>/<phi>**2
1.2324356     0.0084764028

Time = 17000
Temperature
1.0144568     0.0068026761

Pressure
23.496475     0.10404038  

CM Mom
4.1195175e-17  1.0857865e-17 
-1.1600882e-17 1.7651707e-17 
1.4679031e-16  2.6174343e-17 
1.5461859e-16  2.4221472e-17 

CM Pos
7.4972901      0.01091905    
7.4961393      0.017384008   
7.5017305      0.015054446   
12.987602      0.016583096   

Stress
20.5328      0.0243689    -0.0508421    0.129508     0.0513099    0.0967173   
0.0243689    20.4314      0.0106545     0.0513099    0.162141     0.103189    
-0.0508421   0.0106545    20.3978       0.0967173    0.103189     0.107524    

Stress Spherical
0            0            0             0            0            0           
0            0            0             0            0            0           
0            0            0             0            0            0           

Inertia
149.964      -56.1922     -56.2483      0.322681     0.209263     0.158634    
-56.1922     149.99       -56.2444      0.209263     0.290975     0.129515    
-56.2483     -56.2444     149.879       0.158634     0.129515     0.46266     

Bond Length
0.61910642    0.0023568726

BB bond length
0.61910642    0.0023568726

Water EE distance
0             0           

PEG EE distance
7.0871312     0.15940739  

BBB P2(x)
0.51956106    0.0099650872

BBB first bond length
0.61906519    0.0024282774

BBB second bond length
0.61899165    0.0024194328

BBB <phi**2>/<phi>**2
1.2319756     0.010891887 

Time = 18000
Temperature
1.0087034     0.008130745 

Pressure
23.409632     0.13206361  

CM Mom
7.8086893e-18  1.2113004e-17 
-1.212339e-17  2.2830702e-17 
1.3912558e-16  1.3530569e-17 
1.422915e-16   1.2963379e-17 

CM Pos
7.5069226      0.018735602   
7.5035489      0.011090668   
7.5073618      0.010133563   
13.000691      0.015189202   

Stress
20.412       0.0364423    0.0241598     0.110072     0.0776904    0.0774843   
0.0364423    20.4362      -0.0608401    0.0776904    0.10157      0.0526428   
0.0241598    -0.0608401   20.305        0.0774843    0.0526428    0.150444    

Stress Spherical
0            0            0             0            0            0           
0            0            0             0            0            0           
0            0            0             0            0            0           

Inertia
150.161      -56.3249     -56.4056      0.192837     0.211446     0.17291     
-56.3249     150.2        -56.3271      0.211446     0.254525     0.115933    
-56.4056     -56.3271     150.133       0.17291      0.115933     0.435895    

Bond Length
0.61815842    0.0026682257

BB bond length
0.61815842    0.0026682257

Water EE distance
0             0           

PEG EE distance
6.9432082     0.18067387  

BBB P2(x)
0.5172707     0.014088852 

BBB first bond length
0.61823297    0.002822565 

BBB second bond length
0.61811116    0.0027932351

BBB <phi**2>/<phi>**2
1.2249773     0.0098010754

Time = 19000
Temperature
1.0089231     0.0068884676

Pressure
23.405815     0.088982041 

CM Mom
-9.0420876e-18 1.1443364e-17 
-4.5987002e-17 1.9003493e-17 
1.2539148e-16  1.0587596e-17 
1.3542557e-16  1.3552877e-17 

CM Pos
7.4950672      0.0081492158  
7.4973248      0.013275395   
7.5021751      0.014580924   
12.987254      0.01491643    

Stress
20.3511      0.0488611    -0.0078247    0.10952      0.0806955    0.0887168   
0.0488611    20.3997      -0.00921882   0.0806955    0.114131     0.0675712   
-0.0078247   -0.00921882  20.389        0.0887168    0.0675712    0.101075    

Stress Spherical
0            0            0             0            0            0           
0            0            0             0            0            0           
0            0            0             0            0            0           

Inertia
149.981      -56.1707     -56.2028      0.312208     0.137173     0.142413    
-56.1707     149.966      -56.2516      0.137173     0.32543      0.154083    
-56.2028     -56.2516     149.874       0.142413     0.154083     0.267381    

Bond Length
0.61798653    0.0028923318

BB bond length
0.61798653    0.0028923318

Water EE distance
0             0           

PEG EE distance
6.6434521     0.34248709  

BBB P2(x)
0.50604476    0.01133435  

BBB first bond length
0.61766153    0.002962578 

BBB second bond length
0.61777315    0.0029035963

BBB <phi**2>/<phi>**2
1.2232056     0.012978974 

Time = 20000
Temperature
1.0079494     0.0071941825

Pressure
23.399061     0.090636336 

CM Mom
-1.8229507e-18 1.2165138e-17 
-7.9949604e-17 1.7007186e-17 
9.3760073e-17  1.7265908e-17 
1.2479597e-16  1.8642077e-17 

CM Pos
7.4999575      0.018686895   
7.4955465      0.010203752   
7.5020269      0.013134867   
12.988977      0.0088790479  

Stress
20.419       0.0301798    0.00373709    0.113175     0.0542218    0.0647798   
0.0301798    20.3436      0.0479883     0.0542218    0.120615     0.0513573   
0.00373709   0.0479883    20.3657       0.0647798    0.0513573    0.0997121   

Stress Spherical
0            0            0             0            0            0           
0            0            0             0            0            0           
0            0            0             0            0            0           

Inertia
149.961      -56.1799     -56.2943      0.287639     0.117082     0.186814    
-56.1799     150.018      -56.2415      0.117082     0.265527     0.158286    
-56.2943     -56.2415     149.92        0.186814     0.158286     0.218463    

Bond Length
0.62016094    0.0021091267

BB bond length
0.62016094    0.0021091267

Water EE distance
0             0           

PEG EE distance
6.3426959     0.20653775  

BBB P2(x)
0.51188836    0.0058484207

BBB first bond length
0.62016039    0.0021184504

BBB second bond length
0.61989575    0.0020192644

BBB <phi**2>/<phi>**2
1.2264915     0.0080544521

Time = 21000
Temperature
1.0081786     0.0081379695

Pressure
23.408956     0.1297053   

CM Mom
-2.0552069e-17 1.3656027e-17 
-9.4241723e-17 2.2202894e-17 
7.5365012e-17  1.5294998e-17 
1.2457178e-16  1.9468946e-17 

CM Pos
7.4966973      0.013308439   
7.4962875      0.014741944   
7.4958029      0.014700174   
12.983926      0.0116403     

Stress
20.4062      0.0188646    -0.00948286   0.121942     0.0648052    0.0840658   
0.0188646    20.401       -0.0218629    0.0648052    0.14439      0.0715872   
-0.00948286  -0.0218629   20.3488       0.0840658    0.0715872    0.135231    

Stress Spherical
0            0            0             0            0            0           
0            0            0             0            0            0           
0            0            0             0            0            0           

Inertia
149.876      -56.1714     -56.1955      0.195767     0.203243     0.139049    
-56.1714     149.877      -56.1508      0.203243     0.31283      0.0848979   
-56.1955     -56.1508     149.874       0.139049     0.0848979    0.339081    

Bond Length
0.61799312    0.0028351923

BB bond length
0.61799312    0.0028351923

Water EE distance
0             0           

PEG EE distance
7.047711      0.19536009  

BBB P2(x)
0.51158135    0.010930786 

BBB first bond length
0.61800554    0.0027792886

BBB second bond length
0.6179714     0.0029527952

BBB <phi**2>/<phi>**2
1.2280341     0.012454715 

Time = 22000
Temperature
1.0078523     0.0071920918

Pressure
23.393733     0.078284545 

CM Mom
-4.873267e-18  1.1336036e-17 
-4.9212401e-17 3.117975e-17  
7.0299592e-17  1.8383377e-17 
9.2336939e-17  1.7325198e-17 

CM Pos
7.4938817      0.014910802   
7.4965839      0.011984331   
7.5003968      0.014885005   
12.985121      0.014126257   

Stress
20.3883      0.014971     0.0058246     0.105401     0.0668213    0.0763238   
0.014971     20.4096      -0.00112697   0.0668213    0.127604     0.0823947   
0.0058246    -0.00112697  20.3153       0.0763238    0.0823947    0.0920431   

Stress Spherical
0            0            0             0            0            0           
0            0            0             0            0            0           
0            0            0             0            0            0           

Inertia
149.947      -56.1956     -56.2109      0.269662     0.200905     0.197673    
-56.1956     149.933      -56.2598      0.200905     0.338435     0.145468    
-56.2109     -56.2598     149.85        0.197673     0.145468     0.282212    

Bond Length
0.62018745    0.0023496919

BB bond length
0.62018745    0.0023496919

Water EE distance
0             0           

PEG EE distance
7.047639      0.20073616  

BBB P2(x)
0.51551133    0.016733881 

BBB first bond length
0.62008851    0.0025431969

BBB second bond length
0.61977204    0.0024083494

BBB <phi**2>/<phi>**2
1.2286269     0.010786862 

Time = 23000
Temperature
1.0096855     0.0041289405

Pressure
23.43126      0.088332681 

CM Mom
3.5432095e-17  1.6657489e-17 
-4.663359e-17  2.1942539e-17 
8.5760259e-17  1.4666308e-17 
1.0732648e-16  1.5492627e-17 

CM Pos
7.4978829      0.013088807   
7.4945092      0.01280297    
7.4977293      0.0089909966  
12.984688      0.012563972   

Stress
20.3817      -0.0643445   0.0453817     0.148964     0.0573387    0.0706504   
-0.0643445   20.3913      0.0165688     0.0573387    0.0950004    0.0452994   
0.0453817    0.0165688    20.4362       0.0706504    0.0452994    0.134285    

Stress Spherical
0            0            0             0            0            0           
0            0            0             0            0            0           
0            0            0             0            0            0           

Inertia
149.874      -56.1919     -56.2196      0.29125      0.166638     0.124764    
-56.1919     149.942      -56.2084      0.166638     0.239761     0.171555    
-56.2196     -56.2084     149.888       0.124764     0.171555     0.257889    

Bond Length
0.61929648    0.0023045347

BB bond length
0.61929648    0.0023045347

Water EE distance
0             0           

PEG EE distance
6.8827598     0.12639009  

BBB P2(x)
0.51593381    0.017264557 

BBB first bond length
0.61923577    0.0022300903

BBB second bond length
0.6194249     0.0023801113

BBB <phi**2>/<phi>**2
1.2252052     0.0083694673

Time = 24000
Temperature
1.0110186     0.0048720664

Pressure
23.392015     0.088474638 

CM Mom
3.9028091e-17  2.5928601e-17 
-5.7669187e-17 2.5977832e-17 
7.0170439e-17  2.2581616e-17 
1.0525564e-16  2.3476327e-17 

CM Pos
7.5027732      0.010545612   
7.4959911      0.0082296641  
7.4950619      0.0098578354  
12.986825      0.0094690268  

Stress
20.3767      -0.0197463   -0.0019581    0.10341      0.0395961    0.063985    
-0.0197463   20.3306      -0.0110385    0.0395961    0.109925     0.0838195   
-0.0019581   -0.0110385   20.3722       0.063985     0.0838195    0.163976    

Stress Spherical
0            0            0             0            0            0           
0            0            0             0            0            0           
0            0            0             0            0            0           

Inertia
149.868      -56.2397     -56.2237      0.176165     0.0957065    0.145036    
-56.2397     149.962      -56.1911      0.0957065    0.204813     0.11426     
-56.2237     -56.1911     149.978       0.145036     0.11426      0.212143    

Bond Length
0.61985546    0.0026568141

BB bond length
0.61985546    0.0026568141

Water EE distance
0             0           

PEG EE distance
6.3234684     0.18212064  

BBB P2(x)
0.5005179     0.011402156 

BBB first bond length
0.61985532    0.0024899339

BBB second bond length
0.61953415    0.0023543296

BBB <phi**2>/<phi>**2
1.2238167     0.011113625 

Time = 25000
Temperature
1.0106474     0.0080368366

Pressure
23.421007     0.086343113 

CM Mom
4.6322498e-17  1.9358723e-17 
-4.7061358e-17 2.01301e-17   
7.0743264e-17  1.6172806e-17 
1.007873e-16   1.5767568e-17 

CM Pos
7.5038105      0.017484779   
7.5016224      0.011709986   
7.4983221      0.017771311   
12.992569      0.016058195   

Stress
20.3698      0.0282339    -0.041231     0.124401     0.105371     0.0792909   
0.0282339    20.4659      -0.027991     0.105371     0.124051     0.0704277   
-0.041231    -0.027991    20.3342       0.0792909    0.0704277    0.14394     

Stress Spherical
0            0            0             0            0            0           
0            0            0             0            0            0           
0            0            0             0            0            0           

Inertia
150.005      -56.2857     -56.278       0.290496     0.150887     0.21495     
-56.2857     150.018      -56.2445      0.150887     0.373413     0.162745    
-56.278      -56.2445     150.067       0.21495      0.162745     0.327324    

Bond Length
0.61870405    0.002126864 

BB bond length
0.61870405    0.002126864 

Water EE distance
0             0           

PEG EE distance
6.9916776     0.1858701   

BBB P2(x)
0.50925808    0.014007382 

BBB first bond length
0.61875972    0.0022786496

BBB second bond length
0.6186382     0.0023938643

BBB <phi**2>/<phi>**2
1.2218926     0.015364554 

Time = 26000
Temperature
1.0167725     0.0086193549

Pressure
23.383051     0.11059509  

CM Mom
6.4718725e-17  1.8258616e-17 
-4.1974481e-17 1.6862355e-17 
7.561187e-17   1.6383134e-17 
1.1120809e-16  1.3653199e-17 

CM Pos
7.5021804      0.011203947   
7.497473       0.0092117785  
7.5006932      0.021679135   
12.990601      0.013030012   

Stress
20.3399      0.0136872    0.00783009    0.138938     0.0674455    0.062908    
0.0136872    20.3825      -0.0181346    0.0674455    0.112868     0.0760201   
0.00783009   -0.0181346   20.2785       0.062908     0.0760201    0.139864    

Stress Spherical
0            0            0             0            0            0           
0            0            0             0            0            0           
0            0            0             0            0            0           

Inertia
149.951      -56.2317     -56.2414      0.293762     0.109518     0.226928    
-56.2317     150.042      -56.2312      0.109518     0.37095      0.190401    
-56.2414     -56.2312     149.965       0.226928     0.190401     0.186287    

Bond Length
0.61954563    0.0024728804

BB bond length
0.61954563    0.0024728804

Water EE distance
0             0           

PEG EE distance
7.3146756     0.15092576  

BBB P2(x)
0.50485093    0.009787772 

BBB first bond length
0.61939175    0.0023357152

BBB second bond length
0.61983187    0.0025635991

BBB <phi**2>/<phi>**2
1.2203923     0.01086216  

Time = 27000
Temperature
1.0078064     0.0077820057

Pressure
23.377742     0.058477255 

CM Mom
6.5236845e-17  1.2587829e-17 
-4.0834863e-17 2.247217e-17  
8.2650028e-17  1.8588156e-17 
1.163007e-16   1.5410299e-17 

CM Pos
7.5014395      0.0085400294  
7.4956947      0.011691217   
7.503657       0.016395829   
12.990851      0.013465416   

Stress
20.3414      -0.0129784   0.000882755   0.0751163    0.0797424    0.058481    
-0.0129784   20.3715      -0.0343577    0.0797424    0.0759238    0.0787792   
0.000882755  -0.0343577   20.3528       0.058481     0.0787792    0.136911    

Stress Spherical
0            0            0             0            0            0           
0            0            0             0            0            0           
0            0            0             0            0            0           

Inertia
149.985      -56.2308     -56.2715      0.295628     0.19672      0.136147    
-56.2308     150.091      -56.2124      0.19672      0.273379     0.165516    
-56.2715     -56.2124     149.969       0.136147     0.165516     0.295463    

Bond Length
0.6196092     0.0020450881

BB bond length
0.6196092     0.0020450881

Water EE distance
0             0           

PEG EE distance
7.2087663     0.11670029  

BBB P2(x)
0.50899035    0.0099719925

BBB first bond length
0.6196256     0.0021293141

BBB second bond length
0.61957828    0.002008848 

BBB <phi**2>/<phi>**2
1.2241809     0.0075924427

Time = 28000
Temperature
1.0084431     0.010186849 

Pressure
23.389847     0.080350705 

CM Mom
6.3424315e-17  1.3523879e-17 
-2.7274336e-17 1.2103112e-17 
5.6714524e-17  3.1333192e-17 
9.3264661e-17  2.4411533e-17 

CM Pos
7.501884       0.013271259   
7.5014742      0.017943482   
7.5001004      0.012299941   
12.992394      0.015386254   

Stress
20.3947      -0.0290219   0.00583293    0.0940239    0.0857339    0.0720791   
-0.0290219   20.32        0.007388      0.0857339    0.125203     0.079383    
0.00583293   0.007388     20.3815       0.0720791    0.079383     0.111361    

Stress Spherical
0            0            0             0            0            0           
