Time = 1000
Temperature
   2.0079964     1.9640933

Pressure
   28.961183     1.4240906

CM Mom
-8.7271546e-17 3.4311242e-17 
9.3543741e-17  9.6415526e-17 
-1.5727037e-16 9.1419372e-16 
6.93254e-16    6.3774838e-16 

CM Pos
10.0065        0.056072475   
10.006885      0.029403853   
10.001774      0.015619415   
17.329336      0.040411755   

Stress
22.9664      0.0496316    -0.0397819    4.67479      0.152258     0.0668255   
0.0496316    22.7209      -0.0102213    0.152258     4.89564      0.0906188   
-0.0397819   -0.0102213   23.1333       0.0668255    0.0906188    4.18497     

Stress Spherical
0            0            0             0            0            0           
0            0            0             0            0            0           
0            0            0             0            0            0           

Inertia
267.706      -100.179     -100.066      1.80912      0.829855     0.477038    
-100.179     267.695      -100.119      0.829855     1.20118      0.225906    
-100.066     -100.119     267.801       0.477038     0.225906     1.39934     

Bond Length
0.62681179    0.059776196 

BB bond length
0.62681179    0.059776196 

Water EE distance
0             0           

PEG EE distance
9.5835207     0.053711836 

BBB P2(x)
0.15645941    0.04585577  

BBB first bond length
0.62729181    0.060690112 

BBB second bond length
0.62731936    0.060402941 

BBB <phi**2>/<phi>**2
1.1437706     0.018625243 

Time = 2000
Temperature
1.017558      0.0073948246

Pressure
27.889633     0.056257435 

CM Mom
-6.207319e-17  2.1948366e-17 
1.1078244e-16  3.0362829e-17 
-7.5115117e-17 9.3090614e-17 
1.7332274e-16  4.2389073e-17 

CM Pos
10.000997      0.011419943   
10.002466      0.012090528   
10.002107      0.012516254   
17.323734      0.0098004997  

Stress
24.8782      -0.0109233   0.0218336     0.0796228    0.0516407    0.0670362   
-0.0109233   24.79        0.00672879    0.0516407    0.0510012    0.0527491   
0.0218336    0.00672879   24.8473       0.0670362    0.0527491    0.0896016   

Stress Spherical
0            0            0             0            0            0           
0            0            0             0            0            0           
0            0            0             0            0            0           

Inertia
266.997      -100.081     -100.081      0.289141     0.234751     0.12263     
-100.081     266.948      -100.041      0.234751     0.262432     0.137048    
-100.081     -100.041     267.002       0.12263      0.137048     0.441586    

Bond Length
0.59777797    0.00039219746

BB bond length
0.59777797    0.00039219746

Water EE distance
0             0           

PEG EE distance
9.3025476     0.099221509 

BBB P2(x)
0.099101856   0.0075729366

BBB first bond length
0.59790127    0.00042050011

BBB second bond length
0.59783896    0.00039718452

BBB <phi**2>/<phi>**2
1.1250786     0.0020958751

Time = 3000
Temperature
1.0134694     0.0042540829

Pressure
27.902767     0.06556615  

CM Mom
-6.9308292e-17 1.522549e-17  
7.9209146e-17  1.3189198e-17 
-2.7000478e-17 2.645002e-17  
1.1306073e-16  1.1375379e-17 

CM Pos
10.000247      0.0074273995  
9.9993812      0.0066991194  
10.006443      0.01006872    
17.32402       0.00393173    

Stress
24.8869      0.0130743    0.0321381     0.0798281    0.0639056    0.0463072   
0.0130743    24.8054      -0.00073174   0.0639056    0.066822     0.0366059   
0.0321381    -0.00073174  24.8994       0.0463072    0.0366059    0.0982347   

Stress Spherical
0            0            0             0            0            0           
0            0            0             0            0            0           
0            0            0             0            0            0           

Inertia
266.88       -99.9902     -100.091      0.164185     0.134461     0.12668     
-99.9902     266.895      -100.02       0.134461     0.194873     0.130719    
-100.091     -100.02      266.768       0.12668      0.130719     0.196279    

Bond Length
0.5973677     0.00036784172

BB bond length
0.5973677     0.00036784172

Water EE distance
0             0           

PEG EE distance
8.8830353     0.1649745   

BBB P2(x)
0.084072562   0.0031845724

BBB first bond length
0.59740883    0.00035435803

BBB second bond length
0.59752555    0.00036289579

BBB <phi**2>/<phi>**2
1.1219086     0.0017571135

Time = 4000
Temperature
1.0127036     0.0042316179

Pressure
27.949833     0.077172418 

CM Mom
-6.054992e-17  1.8002672e-17 
6.4513085e-17  1.8592511e-17 
-2.3060338e-17 1.9521716e-17 
9.4980172e-17  1.9739604e-17 

CM Pos
10.003165      0.0055059086  
9.9977971      0.010218458   
10.007193      0.0089878891  
17.325222      0.0091243454  

Stress
24.8518      0.0159024    -0.00383106   0.0516901    0.0629895    0.0492147   
0.0159024    24.9058      -0.0410771    0.0629895    0.129472     0.027567    
-0.00383106  -0.0410771   24.9821       0.0492147    0.027567     0.0700149   

Stress Spherical
0            0            0             0            0            0           
0            0            0             0            0            0           
0            0            0             0            0            0           

Inertia
266.809      -99.9989     -100.142      0.284862     0.152826     0.139382    
-99.9989     266.876      -100.065      0.152826     0.219582     0.171341    
-100.142     -100.065     266.733       0.139382     0.171341     0.281243    

Bond Length
0.59726079    0.00059639817

BB bond length
0.59726079    0.00059639817

Water EE distance
0             0           

PEG EE distance
8.4111984     0.091609625 

BBB P2(x)
0.077741518   0.0026834912

BBB first bond length
0.59741953    0.00061934819

BBB second bond length
0.59736396    0.00063656418

BBB <phi**2>/<phi>**2
1.1201449     0.0012110244

Time = 5000
Temperature
1.0136735     0.0050360942

Pressure
27.951243     0.064211965 

CM Mom
-6.3078329e-17 1.9860384e-17 
6.8206712e-17  2.2518304e-17 
-8.8298784e-18 1.3393417e-17 
9.6522796e-17  2.1754087e-17 

CM Pos
10.001414      0.0079078911  
10.002133      0.013294329   
10.006943      0.0098509625  
17.32657       0.012305394   

Stress
24.8963      -0.0149627   0.0369481     0.060082     0.0541488    0.0619724   
-0.0149627   24.8658      0.00515457    0.0541488    0.116267     0.0613547   
0.0369481    0.00515457   24.9731       0.0619724    0.0613547    0.089975    

Stress Spherical
0            0            0             0            0            0           
0            0            0             0            0            0           
0            0            0             0            0            0           

Inertia
266.879      -100.06      -100.065      0.459782     0.141098     0.133087    
-100.06      266.885      -100.121      0.141098     0.263121     0.265109    
-100.065     -100.121     266.741       0.133087     0.265109     0.28395     

Bond Length
0.59711148    0.00043843944

BB bond length
0.59711148    0.00043843944

Water EE distance
0             0           

PEG EE distance
8.1096817     0.070188764 

BBB P2(x)
0.074893811   0.0046233171

BBB first bond length
0.59722892    0.00041509696

BBB second bond length
0.59724504    0.00047101561

BBB <phi**2>/<phi>**2
1.1191169     0.001831891 

Time = 6000
Temperature
1.010447      0.004721049 

Pressure
27.946977     0.049895339 

CM Mom
-2.6290621e-17 1.6925511e-17 
8.4428879e-17  1.5174653e-17 
-9.7450557e-18 1.5280635e-17 
9.2180458e-17  1.2938404e-17 

CM Pos
9.9980794      0.0095848643  
10.000382      0.0077695499  
10.002858      0.0090372523  
17.321275      0.0078658275  

Stress
24.9247      0.01321      0.0118188     0.113947     0.0760535    0.0594645   
0.01321      24.8393      -0.00818826   0.0760535    0.0567931    0.0581709   
0.0118188    -0.00818826  24.9875       0.0594645    0.0581709    0.0617119   

Stress Spherical
0            0            0             0            0            0           
0            0            0             0            0            0           
0            0            0             0            0            0           

Inertia
266.751      -99.9262     -99.9781      0.223274     0.110407     0.148022    
-99.9262     266.698      -100.056      0.110407     0.287371     0.110436    
-99.9781     -100.056     266.625       0.148022     0.110436     0.170371    

Bond Length
0.59715634    0.00063022812

BB bond length
0.59715634    0.00063022812

Water EE distance
0             0           

PEG EE distance
7.8029385     0.11023856  

BBB P2(x)
0.06923835    0.003418956 

BBB first bond length
0.59725299    0.00058908792

BBB second bond length
0.59724179    0.000669941 

BBB <phi**2>/<phi>**2
1.1176109     0.0017652612

Time = 7000
Temperature
1.0138891     0.0073264879

Pressure
27.977072     0.058330364 

CM Mom
-3.1565951e-17 2.1890009e-17 
9.3501046e-17  1.3607471e-17 
-1.0816914e-17 1.2135256e-17 
1.0230967e-16  1.414889e-17  

CM Pos
9.9960784      0.010669397   
9.9964631      0.0080235192  
10.005276      0.0063932932  
17.319253      0.0096461905  

Stress
24.9111      -0.00203494  -0.0134896    0.093364     0.05188      0.072276    
-0.00203494  24.9363      0.0426148     0.05188      0.0930202    0.0871043   
-0.0134896   0.0426148    24.9634       0.072276     0.0871043    0.0759926   

Stress Spherical
0            0            0             0            0            0           
0            0            0             0            0            0           
0            0            0             0            0            0           

Inertia
266.72       -99.9414     -100.002      0.210889     0.134688     0.188357    
-99.9414     266.691      -100.026      0.134688     0.290746     0.132259    
-100.002     -100.026     266.492       0.188357     0.132259     0.238323    

Bond Length
0.59712138    0.00033758082

BB bond length
0.59712138    0.00033758082

Water EE distance
0             0           

PEG EE distance
7.5652443     0.053749555 

BBB P2(x)
0.063349019   0.0032519906

BBB first bond length
0.59728145    0.00032128212

BBB second bond length
0.59723733    0.00036237416

BBB <phi**2>/<phi>**2
1.1151521     0.0014600135

Time = 8000
Temperature
1.0132718     0.0046945067

Pressure
27.928797     0.05669084  

CM Mom
-2.3568288e-17 1.2530444e-17 
8.7405765e-17  2.0383455e-17 
2.1595731e-17  1.6152072e-17 
9.5740704e-17  1.8130414e-17 

CM Pos
9.9932436      0.010580418   
9.9933782      0.010978942   
9.997772       0.0072012082  
17.311503      0.010545033   

Stress
24.8911      -0.00887067  0.00883157    0.0643626    0.0429463    0.0349522   
-0.00887067  24.8435      -0.0129366    0.0429463    0.0730483    0.0710607   
0.00883157   -0.0129366   24.9369       0.0349522    0.0710607    0.13585     

Stress Spherical
0            0            0             0            0            0           
0            0            0             0            0            0           
0            0            0             0            0            0           

Inertia
266.508      -99.8588     -99.9313      0.305892     0.161182     0.109566    
-99.8588     266.502      -99.9516      0.161182     0.23025      0.153616    
-99.9313     -99.9516     266.378       0.109566     0.153616     0.299043    

Bond Length
0.59751738    0.00051126926

BB bond length
0.59751738    0.00051126926

Water EE distance
0             0           

PEG EE distance
7.3611396     0.09190052  

BBB P2(x)
0.064487316   0.0039419027

BBB first bond length
0.59759188    0.00051916041

BBB second bond length
0.59769558    0.00049701661

BBB <phi**2>/<phi>**2
1.1164651     0.0017652323

Time = 9000
Temperature
1.0109356     0.0045730453

Pressure
27.923896     0.050482827 

CM Mom
-4.4057695e-17 9.035215e-18  
8.6741033e-17  1.6041914e-17 
6.1276323e-17  1.9824417e-17 
1.168164e-16   1.7486846e-17 

CM Pos
9.9914927      0.014717758   
9.9983807      0.0080403958  
9.9948538      0.013388118   
17.311702      0.0089778535  

Stress
24.9007      -0.0376796   0.016771      0.0561438    0.061739     0.0435454   
-0.0376796   24.87        -0.00649065   0.061739     0.0672411    0.061366    
0.016771     -0.00649065  24.907        0.0435454    0.061366     0.103552    

Stress Spherical
0            0            0             0            0            0           
0            0            0             0            0            0           
0            0            0             0            0            0           

Inertia
266.501      -99.8902     -99.8861      0.321766     0.199674     0.167803    
-99.8902     266.401      -99.9452      0.199674     0.326122     0.134394    
-99.8861     -99.9452     266.428       0.167803     0.134394     0.26273     

Bond Length
0.59713607    0.00052872243

BB bond length
0.59713607    0.00052872243

Water EE distance
0             0           

PEG EE distance
7.1253406     0.083040292 

BBB P2(x)
0.065133955   0.0037307396

BBB first bond length
0.59723711    0.00056751594

BBB second bond length
0.59723935    0.00058603853

BBB <phi**2>/<phi>**2
1.1160701     0.0016554095

Time = 10000
Temperature
1.0124437     0.004951656 

Pressure
27.947385     0.058737221 

CM Mom
-4.747305e-17  9.5918714e-18 
6.451268e-17   1.7025406e-17 
3.0716726e-17  2.036637e-17  
8.9495907e-17  1.2092711e-17 

CM Pos
9.9857399      0.0095877649  
9.9974636      0.0050913406  
10.002358      0.0094934095  
17.312179      0.009355054   

Stress
24.9418      -0.00177342  -0.00395122   0.0866561    0.0708639    0.0431391   
-0.00177342  24.8695      0.000884651   0.0708639    0.0562425    0.0508428   
-0.00395122  0.000884651  24.9235       0.0431391    0.0508428    0.0943263   

Stress Spherical
0            0            0             0            0            0           
0            0            0             0            0            0           
0            0            0             0            0            0           

Inertia
266.675      -99.8057     -99.9078      0.220082     0.109423     0.159699    
-99.8057     266.457      -99.9907      0.109423     0.269411     0.161318    
-99.9078     -99.9907     266.341       0.159699     0.161318     0.244611    

Bond Length
0.59732528    0.00055361121

BB bond length
0.59732528    0.00055361121

Water EE distance
0             0           

PEG EE distance
6.8889843     0.050113679 

BBB P2(x)
0.06120879    0.0032036416

BBB first bond length
0.5974397     0.00055209467

BBB second bond length
0.59743124    0.00062206577

BBB <phi**2>/<phi>**2
1.1150967     0.0015258967

Time = 11000
Temperature
1.0138123     0.0042602352

Pressure
27.954059     0.083714212 

CM Mom
-6.7310742e-17 1.4985216e-17 
5.6330582e-17  2.2660521e-17 
3.3081411e-17  1.1296184e-17 
9.7360782e-17  1.3593675e-17 

CM Pos
9.9888247      0.011452766   
9.9994646      0.008404351   
9.9996062      0.015849151   
17.313532      0.0093078673  

Stress
24.9264      0.0506803    0.0375744     0.104358     0.0619688    0.0509423   
0.0506803    24.8858      -0.0374401    0.0619688    0.0862494    0.0577206   
0.0375744    -0.0374401   24.9303       0.0509423    0.0577206    0.118506    

Stress Spherical
0            0            0             0            0            0           
0            0            0             0            0            0           
0            0            0             0            0            0           

Inertia
266.662      -99.8343     -99.847       0.363808     0.146521     0.151428    
-99.8343     266.432      -99.9999      0.146521     0.245118     0.199948    
-99.847      -99.9999     266.416       0.151428     0.199948     0.286445    

Bond Length
0.59722023    0.00051487091

BB bond length
0.59722023    0.00051487091

Water EE distance
0             0           

PEG EE distance
6.6864722     0.079073735 

BBB P2(x)
0.059978071   0.0034546704

BBB first bond length
0.59735539    0.00054760275

BBB second bond length
0.59740591    0.00047461828

BBB <phi**2>/<phi>**2
1.1148992     0.0015594197

Time = 12000
Temperature
1.0138152     0.0035979314

Pressure
27.977806     0.059828079 

CM Mom
-6.2301247e-17 1.6826997e-17 
8.5506565e-17  1.8692998e-17 
6.4666164e-17  1.9031054e-17 
1.2574512e-16  2.3610461e-17 

CM Pos
9.996662       0.008706604   
10.006551      0.015408823   
9.9983556      0.0087448434  
17.321425      0.0079174558  

Stress
24.9508      0.0159359    0.0114895     0.0559005    0.047407     0.045391    
0.0159359    24.9167      -0.0496082    0.047407     0.0830274    0.0666296   
0.0114895    -0.0496082   24.9461       0.045391     0.0666296    0.098239    

Stress Spherical
0            0            0             0            0            0           
0            0            0             0            0            0           
0            0            0             0            0            0           

Inertia
266.775      -100.005     -99.9746      0.356915     0.116017     0.121983    
-100.005     266.583      -100.061      0.116017     0.251736     0.189269    
-99.9746     -100.061     266.72        0.121983     0.189269     0.232544    

Bond Length
0.59710363    0.00068746343

BB bond length
0.59710363    0.00068746343

Water EE distance
0             0           

PEG EE distance
6.4394647     0.045175018 

BBB P2(x)
0.056618916   0.0032506268

BBB first bond length
0.59723055    0.00071497383

BBB second bond length
0.59722577    0.00067305113

BBB <phi**2>/<phi>**2
1.1141849     0.0014152479

Time = 13000
Temperature
1.0113878     0.0047363653

Pressure
27.943428     0.060204093 

CM Mom
-6.9863565e-17 2.068346e-17  
7.8110748e-17  1.8305089e-17 
8.4453177e-17  2.8982915e-17 
1.3862324e-16  2.2383825e-17 

CM Pos
10.007251      0.010216758   
10.002299      0.01092849    
10.001107      0.0087125899  
17.326666      0.011266863   

Stress
24.8752      -0.0114123   0.0266127     0.0511586    0.0392424    0.062157    
-0.0114123   24.9027      0.00365252    0.0392424    0.0684771    0.0478814   
0.0266127    0.00365252   24.9545       0.062157     0.0478814    0.102977    

Stress Spherical
0            0            0             0            0            0           
0            0            0             0            0            0           
0            0            0             0            0            0           

Inertia
266.749      -100.104     -100.081      0.347496     0.162751     0.194712    
-100.104     266.856      -100.028      0.162751     0.31108      0.159234    
-100.081     -100.028     266.884       0.194712     0.159234     0.268856    

Bond Length
0.59701093    0.00036547279

BB bond length
0.59701093    0.00036547279

Water EE distance
0             0           

PEG EE distance
6.3572164     0.036604438 

BBB P2(x)
0.056215613   0.0033466328

BBB first bond length
0.59720924    0.00036942889

BBB second bond length
0.59713127    0.00033144088

BBB <phi**2>/<phi>**2
1.1139979     0.001156398 

Time = 14000
Temperature
1.0135342     0.0029352991

Pressure
27.994827     0.062108535 

CM Mom
-1.0871593e-16 2.0914375e-17 
6.3560534e-17  3.2899656e-17 
8.4135564e-17  2.2413909e-17 
1.5692649e-16  1.8279684e-17 

CM Pos
10.002915      0.0042184795  
10.005134      0.0088820815  
9.9976052      0.0080473093  
17.323776      0.0082900284  

Stress
24.9517      -0.00754268  0.0049488     0.09985      0.083655     0.0656961   
-0.00754268  24.9658      -0.0147054    0.083655     0.0556009    0.0743395   
0.0049488    -0.0147054   24.9497       0.0656961    0.0743395    0.100812    

Stress Spherical
0            0            0             0            0            0           
0            0            0             0            0            0           
0            0            0             0            0            0           

Inertia
266.742      -100.095     -100.021      0.27615      0.135751     0.11321     
-100.095     266.694      -100.05       0.135751     0.159333     0.153514    
-100.021     -100.05      266.858       0.11321      0.153514     0.179983    

Bond Length
0.59673189    0.00055250883

BB bond length
0.59673189    0.00055250883

Water EE distance
0             0           

PEG EE distance
6.2257617     0.045041437 

BBB P2(x)
0.058403811   0.0039675653

BBB first bond length
0.59688977    0.00052373653

BBB second bond length
0.59691023    0.00055061185

BBB <phi**2>/<phi>**2
1.1139884     0.0018552103

Time = 15000
Temperature
1.0128201     0.0037153232

Pressure
27.936572     0.073439878 

CM Mom
-1.1274794e-16 1.9686482e-17 
8.0371298e-17  1.7835849e-17 
9.1167833e-17  1.4022839e-17 
1.6778449e-16  1.5293767e-17 

CM Pos
10.003832      0.0063981841  
10.003216      0.012052233   
10.004108      0.010613218   
17.326954      0.012220985   

Stress
24.8922      0.015429     0.00200835    0.093352     0.0555043    0.0477189   
0.015429     24.8826      -0.00735954   0.0555043    0.107849     0.0577749   
0.00200835   -0.00735954  24.924        0.0477189    0.0577749    0.0773985   

Stress Spherical
0            0            0             0            0            0           
0            0            0             0            0            0           
0            0            0             0            0            0           

Inertia
266.771      -100.064     -100.075      0.40419      0.143223     0.11569     
-100.064     266.816      -100.111      0.143223     0.232146     0.240243    
-100.075     -100.111     266.837       0.11569      0.240243     0.291711    

Bond Length
0.59718045    0.00049029789

BB bond length
0.59718045    0.00049029789

Water EE distance
0             0           

PEG EE distance
6.2039257     0.014765072 

BBB P2(x)
0.055303839   0.0027065586

BBB first bond length
0.59727698    0.00046141829

BBB second bond length
0.59731496    0.00053742168

BBB <phi**2>/<phi>**2
1.1138142     0.0016195439

Time = 16000
Temperature
1.0116785     0.002870516 

Pressure
27.958459     0.045873685 

CM Mom
-1.1583047e-16 8.2624797e-18 
6.6494551e-17  2.6267031e-17 
6.0567739e-17  1.7430413e-17 
1.4928549e-16  1.6809567e-17 

CM Pos
10.00525       0.013561198   
9.9998815      0.015075901   
10.002191      0.0094331753  
17.324745      0.013137404   

Stress
24.9093      -0.00204621  -0.0643302    0.10591      0.0405048    0.0743658   
-0.00204621  24.8812      -0.00100672   0.0405048    0.0833894    0.0572159   
-0.0643302   -0.00100672  24.9844       0.0743658    0.0572159    0.0749125   

Stress Spherical
0            0            0             0            0            0           
0            0            0             0            0            0           
0            0            0             0            0            0           

Inertia
266.671      -100.049     -100.079      0.27034      0.176929     0.203202    
-100.049     266.833      -100.028      0.176929     0.503145     0.141373    
-100.079     -100.028     266.763       0.203202     0.141373     0.343369    

Bond Length
0.59719247    0.00056865945

BB bond length
0.59719247    0.00056865945

Water EE distance
0             0           

PEG EE distance
6.2154019     0.026232649 

BBB P2(x)
0.053888877   0.0027630497

BBB first bond length
0.59730414    0.00058831464

BBB second bond length
0.59728175    0.00050480586

BBB <phi**2>/<phi>**2
1.113259      0.00090266191

Time = 17000
Temperature
1.0136114     0.0065957613

Pressure
27.947209     0.05901146  

CM Mom
-1.1359688e-16 1.3195706e-17 
9.3967226e-17  1.2838174e-17 
5.5389718e-17  1.5957608e-17 
1.587275e-16   1.4187451e-17 

CM Pos
9.9975791      0.0069576942  
10.000632      0.0060932254  
10.001524      0.0088176722  
17.320359      0.0069666911  

Stress
24.8882      0.022666     -0.0285176    0.0812105    0.0714927    0.0448731   
0.022666     24.949       -0.00265936   0.0714927    0.0637746    0.0517387   
-0.0285176   -0.00265936  24.8865       0.0448731    0.0517387    0.0994478   

Stress Spherical
0            0            0             0            0            0           
0            0            0             0            0            0           
0            0            0             0            0            0           

Inertia
266.684      -99.963      -100.006      0.234151     0.166755     0.168128    
-99.963      266.655      -100          0.166755     0.252877     0.103993    
-100.006     -100         266.644       0.168128     0.103993     0.17012     

Bond Length
0.59706174    0.00043795126

BB bond length
0.59706174    0.00043795126

Water EE distance
0             0           

PEG EE distance
6.0884895     0.05789995  

BBB P2(x)
0.053091865   0.0035894092

BBB first bond length
0.59722691    0.00037712772

BBB second bond length
0.59718744    0.00045114603

BBB <phi**2>/<phi>**2
1.1124914     0.0014639285

Time = 18000
Temperature
1.0118541     0.0075635862

Pressure
27.984657     0.0673589   

CM Mom
-1.1029116e-16 1.6612443e-17 
1.0224643e-16  1.9945784e-17 
3.1449839e-17  9.8788185e-18 
1.5583078e-16  9.7841243e-18 

CM Pos
10.001248      0.0070844241  
10.002216      0.011273832   
10.003942      0.012782236   
17.32479       0.010596241   

Stress
24.9635      0.0260295    0.0101801     0.0948635    0.0617442    0.059786    
0.0260295    24.8961      0.0363889     0.0617442    0.0967478    0.0526342   
0.0101801    0.0363889    24.9922       0.059786     0.0526342    0.0587119   

Stress Spherical
0            0            0             0            0            0           
0            0            0             0            0            0           
0            0            0             0            0            0           

Inertia
266.821      -100.015     -100.038      0.356298     0.141087     0.137811    
-100.015     266.808      -100.019      0.141087     0.249436     0.191976    
-100.038     -100.019     266.804       0.137811     0.191976     0.193067    

Bond Length
0.59718709    0.00051073419

BB bond length
0.59718709    0.00051073419

Water EE distance
0             0           

PEG EE distance
5.9244136     0.066659669 

BBB P2(x)
0.055361158   0.0033804275

BBB first bond length
0.59732215    0.00050759602

BBB second bond length
0.59729678    0.00049489068

BBB <phi**2>/<phi>**2
1.1139412     0.001199102 

Time = 19000
Temperature
1.0135512     0.0039530014

Pressure
27.969777     0.093529176 

CM Mom
-1.2682845e-16 3.4867168e-17 
1.0822684e-16  1.7722622e-17 
1.0614645e-17  2.6377211e-17 
1.7139284e-16  2.7590509e-17 

CM Pos
10.001664      0.013419235   
10.003633      0.0061500029  
9.9958543      0.0088632784  
17.321179      0.011693485   

Stress
24.8641      0.0124723    0.00431887    0.154754     0.0528227    0.0647789   
0.0124723    24.9717      -0.0151049    0.0528227    0.0632476    0.0818279   
0.00431887   -0.0151049   24.9561       0.0647789    0.0818279    0.115106    

Stress Spherical
0            0            0             0            0            0           
0            0            0             0            0            0           
0            0            0             0            0            0           

Inertia
266.65       -100.018     -99.9886      0.262318     0.176803     0.191631    
-100.018     266.644      -99.9668      0.176803     0.319121     0.138086    
-99.9886     -99.9668     266.835       0.191631     0.138086     0.285737    

Bond Length
0.59698443    0.00099170745

BB bond length
0.59698443    0.00099170745

Water EE distance
0             0           

PEG EE distance
5.889813      0.026376826 

BBB P2(x)
0.052328847   0.0030895382

BBB first bond length
0.59712969    0.00095395555

BBB second bond length
0.59709344    0.0010670782

BBB <phi**2>/<phi>**2
1.1126715     0.001271941 

Time = 20000
Temperature
1.0107619     0.0049122591

Pressure
27.920173     0.073607591 

CM Mom
-1.1747465e-16 1.3263488e-17 
6.6254808e-17  2.893091e-17  
2.3743062e-17  1.9793685e-17 
1.4050149e-16  2.0439334e-17 

CM Pos
10.003249      0.010061814   
10.001966      0.0073545086  
10.000857      0.0078748579  
17.324017      0.01025551    

Stress
24.8686      0.0148243    0.020044      0.0934141    0.056758     0.0574127   
0.0148243    24.8752      0.0114342     0.056758     0.0886299    0.0709137   
0.020044     0.0114342    24.9244       0.0574127    0.0709137    0.0884275   

Stress Spherical
0            0            0             0            0            0           
0            0            0             0            0            0           
0            0            0             0            0            0           

Inertia
266.757      -100.052     -100.034      0.244119     0.148056     0.124481    
-100.052     266.788      -99.9678      0.148056     0.280725     0.164041    
-100.034     -99.9678     266.82        0.124481     0.164041     0.287611    

Bond Length
0.59721303    0.00052931143

BB bond length
0.59721303    0.00052931143

Water EE distance
0             0           

PEG EE distance
5.9829062     0.039186671 

BBB P2(x)
0.052737755   0.003754152 

BBB first bond length
0.59736695    0.00051420818

BBB second bond length
0.59735926    0.00059124612

BBB <phi**2>/<phi>**2
1.1126117     0.0018309106

Time = 21000
Temperature
1.0131666     0.0034612842

Pressure
27.952035     0.033202403 

CM Mom
-1.1566189e-16 1.812266e-17  
6.6966054e-17  2.1524275e-17 
1.1545616e-17  2.1153093e-17 
1.3724271e-16  1.9976011e-17 

CM Pos
9.9974957      0.005791414   
9.999548       0.0064495847  
10.003441      0.0085904598  
17.320791      0.0083548852  

Stress
24.9055      0.00476768   0.0126285     0.0920863    0.0705366    0.0564733   
0.00476768   24.9146      0.0262177     0.0705366    0.0632492    0.0615884   
0.0126285    0.0262177    24.9221       0.0564733    0.0615884    0.0908499   

Stress Spherical
0            0            0             0            0            0           
0            0            0             0            0            0           
0            0            0             0            0            0           

Inertia
266.68       -99.9357     -99.9926      0.195277     0.128368     0.147283    
-99.9357     266.661      -100.011      0.128368     0.249311     0.139945    
-99.9926     -100.011     266.593       0.147283     0.139945     0.210853    

Bond Length
0.5972195     0.00051282601

BB bond length
0.5972195     0.00051282601

Water EE distance
0             0           

PEG EE distance
5.9818578     0.037266176 

BBB P2(x)
0.053939821   0.0031003469

BBB first bond length
0.59731765    0.00052567834

BBB second bond length
0.59740792    0.00053998051

BBB <phi**2>/<phi>**2
1.1135528     0.0014253217

Time = 22000
Temperature
1.0119275     0.0048902407

Pressure
27.984453     0.038866267 

CM Mom
-1.2229022e-16 1.1957317e-17 
5.9544087e-17  1.3952947e-17 
2.2821174e-17  3.1068548e-17 
1.4166495e-16  1.597379e-17  

CM Pos
10.003415      0.0090276323  
9.9989643      0.01865459    
10.003275      0.0061516981  
17.323784      0.010156619   

Stress
24.9361      -0.0422362   -0.0194406    0.104003     0.0457826    0.0407974   
-0.0422362   24.94        0.0194204     0.0457826    0.0546638    0.0499122   
-0.0194406   0.0194204    24.9744       0.0407974    0.0499122    0.107414    

Stress Spherical
0            0            0             0            0            0           
0            0            0             0            0            0           
0            0            0             0            0            0           

Inertia
266.683      -99.9785     -100.071      0.35858      0.217364     0.125501    
-99.9785     266.778      -99.9781      0.217364     0.19053      0.20074     
-100.071     -99.9781     266.676       0.125501     0.20074      0.35471     

Bond Length
0.59691068    0.00045046692

BB bond length
0.59691068    0.00045046692

Water EE distance
0             0           

PEG EE distance
5.8565615     0.029437898 

BBB P2(x)
0.054591638   0.0029637098

BBB first bond length
0.59702051    0.00043957904

BBB second bond length
0.59709049    0.00048124448

BBB <phi**2>/<phi>**2
1.1131604     0.0014307806

Time = 23000
Temperature
1.010163      0.0048596826

Pressure
27.944299     0.048521905 

CM Mom
-1.5397686e-16 1.4066946e-17 
6.3076145e-17  2.1103853e-17 
3.7830104e-19  3.1449794e-17 
1.7084429e-16  1.1497167e-17 

CM Pos
9.9914927      0.0090418663  
9.9991311      0.0069501969  
10.007527      0.0074484278  
17.319448      0.005970575   

Stress
24.9119      -0.015122    0.0151934     0.0728597    0.0562485    0.0811602   
-0.015122    24.9395      -0.0326725    0.0562485    0.111581     0.0418171   
0.0151934    -0.0326725   24.8946       0.0811602    0.0418171    0.0750045   

Stress Spherical
0            0            0             0            0            0           
0            0            0             0            0            0           
0            0            0             0            0            0           

Inertia
266.801      -99.887      -99.9796      0.16084      0.155888     0.0969816   
-99.887      266.65       -100.076      0.155888     0.236067     0.048597    
-99.9796     -100.076     266.466       0.0969816    0.048597     0.164734    

Bond Length
0.59696973    0.00056711061

BB bond length
0.59696973    0.00056711061

Water EE distance
0             0           

PEG EE distance
5.8101939     0.028836525 

BBB P2(x)
0.052534122   0.001876022 

BBB first bond length
0.59706246    0.00056579705

BBB second bond length
0.59709104    0.00055210827

BBB <phi**2>/<phi>**2
1.1131805     0.00090427676

Time = 24000
Temperature
1.0146143     0.0068354186

Pressure
27.979133     0.076792433 

CM Mom
-1.6461366e-16 1.4038508e-17 
5.6371542e-17  1.520702e-17  
-9.5367269e-18 2.0053922e-17 
1.7593338e-16  1.5629934e-17 

CM Pos
9.998663       0.014457575   
10.006802      0.012530963   
10.007777      0.013448988   
17.32816       0.019111869   

Stress
24.9216      -0.0306761   -0.00598759   0.0647487    0.0392567    0.0250305   
-0.0306761   24.985       0.0212443     0.0392567    0.121881     0.0627801   
-0.00598759  0.0212443    24.9039       0.0250305    0.0627801    0.124434    

Stress Spherical
0            0            0             0            0            0           
0            0            0             0            0            0           
0            0            0             0            0            0           

Inertia
266.947      -100.072     -100.108      0.39903      0.247101     0.241421    
-100.072     266.799      -100.128      0.247101     0.511365     0.190865    
-100.108     -100.128     266.764       0.241421     0.190865     0.521199    

Bond Length
0.59708761    0.00055444653

BB bond length
0.59708761    0.00055444653

Water EE distance
0             0           

PEG EE distance
5.7898238     0.032022811 

BBB P2(x)
0.05379739    0.0045553879

BBB first bond length
0.59721706    0.00052073909

BBB second bond length
0.59718685    0.00056686785

BBB <phi**2>/<phi>**2
1.1129738     0.0019487985

Time = 25000
Temperature
1.0099323     0.005551802 

Pressure
27.991181     0.084973796 

CM Mom
-1.4946565e-16 1.5973771e-17 
4.1533509e-17  1.6045056e-17 
-5.1970545e-18 8.9154763e-18 
1.5646167e-16  1.4277903e-17 

CM Pos
10.003415      0.007902615   
9.9986308      0.0095357845  
10.001607      0.0064925537  
17.322621      0.0084338369  

Stress
24.9648      0.000856475  -0.0002393    0.0828931    0.0472309    0.050981    
0.000856475  24.9769      -0.0261099    0.0472309    0.126056     0.039961    
-0.0002393   -0.0261099   24.947        0.050981     0.039961     0.0830988   

Stress Spherical
0            0            0             0            0            0           
0            0            0             0            0            0           
0            0            0             0            0            0           

Inertia
266.665      -99.9634     -100.006      0.205213     0.173211     0.149225    
-99.9634     266.775      -99.9961      0.173211     0.212925     0.0865201   
-100.006     -99.9961     266.729       0.149225     0.0865201    0.274807    

Bond Length
0.59677212    0.000631801 

BB bond length
0.59677212    0.000631801 

Water EE distance
0             0           

PEG EE distance
5.8412316     0.031121483 

BBB P2(x)
0.055830354   0.0038826644

BBB first bond length
0.59689424    0.00060628016

BBB second bond length
0.5969296     0.00061024376

BBB <phi**2>/<phi>**2
1.1138654     0.001715681 

Time = 26000
Temperature
1.0123646     0.003612588 

Pressure
27.925138     0.06399489  

CM Mom
-1.3280363e-16 2.1449106e-17 
3.8023102e-17  2.9061331e-17 
1.0220318e-17  2.7965705e-17 
1.4517089e-16  1.41114e-17   

CM Pos
10.008251      0.00707657    
9.9987976      0.013019591   
10.000106      0.015404311   
17.324649      0.012431468   

Stress
24.9065      0.0146654    -0.00773729   0.108301     0.0602442    0.058685    
0.0146654    24.8584      -0.0110763    0.0602442    0.0636839    0.0705393   
-0.00773729  -0.0110763   24.9038       0.058685     0.0705393    0.0655508   

Stress Spherical
0            0            0             0            0            0           
0            0            0             0            0            0           
0            0            0             0            0            0           

Inertia
266.6        -100.077     -100.052      0.441824     0.165149     0.165236    
-100.077     266.801      -100.01       0.165149     0.298268     0.272794    
-100.052     -100.01      266.762       0.165236     0.272794     0.227645    

Bond Length
0.59701329    0.0006046827

BB bond length
0.59701329    0.0006046827

Water EE distance
0             0           

PEG EE distance
5.8996973     0.04449782  

BBB P2(x)
0.05404852    0.0037644838

BBB first bond length
0.59714619    0.0005986615

BBB second bond length
0.59710856    0.00059464015

BBB <phi**2>/<phi>**2
1.113212      0.0017659638

Time = 27000
Temperature
1.0139444     0.0055582366

Pressure
27.959294     0.052928898 

CM Mom
-1.3292703e-16 1.5100152e-17 
4.3831316e-17  2.6722445e-17 
1.2274564e-17  2.3913892e-17 
1.4475147e-16  1.7390591e-17 

CM Pos
10.006083      0.013033199   
9.9935449      0.010378767   
10.002858      0.012055982   
17.321951      0.015235997   

Stress
24.9021      0.0226986    0.0259251     0.051352     0.05219      0.0754928   
0.0226986    24.9291      0.00186249    0.05219      0.109579     0.0481254   
0.0259251    0.00186249   24.9257       0.0754928    0.0481254    0.0909181   

Stress Spherical
0            0            0             0            0            0           
0            0            0             0            0            0           
0            0            0             0            0            0           

Inertia
266.582      -100.031     -100.103      0.365973     0.161005     0.197201    
-100.031     266.827      -99.9896      0.161005     0.369391     0.195568    
-100.103     -99.9896     266.617       0.197201     0.195568     0.341616    

Bond Length
0.59719341    0.00050370936

BB bond length
0.59719341    0.00050370936

Water EE distance
0             0           

PEG EE distance
5.8991061     0.024042204 

BBB P2(x)
0.053630967   0.0043992757

BBB first bond length
0.59732387    0.00050664886

BBB second bond length
0.59735327    0.00046501177

BBB <phi**2>/<phi>**2
1.1134618     0.0016134052

Time = 28000
Temperature
1.0140084     0.0042661583

Pressure
27.949023     0.057352993 

CM Mom
-1.2103319e-16 2.1382748e-17 
5.6465958e-17  1.9249513e-17 
-1.8571289e-17 1.5941107e-17 
1.3706566e-16  2.1845405e-17 

CM Pos
10.001998      0.010809532   
9.9974636      0.011681135   
9.995771       0.0052625425  
17.317763      0.0066922416  

Stress
24.8752      -0.00976398  -0.0103709    0.0972266    0.0549436    0.0384582   
-0.00976398  24.9006      0.000445919   0.0549436    0.111082     0.0597269   
-0.0103709   0.000445919  24.9498       0.0384582    0.0597269    0.0657495   

Stress Spherical
