Time = 1000
Temperature
    1.122204    0.17477169

Pressure
   23.689763    0.84025431

CM Mom
-2.0243493e-17 1.3901019e-17 
-3.2688892e-17 2.2042704e-17 
-1.880808e-17  2.5837915e-16 
2.0065056e-16  1.7032428e-16 

CM Pos
7.5031164      0.015867684   
7.4995452      0.021212785   
7.5005676      0.030437058   
12.992288      0.022826226   

Stress
20.3098      -0.0328031   -0.0442206    0.319338     0.0691097    0.0707231   
-0.0328031   20.3526      0.00573904    0.0691097    0.315829     0.111295    
-0.0442206   0.00573904   20.3369       0.0707231    0.111295     0.390687    

Stress Spherical
0            0            0             0            0            0           
0            0            0             0            0            0           
0            0            0             0            0            0           

Inertia
150.123      -56.3309     -56.2565      0.710448     0.109068     0.219695    
-56.3309     150.183      -56.2215      0.109068     1.03956      0.349139    
-56.2565     -56.2215     150.161       0.219695     0.349139     1.24857     

Bond Length
0.61993809    0.0081805768

BB bond length
0.61993809    0.0081805768

Water EE distance
0             0           

PEG EE distance
7.3130721     0.34223937  

BBB P2(x)
0.4707177     0.065996467 

BBB first bond length
0.62003247    0.0081709939

BBB second bond length
0.62006463    0.0080854669

BBB <phi**2>/<phi>**2
1.2208835     0.013670797 

Time = 2000
Temperature
1.0047299     0.0062727548

Pressure
23.099045     0.086099389 

CM Mom
-4.179778e-17  1.8778794e-17 
-3.4903839e-17 1.6208891e-17 
3.3294593e-17  3.7047955e-17 
7.2656871e-17  2.7977914e-17 

CM Pos
7.4939039      0.015164756   
7.4958305      0.012122483   
7.5074027      0.016020008   
12.988752      0.010559697   

Stress
20.1337      -0.0390661   -0.0282256    0.141352     0.0734774    0.0449738   
-0.0390661   20.0913      0.00781409    0.0734774    0.113268     0.0828677   
-0.0282256   0.00781409   20.0563       0.0449738    0.0828677    0.135585    

Stress Spherical
0            0            0             0            0            0           
0            0            0             0            0            0           
0            0            0             0            0            0           

Inertia
149.904      -56.1812     -56.2853      0.244089     0.138797     0.156014    
-56.1812     149.906      -56.2343      0.138797     0.189211     0.179304    
-56.2853     -56.2343     149.728       0.156014     0.179304     0.431284    

Bond Length
0.61789072    0.0014439689

BB bond length
0.61789072    0.0014439689

Water EE distance
0             0           

PEG EE distance
7.5445889     0.17140226  

BBB P2(x)
0.51408025    0.010019651 

BBB first bond length
0.61801321    0.0016748173

BBB second bond length
0.61800383    0.0018320367

BBB <phi**2>/<phi>**2
1.2235812     0.0054438427

Time = 3000
Temperature
1.0137455     0.0091605539

Pressure
23.148593     0.064484293 

CM Mom
-5.5492043e-17 1.1086619e-17 
-3.8590423e-17 2.3454379e-17 
4.7511249e-17  1.3869427e-17 
8.5925314e-17  1.7553597e-17 

CM Pos
7.4934582      0.011227032   
7.5041514      0.015501696   
7.5010134      0.01771944    
12.989604      0.016538909   

Stress
20.0761      0.014416     -0.00373639   0.0837584    0.0658031    0.0479051   
0.014416     20.0891      -0.0182482    0.0658031    0.0776713    0.0872381   
-0.00373639  -0.0182482   20.1839       0.0479051    0.0872381    0.0846783   

Stress Spherical
0            0            0             0            0            0           
0            0            0             0            0            0           
0            0            0             0            0            0           

Inertia
150.006      -56.1984     -56.1875      0.377729     0.157338     0.205985    
-56.1984     149.856      -56.3145      0.157338     0.31821      0.217295    
-56.1875     -56.3145     149.905       0.205985     0.217295     0.338566    

Bond Length
0.61790218    0.0022168962

BB bond length
0.61790218    0.0022168962

Water EE distance
0             0           

PEG EE distance
7.3314473     0.14001834  

BBB P2(x)
0.51872336    0.010088781 

BBB first bond length
0.61797263    0.0022281051

BBB second bond length
0.61793685    0.0023382139

BBB <phi**2>/<phi>**2
1.2278194     0.0085724766

Time = 4000
Temperature
1.0152478     0.010675113 

Pressure
23.127841     0.067706454 

CM Mom
-5.585813e-17  1.219363e-17  
-6.0976346e-17 1.4641446e-17 
5.2406486e-17  8.2772377e-18 
9.9562132e-17  1.0180194e-17 

CM Pos
7.5008876      0.010325558   
7.5038543      0.015179308   
7.5019049      0.012858694   
12.99423       0.014730244   

Stress
20.0493      0.0262897    0.0374517     0.0874445    0.0723479    0.112072    
0.0262897    20.0912      0.0560267     0.0723479    0.0964406    0.0696271   
0.0374517    0.0560267    20.1329       0.112072     0.0696271    0.143606    

Stress Spherical
0            0            0             0            0            0           
0            0            0             0            0            0           
0            0            0             0            0            0           

Inertia
150.019      -56.2694     -56.2443      0.356435     0.15791      0.139518    
-56.2694     149.978      -56.3221      0.15791      0.318403     0.157173    
-56.2443     -56.3221     150.024       0.139518     0.157173     0.270258    

Bond Length
0.61849137    0.0020403297

BB bond length
0.61849137    0.0020403297

Water EE distance
0             0           

PEG EE distance
7.4018987     0.12152967  

BBB P2(x)
0.51100616    0.0056750579

BBB first bond length
0.61865151    0.0020108187

BBB second bond length
0.61835814    0.0022550986

BBB <phi**2>/<phi>**2
1.2281844     0.008568384 

Time = 5000
Temperature
1.0116857     0.0096719916

Pressure
23.105639     0.087312395 

CM Mom
-6.1672642e-17 1.6279769e-17 
-4.6892763e-17 1.5335874e-17 
5.2055658e-17  1.1978302e-17 
9.4921583e-17  1.8596507e-17 

CM Pos
7.4983616      0.0097390607  
7.4888468      0.0079031716  
7.4977444      0.011858249   
12.981702      0.011518439   

Stress
20.086       0.00198871   0.0230805     0.103779     0.0641899    0.0485189   
0.00198871   20.088       0.0334496     0.0641899    0.137207     0.0808897   
0.0230805    0.0334496    20.0647       0.0485189    0.0808897    0.0820124   

Stress Spherical
0            0            0             0            0            0           
0            0            0             0            0            0           
0            0            0             0            0            0           

Inertia
149.76       -56.1986     -56.2073      0.245076     0.10617      0.135047    
-56.1986     149.902      -56.1853      0.10617      0.254333     0.182798    
-56.2073     -56.1853     149.77        0.135047     0.182798     0.197268    

Bond Length
0.61839353    0.0022087033

BB bond length
0.61839353    0.0022087033

Water EE distance
0             0           

PEG EE distance
7.1969654     0.1513366   

BBB P2(x)
0.51204549    0.0085978977

BBB first bond length
0.61825037    0.0022174   

BBB second bond length
0.61833881    0.0021940618

BBB <phi**2>/<phi>**2
1.2224276     0.0067051061

Time = 6000
Temperature
1.0121022     0.012270332 

Pressure
23.109684     0.079730766 

CM Mom
-7.1234087e-17 3.336408e-17  
-6.2653641e-17 1.9639758e-17 
5.1013896e-17  2.1989272e-17 
1.1346657e-16  2.6644661e-17 

CM Pos
7.4980644      0.010033844   
7.4982079      0.012523808   
7.5044309      0.012220437   
12.990798      0.012312275   

Stress
20.1201      0.0265605    -0.015015     0.117345     0.0556175    0.0698619   
0.0265605    20.0314      0.0579129     0.0556175    0.113127     0.0772961   
-0.015015    0.0579129    20.0956       0.0698619    0.0772961    0.15345     

Stress Spherical
0            0            0             0            0            0           
0            0            0             0            0            0           
0            0            0             0            0            0           

Inertia
150.006      -56.235      -56.2219      0.221388     0.146647     0.165723    
-56.235      150.004      -56.2932      0.146647     0.266827     0.136161    
-56.2219     -56.2932     149.92        0.165723     0.136161     0.222181    

Bond Length
0.61799696    0.0023597785

BB bond length
0.61799696    0.0023597785

Water EE distance
0             0           

PEG EE distance
7.1846169     0.11119452  

BBB P2(x)
0.51412758    0.0056573451

BBB first bond length
0.61802818    0.0021698398

BBB second bond length
0.61800989    0.0023062189

BBB <phi**2>/<phi>**2
1.2236629     0.0082697125

Time = 7000
Temperature
1.0062586     0.010291026 

Pressure
23.090983     0.075968468 

CM Mom
-8.5233812e-17 1.7510542e-17 
-7.5665906e-17 2.7985561e-17 
2.9698191e-17  1.8557541e-17 
1.2147586e-16  2.3450454e-17 

CM Pos
7.4955384      0.012325675   
7.5011797      0.0095652166  
7.4916523      0.0097888078  
12.98368       0.0053339393  

Stress
20.0913      0.0158749    -0.0124506    0.076064     0.0762559    0.0758028   
0.0158749    20.0877      -0.0440514    0.0762559    0.0846045    0.0590391   
-0.0124506   -0.0440514   20.0645       0.0758028    0.0590391    0.124335    

Stress Spherical
0            0            0             0            0            0           
0            0            0             0            0            0           
0            0            0             0            0            0           

Inertia
149.886      -56.2239     -56.1769      0.17831      0.104714     0.144901    
-56.2239     149.785      -56.192       0.104714     0.249855     0.126835    
-56.1769     -56.192      149.927       0.144901     0.126835     0.121625    

Bond Length
0.61908844    0.0020723882

BB bond length
0.61908844    0.0020723882

Water EE distance
0             0           

PEG EE distance
7.473549      0.11665983  

BBB P2(x)
0.51300435    0.0080049671

BBB first bond length
0.61914692    0.0021022102

BBB second bond length
0.61904843    0.0021072758

BBB <phi**2>/<phi>**2
1.2227877     0.0061450436

Time = 8000
Temperature
1.0120365     0.0079538169

Pressure
23.147042     0.091289245 

CM Mom
-6.9343848e-17 2.5943142e-17 
-1.2104758e-16 3.2314215e-17 
2.3165114e-17  1.2736036e-17 
1.4562203e-16  2.5911256e-17 

CM Pos
7.4965785      0.010143268   
7.5004367      0.014119027   
7.5088886      0.0098830842  
12.993804      0.010200452   

Stress
20.1789      -0.00204991  0.0145929     0.116627     0.0649659    0.0470082   
-0.00204991  20.0818      -0.0478991    0.0649659    0.100228     0.0857243   
0.0145929    -0.0478991   20.0991       0.0470082    0.0857243    0.122069    

Stress Spherical
0            0            0             0            0            0           
0            0            0             0            0            0           
0            0            0             0            0            0           

Inertia
150.108      -56.2446     -56.3042      0.213416     0.153847     0.13951     
-56.2446     150.052      -56.3464      0.153847     0.245813     0.118549    
-56.3042     -56.3464     149.938       0.13951      0.118549     0.274346    

Bond Length
0.61743153    0.0018396782

BB bond length
0.61743153    0.0018396782

Water EE distance
0             0           

PEG EE distance
6.9814917     0.22472713  

BBB P2(x)
0.51047358    0.0077547467

BBB first bond length
0.61717679    0.001977563 

BBB second bond length
0.61738782    0.0017469738

BBB <phi**2>/<phi>**2
1.2252343     0.0069638299

Time = 9000
Temperature
1.0078039     0.0059660507

Pressure
23.109741     0.052715987 

CM Mom
-9.6792037e-17 1.27359e-17   
-1.3210444e-16 1.8881762e-17 
2.0015358e-17  1.2088553e-17 
1.6630544e-16  1.5108067e-17 

CM Pos
7.4940525      0.0077508478  
7.5020712      0.014158846   
7.505471       0.01395545    
12.991318      0.009783463   

Stress
20.0928      -0.0140908   0.0133298     0.0789997    0.0981601    0.0750455   
-0.0140908   20.098       0.0352383     0.0981601    0.119433     0.0645545   
0.0133298    0.0352383    20.095        0.0750455    0.0645545    0.100625    

Stress Spherical
0            0            0             0            0            0           
0            0            0             0            0            0           
0            0            0             0            0            0           

Inertia
150.105      -56.2281     -56.2365      0.334113     0.0753664    0.153217    
-56.2281     149.97       -56.2988      0.0753664    0.240114     0.20899     
-56.2365     -56.2988     149.927       0.153217     0.20899      0.140303    

Bond Length
0.61828989    0.0016974871

BB bond length
0.61828989    0.0016974871

Water EE distance
0             0           

PEG EE distance
7.0389672     0.17091528  

BBB P2(x)
0.5178936     0.0070606364

BBB first bond length
0.61840892    0.001605926 

BBB second bond length
0.61836221    0.001643543 

BBB <phi**2>/<phi>**2
1.2232739     0.0071135375

Time = 10000
Temperature
1.004977      0.0097393641

Pressure
23.102584     0.11608843  

CM Mom
-1.0106961e-16 1.3339917e-17 
-1.076086e-16  7.7503423e-18 
2.504518e-17   2.0040784e-17 
1.5112547e-16  1.4922676e-17 

CM Pos
7.4976186      0.016732533   
7.4976136      0.01350439    
7.4956642      0.011356082   
12.985142      0.01260624    

Stress
20.0798      0.0192911    -0.0262049    0.166781     0.0611582    0.0620169   
0.0192911    20.0574      -0.0173658    0.0611582    0.15612      0.0856941   
-0.0262049   -0.0173658   20.1526       0.0620169    0.0856941    0.111507    

Stress Spherical
0            0            0             0            0            0           
0            0            0             0            0            0           
0            0            0             0            0            0           

Inertia
149.894      -56.2248     -56.1927      0.278573     0.135706     0.128445    
-56.2248     149.905      -56.1847      0.135706     0.263532     0.209982    
-56.1927     -56.1847     149.906       0.128445     0.209982     0.30799     

Bond Length
0.61851245    0.0014349584

BB bond length
0.61851245    0.0014349584

Water EE distance
0             0           

PEG EE distance
7.2391928     0.1267371   

BBB P2(x)
0.51052552    0.012869597 

BBB first bond length
0.61855094    0.0015741691

BBB second bond length
0.61839808    0.0012648252

BBB <phi**2>/<phi>**2
1.2265809     0.0074119359

Time = 11000
Temperature
1.0106546     0.0061581573

Pressure
23.068937     0.11316001  

CM Mom
-1.2260019e-16 1.3214937e-17 
-1.1995358e-16 1.6619682e-17 
6.2166166e-17  2.544279e-17  
1.851118e-16   1.0775073e-17 

CM Pos
7.5005904      0.0090882191  
7.4964249      0.006770155   
7.4968529      0.018573551   
12.986851      0.014428769   

Stress
20.0848      0.0204754    0.00155848    0.178185     0.0488348    0.0794569   
0.0204754    20.0267      -0.0140915    0.0488348    0.0588811    0.0697413   
0.00155848   -0.0140915   20.0263       0.0794569    0.0697413    0.140223    

Stress Spherical
0            0            0             0            0            0           
0            0            0             0            0            0           
0            0            0             0            0            0           

Inertia
149.886      -56.1813     -56.2165      0.257168     0.121868     0.185606    
-56.1813     149.96       -56.1925      0.121868     0.393408     0.178686    
-56.2165     -56.1925     149.94        0.185606     0.178686     0.209745    

Bond Length
0.61845781    0.0020743847

BB bond length
0.61845781    0.0020743847

Water EE distance
0             0           

PEG EE distance
7.220375      0.11232342  

BBB P2(x)
0.51645934    0.0092781556

BBB first bond length
0.6184367     0.0018770153

BBB second bond length
0.61828025    0.0022518975

BBB <phi**2>/<phi>**2
1.2295471     0.0086174877

Time = 12000
Temperature
1.0127174     0.0075912078

Pressure
23.107125     0.1188635   

CM Mom
-6.5467141e-17 2.4928398e-17 
-1.4633966e-16 2.0475272e-17 
1.0545909e-16  2.3928968e-17 
1.9495896e-16  2.0666905e-17 

CM Pos
7.4998475      0.014403115   
7.4943446      0.015750371   
7.4996761      0.01194636    
12.986856      0.015195475   

Stress
20.0881      -0.0169235   0.0131212     0.128204     0.0577886    0.0524293   
-0.0169235   20.0595      -0.00264309   0.0577886    0.117075     0.0758381   
0.0131212    -0.00264309  20.0864       0.0524293    0.0758381    0.159959    

Stress Spherical
0            0            0             0            0            0           
0            0            0             0            0            0           
0            0            0             0            0            0           

Inertia
149.892      -56.2235     -56.2258      0.329911     0.168131     0.167242    
-56.2235     149.989      -56.2033      0.168131     0.33808      0.159923    
-56.2258     -56.2033     149.887       0.167242     0.159923     0.352096    

Bond Length
0.61887094    0.002576396 

BB bond length
0.61887094    0.002576396 

Water EE distance
0             0           

PEG EE distance
7.2121814     0.17361413  

BBB P2(x)
0.50976261    0.0096074756

BBB first bond length
0.61867582    0.0026216234

BBB second bond length
0.61906663    0.0024578362

BBB <phi**2>/<phi>**2
1.2269452     0.006977059 

Time = 13000
Temperature
1.0079674     0.0099291902

Pressure
23.123306     0.065319124 

CM Mom
-7.3428963e-17 1.2662076e-17 
-1.3862556e-16 1.1904618e-17 
1.1001986e-16  1.58788e-17   
1.9252045e-16  1.4257949e-17 

CM Pos
7.4860287      0.01364184    
7.4947904      0.0087767842  
7.497893       0.017338428   
12.978105      0.016009779   

Stress
20.0891      0.0019801    0.0014087     0.106504     0.0843771    0.098224    
0.0019801    20.1045      -0.00400353   0.0843771    0.158066     0.0567395   
0.0014087    -0.00400353  20.1315       0.098224     0.0567395    0.116406    

Stress Spherical
0            0            0             0            0            0           
0            0            0             0            0            0           
0            0            0             0            0            0           

Inertia
149.876      -56.1277     -56.1475      0.276465     0.148082     0.183849    
-56.1277     149.755      -56.1889      0.148082     0.337172     0.213089    
-56.1475     -56.1889     149.722       0.183849     0.213089     0.178959    

Bond Length
0.61829111    0.0022741055

BB bond length
0.61829111    0.0022741055

Water EE distance
0             0           

PEG EE distance
7.2790039     0.16782148  

BBB P2(x)
0.51872528    0.0083680119

BBB first bond length
0.61850597    0.0025491834

BBB second bond length
0.61816011    0.0024364893

BBB <phi**2>/<phi>**2
1.2283605     0.0072244055

Time = 14000
Temperature
1.0127756     0.0078849557

Pressure
23.144558     0.10579211  

CM Mom
-5.9313899e-17 1.9168567e-17 
-1.6715703e-16 2.8496115e-17 
1.1238286e-16  1.4661634e-17 
2.1215376e-16  2.1788192e-17 

CM Pos
7.5026706      0.013882484   
7.5041514      0.014576818   
7.4965557      0.012414915   
12.992347      0.013302396   

Stress
20.1373      -0.00487044  -0.0464273    0.14588      0.0514359    0.0727314   
-0.00487044  20.049       0.0250225     0.0514359    0.141777     0.086889    
-0.0464273   0.0250225    20.1594       0.0727314    0.086889     0.114744    

Stress Spherical
0            0            0             0            0            0           
0            0            0             0            0            0           
0            0            0             0            0            0           

Inertia
149.989      -56.3536     -56.2504      0.324242     0.155376     0.200095    
-56.3536     149.987      -56.2809      0.155376     0.247445     0.209586    
-56.2504     -56.2809     150.096       0.200095     0.209586     0.28441     

Bond Length
0.61834406    0.0022134559

BB bond length
0.61834406    0.0022134559

Water EE distance
0             0           

PEG EE distance
6.7201705     0.12538146  

BBB P2(x)
0.50033191    0.015260742 

BBB first bond length
0.61847396    0.0023075722

BBB second bond length
0.61821276    0.0023125538

BBB <phi**2>/<phi>**2
1.2200624     0.0054707225

Time = 15000
Temperature
1.0109828     0.0074138257

Pressure
23.089745     0.075860944 

CM Mom
-4.5069336e-17 1.119073e-17  
-1.4931922e-16 1.7002053e-17 
1.1061896e-16  1.3838063e-17 
1.9194534e-16  1.8077923e-17 

CM Pos
7.5019277      0.011983266   
7.4989509      0.014458958   
7.4915037      0.012368591   
12.986001      0.0091475438  

Stress
20.11        -0.032119    -0.00640719   0.0960964    0.0578839    0.0857099   
-0.032119    20.0311      -0.0113277    0.0578839    0.0690044    0.0759064   
-0.00640719  -0.0113277   20.0562       0.0857099    0.0759064    0.12455     

Stress Spherical
0            0            0             0            0            0           
0            0            0             0            0            0           
0            0            0             0            0            0           

Inertia
149.876      -56.2613     -56.2178      0.188106     0.142884     0.111729    
-56.2613     149.912      -56.1561      0.142884     0.234404     0.107828    
-56.2178     -56.1561     150.032       0.111729     0.107828     0.310932    

Bond Length
0.61876186    0.002031469 

BB bond length
0.61876186    0.002031469 

Water EE distance
0             0           

PEG EE distance
6.5742514     0.13413051  

BBB P2(x)
0.51086843    0.009424036 

BBB first bond length
0.61855909    0.0019579004

BBB second bond length
0.61870094    0.0019541118

BBB <phi**2>/<phi>**2
1.223129      0.0061119801

Time = 16000
Temperature
1.0067644     0.0076278954

Pressure
23.038401     0.092786206 

CM Mom
-5.3007238e-17 1.6642275e-17 
-1.528649e-16  1.2386213e-17 
8.3513901e-17  2.6729214e-17 
1.8465291e-16  1.4147498e-17 

CM Pos
7.5096543      0.0097842958  
7.4936017      0.0096765172  
7.4959614      0.013786731   
12.989942      0.013883234   

Stress
20.0401      -0.0455497   0.0459871     0.121293     0.0906734    0.0898319   
-0.0455497   20.0365      0.00446342    0.0906734    0.171179     0.0580491   
0.0459871    0.00446342   20.0045       0.0898319    0.0580491    0.108344    

Stress Spherical
0            0            0             0            0            0           
0            0            0             0            0            0           
0            0            0             0            0            0           

Inertia
149.834      -56.25       -56.32        0.26442      0.14381      0.124711    
-56.25       150.075      -56.1829      0.14381      0.266105     0.139257    
-56.32       -56.1829     150.057       0.124711     0.139257     0.289166    

Bond Length
0.61875904    0.0017190066

BB bond length
0.61875904    0.0017190066

Water EE distance
0             0           

PEG EE distance
7.1878158     0.13228472  

BBB P2(x)
0.50232364    0.012198798 

BBB first bond length
0.61851274    0.0019404467

BBB second bond length
0.61878743    0.0014400581

BBB <phi**2>/<phi>**2
1.2215492     0.0087862527

Time = 17000
Temperature
1.006079      0.0056266879

Pressure
23.110964     0.034196274 

CM Mom
-1.5661073e-17 2.0137672e-17 
-1.6271448e-16 8.6931426e-18 
1.083631e-16   1.85122e-17   
1.9773325e-16  1.3754713e-17 

CM Pos
7.5029678      0.011060608   
7.4983565      0.012329257   
7.4989331      0.016310243   
12.990548      0.0089198901  

Stress
20.0569      0.00169833   0.00442945    0.0583649    0.0651912    0.0684036   
0.00169833   20.1163      0.0156144     0.0651912    0.0923978    0.0696684   
0.00442945   0.0156144    20.1319       0.0684036    0.0696684    0.0805196   

Stress Spherical
0            0            0             0            0            0           
0            0            0             0            0            0           
0            0            0             0            0            0           

Inertia
149.969      -56.268      -56.2666      0.271988     0.065515     0.127993    
-56.268      150.056      -56.2121      0.065515     0.333907     0.157803    
-56.2666     -56.2121     150.033       0.127993     0.157803     0.126403    

Bond Length
0.61940939    0.0017988491

BB bond length
0.61940939    0.0017988491

Water EE distance
0             0           

PEG EE distance
7.4667727     0.097296654 

BBB P2(x)
0.51317224    0.011080027 

BBB first bond length
0.6194045     0.001692542 

BBB second bond length
0.61943107    0.0019263696

BBB <phi**2>/<phi>**2
1.2239476     0.0068228588

Time = 18000
Temperature
1.0124973     0.0097558294

Pressure
23.084618     0.085970265 

CM Mom
3.0406034e-18  1.7758257e-17 
-1.6664838e-16 1.8494838e-17 
1.056719e-16   1.7273264e-17 
1.9868392e-16  2.0687131e-17 

CM Pos
7.5017791      0.016735172   
7.497465       0.015801454   
7.4952184      0.015657581   
12.98721       0.010653455   

Stress
20.0309      -0.0456173   -0.0109692    0.107729     0.0679705    0.0450505   
-0.0456173   20.0756      -0.00588454   0.0679705    0.130823     0.0383407   
-0.0109692   -0.00588454  20.0619       0.0450505    0.0383407    0.111723    

Stress Spherical
0            0            0             0            0            0           
0            0            0             0            0            0           
0            0            0             0            0            0           

Inertia
149.896      -56.2614     -56.2071      0.153642     0.224717     0.222714    
-56.2614     149.953      -56.1969      0.224717     0.384027     0.0978143   
-56.2071     -56.1969     149.98        0.222714     0.0978143    0.311507    

Bond Length
0.61848558    0.0020438357

BB bond length
0.61848558    0.0020438357

Water EE distance
0             0           

PEG EE distance
7.0686036     0.24313948  

BBB P2(x)
0.50488362    0.010007567 

BBB first bond length
0.61855973    0.0020750693

BBB second bond length
0.61842387    0.0021512699

BBB <phi**2>/<phi>**2
1.2233719     0.0071333587

Time = 19000
Temperature
1.0129116     0.0059580355

Pressure
23.105545     0.072144006 

CM Mom
-9.5683188e-18 1.6696075e-17 
-1.9035496e-16 1.3367239e-17 
1.3610322e-16  1.4405077e-17 
2.3528001e-16  1.2606282e-17 

CM Pos
7.5011848      0.01496913    
7.4888468      0.014489465   
7.5030936      0.011625085   
12.986431      0.013514329   

Stress
20.0518      -0.0241147   -0.00745227   0.0861291    0.0842556    0.0789862   
-0.0241147   20.0855      0.0263249     0.0842556    0.112285     0.0613996   
-0.00745227  0.0263249    20.0901       0.0789862    0.0613996    0.111046    

Stress Spherical
0            0            0             0            0            0           
0            0            0             0            0            0           
0            0            0             0            0            0           

Inertia
149.87       -56.1917     -56.277       0.329548     0.149652     0.178246    
-56.1917     150.063      -56.1495      0.149652     0.283799     0.172905    
-56.277      -56.1495     149.829       0.178246     0.172905     0.322343    

Bond Length
0.61794999    0.00060972511

BB bond length
0.61794999    0.00060972511

Water EE distance
0             0           

PEG EE distance
7.1533915     0.15278874  

BBB P2(x)
0.51341532    0.005796587 

BBB first bond length
0.61811039    0.00046597196

BBB second bond length
0.61810592    0.00068451222

BBB <phi**2>/<phi>**2
1.2276387     0.0054347326

Time = 20000
Temperature
1.0090958     0.0080684143

Pressure
23.028808     0.1115901   

CM Mom
-1.9443063e-17 1.7248464e-17 
-1.7575782e-16 1.44698e-17   
1.4644936e-16  1.6222419e-17 
2.3089434e-16  1.3195181e-17 

CM Pos
7.5025221      0.010315932   
7.4976136      0.010694237   
7.4995275      0.011356082   
12.990197      0.0096405106  

Stress
19.9878      0.0357118    -0.00888417   0.128946     0.0950495    0.045889    
0.0357118    20.0136      0.00794176    0.0950495    0.123012     0.0768517   
-0.00888417  0.00794176   20.03         0.045889     0.0768517    0.11161     

Stress Spherical
0            0            0             0            0            0           
0            0            0             0            0            0           
0            0            0             0            0            0           

Inertia
149.934      -56.2634     -56.2966      0.231251     0.117914     0.0841211   
-56.2634     150.019      -56.2403      0.117914     0.269759     0.151001    
-56.2966     -56.2403     149.977       0.0841211    0.151001     0.189228    

Bond Length
0.61797654    0.0015082991

BB bond length
0.61797654    0.0015082991

Water EE distance
0             0           

PEG EE distance
6.9919732     0.10238529  

BBB P2(x)
0.51145051    0.012104338 

BBB first bond length
0.61813633    0.0015109398

BBB second bond length
0.61810109    0.0016925288

BBB <phi**2>/<phi>**2
1.2277002     0.0079860171

Time = 21000
Temperature
1.0073925     0.0095964675

Pressure
23.147851     0.077146449 

CM Mom
1.3735092e-17  1.8914525e-17 
-1.5570809e-16 1.8556388e-17 
1.5736215e-16  1.4876872e-17 
2.2293845e-16  2.0454299e-17 

CM Pos
7.4967271      0.013180889   
7.4985051      0.010594677   
7.5010134      0.010034944   
12.988223      0.011646856   

Stress
20.1508      -1.93635e-05 0.0454264     0.113276     0.0588139    0.0674016   
-1.93635e-05 20.1309      -0.0306626    0.0588139    0.117135     0.0743426   
0.0454264    -0.0306626   20.1223       0.0674016    0.0743426    0.136299    

Stress Spherical
0            0            0             0            0            0           
0            0            0             0            0            0           
0            0            0             0            0            0           

Inertia
149.989      -56.1958     -56.1973      0.20201      0.133354     0.168964    
-56.1958     149.964      -56.2376      0.133354     0.24562      0.107168    
-56.1973     -56.2376     149.92        0.168964     0.107168     0.246682    

Bond Length
0.61836288    0.002731547 

BB bond length
0.61836288    0.002731547 

Water EE distance
0             0           

PEG EE distance
6.7879799     0.10957812  

BBB P2(x)
0.51291733    0.0097606736

BBB first bond length
0.61824584    0.0027524171

BBB second bond length
0.61831842    0.002802255 

BBB <phi**2>/<phi>**2
1.2220975     0.0057787438

Time = 22000
Temperature
1.0117564     0.0074659928

Pressure
23.112862     0.06239256  

CM Mom
2.8808748e-17  1.7373033e-17 
-1.7284795e-16 1.5776963e-17 
1.4084903e-16  1.5430371e-17 
2.2595429e-16  1.6682226e-17 

CM Pos
7.4996989      0.013180889   
7.4952361      0.021839969   
7.510523       0.017731896   
12.993565      0.015239963   

Stress
20.105       0.00284587   0.0162218     0.0988941    0.0847361    0.0778582   
0.00284587   20.064       0.00343378    0.0847361    0.169911     0.0673194   
0.0162218    0.00343378   20.0907       0.0778582    0.0673194    0.0733833   

Stress Spherical
0            0            0             0            0            0           
0            0            0             0            0            0           
0            0            0             0            0            0           

Inertia
150.088      -56.2042     -56.3261      0.344011     0.137227     0.208411    
-56.2042     150.18       -56.2366      0.137227     0.41832      0.177802    
-56.3261     -56.2366     149.934       0.208411     0.177802     0.29448     

Bond Length
0.61798488    0.0022927448

BB bond length
0.61798488    0.0022927448

Water EE distance
0             0           

PEG EE distance
6.5537904     0.14599855  

BBB P2(x)
0.51146852    0.0073324502

BBB first bond length
0.6179542     0.0023882917

BBB second bond length
0.61817787    0.0023656743

BBB <phi**2>/<phi>**2
1.2270504     0.0056479633

Time = 23000
Temperature
1.0081219     0.0061276429

Pressure
23.102887     0.093150511 

CM Mom
4.1514038e-17  1.1184941e-17 
-1.7622907e-16 2.9797333e-17 
1.4788924e-16  1.5381509e-17 
2.3509506e-16  2.5124026e-17 

CM Pos
7.4992531      0.012176999   
7.5008825      0.0085821867  
7.5026479      0.012346257   
12.991994      0.015160126   

Stress
20.0491      -0.0303984   0.00361956    0.0915221    0.0635442    0.074409    
-0.0303984   20.1192      -0.0197685    0.0635442    0.10152      0.101235    
0.00361956   -0.0197685   20.0941       0.074409     0.101235     0.172685    

Stress Spherical
0            0            0             0            0            0           
0            0            0             0            0            0           
0            0            0             0            0            0           

Inertia
150.077      -56.2422     -56.2482      0.326839     0.126449     0.174969    
-56.2422     150.053      -56.3319      0.126449     0.353906     0.0944285   
-56.2482     -56.3319     150.017       0.174969     0.0944285    0.279522    

Bond Length
0.61870009    0.0022797938

BB bond length
0.61870009    0.0022797938

Water EE distance
0             0           

PEG EE distance
6.6053054     0.098083338 

BBB P2(x)
0.50880304    0.0069971209

BBB first bond length
0.61880562    0.0021545122

BBB second bond length
0.61854477    0.002367417 

BBB <phi**2>/<phi>**2
1.2258327     0.0048528191

Time = 24000
Temperature
1.012428      0.0054324352

Pressure
23.117703     0.094883025 

CM Mom
3.0719195e-17  2.9085073e-17 
-1.5778007e-16 4.1737137e-17 
1.368123e-16   7.440065e-18  
2.1514695e-16  3.0181128e-17 

CM Pos
7.4983616      0.014014652   
7.5007339      0.010887587   
7.5007162      0.011148092   
12.990281      0.015086361   

Stress
20.098       -0.0402153   -0.0307222    0.164703     0.0730883    0.0635219   
-0.0402153   20.0858      -0.0240007    0.0730883    0.110413     0.0523659   
-0.0307222   -0.0240007   20.0844       0.0635219    0.0523659    0.117744    

Stress Spherical
0            0            0             0            0            0           
0            0            0             0            0            0           
0            0            0             0            0            0           

Inertia
150.033      -56.2372     -56.2639      0.27658      0.168809     0.127414    
-56.2372     150.01       -56.2401      0.168809     0.276039     0.0922614   
-56.2639     -56.2401     149.998       0.127414     0.0922614    0.30985     

Bond Length
0.61917065    0.0022500536

BB bond length
0.61917065    0.0022500536

Water EE distance
0             0           

PEG EE distance
6.971244      0.15495468  

BBB P2(x)
0.50391943    0.0082033419

BBB first bond length
0.61914516    0.0021918011

BBB second bond length
0.61921079    0.0023178891

BBB <phi**2>/<phi>**2
1.2233015     0.0113975   

Time = 25000
Temperature
1.008744      0.0069727174

Pressure
23.084596     0.07449255  

CM Mom
4.1258615e-17  2.3094008e-17 
-1.6321296e-16 7.9806141e-18 
1.2818209e-16  2.2050307e-17 
2.1364319e-16  1.4533444e-17 

CM Pos
7.5035622      0.018463866   
7.4968706      0.015142172   
7.5001219      0.010695269   
12.990726      0.0082283449  

Stress
20.0364      0.00799981   -0.0692005    0.123253     0.0452535    0.0605061   
0.00799981   20.0573      -0.00141099   0.0452535    0.0909425    0.0784426   
-0.0692005   -0.00141099  20.1083       0.0605061    0.0784426    0.113081    

Stress Spherical
0            0            0             0            0            0           
0            0            0             0            0            0           
0            0            0             0            0            0           

Inertia
149.945      -56.281      -56.2371      0.28475      0.0957094    0.133961    
-56.281      150.046      -56.2435      0.0957094    0.256723     0.138618    
-56.2371     -56.2435     149.999       0.133961     0.138618     0.218663    

Bond Length
0.61939635    0.0012784598

BB bond length
0.61939635    0.0012784598

Water EE distance
0             0           

PEG EE distance
7.1107595     0.080595969 

BBB P2(x)
0.503386      0.0081191663

BBB first bond length
0.61935887    0.0012418443

BBB second bond length
0.61917317    0.0012647401

BBB <phi**2>/<phi>**2
1.2238307     0.0052488441

Time = 26000
Temperature
1.0144758     0.0076492899

Pressure
23.146567     0.090379272 

CM Mom
1.7103428e-17  1.7184788e-17 
-1.5526846e-16 1.5377696e-17 
1.0550514e-16  2.3141582e-17 
1.9070205e-16  1.5238381e-17 

CM Pos
7.5010362      0.014406181   
7.496722       0.0098830842  
7.5001219      0.018630522   
12.989176      0.013487152   

Stress
20.1154      -0.0217582   0.0213603     0.108579     0.0550664    0.0578025   
-0.0217582   20.0553      -0.0329117    0.0550664    0.144252     0.0416537   
0.0213603    -0.0329117   20.1657       0.0578025    0.0416537    0.119429    

Stress Spherical
0            0            0             0            0            0           
0            0            0             0            0            0           
0            0            0             0            0            0           

Inertia
149.956      -56.2162     -56.2316      0.441399     0.118383     0.171524    
-56.2162     150.015      -56.2241      0.118383     0.335896     0.161971    
-56.2316     -56.2241     149.969       0.171524     0.161971     0.242934    

Bond Length
0.61871539    0.001693021 

BB bond length
0.61871539    0.001693021 

Water EE distance
0             0           

PEG EE distance
6.9173376     0.063753062 

BBB P2(x)
0.50542925    0.0083773011

BBB first bond length
0.61871658    0.0017006782

BBB second bond length
0.61871566    0.0017319697

BBB <phi**2>/<phi>**2
1.2279247     0.0093297344

Time = 27000
Temperature
1.0096075     0.0086222701

Pressure
23.107321     0.094073243 

CM Mom
1.6562476e-17  1.2198371e-17 
-2.035035e-16  1.7813761e-17 
1.0754316e-16  1.4803372e-17 
2.3139262e-16  1.9905961e-17 

CM Pos
7.4985102      0.014237375   
7.5028142      0.012872422   
7.5078485      0.013180889   
12.995693      0.013388325   

Stress
20.0776      0.00441401   0.00530561    0.133142     0.0800028    0.0747109   
0.00441401   20.129       0.0196502     0.0800028    0.0899295    0.0347052   
0.00530561   0.0196502    20.0559       0.0747109    0.0347052    0.124053    

Stress Spherical
0            0            0             0            0            0           
0            0            0             0            0            0           
0            0            0             0            0            0           

Inertia
150.173      -56.251      -56.3108      0.184447     0.187062     0.131039    
-56.251      150.118      -56.2979      0.187062     0.299777     0.13626     
-56.3108     -56.2979     150.034       0.131039     0.13626      0.312999    

Bond Length
0.61836869    0.0022840377

BB bond length
0.61836869    0.0022840377

Water EE distance
0             0           

PEG EE distance
6.9667174     0.15761948  

BBB P2(x)
0.50558634    0.0077200142

BBB first bond length
0.61828135    0.0021345971

BBB second bond length
0.61833122    0.0022419129

BBB <phi**2>/<phi>**2
1.2232686     0.0063303231

Time = 28000
Temperature
1.0090321     0.0065412645

Pressure
23.148582     0.095730458 

CM Mom
-3.9047517e-18 1.784019e-17  
-2.4630455e-16 2.0253849e-17 
1.0190297e-16  2.4845993e-17 
2.6805196e-16  2.3650593e-17 

CM Pos
7.5040079      0.0088656368  
7.4990994      0.014002043   
7.5059168      0.014177546   
12.995604      0.013121411   

Stress
20.1539      -0.0260526   0.0183902     0.118558     0.0557504    0.0689836   
-0.0260526   20.1302      -0.020815     0.0557504    0.148706     0.0604409   
0.0183902    -0.020815    20.1073       0.0689836    0.0604409    0.0925334   

Stress Spherical
0            0            0             0            0            0           
