Time = 1000
Temperature
   1.1568726    0.24294179

Pressure
   23.785516     1.0551523

CM Mom
-3.7349763e-17 2.7968242e-17 
-1.8382262e-17 1.9683147e-17 
5.7412973e-17  3.4771958e-16 
2.30252e-16    2.7219797e-16 

CM Pos
7.4995369      0.013522132   
7.5016332      0.018184978   
7.4946579      0.020520507   
12.987996      0.018595912   

Stress
20.335       -0.000398237 -0.00195597   0.357749     0.06884      0.0646383   
-0.000398237 20.327       0.0457117     0.06884      0.343693     0.0961638   
-0.00195597  0.0457117    20.3115       0.0646383    0.0961638    0.373347    

Stress Spherical
0            0            0             0            0            0           
0            0            0             0            0            0           
0            0            0             0            0            0           

Inertia
150.059      -56.2807     -56.1839      1.25596      0.21885      0.190185    
-56.2807     150.052      -56.2154      0.21885      1.06044      0.153498    
-56.1839     -56.2154     150.184       0.190185     0.153498     1.47804     

Bond Length
0.62014297    0.011309329 

BB bond length
0.62014297    0.011309329 

Water EE distance
0             0           

PEG EE distance
7.0155435     0.21431616  

BBB P2(x)
0.4726279     0.066537416 

BBB first bond length
0.61995933    0.011495207 

BBB second bond length
0.6202612     0.011490354 

BBB <phi**2>/<phi>**2
1.2208794     0.014317965 

Time = 2000
Temperature
1.0132849     0.010183614 

Pressure
23.007729     0.069859637 

CM Mom
-4.0484326e-17 1.9603036e-17 
-2.9854081e-17 1.8666826e-17 
2.0935571e-17  3.3776287e-17 
6.5236575e-17  2.4213657e-17 

CM Pos
7.5033995      0.013060523   
7.4873716      0.0084509038  
7.505057       0.012087261   
12.98799       0.01059418    

Stress
19.9753      0.00134295   0.00680826    0.128028     0.0670484    0.0926015   
0.00134295   19.9894      0.0684588     0.0670484    0.0893117    0.0780166   
0.00680826   0.0684588    19.9641       0.0926015    0.0780166    0.130505    

Stress Spherical
0            0            0             0            0            0           
0            0            0             0            0            0           
0            0            0             0            0            0           

Inertia
149.766      -56.216      -56.2939      0.217266     0.155581     0.120639    
-56.216      150.01       -56.1893      0.155581     0.332548     0.125119    
-56.2939     -56.1893     149.762       0.120639     0.125119     0.377892    

Bond Length
0.61787823    0.00056383364

BB bond length
0.61787823    0.00056383364

Water EE distance
0             0           

PEG EE distance
7.3622587     0.081809972 

BBB P2(x)
0.51414298    0.0075353892

BBB first bond length
0.61780031    0.00058203274

BBB second bond length
0.61792522    0.00080263007

BBB <phi**2>/<phi>**2
1.2260912     0.0053017634

