Time = 1000
Temperature
    1.095805    0.12541848

Pressure
   23.645884    0.68087568

CM Mom
1.0652418e-17  1.6691774e-17 
1.3626536e-16  2.3324204e-17 
-2.7187436e-17 2.7784158e-16 
2.6203922e-16  1.6963167e-16 

CM Pos
7.4969571      0.021717964   
7.5005065      0.018395515   
7.5029887      0.010062709   
12.99067       0.014763468   

Stress
20.3962      0.0268737    -0.0172658    0.306533     0.061315     0.075325    
0.0268737    20.3511      -0.0364479    0.061315     0.354001     0.085333    
-0.0172658   -0.0364479   20.3543       0.075325     0.085333     0.320078    

Stress Spherical
0            0            0             0            0            0           
0            0            0             0            0            0           
0            0            0             0            0            0           

Inertia
150.195      -56.1916     -56.2705      1.19969      0.1985       0.221001    
-56.1916     150.102      -56.262       0.1985       1.4909       0.275913    
-56.2705     -56.262      150.066       0.221001     0.275913     1.2934      

Bond Length
0.61941519    0.0060228362

BB bond length
0.61941519    0.0060228362

Water EE distance
0             0           

PEG EE distance
6.7502767     0.17357528  

BBB P2(x)
0.48620267    0.060783231 

BBB first bond length
0.61937851    0.0062883213

BBB second bond length
0.6192698     0.0061152472

BBB <phi**2>/<phi>**2
1.2212058     0.013190839 

Time = 2000
Temperature
1.0119402     0.0057997023

Pressure
23.191805     0.069985034 

CM Mom
-5.6901953e-18 1.358098e-17  
1.1973461e-16  1.649544e-17  
8.4525595e-18  5.2814364e-17 
1.3105264e-16  2.2612037e-17 

CM Pos
7.4985911      0.011085225   
7.4987239      0.0088878641  
7.4951159      0.019614594   
12.986024      0.015850695   

Stress
20.1259      0.00838189   0.0385727     0.101107     0.0623172    0.0575065   
0.00838189   20.1579      0.014309      0.0623172    0.101404     0.0914109   
0.0385727    0.014309     20.2084       0.0575065    0.0914109    0.0935554   

Stress Spherical
0            0            0             0            0            0           
0            0            0             0            0            0           
0            0            0             0            0            0           

Inertia
149.771      -56.2122     -56.21        0.607189     0.128819     0.182838    
-56.2122     149.747      -56.1995      0.128819     0.572688     0.150019    
-56.21       -56.1995     149.835       0.182838     0.150019     0.441604    

Bond Length
0.61841845    0.0016102521

BB bond length
0.61841845    0.0016102521

Water EE distance
0             0           

PEG EE distance
6.7649914     0.12260963  

BBB P2(x)
0.5185323     0.011532851 

BBB first bond length
0.61838077    0.0015016161

BBB second bond length
0.61860031    0.0015718333

BBB <phi**2>/<phi>**2
1.2299823     0.0059179836

