Time = 500
Temperature
   1.0388479   0.037114193

Pressure
   23.710066    0.11831111

CM Mom
1.062136e-17   4.7258461e-17 
-4.4544902e-18 2.9246474e-17 
-5.0936032e-17 2.2354412e-17 
7.7902332e-17  1.5709866e-17 

CM Pos
7.5072927      0.0073426581  
7.5020545      0.025775214   
7.5111207      0.014559208   
13.002223      0.018400903   

Stress
20.6792      -0.0504872   0.00764105    0.0698019    0.0644179    0.0281195   
-0.0504872   20.5593      0.0203743     0.0644179    0.054748     0.0387023   
0.00764105   0.0203743    20.543        0.0281195    0.0387023    0.10291     

Stress Spherical
0            0            0             0            0            0           
0            0            0             0            0            0           
0            0            0             0            0            0           

Inertia
150.18       -56.3211     -56.3944      0.667999     0.221892     0.102786    
-56.3211     150.233      -56.368       0.221892     0.225019     0.319397    
-56.3944     -56.368      150.116       0.102786     0.319397     0.377443    

Bond Length
0.62037805    0.01165278  

BB bond length
0.62037805    0.01165278  

Water EE distance
0             0           

PEG EE distance
3.2139433     0.62012715  

Time = 1000
Temperature
1.0180008     0.0055553603

Pressure
23.674062     0.065533094 

CM Mom
3.8023274e-17  1.8135131e-17 
-5.1530403e-18 1.3336567e-17 
-3.5925431e-17 1.0254288e-17 
5.6698635e-17  1.2653932e-17 

CM Pos
7.5069963      0.012710951   
7.5050178      0.019512538   
7.5051942      0.012339389   
13.00033       0.018607036   

Stress
20.5925      -0.0380699   0.0223579     0.113583     0.0304886    0.127576    
-0.0380699   20.6494      0.0130356     0.0304886    0.0820093    0.0868973   
0.0223579    0.0130356    20.6192       0.127576     0.0868973    0.0581358   

Stress Spherical
0            0            0             0            0            0           
0            0            0             0            0            0           
0            0            0             0            0            0           

Inertia
150.113      -56.3649     -56.3634      0.495665     0.206815     0.138368    
-56.3649     150.145      -56.2616      0.206815     0.275501     0.24158     
-56.3634     -56.2616     150.156       0.138368     0.24158      0.350597    

Bond Length
0.62041879    0.020295115 

BB bond length
0.62041879    0.020295115 

Water EE distance
0             0           

PEG EE distance
4.187611      0.56389223  

