Time = 1000
Temperature
   1.0666808    0.20503731

Pressure
   23.664778    0.63469165

CM Mom
1.431994e-18   1.6053705e-17 
3.8136781e-17  2.3337537e-17 
5.4411739e-18  3.9620626e-17 
5.6935136e-17  2.4831781e-17 

CM Pos
7.4980147      0.016363786   
7.5005735      0.020123567   
7.5005585      0.017372001   
12.98991       0.020607156   

Stress
20.4712      0.00617762   -0.00316229   0.125427     0.0616262    0.06834     
0.00617762   20.4556      -0.0113267    0.0616262    0.115104     0.0791235   
-0.00316229  -0.0113267   20.4759       0.06834      0.0791235    0.119505    

Stress Spherical
0            0            0             0            0            0           
0            0            0             0            0            0           
0            0            0             0            0            0           

Inertia
149.933      -56.2467     -56.2446      0.356432     0.235581     0.220211    
-56.2467     149.897      -56.2673      0.235581     0.380906     0.203519    
-56.2446     -56.2673     149.913       0.220211     0.203519     0.301332    

Bond Length
0.57366162    0.018045348 

BB bond length
0.57366162    0.018045348 

Water EE distance
0             0           

PEG EE distance
2.3368715     0.24781392  

Time = 2000
Temperature
1.0056994     0.0066271868

Pressure
23.462908     0.084884563 

CM Mom
1.009832e-17   3.0237261e-17 
1.1554987e-17  1.9878292e-17 
9.4805073e-18  2.004244e-17  
4.0833034e-17  1.9213928e-17 

CM Pos
7.4948415      0.017738516   
7.4989573      0.015226958   
7.5017448      0.013287828   
12.987828      0.014999359   

Stress
20.4533      0.00829226   0.0127919     0.10906      0.0754265    0.0761937   
0.00829226   20.4553      -0.00337891   0.0754265    0.120432     0.0755988   
0.0127919    -0.00337891  20.4369       0.0761937    0.0755988    0.112739    

Stress Spherical
0            0            0             0            0            0           
0            0            0             0            0            0           
0            0            0             0            0            0           

Inertia
149.939      -56.2114     -56.2131      0.267267     0.221027     0.139634    
-56.2114     149.872      -56.2371      0.221027     0.28212      0.150941    
-56.2131     -56.2371     149.849       0.139634     0.150941     0.36081     

Bond Length
0.56955976    0.003811313 

BB bond length
0.56955976    0.003811313 

Water EE distance
0             0           

PEG EE distance
2.2283659     0.090427268 

Time = 3000
Temperature
1.0113429     0.0079496095

Pressure
23.476458     0.08779849  

CM Mom
2.1216121e-17  2.0517267e-17 
-1.249219e-17  1.5616966e-17 
5.3393472e-18  2.7024973e-17 
4.024267e-17   2.025862e-17  

CM Pos
7.4980147      0.012692236   
7.5021601      0.016133404   
7.4981267      0.015033649   
12.98942       0.0126894     

Stress
20.4433      -0.00241829  0.00300523    0.125701     0.065057     0.0716754   
-0.00241829  20.443       -0.00145008   0.065057     0.105118     0.0645344   
0.00300523   -0.00145008  20.449        0.0716754    0.0645344    0.112871    

Stress Spherical
0            0            0             0            0            0           
0            0            0             0            0            0           
0            0            0             0            0            0           

Inertia
149.953      -56.2519     -56.2116      0.328811     0.178882     0.134005    
-56.2519     149.903      -56.2642      0.178882     0.265467     0.171757    
-56.2116     -56.2642     149.972       0.134005     0.171757     0.321486    

Bond Length
0.5700586     0.0037619674

BB bond length
0.5700586     0.0037619674

Water EE distance
0             0           

PEG EE distance
2.2458798     0.076996618 

