Time = 1000
Temperature
   1.0559282   0.079724369

Pressure
   23.636243    0.42430424

CM Mom
-3.0102857e-17 1.7209199e-17 
1.8901451e-17  2.5340905e-17 
2.4164097e-17  1.3744855e-16 
1.1703069e-16  8.9339754e-17 

CM Pos
7.5076368      0.011591706   
7.5059021      0.020797462   
7.4970117      0.016814744   
12.996494      0.018956865   

Stress
20.4563      -0.0169834   -0.00474395   0.202925     0.0753844    0.0646066   
-0.0169834   20.5074      -0.0105186    0.0753844    0.212635     0.0646061   
-0.00474395  -0.0105186   20.4558       0.0646066    0.0646061    0.226362    

Stress Spherical
0            0            0             0            0            0           
0            0            0             0            0            0           
0            0            0             0            0            0           

Inertia
150.078      -56.3502     -56.2873      1.19218      0.21015      0.190788    
-56.3502     150.12       -56.2522      0.21015      0.917373     0.237378    
-56.2873     -56.2522     150.235       0.190788     0.237378     1.13343     

Bond Length
0.61878415    0.0030012459

BB bond length
0.61878415    0.0030012459

Water EE distance
0             0           

PEG EE distance
6.6124317     0.20969626  

BBB P2(x)
0.47496563    0.065242815 

BBB first bond length
0.61871295    0.0031984131

BBB second bond length
0.61906776    0.0029956732

BBB <phi**2>/<phi>**2
1.2182039     0.018986281 

Time = 2000
Temperature
1.0104346     0.0079892395

Pressure
23.389069     0.07315868  

CM Mom
-4.3374744e-17 2.698355e-17  
2.5961484e-17  1.3976297e-17 
1.180312e-17   3.0009498e-17 
6.3980738e-17  2.0619523e-17 

CM Pos
7.5076368      0.017657656   
7.5044184      0.013311012   
7.5007209      0.0083258088  
12.997767      0.018022779   

Stress
20.3956      0.024222     -0.0086888    0.113174     0.0682381    0.0667342   
0.024222     20.3159      0.0362313     0.0682381    0.122417     0.0840521   
-0.0086888   0.0362313    20.3752       0.0667342    0.0840521    0.0993646   

Stress Spherical
0            0            0             0            0            0           
0            0            0             0            0            0           
0            0            0             0            0            0           

Inertia
149.97       -56.3352     -56.2931      0.432084     0.241859     0.194784    
-56.3352     150.037      -56.3084      0.241859     0.547633     0.135811    
-56.2931     -56.3084     150.079       0.194784     0.135811     0.57921     

Bond Length
0.62034645    0.0020730347

BB bond length
0.62034645    0.0020730347

Water EE distance
0             0           

PEG EE distance
7.0942993     0.17831007  

BBB P2(x)
0.51160123    0.012082822 

BBB first bond length
0.62004663    0.0022977038

BBB second bond length
0.62031708    0.0020442698

BBB <phi**2>/<phi>**2
1.2259185     0.01417261  

