Time = 1000
Temperature
   1.0808814     0.1094015

Pressure
   23.731514    0.55245848

CM Mom
-1.0479163e-16 1.489537e-17  
1.751829e-18   2.6555158e-17 
-8.360541e-18  1.4470258e-16 
1.731408e-16   5.4243902e-17 

CM Pos
7.5026892      0.01467845    
7.5010231      0.012887167   
7.49864        0.023519614   
12.991759      0.020883815   

Stress
20.481       0.0522939    0.0149235     0.267237     0.0929897    0.0638449   
0.0522939    20.5355      0.0230047     0.0929897    0.260493     0.0826718   
0.0149235    0.0230047    20.4539       0.0638449    0.0826718    0.247584    

Stress Spherical
0            0            0             0            0            0           
0            0            0             0            0            0           
0            0            0             0            0            0           

Inertia
150.068      -56.2839     -56.2487      1.09529      0.18174      0.181837    
-56.2839     150.096      -56.2347      0.18174      0.949622     0.294627    
-56.2487     -56.2347     150.121       0.181837     0.294627     1.16825     

Bond Length
0.61881221    0.006364979 

BB bond length
0.61881221    0.006364979 

Water EE distance
0             0           

PEG EE distance
6.6466193     0.20149002  

BBB P2(x)
0.46924774    0.057892586 

BBB first bond length
0.61897627    0.0062955119

BBB second bond length
0.61897816    0.0062921106

BBB <phi**2>/<phi>**2
1.218251      0.015228522 

Time = 2000
Temperature
1.0105381     0.0082263495

Pressure
23.364138     0.11123234  

CM Mom
-1.1754367e-16 2.0268841e-17 
-3.2540608e-17 2.3091489e-17 
2.8595839e-17  2.2506789e-17 
1.2944746e-16  1.9674405e-17 

CM Pos
7.5095067      0.014185325   
7.4973179      0.015569465   
7.5002703      0.011307501   
12.994499      0.0096306423  

Stress
20.371       -0.0232894   -0.00166613   0.133342     0.0415538    0.0808412   
-0.0232894   20.2812      0.0453111     0.0415538    0.138675     0.0890476   
-0.00166613  0.0453111    20.349        0.0808412    0.0890476    0.12526     

Stress Spherical
0            0            0             0            0            0           
0            0            0             0            0            0           
0            0            0             0            0            0           

Inertia
149.828      -56.3229     -56.3418      0.377602     0.170697     0.134968    
-56.3229     150.024      -56.2455      0.170697     0.225588     0.127226    
-56.3418     -56.2455     149.98        0.134968     0.127226     0.474101    

Bond Length
0.61641982    0.0022582004

BB bond length
0.61641982    0.0022582004

Water EE distance
0             0           

PEG EE distance
6.9004023     0.14301443  

BBB P2(x)
0.50474242    0.015482151 

BBB first bond length
0.61648326    0.0023693384

BBB second bond length
0.61663324    0.002028242 

BBB <phi**2>/<phi>**2
1.2213636     0.011113258 

