Time = 500
Temperature
   1.0375663   0.042132225

Pressure
   23.173721    0.17145784

CM Mom
-2.1455527e-17 1.2384138e-17 
-3.3351166e-17 7.3690008e-18 
-1.9509616e-17 5.3709729e-17 
6.9415622e-17  1.5071178e-17 

CM Pos
7.5184079      0.02924618    
7.4874125      0.028471188   
7.4895236      0.030281605   
12.9878        0.020176658   

Stress
20.1173      -0.0824427   -0.0157199    0.0966691    0.0350101    0.0668724   
-0.0824427   20.0253      0.00834649    0.0350101    0.0979528    0.0275966   
-0.0157199   0.00834649   20.0543       0.0668724    0.0275966    0.101653    

Stress Spherical
0            0            0             0            0            0           
0            0            0             0            0            0           
0            0            0             0            0            0           

Inertia
149.478      -56.2925     -56.2609      0.305952     0.445057     0.149244    
-56.2925     149.979      -56.1049      0.445057     0.360467     0.104335    
-56.2609     -56.1049     149.896       0.149244     0.104335     0.790655    

Bond Length
0.6170006     0.0050777705

BB bond length
0.6170006     0.0050777705

Water EE distance
0             0           

PEG EE distance
3.6483372     0.19777236  

Time = 1000
Temperature
1.0109958     0.0095472013

Pressure
22.996438     0.076199518 

CM Mom
-2.4721954e-17 1.2441573e-17 
-3.0168197e-17 6.220912e-18  
4.6647212e-17  4.6196943e-17 
7.2350539e-17  2.8112399e-17 

CM Pos
7.4967462      0.009411722   
7.5040297      0.014218574   
7.4761705      0.010080289   
12.977093      0.015372115   

Stress
19.9714      -0.00535778  0.00739005    0.12051      0.023945     0.0440888   
-0.00535778  19.9233      -0.0439804    0.023945     0.0777202    0.109691    
0.00739005   -0.0439804   20.0092       0.0440888    0.109691     0.0964279   

Stress Spherical
0            0            0             0            0            0           
0            0            0             0            0            0           
0            0            0             0            0            0           

Inertia
149.549      -56.269      -56.0286      0.256606     0.0994697    0.125611    
-56.269      149.519      -56.1271      0.0994697    0.145417     0.151674    
-56.0286     -56.1271     149.891       0.125611     0.151674     0.278718    

Bond Length
0.61236733    0.010405407 

BB bond length
0.61236733    0.010405407 

Water EE distance
0             0           

PEG EE distance
3.5785857     0.29009969  

