Time = 500
Temperature
   1.0336854   0.041543512

Pressure
   23.751042    0.15429089

CM Mom
1.4115755e-17  1.7982481e-17 
3.4434981e-17  2.0885939e-17 
1.3759078e-17  6.7520907e-17 
7.0574131e-17  4.3729756e-17 

CM Pos
7.4939428      0.0098011668  
7.4924196      0.019052605   
7.5021427      0.013462446   
12.983754      0.021410961   

Stress
20.6505      0.0152458    0.0279738     0.111033     0.0134875    0.0702037   
0.0152458    20.6964      0.00174952    0.0134875    0.127494     0.0884549   
0.0279738    0.00174952   20.604        0.0702037    0.0884549    0.0730972   

Stress Spherical
0            0            0             0            0            0           
0            0            0             0            0            0           
0            0            0             0            0            0           

Inertia
149.876      -56.1364     -56.1955      0.563558     0.263691     0.27119     
-56.1364     149.983      -56.2         0.263691     0.103231     0.25516     
-56.1955     -56.2        149.796       0.27119      0.25516      0.247212    

Bond Length
0.60827979    0.02848497  

BB bond length
0.60827979    0.02848497  

Water EE distance
0             0           

PEG EE distance
2.8841443     0.80488833  

Time = 1000
Temperature
1.0152151     0.0058510176

Pressure
23.678758     0.06960034  

CM Mom
3.0766908e-17  1.1245701e-17 
2.7084441e-17  1.1468453e-17 
-3.5251007e-17 2.3698227e-17 
5.9964659e-17  1.2109494e-17 

CM Pos
7.498684       0.012745444   
7.4983461      0.021003609   
7.4941419      0.013752827   
12.985314      0.0061538745  

Stress
20.6588      -0.0288207   -0.00534557   0.0418057    0.0718241    0.0514049   
-0.0288207   20.6046      0.0154342     0.0718241    0.0691346    0.0317      
-0.00534557  0.0154342    20.6369       0.0514049    0.0317       0.14755     

Stress Spherical
0            0            0             0            0            0           
0            0            0             0            0            0           
0            0            0             0            0            0           

Inertia
149.858      -56.2475     -56.25        0.241925     0.155846     0.151353    
-56.2475     149.881      -56.2121      0.155846     0.260194     0.124071    
-56.25       -56.2121     149.927       0.151353     0.124071     0.25329     

Bond Length
0.60568234    0.014704798 

BB bond length
0.60568234    0.014704798 

Water EE distance
0             0           

PEG EE distance
4.5549751     0.93776455  

