Time = 500
Temperature
   1.0337064   0.038346728

Pressure
   23.178796     0.1403878

CM Mom
2.637768e-17   1.1969078e-17 
-6.0685603e-17 1.7433355e-17 
-1.8598157e-17 3.4584432e-17 
7.9174335e-17  9.9551104e-18 

CM Pos
7.4884458      0.023073006   
7.4963847      0.022355855   
7.5065572      0.02335747    
12.985463      0.018215787   

Stress
20.1072      -0.0283035   -0.00885521   0.0541005    0.0209417    0.0705705   
-0.0283035   20.0196      0.05814       0.0209417    0.105418     0.0625603   
-0.00885521  0.05814      20.12         0.0705705    0.0625603    0.0752575   

Stress Spherical
0            0            0             0            0            0           
0            0            0             0            0            0           
0            0            0             0            0            0           

Inertia
149.774      -56.1221     -56.2722      0.306948     0.0927169    0.401582    
-56.1221     149.617      -56.2369      0.0927169    0.677304     0.167129    
-56.2722     -56.2369     149.551       0.401582     0.167129     0.1955      

Bond Length
0.6162104     0.0032914539

BB bond length
0.6162104     0.0032914539

Water EE distance
0             0           

PEG EE distance
3.6736899     0.38496277  

Time = 1000
Temperature
1.0134365     0.0018223553

Pressure
23.125702     0.082475075 

CM Mom
2.8177263e-17  1.7593901e-17 
-6.4808583e-17 1.2181195e-17 
-4.3969938e-17 9.444456e-18  
8.5350765e-17  1.3778156e-17 

CM Pos
7.5029859      0.0095970099  
7.4779871      0.0017302528  
7.4973584      0.0071709472  
12.977889      0.0045824972  

Stress
20.0634      0.0373207    -0.0738837    0.0969711    0.0503991    0.0345807   
0.0373207    20.1159      -0.0487068    0.0503991    0.0840804    0.0969087   
-0.0738837   -0.0487068   20.0904       0.0345807    0.0969087    0.105591    

Stress Spherical
0            0            0             0            0            0           
0            0            0             0            0            0           
0            0            0             0            0            0           

Inertia
149.398      -56.1562     -56.2919      0.196477     0.0789398    0.0864916   
-56.1562     149.737      -56.023       0.0789398    0.165538     0.114372    
-56.2919     -56.023      149.483       0.0864916    0.114372     0.12542     

Bond Length
0.61460385    0.0033314763

BB bond length
0.61460385    0.0033314763

Water EE distance
0             0           

PEG EE distance
3.7133881     0.13071672  

