Time = 500
Temperature
   1.0281092   0.039652174

Pressure
   23.389309    0.21393091

CM Mom
-1.015365e-17  1.4945003e-17 
1.3432558e-17  1.6901555e-17 
8.6981544e-18  5.4769008e-18 
2.8603847e-17  8.9454003e-18 

CM Pos
7.5137655      0.029009652   
7.5032079      0.012930121   
7.4914687      0.031730366   
12.995326      0.020354456   

Stress
20.2984      -0.0713337   -0.0202285    0.172491     0.045488     0.0841203   
-0.0713337   20.2957      0.0165119     0.045488     0.130644     0.0579385   
-0.0202285   0.0165119    20.3218       0.0841203    0.0579385    0.109987    

Stress Spherical
0            0            0             0            0            0           
0            0            0             0            0            0           
0            0            0             0            0            0           

Inertia
149.8        -56.4407     -56.2184      0.503298     0.297668     0.241914    
-56.4407     149.961      -56.1984      0.297668     0.533514     0.198827    
-56.2184     -56.1984     150.15        0.241914     0.198827     0.469371    

Bond Length
0.61358816    0.0066640459

BB bond length
0.61358816    0.0066640459

Water EE distance
0             0           

PEG EE distance
3.6478249     0.36000482  

Time = 1000
Temperature
1.015378      0.0046802909

Pressure
23.304871     0.13272181  

CM Mom
-2.415426e-17  1.8064782e-17 
1.1334715e-17  1.9951608e-17 
3.7743087e-17  2.109904e-17  
5.398654e-17   1.9785615e-17 

CM Pos
7.5202847      0.020084666   
7.5112087      0.0079291317  
7.5068776      0.017640707   
13.012563      0.010972593   

Stress
20.2782      -0.0452874   -0.0472975    0.161974     0.0540495    0.0624974   
-0.0452874   20.2066      -0.0166923    0.0540495    0.169624     0.0563806   
-0.0472975   -0.0166923   20.2923       0.0624974    0.0563806    0.147992    

Stress Spherical
0            0            0             0            0            0           
0            0            0             0            0            0           
0            0            0             0            0            0           

Inertia
150.186      -56.5048     -56.4385      0.356317     0.173236     0.142502    
-56.5048     150.266      -56.4263      0.173236     0.227976     0.164446    
-56.4385     -56.4263     150.371       0.142502     0.164446     0.273816    

Bond Length
0.61137441    0.0055223164

BB bond length
0.61137441    0.0055223164

Water EE distance
0             0           

PEG EE distance
3.5845827     0.32047201  

