Time = 1000
Temperature
   1.2086907     0.3315747

Pressure
   23.858949     1.3137114

CM Mom
-3.2978595e-17 1.9880682e-17 
2.2669205e-17  2.8207588e-17 
-2.2578014e-18 6.6815944e-17 
7.9629813e-17  3.0347175e-17 

CM Pos
7.4960706      0.014238769   
7.495326       0.013524467   
7.511114       0.011329296   
12.991854      0.008684215   

Stress
20.2437      -0.0256462   -0.0328391    0.336641     0.0879291    0.0504569   
-0.0256462   20.2239      0.0243849     0.0879291    0.3889       0.0806207   
-0.0328391   0.0243849    20.2526       0.0504569    0.0806207    0.328859    

Stress Spherical
0            0            0             0            0            0           
0            0            0             0            0            0           
0            0            0             0            0            0           

Inertia
150.305      -56.2123     -56.3135      1.57731      0.158163     0.160301    
-56.2123     150.339      -56.2808      0.158163     1.54871      0.115442    
-56.3135     -56.2808     150.095       0.160301     0.115442     1.40764     

Bond Length
0.61848806    0.010482509 

BB bond length
0.61848806    0.010482509 

Water EE distance
0             0           

PEG EE distance
7.0135502     0.12352115  

BBB P2(x)
0.46226189    0.061331799 

BBB first bond length
0.61854234    0.010700969 

BBB second bond length
0.61840673    0.010337018 

BBB <phi**2>/<phi>**2
1.2172097     0.012715822 

Time = 2000
Temperature
1.0084115     0.0073337075

Pressure
22.937296     0.083285914 

CM Mom
-3.2334353e-17 1.8084297e-17 
6.2446612e-18  2.6018357e-17 
-1.8546245e-17 4.5302575e-17 
6.2098576e-17  2.5071024e-17 

CM Pos
7.497555       0.010134317   
7.500373       0.010937419   
7.4967152      0.0095465226  
12.987299      0.0068366213  

Stress
19.9462      0.0161187    0.021447      0.176005     0.0696302    0.0550898   
0.0161187    19.912       0.0434756     0.0696302    0.0868693    0.0720344   
0.021447     0.0434756    19.8959       0.0550898    0.0720344    0.112029    

Stress Spherical
0            0            0             0            0            0           
0            0            0             0            0            0           
0            0            0             0            0            0           

Inertia
149.873      -56.223      -56.232       0.361028     0.144869     0.0901026   
-56.223      149.834      -56.2294      0.144869     0.359919     0.161628    
-56.232      -56.2294     149.882       0.0901026    0.161628     0.278941    

Bond Length
0.61540832    0.0016632881

BB bond length
0.61540832    0.0016632881

Water EE distance
0             0           

PEG EE distance
7.32238       0.09880374  

BBB P2(x)
0.50215788    0.009526857 

BBB first bond length
0.61525464    0.0017333593

BBB second bond length
0.61513807    0.0016979101

BBB <phi**2>/<phi>**2
1.2224357     0.0074616223

