Time = 1000
Temperature
   1.0919876   0.092011488

Pressure
    23.72112    0.48357316

CM Mom
2.3501688e-18  1.6566709e-17 
1.4656009e-17  2.2125435e-17 
5.2003603e-17  3.102166e-16  
2.5986806e-16  1.7997672e-16 

CM Pos
10.001979      0.015645386   
10.00027       0.022331271   
10.004147      0.0078824614  
17.32422       0.012830578   

Stress
20.4347      0.00774787   -0.0107459    0.229483     0.0468431    0.0380844   
0.00774787   20.4455      0.00538419    0.0468431    0.235452     0.0468111   
-0.0107459   0.00538419   20.4615       0.0380844    0.0468111    0.253269    

Stress Spherical
0            0            0             0            0            0           
0            0            0             0            0            0           
0            0            0             0            0            0           

Inertia
266.758      -100.021     -100.036      2.59407      0.171795     0.284996    
-100.021     266.806      -100.063      0.171795     2.1294       0.21673     
-100.036     -100.063     266.715       0.284996     0.21673      2.51404     

Bond Length
0.62423991    0.0044322451

BB bond length
0.62423991    0.0044322451

Water EE distance
0             0           

PEG EE distance
4.1854502     0.17229722  

BBB P2(x)
0.075613684   0.015033076 

BBB first bond length
0.62434685    0.0045494698

BBB second bond length
0.62442244    0.0043372674

BBB <phi**2>/<phi>**2
1.1182045     0.0043014429

Time = 2000
Temperature
1.0146144     0.0066054254

Pressure
23.288944     0.056783347 

CM Mom
-1.981703e-17  1.1143245e-17 
3.2543803e-17  2.0522372e-17 
-7.3471213e-17 1.2207819e-16 
1.2880199e-16  7.5553321e-17 

CM Pos
9.9998111      0.013538264   
9.9988528      0.012503369   
10.005231      0.015056789   
17.322769      0.013369734   

Stress
20.2503      -0.0215869   -0.0091221    0.0725022    0.0472669    0.0427394   
-0.0215869   20.2291      -0.00915179   0.0472669    0.0936209    0.0449187   
-0.0091221   -0.00915179  20.2616       0.0427394    0.0449187    0.0658883   

Stress Spherical
0            0            0             0            0            0           
0            0            0             0            0            0           
0            0            0             0            0            0           

Inertia
266.676      -99.9709     -100.028      0.735361     0.182374     0.211905    
-99.9709     266.704      -100.051      0.182374     0.825559     0.223077    
-100.028     -100.051     266.576       0.211905     0.223077     1.02994     

Bond Length
0.6244453     0.0016835451

BB bond length
0.6244453     0.0016835451

Water EE distance
0             0           

PEG EE distance
3.9076826     0.079603661 

BBB P2(x)
0.076310281   0.0072486473

BBB first bond length
0.62446726    0.0016109115

BBB second bond length
0.62464985    0.0019877416

BBB <phi**2>/<phi>**2
1.1184028     0.003449152 

Time = 3000
Temperature
1.0101042     0.0023404316

Pressure
23.233607     0.040894118 

CM Mom
-1.5987258e-17 1.9999268e-17 
4.4669408e-17  1.6723242e-17 
-6.7646361e-17 3.1598018e-17 
8.848116e-17   2.6002599e-17 

CM Pos
9.9971427      0.015990886   
10.001521      0.012954568   
9.9982266      0.012212197   
17.318722      0.01648602    

Stress
20.2258      0.00497139   0.00427013    0.077681     0.0311415    0.0403455   
0.00497139   20.2049      -0.0169172    0.0311415    0.0594164    0.0447083   
0.00427013   -0.0169172   20.1849       0.0403455    0.0447083    0.0622093   

Stress Spherical
0            0            0             0            0            0           
0            0            0             0            0            0           
0            0            0             0            0            0           

Inertia
266.59       -100.018     -99.9754      0.323879     0.232724     0.253629    
-100.018     266.499      -100.019      0.232724     0.603169     0.217725    
-99.9754     -100.019     266.559       0.253629     0.217725     0.594994    

Bond Length
0.62394925    0.0011740334

BB bond length
0.62394925    0.0011740334

Water EE distance
0             0           

PEG EE distance
4.0015742     0.063775748 

BBB P2(x)
0.075946833   0.0063413955

BBB first bond length
0.62406235    0.0012485872

BBB second bond length
0.62434215    0.0012196186

BBB <phi**2>/<phi>**2
1.1175211     0.0020696128

Time = 4000
Temperature
1.0112643     0.0040753589

Pressure
23.22485      0.073370154 

CM Mom
-2.5595709e-17 1.5670166e-17 
4.5513763e-17  6.6836342e-18 
-7.2936931e-17 1.359149e-17  
9.1579702e-17  1.1599598e-17 

CM Pos
10.008733      0.014893351   
9.9963512      0.0061975082  
9.9982266      0.010050974   
17.32243       0.0094729189  

Stress
20.1553      -0.0226241   0.0100304     0.109048     0.0472357    0.0434644   
-0.0226241   20.2243      -0.000277229  0.0472357    0.0757716    0.0459162   
0.0100304    -0.000277229 20.1993       0.0434644    0.0459162    0.0679295   

Stress Spherical
0            0            0             0            0            0           
0            0            0             0            0            0           
0            0            0             0            0            0           

Inertia
266.5        -100.026     -100.092      0.288988     0.195344     0.127167    
-100.026     266.718      -99.9791      0.195344     0.414483     0.109591    
-100.092     -99.9791     266.706       0.127167     0.109591     0.48785     

Bond Length
0.62472869    0.00073389837

BB bond length
0.62472869    0.00073389837

Water EE distance
0             0           

PEG EE distance
4.0165355     0.053427    

BBB P2(x)
0.079061489   0.0073424739

BBB first bond length
0.62505339    0.000954698 

BBB second bond length
0.62471174    0.00089286897

BBB <phi**2>/<phi>**2
1.1175867     0.0026539388

Time = 5000
Temperature
1.0103973     0.0045407938

Pressure
23.213659     0.043286991 

CM Mom
-2.0513436e-17 1.2134155e-17 
3.3608953e-17  9.4372946e-18 
-9.043307e-17  2.4921973e-17 
1.0077746e-16  2.0731882e-17 

CM Pos
10.001479      0.010967643   
9.9968515      0.0090641172  
10.001312      0.01380174    
17.32031       0.0097735135  

Stress
20.1863      -0.0181436   0.00927523    0.0483757    0.0478489    0.0231201   
-0.0181436   20.2153      -0.0128487    0.0478489    0.0765613    0.0305573   
0.00927523   -0.0128487   20.1514       0.0231201    0.0305573    0.0879112   

Stress Spherical
0            0            0             0            0            0           
0            0            0             0            0            0           
0            0            0             0            0            0           

Inertia
266.577      -99.9957     -99.9883      0.295849     0.157528     0.133466    
-99.9957     266.636      -100.021      0.157528     0.270042     0.112089    
-99.9883     -100.021     266.569       0.133466     0.112089     0.292387    

Bond Length
0.62511118    0.0016617264

BB bond length
0.62511118    0.0016617264

Water EE distance
0             0           

PEG EE distance
4.0050386     0.05440241  

BBB P2(x)
0.07689555    0.010787115 

BBB first bond length
0.62509857    0.0017788842

BBB second bond length
0.62536906    0.001510052 

BBB <phi**2>/<phi>**2
1.1188403     0.0055807994

Time = 6000
Temperature
1.0116011     0.0042109537

Pressure
23.200439     0.049380444 

CM Mom
-2.0242766e-17 1.5454698e-17 
3.6886159e-17  1.3161781e-17 
-9.1189824e-17 1.1632124e-17 
1.024065e-16   1.2092843e-17 

CM Pos
9.9945578      0.013497372   
9.9984359      0.011568961   
10.005981      0.0095599154  
17.319929      0.0070536644  

Stress
20.1457      -0.0124105   0.0137206     0.0778656    0.059501     0.0320829   
-0.0124105   20.2089      -0.00276174   0.059501     0.068728     0.0700319   
0.0137206    -0.00276174  20.148        0.0320829    0.0700319    0.0641535   

Stress Spherical
0            0            0             0            0            0           
0            0            0             0            0            0           
0            0            0             0            0            0           

Inertia
266.715      -99.9346     -99.9899      0.243639     0.193133     0.168598    
-99.9346     266.628      -100.037      0.193133     0.274996     0.108478    
-99.9899     -100.037     266.491       0.168598     0.108478     0.297038    

Bond Length
0.62487054    0.001592722 

BB bond length
0.62487054    0.001592722 

Water EE distance
0             0           

PEG EE distance
4.0296848     0.05656436  

BBB P2(x)
0.078778509   0.0046719962

BBB first bond length
0.62508828    0.001600288 

BBB second bond length
0.62497149    0.0017892072

BBB <phi**2>/<phi>**2
1.1195131     0.0037181318

Time = 7000
Temperature
1.0134451     0.0078416439

Pressure
23.23357      0.049585547 

CM Mom
-1.1848049e-17 6.846853e-18  
4.3098617e-17  1.615014e-17  
-9.65684e-17   1.0422467e-17 
1.0761091e-16  1.2631274e-17 

CM Pos
10.001312      0.011779504   
9.9972685      0.013923373   
10.003897      0.008062558   
17.321949      0.0070029499  

Stress
20.2387      -0.0304552   -0.0169933    0.0561715    0.028369     0.0344583   
-0.0304552   20.1891      0.00436846    0.028369     0.0423455    0.0432942   
-0.0169933   0.00436846   20.1576       0.0344583    0.0432942    0.0785028   

Stress Spherical
0            0            0             0            0            0           
0            0            0             0            0            0           
0            0            0             0            0            0           

Inertia
266.661      -99.9954     -100.024      0.193693     0.105677     0.147662    
-99.9954     266.738      -100.05       0.105677     0.243086     0.105693    
-100.024     -100.05      266.616       0.147662     0.105693     0.255841    

Bond Length
0.62410528    0.0012010041

BB bond length
0.62410528    0.0012010041

Water EE distance
0             0           

PEG EE distance
3.9473867     0.062059857 

BBB P2(x)
0.076335453   0.005952264 

BBB first bond length
0.62420878    0.0013177696

BBB second bond length
0.62425533    0.0010706095

BBB <phi**2>/<phi>**2
1.1192705     0.0030099864

Time = 8000
Temperature
1.0125268     0.006398646 

Pressure
23.20989      0.04840804  

CM Mom
-9.5980944e-18 1.1390405e-17 
1.1276679e-17  1.8915727e-17 
-1.1137548e-16 1.6358357e-17 
1.1456334e-16  1.5942629e-17 

CM Pos
10.000478      0.0062821958  
10.004023      0.0092313379  
10.001229      0.013533384   
17.323822      0.010935888   

Stress
20.2034      0.00310587   0.0105746     0.0440279    0.0522908    0.0441885   
0.00310587   20.1287      0.000323722   0.0522908    0.0994186    0.0448461   
0.0105746    0.000323722  20.1905       0.0441885    0.0448461    0.0960739   

Stress Spherical
0            0            0             0            0            0           
0            0            0             0            0            0           
0            0            0             0            0            0           

Inertia
266.76       -100.064     -100.036      0.371913     0.129374     0.12103     
-100.064     266.682      -100.026      0.129374     0.250485     0.2316      
-100.036     -100.026     266.728       0.12103      0.2316       0.228573    

Bond Length
0.62459912    0.0011881849

BB bond length
0.62459912    0.0011881849

Water EE distance
0             0           

PEG EE distance
3.9374288     0.065998022 

BBB P2(x)
0.080001282   0.010459001 

BBB first bond length
0.62489601    0.0011478885

BBB second bond length
0.62484528    0.0012397407

BBB <phi**2>/<phi>**2
1.1190813     0.0036719742

Time = 9000
Temperature
1.0121644     0.0067780827

Pressure
23.246801     0.047231054 

CM Mom
-2.2074217e-17 1.3752655e-17 
1.4228537e-17  4.5281173e-17 
-1.1305444e-16 1.1254524e-17 
1.2492495e-16  1.5197746e-17 

CM Pos
9.9967258      0.014111863   
9.9982691      0.010609631   
9.9959752      0.0062087173  
17.315301      0.010932953   

Stress
20.2239      0.0197293    0.0259113     0.0682343    0.0677001    0.0472495   
0.0197293    20.2133      0.0242004     0.0677001    0.0519391    0.0461074   
0.0259113    0.0242004    20.1994       0.0472495    0.0461074    0.0690059   

Stress Spherical
0            0            0             0            0            0           
0            0            0             0            0            0           
0            0            0             0            0            0           

Inertia
266.526      -99.9543     -99.9508      0.208956     0.225162     0.147807    
-99.9543     266.51       -99.9655      0.225162     0.329374     0.0951912   
-99.9508     -99.9655     266.564       0.147807     0.0951912    0.389598    

Bond Length
0.62414424    0.0013632402

BB bond length
0.62414424    0.0013632402

Water EE distance
0             0           

PEG EE distance
4.0741625     0.033535882 

BBB P2(x)
0.081699145   0.0058551271

BBB first bond length
0.62449226    0.0014704804

BBB second bond length
0.62445638    0.0012461288

BBB <phi**2>/<phi>**2
1.1213763     0.0030677688

Time = 10000
Temperature
1.0116249     0.0056235782

Pressure
23.205743     0.055848299 

CM Mom
-4.0227127e-17 2.6474237e-17 
-5.876666e-18  1.4988114e-17 
-1.2273137e-16 2.3334406e-17 
1.3348734e-16  1.9154626e-17 

CM Pos
9.9953916      0.012668278   
9.99977        0.0080849493  
9.9973928      0.012974144   
17.316216      0.01326137    

Stress
20.155       0.0034802    -0.0172231    0.0434785    0.0480354    0.043595    
0.0034802    20.2055      0.0323376     0.0480354    0.0800778    0.0513246   
-0.0172231   0.0323376    20.1578       0.043595     0.0513246    0.082705    

Stress Spherical
0            0            0             0            0            0           
0            0            0             0            0            0           
0            0            0             0            0            0           

Inertia
266.593      -99.9647     -99.9171      0.24049      0.183544     0.232521    
-99.9647     266.52       -99.9975      0.183544     0.442476     0.127359    
-99.9171     -99.9975     266.565       0.232521     0.127359     0.299708    

Bond Length
0.62513343    0.00072905501

BB bond length
0.62513343    0.00072905501

Water EE distance
0             0           

PEG EE distance
4.1069651     0.055257912 

BBB P2(x)
0.077271509   0.010338393 

BBB first bond length
0.62516483    0.00085927393

BBB second bond length
0.62535029    0.00059971761

BBB <phi**2>/<phi>**2
1.1175794     0.0032744048

Time = 11000
Temperature
1.0125536     0.0027579613

Pressure
23.214789     0.042718666 

CM Mom
-4.3946965e-17 4.1025615e-17 
3.2783634e-18  9.3727354e-18 
-1.0112657e-16 1.3363064e-17 
1.1752214e-16  1.7513819e-17 

CM Pos
10.000978      0.0077436309  
10.002105      0.0097118099  
10.000728      0.017761101   
17.322718      0.012351901   

Stress
20.2035      -0.0238975   0.0125961     0.0922485    0.0434063    0.0481345   
-0.0238975   20.1341      0.0367719     0.0434063    0.0462211    0.0416984   
0.0125961    0.0367719    20.1994       0.0481345    0.0416984    0.0281865   

Stress Spherical
0            0            0             0            0            0           
0            0            0             0            0            0           
0            0            0             0            0            0           

Inertia
266.719      -100.017     -100.002      0.326409     0.145758     0.255069    
-100.017     266.709      -100.035      0.145758     0.46773      0.137889    
-100.002     -100.035     266.743       0.255069     0.137889     0.225951    

Bond Length
0.62475757    0.00077656351

BB bond length
0.62475757    0.00077656351

Water EE distance
0             0           

PEG EE distance
3.992176      0.052613895 

BBB P2(x)
0.074265613   0.006902518 

BBB first bond length
0.62504236    0.00085219879

BBB second bond length
0.62507925    0.0010457582

BBB <phi**2>/<phi>**2
1.117433      0.0016994921

Time = 12000
Temperature
1.0133764     0.0030251335

Pressure
23.206491     0.039365076 

CM Mom
-3.3486405e-17 2.4651632e-17 
-5.4304186e-18 1.0156614e-17 
-1.0025647e-16 1.5010134e-17 
1.0949687e-16  1.2197837e-17 

CM Pos
9.9968092      0.010200328   
9.9991863      0.0093896607  
9.9970593      0.014022894   
17.316505      0.013228895   

Stress
20.1633      0.0266232    0.00946172    0.0893843    0.0450784    0.0484884   
0.0266232    20.153       0.00934742    0.0450784    0.0492831    0.0742215   
0.00946172   0.00934742   20.1885       0.0484884    0.0742215    0.0827207   

Stress Spherical
0            0            0             0            0            0           
0            0            0             0            0            0           
0            0            0             0            0            0           

Inertia
266.568      -99.9692     -99.921       0.405118     0.128424     0.240731    
-99.9692     266.532      -99.9234      0.128424     0.391619     0.206524    
-99.921      -99.9234     266.57        0.240731     0.206524     0.288992    

Bond Length
0.62458026    0.0011324084

BB bond length
0.62458026    0.0011324084

Water EE distance
0             0           

PEG EE distance
4.0541469     0.033971309 

BBB P2(x)
0.078087245   0.0074841703

BBB first bond length
0.62453463    0.0011371474

BBB second bond length
0.62479153    0.0013380086

BBB <phi**2>/<phi>**2
1.119097      0.0052968249

Time = 13000
Temperature
1.0106038     0.0035420931

Pressure
23.245833     0.054604593 

CM Mom
-3.0912432e-17 1.6890802e-17 
3.4693023e-18  5.1246448e-18 
-9.8320756e-17 1.5241586e-17 
1.049642e-16   1.2687385e-17 

CM Pos
9.9990606      0.009061432   
10.001354      0.0098040865  
10.001562      0.011634885   
17.321656      0.0098615827  

Stress
20.1934      -0.00800412  -0.018403     0.10544      0.0306395    0.061012    
-0.00800412  20.2086      -0.00975938   0.0306395    0.0652882    0.0525822   
-0.018403    -0.00975938  20.2458       0.061012     0.0525822    0.0564272   

Stress Spherical
0            0            0             0            0            0           
0            0            0             0            0            0           
0            0            0             0            0            0           

Inertia
266.718      -100.008     -100.011      0.366685     0.127055     0.125198    
-100.008     266.68       -100.028      0.127055     0.301673     0.244315    
-100.011     -100.028     266.676       0.125198     0.244315     0.282828    

Bond Length
0.62408483    0.0016988304

BB bond length
0.62408483    0.0016988304

Water EE distance
0             0           

PEG EE distance
4.0457274     0.054734027 

BBB P2(x)
0.080379437   0.0087423065

BBB first bond length
0.62436002    0.0017715681

BBB second bond length
0.62434386    0.0017772317

BBB <phi**2>/<phi>**2
1.1193843     0.0035218343

Time = 14000
Temperature
1.0089756     0.0050033612

Pressure
23.2036       0.051991187 

CM Mom
-5.0471058e-17 1.4953539e-17 
-2.5706165e-18 1.3769525e-17 
-8.9682506e-17 1.3262529e-17 
1.0505714e-16  1.2206071e-17 

CM Pos
9.9958086      0.010011811   
10.001438      0.0089113261  
9.9965589      0.0076282876  
17.316936      0.0094605803  

Stress
20.1929      -0.000740576 0.0121061     0.087334     0.0374175    0.0429641   
-0.000740576 20.1931      0.0126126     0.0374175    0.065341     0.0409897   
0.0121061    0.0126126    20.1497       0.0429641    0.0409897    0.102085    

Stress Spherical
0            0            0             0            0            0           
0            0            0             0            0            0           
0            0            0             0            0            0           

Inertia
266.611      -99.9762     -99.944       0.243381     0.135106     0.109135    
-99.9762     266.513      -99.978       0.135106     0.261904     0.142701    
-99.944      -99.978      266.589       0.109135     0.142701     0.300392    

Bond Length
0.62558427    0.0013156201

BB bond length
0.62558427    0.0013156201

Water EE distance
0             0           

PEG EE distance
4.0543341     0.052796288 

BBB P2(x)
0.081155914   0.0050175335

BBB first bond length
0.62573448    0.0012832417

BBB second bond length
0.62563713    0.0013261477

BBB <phi**2>/<phi>**2
1.1190737     0.0039430096

Time = 15000
Temperature
1.0088469     0.004044846 

Pressure
23.208477     0.044939318 

CM Mom
-2.5691005e-17 1.211515e-17  
-8.5518649e-18 1.8334229e-17 
-6.9337443e-17 1.0175686e-17 
7.8092781e-17  5.3689974e-18 

CM Pos
10.001145      0.010469441   
9.9949337      0.010661931   
10.001812      0.0086993046  
17.319298      0.0080439792  

Stress
20.1423      -0.0236183   -0.0164232    0.0919506    0.0482353    0.0527192   
-0.0236183   20.2057      -0.0422501    0.0482353    0.0752815    0.0364375   
-0.0164232   -0.0422501   20.2035       0.0527192    0.0364375    0.0722283   

Stress Spherical
0            0            0             0            0            0           
0            0            0             0            0            0           
0            0            0             0            0            0           

Inertia
266.595      -99.9682     -100.043      0.224892     0.131462     0.132585    
-99.9682     266.712      -99.973       0.131462     0.26758      0.130492    
-100.043     -99.973      266.573       0.132585     0.130492     0.308982    

Bond Length
0.62441684    0.0016420916

BB bond length
0.62441684    0.0016420916

Water EE distance
0             0           

PEG EE distance
4.0271216     0.059670149 

BBB P2(x)
0.08413408    0.0072183909

BBB first bond length
0.62464394    0.001590126 

BBB second bond length
0.62462497    0.0015645633

BBB <phi**2>/<phi>**2
1.1201809     0.0029535861

Time = 16000
Temperature
1.0120351     0.0046950246

Pressure
23.21839      0.043435338 

CM Mom
-1.7160838e-17 1.7658908e-17 
-3.3200575e-17 3.1862366e-17 
-6.764963e-17  1.3318755e-17 
8.2390928e-17  2.6256744e-17 

CM Pos
10.00273       0.01093113    
9.9982691      0.011227348   
10.000812      0.010081021   
17.321561      0.0099121298  

Stress
20.1848      0.00258259   0.00534733    0.0615095    0.0346521    0.0366047   
0.00258259   20.1747      0.0215111     0.0346521    0.0777315    0.0406841   
0.00534733   0.0215111    20.193        0.0366047    0.0406841    0.0490074   

Stress Spherical
0            0            0             0            0            0           
0            0            0             0            0            0           
0            0            0             0            0            0           

Inertia
266.636      -100.036     -100.013      0.171066     0.241563     0.157719    
-100.036     266.734      -99.9915      0.241563     0.238242     0.117498    
-100.013     -99.9915     266.683       0.157719     0.117498     0.456291    

Bond Length
0.62524839    0.0016405889

BB bond length
0.62524839    0.0016405889

Water EE distance
0             0           

PEG EE distance
3.9846762     0.048231693 

BBB P2(x)
0.075397812   0.0079623906

BBB first bond length
0.62542701    0.0017392934

BBB second bond length
0.62539719    0.0018049098

BBB <phi**2>/<phi>**2
1.1184623     0.0047873354

Time = 17000
Temperature
1.0120039     0.0038634009

Pressure
23.201196     0.067570548 

CM Mom
-2.6686202e-17 2.0238287e-17 
-2.1139137e-17 2.3169839e-17 
-8.2697845e-17 8.0242133e-18 
9.4515184e-17  8.6975715e-18 

CM Pos
9.9968092      0.014701401   
10.000437      0.01446323    
10.001562      0.012664984   
17.319833      0.012403423   

Stress
20.1631      0.0251825    -0.0181412    0.108976     0.0427719    0.0363353   
0.0251825    20.1768      0.00740548    0.0427719    0.0640898    0.0665854   
-0.0181412   0.00740548   20.1614       0.0363353    0.0665854    0.10903     

Stress Spherical
0            0            0             0            0            0           
0            0            0             0            0            0           
0            0            0             0            0            0           

Inertia
266.698      -99.9797     -99.9602      0.242958     0.346699     0.131517    
-99.9797     266.646      -100.013      0.346699     0.276781     0.125067    
-99.9602     -100.013     266.605       0.131517     0.125067     0.582584    

Bond Length
0.62484249    0.00080315564

BB bond length
0.62484249    0.00080315564

Water EE distance
0             0           

PEG EE distance
4.0572716     0.044065105 

BBB P2(x)
0.077901153   0.010066944 

BBB first bond length
0.62491186    0.00073300312

BBB second bond length
0.62492791    0.0009314873

BBB <phi**2>/<phi>**2
1.1192065     0.0040830276

Time = 18000
Temperature
1.0093799     0.0029572849

Pressure
23.223222     0.048501812 

CM Mom
-2.6596171e-17 1.5493447e-17 
-1.8164858e-17 1.2279821e-17 
-9.7921578e-17 1.6793148e-17 
1.0512763e-16  1.5715804e-17 

CM Pos
10.000562      0.010687985   
10.002021      0.012044508   
10.000561      0.011417718   
17.322331      0.012033337   

Stress
20.1766      -0.00228885  -0.00233374   0.0901565    0.0600989    0.051981    
-0.00228885  20.2076      -0.0154546    0.0600989    0.0539214    0.0393063   
-0.00233374  -0.0154546   20.2068       0.051981     0.0393063    0.0731702   

Stress Spherical
0            0            0             0            0            0           
0            0            0             0            0            0           
0            0            0             0            0            0           

Inertia
266.714      -100.034     -100.016      0.350334     0.188511     0.186799    
-100.034     266.689      -100.043      0.188511     0.277187     0.189163    
-100.016     -100.043     266.713       0.186799     0.189163     0.40791     

Bond Length
0.62465023    0.0011107004

BB bond length
0.62465023    0.0011107004

Water EE distance
0             0           

PEG EE distance
3.9802665     0.057788647 

BBB P2(x)
0.079023982   0.0061223702

BBB first bond length
0.62474026    0.0011051952

BBB second bond length
0.62492833    0.0012103901

BBB <phi**2>/<phi>**2
1.1202433     0.0033943566

Time = 19000
Temperature
1.0088694     0.0052388687

Pressure
23.220061     0.030174259 

CM Mom
-1.5957402e-17 3.0361168e-17 
-2.5470109e-17 1.8662474e-17 
-8.0720875e-17 1.0357053e-17 
9.2943363e-17  1.2574303e-17 

CM Pos
10.002646      0.0091890614  
9.9937663      0.012822123   
9.9974762      0.010183955   
17.316987      0.011749112   

Stress
20.2214      0.0130913    0.0208052     0.0719032    0.0280303    0.0484157   
0.0130913    20.1776      0.0232162     0.0280303    0.0667428    0.0558252   
0.0208052    0.0232162    20.187        0.0484157    0.0558252    0.0774746   

Stress Spherical
0            0            0             0            0            0           
0            0            0             0            0            0           
0            0            0             0            0            0           

Inertia
266.478      -99.9408     -99.9783      0.303639     0.213679     0.178652    
-99.9408     266.666      -99.8882      0.213679     0.316508     0.192014    
-99.9783     -99.8882     266.586       0.178652     0.192014     0.361856    

Bond Length
0.62435866    0.0011453148

BB bond length
0.62435866    0.0011453148

Water EE distance
0             0           

PEG EE distance
3.9612113     0.061209192 

BBB P2(x)
0.074933058   0.0054481429

BBB first bond length
0.62455566    0.0012054106

BBB second bond length
0.62459431    0.0013077102

BBB <phi**2>/<phi>**2
1.1172664     0.0025293209

Time = 20000
Temperature
1.0117764     0.0046953334

Pressure
23.239134     0.056216452 

CM Mom
-2.3901213e-17 2.4419946e-17 
-4.8541881e-18 1.4406167e-17 
-7.7437843e-17 1.5575944e-17 
8.5517511e-17  1.8019081e-17 

CM Pos
9.9948913      0.013064933   
9.9974352      0.0097560976  
10.002229      0.0090767656  
17.317373      0.0090624492  

Stress
20.1759      -0.0107435   -0.0155662    0.0865095    0.0594483    0.0409862   
-0.0107435   20.2272      0.0256677     0.0594483    0.0635495    0.0425088   
-0.0155662   0.0256677    20.214        0.0409862    0.0425088    0.0826715   

Stress Spherical
0            0            0             0            0            0           
0            0            0             0            0            0           
0            0            0             0            0            0           

Inertia
266.648      -99.9602     -99.9747      0.23357      0.178121     0.141248    
-99.9602     266.605      -99.9953      0.178121     0.177333     0.145852    
-99.9747     -99.9953     266.504       0.141248     0.145852     0.332359    

Bond Length
0.62492147    0.0012591632

BB bond length
0.62492147    0.0012591632

Water EE distance
0             0           

PEG EE distance
4.123629      0.045003764 

BBB P2(x)
0.082767109   0.010764209 

BBB first bond length
0.62489351    0.0013998064

BBB second bond length
0.62510593    0.0013085978

BBB <phi**2>/<phi>**2
1.1193397     0.0033916897

Time = 21000
Temperature
1.0093969     0.0048245165

Pressure
23.206088     0.064615521 

CM Mom
-1.7348826e-17 1.7385732e-17 
-1.3209849e-17 2.0021557e-17 
-8.3101304e-17 1.9987475e-17 
9.0164534e-17  1.8822621e-17 

CM Pos
10.000145      0.011651308   
9.9957675      0.01130142    
10.003647      0.0091435482  
17.320261      0.010386142   

Stress
20.173       0.0031791    0.00424824    0.0818549    0.0344491    0.0497229   
0.0031791    20.1837      -0.00830707   0.0344491    0.0609785    0.0698749   
0.00424824   -0.00830707  20.1826       0.0497229    0.0698749    0.0910298   

Stress Spherical
0            0            0             0            0            0           
0            0            0             0            0            0           
0            0            0             0            0            0           

Inertia
266.624      -99.9597     -100.014      0.311388     0.205623     0.12488     
-99.9597     266.713      -99.9704      0.205623     0.175845     0.181713    
-100.014     -99.9704     266.552       0.12488      0.181713     0.335046    

Bond Length
0.62489594    0.0016804686

BB bond length
0.62489594    0.0016804686

Water EE distance
0             0           

PEG EE distance
4.0434725     0.057679281 

BBB P2(x)
0.081282974   0.0072020661

BBB first bond length
0.6249647     0.0017922982

BBB second bond length
0.62511105    0.0017448185

BBB <phi**2>/<phi>**2
1.1198871     0.003732195 

Time = 22000
Temperature
1.010935      0.0055917029

Pressure
23.221758     0.056546725 

CM Mom
-1.4070694e-17 2.067298e-17  
-1.940437e-17  1.5158055e-17 
-6.5131493e-17 2.1755988e-17 
7.4108213e-17  2.1332132e-17 

CM Pos
9.9963089      0.013877103   
10.003522      0.009744331   
9.998727       0.012008952   
17.319685      0.011088865   

Stress
20.1788      -0.0147797   0.0009865     0.0609687    0.0433247    0.036635    
-0.0147797   20.1966      0.0052585     0.0433247    0.056253     0.03561     
0.0009865    0.0052585    20.1971       0.036635     0.03561      0.0678711   

Stress Spherical
0            0            0             0            0            0           
0            0            0             0            0            0           
0            0            0             0            0            0           

Inertia
266.701      -99.9711     -99.9959      0.366645     0.216126     0.175992    
-99.9711     266.554      -100.002      0.216126     0.25059      0.165148    
-99.9959     -100.002     266.657       0.175992     0.165148     0.303111    

Bond Length
0.62509031    0.0013227074

BB bond length
0.62509031    0.0013227074

Water EE distance
0             0           

PEG EE distance
4.0546376     0.054436497 

BBB P2(x)
0.075761618   0.0080342789

BBB first bond length
0.6254371     0.001247225 

BBB second bond length
0.62531857    0.0015020258

BBB <phi**2>/<phi>**2
1.118535      0.0027403839

Time = 23000
Temperature
1.0120452     0.0031253134

Pressure
23.212799     0.066051213 

CM Mom
-1.3925349e-17 2.0148383e-17 
-1.0479306e-17 2.230045e-17  
-6.7529165e-17 1.6265349e-17 
7.5508416e-17  1.8172161e-17 

CM Pos
10.001812      0.005558752   
10.000771      0.014084244   
9.9965589      0.012404269   
17.320018      0.014378323   

Stress
20.1848      0.0341709    0.0200151     0.0613135    0.0497824    0.0534337   
0.0341709    20.1573      -0.010603     0.0497824    0.100795     0.0377819   
0.0200151    -0.010603    20.1936       0.0534337    0.0377819    0.0980728   

Stress Spherical
0            0            0             0            0            0           
0            0            0             0            0            0           
0            0            0             0            0            0           

Inertia
266.606      -100.023     -99.9724      0.507118     0.153477     0.16059     
-100.023     266.62       -99.9645      0.153477     0.304864     0.242547    
-99.9724     -99.9645     266.71        0.16059      0.242547     0.274684    

Bond Length
0.62490389    0.0011110196

BB bond length
0.62490389    0.0011110196

Water EE distance
0             0           

PEG EE distance
4.0238875     0.02985792  

BBB P2(x)
0.076671697   0.0070970837

BBB first bond length
0.62522703    0.0011628503

BBB second bond length
0.62512576    0.0010462314

BBB <phi**2>/<phi>**2
1.1198191     0.0033659298

Time = 24000
Temperature
1.0096668     0.003870914 

Pressure
23.205574     0.048042869 

CM Mom
4.2504161e-19  2.4395633e-17 
-2.8838141e-18 1.9026959e-17 
-5.4982771e-17 2.2248203e-17 
6.2792813e-17  2.3255524e-17 

CM Pos
10.001896      0.011693304   
9.9972685      0.017443511   
9.9952248      0.013369005   
17.317275      0.020261345   

Stress
20.1726      0.00548461   -0.000105405  0.0845775    0.0418763    0.0645338   
0.00548461   20.1932      0.00727454    0.0418763    0.0692742    0.027992    
-0.000105405 0.00727454   20.1696       0.0645338    0.027992     0.060099    

Stress Spherical
0            0            0             0            0            0           
0            0            0             0            0            0           
0            0            0             0            0            0           

Inertia
266.496      -100.018     -99.9403      0.546586     0.302542     0.206219    
-100.018     266.587      -99.8754      0.302542     0.356385     0.324363    
-99.9403     -99.8754     266.64        0.206219     0.324363     0.436988    

Bond Length
0.62424353    0.0015205579

BB bond length
0.62424353    0.0015205579

Water EE distance
0             0           

PEG EE distance
4.0446761     0.049289804 

BBB P2(x)
0.077938223   0.0079401747

BBB first bond length
0.62448826    0.0015588367

BBB second bond length
0.62447399    0.0015069863

BBB <phi**2>/<phi>**2
1.1190398     0.004297892 

Time = 25000
Temperature
1.011789      0.0040674125

Pressure
23.224843     0.048180917 

CM Mom
-3.5694006e-18 1.9530653e-17 
1.9424853e-18  6.4951474e-18 
-3.2500697e-17 2.4973017e-17 
4.256845e-17   1.7550532e-17 

CM Pos
9.9964756      0.0068558865  
9.9991863      0.0037662171  
10.000978      0.015533883   
17.318574      0.010203371   

Stress
20.2295      0.00785655   -0.000807364  0.0527557    0.0330297    0.0353087   
0.00785655   20.157       -0.00230687   0.0330297    0.0641804    0.0405134   
-0.000807364 -0.00230687  20.1876       0.0353087    0.0405134    0.0730188   

Stress Spherical
0            0            0             0            0            0           
0            0            0             0            0            0           
0            0            0             0            0            0           

Inertia
266.669      -99.9535     -99.9546      0.324267     0.0877715    0.156613    
-99.9535     266.626      -99.9966      0.0877715    0.34796      0.152164    
-99.9546     -99.9966     266.591       0.156613     0.152164     0.156904    

Bond Length
0.62428608    0.0010716508

BB bond length
0.62428608    0.0010716508

Water EE distance
0             0           

PEG EE distance
4.0511145     0.066456122 

BBB P2(x)
0.084263618   0.0090295849

BBB first bond length
0.62451118    0.000908612 

BBB second bond length
0.6243863     0.00097758813

BBB <phi**2>/<phi>**2
1.1198587     0.002748906 

Time = 26000
Temperature
1.0103141     0.0066073842

Pressure
23.224151     0.069986603 

CM Mom
2.0031691e-17  1.4581095e-17 
1.3033346e-17  1.8372139e-17 
-4.848269e-17  1.4422352e-17 
5.8860086e-17  1.4674684e-17 

CM Pos
9.9994775      0.0087152755  
10.000604      0.008840824   
10.003647      0.013894128   
17.322667      0.012001733   

Stress
20.1846      0.00313004   0.0165709     0.0775778    0.0544477    0.0553546   
0.00313004   20.1886      0.010257      0.0544477    0.0701439    0.0470705   
0.0165709    0.010257     20.2121       0.0553546    0.0470705    0.0937828   

Stress Spherical
0            0            0             0            0            0           
0            0            0             0            0            0           
0            0            0             0            0            0           

Inertia
266.737      -99.9688     -100.006      0.314631     0.130684     0.180592    
-99.9688     266.73       -100.029      0.130684     0.398991     0.18123     
-100.006     -100.029     266.661       0.180592     0.18123      0.225957    

Bond Length
0.62494491    0.0011337265

BB bond length
0.62494491    0.0011337265

Water EE distance
0             0           

PEG EE distance
4.1137692     0.027780803 

BBB P2(x)
0.085323892   0.0036984087

BBB first bond length
0.62499756    0.0011538458

BBB second bond length
0.62502385    0.0013810415

BBB <phi**2>/<phi>**2
1.1222584     0.0031132647

Time = 27000
Temperature
1.0086417     0.0024898704

Pressure
23.188237     0.054502876 

CM Mom
3.7965137e-17  1.0591009e-17 
-2.3567649e-18 1.5985734e-17 
-3.4070446e-17 1.5888688e-17 
5.5664927e-17  1.1370172e-17 

CM Pos
10.00298       0.0096870782  
10.001521      0.011844257   
9.9963922      0.01087501    
17.321033      0.0070238429  

Stress
20.1338      0.00551003   -0.0145753    0.0688302    0.0439302    0.056819    
0.00551003   20.1779      -0.0209086    0.0439302    0.0494045    0.0483871   
-0.0145753   -0.0209086   20.1809       0.056819     0.0483871    0.0875048   

Stress Spherical
0            0            0             0            0            0           
0            0            0             0            0            0           
0            0            0             0            0            0           

Inertia
266.621      -100.092     -100.028      0.229429     0.161711     0.133286    
-100.092     266.656      -99.9765      0.161711     0.237703     0.161727    
-100.028     -99.9765     266.751       0.133286     0.161727     0.250772    

Bond Length
0.62446685    0.0011587909

BB bond length
0.62446685    0.0011587909

Water EE distance
0             0           

PEG EE distance
4.0617826     0.046188396 

BBB P2(x)
0.077844013   0.0058043372

BBB first bond length
0.62461905    0.0011239866

BBB second bond length
0.62460306    0.0011085252

BBB <phi**2>/<phi>**2
1.1201234     0.002961819 

Time = 28000
Temperature
1.0089975     0.0054301521

Pressure
23.22076      0.054831637 

CM Mom
3.8108978e-17  1.8064879e-17 
-1.3493133e-17 2.1566728e-17 
-3.2384051e-17 9.1301661e-18 
5.6679717e-17  1.8582756e-17 

CM Pos
10.002563      0.010678873   
9.9967681      0.015025355   
9.9968925      0.008440074   
17.318337      0.011066108   

Stress
20.2441      0.00112214   -0.00140086   0.0670739    0.0490842    0.0519736   
0.00112214   20.1868      0.0150938     0.0490842    0.0665404    0.0345705   
-0.00140086  0.0150938    20.1561       0.0519736    0.0345705    0.0613792   

Stress Spherical
0            0            0             0            0            0           
