Time = 1000
Temperature
   1.1745755    0.27468411

Pressure
   23.890852     1.2669068

CM Mom
1.5180074e-18  2.0745876e-17 
9.8888673e-18  4.0455944e-17 
-2.8406472e-16 4.5055545e-16 
2.9911362e-16  4.4316045e-16 

CM Pos
7.4947578      0.030520511   
7.4996264      0.020567883   
7.4989107      0.0078218908  
12.986542      0.02439038    

Stress
20.3133      -0.018378    0.0347744     0.487507     0.0324715    0.0890574   
-0.018378    20.3993      0.0269798     0.0324715    0.44992      0.063834    
0.0347744    0.0269798    20.4013       0.0890574    0.063834     0.490355    

Stress Spherical
0            0            0             0            0            0           
0            0            0             0            0            0           
0            0            0             0            0            0           

Inertia
150.18       -56.1979     -56.1913      1.41396      0.322322     0.168755    
-56.1979     150.118      -56.2509      0.322322     1.08517      0.205909    
-56.1913     -56.2509     150.098       0.168755     0.205909     0.936331    

Bond Length
0.61938124    0.0098060315

BB bond length
0.61938124    0.0098060315

Water EE distance
0             0           

PEG EE distance
6.8604046     0.12187666  

BBB P2(x)
0.46871312    0.067767838 

BBB first bond length
0.61920586    0.0097784864

BBB second bond length
0.61951797    0.0097682094

BBB <phi**2>/<phi>**2
1.2171711     0.015024347 

Time = 2000
Temperature
1.0149354     0.0034894869

Pressure
23.006595     0.056874466 

CM Mom
-3.4235513e-17 1.4550742e-17 
-1.3911546e-17 2.59497e-17   
-2.8900051e-17 4.5774601e-17 
6.5567353e-17  2.9701208e-17 

CM Pos
7.5049922      0.01018587    
7.501703       0.017462585   
7.5011356      0.0082529978  
12.994917      0.010173365   

Stress
19.9993      -0.0329927   0.0152845     0.0842341    0.0918723    0.0845437   
-0.0329927   19.9978      0.0534571     0.0918723    0.0924827    0.0669283   
0.0152845    0.0534571    19.8991       0.0845437    0.0669283    0.0906051   

Stress Spherical
0            0            0             0            0            0           
0            0            0             0            0            0           
0            0            0             0            0            0           

Inertia
149.945      -56.2916     -56.3182      0.388787     0.136981     0.102437    
-56.2916     149.992      -56.289       0.136981     0.190853     0.117244    
-56.3182     -56.289      149.99        0.102437     0.117244     0.327114    

Bond Length
0.61676873    0.0011570941

BB bond length
0.61676873    0.0011570941

Water EE distance
0             0           

PEG EE distance
6.938065      0.12962272  

BBB P2(x)
0.50559545    0.0084234695

BBB first bond length
0.61672847    0.001186762 

BBB second bond length
0.61692055    0.001198992 

BBB <phi**2>/<phi>**2
1.2229617     0.0072624385

