Time = 1000
Temperature
   1.2074455    0.33546919

Pressure
   23.997972     1.4235337

CM Mom
4.2621422e-17  3.5071512e-17 
-4.749825e-17  4.2712014e-17 
-1.9634575e-16 4.0252985e-16 
3.1231223e-16  3.3191866e-16 

CM Pos
7.4983688      0.013018948   
7.5115797      0.011594625   
7.5037409      0.017415273   
12.998302      0.015873704   

Stress
20.3483      0.0172213    -0.0352729    0.442202     0.0806614    0.0582869   
0.0172213    20.3737      -0.0208282    0.0806614    0.403551     0.0957701   
-0.0352729   -0.0208282   20.406        0.0582869    0.0957701    0.513959    

Stress Spherical
0            0            0             0            0            0           
0            0            0             0            0            0           
0            0            0             0            0            0           

Inertia
150.476      -56.3118     -56.2371      1.64279      0.13932      0.172166    
-56.3118     150.26       -56.3872      0.13932      1.57206      0.186512    
-56.2371     -56.3872     150.388       0.172166     0.186512     1.50171     

Bond Length
0.61959496    0.01058197  

BB bond length
0.61959496    0.01058197  

Water EE distance
0             0           

PEG EE distance
7.3015388     0.15267507  

BBB P2(x)
0.47264398    0.065484463 

BBB first bond length
0.61968288    0.01073655  

BBB second bond length
0.61951114    0.010434743 

BBB <phi**2>/<phi>**2
1.221616      0.013725918 

Time = 2000
Temperature
1.0153398     0.0082684805

Pressure
23.075369     0.066583089 

CM Mom
6.2537364e-17  1.5465984e-17 
-6.9518409e-17 9.9087487e-18 
-2.4156179e-17 2.6741629e-17 
1.0141726e-16  9.7100731e-18 

CM Pos
7.494961       0.016039947   
7.4986896      0.0097483904  
7.5112972      0.011990205   
12.993257      0.012415479   

Stress
20.0151      0.0112195    0.00975366    0.101481     0.0953414    0.0461877   
0.0112195    20.002       -0.0167285    0.0953414    0.0773126    0.0675898   
0.00975366   -0.0167285   20.0719       0.0461877    0.0675898    0.103004    

Stress Spherical
0            0            0             0            0            0           
0            0            0             0            0            0           
0            0            0             0            0            0           

Inertia
150.065      -56.204      -56.2993      0.521989     0.148975     0.144263    
-56.204      149.985      -56.3245      0.148975     0.420013     0.140961    
-56.2993     -56.3245     149.802       0.144263     0.140961     0.401076    

Bond Length
0.61588595    0.001801156 

BB bond length
0.61588595    0.001801156 

Water EE distance
0             0           

PEG EE distance
7.2952534     0.14997503  

BBB P2(x)
0.50798731    0.0085539275

BBB first bond length
0.61598297    0.0019309006

BBB second bond length
0.61602129    0.0018047944

BBB <phi**2>/<phi>**2
1.2237041     0.0053185595

