Time = 1000
Temperature
   1.1265981     0.1759444

Pressure
   23.647375    0.84311196

CM Mom
-9.3568718e-17 3.559365e-17  
1.7619026e-17  1.8435408e-17 
-3.6330307e-17 2.6013992e-16 
2.4420353e-16  1.4152602e-16 

CM Pos
7.4994719      0.011442654   
7.4927616      0.028035764   
7.4910344      0.015345592   
12.980735      0.028571711   

Stress
20.3377      -0.00618744  -0.0245447    0.362001     0.0676405    0.082192    
-0.00618744  20.2165      -0.0212834    0.0676405    0.343647     0.074232    
-0.0245447   -0.0212834   20.2865       0.082192     0.074232     0.31216     

Stress Spherical
0            0            0             0            0            0           
0            0            0             0            0            0           
0            0            0             0            0            0           

Inertia
149.881      -56.1785     -56.1487      1.19942      0.31835      0.167969    
-56.1785     150.013      -56.1258      0.31835      1.30526      0.355805    
-56.1487     -56.1258     150.034       0.167969     0.355805     1.23848     

Bond Length
0.62058271    0.0079238711

BB bond length
0.62058271    0.0079238711

Water EE distance
0             0           

PEG EE distance
7.7872976     0.11417499  

BBB P2(x)
0.46399826    0.068661487 

BBB first bond length
0.62061246    0.0079877732

BBB second bond length
0.6208159     0.0080177143

BBB <phi**2>/<phi>**2
1.2174056     0.018305676 

Time = 2000
Temperature
1.0133513     0.0053597814

Pressure
23.034736     0.10387095  

CM Mom
-7.8194669e-17 9.5267145e-18 
4.0237467e-17  1.6772622e-17 
-4.9548394e-18 4.1271574e-17 
9.8332005e-17  1.2815975e-17 

CM Pos
7.5022974      0.0092341676  
7.5071862      0.016195333   
7.5032283      0.014772902   
12.997731      0.017275866   

Stress
20.0194      0.0123923    0.0345354     0.142292     0.0795745    0.0704176   
0.0123923    20.0073      -0.00229672   0.0795745    0.173717     0.0594672   
0.0345354    -0.00229672  19.9916       0.0704176    0.0594672    0.0826027   

Stress Spherical
0            0            0             0            0            0           
0            0            0             0            0            0           
0            0            0             0            0            0           

Inertia
150.032      -56.2862     -56.2569      0.340787     0.13446      0.123182    
-56.2862     149.957      -56.3135      0.13446      0.249977     0.222773    
-56.2569     -56.3135     150.03        0.123182     0.222773     0.225141    

Bond Length
0.618818      0.0023544799

BB bond length
0.618818      0.0023544799

Water EE distance
0             0           

PEG EE distance
7.5973733     0.069106849 

BBB P2(x)
0.51034881    0.012429689 

BBB first bond length
0.61885484    0.0022155031

BBB second bond length
0.61866934    0.0024826419

BBB <phi**2>/<phi>**2
1.229685      0.004697985 

