Time = 1000
Temperature
    1.028046   0.032265746

Pressure
   23.695377    0.14729945

CM Mom
3.5767629e-17  1.983106e-17  
1.1606224e-16  2.9726034e-17 
-2.8076159e-17 5.4285245e-17 
1.3688022e-16  3.202558e-17  

CM Pos
7.4979867      0.014082756   
7.4954553      0.011678274   
7.4946557      0.024637999   
12.983522      0.024608537   

Stress
20.6037      -0.0327047   0.0183607     0.0906636    0.0770949    0.0727269   
-0.0327047   20.63        0.0504561     0.0770949    0.107322     0.0929574   
0.0183607    0.0504561    20.6037       0.0727269    0.0929574    0.14378     

Stress Spherical
0            0            0             0            0            0           
0            0            0             0            0            0           
0            0            0             0            0            0           

Inertia
149.867      -56.1851     -56.1956      0.238847     0.157698     0.29277     
-56.1851     149.886      -56.1683      0.157698     0.384974     0.234414    
-56.1956     -56.1683     149.899       0.29277      0.234414     0.251229    

Bond Length
0.61961058    0.0039995625

BB bond length
0.61961058    0.0039995625

Water EE distance
0             0           

PEG EE distance
2.981141      0.14841124  

BBB P2(x)
0.49254106    0.047242136 

BBB first bond length
0.61897952    0.0040044964

BBB second bond length
0.61970386    0.0050638835

BBB <phi**2>/<phi>**2
1.2248215     0.020434982 

Time = 2000
Temperature
1.0114462     0.0089284351

Pressure
23.59149      0.060034623 

CM Mom
4.8362603e-17  2.2675001e-17 
1.2579109e-16  1.794869e-17  
-6.1851522e-18 3.0336461e-17 
1.4001319e-16  1.8801929e-17 

CM Pos
7.5006544      0.015172921   
7.5041995      0.013021964   
7.506364       0.017516627   
12.996871      0.019314367   

Stress
20.5421      -0.0237362   -0.0263533    0.140413     0.055115     0.0494068   
-0.0237362   20.5633      0.0170193     0.055115     0.0902942    0.0611814   
-0.0263533   0.0170193    20.5696       0.0494068    0.0611814    0.0956415   

Stress Spherical
0            0            0             0            0            0           
0            0            0             0            0            0           
0            0            0             0            0            0           

Inertia
150.134      -56.2833     -56.3398      0.296268     0.146812     0.241806    
-56.2833     150.083      -56.3135      0.146812     0.399315     0.172537    
-56.3398     -56.3135     150.054       0.241806     0.172537     0.253973    

Bond Length
0.62175988    0.0026776277

BB bond length
0.62175988    0.0026776277

Water EE distance
0             0           

PEG EE distance
3.0605612     0.073056623 

BBB P2(x)
0.52062132    0.030879167 

BBB first bond length
0.62126121    0.003555499 

BBB second bond length
0.62289836    0.0019868268

BBB <phi**2>/<phi>**2
1.236064      0.022280973 

