Time = 1000
Temperature
    1.063558   0.074666886

Pressure
   23.564756    0.45139028

CM Mom
1.5538834e-17  2.1381662e-17 
4.821624e-17   1.4545216e-17 
1.2554065e-18  1.2631504e-16 
1.2315775e-16  6.3436838e-17 

CM Pos
7.5009696      0.014365624   
7.4981932      0.0068343899  
7.5005811      0.0079247041  
12.990241      0.011372499   

Stress
20.4022      0.0279047    -0.00104954   0.279498     0.0487827    0.0622411   
0.0279047    20.3604      -0.0117949    0.0487827    0.210318     0.0398723   
-0.00104954  -0.0117949   20.3871       0.0622411    0.0398723    0.277075    

Stress Spherical
0            0            0             0            0            0           
0            0            0             0            0            0           
0            0            0             0            0            0           

Inertia
150.043      -56.2568     -56.2794      0.916329     0.131744     0.175467    
-56.2568     150.055      -56.2421      0.131744     0.744825     0.119322    
-56.2794     -56.2421     150.041       0.175467     0.119322     0.898379    

Bond Length
0.61962658    0.0037874933

BB bond length
0.61962658    0.0037874933

Water EE distance
0             0           

PEG EE distance
6.4070137     0.098736897 

BBB P2(x)
0.46533827    0.061412469 

BBB first bond length
0.61964228    0.0039102868

BBB second bond length
0.61946604    0.0039974305

BBB <phi**2>/<phi>**2
1.2138989     0.014903112 

Time = 2000
Temperature
1.0145857     0.0082662911

Pressure
23.332666     0.054693155 

CM Mom
2.2199237e-17  1.1647146e-17 
6.0296692e-17  1.3172951e-17 
5.6162703e-18  2.1151244e-17 
6.9654e-17     8.057155e-18  

CM Pos
7.5003753      0.017903592   
7.499679       0.013581293   
7.5001354      0.010310629   
12.990501      0.018234969   

Stress
20.2944      -0.00835363  0.00406955    0.0962028    0.0541481    0.0841306   
-0.00835363  20.3264      -0.0339207    0.0541481    0.124283     0.080079    
0.00406955   -0.0339207   20.2721       0.0841306    0.080079     0.0856277   

Stress Spherical
0            0            0             0            0            0           
0            0            0             0            0            0           
0            0            0             0            0            0           

Inertia
149.883      -56.2096     -56.2502      0.306209     0.232095     0.197785    
-56.2096     149.899      -56.2672      0.232095     0.265968     0.171981    
-56.2502     -56.2672     149.894       0.197785     0.171981     0.288264    

Bond Length
0.61865659    0.0016202605

BB bond length
0.61865659    0.0016202605

Water EE distance
0             0           

PEG EE distance
6.6205574     0.11888709  

BBB P2(x)
0.50893621    0.0148105   

BBB first bond length
0.61877271    0.001752842 

BBB second bond length
0.6186189     0.0017470584

BBB <phi**2>/<phi>**2
1.2266136     0.013379152 

Time = 3000
Temperature
1.0139192     0.0094031515

Pressure
23.32927      0.076549423 

CM Mom
2.5623323e-17  2.1831833e-17 
7.4058397e-17  2.4455894e-17 
1.5858149e-17  1.8897639e-17 
8.4952143e-17  2.4650672e-17 

CM Pos
7.4926495      0.0130922     
7.5054733      0.015574747   
7.5063755      0.0071005169  
12.992996      0.010975046   

Stress
20.2741      -0.00666026  0.0300988     0.0943014    0.0786061    0.0524588   
-0.00666026  20.3057      0.0286737     0.0786061    0.0981545    0.0619496   
0.0300988    0.0286737    20.3088       0.0524588    0.0619496    0.0864525   

Stress Spherical
0            0            0             0            0            0           
0            0            0             0            0            0           
0            0            0             0            0            0           

Inertia
150.129      -56.2637     -56.2704      0.291224     0.161066     0.129091    
-56.2637     149.924      -56.3351      0.161066     0.223075     0.161477    
-56.2704     -56.3351     149.912       0.129091     0.161477     0.373605    

Bond Length
0.62113886    0.0021467395

BB bond length
0.62113886    0.0021467395

Water EE distance
0             0           

PEG EE distance
7.0043986     0.14275597  

BBB P2(x)
0.51897622    0.012028532 

BBB first bond length
0.62128814    0.0019182388

BBB second bond length
0.62083692    0.0023043414

BBB <phi**2>/<phi>**2
1.2280419     0.014587742 

Time = 4000
Temperature
1.0095621     0.0073049822

Pressure
23.265994     0.095555716 

CM Mom
-8.5947163e-18 2.1576514e-17 
9.6064093e-17  1.6298662e-17 
3.1566331e-17  1.9028154e-17 
1.0550836e-16  1.6120188e-17 

CM Pos
7.499781       0.0080572981  
7.5085934      0.012175793   
7.5038497      0.013778958   
12.997448      0.014366954   

Stress
20.2353      0.0165059    -0.0182464    0.110042     0.0892003    0.0765367   
0.0165059    20.2874      0.0306494     0.0892003    0.101417     0.0619882   
-0.0182464   0.0306494    20.2152       0.0765367    0.0619882    0.111605    

Stress Spherical
0            0            0             0            0            0           
0            0            0             0            0            0           
0            0            0             0            0            0           

Inertia
150.158      -56.3332     -56.3152      0.344163     0.122956     0.125883    
-56.3332     150.017      -56.3718      0.122956     0.278337     0.180923    
-56.3152     -56.3718     150.095       0.125883     0.180923     0.251541    

Bond Length
0.61875663    0.0014826989

BB bond length
0.61875663    0.0014826989

Water EE distance
0             0           

PEG EE distance
6.7810066     0.15471992  

BBB P2(x)
0.50636978    0.010381297 

BBB first bond length
0.6186756     0.0015531182

BBB second bond length
0.61854984    0.0016585153

BBB <phi**2>/<phi>**2
1.2258645     0.0091563801

Time = 5000
Temperature
1.0094683     0.0046770059

Pressure
23.281923     0.1127403   

CM Mom
-1.9085807e-17 1.4783485e-17 
1.0150057e-16  1.6664435e-17 
2.4752387e-17  4.8305338e-17 
1.166316e-16   2.2495449e-17 

CM Pos
7.4978496      0.013172045   
7.4900217      0.008841071   
7.5051869      0.010820409   
12.98639       0.0059435683  

Stress
20.2518      0.0186547    0.00863821    0.136201     0.0913951    0.0569439   
0.0186547    20.3062      -0.0228777    0.0913951    0.141466     0.0722626   
0.00863821   -0.0228777   20.2286       0.0569439    0.0722626    0.110824    

Stress Spherical
0            0            0             0            0            0           
0            0            0             0            0            0           
0            0            0             0            0            0           

Inertia
149.903      -56.1482     -56.2378      0.102589     0.15414      0.115198    
-56.1482     150.01       -56.2091      0.15414      0.204892     0.0913082   
-56.2378     -56.2091     149.8         0.115198     0.0913082    0.259827    

Bond Length
0.61981654    0.0036571774

BB bond length
0.61981654    0.0036571774

Water EE distance
0             0           

PEG EE distance
6.8445768     0.15447696  

BBB P2(x)
0.50683787    0.011836373 

BBB first bond length
0.61973342    0.0034401944

BBB second bond length
0.61977162    0.0036696111

BBB <phi**2>/<phi>**2
1.2239451     0.0074215873

Time = 6000
Temperature
1.0127269     0.0066106947

Pressure
23.233234     0.053935112 

CM Mom
1.0800922e-17  1.8922445e-17 
1.0197012e-16  2.8298644e-17 
3.0649072e-17  1.5039244e-17 
1.1057223e-16  2.4754095e-17 

CM Pos
7.5002268      0.0096561471  
7.5023533      0.012088458   
7.4937467      0.010886509   
12.988269      0.013286908   

Stress
20.1624      -0.015208    -0.032239     0.0767433    0.0745063    0.1027      
-0.015208    20.235       -0.0151043    0.0745063    0.0708669    0.0721125   
-0.032239    -0.0151043   20.2139       0.1027       0.0721125    0.0973839   

Stress Spherical
0            0            0             0            0            0           
0            0            0             0            0            0           
0            0            0             0            0            0           

Inertia
149.931      -56.2998     -56.2319      0.271194     0.153824     0.147914    
-56.2998     149.885      -56.22        0.153824     0.294188     0.159753    
-56.2319     -56.22       150.031       0.147914     0.159753     0.246637    

Bond Length
0.62148892    0.0014177644

BB bond length
0.62148892    0.0014177644

Water EE distance
0             0           

PEG EE distance
6.5528646     0.28008392  

BBB P2(x)
0.51645336    0.015000633 

BBB first bond length
0.62126413    0.0014897382

BBB second bond length
0.62133012    0.0015342605

BBB <phi**2>/<phi>**2
1.2324202     0.012863965 

Time = 7000
Temperature
1.0108729     0.010518919 

Pressure
23.25198      0.049093195 

CM Mom
2.7666984e-17  2.5230092e-17 
1.0776839e-16  1.5057252e-17 
2.2688932e-17  2.0898126e-17 
1.1776058e-16  1.8075702e-17 

CM Pos
7.4985925      0.015628512   
7.4990847      0.013202175   
7.4973125      0.011296487   
12.987503      0.012704325   

Stress
20.2075      0.0125266    0.0165494     0.0386714    0.053424     0.0681321   
0.0125266    20.2518      0.0480264     0.053424     0.0846481    0.0600565   
0.0165494    0.0480264    20.2248       0.0681321    0.0600565    0.0951973   

Stress Spherical
0            0            0             0            0            0           
0            0            0             0            0            0           
0            0            0             0            0            0           

Inertia
149.922      -56.2384     -56.1948      0.256777     0.163685     0.148408    
-56.2384     149.906      -56.2121      0.163685     0.250389     0.123863    
-56.1948     -56.2121     149.937       0.148408     0.123863     0.312812    

Bond Length
0.62034821    0.0031869352

BB bond length
0.62034821    0.0031869352

Water EE distance
0             0           

PEG EE distance
7.0719        0.12715751  

BBB P2(x)
0.51524359    0.012805708 

BBB first bond length
0.62030887    0.0030856336

BBB second bond length
0.62059468    0.0031963098

BBB <phi**2>/<phi>**2
1.2229987     0.013940409 

Time = 8000
Temperature
1.0109128     0.0091715321

Pressure
23.297065     0.099014902 

CM Mom
3.3299955e-17  1.554493e-17  
1.0920345e-16  3.491463e-17  
2.5273079e-18  4.9331129e-17 
1.2571297e-16  3.3632656e-17 

CM Pos
7.5000782      0.027381531   
7.5013133      0.010099733   
7.4979068      0.018829041   
12.990011      0.017291007   

Stress
20.2864      -0.0070164   0.0118436     0.132987     0.0919027    0.0735785   
-0.0070164   20.2821      -0.0291716    0.0919027    0.132503     0.0958759   
0.0118436    -0.0291716   20.2506       0.0735785    0.0958759    0.0872634   

Stress Spherical
0            0            0             0            0            0           
0            0            0             0            0            0           
0            0            0             0            0            0           

Inertia
149.99       -56.2898     -56.2125      0.38331      0.175416     0.23677     
-56.2898     149.932      -56.2327      0.175416     0.330238     0.141352    
-56.2125     -56.2327     150.001       0.23677      0.141352     0.483855    

Bond Length
0.61846295    0.0018186914

BB bond length
0.61846295    0.0018186914

Water EE distance
0             0           

PEG EE distance
6.9449069     0.098373476 

BBB P2(x)
0.51044342    0.018138027 

BBB first bond length
0.6185112     0.0019806119

BBB second bond length
0.61843011    0.0020756903

BBB <phi**2>/<phi>**2
1.2205083     0.012056415 

Time = 9000
Temperature
1.0091148     0.0068145129

Pressure
23.253246     0.11657602  

CM Mom
3.5867813e-17  2.0717878e-17 
1.0665773e-16  1.431875e-17  
-1.3136888e-17 2.0441552e-17 
1.170833e-16   1.33628e-17   

CM Pos
7.4990382      0.011485429   
7.5025019      0.013196322   
7.4987982      0.015020646   
12.990594      0.0097038945  

Stress
20.2469      -0.0404043   -0.0260771    0.153773     0.0697052    0.0562323   
-0.0404043   20.2574      -0.0154452    0.0697052    0.152885     0.0689615   
-0.0260771   -0.0154452   20.1994       0.0562323    0.0689615    0.120345    

Stress Spherical
0            0            0             0            0            0           
0            0            0             0            0            0           
0            0            0             0            0            0           

Inertia
150.025      -56.2819     -56.2456      0.251614     0.0920712    0.133983    
-56.2819     149.931      -56.2675      0.0920712    0.311227     0.126685    
-56.2456     -56.2675     150.002       0.133983     0.126685     0.180749    

Bond Length
0.61910315    0.0033971364

BB bond length
0.61910315    0.0033971364

Water EE distance
0             0           

PEG EE distance
6.6393773     0.085050976 

BBB P2(x)
0.51013353    0.011897172 

BBB first bond length
0.61923857    0.0036319759

BBB second bond length
0.61936569    0.0032772158

BBB <phi**2>/<phi>**2
1.2257077     0.011581302 

Time = 10000
Temperature
1.0069023     0.0052871655

Pressure
23.283131     0.054862048 

CM Mom
4.3059631e-17  1.8126295e-17 
1.4218904e-16  2.5076845e-17 
-4.0682152e-17 1.3131434e-17 
1.55838e-16    2.3900956e-17 

CM Pos
7.5018611      0.0094912894  
7.4992332      0.019938235   
7.5032554      0.015020646   
12.992912      0.014982699   

Stress
20.306       -0.00504259  -0.0432751    0.086142     0.0484719    0.078616    
-0.00504259  20.2561      0.00165341    0.0484719    0.0789918    0.101697    
-0.0432751   0.00165341   20.2512       0.078616     0.101697     0.104121    

Stress Spherical
0            0            0             0            0            0           
0            0            0             0            0            0           
0            0            0             0            0            0           

Inertia
150.018      -56.3206     -56.297       0.374382     0.110852     0.144743    
-56.3206     150.033      -56.2184      0.110852     0.269542     0.200421    
-56.297      -56.2184     149.994       0.144743     0.200421     0.275439    

Bond Length
0.61911546    0.0030296469

BB bond length
0.61911546    0.0030296469

Water EE distance
0             0           

PEG EE distance
6.7695434     0.1983974   

BBB P2(x)
0.50727583    0.011778384 

BBB first bond length
0.61894436    0.0030193475

BBB second bond length
0.61903126    0.0029335635

BBB <phi**2>/<phi>**2
1.2234743     0.011853395 

Time = 11000
Temperature
1.0079434     0.0072042484

Pressure
23.237825     0.077478055 

CM Mom
7.2275975e-17  1.5184974e-17 
1.1421793e-16  1.9313015e-17 
-4.2532753e-17 1.5251748e-17 
1.4333363e-16  1.924187e-17  

CM Pos
7.5006725      0.0096846802  
7.5023533      0.0091345639  
7.4919638      0.01264274    
12.987496      0.013947661   

Stress
20.2387      0.00800819   0.000758645   0.084751     0.068157     0.0576356   
0.00800819   20.2078      -0.0513346    0.068157     0.148971     0.0723909   
0.000758645  -0.0513346   20.2214       0.0576356    0.0723909    0.112949    

Stress Spherical
0            0            0             0            0            0           
0            0            0             0            0            0           
0            0            0             0            0            0           

Inertia
149.893      -56.2708     -56.1689      0.232358     0.162418     0.162928    
-56.2708     149.868      -56.2247      0.162418     0.250574     0.165657    
-56.1689     -56.2247     150.011       0.162928     0.165657     0.174115    

Bond Length
0.61868939    0.0030018923

BB bond length
0.61868939    0.0030018923

Water EE distance
0             0           

PEG EE distance
6.721898      0.1149452   

BBB P2(x)
0.51627973    0.014694489 

BBB first bond length
0.61885867    0.003137039 

BBB second bond length
0.61860476    0.0030275285

BBB <phi**2>/<phi>**2
1.2260241     0.014249032 

Time = 12000
Temperature
1.0126025     0.010393125 

Pressure
23.33483      0.069067469 

CM Mom
1.0000337e-16  1.1889647e-17 
9.0826932e-17  1.1750856e-17 
-6.7456825e-17 1.385556e-17  
1.5227867e-16  9.1246022e-18 

CM Pos
7.5064669      0.01233788    
7.4953703      0.014872961   
7.5048897      0.015571203   
12.994283      0.014309552   

Stress
20.2929      0.0321054    -0.000254552  0.0924363    0.0506327    0.0675889   
0.0321054    20.3202      -0.0254772    0.0506327    0.128628     0.0778918   
-0.000254552 -0.0254772   20.3041       0.0675889    0.0778918    0.135733    

Stress Spherical
0            0            0             0            0            0           
0            0            0             0            0            0           
0            0            0             0            0            0           

Inertia
149.995      -56.2552     -56.338       0.312919     0.108549     0.192539    
-56.2552     150.134      -56.2509      0.108549     0.337868     0.158264    
-56.338      -56.2509     150.001       0.192539     0.158264     0.205694    

Bond Length
0.61806487    0.0025132072

BB bond length
0.61806487    0.0025132072

Water EE distance
0             0           

PEG EE distance
6.7308088     0.10744873  

BBB P2(x)
0.50712487    0.013622255 

BBB first bond length
0.61816341    0.0024146905

BBB second bond length
0.61808605    0.0024873585

BBB <phi**2>/<phi>**2
1.2185513     0.0077041678

Time = 13000
Temperature
1.0129194     0.0092248038

Pressure
23.247195     0.079938212 

CM Mom
1.1626029e-16  1.4636392e-17 
8.2156201e-17  1.0539665e-17 
-5.133077e-17  2.5053343e-17 
1.5351468e-16  1.6945912e-17 

CM Pos
7.5000782      0.015242386   
7.4967075      0.0097154018  
7.4965696      0.021208081   
12.986563      0.017305358   

Stress
20.2469      0.0408184    0.0235393     0.0902243    0.0941344    0.0552747   
0.0408184    20.2483      -0.0430136    0.0941344    0.0968138    0.0409995   
0.0235393    -0.0430136   20.1563       0.0552747    0.0409995    0.116307    

Stress Spherical
0            0            0             0            0            0           
0            0            0             0            0            0           
0            0            0             0            0            0           

Inertia
149.89       -56.2444     -56.2233      0.412231     0.137229     0.216565    
-56.2444     149.931      -56.1814      0.137229     0.410483     0.213949    
-56.2233     -56.1814     149.953       0.216565     0.213949     0.2379      

Bond Length
0.61788448    0.0024996758

BB bond length
0.61788448    0.0024996758

Water EE distance
0             0           

PEG EE distance
7.1220101     0.16124807  

BBB P2(x)
0.50650583    0.012431638 

BBB first bond length
0.61791741    0.0024398477

BBB second bond length
0.6175086     0.0022183004

BBB <phi**2>/<phi>**2
1.220737      0.0071069259

Time = 14000
Temperature
1.0088263     0.0077899172

Pressure
23.283619     0.12280308  

CM Mom
1.1586771e-16  1.5820785e-17 
7.9752194e-17  1.8488207e-17 
-5.8262172e-17 1.1391523e-17 
1.5396158e-16  1.4068728e-17 

CM Pos
7.4932438      0.018502645   
7.4986389      0.013075329   
7.5066726      0.010190033   
12.989565      0.015172779   

Stress
20.2607      0.0155401    -0.0329924    0.131213     0.052707     0.0385395   
0.0155401    20.2613      0.0139596     0.052707     0.163815     0.0494679   
-0.0329924   0.0139596    20.2755       0.0385395    0.0494679    0.145326    

Stress Spherical
0            0            0             0            0            0           
0            0            0             0            0            0           
0            0            0             0            0            0           

Inertia
150.107      -56.1868     -56.2633      0.211187     0.207333     0.195564    
-56.1868     150.006      -56.2605      0.207333     0.428271     0.115986    
-56.2633     -56.2605     149.884       0.195564     0.115986     0.360533    

Bond Length
0.61945294    0.0028951712

BB bond length
0.61945294    0.0028951712

Water EE distance
0             0           

PEG EE distance
7.0789563     0.11009179  

BBB P2(x)
0.5179894     0.011565797 

BBB first bond length
0.61940594    0.0029675467

BBB second bond length
0.6193262     0.0029520996

BBB <phi**2>/<phi>**2
1.2272048     0.0092307429

Time = 15000
Temperature
1.0137743     0.0081980209

Pressure
23.279618     0.073164453 

CM Mom
9.3483176e-17  1.4243539e-17 
8.9902525e-17  4.204435e-17  
-9.1804535e-17 1.1108402e-17 
1.6333528e-16  2.5792047e-17 

CM Pos
7.5009696      0.0096160585  
7.5022047      0.012994041   
7.5029583      0.0079302731  
12.993931      0.0087031115  

Stress
20.2245      -0.00252169  -0.0342784    0.0594194    0.0610172    0.0607152   
-0.00252169  20.229       0.00212159    0.0610172    0.0925696    0.0642116   
-0.0342784   0.00212159   20.2875       0.0607152    0.0642116    0.129041    

Stress Spherical
0            0            0             0            0            0           
0            0            0             0            0            0           
0            0            0             0            0            0           

Inertia
150.11       -56.2787     -56.2843      0.210156     0.173109     0.0818508   
-56.2787     150.072      -56.2628      0.173109     0.169136     0.162494    
-56.2843     -56.2628     150.06        0.0818508    0.162494     0.287573    

Bond Length
0.61759916    0.0015608507

BB bond length
0.61759916    0.0015608507

Water EE distance
0             0           

PEG EE distance
6.8928603     0.19211392  

BBB P2(x)
0.50218281    0.0068885054

BBB first bond length
0.61765921    0.0015192287

BBB second bond length
0.61755397    0.0016024468

BBB <phi**2>/<phi>**2
1.2254289     0.0080984163

Time = 16000
Temperature
1.0117505     0.0076913716

Pressure
23.346385     0.083200822 

CM Mom
1.154099e-16   1.9915674e-17 
9.6413786e-17  1.5069791e-17 
-1.2772871e-16 2.5786963e-17 
1.9926211e-16  2.2649459e-17 

CM Pos
7.5024554      0.019927161   
7.4989361      0.016357282   
7.4971639      0.012391438   
12.989568      0.017121426   

Stress
20.3107      -0.0339636   -0.00690061   0.116525     0.0625307    0.086419    
-0.0339636   20.347       0.0316324     0.0625307    0.124975     0.0607649   
-0.00690061  0.0316324    20.3018       0.086419     0.0607649    0.105762    

Stress Spherical
0            0            0             0            0            0           
0            0            0             0            0            0           
0            0            0             0            0            0           

Inertia
149.956      -56.2402     -56.2198      0.309648     0.206622     0.18267     
-56.2402     150          -56.2142      0.206622     0.296722     0.147118    
-56.2198     -56.2142     150.011       0.18267      0.147118     0.39885     

Bond Length
0.6202198     0.0027811267

BB bond length
0.6202198     0.0027811267

Water EE distance
0             0           

PEG EE distance
7.1908537     0.34603866  

BBB P2(x)
0.50947062    0.01449902  

BBB first bond length
0.62027069    0.0030635003

BBB second bond length
0.62031565    0.0027360765

BBB <phi**2>/<phi>**2
1.2288938     0.010369672 

Time = 17000
Temperature
1.0085898     0.0086134279

Pressure
23.27291      0.10259598  

CM Mom
1.0578514e-16  1.7551412e-17 
1.357285e-16   2.3854452e-17 
-1.5255024e-16 1.5512221e-17 
2.3151856e-16  2.0029179e-17 

CM Pos
7.4999296      0.014484221   
7.5010161      0.0096618604  
7.5004325      0.018162488   
12.991189      0.018074573   

Stress
20.2897      -0.0171135   -0.0175898    0.125306     0.064221     0.0743374   
-0.0171135   20.2595      1.88885e-05   0.064221     0.120598     0.0571211   
-0.0175898   1.88885e-05  20.2182       0.0743374    0.0571211    0.10231     

Stress Spherical
0            0            0             0            0            0           
0            0            0             0            0            0           
0            0            0             0            0            0           

Inertia
150.037      -56.2561     -56.2662      0.341209     0.161142     0.158472    
-56.2561     150.01       -56.2044      0.161142     0.330099     0.241622    
-56.2662     -56.2044     150.022       0.158472     0.241622     0.235659    

Bond Length
0.62004868    0.0027179265

BB bond length
0.62004868    0.0027179265

Water EE distance
0             0           

PEG EE distance
6.7542249     0.2241665   

BBB P2(x)
0.50814265    0.012594142 

BBB first bond length
0.61989771    0.0025410912

BBB second bond length
0.6199253     0.002664305 

BBB <phi**2>/<phi>**2
1.2255484     0.010479667 

Time = 18000
Temperature
1.0152406     0.008090577 

Pressure
23.305049     0.093257412 

CM Mom
9.814686e-17   1.5701066e-17 
1.1453189e-16  1.9562498e-17 
-1.4659953e-16 2.8124176e-17 
2.1236972e-16  2.3686865e-17 

CM Pos
7.499781       0.010735413   
7.5072562      0.023331747   
7.5091984      0.014189371   
12.999773      0.020828428   

Stress
20.238       -0.00922166  -0.0152389    0.103592     0.0611449    0.0626101   
-0.00922166  20.2538      0.0328315     0.0611449    0.100924     0.0972753   
-0.0152389   0.0328315    20.3124       0.0626101    0.0972753    0.12686     

Stress Spherical
0            0            0             0            0            0           
0            0            0             0            0            0           
0            0            0             0            0            0           

Inertia
150.279      -56.2905     -56.3199      0.43445      0.245895     0.146277    
-56.2905     150.141      -56.3724      0.245895     0.288522     0.230822    
-56.3199     -56.3724     150.11        0.146277     0.230822     0.479958    

Bond Length
0.61961243    0.0026899948

BB bond length
0.61961243    0.0026899948

Water EE distance
0             0           

PEG EE distance
6.770294      0.23123952  

BBB P2(x)
0.50751577    0.0074907078

BBB first bond length
0.61964258    0.0026823188

BBB second bond length
0.61970558    0.0026717378

BBB <phi**2>/<phi>**2
1.2262664     0.010143779 

Time = 19000
Temperature
1.0031126     0.0087289559

Pressure
23.271993     0.065614928 

CM Mom
1.0530266e-16  1.6883145e-17 
1.2156013e-16  1.5612988e-17 
-1.1867364e-16 2.4771672e-17 
2.0196468e-16  1.7368293e-17 

CM Pos
7.5055754      0.013790968   
7.4995304      0.016104319   
7.5032554      0.019038894   
12.995236      0.010273132   

Stress
20.2638      -0.0295961   0.0493852     0.070223     0.0825243    0.0495022   
-0.0295961   20.2793      -0.0257459    0.0825243    0.128999     0.0801431   
0.0493852    -0.0257459   20.2707       0.0495022    0.0801431    0.0857159   

Stress Spherical
0            0            0             0            0            0           
0            0            0             0            0            0           
0            0            0             0            0            0           

Inertia
150.05       -56.2788     -56.3105      0.229444     0.155161     0.165072    
-56.2788     150.141      -56.2779      0.155161     0.274931     0.151892    
-56.3105     -56.2779     150.071       0.165072     0.151892     0.375277    

Bond Length
0.61962175    0.0019108896

BB bond length
0.61962175    0.0019108896

Water EE distance
0             0           

PEG EE distance
7.076467      0.16558866  

BBB P2(x)
0.51380499    0.010399441 

BBB first bond length
0.61971417    0.0019801041

BBB second bond length
0.61949018    0.0020065121

BBB <phi**2>/<phi>**2
1.2253527     0.013403811 

Time = 20000
Temperature
1.0069917     0.004969591 

Pressure
23.272894     0.087987405 

CM Mom
9.3111214e-17  1.3565557e-17 
8.3825495e-17  1.258495e-17  
-1.1655417e-16 2.9453437e-17 
1.7243448e-16  2.7523591e-17 

CM Pos
7.4898266      0.016732854   
7.502799       0.010939101   
7.4990954      0.015894608   
12.985614      0.020427826   

Stress
20.2857      -0.027935    -0.0185964    0.151441     0.052153     0.101348    
-0.027935    20.281       -0.0708586    0.052153     0.0830195    0.0606173   
-0.0185964   -0.0708586   20.215        0.101348     0.0606173    0.148408    

Stress Spherical
0            0            0             0            0            0           
0            0            0             0            0            0           
0            0            0             0            0            0           

Inertia
150.025      -56.2153     -56.1596      0.364581     0.152767     0.226488    
-56.2153     149.822      -56.2533      0.152767     0.46988      0.161677    
-56.1596     -56.2533     149.88        0.226488     0.161677     0.331097    

Bond Length
0.62013293    0.0021545038

BB bond length
0.62013293    0.0021545038

Water EE distance
0             0           

PEG EE distance
6.8916296     0.15261862  

BBB P2(x)
0.51094594    0.0127802   

BBB first bond length
0.61994156    0.0021958091

BBB second bond length
0.62018369    0.0018621403

BBB <phi**2>/<phi>**2
1.2249155     0.008166904 

Time = 21000
Temperature
1.0115151     0.0070021581

Pressure
23.294931     0.069081587 

CM Mom
1.1789412e-16  2.3112223e-17 
7.0931221e-17  1.4620601e-17 
-1.0916387e-16 2.4612539e-17 
1.7839177e-16  1.9419125e-17 

CM Pos
7.5009696      0.008176954   
7.5022047      0.015841746   
7.4967182      0.011819782   
12.990332      0.011881252   

Stress
20.2843      -0.0166528   -0.0211835    0.111551     0.0814942    0.0485733   
-0.0166528   20.2227      -0.0237804    0.0814942    0.0684889    0.048311    
-0.0211835   -0.0237804   20.3002       0.0485733    0.048311     0.0922795   

Stress Spherical
0            0            0             0            0            0           
0            0            0             0            0            0           
0            0            0             0            0            0           

Inertia
149.981      -56.2722     -56.2311      0.293802     0.118175     0.108702    
-56.2722     149.946      -56.2146      0.118175     0.196405     0.159902    
-56.2311     -56.2146     150.037       0.108702     0.159902     0.286733    

Bond Length
0.61910548    0.0024431541

BB bond length
0.61910548    0.0024431541

Water EE distance
0             0           

PEG EE distance
6.596636      0.21889456  

BBB P2(x)
0.51598607    0.0095121936

BBB first bond length
0.61910459    0.00282931  

BBB second bond length
0.6188361     0.0027391455

BBB <phi**2>/<phi>**2
1.2261347     0.012945169 

Time = 22000
Temperature
1.0095049     0.0089437179

Pressure
23.250911     0.12371659  

CM Mom
1.3407021e-16  1.4661496e-17 
5.1952906e-17  1.3035681e-17 
-8.0777907e-17 1.7867125e-17 
1.6638004e-16  1.4859396e-17 

CM Pos
7.4942838      0.010942127   
7.5020561      0.010028449   
7.5028097      0.023112642   
12.98991       0.017176617   

Stress
20.2049      -0.0545465   -0.0174162    0.0928344    0.0752613    0.0724109   
-0.0545465   20.2441      0.00190802    0.0752613    0.180288     0.0440924   
-0.0174162   0.00190802   20.2442       0.0724109    0.0440924    0.127768    

Stress Spherical
0            0            0             0            0            0           
0            0            0             0            0            0           
0            0            0             0            0            0           

Inertia
150.101      -56.2423     -56.2396      0.454682     0.135558     0.173577    
-56.2423     149.97       -56.2848      0.135558     0.395799     0.223279    
-56.2396     -56.2848     149.961       0.173577     0.223279     0.258063    

Bond Length
0.62003729    0.0023489464

BB bond length
0.62003729    0.0023489464

Water EE distance
0             0           

PEG EE distance
6.6842718     0.13367377  

BBB P2(x)
0.51220317    0.0097397528

BBB first bond length
0.62012196    0.0023715611

BBB second bond length
0.61999469    0.0025187405

BBB <phi**2>/<phi>**2
1.2291671     0.009014721 

Time = 23000
Temperature
1.0094508     0.0042974198

Pressure
23.309687     0.098359173 

CM Mom
1.2917944e-16  1.7172291e-17 
4.7283723e-17  2.3917049e-17 
-9.4950955e-17 1.6924701e-17 
1.6978294e-16  1.6305642e-17 

CM Pos
7.5027525      0.01264274    
7.5010161      0.016932839   
7.4976096      0.020112401   
12.991195      0.019990357   

Stress
20.3133      0.0564198    0.00352901    0.162416     0.0804658    0.0732124   
0.0564198    20.3114      0.0235569     0.0804658    0.131006     0.0568401   
0.00352901   0.0235569    20.2453       0.0732124    0.0568401    0.0833259   

Stress Spherical
0            0            0             0            0            0           
0            0            0             0            0            0           
0            0            0             0            0            0           

Inertia
149.975      -56.2666     -56.2903      0.444753     0.149297     0.211034    
-56.2666     149.986      -56.2161      0.149297     0.449607     0.246802    
-56.2903     -56.2161     150.038       0.211034     0.246802     0.318536    

Bond Length
0.61907964    0.0014307962

BB bond length
0.61907964    0.0014307962

Water EE distance
0             0           

PEG EE distance
6.6957656     0.10492452  

BBB P2(x)
0.50675412    0.010311638 

BBB first bond length
0.61920136    0.0011801024

BBB second bond length
0.61921495    0.0015883685

BBB <phi**2>/<phi>**2
1.2238805     0.014261723 

Time = 24000
Temperature
1.0095701     0.0066325981

Pressure
23.26748      0.098856863 

CM Mom
1.0276917e-16  9.7098061e-18 
2.9131155e-17  1.9137437e-17 
-7.2224428e-17 1.7361931e-17 
1.3121763e-16  1.3053271e-17 

CM Pos
7.5026039      0.012931887   
7.5051762      0.0049477493  
7.5022154      0.014238291   
12.996165      0.0070938352  

Stress
20.2273      0.0358417    0.0200636     0.123434     0.0763077    0.0649965   
0.0358417    20.2718      -0.0125818    0.0763077    0.0759664    0.0675249   
0.0200636    -0.0125818   20.2432       0.0649965    0.0675249    0.139779    

Stress Spherical
0            0            0             0            0            0           
0            0            0             0            0            0           
0            0            0             0            0            0           

Inertia
150.123      -56.2972     -56.26        0.192445     0.0963673    0.101153    
-56.2972     150.065      -56.2636      0.0963673    0.202725     0.0798293   
-56.26       -56.2636     150.129       0.101153     0.0798293    0.202758    

Bond Length
0.6203297     0.0040527452

BB bond length
0.6203297     0.0040527452

Water EE distance
0             0           

PEG EE distance
7.1087584     0.18725297  

BBB P2(x)
0.49461661    0.0086032295

BBB first bond length
0.62040007    0.0039174225

BBB second bond length
0.62034941    0.0043781076

BBB <phi**2>/<phi>**2
1.2223333     0.0073453188

Time = 25000
Temperature
1.0110267     0.0079323984

Pressure
23.269921     0.10269527  

CM Mom
7.4593659e-17  1.6132691e-17 
5.264982e-17   1.8153518e-17 
-8.6890127e-17 2.3372542e-17 
1.2907021e-16  1.9054728e-17 

CM Pos
7.5003753      0.013650195   
7.4943303      0.0088448154  
7.4967182      0.014908539   
12.985447      0.0075678242  

Stress
20.2444      0.00145261   0.0217917     0.123702     0.0792101    0.0888802   
0.00145261   20.2414      0.0099781     0.0792101    0.117654     0.0683616   
0.0217917    0.0099781    20.2508       0.0888802    0.0683616    0.121334    

Stress Spherical
0            0            0             0            0            0           
0            0            0             0            0            0           
0            0            0             0            0            0           

Inertia
149.89       -56.2019     -56.2319      0.207571     0.129382     0.0953522   
-56.2019     149.943      -56.1902      0.129382     0.234265     0.135588    
-56.2319     -56.1902     149.929       0.0953522    0.135588     0.250774    

Bond Length
0.61978258    0.0031937206

BB bond length
0.61978258    0.0031937206

Water EE distance
0             0           

PEG EE distance
6.9593537     0.1470655   

BBB P2(x)
0.50243782    0.010773672 

BBB first bond length
0.61945814    0.0029963767

BBB second bond length
0.61987772    0.0032668711

BBB <phi**2>/<phi>**2
1.2224097     0.010521239 

Time = 26000
Temperature
1.0137701     0.0045509034

Pressure
23.299286     0.098762436 

CM Mom
7.8206888e-17  2.220129e-17  
4.3941838e-17  1.9020553e-17 
-8.3729824e-17 3.0632982e-17 
1.2818297e-16  2.0495585e-17 

CM Pos
7.5029011      0.011454637   
7.5035419      0.014417008   
7.4986496      0.014432311   
12.993336      0.013011107   

Stress
20.2843      -0.0131889   0.0145032     0.144426     0.0552259    0.0487477   
-0.0131889   20.2033      -0.0421588    0.0552259    0.0796608    0.0690382   
0.0145032    -0.0421588   20.3125       0.0487477    0.0690382    0.137082    

Stress Spherical
0            0            0             0            0            0           
0            0            0             0            0            0           
0            0            0             0            0            0           

Inertia
150.024      -56.301      -56.2614      0.256209     0.177129     0.144405    
-56.301      149.998      -56.2552      0.177129     0.25066      0.123631    
-56.2614     -56.2552     150.082       0.144405     0.123631     0.313366    

Bond Length
0.61939773    0.0031566874

BB bond length
0.61939773    0.0031566874

Water EE distance
0             0           

PEG EE distance
7.1869804     0.27809899  

BBB P2(x)
0.51788836    0.015037647 

BBB first bond length
0.61892986    0.0034271427

BBB second bond length
0.61943006    0.0031719348

BBB <phi**2>/<phi>**2
1.2252391     0.012874043 

Time = 27000
Temperature
1.0099149     0.0093298172

Pressure
23.303073     0.10732573  

CM Mom
6.45346e-17    1.134044e-17  
2.7185399e-17  1.9005701e-17 
-4.2932344e-17 2.4101616e-17 
8.6173218e-17  1.979478e-17  

CM Pos
7.5066154      0.013944573   
7.4923989      0.013021194   
7.500284       0.019154486   
12.989986      0.024082788   

Stress
20.2359      -0.0460451   -0.0353984    0.11674      0.0495683    0.091241    
-0.0460451   20.3091      0.00596453    0.0495683    0.153305     0.0582901   
-0.0353984   0.00596453   20.301        0.091241     0.0582901    0.128878    

Stress Spherical
0            0            0             0            0            0           
0            0            0             0            0            0           
0            0            0             0            0            0           

Inertia
149.904      -56.268      -56.3066      0.475681     0.180262     0.259816    
-56.268      150.089      -56.1906      0.180262     0.447479     0.233446    
-56.3066     -56.1906     149.983       0.259816     0.233446     0.314782    

Bond Length
0.61994597    0.0020914028

BB bond length
0.61994597    0.0020914028

Water EE distance
0             0           

PEG EE distance
7.7602345     0.12916806  

BBB P2(x)
0.52062744    0.011977645 

BBB first bond length
0.62014488    0.0022327239

BBB second bond length
0.61962762    0.0022760685

BBB <phi**2>/<phi>**2
1.2250882     0.0082020551

Time = 28000
Temperature
1.0094633     0.0086482881

Pressure
23.314592     0.13103298  

CM Mom
5.6320574e-17  2.7969153e-17 
5.0293235e-17  1.4769769e-17 
-3.1238768e-17 2.4891344e-17 
8.7520994e-17  2.5245821e-17 

CM Pos
7.5079526      0.010116112   
7.4981932      0.012931887   
7.4962725      0.012697619   
12.991793      0.010036863   

Stress
20.2729      0.00658473   -0.0468242    0.131218     0.0911506    0.0977185   
0.00658473   20.2737      -0.009557     0.0911506    0.124801     0.0593832   
-0.0468242   -0.009557    20.3381       0.0977185    0.0593832    0.108713    

Stress Spherical
0            0            0             0            0            0           
