Time = 500
Temperature
   1.0353276   0.042364057

Pressure
   23.577265     0.2223117

CM Mom
-2.8361735e-17 5.5533407e-17 
-5.659681e-18  2.4617531e-17 
1.5885708e-17  2.5641278e-17 
7.0313288e-17  2.218726e-17  

CM Pos
7.4888007      0.01321891    
7.509534       0.011491932   
7.5126326      0.011150664   
12.996738      0.010646235   

Stress
20.4438      0.0388342    -0.0210435    0.193432     0.0528111    0.0895696   
0.0388342    20.521       -0.013212     0.0528111    0.0901178    0.0771916   
-0.0210435   -0.013212    20.45         0.0895696    0.0771916    0.15002     

Stress Spherical
0            0            0             0            0            0           
0            0            0             0            0            0           
0            0            0             0            0            0           

Inertia
150.245      -56.2175     -56.2845      0.480293     0.111861     0.0623549   
-56.2175     149.884      -56.4254      0.111861     0.170182     0.219032    
-56.2845     -56.4254     149.889       0.0623549    0.219032     0.268658    

Bond Length
0.61570868    0.0069789584

BB bond length
0.61570868    0.0069789584

Water EE distance
0             0           

PEG EE distance
3.5243729     0.24973743  

Time = 1000
Temperature
1.0112818     0.013177847 

Pressure
23.453582     0.1199688   

CM Mom
-4.836335e-17  1.2656243e-17 
-6.3620692e-18 1.4017836e-17 
2.1033265e-18  3.7749519e-17 
6.276958e-17   1.5019978e-17 

CM Pos
7.5083582      0.0061732517  
7.5187201      0.010725184   
7.5043355      0.0081152098  
13.008527      0.0089977014  

Stress
20.4675      -0.0360754   -0.0376631    0.0855437    0.0467522    0.0675633   
-0.0360754   20.4937      -0.00638491   0.0467522    0.109202     0.050706    
-0.0376631   -0.00638491  20.2988       0.0675633    0.050706     0.140891    

Stress Spherical
0            0            0             0            0            0           
0            0            0             0            0            0           
0            0            0             0            0            0           

Inertia
150.183      -56.4177     -56.3242      0.148882     0.150029     0.172416    
-56.4177     150.027      -56.4279      0.150029     0.170267     0.0937946   
-56.3242     -56.4279     150.275       0.172416     0.0937946    0.178097    

Bond Length
0.61053231    0.0085090292

BB bond length
0.61053231    0.0085090292

Water EE distance
0             0           

PEG EE distance
3.2740772     0.22119773  

