Time = 1000
Temperature
   1.0294785   0.037395556

Pressure
   23.577357    0.17486964

CM Mom
-2.3707979e-17 2.8898995e-17 
-2.6493959e-18 1.2085439e-17 
-2.2220779e-17 2.7703174e-17 
4.8101315e-17  2.23112e-17   

CM Pos
7.4958439      0.022545241   
7.5020102      0.026581257   
7.5058394      0.0283568     
12.992584      0.015636695   

Stress
20.4668      -0.020681    -0.0207009    0.150652     0.0611108    0.0671743   
-0.020681    20.4744      0.0029976     0.0611108    0.126899     0.0583751   
-0.0207009   0.0029976    20.5302       0.0671743    0.0583751    0.132152    

Stress Spherical
0            0            0             0            0            0           
0            0            0             0            0            0           
0            0            0             0            0            0           

Inertia
150.096      -56.2066     -56.2829      0.35349      0.305579     0.258969    
-56.2066     149.973      -56.2727      0.305579     0.613867     0.11705     
-56.2829     -56.2727     149.928       0.258969     0.11705      0.493511    

Bond Length
0.57240432    0.0061237589

BB bond length
0.57240432    0.0061237589

Water EE distance
0             0           

PEG EE distance
2.2227057     0.12741973  

Time = 2000
Temperature
1.0076209     0.0046672131

Pressure
23.528624     0.073692355 

CM Mom
-6.407232e-18  1.4002182e-17 
-1.4228846e-18 8.7076969e-18 
-1.9653114e-17 1.4841599e-17 
2.8396292e-17  1.0729907e-17 

CM Pos
7.4973261      0.013435102   
7.49786        0.02224555    
7.4999106      0.017861133   
12.987579      0.015472648   

Stress
20.4944      0.00181352   -0.00536592   0.102839     0.0842799    0.0502104   
0.00181352   20.5268      -0.0034163    0.0842799    0.0970131    0.0537484   
-0.00536592  -0.0034163   20.5006       0.0502104    0.0537484    0.123548    

Stress Spherical
0            0            0             0            0            0           
0            0            0             0            0            0           
0            0            0             0            0            0           

Inertia
149.905      -56.23       -56.2197      0.251371     0.195529     0.177944    
-56.23       149.931      -56.2216      0.195529     0.371154     0.190157    
-56.2197     -56.2216     149.863       0.177944     0.190157     0.341062    

Bond Length
0.57101498    0.0029553541

BB bond length
0.57101498    0.0029553541

Water EE distance
0             0           

PEG EE distance
2.3577615     0.11311262  

Time = 3000
Temperature
1.0065025     0.0064770215

Pressure
23.521827     0.086004394 

CM Mom
-3.6519152e-17 1.2827584e-17 
-1.5962199e-19 1.6365605e-17 
-1.9482659e-17 2.040953e-17  
4.8320727e-17  1.5075944e-17 

CM Pos
7.5068123      0.014676159   
7.4951921      0.010227273   
7.4967979      0.010157218   
12.989703      0.012082004   

Stress
20.4919      0.0239749    0.0168306     0.120822     0.0527292    0.0658097   
0.0239749    20.5538      -0.00425504   0.0527292    0.113071     0.0705262   
0.0168306    -0.00425504  20.4657       0.0658097    0.0705262    0.100358    

Stress Spherical
0            0            0             0            0            0           
0            0            0             0            0            0           
0            0            0             0            0            0           

Inertia
149.85       -56.2219     -56.2596      0.261965     0.151856     0.160706    
-56.2219     150.036      -56.2323      0.151856     0.269189     0.1331      
-56.2596     -56.2323     150           0.160706     0.1331       0.258601    

Bond Length
0.57046835    0.0044354548

BB bond length
0.57046835    0.0044354548

Water EE distance
0             0           

PEG EE distance
2.2662927     0.13465957  

