Time = 500
Temperature
   1.0330021   0.046485189

Pressure
   23.004125    0.21033566

CM Mom
1.7345656e-17  1.2442512e-17 
1.6938285e-17  4.9815971e-18 
1.4425982e-17  2.2490099e-17 
3.6475342e-17  1.2283021e-17 

CM Pos
7.5061132      0.0077029502  
7.4843405      0.024477841   
7.5132507      0.0095408576  
12.992564      0.0074338885  

Stress
19.8859      -0.0121805   -0.0305466    0.135475     0.0557941    0.0270601   
-0.0121805   19.8889      -0.0352767    0.0557941    0.133363     0.101317    
-0.0305466   -0.0352767   19.9534       0.0270601    0.101317     0.134875    

Stress Spherical
0            0            0             0            0            0           
0            0            0             0            0            0           
0            0            0             0            0            0           

Inertia
149.597      -56.1745     -56.3925      0.25963      0.0985479    0.185641    
-56.1745     149.905      -56.2327      0.0985479    0.129769     0.179725    
-56.3925     -56.2327     149.493       0.185641     0.179725     0.265615    

Bond Length
0.61164178    0.0052829334

BB bond length
0.61164178    0.0052829334

Water EE distance
0             0           

PEG EE distance
3.9024463     0.20956937  

Time = 1000
Temperature
1.0056726     0.0039884047

Pressure
22.978492     0.044831152 

CM Mom
4.4044785e-17  1.6166508e-17 
3.0299173e-17  9.7566598e-18 
2.218799e-17   1.6484522e-17 
6.1371819e-17  1.4562885e-17 

CM Pos
7.4957285      0.0077598834  
7.4932417      0.006674249   
7.4912944      0.010982151   
12.978994      0.0068616492  

Stress
19.9216      -0.0442438   -0.0532778    0.168495     0.0351338    0.0395808   
-0.0442438   20.0401      -0.0343323    0.0351338    0.124744     0.0468021   
-0.0532778   -0.0343323   19.9352       0.0395808    0.0468021    0.0567934   

Stress Spherical
0            0            0             0            0            0           
0            0            0             0            0            0           
0            0            0             0            0            0           

Inertia
149.456      -56.1866     -56.0928      0.135913     0.0759921    0.142317    
-56.1866     149.482      -56.1761      0.0759921    0.191445     0.0806181   
-56.0928     -56.1761     149.545       0.142317     0.0806181    0.143723    

Bond Length
0.61127187    0.0022404762

BB bond length
0.61127187    0.0022404762

Water EE distance
0             0           

PEG EE distance
4.1357832     0.18238224  

