Time = 1000
Temperature
   1.8666104     1.7079572

Pressure
   29.373912     2.9020531

CM Mom
-9.4582737e-17 2.2967031e-17 
1.1530971e-16  4.6548931e-17 
-2.2892768e-16 1.3797793e-15 
8.6439969e-16  1.1108324e-15 

CM Pos
10.006005      0.018576603   
9.9939468      0.013391556   
10.003391      0.017441679   
17.322462      0.0098060036  

Stress
23.7526      -0.0854972   -0.0069331    2.33589      0.21335      0.0784357   
-0.0854972   23.7401      0.0508673     0.21335      2.49966      0.107858    
-0.0069331   0.0508673    23.8345       0.0784357    0.107858     2.183       

Stress Spherical
0            0            0             0            0            0           
0            0            0             0            0            0           
0            0            0             0            0            0           

Inertia
267.37       -99.9918     -100.068      4.25241      0.172946     0.243836    
-99.9918     267.672      -99.929       0.172946     4.00791      0.213215    
-100.068     -99.929      267.444       0.243836     0.213215     4.21572     

Bond Length
0.62089826    0.046998572 

BB bond length
0.62089826    0.046998572 

Water EE distance
0             0           

PEG EE distance
8.6810514     0.1506965   

BBB P2(x)
0.13375638    0.041068991 

BBB first bond length
0.62129976    0.047740089 

BBB second bond length
0.62122733    0.047355777 

BBB <phi**2>/<phi>**2
1.1378598     0.016202229 

Time = 2000
Temperature
1.0141822     0.005448424 

Pressure
27.438037     0.067775787 

CM Mom
-9.3691061e-17 1.5796533e-17 
1.0687105e-16  3.6422651e-17 
1.0433542e-16  1.016839e-16  
1.9589812e-16  6.8007338e-17 

CM Pos
9.9935015      0.014342361   
9.9931132      0.0065045676  
10.004225      0.0081932552  
17.315227      0.012156718   

Stress
24.364       -0.00604477  -0.0304762    0.0762307    0.0572196    0.0671104   
-0.00604477  24.3872      0.00238618    0.0572196    0.0633014    0.0468387   
-0.0304762   0.00238618   24.438        0.0671104    0.0468387    0.0676766   

Stress Spherical
0            0            0             0            0            0           
0            0            0             0            0            0           
0            0            0             0            0            0           

Inertia
266.845      -99.8706     -100          0.777102     0.243443     0.172652    
-99.8706     266.9        -99.9963      0.243443     0.643836     0.0998098   
-100         -99.9963     266.622       0.172652     0.0998098    0.55767     

Bond Length
0.59914706    0.00057113289

BB bond length
0.59914706    0.00057113289

Water EE distance
0             0           

PEG EE distance
8.2796256     0.12741867  

BBB P2(x)
0.089742113   0.0060358659

BBB first bond length
0.59921234    0.00053702297

BBB second bond length
0.59926244    0.00058763709

BBB <phi**2>/<phi>**2
1.1234093     0.0023079352

Time = 3000
Temperature
1.0100064     0.0035850064

Pressure
27.377956     0.055728927 

CM Mom
-9.0936846e-17 2.5648555e-17 
1.1834882e-16  2.2982096e-17 
4.7373127e-17  2.214681e-17  
1.601982e-16   2.3091311e-17 

CM Pos
10.001837      0.0064912007  
9.9936967      0.011653387   
9.9913046      0.0057607311  
17.312915      0.009000878   

Stress
24.3754      -0.0228197   -0.0330703    0.0496111    0.0448236    0.0571739   
-0.0228197   24.3468      0.0290855     0.0448236    0.0820812    0.0497192   
-0.0330703   0.0290855    24.3242       0.0571739    0.0497192    0.0771378   

Stress Spherical
0            0            0             0            0            0           
0            0            0             0            0            0           
0            0            0             0            0            0           

Inertia
266.478      -99.8952     -99.9534      0.239774     0.157202     0.118959    
-99.8952     266.679      -99.8136      0.157202     0.396882     0.11995     
-99.9534     -99.8136     266.679       0.118959     0.11995      0.244814    

Bond Length
0.59892115    0.00055899784

BB bond length
0.59892115    0.00055899784

Water EE distance
0             0           

PEG EE distance
7.8203098     0.13252232  

BBB P2(x)
0.078732657   0.0033603466

BBB first bond length
0.59907998    0.00054613117

BBB second bond length
0.59908173    0.00058151516

BBB <phi**2>/<phi>**2
1.1200818     0.0022525885

Time = 4000
Temperature
1.0100784     0.0046735136

Pressure
27.432945     0.059077996 

CM Mom
-1.2004075e-16 1.3915042e-17 
1.179922e-16   1.6371235e-17 
5.4777323e-17  1.8098161e-17 
1.7804642e-16  2.0522151e-17 

CM Pos
10.004255      0.010195904   
9.9929465      0.0092526987  
10.002308      0.0060455847  
17.320232      0.0074162976  

Stress
24.407       0.00224984   -0.00321949   0.0868532    0.0390084    0.039549    
0.00224984   24.4425      -0.00313146   0.0390084    0.0834783    0.0545692   
-0.00321949  -0.00313146  24.3612       0.039549     0.0545692    0.0665928   

Stress Spherical
0            0            0             0            0            0           
0            0            0             0            0            0           
0            0            0             0            0            0           

Inertia
266.605      -99.9965     -100.058      0.227416     0.118065     0.121579    
-99.9965     266.853      -99.9454      0.118065     0.254026     0.143762    
-100.058     -99.9454     266.621       0.121579     0.143762     0.192412    

Bond Length
0.59849196    0.00020846324

BB bond length
0.59849196    0.00020846324

Water EE distance
0             0           

PEG EE distance
7.3637101     0.12701471  

BBB P2(x)
0.074136043   0.0030246499

BBB first bond length
0.59866301    0.00016707024

BBB second bond length
0.5986125     0.00024498788

BBB <phi**2>/<phi>**2
1.1188652     0.0015885503

Time = 5000
Temperature
1.0154638     0.0046576235

Pressure
27.425707     0.059847636 

CM Mom
-1.1701602e-16 1.0485399e-17 
1.2613129e-16  2.0475781e-17 
3.4008765e-17  1.8524856e-17 
1.7738819e-16  1.2815937e-17 

CM Pos
9.9970026      0.0045534949  
9.9996151      0.010134384   
9.9988901      0.0077432927  
17.317918      0.0079414459  

Stress
24.3762      -0.0267355   -0.0118021    0.090595     0.0716333    0.0585885   
-0.0267355   24.3832      0.0108555     0.0716333    0.0744665    0.0717138   
-0.0118021   0.0108555    24.3812       0.0585885    0.0717138    0.0822271   

Stress Spherical
0            0            0             0            0            0           
0            0            0             0            0            0           
0            0            0             0            0            0           

Inertia
266.616      -99.9888     -99.9899      0.293052     0.0997799    0.0971605   
-99.9888     266.619      -99.9464      0.0997799    0.124653     0.179592    
-99.9899     -99.9464     266.609       0.0971605    0.179592     0.145929    

Bond Length
0.59854092    0.00074894938

BB bond length
0.59854092    0.00074894938

Water EE distance
0             0           

PEG EE distance
7.0145807     0.085224018 

BBB P2(x)
0.06870387    0.0043044691

BBB first bond length
0.59864582    0.00076290325

BBB second bond length
0.59862947    0.00074817825

BBB <phi**2>/<phi>**2
1.1165156     0.0011633693

Time = 6000
Temperature
1.0116287     0.0043994395

Pressure
27.444002     0.04400515  

CM Mom
-1.1315149e-16 3.9814117e-17 
1.2394305e-16  2.3451739e-17 
8.0653471e-18  9.5514664e-18 
1.7015066e-16  3.8798445e-17 

CM Pos
9.9969192      0.0088943038  
9.9938634      0.0088985995  
9.9983066      0.0090380602  
17.314214      0.0077182389  

Stress
24.3714      -0.0150907   -0.0137501    0.05595      0.0441499    0.0524874   
-0.0150907   24.4417      -8.18905e-05  0.0441499    0.110507     0.0674021   
-0.0137501   -8.18905e-05 24.4169       0.0524874    0.0674021    0.0816794   

Stress Spherical
0            0            0             0            0            0           
0            0            0             0            0            0           
0            0            0             0            0            0           

Inertia
266.495      -99.9219     -100.005      0.219325     0.146495     0.138189    
-99.9219     266.586      -99.929       0.146495     0.248888     0.125432    
-100.005     -99.929      266.465       0.138189     0.125432     0.199648    

Bond Length
0.5984374     0.00046852113

BB bond length
0.5984374     0.00046852113

Water EE distance
0             0           

PEG EE distance
6.7744047     0.063731057 

BBB P2(x)
0.065109532   0.0031605842

BBB first bond length
0.5985506     0.00046098184

BBB second bond length
0.59856521    0.00044164353

BBB <phi**2>/<phi>**2
1.1163621     0.0013775126

Time = 7000
Temperature
1.0152428     0.0047491527

Pressure
27.41479      0.079595034 

CM Mom
-1.1083027e-16 1.7394673e-17 
9.6330692e-17  2.9457557e-17 
1.441085e-17   1.9331134e-17 
1.521422e-16   1.2937922e-17 

CM Pos
10.008589      0.0095425392  
10.000032      0.011057385   
9.9918047      0.0097795253  
17.320763      0.011869595   

Stress
24.4016      0.0271797    0.0188975     0.100511     0.0578309    0.0615272   
0.0271797    24.3812      -8.43476e-05  0.0578309    0.0971877    0.0633945   
0.0188975    -8.43476e-05 24.327        0.0615272    0.0633945    0.0837824   

Stress Spherical
0            0            0             0            0            0           
0            0            0             0            0            0           
0            0            0             0            0            0           

Inertia
266.457      -100.066     -100.033      0.306456     0.22457      0.16539     
-100.066     266.642      -99.9003      0.22457      0.278713     0.151877    
-100.033     -99.9003     266.836       0.16539      0.151877     0.453117    

Bond Length
0.59909317    0.0006210064

BB bond length
0.59909317    0.0006210064

Water EE distance
0             0           

PEG EE distance
6.4839948     0.091482006 

BBB P2(x)
0.061695358   0.0037781136

BBB first bond length
0.59920811    0.00065321755

BBB second bond length
0.599183      0.00064123399

BBB <phi**2>/<phi>**2
1.115554      0.0015199096

Time = 8000
Temperature
1.0151724     0.0058633044

Pressure
27.435307     0.065322463 

CM Mom
-9.3407524e-17 3.8858643e-17 
8.546561e-17   2.3805996e-17 
8.1997696e-18  2.1617594e-17 
1.3160948e-16  3.6325717e-17 

CM Pos
10.006505      0.0085821949  
9.9980313      0.0118579     
9.9969729      0.010604456   
17.321388      0.0093805528  

Stress
24.3617      0.0300996    -0.00836779   0.109081     0.0760107    0.077716    
0.0300996    24.3954      -0.0214405    0.0760107    0.0704915    0.0602646   
-0.00836779  -0.0214405   24.415        0.077716     0.0602646    0.10269     

Stress Spherical
0            0            0             0            0            0           
0            0            0             0            0            0           
0            0            0             0            0            0           

Inertia
266.53       -100.038     -100.045      0.383093     0.126816     0.146564    
-100.038     266.697      -99.907       0.126816     0.200375     0.238236    
-100.045     -99.907      266.766       0.146564     0.238236     0.246946    

Bond Length
0.5990082     0.0002206155

BB bond length
0.5990082     0.0002206155

Water EE distance
0             0           

PEG EE distance
6.2235368     0.053764681 

BBB P2(x)
0.058660774   0.0034282709

BBB first bond length
0.59917599    0.00022447422

BBB second bond length
0.59913755    0.00020938242

BBB <phi**2>/<phi>**2
1.1139845     0.0014583758

Time = 9000
Temperature
1.0116848     0.0057632181

Pressure
27.398047     0.080418284 

CM Mom
-1.1075224e-16 2.3441756e-17 
7.023307e-17   1.6982672e-17 
-3.6980692e-17 2.4910854e-17 
1.3974348e-16  2.2283466e-17 

CM Pos
9.9993366      0.010142266   
9.9946136      0.0061260781  
10.005309      0.0054813595  
17.320085      0.0073101289  

Stress
24.3533      0.0209753    -0.0273317    0.0942682    0.0454052    0.0651057   
0.0209753    24.3725      0.00268099    0.0454052    0.11265      0.0699437   
-0.0273317   0.00268099   24.3658       0.0651057    0.0699437    0.11349     

Stress Spherical
0            0            0             0            0            0           
0            0            0             0            0            0           
0            0            0             0            0            0           

Inertia
266.635      -99.9362     -100.063      0.186939     0.138545     0.143732    
-99.9362     266.729      -99.962       0.138545     0.185337     0.123632    
-100.063     -99.962      266.538       0.143732     0.123632     0.214683    

Bond Length
0.59888525    0.00072129017

BB bond length
0.59888525    0.00072129017

Water EE distance
0             0           

PEG EE distance
6.1530468     0.021567992 

BBB P2(x)
0.057823615   0.0038269293

BBB first bond length
0.59902164    0.0006868837

BBB second bond length
0.59900354    0.00071294819

BBB <phi**2>/<phi>**2
1.1141669     0.0018255703

Time = 10000
Temperature
1.0101497     0.0062887749

Pressure
27.453968     0.030642681 

CM Mom
-1.2875126e-16 3.4481948e-17 
6.3361677e-17  1.8285069e-17 
-3.9748326e-17 1.9905661e-17 
1.5157651e-16  3.3401547e-17 

CM Pos
9.9934182      0.010168608   
9.9992816      0.012319177   
10.007476      0.011980324   
17.32062       0.012029455   

Stress
24.4044      -0.00808537  0.0171648     0.0605152    0.0423979    0.0466579   
-0.00808537  24.4481      0.00356252    0.0423979    0.0952992    0.025989    
0.0171648    0.00356252   24.4207       0.0466579    0.025989     0.0801259   

Stress Spherical
0            0            0             0            0            0           
0            0            0             0            0            0           
0            0            0             0            0            0           

Inertia
266.783      -99.9091     -100.022      0.427144     0.163825     0.178251    
-99.9091     266.661      -100.104      0.163825     0.237877     0.170209    
-100.022     -100.104     266.518       0.178251     0.170209     0.29556     

Bond Length
0.59841936    0.00065199458

BB bond length
0.59841936    0.00065199458

Water EE distance
0             0           

PEG EE distance
6.04083       0.063642056 

BBB P2(x)
0.057343718   0.0033036171

BBB first bond length
0.59854958    0.00069442541

BBB second bond length
0.59851583    0.00067902137

BBB <phi**2>/<phi>**2
1.1145528     0.00092147187

Time = 11000
Temperature
1.0133537     0.0059924243

Pressure
27.492983     0.049161531 

CM Mom
-1.2488632e-16 2.3048248e-17 
6.4612083e-17  1.6515853e-17 
-1.78628e-17   1.6825798e-17 
1.4449402e-16  1.7290904e-17 

CM Pos
9.9935015      0.010888946   
10.005033      0.0085399898  
10.001974      0.0094323145  
17.32081       0.0077679218  

Stress
24.4201      -0.0177775   -0.00792126   0.0832091    0.0775603    0.074046    
-0.0177775   24.4816      -0.0165751    0.0775603    0.063359     0.0608944   
-0.00792126  -0.0165751   24.4598       0.074046     0.0608944    0.0709276   

Stress Spherical
0            0            0             0            0            0           
0            0            0             0            0            0           
0            0            0             0            0            0           

Inertia
266.779      -99.9748     -99.9758      0.305227     0.0797906    0.16018     
-99.9748     266.529      -100.088      0.0797906    0.297368     0.163541    
-99.9758     -100.088     266.579       0.16018      0.163541     0.14114     

Bond Length
0.59819149    0.00034586016

BB bond length
0.59819149    0.00034586016

Water EE distance
0             0           

PEG EE distance
5.8573609     0.018304367 

BBB P2(x)
0.057500127   0.0017022559

BBB first bond length
0.59836499    0.00032327303

BBB second bond length
0.59836295    0.00031100372

BBB <phi**2>/<phi>**2
1.1143144     0.0014183826

Time = 12000
Temperature
1.0111473     0.0042625815

Pressure
27.432273     0.072609583 

CM Mom
-1.3352169e-16 1.3292378e-17 
7.5591402e-17  2.0038854e-17 
-2.442434e-17  1.6089436e-17 
1.5764763e-16  1.1089969e-17 

CM Pos
10.002671      0.010611006   
9.9883618      0.0087727735  
10.004892      0.011648914   
17.318165      0.011501753   

Stress
24.386       -0.0319276   -0.00235078   0.0950474    0.0625692    0.0373573   
-0.0319276   24.4138      -0.00450861   0.0625692    0.100948     0.0355757   
-0.00235078  -0.00450861  24.3994       0.0373573    0.0355757    0.0872535   

Stress Spherical
0            0            0             0            0            0           
0            0            0             0            0            0           
0            0            0             0            0            0           

Inertia
266.495      -99.9367     -100.07       0.357102     0.197575     0.108613    
-99.9367     266.798      -99.9763      0.197575     0.264926     0.148032    
-100.07      -99.9763     266.439       0.108613     0.148032     0.387056    

Bond Length
0.59879557    0.000567044 

BB bond length
0.59879557    0.000567044 

Water EE distance
0             0           

PEG EE distance
5.7476924     0.026869675 

BBB P2(x)
0.057455377   0.0031403379

BBB first bond length
0.59897281    0.00053439523

BBB second bond length
0.59892747    0.00050467424

BBB <phi**2>/<phi>**2
1.1148633     0.0013822533

Time = 13000
Temperature
1.0124936     0.0028016526

Pressure
27.422402     0.043125307 

CM Mom
-1.3640015e-16 3.0759635e-17 
1.0820238e-16  1.2695126e-17 
-2.7406794e-17 9.4991949e-18 
1.7771456e-16  2.6057261e-17 

CM Pos
9.9900839      0.0071808633  
10.002533      0.011176144   
9.9973063      0.01426366    
17.314697      0.014171402   

Stress
24.3717      0.0168044    0.00799418    0.0958368    0.0537625    0.070796    
0.0168044    24.3743      0.00842825    0.0537625    0.0948787    0.05232     
0.00799418   0.00842825   24.4114       0.070796     0.05232      0.0857734   

Stress Spherical
0            0            0             0            0            0           
0            0            0             0            0            0           
0            0            0             0            0            0           

Inertia
266.613      -99.9017     -99.8251      0.474765     0.140166     0.183183    
-99.9017     266.424      -99.996       0.140166     0.333966     0.226461    
-99.8251     -99.996      266.448       0.183183     0.226461     0.289914    

Bond Length
0.59875698    0.00073514016

BB bond length
0.59875698    0.00073514016

Water EE distance
0             0           

PEG EE distance
5.721948      0.048429786 

BBB P2(x)
0.058470254   0.0029251653

BBB first bond length
0.59886857    0.00072193241

BBB second bond length
0.59886606    0.0007341763

BBB <phi**2>/<phi>**2
1.1140501     0.0015065762

Time = 14000
Temperature
1.0115151     0.0049459728

Pressure
27.396227     0.060252831 

CM Mom
-1.475796e-16  1.7791924e-17 
1.0174044e-16  1.5673067e-17 
-3.4288599e-17 1.8590989e-17 
1.8379512e-16  2.0826443e-17 

CM Pos
10.008589      0.010722075   
9.9986981      0.01148522    
9.9938053      0.0067493961  
17.321146      0.013077561   

Stress
24.3759      0.0124913    0.0312716     0.0678486    0.0375711    0.0526102   
0.0124913    24.3436      -0.0209103    0.0375711    0.0636403    0.0353804   
0.0312716    -0.0209103   24.3682       0.0526102    0.0353804    0.116465    

Stress Spherical
0            0            0             0            0            0           
0            0            0             0            0            0           
0            0            0             0            0            0           

Inertia
266.502      -100.085     -100.061      0.302245     0.191413     0.156345    
-100.085     266.742      -99.9458      0.191413     0.318678     0.155838    
-100.061     -99.9458     266.79        0.156345     0.155838     0.395443    

Bond Length
0.59859986    0.00048640581

BB bond length
0.59859986    0.00048640581

Water EE distance
0             0           

PEG EE distance
5.6375893     0.0204526   

BBB P2(x)
0.055586493   0.0037210368

BBB first bond length
0.59877154    0.00046672222

BBB second bond length
0.59868543    0.00050132066

BBB <phi**2>/<phi>**2
1.1138395     0.0012651832

Time = 15000
Temperature
1.0110165     0.0036596592

Pressure
27.44179      0.063848918 

CM Mom
-1.4988589e-16 7.2735239e-18 
8.4572776e-17  1.6517677e-17 
-2.853371e-17  9.2936248e-18 
1.7527778e-16  1.1059698e-17 

CM Pos
10.008589      0.021006292   
9.9938634      0.010854433   
9.9985567      0.0090722075  
17.321109      0.010872459   

Stress
24.4071      -0.0195066   -0.00946814   0.108584     0.0434777    0.062173    
-0.0195066   24.373       0.000890193   0.0434777    0.0484776    0.0786358   
-0.00946814  0.000890193  24.4488       0.062173     0.0786358    0.10148     

Stress Spherical
0            0            0             0            0            0           
0            0            0             0            0            0           
0            0            0             0            0            0           

Inertia
266.484      -100.01      -100.08       0.231784     0.147085     0.250118    
-100.01      266.805      -99.9538      0.147085     0.453931     0.149058    
-100.08      -99.9538     266.672       0.250118     0.149058     0.296313    

Bond Length
0.59868681    0.00034130674

BB bond length
0.59868681    0.00034130674

Water EE distance
0             0           

PEG EE distance
5.6821535     0.024333012 

BBB P2(x)
0.056659926   0.0038136483

BBB first bond length
0.59882763    0.00039421087

BBB second bond length
0.59881049    0.00035334114

BBB <phi**2>/<phi>**2
1.113695      0.001449702 

Time = 16000
Temperature
1.0134396     0.0048781627

Pressure
27.433674     0.055820631 

CM Mom
-1.502581e-16  1.5967304e-17 
9.4772224e-17  2.8245085e-17 
-2.4502483e-17 1.1121973e-17 
1.8125288e-16  2.1988072e-17 

CM Pos
10.00017       0.010747642   
9.9950304      0.011057385   
10.002641      0.0070060105  
17.31927       0.0074331779  

Stress
24.4307      -0.000134907 -0.00301977   0.0663919    0.0646267    0.0372962   
-0.000134907 24.3476      0.0283947     0.0646267    0.0836357    0.0573531   
-0.00301977  0.0283947    24.4045       0.0372962    0.0573531    0.100939    

Stress Spherical
0            0            0             0            0            0           
0            0            0             0            0            0           
0            0            0             0            0            0           

Inertia
266.555      -99.9315     -100.036      0.291974     0.179047     0.148205    
-99.9315     266.684      -100.015      0.179047     0.163541     0.21466     
-100.036     -100.015     266.526       0.148205     0.21466      0.236196    

Bond Length
0.598554      0.00043542736

BB bond length
0.598554      0.00043542736

Water EE distance
0             0           

PEG EE distance
5.6620315     0.039178282 

BBB P2(x)
0.055143094   0.0020195998

BBB first bond length
0.59868219    0.00043262332

BBB second bond length
0.59865285    0.00039500609

BBB <phi**2>/<phi>**2
1.1135712     0.00094540769

Time = 17000
Temperature
1.0137546     0.0042124959

Pressure
27.492044     0.059085305 

CM Mom
-1.6676849e-16 1.5284314e-17 
9.3989347e-17  2.535022e-17  
-2.7184859e-17 1.5625355e-17 
1.9548157e-16  1.7090776e-17 

CM Pos
10.001421      0.007515606   
9.9976145      0.0076946828  
10.001474      0.0057631429  
17.320806      0.0049728881  

Stress
24.4751      0.0138375    -0.00837696   0.103632     0.0650723    0.0683214   
0.0138375    24.4314      -0.0465648    0.0650723    0.070826     0.0577534   
-0.00837696  -0.0465648   24.4485       0.0683214    0.0577534    0.074528    

Stress Spherical
0            0            0             0            0            0           
0            0            0             0            0            0           
0            0            0             0            0            0           

Inertia
266.643      -99.9879     -100.064      0.159768     0.0910474    0.111616    
-99.9879     266.706      -99.9994      0.0910474    0.139982     0.0940459   
-100.064     -99.9994     266.617       0.111616     0.0940459    0.24228     

Bond Length
0.59846717    0.00047796628

BB bond length
0.59846717    0.00047796628

Water EE distance
0             0           

PEG EE distance
5.6645396     0.021860759 

BBB P2(x)
0.058191024   0.002762831 

BBB first bond length
0.59862282    0.00050972  

BBB second bond length
0.59860002    0.00048043403

BBB <phi**2>/<phi>**2
1.1145935     0.0015758901

Time = 18000
Temperature
1.0134405     0.0040731137

Pressure
27.471711     0.089494944 

CM Mom
-2.0193133e-16 1.6248884e-17 
7.7020826e-17  1.3211703e-17 
-4.8690658e-17 1.4880064e-17 
2.2272253e-16  1.1572185e-17 

CM Pos
9.9990031      0.0046111171  
9.9953638      0.0069562443  
10.002558      0.012045396   
17.318738      0.0079451735  

Stress
24.457       0.0148374    0.00100253    0.114462     0.0374422    0.0621845   
0.0148374    24.4014      0.00451765    0.0374422    0.104932     0.0225272   
0.00100253   0.00451765   24.4385       0.0621845    0.0225272    0.102543    

Stress Spherical
0            0            0             0            0            0           
0            0            0             0            0            0           
0            0            0             0            0            0           

Inertia
266.643      -99.9643     -100.052      0.276329     0.131349     0.097582    
-99.9643     266.687      -99.9323      0.131349     0.254991     0.143405    
-100.052     -99.9323     266.544       0.097582     0.143405     0.191166    

Bond Length
0.59833415    0.00050255621

BB bond length
0.59833415    0.00050255621

Water EE distance
0             0           

PEG EE distance
5.5940988     0.01873642  

BBB P2(x)
0.057966898   0.0035609743

BBB first bond length
0.59843501    0.00049289457

BBB second bond length
0.59850615    0.00055903706

BBB <phi**2>/<phi>**2
1.1147402     0.0012247991

Time = 19000
Temperature
1.009576      0.0052890514

Pressure
27.426647     0.044369434 

CM Mom
-2.1315977e-16 2.0765098e-17 
9.7027329e-17  2.5858865e-17 
-3.2861026e-17 1.9959291e-17 
2.3863179e-16  2.2007954e-17 

CM Pos
10.002004      0.01193034    
9.9996151      0.0082017316  
9.9996404      0.010056954   
17.321242      0.008229123   

Stress
24.4623      0.000477077  0.0085858     0.0878511    0.0517026    0.0644851   
0.000477077  24.3618      0.0337517     0.0517026    0.0816871    0.0494329   
0.0085858    0.0337517    24.3723       0.0644851    0.0494329    0.05433     

Stress Spherical
0            0            0             0            0            0           
0            0            0             0            0            0           
0            0            0             0            0            0           

Inertia
266.671      -100.001     -100.024      0.147658     0.156506     0.152679    
-100.001     266.68       -99.9856      0.156506     0.313225     0.103427    
-100.024     -99.9856     266.691       0.152679     0.103427     0.31949     

Bond Length
0.59851383    0.00054901177

BB bond length
0.59851383    0.00054901177

Water EE distance
0             0           

PEG EE distance
5.5098221     0.019227346 

BBB P2(x)
0.054232945   0.0028284691

BBB first bond length
0.59869347    0.00060180118

BBB second bond length
0.59864497    0.0005791967

BBB <phi**2>/<phi>**2
1.1130481     0.0014028784

Time = 20000
Temperature
1.0121144     0.00426742  

Pressure
27.457031     0.053435403 

CM Mom
-2.1263596e-16 1.3773431e-17 
1.1905289e-16  1.4282836e-17 
-4.6824245e-17 2.2084298e-17 
2.4944397e-16  1.5468612e-17 

CM Pos
10.004171      0.010809529   
9.9990316      0.0071123174  
10.005976      0.0082956564  
17.325811      0.011497228   

Stress
24.438       0.00819584   -0.00301812   0.0866576    0.0914883    0.065475    
0.00819584   24.4081      0.0375033     0.0914883    0.0789969    0.0442623   
-0.00301812  0.0375033    24.4187       0.065475     0.0442623    0.111352    

Stress Spherical
0            0            0             0            0            0           
0            0            0             0            0            0           
0            0            0             0            0            0           

Inertia
266.761      -100.029     -100.087      0.266547     0.140614     0.137984    
-100.029     266.858      -100.045      0.140614     0.405981     0.151938    
-100.087     -100.045     266.732       0.137984     0.151938     0.276398    

Bond Length
0.59861803    0.0003066315

BB bond length
0.59861803    0.0003066315

Water EE distance
0             0           

PEG EE distance
5.439438      0.034398741 

BBB P2(x)
0.054403544   0.0030889219

BBB first bond length
0.59873816    0.00034572476

BBB second bond length
0.59871891    0.00031882331

BBB <phi**2>/<phi>**2
1.113676      0.0011590025

Time = 21000
Temperature
1.014773      0.0023058218

Pressure
27.41321      0.065004328 

CM Mom
-2.3632716e-16 1.8967337e-17 
1.1840912e-16  1.1408971e-17 
-4.3710404e-17 1.3145006e-17 
2.6843277e-16  1.9708131e-17 

CM Pos
10.008756      0.00790844    
10.002533      0.008054264   
10.004725      0.010845788   
17.329759      0.0096808946  

Stress
24.388       0.0288013    0.0172126     0.0953049    0.0662815    0.0616846   
0.0288013    24.3357      -0.0360183    0.0662815    0.0873018    0.0512281   
0.0172126    -0.0360183   24.3857       0.0616846    0.0512281    0.117547    

Stress Spherical
0            0            0             0            0            0           
0            0            0             0            0            0           
0            0            0             0            0            0           

Inertia
266.815      -100.158     -100.152      0.277654     0.145332     0.141718    
-100.158     266.928      -100.079      0.145332     0.314577     0.139366    
-100.152     -100.079     266.882       0.141718     0.139366     0.241661    

Bond Length
0.59877137    0.00050043047

BB bond length
0.59877137    0.00050043047

Water EE distance
0             0           

PEG EE distance
5.4218838     0.020425264 

BBB P2(x)
0.055964803   0.0037409335

BBB first bond length
0.59883406    0.00049593893

BBB second bond length
0.59887322    0.00048647829

BBB <phi**2>/<phi>**2
1.1140549     0.0013116634

Time = 22000
Temperature
1.0139949     0.0042295258

Pressure
27.450399     0.048700583 

CM Mom
-2.4150202e-16 1.127335e-17  
1.1527732e-16  3.1050658e-17 
-6.4618099e-17 1.9986851e-17 
2.7714994e-16  2.1591697e-17 

CM Pos
10.004088      0.0052116864  
9.9987815      0.0069347349  
10.008893      0.0076439461  
17.327304      0.0053508612  

Stress
24.4465      -0.015326    -0.0171763    0.0750478    0.0687937    0.0353682   
-0.015326    24.3864      -0.00351852   0.0687937    0.0319579    0.0911406   
-0.0171763   -0.00351852  24.3949       0.0353682    0.0911406    0.112926    

Stress Spherical
0            0            0             0            0            0           
0            0            0             0            0            0           
0            0            0             0            0            0           

Inertia
266.806      -100.016     -100.198      0.200518     0.07121      0.12155     
-100.016     266.889      -100.093      0.07121      0.19942      0.0971647   
-100.198     -100.093     266.699       0.12155      0.0971647    0.113521    

Bond Length
0.59867879    0.00059877418

BB bond length
0.59867879    0.00059877418

Water EE distance
0             0           

PEG EE distance
5.3249574     0.032792686 

BBB P2(x)
0.052048801   0.0044832134

BBB first bond length
0.59883372    0.00062561895

BBB second bond length
0.59879886    0.00062814347

BBB <phi**2>/<phi>**2
1.1124313     0.0019095765

Time = 23000
Temperature
1.0113369     0.0034700093

Pressure
27.405479     0.060029254 

CM Mom
-2.2680931e-16 3.5826804e-17 
1.0736194e-16  2.7253431e-17 
-7.954223e-17  2.2797725e-17 
2.6614716e-16  3.1745149e-17 

CM Pos
10.003838      0.0081486096  
9.9980313      0.0032456004  
10.006059      0.0094105577  
17.325089      0.0089150929  

Stress
24.3988      0.0280114    -0.00506936   0.0401035    0.0390392    0.0640244   
0.0280114    24.3539      -0.00766584   0.0390392    0.0867595    0.0708645   
-0.00506936  -0.00766584  24.3643       0.0640244    0.0708645    0.0841394   

Stress Spherical
0            0            0             0            0            0           
0            0            0             0            0            0           
0            0            0             0            0            0           

Inertia
266.783      -100.023     -100.127      0.193912     0.129287     0.177911    
-100.023     266.884      -100.047      0.129287     0.278329     0.146047    
-100.127     -100.047     266.721       0.177911     0.146047     0.210843    

Bond Length
0.59868581    0.00044106797

BB bond length
0.59868581    0.00044106797

Water EE distance
0             0           

PEG EE distance
5.381489      0.064280942 

BBB P2(x)
0.051855405   0.0023902019

BBB first bond length
0.59880202    0.00043431855

BBB second bond length
0.5988007     0.00053691591

BBB <phi**2>/<phi>**2
1.1118288     0.0009269062

Time = 24000
Temperature
1.012692      0.0037936022

Pressure
27.486217     0.059338278 

CM Mom
-2.1607056e-16 1.5928812e-17 
1.1422956e-16  1.9838156e-17 
-9.9208165e-17 2.3640517e-17 
2.6547934e-16  1.7435884e-17 

CM Pos
9.9994199      0.01091476    
9.9996984      0.011044809   
10.004392      0.0063729087  
17.322539      0.012139827   

Stress
24.4718      -0.000269498 -0.0275392    0.0896434    0.0765739    0.0841536   
-0.000269498 24.4411      0.0529694     0.0765739    0.0762164    0.0613037   
-0.0275392   0.0529694    24.4342       0.0841536    0.0613037    0.0851947   

Stress Spherical
0            0            0             0            0            0           
0            0            0             0            0            0           
0            0            0             0            0            0           

Inertia
266.738      -99.9969     -100.028      0.265254     0.222898     0.168584    
-99.9969     266.757      -100.042      0.222898     0.314783     0.17001     
-100.028     -100.042     266.653       0.168584     0.17001      0.39092     

Bond Length
0.59870511    0.00042182908

BB bond length
0.59870511    0.00042182908

Water EE distance
0             0           

PEG EE distance
5.4309775     0.029565168 

BBB P2(x)
0.053890725   0.0036752662

BBB first bond length
0.59884092    0.00039198285

BBB second bond length
0.59882388    0.00043002195

BBB <phi**2>/<phi>**2
1.1133277     0.0018795243

Time = 25000
Temperature
1.0079151     0.0060543448

Pressure
27.47937      0.05784746  

CM Mom
-2.4037002e-16 1.8577199e-17 
1.2275968e-16  1.7149808e-17 
-1.0289449e-16 1.6331706e-17 
2.9000958e-16  1.5341408e-17 

CM Pos
9.9953354      0.0085513732  
9.9971143      0.010811136   
9.9994736      0.0081690493  
17.31585       0.0099991474  

Stress
24.4827      0.0319178    0.00966505    0.0839859    0.0330863    0.0717284   
0.0319178    24.411       0.00345989    0.0330863    0.0591468    0.0467733   
0.00966505   0.00345989   24.4758       0.0717284    0.0467733    0.0681806   

Stress Spherical
0            0            0             0            0            0           
0            0            0             0            0            0           
0            0            0             0            0            0           

Inertia
266.61       -99.9381     -99.9394      0.259974     0.163999     0.155691    
-99.9381     266.618      -99.9812      0.163999     0.322803     0.145755    
-99.9394     -99.9812     266.544       0.155691     0.145755     0.322927    

Bond Length
0.59842138    0.00038898719

BB bond length
0.59842138    0.00038898719

Water EE distance
0             0           

PEG EE distance
5.4376755     0.048630794 

BBB P2(x)
0.056329222   0.0030846415

BBB first bond length
0.59857103    0.00035588879

BBB second bond length
0.59853513    0.0003608214

BBB <phi**2>/<phi>**2
1.1142953     0.001444194 

Time = 26000
Temperature
1.0115478     0.0047060698

Pressure
27.440737     0.033963879 

CM Mom
-2.4919956e-16 1.6514674e-17 
1.2397475e-16  2.2647893e-17 
-7.3514505e-17 1.3845696e-17 
2.8884765e-16  2.0468052e-17 

CM Pos
9.9918344      0.012381908   
10.000365      0.010325587   
9.9958893      0.0093498151  
17.31364       0.0079232747  

Stress
24.4539      -0.00918177  -0.0196073    0.0763309    0.0646048    0.0582751   
-0.00918177  24.3744      -0.00317404   0.0646048    0.0978336    0.0458825   
-0.0196073   -0.00317404  24.3927       0.0582751    0.0458825    0.0351931   

Stress Spherical
0            0            0             0            0            0           
0            0            0             0            0            0           
0            0            0             0            0            0           

Inertia
266.616      -99.909      -99.8732      0.214978     0.130502     0.22885     
-99.909      266.484      -99.8969      0.130502     0.396072     0.135639    
-99.8732     -99.8969     266.537       0.22885      0.135639     0.222723    

Bond Length
0.59858933    0.00038611477

BB bond length
0.59858933    0.00038611477

Water EE distance
0             0           

PEG EE distance
5.4845285     0.024556042 

BBB P2(x)
0.054582426   0.0037815416

BBB first bond length
0.59875678    0.0004786632

BBB second bond length
0.59867108    0.00037428313

BBB <phi**2>/<phi>**2
1.11353       0.0016086031

Time = 27000
Temperature
1.0105151     0.0026984907

Pressure
27.422025     0.067413939 

CM Mom
-2.469957e-16  1.3615988e-17 
1.027677e-16   1.2269624e-17 
-9.5144373e-17 2.2933417e-17 
2.8496345e-16  1.6680572e-17 

CM Pos
9.9954188      0.011496407   
9.9994484      0.010571971   
9.9943055      0.01190702    
17.314265      0.011016851   

Stress
24.405       0.021817     -0.0162987    0.0918656    0.0813741    0.0601367   
0.021817     24.3998      0.00704636    0.0813741    0.0866381    0.026274    
-0.0162987   0.00704636   24.3692       0.0601367    0.026274     0.0698378   

Stress Spherical
0            0            0             0            0            0           
0            0            0             0            0            0           
0            0            0             0            0            0           

Inertia
266.51       -99.96       -99.9192      0.473368     0.13758      0.154268    
-99.96       266.495      -99.9589      0.13758      0.330104     0.240936    
-99.9192     -99.9589     266.54        0.154268     0.240936     0.246244    

Bond Length
0.59884952    0.00045949218

BB bond length
0.59884952    0.00045949218

Water EE distance
0             0           

PEG EE distance
5.4420036     0.026809934 

BBB P2(x)
0.055129677   0.0026580694

BBB first bond length
0.59900272    0.00045904705

BBB second bond length
0.59901968    0.00045971492

BBB <phi**2>/<phi>**2
1.1134075     0.0013827075

Time = 28000
Temperature
1.0077858     0.004214182 

Pressure
27.43161      0.070755863 

CM Mom
-2.5349246e-16 9.1809931e-18 
1.1090095e-16  1.3343413e-17 
-1.15365e-16   1.4688797e-17 
3.0031574e-16  1.2453405e-17 

CM Pos
10.004838      0.014971924   
10.008451      0.0095192096  
9.9976398      0.0053918932  
17.326827      0.010242169   

Stress
24.4343      -0.0194947   -0.042809     0.112541     0.0668005    0.0566777   
-0.0194947   24.3891      0.00585402    0.0668005    0.0560492    0.0453171   
-0.042809    0.00585402   24.4039       0.0566777    0.0453171    0.10667     

Stress Spherical
