Time = 1000
Temperature
   1.2271444    0.37368282

Pressure
   23.947051     1.5405781

CM Mom
-3.3456765e-17 2.0657879e-17 
1.5160294e-17  3.9745366e-17 
7.3537983e-18  5.0377008e-16 
3.3794416e-16  3.7813721e-16 

CM Pos
7.4921281      0.01069106    
7.4930929      0.047720409   
7.4982616      0.016541856   
12.980934      0.018903166   

Stress
20.2503      -0.0553554   -0.044655     0.49376      0.0729517    0.100897    
-0.0553554   20.2731      0.0388718     0.0729517    0.450692     0.0977545   
-0.044655    0.0388718    20.3029       0.100897     0.0977545    0.426823    

Stress Spherical
0            0            0             0            0            0           
0            0            0             0            0            0           
0            0            0             0            0            0           

Inertia
150.123      -56.1214     -56.1568      1.1805       0.325003     0.159363    
-56.1214     150.12       -56.1841      0.325003     1.79659      0.219766    
-56.1568     -56.1841     150.045       0.159363     0.219766     0.993359    

Bond Length
0.6189691     0.0098378088

BB bond length
0.6189691     0.0098378088

Water EE distance
0             0           

PEG EE distance
7.0485318     0.082916105 

BBB P2(x)
0.46753221    0.063098627 

BBB first bond length
0.61906737    0.010096781 

BBB second bond length
0.61915317    0.0097034487

BBB <phi**2>/<phi>**2
1.2190787     0.013965728 

Time = 2000
Temperature
1.0098303     0.0056195783

Pressure
22.899877     0.13697822  

CM Mom
-5.8968367e-17 2.0490614e-17 
1.1391797e-17  3.1836431e-17 
-1.6340552e-17 7.2704074e-17 
9.6786915e-17  3.5009342e-17 

CM Pos
7.5007437      0.011842621   
7.4990346      0.016111404   
7.4969247      0.012064136   
12.988488      0.017092664   

Stress
19.9101      0.0321245    0.0153825     0.110667     0.0486011    0.0460438   
0.0321245    19.8494      0.0340537     0.0486011    0.209287     0.0744371   
0.0153825    0.0340537    19.8759       0.0460438    0.0744371    0.151212    

Stress Spherical
0            0            0             0            0            0           
0            0            0             0            0            0           
0            0            0             0            0            0           

Inertia
149.863      -56.229      -56.2567      0.295862     0.194244     0.179094    
-56.229      149.879      -56.2234      0.194244     0.291644     0.178395    
-56.2567     -56.2234     149.918       0.179094     0.178395     0.253445    

Bond Length
0.61632114    0.0019267753

BB bond length
0.61632114    0.0019267753

Water EE distance
0             0           

PEG EE distance
7.0595396     0.072458422 

BBB P2(x)
0.51070233    0.0084319049

BBB first bond length
0.6162792     0.0019137732

BBB second bond length
0.61621576    0.0019286843

BBB <phi**2>/<phi>**2
1.2246776     0.0053314236

Time = 3000
Temperature
1.0106041     0.004220967 

Pressure
22.945683     0.11311124  

CM Mom
-1.0273768e-16 1.8111636e-17 
2.9955572e-17  2.0949361e-17 
-3.6512682e-17 3.4336328e-17 
1.190217e-16   2.377538e-17  

CM Pos
7.5017835      0.01297107    
7.4971036      0.015271189   
7.5052431      0.015107762   
12.99278       0.016678932   

Stress
19.8894      0.0527437    -0.0195566    0.133956     0.088074     0.0456555   
0.0527437    19.9456      -0.0273198    0.088074     0.193522     0.0619273   
-0.0195566   -0.0273198   19.9308       0.0456555    0.0619273    0.0918221   

Stress Spherical
0            0            0             0            0            0           
0            0            0             0            0            0           
0            0            0             0            0            0           

Inertia
150.015      -56.2597     -56.2735      0.340792     0.138262     0.137817    
-56.2597     150.072      -56.3001      0.138262     0.281311     0.228809    
-56.2735     -56.3001     149.958       0.137817     0.228809     0.317598    

Bond Length
0.61595351    0.0018418508

BB bond length
0.61595351    0.0018418508

Water EE distance
0             0           

PEG EE distance
6.9901845     0.084706457 

BBB P2(x)
0.51042014    0.0077599653

BBB first bond length
0.61589885    0.0018901558

BBB second bond length
0.61595368    0.0018467559

BBB <phi**2>/<phi>**2
1.2264863     0.0034675239

Time = 4000
Temperature
1.0107597     0.0075811965

Pressure
22.940805     0.075239095 

CM Mom
-1.1442345e-16 1.3335054e-17 
1.8981977e-17  1.5859422e-17 
-3.6062733e-17 1.8314737e-17 
1.2416154e-16  1.0111782e-17 

CM Pos
7.5010408      0.015408559   
7.498589       0.0079008236  
7.5021237      0.012813611   
12.991406      0.012176577   

Stress
19.8779      -0.0244582   -0.0130116    0.090084     0.0809137    0.0646984   
-0.0244582   19.9524      -0.0167808    0.0809137    0.088699     0.0836657   
-0.0130116   -0.0167808   19.9196       0.0646984    0.0836657    0.10113     

Stress Spherical
0            0            0             0            0            0           
0            0            0             0            0            0           
0            0            0             0            0            0           

Inertia
150.001      -56.2359     -56.3007      0.199153     0.179273     0.145419    
-56.2359     150.041      -56.2738      0.179273     0.275062     0.13374     
-56.3007     -56.2738     149.987       0.145419     0.13374      0.278083    

Bond Length
0.61514895    0.0014734737

BB bond length
0.61514895    0.0014734737

Water EE distance
0             0           

PEG EE distance
7.2576127     0.087293786 

BBB P2(x)
0.50608988    0.0090651227

BBB first bond length
0.61519553    0.0014758206

BBB second bond length
0.61519437    0.0015308742

BBB <phi**2>/<phi>**2
1.2230225     0.0057338359

Time = 5000
Temperature
1.010492      0.005383018 

Pressure
22.83376      0.068867925 

CM Mom
-1.3537426e-16 1.7396145e-17 
-1.1604678e-17 2.0184179e-17 
-4.3928462e-17 1.7929717e-17 
1.4564517e-16  1.4476051e-17 

CM Pos
7.4994068      0.0068217246  
7.4914589      0.01322044    
7.5031635      0.010895497   
12.986946      0.009887561   

Stress
19.7623      -0.0194631   -0.0597056    0.109017     0.0634797    0.0671033   
-0.0194631   19.849       -0.00401639   0.0634797    0.107199     0.0769236   
-0.0597056   -0.00401639  19.8198       0.0671033    0.0769236    0.125148    

Stress Spherical
0            0            0             0            0            0           
0            0            0             0            0            0           
0            0            0             0            0            0           

Inertia
149.91       -56.1922     -56.2412      0.268342     0.12476      0.115407    
-56.1922     150.027      -56.2073      0.12476      0.142226     0.128373    
-56.2412     -56.2073     149.835       0.115407     0.128373     0.213311    

Bond Length
0.61590475    0.0012276797

BB bond length
0.61590475    0.0012276797

Water EE distance
0             0           

PEG EE distance
7.2698794     0.076159068 

BBB P2(x)
0.51041104    0.0054645641

BBB first bond length
0.61583083    0.0012051388

BBB second bond length
0.61590747    0.0012300293

BBB <phi**2>/<phi>**2
1.2234169     0.007996265 

Time = 6000
Temperature
1.0134034     0.0074925418

Pressure
22.91846      0.10393373  

CM Mom
-1.2377371e-16 2.505633e-17  
-4.482039e-18  3.2225012e-17 
-7.0628567e-18 1.472007e-17  
1.2908036e-16  2.4720747e-17 

CM Pos
7.5023777      0.013092978   
7.4993317      0.011490838   
7.4985586      0.017110984   
12.990547      0.017554224   

Stress
19.8828      -0.0194095   -0.0275842    0.103269     0.0969906    0.0634727   
-0.0194095   19.9223      -0.0496844    0.0969906    0.190827     0.0530874   
-0.0275842   -0.0496844   19.854        0.0634727    0.0530874    0.120066    

Stress Spherical
0            0            0             0            0            0           
0            0            0             0            0            0           
0            0            0             0            0            0           

Inertia
149.966      -56.2757     -56.2815      0.41236      0.150951     0.169226    
-56.2757     150.002      -56.25        0.150951     0.345013     0.209617    
-56.2815     -56.25       150.027       0.169226     0.209617     0.325408    

Bond Length
0.61644396    0.0011450788

BB bond length
0.61644396    0.0011450788

Water EE distance
0             0           

PEG EE distance
7.1730388     0.14561202  

BBB P2(x)
0.5106373     0.0072741473

BBB first bond length
0.61638202    0.0012880077

BBB second bond length
0.61660278    0.0012433404

BBB <phi**2>/<phi>**2
1.2266233     0.0041357972

