Time = 1000
Temperature
   1.1100886    0.14360681

Pressure
   23.747397    0.77624127

CM Mom
-1.2060924e-16 2.5214486e-17 
-1.6279739e-17 1.5063659e-17 
3.9962703e-17  1.6779937e-16 
1.9731666e-16  8.0585905e-17 

CM Pos
7.4967365      0.012991716   
7.4970045      0.018945707   
7.4926911      0.01645585    
12.98256       0.022192901   

Stress
20.4208      0.0335298    0.00967956    0.363396     0.066769     0.0884895   
0.0335298    20.4274      0.014706      0.066769     0.364058     0.0827718   
0.00967956   0.014706     20.4169       0.0884895    0.0827718    0.38986     

Stress Spherical
0            0            0             0            0            0           
0            0            0             0            0            0           
0            0            0             0            0            0           

Inertia
149.969      -56.2026     -56.1659      0.860089     0.246867     0.184424    
-56.2026     149.964      -56.179       0.246867     1.09482      0.232349    
-56.1659     -56.179      150.015       0.184424     0.232349     1.00364     

Bond Length
0.61977733    0.0058073165

BB bond length
0.61977733    0.0058073165

Water EE distance
0             0           

PEG EE distance
6.946604      0.15904987  

BBB P2(x)
0.47504829    0.059524603 

BBB first bond length
0.61957571    0.0060675309

BBB second bond length
0.62010908    0.0060541366

BBB <phi**2>/<phi>**2
1.2137335     0.012598544 

Time = 2000
Temperature
1.0050317     0.0064479722

Pressure
23.221414     0.070192339 

CM Mom
-1.455544e-16  1.311329e-17  
1.3392456e-17  2.2078798e-17 
-4.6485305e-18 4.5484788e-17 
1.5436412e-16  1.6943019e-17 

CM Pos
7.4962914      0.011741485   
7.5004166      0.0090190985  
7.5041143      0.010351828   
12.990867      0.0083946122  

Stress
20.282       0.0178618    0.0160887     0.117587     0.0525255    0.0782238   
0.0178618    20.2116      0.00297798    0.0525255    0.0960383    0.050538    
0.0160887    0.00297798   20.1379       0.0782238    0.050538     0.119413    

Stress Spherical
0            0            0             0            0            0           
0            0            0             0            0            0           
0            0            0             0            0            0           

Inertia
149.938      -56.2509     -56.2674      0.319125     0.142894     0.146684    
-56.2509     149.869      -56.2897      0.142894     0.379325     0.133789    
-56.2674     -56.2897     149.824       0.146684     0.133789     0.408299    

Bond Length
0.61850855    0.001871233 

BB bond length
0.61850855    0.001871233 

Water EE distance
0             0           

PEG EE distance
7.2084841     0.080158475 

BBB P2(x)
0.50927185    0.013031094 

BBB first bond length
0.61845962    0.0017369082

BBB second bond length
0.61842025    0.0020213152

BBB <phi**2>/<phi>**2
1.2247312     0.005965608 

