Time = 1000
Temperature
   1.0556931    0.06368264

Pressure
   23.615057    0.37187365

CM Mom
3.6920412e-18  1.8030623e-17 
-1.6384034e-18 1.2444888e-17 
2.1774799e-17  1.6791676e-16 
1.2693672e-16  1.1425211e-16 

CM Pos
7.4956146      0.012620267   
7.4935308      0.020711832   
7.5044125      0.025356057   
12.986709      0.0078012238  

Stress
20.4439      0.0215401    0.0213114     0.159336     0.0613418    0.0783302   
0.0215401    20.5022      -0.0129272    0.0613418    0.234559     0.0670838   
0.0213114    -0.0129272   20.4213       0.0783302    0.0670838    0.243764    

Stress Spherical
0            0            0             0            0            0           
0            0            0             0            0            0           
0            0            0             0            0            0           

Inertia
150.007      -56.1712     -56.2619      0.729257     0.243362     0.205811    
-56.1712     150.036      -56.2572      0.243362     0.550723     0.107138    
-56.2619     -56.2572     149.896       0.205811     0.107138     1.23391     

Bond Length
0.61845933    0.0055243119

BB bond length
0.61845933    0.0055243119

Water EE distance
0             0           

PEG EE distance
7.000148      0.17278967  

BBB P2(x)
0.47198009    0.049707239 

BBB first bond length
0.61810162    0.0056601186

BBB second bond length
0.61860061    0.0058695345

BBB <phi**2>/<phi>**2
1.2210005     0.012716995 

Time = 2000
Temperature
1.0146671     0.0065155444

Pressure
23.399854     0.091972601 

CM Mom
2.0950513e-17  1.5101625e-17 
-1.8827899e-17 1.0351815e-17 
-1.1072001e-17 2.317923e-17  
4.0362945e-17  1.2622657e-17 

CM Pos
7.5014067      0.004137145   
7.4991744      0.015397631   
7.5014422      0.022992958   
12.991567      0.017944264   

Stress
20.3298      0.0196438    -0.00617475   0.120495     0.0644728    0.06397     
0.0196438    20.3997      0.0314396     0.0644728    0.082333     0.0729916   
-0.00617475  0.0314396    20.3607       0.06397      0.0729916    0.155959    

Stress Spherical
0            0            0             0            0            0           
0            0            0             0            0            0           
0            0            0             0            0            0           

Inertia
149.883      -56.2644     -56.2766      0.417296     0.169683     0.155256    
-56.2644     149.93       -56.2281      0.169683     0.367106     0.224889    
-56.2766     -56.2281     149.902       0.155256     0.224889     0.183262    

Bond Length
0.61855769    0.0035493719

BB bond length
0.61855769    0.0035493719

Water EE distance
0             0           

PEG EE distance
7.4517381     0.13452797  

BBB P2(x)
0.50920021    0.011534173 

BBB first bond length
0.61865205    0.0037125533

BBB second bond length
0.61836493    0.0039884768

BBB <phi**2>/<phi>**2
1.2203728     0.0094556805

