Time = 500
Temperature
   1.0328446   0.046601877

Pressure
   20.246903    0.25278309

CM Mom
-9.7399281e-17 2.6793729e-17 
1.4412825e-17  1.1771248e-17 
2.1591265e-17  2.3072126e-17 
1.0354542e-16  2.8769227e-17 

CM Pos
7.5341463      0.022663513   
7.5002017      0.010095477   
7.5047586      0.023047929   
13.013018      0.017202839   

Stress
17.1863      -0.0167143   -0.00625208   0.124579     0.088852     0.066483    
-0.0167143   17.1158      -0.0220347    0.088852     0.144671     0.0868075   
-0.00625208  -0.0220347   17.1467       0.066483     0.0868075    0.205059    

Stress Spherical
0            0            0             0            0            0           
0            0            0             0            0            0           
0            0            0             0            0            0           

Inertia
149.09       -56.3366     -56.5901      0.631918     0.242431     0.131116    
-56.3366     149.73       -56.2978      0.242431     0.709284     0.242891    
-56.5901     -56.2978     149.484       0.131116     0.242891     0.734218    

Bond Length
0.61181452    0.0014740877

BB bond length
0.61181452    0.0014740877

Water EE distance
0             0           

PEG EE distance
3.7202021     0.064091178 

Time = 1000
Temperature
1.0134776     0.0055793141

Pressure
20.212197     0.091087936 

CM Mom
-8.8957155e-17 2.2283655e-17 
1.7463443e-18  3.8497712e-17 
1.9555326e-17  1.6942929e-17 
1.0046722e-16  2.169957e-17  

CM Pos
7.5297001      0.0086723084  
7.5087977      0.013531523   
7.5163187      0.018141856   
13.02205       0.016268549   

Stress
17.1559      -0.0488478   0.0307662     0.130411     0.0633229    0.0598729   
-0.0488478   17.2567      0.0355071     0.0633229    0.124822     0.0557133   
0.0307662    0.0355071    17.1063       0.0598729    0.0557133    0.0886097   

Stress Spherical
0            0            0             0            0            0           
0            0            0             0            0            0           
0            0            0             0            0            0           

Inertia
149.718      -56.5192     -56.5757      0.529881     0.18055      0.185849    
-56.5192     150.136      -56.4383      0.18055      0.481095     0.214462    
-56.5757     -56.4383     149.858       0.185849     0.214462     0.348335    

Bond Length
0.6119565     0.0016997201

BB bond length
0.6119565     0.0016997201

Water EE distance
0             0           

PEG EE distance
3.6800861     0.080756801 

