Time = 500
Temperature
   1.0350681    0.04362417

Pressure
   22.784188    0.16844258

CM Mom
-1.2179189e-17 3.4345792e-17 
1.2110576e-17  8.6990646e-18 
3.3405494e-17  2.1618652e-17 
5.1010466e-17  2.3054966e-17 

CM Pos
7.4830333      0.026071282   
7.5299975      0.04675946    
7.5070919      0.01256471    
13.002079      0.045292608   

Stress
19.6834      -0.00122838  0.00219589    0.111801     0.0385066    0.0755602   
-0.00122838  19.6561      0.0161352     0.0385066    0.139186     0.0300826   
0.00219589   0.0161352    19.7085       0.0755602    0.0300826    0.0640477   

Stress Spherical
0            0            0             0            0            0           
0            0            0             0            0            0           
0            0            0             0            0            0           

Inertia
150.158      -56.3003     -56.173       0.819417     0.552634     0.279341    
-56.3003     149.483      -56.5043      0.552634     0.683852     0.361014    
-56.173      -56.5043     149.797       0.279341     0.361014     1.10197     

Bond Length
0.61279332    0.005307394 

BB bond length
0.61279332    0.005307394 

Water EE distance
0             0           

PEG EE distance
3.575715      0.14322224  

Time = 1000
Temperature
1.0072608     0.010566835 

Pressure
22.658422     0.043476606 

CM Mom
-5.8236484e-18 4.5522437e-17 
3.0009944e-17  1.919698e-17  
2.8494956e-17  1.852667e-17  
6.3091989e-17  2.3450561e-17 

CM Pos
7.4854065      0.010915675   
7.5083422      0.018406517   
7.506202       0.022027978   
12.990399      0.0082505688  

Stress
19.6263      0.060468     0.0240178     0.0440973    0.0738684    0.0567538   
0.060468     19.6297      -0.00366585   0.0738684    0.0706297    0.0755811   
0.0240178    -0.00366585  19.6646       0.0567538    0.0755811    0.121154    

Stress Spherical
0            0            0             0            0            0           
0            0            0             0            0            0           
0            0            0             0            0            0           

Inertia
149.832      -56.2187     -56.0888      0.197605     0.226384     0.140607    
-56.2187     149.554      -56.3741      0.226384     0.218006     0.0619236   
-56.0888     -56.3741     149.514       0.140607     0.0619236    0.448502    

Bond Length
0.61314705    0.0038184744

BB bond length
0.61314705    0.0038184744

Water EE distance
0             0           

PEG EE distance
3.7697578     0.047704448 

