Time = 500
Temperature
    1.029278   0.038913757

Pressure
    23.31556    0.12927102

CM Mom
2.8210675e-17  3.6516945e-17 
-6.5175706e-17 1.2737054e-17 
-1.0623553e-17 2.153649e-17  
8.2297206e-17  1.8527948e-17 

CM Pos
7.4930453      0.02011088    
7.4718015      0.022163092   
7.4683195      0.012537058   
12.951834      0.020038843   

Stress
20.2159      -0.00154943  0.0239338     0.108392     0.0441247    0.0554371   
-0.00154943  20.2512      0.0350783     0.0441247    0.0363873    0.0897268   
0.0239338    0.0350783    20.217        0.0554371    0.0897268    0.0640366   

Stress Spherical
0            0            0             0            0            0           
0            0            0             0            0            0           
0            0            0             0            0            0           

Inertia
148.933      -55.9628     -55.9648      0.308939     0.303        0.160627    
-55.9628     149.186      -55.7756      0.303        0.214313     0.188063    
-55.9648     -55.7756     149.234       0.160627     0.188063     0.601465    

Bond Length
0.61190852    0.0040788083

BB bond length
0.61190852    0.0040788083

Water EE distance
0             0           

PEG EE distance
3.6626782     0.26782911  

Time = 1000
Temperature
1.005872      0.0058863889

Pressure
23.310124     0.064985445 

CM Mom
2.3590594e-17  1.1991743e-17 
-6.571881e-17  1.9289816e-17 
4.8262461e-18  1.8584023e-17 
7.2912001e-17  2.1068356e-17 

CM Pos
7.5134917      0.015063135   
7.4836545      0.022730315   
7.4884697      0.010708798   
12.98212       0.01531813    

Stress
20.3384      0.0391633    0.0379413     0.0612625    0.0524614    0.0869549   
0.0391633    20.27        -0.00944246   0.0524614    0.0891467    0.0637372   
0.0379413    -0.00944246  20.27         0.0869549    0.0637372    0.165881    

Stress Spherical
0            0            0             0            0            0           
0            0            0             0            0            0           
0            0            0             0            0            0           

Inertia
149.389      -56.2119     -56.2912      0.314758     0.268782     0.0537672   
-56.2119     149.823      -56.0693      0.268782     0.132708     0.134215    
-56.2912     -56.0693     149.725       0.0537672    0.134215     0.47619     

Bond Length
0.61385916    0.0064809497

BB bond length
0.61385916    0.0064809497

Water EE distance
0             0           

PEG EE distance
4.0979009     0.25983451  

