Time = 1000
Temperature
   1.2347443    0.29758115

Pressure
   24.681994     2.0110241

CM Mom
-7.5713009e-18 1.8110794e-17 
5.1560314e-17  4.6303063e-17 
-1.5252032e-16 4.5584693e-16 
3.8196563e-16  3.0058092e-16 

CM Pos
9.9885332      0.055075918   
10.008145      0.018776163   
9.9946339      0.029780312   
17.315574      0.040718458   

Stress
20.9912      -0.0166843   -0.020627     1.26799      0.0339354    0.0314213   
-0.0166843   20.9472      -0.00189698   0.0339354    1.22395      0.0580985   
-0.020627    -0.00189698  20.9977       0.0314213    0.0580985    1.2251      

Stress Spherical
0            0            0             0            0            0           
0            0            0             0            0            0           
0            0            0             0            0            0           

Inertia
267.456      -100.036     -99.8177      5.24662      0.415155     0.79942     
-100.036     267.047      -100.024      0.415155     3.84763      0.257618    
-99.8177     -100.024     267.301       0.79942      0.257618     4.66036     

Bond Length
0.62738714    0.016024898 

BB bond length
0.62738714    0.016024898 

Water EE distance
0             0           

PEG EE distance
7.7109933     0.3381096   

BBB P2(x)
0.1094649     0.025750428 

BBB first bond length
0.62751029    0.016379632 

BBB second bond length
0.62757599    0.015751979 

BBB <phi**2>/<phi>**2
1.1290017     0.0085823142

Time = 2000
Temperature
1.0159741     0.010093055 

Pressure
23.073763     0.076943433 

CM Mom
-1.1038203e-17 9.8968202e-18 
4.7547705e-17  2.2247134e-17 
1.7706702e-17  1.6809823e-16 
1.399751e-16   1.0932989e-16 

CM Pos
10.005704      0.01469234    
9.9983095      0.0081025229  
9.996051       0.006367735   
17.320553      0.010854234   

Stress
20.013       -0.0320028   -0.00891309   0.102096     0.0768368    0.0346742   
-0.0320028   20.0248      0.00696744    0.0768368    0.0567659    0.0385606   
-0.00891309  0.00696744   20.0421       0.0346742    0.0385606    0.125467    

Stress Spherical
0            0            0             0            0            0           
0            0            0             0            0            0           
0            0            0             0            0            0           

Inertia
266.457      -100.063     -100.042      1.30694      0.158513     0.193518    
-100.063     266.617      -99.9501      0.158513     1.08901      0.104646    
-100.042     -99.9501     266.662       0.193518     0.104646     1.07866     

Bond Length
0.62261629    0.001130334 

BB bond length
0.62261629    0.001130334 

Water EE distance
0             0           

PEG EE distance
7.3375918     0.08887924  

BBB P2(x)
0.091070763   0.0082042486

BBB first bond length
0.62272228    0.0012349383

BBB second bond length
0.62269135    0.001132857 

BBB <phi**2>/<phi>**2
1.1225877     0.003789346 

Time = 3000
Temperature
1.0091809     0.0038798858

Pressure
22.993539     0.045878093 

CM Mom
-8.8250099e-18 2.840139e-17  
3.9904915e-17  2.1773448e-17 
-1.0978687e-17 3.808503e-17  
6.3707624e-17  2.1525443e-17 

CM Pos
10.005287      0.012245973   
10.000727      0.0089759711  
9.997468       0.013006723   
17.322526      0.013186642   

Stress
19.9253      0.00503521   0.00236863    0.0852983    0.0350776    0.057742    
0.00503521   19.9746      0.0156578     0.0350776    0.0791171    0.0216521   
0.00236863   0.0156578    20.0004       0.057742     0.0216521    0.0754999   

Stress Spherical
0            0            0             0            0            0           
0            0            0             0            0            0           
0            0            0             0            0            0           

Inertia
266.545      -100.069     -100.013      0.414839     0.185477     0.219947    
-100.069     266.632      -99.9658      0.185477     0.175455     0.199541    
-100.013     -99.9658     266.7         0.219947     0.199541     0.366225    

Bond Length
0.62292899    0.00085243765

BB bond length
0.62292899    0.00085243765

Water EE distance
0             0           

PEG EE distance
6.7430764     0.080722984 

BBB P2(x)
0.081388174   0.0067827667

BBB first bond length
0.62300398    0.00086478142

BBB second bond length
0.62298934    0.00085957049

BBB <phi**2>/<phi>**2
1.1207177     0.0036207956

Time = 4000
Temperature
1.0124513     0.0043252458

Pressure
22.991006     0.078951154 

CM Mom
-2.4949017e-17 3.6468985e-17 
6.2430958e-17  2.8241038e-17 
-6.745366e-18  2.3632204e-17 
8.1113175e-17  2.592788e-17  

CM Pos
9.9975355      0.0096204582  
9.993975       0.0083191472  
10.004386      0.014858568   
17.318147      0.012855567   

Stress
19.9992      -0.0115796   -0.0143861    0.0879206    0.0444474    0.0626751   
-0.0115796   19.8966      -0.00667119   0.0444474    0.0939672    0.0487735   
-0.0143861   -0.00667119  19.9674       0.0626751    0.0487735    0.0930048   

Stress Spherical
0            0            0             0            0            0           
0            0            0             0            0            0           
0            0            0             0            0            0           

Inertia
266.579      -99.9027     -100.059      0.316613     0.174046     0.155489    
-99.9027     266.649      -99.9978      0.174046     0.277506     0.169256    
-100.059     -99.9978     266.428       0.155489     0.169256     0.327584    

Bond Length
0.62257608    0.00064045995

BB bond length
0.62257608    0.00064045995

Water EE distance
0             0           

PEG EE distance
6.4278421     0.11957579  

BBB P2(x)
0.078016516   0.0059116971

BBB first bond length
0.62259649    0.00071127866

BBB second bond length
0.62267946    0.0006625855

BBB <phi**2>/<phi>**2
1.1183811     0.0019958054

Time = 5000
Temperature
1.0081631     0.0036560934

Pressure
22.976047     0.03435004  

CM Mom
-1.210787e-17  1.2250545e-17 
7.1669398e-17  2.9014853e-17 
-2.7212818e-17 2.9918526e-17 
8.1681325e-17  3.5197407e-17 

CM Pos
9.9984524      0.0089325187  
10.002561      0.014002509   
9.9993851      0.014807042   
17.320749      0.010290514   

Stress
19.9927      0.0241374    0.00416388    0.0550308    0.051738     0.0361615   
0.0241374    19.9185      -0.00531786   0.051738     0.0630435    0.0728648   
0.00416388   -0.00531786  19.9458       0.0361615    0.0728648    0.0994522   

Stress Spherical
0            0            0             0            0            0           
0            0            0             0            0            0           
0            0            0             0            0            0           

Inertia
266.663      -100.037     -99.985       0.374198     0.20514      0.201151    
-100.037     266.589      -100.022      0.20514      0.297972     0.148645    
-99.985      -100.022     266.647       0.201151     0.148645     0.395793    

Bond Length
0.62300091    0.00064870073

BB bond length
0.62300091    0.00064870073

Water EE distance
0             0           

PEG EE distance
6.17608       0.06491049  

BBB P2(x)
0.070433198   0.0056704439

BBB first bond length
0.62306694    0.00064965194

BBB second bond length
0.62323234    0.00063031583

BBB <phi**2>/<phi>**2
1.1169779     0.0026794243

Time = 6000
Temperature
1.0110642     0.0061709868

Pressure
22.966874     0.035793074 

CM Mom
-1.1778479e-17 2.2104949e-17 
4.9717461e-17  2.3082026e-17 
7.7799825e-18  2.1503003e-17 
5.972906e-17   2.4234559e-17 

CM Pos
9.9991192      0.0058916719  
9.9968924      0.0073880203  
10.000802      0.010599098   
17.318673      0.0080936308  

Stress
19.956       0.0197767    0.0220842     0.074035     0.0650973    0.0507663   
0.0197767    19.917       0.0227099     0.0650973    0.0801673    0.0290761   
0.0220842    0.0227099    19.9304       0.0507663    0.0290761    0.0680715   

Stress Spherical
0            0            0             0            0            0           
0            0            0             0            0            0           
0            0            0             0            0            0           

Inertia
266.583      -99.9553     -99.9947      0.303983     0.131051     0.171395    
-99.9553     266.632      -99.9481      0.131051     0.333606     0.102563    
-99.9947     -99.9481     266.559       0.171395     0.102563     0.194443    

Bond Length
0.62356521    0.0010713718

BB bond length
0.62356521    0.0010713718

Water EE distance
0             0           

PEG EE distance
6.094308      0.061138283 

BBB P2(x)
0.069287567   0.0063055737

BBB first bond length
0.62366227    0.0011663944

BBB second bond length
0.62365098    0.0010927255

BBB <phi**2>/<phi>**2
1.1161541     0.0027640097

Time = 7000
Temperature
1.0118153     0.0055770524

Pressure
22.996612     0.052357113 

CM Mom
-7.9437813e-18 1.902982e-17  
4.7011483e-17  1.4457454e-17 
6.1493973e-18  2.3465636e-17 
5.5129991e-17  1.9836092e-17 

CM Pos
9.9975355      0.0091693378  
10.00106       0.0056014996  
9.9997185      0.0079880961  
17.319538      0.007782852   

Stress
19.9398      -0.00315186  0.0308777     0.0842946    0.0421734    0.0536676   
-0.00315186  19.9557      -0.0214687    0.0421734    0.0459576    0.045824    
0.0308777    -0.0214687   19.9903       0.0536676    0.045824     0.0627583   

Stress Spherical
0            0            0             0            0            0           
0            0            0             0            0            0           
0            0            0             0            0            0           

Inertia
266.665      -100.015     -99.9867      0.193092     0.0687497    0.144096    
-100.015     266.607      -100.02       0.0687497    0.307931     0.0830313   
-99.9867     -100.02      266.633       0.144096     0.0830313    0.201101    

Bond Length
0.62319839    0.00086488014

BB bond length
0.62319839    0.00086488014

Water EE distance
0             0           

PEG EE distance
6.2209104     0.056730288 

BBB P2(x)
0.074693953   0.0041898421

BBB first bond length
0.62330248    0.00081768601

BBB second bond length
0.62331438    0.00092518662

BBB <phi**2>/<phi>**2
1.1189372     0.0024501704

Time = 8000
Temperature
1.0101645     0.0035033392

Pressure
22.998226     0.026351687 

CM Mom
-2.3438996e-17 1.5629025e-17 
4.1720584e-17  1.4127882e-17 
-7.3437639e-19 2.1407264e-17 
5.4333814e-17  1.5508193e-17 

CM Pos
10.000203      0.0088861177  
10.004311      0.006461427   
10.001719      0.015269975   
17.324112      0.013074503   

Stress
19.9551      -0.00652752  0.0246643     0.0780571    0.0568744    0.0410247   
-0.00652752  19.9847      -0.0140156    0.0568744    0.0464871    0.0376668   
0.0246643    -0.0140156   19.9656       0.0410247    0.0376668    0.0669781   

Stress Spherical
0            0            0             0            0            0           
0            0            0             0            0            0           
0            0            0             0            0            0           

Inertia
266.767      -100.062     -100.01       0.340323     0.141402     0.233674    
-100.062     266.667      -100.07       0.141402     0.37637      0.193776    
-100.01      -100.07      266.744       0.233674     0.193776     0.269441    

Bond Length
0.62244373    0.0010615943

BB bond length
0.62244373    0.0010615943

Water EE distance
0             0           

PEG EE distance
6.0952395     0.10382844  

BBB P2(x)
0.073298509   0.0056988634

BBB first bond length
0.62263598    0.0010097044

BBB second bond length
0.6225779     0.0011242178

BBB <phi**2>/<phi>**2
1.117849      0.0018407289

Time = 9000
Temperature
1.0110598     0.0043180585

Pressure
22.964713     0.050655722 

CM Mom
-3.6563003e-17 1.4483502e-17 
4.3321845e-17  6.1821394e-18 
1.7258568e-17  2.2014757e-17 
6.4519711e-17  9.0189064e-18 

CM Pos
10.000786      0.0076649589  
10.00031       0.0087823025  
9.9982182      0.01565994    
17.32012       0.010037761   

Stress
19.9476      -0.0233742   -0.0135357    0.0807898    0.0729329    0.0389706   
-0.0233742   19.9218      -0.00894306   0.0729329    0.0919358    0.0537339   
-0.0135357   -0.00894306  19.9276       0.0389706    0.0537339    0.0977873   

Stress Spherical
0            0            0             0            0            0           
0            0            0             0            0            0           
0            0            0             0            0            0           

Inertia
266.635      -100.03      -100.024      0.309882     0.15633      0.19015     
-100.03      266.647      -99.9749      0.15633      0.199953     0.218563    
-100.024     -99.9749     266.691       0.19015      0.218563     0.272687    

Bond Length
0.62304247    0.0011569162

BB bond length
0.62304247    0.0011569162

Water EE distance
0             0           

PEG EE distance
6.0143249     0.046087873 

BBB P2(x)
0.07067599    0.0069210615

BBB first bond length
0.62318762    0.0011323147

BBB second bond length
0.62316707    0.0012083307

BBB <phi**2>/<phi>**2
1.117241      0.0031046873

Time = 10000
Temperature
1.0094036     0.0038669982

Pressure
22.97444      0.072033716 

CM Mom
-2.7256082e-17 8.4972565e-18 
4.4598632e-17  1.6344979e-17 
1.6531219e-17  1.9420101e-17 
5.9368283e-17  1.404002e-17  

CM Pos
9.9998694      0.014270127   
9.9987262      0.014332071   
9.9945506      0.014332071   
17.316562      0.016096083   

Stress
19.9161      0.00955278   0.0287743     0.0721951    0.0296299    0.0441081   
0.00955278   19.9488      -0.00987539   0.0296299    0.0900019    0.0370429   
0.0287743    -0.00987539  19.9761       0.0441081    0.0370429    0.125024    

Stress Spherical
0            0            0             0            0            0           
0            0            0             0            0            0           
0            0            0             0            0            0           

Inertia
266.523      -100.003     -99.9481      0.28483      0.182193     0.197873    
-100.003     266.546      -99.962       0.182193     0.468211     0.244004    
-99.9481     -99.962      266.624       0.197873     0.244004     0.356546    

Bond Length
0.62384349    0.0010017892

BB bond length
0.62384349    0.0010017892

Water EE distance
0             0           

PEG EE distance
5.9118807     0.050238553 

BBB P2(x)
0.070436938   0.0062645526

BBB first bond length
0.62383274    0.0010829967

BBB second bond length
0.62400013    0.00099528513

BBB <phi**2>/<phi>**2
1.1178923     0.0014270415

Time = 11000
Temperature
1.0092308     0.0045481942

Pressure
22.971245     0.041182276 

CM Mom
-1.9057348e-17 1.0367834e-17 
4.5745223e-17  1.8536646e-17 
2.8073225e-17  7.6181289e-18 
5.875631e-17   1.7342002e-17 

CM Pos
9.998369       0.0068740665  
10.001394      0.012554146   
9.9969678      0.0065849796  
17.318624      0.011219404   

Stress
19.9486      0.0213069    0.0115467     0.0592924    0.0441114    0.0490688   
0.0213069    19.9562      0.0146391     0.0441114    0.0651354    0.0461041   
0.0115467    0.0146391    19.9281       0.0490688    0.0461041    0.0747673   

Stress Spherical
0            0            0             0            0            0           
0            0            0             0            0            0           
0            0            0             0            0            0           

Inertia
266.628      -99.9963     -99.9807      0.261042     0.161783     0.140161    
-99.9963     266.567      -100.017      0.161783     0.193564     0.181366    
-99.9807     -100.017     266.652       0.140161     0.181366     0.313868    

Bond Length
0.62272388    0.0008306313

BB bond length
0.62272388    0.0008306313

Water EE distance
0             0           

PEG EE distance
5.9776557     0.081763616 

BBB P2(x)
0.075858278   0.0075887799

BBB first bond length
0.62271746    0.00083692706

BBB second bond length
0.62281886    0.00077982455

BBB <phi**2>/<phi>**2
1.1190287     0.0031278201

Time = 12000
Temperature
1.0099392     0.0081033045

Pressure
22.9738       0.048919295 

CM Mom
-1.4693312e-18 1.008664e-17  
7.6709452e-17  6.8658049e-18 
3.1357762e-17  2.0710461e-17 
8.5581643e-17  1.1108254e-17 

CM Pos
9.9980356      0.01183776    
9.9986429      0.012988549   
10.000052      0.012745286   
17.318629      0.013184744   

Stress
19.9132      -0.0150993   -0.0135178    0.0888459    0.0543927    0.0709036   
-0.0150993   19.9327      0.00739613    0.0543927    0.0737201    0.0256219   
-0.0135178   0.00739613   19.9883       0.0709036    0.0256219    0.0553406   

Stress Spherical
0            0            0             0            0            0           
0            0            0             0            0            0           
0            0            0             0            0            0           

Inertia
266.627      -99.9906     -100.04       0.336991     0.225812     0.149597    
-99.9906     266.62       -99.9565      0.225812     0.320168     0.168869    
-100.04      -99.9565     266.596       0.149597     0.168869     0.355828    

Bond Length
0.62335722    0.00063792444

BB bond length
0.62335722    0.00063792444

Water EE distance
0             0           

PEG EE distance
5.7736722     0.097624408 

BBB P2(x)
0.07443296    0.0027068214

BBB first bond length
0.6234759     0.00061376433

BBB second bond length
0.6234047     0.0007333002

BBB <phi**2>/<phi>**2
1.1187939     0.0015537253

Time = 13000
Temperature
1.008286      0.005733185 

Pressure
22.989789     0.061660175 

CM Mom
-1.9314036e-18 2.3988318e-17 
5.7491024e-17  1.5258519e-17 
1.5285174e-17  1.1526579e-17 
6.567538e-17   1.3055762e-17 

CM Pos
9.9967853      0.0092534394  
9.9990596      0.0079497334  
9.9976347      0.010177746   
17.316748      0.0096579844  

Stress
19.9839      0.0134632    -0.0110365    0.0938722    0.0482945    0.0473235   
0.0134632    19.961       -0.00519884   0.0482945    0.0736567    0.0504924   
-0.0110365   -0.00519884  19.9521       0.0473235    0.0504924    0.101851    

Stress Spherical
0            0            0             0            0            0           
0            0            0             0            0            0           
0            0            0             0            0            0           

Inertia
266.582      -99.9852     -99.9644      0.319218     0.106393     0.161709    
-99.9852     266.547      -100.023      0.106393     0.215593     0.16767     
-99.9644     -100.023     266.576       0.161709     0.16767      0.231056    

Bond Length
0.62296608    0.0011590831

BB bond length
0.62296608    0.0011590831

Water EE distance
0             0           

PEG EE distance
5.780025      0.11078254  

BBB P2(x)
0.073320175   0.0074992408

BBB first bond length
0.62308421    0.0013251795

BBB second bond length
0.62312992    0.0011258533

BBB <phi**2>/<phi>**2
1.1175215     0.0026700366

Time = 14000
Temperature
1.0078839     0.0036311762

Pressure
22.928008     0.048598851 

CM Mom
-5.3763269e-18 2.1862392e-17 
5.4157642e-17  1.7439623e-17 
1.5529889e-17  2.3447267e-17 
6.5129414e-17  1.7122234e-17 

CM Pos
10.000203      0.011277484   
9.9972258      0.006533606   
9.9958009      0.0082470097  
17.316605      0.0064731356  

Stress
19.9176      -0.00146594  -0.0152857    0.0983557    0.064481     0.0819481   
-0.00146594  19.9211      -0.00294825   0.064481     0.06023      0.0726835   
-0.0152857   -0.00294825  19.8767       0.0819481    0.0726835    0.0708555   

Stress Spherical
0            0            0             0            0            0           
0            0            0             0            0            0           
0            0            0             0            0            0           

Inertia
266.518      -99.9793     -99.947       0.209162     0.132784     0.121755    
-99.9793     266.567      -99.9006      0.132784     0.226138     0.1382      
-99.947      -99.9006     266.606       0.121755     0.1382       0.247622    

Bond Length
0.62323982    0.00086262224

BB bond length
0.62323982    0.00086262224

Water EE distance
0             0           

PEG EE distance
5.762064      0.079589645 

BBB P2(x)
0.071710151   0.0067032463

BBB first bond length
0.62320476    0.0008449543

BBB second bond length
0.62330413    0.00094066661

BBB <phi**2>/<phi>**2
1.1166744     0.0024168886

Time = 15000
Temperature
1.0089394     0.0041010925

Pressure
22.955511     0.05191193  

CM Mom
-1.0142341e-17 3.3339557e-17 
7.0601351e-17  1.1714507e-17 
2.9394489e-17  1.240993e-17  
8.4095446e-17  1.6797976e-17 

CM Pos
10.001203      0.0089079836  
10.001894      0.01173371    
9.9987183      0.0090943947  
17.321563      0.0069384642  

Stress
19.9643      -0.0294129   0.0110906     0.0760792    0.0473532    0.05996     
-0.0294129   19.9064      0.0158214     0.0473532    0.066087     0.064044    
0.0110906    0.0158214    19.9176       0.05996      0.064044     0.0882886   

Stress Spherical
0            0            0             0            0            0           
0            0            0             0            0            0           
0            0            0             0            0            0           

Inertia
266.67       -100.019     -100.027      0.23878      0.178818     0.114954    
-100.019     266.659      -100.001      0.178818     0.226647     0.168636    
-100.027     -100.001     266.735       0.114954     0.168636     0.287994    

Bond Length
0.62317843    0.00067853397

BB bond length
0.62317843    0.00067853397

Water EE distance
0             0           

PEG EE distance
5.8065332     0.064814215 

BBB P2(x)
0.073225386   0.0051145795

BBB first bond length
0.62325407    0.0006517371

BBB second bond length
0.62327867    0.00074072243

BBB <phi**2>/<phi>**2
1.1176479     0.0012320804

Time = 16000
Temperature
1.0099505     0.0033670868

Pressure
22.962687     0.055615539 

CM Mom
-3.4294111e-17 1.8112494e-17 
5.2723101e-17  1.7288036e-17 
3.6179591e-17  2.0028383e-17 
7.8081601e-17  1.4004013e-17 

CM Pos
9.9967853      0.011448385   
10.000977      0.0090503594  
9.9968845      0.0086527894  
17.317423      0.010531887   

Stress
19.9119      0.0216717    0.00557051    0.0816174    0.0283286    0.0410637   
0.0216717    19.9607      0.00591552    0.0283286    0.0444367    0.0559105   
0.00557051   0.00591552   19.9282       0.0410637    0.0559105    0.11523     

Stress Spherical
0            0            0             0            0            0           
0            0            0             0            0            0           
0            0            0             0            0            0           

Inertia
266.633      -99.9953     -99.929       0.281774     0.145571     0.141931    
-99.9953     266.557      -99.9465      0.145571     0.251336     0.159217    
-99.929      -99.9465     266.629       0.141931     0.159217     0.239352    

Bond Length
0.62329993    0.00052863454

BB bond length
0.62329993    0.00052863454

Water EE distance
0             0           

PEG EE distance
5.7591557     0.069653142 

BBB P2(x)
0.068933549   0.0050425164

BBB first bond length
0.62340468    0.00055317542

BBB second bond length
0.62343105    0.0006040335

BBB <phi**2>/<phi>**2
1.1158915     0.0023280613

Time = 17000
Temperature
1.0077153     0.0045663095

Pressure
22.978676     0.050838873 

CM Mom
-4.1972413e-17 2.2167758e-17 
7.0113309e-17  1.2355273e-17 
4.9006625e-17  7.4632316e-18 
9.8314025e-17  1.0645351e-17 

CM Pos
10.000703      0.008934463   
10.000727      0.011979824   
10.000135      0.011890466   
17.321419      0.010688536   

Stress
19.9607      0.00712342   -0.0267299    0.0938073    0.0349042    0.0389779   
0.00712342   19.9559      -0.0123374    0.0349042    0.086259     0.0530841   
-0.0267299   -0.0123374   19.9523       0.0389779    0.0530841    0.0326563   

Stress Spherical
0            0            0             0            0            0           
0            0            0             0            0            0           
0            0            0             0            0            0           

Inertia
266.697      -100.032     -99.9935      0.313617     0.172373     0.177512    
-100.032     266.702      -99.978       0.172373     0.298158     0.16546     
-99.9935     -99.978      266.705       0.177512     0.16546      0.262892    

Bond Length
0.6230742     0.00061618174

BB bond length
0.6230742     0.00061618174

Water EE distance
0             0           

PEG EE distance
5.8678893     0.05470429  

BBB P2(x)
0.075775206   0.0044891096

BBB first bond length
0.62316165    0.00062136617

BBB second bond length
0.62312792    0.0006007822

BBB <phi**2>/<phi>**2
1.1190946     0.0021076053

Time = 18000
Temperature
1.0117638     0.0067070797

Pressure
22.954837     0.079083113 

CM Mom
-4.4038176e-17 1.8853535e-17 
7.0526161e-17  1.2288797e-17 
5.0484979e-17  1.5191533e-17 
9.9487953e-17  1.7361843e-17 

CM Pos
9.9987858      0.0087724078  
10.002477      0.010513535   
10.002386      0.011786881   
17.322622      0.0096726868  

Stress
19.9384      0.0158689    -0.022385     0.0989517    0.0545954    0.032612    
0.0158689    19.9252      0.000785427   0.0545954    0.0508643    0.041483    
-0.022385    0.000785427  19.8973       0.032612     0.041483     0.10255     

Stress Spherical
0            0            0             0            0            0           
0            0            0             0            0            0           
0            0            0             0            0            0           

Inertia
266.777      -100.028     -100.045      0.257135     0.110398     0.152751    
-100.028     266.706      -100.086      0.110398     0.300665     0.208382    
-100.045     -100.086     266.687       0.152751     0.208382     0.329273    

Bond Length
0.62298067    0.0013414623

BB bond length
0.62298067    0.0013414623

Water EE distance
0             0           

PEG EE distance
5.81055       0.085457987 

BBB P2(x)
0.0707534     0.0063350615

BBB first bond length
0.62306908    0.0013164976

BBB second bond length
0.62310202    0.0014810136

BBB <phi**2>/<phi>**2
1.1167943     0.0027470462

Time = 19000
Temperature
1.0109404     0.0024684656

Pressure
22.991074     0.065821771 

CM Mom
-4.7250067e-17 1.3902829e-17 
1.0681489e-16  2.9443329e-17 
1.6844907e-17  1.6597687e-17 
1.2069762e-16  2.6334502e-17 

CM Pos
10.000036      0.014747094   
10.001477      0.014794133   
10.001136      0.0054538094  
17.322046      0.013354487   

Stress
19.9674      -0.0196555   -0.0284844    0.0753336    0.0741158    0.0636033   
-0.0196555   19.9621      -0.00661519   0.0741158    0.0806024    0.0606685   
-0.0284844   -0.00661519  19.9476       0.0636033    0.0606685    0.0928711   

Stress Spherical
0            0            0             0            0            0           
0            0            0             0            0            0           
0            0            0             0            0            0           

Inertia
266.726      -100.01      -100.057      0.370046     0.186597     0.20183     
-100.01      266.69       -100.023      0.186597     0.337181     0.184649    
-100.057     -100.023     266.689       0.20183      0.184649     0.434391    

Bond Length
0.62310226    0.00064697442

BB bond length
0.62310226    0.00064697442

Water EE distance
0             0           

PEG EE distance
5.9058329     0.048795631 

BBB P2(x)
0.074676919   0.005228698 

BBB first bond length
0.62312157    0.00063202553

BBB second bond length
0.62323107    0.00051204147

BBB <phi**2>/<phi>**2
1.1173789     0.0013834893

Time = 20000
Temperature
1.0116783     0.0062456611

Pressure
22.971558     0.05632045  

CM Mom
-1.3513867e-17 3.3412879e-17 
1.2284283e-16  2.7621544e-17 
-5.3905552e-18 1.3551219e-17 
1.2875427e-16  2.8060406e-17 

CM Pos
9.9999528      0.011280872   
9.9992263      0.0097705882  
10.001886      0.0095169879  
17.321129      0.01100948    

Stress
19.9466      -0.00127605  0.0117224     0.0781596    0.0472225    0.0419184   
-0.00127605  19.9304      -0.024756     0.0472225    0.0827013    0.0626287   
0.0117224    -0.024756    19.9349       0.0419184    0.0626287    0.0627652   

Stress Spherical
0            0            0             0            0            0           
0            0            0             0            0            0           
0            0            0             0            0            0           

Inertia
266.7        -99.96       -100.045      0.282779     0.206449     0.17623     
-99.96       266.71       -100.01       0.206449     0.31791      0.165585    
-100.045     -100.01      266.665       0.17623      0.165585     0.40442     

Bond Length
0.62307465    0.00081509326

BB bond length
0.62307465    0.00081509326

Water EE distance
0             0           

PEG EE distance
5.9541795     0.037808642 

BBB P2(x)
0.074493204   0.0068460081

BBB first bond length
0.62322635    0.00080654857

BBB second bond length
0.62303683    0.0008484347

BBB <phi**2>/<phi>**2
1.1186451     0.0030792865

Time = 21000
Temperature
1.0130011     0.0059667984

Pressure
23.018507     0.056983474 

CM Mom
-2.4600366e-17 1.2838376e-17 
1.4134441e-16  2.1622096e-17 
-2.4014692e-17 1.0038874e-17 
1.4622151e-16  2.2638756e-17 

CM Pos
9.9952849      0.010311689   
10.00056       0.0073161985  
10.003469      0.0069783922  
17.320119      0.0051511008  

Stress
19.9799      -0.0182938   -0.00626314   0.0602135    0.0469047    0.045633    
-0.0182938   19.9615      0.0383369     0.0469047    0.0636212    0.0657055   
-0.00626314  0.0383369    19.9995       0.045633     0.0657055    0.0888631   

Stress Spherical
0            0            0             0            0            0           
0            0            0             0            0            0           
0            0            0             0            0            0           

Inertia
266.738      -99.9522     -99.9859      0.191734     0.124288     0.126199    
-99.9522     266.65       -100.032      0.124288     0.188774     0.0598609   
-99.9859     -100.032     266.584       0.126199     0.0598609    0.211184    

Bond Length
0.62355663    0.0003699861

BB bond length
0.62355663    0.0003699861

Water EE distance
0             0           

PEG EE distance
5.7362505     0.11434322  

BBB P2(x)
0.070314459   0.0051748348

BBB first bond length
0.62379742    0.00042962701

BBB second bond length
0.62361277    0.00044889314

BBB <phi**2>/<phi>**2
1.1168321     0.0025159796

Time = 22000
Temperature
1.0098525     0.0052991847

Pressure
22.963612     0.066227117 

CM Mom
-1.9038261e-17 1.7435885e-17 
1.2745245e-16  2.3392642e-17 
-1.3923133e-17 1.702826e-17  
1.320251e-16   2.2605213e-17 

CM Pos
10.004371      0.01099675    
9.997976       0.0081350426  
10.001469      0.011263922   
17.322716      0.012937626   

Stress
19.9369      0.0101561    -0.00537678   0.0910528    0.0496107    0.0564935   
0.0101561    19.9457      0.00898992    0.0496107    0.0857845    0.0259834   
-0.00537678  0.00898992   19.9218       0.0564935    0.0259834    0.072017    

Stress Spherical
0            0            0             0            0            0           
0            0            0             0            0            0           
0            0            0             0            0            0           

Inertia
266.659      -100.023     -100.067      0.304655     0.19984      0.16938     
-100.023     266.776      -99.9844      0.19984      0.324728     0.157973    
-100.067     -99.9844     266.721       0.16938      0.157973     0.348878    

Bond Length
0.62322404    0.0011670039

BB bond length
0.62322404    0.0011670039

Water EE distance
0             0           

PEG EE distance
5.6697619     0.088606037 

BBB P2(x)
0.066924935   0.0045565601

BBB first bond length
0.62345892    0.0011102489

BBB second bond length
0.62332796    0.001207895 

BBB <phi**2>/<phi>**2
1.1149721     0.0021213933

Time = 23000
Temperature
1.0119477     0.005612115 

Pressure
22.934856     0.088772905 

CM Mom
-1.2109778e-17 1.3325824e-17 
1.2764245e-16  3.4055828e-17 
-3.4123024e-18 1.7255323e-17 
1.3021832e-16  3.3603551e-17 

CM Pos
10.001286      0.00772815    
9.9969758      0.0068942517  
10.004803      0.014901758   
17.322285      0.010373012   

Stress
19.8952      -0.0137664   0.0130499     0.105418     0.032804     0.073299    
-0.0137664   19.9291      -0.0124198    0.032804     0.125309     0.0368712   
0.0130499    -0.0124198   19.875        0.073299     0.0368712    0.107365    

Stress Spherical
0            0            0             0            0            0           
0            0            0             0            0            0           
0            0            0             0            0            0           

Inertia
266.709      -100.015     -100.07       0.383179     0.174485     0.149231    
-100.015     266.792      -100.026      0.174485     0.26274      0.176121    
-100.07      -100.026     266.631       0.149231     0.176121     0.300256    

Bond Length
0.62355951    0.00072223188

BB bond length
0.62355951    0.00072223188

Water EE distance
0             0           

PEG EE distance
5.822525      0.037471326 

BBB P2(x)
0.068983319   0.0075302341

BBB first bond length
0.62367901    0.00081112627

BBB second bond length
0.62379144    0.0007030514

BBB <phi**2>/<phi>**2
1.116739      0.0032072447

Time = 24000
Temperature
1.008092      0.0051421899

Pressure
22.982186     0.052159337 

CM Mom
7.6677756e-18  2.0929421e-17 
1.5878956e-16  2.4652527e-17 
-2.7094886e-17 2.4211637e-17 
1.6443725e-16  2.4483348e-17 

CM Pos
9.9986191      0.0098004091  
10.000393      0.010721304   
9.9985516      0.0097263997  
17.319108      0.0088639308  

Stress
19.9592      -0.00709246  0.0212605     0.055983     0.055592     0.0464334   
-0.00709246  19.968       0.0108203     0.055592     0.0541202    0.0484432   
0.0212605    0.0108203    19.9488       0.0464334    0.0484432    0.0804358   

Stress Spherical
0            0            0             0            0            0           
0            0            0             0            0            0           
0            0            0             0            0            0           

Inertia
266.656      -99.9826     -99.9721      0.248564     0.16725      0.108632    
-99.9826     266.62       -99.9929      0.16725      0.155941     0.151649    
-99.9721     -99.9929     266.641       0.108632     0.151649     0.349576    

Bond Length
0.62306627    0.00064110378

BB bond length
0.62306627    0.00064110378

Water EE distance
0             0           

PEG EE distance
5.8725724     0.046866799 

BBB P2(x)
0.07382728    0.0062289361

BBB first bond length
0.6232009     0.00065721246

BBB second bond length
0.62326374    0.00063430715

BBB <phi**2>/<phi>**2
1.1179655     0.0017450574

Time = 25000
Temperature
1.0102836     0.0055903695

Pressure
22.984513     0.078509619 

CM Mom
-7.4813041e-18 1.8410065e-17 
1.735792e-16   2.0220484e-17 
1.1737529e-17  1.8607644e-17 
1.7616642e-16  1.9568131e-17 

CM Pos
9.9975355      0.010290443   
9.9974759      0.010413935   
9.9936337      0.0089313519  
17.313957      0.011895042   

Stress
19.9724      0.0207866    -0.0211353    0.0869448    0.0566252    0.0459788   
0.0207866    19.9516      -0.000525041  0.0566252    0.124124     0.0428319   
-0.0211353   -0.000525041 19.9393       0.0459788    0.0428319    0.0863868   

Stress Spherical
0            0            0             0            0            0           
0            0            0             0            0            0           
0            0            0             0            0            0           

Inertia
266.5        -99.9699     -99.922       0.300544     0.188697     0.161399    
-99.9699     266.508      -99.9186      0.188697     0.258739     0.198368    
-99.922      -99.9186     266.565       0.161399     0.198368     0.344529    

Bond Length
0.62288498    0.0011101834

BB bond length
0.62288498    0.0011101834

Water EE distance
0             0           

PEG EE distance
5.874169      0.0447799   

BBB P2(x)
0.06948765    0.0076806648

BBB first bond length
0.62299892    0.0011550507

BBB second bond length
0.62292992    0.0010509078

BBB <phi**2>/<phi>**2
1.1169612     0.0025260064

Time = 26000
Temperature
1.0092116     0.0067665638

Pressure
22.94771      0.053721331 

CM Mom
-5.2109086e-18 1.9340004e-17 
1.7350717e-16  1.1070991e-17 
9.4309268e-18  1.6305224e-17 
1.7568334e-16  1.0893138e-17 

CM Pos
9.9972854      0.011114584   
10.000727      0.013136152   
10.009971      0.0077877067  
17.325129      0.0058420508  

Stress
19.9332      -0.0264985   -0.0102261    0.0626231    0.0508216    0.0606141   
-0.0264985   19.9174      0.000405767   0.0508216    0.076702     0.0415956   
-0.0102261   0.000405767  19.9118       0.0606141    0.0415956    0.0595462   

Stress Spherical
0            0            0             0            0            0           
0            0            0             0            0            0           
0            0            0             0            0            0           

Inertia
266.886      -99.9523     -100.106      0.305167     0.157173     0.121087    
-99.9523     266.818      -100.081      0.157173     0.232728     0.207818    
-100.106     -100.081     266.634       0.121087     0.207818     0.207562    

Bond Length
0.62283775    0.0012368565

BB bond length
0.62283775    0.0012368565

Water EE distance
0             0           

PEG EE distance
5.9671431     0.045658011 

BBB P2(x)
0.07265577    0.0061283261

BBB first bond length
0.62290157    0.0012861048

BBB second bond length
0.62285879    0.0012123396

BBB <phi**2>/<phi>**2
1.1176632     0.0033122566

Time = 27000
Temperature
1.0112961     0.0059425514

Pressure
22.985729     0.076164736 

CM Mom
-1.8270281e-17 1.733972e-17  
1.5686762e-16  8.8466203e-18 
4.2026666e-18  1.6849744e-17 
1.5972696e-16  1.0443007e-17 

CM Pos
10.004621      0.014537121   
9.9988096      0.010445911   
10.002636      0.0079902702  
17.32402       0.007199864   

Stress
19.9098      0.025684     -0.013688     0.0917244    0.0604905    0.0372288   
0.025684     19.9736      -0.0133155    0.0604905    0.0561228    0.0417599   
-0.013688    -0.0133155   19.9744       0.0372288    0.0417599    0.0951023   

Stress Spherical
0            0            0             0            0            0           
0            0            0             0            0            0           
0            0            0             0            0            0           

Inertia
266.71       -100.012     -100.091      0.288918     0.156873     0.22931     
-100.012     266.822      -100.046      0.156873     0.324746     0.147679    
-100.091     -100.046     266.735       0.22931      0.147679     0.23351     

Bond Length
0.62271228    0.00079611157

BB bond length
0.62271228    0.00079611157

Water EE distance
0             0           

PEG EE distance
6.036863      0.035875375 

BBB P2(x)
0.0748428     0.0060916723

BBB first bond length
0.62277445    0.00088727635

BBB second bond length
0.62272929    0.00079398214

BBB <phi**2>/<phi>**2
1.1173154     0.0028542752

Time = 28000
Temperature
1.0122959     0.0042526492

Pressure
22.97553      0.034224249 

CM Mom
-3.7826428e-19 2.2809104e-17 
1.6407277e-16  9.7952212e-18 
1.3299402e-17  1.988197e-17  
1.6737727e-16  9.6558276e-18 

CM Pos
10.00362       0.013212096   
9.9982261      0.010535651   
10.001469      0.0073809637  
17.322428      0.012172788   

Stress
19.9281      0.00415855   -0.0369443    0.0745669    0.0295527    0.0471921   
0.00415855   19.9459      -0.00876987   0.0295527    0.0522089    0.0467066   
-0.0369443   -0.00876987  19.9442       0.0471921    0.0467066    0.0518599   

Stress Spherical
0            0            0             0            0            0           
