Time = 500
Temperature
   1.0367749    0.04713502

Pressure
   21.539493    0.22412184

CM Mom
2.7291703e-17  1.3596744e-17 
-8.7823203e-18 2.0532119e-17 
-3.4486659e-17 3.1026975e-17 
5.5640469e-17  2.2012421e-17 

CM Pos
7.483462       0.014975439   
7.5267822      0.0291154     
7.4722356      0.018015035   
12.980381      0.0080707288  

Stress
18.5336      -0.0251938   -0.0249611    0.121935     0.0878846    0.0359828   
-0.0251938   18.3802      0.0248789     0.0878846    0.0348231    0.0820673   
-0.0249611   0.0248789    18.3747       0.0359828    0.0820673    0.140759    

Stress Spherical
0            0            0             0            0            0           
0            0            0             0            0            0           
0            0            0             0            0            0           

Inertia
149.233      -56.3771     -55.8521      0.398722     0.248202     0.213132    
-56.3771     148.606      -56.2624      0.248202     0.289742     0.154705    
-55.8521     -56.2624     149.349       0.213132     0.154705     0.561366    

Bond Length
0.61460655    0.0016669696

BB bond length
0.61460655    0.0016669696

Water EE distance
0             0           

PEG EE distance
3.7926614     0.16430944  

Time = 1000
Temperature
1.0094846     0.010361933 

Pressure
21.469952     0.025616689 

CM Mom
4.0979227e-17  4.9716477e-17 
-3.1253809e-19 2.6267631e-17 
-1.9381748e-17 1.3045226e-17 
6.6287214e-17  3.1511055e-17 

CM Pos
7.4887958      0.0094453047  
7.5125586      0.0075896376  
7.4725319      0.01772017    
12.975345      0.014859972   

Stress
18.4761      0.0360903    -0.0497355    0.0662841    0.038651     0.0774668   
0.0360903    18.4142      0.0850473     0.038651     0.0833964    0.0472559   
-0.0497355   0.0850473    18.4351       0.0774668    0.0472559    0.0844579   

Stress Spherical
0            0            0             0            0            0           
0            0            0             0            0            0           
0            0            0             0            0            0           

Inertia
149.163      -56.2004     -55.9374      0.29189      0.148674     0.195233    
-56.2004     148.811      -56.1874      0.148674     0.279943     0.168568    
-55.9374     -56.1874     149.338       0.195233     0.168568     0.206316    

Bond Length
0.61567983    0.0027448273

BB bond length
0.61567983    0.0027448273

Water EE distance
0             0           

PEG EE distance
3.7243211     0.091466862 

