Time = 1000
Temperature
   1.0902983     0.2442217

Pressure
   23.500004    0.67646755

CM Mom
8.0493232e-17  2.4613128e-17 
1.4386776e-17  3.3042637e-17 
-1.3102083e-17 1.0611283e-16 
1.253681e-16   6.4017162e-17 

CM Pos
7.4958961      0.016704958   
7.5004404      0.021951485   
7.502001       0.015410204   
12.989449      0.017548156   

Stress
20.2268      -0.00998462  0.00782877    0.161341     0.0808884    0.0743527   
-0.00998462  20.2371      -0.00490424   0.0808884    0.167915     0.0724876   
0.00782877   -0.00490424  20.2244       0.0743527    0.0724876    0.16924     

Stress Spherical
0            0            0             0            0            0           
0            0            0             0            0            0           
0            0            0             0            0            0           

Inertia
149.866      -56.2288     -56.2214      0.611474     0.19289      0.193565    
-56.2288     149.798      -56.2532      0.19289      0.772222     0.242464    
-56.2214     -56.2532     149.794       0.193565     0.242464     0.624157    

Bond Length
0.57414309    0.019016225 

BB bond length
0.57414309    0.019016225 

Water EE distance
0             0           

PEG EE distance
2.2843334     0.23450426  

Time = 2000
Temperature
1.0128122     0.0069112868

Pressure
23.252549     0.090286469 

CM Mom
7.4137757e-17  3.6255014e-17 
2.9960546e-17  2.1041092e-17 
-4.8357662e-17 3.4019616e-17 
1.0268935e-16  3.3194732e-17 

CM Pos
7.4989186      0.01370617    
7.4973883      0.014588008   
7.4996601      0.018788881   
12.988072      0.015818911   

Stress
20.2238      -0.00328283  0.0187642     0.111394     0.070527     0.0747111   
-0.00328283  20.2161      0.00365579    0.070527     0.116983     0.0818099   
0.0187642    0.00365579   20.2034       0.0747111    0.0818099    0.120299    

Stress Spherical
0            0            0             0            0            0           
0            0            0             0            0            0           
0            0            0             0            0            0           

Inertia
149.844      -56.2297     -56.2376      0.303732     0.161487     0.175724    
-56.2297     149.859      -56.2311      0.161487     0.340112     0.205093    
-56.2376     -56.2311     149.837       0.175724     0.205093     0.248291    

Bond Length
0.56954349    0.0032143288

BB bond length
0.56954349    0.0032143288

Water EE distance
0             0           

PEG EE distance
2.3117509     0.061018828 

Time = 3000
Temperature
1.0106691     0.0074467038

Pressure
23.240317     0.084666462 

CM Mom
3.7724434e-17  2.7600782e-17 
3.5837022e-17  2.0649791e-17 
-3.2265116e-17 2.0928678e-17 
7.0356398e-17  2.0607443e-17 

CM Pos
7.5005187      0.013889453   
7.4982032      0.013089903   
7.4968302      0.013037483   
12.987828      0.012739561   

Stress
20.194       0.00298144   0.000287514   0.120876     0.0795589    0.0686987   
0.00298144   20.2123      -0.00581066   0.0795589    0.119249     0.0701165   
0.000287514  -0.00581066  20.2195       0.0686987    0.0701165    0.118766    

Stress Spherical
0            0            0             0            0            0           
0            0            0             0            0            0           
0            0            0             0            0            0           

Inertia
149.833      -56.2433     -56.2235      0.237484     0.150269     0.164358    
-56.2433     149.875      -56.1996      0.150269     0.32199      0.138313    
-56.2235     -56.1996     149.885       0.164358     0.138313     0.290181    

Bond Length
0.56977065    0.0025272688

BB bond length
0.56977065    0.0025272688

Water EE distance
0             0           

PEG EE distance
2.2619484     0.072696215 

