Time = 1000
Temperature
   1.1973635    0.32248865

Pressure
   23.851978     1.3166542

CM Mom
3.0344718e-17  5.2189669e-17 
1.2961684e-16  3.0479179e-17 
9.285443e-17   4.0408706e-16 
3.4523431e-16  2.7220514e-16 

CM Pos
7.4953576      0.016498745   
7.4971235      0.036881565   
7.498975       0.026413694   
12.98553       0.014788864   

Stress
20.3351      -0.00108483  0.0126246     0.373661     0.0871169    0.064752    
-0.00108483  20.2065      0.0309961     0.0871169    0.418304     0.0803433   
0.0126246    0.0309961    20.2583       0.064752     0.0803433    0.359564    

Stress Spherical
0            0            0             0            0            0           
0            0            0             0            0            0           
0            0            0             0            0            0           

Inertia
150.168      -56.2109     -56.2491      1.81238      0.239528     0.318026    
-56.2109     150.122      -56.1854      0.239528     1.72169      0.201826    
-56.2491     -56.1854     150.09        0.318026     0.201826     1.61191     

Bond Length
0.61878147    0.01112038  

BB bond length
0.61878147    0.01112038  

Water EE distance
0             0           

PEG EE distance
6.8244448     0.11052354  

BBB P2(x)
0.47433187    0.066051389 

BBB first bond length
0.61878155    0.011177607 

BBB second bond length
0.61875119    0.011106232 

BBB <phi**2>/<phi>**2
1.2229142     0.014104339 

Time = 2000
Temperature
1.0117596     0.0096346302

Pressure
23.027846     0.067775512 

CM Mom
-2.2715299e-17 3.5480341e-17 
9.9098061e-17  2.0969531e-17 
4.1361465e-18  3.5262074e-17 
1.1217422e-16  2.6691816e-17 

CM Pos
7.5029273      0.014320675   
7.4916317      0.013126324   
7.4995688      0.012685923   
12.987006      0.014821913   

Stress
20.026       -0.0111528   0.0214088     0.114169     0.0472801    0.0502973   
-0.0111528   19.9642      0.0229591     0.0472801    0.110265     0.0964239   
0.0214088    0.0229591    20.0045       0.0502973    0.0964239    0.0937492   

Stress Spherical
0            0            0             0            0            0           
0            0            0             0            0            0           
0            0            0             0            0            0           

Inertia
149.763      -56.1895     -56.3028      0.416712     0.191342     0.127154    
-56.1895     149.95       -56.1938      0.191342     0.496461     0.139766    
-56.3028     -56.1938     149.827       0.127154     0.139766     0.439292    

Bond Length
0.61568785    0.0017092362

BB bond length
0.61568785    0.0017092362

Water EE distance
0             0           

PEG EE distance
6.7773076     0.13903962  

BBB P2(x)
0.51227135    0.0072851418

BBB first bond length
0.61565067    0.0017019597

BBB second bond length
0.61594534    0.0015698131

BBB <phi**2>/<phi>**2
1.228522      0.0058585158

