Time = 1000
Temperature
   1.0177114   0.034368709

Pressure
   23.715577    0.13826364

CM Mom
-3.0575821e-17 1.2823551e-17 
1.8948581e-17  2.0654612e-17 
-2.1449845e-17 1.6219363e-17 
5.0445131e-17  7.9648182e-18 

CM Pos
7.4985536      0.010501805   
7.4917959      0.04598038    
7.501549       0.015023005   
12.985781      0.022419323   

Stress
20.6766      -0.0655596   0.0257975     0.103072     0.0745282    0.0586722   
-0.0655596   20.6385      -0.0198077    0.0745282    0.107391     0.0783735   
0.0257975    -0.0198077   20.6732       0.0586722    0.0783735    0.0887327   

Stress Spherical
0            0            0             0            0            0           
0            0            0             0            0            0           
0            0            0             0            0            0           

Inertia
149.896      -56.1251     -56.2481      0.407455     0.348867     0.168416    
-56.1251     149.965      -56.1962      0.348867     0.263339     0.269338    
-56.2481     -56.1962     149.844       0.168416     0.269338     0.710646    

Bond Length
0.56746475    0.0070271962

BB bond length
0.56746475    0.0070271962

Water EE distance
0             0           

PEG EE distance
2.2347094     0.24839709  

Time = 2000
Temperature
1.0131491     0.0063905044

Pressure
23.710085     0.061895164 

CM Mom
-1.6632647e-17 1.4316003e-17 
3.1963325e-17  2.0162423e-17 
-1.8617949e-18 2.1440583e-17 
4.573166e-17   1.6779467e-17 

CM Pos
7.4949977      0.0171229     
7.4996485      0.013517773   
7.5027343      0.0077908831  
12.98888       0.01622153    

Stress
20.7256      0.00284759   0.0198137     0.0862955    0.0634978    0.0413658   
0.00284759   20.614       -0.00988702   0.0634978    0.0815284    0.0988146   
0.0198137    -0.00988702  20.6732       0.0413658    0.0988146    0.133412    

Stress Spherical
0            0            0             0            0            0           
0            0            0             0            0            0           
0            0            0             0            0            0           

Inertia
150.017      -56.2255     -56.2441      0.184434     0.202371     0.139585    
-56.2255     149.987      -56.2542      0.202371     0.197281     0.135667    
-56.2441     -56.2542     149.908       0.139585     0.135667     0.413012    

Bond Length
0.56771523    0.0049799071

BB bond length
0.56771523    0.0049799071

Water EE distance
0             0           

PEG EE distance
2.2833895     0.13184227  

Time = 3000
Temperature
1.0090663     0.0053212634

Pressure
23.63779      0.072519053 

CM Mom
-2.7305411e-17 1.4228123e-17 
3.6719387e-17  1.8009813e-17 
4.5235776e-19  2.405803e-17  
5.4336115e-17  1.5724878e-17 

CM Pos
7.4972201      0.011458454   
7.4995004      0.010028114   
7.5052531      0.011260371   
12.99153       0.011750566   

Stress
20.6064      0.0154265    -0.00958264   0.114416     0.075612     0.0652337   
0.0154265    20.6448      0.0162728     0.075612     0.118529     0.0862105   
-0.00958264  0.0162728    20.5815       0.0652337    0.0862105    0.0881123   

Stress Spherical
0            0            0             0            0            0           
0            0            0             0            0            0           
0            0            0             0            0            0           

Inertia
150.036      -56.2539     -56.2624      0.206235     0.165526     0.113842    
-56.2539     150.018      -56.2986      0.165526     0.214169     0.145123    
-56.2624     -56.2986     149.916       0.113842     0.145123     0.282857    

Bond Length
0.57066549    0.0074242842

BB bond length
0.57066549    0.0074242842

Water EE distance
0             0           

PEG EE distance
2.0715418     0.22159615  

