Time = 1000
Temperature
   1.9964732     1.9646871

Pressure
   28.882028    0.85325091

CM Mom
-1.0335476e-16 3.9731551e-17 
-4.2567419e-17 5.9816573e-17 
3.0264128e-17  9.5332794e-16 
7.4935555e-16  6.0486953e-16 

CM Pos
10.003693      0.037395709   
10.004685      0.026759958   
10.012199      0.038846282   
17.332463      0.033058686   

Stress
22.8534      -0.0244152   0.0951179     5.27662      0.0719695    0.0856612   
-0.0244152   22.9262      0.130837      0.0719695    5.12579      0.234615    
0.0951179    0.130837     22.9042       0.0856612    0.234615     5.26225     

Stress Spherical
0            0            0             0            0            0           
0            0            0             0            0            0           
0            0            0             0            0            0           

Inertia
268.02       -100.099     -100.095      2.25176      0.730015     0.348997    
-100.099     267.949      -100.199      0.730015     2.20132      0.40745     
-100.095     -100.199     267.737       0.348997     0.40745      3.05218     

Bond Length
0.62854399    0.064427367 

BB bond length
0.62854399    0.064427367 

Water EE distance
0             0           

PEG EE distance
9.7238581     0.10021359  

BBB P2(x)
0.16602393    0.047734978 

BBB first bond length
0.62903232    0.065358803 

BBB second bond length
0.62899897    0.065036144 

BBB <phi**2>/<phi>**2
1.1471883     0.019210123 

Time = 2000
Temperature
1.0181425     0.0066139702

Pressure
28.13772      0.073403279 

CM Mom
-8.8247275e-17 1.8449081e-17 
7.8119821e-18  2.8536357e-17 
1.1469628e-16  7.0242585e-17 
1.5265843e-16  6.1546418e-17 

CM Pos
9.9959403      0.0076237835  
10.002268      0.0090322841  
10.004113      0.0052092363  
17.321853      0.0047186916  

Stress
25.0773      -0.0425543   0.0268408     0.0745322    0.0788009    0.0490591   
-0.0425543   25.136       0.0444243     0.0788009    0.09979      0.048116    
0.0268408    0.0444243    25.0396       0.0490591    0.048116     0.0807912   

Stress Spherical
0            0            0             0            0            0           
0            0            0             0            0            0           
0            0            0             0            0            0           

Inertia
266.992      -99.977      -99.9857      0.335481     0.11332      0.0883548   
-99.977      266.905      -100.055      0.11332      0.234514     0.144114    
-99.9857     -100.055     266.83        0.0883548    0.144114     0.299116    

Bond Length
0.59723765    0.00049058597

BB bond length
0.59723765    0.00049058597

Water EE distance
0             0           

PEG EE distance
9.5948424     0.08141324  

BBB P2(x)
0.1079484     0.0070351037

BBB first bond length
0.59739076    0.00051760497

BBB second bond length
0.59737208    0.00051136117

BBB <phi**2>/<phi>**2
1.1279415     0.0019920107

Time = 3000
Temperature
1.0137441     0.0054602403

Pressure
28.138257     0.094306208 

CM Mom
-1.1562455e-16 8.4419199e-18 
-3.1195522e-18 1.376762e-17  
1.0034401e-16  3.464961e-17  
1.5596094e-16  2.4192623e-17 

CM Pos
9.989188       0.0072101346  
9.994682       0.013971135   
10.000695      0.011035199   
17.311605      0.012398296   

Stress
25.0817      -0.0221538   0.044809      0.104734     0.0458498    0.0701196   
-0.0221538   25.0986      -0.0168744    0.0458498    0.123072     0.072917    
0.044809     -0.0168744   25.1138       0.0701196    0.072917     0.0963033   

Stress Spherical
0            0            0             0            0            0           
0            0            0             0            0            0           
0            0            0             0            0            0           

Inertia
266.69       -99.8416     -99.9158      0.465111     0.184176     0.0731993   
-99.8416     266.551      -99.9326      0.184176     0.217235     0.203832    
-99.9158     -99.9326     266.432       0.0731993    0.203832     0.323296    

Bond Length
0.59678682    0.00056703094

BB bond length
0.59678682    0.00056703094

Water EE distance
0             0           

PEG EE distance
9.3363613     0.085036976 

BBB P2(x)
0.09331131    0.0033435828

BBB first bond length
0.59691894    0.00061476579

BBB second bond length
0.59687415    0.00055653827

BBB <phi**2>/<phi>**2
1.1239566     0.0016039196

Time = 4000
Temperature
1.0097807     0.0054681581

Pressure
28.18005      0.049617661 

CM Mom
-9.8579609e-17 1.080737e-17  
-1.0543694e-18 1.1258108e-17 
6.8150049e-17  1.4885143e-17 
1.2126956e-16  1.1058329e-17 

CM Pos
9.9956068      0.0098985846  
9.9948487      0.01070436    
9.9964439      0.011387568   
17.31295       0.012730364   

Stress
25.1336      -0.00674066  0.0331332     0.0676543    0.051287     0.0424653   
-0.00674066  25.1506      0.0373062     0.051287     0.0804136    0.0765312   
0.0331332    0.0373062    25.1709       0.0424653    0.0765312    0.073837    

Stress Spherical
0            0            0             0            0            0           
0            0            0             0            0            0           
0            0            0             0            0            0           

Inertia
266.518      -99.9256     -99.9256      0.34647      0.159166     0.188247    
-99.9256     266.558      -99.9054      0.159166     0.375716     0.190525    
-99.9256     -99.9054     266.529       0.188247     0.190525     0.280843    

Bond Length
0.59637219    0.00040134482

BB bond length
0.59637219    0.00040134482

Water EE distance
0             0           

PEG EE distance
8.977348      0.083970527 

BBB P2(x)
0.08103975    0.0038839931

BBB first bond length
0.59648282    0.00037091967

BBB second bond length
0.59650082    0.0004067031

BBB <phi**2>/<phi>**2
1.1201451     0.0017311419

Time = 5000
Temperature
1.0136994     0.0051180446

Pressure
28.166914     0.069595152 

CM Mom
-1.1816191e-16 1.5464028e-17 
-1.960521e-17  1.490175e-17  
6.5047676e-17  1.3874506e-17 
1.3721515e-16  2.0087424e-17 

CM Pos
9.9946899      0.014969995   
9.9933482      0.014073224   
9.9887746      0.0070974541  
17.307132      0.0099815427  

Stress
25.1129      -0.0369518   0.057084      0.0923147    0.0603903    0.0580431   
-0.0369518   25.1173      0.0019657     0.0603903    0.0877501    0.0398603   
0.057084     0.0019657    25.1503       0.0580431    0.0398603    0.0957431   

Stress Spherical
0            0            0             0            0            0           
0            0            0             0            0            0           
0            0            0             0            0            0           

Inertia
266.339      -99.8898     -99.8448      0.278207     0.140175     0.189047    
-99.8898     266.379      -99.7845      0.140175     0.401558     0.15888     
-99.8448     -99.7845     266.459       0.189047     0.15888      0.285051    

Bond Length
0.59678063    0.00066909585

BB bond length
0.59678063    0.00066909585

Water EE distance
0             0           

PEG EE distance
8.7047296     0.10437778  

BBB P2(x)
0.078003732   0.0027699999

BBB first bond length
0.59683399    0.00070588532

BBB second bond length
0.59687574    0.00068436326

BBB <phi**2>/<phi>**2
1.1194579     0.001180338 

Time = 6000
Temperature
1.012881      0.0039013047

Pressure
28.165641     0.069934699 

CM Mom
-1.2343619e-16 1.6691765e-17 
-4.1205322e-18 1.3912776e-17 
6.9172026e-17  1.1670976e-17 
1.4287076e-16  1.5315965e-17 

CM Pos
9.9918556      0.0087370249  
10.000934      0.014819535   
9.9952768      0.0095152255  
17.313626      0.012843669   

Stress
25.146       0.0120423    0.0025805     0.048038     0.0670544    0.050887    
0.0120423    25.1064      0.0266261     0.0670544    0.096862     0.0844297   
0.0025805    0.0266261    25.1316       0.050887     0.0844297    0.0893725   

Stress Spherical
0            0            0             0            0            0           
0            0            0             0            0            0           
0            0            0             0            0            0           

Inertia
266.61       -99.9385     -99.8457      0.406895     0.154205     0.169808    
-99.9385     266.406      -99.9694      0.154205     0.274023     0.218864    
-99.8457     -99.9694     266.541       0.169808     0.218864     0.363589    

Bond Length
0.59633956    0.00048918065

BB bond length
0.59633956    0.00048918065

Water EE distance
0             0           

PEG EE distance
8.5067352     0.060266105 

BBB P2(x)
0.074850338   0.0023064931

BBB first bond length
0.59642807    0.0004753486

BBB second bond length
0.59647208    0.00046823861

BBB <phi**2>/<phi>**2
1.119193      0.0011616162

Time = 7000
Temperature
1.010803      0.0042817197

Pressure
28.168625     0.02976402  

CM Mom
-1.2353915e-16 1.193209e-17  
-8.6213269e-18 1.5119327e-17 
7.0723502e-17  1.1739934e-17 
1.4391908e-16  1.1582603e-17 

CM Pos
9.999108       0.0049570086  
9.9999338      0.013757363   
10.002196      0.010303111   
17.321228      0.012147409   

Stress
25.1617      0.00289092   0.0294079     0.0553338    0.0512804    0.0559259   
0.00289092   25.0908      0.0198874     0.0512804    0.0654835    0.0579783   
0.0294079    0.0198874    25.1592       0.0559259    0.0579783    0.053594    

Stress Spherical
0            0            0             0            0            0           
0            0            0             0            0            0           
0            0            0             0            0            0           

Inertia
266.72       -100         -100.014      0.389522     0.188404     0.182529    
-100         266.652      -99.9917      0.188404     0.228483     0.184852    
-100.014     -99.9917     266.589       0.182529     0.184852     0.351543    

Bond Length
0.59642371    0.0003373502

BB bond length
0.59642371    0.0003373502

Water EE distance
0             0           

PEG EE distance
8.1420122     0.079157366 

BBB P2(x)
0.069511835   0.0031360787

BBB first bond length
0.59652691    0.0003972322

BBB second bond length
0.59654784    0.00030120409

BBB <phi**2>/<phi>**2
1.1175295     0.0010151459

Time = 8000
Temperature
1.0106437     0.0075967717

Pressure
28.182219     0.054762927 

CM Mom
-1.1084802e-16 1.1561113e-17 
1.3207441e-17  1.427903e-17  
5.3434718e-17  1.4390529e-17 
1.2549898e-16  1.0565652e-17 

CM Pos
10.001359      0.007366501   
9.9969328      0.012604907   
10.005947      0.0097218511  
17.322963      0.0089916996  

Stress
25.1643      0.026339     0.0301404     0.0904808    0.0428078    0.0462731   
0.026339     25.188       0.00858692    0.0428078    0.0974874    0.0439032   
0.0301404    0.00858692   25.1016       0.0462731    0.0439032    0.0670182   

Stress Spherical
0            0            0             0            0            0           
0            0            0             0            0            0           
0            0            0             0            0            0           

Inertia
266.699      -99.9937     -100.094      0.398018     0.0772555    0.121467    
-99.9937     266.767      -100.02       0.0772555    0.180529     0.185231    
-100.094     -100.02      266.588       0.121467     0.185231     0.20738     

Bond Length
0.59641401    0.00041998077

BB bond length
0.59641401    0.00041998077

Water EE distance
0             0           

PEG EE distance
7.8909472     0.093385105 

BBB P2(x)
0.066923898   0.0025840802

BBB first bond length
0.59651616    0.00041581989

BBB second bond length
0.59653157    0.00041905799

BBB <phi**2>/<phi>**2
1.1166909     0.0014000525

Time = 9000
Temperature
1.0140174     0.0036224846

Pressure
28.205364     0.047529346 

CM Mom
-1.2742935e-16 2.5626961e-17 
2.0610759e-17  1.8507308e-17 
3.806645e-17   1.6845617e-17 
1.3730949e-16  2.3264509e-17 

CM Pos
10.00536       0.0098496729  
9.9930148      0.014188298   
10.006614      0.010299401   
17.323399      0.011650738   

Stress
25.1377      0.00162538   0.031337      0.0698206    0.0549756    0.0555839   
0.00162538   25.1825      0.00189876    0.0549756    0.0748001    0.0517453   
0.031337     0.00189876   25.1728       0.0555839    0.0517453    0.0901568   

Stress Spherical
0            0            0             0            0            0           
0            0            0             0            0            0           
0            0            0             0            0            0           

Inertia
266.613      -99.9724     -100.107      0.41441      0.189575     0.198364    
-99.9724     266.896      -99.9851      0.189575     0.297133     0.205115    
-100.107     -99.9851     266.61        0.198364     0.205115     0.304849    

Bond Length
0.59644643    0.00046613884

BB bond length
0.59644643    0.00046613884

Water EE distance
0             0           

PEG EE distance
7.541919      0.12166199  

BBB P2(x)
0.06275155    0.0019175989

BBB first bond length
0.59656561    0.00044961687

BBB second bond length
0.59660746    0.00050246658

BBB <phi**2>/<phi>**2
1.1154978     0.0015062641

Time = 10000
Temperature
1.0132005     0.0038203922

Pressure
28.230231     0.052208875 

CM Mom
-1.4917297e-16 2.6437339e-17 
-4.4128728e-18 1.7693716e-17 
3.2610372e-17  1.1744127e-17 
1.5410935e-16  2.7124141e-17 

CM Pos
9.998191       0.0068584472  
9.9968494      0.0088868585  
10.003196      0.014885038   
17.319498      0.0098254503  

Stress
25.1511      0.0102123    0.00649333    0.0752315    0.0451567    0.0726504   
0.0102123    25.2404      -0.00999956   0.0451567    0.0647397    0.0617773   
0.00649333   -0.00999956  25.1834       0.0726504    0.0617773    0.0685671   

Stress Spherical
0            0            0             0            0            0           
0            0            0             0            0            0           
0            0            0             0            0            0           

Inertia
266.664      -99.9442     -100.019      0.282944     0.133415     0.173721    
-99.9442     266.723      -100.006      0.133415     0.343244     0.13275     
-100.019     -100.006     266.58        0.173721     0.13275      0.240223    

Bond Length
0.59654697    0.00056322027

BB bond length
0.59654697    0.00056322027

Water EE distance
0             0           

PEG EE distance
7.2696671     0.043495968 

BBB P2(x)
0.062048984   0.0042579176

BBB first bond length
0.59668262    0.0005982395

BBB second bond length
0.59669675    0.00057671408

BBB <phi**2>/<phi>**2
1.11557       0.0014531877

Time = 11000
Temperature
1.0104542     0.0047093315

Pressure
28.196218     0.086948522 

CM Mom
-1.7259857e-16 1.2921062e-17 
-3.2741676e-18 1.8737642e-17 
5.2622221e-17  1.6505163e-17 
1.8204205e-16  1.4874457e-17 

CM Pos
9.9965238      0.007300169   
10.004269      0.0042701729  
9.9974442      0.0073928672  
17.319494      0.005785831   

Stress
25.1845      -0.0332669   0.0389145     0.0861438    0.0636042    0.0524002   
-0.0332669   25.1684      0.0586935     0.0636042    0.138446     0.0560082   
0.0389145    0.0586935    25.1447       0.0524002    0.0560082    0.0651322   

Stress Spherical
0            0            0             0            0            0           
0            0            0             0            0            0           
0            0            0             0            0            0           

Inertia
266.688      -99.9762     -99.9215      0.167442     0.115766     0.120377    
-99.9762     266.556      -99.9753      0.115766     0.219515     0.118535    
-99.9215     -99.9753     266.668       0.120377     0.118535     0.141363    

Bond Length
0.59654989    0.00039053241

BB bond length
0.59654989    0.00039053241

Water EE distance
0             0           

PEG EE distance
7.1950074     0.035208528 

BBB P2(x)
0.061243658   0.0034779192

BBB first bond length
0.59667721    0.00040752189

BBB second bond length
0.59670058    0.00038354714

BBB <phi**2>/<phi>**2
1.115161      0.0015759706

Time = 12000
Temperature
1.0105842     0.0057895688

Pressure
28.205338     0.087618896 

CM Mom
-1.4126995e-16 2.7975354e-17 
-2.502074e-17  3.4703482e-17 
5.1059003e-17  1.5436312e-17 
1.5642562e-16  3.0765466e-17 

CM Pos
9.9922724      0.016121273   
10.001518      0.0085537609  
9.9935262      0.018182664   
17.313202      0.010924495   

Stress
25.1786      -0.0087719   -0.0216356    0.113002     0.0626377    0.0511509   
-0.0087719   25.1798      0.0175228     0.0626377    0.0949073    0.0500926   
-0.0216356   0.0175228    25.1654       0.0511509    0.0500926    0.0865664   

Stress Spherical
0            0            0             0            0            0           
0            0            0             0            0            0           
0            0            0             0            0            0           

Inertia
266.521      -99.9844     -99.8063      0.382779     0.203722     0.189484    
-99.9844     266.39       -99.954       0.203722     0.346702     0.210616    
-99.8063     -99.954      266.546       0.189484     0.210616     0.420549    

Bond Length
0.59644405    0.00048630432

BB bond length
0.59644405    0.00048630432

Water EE distance
0             0           

PEG EE distance
7.0863046     0.053776708 

BBB P2(x)
0.063442704   0.0030129139

BBB first bond length
0.59645232    0.00051271505

BBB second bond length
0.59658368    0.00046413691

BBB <phi**2>/<phi>**2
1.1158829     0.00072717784

Time = 13000
Temperature
1.0114219     0.0029999759

Pressure
28.186353     0.057448897 

CM Mom
-1.4120707e-16 1.6000509e-17 
-2.1199605e-17 1.0110909e-17 
2.4587493e-17  1.2647634e-17 
1.4571245e-16  1.671814e-17  

CM Pos
9.9966072      0.013131956   
10.000434      0.0073414601  
9.9890247      0.0079100875  
17.312471      0.0085418034  

Stress
25.1369      -0.0301606   0.00298054    0.0802813    0.0768806    0.0753233   
-0.0301606   25.1806      0.000859674   0.0768806    0.0809894    0.0367132   
0.00298054   0.000859674  25.1418       0.0753233    0.0367132    0.111118    

Stress Spherical
0            0            0             0            0            0           
0            0            0             0            0            0           
0            0            0             0            0            0           

Inertia
266.409      -99.9829     -99.8512      0.216967     0.180326     0.136574    
-99.9829     266.327      -99.8771      0.180326     0.324973     0.102684    
-99.8512     -99.8771     266.589       0.136574     0.102684     0.33989     

Bond Length
0.59648741    0.0005504319

BB bond length
0.59648741    0.0005504319

Water EE distance
0             0           

PEG EE distance
6.8998539     0.040688085 

BBB P2(x)
0.061952462   0.0034130003

BBB first bond length
0.59658811    0.00060890891

BBB second bond length
0.59659614    0.0005208222

BBB <phi**2>/<phi>**2
1.1153716     0.0014035463

Time = 14000
Temperature
1.0109618     0.0053832284

Pressure
28.190633     0.067764413 

CM Mom
-1.4628763e-16 1.4914459e-17 
-2.43722e-17   2.7635089e-17 
3.8074028e-17  2.2940608e-17 
1.5717301e-16  1.5898438e-17 

CM Pos
9.9956068      0.012876528   
10.002185      0.0093084925  
10.002112      0.011673236   
17.32046       0.012276191   

Stress
25.1841      0.0712936    -0.0116457    0.0959269    0.0505909    0.0782903   
0.0712936    25.1618      0.00118184    0.0505909    0.128895     0.0582893   
-0.0116457   0.00118184   25.1304       0.0782903    0.0582893    0.0624538   

Stress Spherical
0            0            0             0            0            0           
0            0            0             0            0            0           
0            0            0             0            0            0           

Inertia
266.747      -99.9655     -99.98        0.293206     0.163333     0.206033    
-99.9655     266.596      -100.044      0.163333     0.470501     0.146613    
-99.98       -100.044     266.618       0.206033     0.146613     0.357777    

Bond Length
0.59641643    0.00047324893

BB bond length
0.59641643    0.00047324893

Water EE distance
0             0           

PEG EE distance
6.8211088     0.04425179  

BBB P2(x)
0.060673023   0.003496278 

BBB first bond length
0.59653883    0.0005467271

BBB second bond length
0.59654504    0.00050325664

BBB <phi**2>/<phi>**2
1.1150513     0.0018672908

Time = 15000
Temperature
1.0102327     0.0070509731

Pressure
28.182477     0.058021169 

CM Mom
-1.4544942e-16 1.9081037e-17 
-3.0955328e-17 2.1312194e-17 
4.8850137e-17  1.5746726e-17 
1.5888653e-16  1.7928376e-17 

CM Pos
10.000025      0.0087592667  
10.000767      0.0073319885  
9.9974442      0.010565837   
17.319496      0.0072867636  

Stress
25.1377      0.0215465    -0.0196674    0.0992834    0.0506252    0.0639991   
0.0215465    25.1615      0.0105442     0.0506252    0.0752294    0.0422359   
-0.0196674   0.0105442    25.1591       0.0639991    0.0422359    0.0789752   

Stress Spherical
0            0            0             0            0            0           
0            0            0             0            0            0           
0            0            0             0            0            0           

Inertia
266.649      -100.022     -99.9729      0.326588     0.115017     0.124683    
-100.022     266.651      -100.014      0.115017     0.193131     0.199746    
-99.9729     -100.014     266.69        0.124683     0.199746     0.138395    

Bond Length
0.59640156    0.0005886213

BB bond length
0.59640156    0.0005886213

Water EE distance
0             0           

PEG EE distance
6.6771724     0.0335173   

BBB P2(x)
0.060630915   0.0034881299

BBB first bond length
0.59653983    0.00054906029

BBB second bond length
0.59648449    0.00061601612

BBB <phi**2>/<phi>**2
1.1152054     0.0016042685

Time = 16000
Temperature
1.012564      0.0047220366

Pressure
28.219899     0.072835338 

CM Mom
-1.4221146e-16 1.9535609e-17 
-4.3138738e-17 1.6492977e-17 
4.8902023e-17  1.795103e-17  
1.5849658e-16  1.8198638e-17 

CM Pos
9.9951067      0.0095716573  
9.9925146      0.013993996   
10.010198      0.01326359    
17.319262      0.01379704    

Stress
25.1907      0.0344596    0.00185729    0.101716     0.0578456    0.06507     
0.0344596    25.2025      -0.00426236   0.0578456    0.0862399    0.068674    
0.00185729   -0.00426236  25.1565       0.06507      0.068674     0.0826377   

Stress Spherical
0            0            0             0            0            0           
0            0            0             0            0            0           
0            0            0             0            0            0           

Inertia
266.689      -99.8901     -100.053      0.382534     0.182516     0.202091    
-99.8901     266.778      -100.018      0.182516     0.270597     0.243653    
-100.053     -100.018     266.408       0.202091     0.243653     0.363453    

Bond Length
0.59652818    0.00047662283

BB bond length
0.59652818    0.00047662283

Water EE distance
0             0           

PEG EE distance
6.638181      0.058869344 

BBB P2(x)
0.059825603   0.0029104466

BBB first bond length
0.59669989    0.00047637811

BBB second bond length
0.59662591    0.0004443366

BBB <phi**2>/<phi>**2
1.1150581     0.0012245183

Time = 17000
Temperature
1.0150381     0.0038921751

Pressure
28.212176     0.0769401   

CM Mom
-1.4588047e-16 1.7423747e-17 
-4.5934598e-17 1.6286444e-17 
3.7939021e-17  1.750761e-17  
1.592665e-16   1.8439102e-17 

CM Pos
9.9989413      0.010230009   
9.9998504      0.0066943703  
10.005697      0.011485698   
17.323106      0.010130288   

Stress
25.1367      -0.0267609   0.017975      0.12457      0.075134     0.045132    
-0.0267609   25.1812      0.00651809    0.075134     0.0487537    0.0556666   
0.017975     0.00651809   25.1864       0.045132     0.0556666    0.137609    

Stress Spherical
0            0            0             0            0            0           
0            0            0             0            0            0           
0            0            0             0            0            0           

Inertia
266.792      -99.9612     -100.077      0.254268     0.164463     0.113195    
-99.9612     266.788      -100.096      0.164463     0.248445     0.162891    
-100.077     -100.096     266.681       0.113195     0.162891     0.314392    

Bond Length
0.59633239    0.0005590196

BB bond length
0.59633239    0.0005590196

Water EE distance
0             0           

PEG EE distance
6.4199357     0.067668348 

BBB P2(x)
0.055109412   0.0045231882

BBB first bond length
0.59645972    0.00055393719

BBB second bond length
0.59646006    0.00058248867

BBB <phi**2>/<phi>**2
1.113607      0.0018311403

Time = 18000
Temperature
1.010903      0.0040120825

Pressure
28.223022     0.067568832 

CM Mom
-1.5053918e-16 2.5827845e-17 
-2.2985462e-17 1.9661602e-17 
5.2440824e-17  1.4876203e-17 
1.6377874e-16  1.9796378e-17 

CM Pos
9.9993581      0.0090725856  
10.000434      0.0081914762  
10.006364      0.010363635   
17.324067      0.010276789   

Stress
25.2187      0.00894556   -0.0176563    0.124347     0.0449137    0.0520327   
0.00894556   25.1369      0.00586897    0.0449137    0.0584336    0.0511364   
-0.0176563   0.00586897   25.2183       0.0520327    0.0511364    0.0952586   

Stress Spherical
0            0            0             0            0            0           
0            0            0             0            0            0           
0            0            0             0            0            0           

Inertia
266.821      -99.9958     -100.066      0.259619     0.143634     0.206152    
-99.9958     266.843      -100.09       0.143634     0.317905     0.146392    
-100.066     -100.09      266.675       0.206152     0.146392     0.185415    

Bond Length
0.59647878    0.00052148125

BB bond length
0.59647878    0.00052148125

Water EE distance
0             0           

PEG EE distance
6.3441751     0.040431616 

BBB P2(x)
0.05421228    0.0021951465

BBB first bond length
0.59662892    0.00055222284

BBB second bond length
0.59659376    0.00052738927

BBB <phi**2>/<phi>**2
1.1128662     0.0016832315

Time = 19000
Temperature
1.0105673     0.0041320141

Pressure
28.246465     0.032183026 

CM Mom
-1.3419876e-16 2.7849981e-17 
-4.0653959e-17 1.3077607e-17 
6.0394522e-17  1.9620436e-17 
1.5473973e-16  2.6396463e-17 

CM Pos
9.9998583      0.011493259   
9.9969328      0.0069265015  
9.9971941      0.010589159   
17.317041      0.010363655   

Stress
25.2408      0.0178362    0.019586      0.0594975    0.0738907    0.0361111   
0.0178362    25.2102      0.0151191     0.0738907    0.0714008    0.0600464   
0.019586     0.0151191    25.1963       0.0361111    0.0600464    0.0705065   

Stress Spherical
0            0            0             0            0            0           
0            0            0             0            0            0           
0            0            0             0            0            0           

Inertia
266.577      -100.013     -99.9587      0.314899     0.151802     0.113758    
-100.013     266.625      -99.9386      0.151802     0.279034     0.1371      
-99.9587     -99.9386     266.621       0.113758     0.1371       0.290412    

Bond Length
0.59623047    0.00046238676

BB bond length
0.59623047    0.00046238676

Water EE distance
0             0           

PEG EE distance
6.3580225     0.035341616 

BBB P2(x)
0.056154632   0.0029904869

BBB first bond length
0.59632965    0.00046208796

BBB second bond length
0.59634579    0.00048398753

BBB <phi**2>/<phi>**2
1.1136823     0.0013493513

Time = 20000
Temperature
1.0115331     0.0049647008

Pressure
28.209375     0.055182155 

CM Mom
-1.477642e-16  1.3901555e-17 
-5.1263479e-17 2.5840476e-17 
7.9900154e-17  1.9941915e-17 
1.7830025e-16  1.7717783e-17 

CM Pos
10.000775      0.010797116   
10.003602      0.0070655619  
9.9956936      0.0092165888  
17.320556      0.0067559146  

Stress
25.2056      -0.00208951  -0.0282723    0.0642828    0.0571697    0.0863245   
-0.00208951  25.1367      0.01344       0.0571697    0.076138     0.0565258   
-0.0282723   0.01344      25.185        0.0863245    0.0565258    0.0893878   

Stress Spherical
0            0            0             0            0            0           
0            0            0             0            0            0           
0            0            0             0            0            0           

Inertia
266.678      -100.067     -99.9381      0.167149     0.143475     0.202198    
-100.067     266.599      -99.9967      0.143475     0.259373     0.0930201   
-99.9381     -99.9967     266.787       0.202198     0.0930201    0.207694    

Bond Length
0.59627508    0.00068141899

BB bond length
0.59627508    0.00068141899

Water EE distance
0             0           

PEG EE distance
6.2955725     0.045054861 

BBB P2(x)
0.057020463   0.003147163 

BBB first bond length
0.59638111    0.00065778669

BBB second bond length
0.59636732    0.00072525652

BBB <phi**2>/<phi>**2
1.1141896     0.0020899453

Time = 21000
Temperature
1.0135156     0.0053834373

Pressure
28.234541     0.053330289 

CM Mom
-1.5140845e-16 1.7590172e-17 
-3.0166373e-17 1.983684e-17  
8.242256e-17   3.127899e-17  
1.7781833e-16  2.6266641e-17 

CM Pos
10.003276      0.0098196428  
10.000684      0.0070974541  
10.002112      0.0049239545  
17.324017      0.0085486181  

Stress
25.2324      -0.021093    -0.00155499   0.0721946    0.0352008    0.0495384   
-0.021093    25.1336      0.0152509     0.0352008    0.0960124    0.0655407   
-0.00155499  0.0152509    25.219        0.0495384    0.0655407    0.0752947   

Stress Spherical
0            0            0             0            0            0           
0            0            0             0            0            0           
0            0            0             0            0            0           

Inertia
266.695      -100.073     -100.062      0.133527     0.09842      0.104341    
-100.073     266.77       -100.054      0.09842      0.219303     0.0901371   
-100.062     -100.054     266.765       0.104341     0.0901371    0.253148    

Bond Length
0.59625973    0.00042740503

BB bond length
0.59625973    0.00042740503

Water EE distance
0             0           

PEG EE distance
6.2117107     0.024264147 

BBB P2(x)
0.0550431     0.0023032316

BBB first bond length
0.59642189    0.00044730282

BBB second bond length
0.59642242    0.00047333079

BBB <phi**2>/<phi>**2
1.1132197     0.0016352952

Time = 22000
Temperature
1.0128526     0.0034779462

Pressure
28.177294     0.048815284 

CM Mom
-1.6046519e-16 1.4137383e-17 
-2.2219037e-17 1.362095e-17  
7.1075537e-17  2.5365603e-17 
1.7859843e-16  2.06375e-17   

CM Pos
9.9945231      0.007447186   
10.002101      0.01192268    
10.002029      0.0057754278  
17.319734      0.011605309   

Stress
25.1409      0.0380108    0.0208631     0.0960192    0.076326     0.0757327   
0.0380108    25.1463      0.0184391     0.076326     0.0720122    0.0701532   
0.0208631    0.0184391    25.1321       0.0757327    0.0701532    0.0546165   

Stress Spherical
0            0            0             0            0            0           
0            0            0             0            0            0           
0            0            0             0            0            0           

Inertia
266.708      -99.9624     -99.9428      0.199098     0.208805     0.0978732   
-99.9624     266.591      -100.057      0.208805     0.166813     0.166001    
-99.9428     -100.057     266.612       0.0978732    0.166001     0.321802    

Bond Length
0.59639616    0.00045630811

BB bond length
0.59639616    0.00045630811

Water EE distance
0             0           

PEG EE distance
6.1792049     0.035330985 

BBB P2(x)
0.055670522   0.0041467083

BBB first bond length
0.59650588    0.00041830528

BBB second bond length
0.59655239    0.00047318417

BBB <phi**2>/<phi>**2
1.1135375     0.0017135407

Time = 23000
Temperature
1.0154803     0.0076233862

Pressure
28.240469     0.033796661 

CM Mom
-1.7663673e-16 1.6138369e-17 
-3.7826111e-17 1.3943041e-17 
9.5550929e-17  3.6400872e-17 
2.0668241e-16  2.8698267e-17 

CM Pos
10.002192      0.0095662107  
10.000851      0.0077040289  
10.003029      0.0045015005  
17.324017      0.0075030644  

Stress
25.2543      -0.00739686  0.0240043     0.0677181    0.0657688    0.0507007   
-0.00739686  25.1965      0.0157382     0.0657688    0.106027     0.0418014   
0.0240043    0.0157382    25.1344       0.0507007    0.0418014    0.0652257   

Stress Spherical
0            0            0             0            0            0           
0            0            0             0            0            0           
0            0            0             0            0            0           

Inertia
266.715      -100.003     -99.9884      0.102521     0.185876     0.136423    
-100.003     266.768      -100.007      0.185876     0.180048     0.0582893   
-99.9884     -100.007     266.759       0.136423     0.0582893    0.296974    

Bond Length
0.59646965    0.00037662265

BB bond length
0.59646965    0.00037662265

Water EE distance
0             0           

PEG EE distance
6.23112       0.025962191 

BBB P2(x)
0.055536173   0.002703402 

BBB first bond length
0.59662509    0.00036154552

BBB second bond length
0.59655442    0.00043539917

BBB <phi**2>/<phi>**2
1.1135461     0.001241363 

Time = 24000
Temperature
1.0125191     0.0067852123

Pressure
28.232276     0.056225656 

CM Mom
-1.8169953e-16 1.0405717e-17 
-3.3384085e-17 2.7969664e-17 
7.3909516e-17  1.6021152e-17 
2.015609e-16   1.0597015e-17 

CM Pos
10.005527      0.01114953    
10.002185      0.015025596   
10.005947      0.0085505107  
17.328402      0.011768489   

Stress
25.2283      -0.0061237   -0.0145532    0.106902     0.0503481    0.050874    
-0.0061237   25.2076      -0.0039342    0.0503481    0.0841741    0.0638478   
-0.0145532   -0.0039342   25.1513       0.050874     0.0638478    0.0790007   

Stress Spherical
0            0            0             0            0            0           
0            0            0             0            0            0           
0            0            0             0            0            0           

Inertia
266.834      -100.053     -100.087      0.347792     0.186997     0.188711    
-100.053     266.883      -100.117      0.186997     0.244641     0.198753    
-100.087     -100.117     266.843       0.188711     0.198753     0.486505    

Bond Length
0.59645266    0.00060603292

BB bond length
0.59645266    0.00060603292

Water EE distance
0             0           

PEG EE distance
6.1631017     0.024522508 

BBB P2(x)
0.055314282   0.0035239322

BBB first bond length
0.59655793    0.00058107768

BBB second bond length
0.59658614    0.00063796337

BBB <phi**2>/<phi>**2
1.1138953     0.0013883557

Time = 25000
Temperature
1.0111169     0.0041365501

Pressure
28.231635     0.077528369 

CM Mom
-2.1294306e-16 1.350131e-17  
-3.5618113e-17 1.4448365e-17 
5.2246701e-17  2.2317372e-17 
2.2375925e-16  1.2807017e-17 

CM Pos
9.9957736      0.015994912   
10.000767      0.013062983   
10.000695      0.011351814   
17.318923      0.014319008   

Stress
25.1927      0.0348065    0.046297      0.0734374    0.0629568    0.0597032   
0.0348065    25.1832      -0.00216169   0.0629568    0.11251      0.0562231   
0.046297     -0.00216169  25.222        0.0597032    0.0562231    0.139875    

Stress Spherical
0            0            0             0            0            0           
0            0            0             0            0            0           
0            0            0             0            0            0           

Inertia
266.7        -99.96       -99.9609      0.355045     0.212429     0.227471    
-99.96       266.629      -100          0.212429     0.32706      0.210251    
-99.9609     -100         266.621       0.227471     0.210251     0.511683    

Bond Length
0.59651405    0.00040514868

BB bond length
0.59651405    0.00040514868

Water EE distance
0             0           

PEG EE distance
6.1081515     0.038575311 

BBB P2(x)
0.054205877   0.0032466309

BBB first bond length
0.59663426    0.00039360674

BBB second bond length
0.59664402    0.00034441663

BBB <phi**2>/<phi>**2
1.1135227     0.0016591431

Time = 26000
Temperature
1.0101315     0.0039440342

Pressure
28.235344     0.043871118 

CM Mom
-2.1048385e-16 1.6819935e-17 
-2.6754885e-17 2.0763712e-17 
5.2940808e-17  1.611035e-17  
2.2026812e-16  1.6659699e-17 

CM Pos
9.9980243      0.010865443   
9.9986         0.0060825063  
10.006197      0.005453627   
17.32214       0.011335684   

Stress
25.2234      0.0105191    0.0139412     0.0863091    0.0574002    0.0390613   
0.0105191    25.1916      -0.0238573    0.0574002    0.110928     0.069749    
0.0139412    -0.0238573   25.2029       0.0390613    0.069749     0.0669588   

Stress Spherical
0            0            0             0            0            0           
0            0            0             0            0            0           
0            0            0             0            0            0           

Inertia
266.754      -99.9548     -100.047      0.176641     0.200344     0.166414    
-99.9548     266.767      -100.053      0.200344     0.251625     0.143709    
-100.047     -100.053     266.621       0.166414     0.143709     0.297297    

Bond Length
0.59617294    0.0005623826

BB bond length
0.59617294    0.0005623826

Water EE distance
0             0           

PEG EE distance
6.1602404     0.042417404 

BBB P2(x)
0.056399115   0.0020254185

BBB first bond length
0.59629469    0.00056040253

BBB second bond length
0.5962829     0.00052609377

BBB <phi**2>/<phi>**2
1.1139973     0.0010435877

Time = 27000
Temperature
1.0143874     0.0042784766

Pressure
28.226108     0.081790125 

CM Mom
-2.1931613e-16 2.2880156e-17 
-3.6634653e-17 1.5430781e-17 
5.7157201e-17  1.108262e-17  
2.3065531e-16  1.9778082e-17 

CM Pos
9.9943564      0.0080412161  
10.005352      0.0093502048  
10.001779      0.013748521   
17.321375      0.011452868   

Stress
25.1935      -0.00449221  0.00731936    0.0896554    0.0528084    0.0508956   
-0.00449221  25.211       0.0317632     0.0528084    0.124235     0.0729994   
0.00731936   0.0317632    25.1474       0.0508956    0.0729994    0.102395    

Stress Spherical
0            0            0             0            0            0           
0            0            0             0            0            0           
0            0            0             0            0            0           

Inertia
266.847      -99.9888     -99.959       0.284612     0.175052     0.20293     
-99.9888     266.623      -100.096      0.175052     0.303583     0.190059    
-99.959      -100.096     266.704       0.20293      0.190059     0.286154    

Bond Length
0.59620365    0.00036104414

BB bond length
0.59620365    0.00036104414

Water EE distance
0             0           

PEG EE distance
6.2373015     0.029179865 

BBB P2(x)
0.054854746   0.0032733869

BBB first bond length
0.59629355    0.00036902151

BBB second bond length
0.59634497    0.00038592721

BBB <phi**2>/<phi>**2
1.1133227     0.0012034415

Time = 28000
Temperature
1.0108287     0.0062808824

Pressure
28.210427     0.062063219 

CM Mom
-1.9940192e-16 1.4474072e-17 
-3.809034e-17  2.7764667e-17 
6.5073822e-17  8.5982108e-18 
2.1519612e-16  1.383969e-17  

CM Pos
10.000108      0.0088000288  
10.006269      0.0061574476  
10.00453       0.014419305   
17.32681       0.013360032   

Stress
25.1618      0.0138399    0.0249046     0.0576261    0.0948138    0.0492922   
0.0138399    25.179       0.0345162     0.0948138    0.104913     0.0755096   
0.0249046    0.0345162    25.196        0.0492922    0.0755096    0.0952016   

Stress Spherical
