Time = 1000
Temperature
   1.1331353    0.19160888

Pressure
   23.788943     0.9845629

CM Mom
1.8374449e-17  2.5334324e-17 
-8.8799728e-18 1.8641581e-17 
-7.6085078e-17 3.2302523e-16 
2.3947978e-16  2.3278635e-16 

CM Pos
7.4915186      0.0099066624  
7.4993063      0.010077299   
7.5033381      0.011943531   
12.987022      0.011241798   

Stress
20.3749      -0.01439     -0.019787     0.464069     0.0563632    0.0351192   
-0.01439     20.4595      -0.0217197    0.0563632    0.462286     0.0498904   
-0.019787    -0.0217197   20.3463       0.0351192    0.0498904    0.396183    

Stress Spherical
0            0            0             0            0            0           
0            0            0             0            0            0           
0            0            0             0            0            0           

Inertia
150.216      -56.1461     -56.272       1.50433      0.152294     0.146873    
-56.1461     150.102      -56.293       0.152294     1.55341      0.104015    
-56.272      -56.293      150.033       0.146873     0.104015     1.35147     

Bond Length
0.61862845    0.0076241458

BB bond length
0.61862845    0.0076241458

Water EE distance
0             0           

PEG EE distance
6.5735296     0.16348338  

BBB P2(x)
0.47191745    0.053605615 

BBB first bond length
0.61869026    0.007872567 

BBB second bond length
0.61854668    0.0076884222

BBB <phi**2>/<phi>**2
1.2185256     0.01042109  

Time = 2000
Temperature
1.0094708     0.0081512789

Pressure
23.092955     0.0647063   

CM Mom
2.4089413e-17  3.3041025e-17 
7.8494651e-18  2.2110039e-17 
7.9989741e-18  3.2562822e-17 
5.2742583e-17  2.3770106e-17 

CM Pos
7.5035329      0.0093385205  
7.5052392      0.0093995725  
7.5055629      0.017303118   
12.998669      0.013302274   

Stress
20.0752      0.00416937   -0.0385804    0.0738022    0.0870984    0.0763031   
0.00416937   20.032       0.0543525     0.0870984    0.114413     0.0551262   
-0.0385804   0.0543525    20.0972       0.0763031    0.0551262    0.124549    

Stress Spherical
0            0            0             0            0            0           
0            0            0             0            0            0           
0            0            0             0            0            0           

Inertia
150.032      -56.2947     -56.3539      0.352683     0.0972365    0.18379     
-56.2947     150.039      -56.3238      0.0972365    0.416808     0.119383    
-56.3539     -56.3238     150.032       0.18379      0.119383     0.208654    

Bond Length
0.61687904    0.0019097015

BB bond length
0.61687904    0.0019097015

Water EE distance
0             0           

PEG EE distance
6.7843515     0.11559523  

BBB P2(x)
0.50927575    0.0088478548

BBB first bond length
0.61680372    0.0018924703

BBB second bond length
0.61680399    0.0018429909

BBB <phi**2>/<phi>**2
1.2275288     0.0063581222

