Time = 500
Temperature
   1.0413115   0.048192904

Pressure
   21.285462    0.15576399

CM Mom
-1.126737e-17  9.8093335e-18 
1.1958105e-17  1.1029882e-17 
-3.7670005e-17 1.8819081e-17 
4.5892942e-17  1.2444121e-17 

CM Pos
7.479902       0.013982794   
7.4844816      0.066270525   
7.4989711      0.02422254    
12.969395      0.03034969    

Stress
18.1767      0.0127404    0.0358353     0.104484     0.0627376    0.0552922   
0.0127404    18.1625      -0.014707     0.0627376    0.0828115    0.0496105   
0.0358353    -0.014707    18.1519       0.0552922    0.0496105    0.0828574   

Stress Spherical
0            0            0             0            0            0           
0            0            0             0            0            0           
0            0            0             0            0            0           

Inertia
149.019      -55.8992     -56.0005      0.444698     0.552857     0.0888247   
-55.8992     148.806      -56.1701      0.552857     0.324514     0.291884    
-56.0005     -56.1701     148.613       0.0888247    0.291884     1.02692     

Bond Length
0.61080918    0.005000642 

BB bond length
0.61080918    0.005000642 

Water EE distance
0             0           

PEG EE distance
3.7245373     0.13979559  

Time = 1000
Temperature
1.0081136     0.0032023927

Pressure
21.178586     0.044393035 

CM Mom
-1.5089728e-17 9.9481497e-18 
2.540192e-18   8.1430757e-18 
-2.4882909e-17 2.4951059e-17 
3.837309e-17   1.2986469e-17 

CM Pos
7.4968026      0.01168832    
7.5070157      0.022357848   
7.497192       0.0057033161  
12.990981      0.017519649   

Stress
18.135       0.023875     0.0127186     0.023659     0.100331     0.0432684   
0.023875     18.1664      -0.0110159    0.100331     0.0942295    0.0716319   
0.0127186    -0.0110159   18.1676       0.0432684    0.0716319    0.0570548   

Stress Spherical
0            0            0             0            0            0           
0            0            0             0            0            0           
0            0            0             0            0            0           

Inertia
149.503      -56.1782     -56.1286      0.309011     0.260705     0.132874    
-56.1782     149.289      -56.2035      0.260705     0.221496     0.185455    
-56.1286     -56.2035     149.513       0.132874     0.185455     0.405621    

Bond Length
0.61360986    0.002778094 

BB bond length
0.61360986    0.002778094 

Water EE distance
0             0           

PEG EE distance
3.6507223     0.21339113  

