Time = 500
Temperature
   1.0408804   0.036979694

Pressure
   22.602429    0.19111801

CM Mom
-4.1583976e-17 1.1593361e-17 
3.2207004e-17  1.4843547e-17 
-2.8236277e-17 4.359439e-17  
7.5102874e-17  1.3363067e-17 

CM Pos
7.4751764      0.01718001    
7.4901517      0.041841229   
7.4822667      0.035132024   
12.960248      0.013832183   

Stress
19.4972      -0.0546199   0.0277865     0.175651     0.0911611    0.0552756   
-0.0546199   19.5073      0.0339352     0.0911611    0.0742647    0.0442536   
0.0277865    0.0339352    19.4432       0.0552756    0.0442536    0.105829    

Stress Spherical
0            0            0             0            0            0           
0            0            0             0            0            0           
0            0            0             0            0            0           

Inertia
149.077      -55.9801     -56.0479      0.0872829    0.404858     0.203892    
-55.9801     148.913      -55.9949      0.404858     0.197376     0.160653    
-56.0479     -55.9949     149.033       0.203892     0.160653     0.918005    

Bond Length
0.61398579    0.0040279274

BB bond length
0.61398579    0.0040279274

Water EE distance
0             0           

PEG EE distance
3.7120802     0.22740864  

Time = 1000
Temperature
1.0165812     0.011322746 

Pressure
22.425787     0.077124637 

CM Mom
-5.6555964e-17 8.2292514e-18 
3.9380212e-17  1.7609076e-17 
-4.7587258e-17 2.8806861e-17 
8.9441228e-17  1.4893872e-17 

CM Pos
7.4888182      0.017529676   
7.5106143      0.013673952   
7.4807839      0.014016966   
12.978995      0.015553571   

Stress
19.4293      0.0151946    0.0193023     0.0680078    0.0299606    0.0673432   
0.0151946    19.4084      -0.0185073    0.0299606    0.10261      0.0557797   
0.0193023    -0.0185073   19.2986       0.0673432    0.0557797    0.114392    

Stress Spherical
0            0            0             0            0            0           
0            0            0             0            0            0           
0            0            0             0            0            0           

Inertia
149.442      -56.2504     -55.9915      0.357799     0.160217     0.135422    
-56.2504     149.247      -56.1654      0.160217     0.299671     0.173389    
-55.9915     -56.1654     149.672       0.135422     0.173389     0.386337    

Bond Length
0.61380946    0.003312805 

BB bond length
0.61380946    0.003312805 

Water EE distance
0             0           

PEG EE distance
3.8064555     0.32020017  

