Time = 1000
Temperature
   1.1745854    0.26268222

Pressure
   23.809536     1.1351756

CM Mom
-1.3039247e-18 2.6037936e-17 
9.9462237e-17  4.2807687e-17 
-1.3931916e-16 4.0141092e-16 
3.0321956e-16  3.1781026e-16 

CM Pos
7.4931531      0.012454261   
7.499373       0.0074302689  
7.4903186      0.018385013   
12.980489      0.015880064   

Stress
20.2841      -0.0215684   0.0305672     0.414498     0.0584667    0.0700935   
-0.0215684   20.2336      0.03387       0.0584667    0.360577     0.0911407   
0.0305672    0.03387      20.3532       0.0700935    0.0911407    0.350774    

Stress Spherical
0            0            0             0            0            0           
0            0            0             0            0            0           
0            0            0             0            0            0           

Inertia
150.062      -56.1847     -56.1691      1.29629      0.116363     0.181492    
-56.1847     149.934      -56.1217      0.116363     1.20017      0.15725     
-56.1691     -56.1217     150.062       0.181492     0.15725      1.39438     

Bond Length
0.61948678    0.009250328 

BB bond length
0.61948678    0.009250328 

Water EE distance
0             0           

PEG EE distance
6.9927879     0.16903872  

BBB P2(x)
0.46613768    0.068322989 

BBB first bond length
0.61951928    0.0093746717

BBB second bond length
0.61950272    0.0091134833

BBB <phi**2>/<phi>**2
1.2162374     0.015544711 

Time = 2000
Temperature
1.0118038     0.0069960051

Pressure
22.994124     0.09521969  

CM Mom
-3.5117171e-18 1.8356256e-17 
8.8285348e-17  2.7124388e-17 
-2.0939649e-17 4.0335245e-17 
1.0021599e-16  3.0024593e-17 

CM Pos
7.4879613      0.017765987   
7.5045648      0.017058295   
7.5096026      0.013676948   
12.99163       0.023087785   

Stress
20.0047      -0.0100263   -0.0219758    0.15301      0.0626827    0.0827223   
-0.0100263   19.9388      0.0575137     0.0626827    0.141357     0.0578828   
-0.0219758   0.0575137    19.9443       0.0827223    0.0578828    0.0930909   

Stress Spherical
0            0            0             0            0            0           
0            0            0             0            0            0           
0            0            0             0            0            0           

Inertia
150.1        -56.2248     -56.2587      0.403405     0.274413     0.233381    
-56.2248     149.857      -56.374       0.274413     0.400456     0.221677    
-56.2587     -56.374      149.794       0.233381     0.221677     0.405822    

Bond Length
0.61753908    0.0025831368

BB bond length
0.61753908    0.0025831368

Water EE distance
0             0           

PEG EE distance
7.2340613     0.083816787 

BBB P2(x)
0.51657364    0.0076547343

BBB first bond length
0.61759689    0.0024470798

BBB second bond length
0.6174164     0.0024742888

BBB <phi**2>/<phi>**2
1.2256782     0.008927559 

