Time = 500
Temperature
   1.0400954    0.04309557

Pressure
    23.04849    0.10082425

CM Mom
4.7804045e-17  2.0110516e-17 
-1.7960007e-17 1.9886404e-17 
1.3405907e-17  2.1659888e-17 
6.1864159e-17  1.5145474e-17 

CM Pos
7.4999672      0.020202209   
7.5136615      0.01405525    
7.4988511      0.011321601   
12.997613      0.012893705   

Stress
19.9519      -0.0420783   0.0133271     0.0636659    0.110028     0.0178654   
-0.0420783   19.8909      -0.0342145    0.110028     0.150196     0.0805993   
0.0133271    -0.0342145   19.9548       0.0178654    0.0805993    0.123777    

Stress Spherical
0            0            0             0            0            0           
0            0            0             0            0            0           
0            0            0             0            0            0           

Inertia
149.903      -56.3033     -56.2187      0.0733873    0.247172     0.13813     
-56.3033     149.659      -56.2841      0.247172     0.205264     0.0656963   
-56.2187     -56.2841     149.893       0.13813      0.0656963    0.528236    

Bond Length
0.61090647    0.0064161187

BB bond length
0.61090647    0.0064161187

Water EE distance
0             0           

PEG EE distance
3.5763435     0.24677577  

Time = 1000
Temperature
1.0171543     0.0089965867

Pressure
23.025887     0.092755595 

CM Mom
1.7246284e-17  1.3823993e-17 
-5.8239768e-18 2.9222909e-17 
1.4153669e-17  2.7914108e-17 
4.4912799e-17  1.8406481e-17 

CM Pos
7.4993738      0.012197491   
7.4946723      0.0064324449  
7.5033017      0.017866564   
12.988868      0.0089767238  

Stress
19.9756      -0.0425378   0.0313932     0.13051      0.0918278    0.0787872   
-0.0425378   19.9725      -0.0291607    0.0918278    0.0847806    0.0358765   
0.0313932    -0.0291607   19.9878       0.0787872    0.0358765    0.0965859   

Stress Spherical
0            0            0             0            0            0           
0            0            0             0            0            0           
0            0            0             0            0            0           

Inertia
149.743      -56.2278     -56.3164      0.282193     0.159188     0.0932834   
-56.2278     149.843      -56.1368      0.159188     0.121072     0.140228    
-56.3164     -56.1368     149.635       0.0932834    0.140228     0.248872    

Bond Length
0.61543847    0.0043608066

BB bond length
0.61543847    0.0043608066

Water EE distance
0             0           

PEG EE distance
3.3319472     0.21095334  

