Time = 1000
Temperature
   1.0445949   0.058755103

Pressure
    23.57774    0.28464357

CM Mom
1.4140296e-17  7.4169925e-18 
1.1469399e-16  2.8462497e-17 
-7.3842792e-17 1.5088702e-16 
1.8609106e-16  8.8371664e-17 

CM Pos
7.4961387      0.021696478   
7.4951543      0.025729286   
7.501152       0.022249701   
12.986029      0.037277477   

Stress
20.4671      -0.029455    0.0393418     0.140081     0.0283047    0.0631815   
-0.029455    20.4341      0.0186561     0.0283047    0.157486     0.0737765   
0.0393418    0.0186561    20.4464       0.0631815    0.0737765    0.160229    

Stress Spherical
0            0            0             0            0            0           
0            0            0             0            0            0           
0            0            0             0            0            0           

Inertia
149.986      -56.1962     -56.2107      0.480795     0.386779     0.278763    
-56.1962     149.985      -56.1718      0.386779     0.355034     0.330004    
-56.2107     -56.1718     149.884       0.278763     0.330004     0.350973    

Bond Length
0.61989393    0.0039786974

BB bond length
0.61989393    0.0039786974

Water EE distance
0             0           

PEG EE distance
5.8208221     0.28352469  

BBB P2(x)
0.4846928     0.040523129 

BBB first bond length
0.62020959    0.0041739047

BBB second bond length
0.61972253    0.0036974012

BBB <phi**2>/<phi>**2
1.2199751     0.013123293 

Time = 2000
Temperature
1.013609      0.0072363287

Pressure
23.384473     0.082650818 

CM Mom
1.0965347e-17  1.998652e-17  
1.3290632e-16  2.1129289e-17 
-2.4805722e-17 4.8880069e-17 
1.4586089e-16  1.8958407e-17 

CM Pos
7.503707       0.022035376   
7.5039097      0.016804972   
7.5036748      0.014988128   
12.996929      0.015877493   

Stress
20.3481      -0.0255864   -0.0147676    0.0802556    0.088556     0.0855831   
-0.0255864   20.2916      -0.0137089    0.088556     0.126013     0.0515265   
-0.0147676   -0.0137089   20.4065       0.0855831    0.0515265    0.154678    

Stress Spherical
0            0            0             0            0            0           
0            0            0             0            0            0           
0            0            0             0            0            0           

Inertia
150.044      -56.2738     -56.3048      0.253304     0.135765     0.273437    
-56.2738     150.048      -56.2932      0.135765     0.455046     0.113578    
-56.3048     -56.2932     150.052       0.273437     0.113578     0.253095    

Bond Length
0.61865672    0.0016324405

BB bond length
0.61865672    0.0016324405

Water EE distance
0             0           

PEG EE distance
6.3293459     0.11619929  

BBB P2(x)
0.51321666    0.0091917922

BBB first bond length
0.61922546    0.0019261542

BBB second bond length
0.61860718    0.0018799503

BBB <phi**2>/<phi>**2
1.2326673     0.0089233622

