Time = 500
Temperature
   1.0317965    0.03727518

Pressure
   23.198178     0.1387884

CM Mom
4.5820035e-19  3.6428016e-17 
-7.7067707e-18 1.1944805e-17 
-4.6543163e-17 4.0455043e-17 
6.4827382e-17  3.3609077e-17 

CM Pos
7.4957363      0.023308412   
7.5038919      0.018108186   
7.4856796      0.018776608   
12.98195       0.007559576   

Stress
20.1628      0.0361186    0.0207715     0.0399009    0.0724972    0.039261    
0.0361186    20.041       0.00664205    0.0724972    0.0956218    0.067822    
0.0207715    0.00664205   20.1183       0.039261     0.067822     0.121574    

Stress Spherical
0            0            0             0            0            0           
0            0            0             0            0            0           
0            0            0             0            0            0           

Inertia
149.628      -56.2286     -56.0614      0.720354     0.17078      0.0694259   
-56.2286     149.46       -56.1623      0.17078      0.0984952    0.279324    
-56.0614     -56.1623     149.753       0.0694259    0.279324     0.182437    

Bond Length
0.6155511     0.0060255264

BB bond length
0.6155511     0.0060255264

Water EE distance
0             0           

PEG EE distance
3.6386003     0.27702988  

Time = 1000
Temperature
1.005533      0.0053194269

Pressure
23.023133     0.038432224 

CM Mom
-2.8452897e-17 1.5339755e-17 
2.8779594e-18  2.5825648e-17 
-5.1211371e-17 1.263421e-17  
6.6117098e-17  1.1440247e-17 

CM Pos
7.4918787      0.019629478   
7.5098267      0.00935542    
7.4910209      0.012988765   
12.986214      0.0056150577  

Stress
19.9881      -0.0523313   0.0315575     0.0667892    0.0540041    0.0830584   
-0.0523313   20.0113      0.00524444    0.0540041    0.0600292    0.050429    
0.0315575    0.00524444   20.0336       0.0830584    0.050429     0.0920721   

Stress Spherical
0            0            0             0            0            0           
0            0            0             0            0            0           
0            0            0             0            0            0           

Inertia
149.795      -56.2621     -56.17        0.259149     0.127443     0.0677351   
-56.2621     149.495      -56.3267      0.127443     0.110489     0.178672    
-56.17       -56.3267     149.818       0.0677351    0.178672     0.257533    

Bond Length
0.6155717     0.0046491253

BB bond length
0.6155717     0.0046491253

Water EE distance
0             0           

PEG EE distance
3.6235876     0.19229008  

