Time = 500
Temperature
   1.0408963   0.046503785

Pressure
   23.697221    0.15001636

CM Mom
-1.5462959e-17 1.5791686e-17 
-2.8633972e-17 1.5290653e-17 
8.8369048e-17  3.7015436e-17 
9.9159627e-17  2.9812557e-17 

CM Pos
7.4876487      0.016725997   
7.501963       0.0086087549  
7.5165213      0.033111647   
12.993972      0.023717309   

Stress
20.575       -0.0244727   0.0141342     0.120508     0.0512698    0.0785107   
-0.0244727   20.6087      0.00809875    0.0512698    0.104425     0.0540941   
0.0141342    0.00809875   20.5408       0.0785107    0.0540941    0.0787822   

Stress Spherical
0            0            0             0            0            0           
0            0            0             0            0            0           
0            0            0             0            0            0           

Inertia
150.231      -56.1691     -56.2944      0.445363     0.0965256    0.413949    
-56.1691     150.021      -56.393       0.0965256    0.791        0.205368    
-56.2944     -56.393      149.826       0.413949     0.205368     0.224892    

Bond Length
0.6136647     0.016580843 

BB bond length
0.6136647     0.016580843 

Water EE distance
0             0           

PEG EE distance
3.5190723     0.59561057  

Time = 1000
Temperature
1.0076101     0.0029172312

Pressure
23.60979      0.071975957 

CM Mom
-2.5984801e-17 1.1089309e-17 
-1.8501158e-17 1.9860086e-17 
5.1290242e-17  1.3642465e-17 
6.4680124e-17  1.2968648e-17 

CM Pos
7.5000944      0.022788187   
7.491888       0.0069241336  
7.5014087      0.01398079    
12.986588      0.015226892   

Stress
20.5505      -0.00480183  0.00318123    0.117297     0.0591498    0.0652721   
-0.00480183  20.637       -0.0117943    0.0591498    0.0528109    0.0623538   
0.00318123   -0.0117943   20.5743       0.0652721    0.0623538    0.0952642   

Stress Spherical
0            0            0             0            0            0           
0            0            0             0            0            0           
0            0            0             0            0            0           

Inertia
149.815      -56.1626     -56.2088      0.127383     0.137862     0.281228    
-56.1626     149.954      -56.2123      0.137862     0.425127     0.139711    
-56.2088     -56.2123     149.834       0.281228     0.139711     0.265392    

Bond Length
0.62216585    0.01392758  

BB bond length
0.62216585    0.01392758  

Water EE distance
0             0           

PEG EE distance
3.6938507     0.39679695  

