Time = 1000
Temperature
   1.1458438    0.15234008

Pressure
   23.977909    0.94861045

CM Mom
-1.0430907e-17 2.2889599e-17 
1.2217684e-16  1.9844913e-17 
2.3973673e-16  5.9300132e-16 
5.2344648e-16  3.886924e-16  

CM Pos
10.000872      0.025558944   
9.9971809      0.052552823   
10.002596      0.044070397   
17.321035      0.0099723899  

Stress
20.5263      0.00857883   0.0236913     0.543694     0.0456953    0.0638718   
0.00857883   20.5315      0.0148289     0.0456953    0.537788     0.0430638   
0.0236913    0.0148289    20.5702       0.0638718    0.0430638    0.540781    

Stress Spherical
0            0            0             0            0            0           
0            0            0             0            0            0           
0            0            0             0            0            0           

Inertia
266.888      -99.978      -100.013      3.77849      0.217067     0.778976    
-99.978      266.982      -100.025      0.217067     2.39771      0.168422    
-100.013     -100.025     266.827       0.778976     0.168422     4.06754     

Bond Length
0.62371322    0.006876662 

BB bond length
0.62371322    0.006876662 

Water EE distance
0             0           

PEG EE distance
5.5408687     0.32912084  

BBB P2(x)
0.083569883   0.015238181 

BBB first bond length
0.62378569    0.0071560076

BBB second bond length
0.6238025     0.0066300717

BBB <phi**2>/<phi>**2
1.1213568     0.0044973915

Time = 2000
Temperature
1.0185789     0.0099184248

Pressure
23.175978     0.054148224 

CM Mom
-1.6870446e-18 2.7567985e-17 
1.1613025e-16  1.3969693e-17 
1.8279287e-17  2.2063618e-16 
2.2792099e-16  1.0728795e-16 

CM Pos
10.001372      0.014581383   
9.9943457      0.016623703   
10.001762      0.019241712   
17.319076      0.0099189671  

Stress
20.1489      0.0129227    0.0125991     0.0573746    0.0349875    0.0551903   
0.0129227    20.0785      0.036137      0.0349875    0.0829604    0.0359135   
0.0125991    0.036137     20.1395       0.0551903    0.0359135    0.0880774   

Stress Spherical
0            0            0             0            0            0           
0            0            0             0            0            0           
0            0            0             0            0            0           

Inertia
266.506      -100.02      -99.949       1.06063      0.121684     0.267534    
-100.02      266.662      -99.9409      0.121684     0.729148     0.121343    
-99.949      -99.9409     266.499       0.267534     0.121343     1.19959     

Bond Length
0.62344586    0.0010112726

BB bond length
0.62344586    0.0010112726

Water EE distance
0             0           

PEG EE distance
5.0944599     0.12595749  

BBB P2(x)
0.075380159   0.0092099706

BBB first bond length
0.62341282    0.0010914975

BBB second bond length
0.62368241    0.0011274313

BBB <phi**2>/<phi>**2
1.1178569     0.0025876992

Time = 3000
Temperature
1.0133886     0.0054947124

Pressure
23.099506     0.071389018 

CM Mom
2.252609e-17   1.740129e-17  
1.3231592e-16  7.0077873e-18 
1.0752103e-17  4.4878514e-17 
1.4283314e-16  9.7582584e-18 

CM Pos
10.001039      0.016160249   
9.9905098      0.01143645    
9.9945909      0.016332312   
17.312523      0.010802349   

Stress
20.0571      -0.0101519   0.0138283     0.0766175    0.0376498    0.0525059   
-0.0101519   20.0741      -0.0209773    0.0376498    0.0982816    0.0691788   
0.0138283    -0.0209773   20.0529       0.0525059    0.0691788    0.0975178   

Stress Spherical
0            0            0             0            0            0           
0            0            0             0            0            0           
0            0            0             0            0            0           

Inertia
266.298      -99.9822     -99.9379      0.591449     0.0987636    0.313462    
-99.9822     266.514      -99.8122      0.0987636    0.367712     0.15856     
-99.9379     -99.8122     266.413       0.313462     0.15856      0.399574    

Bond Length
0.62416205    0.00079293647

BB bond length
0.62416205    0.00079293647

Water EE distance
0             0           

PEG EE distance
4.9609254     0.063222799 

BBB P2(x)
0.076390117   0.0066223188

BBB first bond length
0.62437517    0.00088094489

BBB second bond length
0.62419536    0.00090183539

BBB <phi**2>/<phi>**2
1.1181582     0.0021171549

Time = 4000
Temperature
1.0080412     0.0052523211

Pressure
23.069022     0.074624778 

CM Mom
1.6120661e-17  1.9062093e-17 
1.3795067e-16  2.1889573e-17 
-2.1074749e-17 4.2826766e-17 
1.48165e-16    2.1405409e-17 

CM Pos
9.9997877      0.011904773   
10.000183      0.013316405   
10.005432      0.021217525   
17.323642      0.016774848   

Stress
20.031       0.00587261   0.0301941     0.0987186    0.0504355    0.0598665   
0.00587261   20.0428      -0.00712548   0.0504355    0.0781189    0.0467575   
0.0301941    -0.00712548  20.067        0.0598665    0.0467575    0.0565793   

Stress Spherical
0            0            0             0            0            0           
0            0            0             0            0            0           
0            0            0             0            0            0           

Inertia
266.703      -99.9922     -100.008      0.617479     0.224612     0.211962    
-99.9922     266.715      -100.062      0.224612     0.524716     0.293579    
-100.008     -100.062     266.594       0.211962     0.293579     0.369673    

Bond Length
0.6235019     0.0014026716

BB bond length
0.6235019     0.0014026716

Water EE distance
0             0           

PEG EE distance
4.85035       0.053090005 

BBB P2(x)
0.075210452   0.0074381997

BBB first bond length
0.62367923    0.0016005091

BBB second bond length
0.62361038    0.0012846553

BBB <phi**2>/<phi>**2
1.1164669     0.003604114 

Time = 5000
Temperature
1.0096982     0.0027612562

Pressure
23.074678     0.05488825  

CM Mom
5.8876445e-18  9.95858e-18   
1.6314085e-16  1.9234281e-17 
3.1660729e-18  2.2574549e-17 
1.6510945e-16  1.9422548e-17 

CM Pos
10.001289      0.00661301    
9.9957633      0.011045177   
9.9988438      0.0089070147  
17.318144      0.0087120442  

Stress
20.0405      0.0124034    -0.0220164    0.0578394    0.0333204    0.0369882   
0.0124034    20.0632      0.00718331    0.0333204    0.0585157    0.0626723   
-0.0220164   0.00718331   20.039        0.0369882    0.0626723    0.0823034   

Stress Spherical
0            0            0             0            0            0           
0            0            0             0            0            0           
0            0            0             0            0            0           

Inertia
266.48       -99.9854     -100.003      0.270554     0.196418     0.115975    
-99.9854     266.613      -99.9528      0.196418     0.257        0.14293     
-100.003     -99.9528     266.536       0.115975     0.14293      0.351777    

Bond Length
0.62432598    0.0015297595

BB bond length
0.62432598    0.0015297595

Water EE distance
0             0           

PEG EE distance
4.9635639     0.04216433  

BBB P2(x)
0.081487316   0.0050755058

BBB first bond length
0.62446857    0.0015004202

BBB second bond length
0.62441764    0.0014490214

BBB <phi**2>/<phi>**2
1.1190602     0.0027191984

Time = 6000
Temperature
1.0105101     0.0033470422

Pressure
23.107489     0.065071305 

CM Mom
1.0644421e-17  3.4359726e-17 
1.6189052e-16  2.2975772e-17 
2.2443376e-17  1.0274722e-17 
1.6804814e-16  1.998551e-17  

CM Pos
9.9982033      0.0079565447  
10.0006        0.011408141   
10.003013      0.011766115   
17.321563      0.010500889   

Stress
20.0734      -0.0021376   0.00571302    0.0622849    0.0307825    0.0376064   
-0.0021376   20.0771      0.00642278    0.0307825    0.0938535    0.056641    
0.00571302   0.00642278   20.0834       0.0376064    0.056641     0.0897917   

Stress Spherical
0            0            0             0            0            0           
0            0            0             0            0            0           
0            0            0             0            0            0           

Inertia
266.7        -99.9755     -99.9955      0.288542     0.124569     0.168051    
-99.9755     266.667      -100.033      0.124569     0.405969     0.167017    
-99.9955     -100.033     266.612       0.168051     0.167017     0.26971     

Bond Length
0.62401328    0.00097764087

BB bond length
0.62401328    0.00097764087

Water EE distance
0             0           

PEG EE distance
4.8547893     0.080761917 

BBB P2(x)
0.073367655   0.0071906883

BBB first bond length
0.62421208    0.00098228933

BBB second bond length
0.6241995     0.00085489413

BBB <phi**2>/<phi>**2
1.1182192     0.002711558 

Time = 7000
Temperature
1.0108341     0.0062643295

Pressure
23.088391     0.064249376 

CM Mom
1.1594526e-18  3.1817627e-17 
1.6698825e-16  1.3577906e-17 
3.0403488e-17  1.964714e-17  
1.7360764e-16  1.5934621e-17 

CM Pos
9.997286       0.0069872755  
9.9994324      0.011523372   
10.005265      0.0059877662  
17.321658      0.0088437624  

Stress
20.0639      -0.0166776   0.000417125   0.0771106    0.0432006    0.0684011   
-0.0166776   20.0618      -0.0183788    0.0432006    0.0579435    0.0691485   
0.000417125  -0.0183788   20.048        0.0684011    0.0691485    0.0997451   

Stress Spherical
0            0            0             0            0            0           
0            0            0             0            0            0           
0            0            0             0            0            0           

Inertia
266.738      -99.9705     -99.998       0.186533     0.196493     0.103629    
-99.9705     266.698      -100.064      0.196493     0.218484     0.107408    
-99.998      -100.064     266.591       0.103629     0.107408     0.345266    

Bond Length
0.62382896    0.0011225331

BB bond length
0.62382896    0.0011225331

Water EE distance
0             0           

PEG EE distance
4.7606628     0.10447776  

BBB P2(x)
0.077008769   0.0044167567

BBB first bond length
0.62405982    0.0010769274

BBB second bond length
0.62389666    0.0010746805

BBB <phi**2>/<phi>**2
1.1195008     0.0030479565

Time = 8000
Temperature
1.0096732     0.0046598738

Pressure
23.068251     0.07175728  

CM Mom
9.752583e-18   1.2022936e-17 
1.9064414e-16  1.7324335e-17 
5.2299135e-17  1.936488e-17  
1.9901833e-16  1.9669468e-17 

CM Pos
10.00279       0.01091376    
10.004019      0.012436138   
10.004681      0.0080715139  
17.327147      0.012059149   

Stress
20.0486      0.00704292   0.0234195     0.108166     0.0416278    0.0352106   
0.00704292   20.0434      0.0279439     0.0416278    0.062878     0.0250637   
0.0234195    0.0279439    20.0318       0.0352106    0.0250637    0.0773571   

Stress Spherical
0            0            0             0            0            0           
0            0            0             0            0            0           
0            0            0             0            0            0           

Inertia
266.809      -100.12      -100.03       0.275791     0.245719     0.153296    
-100.12      266.815      -100.109      0.245719     0.261297     0.138413    
-100.03      -100.109     266.782       0.153296     0.138413     0.420994    

Bond Length
0.62414187    0.001139984 

BB bond length
0.62414187    0.001139984 

Water EE distance
0             0           

PEG EE distance
4.7918048     0.076895862 

BBB P2(x)
0.076158041   0.0062002329

BBB first bond length
0.62446347    0.0012169995

BBB second bond length
0.62428477    0.0011552922

BBB <phi**2>/<phi>**2
1.1190986     0.002146414 

Time = 9000
Temperature
1.0072177     0.0032171845

Pressure
23.06163      0.059737459 

CM Mom
-6.9562527e-18 1.6096091e-17 
1.712705e-16   1.849083e-17  
5.6476012e-17  1.2332393e-17 
1.8177017e-16  1.6858289e-17 

CM Pos
10.001789      0.018891043   
9.9969307      0.0093216735  
10.001512      0.0056316858  
17.320652      0.012332617   

Stress
20.0253      0.0130726    0.0118449     0.062705     0.0549671    0.0379258   
0.0130726    20.0435      0.00153324    0.0549671    0.103188     0.0638548   
0.0118449    0.00153324   20.0572       0.0379258    0.0638548    0.113705    

Stress Spherical
0            0            0             0            0            0           
0            0            0             0            0            0           
0            0            0             0            0            0           

Inertia
266.596      -99.9715     -100.047      0.243483     0.221507     0.250995    
-99.9715     266.72       -99.9893      0.221507     0.447815     0.174767    
-100.047     -99.9893     266.629       0.250995     0.174767     0.37318     

Bond Length
0.62398333    0.0014442213

BB bond length
0.62398333    0.0014442213

Water EE distance
0             0           

PEG EE distance
4.8366984     0.051460448 

BBB P2(x)
0.075386805   0.007535876 

BBB first bond length
0.62419944    0.0014777778

BBB second bond length
0.6242713     0.0014672634

BBB <phi**2>/<phi>**2
1.1171791     0.002865904 

Time = 10000
Temperature
1.0121578     0.0060726279

Pressure
23.059755     0.062203506 

CM Mom
-2.1074113e-17 2.1201876e-17 
1.5088003e-16  7.8009789e-18 
5.2235891e-17  1.3349227e-17 
1.6277565e-16  1.1408638e-17 

CM Pos
10.001539      0.013693061   
9.9990988      0.011870553   
10.004598      0.011212633   
17.323542      0.008389826   

Stress
20.0094      -0.0263538   -0.00506064   0.0671042    0.0372856    0.0424077   
-0.0263538   20.0538      0.0177278     0.0372856    0.0728618    0.0418989   
-0.00506064  0.0177278    20.0127       0.0424077    0.0418989    0.0895853   

Stress Spherical
0            0            0             0            0            0           
0            0            0             0            0            0           
0            0            0             0            0            0           

Inertia
266.738      -99.9387     -100.116      0.369559     0.198819     0.0972779   
-99.9387     266.794      -100.079      0.198819     0.208089     0.145536    
-100.116     -100.079     266.67        0.0972779    0.145536     0.41064     

Bond Length
0.62467562    0.0015018513

BB bond length
0.62467562    0.0015018513

Water EE distance
0             0           

PEG EE distance
4.8541678     0.047131494 

BBB P2(x)
0.077124064   0.008917993 

BBB first bond length
0.62458771    0.0015089943

BBB second bond length
0.62481186    0.0015588811

BBB <phi**2>/<phi>**2
1.1188797     0.0034085267

Time = 11000
Temperature
1.0084827     0.0031320996

Pressure
23.08188      0.053403737 

CM Mom
-2.3686498e-17 9.8396161e-18 
1.4727478e-16  1.523298e-17  
5.692844e-17   1.2719254e-17 
1.6033566e-16  1.6579377e-17 

CM Pos
10.001956      0.0089226151  
10.003435      0.015857934   
9.9967591      0.017807783   
17.321764      0.013254306   

Stress
20.025       -0.0146101   0.0018735     0.082528     0.0726451    0.0594614   
-0.0146101   20.0654      0.0327762     0.0726451    0.101322     0.0385071   
0.0018735    0.0327762    20.0849       0.0594614    0.0385071    0.0874124   

Stress Spherical
0            0            0             0            0            0           
0            0            0             0            0            0           
0            0            0             0            0            0           

Inertia
266.661      -100.017     -100.003      0.402281     0.203612     0.195219    
-100.017     266.637      -100.019      0.203612     0.39416      0.253732    
-100.003     -100.019     266.769       0.195219     0.253732     0.431613    

Bond Length
0.6244446     0.0009647809

BB bond length
0.6244446     0.0009647809

Water EE distance
0             0           

PEG EE distance
4.952883      0.077098308 

BBB P2(x)
0.077164029   0.0065089618

BBB first bond length
0.62451171    0.0011673819

BBB second bond length
0.62458083    0.00095182592

BBB <phi**2>/<phi>**2
1.1180804     0.0026086134

Time = 12000
Temperature
1.0106823     0.0048603685

Pressure
23.05173      0.050746258 

CM Mom
7.4668331e-18  1.7875016e-17 
1.2929002e-16  2.8072422e-17 
3.630502e-17   1.7965854e-17 
1.3682537e-16  2.8264549e-17 

CM Pos
9.9998711      0.0099243333  
10.001851      0.010653241   
9.9966757      0.01139869    
17.31959       0.010154175   

Stress
20.0365      -0.00353197  -0.0239549    0.0531222    0.0389032    0.0270741   
-0.00353197  20.0315      0.00404053    0.0389032    0.061325     0.0535972   
-0.0239549   0.00404053   19.9971       0.0270741    0.0535972    0.0863306   

Stress Spherical
0            0            0             0            0            0           
0            0            0             0            0            0           
0            0            0             0            0            0           

Inertia
266.631      -100.018     -99.9843      0.291253     0.182996     0.146961    
-100.018     266.6        -99.9549      0.182996     0.265236     0.15719     
-99.9843     -99.9549     266.694       0.146961     0.15719      0.324118    

Bond Length
0.62443224    0.0014542517

BB bond length
0.62443224    0.0014542517

Water EE distance
0             0           

PEG EE distance
4.963683      0.065004338 

BBB P2(x)
0.076079387   0.0073489954

BBB first bond length
0.62459929    0.0014354674

BBB second bond length
0.62454319    0.0013755825

BBB <phi**2>/<phi>**2
1.1183323     0.0024492879

Time = 13000
Temperature
1.0116323     0.0041128144

Pressure
23.095439     0.062059685 

CM Mom
6.146175e-18   1.9068697e-17 
1.3551951e-16  2.3158732e-17 
5.489908e-17   1.2160067e-17 
1.4842326e-16  2.087025e-17  

CM Pos
9.998787       0.011497092   
10.000266      0.012361828   
9.9945076      0.010478176   
17.316799      0.010171822   

Stress
20.0601      0.0178288    -0.0238897    0.0626026    0.0393309    0.0200669   
0.0178288    20.0741      -0.0119239    0.0393309    0.099351     0.0562798   
-0.0238897   -0.0119239   20.0535       0.0200669    0.0562798    0.0602228   

Stress Spherical
0            0            0             0            0            0           
0            0            0             0            0            0           
0            0            0             0            0            0           

Inertia
266.542      -99.9541     -99.9237      0.315675     0.166654     0.144858    
-99.9541     266.522      -99.9466      0.166654     0.305517     0.161269    
-99.9237     -99.9466     266.639       0.144858     0.161269     0.301128    

Bond Length
0.62445245    0.00085184978

BB bond length
0.62445245    0.00085184978

Water EE distance
0             0           

PEG EE distance
4.8669773     0.05336291  

BBB P2(x)
0.072618977   0.0057694441

BBB first bond length
0.62455231    0.00094599028

BBB second bond length
0.62448852    0.0010397516

BBB <phi**2>/<phi>**2
1.1162263     0.0030979894

Time = 14000
Temperature
1.0096168     0.0029695753

Pressure
23.072744     0.036979205 

CM Mom
9.4033238e-18  2.2405271e-17 
1.3573476e-16  1.226075e-17  
4.9872201e-17  1.5880564e-17 
1.4772488e-16  9.0254942e-18 

CM Pos
9.9982867      0.011788552   
10.001017      0.0097322415  
9.9997611      0.0073249471  
17.319973      0.01142664    

Stress
20.0236      0.020766     0.0269131     0.036659     0.0392971    0.0609521   
0.020766     20.0628      0.000732713   0.0392971    0.0789402    0.0409602   
0.0269131    0.000732713  20.0514       0.0609521    0.0409602    0.0600567   

Stress Spherical
0            0            0             0            0            0           
0            0            0             0            0            0           
0            0            0             0            0            0           

Inertia
266.677      -99.986      -100.021      0.250201     0.137685     0.153578    
-99.986      266.623      -99.9636      0.137685     0.313006     0.118959    
-100.021     -99.9636     266.65        0.153578     0.118959     0.3631      

Bond Length
0.62425246    0.00055772922

BB bond length
0.62425246    0.00055772922

Water EE distance
0             0           

PEG EE distance
4.840642      0.046554301 

BBB P2(x)
0.074276255   0.01035598  

BBB first bond length
0.62444465    0.0005254009

BBB second bond length
0.62448188    0.00068173845

BBB <phi**2>/<phi>**2
1.117811      0.0034629466

Time = 15000
Temperature
1.0108052     0.0046453599

Pressure
23.108176     0.057687579 

CM Mom
-1.6173837e-17 1.8364018e-17 
1.3992229e-16  1.5948794e-17 
4.414229e-17   1.3304375e-17 
1.4921643e-16  1.7071798e-17 

CM Pos
9.9984535      0.0080680671  
10.003769      0.016298216   
9.9989272      0.010973172   
17.32118       0.013238968   

Stress
20.0606      -0.00450206  0.00170544    0.0744714    0.0468467    0.0414201   
-0.00450206  20.0893      0.0117574     0.0468467    0.0920239    0.069198    
0.00170544   0.0117574    20.0835       0.0414201    0.069198     0.0690147   

Stress Spherical
0            0            0             0            0            0           
0            0            0             0            0            0           
0            0            0             0            0            0           

Inertia
266.73       -100.004     -99.9349      0.432704     0.20654      0.132333    
-100.004     266.617      -100.053      0.20654      0.275651     0.204189    
-99.9349     -100.053     266.711       0.132333     0.204189     0.381711    

Bond Length
0.6235289     0.0010907986

BB bond length
0.6235289     0.0010907986

Water EE distance
0             0           

PEG EE distance
4.7562034     0.049189161 

BBB P2(x)
0.079989534   0.0044574108

BBB first bond length
0.62360056    0.0011142886

BBB second bond length
0.62353089    0.0011757137

BBB <phi**2>/<phi>**2
1.1192388     0.0033380587

Time = 16000
Temperature
1.0119787     0.0061977607

Pressure
23.053248     0.065572247 

CM Mom
-2.5616508e-17 1.0990246e-17 
1.4384526e-16  1.1034851e-17 
4.4983671e-17  1.9322764e-17 
1.5436529e-16  1.2588725e-17 

CM Pos
9.997286       0.0085939156  
9.999349       0.01271811    
10.001345      0.010181989   
17.319348      0.0120075     

Stress
20.0437      -0.000570064 -0.00873711   0.11026      0.0417987    0.0571274   
-0.000570064 20.0154      -0.00141696   0.0417987    0.0411912    0.0483291   
-0.00873711  -0.00141696  19.9989       0.0571274    0.0483291    0.0831028   

Stress Spherical
0            0            0             0            0            0           
0            0            0             0            0            0           
0            0            0             0            0            0           

Inertia
266.68       -99.9737     -99.9766      0.384573     0.16861      0.152301    
-99.9737     266.617      -100.036      0.16861      0.277181     0.205218    
-99.9766     -100.036     266.585       0.152301     0.205218     0.39349     

Bond Length
0.6240996     0.00092524655

BB bond length
0.6240996     0.00092524655

Water EE distance
0             0           

PEG EE distance
4.835468      0.03596566  

BBB P2(x)
0.076529665   0.0083366983

BBB first bond length
0.6244531     0.00069326347

BBB second bond length
0.62424363    0.0010711171

BBB <phi**2>/<phi>**2
1.1172396     0.0035826423

Time = 17000
Temperature
1.0102834     0.0047283305

Pressure
23.103733     0.038334314 

CM Mom
-3.0890808e-17 1.3019523e-17 
1.536001e-16   1.5149113e-17 
4.150404e-17   1.8730451e-17 
1.6378354e-16  1.3950016e-17 

CM Pos
10.002039      0.010165243   
9.9977646      0.01014333    
9.9931733      0.011373039   
17.316462      0.0089303515  

Stress
20.0421      -0.00409889  0.00588373    0.0650303    0.0458714    0.0405876   
-0.00409889  20.1019      0.0219777     0.0458714    0.0471374    0.0383753   
0.00588373   0.0219777    20.0807       0.0405876    0.0383753    0.072612    

Stress Spherical
0            0            0             0            0            0           
0            0            0             0            0            0           
0            0            0             0            0            0           

Inertia
266.491      -99.9964     -99.9446      0.270087     0.148429     0.205396    
-99.9964     266.562      -99.9323      0.148429     0.370524     0.108566    
-99.9446     -99.9323     266.653       0.205396     0.108566     0.217309    

Bond Length
0.6243007     0.0014861108

BB bond length
0.6243007     0.0014861108

Water EE distance
0             0           

PEG EE distance
4.820068      0.028322095 

BBB P2(x)
0.078011345   0.0080848225

BBB first bond length
0.62440078    0.0014923076

BBB second bond length
0.62444346    0.0013567963

BBB <phi**2>/<phi>**2
1.1179365     0.0040780339

Time = 18000
Temperature
1.0121712     0.0047250118

Pressure
23.119899     0.077187208 

CM Mom
-1.0089865e-17 1.5783996e-17 
1.5985795e-16  3.6274583e-17 
5.3253465e-17  2.0264773e-17 
1.7134574e-16  3.3295363e-17 

CM Pos
9.9994541      0.014134115   
10.001017      0.0077963071  
9.9968424      0.011434018   
17.318964      0.012351102   

Stress
20.0848      -0.00293698  -0.0238684    0.0978261    0.0223639    0.0407823   
-0.00293698  20.0687      -0.0475679    0.0223639    0.0813661    0.0576056   
-0.0238684   -0.0475679   20.1027       0.0407823    0.0576056    0.114451    

Stress Spherical
0            0            0             0            0            0           
0            0            0             0            0            0           
0            0            0             0            0            0           

Inertia
266.617      -100.045     -99.9472      0.323884     0.192808     0.189529    
-100.045     266.582      -99.9894      0.192808     0.359543     0.210053    
-99.9472     -99.9894     266.663       0.189529     0.210053     0.376173    

Bond Length
0.62426231    0.00095947389

BB bond length
0.62426231    0.00095947389

Water EE distance
0             0           

PEG EE distance
4.8147996     0.10819796  

BBB P2(x)
0.077195349   0.0041341956

BBB first bond length
0.62444769    0.00096284296

BBB second bond length
0.62436117    0.0010724772

BBB <phi**2>/<phi>**2
1.1185097     0.0020814018

Time = 19000
Temperature
1.0126261     0.0035015687

Pressure
23.087073     0.055414708 

CM Mom
-1.0575101e-17 1.8857705e-17 
1.8069049e-16  2.6657035e-17 
4.9152273e-17  1.1036305e-17 
1.8909375e-16  2.4665655e-17 

CM Pos
9.9972026      0.01490214    
10.001601      0.0061187246  
10.001846      0.0088647566  
17.32089       0.0095847706  

Stress
20.0593      -0.0277833   -0.00900563   0.0720457    0.0433472    0.0442872   
-0.0277833   20.0356      0.0290975     0.0433472    0.0551688    0.0424472   
-0.00900563  0.0290975    20.0588       0.0442872    0.0424472    0.0868329   

Stress Spherical
0            0            0             0            0            0           
0            0            0             0            0            0           
0            0            0             0            0            0           

Inertia
266.722      -99.9565     -100.009      0.261395     0.15007      0.157667    
-99.9565     266.625      -100.024      0.15007      0.313848     0.146212    
-100.009     -100.024     266.63        0.157667     0.146212     0.27468     

Bond Length
0.62479105    0.0012325982

BB bond length
0.62479105    0.0012325982

Water EE distance
0             0           

PEG EE distance
4.7123915     0.10406196  

BBB P2(x)
0.070653955   0.006884913 

BBB first bond length
0.62491123    0.0012416895

BBB second bond length
0.62497586    0.0012251895

BBB <phi**2>/<phi>**2
1.1154913     0.0029070351

Time = 20000
Temperature
1.01118       0.0047219515

Pressure
23.097581     0.055908506 

CM Mom
-1.7780163e-17 2.5450381e-17 
1.568153e-16   1.6629155e-17 
7.3978376e-17  1.0170433e-17 
1.7652507e-16  1.5702188e-17 

CM Pos
9.9983701      0.0091134597  
9.9992656      0.010261921   
10.000178      0.010718316   
17.319251      0.01170766    

Stress
20.0608      0.0168584    0.017397      0.059964     0.0395939    0.042114    
0.0168584    20.0843      -0.0148325    0.0395939    0.0627063    0.0499993   
0.017397     -0.0148325   20.053        0.042114     0.0499993    0.082134    

Stress Spherical
0            0            0             0            0            0           
0            0            0             0            0            0           
0            0            0             0            0            0           

Inertia
266.657      -99.9549     -100          0.292684     0.199416     0.126777    
-99.9549     266.648      -99.9936      0.199416     0.265868     0.144387    
-100         -99.9936     266.624       0.126777     0.144387     0.321912    

Bond Length
0.62471826    0.0012147642

BB bond length
0.62471826    0.0012147642

Water EE distance
0             0           

PEG EE distance
4.8280493     0.070892315 

BBB P2(x)
0.076067045   0.0068641172

BBB first bond length
0.62468087    0.0011380792

BBB second bond length
0.62491849    0.0012212919

BBB <phi**2>/<phi>**2
1.117083      0.003840666 

Time = 21000
Temperature
1.0133573     0.0049733076

Pressure
23.067008     0.055624335 

CM Mom
-2.1051257e-17 1.4260399e-17 
1.6243203e-16  1.9654813e-17 
4.8478057e-17  1.3944773e-17 
1.7223075e-16  1.7266625e-17 

CM Pos
9.9966189      0.01150193    
9.9962636      0.0094048514  
10.000178      0.0074403299  
17.316505      0.01257892    

Stress
20.058       0.0156292    0.00322484    0.083171     0.0524293    0.0507488   
0.0156292    19.9943      -0.00756522   0.0524293    0.0892721    0.0517521   
0.00322484   -0.00756522  20.0346       0.0507488    0.0517521    0.0839706   

Stress Spherical
0            0            0             0            0            0           
0            0            0             0            0            0           
0            0            0             0            0            0           

Inertia
266.596      -99.9419     -99.9078      0.265028     0.224454     0.17995     
-99.9419     266.599      -99.954       0.224454     0.303371     0.161292    
-99.9078     -99.954      266.518       0.17995      0.161292     0.377681    

Bond Length
0.6247139     0.0010830468

BB bond length
0.6247139     0.0010830468

Water EE distance
0             0           

PEG EE distance
4.7568329     0.063392795 

BBB P2(x)
0.075150265   0.0070297963

BBB first bond length
0.62469532    0.0012236925

BBB second bond length
0.62491024    0.001061278 

BBB <phi**2>/<phi>**2
1.1180502     0.0032400041

Time = 22000
Temperature
1.0107458     0.0044125164

Pressure
23.06085      0.049858812 

CM Mom
-2.5989375e-17 2.6403074e-17 
1.7009895e-16  2.0533916e-17 
6.0482858e-17  2.3017761e-17 
1.8576202e-16  2.0207241e-17 

CM Pos
9.9998711      0.0066523251  
10.00035       0.0084913515  
10.000928      0.0056335376  
17.321175      0.0057196744  

Stress
20.0056      -0.00950951  0.0487584     0.0785038    0.0338603    0.0392201   
-0.00950951  20.0513      -0.011487     0.0338603    0.0594155    0.042883    
0.0487584    -0.011487    20.035        0.0392201    0.042883     0.0474064   

Stress Spherical
0            0            0             0            0            0           
0            0            0             0            0            0           
0            0            0             0            0            0           

Inertia
266.69       -100.038     -100.016      0.168648     0.0757109    0.131532    
-100.038     266.675      -100.039      0.0757109    0.229301     0.0645563   
-100.016     -100.039     266.661       0.131532     0.0645563    0.158295    

Bond Length
0.62442765    0.0012721874

BB bond length
0.62442765    0.0012721874

Water EE distance
0             0           

PEG EE distance
4.8334207     0.051362375 

BBB P2(x)
0.075352597   0.0056476935

BBB first bond length
0.62446481    0.0012632021

BBB second bond length
0.62452042    0.001208493 

BBB <phi**2>/<phi>**2
1.1187612     0.0035723295

Time = 23000
Temperature
1.0116456     0.003920543 

Pressure
23.057544     0.045572796 

CM Mom
1.7119256e-18  1.9748729e-17 
1.8261564e-16  2.1150891e-17 
6.9852188e-17  1.2278806e-17 
1.9709045e-16  1.934496e-17  

CM Pos
10.000705      0.011453159   
10.002017      0.0062005709  
10.001596      0.011788257   
17.323008      0.0086354628  

Stress
20.0261      -0.0169269   -0.00189115   0.0542783    0.0422762    0.0440385   
-0.0169269   20.0306      -0.0116077    0.0422762    0.0651857    0.0452852   
-0.00189115  -0.0116077   20.0172       0.0440385    0.0452852    0.0654451   

Stress Spherical
0            0            0             0            0            0           
0            0            0             0            0            0           
0            0            0             0            0            0           

Inertia
266.737      -99.9918     -100.064      0.19359      0.11428      0.151008    
-99.9918     266.71       -100.054      0.11428      0.383302     0.113436    
-100.064     -100.054     266.718       0.151008     0.113436     0.270313    

Bond Length
0.62462949    0.00090592491

BB bond length
0.62462949    0.00090592491

Water EE distance
0             0           

PEG EE distance
4.930873      0.060950263 

BBB P2(x)
0.077880233   0.0054842982

BBB first bond length
0.62478839    0.00091663458

BBB second bond length
0.62474744    0.00092952338

BBB <phi**2>/<phi>**2
1.1195163     0.0019796087

Time = 24000
Temperature
1.0180629     0.005978546 

Pressure
23.089521     0.061593517 

CM Mom
-1.7984882e-17 3.4095767e-17 
2.184106e-16   4.2934433e-17 
8.622976e-17   7.5538702e-18 
2.3900485e-16  3.7441207e-17 

CM Pos
9.9998711      0.01364728    
10.001434      0.008599982   
10.001262      0.013153265   
17.321996      0.015018866   

Stress
20.0343      -0.00564807  0.00592531    0.0863449    0.0428478    0.045411    
-0.00564807  20.047       0.00644352    0.0428478    0.0805247    0.0472278   
0.00592531   0.00644352   20.0308       0.045411     0.0472278    0.101129    

Stress Spherical
0            0            0             0            0            0           
0            0            0             0            0            0           
0            0            0             0            0            0           

Inertia
266.728      -100.009     -100.016      0.368796     0.153429     0.225987    
-100.009     266.683      -100.036      0.153429     0.414772     0.229261    
-100.016     -100.036     266.69        0.225987     0.229261     0.352863    

Bond Length
0.62380709    0.0011461985

BB bond length
0.62380709    0.0011461985

Water EE distance
0             0           

PEG EE distance
4.8119816     0.042479369 

BBB P2(x)
0.077638191   0.0046902049

BBB first bond length
0.62391515    0.0010885242

BBB second bond length
0.62395621    0.0012022261

BBB <phi**2>/<phi>**2
1.1189945     0.0029042443

Time = 25000
Temperature
1.0139778     0.0073341466

Pressure
23.08677      0.054906881 

CM Mom
-2.3602307e-17 1.7440364e-17 
2.235937e-16   2.0884391e-17 
7.8927719e-17  2.2649908e-17 
2.4022425e-16  1.8067986e-17 

CM Pos
9.9950345      0.010555866   
9.9995992      0.0083472273  
9.995675       0.011781471   
17.314918      0.0121428     

Stress
20.0518      -0.000666282 0.0345432     0.0823368    0.0446516    0.0461344   
-0.000666282 20.0447      0.0182404     0.0446516    0.0808314    0.0424449   
0.0345432    0.0182404    20.0441       0.0461344    0.0424449    0.0610826   

Stress Spherical
0            0            0             0            0            0           
0            0            0             0            0            0           
0            0            0             0            0            0           

Inertia
266.596      -99.9632     -99.9171      0.258704     0.176643     0.194292    
-99.9632     266.487      -99.9777      0.176643     0.379375     0.15        
-99.9171     -99.9777     266.562       0.194292     0.15         0.195327    

Bond Length
0.62377132    0.00077859876

BB bond length
0.62377132    0.00077859876

Water EE distance
0             0           

PEG EE distance
4.7920156     0.066228121 

BBB P2(x)
0.074459257   0.005693007 

BBB first bond length
0.62395456    0.00094495142

BBB second bond length
0.62387154    0.00084860829

BBB <phi**2>/<phi>**2
1.1179352     0.0021707897

Time = 26000
Temperature
1.0116181     0.0047894441

Pressure
23.05752      0.083066861 

CM Mom
-4.1732309e-17 3.6282745e-17 
2.2853124e-16  1.5006813e-17 
8.0101638e-17  1.2403702e-17 
2.4863818e-16  1.6091587e-17 

CM Pos
10.002373      0.014857276   
10.007021      0.0069112267  
10.002429      0.010021947   
17.327341      0.01249778    

Stress
19.9932      -0.00363637  -0.00364365   0.118305     0.0334962    0.0469223   
-0.00363637  20.0384      -0.00167562   0.0334962    0.0888361    0.058279    
-0.00364365  -0.00167562  20.0425       0.0469223    0.058279     0.0829256   

Stress Spherical
0            0            0             0            0            0           
0            0            0             0            0            0           
0            0            0             0            0            0           

Inertia
266.873      -100.091     -100.048      0.187865     0.131438     0.231873    
-100.091     266.774      -100.085      0.131438     0.457285     0.141849    
-100.048     -100.085     266.85        0.231873     0.141849     0.287699    

Bond Length
0.62434202    0.001032287 

BB bond length
0.62434202    0.001032287 

Water EE distance
0             0           

PEG EE distance
4.8332193     0.073932589 

BBB P2(x)
0.075059205   0.0071521766

BBB first bond length
0.6244799     0.0011344995

BBB second bond length
0.62444622    0.0011892382

BBB <phi**2>/<phi>**2
1.1169741     0.0032039866

Time = 27000
Temperature
1.0100171     0.0073179497

Pressure
23.059527     0.044077022 

CM Mom
-3.8781369e-17 1.462532e-17  
2.5119803e-16  2.4028801e-17 
8.0522473e-17  1.253951e-17  
2.6745368e-16  2.2480349e-17 

CM Pos
10.000288      0.011196807   
9.9989321      0.0087918982  
9.9996777      0.0090464495  
17.319878      0.0080630069  

Stress
20.0181      -0.0180538   -0.00278472   0.0753177    0.0488467    0.0530885   
-0.0180538   20.0468      0.0352483     0.0488467    0.0813808    0.0292849   
-0.00278472  0.0352483    20.0296       0.0530885    0.0292849    0.0364652   

Stress Spherical
0            0            0             0            0            0           
0            0            0             0            0            0           
0            0            0             0            0            0           

Inertia
266.638      -99.9751     -99.9718      0.142287     0.121909     0.149124    
-99.9751     266.652      -99.9633      0.121909     0.30138      0.150902    
-99.9718     -99.9633     266.649       0.149124     0.150902     0.244319    

Bond Length
0.62438515    0.00080213626

BB bond length
0.62438515    0.00080213626

Water EE distance
0             0           

PEG EE distance
4.8803424     0.062046766 

BBB P2(x)
0.076557511   0.0060674982

BBB first bond length
0.62454539    0.00087146145

BBB second bond length
0.62441885    0.0009518937

BBB <phi**2>/<phi>**2
1.1189292     0.0019755066

Time = 28000
Temperature
1.0102137     0.0032570973

Pressure
23.054634     0.049278821 

CM Mom
-3.6420282e-17 1.6641819e-17 
2.2932072e-16  2.2510423e-17 
7.4327404e-17  1.1957206e-17 
2.4476931e-16  2.1298472e-17 

CM Pos
9.9992874      0.010408929   
10.003685      0.0094229486  
9.9999278      0.0090598912  
17.322189      0.0081938173  

Stress
19.9999      -0.0473281   -0.00315089   0.0502709    0.0542791    0.0296206   
-0.0473281   20.025       0.00626255    0.0542791    0.0919991    0.058166    
-0.00315089  0.00626255   20.0531       0.0296206    0.058166     0.0636047   

Stress Spherical
0            0            0             0            0            0           
