Time = 1000
Temperature
   1.1047978    0.15050624

Pressure
   23.747809    0.75129337

CM Mom
-3.5103591e-17 1.5327628e-17 
-2.3401663e-17 1.9281896e-17 
1.3676737e-16  2.2493808e-16 
1.857176e-16   1.9286797e-16 

CM Pos
7.4990711      0.03090968    
7.4979447      0.032777256   
7.4977555      0.013435717   
12.987404      0.033476672   

Stress
20.4307      0.0249538    -0.00699679   0.260062     0.0558543    0.0684477   
0.0249538    20.4596      -0.0176778    0.0558543    0.319377     0.0734054   
-0.00699679  -0.0176778   20.413        0.0684477    0.0734054    0.397303    

Stress Spherical
0            0            0             0            0            0           
0            0            0             0            0            0           
0            0            0             0            0            0           

Inertia
150.036      -56.2484     -56.227       1.63048      0.461563     0.203886    
-56.2484     150.052      -56.245       0.461563     1.60246      0.223513    
-56.227      -56.245      150.046       0.203886     0.223513     2.05656     

Bond Length
0.61990021    0.0077018382

BB bond length
0.61990021    0.0077018382

Water EE distance
0             0           

PEG EE distance
6.6552417     0.14617411  

BBB P2(x)
0.47765178    0.065370493 

BBB first bond length
0.61967801    0.0079050811

BBB second bond length
0.61992224    0.0077331363

BBB <phi**2>/<phi>**2
1.2195692     0.014073063 

Time = 2000
Temperature
1.0083114     0.0086416434

Pressure
23.277307     0.12999709  

CM Mom
-5.1157513e-17 1.8131698e-17 
-2.1942315e-18 1.4583512e-17 
-2.9864116e-17 3.488154e-17  
7.1320284e-17  1.3614238e-17 

CM Pos
7.4984783      0.0093595926  
7.4998712      0.019493875   
7.4998302      0.012151749   
12.989347      0.013459528   

Stress
20.2291      -0.00436479  0.021555      0.0705431    0.0740069    0.055759    
-0.00436479  20.2588      0.0262828     0.0740069    0.144819     0.0690783   
0.021555     0.0262828    20.2719       0.055759     0.0690783    0.170196    

Stress Spherical
0            0            0             0            0            0           
0            0            0             0            0            0           
0            0            0             0            0            0           

Inertia
149.878      -56.2354     -56.2431      0.358556     0.151946     0.0976076   
-56.2354     149.855      -56.2355      0.151946     0.212971     0.238224    
-56.2431     -56.2355     149.836       0.0976076    0.238224     0.327019    

Bond Length
0.61845237    0.0024637875

BB bond length
0.61845237    0.0024637875

Water EE distance
0             0           

PEG EE distance
6.9040073     0.18649761  

BBB P2(x)
0.50766882    0.0081757936

BBB first bond length
0.61830188    0.0026264338

BBB second bond length
0.61840476    0.0025503314

BBB <phi**2>/<phi>**2
1.2256172     0.0082385263

Time = 3000
Temperature
1.0112915     0.0075807252

Pressure
23.282219     0.062684767 

CM Mom
-2.5897046e-17 2.2396135e-17 
2.3247557e-18  1.5634801e-17 
-3.1212409e-17 1.1418245e-17 
4.8881756e-17  1.1715804e-17 

CM Pos
7.4995157      0.0076945791  
7.4995748      0.0090190421  
7.4999784      0.013505005   
12.98985       0.012633812   

Stress
20.2527      -0.020697    -0.0424382    0.0733562    0.0562473    0.0616637   
-0.020697    20.2264      0.00860932    0.0562473    0.10288      0.061076    
-0.0424382   0.00860932   20.2687       0.0616637    0.061076     0.0792547   

Stress Spherical
0            0            0             0            0            0           
0            0            0             0            0            0           
0            0            0             0            0            0           

Inertia
149.935      -56.2432     -56.241       0.287328     0.136691     0.1571      
-56.2432     149.942      -56.2433      0.136691     0.329567     0.0905518   
-56.241      -56.2433     149.936       0.1571       0.0905518    0.262427    

Bond Length
0.61870369    0.0019579677

BB bond length
0.61870369    0.0019579677

Water EE distance
0             0           

PEG EE distance
7.5850561     0.18977128  

BBB P2(x)
0.50906493    0.010030453 

BBB first bond length
0.61867874    0.0021288055

BBB second bond length
0.61864269    0.0019893299

BBB <phi**2>/<phi>**2
1.2235702     0.01019397  

Time = 4000
Temperature
1.0144689     0.010045217 

Pressure
23.294133     0.053066267 

CM Mom
-8.3257129e-18 9.4276011e-18 
2.3239331e-18  2.495602e-17  
-4.0706944e-17 2.8579664e-17 
5.2315302e-17  2.2877116e-17 

CM Pos
7.4984783      0.0097503166  
7.5015013      0.015458215   
7.4949398      0.011658298   
12.98746       0.012847706   

Stress
20.2494      -0.00196282  -0.0118887    0.0640312    0.109579     0.0717404   
-0.00196282  20.2721      -0.00886933   0.109579     0.13381      0.101579    
-0.0118887   -0.00886933  20.2334       0.0717404    0.101579     0.112172    

Stress Spherical
0            0            0             0            0            0           
0            0            0             0            0            0           
0            0            0             0            0            0           

Inertia
149.912      -56.2818     -56.1685      0.329734     0.122917     0.147875    
-56.2818     149.872      -56.2293      0.122917     0.262372     0.137715    
-56.1685     -56.2293     149.954       0.147875     0.137715     0.229272    

Bond Length
0.6187221     0.0023106123

BB bond length
0.6187221     0.0023106123

Water EE distance
0             0           

PEG EE distance
7.2466725     0.057187955 

BBB P2(x)
0.50971807    0.010959876 

BBB first bond length
0.61866517    0.0023061008

BBB second bond length
0.61879277    0.0024646432

BBB <phi**2>/<phi>**2
1.2243511     0.0082254647

Time = 5000
Temperature
1.0068615     0.0062638778

Pressure
23.210259     0.11649409  

CM Mom
1.7336403e-17  1.1772321e-17 
-7.5188489e-19 1.3857232e-17 
-4.8726912e-17 2.9841533e-17 
6.1142628e-17  1.2575165e-17 

CM Pos
7.4913651      0.015486602   
7.4976483      0.017577477   
7.4921242      0.012270445   
12.979511      0.01389779    

Stress
20.1771      -0.000402739 -0.0305653    0.0914523    0.0653687    0.0886565   
-0.000402739 20.1925      0.00798242    0.0653687    0.17369      0.0956528   
-0.0305653   0.00798242   20.2021       0.0886565    0.0956528    0.127892    

Stress Spherical
0            0            0             0            0            0           
0            0            0             0            0            0           
0            0            0             0            0            0           

Inertia
149.825      -56.1574     -56.1149      0.300605     0.154392     0.152489    
-56.1574     149.736      -56.1903      0.154392     0.352386     0.169739    
-56.1149     -56.1903     149.816       0.152489     0.169739     0.300308    

Bond Length
0.61858191    0.0019429083

BB bond length
0.61858191    0.0019429083

Water EE distance
0             0           

PEG EE distance
7.345529      0.15000115  

BBB P2(x)
0.51323027    0.0078326745

BBB first bond length
0.61839993    0.0018934615

BBB second bond length
0.61863472    0.0019928672

BBB <phi**2>/<phi>**2
1.2245555     0.007588242 

Time = 6000
Temperature
1.0099446     0.0059299105

Pressure
23.211843     0.11342926  

CM Mom
8.2334412e-18  2.3269163e-17 
-1.6620166e-17 1.4575465e-17 
-6.2603329e-17 2.9575727e-17 
7.4708928e-17  1.7618002e-17 

CM Pos
7.4965518      0.013803356   
7.497352       0.021201825   
7.495829       0.0099641941  
12.98447       0.017176393   

Stress
20.222       0.0134467    0.0280833     0.0931503    0.0458341    0.0718287   
0.0134467    20.1742      -0.0534058    0.0458341    0.172421     0.0468347   
0.0280833    -0.0534058   20.1525       0.0718287    0.0468347    0.102875    

Stress Spherical
0            0            0             0            0            0           
0            0            0             0            0            0           
0            0            0             0            0            0           

Inertia
149.874      -56.2147     -56.1904      0.307647     0.245854     0.198092    
-56.2147     149.861      -56.1924      0.245854     0.358346     0.179919    
-56.1904     -56.1924     149.884       0.198092     0.179919     0.384148    

Bond Length
0.61893921    0.0017507638

BB bond length
0.61893921    0.0017507638

Water EE distance
0             0           

PEG EE distance
6.9939743     0.13261495  

BBB P2(x)
0.51298637    0.0064552469

BBB first bond length
0.61899383    0.0019026961

BBB second bond length
0.61905931    0.0019953247

BBB <phi**2>/<phi>**2
1.227499      0.011018155 

Time = 7000
Temperature
1.0105662     0.0088826058

Pressure
23.315618     0.091541809 

CM Mom
2.5726419e-18  1.7341196e-17 
-5.1844136e-17 1.8111337e-17 
-8.5479056e-17 1.3234294e-17 
1.0272043e-16  1.5921656e-17 

CM Pos
7.5014422      0.0054429068  
7.4983893      0.012854326   
7.5001265      0.0091879075  
12.990366      0.0064951121  

Stress
20.2548      -0.0358256   0.00979282    0.104422     0.0600317    0.080329    
-0.0358256   20.3338      0.00401812    0.0600317    0.121123     0.0943706   
0.00979282   0.00401812   20.2658       0.080329     0.0943706    0.167483    

Stress Spherical
0            0            0             0            0            0           
0            0            0             0            0            0           
0            0            0             0            0            0           

Inertia
149.967      -56.2755     -56.2592      0.171238     0.131708     0.117393    
-56.2755     150.011      -56.2714      0.131708     0.187608     0.115954    
-56.2592     -56.2714     149.978       0.117393     0.115954     0.198128    

Bond Length
0.61791559    0.0017856137

BB bond length
0.61791559    0.0017856137

Water EE distance
0             0           

PEG EE distance
7.0214373     0.078629447 

BBB P2(x)
0.50975236    0.012711693 

BBB first bond length
0.61789106    0.0017654214

BBB second bond length
0.61788714    0.0018408196

BBB <phi**2>/<phi>**2
1.2186498     0.0080387412

Time = 8000
Temperature
1.011896      0.0063091271

Pressure
23.302845     0.084074726 

CM Mom
-6.0584043e-18 1.2831611e-17 
-7.9725025e-17 2.3080193e-17 
-8.6491989e-17 1.7739179e-17 
1.2016059e-16  2.1144847e-17 

CM Pos
7.504406       0.011714673   
7.5020941      0.0087784251  
7.4983482      0.0084923229  
12.993187      0.01158733    

Stress
20.2503      0.0129708    0.00130976    0.135346     0.0612934    0.0701405   
0.0129708    20.2636      -0.00953501   0.0612934    0.130505     0.0686422   
0.00130976   -0.00953501  20.2903       0.0701405    0.0686422    0.126571    

Stress Spherical
0            0            0             0            0            0           
0            0            0             0            0            0           
0            0            0             0            0            0           

Inertia
149.995      -56.2822     -56.2473      0.222736     0.126173     0.135054    
-56.2822     150.027      -56.2594      0.126173     0.206197     0.152725    
-56.2473     -56.2594     150.076       0.135054     0.152725     0.178366    

Bond Length
0.61826802    0.0012543557

BB bond length
0.61826802    0.0012543557

Water EE distance
0             0           

PEG EE distance
7.2494063     0.20789829  

BBB P2(x)
0.5140277     0.013432609 

BBB first bond length
0.61832398    0.0011975292

BBB second bond length
0.6182138     0.0014110655

BBB <phi**2>/<phi>**2
1.2250549     0.0051295729

Time = 9000
Temperature
1.0107358     0.0083828722

Pressure
23.283636     0.097715958 

CM Mom
-4.2907071e-18 2.5370739e-17 
-6.3909393e-17 8.3595878e-18 
-9.3230436e-17 9.543392e-18  
1.1639911e-16  7.1144007e-18 

CM Pos
7.5002566      0.015286785   
7.5000194      0.013189093   
7.4956808      0.012630276   
12.988066      0.0088613336  

Stress
20.2303      -0.00985504  -0.0321642    0.101236     0.0449645    0.0499496   
-0.00985504  20.2524      0.0576021     0.0449645    0.124703     0.0551385   
-0.0321642   0.0576021    20.2744       0.0499496    0.0551385    0.101699    

Stress Spherical
0            0            0             0            0            0           
0            0            0             0            0            0           
0            0            0             0            0            0           

Inertia
149.949      -56.268      -56.2035      0.32458      0.154484     0.170599    
-56.268      149.944      -56.2288      0.154484     0.215693     0.127932    
-56.2035     -56.2288     150.017       0.170599     0.127932     0.244396    

Bond Length
0.61869143    0.0014281197

BB bond length
0.61869143    0.0014281197

Water EE distance
0             0           

PEG EE distance
7.4242313     0.15046406  

BBB P2(x)
0.51954646    0.0051158847

BBB first bond length
0.61877133    0.0015045389

BBB second bond length
0.61859525    0.0014080623

BBB <phi**2>/<phi>**2
1.2233829     0.0073110908

Time = 10000
Temperature
1.0083576     0.0094948759

Pressure
23.194257     0.057602162 

CM Mom
2.6286082e-17  3.1297964e-17 
-8.3466626e-17 1.4815415e-17 
-9.1554736e-17 1.7287488e-17 
1.3074668e-16  2.105061e-17  

CM Pos
7.5008494      0.017257218   
7.4939435      0.0096085152  
7.4913832      0.015697869   
12.982424      0.0080023814  

Stress
20.1434      -0.0192772   -0.0329654    0.07868      0.0535998    0.0477834   
-0.0192772   20.1396      0.0117185     0.0535998    0.127922     0.0701023   
-0.0329654   0.0117185    20.2272       0.0477834    0.0701023    0.0623028   

Stress Spherical
0            0            0             0            0            0           
0            0            0             0            0            0           
0            0            0             0            0            0           

Inertia
149.77       -56.2369     -56.1751      0.233132     0.147314     0.145179    
-56.2369     149.874      -56.1718      0.147314     0.23056      0.16594     
-56.1751     -56.1718     149.912       0.145179     0.16594      0.254749    

Bond Length
0.61902915    0.0028076475

BB bond length
0.61902915    0.0028076475

Water EE distance
0             0           

PEG EE distance
7.2155889     0.13689862  

BBB P2(x)
0.51136628    0.012688667 

BBB first bond length
0.61861621    0.0028197911

BBB second bond length
0.61925081    0.0029514641

BBB <phi**2>/<phi>**2
1.2260413     0.009069874 

Time = 11000
Temperature
1.0120759     0.0095891719

Pressure
23.309594     0.04972822  

CM Mom
4.750174e-17   2.2912427e-17 
-5.1144762e-17 2.4468917e-17 
-8.7379334e-17 2.0077044e-17 
1.167886e-16   1.9863754e-17 

CM Pos
7.4919579      0.018174534   
7.5010568      0.0080406994  
7.502053       0.01466203    
12.987556      0.0098714888  

Stress
20.2333      -0.0183954   -0.0200042    0.101545     0.0543589    0.0782093   
-0.0183954   20.3359      0.0362732     0.0543589    0.0648292    0.0668595   
-0.0200042   0.0362732    20.2536       0.0782093    0.0668595    0.142303    

Stress Spherical
0            0            0             0            0            0           
0            0            0             0            0            0           
0            0            0             0            0            0           

Inertia
150.038      -56.2323     -56.1963      0.24734      0.154527     0.20564     
-56.2323     149.921      -56.2672      0.154527     0.360845     0.1413      
-56.1963     -56.2672     149.887       0.20564      0.1413       0.179708    

Bond Length
0.61824386    0.002175121 

BB bond length
0.61824386    0.002175121 

Water EE distance
0             0           

PEG EE distance
6.8248851     0.13505608  

BBB P2(x)
0.50615585    0.0056664964

BBB first bond length
0.61850926    0.0019502683

BBB second bond length
0.61828129    0.0024155788

BBB <phi**2>/<phi>**2
1.2237075     0.0078644376

Time = 12000
Temperature
1.0122452     0.008311743 

Pressure
23.273561     0.072815185 

CM Mom
3.5318298e-17  1.905507e-17  
-4.6242566e-17 1.2717194e-17 
-7.9259965e-17 1.71504e-17   
1.0157404e-16  1.3021979e-17 

CM Pos
7.4972928      0.0099862096  
7.493499       0.017039509   
7.5016085      0.01101417    
12.986012      0.0082182449  

Stress
20.2185      -0.0354441   -0.0571798    0.10663      0.0750522    0.0764077   
-0.0354441   20.2422      0.00993509    0.0750522    0.156843     0.0708928   
-0.0571798   0.00993509   20.2525       0.0764077    0.0708928    0.126233    

Stress Spherical
0            0            0             0            0            0           
0            0            0             0            0            0           
0            0            0             0            0            0           

Inertia
149.899      -56.174      -56.2674      0.243525     0.121032     0.122285    
-56.174      149.969      -56.2594      0.121032     0.192493     0.135646    
-56.2674     -56.2594     149.862       0.122285     0.135646     0.220448    

Bond Length
0.61792796    0.0026219637

BB bond length
0.61792796    0.0026219637

Water EE distance
0             0           

PEG EE distance
7.1270848     0.10067497  

BBB P2(x)
0.51118005    0.010096666 

BBB first bond length
0.61788706    0.0025805724

BBB second bond length
0.61761973    0.0027337993

BBB <phi**2>/<phi>**2
1.2261872     0.0063526628

Time = 13000
Temperature
1.0111263     0.0098718138

Pressure
23.274105     0.073752183 

CM Mom
1.2839079e-17  1.3893403e-17 
-6.0056463e-17 1.1253684e-17 
-9.1009743e-17 3.8370364e-17 
1.1517323e-16  2.4113867e-17 

CM Pos
7.504406       0.012477208   
7.5000194      0.012417221   
7.4907904      0.013807333   
12.987632      0.016197259   

Stress
20.2447      -0.00111074  -0.0369986    0.0939716    0.0596991    0.0763603   
-0.00111074  20.2836      -0.034439     0.0596991    0.0937617    0.0519734   
-0.0369986   -0.034439    20.1965       0.0763603    0.0519734    0.106796    

Stress Spherical
0            0            0             0            0            0           
0            0            0             0            0            0           
0            0            0             0            0            0           

Inertia
149.837      -56.3222     -56.2134      0.369358     0.159598     0.155573    
-56.3222     149.917      -56.1521      0.159598     0.368277     0.186513    
-56.2134     -56.1521     150.065       0.155573     0.186513     0.273376    

Bond Length
0.61798219    0.0020511711

BB bond length
0.61798219    0.0020511711

Water EE distance
0             0           

PEG EE distance
6.9242238     0.13848922  

BBB P2(x)
0.50212975    0.017912272 

BBB first bond length
0.6180044     0.0021861324

BBB second bond length
0.61798554    0.0019861662

BBB <phi**2>/<phi>**2
1.2247586     0.00765236  

Time = 14000
Temperature
1.0052883     0.0063486216

Pressure
23.247035     0.081110992 

CM Mom
-3.377655e-18  3.0380007e-17 
-8.8644952e-17 2.1206003e-17 
-8.3788549e-17 2.6061965e-17 
1.2824401e-16  2.2253003e-17 

CM Pos
7.5007012      0.014155251   
7.5028351      0.015173593   
7.5045723      0.014896066   
12.995082      0.012213284   

Stress
20.1793      -0.0171219   -0.00119039   0.080333     0.0663829    0.0971757   
-0.0171219   20.2891      0.0172693     0.0663829    0.123839     0.0780035   
-0.00119039  0.0172693    20.2278       0.0971757    0.0780035    0.11307     

Stress Spherical
0            0            0             0            0            0           
0            0            0             0            0            0           
0            0            0             0            0            0           

Inertia
150.094      -56.2957     -56.3012      0.29545      0.102477     0.156027    
-56.2957     150.064      -56.293       0.102477     0.313986     0.145852    
-56.3012     -56.293      150.056       0.156027     0.145852     0.223058    

Bond Length
0.61853394    0.0017529668

BB bond length
0.61853394    0.0017529668

Water EE distance
0             0           

PEG EE distance
7.185077      0.16342742  

BBB P2(x)
0.50941477    0.010834078 

BBB first bond length
0.61830655    0.0017832792

BBB second bond length
0.61846787    0.0017457429

BBB <phi**2>/<phi>**2
1.2201924     0.011347481 

Time = 15000
Temperature
1.0079215     0.0059073826

Pressure
23.243712     0.055442562 

CM Mom
2.3040528e-17  1.231632e-17  
-1.1877258e-16 1.1629733e-17 
-9.4075004e-17 1.5958028e-17 
1.5417061e-16  1.6153111e-17 

CM Pos
7.502035       0.013275395   
7.5026869      0.013225674   
7.5085735      0.0096734345  
12.99807       0.011915603   

Stress
20.2432      -0.016144    -0.0234238    0.0737795    0.0595605    0.0393823   
-0.016144    20.2273      0.0124191     0.0595605    0.101949     0.0752993   
-0.0234238   0.0124191    20.1921       0.0393823    0.0752993    0.0995841   

Stress Spherical
0            0            0             0            0            0           
0            0            0             0            0            0           
0            0            0             0            0            0           

Inertia
150.145      -56.291      -56.3309      0.216077     0.115118     0.119652    
-56.291      150.167      -56.3269      0.115118     0.228695     0.132405    
-56.3309     -56.3269     150.07        0.119652     0.132405     0.308044    

Bond Length
0.61709259    0.0020742534

BB bond length
0.61709259    0.0020742534

Water EE distance
0             0           

PEG EE distance
7.2992761     0.19140365  

BBB P2(x)
0.51229186    0.011489517 

BBB first bond length
0.61714056    0.002093974 

BBB second bond length
0.61690006    0.0020555377

BBB <phi**2>/<phi>**2
1.224166      0.0091458227

Time = 16000
Temperature
1.0097824     0.0061555621

Pressure
23.193581     0.096236671 

CM Mom
3.1418067e-17  1.0924632e-17 
-1.31791e-16   1.5527547e-17 
-8.7118834e-17 2.5306393e-17 
1.6303102e-16  1.9167845e-17 

CM Pos
7.4950699      0.00903364    
7.5062435      0.0063722584  
7.5005711      0.0093830267  
12.991477      0.0087688179  

Stress
20.194       0.0395831    -0.0101585    0.105734     0.0652524    0.0742754   
0.0395831    20.1544      0.0797701     0.0652524    0.109111     0.0601447   
-0.0101585   0.0797701    20.147        0.0742754    0.0601447    0.131154    

Stress Spherical
0            0            0             0            0            0           
0            0            0             0            0            0           
0            0            0             0            0            0           

Inertia
150.074      -56.2403     -56.2301      0.168955     0.0994994    0.144486    
-56.2403     149.924      -56.3019      0.0994994    0.160924     0.136547    
-56.2301     -56.3019     150.017       0.144486     0.136547     0.151873    

Bond Length
0.61786217    0.0027532154

BB bond length
0.61786217    0.0027532154

Water EE distance
0             0           

PEG EE distance
7.2975137     0.058580913 

BBB P2(x)
0.50749103    0.011598414 

BBB first bond length
0.61786402    0.0026817133

BBB second bond length
0.61814546    0.002937658 

BBB <phi**2>/<phi>**2
1.2240864     0.0072954119

Time = 17000
Temperature
1.0079861     0.0064027498

Pressure
23.278123     0.074678614 

CM Mom
4.0488809e-17  2.6595408e-17 
-1.257134e-16  1.6861262e-17 
-9.5401771e-17 2.2068703e-17 
1.6585741e-16  2.2686231e-17 

CM Pos
7.4919579      0.015272412   
7.4975002      0.006527183   
7.5014603      0.01332493    
12.985151      0.012180449   

Stress
20.2383      -0.00610769  -0.0383166    0.10986      0.0588004    0.067385    
-0.00610769  20.2457      0.0568695     0.0588004    0.0808076    0.040832    
-0.0383166   0.0568695    20.2813       0.067385     0.040832     0.10654     

Stress Spherical
0            0            0             0            0            0           
0            0            0             0            0            0           
0            0            0             0            0            0           

Inertia
149.969      -56.1569     -56.1952      0.205457     0.141787     0.195714    
-56.1569     149.924      -56.2324      0.141787     0.342363     0.116419    
-56.1952     -56.2324     149.845       0.195714     0.116419     0.261738    

Bond Length
0.61878543    0.0025206558

BB bond length
0.61878543    0.0025206558

Water EE distance
0             0           

PEG EE distance
7.2930529     0.17709876  

BBB P2(x)
0.5040269     0.010746305 

BBB first bond length
0.61868312    0.002840664 

BBB second bond length
0.61874201    0.0026237309

BBB <phi**2>/<phi>**2
1.2245328     0.006809868 

Time = 18000
Temperature
1.008663      0.007194631 

Pressure
23.246156     0.078099926 

CM Mom
6.5690664e-17  1.9258828e-17 
-1.1402162e-16 3.056919e-17  
-1.0443851e-16 2.7001166e-17 
1.7151549e-16  2.8990905e-17 

CM Pos
7.492847       0.0088927583  
7.5029833      0.010890856   
7.5087217      0.012384459   
12.993026      0.0069521593  

Stress
20.2926      0.0589739    0.0337292     0.11188      0.0904501    0.0931495   
0.0589739    20.1921      0.0489693     0.0904501    0.10041      0.067191    
0.0337292    0.0489693    20.1785       0.0931495    0.067191     0.102166    

Stress Spherical
0            0            0             0            0            0           
0            0            0             0            0            0           
0            0            0             0            0            0           

Inertia
150.182      -56.2329     -56.2599      0.214082     0.0808083    0.158697    
-56.2329     150.054      -56.3089      0.0808083    0.223762     0.194739    
-56.2599     -56.3089     149.936       0.158697     0.194739     0.110769    

Bond Length
0.61828609    0.0023023566

BB bond length
0.61828609    0.0023023566

Water EE distance
0             0           

PEG EE distance
7.2353733     0.086813304 

BBB P2(x)
0.50540298    0.010658041 

BBB first bond length
0.61824267    0.0024926727

BBB second bond length
0.61846292    0.0022358344

BBB <phi**2>/<phi>**2
1.2219274     0.0076783215

Time = 19000
Temperature
1.0143783     0.0097607318

Pressure
23.275905     0.10221539  

CM Mom
9.6152284e-17  4.7056009e-17 
-1.0691491e-16 1.6520759e-17 
-1.0038774e-16 8.6268257e-18 
1.805687e-16   2.6651955e-17 

CM Pos
7.5024795      0.014562085   
7.4954255      0.01878243    
7.5024976      0.0084300312  
12.990635      0.01102872    

Stress
20.3118      0.00245555   -0.063543     0.0886038    0.0879867    0.0689462   
0.00245555   20.176       0.0344713     0.0879867    0.127824     0.0571502   
-0.063543    0.0344713    20.2132       0.0689462    0.0571502    0.148322    

Stress Spherical
0            0            0             0            0            0           
0            0            0             0            0            0           
0            0            0             0            0            0           

Inertia
149.946      -56.2096     -56.3211      0.334905     0.165653     0.151819    
-56.2096     150.069      -56.2474      0.165653     0.216512     0.174152    
-56.3211     -56.2474     149.962       0.151819     0.174152     0.302215    

Bond Length
0.6191179     0.0026180171

BB bond length
0.6191179     0.0026180171

Water EE distance
0             0           

PEG EE distance
6.9905037     0.15914379  

BBB P2(x)
0.51112319    0.010861841 

BBB first bond length
0.61922373    0.0026098559

BBB second bond length
0.61895687    0.0028122388

BBB <phi**2>/<phi>**2
1.2219897     0.0084753998

Time = 20000
Temperature
1.0100198     0.0075785079

Pressure
23.267395     0.10720761  

CM Mom
7.1638287e-17  1.7504288e-17 
-1.1309581e-16 2.3912189e-17 
-1.2184429e-16 2.1500079e-17 
1.8401959e-16  1.5683542e-17 

CM Pos
7.4965518      0.01166489    
7.4983893      0.013665847   
7.5053133      0.012335598   
12.990543      0.011235853   

Stress
20.2633      0.0120192    0.0288383     0.13755      0.0631322    0.0858121   
0.0120192    20.2523      -0.0242113    0.0631322    0.137532     0.082563    
0.0288383    -0.0242113   20.1991       0.0858121    0.082563     0.135624    

Stress Spherical
0            0            0             0            0            0           
0            0            0             0            0            0           
0            0            0             0            0            0           

Inertia
150.051      -56.2128     -56.2716      0.198736     0.207001     0.134484    
-56.2128     150.019      -56.2757      0.207001     0.281374     0.0952874   
-56.2716     -56.2757     149.909       0.134484     0.0952874    0.287968    

Bond Length
0.61859021    0.0024104303

BB bond length
0.61859021    0.0024104303

Water EE distance
0             0           

PEG EE distance
7.0561009     0.094785014 

BBB P2(x)
0.51114678    0.0084061899

BBB first bond length
0.61861781    0.0022669738

BBB second bond length
0.61843435    0.0024102377

BBB <phi**2>/<phi>**2
1.2283907     0.0077129004

Time = 21000
Temperature
1.0106403     0.0085007054

Pressure
23.264275     0.083869399 

CM Mom
7.9887358e-17  1.5705376e-17 
-1.0615575e-16 1.4230397e-17 
-1.3838658e-16 1.2161424e-17 
1.9297321e-16  1.2660351e-17 

CM Pos
7.4971446      0.012658066   
7.4988339      0.0084469472  
7.4974591      0.017113456   
12.986606      0.012979636   

Stress
20.2803      -0.0254536   -0.00586408   0.107131     0.0901778    0.0676971   
-0.0254536   20.224       0.0146515     0.0901778    0.0985261    0.0733578   
-0.00586408  0.0146515    20.1955       0.0676971    0.0733578    0.1048      

Stress Spherical
0            0            0             0            0            0           
0            0            0             0            0            0           
0            0            0             0            0            0           

Inertia
149.909      -56.2161     -56.2081      0.345694     0.113631     0.147215    
-56.2161     149.924      -56.2003      0.113631     0.230568     0.195267    
-56.2081     -56.2003     149.927       0.147215     0.195267     0.234846    

Bond Length
0.61894154    0.0015171396

BB bond length
0.61894154    0.0015171396

Water EE distance
0             0           

PEG EE distance
7.0553918     0.19009219  

BBB P2(x)
0.51462009    0.0087113376

BBB first bond length
0.61893227    0.0018429668

BBB second bond length
0.6192588     0.0014151386

BBB <phi**2>/<phi>**2
1.2259188     0.0065283684

Time = 22000
Temperature
1.0086881     0.0047136544

Pressure
23.279162     0.074686332 

CM Mom
7.9947136e-17  2.2989936e-17 
-1.0278118e-16 2.2061444e-17 
-1.3605826e-16 1.9899078e-17 
1.9063312e-16  2.318613e-17  

CM Pos
7.4989229      0.0095166534  
7.5040206      0.01739853    
7.4939025      0.011113416   
12.988574      0.014286912   

Stress
20.2481      -0.00787797  0.0255642     0.0850839    0.0658775    0.0485794   
-0.00787797  20.2396      0.031034      0.0658775    0.0709837    0.0855114   
0.0255642    0.031034     20.2743       0.0485794    0.0855114    0.131669    

Stress Spherical
0            0            0             0            0            0           
0            0            0             0            0            0           
0            0            0             0            0            0           

Inertia
149.988      -56.3113     -56.2098      0.373133     0.143611     0.101194    
-56.3113     149.913      -56.2226      0.143611     0.243057     0.205856    
-56.2098     -56.2226     150.068       0.101194     0.205856     0.258069    

Bond Length
0.61777608    0.0020054785

BB bond length
0.61777608    0.0020054785

Water EE distance
0             0           

PEG EE distance
6.6814761     0.14461533  

BBB P2(x)
0.51659125    0.0096454828

BBB first bond length
0.61781857    0.0020955239

BBB second bond length
0.6177807     0.0021874237

BBB <phi**2>/<phi>**2
1.227231      0.012516203 

Time = 23000
Temperature
1.0061291     0.0066195536

Pressure
23.217141     0.079570891 

CM Mom
7.6891335e-17  1.2294758e-17 
-6.201789e-17  1.6813174e-17 
-1.0393342e-16 1.3189213e-17 
1.450918e-16   1.0808348e-17 

CM Pos
7.5042578      0.012363162   
7.5034278      0.020340676   
7.5056097      0.015947696   
12.998072      0.020632358   

Stress
20.1829      -0.00193829  -0.0278695    0.138983     0.0777713    0.0506944   
-0.00193829  20.2282      0.0114657     0.0777713    0.136793     0.0576614   
-0.0278695   0.0114657    20.1879       0.0506944    0.0576614    0.0640122   

Stress Spherical
0            0            0             0            0            0           
0            0            0             0            0            0           
0            0            0             0            0            0           

Inertia
150.117      -56.2612     -56.3168      0.455643     0.210333     0.182285    
-56.2612     150.15       -56.3231      0.210333     0.380847     0.231838    
-56.3168     -56.3231     150.122       0.182285     0.231838     0.376824    

Bond Length
0.61827082    0.0023580918

BB bond length
0.61827082    0.0023580918

Water EE distance
0             0           

PEG EE distance
7.0234594     0.10368426  

BBB P2(x)
0.51333437    0.0074155616

BBB first bond length
0.6183899     0.0022696813

BBB second bond length
0.61839098    0.0024820646

BBB <phi**2>/<phi>**2
1.227617      0.0067332981

Time = 24000
Temperature
1.0128417     0.0073240851

Pressure
23.246753     0.062498906 

CM Mom
4.9037592e-17  2.8191333e-17 
-6.7036214e-17 8.8485489e-18 
-1.0799858e-16 1.6365935e-17 
1.3963265e-16  1.4347451e-17 

CM Pos
7.4987747      0.013485477   
7.5050579      0.013717975   
7.4946434      0.010298015   
12.989517      0.010879416   

Stress
20.2114      -0.000785088 5.13986e-05   0.0714025    0.082171     0.0564846   
-0.000785088 20.1937      0.022256      0.082171     0.120983     0.0414914   
5.13986e-05  0.022256     20.2222       0.0564846    0.0414914    0.108768    

Stress Spherical
0            0            0             0            0            0           
0            0            0             0            0            0           
0            0            0             0            0            0           

Inertia
149.995      -56.2966     -56.2176      0.2243       0.112725     0.192745    
-56.2966     149.896      -56.2261      0.112725     0.313397     0.117202    
-56.2176     -56.2261     150.056       0.192745     0.117202     0.178803    

Bond Length
0.62008235    0.0019170109

BB bond length
0.62008235    0.0019170109

Water EE distance
0             0           

PEG EE distance
7.0997331     0.15632627  

BBB P2(x)
0.51571688    0.0099556764

BBB first bond length
0.62014301    0.0017515759

BBB second bond length
0.62003441    0.0020773098

BBB <phi**2>/<phi>**2
1.2237989     0.0061735306

Time = 25000
Temperature
1.0092032     0.0071123363

Pressure
23.271013     0.082643744 

CM Mom
4.4673808e-17  1.4425871e-17 
-6.2456352e-17 3.3083249e-17 
-1.1716681e-16 1.4646101e-17 
1.4455608e-16  1.5660789e-17 

CM Pos
7.505147       0.007705987   
7.5020941      0.016049275   
7.4964217      0.0093360996  
12.992505      0.014513536   

Stress
20.2195      0.00328978   -0.0100599    0.115071     0.0600005    0.0752274   
0.00328978   20.274       0.0136487     0.0600005    0.158649     0.0573975   
-0.0100599   0.0136487    20.2394       0.0752274    0.0573975    0.0968924   

Stress Spherical
0            0            0             0            0            0           
0            0            0             0            0            0           
0            0            0             0            0            0           

Inertia
149.963      -56.2853     -56.2701      0.338591     0.149577     0.132535    
-56.2853     150.023      -56.2415      0.149577     0.194699     0.180368    
-56.2701     -56.2415     150.11        0.132535     0.180368     0.250798    

Bond Length
0.61744444    0.0018676177

BB bond length
0.61744444    0.0018676177

Water EE distance
0             0           

PEG EE distance
7.255899      0.15267164  

BBB P2(x)
0.51321525    0.0056381331

BBB first bond length
0.61736357    0.0017229424

BBB second bond length
0.61727725    0.0021203973

BBB <phi**2>/<phi>**2
1.2262061     0.0089320482

Time = 26000
Temperature
1.0124929     0.007645824 

Pressure
23.250805     0.11555838  

CM Mom
7.0035527e-17  2.4888362e-17 
-7.9013175e-17 2.3313712e-17 
-1.3700593e-16 1.3856894e-17 
1.7618583e-16  1.5238437e-17 

CM Pos
7.4975892      0.009401732   
7.5069844      0.018248695   
7.4987928      0.0081989189  
12.992337      0.015001677   

Stress
20.253       -0.0341822   0.0221404     0.128519     0.071238     0.087933    
-0.0341822   20.1939      0.0265209     0.071238     0.141916     0.0864919   
0.0221404    0.0265209    20.1957       0.087933     0.0864919    0.133998    

Stress Spherical
0            0            0             0            0            0           
0            0            0             0            0            0           
0            0            0             0            0            0           

Inertia
150.071      -56.276      -56.2591      0.288839     0.206736     0.137195    
-56.276      149.941      -56.3         0.206736     0.233407     0.166323    
-56.2591     -56.3        150.059       0.137195     0.166323     0.393278    

Bond Length
0.61892927    0.0017284819

BB bond length
0.61892927    0.0017284819

Water EE distance
0             0           

PEG EE distance
6.950119      0.11008903  

BBB P2(x)
0.50596563    0.011199109 

BBB first bond length
0.61901393    0.00178117  

BBB second bond length
0.61875508    0.0016988621

BBB <phi**2>/<phi>**2
1.2207024     0.0068495174

Time = 27000
Temperature
1.0097394     0.0088874147

Pressure
23.242278     0.077882705 

CM Mom
7.1832702e-17  1.4930255e-17 
-5.7923106e-17 1.7138178e-17 
-1.2303985e-16 1.8078464e-17 
1.5581649e-16  1.4782013e-17 

CM Pos
7.4968482      0.011129214   
7.4967592      0.017170466   
7.5109446      0.017985046   
12.993033      0.016354015   

Stress
20.1922      -0.0131778   -0.0133728    0.13092      0.0789794    0.0585805   
-0.0131778   20.2328      -0.0111057    0.0789794    0.0829363    0.0735807   
-0.0133728   -0.0111057   20.2168       0.0585805    0.0735807    0.123094    

Stress Spherical
0            0            0             0            0            0           
0            0            0             0            0            0           
0            0            0             0            0            0           

Inertia
150.103      -56.1939     -56.2996      0.370513     0.222817     0.132798    
-56.1939     150.105      -56.3122      0.222817     0.280602     0.23756     
-56.2996     -56.3122     149.875       0.132798     0.23756      0.377764    

Bond Length
0.62003075    0.0012119019

BB bond length
0.62003075    0.0012119019

Water EE distance
0             0           

PEG EE distance
6.8754089     0.12344848  

BBB P2(x)
0.50993835    0.0098691709

BBB first bond length
0.6201576     0.0011560436

BBB second bond length
0.62012513    0.0011429889

BBB <phi**2>/<phi>**2
1.2234925     0.0073058738

Time = 28000
Temperature
1.0122476     0.0056209133

Pressure
23.272066     0.12038481  

CM Mom
8.6144565e-17  1.3792841e-17 
-3.407777e-17  6.2051739e-18 
-1.232806e-16  2.6330749e-17 
1.5555973e-16  2.2439113e-17 

CM Pos
7.4931434      0.015560166   
7.5013531      0.010690391   
7.5051651      0.015905641   
12.990207      0.011991792   

Stress
20.203       -0.00566629  -0.0230105    0.174476     0.103644     0.0894768   
-0.00566629  20.2552      0.0013841     0.103644     0.10837      0.0652647   
-0.0230105   0.0013841    20.2505       0.0894768    0.0652647    0.111043    

Stress Spherical
0            0            0             0            0            0           
