Time = 1000
Temperature
   1.1596532    0.24083552

Pressure
   23.813208     1.0713201

CM Mom
-2.5904151e-17 1.6166893e-17 
8.8171265e-17  2.0167972e-17 
-3.7750604e-17 2.8770019e-16 
2.5032248e-16  1.7506705e-16 

CM Pos
7.497638       0.012486734   
7.4931004      0.020987005   
7.4996159      0.016620131   
12.984841      0.011997462   

Stress
20.3533      -0.00117159  0.023077      0.384256     0.0680787    0.0893037   
-0.00117159  20.349       0.000502666   0.0680787    0.345044     0.0707876   
0.023077     0.000502666  20.3211       0.0893037    0.0707876    0.392981    

Stress Spherical
0            0            0             0            0            0           
0            0            0             0            0            0           
0            0            0             0            0            0           

Inertia
150.087      -56.2113     -56.2317      1.29321      0.148291     0.198181    
-56.2113     150.088      -56.2025      0.148291     1.30775      0.124039    
-56.2317     -56.2025     149.978       0.198181     0.124039     1.2953      

Bond Length
0.62211729    0.011065063 

BB bond length
0.62211729    0.011065063 

Water EE distance
0             0           

PEG EE distance
7.4461326     0.10967519  

BBB P2(x)
0.47954756    0.066052532 

BBB first bond length
0.62224312    0.011299948 

BBB second bond length
0.62224092    0.011107652 

BBB <phi**2>/<phi>**2
1.2225053     0.019009903 

Time = 2000
Temperature
1.0127577     0.0061260183

Pressure
23.125528     0.057865094 

CM Mom
-1.6912361e-17 1.2185349e-17 
1.0825224e-16  1.1477542e-17 
3.8008658e-17  3.6438429e-17 
1.2125708e-16  1.8813039e-17 

CM Pos
7.4964505      0.017412621   
7.4987411      0.011352611   
7.5009519      0.018047076   
12.988174      0.015929349   

Stress
20.0803      0.0425525    0.0434041     0.0974374    0.0664496    0.0461352   
0.0425525    20.0946      -0.010446     0.0664496    0.141894     0.0702518   
0.0434041    -0.010446    20.1049       0.0461352    0.0702518    0.0924734   

Stress Spherical
0            0            0             0            0            0           
0            0            0             0            0            0           
0            0            0             0            0            0           

Inertia
149.88       -56.1782     -56.2315      0.264272     0.186577     0.190154    
-56.1782     149.818      -56.3024      0.186577     0.239973     0.231476    
-56.2315     -56.3024     149.774       0.190154     0.231476     0.276009    

Bond Length
0.61823596    0.0020681055

BB bond length
0.61823596    0.0020681055

Water EE distance
0             0           

PEG EE distance
7.2022459     0.16613857  

BBB P2(x)
0.51963957    0.012316402 

BBB first bond length
0.61812609    0.0020695997

BBB second bond length
0.6184753     0.002124893 

BBB <phi**2>/<phi>**2
1.2255252     0.0048656003

