Time = 500
Temperature
   1.0313941   0.039542619

Pressure
   22.975508    0.15692108

CM Mom
-2.0313645e-19 1.7409409e-17 
4.1955911e-17  1.6482327e-17 
-1.4750726e-17 1.8636745e-17 
5.1700403e-17  1.5069005e-17 

CM Pos
7.493166       0.022310281   
7.4897335      0.016294567   
7.4930367      0.017417458   
12.976521      0.014784801   

Stress
19.9099      -0.00569142  0.0323482     0.0970109    0.0805385    0.0827502   
-0.00569142  19.9025      -0.0177928    0.0805385    0.0842136    0.0668151   
0.0323482    -0.0177928   19.8445       0.0827502    0.0668151    0.104871    

Stress Spherical
0            0            0             0            0            0           
0            0            0             0            0            0           
0            0            0             0            0            0           

Inertia
149.335      -56.092      -56.1803      0.188957     0.308732     0.176383    
-56.092      149.365      -56.1138      0.308732     0.29918      0.0807306   
-56.1803     -56.1138     149.368       0.176383     0.0807306    0.457346    

Bond Length
0.61328637    0.0032408155

BB bond length
0.61328637    0.0032408155

Water EE distance
0             0           

PEG EE distance
3.69374       0.19816992  

Time = 1000
Temperature
1.0069197     0.0058210815

Pressure
22.862261     0.048786529 

CM Mom
-8.1605949e-18 1.0522267e-17 
4.5500779e-17  1.2986715e-17 
-1.0757447e-17 4.9056921e-17 
6.7911286e-17  1.8073475e-17 

CM Pos
7.481001       0.005438721   
7.4900302      0.012706525   
7.5075753      0.0075993958  
12.978048      0.011451031   

Stress
19.8222      0.0465709    0.0543346     0.0714128    0.0498522    0.0917669   
0.0465709    19.8643      0.0160473     0.0498522    0.0609483    0.0527699   
0.0543346    0.0160473    19.8505       0.0917669    0.0527699    0.112266    

Stress Spherical
0            0            0             0            0            0           
0            0            0             0            0            0           
0            0            0             0            0            0           

Inertia
149.606      -55.9983     -56.0486      0.237205     0.182086     0.106682    
-55.9983     149.529      -56.2325      0.182086     0.160384     0.0702287   
-56.0486     -56.2325     149.293       0.106682     0.0702287    0.296756    

Bond Length
0.61543112    0.0051653417

BB bond length
0.61543112    0.0051653417

Water EE distance
0             0           

PEG EE distance
3.9311643     0.13622769  

