Time = 500
Temperature
   1.0370869   0.035050457

Pressure
   23.489007    0.11648823

CM Mom
-4.7625322e-17 3.9880635e-17 
3.8732791e-17  1.0999284e-17 
3.9053005e-17  3.1261996e-17 
8.7715037e-17  1.6981505e-17 

CM Pos
7.5079071      0.018538711   
7.5106448      0.010992041   
7.4896566      0.012374919   
12.995148      0.012178934   

Stress
20.3654      -0.072146    0.0449726     0.0541213    0.0477733    0.0621038   
-0.072146    20.4037      -0.0104995    0.0477733    0.0941049    0.0500137   
0.0449726    -0.0104995   20.3651       0.0621038    0.0500137    0.121965    

Stress Spherical
0            0            0             0            0            0           
0            0            0             0            0            0           
0            0            0             0            0            0           

Inertia
149.899      -56.3601     -56.2519      0.158618     0.109642     0.214511    
-56.3601     149.847      -56.2379      0.109642     0.493025     0.10638     
-56.2519     -56.2379     150.147       0.214511     0.10638      0.46454     

Bond Length
0.61548413    0.013657254 

BB bond length
0.61548413    0.013657254 

Water EE distance
0             0           

PEG EE distance
3.79559       0.3106791   

Time = 1000
Temperature
1.0085987     0.0078594899

Pressure
23.363666     0.057402016 

CM Mom
-1.0301913e-16 2.4458927e-17 
2.8925949e-17  2.5343086e-17 
4.6323628e-17  1.7895319e-17 
1.2104281e-16  2.2470479e-17 

CM Pos
7.510574       0.008039111   
7.5005697      0.012558052   
7.5006206      0.0073546071  
12.997182      0.01039813    

Stress
20.3662      -0.0145954   0.0116065     0.0730841    0.068321     0.10758     
-0.0145954   20.3564      0.019844      0.068321     0.0993582    0.0560506   
0.0116065    0.019844     20.2919       0.10758      0.0560506    0.0887902   

Stress Spherical
0            0            0             0            0            0           
0            0            0             0            0            0           
0            0            0             0            0            0           

Inertia
149.904      -56.3571     -56.3131      0.127797     0.154103     0.0642565   
-56.3571     150.036      -56.2963      0.154103     0.107562     0.0668601   
-56.3131     -56.2963     150.005       0.0642565    0.0668601    0.266664    

Bond Length
0.6116013     0.0033665962

BB bond length
0.6116013     0.0033665962

Water EE distance
0             0           

PEG EE distance
3.6838683     0.35325636  

