Time = 1000
Temperature
   1.0314217   0.035738011

Pressure
     23.6206    0.13760077

CM Mom
-1.3181512e-16 2.1800972e-17 
1.210549e-17   1.6951158e-17 
5.9482502e-18  3.9896667e-17 
1.3936762e-16  2.2094912e-17 

CM Pos
7.4971235      0.02413597    
7.4954196      0.035410945   
7.4968968      0.013369532   
12.984334      0.027049883   

Stress
20.5084      0.0216005    -0.0101611    0.130398     0.0798667    0.0687366   
0.0216005    20.508       0.00541032    0.0798667    0.101452     0.0575413   
-0.0101611   0.00541032   20.5672       0.0687366    0.0575413    0.076748    

Stress Spherical
0            0            0             0            0            0           
0            0            0             0            0            0           
0            0            0             0            0            0           

Inertia
149.844      -56.2194     -56.2188      0.615199     0.371949     0.109862    
-56.2194     149.879      -56.1628      0.371949     0.539261     0.278585    
-56.2188     -56.1628     149.845       0.109862     0.278585     0.923677    

Bond Length
0.57027336    0.0068052206

BB bond length
0.57027336    0.0068052206

Water EE distance
0             0           

PEG EE distance
2.2271458     0.14976749  

Time = 2000
Temperature
1.0117384     0.0087662538

Pressure
23.560188     0.055077797 

CM Mom
-1.1737427e-16 2.1071962e-17 
4.7920468e-17  3.1310486e-17 
1.0124203e-17  2.8001489e-17 
1.3337288e-16  2.4407414e-17 

CM Pos
7.4922322      0.022255424   
7.4986805      0.018888774   
7.4989719      0.022359326   
12.98458       0.019069684   

Stress
20.5147      -0.0417209   -0.0419524    0.0718582    0.0567273    0.0905086   
-0.0417209   20.6011      -0.0134807    0.0567273    0.0972283    0.0821333   
-0.0419524   -0.0134807   20.4636       0.0905086    0.0821333    0.145206    

Stress Spherical
0            0            0             0            0            0           
0            0            0             0            0            0           
0            0            0             0            0            0           

Inertia
149.913      -56.1456     -56.2077      0.296638     0.30278      0.203933    
-56.1456     149.806      -56.2156      0.30278      0.420722     0.143339    
-56.2077     -56.2156     149.806       0.203933     0.143339     0.594762    

Bond Length
0.57144905    0.0033558075

BB bond length
0.57144905    0.0033558075

Water EE distance
0             0           

PEG EE distance
2.2761592     0.15051345  

Time = 3000
Temperature
1.0164029     0.0041264362

Pressure
23.555606     0.11260213  

CM Mom
-9.7123533e-17 2.0409232e-17 
7.8934444e-17  2.1508288e-17 
2.0710541e-17  2.0562262e-17 
1.3109144e-16  1.4475389e-17 

CM Pos
7.4944556      0.017323518   
7.4948267      0.01140823    
7.4945253      0.0094397332  
12.981048      0.010041735   

Stress
20.4916      -0.00230691  -0.0530483    0.151832     0.103869     0.0748776   
-0.00230691  20.4854      0.0231845     0.103869     0.129251     0.0567769   
-0.0530483   0.0231845    20.5467       0.0748776    0.0567769    0.0971158   

Stress Spherical
0            0            0             0            0            0           
0            0            0             0            0            0           
0            0            0             0            0            0           

Inertia
149.798      -56.2053     -56.1602      0.28647      0.137929     0.160436    
-56.2053     149.798      -56.1943      0.137929     0.279077     0.102216    
-56.1602     -56.1943     149.805       0.160436     0.102216     0.251087    

Bond Length
0.56876611    0.0025275109

BB bond length
0.56876611    0.0025275109

Water EE distance
0             0           

PEG EE distance
2.2319839     0.11691402  

