Time = 1000
Temperature
   1.0578402   0.071507268

Pressure
   23.641205    0.33739048

CM Mom
-6.7889176e-17 1.8182102e-17 
1.1777433e-17  1.9075192e-17 
-3.9770442e-17 1.2259388e-16 
1.3078166e-16  7.035059e-17  

CM Pos
7.5075662      0.024041064   
7.5020194      0.023203039   
7.5022224      0.010463712   
12.997207      0.031764662   

Stress
20.4852      0.00304208   0.0466522     0.136407     0.0567199    0.0717554   
0.00304208   20.4242      0.0193941     0.0567199    0.144688     0.058726    
0.0466522    0.0193941    20.5171       0.0717554    0.058726     0.195064    

Stress Spherical
0            0            0             0            0            0           
0            0            0             0            0            0           
0            0            0             0            0            0           

Inertia
150.111      -56.3205     -56.3328      1.26658      0.36307      0.300008    
-56.3205     150.196      -56.248       0.36307      1.23477      0.28423     
-56.3328     -56.248      150.191       0.300008     0.28423      1.4074      

Bond Length
0.61709266    0.0050961136

BB bond length
0.61709266    0.0050961136

Water EE distance
0             0           

PEG EE distance
6.6166551     0.21213293  

BBB P2(x)
0.47345981    0.057120936 

BBB first bond length
0.616729      0.0050040828

BBB second bond length
0.61740204    0.0053003482

BBB <phi**2>/<phi>**2
1.2201862     0.015356512 

Time = 2000
Temperature
1.0060888     0.010558519 

Pressure
23.347687     0.068017469 

CM Mom
-6.6968708e-17 1.6872833e-17 
2.0810636e-17  2.1673019e-17 
-1.4500639e-17 2.0004367e-17 
7.7417834e-17  1.7006612e-17 

CM Pos
7.4986553      0.014735188   
7.4986035      0.01334652    
7.4967273      0.01274202    
12.986922      0.01489614    

Stress
20.3902      0.0141138    0.0160733     0.0910331    0.0525062    0.0611293   
0.0141138    20.2867      0.026589      0.0525062    0.127465     0.0623778   
0.0160733    0.026589     20.3337       0.0611293    0.0623778    0.138792    

Stress Spherical
0            0            0             0            0            0           
0            0            0             0            0            0           
0            0            0             0            0            0           

Inertia
149.807      -56.2255     -56.2261      0.495556     0.148683     0.152169    
-56.2255     149.823      -56.2198      0.148683     0.481196     0.189226    
-56.2261     -56.2198     149.846       0.152169     0.189226     0.498427    

Bond Length
0.61902264    0.0024298699

BB bond length
0.61902264    0.0024298699

Water EE distance
0             0           

PEG EE distance
7.0734805     0.25222825  

BBB P2(x)
0.51067449    0.01854784  

BBB first bond length
0.61898082    0.0024399171

BBB second bond length
0.6190598     0.0026780785

BBB <phi**2>/<phi>**2
1.2311772     0.015774424 

