Time = 500
Temperature
   1.0346831   0.045227731

Pressure
   21.864094    0.20033468

CM Mom
-2.0560367e-17 9.6453515e-18 
6.7509112e-20  1.3009482e-17 
-5.2367587e-19 1.4020293e-17 
2.8685506e-17  7.6809684e-18 

CM Pos
7.5015197      0.012443846   
7.5241462      0.023736898   
7.5205637      0.036514213   
13.017158      0.010718656   

Stress
18.7612      0.0214622    0.0299554     0.0839059    0.0750938    0.0706824   
0.0214622    18.7498      -0.0910518    0.0750938    0.118876     0.0588107   
0.0299554    -0.0910518   18.7792       0.0706824    0.0588107    0.0464825   

Stress Spherical
0            0            0             0            0            0           
0            0            0             0            0            0           
0            0            0             0            0            0           

Inertia
149.928      -56.3829     -56.4193      0.207628     0.230199     0.253377    
-56.3829     149.682      -56.6847      0.230199     0.365817     0.130312    
-56.4193     -56.6847     149.734       0.253377     0.130312     0.716509    

Bond Length
0.61231714    0.0057332029

BB bond length
0.61231714    0.0057332029

Water EE distance
0             0           

PEG EE distance
3.9753339     0.19014853  

Time = 1000
Temperature
1.0057783     0.0057049679

Pressure
21.743629     0.1628097   

CM Mom
-1.3207088e-17 8.058517e-18  
1.3729048e-17  1.7724198e-17 
1.649802e-17   3.2936238e-17 
3.9746838e-17  2.2785305e-17 

CM Pos
7.5035961      0.016847307   
7.5116883      0.012806229   
7.5208603      0.0065390768  
13.011265      0.014849288   

Stress
18.7514      -0.0177898   0.0222971     0.213569     0.0896726    0.0399093   
-0.0177898   18.6723      -0.00466131   0.0896726    0.104307     0.0839638   
0.0222971    -0.00466131  18.765        0.0399093    0.0839638    0.171933    

Stress Spherical
0            0            0             0            0            0           
0            0            0             0            0            0           
0            0            0             0            0            0           

Inertia
149.797      -56.2795     -56.4501      0.18771      0.226281     0.0749811   
-56.2795     149.797      -56.4402      0.226281     0.246023     0.114126    
-56.4501     -56.4402     149.634       0.0749811    0.114126     0.535325    

Bond Length
0.61408188    0.0018721115

BB bond length
0.61408188    0.0018721115

Water EE distance
0             0           

PEG EE distance
3.5747539     0.17054893  

