Time = 1000
Temperature
   1.0864007    0.12156247

Pressure
   23.626134    0.58356773

CM Mom
-1.224632e-17  1.1547373e-17 
-1.3522356e-17 4.0483308e-17 
4.6791662e-18  3.0966342e-16 
2.2146846e-16  2.2129193e-16 

CM Pos
7.49745        0.0133008     
7.5019634      0.0068013409  
7.4975502      0.016991017   
12.988644      0.010142152   

Stress
20.4048      0.0290027    -0.0246636    0.226448     0.068265     0.0630792   
0.0290027    20.3428      -0.0379802    0.068265     0.295608     0.05999     
-0.0246636   -0.0379802   20.3802       0.0630792    0.05999      0.207876    

Stress Spherical
0            0            0             0            0            0           
0            0            0             0            0            0           
0            0            0             0            0            0           

Inertia
150.098      -56.286      -56.2414      0.975253     0.116062     0.2218      
-56.286      150.036      -56.2581      0.116062     1.13496      0.116104    
-56.2414     -56.2581     150.128       0.2218       0.116104     1.24164     

Bond Length
0.61815427    0.0059767264

BB bond length
0.61815427    0.0059767264

Water EE distance
0             0           

PEG EE distance
6.5829264     0.18834555  

BBB P2(x)
0.47118062    0.057956866 

BBB first bond length
0.61807119    0.0060160625

BBB second bond length
0.61830423    0.0058047891

BBB <phi**2>/<phi>**2
1.2161123     0.016307794 

Time = 2000
Temperature
1.0144485     0.0038289909

Pressure
23.15146      0.091081702 

CM Mom
-1.9443197e-17 9.4310615e-18 
-5.1077186e-18 2.871016e-17  
4.0917277e-17  4.9386265e-17 
6.6148937e-17  3.2479065e-17 

CM Pos
7.5002727      0.010816277   
7.4988437      0.011275812   
7.4965103      0.0089924211  
12.987867      0.0067418771  

Stress
20.126       0.00550631   -0.0021581    0.134275     0.0463382    0.0742476   
0.00550631   20.0605      0.0407283     0.0463382    0.104758     0.09409     
-0.0021581   0.0407283    20.1631       0.0742476    0.09409      0.0722562   

Stress Spherical
0            0            0             0            0            0           
0            0            0             0            0            0           
0            0            0             0            0            0           

Inertia
149.799      -56.202      -56.219       0.237013     0.143951     0.12194     
-56.202      149.829      -56.1878      0.143951     0.351196     0.0725066   
-56.219      -56.1878     149.891       0.12194      0.0725066    0.422314    

Bond Length
0.61799162    0.0021942917

BB bond length
0.61799162    0.0021942917

Water EE distance
0             0           

PEG EE distance
7.1317332     0.16933791  

BBB P2(x)
0.51445848    0.013437439 

BBB first bond length
0.6179408     0.0022669932

BBB second bond length
0.61800973    0.0024621895

BBB <phi**2>/<phi>**2
1.2284356     0.0090262354

