Time = 1000
Temperature
   1.0439874   0.064264375

Pressure
   23.623133    0.30768403

CM Mom
5.9515414e-18  1.5533924e-17 
1.2248536e-17  1.7886157e-17 
-1.8749412e-17 9.0499701e-17 
8.6121391e-17  4.326092e-17  

CM Pos
7.502138       0.011599208   
7.5054996      0.024292479   
7.4981909      0.020344696   
12.993785      0.011928442   

Stress
20.4923      -0.00975852  -0.00489137   0.168823     0.0598938    0.0681782   
-0.00975852  20.5034      -0.00712662   0.0598938    0.173601     0.0534592   
-0.00489137  -0.00712662  20.4825       0.0681782    0.0534592    0.146304    

Stress Spherical
0            0            0             0            0            0           
0            0            0             0            0            0           
0            0            0             0            0            0           

Inertia
150.114      -56.3144     -56.2807      1.02695      0.202438     0.166726    
-56.3144     150.04       -56.2853      0.202438     0.648651     0.167197    
-56.2807     -56.2853     150.151       0.166726     0.167197     1.02372     

Bond Length
0.61844364    0.0045247826

BB bond length
0.61844364    0.0045247826

Water EE distance
0             0           

PEG EE distance
6.5748896     0.08544857  

BBB P2(x)
0.46146142    0.060162049 

BBB first bond length
0.61801126    0.0047799159

BBB second bond length
0.61846502    0.0046217802

BBB <phi**2>/<phi>**2
1.22056       0.022514553 

Time = 2000
Temperature
1.0045305     0.0075066809

Pressure
23.469436     0.094557078 

CM Mom
3.0344085e-17  1.3586143e-17 
9.0863856e-18  2.0645067e-17 
4.3998895e-18  2.2204162e-17 
4.4440546e-17  1.2310551e-17 

CM Pos
7.4910214      0.013624275   
7.494383       0.010048489   
7.4983391      0.011866042   
12.981005      0.013953501   

Stress
20.4362      0.00801666   0.00261196    0.118493     0.0670149    0.0672607   
0.00801666   20.4717      0.0027194     0.0670149    0.163793     0.0534847   
0.00261196   0.0027194    20.4641       0.0672607    0.0534847    0.164034    

Stress Spherical
0            0            0             0            0            0           
0            0            0             0            0            0           
0            0            0             0            0            0           

Inertia
149.788      -56.1368     -56.1647      0.354039     0.102977     0.158748    
-56.1368     149.756      -56.2219      0.102977     0.311575     0.12396     
-56.1647     -56.2219     149.68        0.158748     0.12396      0.291056    

Bond Length
0.61872954    0.0012695479

BB bond length
0.61872954    0.0012695479

Water EE distance
0             0           

PEG EE distance
6.519417      0.22105259  

BBB P2(x)
0.50290776    0.021541545 

BBB first bond length
0.618756      0.0015519656

BBB second bond length
0.61901445    0.0014167563

BBB <phi**2>/<phi>**2
1.2218912     0.014159289 

Time = 3000
Temperature
1.0074338     0.0062824003

Pressure
23.448764     0.058485293 

CM Mom
3.7677097e-17  2.3571776e-17 
2.0885248e-17  1.9362558e-17 
7.8859295e-18  1.9954698e-17 
5.1989001e-17  2.3319864e-17 

CM Pos
7.4990254      0.017613411   
7.5016458      0.011250186   
7.5002659      0.011637028   
12.990937      0.01342841    

Stress
20.3898      0.0126519    0.0430229     0.0459032    0.066916     0.0495025   
0.0126519    20.4363      -0.000748372  0.066916     0.106245     0.0436395   
0.0430229    -0.000748372 20.4577       0.0495025    0.0436395    0.147827    

Stress Spherical
0            0            0             0            0            0           
0            0            0             0            0            0           
0            0            0             0            0            0           

Inertia
150.008      -56.2414     -56.2399      0.189954     0.151881     0.175869    
-56.2414     149.958      -56.2558      0.151881     0.289123     0.094507    
-56.2399     -56.2558     149.967       0.175869     0.094507     0.272235    

Bond Length
0.6215287     0.003148817 

BB bond length
0.6215287     0.003148817 

Water EE distance
0             0           

PEG EE distance
6.9378854     0.14008355  

BBB P2(x)
0.51345596    0.010164207 

BBB first bond length
0.62138901    0.0030049817

BBB second bond length
0.62105245    0.0030014823

BBB <phi**2>/<phi>**2
1.2252427     0.013491709 

Time = 4000
Temperature
1.009208      0.0085038719

Pressure
23.496003     0.10253081  

CM Mom
4.3737504e-17  1.2556238e-17 
2.2489696e-18  1.5363992e-17 
2.5857665e-18  2.1488872e-17 
5.1288722e-17  1.2233696e-17 

CM Pos
7.504806       0.018379447   
7.4946794      0.011876221   
7.502341       0.0087387765  
12.991452      0.013896009   

Stress
20.4468      -0.00180214  0.017649      0.162622     0.0573164    0.0618941   
-0.00180214  20.492       -0.0213257    0.0573164    0.145313     0.0868927   
0.017649     -0.0213257   20.4709       0.0618941    0.0868927    0.112129    

Stress Spherical
0            0            0             0            0            0           
0            0            0             0            0            0           
0            0            0             0            0            0           

Inertia
149.911      -56.2624     -56.266       0.198693     0.168865     0.184153    
-56.2624     150.074      -56.2362      0.168865     0.32198      0.138747    
-56.266      -56.2362     149.948       0.184153     0.138747     0.308136    

Bond Length
0.62080517    0.0029873881

BB bond length
0.62080517    0.0029873881

Water EE distance
0             0           

PEG EE distance
7.0535738     0.10479427  

BBB P2(x)
0.50448296    0.011532771 

BBB first bond length
0.62091447    0.0031245548

BBB second bond length
0.62123374    0.0032371289

BBB <phi**2>/<phi>**2
1.2243942     0.014174991 

Time = 5000
Temperature
1.0077868     0.0064149096

Pressure
23.473353     0.063498137 

CM Mom
6.1151128e-17  2.7691182e-17 
-7.9122589e-18 1.8838842e-17 
-3.6213895e-18 1.5883574e-17 
6.6733976e-17  2.7124651e-17 

CM Pos
7.4982843      0.0092753881  
7.5025351      0.017824194   
7.5070841      0.014896061   
12.994965      0.010876947   

Stress
20.4577      0.022788     0.0318219     0.136483     0.0280871    0.0875123   
0.022788     20.47        -0.00666838   0.0280871    0.0845947    0.0533246   
0.0318219    -0.00666838  20.4268       0.0875123    0.0533246    0.126902    

Stress Spherical
0            0            0             0            0            0           
0            0            0             0            0            0           
0            0            0             0            0            0           

Inertia
150.116      -56.2568     -56.2956      0.403767     0.149673     0.149889    
-56.2568     150.048      -56.311       0.149673     0.210337     0.203928    
-56.2956     -56.311      149.966       0.149889     0.203928     0.266462    

Bond Length
0.61941103    0.0017715409

BB bond length
0.61941103    0.0017715409

Water EE distance
0             0           

PEG EE distance
7.2015204     0.38816612  

BBB P2(x)
0.50958882    0.016615296 

BBB first bond length
0.61930907    0.0016297523

BBB second bond length
0.61944025    0.0019340496

BBB <phi**2>/<phi>**2
1.220426      0.011022062 

Time = 6000
Temperature
1.0109536     0.0064967754

Pressure
23.468001     0.11124677  

CM Mom
6.4193271e-17  2.1371437e-17 
3.3693952e-17  1.119005e-17  
-2.1695048e-17 2.459438e-17  
8.0652452e-17  2.021768e-17  

CM Pos
7.5003594      0.0088883385  
7.5047584      0.014382818   
7.5033786      0.01191777    
12.995299      0.011137253   

Stress
20.4473      0.00809378   -0.0436455    0.131431     0.0786077    0.0388667   
0.00809378   20.4303      -0.00637576   0.0786077    0.13961      0.0569289   
-0.0436455   -0.00637576  20.4322       0.0388667    0.0569289    0.115946    

Stress Spherical
0            0            0             0            0            0           
0            0            0             0            0            0           
0            0            0             0            0            0           

Inertia
150.104      -56.2979     -56.2731      0.221076     0.163048     0.162372    
-56.2979     150.045      -56.271       0.163048     0.262294     0.120454    
-56.2731     -56.271      150.049       0.162372     0.120454     0.271247    

Bond Length
0.61912403    0.0035293053

BB bond length
0.61912403    0.0035293053

Water EE distance
0             0           

PEG EE distance
7.6461693     0.3483829   

BBB P2(x)
0.51470034    0.017091865 

BBB first bond length
0.61913842    0.0038362061

BBB second bond length
0.61905645    0.0038589155

BBB <phi**2>/<phi>**2
1.221845      0.010162852 

Time = 7000
Temperature
1.0105208     0.0069642677

Pressure
23.501742     0.091265264 

CM Mom
7.5466642e-17  1.9899916e-17 
1.7569938e-17  1.893718e-17  
-3.0114525e-17 1.7701434e-17 
8.5844279e-17  2.4688566e-17 

CM Pos
7.4935412      0.013194197   
7.5035727      0.0062534653  
7.5101968      0.016670124   
12.994619      0.013986133   

Stress
20.4935      -0.0130917   0.0326174     0.152668     0.0579986    0.0515337   
-0.0130917   20.4609      0.00807807    0.0579986    0.0781137    0.0622594   
0.0326174    0.00807807   20.4606       0.0515337    0.0622594    0.115862    

Stress Spherical
0            0            0             0            0            0           
0            0            0             0            0            0           
0            0            0             0            0            0           

Inertia
150.186      -56.2437     -56.2473      0.234246     0.0884767    0.21346     
-56.2437     150.034      -56.3357      0.0884767    0.373235     0.153319    
-56.2473     -56.3357     149.936       0.21346      0.153319     0.2517      

Bond Length
0.61973243    0.0018953566

BB bond length
0.61973243    0.0018953566

Water EE distance
0             0           

PEG EE distance
6.9725221     0.13189338  

BBB P2(x)
0.5035024     0.012900828 

BBB first bond length
0.61995601    0.0021132304

BBB second bond length
0.61975065    0.0021946721

BBB <phi**2>/<phi>**2
1.228583      0.0091271753

Time = 8000
Temperature
1.0084188     0.0071609626

Pressure
23.450303     0.050732911 

CM Mom
6.38562e-17    1.0401225e-17 
1.3236146e-17  1.271815e-17  
-5.4425612e-17 2.0218355e-17 
8.7802295e-17  1.3580601e-17 

CM Pos
7.4972467      0.035883343   
7.5089086      0.011618133   
7.4980426      0.0088796833  
12.992852      0.019116649   

Stress
20.4499      0.00363329   0.0259647     0.0747411    0.0670928    0.0759349   
0.00363329   20.4237      0.0258495     0.0670928    0.120171     0.0565095   
0.0259647    0.0258495    20.406        0.0759349    0.0565095    0.0900463   

Stress Spherical
0            0            0             0            0            0           
0            0            0             0            0            0           
0            0            0             0            0            0           

Inertia
150.07       -56.2991     -56.2218      0.231879     0.293541     0.306397    
-56.2991     149.907      -56.3077      0.293541     0.527795     0.131302    
-56.2218     -56.3077     150.068       0.306397     0.131302     0.574045    

Bond Length
0.6197888     0.0039417436

BB bond length
0.6197888     0.0039417436

Water EE distance
0             0           

PEG EE distance
6.6694178     0.24355873  

BBB P2(x)
0.51047192    0.01817256  

BBB first bond length
0.61973311    0.0043869505

BBB second bond length
0.62005623    0.0040024398

BBB <phi**2>/<phi>**2
1.2265414     0.014359527 

Time = 9000
Temperature
1.0118828     0.0074147474

Pressure
23.543413     0.072748031 

CM Mom
7.0657687e-17  1.7209763e-17 
2.8350181e-17  1.7008347e-17 
-4.6254722e-17 2.0947315e-17 
9.3459578e-17  1.5009924e-17 

CM Pos
7.5013969      0.012479674   
7.4976438      0.017487606   
7.4977462      0.013274709   
12.988541      0.016082706   

Stress
20.5503      -0.0159352   -0.0301141    0.128281     0.0851257    0.0753191   
-0.0159352   20.499       -0.0379939    0.0851257    0.098305     0.0783434   
-0.0301141   -0.0379939   20.4785       0.0753191    0.0783434    0.0946748   

Stress Spherical
0            0            0             0            0            0           
0            0            0             0            0            0           
0            0            0             0            0            0           

Inertia
149.917      -56.2497     -56.2361      0.390879     0.170258     0.116411    
-56.2497     149.981      -56.2699      0.170258     0.190734     0.239878    
-56.2361     -56.2699     149.958       0.116411     0.239878     0.300485    

Bond Length
0.61995008    0.0032627985

BB bond length
0.61995008    0.0032627985

Water EE distance
0             0           

PEG EE distance
6.5782743     0.24602812  

BBB P2(x)
0.50576946    0.01227498  

BBB first bond length
0.62007149    0.0033723103

BBB second bond length
0.62027422    0.0033349492

BBB <phi**2>/<phi>**2
1.2188855     0.0050991313

Time = 10000
Temperature
1.0097471     0.004753382 

Pressure
23.490383     0.082629112 

CM Mom
8.0767079e-17  1.7016508e-17 
4.9367076e-17  1.7511982e-17 
-4.398244e-17  3.1176409e-17 
1.0973719e-16  2.0514231e-17 

CM Pos
7.5058436      0.012584856   
7.4997189      0.018503344   
7.4992284      0.017750086   
12.993173      0.013443957   

Stress
20.4371      0.000719065  0.0265997     0.128302     0.0731619    0.0603647   
0.000719065  20.4624      0.00094087    0.0731619    0.106764     0.0635018   
0.0265997    0.00094087   20.4884       0.0603647    0.0635018    0.101617    

Stress Spherical
0            0            0             0            0            0           
0            0            0             0            0            0           
0            0            0             0            0            0           

Inertia
149.959      -56.3031     -56.3178      0.2553       0.189249     0.195847    
-56.3031     150.059      -56.238       0.189249     0.355161     0.160473    
-56.3178     -56.238      150.074       0.195847     0.160473     0.370915    

Bond Length
0.62039398    0.0036062647

BB bond length
0.62039398    0.0036062647

Water EE distance
0             0           

PEG EE distance
6.2426543     0.13981993  

BBB P2(x)
0.51194209    0.014249165 

BBB first bond length
0.62005845    0.0037218197

BBB second bond length
0.61983441    0.0038342935

BBB <phi**2>/<phi>**2
1.2206002     0.0095724407

Time = 11000
Temperature
1.0084188     0.0066347723

Pressure
23.475698     0.098120873 

CM Mom
7.4449669e-17  1.6143432e-17 
2.2913023e-17  2.3218331e-17 
-7.5853355e-17 2.5992755e-17 
1.1420681e-16  1.592546e-17  

CM Pos
7.5013969      0.015438518   
7.5060924      0.010227273   
7.5013035      0.014037273   
12.99547       0.014875178   

Stress
20.4597      0.0359653    -0.0291201    0.162332     0.0647088    0.0530321   
0.0359653    20.4426      0.00570675    0.0647088    0.134863     0.0849066   
-0.0291201   0.00570675   20.4535       0.0530321    0.0849066    0.108788    

Stress Spherical
0            0            0             0            0            0           
0            0            0             0            0            0           
0            0            0             0            0            0           

Inertia
150.099      -56.3146     -56.2793      0.298237     0.15411      0.215461    
-56.3146     150.043      -56.2746      0.15411      0.376201     0.112164    
-56.2793     -56.2746     150.108       0.215461     0.112164     0.250703    

Bond Length
0.62055731    0.0024292311

BB bond length
0.62055731    0.0024292311

Water EE distance
0             0           

PEG EE distance
6.731305      0.36467898  

BBB P2(x)
0.50534795    0.018219561 

BBB first bond length
0.62017095    0.0024766184

BBB second bond length
0.62075801    0.0022667754

BBB <phi**2>/<phi>**2
1.2258209     0.013832329 

Time = 12000
Temperature
1.0055257     0.0063875864

Pressure
23.500222     0.080975659 

CM Mom
8.0556924e-17  1.3461398e-17 
3.8970254e-18  2.2228479e-17 
-1.0668289e-16 2.1442063e-17 
1.3706583e-16  1.5293099e-17 

CM Pos
7.4996183      0.0088449775  
7.4918632      0.0086032244  
7.4990802      0.017477553   
12.984946      0.011303556   

Stress
20.4416      0.00905953   0.00732544    0.126603     0.0693515    0.0609248   
0.00905953   20.5473      -0.00186163   0.0693515    0.0919863    0.0675366   
0.00732544   -0.00186163  20.4665       0.0609248    0.0675366    0.0953642   

Stress Spherical
0            0            0             0            0            0           
0            0            0             0            0            0           
0            0            0             0            0            0           

Inertia
149.837      -56.1727     -56.2538      0.271821     0.16104      0.103141    
-56.1727     149.965      -56.2168      0.16104      0.182258     0.176059    
-56.2538     -56.2168     149.846       0.103141     0.176059     0.210614    

Bond Length
0.61910977    0.0034318182

BB bond length
0.61910977    0.0034318182

Water EE distance
0             0           

PEG EE distance
7.6188235     0.25205283  

BBB P2(x)
0.52192597    0.018703272 

BBB first bond length
0.61894224    0.0038354014

BBB second bond length
0.61939757    0.0033187904

BBB <phi**2>/<phi>**2
1.2304013     0.01065014  

Time = 13000
Temperature
1.0103513     0.006419779 

Pressure
23.456471     0.093453676 

CM Mom
8.7916334e-17  1.8733753e-17 
-2.0461235e-17 2.3690594e-17 
-6.763776e-17  7.9535845e-18 
1.1656893e-16  1.0485762e-17 

CM Pos
7.4939859      0.013736688   
7.4971992      0.015812515   
7.4959675      0.012959836   
12.982982      0.012022398   

Stress
20.4355      0.018208     -0.0140639    0.121022     0.0910751    0.0753272   
0.018208     20.3953      -0.00247832   0.0910751    0.127171     0.0325977   
-0.0140639   -0.00247832  20.4499       0.0753272    0.0325977    0.103258    

Stress Spherical
0            0            0             0            0            0           
0            0            0             0            0            0           
0            0            0             0            0            0           

Inertia
149.896      -56.2176     -56.1836      0.236767     0.145227     0.159243    
-56.2176     149.837      -56.2011      0.145227     0.322067     0.114989    
-56.1836     -56.2011     149.872       0.159243     0.114989     0.256033    

Bond Length
0.6195518     0.0036515171

BB bond length
0.6195518     0.0036515171

Water EE distance
0             0           

PEG EE distance
7.9052359     0.26298649  

BBB P2(x)
0.50957844    0.013375408 

BBB first bond length
0.61953231    0.0037246943

BBB second bond length
0.61951899    0.0036662453

BBB <phi**2>/<phi>**2
1.223351      0.0095565847

Time = 14000
Temperature
1.0081115     0.011234865 

Pressure
23.442471     0.098305783 

CM Mom
9.6010842e-17  1.2507725e-17 
1.0466211e-17  3.2258735e-17 
-8.1138159e-17 1.6224518e-17 
1.3060502e-16  1.7710376e-17 

CM Pos
7.4925037      0.017240251   
7.497792       0.011735724   
7.4961158      0.0098809288  
12.982543      0.019044752   

Stress
20.4825      -0.0123454   0.0206235     0.116958     0.0842764    0.0376749   
-0.0123454   20.37        0.0309184     0.0842764    0.101328     0.0526285   
0.0206235    0.0309184    20.4064       0.0376749    0.0526285    0.107484    

Stress Spherical
0            0            0             0            0            0           
0            0            0             0            0            0           
0            0            0             0            0            0           

Inertia
149.918      -56.2077     -56.178       0.324445     0.248296     0.165674    
-56.2077     149.825      -56.1927      0.248296     0.360524     0.152429    
-56.178      -56.1927     149.836       0.165674     0.152429     0.443685    

Bond Length
0.61899968    0.0031618495

BB bond length
0.61899968    0.0031618495

Water EE distance
0             0           

PEG EE distance
7.7265228     0.12183756  

BBB P2(x)
0.51368621    0.010851363 

BBB first bond length
0.61878504    0.003303608 

BBB second bond length
0.61910254    0.0032784456

BBB <phi**2>/<phi>**2
1.2242989     0.014058574 

Time = 15000
Temperature
1.00647       0.0079432524

Pressure
23.505418     0.075404091 

CM Mom
7.5066764e-17  1.5978638e-17 
1.9866629e-17  2.2423019e-17 
-7.6471548e-17 2.0382892e-17 
1.1279018e-16  1.8153396e-17 

CM Pos
7.5025827      0.015602717   
7.4980885      0.011013355   
7.5042679      0.018753954   
12.993248      0.018087344   

Stress
20.4857      0.0109683    0.0625507     0.0934304    0.0796531    0.0788241   
0.0109683    20.4413      0.0076758     0.0796531    0.123158     0.0585158   
0.0625507    0.0076758    20.5355       0.0788241    0.0585158    0.101258    

Stress Spherical
0            0            0             0            0            0           
0            0            0             0            0            0           
0            0            0             0            0            0           

Inertia
150.03       -56.2361     -56.3125      0.351707     0.174525     0.244318    
-56.2361     150.083      -56.2649      0.174525     0.446073     0.126281    
-56.3125     -56.2649     149.994       0.244318     0.126281     0.274909    

Bond Length
0.61940867    0.0032449993

BB bond length
0.61940867    0.0032449993

Water EE distance
0             0           

PEG EE distance
7.446048      0.13752693  

BBB P2(x)
0.51329358    0.01131322  

BBB first bond length
0.61995066    0.003117452 

BBB second bond length
0.61975402    0.003345698 

BBB <phi**2>/<phi>**2
1.2278473     0.013669437 

Time = 16000
Temperature
1.0188371     0.0064423314

Pressure
23.548732     0.071116925 

CM Mom
9.6995863e-17  2.4581287e-17 
1.4000864e-17  1.4502226e-17 
-7.8564735e-17 1.3361103e-17 
1.289005e-16   1.242467e-17  

CM Pos
7.502138       0.0072975496  
7.4992743      0.011413043   
7.5024893      0.018789065   
12.99265       0.010711825   

Stress
20.4588      0.00300089   0.00357888    0.0931635    0.037449     0.0595974   
0.00300089   20.5135      -0.0382931    0.037449     0.126842     0.0667955   
0.00357888   -0.0382931   20.509        0.0595974    0.0667955    0.0717239   

Stress Spherical
0            0            0             0            0            0           
0            0            0             0            0            0           
0            0            0             0            0            0           

Inertia
150.03       -56.2735     -56.2977      0.293046     0.140403     0.160719    
-56.2735     150.059      -56.2661      0.140403     0.323479     0.166935    
-56.2977     -56.2661     150.013       0.160719     0.166935     0.184489    

Bond Length
0.61817122    0.0040330083

BB bond length
0.61817122    0.0040330083

Water EE distance
0             0           

PEG EE distance
7.3524893     0.16587191  

BBB P2(x)
0.51495794    0.012531939 

BBB first bond length
0.61802349    0.0038110173

BBB second bond length
0.61861265    0.0042703369

BBB <phi**2>/<phi>**2
1.2282183     0.011493419 

Time = 17000
Temperature
1.012524      0.010365641 

Pressure
23.492738     0.11715486  

CM Mom
1.0541249e-16  2.8928775e-17 
2.0153167e-17  1.8150604e-17 
-8.7091621e-17 1.5452201e-17 
1.4012147e-16  2.9562756e-17 

CM Pos
7.494727       0.014312381   
7.50046        0.012895257   
7.4983391      0.013380209   
12.98666       0.012110059   

Stress
20.4768      0.0340851    0.0195945     0.125312     0.0488215    0.0704801   
0.0340851    20.4431      -0.00716889   0.0488215    0.116107     0.0607352   
0.0195945    -0.00716889  20.4501       0.0704801    0.0607352    0.125642    

Stress Spherical
0            0            0             0            0            0           
0            0            0             0            0            0           
0            0            0             0            0            0           

Inertia
149.98       -56.2237     -56.2099      0.314489     0.136487     0.160281    
-56.2237     149.877      -56.2612      0.136487     0.276581     0.219623    
-56.2099     -56.2612     149.902       0.160281     0.219623     0.216743    

Bond Length
0.61770452    0.0026926529

BB bond length
0.61770452    0.0026926529

Water EE distance
0             0           

PEG EE distance
7.4211272     0.27344799  

BBB P2(x)
0.52029522    0.015750964 

BBB first bond length
0.61787288    0.0024436387

BBB second bond length
0.61776885    0.002993443 

BBB <phi**2>/<phi>**2
1.2207759     0.012638815 

Time = 18000
Temperature
1.0126654     0.0049085113

Pressure
23.471979     0.097228135 

CM Mom
1.1079274e-16  2.4390072e-17 
1.6799803e-17  1.7313841e-17 
-7.972652e-17  2.2648711e-17 
1.414705e-16   1.752965e-17  

CM Pos
7.4938376      0.012110691   
7.5034245      0.012514833   
7.4958193      0.0066352854  
12.986396      0.011974766   

Stress
20.4105      -0.0237212   -0.0116521    0.140614     0.0489714    0.0539649   
-0.0237212   20.4541      -0.00561039   0.0489714    0.0942955    0.074526    
-0.0116521   -0.00561039  20.4419       0.0539649    0.074526     0.105909    

Stress Spherical
0            0            0             0            0            0           
0            0            0             0            0            0           
0            0            0             0            0            0           

Inertia
150.005      -56.2487     -56.153       0.261657     0.126266     0.077919    
-56.2487     149.84       -56.2305      0.126266     0.254195     0.135594    
-56.153      -56.2305     149.949       0.077919     0.135594     0.307797    

Bond Length
0.62048865    0.0040906781

BB bond length
0.62048865    0.0040906781

Water EE distance
0             0           

PEG EE distance
7.6353737     0.12505847  

BBB P2(x)
0.5233804     0.014320753 

BBB first bond length
0.62040885    0.0041032714

BBB second bond length
0.62043548    0.0042063065

BBB <phi**2>/<phi>**2
1.2244522     0.0088807496

Time = 19000
Temperature
1.0125717     0.0053455336

Pressure
23.511257     0.061564766 

CM Mom
1.3478527e-16  1.0506482e-17 
5.3967522e-17  2.8476509e-17 
-1.0121076e-16 1.3093658e-17 
1.7952968e-16  1.3602114e-17 

CM Pos
7.5045096      0.020803857   
7.5032762      0.015329269   
7.4958193      0.016915426   
12.99248       0.023338421   

Stress
20.4816      -0.0224271   -0.0297881    0.118549     0.0629803    0.072973    
-0.0224271   20.5134      -0.0250486    0.0629803    0.0664322    0.0701975   
-0.0297881   -0.0250486   20.4302       0.072973     0.0701975    0.0751098   

Stress Spherical
0            0            0             0            0            0           
0            0            0             0            0            0           
0            0            0             0            0            0           

Inertia
150          -56.2901     -56.2262      0.462231     0.213267     0.249626    
-56.2901     149.991      -56.2077      0.213267     0.438266     0.224428    
-56.2262     -56.2077     150.114       0.249626     0.224428     0.437832    

Bond Length
0.61824136    0.0020427808

BB bond length
0.61824136    0.0020427808

Water EE distance
0             0           

PEG EE distance
7.8253272     0.26900325  

BBB P2(x)
0.51792893    0.014630805 

BBB first bond length
0.6182137     0.0019120852

BBB second bond length
0.61811275    0.0019859011

BBB <phi**2>/<phi>**2
1.2261794     0.014551344 

Time = 20000
Temperature
1.0086608     0.0051146742

Pressure
23.500135     0.10096915  

CM Mom
1.6333135e-16  3.5634239e-17 
6.2737749e-17  1.7024582e-17 
-9.5815154e-17 2.6153302e-17 
2.0319034e-16  2.7404624e-17 

CM Pos
7.5056954      0.011648349   
7.4976438      0.026373405   
7.4953746      0.017816797   
12.989669      0.020306452   

Stress
20.4391      -0.0092557   -0.0414276    0.123612     0.0652851    0.0990492   
-0.0092557   20.4803      0.0265266     0.0652851    0.122014     0.0410114   
-0.0414276   0.0265266    20.5076       0.0990492    0.0410114    0.116277    

Stress Spherical
0            0            0             0            0            0           
0            0            0             0            0            0           
0            0            0             0            0            0           

Inertia
149.916      -56.2567     -56.2708      0.573778     0.186757     0.157746    
-56.2567     150.016      -56.1922      0.186757     0.293592     0.280808    
-56.2708     -56.1922     150.04        0.157746     0.280808     0.431045    

Bond Length
0.61809045    0.0046373358

BB bond length
0.61809045    0.0046373358

Water EE distance
0             0           

PEG EE distance
7.0133455     0.14417531  

BBB P2(x)
0.51809342    0.013280295 

BBB first bond length
0.61796513    0.0050076678

BBB second bond length
0.6181712     0.0045156724

BBB <phi**2>/<phi>**2
1.2236605     0.01542411  

Time = 21000
Temperature
1.0111459     0.005925408 

Pressure
23.516952     0.10537059  

CM Mom
1.8945594e-16  3.7416227e-17 
9.1830913e-17  1.1921711e-17 
-1.0372906e-16 2.4770492e-17 
2.3691654e-16  3.3352932e-17 

CM Pos
7.4990254      0.010913158   
7.5043138      0.015534983   
7.5017482      0.015133102   
12.993336      0.011914479   

Stress
20.4839      0.00630926   -0.0138726    0.11519      0.0632611    0.0617022   
0.00630926   20.4697      0.0186551     0.0632611    0.112028     0.084952    
-0.0138726   0.0186551    20.5015       0.0617022    0.084952     0.155318    

Stress Spherical
0            0            0             0            0            0           
0            0            0             0            0            0           
0            0            0             0            0            0           

Inertia
150.09       -56.264      -56.2155      0.246213     0.153928     0.161041    
-56.264      149.991      -56.3143      0.153928     0.342983     0.130581    
-56.2155     -56.3143     150.059       0.161041     0.130581     0.290262    

Bond Length
0.6191266     0.003151813 

BB bond length
0.6191266     0.003151813 

Water EE distance
0             0           

PEG EE distance
7.3725479     0.15234699  

BBB P2(x)
0.50610939    0.014152308 

BBB first bond length
0.61908197    0.0030904521

BBB second bond length
0.61880549    0.0032770054

BBB <phi**2>/<phi>**2
1.2235656     0.012926868 

Time = 22000
Temperature
1.0120385     0.010293844 

Pressure
23.481712     0.080845359 

CM Mom
1.825815e-16   1.9668073e-17 
8.2165555e-17  1.9014755e-17 
-1.1113201e-16 1.5742786e-17 
2.3021494e-16  2.0852227e-17 

CM Pos
7.5018416      0.006246435   
7.4983849      0.009380198   
7.4990802      0.0076789529  
12.989986      0.0068892688  

Stress
20.468       0.02153      -0.0331042    0.102153     0.0677578    0.0699816   
0.02153      20.4699      0.0108268     0.0677578    0.0734467    0.0615142   
-0.0331042   0.0108268    20.4034       0.0699816    0.0615142    0.118267    

Stress Spherical
0            0            0             0            0            0           
0            0            0             0            0            0           
0            0            0             0            0            0           

Inertia
149.979      -56.2417     -56.2933      0.151694     0.0887957    0.059049    
-56.2417     150.007      -56.2288      0.0887957    0.175747     0.0758595   
-56.2933     -56.2288     150.016       0.059049     0.0758595    0.13324     

Bond Length
0.61920275    0.0032947287

BB bond length
0.61920275    0.0032947287

Water EE distance
0             0           

PEG EE distance
7.5431253     0.16910767  

BBB P2(x)
0.49843382    0.013996955 

BBB first bond length
0.61892234    0.0031529867

BBB second bond length
0.61915317    0.0031604467

BBB <phi**2>/<phi>**2
1.2224216     0.014798079 

Time = 23000
Temperature
1.0085171     0.0072046238

Pressure
23.457662     0.076833868 

CM Mom
1.6161466e-16  1.9570487e-17 
6.3636239e-17  2.2536945e-17 
-8.5720298e-17 2.000568e-17  
1.9507707e-16  2.743937e-17  

CM Pos
7.4988772      0.0072249353  
7.5001636      0.010606892   
7.5054537      0.013640391   
12.992985      0.011671125   

Stress
20.4531      0.0469368    0.0376121     0.106832     0.0437344    0.0422166   
0.0469368    20.4481      0.015164      0.0437344    0.106203     0.0788928   
0.0376121    0.015164     20.3995       0.0422166    0.0788928    0.0823072   

Stress Spherical
0            0            0             0            0            0           
0            0            0             0            0            0           
0            0            0             0            0            0           

Inertia
150.084      -56.2704     -56.2609      0.243379     0.141117     0.115815    
-56.2704     150.068      -56.3011      0.141117     0.238432     0.169037    
-56.2609     -56.3011     149.989       0.115815     0.169037     0.205925    

Bond Length
0.62089325    0.0022133943

BB bond length
0.62089325    0.0022133943

Water EE distance
0             0           

PEG EE distance
7.250872      0.12853652  

BBB P2(x)
0.50929704    0.015686785 

BBB first bond length
0.62091984    0.002039524 

BBB second bond length
0.62089994    0.0021333972

BBB <phi**2>/<phi>**2
1.223792      0.010734066 

Time = 24000
Temperature
1.0115424     0.0085070604

Pressure
23.498736     0.094934612 

CM Mom
1.5952819e-16  1.5265153e-17 
5.040407e-17   1.6537367e-17 
-1.1266885e-16 2.1670345e-17 
2.0301964e-16  2.1052825e-17 

CM Pos
7.4968021      0.017206449   
7.4967545      0.010208997   
7.4940407      0.020364124   
12.983238      0.019141954   

Stress
20.4682      0.0338328    -0.00211268   0.129126     0.0617119    0.090959    
0.0338328    20.4029      0.0331565     0.0617119    0.107123     0.0789259   
-0.00211268  0.0331565    20.5257       0.090959     0.0789259    0.151609    

Stress Spherical
0            0            0             0            0            0           
0            0            0             0            0            0           
0            0            0             0            0            0           

Inertia
149.869      -56.2114     -56.1541      0.357472     0.179451     0.206092    
-56.2114     149.874      -56.1806      0.179451     0.388123     0.20437     
-56.1541     -56.1806     149.917       0.206092     0.20437      0.400652    

Bond Length
0.61975253    0.0031464856

BB bond length
0.61975253    0.0031464856

Water EE distance
0             0           

PEG EE distance
7.0351003     0.18932112  

BBB P2(x)
0.50726547    0.018710586 

BBB first bond length
0.61935849    0.0033614336

BBB second bond length
0.61981007    0.0035587231

BBB <phi**2>/<phi>**2
1.2241509     0.010772161 

Time = 25000
Temperature
1.0118546     0.008479687 

Pressure
23.444042     0.091147105 

CM Mom
1.5061733e-16  1.3262043e-17 
6.2458684e-17  2.1002258e-17 
-1.4731738e-16 2.5972384e-17 
2.2202741e-16  1.6865668e-17 

CM Pos
7.4969503      0.017779766   
7.4982367      0.011485002   
7.5021928      0.011269697   
12.988886      0.011612464   

Stress
20.4485      0.023234     -0.0603959    0.129303     0.054007     0.0777638   
0.023234     20.3593      0.0185159     0.054007     0.132897     0.0607949   
-0.0603959   0.0185159    20.4222       0.0777638    0.0607949    0.0785273   

Stress Spherical
0            0            0             0            0            0           
0            0            0             0            0            0           
0            0            0             0            0            0           

Inertia
150.014      -56.2278     -56.2409      0.224755     0.15839      0.0976958   
-56.2278     149.994      -56.2714      0.15839      0.289215     0.136073    
-56.2409     -56.2714     149.923       0.0976958    0.136073     0.290648    

Bond Length
0.62065696    0.0025881995

BB bond length
0.62065696    0.0025881995

Water EE distance
0             0           

PEG EE distance
6.864607      0.39358965  

BBB P2(x)
0.51084071    0.018245202 

BBB first bond length
0.62062186    0.0026495293

BBB second bond length
0.62097506    0.0027223296

BBB <phi**2>/<phi>**2
1.2240992     0.015397259 

Time = 26000
Temperature
1.010655      0.0064975597

Pressure
23.509213     0.062667964 

CM Mom
1.3137603e-16  3.1565739e-17 
7.4038821e-17  1.8454762e-17 
-1.4249636e-16 1.6768228e-17 
2.1070463e-16  1.6380678e-17 

CM Pos
7.494727       0.015306321   
7.5019422      0.0044688182  
7.4925584      0.0095553922  
12.984172      0.011483252   

Stress
20.5108      -0.0160752   0.00245182    0.0851613    0.0653101    0.0686385   
-0.0160752   20.4095      0.0101441     0.0653101    0.0899437    0.08421     
0.00245182   0.0101441    20.516        0.0686385    0.08421      0.103498    

Stress Spherical
0            0            0             0            0            0           
0            0            0             0            0            0           
0            0            0             0            0            0           

Inertia
149.915      -56.2101     -56.1304      0.120458     0.0979146    0.207386    
-56.2101     149.811      -56.2183      0.0979146    0.301098     0.104591    
-56.1304     -56.2183     149.959       0.207386     0.104591     0.228979    

Bond Length
0.61825726    0.0027844374

BB bond length
0.61825726    0.0027844374

Water EE distance
0             0           

PEG EE distance
6.8904447     0.17619886  

BBB P2(x)
0.51874956    0.0066935275

BBB first bond length
0.61820381    0.0025894873

BBB second bond length
0.61824389    0.0026576129

BBB <phi**2>/<phi>**2
1.2248863     0.010845768 

Time = 27000
Temperature
1.0103426     0.0076959699

Pressure
23.514945     0.095617516 

CM Mom
1.3076826e-16  1.9449607e-17 
9.4068637e-17  1.8081474e-17 
-1.2957328e-16 1.7052671e-17 
2.082877e-16   1.8727959e-17 

CM Pos
7.492059       0.015306321   
7.4980885      0.0058935461  
7.496264       0.012042471   
12.982546      0.012945341   

Stress
20.5397      -0.0177513   -0.0314502    0.133542     0.0666302    0.0669346   
-0.0177513   20.4272      0.0153054     0.0666302    0.147365     0.0295894   
-0.0314502   0.0153054    20.4893       0.0669346    0.0295894    0.0958123   

Stress Spherical
0            0            0             0            0            0           
0            0            0             0            0            0           
0            0            0             0            0            0           

Inertia
149.903      -56.1689     -56.1998      0.265994     0.137058     0.147847    
-56.1689     149.831      -56.1761      0.137058     0.301442     0.147683    
-56.1998     -56.1761     149.863       0.147847     0.147683     0.250789    

Bond Length
0.61995755    0.0033864023

BB bond length
0.61995755    0.0033864023

Water EE distance
0             0           

PEG EE distance
6.8017569     0.26532356  

BBB P2(x)
0.51408277    0.018537527 

BBB first bond length
0.62028647    0.0037830593

BBB second bond length
0.62025799    0.003458426 

BBB <phi**2>/<phi>**2
1.2296108     0.0065472379

Time = 28000
Temperature
1.0066627     0.0076351445

Pressure
23.458635     0.056986945 

CM Mom
1.1254694e-16  1.7647242e-17 
1.1588872e-16  1.4415217e-17 
-1.2063637e-16 1.6908318e-17 
2.0309024e-16  1.4477972e-17 

CM Pos
7.498729       0.014021614   
7.486379       0.012208257   
7.497598       0.015800701   
12.980417      0.011986042   

Stress
20.4415      -0.0399297   -0.0093729    0.130389     0.0947494    0.0690065   
-0.0399297   20.4225      0.0308048     0.0947494    0.0956315    0.0738263   
-0.0093729   0.0308048    20.4564       0.0690065    0.0738263    0.10902     

Stress Spherical
0            0            0             0            0            0           
