Time = 500
Temperature
   1.0422128    0.04878403

Pressure
   23.554171    0.15122159

CM Mom
-4.626112e-18  8.834629e-18  
-3.6372854e-17 1.317829e-17  
-3.5991777e-17 1.0699282e-17 
5.3114897e-17  1.3593885e-17 

CM Pos
7.5122744      0.027310223   
7.497203       0.013285171   
7.4923636      0.017540871   
12.991485      0.019804939   

Stress
20.428       0.0656142    -0.0043628    0.0909354    0.0541626    0.083172    
0.0656142    20.4201      0.0413279     0.0541626    0.0830065    0.0726344   
-0.0043628   0.0413279    20.4354       0.083172     0.0726344    0.0971468   

Stress Spherical
0            0            0             0            0            0           
0            0            0             0            0            0           
0            0            0             0            0            0           

Inertia
149.736      -56.2325     -56.2505      0.242621     0.335455     0.223878    
-56.2325     150.001      -56.1553      0.335455     0.364034     0.133991    
-56.2505     -56.1553     150.086       0.223878     0.133991     0.645835    

Bond Length
0.6169342     0.011210266 

BB bond length
0.6169342     0.011210266 

Water EE distance
0             0           

PEG EE distance
3.4427073     0.51353813  

Time = 1000
Temperature
1.0166877     0.011427143 

Pressure
23.589553     0.08986069  

CM Mom
-7.7706839e-18 8.0524608e-18 
-4.3704065e-17 1.7493453e-17 
-4.4626053e-17 2.6754082e-17 
6.5462507e-17  2.7626392e-17 

CM Pos
7.5048663      0.0083498634  
7.4912765      0.012710951   
7.4920673      0.004084566   
12.983586      0.0068186873  

Stress
20.5519      -0.00610746  0.0739809     0.108703     0.0783509    0.0725502   
-0.00610746  20.5066      0.0522424     0.0783509    0.0628294    0.0316044   
0.0739809    0.0522424    20.5609       0.0725502    0.0316044    0.139233    

Stress Spherical
0            0            0             0            0            0           
0            0            0             0            0            0           
0            0            0             0            0            0           

Inertia
149.727      -56.228      -56.2904      0.269681     0.0422521    0.0796576   
-56.228      149.903      -56.1177      0.0422521    0.167444     0.159512    
-56.2904     -56.1177     149.868       0.0796576    0.159512     0.132181    

Bond Length
0.61607715    0.013334549 

BB bond length
0.61607715    0.013334549 

Water EE distance
0             0           

PEG EE distance
3.5510127     0.56791062  

