Time = 500
Temperature
   1.0284939   0.038784622

Pressure
   21.747465    0.20122865

CM Mom
-5.6509968e-18 7.6628356e-18 
3.2670357e-17  1.144639e-17  
-4.5440666e-19 1.436991e-17  
3.7762781e-17  8.3485338e-18 

CM Pos
7.4791264      0.023775285   
7.484719       0.020816254   
7.4864897      0.016970503   
12.96175       0.014190968   

Stress
18.6534      0.0111905    -0.0174148    0.119223     0.0611488    0.0938199   
0.0111905    18.6322      -0.017061     0.0611488    0.126764     0.0863296   
-0.0174148   -0.017061    18.7095       0.0938199    0.0863296    0.112212    

Stress Spherical
0            0            0             0            0            0           
0            0            0             0            0            0           
0            0            0             0            0            0           

Inertia
148.741      -56.0684     -55.9673      0.221757     0.296304     0.132306    
-56.0684     148.663      -56.0636      0.296304     0.215256     0.148911    
-55.9673     -56.0636     148.731       0.132306     0.148911     0.840476    

Bond Length
0.61479775    0.0018953093

BB bond length
0.61479775    0.0018953093

Water EE distance
0             0           

PEG EE distance
3.5912873     0.15491096  

Time = 1000
Temperature
1.0133808     0.0029486541

Pressure
21.774118     0.095643562 

CM Mom
4.9515508e-18  1.2197369e-17 
7.5111005e-17  1.5191304e-17 
-1.1922138e-17 2.2911728e-17 
8.1282953e-17  1.0290712e-17 

CM Pos
7.4746775      0.018630903   
7.4761179      0.0076540709  
7.489159       0.015227481   
12.955739      0.010456735   

Stress
18.7531      0.0294693    0.0491572     0.173071     0.0486883    0.0258429   
0.0294693    18.7325      0.0396683     0.0486883    0.0797222    0.0231655   
0.0491572    0.0396683    18.7254       0.0258429    0.0231655    0.107173    

Stress Spherical
0            0            0             0            0            0           
0            0            0             0            0            0           
0            0            0             0            0            0           

Inertia
148.722      -55.8997     -55.9664      0.231953     0.209102     0.122268    
-55.8997     148.74       -56.0587      0.209102     0.229883     0.159826    
-55.9664     -56.0587     148.612       0.122268     0.159826     0.453408    

Bond Length
0.61161983    0.0041174802

BB bond length
0.61161983    0.0041174802

Water EE distance
0             0           

PEG EE distance
3.7724366     0.18967616  

