Time = 1000
Temperature
     1.04148   0.055062932

Pressure
   23.660888    0.24440449

CM Mom
-1.8616953e-17 2.1159544e-17 
1.0759148e-16  1.5374081e-17 
1.0727043e-16  1.6093872e-16 
1.8423608e-16  1.2677496e-16 

CM Pos
7.4970796      0.017847181   
7.5063098      0.026256523   
7.4898498      0.03597818    
12.98651       0.039895217   

Stress
20.5001      0.00480768   -0.0301151    0.0776551    0.0911295    0.0461515   
0.00480768   20.5882      0.0140411     0.0911295    0.150041     0.0744563   
-0.0301151   0.0140411    20.5303       0.0461515    0.0744563    0.146904    

Stress Spherical
0            0            0             0            0            0           
0            0            0             0            0            0           
0            0            0             0            0            0           

Inertia
149.986      -56.3123     -56.1434      0.31871      0.292881     0.338139    
-56.3123     149.825      -56.1774      0.292881     0.344834     0.414625    
-56.1434     -56.1774     150.084       0.338139     0.414625     0.255608    

Bond Length
0.61845733    0.0063125784

BB bond length
0.61845733    0.0063125784

Water EE distance
0             0           

PEG EE distance
6.2636945     0.22208626  

BBB P2(x)
0.47373491    0.045691918 

BBB first bond length
0.61841799    0.0064230117

BBB second bond length
0.61874471    0.0069172596

BBB <phi**2>/<phi>**2
1.2161669     0.010855402 

Time = 2000
Temperature
1.0119539     0.007495996 

Pressure
23.451032     0.088781581 

CM Mom
-5.7787301e-17 1.9025702e-17 
9.2730514e-17  2.2169795e-17 
4.5024812e-17  2.137166e-17  
1.2128044e-16  2.3808297e-17 

CM Pos
7.4975245      0.010154662   
7.5002298      0.010913516   
7.4997855      0.017347301   
12.988972      0.015077751   

Stress
20.404       -0.0293261   -0.062139     0.141811     0.0555552    0.0712003   
-0.0293261   20.4503      0.0078802     0.0555552    0.107399     0.0486675   
-0.062139    0.0078802    20.4002       0.0712003    0.0486675    0.108177    

Stress Spherical
0            0            0             0            0            0           
0            0            0             0            0            0           
0            0            0             0            0            0           

Inertia
149.922      -56.2384     -56.2251      0.219486     0.121893     0.188318    
-56.2384     149.867      -56.2872      0.121893     0.21742      0.1689      
-56.2251     -56.2872     149.889       0.188318     0.1689       0.212292    

Bond Length
0.61967687    0.0043917201

BB bond length
0.61967687    0.0043917201

Water EE distance
0             0           

PEG EE distance
7.1249806     0.29787536  

BBB P2(x)
0.50775887    0.013210259 

BBB first bond length
0.61998048    0.004270805 

BBB second bond length
0.61959775    0.0044834071

BBB <phi**2>/<phi>**2
1.217179      0.0093007898

