Time = 1000
Temperature
   1.0260939   0.038789801

Pressure
   23.744158    0.15015655

CM Mom
-5.9166476e-17 1.8533048e-17 
-4.1257221e-17 2.5382822e-17 
1.5092848e-17  2.49466e-17   
8.1230161e-17  2.1032821e-17 

CM Pos
7.4936187      0.013551023   
7.5072091      0.021544315   
7.5012618      0.010527901   
12.991611      0.01552939    

Stress
20.6664      0.0131784    -0.0144922    0.0516958    0.056177     0.0693889   
0.0131784    20.6443      -0.0188522    0.056177     0.110008     0.0621692   
-0.0144922   -0.0188522   20.6879       0.0693889    0.0621692    0.120203    

Stress Spherical
0            0            0             0            0            0           
0            0            0             0            0            0           
0            0            0             0            0            0           

Inertia
150.105      -56.2892     -56.187       0.235653     0.240806     0.153766    
-56.2892     149.903      -56.3184      0.240806     0.195576     0.156482    
-56.187      -56.3184     149.983       0.153766     0.156482     0.520764    

Bond Length
0.62070442    0.0047938124

BB bond length
0.62070442    0.0047938124

Water EE distance
0             0           

PEG EE distance
7.5086666     0.30393158  

BBB P2(x)
0.45211107    0.060677766 

BBB first bond length
0.62079979    0.0052394646

BBB second bond length
0.62149456    0.005167011 

BBB <phi**2>/<phi>**2
1.2135837     0.023693357 

Time = 2000
Temperature
1.005595      0.0078078015

Pressure
23.663606     0.11132645  

CM Mom
-7.3320613e-17 1.4860981e-17 
-3.9752378e-17 1.8388771e-17 
3.7587503e-17  2.0636942e-17 
9.457715e-17   2.0224391e-17 

CM Pos
7.4999897      0.0096203179  
7.4952079      0.016258123   
7.4960762      0.017633238   
12.985359      0.016390945   

Stress
20.6326      -0.0178998   -0.0569834    0.13352      0.0716115    0.0657509   
-0.0178998   20.6551      0.0243362     0.0716115    0.13278      0.0699986   
-0.0569834   0.0243362    20.6536       0.0657509    0.0699986    0.142753    

Stress Spherical
0            0            0             0            0            0           
0            0            0             0            0            0           
0            0            0             0            0            0           

Inertia
149.849      -56.2145     -56.2241      0.374432     0.135757     0.18273     
-56.2145     149.919      -56.1411      0.135757     0.341277     0.190626    
-56.2241     -56.1411     149.904       0.18273      0.190626     0.285203    

Bond Length
0.61765198    0.0074391419

BB bond length
0.61765198    0.0074391419

Water EE distance
0             0           

PEG EE distance
7.2091324     0.40717132  

BBB P2(x)
0.49789734    0.030258811 

BBB first bond length
0.617473      0.0076879146

BBB second bond length
0.61765127    0.0082374061

BBB <phi**2>/<phi>**2
1.2110565     0.024929907 

