Time = 1000
Temperature
   1.0676101   0.080411029

Pressure
   23.542502    0.45374233

CM Mom
-5.2608032e-18 1.148235e-17  
1.2073785e-17  1.6217436e-17 
-1.3215239e-18 1.4764838e-16 
1.038658e-16   1.0761965e-16 

CM Pos
7.4989357      0.018346896   
7.5009336      0.019474492   
7.4982867      0.010799989   
12.989346      0.0088129023  

Stress
20.3237      0.00424673   -0.0343783    0.237062     0.0604426    0.0758667   
0.00424673   20.386       -0.0319966    0.0604426    0.24189      0.0868365   
-0.0343783   -0.0319966   20.3369       0.0758667    0.0868365    0.239146    

Stress Spherical
0            0            0             0            0            0           
0            0            0             0            0            0           
0            0            0             0            0            0           

Inertia
150.045      -56.2455     -56.236       1.27049      0.168706     0.160269    
-56.2455     150.009      -56.2323      0.168706     0.82255      0.146221    
-56.236      -56.2323     150.058       0.160269     0.146221     0.985905    

Bond Length
0.61909441    0.0045466935

BB bond length
0.61909441    0.0045466935

Water EE distance
0             0           

PEG EE distance
6.2701602     0.25668881  

BBB P2(x)
0.47065059    0.060750942 

BBB first bond length
0.61886216    0.0046053346

BBB second bond length
0.61901042    0.0048149182

BBB <phi**2>/<phi>**2
1.215963      0.013925004 

Time = 2000
Temperature
1.0100179     0.0071829047

Pressure
23.274192     0.10682085  

CM Mom
-1.2333582e-17 1.8332358e-17 
1.0870201e-18  1.2381591e-17 
-3.9488739e-17 2.8749722e-17 
5.1711278e-17  1.8828934e-17 

CM Pos
7.5041358      0.022029025   
7.5010822      0.01057277    
7.4979896      0.011732619   
12.992249      0.018145556   

Stress
20.2368      -0.000506087 0.00321427    0.141637     0.0522184    0.076766    
-0.000506087 20.315       -0.00757281   0.0522184    0.125042     0.0589342   
0.00321427   -0.00757281  20.2066       0.076766     0.0589342    0.120098    

Stress Spherical
0            0            0             0            0            0           
0            0            0             0            0            0           
0            0            0             0            0            0           

Inertia
149.868      -56.3178     -56.2185      0.245185     0.160342     0.23771     
-56.3178     149.943      -56.2113      0.160342     0.375789     0.167904    
-56.2185     -56.2113     149.983       0.23771      0.167904     0.291302    

Bond Length
0.61931163    0.0025346391

BB bond length
0.61931163    0.0025346391

Water EE distance
0             0           

PEG EE distance
6.4420774     0.16574615  

BBB P2(x)
0.50414789    0.010347378 

BBB first bond length
0.6191276     0.0029506196

BBB second bond length
0.619267      0.0025506655

BBB <phi**2>/<phi>**2
1.2234004     0.0087005301

