Time = 1000
Temperature
   1.2996551    0.40549772

Pressure
    27.08167     3.7428193

CM Mom
-1.4386841e-17 1.0361127e-17 
1.2955617e-16  7.1467155e-17 
-4.6086563e-17 3.8257842e-16 
3.548457e-16   2.1161625e-16 

CM Pos
9.9991225      0.027299365   
10.005361      0.021478533   
9.9922225      0.028910916   
17.318654      0.022020634   

Stress
23.2108      -0.0326304   0.0194249     2.54907      0.0519335    0.042356    
-0.0326304   23.1951      0.00657093    0.0519335    2.56288      0.0474405   
0.0194249    0.00657093   23.1441       0.042356     0.0474405    2.63748     

Stress Spherical
0            0            0             0            0            0           
0            0            0             0            0            0           
0            0            0             0            0            0           

Inertia
268.448      -100.041     -99.9327      6.73402      0.116458     0.584995    
-100.041     268.362      -99.9708      0.116458     5.89386      0.230388    
-99.9327     -99.9708     268.618       0.584995     0.230388     6.77339     

Bond Length
0.61311832    0.0097538848

BB bond length
0.61311832    0.0097538848

Water EE distance
0             0           

PEG EE distance
4.0732031     0.32419075  

BBB P2(x)
0.068743603   0.01390468  

BBB first bond length
0.6133901     0.010233471 

BBB second bond length
0.61341109    0.0096354168

BBB <phi**2>/<phi>**2
1.1187207     0.0031092074

Time = 2000
Temperature
1.0166091     0.0064588713

Pressure
24.559745     0.077261444 

CM Mom
-5.6520929e-19 1.4486063e-17 
1.5370292e-16  1.64305e-17   
-5.772176e-17  8.1016768e-17 
1.7866207e-16  4.5608075e-17 

CM Pos
10.010791      0.01332018    
10.003945      0.012781236   
9.9988069      0.012737681   
17.328335      0.017370947   

Stress
21.5312      0.0216355    0.00998144    0.0985004    0.0572001    0.0583217   
0.0216355    21.4963      0.00818293    0.0572001    0.0637772    0.0375718   
0.00998144   0.00818293   21.5039       0.0583217    0.0375718    0.0916945   

Stress Spherical
0            0            0             0            0            0           
0            0            0             0            0            0           
0            0            0             0            0            0           

Inertia
266.782      -100.117     -100.089      1.03804      0.202433     0.249165    
-100.117     266.938      -100.034      0.202433     0.875336     0.176709    
-100.089     -100.034     267.033       0.249165     0.176709     1.04424     

Bond Length
0.60961431    0.00083558127

BB bond length
0.60961431    0.00083558127

Water EE distance
0             0           

PEG EE distance
3.6619466     0.029560637 

BBB P2(x)
0.056809854   0.0048991879

BBB first bond length
0.609802      0.00082352792

BBB second bond length
0.60994643    0.00079009176

BBB <phi**2>/<phi>**2
1.1145957     0.0016908783

Time = 3000
Temperature
1.0070892     0.0071199893

Pressure
24.486201     0.04960596  

CM Mom
2.2594144e-17  2.8368604e-17 
1.5275034e-16  2.1479958e-17 
-4.9332193e-18 3.1463366e-17 
1.5977223e-16  2.4422198e-17 

CM Pos
10.004373      0.0085079514  
9.9998606      0.010228644   
9.9967232      0.01111397    
17.321067      0.0099284243  

Stress
21.4337      0.0166855    -0.0148518    0.148538     0.0371407    0.0505767   
0.0166855    21.4511      0.0246796     0.0371407    0.0746474    0.0832532   
-0.0148518   0.0246796    21.5115       0.0505767    0.0832532    0.0532068   

Stress Spherical
0            0            0             0            0            0           
0            0            0             0            0            0           
0            0            0             0            0            0           

Inertia
266.702      -100.036     -100.005      0.498751     0.109623     0.178458    
-100.036     266.837      -99.9541      0.109623     0.279513     0.218913    
-100.005     -99.9541     266.901       0.178458     0.218913     0.401971    

Bond Length
0.60943613    0.00039130167

BB bond length
0.60943613    0.00039130167

Water EE distance
0             0           

PEG EE distance
3.6475244     0.042780761 

BBB P2(x)
0.052816777   0.0044923949

BBB first bond length
0.60968905    0.00045179524

BBB second bond length
0.60975297    0.00036026518

BBB <phi**2>/<phi>**2
1.1130292     0.0018261682

Time = 4000
Temperature
1.0120017     0.0046759645

Pressure
24.491327     0.064474533 

CM Mom
1.3674676e-17  1.3256966e-17 
1.1403891e-16  1.5382774e-17 
-1.7286791e-17 1.1593782e-17 
1.1758544e-16  1.453138e-17  

CM Pos
9.999706       0.0091545459  
9.9996105      0.012695071   
10.001474      0.0082778523  
17.320971      0.0098641075  

Stress
21.4585      0.0174376    -0.00424758   0.0799049    0.0544403    0.0555321   
0.0174376    21.4292      -0.0151829    0.0544403    0.0829628    0.0359321   
-0.00424758  -0.0151829   21.4798       0.0555321    0.0359321    0.112426    

Stress Spherical
0            0            0             0            0            0           
0            0            0             0            0            0           
0            0            0             0            0            0           

Inertia
266.694      -99.9939     -99.9923      0.355055     0.141003     0.20499     
-99.9939     266.748      -99.9974      0.141003     0.342909     0.165503    
-99.9923     -99.9974     266.716       0.20499      0.165503     0.29435     

Bond Length
0.61000768    0.00080109596

BB bond length
0.61000768    0.00080109596

Water EE distance
0             0           

PEG EE distance
3.6483277     0.016663809 

BBB P2(x)
0.051118597   0.0053891164

BBB first bond length
0.61025208    0.00073868074

BBB second bond length
0.61020387    0.00079851629

BBB <phi**2>/<phi>**2
1.1120353     0.0020962745

Time = 5000
Temperature
1.0100121     0.0046858871

Pressure
24.469004     0.073603906 

CM Mom
6.0334486e-18  1.2076107e-17 
1.2545425e-16  9.4168197e-18 
-2.5748744e-17 1.4390726e-17 
1.2954112e-16  9.943367e-18  

CM Pos
10.000956      0.0083301371  
9.9955265      0.018779778   
10.001474      0.0071426189  
17.319339      0.011867762   

Stress
21.4356      -0.0182098   -0.000346649  0.0913028    0.0359186    0.0662846   
-0.0182098   21.4154      0.0184576     0.0359186    0.0949444    0.0452432   
-0.000346649 0.0184576    21.4674       0.0662846    0.0452432    0.0951493   

Stress Spherical
0            0            0             0            0            0           
0            0            0             0            0            0           
0            0            0             0            0            0           

Inertia
266.596      -99.9813     -100.058      0.441654     0.24283      0.161174    
-99.9813     266.758      -99.9628      0.24283      0.191194     0.287436    
-100.058     -99.9628     266.637       0.161174     0.287436     0.323619    

Bond Length
0.60967166    0.00064586088

BB bond length
0.60967166    0.00064586088

Water EE distance
0             0           

PEG EE distance
3.6570711     0.031521189 

BBB P2(x)
0.053734179   0.0043903606

BBB first bond length
0.60997433    0.00073325531

BBB second bond length
0.60988289    0.00071468866

BBB <phi**2>/<phi>**2
1.1133726     0.0014975847

Time = 6000
Temperature
1.0125281     0.0057789733

Pressure
24.505339     0.062463048 

CM Mom
1.8199473e-17  1.3509843e-17 
1.2534263e-16  2.8423005e-17 
6.158225e-18   1.6035916e-17 
1.2864305e-16  2.7900189e-17 

CM Pos
9.9988725      0.0084440241  
10.003278      0.013310528   
10.000891      0.0086138459  
17.32227       0.011104967   

Stress
21.4832      0.0202125    -0.020451     0.0826702    0.0591741    0.0292306   
0.0202125    21.4585      0.012981      0.0591741    0.0892745    0.0522147   
-0.020451    0.012981     21.4631       0.0292306    0.0522147    0.0684195   

Stress Spherical
0            0            0             0            0            0           
0            0            0             0            0            0           
0            0            0             0            0            0           

Inertia
266.711      -100.014     -99.9667      0.28912      0.180209     0.141291    
-100.014     266.657      -100.038      0.180209     0.339097     0.125618    
-99.9667     -100.038     266.732       0.141291     0.125618     0.3901      

Bond Length
0.60933852    0.00064300243

BB bond length
0.60933852    0.00064300243

Water EE distance
0             0           

PEG EE distance
3.6012712     0.017650076 

BBB P2(x)
0.05146641    0.0059240777

BBB first bond length
0.60962063    0.00068139841

BBB second bond length
0.60955237    0.00067523333

BBB <phi**2>/<phi>**2
1.1127913     0.0023532061

Time = 7000
Temperature
1.0108162     0.0067051876

Pressure
24.470317     0.034569688 

CM Mom
2.0515021e-17  1.5904607e-17 
1.2238999e-16  1.6676257e-17 
3.8656082e-19  1.9781699e-17 
1.2679369e-16  1.5686155e-17 

CM Pos
9.9992059      0.012545349   
9.9970268      0.0067962494  
9.9983902      0.0072281796  
17.317408      0.010516917   

Stress
21.4486      -0.0325791   -0.0584392    0.0924187    0.0482795    0.0759729   
-0.0325791   21.4611      0.00173434    0.0482795    0.0835515    0.0493891   
-0.0584392   0.00173434   21.4054       0.0759729    0.0493891    0.0385103   

Stress Spherical
0            0            0             0            0            0           
0            0            0             0            0            0           
0            0            0             0            0            0           

Inertia
266.571      -99.9386     -99.9496      0.207942     0.128052     0.18728     
-99.9386     266.626      -99.9503      0.128052     0.337179     0.145724    
-99.9496     -99.9503     266.608       0.18728      0.145724     0.286932    

Bond Length
0.60995293    0.00045540886

BB bond length
0.60995293    0.00045540886

Water EE distance
0             0           

PEG EE distance
3.5991245     0.023688981 

BBB P2(x)
0.053687219   0.004402486 

BBB first bond length
0.61015372    0.00048235612

BBB second bond length
0.61010844    0.00055058076

BBB <phi**2>/<phi>**2
1.1135996     0.0019759247

Time = 8000
Temperature
1.013321      0.0045473681

Pressure
24.500192     0.081988555 

CM Mom
1.0259708e-18  1.6811162e-17 
1.3927536e-16  2.2846652e-17 
1.2921738e-17  1.7604439e-17 
1.4195358e-16  2.3007241e-17 

CM Pos
9.9973722      0.0097427166  
9.9972768      0.0074249233  
10.002057      0.010258483   
17.318613      0.0071304249  

Stress
21.4757      -0.00387916  -0.0251289    0.122712     0.0401924    0.0636448   
-0.00387916  21.4443      0.0137852     0.0401924    0.0949855    0.0552318   
-0.0251289   0.0137852    21.4622       0.0636448    0.0552318    0.101763    

Stress Spherical
0            0            0             0            0            0           
0            0            0             0            0            0           
0            0            0             0            0            0           

Inertia
266.677      -99.9735     -99.979       0.326241     0.0937781    0.116382    
-99.9735     266.669      -99.9678      0.0937781    0.219561     0.151323    
-99.979      -99.9678     266.584       0.116382     0.151323     0.241754    

Bond Length
0.60956605    0.00068058832

BB bond length
0.60956605    0.00068058832

Water EE distance
0             0           

PEG EE distance
3.650576      0.035586875 

BBB P2(x)
0.054293042   0.0049667789

BBB first bond length
0.60983165    0.00072197098

BBB second bond length
0.60978325    0.000594452 

BBB <phi**2>/<phi>**2
1.1130262     0.0020685367

Time = 9000
Temperature
1.0147326     0.0050441947

Pressure
24.515007     0.065996415 

CM Mom
2.8356468e-18  1.6064439e-17 
1.3353927e-16  1.467323e-17  
-5.805121e-18  2.4696247e-17 
1.3690359e-16  1.466825e-17  

CM Pos
9.9989558      0.0097359405  
9.9984437      0.011550133   
9.9978067      0.01174575    
17.317746      0.013240089   

Stress
21.4939      0.0308896    -0.00454899   0.0675457    0.0568543    0.0534191   
0.0308896    21.476       -0.0106143    0.0568543    0.0878446    0.058916    
-0.00454899  -0.0106143   21.444        0.0534191    0.058916     0.107543    

Stress Spherical
0            0            0             0            0            0           
0            0            0             0            0            0           
0            0            0             0            0            0           

Inertia
266.585      -99.9476     -100.006      0.363282     0.170998     0.160756    
-99.9476     266.612      -99.9666      0.170998     0.293048     0.182302    
-100.006     -99.9666     266.637       0.160756     0.182302     0.390501    

Bond Length
0.60970715    0.00057986761

BB bond length
0.60970715    0.00057986761

Water EE distance
0             0           

PEG EE distance
3.6056128     0.04165379  

BBB P2(x)
0.052532699   0.0035023623

BBB first bond length
0.6099172     0.0007654762

BBB second bond length
0.61000388    0.00063655674

BBB <phi**2>/<phi>**2
1.1131789     0.0013197625

Time = 10000
Temperature
1.0107837     0.0036689743

Pressure
24.499271     0.062767396 

CM Mom
7.8239961e-18  3.4761806e-17 
1.4300992e-16  1.0247524e-17 
-3.067005e-17  2.5271785e-17 
1.5272154e-16  9.0495792e-18 

CM Pos
10.000206      0.012798617   
9.9961099      0.00985332    
9.9974734      0.012436344   
17.316928      0.014893728   

Stress
21.4604      0.00796301   -0.0069037    0.100427     0.0578855    0.0809347   
0.00796301   21.4419      0.000987476   0.0578855    0.0648907    0.0462927   
-0.0069037   0.000987476  21.5001       0.0809347    0.0462927    0.0793858   

Stress Spherical
0            0            0             0            0            0           
0            0            0             0            0            0           
0            0            0             0            0            0           

Inertia
266.538      -99.9676     -99.9562      0.439312     0.186622     0.192217    
-99.9676     266.613      -99.9595      0.186622     0.424968     0.199316    
-99.9562     -99.9595     266.578       0.192217     0.199316     0.381332    

Bond Length
0.60966504    0.00064651313

BB bond length
0.60966504    0.00064651313

Water EE distance
0             0           

PEG EE distance
3.594983      0.025374816 

BBB P2(x)
0.050110464   0.0038279788

BBB first bond length
0.60991196    0.00074066449

BBB second bond length
0.60996398    0.00070258731

BBB <phi**2>/<phi>**2
1.112279      0.0020406809

Time = 11000
Temperature
1.0137783     0.0030912093

Pressure
24.46255      0.070141075 

CM Mom
-1.7717255e-17 2.0847321e-17 
1.5817995e-16  2.3742109e-17 
-5.7566794e-17 2.5809753e-17 
1.7195243e-16  2.7304517e-17 

CM Pos
10.00679       0.0079285074  
9.9996105      0.011560954   
10.002558      0.015025866   
17.325691      0.0096495375  

Stress
21.436       -0.00678893  0.00193839    0.106237     0.0664182    0.0513235   
-0.00678893  21.4056      -0.00559864   0.0664182    0.103605     0.0708077   
0.00193839   -0.00559864  21.4235       0.0513235    0.0708077    0.0835433   

Stress Spherical
0            0            0             0            0            0           
0            0            0             0            0            0           
0            0            0             0            0            0           

Inertia
266.715      -100.047     -100.087      0.381445     0.150906     0.146781    
-100.047     266.858      -100.048      0.150906     0.220164     0.206625    
-100.087     -100.048     266.805       0.146781     0.206625     0.248785    

Bond Length
0.60971525    0.00067432783

BB bond length
0.60971525    0.00067432783

Water EE distance
0             0           

PEG EE distance
3.6052678     0.018045598 

BBB P2(x)
0.052169799   0.0044401817

BBB first bond length
0.61001479    0.0007606229

BBB second bond length
0.60997565    0.00079363845

BBB <phi**2>/<phi>**2
1.1120179     0.0024270142

Time = 12000
Temperature
1.0128378     0.0030936672

Pressure
24.446988     0.071243491 

CM Mom
-2.3773606e-17 1.4795234e-17 
1.5461345e-16  1.2039429e-17 
-7.2861336e-17 1.2829113e-17 
1.7354235e-16  1.3811692e-17 

CM Pos
9.9966221      0.0070825527  
9.9970268      0.0076429905  
10.002474      0.0076316207  
17.318274      0.0072244018  

Stress
21.4357      -0.00107518  -0.0008975    0.0879711    0.0812902    0.0436871   
-0.00107518  21.3969      -0.00125458   0.0812902    0.0904729    0.035629    
-0.0008975   -0.00125458  21.3943       0.0436871    0.035629     0.0960963   

Stress Spherical
0            0            0             0            0            0           
0            0            0             0            0            0           
0            0            0             0            0            0           

Inertia
266.627      -99.8977     -100.025      0.199126     0.128975     0.153812    
-99.8977     266.634      -99.9806      0.128975     0.260684     0.106018    
-100.025     -99.9806     266.507       0.153812     0.106018     0.209207    

Bond Length
0.60995687    0.00079957361

BB bond length
0.60995687    0.00079957361

Water EE distance
0             0           

PEG EE distance
3.6828456     0.034009238 

BBB P2(x)
0.055405407   0.0034355797

BBB first bond length
0.61013207    0.00083064495

BBB second bond length
0.6101945     0.00078573405

BBB <phi**2>/<phi>**2
1.1134118     0.0019522753

Time = 13000
Temperature
1.009339      0.0061774599

Pressure
24.467886     0.049945295 

CM Mom
-4.8476947e-17 2.0872972e-17 
1.5549183e-16  2.1137068e-17 
-9.6396609e-17 1.3102768e-17 
1.9120502e-16  1.7742891e-17 

CM Pos
10.00179       0.013005639   
9.9989437      0.008897487   
10.000391      0.003660642   
17.321162      0.0095459672  

Stress
21.4001      0.0218415    0.00244777    0.0983617    0.0377315    0.0368843   
0.0218415    21.4929      0.00156229    0.0377315    0.0679445    0.0504666   
0.00244777   0.00156229   21.4281       0.0368843    0.0504666    0.10193     

Stress Spherical
0            0            0             0            0            0           
0            0            0             0            0            0           
0            0            0             0            0            0           

Inertia
266.653      -99.9546     -100.056      0.182334     0.198138     0.17894     
-99.9546     266.718      -99.9875      0.198138     0.29704      0.100648    
-100.056     -99.9875     266.688       0.17894      0.100648     0.336434    

Bond Length
0.60953477    0.0004232571

BB bond length
0.60953477    0.0004232571

Water EE distance
0             0           

PEG EE distance
3.6002121     0.029220097 

BBB P2(x)
0.052396005   0.0022128018

BBB first bond length
0.60980034    0.00046815397

BBB second bond length
0.609781      0.00051443124

BBB <phi**2>/<phi>**2
1.1132789     0.0011392592

Time = 14000
Temperature
1.0104232     0.0045081088

Pressure
24.495896     0.050763273 

CM Mom
-5.9841396e-17 1.1059885e-17 
1.2476314e-16  1.7825264e-17 
-9.4801843e-17 2.2388139e-17 
1.6980405e-16  1.5559508e-17 

CM Pos
9.9984558      0.01063747    
10.002361      0.020514426   
10.005975      0.0054501693  
17.324438      0.016658379   

Stress
21.4495      0.0403724    0.0310544     0.0835386    0.0620478    0.0686067   
0.0403724    21.4394      0.00636788    0.0620478    0.0713272    0.0627656   
0.0310544    0.00636788   21.5065       0.0686067    0.0627656    0.085518    

Stress Spherical
0            0            0             0            0            0           
0            0            0             0            0            0           
0            0            0             0            0            0           

Inertia
266.828      -100.018     -100.086      0.457211     0.24965      0.123957    
-100.018     266.785      -100.046      0.24965      0.20207      0.286101    
-100.086     -100.046     266.695       0.123957     0.286101     0.544258    

Bond Length
0.60927558    0.00044318756

BB bond length
0.60927558    0.00044318756

Water EE distance
0             0           

PEG EE distance
3.6092165     0.025099421 

BBB P2(x)
0.052081074   0.0049941821

BBB first bond length
0.60949044    0.00052712365

BBB second bond length
0.60948181    0.00037039555

BBB <phi**2>/<phi>**2
1.1126216     0.001863826 

Time = 15000
Temperature
1.0104434     0.0053803516

Pressure
24.491488     0.067536745 

CM Mom
-4.51928e-17   1.384228e-17  
1.287177e-16   8.7236627e-18 
-1.2012904e-16 2.0066147e-17 
1.8312845e-16  1.3264739e-17 

CM Pos
10.003957      0.011158883   
10.003611      0.00928714    
9.9968899      0.0084213699  
17.323088      0.009108216   

Stress
21.5156      -0.0151233   0.00861623    0.0610339    0.0679959    0.0444195   
-0.0151233   21.4409      0.00532483    0.0679959    0.0772444    0.0485928   
0.00861623   0.00532483   21.4254       0.0444195    0.0485928    0.0940634   

Stress Spherical
0            0            0             0            0            0           
0            0            0             0            0            0           
0            0            0             0            0            0           

Inertia
266.686      -100.089     -99.9954      0.223559     0.11522      0.131971    
-100.089     266.673      -100.015      0.11522      0.329188     0.152763    
-99.9954     -100.015     266.804       0.131971     0.152763     0.241722    

Bond Length
0.60972227    0.00052835848

BB bond length
0.60972227    0.00052835848

Water EE distance
0             0           

PEG EE distance
3.6399536     0.019300782 

BBB P2(x)
0.051648389   0.0039628918

BBB first bond length
0.61000244    0.00052175219

BBB second bond length
0.61001324    0.00049681355

BBB <phi**2>/<phi>**2
1.1125667     0.0010196794

Time = 16000
Temperature
1.011484      0.0062422069

Pressure
24.500653     0.04153644  

CM Mom
-3.4846688e-17 8.4761044e-18 
1.5256475e-16  2.7703599e-17 
-1.1107366e-16 2.091031e-17  
1.9365327e-16  2.4548695e-17 

CM Pos
10.002456      0.0099741941  
10.008112      0.0095889162  
9.9974734      0.015553584   
17.325161      0.011238421   

Stress
21.4851      -0.0323403   0.0341503     0.0423525    0.0465667    0.0444237   
-0.0323403   21.4549      -0.0162342    0.0465667    0.101553     0.0606672   
0.0341503    -0.0162342   21.4601       0.0444237    0.0606672    0.0601978   

Stress Spherical
0            0            0             0            0            0           
0            0            0             0            0            0           
0            0            0             0            0            0           

Inertia
266.793      -100.105     -99.9944      0.366089     0.127105     0.225356    
-100.105     266.679      -100.057      0.127105     0.392708     0.205977    
-99.9944     -100.057     266.882       0.225356     0.205977     0.209146    

Bond Length
0.60944505    0.0004201926

BB bond length
0.60944505    0.0004201926

Water EE distance
0             0           

PEG EE distance
3.6682453     0.025711331 

BBB P2(x)
0.050305393   0.0026296385

BBB first bond length
0.60966395    0.00050512001

BBB second bond length
0.60972337    0.00041361745

BBB <phi**2>/<phi>**2
1.1120858     0.001081595 

Time = 17000
Temperature
1.0132444     0.007781316 

Pressure
24.494459     0.043660492 

CM Mom
-4.8427326e-17 1.191053e-17  
1.3513152e-16  1.733159e-17  
-1.1780597e-16 8.1332599e-18 
1.8654814e-16  1.3862339e-17 

CM Pos
10.002623      0.0080760837  
10.003361      0.0097857593  
9.9976401      0.013900758   
17.322605      0.014685091   

Stress
21.4326      -0.0215255   -0.0158686    0.0625767    0.0494789    0.0447807   
-0.0215255   21.4603      0.00973693    0.0494789    0.0996746    0.0479792   
-0.0158686   0.00973693   21.4728       0.0447807    0.0479792    0.0976121   

Stress Spherical
0            0            0             0            0            0           
0            0            0             0            0            0           
0            0            0             0            0            0           

Inertia
266.692      -100.056     -100.001      0.426362     0.149874     0.213636    
-100.056     266.663      -100.028      0.149874     0.359724     0.192931    
-100.001     -100.028     266.775       0.213636     0.192931     0.356252    

Bond Length
0.60963778    0.00066804534

BB bond length
0.60963778    0.00066804534

Water EE distance
0             0           

PEG EE distance
3.6082402     0.021096528 

BBB P2(x)
0.053577526   0.0042435981

BBB first bond length
0.6098534     0.00071507101

BBB second bond length
0.60982626    0.00081808135

BBB <phi**2>/<phi>**2
1.1128606     0.0018532666

Time = 18000
Temperature
1.0107182     0.0033454927

Pressure
24.503022     0.057618693 

CM Mom
-5.7378025e-17 1.1156974e-17 
1.8406078e-16  1.4546102e-17 
-1.0971231e-16 1.9232757e-17 
2.2261452e-16  1.8871672e-17 

CM Pos
10.003123      0.0067428883  
9.9979436      0.0088834223  
10.000974      0.013658777   
17.32169       0.013639718   

Stress
21.4729      -0.00989738  0.00629047    0.0960478    0.0509199    0.0430815   
-0.00989738  21.4709      -0.0172599    0.0509199    0.0754928    0.0334632   
0.00629047   -0.0172599   21.4704       0.0430815    0.0334632    0.120806    

Stress Spherical
0            0            0             0            0            0           
0            0            0             0            0            0           
0            0            0             0            0            0           

Inertia
266.653      -100.026     -100.041      0.372471     0.162051     0.191144    
-100.026     266.738      -99.9277      0.162051     0.302996     0.130087    
-100.041     -99.9277     266.695       0.191144     0.130087     0.224006    

Bond Length
0.60992036    0.00043203656

BB bond length
0.60992036    0.00043203656

Water EE distance
0             0           

PEG EE distance
3.6364603     0.032446776 

BBB P2(x)
0.052607474   0.0039460383

BBB first bond length
0.61020837    0.00033972439

BBB second bond length
0.61019237    0.00052760654

BBB <phi**2>/<phi>**2
1.1128502     0.0010901023

Time = 19000
Temperature
1.0104521     0.0052750039

Pressure
24.505635     0.05459277  

CM Mom
-4.3503013e-17 1.2198147e-17 
1.8001705e-16  2.8507263e-17 
-1.0064484e-16 2.0067176e-17 
2.1314713e-16  1.8986425e-17 

CM Pos
10.010208      0.013781307   
9.9980269      0.0096080951  
9.999557       0.010598215   
17.325017      0.011531669   

Stress
21.4737      -0.0240531   0.00762228    0.0735856    0.0722484    0.038691    
-0.0240531   21.4935      -0.0108908    0.0722484    0.0954334    0.06824     
0.00762228   -0.0108908   21.4571       0.038691     0.06824      0.0646671   

Stress Spherical
0            0            0             0            0            0           
0            0            0             0            0            0           
0            0            0             0            0            0           

Inertia
266.621      -100.044     -100.165      0.296605     0.124723     0.21134     
-100.044     266.852      -99.986       0.124723     0.416273     0.15269     
-100.165     -99.986      266.799       0.21134      0.15269      0.345094    

Bond Length
0.60935495    0.00087546233

BB bond length
0.60935495    0.00087546233

Water EE distance
0             0           

PEG EE distance
3.7008549     0.019830964 

BBB P2(x)
0.052685152   0.0044549436

BBB first bond length
0.60950104    0.00089037141

BBB second bond length
0.60963597    0.00076154137

BBB <phi**2>/<phi>**2
1.1129105     0.0015640401

Time = 20000
Temperature
1.0100969     0.0041293515

Pressure
24.479839     0.068888854 

CM Mom
-2.3136741e-17 2.4427555e-17 
1.8277745e-16  1.0665563e-17 
-1.0908528e-16 2.0349371e-17 
2.1628952e-16  1.3634655e-17 

CM Pos
9.9997893      0.0094975616  
9.9999439      0.0094532068  
10.002141      0.0098250789  
17.321598      0.0040279764  

Stress
21.481       0.00750749   0.0427201     0.0731419    0.051746     0.0470288   
0.00750749   21.4445      -0.00747132   0.051746     0.106731     0.0511955   
0.0427201    -0.00747132  21.4246       0.0470288    0.0511955    0.103584    

Stress Spherical
0            0            0             0            0            0           
0            0            0             0            0            0           
0            0            0             0            0            0           

Inertia
266.722      -99.9902     -100.019      0.305296     0.117537     0.119994    
-99.9902     266.701      -99.9825      0.117537     0.133676     0.128946    
-100.019     -99.9825     266.671       0.119994     0.128946     0.244543    

Bond Length
0.60968384    0.00053012207

BB bond length
0.60968384    0.00053012207

Water EE distance
0             0           

PEG EE distance
3.6743092     0.02343039  

BBB P2(x)
0.054112103   0.0024639692

BBB first bond length
0.60990568    0.00055440111

BBB second bond length
0.60993404    0.00063786402

BBB <phi**2>/<phi>**2
1.1125787     0.0015280798

Time = 21000
Temperature
1.009952      0.0055335805

Pressure
24.475177     0.061194801 

CM Mom
-3.3207448e-17 2.3606592e-17 
1.7476297e-16  2.0538956e-17 
-1.1015422e-16 1.7720739e-17 
2.115645e-16   1.767446e-17  

CM Pos
10.002706      0.0095686099  
10.000111      0.0094458554  
10.002391      0.0055942071  
17.323519      0.0079575824  

Stress
21.4264      -0.00769806  -0.0143892    0.0844334    0.0594141    0.0489629   
-0.00769806  21.4637      0.0182989     0.0594141    0.0882405    0.0454518   
-0.0143892   0.0182989    21.4474       0.0489629    0.0454518    0.0971129   

Stress Spherical
0            0            0             0            0            0           
0            0            0             0            0            0           
0            0            0             0            0            0           

Inertia
266.743      -100.059     -100.06       0.266684     0.144495     0.126028    
-100.059     266.765      -100.045      0.144495     0.216819     0.158697    
-100.06      -100.045     266.731       0.126028     0.158697     0.261416    

Bond Length
0.60954965    0.00055974011

BB bond length
0.60954965    0.00055974011

Water EE distance
0             0           

PEG EE distance
3.6534573     0.033919455 

BBB P2(x)
0.055278715   0.0017962463

BBB first bond length
0.60974939    0.00062535961

BBB second bond length
0.60979239    0.00067309399

BBB <phi**2>/<phi>**2
1.1144598     0.0010703352

Time = 22000
Temperature
1.0129505     0.0038002495

Pressure
24.475934     0.055446388 

CM Mom
-4.8472321e-17 2.1740338e-17 
1.7571537e-16  2.6919098e-17 
-1.3120906e-16 1.6877559e-17 
2.2692635e-16  2.0684226e-17 

CM Pos
10.00354       0.010349833   
10.000611      0.01567637    
10.000641      0.0089860523  
17.323281      0.013845919   

Stress
21.4811      0.0166469    -0.00242505   0.0661982    0.0561539    0.0535887   
0.0166469    21.4065      -0.0107556    0.0561539    0.0858201    0.0536121   
-0.00242505  -0.0107556   21.4251       0.0535887    0.0536121    0.0839319   

Stress Spherical
0            0            0             0            0            0           
0            0            0             0            0            0           
0            0            0             0            0            0           

Inertia
266.716      -100.031     -100.041      0.461195     0.214932     0.137424    
-100.031     266.763      -100.037      0.214932     0.265954     0.180453    
-100.041     -100.037     266.753       0.137424     0.180453     0.461186    

Bond Length
0.6097614     0.00042632057

BB bond length
0.6097614     0.00042632057

Water EE distance
0             0           

PEG EE distance
3.5979364     0.016664505 

BBB P2(x)
0.050354886   0.0032928748

BBB first bond length
0.61005772    0.00048512186

BBB second bond length
0.61002057    0.00041422385

BBB <phi**2>/<phi>**2
1.1124376     0.0015503983

Time = 23000
Temperature
1.0101525     0.0045383306

Pressure
24.459838     0.066108116 

CM Mom
-7.1155066e-17 1.0095238e-17 
1.6664692e-16  1.6261807e-17 
-1.2657351e-16 1.7046826e-17 
2.2179605e-16  1.7848289e-17 

CM Pos
9.9959553      0.0080674775  
10.003028      0.014572423   
10.000724      0.012442208   
17.320349      0.010314975   

Stress
21.4455      -0.00306804  -0.00216257   0.115626     0.0513966    0.0579746   
-0.00306804  21.4115      0.0209404     0.0513966    0.0704582    0.0446865   
-0.00216257  0.0209404    21.4326       0.0579746    0.0446865    0.0595814   

Stress Spherical
0            0            0             0            0            0           
0            0            0             0            0            0           
0            0            0             0            0            0           

Inertia
266.762      -99.9966     -99.9211      0.438705     0.148317     0.134402    
-99.9966     266.599      -100.023      0.148317     0.221188     0.199204    
-99.9211     -100.023     266.661       0.134402     0.199204     0.301534    

Bond Length
0.60954609    0.00060823601

BB bond length
0.60954609    0.00060823601

Water EE distance
0             0           

PEG EE distance
3.5816735     0.015464002 

BBB P2(x)
0.05120733    0.0039678153

BBB first bond length
0.60971374    0.0006503273

BBB second bond length
0.60973455    0.00064845858

BBB <phi**2>/<phi>**2
1.1134934     0.0014851331

Time = 24000
Temperature
1.0095652     0.0031481079

Pressure
24.505297     0.064285483 

CM Mom
-8.0808792e-17 1.5907883e-17 
1.5325876e-16  4.0659937e-17 
-1.2275793e-16 1.8168614e-17 
2.1516853e-16  3.2042318e-17 

CM Pos
10.007374      0.010739832   
10.000694      0.010829047   
9.9988903      0.0076846864  
17.324532      0.01090255    

Stress
21.4827      0.0083261    0.0294255     0.0805341    0.0619673    0.0472998   
0.0083261    21.4903      -0.019395     0.0619673    0.0836367    0.0516028   
0.0294255    -0.019395    21.4583       0.0472998    0.0516028    0.0741201   

Stress Spherical
0            0            0             0            0            0           
0            0            0             0            0            0           
0            0            0             0            0            0           

Inertia
266.668      -100.058     -100.051      0.228483     0.185943     0.156707    
-100.058     266.814      -100.03       0.185943     0.218095     0.113335    
-100.051     -100.03      266.841       0.156707     0.113335     0.36303     

Bond Length
0.60956376    0.00071261954

BB bond length
0.60956376    0.00071261954

Water EE distance
0             0           

PEG EE distance
3.5744466     0.034670554 

BBB P2(x)
0.049567172   0.0036231423

BBB first bond length
0.60974087    0.00073685855

BBB second bond length
0.60982475    0.00071355795

BBB <phi**2>/<phi>**2
1.1118439     0.0013573217

Time = 25000
Temperature
1.0140238     0.0041452964

Pressure
24.520638     0.038846584 

CM Mom
-5.5812118e-17 1.7149043e-17 
1.9330713e-16  1.945281e-17  
-1.2167678e-16 1.4562835e-17 
2.3605099e-16  2.1269353e-17 

CM Pos
9.997789       0.014176135   
10.000111      0.01102076    
10.000641      0.01151399    
17.319673      0.013936229   

Stress
21.5171      -0.0297792   -0.0275022    0.0921727    0.068825     0.0426563   
-0.0297792   21.4852      0.00671553    0.068825     0.0493431    0.0501855   
-0.0275022   0.00671553   21.4349       0.0426563    0.0501855    0.0590567   

Stress Spherical
0            0            0             0            0            0           
0            0            0             0            0            0           
0            0            0             0            0            0           

Inertia
266.695      -99.9546     -99.9714      0.301443     0.213914     0.207985    
-99.9546     266.625      -99.9737      0.213914     0.318676     0.141961    
-99.9714     -99.9737     266.625       0.207985     0.141961     0.450907    

Bond Length
0.6096855     0.00040387615

BB bond length
0.6096855     0.00040387615

Water EE distance
0             0           

PEG EE distance
3.6107982     0.032188499 

BBB P2(x)
0.053587027   0.0040854982

BBB first bond length
0.60989839    0.00036651089

BBB second bond length
0.60984008    0.00052496784

BBB <phi**2>/<phi>**2
1.1134574     0.0014144242

Time = 26000
Temperature
1.0132915     0.0034083293

Pressure
24.487901     0.057210741 

CM Mom
-6.4872238e-17 2.9683899e-17 
1.8023288e-16  1.2819574e-17 
-1.3917225e-16 1.9322721e-17 
2.3936827e-16  1.3523616e-17 

CM Pos
10.000539      0.013294862   
10.002444      0.012907792   
10.005308      0.015030257   
17.325307      0.012919805   

Stress
21.4601      -0.00998639  0.0128248     0.0657854    0.054749     0.0679833   
-0.00998639  21.4799      0.0160065     0.054749     0.0902535    0.0505189   
0.0128248    0.0160065    21.4056       0.0679833    0.0505189    0.085152    

Stress Spherical
0            0            0             0            0            0           
0            0            0             0            0            0           
0            0            0             0            0            0           

Inertia
266.84       -100.054     -100.066      0.510949     0.1321       0.171711    
-100.054     266.797      -100.042      0.1321       0.319624     0.288753    
-100.066     -100.042     266.723       0.171711     0.288753     0.289068    

Bond Length
0.60947982    0.00050841874

BB bond length
0.60947982    0.00050841874

Water EE distance
0             0           

PEG EE distance
3.570779      0.023619786 

BBB P2(x)
0.054394211   0.0043584667

BBB first bond length
0.60981939    0.00043194284

BBB second bond length
0.6096781     0.00055875573

BBB <phi**2>/<phi>**2
1.1133675     0.0023936604

Time = 27000
Temperature
1.0086487     0.0043589911

Pressure
24.479205     0.063881914 

CM Mom
-8.031589e-17  1.3398886e-17 
1.9053226e-16  1.9984684e-17 
-1.4464725e-16 1.1107244e-17 
2.531929e-16   1.6481976e-17 

CM Pos
9.9993726      0.0091150012  
9.9981936      0.015610871   
9.9989736      0.0067629481  
17.318519      0.0086819537  

Stress
21.4453      -0.0161495   0.0152816     0.0970986    0.0588069    0.0753103   
-0.0161495   21.4882      0.00881472    0.0588069    0.0917277    0.0616751   
0.0152816    0.00881472   21.4278       0.0753103    0.0616751    0.0817725   

Stress Spherical
0            0            0             0            0            0           
0            0            0             0            0            0           
0            0            0             0            0            0           

Inertia
266.614      -99.9557     -100.002      0.263897     0.135951     0.0964394   
-99.9557     266.613      -99.9863      0.135951     0.180539     0.159       
-100.002     -99.9863     266.606       0.0964394    0.159        0.324281    

Bond Length
0.60969122    0.00060013916

BB bond length
0.60969122    0.00060013916

Water EE distance
0             0           

PEG EE distance
3.6384537     0.023661094 

BBB P2(x)
0.055411594   0.0045871309

BBB first bond length
0.60992338    0.00070770937

BBB second bond length
0.61003107    0.00063546972

BBB <phi**2>/<phi>**2
1.1141281     0.0019024774

Time = 28000
Temperature
1.011266      0.0047773403

Pressure
24.506188     0.051555618 

CM Mom
-8.3522121e-17 2.3758802e-17 
1.7337172e-16  2.100952e-17  
-1.2464273e-16 6.1073932e-18 
2.3077314e-16  1.8879817e-17 

CM Pos
10.004207      0.01322466    
10.000694      0.0072281796  
10.000724      0.010148188   
17.323763      0.0087920004  

Stress
21.4921      0.020149     0.026328      0.0892478    0.0456913    0.0667395   
0.020149     21.4549      0.0266086     0.0456913    0.0628271    0.0511001   
0.026328     0.0266086    21.4717       0.0667395    0.0511001    0.0704638   

Stress Spherical
