Time = 1000
Temperature
   1.1965817    0.22779904

Pressure
   24.346199     1.4970778

CM Mom
4.586489e-18   2.036402e-17  
1.7056006e-17  4.3141903e-17 
1.0416862e-16  2.5278977e-16 
1.9670636e-16  1.9659154e-16 

CM Pos
9.9903921      0.038449552   
10.011157      0.026357668   
10.003335      0.018415489   
17.323404      0.0099779857  

Stress
20.7571      -0.00366401  -0.00955352   0.915024     0.0442755    0.0677651   
-0.00366401  20.7644      -0.0186255    0.0442755    0.861414     0.0508637   
-0.00955352  -0.0186255   20.7595       0.0677651    0.0508637    0.877331    

Stress Spherical
0            0            0             0            0            0           
0            0            0             0            0            0           
0            0            0             0            0            0           

Inertia
267.476      -99.9729     -99.9675      5.41662      0.193054     0.168057    
-99.9729     267.013      -100.138      0.193054     3.99876      0.443232    
-99.9675     -100.138     267.212       0.168057     0.443232     4.37413     

Bond Length
0.62450502    0.011204764 

BB bond length
0.62450502    0.011204764 

Water EE distance
0             0           

PEG EE distance
6.9142444     0.31133373  

BBB P2(x)
0.098596175   0.020333811 

BBB first bond length
0.62477111    0.011561731 

BBB second bond length
0.62470063    0.011260986 

BBB <phi**2>/<phi>**2
1.1237226     0.0068876649

Time = 2000
Temperature
1.0158008     0.0065712127

Pressure
23.073254     0.070366437 

CM Mom
5.8124163e-18  3.0772562e-17 
-2.3077104e-17 9.7565553e-18 
-1.4018569e-17 1.749206e-16  
1.4450962e-16  1.0732747e-16 

CM Pos
10.00082       0.010892785   
9.9985599      0.0078617717  
9.9985796      0.0099116354  
17.319336      0.0079183342  

Stress
20.0211      0.000367067  -0.0351422    0.0701656    0.02903      0.0374584   
0.000367067  20.0308      0.0208722     0.02903      0.106083     0.0372409   
-0.0351422   0.0208722    20.0356       0.0374584    0.0372409    0.0867768   

Stress Spherical
0            0            0             0            0            0           
0            0            0             0            0            0           
0            0            0             0            0            0           

Inertia
266.526      -99.9907     -100.033      1.36124      0.132357     0.148837    
-99.9907     266.576      -100          0.132357     1.07528      0.189661    
-100.033     -100         266.59        0.148837     0.189661     1.12322     

Bond Length
0.62339812    0.0017035174

BB bond length
0.62339812    0.0017035174

Water EE distance
0             0           

PEG EE distance
6.4673505     0.17154985  

BBB P2(x)
0.088879032   0.0070752189

BBB first bond length
0.6234595     0.0017270076

BBB second bond length
0.62353655    0.0016764698

BBB <phi**2>/<phi>**2
1.1218693     0.0029445484

Time = 3000
Temperature
1.0131384     0.004618567 

Pressure
23.01488      0.046161873 

CM Mom
1.6214332e-17  1.5731967e-17 
-4.0283472e-17 1.6674259e-17 
-1.1065762e-17 7.253054e-17  
7.8737522e-17  3.9933961e-17 

CM Pos
9.9985676      0.012321882   
9.998977       0.0080433608  
9.9993304      0.0086571947  
17.318709      0.010623757   

Stress
19.9626      -0.00421663  -0.0096744    0.0923764    0.0562071    0.0352911   
-0.00421663  20.0051      -0.0295478    0.0562071    0.0519533    0.0751177   
-0.0096744   -0.0295478   19.9685       0.0352911    0.0751177    0.0709051   

Stress Spherical
0            0            0             0            0            0           
0            0            0             0            0            0           
0            0            0             0            0            0           

Inertia
266.538      -99.9352     -99.9169      0.527576     0.17884      0.154132    
-99.9352     266.532      -99.9795      0.17884      0.685878     0.142228    
-99.9169     -99.9795     266.51        0.154132     0.142228     0.619555    

Bond Length
0.62299207    0.00082001926

BB bond length
0.62299207    0.00082001926

Water EE distance
0             0           

PEG EE distance
6.1450116     0.096976207 

BBB P2(x)
0.083166931   0.0065223421

BBB first bond length
0.62316123    0.00095810456

BBB second bond length
0.62308275    0.00093644546

BBB <phi**2>/<phi>**2
1.1212733     0.0038371892

Time = 4000
Temperature
1.0107817     0.004051277 

Pressure
22.99913      0.058785748 

CM Mom
2.1176333e-17  1.7211536e-17 
-5.0702029e-17 1.3632564e-17 
2.1680382e-17  3.5102002e-17 
6.8440487e-17  2.2788285e-17 

CM Pos
10.002238      0.010252635   
10.004566      0.012548268   
9.999831       0.010114931   
17.324348      0.0089523721  

Stress
19.9442      -0.0309363   0.00479901    0.0621051    0.0492606    0.0592062   
-0.0309363   19.996       -0.0131576    0.0492606    0.0754611    0.0586513   
0.00479901   -0.0131576   19.97         0.0592062    0.0586513    0.091373    

Stress Spherical
0            0            0             0            0            0           
0            0            0             0            0            0           
0            0            0             0            0            0           

Inertia
266.69       -100.052     -100.035      0.252299     0.231833     0.149277    
-100.052     266.651      -100.041      0.231833     0.3878       0.121653    
-100.035     -100.041     266.738       0.149277     0.121653     0.296221    

Bond Length
0.62314178    0.001155558 

BB bond length
0.62314178    0.001155558 

Water EE distance
0             0           

PEG EE distance
6.0157198     0.069403189 

BBB P2(x)
0.083755188   0.0050255004

BBB first bond length
0.62323165    0.0010508718

BBB second bond length
0.62327706    0.0012681691

BBB <phi**2>/<phi>**2
1.1209524     0.0029802374

Time = 5000
Temperature
1.0152173     0.0050171153

Pressure
22.991121     0.071572409 

CM Mom
3.6945688e-18  2.7421081e-17 
-4.1018837e-17 1.6345099e-17 
5.0128429e-17  9.8671731e-18 
7.2022541e-17  1.1757839e-17 

CM Pos
10.003656      0.0086055913  
10.004817      0.0074784132  
9.9980791      0.014348878   
17.324299      0.0098236698  

Stress
19.9555      0.0175937    0.00329359    0.0977189    0.0492265    0.0548724   
0.0175937    19.9837      -0.0476528    0.0492265    0.11353      0.041279    
0.00329359   -0.0476528   19.9071       0.0548724    0.041279     0.0651059   

Stress Spherical
0            0            0             0            0            0           
0            0            0             0            0            0           
0            0            0             0            0            0           

Inertia
266.676      -100.089     -99.9931      0.336924     0.105562     0.17596     
-100.089     266.673      -100.018      0.105562     0.342693     0.19191     
-99.9931     -100.018     266.796       0.17596      0.19191      0.239949    

Bond Length
0.6232151     0.00083642666

BB bond length
0.6232151     0.00083642666

Water EE distance
0             0           

PEG EE distance
5.788379      0.064495091 

BBB P2(x)
0.078134498   0.005354598 

BBB first bond length
0.62334537    0.00081873231

BBB second bond length
0.62338645    0.00084060889

BBB <phi**2>/<phi>**2
1.118958      0.0025854315

Time = 6000
Temperature
1.0107401     0.0025553771

Pressure
22.988109     0.057782331 

CM Mom
-6.8040176e-18 1.1060078e-17 
-3.2365104e-17 1.4847641e-17 
4.2757526e-17  1.4337831e-17 
5.6698161e-17  1.5989694e-17 

CM Pos
10.002906      0.0097015712  
9.9967246      0.0090348301  
9.9979957      0.014421689   
17.319148      0.0071212033  

Stress
19.9552      -0.00775295  -0.0249294    0.0872346    0.0454615    0.0361704   
-0.00775295  19.9432      -0.00621529   0.0454615    0.0600562    0.0477768   
-0.0249294   -0.00621529  19.9791       0.0361704    0.0477768    0.0838815   

Stress Spherical
0            0            0             0            0            0           
0            0            0             0            0            0           
0            0            0             0            0            0           

Inertia
266.514      -100.013     -100.024      0.30126      0.0668206    0.179766    
-100.013     266.652      -99.9631      0.0668206    0.276789     0.138765    
-100.024     -99.9631     266.623       0.179766     0.138765     0.251073    

Bond Length
0.62364742    0.001030418 

BB bond length
0.62364742    0.001030418 

Water EE distance
0             0           

PEG EE distance
5.6415908     0.11771126  

BBB P2(x)
0.075022796   0.0066701296

BBB first bond length
0.62373436    0.0010471332

BBB second bond length
0.62383505    0.0010668202

BBB <phi**2>/<phi>**2
1.1173861     0.0021071636

Time = 7000
Temperature
1.0098318     0.0060035516

Pressure
22.959541     0.042530989 

CM Mom
-2.5493648e-18 1.3499719e-17 
-3.7831009e-17 1.2771136e-17 
5.5550341e-17  8.4876265e-18 
6.9497308e-17  1.053723e-17  

CM Pos
10.00107       0.0093702318  
10.001313      0.0080727257  
9.9978288      0.013169589   
17.320637      0.010151548   

Stress
19.9129      -1.91674e-05 0.00771992    0.0646962    0.0596047    0.0397849   
-1.91674e-05 19.935       0.0106664     0.0596047    0.0926695    0.0481242   
0.00771992   0.0106664    19.952        0.0397849    0.0481242    0.0800828   

Stress Spherical
0            0            0             0            0            0           
0            0            0             0            0            0           
0            0            0             0            0            0           

Inertia
266.621      -100.04      -99.9948      0.194827     0.117066     0.179197    
-100.04      266.633      -99.9849      0.117066     0.420112     0.160484    
-99.9948     -99.9849     266.682       0.179197     0.160484     0.273744    

Bond Length
0.62368526    0.0012599462

BB bond length
0.62368526    0.0012599462

Water EE distance
0             0           

PEG EE distance
5.3538579     0.040899318 

BBB P2(x)
0.07032799    0.0078531512

BBB first bond length
0.62382454    0.0012356787

BBB second bond length
0.62379021    0.0013481962

BBB <phi**2>/<phi>**2
1.1169692     0.0031093284

Time = 8000
Temperature
1.0114408     0.0043311168

Pressure
22.980014     0.050712527 

CM Mom
1.1367236e-17  1.5058609e-17 
-6.4280079e-17 1.9776914e-17 
5.8001674e-17  1.1505133e-17 
9.0400096e-17  1.4262384e-17 

CM Pos
10.000069      0.010217276   
9.9993942      0.010670737   
10.001499      0.01273435    
17.321073      0.0074319949  

Stress
19.9588      0.00659635   -0.0122124    0.0739589    0.0431803    0.0502034   
0.00659635   19.9552      0.0240449     0.0431803    0.0588301    0.0580754   
-0.0122124   0.0240449    19.9329       0.0502034    0.0580754    0.0852616   

Stress Spherical
0            0            0             0            0            0           
0            0            0             0            0            0           
0            0            0             0            0            0           

Inertia
266.68       -100.005     -100.041      0.358568     0.155469     0.122701    
-100.005     266.691      -100.01       0.155469     0.192523     0.126611    
-100.041     -100.01      266.652       0.122701     0.126611     0.21574     

Bond Length
0.62264089    0.001178454 

BB bond length
0.62264089    0.001178454 

Water EE distance
0             0           

PEG EE distance
5.4475286     0.050471574 

BBB P2(x)
0.073305674   0.0053141947

BBB first bond length
0.62266701    0.0012687163

BBB second bond length
0.62274658    0.0012181252

BBB <phi**2>/<phi>**2
1.1183573     0.0026728285

Time = 9000
Temperature
1.0107952     0.0048964137

Pressure
22.975482     0.064858008 

CM Mom
2.6416422e-17  1.6065776e-17 
-5.0145506e-17 1.3487463e-17 
5.9327688e-17  1.4535516e-17 
8.5333747e-17  1.0081033e-17 

CM Pos
9.9994018      0.010438303   
9.9965577      0.0095515593  
9.999247       0.0096281225  
17.317745      0.011439149   

Stress
19.9348      0.00128      0.00130531    0.0903132    0.0526775    0.035503    
0.00128      19.9349      -0.0309115    0.0526775    0.0769638    0.0265302   
0.00130531   -0.0309115   19.9694       0.035503     0.0265302    0.093958    

Stress Spherical
0            0            0             0            0            0           
0            0            0             0            0            0           
0            0            0             0            0            0           

Inertia
266.559      -99.9498     -100.024      0.333935     0.17747      0.136499    
-99.9498     266.629      -99.9472      0.17747      0.28668      0.11874     
-100.024     -99.9472     266.577       0.136499     0.11874      0.279676    

Bond Length
0.62360143    0.00097673678

BB bond length
0.62360143    0.00097673678

Water EE distance
0             0           

PEG EE distance
5.3356853     0.091671672 

BBB P2(x)
0.06811636    0.0067906325

BBB first bond length
0.62374238    0.00087945035

BBB second bond length
0.62369282    0.00096049643

BBB <phi**2>/<phi>**2
1.1167605     0.0025794414

Time = 10000
Temperature
1.0102868     0.003783073 

Pressure
22.977203     0.090849312 

CM Mom
3.4441273e-17  1.8325547e-17 
-5.5616968e-17 1.1060572e-17 
7.0987542e-17  1.015579e-17  
9.912663e-17   7.3411617e-18 

CM Pos
9.9932285      0.0085873758  
9.9923866      0.007334173   
9.9990802      0.010798779   
17.311676      0.010547522   

Stress
19.9824      0.0198874    -0.00117807   0.0938999    0.0387864    0.037921    
0.0198874    19.943       -0.00190836   0.0387864    0.0829219    0.0355633   
-0.00117807  -0.00190836  19.9235       0.037921     0.0355633    0.117853    

Stress Spherical
0            0            0             0            0            0           
0            0            0             0            0            0           
0            0            0             0            0            0           

Inertia
266.499      -99.8434     -99.9039      0.310928     0.102401     0.146515    
-99.8434     266.515      -99.8748      0.102401     0.278628     0.196107    
-99.9039     -99.8748     266.388       0.146515     0.196107     0.194566    

Bond Length
0.62354086    0.0011590129

BB bond length
0.62354086    0.0011590129

Water EE distance
0             0           

PEG EE distance
5.1429524     0.13560093  

BBB P2(x)
0.07243264    0.00654396  

BBB first bond length
0.62353735    0.0012667918

BBB second bond length
0.62371325    0.0013399814

BBB <phi**2>/<phi>**2
1.1174004     0.0032571732

Time = 11000
Temperature
1.0127811     0.0033609685

Pressure
22.987055     0.090752715 

CM Mom
3.6009079e-17  1.0967221e-17 
-5.2588214e-17 1.8699561e-17 
6.9839877e-17  1.9173619e-17 
9.7213496e-17  1.8080373e-17 

CM Pos
10.002488      0.0072578627  
10.001229      0.010171194   
9.997662       0.010348912   
17.321312      0.0062498939  

Stress
19.9457      -0.0265382   -0.00370419   0.114675     0.0511551    0.0402873   
-0.0265382   19.9581      0.0249958     0.0511551    0.0759929    0.0516118   
-0.00370419  0.0249958    19.9522       0.0402873    0.0516118    0.120397    

Stress Spherical
0            0            0             0            0            0           
0            0            0             0            0            0           
0            0            0             0            0            0           

Inertia
266.64       -100.028     -99.9995      0.204351     0.12651      0.103645    
-100.028     266.665      -99.9911      0.12651      0.238033     0.10753     
-99.9995     -99.9911     266.723       0.103645     0.10753      0.233331    

Bond Length
0.62330069    0.0011541096

BB bond length
0.62330069    0.0011541096

Water EE distance
0             0           

PEG EE distance
5.197787      0.070454535 

BBB P2(x)
0.070851818   0.0097182327

BBB first bond length
0.62342646    0.00099638376

BBB second bond length
0.62347171    0.001165124 

BBB <phi**2>/<phi>**2
1.1180367     0.0025090927

Time = 12000
Temperature
1.0117019     0.0049312104

Pressure
22.986484     0.054528058 

CM Mom
3.8722119e-17  1.181795e-17  
-6.0967882e-17 1.6233192e-17 
7.7181548e-17  2.842691e-17  
1.0972136e-16  1.8600253e-17 

CM Pos
10.000153      0.0068939488  
10.000729      0.0081861573  
9.9977454      0.0079300807  
17.31972       0.0055238791  

Stress
19.9586      0.00173259   -0.0243113    0.0464907    0.0437333    0.0474849   
0.00173259   19.9665      0.0116957     0.0437333    0.0719113    0.0585291   
-0.0243113   0.0116957    19.9389       0.0474849    0.0585291    0.0771367   

Stress Spherical
0            0            0             0            0            0           
0            0            0             0            0            0           
0            0            0             0            0            0           

Inertia
266.63       -100.041     -99.9649      0.176568     0.152326     0.116413    
-100.041     266.624      -99.9924      0.152326     0.162247     0.10206     
-99.9649     -99.9924     266.676       0.116413     0.10206      0.263802    

Bond Length
0.62340348    0.00071687241

BB bond length
0.62340348    0.00071687241

Water EE distance
0             0           

PEG EE distance
5.2780788     0.042391794 

BBB P2(x)
0.075704292   0.0072616971

BBB first bond length
0.62351861    0.00081560942

BBB second bond length
0.62355822    0.00083743003

BBB <phi**2>/<phi>**2
1.1183468     0.0030391094

Time = 13000
Temperature
1.0095986     0.0065221599

Pressure
22.957042     0.058042344 

CM Mom
3.4037657e-17  2.2353451e-17 
-7.12955e-17   2.0991135e-17 
7.4835858e-17  1.6101897e-17 
1.1250122e-16  1.9623143e-17 

CM Pos
10.001237      0.015031091   
9.9992273      0.012415567   
10.001499      0.0096933181  
17.321652      0.011882784   

Stress
19.907       -0.0144827   0.00821381    0.0677671    0.0328947    0.0653067   
-0.0144827   19.9579      0.0103169     0.0328947    0.09558      0.0567511   
0.00821381   0.0103169    19.9297       0.0653067    0.0567511    0.0531038   

Stress Spherical
0            0            0             0            0            0           
0            0            0             0            0            0           
0            0            0             0            0            0           

Inertia
266.693      -100.005     -100.028      0.257764     0.268597     0.175836    
-100.005     266.71       -99.9751      0.268597     0.194461     0.116957    
-100.028     -99.9751     266.693       0.175836     0.116957     0.549707    

Bond Length
0.62407871    0.0014037081

BB bond length
0.62407871    0.0014037081

Water EE distance
0             0           

PEG EE distance
5.3494668     0.057798089 

BBB P2(x)
0.07380609    0.0060112055

BBB first bond length
0.62423207    0.0013444639

BBB second bond length
0.62408226    0.0013970961

BBB <phi**2>/<phi>**2
1.1181343     0.0023858502

Time = 14000
Temperature
1.0085548     0.0055497043

Pressure
22.9616       0.10874933  

CM Mom
1.086281e-17   7.7523333e-18 
-8.8959086e-17 8.4208837e-18 
6.4931943e-17  3.1503505e-17 
1.1453678e-16  1.5896044e-17 

CM Pos
10.002572      0.0081823307  
9.9988102      0.0083189795  
9.9974117      0.0089834592  
17.319816      0.0090134882  

Stress
19.9453      0.00180197   -0.00371886   0.132462     0.0601222    0.028867    
0.00180197   19.9468      -0.0180023    0.0601222    0.104054     0.0422416   
-0.00371886  -0.0180023   19.9255       0.028867     0.0422416    0.130056    

Stress Spherical
0            0            0             0            0            0           
0            0            0             0            0            0           
0            0            0             0            0            0           

Inertia
266.588      -100.036     -99.9921      0.218563     0.149145     0.165257    
-100.036     266.661      -99.9554      0.149145     0.305185     0.153646    
-99.9921     -99.9554     266.69        0.165257     0.153646     0.294391    

Bond Length
0.62322354    0.0012851151

BB bond length
0.62322354    0.0012851151

Water EE distance
0             0           

PEG EE distance
5.4086476     0.074774151 

BBB P2(x)
0.075111125   0.0054864452

BBB first bond length
0.62331733    0.0013077986

BBB second bond length
0.62331698    0.00137079  

BBB <phi**2>/<phi>**2
1.1185082     0.0028619094

Time = 15000
Temperature
1.0119067     0.0052813741

Pressure
23.002278     0.05786476  

CM Mom
1.8819586e-17  5.6122792e-18 
-8.7816979e-17 1.1609416e-17 
9.5736939e-17  1.5052178e-17 
1.3168328e-16  1.6849833e-17 

CM Pos
9.999235       0.0095919128  
9.995223       0.0093646597  
9.9958266      0.0060440463  
17.314905      0.0049153464  

Stress
19.9942      0.0251173    0.00382343    0.0930449    0.044225     0.0400578   
0.0251173    19.9499      0.0019117     0.044225     0.0792862    0.0359      
0.00382343   0.0019117    19.9654       0.0400578    0.0359       0.0948381   

Stress Spherical
0            0            0             0            0            0           
0            0            0             0            0            0           
0            0            0             0            0            0           

Inertia
266.494      -99.9158     -99.9519      0.215586     0.0954456    0.128623    
-99.9158     266.546      -99.9115      0.0954456    0.200786     0.149058    
-99.9519     -99.9115     266.563       0.128623     0.149058     0.158796    

Bond Length
0.62363168    0.00080538106

BB bond length
0.62363168    0.00080538106

Water EE distance
0             0           

PEG EE distance
5.4434838     0.089999128 

BBB P2(x)
0.074681584   0.0047579838

BBB first bond length
0.62388027    0.00072962138

BBB second bond length
0.62360295    0.00078859877

BBB <phi**2>/<phi>**2
1.11808       0.0025556682

Time = 16000
Temperature
1.0127646     0.0061327822

Pressure
23.011049     0.050816634 

CM Mom
2.5220827e-17  1.6481321e-17 
-9.5291963e-17 3.4215986e-17 
1.2032437e-16  2.0854679e-17 
1.576559e-16   3.4878442e-17 

CM Pos
9.9997355      0.012470101   
9.9973086      0.010753572   
9.9995807      0.008574399   
17.318567      0.0099855148  

Stress
19.9913      -0.00860556  -0.014162     0.0560143    0.0250478    0.0489368   
-0.00860556  19.9729      -0.00508724   0.0250478    0.114977     0.066721    
-0.014162    -0.00508724  19.9639       0.0489368    0.066721     0.0571443   

Stress Spherical
0            0            0             0            0            0           
0            0            0             0            0            0           
0            0            0             0            0            0           

Inertia
266.588      -100.004     -100.001      0.144483     0.212513     0.142369    
-100.004     266.636      -99.96        0.212513     0.279202     0.0474562   
-100.001     -99.96       266.602       0.142369     0.0474562    0.36635     

Bond Length
0.62340843    0.00080817776

BB bond length
0.62340843    0.00080817776

Water EE distance
0             0           

PEG EE distance
5.4526981     0.04686474  

BBB P2(x)
0.07456811    0.0065989262

BBB first bond length
0.62346545    0.00073861267

BBB second bond length
0.62344692    0.00085616105

BBB <phi**2>/<phi>**2
1.1185793     0.0037486477

Time = 17000
Temperature
1.0097045     0.004633542 

Pressure
22.966629     0.069458775 

CM Mom
3.5716635e-17  1.6821068e-17 
-9.6975022e-17 1.8764243e-17 
1.209672e-16   1.1050276e-17 
1.606244e-16   1.6427203e-17 

CM Pos
9.9973162      0.0069502514  
9.9999781      0.0088523523  
10.002083      0.0080121513  
17.320152      0.0090786683  

Stress
19.8926      -0.00795031  -0.0192098    0.106189     0.0460811    0.036312    
-0.00795031  19.985       0.00727884    0.0460811    0.045895     0.035377    
-0.0192098   0.00727884   19.9448       0.036312     0.035377     0.082122    

Stress Spherical
0            0            0             0            0            0           
0            0            0             0            0            0           
0            0            0             0            0            0           

Inertia
266.698      -99.9691     -99.9424      0.219252     0.139713     0.12737     
-99.9691     266.653      -99.9856      0.139713     0.250303     0.0864492   
-99.9424     -99.9856     266.611       0.12737      0.0864492    0.289925    

Bond Length
0.62346326    0.00085447293

BB bond length
0.62346326    0.00085447293

Water EE distance
0             0           

PEG EE distance
5.3747901     0.056565953 

BBB P2(x)
0.074569043   0.0033226248

BBB first bond length
0.62344311    0.0008338632

BBB second bond length
0.62367112    0.00088188013

BBB <phi**2>/<phi>**2
1.1168269     0.0022101137

Time = 18000
Temperature
1.0079194     0.0063851792

Pressure
22.948163     0.057678761 

CM Mom
2.6179346e-17  1.3840112e-17 
-8.3471328e-17 2.7474433e-17 
1.1089981e-16  2.6451872e-17 
1.4545633e-16  2.0979487e-17 

CM Pos
10.00349       0.016636495   
9.9975588      0.010828706   
10.002         0.0093869283  
17.322277      0.014303757   

Stress
19.929       -0.0188778   -0.00138205   0.0770161    0.0686497    0.0498556   
-0.0188778   19.9126      -0.0229578    0.0686497    0.0890852    0.0538719   
-0.00138205  -0.0229578   19.9414       0.0498556    0.0538719    0.0516397   

Stress Spherical
0            0            0             0            0            0           
0            0            0             0            0            0           
0            0            0             0            0            0           

Inertia
266.649      -100.014     -100.03       0.358253     0.23405      0.199673    
-100.014     266.771      -100.05       0.23405      0.386422     0.168257    
-100.03      -100.05      266.678       0.199673     0.168257     0.466009    

Bond Length
0.62369619    0.00097114207

BB bond length
0.62369619    0.00097114207

Water EE distance
0             0           

PEG EE distance
5.3141635     0.081445779 

BBB P2(x)
0.071078276   0.0069928647

BBB first bond length
0.62391394    0.00081958876

BBB second bond length
0.62381584    0.0010695721

BBB <phi**2>/<phi>**2
1.1177447     0.0028396265

Time = 19000
Temperature
1.0081548     0.0039463856

Pressure
22.959223     0.030327451 

CM Mom
3.5228939e-17  1.6246222e-17 
-7.9778293e-17 7.6292853e-18 
1.0763268e-16  1.4003551e-17 
1.4005076e-16  9.7200454e-18 

CM Pos
9.9982339      0.01504775    
10.00198       0.01547819    
10.000665      0.0086217505  
17.321025      0.014797403   

Stress
19.9103      0.0060983    -0.00244569   0.0559768    0.0257627    0.0467261   
0.0060983    19.9467      -0.00481567   0.0257627    0.0749929    0.0556159   
-0.00244569  -0.00481567  19.9571       0.0467261    0.0556159    0.0711951   

Stress Spherical
0            0            0             0            0            0           
0            0            0             0            0            0           
0            0            0             0            0            0           

Inertia
266.711      -100.012     -99.9867      0.41143      0.247471     0.138514    
-100.012     266.634      -100.041      0.247471     0.311048     0.191521    
-99.9867     -100.041     266.68        0.138514     0.191521     0.477834    

Bond Length
0.62395208    0.00077328042

BB bond length
0.62395208    0.00077328042

Water EE distance
0             0           

PEG EE distance
5.280017      0.044825304 

BBB P2(x)
0.077461007   0.0060307907

BBB first bond length
0.6239909     0.00070704494

BBB second bond length
0.62410763    0.00075257879

BBB <phi**2>/<phi>**2
1.1210785     0.0029945639

Time = 20000
Temperature
1.0089772     0.0043523899

Pressure
22.957542     0.063471284 

CM Mom
4.1612611e-17  1.0773544e-17 
-8.6007263e-17 2.0585548e-17 
1.0861629e-16  1.4156709e-17 
1.4641961e-16  1.5096459e-17 

CM Pos
10.003072      0.012674914   
9.9966412      0.0083756739  
10.000081      0.011915289   
17.320399      0.007427257   

Stress
19.9486      -0.0108198   -0.0295584    0.0657564    0.0286095    0.0743435   
-0.0108198   19.9139      0.00683792    0.0286095    0.0801327    0.076339    
-0.0295584   0.00683792   19.9392       0.0743435    0.076339     0.0907238   

Stress Spherical
0            0            0             0            0            0           
0            0            0             0            0            0           
0            0            0             0            0            0           

Inertia
266.596      -99.9704     -100.019      0.168778     0.123474     0.192188    
-99.9704     266.72       -99.9734      0.123474     0.348291     0.144416    
-100.019     -99.9734     266.651       0.192188     0.144416     0.253287    

Bond Length
0.62330738    0.0014429297

BB bond length
0.62330738    0.0014429297

Water EE distance
0             0           

PEG EE distance
5.2959779     0.034946654 

BBB P2(x)
0.077042293   0.0042614699

BBB first bond length
0.62342648    0.0014446704

BBB second bond length
0.6233516     0.0013550199

BBB <phi**2>/<phi>**2
1.118505      0.002561925 

Time = 21000
Temperature
1.0098781     0.0060251619

Pressure
22.980122     0.061358468 

CM Mom
4.6559532e-17  2.8189648e-17 
-7.2475002e-17 1.3096611e-17 
9.8925229e-17  1.6723757e-17 
1.3485461e-16  1.6331305e-17 

CM Pos
10.001571      0.01362031    
9.9968914      0.0082420767  
9.9984962      0.011201478   
17.318761      0.008432454   

Stress
20.0048      0.0238951    -0.00664264   0.0475983    0.0537756    0.027501    
0.0238951    19.9496      0.0344546     0.0537756    0.0829321    0.0285446   
-0.00664264  0.0344546    19.9068       0.027501     0.0285446    0.0872336   

Stress Spherical
0            0            0             0            0            0           
0            0            0             0            0            0           
0            0            0             0            0            0           

Inertia
266.576      -99.9845     -99.9971      0.337002     0.139567     0.151376    
-99.9845     266.67       -99.9495      0.139567     0.23739      0.173032    
-99.9971     -99.9495     266.646       0.151376     0.173032     0.252636    

Bond Length
0.62366803    0.00091727376

BB bond length
0.62366803    0.00091727376

Water EE distance
0             0           

PEG EE distance
5.3473212     0.057547094 

BBB P2(x)
0.074365168   0.0063938491

BBB first bond length
0.62378471    0.00091982988

BBB second bond length
0.62365386    0.00084272704

BBB <phi**2>/<phi>**2
1.1171678     0.0031607176

Time = 22000
Temperature
1.0100391     0.0055863598

Pressure
22.983423     0.056351567 

CM Mom
3.1123431e-17  1.636828e-17  
-7.8257432e-17 2.8085838e-17 
1.0041929e-16  1.4036525e-17 
1.3485213e-16  1.5671259e-17 

CM Pos
10.003907      0.0098510649  
10.000646      0.0079651077  
10.000749      0.012803841   
17.323575      0.010061329   

Stress
19.9492      -0.0197419   -0.0242955    0.0820825    0.0394859    0.0404482   
-0.0197419   19.9385      -0.0189388    0.0394859    0.0756617    0.0489593   
-0.0242955   -0.0189388   19.9821       0.0404482    0.0489593    0.0822692   

Stress Spherical
0            0            0             0            0            0           
0            0            0             0            0            0           
0            0            0             0            0            0           

Inertia
266.693      -100.006     -100.041      0.251714     0.155419     0.166819    
-100.006     266.765      -100.015      0.155419     0.333601     0.165738    
-100.041     -100.015     266.751       0.166819     0.165738     0.29301     

Bond Length
0.62357225    0.00075994923

BB bond length
0.62357225    0.00075994923

Water EE distance
0             0           

PEG EE distance
5.444661      0.1353144   

BBB P2(x)
0.078163601   0.0056783941

BBB first bond length
0.62382665    0.00077806312

BBB second bond length
0.62374659    0.00078646194

BBB <phi**2>/<phi>**2
1.1189794     0.0024093343

Time = 23000
Temperature
1.0080516     0.0062743701

Pressure
22.970844     0.048535279 

CM Mom
3.5550731e-17  1.1204997e-17 
-1.1081015e-16 2.308059e-17  
7.3708686e-17  9.8796905e-18 
1.3888486e-16  2.1037677e-17 

CM Pos
10.002989      0.012849689   
9.9985599      0.0088762983  
10.000665      0.017080686   
17.321797      0.013973189   

Stress
19.9923      -0.0105487   0.0159615     0.0467417    0.0518313    0.0502641   
-0.0105487   19.9273      -0.00750731   0.0518313    0.0826934    0.0472763   
0.0159615    -0.00750731  19.9303       0.0502641    0.0472763    0.0802185   

Stress Spherical
0            0            0             0            0            0           
0            0            0             0            0            0           
0            0            0             0            0            0           

Inertia
266.651      -100.041     -100.012      0.358315     0.141386     0.218817    
-100.041     266.731      -99.9633      0.141386     0.432087     0.18617     
-100.012     -99.9633     266.688       0.218817     0.18617      0.322816    

Bond Length
0.6237529     0.0010282361

BB bond length
0.6237529     0.0010282361

Water EE distance
0             0           

PEG EE distance
5.1628229     0.063282853 

BBB P2(x)
0.076135872   0.0036355604

BBB first bond length
0.62386705    0.0011031831

BBB second bond length
0.62387344    0.00096627849

BBB <phi**2>/<phi>**2
1.1185572     0.0021143191

Time = 24000
Temperature
1.0109415     0.0053023703

Pressure
22.986657     0.054211351 

CM Mom
3.5675941e-17  3.3722444e-17 
-1.2591878e-16 2.2177031e-17 
5.9638482e-17  1.7792348e-17 
1.4877796e-16  2.2265917e-17 

CM Pos
9.9975665      0.012635319   
10.002648      0.0088034744  
10.002834      0.01193309    
17.322275      0.012712611   

Stress
19.9503      -0.00384276  0.0119629     0.0857573    0.0474963    0.0257147   
-0.00384276  19.9692      0.0198123     0.0474963    0.0808867    0.0595438   
0.0119629    0.0198123    19.9518       0.0257147    0.0595438    0.0493408   

Stress Spherical
0            0            0             0            0            0           
0            0            0             0            0            0           
0            0            0             0            0            0           

Inertia
266.768      -99.9845     -100          0.33027      0.174815     0.19327     
-99.9845     266.675      -100.076      0.174815     0.398488     0.18569     
-100         -100.076     266.673       0.19327      0.18569      0.385679    

Bond Length
0.62425796    0.0010261729

BB bond length
0.62425796    0.0010261729

Water EE distance
0             0           

PEG EE distance
5.1983998     0.11370734  

BBB P2(x)
0.073699592   0.0060380438

BBB first bond length
0.62442996    0.00098582397

BBB second bond length
0.62442205    0.0010169649

BBB <phi**2>/<phi>**2
1.1182013     0.0030605851

Time = 25000
Temperature
1.0077535     0.0034838075

Pressure
22.951083     0.061470537 

CM Mom
3.3339455e-17  1.3248241e-17 
-1.341841e-16  1.2854728e-17 
5.5050372e-17  9.1220037e-18 
1.4992511e-16  9.6885439e-18 

CM Pos
9.994313       0.0071516066  
10.000145      0.00759843    
9.9981625      0.0084257946  
17.316252      0.0065096607  

Stress
19.924       0.00188567   0.00533006    0.0739668    0.0331206    0.0497954   
0.00188567   19.9172      -0.00258408   0.0331206    0.0823109    0.0674049   
0.00533006   -0.00258408  19.9521       0.0497954    0.0674049    0.11092     

Stress Spherical
0            0            0             0            0            0           
0            0            0             0            0            0           
0            0            0             0            0            0           

Inertia
266.646      -99.9538     -99.9325      0.2255       0.138176     0.143176    
-99.9538     266.526      -99.9694      0.138176     0.289098     0.126014    
-99.9325     -99.9694     266.572       0.143176     0.126014     0.123545    

Bond Length
0.62400758    0.0011562963

BB bond length
0.62400758    0.0011562963

Water EE distance
0             0           

PEG EE distance
5.2557759     0.086062752 

BBB P2(x)
0.073240599   0.0061611067

BBB first bond length
0.62407097    0.0012038555

BBB second bond length
0.62415016    0.0011603911

BBB <phi**2>/<phi>**2
1.1182453     0.0025526685

Time = 26000
Temperature
1.0110046     0.005042659 

Pressure
22.967758     0.070602614 

CM Mom
1.4163401e-17  1.4413648e-17 
-1.456656e-16  1.310994e-17  
6.0791009e-17  1.528354e-17  
1.5999628e-16  1.1358545e-17 

CM Pos
9.9976499      0.0087451765  
9.998977       0.0095322312  
10.002167      0.0040052069  
17.319814      0.010469945   

Stress
19.9282      0.00264497   -0.0016959    0.0687636    0.0540399    0.0423629   
0.00264497   19.9475      0.0335121     0.0540399    0.0887622    0.0526005   
-0.0016959   0.0335121    19.9384       0.0423629    0.0526005    0.0752005   

Stress Spherical
0            0            0             0            0            0           
0            0            0             0            0            0           
0            0            0             0            0            0           

Inertia
266.698      -99.9464     -100.01       0.277648     0.193505     0.104063    
-99.9464     266.664      -100.03       0.193505     0.247194     0.148618    
-100.01      -100.03      266.616       0.104063     0.148618     0.306379    

Bond Length
0.62395953    0.0015418077

BB bond length
0.62395953    0.0015418077

Water EE distance
0             0           

PEG EE distance
5.1841712     0.061092477 

BBB P2(x)
0.070484242   0.0051293182

BBB first bond length
0.62393368    0.0015607538

BBB second bond length
0.62401717    0.0015813039

BBB <phi**2>/<phi>**2
1.1169711     0.0031861374

Time = 27000
Temperature
1.0086468     0.0054337034

Pressure
22.98215      0.041101407 

CM Mom
1.3740451e-17  1.2189251e-17 
-1.4381033e-16 1.4496412e-17 
3.2224381e-17  1.644622e-17  
1.4945292e-16  1.4200269e-17 

CM Pos
9.9975665      0.0066738967  
10.004817      0.011546275   
10.001499      0.0080108483  
17.322756      0.006865592   

Stress
19.98        0.0112035    0.0206994     0.046608     0.0418218    0.0374507   
0.0112035    19.9475      0.0284681     0.0418218    0.0839949    0.0410885   
0.0206994    0.0284681    19.951        0.0374507    0.0410885    0.063044    

Stress Spherical
0            0            0             0            0            0           
0            0            0             0            0            0           
0            0            0             0            0            0           

Inertia
266.786      -100.03      -100.049      0.210875     0.133603     0.0881371   
-100.03      266.644      -100.063      0.133603     0.203741     0.124428    
-100.049     -100.063     266.71        0.0881371    0.124428     0.233676    

Bond Length
0.62326141    0.001066929 

BB bond length
0.62326141    0.001066929 

Water EE distance
0             0           

PEG EE distance
5.1411071     0.067740244 

BBB P2(x)
0.072175642   0.0070399132

BBB first bond length
0.62337631    0.0011676989

BBB second bond length
0.62340274    0.00099011786

BBB <phi**2>/<phi>**2
1.1162522     0.002918511 

Time = 28000
Temperature
1.0107894     0.0061684503

Pressure
22.994693     0.077056222 

CM Mom
1.8039851e-17  1.2613566e-17 
-1.4796776e-16 2.318001e-17  
8.76997e-18    8.6328062e-18 
1.5013683e-16  2.2949493e-17 

CM Pos
9.9984842      0.00605555    
9.9969749      0.0078807813  
9.9997476      0.0090251962  
17.317743      0.010786941   

Stress
19.9698      -0.0189026   0.00843184    0.0853807    0.0546427    0.0366583   
-0.0189026   19.954       -0.00700069   0.0546427    0.0872537    0.0526372   
0.00843184   -0.00700069  19.973        0.0366583    0.0526372    0.0893628   

Stress Spherical
0            0            0             0            0            0           
