Time = 1000
Temperature
   1.3295664    0.54534172

Pressure
   25.044491     2.7380186

CM Mom
-2.938577e-18  3.9380673e-17 
-1.573314e-17  5.4400803e-17 
-3.7687077e-17 2.5222717e-16 
2.0532598e-16  1.6627254e-16 

CM Pos
9.9942162      0.022310291   
10.006011      0.017798594   
9.9945081      0.014529695   
17.317492      0.017090466   

Stress
21.0539      0.0149498    0.0272333     1.41964      0.0536032    0.0790388   
0.0149498    21.0621      -0.0321709    0.0536032    1.40022      0.040178    
0.0272333    -0.0321709   21.0693       0.0790388    0.040178     1.41198     

Stress Spherical
0            0            0             0            0            0           
0            0            0             0            0            0           
0            0            0             0            0            0           

Inertia
267.631      -100.01      -99.9124      6.69247      0.277912     0.22737     
-100.01      267.371      -100.023      0.277912     6.57559      0.221267    
-99.9124     -100.023     267.61        0.22737      0.221267     7.01394     

Bond Length
0.63045239    0.027600805 

BB bond length
0.63045239    0.027600805 

Water EE distance
0             0           

PEG EE distance
9.5013709     0.16399125  

BBB P2(x)
0.13247162    0.033864586 

BBB first bond length
0.63060995    0.028054155 

BBB second bond length
0.6306706     0.027776693 

BBB <phi**2>/<phi>**2
1.1359881     0.011498766 

Time = 2000
Temperature
1.0213626     0.011427613 

Pressure
22.921434     0.077925443 

CM Mom
-3.5856164e-17 2.1808259e-17 
-2.6224293e-17 2.0523422e-17 
-1.1117055e-16 2.2089166e-16 
1.9624617e-16  1.597174e-16  

CM Pos
10.000225      0.027562674   
10.000002      0.0070268903  
10.001435      0.0057483476  
17.321483      0.017998502   

Stress
19.8518      -0.00618924  -0.0122421    0.122689     0.035606     0.0461022   
-0.00618924  19.8782      -0.00242498   0.035606     0.091521     0.0449252   
-0.0122421   -0.00242498  19.8557       0.0461022    0.0449252    0.104946    

Stress Spherical
0            0            0             0            0            0           
0            0            0             0            0            0           
0            0            0             0            0            0           

Inertia
266.604      -100.054     -100.076      1.24564      0.312011     0.301488    
-100.054     266.6        -99.9873      0.312011     1.51461      0.0931054   
-100.076     -99.9873     266.562       0.301488     0.0931054    1.62717     

Bond Length
0.62220881    0.00094593081

BB bond length
0.62220881    0.00094593081

Water EE distance
0             0           

PEG EE distance
9.2834354     0.17195451  

BBB P2(x)
0.10137724    0.0072368531

BBB first bond length
0.62228289    0.00097116567

BBB second bond length
0.62229637    0.00087311555

BBB <phi**2>/<phi>**2
1.1255938     0.0017150691

Time = 3000
Temperature
1.0140391     0.0035393408

Pressure
22.84637      0.061786197 

CM Mom
-4.5474483e-17 1.5875812e-17 
-1.4554883e-17 1.5821817e-17 
2.0860347e-17  3.552302e-17  
6.4120304e-17  1.9177334e-17 

CM Pos
10.003897      0.01311149    
9.9978322      0.0077058026  
9.9964276      0.012989535   
17.319455      0.0071462452  

Stress
19.8106      -0.00162904  -0.00488338   0.104008     0.0354853    0.0368989   
-0.00162904  19.7994      -0.0101393    0.0354853    0.0827278    0.0546312   
-0.00488338  -0.0101393   19.8164       0.0368989    0.0546312    0.0669892   

Stress Spherical
0            0            0             0            0            0           
0            0            0             0            0            0           
0            0            0             0            0            0           

Inertia
266.477      -100.018     -100.001      0.486128     0.180407     0.125812    
-100.018     266.61       -99.9706      0.180407     0.512771     0.169601    
-100.001     -99.9706     266.621       0.125812     0.169601     0.591421    

Bond Length
0.62236354    0.0009361384

BB bond length
0.62236354    0.0009361384

Water EE distance
0             0           

PEG EE distance
8.7062021     0.14309481  

BBB P2(x)
0.091880641   0.0068426296

BBB first bond length
0.62241644    0.0010336632

BBB second bond length
0.62255372    0.0010722482

BBB <phi**2>/<phi>**2
1.1231324     0.0025078672

Time = 4000
Temperature
1.0078862     0.0055195566

Pressure
22.833541     0.040496035 

CM Mom
-4.4897834e-17 1.77778e-17   
-2.3848727e-17 1.5329172e-17 
4.039708e-17   2.7141559e-17 
7.2344318e-17  1.644685e-17  

CM Pos
10.000559      0.0071116259  
9.9959961      0.0082370643  
10.002687      0.011024425   
17.320077      0.0071150695  

Stress
19.8562      -0.0140827   -0.000292906  0.0760287    0.053333     0.0556944   
-0.0140827   19.7783      -0.0259117    0.053333     0.0891852    0.049277    
-0.000292906 -0.0259117   19.8087       0.0556944    0.049277     0.0884952   

Stress Spherical
0            0            0             0            0            0           
0            0            0             0            0            0           
0            0            0             0            0            0           

Inertia
266.604      -99.9425     -100.007      0.197386     0.100931     0.0989604   
-99.9425     266.695      -100.034      0.100931     0.220748     0.149951    
-100.007     -100.034     266.553       0.0989604    0.149951     0.253771    

Bond Length
0.62217664    0.00090457163

BB bond length
0.62217664    0.00090457163

Water EE distance
0             0           

PEG EE distance
8.4360687     0.073394421 

BBB P2(x)
0.083054478   0.0031602207

BBB first bond length
0.62226879    0.00093087309

BBB second bond length
0.62226698    0.00086614014

BBB <phi**2>/<phi>**2
1.1204825     0.0020880712

Time = 5000
Temperature
1.0093239     0.0052529818

Pressure
22.839871     0.081947134 

CM Mom
-6.1706236e-17 2.3715479e-17 
-2.0984276e-17 1.3630578e-17 
4.0277088e-17  2.0835855e-17 
8.1399466e-17  2.0657195e-17 

CM Pos
10.002646      0.0091180105  
10.001504      0.013187767   
9.9980968      0.013364834   
17.32181       0.016241958   

Stress
19.83        -0.0214328   0.0421179     0.0834547    0.0434615    0.0443333   
-0.0214328   19.822       -0.0324388    0.0434615    0.0940416    0.0440777   
0.0421179    -0.0324388   19.7973       0.0443333    0.0440777    0.0901233   

Stress Spherical
0            0            0             0            0            0           
0            0            0             0            0            0           
0            0            0             0            0            0           

Inertia
266.618      -100.038     -100.044      0.40176      0.213693     0.1867      
-100.038     266.659      -100.027      0.213693     0.393027     0.205034    
-100.044     -100.027     266.717       0.1867       0.205034     0.386054    

Bond Length
0.62216911    0.00074480766

BB bond length
0.62216911    0.00074480766

Water EE distance
0             0           

PEG EE distance
8.1757403     0.045692451 

BBB P2(x)
0.080946109   0.0053810859

BBB first bond length
0.62225987    0.00074676602

BBB second bond length
0.62235254    0.00074956162

BBB <phi**2>/<phi>**2
1.1211777     0.0033250583

Time = 6000
Temperature
1.0124313     0.0049068719

Pressure
22.857532     0.053976435 

CM Mom
-4.8844671e-17 1.2578172e-17 
-4.5672075e-18 1.3510749e-17 
3.9254467e-17  1.2331739e-17 
6.4950526e-17  1.4893829e-17 

CM Pos
9.9975546      0.010837082   
10.003674      0.014267502   
10.000267      0.0096393689  
17.32138       0.012389958   

Stress
19.8429      0.0220975    0.0165276     0.0928324    0.0536841    0.0319044   
0.0220975    19.8532      -0.0182977    0.0536841    0.0676072    0.0344362   
0.0165276    -0.0182977   19.7783       0.0319044    0.0344362    0.0690511   

Stress Spherical
0            0            0             0            0            0           
0            0            0             0            0            0           
0            0            0             0            0            0           

Inertia
266.722      -100.053     -99.9743      0.34896      0.275935     0.114266    
-100.053     266.592      -100.02       0.275935     0.198347     0.242987    
-99.9743     -100.02      266.65        0.114266     0.242987     0.434998    

Bond Length
0.6215611     0.00059311311

BB bond length
0.6215611     0.00059311311

Water EE distance
0             0           

PEG EE distance
8.064163      0.069264647 

BBB P2(x)
0.076952197   0.0056876622

BBB first bond length
0.62166214    0.00065041914

BBB second bond length
0.62165253    0.00062694886

BBB <phi**2>/<phi>**2
1.1187252     0.0030094152

Time = 7000
Temperature
1.013704      0.0057952656

Pressure
22.870528     0.06260691  

CM Mom
-3.6021963e-17 1.7236559e-17 
-4.4336648e-18 1.1551241e-17 
4.5415877e-17  1.6378495e-17 
6.186939e-17   1.5836822e-17 

CM Pos
10.004732      0.010363989   
9.9988337      0.015243694   
10.003438      0.0096017206  
17.324561      0.011440649   

Stress
19.865       -0.0223901   0.00650304    0.062409     0.0617405    0.055235    
-0.0223901   19.8255      0.0169754     0.0617405    0.0895016    0.0430427   
0.00650304   0.0169754    19.8115       0.055235     0.0430427    0.0866468   

Stress Spherical
0            0            0             0            0            0           
0            0            0             0            0            0           
0            0            0             0            0            0           

Inertia
266.7        -100.02      -100.126      0.364871     0.161002     0.122573    
-100.02      266.822      -100.032      0.161002     0.195918     0.204803    
-100.126     -100.032     266.74        0.122573     0.204803     0.397255    

Bond Length
0.62159858    0.0011872199

BB bond length
0.62159858    0.0011872199

Water EE distance
0             0           

PEG EE distance
7.8622965     0.15337602  

BBB P2(x)
0.078099186   0.007149796 

BBB first bond length
0.62170185    0.0011224825

BBB second bond length
0.62170939    0.0012184137

BBB <phi**2>/<phi>**2
1.1193476     0.0030604736

Time = 8000
Temperature
1.0098236     0.0046693684

Pressure
22.821761     0.04455874  

CM Mom
-3.4589535e-17 1.5103689e-17 
-4.9332049e-18 1.0413598e-17 
6.728816e-17   2.5140326e-17 
7.8234757e-17  2.4421144e-17 

CM Pos
9.9989733      0.014437118   
9.9991675      0.012073826   
10.000934      0.010041416   
17.319983      0.012000245   

Stress
19.8196      -0.0486725   0.00110895    0.0621573    0.0572117    0.0283905   
-0.0486725   19.7792      0.00502607    0.0572117    0.0549437    0.0481723   
0.00110895   0.00502607   19.7917       0.0283905    0.0481723    0.0540834   

Stress Spherical
0            0            0             0            0            0           
0            0            0             0            0            0           
0            0            0             0            0            0           

Inertia
266.649      -99.9786     -100.041      0.355937     0.135973     0.237853    
-99.9786     266.648      -99.9862      0.135973     0.408755     0.2138      
-100.041     -99.9862     266.613       0.237853     0.2138       0.242539    

Bond Length
0.62193824    0.00074196626

BB bond length
0.62193824    0.00074196626

Water EE distance
0             0           

PEG EE distance
7.4437755     0.097577945 

BBB P2(x)
0.072936035   0.0056903629

BBB first bond length
0.62208671    0.00074461187

BBB second bond length
0.62201591    0.00082340123

BBB <phi**2>/<phi>**2
1.1177324     0.001978384 

Time = 9000
Temperature
1.0124947     0.0049628014

Pressure
22.835497     0.045537141 

CM Mom
-3.3785962e-17 1.7304532e-17 
-1.2990823e-17 1.6390912e-17 
8.0026665e-17  2.1433879e-17 
9.0616792e-17  2.3035555e-17 

CM Pos
10.000142      0.0091332759  
9.9971645      0.0073713295  
9.9968449      0.0084984382  
17.317136      0.0070653533  

Stress
19.8028      0.0248689    -0.0182776    0.0809956    0.0464224    0.0430338   
0.0248689    19.7983      -0.00688725   0.0464224    0.0623558    0.0469703   
-0.0182776   -0.00688725  19.8065       0.0430338    0.0469703    0.0611674   

Stress Spherical
0            0            0             0            0            0           
0            0            0             0            0            0           
0            0            0             0            0            0           

Inertia
266.536      -99.979      -99.9662      0.16722      0.143757     0.100784    
-99.979      266.598      -99.902       0.143757     0.215825     0.113446    
-99.9662     -99.902      266.603       0.100784     0.113446     0.288477    

Bond Length
0.62150651    0.0009343665

BB bond length
0.62150651    0.0009343665

Water EE distance
0             0           

PEG EE distance
7.3139134     0.052436748 

BBB P2(x)
0.072252826   0.0043365398

BBB first bond length
0.62162891    0.0009634213

BBB second bond length
0.62154445    0.0009209058

BBB <phi**2>/<phi>**2
1.1176838     0.0017101849

Time = 10000
Temperature
1.0112134     0.006384231 

Pressure
22.823166     0.062089652 

CM Mom
-4.5875053e-17 1.4772705e-17 
6.1528102e-18  2.4132137e-17 
8.7799535e-17  1.5023027e-17 
1.029581e-16   1.6644842e-17 

CM Pos
10.001894      0.0060810286  
9.9985833      0.010277265   
9.9980968      0.0085779771  
17.31969       0.007846891   

Stress
19.7853      -0.0166934   0.00122962    0.067559     0.0279556    0.0327957   
-0.0166934   19.7933      -0.0125462    0.0279556    0.111359     0.0320524   
0.00122962   -0.0125462   19.8036       0.0327957    0.0320524    0.0774534   

Stress Spherical
0            0            0             0            0            0           
0            0            0             0            0            0           
0            0            0             0            0            0           

Inertia
266.596      -100.035     -100.024      0.245871     0.115691     0.102355    
-100.035     266.655      -99.9761      0.115691     0.178099     0.166282    
-100.024     -99.9761     266.667       0.102355     0.166282     0.226339    

Bond Length
0.62196614    0.00066911691

BB bond length
0.62196614    0.00066911691

Water EE distance
0             0           

PEG EE distance
7.2705676     0.03974278  

BBB P2(x)
0.071822763   0.0042142032

BBB first bond length
0.62203034    0.00072979877

BBB second bond length
0.62205553    0.00067062672

BBB <phi**2>/<phi>**2
1.1174073     0.0014335128

Time = 11000
Temperature
1.0100011     0.0060435703

Pressure
22.839556     0.055027088 

CM Mom
-4.0626755e-17 1.7763845e-17 
-7.8946568e-18 2.4834147e-17 
8.4265807e-17  2.1013525e-17 
9.9424937e-17  1.738172e-17  

CM Pos
10.001394      0.013074251   
10.002256      0.011307321   
10.00252       0.011903011   
17.32408       0.0087905935  

Stress
19.8561      -0.0226641   -0.00437979   0.0642037    0.0569529    0.045073    
-0.0226641   19.797       -0.00702809   0.0569529    0.0887151    0.0362938   
-0.00437979  -0.00702809  19.7891       0.045073     0.0362938    0.0609899   

Stress Spherical
0            0            0             0            0            0           
0            0            0             0            0            0           
0            0            0             0            0            0           

Inertia
266.756      -100.023     -100.02       0.280723     0.134215     0.201541    
-100.023     266.746      -100.044      0.134215     0.393797     0.159887    
-100.02      -100.044     266.723       0.201541     0.159887     0.300686    

Bond Length
0.62175487    0.00063734048

BB bond length
0.62175487    0.00063734048

Water EE distance
0             0           

PEG EE distance
7.1617974     0.067901087 

BBB P2(x)
0.069939335   0.0050605864

BBB first bond length
0.62178211    0.00064016598

BBB second bond length
0.6217957     0.00069276675

BBB <phi**2>/<phi>**2
1.1173005     0.0028258337

Time = 12000
Temperature
1.0122429     0.0042130104

Pressure
22.842364     0.060672263 

CM Mom
-4.5419468e-17 9.0516613e-18 
-9.1443178e-18 1.4196841e-17 
9.1558479e-17  2.8767851e-17 
1.0434785e-16  2.7424454e-17 

CM Pos
10.000643      0.014011092   
9.9971645      0.013835248   
10.002353      0.011985818   
17.320615      0.0069806122  

Stress
19.818       -0.00500091  0.00986181    0.0846388    0.0638909    0.0559959   
-0.00500091  19.7786      0.00194127    0.0638909    0.0561087    0.0344907   
0.00986181   0.00194127   19.834        0.0559959    0.0344907    0.114522    

Stress Spherical
0            0            0             0            0            0           
0            0            0             0            0            0           
0            0            0             0            0            0           

Inertia
266.647      -100.004     -100.026      0.256422     0.181109     0.166652    
-100.004     266.717      -99.9709      0.181109     0.295847     0.149258    
-100.026     -99.9709     266.617       0.166652     0.149258     0.296166    

Bond Length
0.62181576    0.00062070587

BB bond length
0.62181576    0.00062070587

Water EE distance
0             0           

PEG EE distance
6.9589232     0.10297571  

BBB P2(x)
0.069634069   0.0061395634

BBB first bond length
0.62191182    0.00064438243

BBB second bond length
0.62187177    0.00057735336

BBB <phi**2>/<phi>**2
1.1156385     0.0030915962

Time = 13000
Temperature
1.0104156     0.0066263422

Pressure
22.803334     0.071559152 

CM Mom
-5.9943542e-17 2.2721678e-17 
-1.8446385e-17 1.3614806e-17 
1.079038e-16   2.9745587e-17 
1.2826611e-16  2.6664002e-17 

CM Pos
9.9988899      0.0096107841  
9.9964969      0.009341764   
10.004106      0.010277265   
17.320222      0.0087874533  

Stress
19.7985      -0.00529975  -0.00869374   0.0709204    0.0502783    0.0780721   
-0.00529975  19.7471      -0.00715895   0.0502783    0.0951899    0.0611802   
-0.00869374  -0.00715895  19.7843       0.0780721    0.0611802    0.0695563   

Stress Spherical
0            0            0             0            0            0           
0            0            0             0            0            0           
0            0            0             0            0            0           

Inertia
266.69       -99.9535     -100.017      0.261986     0.152166     0.135718    
-99.9535     266.726      -100.004      0.152166     0.282911     0.14385     
-100.017     -100.004     266.568       0.135718     0.14385      0.333906    

Bond Length
0.62164951    0.0010345582

BB bond length
0.62164951    0.0010345582

Water EE distance
0             0           

PEG EE distance
6.8991905     0.075992153 

BBB P2(x)
0.072046714   0.00495987  

BBB first bond length
0.62175067    0.0010584607

BBB second bond length
0.62169553    0.001068572 

BBB <phi**2>/<phi>**2
1.1180917     0.0021338401

Time = 14000
Temperature
1.0079116     0.0055254592

Pressure
22.806601     0.047599954 

CM Mom
-7.2317613e-17 1.6158152e-17 
-1.4170122e-17 1.2203217e-17 
9.6743192e-17  2.9384379e-17 
1.2366469e-16  2.775544e-17  

CM Pos
10.001143      0.012243112   
9.9967472      0.011307321   
9.9978464      0.010973764   
17.31805       0.016829458   

Stress
19.7693      0.0213044    0.0167982     0.0672291    0.0428741    0.0452233   
0.0213044    19.8002      0.00420616    0.0428741    0.0724968    0.055888    
0.0167982    0.00420616   19.7927       0.0452233    0.055888     0.0608514   

Stress Spherical
0            0            0             0            0            0           
0            0            0             0            0            0           
0            0            0             0            0            0           

Inertia
266.57       -99.9911     -100.009      0.446518     0.196844     0.258789    
-99.9911     266.652      -99.9406      0.196844     0.406489     0.192585    
-100.009     -99.9406     266.621       0.258789     0.192585     0.3697      

Bond Length
0.6218445     0.00059089786

BB bond length
0.6218445     0.00059089786

Water EE distance
0             0           

PEG EE distance
6.8108262     0.058071668 

BBB P2(x)
0.071853595   0.0042935537

BBB first bond length
0.62188663    0.00057040342

BBB second bond length
0.62184124    0.00052580636

BBB <phi**2>/<phi>**2
1.1180222     0.0019690303

Time = 15000
Temperature
1.0089338     0.0042544129

Pressure
22.833462     0.040769201 

CM Mom
-7.312136e-17  1.7587708e-17 
2.5223707e-18  2.4609463e-17 
8.0590776e-17  1.9524502e-17 
1.132516e-16   1.7838242e-17 

CM Pos
9.9994741      0.0045559486  
10.000086      0.010790383   
9.9943412      0.014263596   
17.316993      0.012281465   

Stress
19.8036      0.0237924    -0.0358126    0.081613     0.0564703    0.0381996   
0.0237924    19.8154      -0.00297924   0.0564703    0.0791751    0.0598283   
-0.0358126   -0.00297924  19.8146       0.0381996    0.0598283    0.0757259   

Stress Spherical
0            0            0             0            0            0           
0            0            0             0            0            0           
0            0            0             0            0            0           

Inertia
266.537      -99.9883     -99.9105      0.427965     0.142891     0.183528    
-99.9883     266.518      -99.9371      0.142891     0.316486     0.210511    
-99.9105     -99.9371     266.644       0.183528     0.210511     0.233445    

Bond Length
0.62134372    0.0006464892

BB bond length
0.62134372    0.0006464892

Water EE distance
0             0           

PEG EE distance
6.8983648     0.074601785 

BBB P2(x)
0.072046971   0.0042672629

BBB first bond length
0.62137487    0.00078726647

BBB second bond length
0.62140261    0.00069008153

BBB <phi**2>/<phi>**2
1.1176237     0.0019987746

Time = 16000
Temperature
1.0097347     0.0065150398

Pressure
22.838701     0.065541937 

CM Mom
-7.9312565e-17 9.7590127e-18 
-1.3707414e-17 2.1532953e-17 
7.0514497e-17  1.9072628e-17 
1.1082568e-16  9.5399973e-18 

CM Pos
9.9973042      0.0078130728  
10.001838      0.016779314   
10.005274      0.017414656   
17.323069      0.017499188   

Stress
19.8149      0.0206845    0.025196      0.0711105    0.0476933    0.0380615   
0.0206845    19.8053      -0.0136363    0.0476933    0.0875498    0.0627294   
0.025196     -0.0136363   19.8219       0.0380615    0.0627294    0.0706007   

Stress Spherical
0            0            0             0            0            0           
0            0            0             0            0            0           
0            0            0             0            0            0           

Inertia
266.808      -100.002     -99.9896      0.57942      0.249549     0.229424    
-100.002     266.717      -100.045      0.249549     0.484617     0.273877    
-99.9896     -100.045     266.642       0.229424     0.273877     0.465254    

Bond Length
0.62185861    0.00092810252

BB bond length
0.62185861    0.00092810252

Water EE distance
0             0           

PEG EE distance
6.9023496     0.033408453 

BBB P2(x)
0.070091354   0.0038014526

BBB first bond length
0.62192376    0.00093460614

BBB second bond length
0.62184505    0.0009007292

BBB <phi**2>/<phi>**2
1.1165844     0.001953871 

Time = 17000
Temperature
1.0062456     0.0040188888

Pressure
22.834539     0.068182933 

CM Mom
-7.3580246e-17 2.1184752e-17 
-5.2736057e-18 2.8047002e-17 
6.8182306e-17  1.5311142e-17 
1.0582941e-16  1.899172e-17  

CM Pos
10.000559      0.011684491   
9.9997518      0.0088150532  
10.002019      0.01184082    
17.321858      0.013752409   

Stress
19.7877      -0.00453086  -0.026945     0.0862589    0.042098     0.0651379   
-0.00453086  19.8481      0.0142449     0.042098     0.0778037    0.0398769   
-0.026945    0.0142449    19.8252       0.0651379    0.0398769    0.128349    

Stress Spherical
0            0            0             0            0            0           
0            0            0             0            0            0           
0            0            0             0            0            0           

Inertia
266.702      -100.023     -99.9802      0.357054     0.190088     0.212419    
-100.023     266.714      -100.027      0.190088     0.387009     0.187867    
-99.9802     -100.027     266.666       0.212419     0.187867     0.33946     

Bond Length
0.62128385    0.00084648226

BB bond length
0.62128385    0.00084648226

Water EE distance
0             0           

PEG EE distance
6.7918124     0.064330638 

BBB P2(x)
0.068012068   0.0061177542

BBB first bond length
0.62144872    0.00084630774

BBB second bond length
0.62132347    0.00091442371

BBB <phi**2>/<phi>**2
1.1173786     0.0026952444

Time = 18000
Temperature
1.0125108     0.0056168599

Pressure
22.813586     0.048689301 

CM Mom
-8.0917857e-17 1.5482946e-17 
-6.1214225e-18 1.0787507e-17 
1.0091128e-16  1.4670257e-17 
1.309474e-16   1.3868778e-17 

CM Pos
9.9978884      0.014476866   
10.00309       0.012394644   
9.9991818      0.009931564   
17.32061       0.012064872   

Stress
19.7713      0.0231006    -0.0324613    0.078115     0.0492684    0.0594045   
0.0231006    19.7694      0.018245      0.0492684    0.0602101    0.0502395   
-0.0324613   0.018245     19.8011       0.0594045    0.0502395    0.070203    

Stress Spherical
0            0            0             0            0            0           
0            0            0             0            0            0           
0            0            0             0            0            0           

Inertia
266.703      -99.9766     -99.9362      0.326647     0.228244     0.204852    
-99.9766     266.6        -100.039      0.228244     0.35714      0.151872    
-99.9362     -100.039     266.691       0.204852     0.151872     0.485119    

Bond Length
0.62162522    0.0008392055

BB bond length
0.62162522    0.0008392055

Water EE distance
0             0           

PEG EE distance
6.7317972     0.1212785   

BBB P2(x)
0.068155925   0.0042795799

BBB first bond length
0.62167703    0.00076977918

BBB second bond length
0.62171619    0.00076304549

BBB <phi**2>/<phi>**2
1.1169858     0.0023201911

Time = 19000
Temperature
1.0107967     0.0048095919

Pressure
22.850107     0.049084889 

CM Mom
-7.8544665e-17 1.6709551e-17 
4.2601635e-18  1.3792717e-17 
8.4388463e-17  8.4320581e-18 
1.1658763e-16  1.6021804e-17 

CM Pos
9.9972207      0.0082792367  
9.9964134      0.011520904   
10.001936      0.0099382244  
17.317955      0.012001344   

Stress
19.8418      -0.024134    -0.00652459   0.0371304    0.0349233    0.0552696   
-0.024134    19.7984      -0.00379341   0.0349233    0.0801679    0.0610411   
-0.00652459  -0.00379341  19.8266       0.0552696    0.0610411    0.101549    

Stress Spherical
0            0            0             0            0            0           
0            0            0             0            0            0           
0            0            0             0            0            0           

Inertia
266.643      -99.9846     -99.9986      0.308203     0.167678     0.145044    
-99.9846     266.664      -100.017      0.167678     0.357893     0.198498    
-99.9986     -100.017     266.549       0.145044     0.198498     0.442105    

Bond Length
0.62189982    0.00092495713

BB bond length
0.62189982    0.00092495713

Water EE distance
0             0           

PEG EE distance
6.4336818     0.070133113 

BBB P2(x)
0.062807683   0.0048484429

BBB first bond length
0.62198692    0.0008717203

BBB second bond length
0.62201135    0.00092813495

BBB <phi**2>/<phi>**2
1.1143702     0.0023158472

Time = 20000
Temperature
1.0105962     0.006621129 

Pressure
22.823677     0.060163117 

CM Mom
-9.8605145e-17 2.0328479e-17 
-1.0038058e-17 2.4279935e-17 
6.0759218e-17  2.6189037e-17 
1.2125554e-16  2.2386205e-17 

CM Pos
10.003897      0.012146298   
10.002506      0.0071643198  
10.000267      0.0095668368  
17.324365      0.0095480239  

Stress
19.7748      -0.0167219   0.0108994     0.0877715    0.0492409    0.0461445   
-0.0167219   19.8051      -0.0118167    0.0492409    0.0828355    0.0454383   
0.0108994    -0.0118167   19.8094       0.0461445    0.0454383    0.0530006   

Stress Spherical
0            0            0             0            0            0           
0            0            0             0            0            0           
0            0            0             0            0            0           

Inertia
266.733      -100.1       -100.045      0.251579     0.184734     0.164582    
-100.1       266.769      -100.027      0.184734     0.321271     0.142947    
-100.045     -100.027     266.821       0.164582     0.142947     0.275742    

Bond Length
0.62202077    0.0010414681

BB bond length
0.62202077    0.0010414681

Water EE distance
0             0           

PEG EE distance
6.4767375     0.13097484  

BBB P2(x)
0.065192254   0.0047348987

BBB first bond length
0.62203124    0.00096508883

BBB second bond length
0.62209058    0.0010511807

BBB <phi**2>/<phi>**2
1.1159534     0.0021601534

Time = 21000
Temperature
1.0139774     0.005776366 

Pressure
22.846656     0.044641337 

CM Mom
-8.0569812e-17 1.9734283e-17 
1.3638036e-17  2.1769253e-17 
6.7399349e-17  1.0704947e-17 
1.0990273e-16  1.0931166e-17 

CM Pos
9.9966365      0.0058801252  
10.002256      0.0069806455  
10.002437      0.01224425    
17.321281      0.0065791954  

Stress
19.7991      -0.0179848   -0.00446668   0.0575624    0.0351571    0.0452497   
-0.0179848   19.8324      0.0217281     0.0351571    0.0812592    0.0613266   
-0.00446668  0.0217281    19.7964       0.0452497    0.0613266    0.0706285   

Stress Spherical
0            0            0             0            0            0           
0            0            0             0            0            0           
0            0            0             0            0            0           

Inertia
266.758      -100.013     -100.003      0.251018     0.109598     0.101703    
-100.013     266.64       -100.069      0.109598     0.232299     0.109746    
-100.003     -100.069     266.641       0.101703     0.109746     0.159328    

Bond Length
0.62116484    0.00076597665

BB bond length
0.62116484    0.00076597665

Water EE distance
0             0           

PEG EE distance
6.7403062     0.048059654 

BBB P2(x)
0.063751809   0.0048505061

BBB first bond length
0.62125522    0.00085893472

BBB second bond length
0.62115786    0.00082456718

BBB <phi**2>/<phi>**2
1.1143731     0.0019428079

Time = 22000
Temperature
1.0086946     0.0057798313

Pressure
22.801514     0.044420292 

CM Mom
-1.0714076e-16 1.5164523e-17 
1.8884656e-17  2.1144179e-17 
7.2145791e-17  1.9739871e-17 
1.3335264e-16  1.8015618e-17 

CM Pos
9.9992237      0.010642516   
9.9975818      0.0098946756  
10.001602      0.012691185   
17.319598      0.0079860859  

Stress
19.7581      0.00419675   9.53508e-05   0.0699815    0.0649287    0.0384745   
0.00419675   19.7681      -0.0374675    0.0649287    0.106403     0.0461228   
9.53508e-05  -0.0374675   19.8138       0.0384745    0.0461228    0.0978705   

Stress Spherical
0            0            0             0            0            0           
0            0            0             0            0            0           
0            0            0             0            0            0           

Inertia
266.636      -99.9612     -100.021      0.284106     0.188848     0.0813702   
-99.9612     266.667      -100.038      0.188848     0.188095     0.141941    
-100.021     -100.038     266.596       0.0813702    0.141941     0.303645    

Bond Length
0.62157454    0.00087728751

BB bond length
0.62157454    0.00087728751

Water EE distance
0             0           

PEG EE distance
6.7231587     0.087115072 

BBB P2(x)
0.067081969   0.0071661896

BBB first bond length
0.62163664    0.00083578813

BBB second bond length
0.62169998    0.00085099591

BBB <phi**2>/<phi>**2
1.1164906     0.0032395207

Time = 23000
Temperature
1.009542      0.0034381866

Pressure
22.839232     0.061340264 

CM Mom
-1.1702095e-16 1.4030944e-17 
1.663962e-17   1.6960477e-17 
6.912278e-17   1.0919104e-17 
1.3850559e-16  1.2988184e-17 

CM Pos
10.000643      0.0072103526  
9.9957457      0.0086893107  
9.9979299      0.011013995   
17.317232      0.010240962   

Stress
19.7827      -0.0448662   -0.0258556    0.0827895    0.0469292    0.040843    
-0.0448662   19.8359      -0.00385848   0.0469292    0.0536725    0.0347588   
-0.0258556   -0.00385848  19.8269       0.040843     0.0347588    0.104271    

Stress Spherical
0            0            0             0            0            0           
0            0            0             0            0            0           
0            0            0             0            0            0           

Inertia
266.515      -99.9887     -100.008      0.322048     0.0989215    0.1759      
-99.9887     266.617      -99.9048      0.0989215    0.274993     0.185119    
-100.008     -99.9048     266.583       0.1759       0.185119     0.212696    

Bond Length
0.62186883    0.0011720394

BB bond length
0.62186883    0.0011720394

Water EE distance
0             0           

PEG EE distance
6.707119      0.061672222 

BBB P2(x)
0.065447058   0.0051587102

BBB first bond length
0.62201992    0.0012494376

BBB second bond length
0.62199608    0.0011906741

BBB <phi**2>/<phi>**2
1.1162175     0.0022302471

Time = 24000
Temperature
1.0084887     0.0044687112

Pressure
22.815698     0.05709153  

CM Mom
-1.2796821e-16 1.747381e-17  
3.732386e-17   1.6485672e-17 
7.1470578e-17  2.2405472e-17 
1.5342337e-16  2.0429491e-17 

CM Pos
9.9955516      0.0077400748  
10.000753      0.0097113592  
9.9993487      0.012565705   
17.318005      0.010161744   

Stress
19.8146      -0.0378355   0.027931      0.0788472    0.0506281    0.0391179   
-0.0378355   19.7955      0.00636544    0.0506281    0.0818984    0.0401977   
0.027931     0.00636544   19.7742       0.0391179    0.0401977    0.0641532   

Stress Spherical
0            0            0             0            0            0           
0            0            0             0            0            0           
0            0            0             0            0            0           

Inertia
266.685      -99.8865     -99.9278      0.296108     0.191887     0.133708    
-99.8865     266.581      -99.9785      0.191887     0.306789     0.134506    
-99.9278     -99.9785     266.603       0.133708     0.134506     0.300937    

Bond Length
0.62178547    0.001037371 

BB bond length
0.62178547    0.001037371 

Water EE distance
0             0           

PEG EE distance
6.6823959     0.12487251  

BBB P2(x)
0.061424064   0.0039324319

BBB first bond length
0.62181148    0.0010115554

BBB second bond length
0.6218799     0.0010068495

BBB <phi**2>/<phi>**2
1.1142608     0.0031911112

Time = 25000
Temperature
1.0120619     0.0031051488

Pressure
22.846365     0.050795354 

CM Mom
-1.3265194e-16 3.5864785e-17 
4.5640108e-17  1.019381e-17  
9.4918648e-17  1.5457306e-17 
1.7198315e-16  2.7203455e-17 

CM Pos
9.9954681      0.010601532   
10.004008      0.013345276   
10.000601      0.007466623   
17.32056       0.010817647   

Stress
19.8301      -0.01417     0.000878659   0.0777509    0.0684346    0.0521816   
-0.01417     19.8107      0.0161201     0.0684346    0.0588932    0.0446538   
0.000878659  0.0161201    19.8034       0.0521816    0.0446538    0.0729995   

Stress Spherical
0            0            0             0            0            0           
0            0            0             0            0            0           
0            0            0             0            0            0           

Inertia
266.763      -99.9672     -99.9478      0.353122     0.204789     0.0705098   
-99.9672     266.589      -100.06       0.204789     0.170583     0.191113    
-99.9478     -100.06      266.656       0.0705098    0.191113     0.345511    

Bond Length
0.62153904    0.001005819 

BB bond length
0.62153904    0.001005819 

Water EE distance
0             0           

PEG EE distance
6.5205516     0.065154949 

BBB P2(x)
0.063613801   0.0052493919

BBB first bond length
0.6215904     0.00094926759

BBB second bond length
0.62164118    0.00095115477

BBB <phi**2>/<phi>**2
1.1144343     0.0021442026

Time = 26000
Temperature
1.0087104     0.0046931627

Pressure
22.836745     0.055025952 

CM Mom
-1.2575784e-16 1.5281445e-17 
4.545682e-17   1.5300674e-17 
8.7989425e-17  2.9778966e-17 
1.6343127e-16  1.6374848e-17 

CM Pos
10.000476      0.0076472784  
9.9998352      0.01259339    
9.9996825      0.010296563   
17.32051       0.010534482   

Stress
19.7865      -0.0307165   -0.0130319    0.0731143    0.0709215    0.0728161   
-0.0307165   19.8628      -0.00630178   0.0709215    0.0939856    0.0352941   
-0.0130319   -0.00630178  19.7963       0.0728161    0.0352941    0.083997    

Stress Spherical
0            0            0             0            0            0           
0            0            0             0            0            0           
0            0            0             0            0            0           

Inertia
266.665      -99.9933     -100.021      0.336236     0.225594     0.0899007   
-99.9933     266.667      -99.9554      0.225594     0.219219     0.159895    
-100.021     -99.9554     266.669       0.0899007    0.159895     0.384235    

Bond Length
0.62163227    0.00079424334

BB bond length
0.62163227    0.00079424334

Water EE distance
0             0           

PEG EE distance
6.6434685     0.06323768  

BBB P2(x)
0.068097023   0.003578662 

BBB first bond length
0.62170176    0.00078174949

BBB second bond length
0.62168904    0.00082080164

BBB <phi**2>/<phi>**2
1.1158279     0.0014089729

Time = 27000
Temperature
1.0116665     0.0034867421

Pressure
22.823715     0.062567981 

CM Mom
-1.2843127e-16 9.3496926e-18 
3.9304184e-17  1.3357637e-17 
7.7081602e-17  2.753242e-17  
1.576045e-16   1.287175e-17  

CM Pos
9.9998079      0.012295341   
9.9973315      0.010935614   
10.00277       0.013441746   
17.320465      0.011971554   

Stress
19.7807      -0.0289153   -0.00604821   0.0622836    0.0415731    0.0359436   
-0.0289153   19.8195      0.0252358     0.0415731    0.120323     0.0474234   
-0.00604821  0.0252358    19.7796       0.0359436    0.0474234    0.0606246   

Stress Spherical
0            0            0             0            0            0           
0            0            0             0            0            0           
0            0            0             0            0            0           

Inertia
266.669      -99.9516     -100.022      0.208668     0.100053     0.26298     
-99.9516     266.719      -99.998       0.100053     0.492505     0.165622    
-100.022     -99.998      266.599       0.26298      0.165622     0.22682     

Bond Length
0.62154619    0.00057570172

BB bond length
0.62154619    0.00057570172

Water EE distance
0             0           

PEG EE distance
6.6358964     0.076315619 

BBB P2(x)
0.070207763   0.0058150345

BBB first bond length
0.62166326    0.00053601512

BBB second bond length
0.62172222    0.00062129561

BBB <phi**2>/<phi>**2
1.1175213     0.0023328204

Time = 28000
Temperature
1.0097874     0.0030618491

Pressure
22.841524     0.074686703 

CM Mom
-1.3062158e-16 1.6277425e-17 
2.3441902e-17  1.5835273e-17 
8.2096693e-17  1.4997699e-17 
1.5780416e-16  1.3779534e-17 

CM Pos
9.9991403      0.008438808   
9.998333       0.0072991622  
10.001852      0.011615136   
17.320125      0.0077240121  

Stress
19.8261      0.00502866   0.0124813     0.0850374    0.0623356    0.0394788   
0.00502866   19.8353      0.00861026    0.0623356    0.127169     0.030468    
0.0124813    0.00861026   19.7887       0.0394788    0.030468     0.0907763   

Stress Spherical
