Time = 500
Temperature
   1.0291336   0.044114445

Pressure
   22.760431    0.15769585

CM Mom
-3.384023e-18  2.4370445e-17 
5.4489632e-17  1.3188009e-17 
-1.9634469e-18 2.7066007e-17 
6.5301106e-17  1.4852717e-17 

CM Pos
7.5298098      0.035949513   
7.5002478      0.012882854   
7.5205042      0.039336896   
13.019653      0.03725964    

Stress
19.6924      -0.0590348   -0.0177862    0.15305      0.102421     0.0487206   
-0.0590348   19.6367      -0.0193037    0.102421     0.103337     0.0292103   
-0.0177862   -0.0193037   19.7009       0.0487206    0.0292103    0.121256    

Stress Spherical
0            0            0             0            0            0           
0            0            0             0            0            0           
0            0            0             0            0            0           

Inertia
149.846      -56.4917     -56.6282      0.549148     0.181822     0.507775    
-56.4917     150.302      -56.4323      0.181822     1.03985      0.258155    
-56.6282     -56.4323     150.011       0.507775     0.258155     0.356295    

Bond Length
0.61576959    0.003161032 

BB bond length
0.61576959    0.003161032 

Water EE distance
0             0           

PEG EE distance
3.7649263     0.17778617  

Time = 1000
Temperature
1.0122204     0.0047470682

Pressure
22.736108     0.041252356 

CM Mom
-1.8786405e-17 2.2273445e-17 
5.5201018e-17  1.9168355e-17 
1.6746111e-17  3.1606422e-17 
7.1464708e-17  2.0875995e-17 

CM Pos
7.5306997      0.022376769   
7.501731       0.010259043   
7.5160545      0.01802975    
13.018409      0.02105916    

Stress
19.7006      0.00594594   -0.0200653    0.060814     0.0288244    0.049176    
0.00594594   19.68        -0.000569119  0.0288244    0.0692411    0.0653973   
-0.0200653   -0.000569119 19.7285       0.049176     0.0653973    0.0590568   

Stress Spherical
0            0            0             0            0            0           
0            0            0             0            0            0           
0            0            0             0            0            0           

Inertia
149.851      -56.5362     -56.6593      0.32542      0.172195     0.283066    
-56.5362     150.297      -56.4697      0.172195     0.50989      0.166364    
-56.6593     -56.4697     150.09        0.283066     0.166364     0.235192    

Bond Length
0.61557001    0.0063006941

BB bond length
0.61557001    0.0063006941

Water EE distance
0             0           

PEG EE distance
3.679099      0.23376246  

