Time = 1000
Temperature
   1.1456796    0.20222227

Pressure
   23.775203     0.9922617

CM Mom
2.3071994e-18  2.5417473e-17 
-2.0342284e-17 3.6931122e-17 
-5.354218e-17  2.6963914e-16 
2.0569434e-16  1.889205e-16  

CM Pos
7.5008117      0.024670606   
7.4996199      0.021997019   
7.497612       0.014810808   
12.989284      0.021854529   

Stress
20.3352      0.017999     0.0238342     0.397402     0.0962406    0.051       
0.017999     20.3977      0.0178691     0.0962406    0.435972     0.0869754   
0.0238342    0.0178691    20.2968       0.051        0.0869754    0.403103    

Stress Spherical
0            0            0             0            0            0           
0            0            0             0            0            0           
0            0            0             0            0            0           

Inertia
150.111      -56.2684     -56.2325      1.61591      0.31889      0.212122    
-56.2684     150.135      -56.241       0.31889      1.66363      0.192698    
-56.2325     -56.241      150.143       0.212122     0.192698     1.87671     

Bond Length
0.61841483    0.0069551475

BB bond length
0.61841483    0.0069551475

Water EE distance
0             0           

PEG EE distance
6.5926073     0.12534822  

BBB P2(x)
0.46028714    0.065074757 

BBB first bond length
0.61831195    0.0071211553

BBB second bond length
0.61833618    0.0070469296

BBB <phi**2>/<phi>**2
1.2165368     0.015323172 

Time = 2000
Temperature
1.0106178     0.0092320326

Pressure
23.133042     0.10062796  

CM Mom
3.2357963e-17  2.2160087e-17 
-3.6616221e-17 2.2950346e-17 
-3.6419653e-17 4.277506e-17  
7.5091032e-17  3.0381031e-17 

CM Pos
7.5018503      0.0050182595  
7.4954656      0.027449675   
7.497612       0.01485533    
12.987477      0.019538764   

Stress
20.1291      -0.0243099   0.0587523     0.102935     0.0518064    0.0485527   
-0.0243099   20.1084      -0.0143186    0.0518064    0.140886     0.0815338   
0.0587523    -0.0143186   20.0796       0.0485527    0.0815338    0.0888928   

Stress Spherical
0            0            0             0            0            0           
0            0            0             0            0            0           
0            0            0             0            0            0           

Inertia
149.757      -56.2302     -56.2374      0.763269     0.20713      0.147992    
-56.2302     149.863      -56.1712      0.20713      0.444242     0.235698    
-56.2374     -56.1712     149.825       0.147992     0.235698     0.612973    

Bond Length
0.61761269    0.0021406279

BB bond length
0.61761269    0.0021406279

Water EE distance
0             0           

PEG EE distance
6.9802796     0.12599166  

BBB P2(x)
0.51094826    0.0076828269

BBB first bond length
0.61775387    0.0023167775

BBB second bond length
0.6177437     0.0021975739

BBB <phi**2>/<phi>**2
1.2258886     0.01000459  

