Time = 1000
Temperature
   1.1295046    0.18943668

Pressure
   23.769421    0.96303968

CM Mom
-4.5603548e-18 2.4287103e-17 
1.6843475e-17  3.1691927e-17 
1.8384703e-17  1.7592198e-16 
1.4122159e-16  1.1507277e-16 

CM Pos
7.5028377      0.027948811   
7.5028652      0.015753459   
7.4989207      0.016710386   
12.993094      0.013662953   

Stress
20.3642      -0.0101726   -0.038941     0.357768     0.0876227    0.0674984   
-0.0101726   20.3784      0.0013833     0.0876227    0.405124     0.0934951   
-0.038941    0.0013833    20.4232       0.0674984    0.0934951    0.465457    

Stress Spherical
0            0            0             0            0            0           
0            0            0             0            0            0           
0            0            0             0            0            0           

Inertia
150.168      -56.3194     -56.3282      1.28242      0.275808     0.163769    
-56.3194     150.174      -56.2527      0.275808     1.59586      0.219808    
-56.3282     -56.2527     150.24        0.163769     0.219808     1.75248     

Bond Length
0.61867223    0.0086052822

BB bond length
0.61867223    0.0086052822

Water EE distance
0             0           

PEG EE distance
6.5006981     0.15054702  

BBB P2(x)
0.46618959    0.065965772 

BBB first bond length
0.61855884    0.0085989886

BBB second bond length
0.61861321    0.0084541   

BBB <phi**2>/<phi>**2
1.2166099     0.015069952 

Time = 2000
Temperature
1.0116404     0.0068275411

Pressure
23.096579     0.055428446 

CM Mom
-1.2414452e-17 2.33965e-17   
4.2311455e-17  1.1830323e-17 
3.3025481e-17  6.0461115e-17 
8.1639877e-17  2.6699996e-17 

CM Pos
7.4989771      0.016956622   
7.4981137      0.01993469    
7.5029298      0.0065670197  
12.99041       0.016942618   

Stress
20.093       -0.0561561   -0.00283422   0.0618483    0.0902251    0.0926993   
-0.0561561   20.0513      0.0150527     0.0902251    0.108308     0.0621066   
-0.00283422  0.0150527    20.0614       0.0926993    0.0621066    0.0884989   

Stress Spherical
0            0            0             0            0            0           
0            0            0             0            0            0           
0            0            0             0            0            0           

Inertia
149.898      -56.2085     -56.2799      0.477365     0.24872      0.138036    
-56.2085     149.903      -56.2503      0.24872      0.471306     0.135627    
-56.2799     -56.2503     149.846       0.138036     0.135627     0.702267    

Bond Length
0.61770182    0.0016216087

BB bond length
0.61770182    0.0016216087

Water EE distance
0             0           

PEG EE distance
6.5108314     0.15418442  

BBB P2(x)
0.50662095    0.0081711336

BBB first bond length
0.6178201     0.0015602867

BBB second bond length
0.61763005    0.0016976616

BBB <phi**2>/<phi>**2
1.2223604     0.0055696851

