Time = 1000
Temperature
   1.5680007      1.155126

Pressure
   28.975446      4.175966

CM Mom
-6.1083433e-17 3.6323949e-17 
1.0665476e-16  4.9406511e-17 
3.7782027e-17  3.9783943e-16 
3.1443108e-16  2.8231834e-16 

CM Pos
9.9893314      0.048008895   
10.001964      0.028493448   
9.9917274      0.020790048   
17.310793      0.025569806   

Stress
24.2919      -0.0167749   0.0357347     1.18908      0.0725785    0.0682185   
-0.0167749   24.2533      0.0299882     0.0725785    1.14259      0.0867674   
0.0357347    0.0299882    24.2709       0.0682185    0.0867674    1.20101     

Stress Spherical
0            0            0             0            0            0           
0            0            0             0            0            0           
0            0            0             0            0            0           

Inertia
267.788      -99.8809     -99.8242      6.8877       0.331938     0.630786    
-99.8809     267.556      -99.9502      0.331938     5.63243      0.243941    
-99.8242     -99.9502     267.762       0.630786     0.243941     6.3157      

Bond Length
0.61539899    0.03014961  

BB bond length
0.61539899    0.03014961  

Water EE distance
0             0           

PEG EE distance
6.4959141     0.52846426  

BBB P2(x)
0.098384395   0.034135027 

BBB first bond length
0.61572351    0.030809628 

BBB second bond length
0.61583347    0.030418393 

BBB <phi**2>/<phi>**2
1.1266796     0.011896317 

Time = 2000
Temperature
1.0179723     0.0071686219

Pressure
26.091438     0.073551899 

CM Mom
-5.1808904e-17 1.7633585e-17 
1.0033281e-16  1.9590528e-17 
-7.371588e-17  1.3109189e-16 
1.8017265e-16  6.00208e-17   

CM Pos
9.9949988      0.010615783   
10.005381      0.0078520253  
10.000395      0.015068633   
17.320962      0.015070418   

Stress
23.0193      0.0109058    -0.0140572    0.123786     0.0570241    0.0627194   
0.0109058    23.0135      0.0444896     0.0570241    0.0842449    0.0375583   
-0.0140572   0.0444896    23.0809       0.0627194    0.0375583    0.0791479   

Stress Spherical
0            0            0             0            0            0           
0            0            0             0            0            0           
0            0            0             0            0            0           

Inertia
267.117      -100.018     -99.9514      0.213217     0.154304     0.26452     
-100.018     266.935      -100.052      0.154304     0.135005     0.206838    
-99.9514     -100.052     267.069       0.26452      0.206838     0.304366    

Bond Length
0.60352132    0.00067413107

BB bond length
0.60352132    0.00067413107

Water EE distance
0             0           

PEG EE distance
5.7555343     0.13583137  

BBB P2(x)
0.070995494   0.0031917573

BBB first bond length
0.6037464     0.00063283761

BBB second bond length
0.60371433    0.0007165805

BBB <phi**2>/<phi>**2
1.1183313     0.0013679598

Time = 3000
Temperature
1.0097263     0.0049154252

Pressure
26.053594     0.040882622 

CM Mom
-3.9872168e-17 1.8727162e-17 
1.0116819e-16  1.900801e-17  
-5.7359615e-17 1.8509434e-17 
1.2574047e-16  1.8943635e-17 

CM Pos
10.000666      0.0091693279  
10.004298      0.0082779269  
10.001729      0.0083531064  
17.324378      0.003932755   

Stress
23.0246      -0.0110554   0.0219661     0.0525313    0.0542777    0.0538782   
-0.0110554   23.0329      0.00682014    0.0542777    0.0779448    0.0657223   
0.0219661    0.00682014   23.0169       0.0538782    0.0657223    0.0728579   

Stress Spherical
0            0            0             0            0            0           
0            0            0             0            0            0           
0            0            0             0            0            0           

Inertia
266.832      -100.056     -100.034      0.270085     0.11464      0.158847    
-100.056     266.781      -100.094      0.11464      0.152413     0.110866    
-100.034     -100.094     266.879       0.158847     0.110866     0.361441    

Bond Length
0.60322297    0.00021371325

BB bond length
0.60322297    0.00021371325

Water EE distance
0             0           

PEG EE distance
5.4412484     0.078849178 

BBB P2(x)
0.063031595   0.0025188669

BBB first bond length
0.60344785    0.00025282705

BBB second bond length
0.60345409    0.00023674864

BBB <phi**2>/<phi>**2
1.1160615     0.0015959488

Time = 4000
Temperature
1.0113461     0.0058669286

Pressure
26.045378     0.068672126 

CM Mom
-6.8009083e-17 5.0735304e-17 
9.7312977e-17  2.1580748e-17 
-5.3527536e-17 1.0501001e-17 
1.4013042e-16  2.1766587e-17 

CM Pos
10.003917      0.0079071217  
10.001797      0.0058726304  
10.001895      0.010416635   
17.324905      0.0093159904  

Stress
23.0455      -0.023119    0.038648      0.0970128    0.0435884    0.05968     
-0.023119    22.9776      0.0173997     0.0435884    0.088135     0.0332751   
0.038648     0.0173997    23.0121       0.05968      0.0332751    0.0807369   

Stress Spherical
0            0            0             0            0            0           
0            0            0             0            0            0           
0            0            0             0            0            0           

Inertia
266.726      -100.076     -100.031      0.295006     0.108045     0.165712    
-100.076     266.809      -100.036      0.108045     0.267442     0.172       
-100.031     -100.036     266.816       0.165712     0.172        0.188429    

Bond Length
0.60325245    0.00060468064

BB bond length
0.60325245    0.00060468064

Water EE distance
0             0           

PEG EE distance
5.1417113     0.050113446 

BBB P2(x)
0.061350041   0.004675267 

BBB first bond length
0.60342009    0.00064449225

BBB second bond length
0.60345088    0.00063157142

BBB <phi**2>/<phi>**2
1.1148178     0.0017239892

Time = 5000
Temperature
1.0080603     0.005545263 

Pressure
26.077633     0.063829471 

CM Mom
-6.7675107e-17 1.4441891e-17 
1.0294581e-16  9.758371e-18  
-4.3290925e-17 1.7081519e-17 
1.3183475e-16  1.6341237e-17 

CM Pos
9.9950821      0.0065205501  
9.9907127      0.012894332   
10.009896      0.01271122    
17.318033      0.011370877   

Stress
23.0149      -0.00984461  -0.0125813    0.103629     0.0732607    0.0719632   
-0.00984461  23.078       -0.00179885   0.0732607    0.0542407    0.0695255   
-0.0125813   -0.00179885  23.0685       0.0719632    0.0695255    0.102809    

Stress Spherical
0            0            0             0            0            0           
0            0            0             0            0            0           
0            0            0             0            0            0           

Inertia
266.649      -99.8335     -100.064      0.443174     0.162069     0.126584    
-99.8335     266.784      -99.9847      0.162069     0.219366     0.270468    
-100.064     -99.9847     266.403       0.126584     0.270468     0.21892     

Bond Length
0.60327427    0.00060521495

BB bond length
0.60327427    0.00060521495

Water EE distance
0             0           

PEG EE distance
5.0084471     0.038285    

BBB P2(x)
0.057429143   0.0029104798

BBB first bond length
0.60343355    0.000625981 

BBB second bond length
0.60346184    0.00051200822

BBB <phi**2>/<phi>**2
1.1143713     0.0012745797

Time = 6000
Temperature
1.0126168     0.0043687858

Pressure
26.063935     0.028229824 

CM Mom
-5.2474659e-17 1.6251303e-17 
9.7211715e-17  1.1917746e-17 
-4.9324267e-17 1.8091689e-17 
1.2350922e-16  1.0747603e-17 

CM Pos
9.999666       0.015457064   
9.9912961      0.0047797478  
10.000729      0.0083929268  
17.315719      0.0092207957  

Stress
23.0291      -0.0305517   -0.0030398    0.0707771    0.0864008    0.0426235   
-0.0305517   23.0292      -0.0265986    0.0864008    0.0307133    0.0476783   
-0.0030398   -0.0265986   23.0211       0.0426235    0.0476783    0.0888024   

Stress Spherical
0            0            0             0            0            0           
0            0            0             0            0            0           
0            0            0             0            0            0           

Inertia
266.478      -99.8991     -100.006      0.145739     0.169394     0.236756    
-99.8991     266.679      -99.9422      0.169394     0.40456      0.0973378   
-100.006     -99.9422     266.467       0.236756     0.0973378    0.245183    

Bond Length
0.60351636    0.00047482808

BB bond length
0.60351636    0.00047482808

Water EE distance
0             0           

PEG EE distance
4.8820393     0.039200085 

BBB P2(x)
0.057318558   0.0040907973

BBB first bond length
0.6036354     0.00052354177

BBB second bond length
0.60372737    0.00044236307

BBB <phi**2>/<phi>**2
1.1139357     0.0018347445

Time = 7000
Temperature
1.0098899     0.0028888617

Pressure
26.026601     0.041882972 

CM Mom
-6.7856466e-17 1.4252646e-17 
8.7487027e-17  2.5526019e-17 
-5.6540549e-17 6.3480122e-18 
1.264122e-16   1.9242736e-17 

CM Pos
9.999166       0.012391061   
9.9997972      0.0084375001  
9.9954779      0.0069929331  
17.317304      0.010504457   

Stress
23           0.0196037    0.000455371   0.0523094    0.0686562    0.0295249   
0.0196037    23.0148      -0.0286905    0.0686562    0.0717197    0.0624032   
0.000455371  -0.0286905   22.9772       0.0295249    0.0624032    0.0950764   

Stress Spherical
0            0            0             0            0            0           
0            0            0             0            0            0           
0            0            0             0            0            0           

Inertia
266.582      -100.015     -99.9303      0.234928     0.190859     0.190805    
-100.015     266.582      -99.9536      0.190859     0.281028     0.130253    
-99.9303     -99.9536     266.66        0.190805     0.130253     0.311557    

Bond Length
0.60343077    0.00030309496

BB bond length
0.60343077    0.00030309496

Water EE distance
0             0           

PEG EE distance
4.7146378     0.048730991 

BBB P2(x)
0.054435487   0.0048503671

BBB first bond length
0.60365055    0.00037144566

BBB second bond length
0.60363888    0.00031772461

BBB <phi**2>/<phi>**2
1.1136121     0.0018643977

Time = 8000
Temperature
1.008229      0.0046122069

Pressure
26.078073     0.069101078 

CM Mom
-7.4903852e-17 1.4000277e-17 
1.0371589e-16  2.5998239e-17 
-4.072038e-17  1.747317e-17  
1.3689545e-16  2.1507787e-17 

CM Pos
9.9992493      0.011554763   
10.002714      0.0079870974  
9.9994784      0.012834938   
17.321344      0.015863149   

Stress
23.017       -0.0188106   -0.0222769    0.107916     0.0864488    0.0405087   
-0.0188106   23.0628      -0.00218022   0.0864488    0.0977738    0.0562056   
-0.0222769   -0.00218022  23.0815       0.0405087    0.0562056    0.0763802   

Stress Spherical
0            0            0             0            0            0           
0            0            0             0            0            0           
0            0            0             0            0            0           

Inertia
266.687      -100.007     -99.9997      0.360063     0.189171     0.235645    
-100.007     266.632      -100.016      0.189171     0.433635     0.15446     
-99.9997     -100.016     266.653       0.235645     0.15446      0.312659    

Bond Length
0.60356945    0.00058962914

BB bond length
0.60356945    0.00058962914

Water EE distance
0             0           

PEG EE distance
4.7086169     0.039977645 

BBB P2(x)
0.052588226   0.0026251528

BBB first bond length
0.60374436    0.00061950436

BBB second bond length
0.60376807    0.00062717111

BBB <phi**2>/<phi>**2
1.1127856     0.0011812587

Time = 9000
Temperature
1.0100137     0.0080216876

Pressure
26.090346     0.049730083 

CM Mom
-6.7132707e-17 8.4885661e-18 
1.2097826e-16  1.7601544e-17 
-3.7564928e-17 2.8433209e-17 
1.4662446e-16  1.5660363e-17 

CM Pos
10.003416      0.0082426085  
9.9986304      0.0085973432  
10.002562      0.0060013288  
17.323173      0.0081808547  

Stress
23.0068      -0.0133029   -0.00309228   0.0867944    0.0528867    0.0603836   
-0.0133029   23.0613      -0.00231522   0.0528867    0.0817933    0.0323597   
-0.00309228  -0.00231522  23.1139       0.0603836    0.0323597    0.0564101   

Stress Spherical
0            0            0             0            0            0           
0            0            0             0            0            0           
0            0            0             0            0            0           

Inertia
266.669      -99.9834     -100.046      0.221969     0.150558     0.153076    
-99.9834     266.771      -99.969       0.150558     0.211186     0.101633    
-100.046     -99.969      266.689       0.153076     0.101633     0.296194    

Bond Length
0.60329233    0.00033179572

BB bond length
0.60329233    0.00033179572

Water EE distance
0             0           

PEG EE distance
4.7033284     0.039887832 

BBB P2(x)
0.051093753   0.0044242319

BBB first bond length
0.60353113    0.00034496526

BBB second bond length
0.60350815    0.00035676334

BBB <phi**2>/<phi>**2
1.1129654     0.0017784978

Time = 10000
Temperature
1.0136814     0.005365468 

Pressure
26.108648     0.071058115 

CM Mom
-6.7261324e-17 1.5427872e-17 
1.2350127e-16  1.4817927e-17 
-5.6960636e-17 1.4814389e-17 
1.5342839e-16  1.2567687e-17 

CM Pos
9.999166       0.018050032   
10.007548      0.0087981953  
10.001645      0.013716062   
17.325346      0.014968926   

Stress
23.0669      -0.0234317   0.0127799     0.0766746    0.0534146    0.076342    
-0.0234317   23.0309      -0.0374237    0.0534146    0.0797861    0.0632749   
0.0127799    -0.0374237   23.1062       0.076342     0.0632749    0.0983985   

Stress Spherical
0            0            0             0            0            0           
0            0            0             0            0            0           
0            0            0             0            0            0           

Inertia
266.828      -100.074     -100.016      0.329894     0.182346     0.287739    
-100.074     266.68       -100.086      0.182346     0.492689     0.184968    
-100.016     -100.086     266.789       0.287739     0.184968     0.341471    

Bond Length
0.60294073    0.00082097847

BB bond length
0.60294073    0.00082097847

Water EE distance
0             0           

PEG EE distance
4.6155424     0.039230942 

BBB P2(x)
0.051879776   0.0015573287

BBB first bond length
0.60316041    0.0008259529

BBB second bond length
0.60321931    0.00086262282

BBB <phi**2>/<phi>**2
1.112627      0.00083346921

Time = 11000
Temperature
1.0120862     0.0033079253

Pressure
26.052068     0.032852621 

CM Mom
-6.992573e-17  1.8475465e-17 
1.3475802e-16  2.0073689e-17 
-7.4323341e-17 1.9464468e-17 
1.7141825e-16  1.7670183e-17 

CM Pos
10.00625       0.012228832   
9.9997972      0.012137609   
10.005062      0.012159336   
17.326932      0.011936881   

Stress
23.0359      0.0177562    -0.0151852    0.0658322    0.0229292    0.0676184   
0.0177562    23.0212      0.00549785    0.0229292    0.0963369    0.0592999   
-0.0151852   0.00549785   22.9915       0.0676184    0.0592999    0.065248    

Stress Spherical
0            0            0             0            0            0           
0            0            0             0            0            0           
0            0            0             0            0            0           

Inertia
266.797      -100.09      -100.126      0.437447     0.167337     0.198153    
-100.09      266.923      -100.008      0.167337     0.323138     0.225803    
-100.126     -100.008     266.794       0.198153     0.225803     0.319223    

Bond Length
0.60312114    0.00029811657

BB bond length
0.60312114    0.00029811657

Water EE distance
0             0           

PEG EE distance
4.5859911     0.024001514 

BBB P2(x)
0.054503462   0.0036511885

BBB first bond length
0.603246      0.00034097804

BBB second bond length
0.60329916    0.00035805588

BBB <phi**2>/<phi>**2
1.113484      0.0013326231

Time = 12000
Temperature
1.0086251     0.0029360219

Pressure
26.076502     0.047461391 

CM Mom
-7.413377e-17  9.8653576e-18 
1.5088348e-16  1.515166e-17  
-6.2615038e-17 1.8403721e-17 
1.8057739e-16  1.5481828e-17 

CM Pos
10.000833      0.012090303   
10.005215      0.0075120419  
10.002562      0.0066178297  
17.325483      0.009729485   

Stress
23.0502      -0.00441422  0.0250275     0.104413     0.0711802    0.0538127   
-0.00441422  23.0111      0.0108043     0.0711802    0.0611774    0.0356165   
0.0250275    0.0108043    23.0917       0.0538127    0.0356165    0.0825719   

Stress Spherical
0            0            0             0            0            0           
0            0            0             0            0            0           
0            0            0             0            0            0           

Inertia
266.85       -100.039     -99.9925      0.228768     0.13462      0.142413    
-100.039     266.757      -100.07       0.13462      0.246185     0.160203    
-99.9925     -100.07      266.789       0.142413     0.160203     0.307265    

Bond Length
0.6032179     0.0005346152

BB bond length
0.6032179     0.0005346152

Water EE distance
0             0           

PEG EE distance
4.5757524     0.019864218 

BBB P2(x)
0.056668739   0.0024017965

BBB first bond length
0.60344053    0.00051955582

BBB second bond length
0.6033823     0.0005632412

BBB <phi**2>/<phi>**2
1.1147108     0.0014736062

Time = 13000
Temperature
1.0082568     0.0063228178

Pressure
26.061629     0.054643041 

CM Mom
-9.6111069e-17 2.1448734e-17 
1.5616666e-16  2.2540734e-17 
-7.2567523e-17 2.6952109e-17 
2.0056078e-16  1.9008746e-17 

CM Pos
9.9976658      0.00961745    
10.003964      0.0081015099  
9.9973115      0.013197819   
17.319905      0.0085010837  

Stress
23.0158      -0.00582516  -0.00916429   0.0906493    0.0357043    0.0388193   
-0.00582516  23.0507      0.00561844    0.0357043    0.0848061    0.0666768   
-0.00916429  0.00561844   23.0452       0.0388193    0.0666768    0.057837    

Stress Spherical
0            0            0             0            0            0           
0            0            0             0            0            0           
0            0            0             0            0            0           

Inertia
266.675      -99.9914     -99.9548      0.247719     0.0943878    0.19099     
-99.9914     266.542      -100.015      0.0943878    0.414432     0.0963776   
-99.9548     -100.015     266.716       0.19099      0.0963776    0.218409    

Bond Length
0.60309586    0.00029488804

BB bond length
0.60309586    0.00029488804

Water EE distance
0             0           

PEG EE distance
4.5781632     0.020722362 

BBB P2(x)
0.052733969   0.0027305831

BBB first bond length
0.60333084    0.00036528156

BBB second bond length
0.60330056    0.00034383683

BBB <phi**2>/<phi>**2
1.1128893     0.00077863894

Time = 14000
Temperature
1.0119894     0.0039016258

Pressure
26.137315     0.075792751 

CM Mom
-1.0961191e-16 1.3260947e-17 
1.4928953e-16  2.4095016e-17 
-5.8331008e-17 3.8163159e-17 
1.9816047e-16  2.5493533e-17 

CM Pos
9.9903315      0.010091135   
10.003464      0.009252658   
9.9953946      0.0074306926  
17.314274      0.0089999841  

Stress
23.0685      0.0267937    -0.000791256  0.103511     0.0527292    0.0439628   
0.0267937    23.1314      -0.00396223   0.0527292    0.111639     0.0485123   
-0.000791256 -0.00396223  23.1052       0.0439628    0.0485123    0.0862522   

Stress Spherical
0            0            0             0            0            0           
0            0            0             0            0            0           
0            0            0             0            0            0           

Inertia
266.657      -99.9021     -99.845       0.247617     0.1059       0.172782    
-99.9021     266.352      -100.022      0.1059       0.29699      0.162245    
-99.845      -100.022     266.553       0.172782     0.162245     0.209475    

Bond Length
0.6030133     0.0007295756

BB bond length
0.6030133     0.0007295756

Water EE distance
0             0           

PEG EE distance
4.580103      0.029240334 

BBB P2(x)
0.053078164   0.0040342605

BBB first bond length
0.60317777    0.00069175333

BBB second bond length
0.60316538    0.00071090836

BBB <phi**2>/<phi>**2
1.1128885     0.0014212079

Time = 15000
Temperature
1.0138539     0.0051492547

Pressure
26.088639     0.064195821 

CM Mom
-1.1084175e-16 1.2261786e-17 
1.670086e-16   1.9827714e-17 
-6.0943712e-17 1.9927391e-17 
2.1086375e-16  1.920857e-17  

CM Pos
9.9930819      0.011997159   
9.9997138      0.0086853627  
9.9931443      0.0081727887  
17.312397      0.0086278844  

Stress
23.0425      0.0353644    0.0125965     0.0991263    0.0408258    0.0637781   
0.0353644    23.0683      -0.0157097    0.0408258    0.0928524    0.0454671   
0.0125965    -0.0157097   23.0315       0.0637781    0.0454671    0.0483706   

Stress Spherical
0            0            0             0            0            0           
0            0            0             0            0            0           
0            0            0             0            0            0           

Inertia
266.529      -99.9624     -99.8681      0.258139     0.154726     0.16891     
-99.9624     266.363      -99.892       0.154726     0.255054     0.133905    
-99.8681     -99.892      266.503       0.16891      0.133905     0.280669    

Bond Length
0.60288452    0.00065703959

BB bond length
0.60288452    0.00065703959

Water EE distance
0             0           

PEG EE distance
4.5948925     0.028248784 

BBB P2(x)
0.054692754   0.0037246905

BBB first bond length
0.60307196    0.00068080917

BBB second bond length
0.60303646    0.0007589465

BBB <phi**2>/<phi>**2
1.1138424     0.001645688 

Time = 16000
Temperature
1.0105625     0.0056379172

Pressure
26.079322     0.039304757 

CM Mom
-1.0784193e-16 1.5915286e-17 
1.7712561e-16  1.5450694e-17 
-3.2997192e-17 1.7829306e-17 
2.1141325e-16  1.4370753e-17 

CM Pos
9.9948321      0.0075673189  
10.003298      0.013542013   
9.999145       0.0074283552  
17.318942      0.0078603239  

Stress
23.0421      -0.00321018  -0.00417444   0.0699269    0.0636016    0.058842    
-0.00321018  23.0363      0.0278858     0.0636016    0.0467186    0.0570598   
-0.00417444  0.0278858    23.0657       0.058842     0.0570598    0.0491312   

Stress Spherical
0            0            0             0            0            0           
0            0            0             0            0            0           
0            0            0             0            0            0           

Inertia
266.71       -100.018     -99.9395      0.241694     0.184095     0.168716    
-100.018     266.542      -100.025      0.184095     0.223966     0.107383    
-99.9395     -100.025     266.643       0.168716     0.107383     0.279615    

Bond Length
0.603155      0.0005836962

BB bond length
0.603155      0.0005836962

Water EE distance
0             0           

PEG EE distance
4.5836285     0.021129193 

BBB P2(x)
0.053171292   0.0026864326

BBB first bond length
0.60330525    0.00058911729

BBB second bond length
0.60335506    0.00060636121

BBB <phi**2>/<phi>**2
1.1136781     0.0018929113

Time = 17000
Temperature
1.013423      0.005544415 

Pressure
26.093469     0.059810343 

CM Mom
-1.1060892e-16 1.1024197e-17 
1.8765346e-16  1.2673784e-17 
-5.007859e-17  1.5615739e-17 
2.2430856e-16  1.294985e-17  

CM Pos
9.9956655      0.010044219   
9.9928797      0.012851163   
10.002979      0.010315788   
17.315623      0.011045215   

Stress
23.031       -0.0136971   -0.00606997   0.0956883    0.0680398    0.0710625   
-0.0136971   23.0399      0.0185867     0.0680398    0.120492     0.0636018   
-0.00606997  0.0185867    23.0898       0.0710625    0.0636018    0.0872228   

Stress Spherical
0            0            0             0            0            0           
0            0            0             0            0            0           
0            0            0             0            0            0           

Inertia
266.56       -99.8764     -99.9629      0.412148     0.207982     0.143846    
-99.8764     266.624      -99.9646      0.207982     0.243824     0.274721    
-99.9629     -99.9646     266.407       0.143846     0.274721     0.318095    

Bond Length
0.60309657    0.00058572051

BB bond length
0.60309657    0.00058572051

Water EE distance
0             0           

PEG EE distance
4.4842392     0.032964185 

BBB P2(x)
0.051463441   0.0037363082

BBB first bond length
0.60325144    0.00056160435

BBB second bond length
0.603234      0.00053909706

BBB <phi**2>/<phi>**2
1.1125267     0.0021187368

Time = 18000
Temperature
1.0117065     0.0050023692

Pressure
26.084972     0.061147292 

CM Mom
-9.2684735e-17 1.9948896e-17 
1.7870967e-16  8.1027119e-18 
-6.0796242e-17 1.7632252e-17 
2.1188155e-16  1.0222926e-17 

CM Pos
9.996999       0.0065730697  
9.9977969      0.010409965   
9.9948112      0.0084977936  
17.314512      0.0088249291  

Stress
23.0177      0.00350685   0.0185201     0.100571     0.0416951    0.0610993   
0.00350685   23.0452      0.0107485     0.0416951    0.0718043    0.051946    
0.0185201    0.0107485    23.0879       0.0610993    0.051946     0.0890917   

Stress Spherical
0            0            0             0            0            0           
0            0            0             0            0            0           
0            0            0             0            0            0           

Inertia
266.534      -99.9246     -99.911       0.237413     0.151363     0.102094    
-99.9246     266.534      -99.875       0.151363     0.204368     0.163511    
-99.911      -99.875      266.567       0.102094     0.163511     0.259609    

Bond Length
0.60296166    0.00047577546

BB bond length
0.60296166    0.00047577546

Water EE distance
0             0           

PEG EE distance
4.5506068     0.038192732 

BBB P2(x)
0.052641027   0.0023353384

BBB first bond length
0.60312066    0.00050873226

BBB second bond length
0.60307822    0.00052022737

BBB <phi**2>/<phi>**2
1.113048      0.0010099101

Time = 19000
Temperature
1.0118639     0.0030887761

Pressure
26.11262      0.033081386 

CM Mom
-9.6812331e-17 1.229316e-17  
1.7076301e-16  9.6512257e-18 
-5.3040828e-17 2.4614429e-17 
2.0521975e-16  8.9973327e-18 

CM Pos
10.003583      0.014399186   
10.000047      0.010147423   
9.9992284      0.012761395   
17.32217       0.0084445116  

Stress
23.0751      0.0119359    0.0120482     0.063723     0.0378187    0.0402964   
0.0119359    23.0761      0.0100964     0.0378187    0.081781     0.0659035   
0.0120482    0.0100964    23.081        0.0402964    0.0659035    0.076319    

Stress Spherical
0            0            0             0            0            0           
0            0            0             0            0            0           
0            0            0             0            0            0           

Inertia
266.638      -100.021     -100.039      0.355955     0.150737     0.134688    
-100.021     266.714      -99.9923      0.150737     0.321821     0.181865    
-100.039     -99.9923     266.707       0.134688     0.181865     0.241088    

Bond Length
0.60317903    0.00053315686

BB bond length
0.60317903    0.00053315686

Water EE distance
0             0           

PEG EE distance
4.5890409     0.023278551 

BBB P2(x)
0.050324707   0.0032091118

BBB first bond length
0.6034243     0.00050229986

BBB second bond length
0.60341336    0.0005285664

BBB <phi**2>/<phi>**2
1.1125069     0.0018420126

Time = 20000
Temperature
1.0078835     0.0060830436

Pressure
26.089615     0.062334944 

CM Mom
-9.9919436e-17 1.8704659e-17 
1.9087577e-16  2.3622421e-17 
-3.4494894e-17 1.632173e-17  
2.1978869e-16  2.1784442e-17 

CM Pos
9.9908316      0.0098698146  
9.9971302      0.012962298   
9.9928942      0.012341912   
17.309465      0.010111537   

Stress
23.0377      0.0233787    -0.016007     0.0872644    0.0512151    0.0307789   
0.0233787    23.0716      -0.00459466   0.0512151    0.0725493    0.0550079   
-0.016007    -0.00459466  23.0898       0.0307789    0.0550079    0.0653395   

Stress Spherical
0            0            0             0            0            0           
0            0            0             0            0            0           
0            0            0             0            0            0           

Inertia
266.443      -99.8305     -99.8678      0.288261     0.136166     0.161156    
-99.8305     266.381      -99.9281      0.136166     0.310455     0.17449     
-99.8678     -99.9281     266.389       0.161156     0.17449      0.316567    

Bond Length
0.60274726    0.00035044794

BB bond length
0.60274726    0.00035044794

Water EE distance
0             0           

PEG EE distance
4.5881778     0.02436575  

BBB P2(x)
0.050952327   0.0028402731

BBB first bond length
0.60292339    0.00036013153

BBB second bond length
0.60291597    0.00031844003

BBB <phi**2>/<phi>**2
1.1129762     0.0010315963

Time = 21000
Temperature
1.0109377     0.004630554 

Pressure
26.107392     0.062917722 

CM Mom
-1.0291053e-16 2.8103843e-17 
2.0197701e-16  1.9133188e-17 
-5.6748742e-18 1.5561472e-17 
2.2885353e-16  2.1014777e-17 

CM Pos
10.00125       0.012603659   
9.9982137      0.0077720003  
9.9955612      0.013813205   
17.317644      0.012036126   

Stress
23.0642      -0.0187134   -0.0164574    0.148187     0.0730082    0.0327732   
-0.0187134   23.0877      -0.010507     0.0730082    0.0819336    0.0716764   
-0.0164574   -0.010507    23.073        0.0327732    0.0716764    0.0565551   

Stress Spherical
0            0            0             0            0            0           
0            0            0             0            0            0           
0            0            0             0            0            0           

Inertia
266.546      -100.026     -99.9716      0.338966     0.181696     0.231846    
-100.026     266.63       -99.956       0.181696     0.355458     0.191561    
-99.9716     -99.956      266.661       0.231846     0.191561     0.281132    

Bond Length
0.60290386    0.00040859763

BB bond length
0.60290386    0.00040859763

Water EE distance
0             0           

PEG EE distance
4.570175      0.036157916 

BBB P2(x)
0.052579204   0.003322673 

BBB first bond length
0.60310747    0.00045229396

BBB second bond length
0.6029904     0.00044773038

BBB <phi**2>/<phi>**2
1.1131155     0.0012864388

Time = 22000
Temperature
1.0102508     0.0044543587

Pressure
26.040426     0.08982793  

CM Mom
-1.0424539e-16 1.3916103e-17 
1.9362108e-16  1.8065932e-17 
-6.1523298e-18 2.2647742e-17 
2.2148008e-16  1.9328916e-17 

CM Pos
10.002083      0.0090722267  
9.9989638      0.0093437973  
10.001479      0.0063778394  
17.321971      0.0071033414  

Stress
22.9593      -0.0166778   -0.000702292  0.117935     0.0821885    0.0520065   
-0.0166778   23.0521      -0.0229024    0.0821885    0.121485     0.0592799   
-0.000702292 -0.0229024   23.0188       0.0520065    0.0592799    0.0808081   

Stress Spherical
0            0            0             0            0            0           
0            0            0             0            0            0           
0            0            0             0            0            0           

Inertia
266.65       -99.9963     -100.029      0.202783     0.145948     0.142931    
-99.9963     266.727      -99.988       0.145948     0.252563     0.106124    
-100.029     -99.988      266.673       0.142931     0.106124     0.213734    

Bond Length
0.60295513    0.00065595189

BB bond length
0.60295513    0.00065595189

Water EE distance
0             0           

PEG EE distance
4.528203      0.026974227 

BBB P2(x)
0.049528799   0.0046736912

BBB first bond length
0.60313305    0.00076696292

BBB second bond length
0.60317898    0.00065712044

BBB <phi**2>/<phi>**2
1.1116505     0.0017562365

Time = 23000
Temperature
1.0126625     0.005891828 

Pressure
26.101309     0.048165327 

CM Mom
-9.6979464e-17 1.3781928e-17 
1.6672846e-16  1.748042e-17  
-1.8660787e-17 2.3334912e-17 
1.9603295e-16  1.2756556e-17 

CM Pos
9.9968323      0.0093315231  
9.9977969      0.0090844689  
10.003062      0.0054454794  
17.319181      0.004003851   

Stress
23.0812      0.0208201    0.0107836     0.0971101    0.0345979    0.0766818   
0.0208201    23.0697      0.0066811     0.0345979    0.0727988    0.0498169   
0.0107836    0.0066811    23.0401       0.0766818    0.0498169    0.0952621   

Stress Spherical
0            0            0             0            0            0           
0            0            0             0            0            0           
0            0            0             0            0            0           

Inertia
266.678      -99.9972     -99.9771      0.213077     0.153603     0.088087    
-99.9972     266.673      -99.9814      0.153603     0.138696     0.0859086   
-99.9771     -99.9814     266.535       0.088087     0.0859086    0.159151    

Bond Length
0.60297792    0.0004745282

BB bond length
0.60297792    0.0004745282

Water EE distance
0             0           

PEG EE distance
4.4592721     0.034142535 

BBB P2(x)
0.050918477   0.0026857239

BBB first bond length
0.60312869    0.00047304429

BBB second bond length
0.60316206    0.00049076884

BBB <phi**2>/<phi>**2
1.1127945     0.0016008118

Time = 24000
Temperature
1.0115902     0.003642168 

Pressure
26.097338     0.053005164 

CM Mom
-1.0791722e-16 1.4151539e-17 
1.8888249e-16  1.3838622e-17 
-3.3984011e-17 2.0473692e-17 
2.2157419e-16  1.3909038e-17 

CM Pos
9.9918317      0.0052552845  
9.9977136      0.0067214552  
9.9977282      0.0093482566  
17.313164      0.0073563692  

Stress
23.0926      0.0133119    0.00280059    0.0380953    0.0637578    0.063734    
0.0133119    23.0349      0.0333743     0.0637578    0.0665868    0.0747503   
0.00280059   0.0333743    23.0614       0.063734     0.0747503    0.0765647   

Stress Spherical
0            0            0             0            0            0           
0            0            0             0            0            0           
0            0            0             0            0            0           

Inertia
266.571      -99.8837     -99.887       0.207019     0.128727     0.132628    
-99.8837     266.488      -99.9437      0.128727     0.284128     0.122325    
-99.887      -99.9437     266.472       0.132628     0.122325     0.135945    

Bond Length
0.60298089    0.00070215376

BB bond length
0.60298089    0.00070215376

Water EE distance
0             0           

PEG EE distance
4.4805321     0.02858549  

BBB P2(x)
0.051207872   0.0029392754

BBB first bond length
0.60322053    0.00069267148

BBB second bond length
0.60314872    0.00070623042

BBB <phi**2>/<phi>**2
1.1124578     0.0011982168

Time = 25000
Temperature
1.0130569     0.0065586058

Pressure
26.106293     0.049216044 

CM Mom
-1.129674e-16  1.6671707e-17 
1.7889294e-16  3.2631903e-17 
-3.0610131e-17 2.7437878e-17 
2.169532e-16   2.6985701e-17 

CM Pos
9.9984992      0.013910169   
10.002047      0.006592064   
9.9954779      0.01103164    
17.318222      0.0071044457  

Stress
23.0452      0.00548037   0.0101048     0.0774328    0.0879259    0.0476013   
0.00548037   23.0648      -0.0312288    0.0879259    0.0540005    0.0652722   
0.0101048    -0.0312288   23.0926       0.0476013    0.0652722    0.0771598   

Stress Spherical
0            0            0             0            0            0           
0            0            0             0            0            0           
0            0            0             0            0            0           

Inertia
266.621      -99.9524     -99.9465      0.28308      0.166718     0.139004    
-99.9524     266.588      -99.9678      0.166718     0.25695      0.141232    
-99.9465     -99.9678     266.698       0.139004     0.141232     0.31054     

Bond Length
0.60299438    0.00075131652

BB bond length
0.60299438    0.00075131652

Water EE distance
0             0           

PEG EE distance
4.5263853     0.036358221 

BBB P2(x)
0.051416635   0.0023820487

BBB first bond length
0.60311927    0.00076438404

BBB second bond length
0.60310527    0.00070929768

BBB <phi**2>/<phi>**2
1.1129058     0.0011462743

Time = 26000
Temperature
1.0141058     0.0047635087

Pressure
26.06351      0.0604179   

CM Mom
-1.0890186e-16 2.6035771e-17 
1.8957994e-16  9.3141006e-18 
-1.7720449e-17 2.2669081e-17 
2.2146344e-16  1.8617969e-17 

CM Pos
10.006834      0.0049137485  
10.002964      0.0069475903  
9.998895       0.014155931   
17.325533      0.0096440965  

Stress
23.008       0.0450646    -0.0197228    0.0999903    0.0279668    0.0638402   
0.0450646    23.0744      0.0224127     0.0279668    0.0805378    0.0728181   
-0.0197228   0.0224127    22.9823       0.0638402    0.0728181    0.1103      

Stress Spherical
0            0            0             0            0            0           
0            0            0             0            0            0           
0            0            0             0            0            0           

Inertia
266.705      -100.103     -100.048      0.416609     0.131856     0.136589    
-100.103     266.804      -100.01       0.131856     0.292644     0.216378    
-100.048     -100.01      266.864       0.136589     0.216378     0.142794    

Bond Length
0.60311985    0.00068879429

BB bond length
0.60311985    0.00068879429

Water EE distance
0             0           

PEG EE distance
4.58818       0.028633896 

BBB P2(x)
0.050761877   0.0039382165

BBB first bond length
0.60328447    0.00071511718

BBB second bond length
0.60323915    0.00070419296

BBB <phi**2>/<phi>**2
1.1123429     0.0016791987

Time = 27000
Temperature
1.0102723     0.0041818186

Pressure
26.063558     0.04209563  

CM Mom
-1.1617727e-16 2.0321418e-17 
1.7950456e-16  1.3722936e-17 
-2.9798237e-17 1.6981528e-17 
2.1738869e-16  1.5452801e-17 

CM Pos
10.00125       0.014859749   
10.002464      0.010509578   
10.001229      0.01005286    
17.323371      0.0099951993  

Stress
23.0265      0.0108243    0.0214123     0.0419672    0.0608554    0.0493479   
0.0108243    23.0282      -0.0160434    0.0608554    0.102478     0.0732005   
0.0214123    -0.0160434   23.0447       0.0493479    0.0732005    0.0420687   

Stress Spherical
0            0            0             0            0            0           
0            0            0             0            0            0           
0            0            0             0            0            0           

Inertia
266.723      -100.008     -100.026      0.348491     0.192184     0.142846    
-100.008     266.734      -100.067      0.192184     0.234039     0.233087    
-100.026     -100.067     266.719       0.142846     0.233087     0.30633     

Bond Length
0.60344434    0.00053883038

BB bond length
0.60344434    0.00053883038

Water EE distance
0             0           

PEG EE distance
4.5899238     0.037956682 

BBB P2(x)
0.050618986   0.0041720935

BBB first bond length
0.6036277     0.00053257665

BBB second bond length
0.60361961    0.00053516617

BBB <phi**2>/<phi>**2
1.1123092     0.0017268961

Time = 28000
Temperature
1.0136446     0.0071894418

Pressure
26.079182     0.047140432 

CM Mom
-1.1142157e-16 2.1007434e-17 
1.9552315e-16  1.959148e-17  
-2.3068229e-17 1.0816842e-17 
2.2751054e-16  1.8902556e-17 

CM Pos
10.00475       0.015449198   
10.003548      0.017423429   
9.9945611      0.0091863568  
17.322173      0.013935189   

Stress
23.0233      0.0394107    0.0139983     0.0826542    0.0465803    0.0544764   
0.0394107    23.0238      0.0310426     0.0465803    0.0354226    0.0593941   
0.0139983    0.0310426    23.0688       0.0544764    0.0593941    0.0669311   

Stress Spherical
