Time = 500
Temperature
   1.0367783   0.035172176

Pressure
   22.922695    0.14365842

CM Mom
-2.4820819e-17 1.1213279e-17 
2.0524359e-17  1.8218061e-17 
-7.8481964e-17 8.91381e-18   
8.7538444e-17  8.4174351e-18 

CM Pos
7.5177583      0.017666624   
7.5256165      0.016265922   
7.5185616      0.01962111    
13.026157      0.023530888   

Stress
19.8218      0.0535833    0.0238102     0.112649     0.0698743    0.0395296   
0.0535833    19.7871      0.0243312     0.0698743    0.0809099    0.017108    
0.0238102    0.0243312    19.8401       0.0395296    0.017108     0.149796    

Stress Spherical
0            0            0             0            0            0           
0            0            0             0            0            0           
0            0            0             0            0            0           

Inertia
150.359      -56.5556     -56.464       0.603014     0.25107      0.241003    
-56.5556     150.153      -56.6353      0.25107      0.465724     0.192326    
-56.464      -56.6353     150.294       0.241003     0.192326     0.518492    

Bond Length
0.62020154    0.006081749 

BB bond length
0.62020154    0.006081749 

Water EE distance
0             0           

PEG EE distance
4.2818679     0.2300399   

Time = 1000
Temperature
1.0138271     0.0093450767

Pressure
22.81616      0.066642604 

CM Mom
-4.1342962e-17 2.2972202e-17 
-1.8222282e-17 2.9589297e-17 
-4.7706542e-17 2.5175876e-17 
7.7083792e-17  2.0306862e-17 

CM Pos
7.5061879      0.01103703    
7.5214631      0.011505569   
7.4989809      0.017476277   
13.005787      0.0061711638  

Stress
19.8312      -0.00766942  -0.00942004   0.0908369    0.0700391    0.0272289   
-0.00766942  19.7738      -0.00254273   0.0700391    0.0485512    0.0765581   
-0.00942004  -0.00254273  19.7307       0.0272289    0.0765581    0.107229    

Stress Spherical
0            0            0             0            0            0           
0            0            0             0            0            0           
0            0            0             0            0            0           

Inertia
150.056      -56.4261     -56.2748      0.234899     0.140199     0.141267    
-56.4261     149.743      -56.4382      0.140199     0.135272     0.161056    
-56.2748     -56.4382     150.098       0.141267     0.161056     0.216688    

Bond Length
0.61965236    0.0034239865

BB bond length
0.61965236    0.0034239865

Water EE distance
0             0           

PEG EE distance
3.6773027     0.22313148  

