Time = 500
Temperature
   1.0400393   0.041946527

Pressure
   22.846161    0.10570696

CM Mom
1.3996078e-17  1.2711597e-17 
5.815799e-17   2.3287175e-17 
-4.5921714e-18 2.634489e-17  
6.8618527e-17  1.6992885e-17 

CM Pos
7.4785632      0.011389115   
7.5125004      0.025939309   
7.4865973      0.012641516   
12.977542      0.0093583173  

Stress
19.7258      -0.0383154   0.0568971     0.113936     0.0717122    0.0291516   
-0.0383154   19.6748      -0.034545     0.0717122    0.0782953    0.0614801   
0.0568971    -0.034545    19.7886       0.0291516    0.0614801    0.0725257   

Stress Spherical
0            0            0             0            0            0           
0            0            0             0            0            0           
0            0            0             0            0            0           

Inertia
149.567      -56.2068     -56.0467      0.299283     0.12448      0.17987     
-56.2068     149.02       -56.2846      0.12448      0.268006     0.15389     
-56.0467     -56.2846     149.448       0.17987      0.15389      0.25834     

Bond Length
0.61226686    0.0068851063

BB bond length
0.61226686    0.0068851063

Water EE distance
0             0           

PEG EE distance
3.6263696     0.20248554  

Time = 1000
Temperature
1.0146282     0.0065154405

Pressure
22.696169     0.067220487 

CM Mom
1.932955e-17   1.7634802e-17 
7.67155e-17    1.4977636e-17 
-3.8215034e-17 2.4105957e-17 
9.0913771e-17  2.3882784e-17 

CM Pos
7.4904291      0.006918958   
7.508644       0.0089683871  
7.4865973      0.0091240323  
12.982122      0.010951438   

Stress
19.6803      -0.0451542   0.0152483     0.0944544    0.078357     0.0330206   
-0.0451542   19.6924      -0.083499     0.078357     0.0595725    0.0583615   
0.0152483    -0.083499    19.5949       0.0330206    0.0583615    0.106741    

Stress Spherical
0            0            0             0            0            0           
0            0            0             0            0            0           
0            0            0             0            0            0           

Inertia
149.536      -56.1892     -56.164       0.273589     0.106057     0.0989282   
-56.1892     149.274      -56.2283      0.106057     0.196334     0.129546    
-56.164      -56.2283     149.634       0.0989282    0.129546     0.134837    

Bond Length
0.61786396    0.0051481906

BB bond length
0.61786396    0.0051481906

Water EE distance
0             0           

PEG EE distance
3.7834895     0.18234014  

