Time = 1000
Temperature
   1.0975989    0.12673636

Pressure
    23.77712     0.7019804

CM Mom
3.2715691e-17  4.5511596e-17 
3.3830194e-18  3.4168844e-17 
-3.5327585e-17 3.079828e-16  
2.2612174e-16  2.2201572e-16 

CM Pos
7.504346       0.013849697   
7.497916       0.014510237   
7.4959652      0.0097965816  
12.989371      0.014139743   

Stress
20.5564      0.00786152   0.0230972     0.291776     0.0505289    0.0470989   
0.00786152   20.4919      0.0243561     0.0505289    0.379086     0.0611512   
0.0230972    0.0243561    20.4134       0.0470989    0.0611512    0.357995    

Stress Spherical
0            0            0             0            0            0           
0            0            0             0            0            0           
0            0            0             0            0            0           

Inertia
149.989      -56.2512     -56.2564      1.20115      0.182618     0.157898    
-56.2512     150.105      -56.2025      0.182618     1.15552      0.094457    
-56.2564     -56.2025     150.13        0.157898     0.094457     1.27984     

Bond Length
0.6195166     0.0059083021

BB bond length
0.6195166     0.0059083021

Water EE distance
0             0           

PEG EE distance
6.7351439     0.17359569  

BBB P2(x)
0.47172415    0.06911849  

BBB first bond length
0.61926901    0.0059701919

BBB second bond length
0.61967374    0.0056874084

BBB <phi**2>/<phi>**2
1.2147734     0.015445449 

Time = 2000
Temperature
1.0114531     0.0073208855

Pressure
23.346843     0.085185644 

CM Mom
7.0089413e-17  1.8387514e-17 
-9.0899785e-18 2.6563839e-17 
3.2279301e-17  4.7261067e-17 
9.3679791e-17  2.3206689e-17 

CM Pos
7.5040494      0.013827453   
7.4931711      0.013798802   
7.5023413      0.010729569   
12.990141      0.015234161   

Stress
20.33        0.0163386    0.000478407   0.0735903    0.10935      0.0463957   
0.0163386    20.3152      0.0281538     0.10935      0.132372     0.0619379   
0.000478407  0.0281538    20.3004       0.0463957    0.0619379    0.101341    

Stress Spherical
0            0            0             0            0            0           
0            0            0             0            0            0           
0            0            0             0            0            0           

Inertia
149.813      -56.2167     -56.2881      0.408213     0.224643     0.0864201   
-56.2167     149.977      -56.2019      0.224643     0.445335     0.136245    
-56.2881     -56.2019     149.852       0.0864201    0.136245     0.519907    

Bond Length
0.61908858    0.0024524805

BB bond length
0.61908858    0.0024524805

Water EE distance
0             0           

PEG EE distance
6.8515912     0.10119666  

BBB P2(x)
0.51348069    0.011630543 

BBB first bond length
0.61899085    0.0025943206

BBB second bond length
0.61883478    0.0026784915

BBB <phi**2>/<phi>**2
1.2245        0.0099679392

Time = 3000
Temperature
1.011939      0.011440593 

Pressure
23.311754     0.06258749  

CM Mom
8.5480368e-17  1.8183677e-17 
-9.6647899e-19 1.7481285e-17 
3.1439857e-17  1.8761907e-17 
9.4705895e-17  1.7757704e-17 

CM Pos
7.4963388      0.011135815   
7.4996954      0.0086512172  
7.4962618      0.018485105   
12.985948      0.01242502    

Stress
20.3153      -0.0127087   0.0102981     0.129744     0.0563703    0.0885007   
-0.0127087   20.3417      0.0217746     0.0563703    0.0756659    0.0686719   
0.0102981    0.0217746    20.1789       0.0885007    0.0686719    0.102225    

Stress Spherical
0            0            0             0            0            0           
0            0            0             0            0            0           
0            0            0             0            0            0           

Inertia
149.877      -56.2125     -56.1983      0.22609      0.108129     0.154795    
-56.2125     149.841      -56.2199      0.108129     0.314419     0.160384    
-56.1983     -56.2199     149.908       0.154795     0.160384     0.181261    

Bond Length
0.61905512    0.0012450644

BB bond length
0.61905512    0.0012450644

Water EE distance
0             0           

PEG EE distance
6.9152478     0.12727579  

BBB P2(x)
0.50889874    0.011340255 

BBB first bond length
0.61915933    0.0016243685

BBB second bond length
0.61907583    0.0013116852

BBB <phi**2>/<phi>**2
1.2237604     0.0083331155

Time = 4000
Temperature
1.0136224     0.0091907975

Pressure
23.32757      0.10292083  

CM Mom
1.0187718e-16  1.5834673e-17 
1.2501807e-17  1.5865749e-17 
3.9979786e-17  2.049561e-17  
1.132833e-16   1.493517e-17  

CM Pos
7.5046425      0.0098402491  
7.4976195      0.011675575   
7.5004136      0.013594126   
12.991933      0.015796911   

Stress
20.2902      0.00157981   0.0201605     0.107758     0.0530806    0.0718627   
0.00157981   20.2959      -0.0279389    0.0530806    0.146608     0.0475971   
0.0201605    -0.0279389   20.2821       0.0718627    0.0475971    0.126118    

Stress Spherical
0            0            0             0            0            0           
0            0            0             0            0            0           
0            0            0             0            0            0           

Inertia
149.916      -56.2647     -56.3112      0.288975     0.152424     0.16059     
-56.2647     150.027      -56.2424      0.152424     0.304611     0.198714    
-56.3112     -56.2424     149.98        0.16059      0.198714     0.25584     

Bond Length
0.61870932    0.00202098  

BB bond length
0.61870932    0.00202098  

Water EE distance
0             0           

PEG EE distance
6.9655551     0.16448425  

BBB P2(x)
0.51824578    0.0094261209

BBB first bond length
0.61887997    0.0021433036

BBB second bond length
0.6188516     0.0022044804

BBB <phi**2>/<phi>**2
1.2273877     0.011441179 

Time = 5000
Temperature
1.0135605     0.0062254804

Pressure
23.253433     0.084890964 

CM Mom
9.3220432e-17  1.7324766e-17 
-2.1785219e-19 2.4580092e-17 
1.2096558e-17  1.3674503e-17 
9.8059509e-17  1.7665677e-17 

CM Pos
7.5056805      0.013477171   
7.503699       0.011340266   
7.5004136      0.019841276   
12.996057      0.012465772   

Stress
20.2189      -0.00803402  0.0359205     0.107145     0.0450757    0.0389076   
-0.00803402  20.246       -0.00191119   0.0450757    0.180057     0.086707    
0.0359205    -0.00191119  20.1814       0.0389076    0.086707     0.122954    

Stress Spherical
0            0            0             0            0            0           
0            0            0             0            0            0           
0            0            0             0            0            0           

Inertia
150.041      -56.2973     -56.3552      0.284546     0.157949     0.154164    
-56.2973     150.062      -56.2699      0.157949     0.30403      0.156505    
-56.3552     -56.2699     150.138       0.154164     0.156505     0.330641    

Bond Length
0.61925203    0.0019814538

BB bond length
0.61925203    0.0019814538

Water EE distance
0             0           

PEG EE distance
6.7089721     0.06519275  

BBB P2(x)
0.5112999     0.0080383768

BBB first bond length
0.61937552    0.0019907351

BBB second bond length
0.61913159    0.0023361583

BBB <phi**2>/<phi>**2
1.22286       0.01054231  

Time = 6000
Temperature
1.0068483     0.0071647455

Pressure
23.275924     0.062245048 

CM Mom
6.9270684e-17  1.7308699e-17 
-6.7664505e-18 1.4341166e-17 
3.1709977e-18  1.4258065e-17 
7.2471032e-17  1.7628666e-17 

CM Pos
7.5039011      0.015401855   
7.4950987      0.015832661   
7.5017481      0.0092885289  
12.990829      0.014474277   

Stress
20.2787      -0.0114901   -0.0450252    0.0689474    0.0723343    0.064473    
-0.0114901   20.2703      -0.0158726    0.0723343    0.109723     0.0373209   
-0.0450252   -0.0158726   20.2251       0.064473     0.0373209    0.0978625   

Stress Spherical
0            0            0             0            0            0           
0            0            0             0            0            0           
0            0            0             0            0            0           

Inertia
149.931      -56.1987     -56.3032      0.281762     0.124997     0.166363    
-56.1987     150.077      -56.1899      0.124997     0.282655     0.146534    
-56.3032     -56.1899     149.971       0.166363     0.146534     0.323219    

Bond Length
0.62059193    0.0014236659

BB bond length
0.62059193    0.0014236659

Water EE distance
0             0           

PEG EE distance
6.9532608     0.29306395  

BBB P2(x)
0.51100934    0.011524135 

BBB first bond length
0.62075954    0.0014892441

BBB second bond length
0.62043003    0.0014963007

BBB <phi**2>/<phi>**2
1.2224235     0.0089760202

Time = 7000
Temperature
1.0114385     0.0093737156

Pressure
23.27769      0.088495111 

CM Mom
5.3951341e-17  1.2659009e-17 
1.7487371e-17  1.5127934e-17 
1.6541538e-17  1.9360881e-17 
6.3438187e-17  1.5156609e-17 

CM Pos
7.5082012      0.0094713638  
7.4909469      0.0055183256  
7.4959652      0.012998833   
12.987573      0.010537132   

Stress
20.2417      -0.0235911   0.0413232     0.122056     0.0832935    0.0669389   
-0.0235911   20.2687      0.00607519    0.0832935    0.118363     0.0515711   
0.0413232    0.00607519   20.2278       0.0669389    0.0515711    0.0993751   

Stress Spherical
0            0            0             0            0            0           
0            0            0             0            0            0           
0            0            0             0            0            0           

Inertia
149.772      -56.2422     -56.2611      0.224435     0.104794     0.169821    
-56.2422     150.03       -56.1396      0.104794     0.237343     0.111484    
-56.2611     -56.1396     149.956       0.169821     0.111484     0.130579    

Bond Length
0.61812006    0.0015441835

BB bond length
0.61812006    0.0015441835

Water EE distance
0             0           

PEG EE distance
6.8285732     0.14786766  

BBB P2(x)
0.51280691    0.0092923285

BBB first bond length
0.61822988    0.0015551464

BBB second bond length
0.61800465    0.0018106423

BBB <phi**2>/<phi>**2
1.2261405     0.008740836 

Time = 8000
Temperature
1.0048731     0.0071654421

Pressure
23.296776     0.087271262 

CM Mom
9.0496799e-17  2.4897997e-17 
1.7160387e-17  9.1321685e-18 
-1.6218464e-17 1.7035092e-17 
9.6077065e-17  2.2580673e-17 

CM Pos
7.498563       0.012794249   
7.5020679      0.011116053   
7.4931479      0.014681962   
12.9868        0.016243811   

Stress
20.2964      -0.00703221  0.019087      0.184973     0.0441127    0.0625479   
-0.00703221  20.2902      -0.0251946    0.0441127    0.13642      0.0668413   
0.019087     -0.0251946   20.268        0.0625479    0.0668413    0.094257    

Stress Spherical
0            0            0             0            0            0           
0            0            0             0            0            0           
0            0            0             0            0            0           

Inertia
149.911      -56.3078     -56.2099      0.234843     0.17397      0.179706    
-56.3078     149.873      -56.2043      0.17397      0.394077     0.140463    
-56.2099     -56.2043     149.979       0.179706     0.140463     0.30251     

Bond Length
0.61873193    0.0022640747

BB bond length
0.61873193    0.0022640747

Water EE distance
0             0           

PEG EE distance
6.6904353     0.097470371 

BBB P2(x)
0.51265693    0.01227177  

BBB first bond length
0.61879247    0.0023858286

BBB second bond length
0.618852      0.0023775795

BBB <phi**2>/<phi>**2
1.2266288     0.010891661 

Time = 9000
Temperature
1.0114471     0.0077318286

Pressure
23.287243     0.099192484 

CM Mom
6.6098383e-17  9.4796244e-18 
5.9499163e-18  1.8462317e-17 
-3.1635622e-17 1.7444932e-17 
7.7136899e-17  1.3789681e-17 

CM Pos
7.5104254      0.015877037   
7.5020679      0.015019522   
7.4995239      0.014260338   
12.997336      0.017766346   

Stress
20.3125      -0.0316362   -0.00830538   0.129294     0.046653     0.0780481   
-0.0316362   20.1976      0.0132184     0.046653     0.127875     0.0614308   
-0.00830538  0.0132184    20.2567       0.0780481    0.0614308    0.125498    

Stress Spherical
0            0            0             0            0            0           
0            0            0             0            0            0           
0            0            0             0            0            0           

Inertia
149.996      -56.3599     -56.3527      0.317301     0.193255     0.200269    
-56.3599     150.124      -56.2454      0.193255     0.360601     0.179921    
-56.3527     -56.2454     150.155       0.200269     0.179921     0.300226    

Bond Length
0.61827974    0.0014867187

BB bond length
0.61827974    0.0014867187

Water EE distance
0             0           

PEG EE distance
6.7736616     0.20034817  

BBB P2(x)
0.51506309    0.014832862 

BBB first bond length
0.61831275    0.0014029523

BBB second bond length
0.61800056    0.0012758811

BBB <phi**2>/<phi>**2
1.2251961     0.0057896616

Time = 10000
Temperature
1.0112305     0.0089361521

Pressure
23.263413     0.10641775  

CM Mom
8.1925591e-17  2.1354354e-17 
2.5010748e-17  2.2534559e-17 
-1.9785039e-17 2.1235912e-17 
9.3797227e-17  1.8591579e-17 

CM Pos
7.4964871      0.0065125122  
7.5077025      0.0096961938  
7.5007102      0.012389143   
12.993219      0.010602478   

Stress
20.2834      0.0101868    0.00877794    0.0942708    0.0588194    0.0454442   
0.0101868    20.172       0.0104346     0.0588194    0.116552     0.0840869   
0.00877794   0.0104346    20.2418       0.0454442    0.0840869    0.150337    

Stress Spherical
0            0            0             0            0            0           
0            0            0             0            0            0           
0            0            0             0            0            0           

Inertia
150.1        -56.2754     -56.2501      0.264163     0.132684     0.145439    
-56.2754     149.92       -56.3139      0.132684     0.226672     0.156942    
-56.2501     -56.3139     150.021       0.145439     0.156942     0.202009    

Bond Length
0.6186063     0.0016579791

BB bond length
0.6186063     0.0016579791

Water EE distance
0             0           

PEG EE distance
6.8001216     0.29813645  

BBB P2(x)
0.50628915    0.0094301052

BBB first bond length
0.61862925    0.001653366 

BBB second bond length
0.61879968    0.0017701713

BBB <phi**2>/<phi>**2
1.2275022     0.013058235 

Time = 11000
Temperature
1.0119773     0.0065809535

Pressure
23.269667     0.059821146 

CM Mom
6.8216543e-17  1.2714245e-17 
1.75703e-17    1.5800763e-17 
1.8553104e-18  3.1674945e-17 
7.8602551e-17  1.4209558e-17 

CM Pos
7.5084978      0.015689673   
7.501623       0.010775577   
7.5023413      0.011424294   
12.997591      0.011464538   

Stress
20.3119      -0.00551506  -0.00803273   0.100539     0.101489     0.0694717   
-0.00551506  20.2142      0.0537217     0.101489     0.0884066    0.0660418   
-0.00803273  0.0537217    20.1831       0.0694717    0.0660418    0.0918939   

Stress Spherical
0            0            0             0            0            0           
0            0            0             0            0            0           
0            0            0             0            0            0           

Inertia
150.047      -56.3036     -56.3311      0.285925     0.119127     0.130112    
-56.3036     150.15       -56.2938      0.119127     0.259571     0.141166    
-56.3311     -56.2938     150.133       0.130112     0.141166     0.246383    

Bond Length
0.61887858    0.0018318112

BB bond length
0.61887858    0.0018318112

Water EE distance
0             0           

PEG EE distance
6.3886895     0.16700016  

BBB P2(x)
0.50692356    0.008683389 

BBB first bond length
0.61871981    0.0015962245

BBB second bond length
0.61887381    0.0017358395

BBB <phi**2>/<phi>**2
1.2250246     0.0056215759

Time = 12000
Temperature
1.0090389     0.011244041 

Pressure
23.275668     0.10564508  

CM Mom
5.9215187e-17  3.909873e-17  
4.085579e-17   2.2019567e-17 
1.9556212e-17  1.8057411e-17 
8.3103374e-17  3.1488899e-17 

CM Pos
7.500639       0.011475182   
7.5034024      0.012235567   
7.4916651      0.0060849005  
12.987912      0.012218929   

Stress
20.2143      -0.0247618   0.00679737    0.13698      0.0720427    0.084781    
-0.0247618   20.2282      0.00641573    0.0720427    0.10753      0.0801289   
0.00679737   0.00641573   20.3112       0.084781     0.0801289    0.128963    

Stress Spherical
0            0            0             0            0            0           
0            0            0             0            0            0           
0            0            0             0            0            0           

Inertia
149.921      -56.2447     -56.2116      0.330709     0.13385      0.141114    
-56.2447     149.884      -56.1894      0.13385      0.239932     0.1667      
-56.2116     -56.1894     150.049       0.141114     0.1667       0.317155    

Bond Length
0.61891319    0.0021529072

BB bond length
0.61891319    0.0021529072

Water EE distance
0             0           

PEG EE distance
7.0688756     0.21840936  

BBB P2(x)
0.5058025     0.009302761 

BBB first bond length
0.61875647    0.002187491 

BBB second bond length
0.61873523    0.0020919856

BBB <phi**2>/<phi>**2
1.2267566     0.005889227 

Time = 13000
Temperature
1.0043632     0.0046419368

Pressure
23.243654     0.10714595  

CM Mom
8.0766091e-17  2.2360934e-17 
3.8422101e-17  2.3636071e-17 
2.4728418e-17  1.8727695e-17 
9.8895693e-17  1.549057e-17  

CM Pos
7.4966354      0.010311589   
7.5038472      0.013374819   
7.4940376      0.014957912   
12.987236      0.0085430034  

Stress
20.1997      0.0138023    -0.0295214    0.104775     0.0779323    0.0525542   
0.0138023    20.2557      -0.0159234    0.0779323    0.121198     0.0831421   
-0.0295214   -0.0159234   20.2443       0.0525542    0.0831421    0.150399    

Stress Spherical
0            0            0             0            0            0           
0            0            0             0            0            0           
0            0            0             0            0            0           

Inertia
149.969      -56.2057     -56.1994      0.148848     0.0828696    0.135915    
-56.2057     149.873      -56.2269      0.0828696    0.321577     0.152813    
-56.1994     -56.2269     150.014       0.135915     0.152813     0.188446    

Bond Length
0.61885214    0.0021498131

BB bond length
0.61885214    0.0021498131

Water EE distance
0             0           

PEG EE distance
7.2360351     0.13638841  

BBB P2(x)
0.50728615    0.012249958 

BBB first bond length
0.61872566    0.0017038277

BBB second bond length
0.61893333    0.0021307125

BBB <phi**2>/<phi>**2
1.2280973     0.0081056191

Time = 14000
Temperature
1.0062737     0.0061553454

Pressure
23.266064     0.071231642 

CM Mom
6.358691e-17   1.9748766e-17 
1.8708948e-17  1.5169376e-17 
1.7683067e-17  1.4121374e-17 
7.1653763e-17  1.9780947e-17 

CM Pos
7.4970802      0.0089276354  
7.4964332      0.011577237   
7.4972997      0.011393459   
12.985085      0.011655035   

Stress
20.2385      0.0587016    0.0135648     0.133279     0.050111     0.0801023   
0.0587016    20.251       -0.0279668    0.050111     0.0632218    0.0712527   
0.0135648    -0.0279668   20.2604       0.0801023    0.0712527    0.0719511   

Stress Spherical
0            0            0             0            0            0           
0            0            0             0            0            0           
0            0            0             0            0            0           

Inertia
149.903      -56.2272     -56.2037      0.291006     0.134931     0.172009    
-56.2272     149.908      -56.2176      0.134931     0.279217     0.175669    
-56.2037     -56.2176     149.905       0.172009     0.175669     0.170163    

Bond Length
0.6175839     0.0017256779

BB bond length
0.6175839     0.0017256779

Water EE distance
0             0           

PEG EE distance
7.1422756     0.089508963 

BBB P2(x)
0.51071193    0.013069424 

BBB first bond length
0.61745267    0.001598943 

BBB second bond length
0.6175816     0.0017704297

BBB <phi**2>/<phi>**2
1.2249048     0.0077683157

Time = 15000
Temperature
1.0165766     0.010559891 

Pressure
23.295863     0.060261532 

CM Mom
4.0293051e-17  1.4292571e-17 
3.7214311e-17  1.0547586e-17 
2.0778784e-18  2.619987e-17  
6.216529e-17   1.2255268e-17 

CM Pos
7.5036046      0.015838215   
7.5088888      0.013132616   
7.4993757      0.013275818   
12.997251      0.013559835   

Stress
20.2668      0.00385812   0.0198939     0.128146     0.0794118    0.0693277   
0.00385812   20.223       -0.0245353    0.0794118    0.100758     0.0581252   
0.0198939    -0.0245353   20.2568       0.0693277    0.0581252    0.104025    

Stress Spherical
0            0            0             0            0            0           
0            0            0             0            0            0           
0            0            0             0            0            0           

Inertia
150.129      -56.3646     -56.2606      0.305033     0.13385      0.191638    
-56.3646     150.04       -56.3288      0.13385      0.299644     0.165754    
-56.2606     -56.3288     150.19        0.191638     0.165754     0.279521    

Bond Length
0.62003892    0.0015707483

BB bond length
0.62003892    0.0015707483

Water EE distance
0             0           

PEG EE distance
6.7684658     0.1950092   

BBB P2(x)
0.51007025    0.0067951381

BBB first bond length
0.62017559    0.0015824763

BBB second bond length
0.61991203    0.0015675134

BBB <phi**2>/<phi>**2
1.2275977     0.0089484844

Time = 16000
Temperature
1.0106325     0.0049044174

Pressure
23.277228     0.068550697 

CM Mom
5.4703397e-17  2.0332901e-17 
2.9190547e-17  1.919284e-17  
-2.4369812e-18 2.0456576e-17 
6.9402949e-17  1.5296492e-17 

CM Pos
7.493225       0.013932793   
7.5029576      0.0091453997  
7.4949273      0.01299122    
12.985262      0.012394966   

Stress
20.3132      0.030534     -0.0194448    0.126321     0.0400107    0.0501991   
0.030534     20.2405      0.00782894    0.0400107    0.0837816    0.0473455   
-0.0194448   0.00782894   20.1904       0.0501991    0.0473455    0.146515    

Stress Spherical
0            0            0             0            0            0           
0            0            0             0            0            0           
0            0            0             0            0            0           

Inertia
149.98       -56.2035     -56.1483      0.202434     0.114565     0.177014    
-56.2035     149.827      -56.2513      0.114565     0.337141     0.123773    
-56.1483     -56.2513     149.963       0.177014     0.123773     0.264581    

Bond Length
0.61835974    0.0020174363

BB bond length
0.61835974    0.0020174363

Water EE distance
0             0           

PEG EE distance
7.2710654     0.11652288  

BBB P2(x)
0.51693375    0.009292337 

BBB first bond length
0.61822132    0.0020650557

BBB second bond length
0.61845838    0.0020511182

BBB <phi**2>/<phi>**2
1.2239532     0.0089609781

Time = 17000
Temperature
1.0090353     0.0058553621

Pressure
23.242322     0.070788685 

CM Mom
7.2157637e-17  2.3299676e-17 
1.4420498e-17  1.8673508e-17 
-1.4177129e-17 1.4584063e-17 
7.8279157e-17  2.4337413e-17 

CM Pos
7.5018252      0.012101861   
7.5014748      0.023837588   
7.5026378      0.010956674   
12.993828      0.01854534    

Stress
20.2306      -0.00930313  -0.02589      0.111782     0.0375605    0.0884463   
-0.00930313  20.1893      0.0076357     0.0375605    0.0915382    0.052436    
-0.02589     0.0076357    20.2339       0.0884463    0.052436     0.111748    

Stress Spherical
0            0            0             0            0            0           
0            0            0             0            0            0           
0            0            0             0            0            0           

Inertia
150.072      -56.248      -56.2959      0.398714     0.278906     0.108125    
-56.248      150.069      -56.293       0.278906     0.237866     0.220065    
-56.2959     -56.293      150.045       0.108125     0.220065     0.455389    

Bond Length
0.61824418    0.0018480973

BB bond length
0.61824418    0.0018480973

Water EE distance
0             0           

PEG EE distance
7.008512      0.18811588  

BBB P2(x)
0.5057665     0.00939664  

BBB first bond length
0.61836907    0.0019722599

BBB second bond length
0.61813533    0.0017499805

BBB <phi**2>/<phi>**2
1.2249343     0.010541161 

Time = 18000
Temperature
1.0106487     0.0082128806

Pressure
23.303406     0.060182909 

CM Mom
4.5961324e-17  2.340033e-17  
-7.1205288e-18 1.4588713e-17 
-2.5101154e-17 1.7571581e-17 
5.8465467e-17  2.1075312e-17 

CM Pos
7.4997493      0.0093086276  
7.5011782      0.012013422   
7.4950755      0.0065796879  
12.988081      0.009936352   

Stress
20.2667      0.0195405    0.00388013    0.0822675    0.112122     0.0746548   
0.0195405    20.2742      0.0113829     0.112122     0.121596     0.0490577   
0.00388013   0.0113829    20.2816       0.0746548    0.0490577    0.12323     

Stress Spherical
0            0            0             0            0            0           
0            0            0             0            0            0           
0            0            0             0            0            0           

Inertia
149.942      -56.2623     -56.1952      0.222428     0.15313      0.105784    
-56.2623     149.924      -56.2433      0.15313      0.229817     0.104782    
-56.1952     -56.2433     150.021       0.105784     0.104782     0.283917    

Bond Length
0.61950422    0.0020952257

BB bond length
0.61950422    0.0020952257

Water EE distance
0             0           

PEG EE distance
6.7588265     0.12024938  

BBB P2(x)
0.50640921    0.011935504 

BBB first bond length
0.61959096    0.0020085867

BBB second bond length
0.61963119    0.0020907585

BBB <phi**2>/<phi>**2
1.2262595     0.0083880713

Time = 19000
Temperature
1.0076151     0.0059083476

Pressure
23.229708     0.086705883 

CM Mom
4.2893696e-17  2.0648581e-17 
3.997615e-18   2.1987694e-17 
-3.0952296e-17 2.0017059e-17 
6.0752524e-17  2.0821402e-17 

CM Pos
7.4936698      0.016890903   
7.4956918      0.012300088   
7.4992274      0.01550997    
12.983804      0.020168816   

Stress
20.2533      -0.000879296 -0.0124797    0.106406     0.0636003    0.05701     
-0.000879296 20.1711      0.0478702     0.0636003    0.117545     0.0918281   
-0.0124797   0.0478702    20.2043       0.05701      0.0918281    0.136831    

Stress Spherical
0            0            0             0            0            0           
0            0            0             0            0            0           
0            0            0             0            0            0           

Inertia
149.926      -56.1857     -56.1937      0.430345     0.179354     0.223977    
-56.1857     149.876      -56.1877      0.179354     0.406516     0.179244    
-56.1937     -56.1877     149.843       0.223977     0.179244     0.347089    

Bond Length
0.61852656    0.0019182768

BB bond length
0.61852656    0.0019182768

Water EE distance
0             0           

PEG EE distance
6.9867633     0.11695216  

BBB P2(x)
0.51490722    0.0074376986

BBB first bond length
0.61843029    0.0017487784

BBB second bond length
0.61846961    0.0023094624

BBB <phi**2>/<phi>**2
1.2284439     0.0074659458

Time = 20000
Temperature
1.0139975     0.0062813598

Pressure
23.273814     0.107263    

CM Mom
4.9383716e-17  9.3875293e-18 
-1.446961e-17  1.6190007e-17 
-3.9063723e-17 1.3994228e-17 
6.8060379e-17  9.3787343e-18 

CM Pos
7.4966354      0.0096961938  
7.4992506      0.016504431   
7.4925548      0.019691667   
12.983727      0.01660659    

Stress
20.2811      -0.0173063   -0.0178546    0.134014     0.0697623    0.070242    
-0.0173063   20.2064      0.00505225    0.0697623    0.11365      0.0468974   
-0.0178546   0.00505225   20.2161       0.070242     0.0468974    0.104148    

Stress Spherical
0            0            0             0            0            0           
0            0            0             0            0            0           
0            0            0             0            0            0           

Inertia
149.855      -56.2196     -56.1764      0.401279     0.161991     0.208994    
-56.2196     149.812      -56.1589      0.161991     0.393494     0.222035    
-56.1764     -56.1589     149.921       0.208994     0.222035     0.315309    

Bond Length
0.61858576    0.0029798151

BB bond length
0.61858576    0.0029798151

Water EE distance
0             0           

PEG EE distance
7.0301272     0.18615748  

BBB P2(x)
0.51098427    0.0080006949

BBB first bond length
0.61814969    0.003174034 

BBB second bond length
0.61878896    0.0032209323

BBB <phi**2>/<phi>**2
1.2229651     0.006958426 

Time = 21000
Temperature
1.0042211     0.0076841307

Pressure
23.271929     0.045873924 

CM Mom
4.6201674e-17  9.6082433e-18 
-2.0534626e-17 1.868834e-17  
-3.8579592e-17 2.103424e-17  
6.9226904e-17  1.1674666e-17 

CM Pos
7.4912973      0.0075956397  
7.507406       0.013770091   
7.4981894      0.01440683    
12.9886        0.015591649   

Stress
20.3165      0.0205485    0.000362605   0.0535275    0.102424     0.0560186   
0.0205485    20.1938      0.00971089    0.102424     0.125515     0.0660308   
0.000362605  0.00971089   20.2756       0.0560186    0.0660308    0.120844    

Stress Spherical
0            0            0             0            0            0           
0            0            0             0            0            0           
0            0            0             0            0            0           

Inertia
150.061      -56.2518     -56.1843      0.334785     0.125743     0.153643    
-56.2518     149.821      -56.2659      0.125743     0.294066     0.178181    
-56.1843     -56.2659     149.967       0.153643     0.178181     0.277911    

Bond Length
0.61984642    0.0025752885

BB bond length
0.61984642    0.0025752885

Water EE distance
0             0           

PEG EE distance
7.172482      0.12755937  

BBB P2(x)
0.50688009    0.014859111 

BBB first bond length
0.61970115    0.0026519817

BBB second bond length
0.61994504    0.0027564758

BBB <phi**2>/<phi>**2
1.2286156     0.0045216392

Time = 22000
Temperature
1.0099681     0.0061791699

Pressure
23.279009     0.07683509  

CM Mom
4.7554882e-17  2.7866326e-17 
-1.6396944e-17 1.7271942e-17 
-6.7598381e-17 1.1638623e-17 
9.0030421e-17  1.4307358e-17 

CM Pos
7.5122048      0.007931245   
7.4965815      0.017457406   
7.4995239      0.010864985   
12.995201      0.0070277797  

Stress
20.2436      -0.0132506   0.02338       0.111958     0.0929409    0.0536011   
-0.0132506   20.2424      0.00149276    0.0929409    0.103685     0.0866958   
0.02338      0.00149276   20.2695       0.0536011    0.0866958    0.0899944   

Stress Spherical
0            0            0             0            0            0           
0            0            0             0            0            0           
0            0            0             0            0            0           

Inertia
149.922      -56.3013     -56.3224      0.218153     0.125746     0.161099    
-56.3013     150.152      -56.2365      0.125746     0.250775     0.113586    
-56.3224     -56.2365     150.109       0.161099     0.113586     0.21791     

Bond Length
0.61871783    0.002629066 

BB bond length
0.61871783    0.002629066 

Water EE distance
0             0           

PEG EE distance
7.030344      0.16466406  

BBB P2(x)
0.51091325    0.0069109448

BBB first bond length
0.61860239    0.0026332528

BBB second bond length
0.61910367    0.0028382355

BBB <phi**2>/<phi>**2
1.221756      0.0096408801

Time = 23000
Temperature
1.0118421     0.0077506979

Pressure
23.242318     0.10051227  

CM Mom
3.5655873e-17  1.4203676e-17 
-4.8690238e-18 1.3476569e-17 
-7.6962869e-17 2.2804556e-17 
8.7695667e-17  2.0765644e-17 

CM Pos
7.5055322      0.014869456   
7.4964332      0.015118739   
7.4981894      0.0065646333  
12.990485      0.012287387   

Stress
20.2482      0.0112418    -0.0318717    0.137019     0.0795453    0.0452039   
0.0112418    20.1946      -0.0517565    0.0795453    0.137518     0.108897    
-0.0318717   -0.0517565   20.1857       0.0452039    0.108897     0.115252    

Stress Spherical
0            0            0             0            0            0           
0            0            0             0            0            0           
0            0            0             0            0            0           

Inertia
149.903      -56.2653     -56.2856      0.268683     0.185811     0.128941    
-56.2653     150.038      -56.2275      0.185811     0.197405     0.126667    
-56.2856     -56.2275     150.014       0.128941     0.126667     0.282736    

Bond Length
0.61977462    0.0020092031

BB bond length
0.61977462    0.0020092031

Water EE distance
0             0           

PEG EE distance
6.9468512     0.071207656 

BBB P2(x)
0.50621079    0.01405321  

BBB first bond length
0.61991748    0.00215005  

BBB second bond length
0.61979262    0.0018882802

BBB <phi**2>/<phi>**2
1.221011      0.009539208 

Time = 24000
Temperature
1.008564      0.0061878883

Pressure
23.217074     0.063278388 

CM Mom
4.9454367e-17  1.1064483e-17 
1.3335627e-17  1.7112824e-17 
-7.9828558e-17 1.3127055e-17 
9.6703448e-17  1.5238319e-17 

CM Pos
7.5046425      0.013944624   
7.4986574      0.0093557483  
7.4972997      0.008314262   
12.990741      0.0045957123  

Stress
20.2042      -0.00240105  -0.00349315   0.122404     0.0871681    0.0786371   
-0.00240105  20.2236      -0.0253412    0.0871681    0.08443      0.0573912   
-0.00349315  -0.0253412   20.1545       0.0786371    0.0573912    0.0918693   

Stress Spherical
0            0            0             0            0            0           
0            0            0             0            0            0           
0            0            0             0            0            0           

Inertia
149.926      -56.2589     -56.2729      0.189093     0.102322     0.129799    
-56.2589     150.011      -56.2239      0.102322     0.199074     0.112089    
-56.2729     -56.2239     150.033       0.129799     0.112089     0.162203    

Bond Length
0.61877352    0.00233993  

BB bond length
0.61877352    0.00233993  

Water EE distance
0             0           

PEG EE distance
6.8925608     0.11341424  

BBB P2(x)
0.50883135    0.0078266853

BBB first bond length
0.61884506    0.0022222748

BBB second bond length
0.61864169    0.0023673453

BBB <phi**2>/<phi>**2
1.2242422     0.0083059962

Time = 25000
Temperature
1.0083555     0.0067713472

Pressure
23.291102     0.064035517 

CM Mom
3.4576215e-17  9.5937177e-18 
4.0966637e-18  1.6130054e-17 
-7.0286139e-17 1.5071649e-17 
8.1071244e-17  1.2620008e-17 

CM Pos
7.4987113      0.014711882   
7.5020679      0.016080002   
7.5008585      0.015421115   
12.991345      0.015307981   

Stress
20.2331      -0.0315154   -0.00746632   0.108976     0.0456594    0.0703916   
-0.0315154   20.2832      0.00302716    0.0456594    0.10748      0.0855292   
-0.00746632  0.00302716   20.2899       0.0703916    0.0855292    0.0950136   

Stress Spherical
0            0            0             0            0            0           
0            0            0             0            0            0           
0            0            0             0            0            0           

Inertia
150.041      -56.2584     -56.266       0.360701     0.176085     0.174482    
-56.2584     149.968      -56.2289      0.176085     0.321996     0.181324    
-56.266      -56.2289     149.987       0.174482     0.181324     0.279628    

Bond Length
0.61762094    0.0019309924

BB bond length
0.61762094    0.0019309924

Water EE distance
0             0           

PEG EE distance
7.4771567     0.21984106  

BBB P2(x)
0.5074456     0.015678454 

BBB first bond length
0.61774907    0.0019477163

BBB second bond length
0.61752936    0.0017425975

BBB <phi**2>/<phi>**2
1.2263975     0.011328005 

Time = 26000
Temperature
1.0077901     0.0046339568

Pressure
23.276791     0.068170736 

CM Mom
4.7692755e-17  1.7953199e-17 
1.5301784e-17  1.4855217e-17 
-9.6932424e-17 1.8650205e-17 
1.1121337e-16  2.0665187e-17 

CM Pos
7.4910008      0.010017406   
7.4924297      0.011061525   
7.5050103      0.0079630614  
12.983719      0.010647819   

Stress
20.276       0.010559     -0.0148326    0.0987191    0.0875772    0.0526432   
0.010559     20.2442      -0.0692267    0.0875772    0.0847384    0.089139    
-0.0148326   -0.0692267   20.2482       0.0526432    0.089139     0.114101    

Stress Spherical
0            0            0             0            0            0           
0            0            0             0            0            0           
0            0            0             0            0            0           

Inertia
149.938      -56.1336     -56.2236      0.233601     0.11296      0.153473    
-56.1336     149.904      -56.2445      0.11296      0.237339     0.102387    
-56.2236     -56.2445     149.707       0.153473     0.102387     0.222274    

Bond Length
0.61930304    0.0023126919

BB bond length
0.61930304    0.0023126919

Water EE distance
0             0           

PEG EE distance
7.6695751     0.19407986  

BBB P2(x)
0.50809231    0.0073778075

BBB first bond length
0.61942875    0.0021200313

BBB second bond length
0.61928579    0.0023871177

BBB <phi**2>/<phi>**2
1.227887      0.0053961265

Time = 27000
Temperature
1.0147015     0.0090184196

Pressure
23.305133     0.085349259 

CM Mom
8.1563625e-17  1.6562761e-17 
-1.9146299e-17 1.2642067e-17 
-1.1947148e-16 1.6981868e-17 
1.4743092e-16  1.6712134e-17 

CM Pos
7.4993044      0.0069864881  
7.506368       0.019687759   
7.5024895      0.013401916   
12.995112      0.012409237   

Stress
20.2768      -0.0267162   0.0309007     0.116951     0.0736977    0.0523926   
-0.0267162   20.2428      0.0130401     0.0736977    0.119235     0.0567355   
0.0309007    0.0130401    20.2716       0.0523926    0.0567355    0.12318     

Stress Spherical
0            0            0             0            0            0           
0            0            0             0            0            0           
0            0            0             0            0            0           

Inertia
150.124      -56.2967     -56.262       0.294565     0.153715     0.136484    
-56.2967     150          -56.3442      0.153715     0.25734      0.163938    
-56.262      -56.3442     150.054       0.136484     0.163938     0.334484    

Bond Length
0.61956313    0.0014482176

BB bond length
0.61956313    0.0014482176

Water EE distance
0             0           

PEG EE distance
7.4174135     0.11044306  

BBB P2(x)
0.51150815    0.0087959118

BBB first bond length
0.61937727    0.0013475851

BBB second bond length
0.61957082    0.0013742288

BBB <phi**2>/<phi>**2
1.2292667     0.010265273 

Time = 28000
Temperature
1.0118643     0.0079078025

Pressure
23.294959     0.09470606  

CM Mom
1.1595128e-16  2.568837e-17  
-6.4271333e-17 2.139906e-17  
-7.563216e-17  1.05967e-17   
1.5504999e-16  2.2030161e-17 

CM Pos
7.4998976      0.01728209    
7.502661       0.019885      
7.5060483      0.013542271   
12.995371      0.018740597   

Stress
20.3045      -0.0021703   0.0433091     0.107129     0.0695021    0.0997513   
-0.0021703   20.2326      0.0338579     0.0695021    0.145002     0.0612181   
0.0433091    0.0338579    20.2491       0.0997513    0.0612181    0.0777558   

Stress Spherical
0            0            0             0            0            0           
