Time = 1000
Temperature
    1.151014    0.22971339

Pressure
   23.815876     1.0762829

CM Mom
4.6777938e-17  1.7726885e-17 
1.0612228e-17  3.4201261e-17 
-9.1062867e-18 2.235076e-16  
1.782726e-16   1.4846622e-16 

CM Pos
7.5017546      0.025581721   
7.496294       0.035043642   
7.488258       0.018081717   
12.982499      0.041087431   

Stress
20.3466      0.0247025    0.0503933     0.423483     0.0561961    0.0450458   
0.0247025    20.3349      0.0125081     0.0561961    0.411943     0.0731518   
0.0503933    0.0125081    20.4142       0.0450458    0.0731518    0.378804    

Stress Spherical
0            0            0             0            0            0           
0            0            0             0            0            0           
0            0            0             0            0            0           

Inertia
149.913      -56.2183     -56.1945      1.99518      0.423937     0.240003    
-56.2183     150.033      -56.1193      0.423937     1.95586      0.335058    
-56.1945     -56.1193     150.13        0.240003     0.335058     2.23401     

Bond Length
0.61923822    0.010142094 

BB bond length
0.61923822    0.010142094 

Water EE distance
0             0           

PEG EE distance
7.1415776     0.12847615  

BBB P2(x)
0.47083083    0.057792759 

BBB first bond length
0.61921788    0.010453984 

BBB second bond length
0.61948672    0.0099373524

BBB <phi**2>/<phi>**2
1.2186236     0.01010664  

Time = 2000
Temperature
1.0080161     0.0094493717

Pressure
23.050763     0.078788704 

CM Mom
4.6403493e-17  7.37176e-18   
1.8726098e-17  2.2802904e-17 
3.1892715e-17  3.9850546e-17 
7.3479813e-17  1.6858071e-17 

CM Pos
7.5066469      0.01657824    
7.5007415      0.013535535   
7.5027865      0.018566284   
12.996277      0.016372018   

Stress
20.0352      0.0123442    -0.00980093   0.121592     0.0734505    0.0624359   
0.0123442    19.9888      -0.0256668    0.0734505    0.102485     0.042972    
-0.00980093  -0.0256668   20.0624       0.0624359    0.042972     0.116027    

Stress Spherical
0            0            0             0            0            0           
0            0            0             0            0            0           
0            0            0             0            0            0           

Inertia
149.927      -56.3132     -56.3087      0.427572     0.148887     0.156726    
-56.3132     150.03       -56.244       0.148887     0.638291     0.18463     
-56.3087     -56.244      150.01        0.156726     0.18463      0.432292    

Bond Length
0.6179795     0.00098603303

BB bond length
0.6179795     0.00098603303

Water EE distance
0             0           

PEG EE distance
7.3669834     0.087286884 

BBB P2(x)
0.51520749    0.0077002169

BBB first bond length
0.61797143    0.0010571487

BBB second bond length
0.61786993    0.00094473026

BBB <phi**2>/<phi>**2
1.225098      0.0072808024

