Time = 1000
Temperature
   1.0355624   0.046545705

Pressure
   23.662995    0.17905476

CM Mom
2.3125799e-17  1.8236068e-17 
9.5263368e-17  1.3678222e-17 
-1.2986125e-17 7.5112322e-17 
1.2503305e-16  1.7515594e-17 

CM Pos
7.5025065      0.011639987   
7.5005549      0.016253814   
7.498487       0.019441613   
12.9913        0.012212301   

Stress
20.58        -0.0392294   -0.0292573    0.0614508    0.0345338    0.0635227   
-0.0392294   20.5468      -0.00399978   0.0345338    0.12585      0.0718339   
-0.0292573   -0.00399978  20.5642       0.0635227    0.0718339    0.100781    

Stress Spherical
0            0            0             0            0            0           
0            0            0             0            0            0           
0            0            0             0            0            0           

Inertia
150.034      -56.2693     -56.2114      0.517663     0.109401     0.241625    
-56.2693     150.038      -56.2337      0.109401     0.366219     0.101036    
-56.2114     -56.2337     150.054       0.241625     0.101036     0.447454    

Bond Length
0.62137464    0.0042773066

BB bond length
0.62137464    0.0042773066

Water EE distance
0             0           

PEG EE distance
7.3841079     0.38059754  

BBB P2(x)
0.48767759    0.055794693 

BBB first bond length
0.62105762    0.0043527454

BBB second bond length
0.621533      0.0047406095

BBB <phi**2>/<phi>**2
1.2222892     0.013502705 

Time = 2000
Temperature
1.0091304     0.0063249548

Pressure
23.534396     0.061140356 

CM Mom
1.9070452e-17  2.2613438e-17 
8.3472812e-17  1.4469108e-17 
-3.5241626e-17 2.8350748e-17 
9.896326e-17   1.7439196e-17 

CM Pos
7.503249       0.012467823   
7.4989214      0.023680536   
7.499081       0.015690501   
12.991132      0.01566889    

Stress
20.4925      -0.00128089  0.00263479    0.0662611    0.0655704    0.0786655   
-0.00128089  20.4818      0.0282813     0.0655704    0.124637     0.087112    
0.00263479   0.0282813    20.5683       0.0786655    0.087112     0.0813631   

Stress Spherical
0            0            0             0            0            0           
0            0            0             0            0            0           
0            0            0             0            0            0           

Inertia
149.918      -56.2461     -56.2945      0.322529     0.242604     0.185324    
-56.2461     149.964      -56.2153      0.242604     0.197015     0.160219    
-56.2945     -56.2153     149.984       0.185324     0.160219     0.371422    

Bond Length
0.61981651    0.0042013372

BB bond length
0.61981651    0.0042013372

Water EE distance
0             0           

PEG EE distance
7.5033583     0.13718625  

BBB P2(x)
0.51996229    0.016944985 

BBB first bond length
0.61950996    0.004232537 

BBB second bond length
0.61957629    0.0045820508

BBB <phi**2>/<phi>**2
1.227367      0.010821153 

Time = 3000
Temperature
1.0134191     0.0065541045

Pressure
23.553128     0.091173147 

CM Mom
2.516577e-17   1.6128031e-17 
6.8247398e-17  1.2955004e-17 
-4.8697119e-17 1.621834e-17  
9.004076e-17   1.5686756e-17 

CM Pos
7.500576       0.018253441   
7.5008519      0.01864017    
7.499081       0.011391036   
12.990701      0.011725292   

Stress
20.509       -0.0206955   0.0237102     0.124946     0.0807831    0.0554485   
-0.0206955   20.5576      -0.0402563    0.0807831    0.115332     0.0559411   
0.0237102    -0.0402563   20.4936       0.0554485    0.0559411    0.0858405   

Stress Spherical
0            0            0             0            0            0           
0            0            0             0            0            0           
0            0            0             0            0            0           

Inertia
149.958      -56.2725     -56.2179      0.423242     0.189055     0.138912    
-56.2725     149.963      -56.2761      0.189055     0.227874     0.188725    
-56.2179     -56.2761     149.99        0.138912     0.188725     0.318849    

Bond Length
0.62008788    0.0030348501

BB bond length
0.62008788    0.0030348501

Water EE distance
0             0           

PEG EE distance
6.7690911     0.44744699  

BBB P2(x)
0.50821761    0.018583831 

BBB first bond length
0.62016714    0.0034265869

BBB second bond length
0.62001609    0.0032071248

BBB <phi**2>/<phi>**2
1.2226649     0.019573068 

Time = 4000
Temperature
1.0074242     0.0090774163

Pressure
23.494385     0.048687263 

CM Mom
2.7776459e-17  3.5126323e-17 
9.8312606e-17  1.8204566e-17 
-5.584075e-17  2.827732e-17  
1.244324e-16   2.0893511e-17 

CM Pos
7.4974575      0.015673626   
7.4953574      0.017884869   
7.5021995      0.011255684   
12.987522      0.014167969   

Stress
20.508       -0.0466551   0.00648419    0.0733247    0.0511024    0.0768154   
-0.0466551   20.4726      -0.0143014    0.0511024    0.0815936    0.0450835   
0.00648419   -0.0143014   20.4571       0.0768154    0.0450835    0.0817207   

Stress Spherical
0            0            0             0            0            0           
0            0            0             0            0            0           
0            0            0             0            0            0           

Inertia
149.951      -56.1719     -56.1972      0.277338     0.177803     0.14793     
-56.1719     149.95       -56.2666      0.177803     0.249806     0.184453    
-56.1972     -56.2666     149.867       0.14793      0.184453     0.316735    

Bond Length
0.61779312    0.0026985325

BB bond length
0.61779312    0.0026985325

Water EE distance
0             0           

PEG EE distance
6.8733366     0.19165539  

BBB P2(x)
0.51350196    0.018134721 

BBB first bond length
0.61794599    0.0025185803

BBB second bond length
0.61780824    0.0028029978

BBB <phi**2>/<phi>**2
1.2253658     0.010247431 

Time = 5000
Temperature
1.0146659     0.007504381 

Pressure
23.519542     0.11949908  

CM Mom
3.5410341e-17  2.3307575e-17 
1.0223153e-16  1.0699234e-17 
-4.1209102e-17 3.7171256e-17 
1.224823e-16   2.0996948e-17 

CM Pos
7.4983485      0.015363846   
7.4888234      0.016950497   
7.503833       0.013822484   
12.985217      0.0085222798  

Stress
20.4672      -0.0360043   -0.00874095   0.130173     0.105697     0.0578082   
-0.0360043   20.4914      0.0131166     0.105697     0.147287     0.0871832   
-0.00874095  0.0131166    20.4897       0.0578082    0.0871832    0.146178    

Stress Spherical
0            0            0             0            0            0           
0            0            0             0            0            0           
0            0            0             0            0            0           

Inertia
149.862      -56.1239     -56.2637      0.195555     0.112538     0.146929    
-56.1239     149.998      -56.2031      0.112538     0.360475     0.114323    
-56.2637     -56.2031     149.792       0.146929     0.114323     0.190864    

Bond Length
0.61950631    0.0042575102

BB bond length
0.61950631    0.0042575102

Water EE distance
0             0           

PEG EE distance
7.9533897     0.36363975  

BBB P2(x)
0.51220671    0.021108608 

BBB first bond length
0.61963641    0.00355615  

BBB second bond length
0.61921581    0.0041526776

BBB <phi**2>/<phi>**2
1.2176118     0.011312198 

Time = 6000
Temperature
1.0084031     0.0076666058

Pressure
23.476894     0.10991414  

CM Mom
5.1478473e-17  2.8344962e-17 
6.794222e-17   2.9691403e-17 
-8.2970582e-17 3.4077966e-17 
1.2777526e-16  2.5886334e-17 

CM Pos
7.499091       0.01266089    
7.5005549      0.015144103   
7.5024965      0.01637614    
12.991631      0.018371134   

Stress
20.4125      -0.000283917 -0.0126124    0.141642     0.0708539    0.0567032   
-0.000283917 20.4638      -0.0279745    0.0708539    0.171592     0.0336694   
-0.0126124   -0.0279745   20.5003       0.0567032    0.0336694    0.144611    

Stress Spherical
0            0            0             0            0            0           
0            0            0             0            0            0           
0            0            0             0            0            0           

Inertia
150.001      -56.247      -56.2296      0.314386     0.181763     0.20226     
-56.247      149.981      -56.2734      0.181763     0.296669     0.169598    
-56.2296     -56.2734     149.949       0.20226      0.169598     0.320472    

Bond Length
0.61875685    0.0041154529

BB bond length
0.61875685    0.0041154529

Water EE distance
0             0           

PEG EE distance
7.8512283     0.2926281   

BBB P2(x)
0.52840686    0.024999619 

BBB first bond length
0.6187265     0.0034984051

BBB second bond length
0.61862216    0.0045238628

BBB <phi**2>/<phi>**2
1.2304749     0.016439896 

Time = 7000
Temperature
1.0091102     0.0058392639

Pressure
23.504185     0.072739092 

CM Mom
4.3343322e-17  2.4181481e-17 
7.3026071e-17  1.7391781e-17 
-1.1850925e-16 3.7071971e-17 
1.4964214e-16  3.3536095e-17 

CM Pos
7.493745       0.0078368131  
7.4940209      0.014431281   
7.508288       0.013034219   
12.988119      0.012762281   

Stress
20.5097      -0.0279297   -0.0278344    0.105856     0.0666032    0.0635368   
-0.0279297   20.5229      0.00426958    0.0666032    0.0826144    0.0876803   
-0.0278344   0.00426958   20.4195       0.0635368    0.0876803    0.124424    

Stress Spherical
0            0            0             0            0            0           
0            0            0             0            0            0           
0            0            0             0            0            0           

Inertia
150.036      -56.1264     -56.2121      0.286649     0.152443     0.137722    
-56.1264     150.017      -56.2724      0.152443     0.179243     0.17041     
-56.2121     -56.2724     149.809       0.137722     0.17041      0.235495    

Bond Length
0.619397      0.0027020429

BB bond length
0.619397      0.0027020429

Water EE distance
0             0           

PEG EE distance
7.5087265     0.13349562  

BBB P2(x)
0.51455685    0.027015463 

BBB first bond length
0.61936614    0.0030310722

BBB second bond length
0.61955713    0.0028231379

BBB <phi**2>/<phi>**2
1.2248993     0.022084505 

Time = 8000
Temperature
1.0099367     0.0057244565

Pressure
23.521424     0.067939281 

CM Mom
6.2225137e-17  2.2031162e-17 
8.3580526e-17  1.9409359e-17 
-1.1224892e-16 1.9371583e-17 
1.552296e-16   2.446668e-17  

CM Pos
7.4909235      0.017358645   
7.4950604      0.0079983564  
7.501754       0.010559186   
12.983314      0.014483583   

Stress
20.5117      0.000686033  -0.00188749   0.08967      0.0620554    0.0704391   
0.000686033  20.5119      -0.0129076    0.0620554    0.107694     0.0694491   
-0.00188749  -0.0129076   20.4728       0.0704391    0.0694491    0.110184    

Stress Spherical
0            0            0             0            0            0           
0            0            0             0            0            0           
0            0            0             0            0            0           

Inertia
149.924      -56.1395     -56.185       0.210949     0.16344      0.19928     
-56.1395     149.865      -56.2461      0.16344      0.400988     0.100721    
-56.185      -56.2461     149.761       0.19928      0.100721     0.218007    

Bond Length
0.61930626    0.0049143229

BB bond length
0.61930626    0.0049143229

Water EE distance
0             0           

PEG EE distance
7.1065497     0.45090971  

BBB P2(x)
0.50683037    0.012677908 

BBB first bond length
0.61861085    0.0052990998

BBB second bond length
0.61948284    0.0044682853

BBB <phi**2>/<phi>**2
1.2173558     0.013576943 

Time = 9000
Temperature
1.0094209     0.0071542051

Pressure
23.437569     0.09871825  

CM Mom
5.5832644e-17  1.6284095e-17 
1.0252602e-16  2.3646576e-17 
-1.0683657e-16 1.3399694e-17 
1.598975e-16   2.1899693e-17 

CM Pos
7.503249       0.013649902   
7.4989214      0.014692512   
7.507991       0.010956856   
12.996259      0.01628533    

Stress
20.4392      -0.000156756 0.00209787    0.155043     0.074953     0.0697387   
-0.000156756 20.3832      0.0267837     0.074953     0.109352     0.0420227   
0.00209787   0.0267837    20.4271       0.0697387    0.0420227    0.116989    

Stress Spherical
0            0            0             0            0            0           
0            0            0             0            0            0           
0            0            0             0            0            0           

Inertia
150.09       -56.2531     -56.3277      0.341245     0.166505     0.145353    
-56.2531     150.148      -56.2988      0.166505     0.317393     0.138855    
-56.3277     -56.2988     150.009       0.145353     0.138855     0.323923    

Bond Length
0.62110813    0.0049546461

BB bond length
0.62110813    0.0049546461

Water EE distance
0             0           

PEG EE distance
6.5257304     0.29722549  

BBB P2(x)
0.50331946    0.018448112 

BBB first bond length
0.62091876    0.0051046323

BBB second bond length
0.62135674    0.0051096286

BBB <phi**2>/<phi>**2
1.2213953     0.015844596 

Time = 10000
Temperature
1.0103549     0.0055662811

Pressure
23.514356     0.063941672 

CM Mom
5.6605877e-17  2.4575971e-17 
1.1393443e-16  1.749955e-17  
-9.0914967e-17 1.9866268e-17 
1.5973457e-16  1.5509927e-17 

CM Pos
7.493151       0.010037775   
7.4993669      0.017174734   
7.5063575      0.015897841   
12.989757      0.0093188751  

Stress
20.4663      -0.0172045   -0.0155425    0.0873486    0.0748896    0.0796556   
-0.0172045   20.5238      0.00404541    0.0748896    0.090712     0.0551347   
-0.0155425   0.00404541   20.4813       0.0796556    0.0551347    0.092987    

Stress Spherical
0            0            0             0            0            0           
0            0            0             0            0            0           
0            0            0             0            0            0           

Inertia
150.085      -56.1761     -56.2505      0.26927      0.163166     0.15647     
-56.1761     149.973      -56.3085      0.163166     0.229673     0.192844    
-56.2505     -56.3085     149.882       0.15647      0.192844     0.292289    

Bond Length
0.61917986    0.0052460121

BB bond length
0.61917986    0.0052460121

Water EE distance
0             0           

PEG EE distance
7.0431558     0.17772506  

BBB P2(x)
0.50872869    0.0079157242

BBB first bond length
0.61929502    0.0051652848

BBB second bond length
0.61870165    0.0052121327

BBB <phi**2>/<phi>**2
1.2197908     0.017488094 

Time = 11000
Temperature
1.0118333     0.0049593116

Pressure
23.538581     0.092670325 

CM Mom
4.873108e-17   1.4195457e-17 
1.228358e-16   2.8235643e-17 
-9.2128672e-17 2.4875696e-17 
1.6408217e-16  2.5409614e-17 

CM Pos
7.5036945      0.016613444   
7.5024854      0.0092750202  
7.5030905      0.0084384156  
12.995748      0.0074846653  

Stress
20.5234      -0.000733249 -0.033809     0.105075     0.0458854    0.0746478   
-0.000733249 20.5382      -0.0274115    0.0458854    0.120471     0.0587223   
-0.033809    -0.0274115   20.4693       0.0746478    0.0587223    0.150975    

Stress Spherical
0            0            0             0            0            0           
0            0            0             0            0            0           
0            0            0             0            0            0           

Inertia
150.086      -56.342      -56.3139      0.259522     0.101709     0.11901     
-56.342      150.085      -56.2596      0.101709     0.138463     0.152261    
-56.3139     -56.2596     150.075       0.11901      0.152261     0.161325    

Bond Length
0.62234098    0.0033443474

BB bond length
0.62234098    0.0033443474

Water EE distance
0             0           

PEG EE distance
6.6839823     0.32787773  

BBB P2(x)
0.51583497    0.02691309  

BBB first bond length
0.62219123    0.0033702011

BBB second bond length
0.62154332    0.0036478132

BBB <phi**2>/<phi>**2
1.2395579     0.025348666 

Time = 12000
Temperature
1.0073368     0.0077562098

Pressure
23.459607     0.062661486 

CM Mom
5.9454526e-17  1.280862e-17  
1.212925e-16   2.2067409e-17 
-8.8420509e-17 2.9074045e-17 
1.6406953e-16  2.5345987e-17 

CM Pos
7.50117        0.0096296364  
7.4962484      0.012035843   
7.502051       0.01529191    
12.990089      0.011372306   

Stress
20.4988      -0.0287705   -0.0277952    0.0879753    0.063513     0.0561251   
-0.0287705   20.4272      0.00927839    0.063513     0.117937     0.0504985   
-0.0277952   0.00927839   20.4083       0.0561251    0.0504985    0.070222    

Stress Spherical
0            0            0             0            0            0           
0            0            0             0            0            0           
0            0            0             0            0            0           

Inertia
150.001      -56.2191     -56.3007      0.196364     0.134836     0.120272    
-56.2191     150.062      -56.2539      0.134836     0.303925     0.132298    
-56.3007     -56.2539     149.964       0.120272     0.132298     0.277921    

Bond Length
0.6222299     0.0028875319

BB bond length
0.6222299     0.0028875319

Water EE distance
0             0           

PEG EE distance
7.117187      0.19497699  

BBB P2(x)
0.51185708    0.024539241 

BBB first bond length
0.62218889    0.0027421653

BBB second bond length
0.62222478    0.0031534563

BBB <phi**2>/<phi>**2
1.2222171     0.017956424 

Time = 13000
Temperature
1.0086735     0.0049463535

Pressure
23.498367     0.070949784 

CM Mom
5.0015198e-17  1.6231974e-17 
1.1596505e-16  2.7017868e-17 
-1.2124688e-16 1.5019657e-17 
1.7754684e-16  1.8611122e-17 

CM Pos
7.5069615      0.011116702   
7.5075344      0.010832371   
7.500269       0.010176324   
12.998917      0.008461989   

Stress
20.5079      -0.00398804  0.023999      0.120052     0.0696726    0.0497167   
-0.00398804  20.4004      -0.0206675    0.0696726    0.0834621    0.0732478   
0.023999     -0.0206675   20.5303       0.0497167    0.0732478    0.116434    

Stress Spherical
0            0            0             0            0            0           
0            0            0             0            0            0           
0            0            0             0            0            0           

Inertia
150.136      -56.3642     -56.2894      0.237571     0.0542864    0.112417    
-56.3642     150.125      -56.3389      0.0542864    0.196726     0.130938    
-56.2894     -56.3389     150.221       0.112417     0.130938     0.215464    

Bond Length
0.61827295    0.0043855654

BB bond length
0.61827295    0.0043855654

Water EE distance
0             0           

PEG EE distance
7.5987366     0.18829998  

BBB P2(x)
0.5163749     0.012437779 

BBB first bond length
0.61801877    0.0044618739

BBB second bond length
0.61825122    0.0044284078

BBB <phi**2>/<phi>**2
1.2234113     0.016924617 

Time = 14000
Temperature
1.0120135     0.0088654414

Pressure
23.534902     0.090036786 

CM Mom
1.5660014e-17  1.9918989e-17 
1.2398906e-16  2.9630048e-17 
-1.5489265e-16 2.1486697e-17 
2.0213359e-16  2.210545e-17  

CM Pos
7.5025065      0.014059757   
7.4983274      0.0097434658  
7.5054665      0.0080806462  
12.994031      0.0077477534  

Stress
20.5138      -0.00677205  -0.0252273    0.102372     0.0876998    0.0661066   
-0.00677205  20.4912      0.0259488     0.0876998    0.0956085    0.0714066   
-0.0252273   0.0259488    20.5132       0.0661066    0.0714066    0.0907007   

Stress Spherical
0            0            0             0            0            0           
0            0            0             0            0            0           
0            0            0             0            0            0           

Inertia
150.048      -56.2609     -56.297       0.215833     0.0872906    0.132493    
-56.2609     150.078      -56.2752      0.0872906    0.197123     0.135539    
-56.297      -56.2752     149.97        0.132493     0.135539     0.16843     

Bond Length
0.62052863    0.0027174024

BB bond length
0.62052863    0.0027174024

Water EE distance
0             0           

PEG EE distance
7.8436601     0.29274124  

BBB P2(x)
0.54066696    0.0074771512

BBB first bond length
0.62085666    0.0028878707

BBB second bond length
0.62049596    0.0024094454

BBB <phi**2>/<phi>**2
1.2285036     0.01681092  

Time = 15000
Temperature
1.0143773     0.0080969525

Pressure
23.495822     0.10332395  

CM Mom
1.1841527e-17  1.1282523e-17 
1.2362099e-16  1.411657e-17  
-1.5183627e-16 3.513719e-17  
1.9791354e-16  2.9462693e-17 

CM Pos
7.5039915      0.0077505128  
7.5047129      0.011187887   
7.5001205      0.011511396   
12.995486      0.0082404937  

Stress
20.4362      0.0247805    0.0114928     0.151806     0.0653741    0.0805621   
0.0247805    20.4696      -0.0120199    0.0653741    0.106446     0.0593201   
0.0114928    -0.0120199   20.4739       0.0805621    0.0593201    0.0838971   

Stress Spherical
0            0            0             0            0            0           
0            0            0             0            0            0           
0            0            0             0            0            0           

Inertia
150.057      -56.3248     -56.2417      0.269637     0.0970257    0.140571    
-56.3248     150.054      -56.2614      0.0970257    0.281414     0.0894616   
-56.2417     -56.2614     150.103       0.140571     0.0894616    0.189882    

Bond Length
0.61902477    0.0046158507

BB bond length
0.61902477    0.0046158507

Water EE distance
0             0           

PEG EE distance
7.6134766     0.31036652  

BBB P2(x)
0.51605411    0.02443149  

BBB first bond length
0.61928392    0.0047148609

BBB second bond length
0.6193443     0.0046335138

BBB <phi**2>/<phi>**2
1.2241677     0.01604025  

Time = 16000
Temperature
1.012493      0.0084554605

Pressure
23.47194      0.094581555 

CM Mom
2.5019518e-17  2.0255094e-17 
1.3557806e-16  1.348489e-17  
-1.400824e-16  1.8318688e-17 
1.977777e-16   2.1026895e-17 

CM Pos
7.5057735      0.014522677   
7.4950604      0.020253264   
7.5021995      0.019066517   
12.992166      0.013093574   

Stress
20.4276      0.0195482    -0.0155883    0.151849     0.0660118    0.0798447   
0.0195482    20.4669      0.0258778     0.0660118    0.0965006    0.0527052   
-0.0155883   0.0258778    20.4305       0.0798447    0.0527052    0.104345    

Stress Spherical
0            0            0             0            0            0           
0            0            0             0            0            0           
0            0            0             0            0            0           

Inertia
149.956      -56.265      -56.3111      0.262423     0.167534     0.22019     
-56.265      150.087      -56.2115      0.167534     0.392559     0.139722    
-56.3111     -56.2115     149.989       0.22019      0.139722     0.276711    

Bond Length
0.62138055    0.0030991462

BB bond length
0.62138055    0.0030991462

Water EE distance
0             0           

PEG EE distance
7.7425369     0.16398609  

BBB P2(x)
0.54009577    0.012292425 

BBB first bond length
0.62161687    0.0026835426

BBB second bond length
0.62106738    0.0033484743

BBB <phi**2>/<phi>**2
1.2254636     0.018727135 

Time = 17000
Temperature
1.0083313     0.0066989621

Pressure
23.490367     0.08399426  

CM Mom
2.208026e-17   2.0759969e-17 
1.290479e-16   1.7156539e-17 
-1.5500751e-16 2.9714895e-17 
2.049528e-16   2.7764619e-17 

CM Pos
7.509783       0.016131929   
7.4972879      0.0092928351  
7.5030905      0.014063678   
12.99626       0.017448695   

Stress
20.4705      -0.0469638   0.0364723     0.0901042    0.0338334    0.0636933   
-0.0469638   20.4671      -0.00852899   0.0338334    0.119706     0.0829858   
0.0364723    -0.00852899  20.48         0.0636933    0.0829858    0.0618523   

Stress Spherical
0            0            0             0            0            0           
0            0            0             0            0            0           
0            0            0             0            0            0           

Inertia
150.01       -56.3173     -56.3363      0.359357     0.180147     0.195475    
-56.3173     150.187      -56.2265      0.180147     0.409964     0.182023    
-56.3363     -56.2265     150.097       0.195475     0.182023     0.314215    

Bond Length
0.61948967    0.0027313488

BB bond length
0.61948967    0.0027313488

Water EE distance
0             0           

PEG EE distance
8.0564636     0.37931843  

BBB P2(x)
0.52916081    0.015276697 

BBB first bond length
0.61949784    0.0030169709

BBB second bond length
0.61953639    0.0027713518

BBB <phi**2>/<phi>**2
1.2305289     0.015978281 

Time = 18000
Temperature
1.0117148     0.0040858383

Pressure
23.462702     0.053876551 

CM Mom
-2.46746e-18   2.3473369e-17 
1.1482815e-16  2.1155261e-17 
-1.4839794e-16 2.6544527e-17 
1.8952422e-16  3.1579575e-17 

CM Pos
7.5001305      0.01558615    
7.5014459      0.018129186   
7.4974475      0.012192396   
12.989832      0.018766666   

Stress
20.4479      0.0264693    -0.0295067    0.105058     0.0328386    0.0587229   
0.0264693    20.4057      0.0462203     0.0328386    0.0821701    0.0450992   
-0.0295067   0.0462203    20.4507       0.0587229    0.0450992    0.111939    

Stress Spherical
0            0            0             0            0            0           
0            0            0             0            0            0           
0            0            0             0            0            0           

Inertia
149.994      -56.2663     -56.2039      0.381146     0.19395      0.186701    
-56.2663     149.933      -56.2904      0.19395      0.350785     0.17545     
-56.2039     -56.2904     150.003       0.186701     0.17545      0.482417    

Bond Length
0.62208909    0.0031681497

BB bond length
0.62208909    0.0031681497

Water EE distance
0             0           

PEG EE distance
7.4346895     0.26280252  

BBB P2(x)
0.53437143    0.017812464 

BBB first bond length
0.62230865    0.0031402634

BBB second bond length
0.62226865    0.0034604564

BBB <phi**2>/<phi>**2
1.2275166     0.013922851 

Time = 19000
Temperature
1.0100585     0.0068480932

Pressure
23.474794     0.051912474 

CM Mom
-4.7591978e-18 1.1821815e-17 
1.0768537e-16  1.8093272e-17 
-1.5141833e-16 1.597273e-17  
1.870456e-16   1.6807482e-17 

CM Pos
7.497606       0.017259908   
7.4990699      0.015588979   
7.4995265      0.0093224509  
12.988207      0.012334957   

Stress
20.4869      -0.0313212   -0.00472805   0.0768919    0.0655849    0.065535    
-0.0313212   20.4118      -0.0218744    0.0655849    0.0910968    0.0873339   
-0.00472805  -0.0218744   20.4567       0.065535     0.0873339    0.111306    

Stress Spherical
0            0            0             0            0            0           
0            0            0             0            0            0           
0            0            0             0            0            0           

Inertia
149.982      -56.2682     -56.249       0.228963     0.155209     0.152807    
-56.2682     149.925      -56.2636      0.155209     0.338299     0.14102     
-56.249      -56.2636     149.942       0.152807     0.14102      0.362736    

Bond Length
0.62133258    0.0033482544

BB bond length
0.62133258    0.0033482544

Water EE distance
0             0           

PEG EE distance
6.7881772     0.40206478  

BBB P2(x)
0.53237694    0.018469855 

BBB first bond length
0.62133341    0.0038490215

BBB second bond length
0.62133862    0.0032760732

BBB <phi**2>/<phi>**2
1.2350854     0.020666478 

Time = 20000
Temperature
1.0098358     0.0090146442

Pressure
23.454341     0.056865291 

CM Mom
-3.2299346e-17 1.0875061e-17 
9.3552996e-17  2.095465e-17  
-1.4079092e-16 3.2060827e-17 
1.7402201e-16  3.0316596e-17 

CM Pos
7.501467       0.035110473   
7.4917934      0.020709782   
7.496408       0.0142622     
12.984473      0.021004334   

Stress
20.4618      -0.0268958   0.0237308     0.0775449    0.078029     0.0697372   
-0.0268958   20.4219      -0.0243617    0.078029     0.0962034    0.0914766   
0.0237308    -0.0243617   20.4124       0.0697372    0.0914766    0.125805    

Stress Spherical
0            0            0             0            0            0           
0            0            0             0            0            0           
0            0            0             0            0            0           

Inertia
149.828      -56.1756     -56.2172      0.383113     0.211224     0.313691    
-56.1756     149.975      -56.1891      0.211224     0.612621     0.239549    
-56.2172     -56.1891     149.908       0.313691     0.239549     0.404719    

Bond Length
0.6197368     0.0042217339

BB bond length
0.6197368     0.0042217339

Water EE distance
0             0           

PEG EE distance
6.7968205     0.26152147  

BBB P2(x)
0.51124687    0.022575673 

BBB first bond length
0.61923623    0.0042390916

BBB second bond length
0.6195761     0.0047612536

BBB <phi**2>/<phi>**2
1.231156      0.014831608 

Time = 21000
Temperature
1.0118113     0.0064502685

Pressure
23.502221     0.058017313 

CM Mom
-1.9950024e-17 1.1732119e-17 
6.5678441e-17  2.3526273e-17 
-1.5185715e-16 1.2930616e-17 
1.6819851e-16  1.8434929e-17 

CM Pos
7.5025065      0.016202176   
7.4935754      0.0067088548  
7.4956655      0.010921578   
12.985628      0.012597191   

Stress
20.4448      -0.0119336   -0.00607026   0.0823939    0.0640429    0.0467788   
-0.0119336   20.491       -0.0148687    0.0640429    0.111034     0.0907748   
-0.00607026  -0.0148687   20.4861       0.0467788    0.0907748    0.119306    

Stress Spherical
0            0            0             0            0            0           
0            0            0             0            0            0           
0            0            0             0            0            0           

Inertia
149.831      -56.2129     -56.2338      0.195485     0.150249     0.125976    
-56.2129     149.958      -56.1516      0.150249     0.250105     0.144453    
-56.2338     -56.1516     149.924       0.125976     0.144453     0.251502    

Bond Length
0.61955508    0.0050552847

BB bond length
0.61955508    0.0050552847

Water EE distance
0             0           

PEG EE distance
6.7389212     0.21526054  

BBB P2(x)
0.51353476    0.016341126 

BBB first bond length
0.61893599    0.005468086 

BBB second bond length
0.61961301    0.0050951001

BBB <phi**2>/<phi>**2
1.2318846     0.0096396911

Time = 22000
Temperature
1.0126699     0.0033219991

Pressure
23.524041     0.087765263 

CM Mom
-2.1268009e-17 2.0072963e-17 
6.0537436e-17  1.952905e-17  
-1.2309726e-16 1.4157949e-17 
1.4125114e-16  1.740441e-17  

CM Pos
7.504734       0.015736112   
7.4938724      0.0078928912  
7.496408       0.0080847387  
12.987516      0.0089305458  

Stress
20.5459      0.0123496    0.0335713     0.0771874    0.0491982    0.0764691   
0.0123496    20.4185      -0.0344717    0.0491982    0.110926     0.0587063   
0.0335713    -0.0344717   20.5152       0.0764691    0.0587063    0.13069     

Stress Spherical
0            0            0             0            0            0           
0            0            0             0            0            0           
0            0            0             0            0            0           

Inertia
149.849      -56.2235     -56.2663      0.0931972    0.155714     0.126469    
-56.2235     149.996      -56.1778      0.155714     0.229171     0.0599994   
-56.2663     -56.1778     149.984       0.126469     0.0599994    0.200369    

Bond Length
0.6191733     0.0044002926

BB bond length
0.6191733     0.0044002926

Water EE distance
0             0           

PEG EE distance
6.177792      0.48854766  

BBB P2(x)
0.52114997    0.017668078 

BBB first bond length
0.61905483    0.00500409  

BBB second bond length
0.61927611    0.0038693486

BBB <phi**2>/<phi>**2
1.2282913     0.019800349 

Time = 23000
Temperature
1.0082758     0.0062424452

Pressure
23.432379     0.079300699 

CM Mom
-7.9831971e-18 1.4780806e-17 
6.601381e-17   1.319759e-17  
-1.0318666e-16 1.3416691e-17 
1.2489057e-16  6.6364673e-18 

CM Pos
7.50117        0.011940188   
7.4983274      0.0084592963  
7.491359       0.018687432   
12.985121      0.010490552   

Stress
20.3974      0.0308445    0.00476761    0.131885     0.070274     0.0521836   
0.0308445    20.4442      -0.0210302    0.070274     0.120814     0.0558145   
0.00476761   -0.0210302   20.4026       0.0521836    0.0558145    0.132233    

Stress Spherical
0            0            0             0            0            0           
0            0            0             0            0            0           
0            0            0             0            0            0           

Inertia
149.852      -56.2873     -56.2282      0.294792     0.187616     0.074217    
-56.2873     149.879      -56.2         0.187616     0.230726     0.165361    
-56.2282     -56.2        149.98        0.074217     0.165361     0.255025    

Bond Length
0.61991588    0.0024177165

BB bond length
0.61991588    0.0024177165

Water EE distance
0             0           

PEG EE distance
6.2930324     0.23105504  

BBB P2(x)
0.52259602    0.020841749 

BBB first bond length
0.61974716    0.0023756771

BBB second bond length
0.62056746    0.0022033949

BBB <phi**2>/<phi>**2
1.2248815     0.020443298 

Time = 24000
Temperature
1.0120067     0.0066514757

Pressure
23.528632     0.1146708   

CM Mom
-2.9615702e-17 1.7093009e-17 
6.7528263e-17  1.2138943e-17 
-1.2371125e-16 2.194401e-17  
1.4603118e-16  1.8373576e-17 

CM Pos
7.4927055      0.017442289   
7.4956544      0.01107397    
7.4989325      0.01184376    
12.983064      0.00914821    

Stress
20.503       0.0228574    -0.00493928   0.0758077    0.0262074    0.0543719   
0.0228574    20.4925      0.0333163     0.0262074    0.138812     0.0690139   
-0.00493928  0.0333163    20.5039       0.0543719    0.0690139    0.157509    

Stress Spherical
0            0            0             0            0            0           
0            0            0             0            0            0           
0            0            0             0            0            0           

Inertia
149.904      -56.1462     -56.1928      0.22665      0.175329     0.121509    
-56.1462     149.852      -56.2546      0.175329     0.174999     0.186197    
-56.1928     -56.2546     149.809       0.121509     0.186197     0.26013     

Bond Length
0.62198813    0.0040191441

BB bond length
0.62198813    0.0040191441

Water EE distance
0             0           

PEG EE distance
6.6412215     0.27878829  

BBB P2(x)
0.51645892    0.020588081 

BBB first bond length
0.62224089    0.0044176163

BBB second bond length
0.62191944    0.0040504726

BBB <phi**2>/<phi>**2
1.2199321     0.011432658 

Time = 25000
Temperature
1.0087382     0.0057656171

Pressure
23.52769      0.070854335 

CM Mom
-2.4600134e-17 1.8151424e-17 
8.6245897e-17  1.3906649e-17 
-1.175934e-16  1.383689e-17  
1.4949813e-16  1.5374201e-17 

CM Pos
7.4950815      0.014339302   
7.5057524      0.018166248   
7.505318       0.016324213   
12.993946      0.02305616    

Stress
20.4783      -0.0205885   -0.0325565    0.0914233    0.043694     0.0775163   
-0.0205885   20.514       -0.00308771   0.043694     0.0860701    0.0754591   
-0.0325565   -0.00308771  20.5336       0.0775163    0.0754591    0.0880893   

Stress Spherical
0            0            0             0            0            0           
0            0            0             0            0            0           
0            0            0             0            0            0           

Inertia
150.16       -56.2178     -56.2502      0.387539     0.261662     0.143781    
-56.2178     150.002      -56.3668      0.261662     0.305209     0.188312    
-56.2502     -56.3668     149.999       0.143781     0.188312     0.44333     

Bond Length
0.62158535    0.0044276394

BB bond length
0.62158535    0.0044276394

Water EE distance
0             0           

PEG EE distance
7.4769904     0.24132732  

BBB P2(x)
0.52234745    0.02050739  

BBB first bond length
0.62179654    0.0043091421

BBB second bond length
0.62109043    0.004485872 

BBB <phi**2>/<phi>**2
1.2273819     0.017770222 

Time = 26000
Temperature
1.0091255     0.0085013951

Pressure
23.49521      0.085005031 

CM Mom
-8.0686538e-18 1.4244141e-17 
9.588499e-17   1.6853613e-17 
-1.1248139e-16 1.1174714e-17 
1.491744e-16   1.6428907e-17 

CM Pos
7.5007245      0.010390767   
7.4998124      0.014123137   
7.495517       0.0081336881  
12.988114      0.010259216   

Stress
20.4824      -0.0140279   0.024277      0.0840565    0.044364     0.063577    
-0.0140279   20.4985      0.0374876     0.044364     0.0963602    0.0333758   
0.024277     0.0374876    20.4441       0.063577     0.0333758    0.116148    

Stress Spherical
0            0            0             0            0            0           
0            0            0             0            0            0           
0            0            0             0            0            0           

Inertia
149.935      -56.2369     -56.2264      0.301407     0.111519     0.117191    
-56.2369     149.962      -56.1842      0.111519     0.182799     0.164171    
-56.2264     -56.1842     150.028       0.117191     0.164171     0.250485    

Bond Length
0.62322603    0.0036790367

BB bond length
0.62322603    0.0036790367

Water EE distance
0             0           

PEG EE distance
7.9048783     0.29284574  

BBB P2(x)
0.51139485    0.024480937 

BBB first bond length
0.62333558    0.0042151176

BBB second bond length
0.62323802    0.0037770463

BBB <phi**2>/<phi>**2
1.2230246     0.01637075  

Time = 27000
Temperature
1.0100255     0.0076754053

Pressure
23.518724     0.079443636 

CM Mom
6.5952809e-18  1.6708633e-17 
1.1334324e-16  4.6925062e-17 
-1.3390217e-16 1.4533281e-17 
1.7970124e-16  3.492562e-17  

CM Pos
7.5036945      0.016155833   
7.5038219      0.011764361   
7.4974475      0.013529822   
12.993263      0.013724156   

Stress
20.4753      0.0184899    0.0195207     0.0843736    0.0641575    0.0655001   
0.0184899    20.4832      0.0243589     0.0641575    0.102227     0.0830154   
0.0195207    0.0243589    20.529        0.0655001    0.0830154    0.109728    

Stress Spherical
0            0            0             0            0            0           
0            0            0             0            0            0           
0            0            0             0            0            0           

Inertia
150.031      -56.3041     -56.2174      0.170173     0.154496     0.199962    
-56.3041     150.03       -56.2575      0.154496     0.41169      0.101686    
-56.2174     -56.2575     150.113       0.199962     0.101686     0.224032    

Bond Length
0.61969961    0.0050654738

BB bond length
0.61969961    0.0050654738

Water EE distance
0             0           

PEG EE distance
7.6537408     0.40443365  

BBB P2(x)
0.51653707    0.025122192 

BBB first bond length
0.61970391    0.004594533 

BBB second bond length
0.61982718    0.0051239886

BBB <phi**2>/<phi>**2
1.2288765     0.019941328 

Time = 28000
Temperature
1.012226      0.0084265301

Pressure
23.492401     0.10321336  

CM Mom
1.0471334e-17  1.5470881e-17 
1.1807867e-16  4.8741303e-17 
-1.1981583e-16 2.3006296e-17 
1.7441037e-16  3.3666416e-17 

CM Pos
7.5022095      0.0095963733  
7.4980304      0.010160058   
7.5060605      0.009588327   
12.994026      0.011662243   

Stress
20.4272      -0.00731939  -0.029025     0.145663     0.0791639    0.072055    
-0.00731939  20.4642      0.0113043     0.0791639    0.120785     0.0471999   
-0.029025    0.0113043    20.4973       0.072055     0.0471999    0.143261    

Stress Spherical
0            0            0             0            0            0           
