Time = 1000
Temperature
   1.1169641    0.16698781

Pressure
   23.795738    0.82429608

CM Mom
-3.195183e-17  3.3901634e-17 
2.0080684e-17  3.5878206e-17 
-5.315585e-17  2.0531709e-16 
1.6522908e-16  1.4676759e-16 

CM Pos
7.506536       0.018997497   
7.502042       0.011313768   
7.5030876      0.026831319   
12.99714       0.024551281   

Stress
20.4643      -0.0278949   0.0116257     0.318721     0.0679189    0.0603646   
-0.0278949   20.4128      0.0119329     0.0679189    0.359626     0.0688314   
0.0116257    0.0119329    20.4645       0.0603646    0.0688314    0.394257    

Stress Spherical
0            0            0             0            0            0           
0            0            0             0            0            0           
0            0            0             0            0            0           

Inertia
150.206      -56.3172     -56.3234      1.65242      0.126762     0.360461    
-56.3172     150.275      -56.303       0.126762     1.92293      0.24677     
-56.3234     -56.303      150.252       0.360461     0.24677      1.45459     

Bond Length
0.61827018    0.0071235316

BB bond length
0.61827018    0.0071235316

Water EE distance
0             0           

PEG EE distance
6.8832878     0.13135878  

BBB P2(x)
0.47112738    0.073061887 

BBB first bond length
0.61801786    0.0072193404

BBB second bond length
0.6182696     0.0069305543

BBB <phi**2>/<phi>**2
1.2217648     0.020841327 

Time = 2000
Temperature
1.0075851     0.0071130578

Pressure
23.266744     0.086547438 

CM Mom
-2.0173678e-17 2.2629509e-17 
3.1680255e-17  3.1814737e-17 
-3.2718551e-17 3.5837152e-17 
6.882431e-17   2.3513985e-17 

CM Pos
7.4995682      0.013555006   
7.5036727      0.011059339   
7.4935995      0.01116909    
12.988571      0.010863021   

Stress
20.1677      -0.0240467   0.0374413     0.107342     0.0678973    0.0661013   
-0.0240467   20.2162      -0.00200663   0.0678973    0.128342     0.064507    
0.0374413    -0.00200663  20.3543       0.0661013    0.064507     0.153302    

Stress Spherical
0            0            0             0            0            0           
0            0            0             0            0            0           
0            0            0             0            0            0           

Inertia
149.84       -56.234      -56.1918      0.399438     0.123115     0.140142    
-56.234      149.745      -56.2639      0.123115     0.477425     0.135197    
-56.1918     -56.2639     149.929       0.140142     0.135197     0.42281     

Bond Length
0.61865324    0.0020938776

BB bond length
0.61865324    0.0020938776

Water EE distance
0             0           

PEG EE distance
6.9134598     0.079924866 

BBB P2(x)
0.51431994    0.010361501 

BBB first bond length
0.61858641    0.0019408324

BBB second bond length
0.61862537    0.001892748 

BBB <phi**2>/<phi>**2
1.2325322     0.0094665557

Time = 3000
Temperature
1.0106773     0.0061951539

Pressure
23.27366      0.085348709 

CM Mom
-3.7334788e-18 2.0255071e-17 
1.9587185e-17  1.2542589e-17 
-1.0457307e-17 1.2936137e-17 
3.2922954e-17  1.2568179e-17 

CM Pos
7.4927486      0.014269076   
7.4959637      0.014033785   
7.4894485      0.02174792    
12.977793      0.01871439    

Stress
20.1618      -0.00845552  0.0394222     0.10371      0.0511359    0.0837512   
-0.00845552  20.2866      0.0107559     0.0511359    0.135353     0.0407036   
0.0394222    0.0107559    20.2828       0.0837512    0.0407036    0.116559    

Stress Spherical
0            0            0             0            0            0           
0            0            0             0            0            0           
0            0            0             0            0            0           

Inertia
149.726      -56.1773     -56.1422      0.550928     0.0981807    0.171056    
-56.1773     149.655      -56.1542      0.0981807    0.43079      0.281616    
-56.1422     -56.1542     149.768       0.171056     0.281616     0.291001    

Bond Length
0.61717564    0.0018151082

BB bond length
0.61717564    0.0018151082

Water EE distance
0             0           

PEG EE distance
6.9821459     0.087379277 

BBB P2(x)
0.52151818    0.0095550301

BBB first bond length
0.61701696    0.0020598378

BBB second bond length
0.6172635     0.0017279712

BBB <phi**2>/<phi>**2
1.2300418     0.0029739769

Time = 4000
Temperature
1.0126592     0.0077964135

Pressure
23.183554     0.12011785  

CM Mom
-1.4777279e-17 2.7855103e-17 
5.1948436e-17  1.9305412e-17 
-2.9305477e-18 2.1448001e-17 
6.3772474e-17  2.1616894e-17 

CM Pos
7.4967514      0.013300487   
7.49967        0.011149395   
7.5051631      0.010528927   
12.991311      0.0079277286  

Stress
20.0938      -0.00947654  -0.00331195   0.117215     0.0673803    0.0584424   
-0.00947654  20.1492      0.0251017     0.0673803    0.122191     0.0755861   
-0.00331195  0.0251017    20.2          0.0584424    0.0755861    0.151055    

Stress Spherical
0            0            0             0            0            0           
0            0            0             0            0            0           
0            0            0             0            0            0           

Inertia
150.029      -56.2001     -56.2779      0.25649      0.0948969    0.128515    
-56.2001     149.987      -56.2702      0.0948969    0.189772     0.172168    
-56.2779     -56.2702     149.893       0.128515     0.172168     0.188883    

Bond Length
0.61918481    0.0021287106

BB bond length
0.61918481    0.0021287106

Water EE distance
0             0           

PEG EE distance
6.9304042     0.1685473   

BBB P2(x)
0.51197883    0.0099461489

BBB first bond length
0.61898587    0.0022423738

BBB second bond length
0.61914589    0.0021334441

BBB <phi**2>/<phi>**2
1.2320409     0.0064853922

Time = 5000
Temperature
1.0115675     0.0070151472

Pressure
23.21656      0.083828914 

CM Mom
-1.709061e-17  1.6381415e-17 
4.619213e-17   2.2487554e-17 
4.9041342e-18  1.0958288e-17 
5.4549088e-17  1.919308e-17  

CM Pos
7.5010507      0.013408285   
7.493147       0.00997144    
7.5014568      0.01369133    
12.987887      0.010828064   

Stress
20.1733      -0.00555121  0.0312737     0.0760223    0.0578889    0.0650155   
-0.00555121  20.2133      0.0172371     0.0578889    0.0978191    0.0785177   
0.0312737    0.0172371    20.1653       0.0650155    0.0785177    0.118476    

Stress Spherical
0            0            0             0            0            0           
0            0            0             0            0            0           
0            0            0             0            0            0           

Inertia
149.887      -56.1795     -56.2694      0.332559     0.161612     0.124317    
-56.1795     150.033      -56.1979      0.161612     0.248406     0.127878    
-56.2694     -56.1979     149.884       0.124317     0.127878     0.219223    

Bond Length
0.61823642    0.0014862403

BB bond length
0.61823642    0.0014862403

Water EE distance
0             0           

PEG EE distance
6.8619354     0.13118784  

BBB P2(x)
0.51271844    0.0065697014

BBB first bond length
0.61836989    0.0013089882

BBB second bond length
0.61819302    0.0013721633

BBB <phi**2>/<phi>**2
1.2281838     0.0080966136

Time = 6000
Temperature
1.014004      0.011163298 

Pressure
23.223113     0.05697688  

CM Mom
-3.0030776e-17 1.8400012e-17 
3.1270422e-17  1.5919836e-17 
8.0529025e-18  1.8317323e-17 
5.1815928e-17  1.3681068e-17 

CM Pos
7.4997164      0.005720631   
7.5058965      0.010994562   
7.4970093      0.0085021453  
12.991902      0.0086369595  

Stress
20.1615      -0.0401184   0.00117721    0.12075      0.0750562    0.0937151   
-0.0401184   20.2164      0.00205815    0.0750562    0.111152     0.0906332   
0.00117721   0.00205815   20.1718       0.0937151    0.0906332    0.0683548   

Stress Spherical
0            0            0             0            0            0           
0            0            0             0            0            0           
0            0            0             0            0            0           

Inertia
150.038      -56.2606     -56.2116      0.260293     0.11378      0.101986    
-56.2606     149.941      -56.2632      0.11378      0.155834     0.12263     
-56.2116     -56.2632     150.059       0.101986     0.12263      0.212854    

Bond Length
0.6178739     0.0014721603

BB bond length
0.6178739     0.0014721603

Water EE distance
0             0           

PEG EE distance
6.8594958     0.13345871  

BBB P2(x)
0.50578597    0.0072228823

BBB first bond length
0.61800326    0.0013646022

BBB second bond length
0.6177524     0.0014241657

BBB <phi**2>/<phi>**2
1.2258769     0.0062449523

Time = 7000
Temperature
1.0078454     0.010031011 

Pressure
23.205165     0.089219504 

CM Mom
-4.4591892e-17 1.5604958e-17 
1.5090551e-17  1.4664652e-17 
1.3292117e-17  1.6270787e-17 
5.3886174e-17  1.457489e-17  

CM Pos
7.5000129      0.011310854   
7.500856       0.011468124   
7.4987883      0.019956651   
12.990204      0.011419625   

Stress
20.1534      -0.00152285  0.0008578     0.123783     0.0480655    0.0660549   
-0.00152285  20.2376      0.002568      0.0480655    0.131033     0.0815366   
0.0008578    0.002568     20.1602       0.0660549    0.0815366    0.108806    

Stress Spherical
0            0            0             0            0            0           
0            0            0             0            0            0           
0            0            0             0            0            0           

Inertia
149.976      -56.2648     -56.2282      0.336679     0.12525      0.129402    
-56.2648     149.97       -56.316       0.12525      0.278802     0.158179    
-56.2282     -56.316      149.988       0.129402     0.158179     0.238484    

Bond Length
0.61753869    0.0023962168

BB bond length
0.61753869    0.0023962168

Water EE distance
0             0           

PEG EE distance
6.8710021     0.063587242 

BBB P2(x)
0.50691951    0.0096136099

BBB first bond length
0.61753041    0.0022482029

BBB second bond length
0.61735457    0.0022419253

BBB <phi**2>/<phi>**2
1.2247046     0.007960488 

Time = 8000
Temperature
1.0099644     0.0067921326

Pressure
23.183567     0.079997836 

CM Mom
-4.4129116e-17 1.72376e-17   
5.3536879e-17  2.9869867e-17 
5.0171536e-17  3.0591933e-17 
9.2077232e-17  3.1269037e-17 

CM Pos
7.4964549      0.012795156   
7.5058965      0.0081739763  
7.491524       0.016431094   
12.98686       0.014656252   

Stress
20.1446      -0.0191188   0.00133815    0.11823      0.0610815    0.0676897   
-0.0191188   20.1604      0.0434825     0.0610815    0.0849337    0.0661001   
0.00133815   0.0434825    20.1623       0.0676897    0.0661001    0.122667    

Stress Spherical
0            0            0             0            0            0           
0            0            0             0            0            0           
0            0            0             0            0            0           

Inertia
149.96       -56.2579     -56.1739      0.310255     0.135717     0.155728    
-56.2579     149.807      -56.2322      0.135717     0.291068     0.159559    
-56.1739     -56.2322     150.021       0.155728     0.159559     0.291061    

Bond Length
0.61831494    0.0019335654

BB bond length
0.61831494    0.0019335654

Water EE distance
0             0           

PEG EE distance
6.7468779     0.16887464  

BBB P2(x)
0.50456625    0.0056331068

BBB first bond length
0.61833159    0.0020894419

BBB second bond length
0.61842224    0.0020172304

BBB <phi**2>/<phi>**2
1.2211646     0.0084418383

Time = 9000
Temperature
1.0109906     0.0055992571

Pressure
23.221213     0.094300122 

CM Mom
-3.7586064e-17 1.6634344e-17 
6.9688221e-17  1.409211e-17  
4.0745942e-17  2.4094064e-17 
9.3988366e-17  1.2304151e-17 

CM Pos
7.4974927      0.015092469   
7.4993735      0.012264549   
7.5013085      0.01865839    
12.989349      0.0131378     

Stress
20.1942      0.03587      -0.0684276    0.111867     0.0424577    0.0701256   
0.03587      20.2459      0.00733951    0.0424577    0.120111     0.0716188   
-0.0684276   0.00733951   20.1309       0.0701256    0.0716188    0.123776    

Stress Spherical
0            0            0             0            0            0           
0            0            0             0            0            0           
0            0            0             0            0            0           

Inertia
150.005      -56.2021     -56.2735      0.194926     0.111441     0.19982     
-56.2021     149.978      -56.211       0.111441     0.376874     0.122261    
-56.2735     -56.211      149.944       0.19982      0.122261     0.241223    

Bond Length
0.61870289    0.001889602 

BB bond length
0.61870289    0.001889602 

Water EE distance
0             0           

PEG EE distance
6.7866361     0.21845024  

BBB P2(x)
0.4970662     0.012697857 

BBB first bond length
0.61886141    0.0019626107

BBB second bond length
0.61853203    0.0022370848

BBB <phi**2>/<phi>**2
1.2205298     0.0069022505

Time = 10000
Temperature
1.0087031     0.0075542953

Pressure
23.243636     0.095487487 

CM Mom
-2.4314383e-17 8.080065e-18  
7.2996986e-17  2.5247535e-17 
4.8532893e-17  1.8054802e-17 
9.4358642e-17  2.0008472e-17 

CM Pos
7.4982339      0.011299189   
7.4929987      0.01087497    
7.4904862      0.011767964   
12.979838      0.010990275   

Stress
20.2594      0.00102974   -0.00263341   0.150846     0.0958583    0.091983    
0.00102974   20.2039      0.0143104     0.0958583    0.114631     0.0789527   
-0.00263341  0.0143104    20.1955       0.091983     0.0789527    0.109575    

Stress Spherical
0            0            0             0            0            0           
0            0            0             0            0            0           
0            0            0             0            0            0           

Inertia
149.76       -56.1932     -56.1837      0.240722     0.147863     0.114491    
-56.1932     149.848      -56.113       0.147863     0.290552     0.148911    
-56.1837     -56.113      149.875       0.114491     0.148911     0.257132    

Bond Length
0.61900945    0.0019249242

BB bond length
0.61900945    0.0019249242

Water EE distance
0             0           

PEG EE distance
7.1433729     0.11117656  

BBB P2(x)
0.51454285    0.010890036 

BBB first bond length
0.61888637    0.0021032137

BBB second bond length
0.61896233    0.0018415201

BBB <phi**2>/<phi>**2
1.2257359     0.0067604792

Time = 11000
Temperature
1.0129108     0.0075774887

Pressure
23.186501     0.070098003 

CM Mom
-2.2160569e-17 1.8175823e-17 
8.5962183e-17  1.6295895e-17 
6.2260491e-17  1.406396e-17  
1.1094011e-16  1.5587174e-17 

CM Pos
7.5044604      0.0076761772  
7.4970015      0.011785693   
7.4928583      0.021268155   
12.987121      0.015063388   

Stress
20.1612      -0.0124417   -0.00472023   0.104151     0.0771432    0.0598149   
-0.0124417   20.1439      -0.00785345   0.0771432    0.105343     0.0639376   
-0.00472023  -0.00785345  20.1446       0.0598149    0.0639376    0.138951    

Stress Spherical
0            0            0             0            0            0           
0            0            0             0            0            0           
0            0            0             0            0            0           

Inertia
149.839      -56.2681     -56.2506      0.318907     0.151974     0.232195    
-56.2681     149.967      -56.1643      0.151974     0.402026     0.142492    
-56.2506     -56.1643     150.03        0.232195     0.142492     0.252885    

Bond Length
0.61795938    0.0018675221

BB bond length
0.61795938    0.0018675221

Water EE distance
0             0           

PEG EE distance
6.9803495     0.14477871  

BBB P2(x)
0.51575252    0.0081073179

BBB first bond length
0.61787328    0.0018357688

BBB second bond length
0.61805756    0.0018361271

BBB <phi**2>/<phi>**2
1.2217204     0.00709557  

Time = 12000
Temperature
1.0111988     0.00533708  

Pressure
23.246423     0.074563037 

CM Mom
-3.5885287e-17 1.6651223e-17 
9.4333707e-17  1.441734e-17  
7.943998e-17   3.2274645e-17 
1.3324143e-16  1.6456306e-17 

CM Pos
7.4954172      0.014154637   
7.5045623      0.01080197    
7.4983435      0.013538782   
12.989432      0.0061450503  

Stress
20.205       0.0222372    0.00438356    0.106081     0.0755781    0.0688025   
0.0222372    20.2143      0.0218054     0.0755781    0.120813     0.0911953   
0.00438356   0.0218054    20.2254       0.0688025    0.0911953    0.1323      

Stress Spherical
0            0            0             0            0            0           
0            0            0             0            0            0           
0            0            0             0            0            0           

Inertia
150.056      -56.2297     -56.1902      0.219359     0.0924372    0.113404    
-56.2297     149.917      -56.28        0.0924372    0.24088      0.102825    
-56.1902     -56.28       150.007       0.113404     0.102825     0.227871    

Bond Length
0.61854541    0.0018314621

BB bond length
0.61854541    0.0018314621

Water EE distance
0             0           

PEG EE distance
7.1212056     0.14922553  

BBB P2(x)
0.50931324    0.0080969038

BBB first bond length
0.61863057    0.0017370959

BBB second bond length
0.61852139    0.0017428388

BBB <phi**2>/<phi>**2
1.2319107     0.0066257678

Time = 13000
Temperature
1.0117809     0.0073323632

Pressure
23.203852     0.097604328 

CM Mom
-1.2035188e-17 1.8143235e-17 
1.1939671e-16  1.0908587e-17 
7.9943629e-17  1.5001322e-17 
1.4561703e-16  1.6133779e-17 

CM Pos
7.4971962      0.014191854   
7.4959637      0.011786625   
7.497454       0.0095664751  
12.984974      0.011269099   

Stress
20.1044      0.00708452   -0.0138339    0.0822027    0.119409     0.0597749   
0.00708452   20.2265      -0.0283987    0.119409     0.147386     0.0646273   
-0.0138339   -0.0283987   20.1809       0.0597749    0.0646273    0.120661    

Stress Spherical
0            0            0             0            0            0           
0            0            0             0            0            0           
0            0            0             0            0            0           

Inertia
149.911      -56.2294     -56.1906      0.268176     0.132672     0.100132    
-56.2294     149.93       -56.1871      0.132672     0.204598     0.157924    
-56.1906     -56.1871     149.908       0.100132     0.157924     0.211143    

Bond Length
0.61905712    0.0019243565

BB bond length
0.61905712    0.0019243565

Water EE distance
0             0           

PEG EE distance
6.9198501     0.11021902  

BBB P2(x)
0.51201054    0.0085133252

BBB first bond length
0.61889036    0.0020058843

BBB second bond length
0.61886065    0.0020360337

BBB <phi**2>/<phi>**2
1.2229727     0.0093583349

Time = 14000
Temperature
1.0084803     0.0090294242

Pressure
23.199515     0.10602763  

CM Mom
-2.0108665e-17 8.697603e-18  
1.1624424e-16  1.1389811e-17 
8.3962948e-17  1.294603e-17  
1.4579305e-16  9.1770538e-18 

CM Pos
7.4967514      0.0098661889  
7.494926       0.0090226077  
7.4965645      0.014355072   
12.983602      0.012036531   

Stress
20.2123      -0.0290596   0.0200834     0.121932     0.0823902    0.0601505   
-0.0290596   20.1615      0.00310242    0.0823902    0.135608     0.0641994   
0.0200834    0.00310242   20.1547       0.0601505    0.0641994    0.111725    

Stress Spherical
0            0            0             0            0            0           
0            0            0             0            0            0           
0            0            0             0            0            0           

Inertia
149.863      -56.1567     -56.1973      0.306105     0.122426     0.122315    
-56.1567     149.898      -56.1995      0.122426     0.235563     0.167216    
-56.1973     -56.1995     149.869       0.122315     0.167216     0.209839    

Bond Length
0.61763719    0.00098101629

BB bond length
0.61763719    0.00098101629

Water EE distance
0             0           

PEG EE distance
7.0146625     0.25447823  

BBB P2(x)
0.50652689    0.0064271334

BBB first bond length
0.6175492     0.00086895888

BBB second bond length
0.6177032     0.0011194197

BBB <phi**2>/<phi>**2
1.226157      0.010253724 

Time = 15000
Temperature
1.0127134     0.0067575997

Pressure
23.159255     0.069917925 

CM Mom
-3.2285128e-17 1.5075679e-17 
1.1510142e-16  1.9778421e-17 
7.605324e-17   2.1198633e-17 
1.442429e-16   1.8346437e-17 

CM Pos
7.5047569      0.011430692   
7.4981875      0.017861588   
7.4976023      0.012996264   
12.990714      0.013786477   

Stress
20.1649      -0.00607206  -0.0514055    0.0905605    0.0764818    0.0409006   
-0.00607206  20.1555      0.0447081     0.0764818    0.0878132    0.0583766   
-0.0514055   0.0447081    20.0492       0.0409006    0.0583766    0.100755    

Stress Spherical
0            0            0             0            0            0           
0            0            0             0            0            0           
0            0            0             0            0            0           

Inertia
149.934      -56.2934     -56.2584      0.389335     0.196172     0.0618817   
-56.2934     150.04       -56.2081      0.196172     0.162585     0.201308    
-56.2584     -56.2081     150.029       0.0618817    0.201308     0.351528    

Bond Length
0.61813886    0.0022372961

BB bond length
0.61813886    0.0022372961

Water EE distance
0             0           

PEG EE distance
7.2149503     0.12994681  

BBB P2(x)
0.50836517    0.006701436 

BBB first bond length
0.61799233    0.0021078468

BBB second bond length
0.61807713    0.0023570359

BBB <phi**2>/<phi>**2
1.2238523     0.0058940823

Time = 16000
Temperature
1.015624      0.0089635126

Pressure
23.184386     0.07521711  

CM Mom
-3.0630437e-17 1.7742144e-17 
1.0892061e-16  1.7808135e-17 
9.8815939e-17  2.1039711e-17 
1.5280936e-16  1.7040986e-17 

CM Pos
7.5007542      0.010478709   
7.506193       0.015798261   
7.4967128      0.019220626   
12.99251       0.019137162   

Stress
20.1342      0.0076647    -0.0212092    0.0880904    0.0919476    0.0758251   
0.0076647    20.0975      0.0298119     0.0919476    0.125096     0.0805452   
-0.0212092   0.0298119    20.1872       0.0758251    0.0805452    0.137638    

Stress Spherical
0            0            0             0            0            0           
0            0            0             0            0            0           
0            0            0             0            0            0           

Inertia
150.057      -56.3039     -56.2063      0.429681     0.169579     0.129126    
-56.3039     149.968      -56.2834      0.169579     0.318439     0.239506    
-56.2063     -56.2834     150.088       0.129126     0.239506     0.358412    

Bond Length
0.61745347    0.0011746074

BB bond length
0.61745347    0.0011746074

Water EE distance
0             0           

PEG EE distance
7.2229516     0.16705366  

BBB P2(x)
0.49965854    0.006083864 

BBB first bond length
0.61736308    0.001253222 

BBB second bond length
0.61733087    0.00092413053

BBB <phi**2>/<phi>**2
1.223876      0.0059531949

Time = 17000
Temperature
1.0128068     0.0088138776

Pressure
23.192993     0.095010644 

CM Mom
-1.0960682e-17 2.3533336e-17 
7.5350366e-17  1.5518604e-17 
6.8686134e-17  1.2111379e-17 
1.0623194e-16  1.3103611e-17 

CM Pos
7.4970479      0.0087467879  
7.4998182      0.0097090024  
7.4993813      0.01220797    
12.98822       0.013273806   

Stress
20.1868      0.0104843    0.000760788   0.0862499    0.070686     0.0423362   
0.0104843    20.1254      -0.00824624   0.070686     0.0911094    0.0612062   
0.000760788  -0.00824624  20.1578       0.0423362    0.0612062    0.126771    

Stress Spherical
0            0            0             0            0            0           
0            0            0             0            0            0           
0            0            0             0            0            0           

Inertia
150.005      -56.2339     -56.2         0.314858     0.114963     0.121315    
-56.2339     149.952      -56.2454      0.114963     0.240946     0.139525    
-56.2        -56.2454     149.957       0.121315     0.139525     0.224679    

Bond Length
0.61774449    0.0019337401

BB bond length
0.61774449    0.0019337401

Water EE distance
0             0           

PEG EE distance
7.192578      0.1425443   

BBB P2(x)
0.51227242    0.011591831 

BBB first bond length
0.61755007    0.0018672026

BBB second bond length
0.61767094    0.0021210326

BBB <phi**2>/<phi>**2
1.228089      0.0069402255

Time = 18000
Temperature
1.0155852     0.011300872 

Pressure
23.214328     0.064627009 

CM Mom
-4.9146955e-18 2.3263877e-17 
1.015819e-16   1.5398138e-17 
6.1878776e-17  1.3789059e-17 
1.2232214e-16  1.33327e-17   

CM Pos
7.4948242      0.010541444   
7.4975945      0.012246616   
7.5053113      0.014586688   
12.989087      0.010336469   

Stress
20.108       -0.0202641   -0.0208368    0.0870265    0.0649175    0.0916434   
-0.0202641   20.197       0.0102159     0.0649175    0.130258     0.0907904   
-0.0208368   0.0102159    20.2039       0.0916434    0.0907904    0.113217    

Stress Spherical
0            0            0             0            0            0           
0            0            0             0            0            0           
0            0            0             0            0            0           

Inertia
150.06       -56.2099     -56.2507      0.217147     0.107104     0.166252    
-56.2099     150.013      -56.2891      0.107104     0.268981     0.140906    
-56.2507     -56.2891     149.894       0.166252     0.140906     0.241128    

Bond Length
0.61879087    0.0014799489

BB bond length
0.61879087    0.0014799489

Water EE distance
0             0           

PEG EE distance
6.9841182     0.05160216  

BBB P2(x)
0.51192409    0.011565472 

BBB first bond length
0.61862642    0.0012363725

BBB second bond length
0.6190114     0.0014713254

BBB <phi**2>/<phi>**2
1.2281313     0.0050742565

Time = 19000
Temperature
1.0118426     0.0081901996

Pressure
23.23412      0.10040402  

CM Mom
-1.6389999e-17 1.0094295e-17 
1.1382063e-16  2.2924534e-17 
8.764266e-17   2.1545528e-17 
1.4615147e-16  2.5226771e-17 

CM Pos
7.4985304      0.024197575   
7.5060448      0.0070617743  
7.493303       0.012790861   
12.989182      0.014229945   

Stress
20.1812      -0.0181071   -0.000918048  0.148425     0.0437685    0.059719    
-0.0181071   20.221       0.00161382    0.0437685    0.121885     0.0797119   
-0.000918048 0.00161382   20.1999       0.059719     0.0797119    0.104975    

Stress Spherical
0            0            0             0            0            0           
0            0            0             0            0            0           
0            0            0             0            0            0           

Inertia
149.984      -56.2862     -56.1957      0.195394     0.17414      0.210213    
-56.2862     149.87       -56.2209      0.17414      0.453022     0.122072    
-56.1957     -56.2209     150.067       0.210213     0.122072     0.412672    

Bond Length
0.61855954    0.00183658  

BB bond length
0.61855954    0.00183658  

Water EE distance
0             0           

PEG EE distance
6.8119305     0.11047596  

BBB P2(x)
0.50510848    0.014109194 

BBB first bond length
0.61867647    0.0018256107

BBB second bond length
0.61884271    0.0018911951

BBB <phi**2>/<phi>**2
1.2282294     0.01111713  

Time = 20000
Temperature
1.0062409     0.010549408 

Pressure
23.153483     0.087554635 

CM Mom
-4.0674482e-17 2.4670824e-17 
9.8681249e-17  1.0445265e-17 
8.7393579e-17  2.0110777e-17 
1.4157636e-16  1.0410172e-17 

CM Pos
7.4991234      0.01119366    
7.4959637      0.010034061   
7.4983435      0.012421245   
12.9866        0.0092010029  

Stress
20.1779      -0.0252439   -0.0471623    0.186302     0.0558949    0.063433    
-0.0252439   20.1229      0.0226908     0.0558949    0.108391     0.059348    
-0.0471623   0.0226908    20.1097       0.063433     0.059348     0.117296    

Stress Spherical
0            0            0             0            0            0           
0            0            0             0            0            0           
0            0            0             0            0            0           

Inertia
149.919      -56.1949     -56.2144      0.23667      0.178857     0.131376    
-56.1949     149.954      -56.201       0.178857     0.19002      0.13178     
-56.2144     -56.201      149.919       0.131376     0.13178      0.287174    

Bond Length
0.61829229    0.001908078 

BB bond length
0.61829229    0.001908078 

Water EE distance
0             0           

PEG EE distance
6.9234167     0.15010746  

BBB P2(x)
0.51025161    0.011765976 

BBB first bond length
0.61838389    0.0019734973

BBB second bond length
0.61814217    0.001905539 

BBB <phi**2>/<phi>**2
1.2294948     0.0067918565

Time = 21000
Temperature
1.0077349     0.0061877638

Pressure
23.180033     0.10733822  

CM Mom
-4.9865122e-17 2.3414813e-17 
1.0324509e-16  1.0642911e-17 
1.1572056e-16  1.6320201e-17 
1.6478833e-16  1.7607042e-17 

CM Pos
7.5037192      0.010970548   
7.5013007      0.013067098   
7.4976023      0.011883193   
12.991905      0.013353859   

Stress
20.1117      -0.00377128  -0.027032     0.17241      0.0730147    0.0485869   
-0.00377128  20.1818      0.00715759    0.0730147    0.166703     0.0903247   
-0.027032    0.00715759   20.1833       0.0485869    0.0903247    0.108046    

Stress Spherical
0            0            0             0            0            0           
0            0            0             0            0            0           
0            0            0             0            0            0           

Inertia
149.975      -56.3148     -56.2486      0.274493     0.155801     0.145953    
-56.3148     150.003      -56.2366      0.155801     0.219591     0.126492    
-56.2486     -56.2366     150.076       0.145953     0.126492     0.308343    

Bond Length
0.6172713     0.0028408698

BB bond length
0.6172713     0.0028408698

Water EE distance
0             0           

PEG EE distance
6.9611181     0.080318534 

BBB P2(x)
0.50950513    0.0084909641

BBB first bond length
0.61716492    0.0030569492

BBB second bond length
0.61718256    0.0031191105

BBB <phi**2>/<phi>**2
1.2282056     0.014174104 

Time = 22000
Temperature
1.0122766     0.0076967698

Pressure
23.258888     0.10240701  

CM Mom
-6.3331431e-17 3.1623795e-17 
1.0965482e-16  1.5366667e-17 
1.2871148e-16  1.1372839e-17 
1.8319851e-16  2.0138048e-17 

CM Pos
7.5020884      0.0077047558  
7.5098993      0.010955512   
7.4981953      0.0079407561  
12.996268      0.01024403    

Stress
20.2112      0.00450921   -0.0189684    0.113199     0.0847384    0.0977322   
0.00450921   20.2327      -0.0128594    0.0847384    0.0984894    0.0759724   
-0.0189684   -0.0128594   20.2285       0.0977322    0.0759724    0.159894    

Stress Spherical
0            0            0             0            0            0           
0            0            0             0            0            0           
0            0            0             0            0            0           

Inertia
150.14       -56.3833     -56.2694      0.247929     0.106894     0.104188    
-56.3833     150.029      -56.3147      0.106894     0.18976      0.129893    
-56.2694     -56.3147     150.196       0.104188     0.129893     0.207097    

Bond Length
0.61746543    0.0016309736

BB bond length
0.61746543    0.0016309736

Water EE distance
0             0           

PEG EE distance
6.8420983     0.152295    

BBB P2(x)
0.50386208    0.0091648239

BBB first bond length
0.61713275    0.0019697684

BBB second bond length
0.61743053    0.0016749569

BBB <phi**2>/<phi>**2
1.2239942     0.0068964612

Time = 23000
Temperature
1.0124421     0.0061717648

Pressure
23.234925     0.083040839 

CM Mom
-7.4766136e-17 1.508491e-17  
9.8740501e-17  1.7505365e-17 
1.1198845e-16  1.7090165e-17 
1.6863853e-16  1.6376421e-17 

CM Pos
7.4942312      0.013312875   
7.4974462      0.011154322   
7.5033841      0.011018524   
12.987542      0.012362611   

Stress
20.238       0.0252943    -0.053825     0.133384     0.0626568    0.0513949   
0.0252943    20.2204      -0.0507689    0.0626568    0.0946426    0.0812106   
-0.053825    -0.0507689   20.1407       0.0513949    0.0812106    0.163725    

Stress Spherical
0            0            0             0            0            0           
0            0            0             0            0            0           
0            0            0             0            0            0           

Inertia
150.023      -56.1751     -56.2512      0.263421     0.15229      0.128092    
-56.1751     149.956      -56.2518      0.15229      0.248119     0.139254    
-56.2512     -56.2518     149.861       0.128092     0.139254     0.332562    

Bond Length
0.61691296    0.0026064074

BB bond length
0.61691296    0.0026064074

Water EE distance
0             0           

PEG EE distance
7.1696863     0.17117891  

BBB P2(x)
0.50170122    0.0060287062

BBB first bond length
0.61691027    0.0027702873

BBB second bond length
0.616921      0.0027328737

BBB <phi**2>/<phi>**2
1.2232352     0.007103443 

Time = 24000
Temperature
1.0073862     0.0059212015

Pressure
23.195649     0.10997386  

CM Mom
-6.4015582e-17 1.0512456e-17 
1.0512287e-16  1.4783597e-17 
9.3912491e-17  2.6123471e-17 
1.569402e-16   1.86988e-17   

CM Pos
7.5044604      0.015321544   
7.5001147      0.014802068   
7.4973058      0.0069234796  
12.991481      0.012817345   

Stress
20.1183      -0.000541033 -0.0442562    0.113135     0.0544948    0.0630709   
-0.000541033 20.2313      -0.045571     0.0544948    0.130408     0.0550275   
-0.0442562   -0.045571    20.1772       0.0630709    0.0550275    0.133059    

Stress Spherical
0            0            0             0            0            0           
0            0            0             0            0            0           
0            0            0             0            0            0           

Inertia
149.964      -56.2399     -56.2541      0.227811     0.184494     0.118599    
-56.2399     150.041      -56.216       0.184494     0.189268     0.0920982   
-56.2541     -56.216      150.087       0.118599     0.0920982    0.431543    

Bond Length
0.61893512    0.0021769305

BB bond length
0.61893512    0.0021769305

Water EE distance
0             0           

PEG EE distance
7.1260626     0.19465753  

BBB P2(x)
0.50007816    0.0075191157

BBB first bond length
0.61907315    0.0022087601

BBB second bond length
0.61882879    0.002186797 

BBB <phi**2>/<phi>**2
1.2192291     0.0089688881

Time = 25000
Temperature
1.0085362     0.0058204234

Pressure
23.180629     0.072331562 

CM Mom
-5.982646e-17  1.611267e-17  
1.0949819e-16  1.9195751e-17 
8.4248788e-17  1.5463302e-17 
1.5283248e-16  1.3279973e-17 

CM Pos
7.5068325      0.01274352    
7.5011525      0.011129665   
7.499233       0.012011047   
12.994563      0.0086860038  

Stress
20.1574      -0.0549536   -0.0168333    0.0726339    0.0616586    0.0560424   
-0.0549536   20.1644      -0.0421718    0.0616586    0.0939544    0.0644494   
-0.0168333   -0.0421718   20.1496       0.0560424    0.0644494    0.127011    

Stress Spherical
0            0            0             0            0            0           
0            0            0             0            0            0           
0            0            0             0            0            0           

Inertia
150.001      -56.3189     -56.3036      0.199511     0.154004     0.130008    
-56.3189     150.079      -56.2537      0.154004     0.235939     0.113123    
-56.3036     -56.2537     150.114       0.130008     0.113123     0.273216    

Bond Length
0.61886293    0.0026319253

BB bond length
0.61886293    0.0026319253

Water EE distance
0             0           

PEG EE distance
7.1491661     0.13079977  

BBB P2(x)
0.50670472    0.010732835 

BBB first bond length
0.61890882    0.0027158254

BBB second bond length
0.61888402    0.0027591484

BBB <phi**2>/<phi>**2
1.2280447     0.0076929633

Time = 26000
Temperature
1.0096682     0.0077221776

Pressure
23.210101     0.12393528  

CM Mom
-3.0564737e-17 2.3582075e-17 
1.073681e-16   1.6790904e-17 
5.97096e-17    1.6726912e-17 
1.3019115e-16  1.3980385e-17 

CM Pos
7.5046087      0.011078202   
7.5088615      0.012958158   
7.4993813      0.0095630283  
12.997814      0.0092834585  

Stress
20.1802      -0.016932    0.026275      0.156886     0.08156      0.0801443   
-0.016932    20.1756      -0.0173776    0.08156      0.115974     0.0559905   
0.026275     -0.0173776   20.1938       0.0801443    0.0559905    0.181781    

Stress Spherical
0            0            0             0            0            0           
0            0            0             0            0            0           
0            0            0             0            0            0           

Inertia
150.142      -56.3538     -56.2513      0.181188     0.157627     0.130984    
-56.3538     150.054      -56.3387      0.157627     0.169105     0.107872    
-56.2513     -56.3387     150.198       0.130984     0.107872     0.297245    

Bond Length
0.6179943     0.0026061897

BB bond length
0.6179943     0.0026061897

Water EE distance
0             0           

PEG EE distance
7.1066423     0.069963639 

BBB P2(x)
0.50837247    0.0088778296

BBB first bond length
0.61784797    0.0026081623

BBB second bond length
0.61787679    0.0026156592

BBB <phi**2>/<phi>**2
1.2283747     0.0083868554

Time = 27000
Temperature
1.0065208     0.0044091302

Pressure
23.222251     0.081021903 

CM Mom
-3.6813582e-18 1.3391545e-17 
5.9510171e-17  2.0877457e-17 
6.9823734e-17  1.3883122e-17 
9.4841386e-17  1.5601954e-17 

CM Pos
7.4966032      0.014525537   
7.502635       0.01168832    
7.4943408      0.015435875   
12.986686      0.017444063   

Stress
20.1841      -0.0148458   -0.0295344    0.10527      0.0542757    0.0584911   
-0.0148458   20.2095      -0.0580194    0.0542757    0.11178      0.0695435   
-0.0295344   -0.0580194   20.2208       0.0584911    0.0695435    0.0643385   

Stress Spherical
0            0            0             0            0            0           
0            0            0             0            0            0           
0            0            0             0            0            0           

Inertia
149.964      -56.2674     -56.1696      0.301188     0.15672      0.160465    
-56.2674     149.863      -56.2298      0.15672      0.303831     0.169573    
-56.1696     -56.2298     149.983       0.160465     0.169573     0.302256    

Bond Length
0.61767879    0.0019100669

BB bond length
0.61767879    0.0019100669

Water EE distance
0             0           

PEG EE distance
7.1158882     0.12078531  

BBB P2(x)
0.51393091    0.01072244  

BBB first bond length
0.61777108    0.0020605686

BBB second bond length
0.61773318    0.0018873396

BBB <phi**2>/<phi>**2
1.2253464     0.006890518 

Time = 28000
Temperature
1.0087363     0.0076447251

Pressure
23.233218     0.064758765 

CM Mom
-1.949858e-18  1.8218503e-17 
6.9908499e-17  2.9963328e-17 
1.1477059e-16  3.4554753e-17 
1.3680501e-16  4.2088306e-17 

CM Pos
7.4964549      0.017115728   
7.4998182      0.011201511   
7.4999743      0.0072763735  
12.988229      0.010157131   

Stress
20.2552      0.00519966   -0.0186435    0.0880742    0.0853926    0.0628483   
0.00519966   20.1803      0.033473      0.0853926    0.147028     0.0273849   
-0.0186435   0.033473     20.1918       0.0628483    0.0273849    0.0461606   

Stress Spherical
0            0            0             0            0            0           
