Time = 500
Temperature
   1.0395209    0.04148824

Pressure
   22.914228     0.1278611

CM Mom
1.6475481e-17  7.5717745e-18 
-1.0566442e-17 7.4945626e-18 
2.3992982e-17  2.7201437e-17 
3.9420104e-17  1.6069481e-17 

CM Pos
7.4984074      0.017716375   
7.483841       0.023114183   
7.4861053      0.014576486   
12.972148      0.014378778   

Stress
19.8153      -0.0155147   -0.0228274    0.117368     0.0860925    0.0884885   
-0.0155147   19.75        0.0437029     0.0860925    0.0960313    0.0782838   
-0.0228274   0.0437029    19.8337       0.0884885    0.0782838    0.0802619   

Stress Spherical
0            0            0             0            0            0           
0            0            0             0            0            0           
0            0            0             0            0            0           

Inertia
149.217      -56.1434     -56.1701      0.440022     0.261374     0.218493    
-56.1434     149.443      -56.0007      0.261374     0.228053     0.15081     
-56.1701     -56.0007     149.408       0.218493     0.15081      0.350882    

Bond Length
0.61497002    0.0048864849

BB bond length
0.61497002    0.0048864849

Water EE distance
0             0           

PEG EE distance
3.4975451     0.15730611  

Time = 1000
Temperature
1.0121877     0.0070623696

Pressure
22.814801     0.11446825  

CM Mom
1.8950207e-17  7.1762227e-18 
9.2961416e-18  5.8178796e-18 
3.9676859e-17  2.4537237e-17 
4.7684695e-17  2.0817623e-17 

CM Pos
7.4895071      0.012361155   
7.4826543      0.0082538139  
7.4893688      0.014166143   
12.968184      0.010411584   

Stress
19.7483      3.96259e-05  -0.0113259    0.187987     0.0833463    0.1179      
3.96259e-05  19.8078      0.00588858    0.0833463    0.0813732    0.0542433   
-0.0113259   0.00588858   19.7903       0.1179       0.0542433    0.101087    

Stress Spherical
0            0            0             0            0            0           
0            0            0             0            0            0           
0            0            0             0            0            0           

Inertia
149.294      -56.1506     -56.1764      0.178105     0.0625531    0.210872    
-56.1506     149.431      -55.9747      0.0625531    0.38403      0.153905    
-56.1764     -55.9747     149.356       0.210872     0.153905     0.131885    

Bond Length
0.61682663    0.0023267976

BB bond length
0.61682663    0.0023267976

Water EE distance
0             0           

PEG EE distance
3.8709084     0.044905807 

