Time = 500
Temperature
   1.0336618   0.038817607

Pressure
   23.601722    0.15906949

CM Mom
-6.2726943e-19 4.0740959e-18 
2.6093092e-17  3.0068e-17    
-2.0485501e-17 2.1577757e-17 
4.7255761e-17  1.5939706e-17 

CM Pos
7.4871545      0.024120974   
7.5136113      0.019034161   
7.4870936      0.023901555   
12.983442      0.012326045   

Stress
20.4141      0.0392665    -0.036222     0.0791426    0.0855094    0.0254254   
0.0392665    20.5419      -0.0281405    0.0855094    0.116381     0.0851236   
-0.036222    -0.0281405   20.5471       0.0254254    0.0851236    0.0756624   

Stress Spherical
0            0            0             0            0            0           
0            0            0             0            0            0           
0            0            0             0            0            0           

Inertia
149.86       -56.228      -56.0981      0.696458     0.136096     0.0930552   
-56.228      149.564      -56.2677      0.136096     0.22841      0.331384    
-56.0981     -56.2677     149.866       0.0930552    0.331384     0.209848    

Bond Length
0.61404348    0.0076293245

BB bond length
0.61404348    0.0076293245

Water EE distance
0             0           

PEG EE distance
3.552736      0.6466124   

Time = 1000
Temperature
1.019728      0.0096311826

Pressure
23.533766     0.035714887 

CM Mom
2.8598332e-17  1.1239571e-17 
2.6861826e-17  9.5235857e-18 
-4.7012308e-17 1.6425811e-17 
6.1792939e-17  2.0446174e-17 

CM Pos
7.4850802      0.010766042   
7.4893126      0.0061732517  
7.5016135      0.0096749275  
12.976539      0.010469763   

Stress
20.5203      0.0176349    0.0287572     0.112581     0.0574775    0.0486403   
0.0176349    20.4705      0.0553976     0.0574775    0.0383373    0.0453974   
0.0287572    0.0553976    20.4338       0.0486403    0.0453974    0.0720994   

Stress Spherical
0            0            0             0            0            0           
0            0            0             0            0            0           
0            0            0             0            0            0           

Inertia
149.72       -56.0726     -56.1751      0.159149     0.114842     0.162724    
-56.0726     149.681      -56.2103      0.114842     0.254953     0.135528    
-56.1751     -56.2103     149.481       0.162724     0.135528     0.152255    

Bond Length
0.61995128    0.0094226361

BB bond length
0.61995128    0.0094226361

Water EE distance
0             0           

PEG EE distance
3.5472501     0.4045706   

