Time = 500
Temperature
   1.0355058   0.035910774

Pressure
   21.453942    0.10773086

CM Mom
-1.013998e-16  2.2582055e-17 
-6.9240719e-18 1.6897644e-17 
-2.7019965e-17 2.9461402e-17 
1.1109629e-16  1.9519476e-17 

CM Pos
7.5036876      0.025565934   
7.4944762      0.016923608   
7.4857876      0.018158003   
12.981154      0.020916115   

Stress
18.4721      -0.022995    -0.00582322   0.0631435    0.0630727    0.0408193   
-0.022995    18.3416      0.0253772     0.0630727    0.110795     0.0478798   
-0.00582322  0.0253772    18.2405       0.0408193    0.0478798    0.0827314   

Stress Spherical
0            0            0             0            0            0           
0            0            0             0            0            0           
0            0            0             0            0            0           

Inertia
148.81       -56.1296     -56.1676      0.473225     0.178962     0.273004    
-56.1296     149.057      -56.1796      0.178962     0.921227     0.164216    
-56.1676     -56.1796     149.111       0.273004     0.164216     0.428351    

Bond Length
0.61499507    0.0034633484

BB bond length
0.61499507    0.0034633484

Water EE distance
0             0           

PEG EE distance
3.5822911     0.15614646  

Time = 1000
Temperature
1.0122344     0.0035947135

Pressure
21.401512     0.057667709 

CM Mom
-1.1605849e-16 1.6558435e-17 
2.9808698e-19  2.5724419e-17 
-2.3590043e-17 1.3078982e-17 
1.2181871e-16  1.7127232e-17 

CM Pos
7.5057644      0.026717426   
7.5057499      0.0088705991  
7.508335       0.010302861   
13.001859      0.021149512   

Stress
18.3328      0.0465278    0.00567118    0.0491104    0.0739974    0.0540131   
0.0465278    18.3843      0.0200831     0.0739974    0.124185     0.0722281   
0.00567118   0.0200831    18.389        0.0540131    0.0722281    0.0862118   

Stress Spherical
0            0            0             0            0            0           
0            0            0             0            0            0           
0            0            0             0            0            0           

Inertia
149.461      -56.2117     -56.3148      0.279304     0.211423     0.273659    
-56.2117     149.574      -56.3827      0.211423     0.624556     0.141676    
-56.3148     -56.3827     149.51        0.273659     0.141676     0.568754    

Bond Length
0.61140496    0.0029007894

BB bond length
0.61140496    0.0029007894

Water EE distance
0             0           

PEG EE distance
3.7948326     0.06845742  

