Time = 1000
Temperature
    1.112031    0.14709753

Pressure
   23.745029    0.74028079

CM Mom
-1.1027357e-16 1.7592618e-17 
3.2700456e-17  2.3260601e-17 
1.5266939e-16  2.2179555e-16 
2.5137064e-16  1.5295146e-16 

CM Pos
7.4921752      0.025733159   
7.4962047      0.014790704   
7.4955671      0.011762541   
12.98114       0.018081645   

Stress
20.3937      -0.0295479   -0.00577017   0.298281     0.0911406    0.0775419   
-0.0295479   20.383       -0.0185286    0.0911406    0.32193      0.0910423   
-0.00577017  -0.0185286   20.4659       0.0775419    0.0910423    0.364079    

Stress Spherical
0            0            0             0            0            0           
0            0            0             0            0            0           
0            0            0             0            0            0           

Inertia
149.99       -56.1622     -56.1956      1.39393      0.269897     0.21813     
-56.1622     149.954      -56.2119      0.269897     1.65638      0.145798    
-56.1956     -56.2119     149.933       0.21813      0.145798     1.70266     

Bond Length
0.61963146    0.0059516289

BB bond length
0.61963146    0.0059516289

Water EE distance
0             0           

PEG EE distance
7.0105836     0.2471261   

BBB P2(x)
0.47485672    0.058963856 

BBB first bond length
0.61954313    0.0061835524

BBB second bond length
0.61968893    0.0057831119

BBB <phi**2>/<phi>**2
1.2186968     0.013092118 

Time = 2000
Temperature
1.0093068     0.0086122916

Pressure
23.18535      0.05655204  

CM Mom
-9.6585093e-17 1.7872977e-17 
1.3343763e-17  1.8694713e-17 
1.888115e-17   5.3775347e-17 
1.1185837e-16  3.0193739e-17 

CM Pos
7.4969235      0.01268129    
7.5012497      0.008335882   
7.5058055      0.013457086   
12.992689      0.013441106   

Stress
20.1061      -0.00371345  0.0307447     0.0749408    0.0721812    0.0829937   
-0.00371345  20.2098      -0.0218794    0.0721812    0.116304     0.0783051   
0.0307447    -0.0218794   20.1707       0.0829937    0.0783051    0.0722354   

Stress Spherical
0            0            0             0            0            0           
0            0            0             0            0            0           
0            0            0             0            0            0           

Inertia
149.999      -56.2361     -56.2284      0.258183     0.107543     0.159271    
-56.2361     149.93       -56.3416      0.107543     0.306985     0.117161    
-56.2284     -56.3416     149.846       0.159271     0.117161     0.328016    

Bond Length
0.61790822    0.0022551189

BB bond length
0.61790822    0.0022551189

Water EE distance
0             0           

PEG EE distance
7.0387046     0.087349146 

BBB P2(x)
0.51293216    0.0066534548

BBB first bond length
0.61781384    0.0022787329

BBB second bond length
0.61815515    0.0022070848

BBB <phi**2>/<phi>**2
1.2286457     0.0064739332

