Time = 1000
Temperature
    1.058707    0.17778333

Pressure
   23.899709    0.58944824

CM Mom
-3.1863107e-17 2.0559832e-17 
-1.2092208e-17 2.3926681e-17 
-3.3580573e-17 2.238754e-17  
5.874135e-17   1.8302526e-17 

CM Pos
7.4979534      0.026947727   
7.5008138      0.013133408   
7.4995597      0.013428314   
12.989437      0.022606373   

Stress
20.7252      0.00411135   0.00187463    0.145412     0.0692218    0.0797907   
0.00411135   20.7096      -0.000394182  0.0692218    0.127047     0.0690419   
0.00187463   -0.000394182 20.7369       0.0797907    0.0690419    0.128594    

Stress Spherical
0            0            0             0            0            0           
0            0            0             0            0            0           
0            0            0             0            0            0           

Inertia
150.01       -56.2367     -56.2237      0.270193     0.265341     0.263688    
-56.2367     149.963      -56.2579      0.265341     0.453697     0.168838    
-56.2237     -56.2579     149.986       0.263688     0.168838     0.451707    

Bond Length
0.57220819    0.027106526 

BB bond length
0.57220819    0.027106526 

Water EE distance
0             0           

PEG EE distance
2.5378173     0.46696297  

Time = 2000
Temperature
1.014391      0.007838361 

Pressure
23.753911     0.085573327 

CM Mom
-4.1444113e-17 2.1952356e-17 
-7.6387188e-18 2.1787183e-17 
-1.5503277e-17 1.8235531e-17 
5.4641802e-17  1.7880479e-17 

CM Pos
7.5008426      0.013059681   
7.4995544      0.01228743    
7.4995449      0.014682326   
12.990359      0.015605427   

Stress
20.7161      0.00312795   -0.00205878   0.110825     0.0714592    0.0753953   
0.00312795   20.7053      0.00382999    0.0714592    0.114904     0.0636771   
-0.00205878  0.00382999   20.7117       0.0753953    0.0636771    0.126149    

Stress Spherical
0            0            0             0            0            0           
0            0            0             0            0            0           
0            0            0             0            0            0           

Inertia
149.979      -56.2442     -56.2618      0.307391     0.153413     0.186534    
-56.2442     149.996      -56.2493      0.153413     0.364854     0.155297    
-56.2618     -56.2493     149.999       0.186534     0.155297     0.286012    

Bond Length
0.56695961    0.021694284 

BB bond length
0.56695961    0.021694284 

Water EE distance
0             0           

PEG EE distance
1.9254017     0.54192398  

Time = 3000
Temperature
1.0085722     0.0081119627

Pressure
23.728899     0.091040202 

CM Mom
-6.2901515e-17 2.2550625e-17 
-1.4582445e-17 1.8421925e-17 
-2.0493589e-18 1.9500479e-17 
7.0842562e-17  1.9569015e-17 

CM Pos
7.5005462      0.012018358   
7.4991247      0.012271278   
7.4982855      0.012944332   
12.989214      0.011345593   

Stress
20.7147      -0.0127653   0.00830336    0.109474     0.0778801    0.0713631   
-0.0127653   20.6894      0.000452624   0.0778801    0.107983     0.0723817   
0.00830336   0.000452624  20.7063       0.0713631    0.0723817    0.127355    

Stress Spherical
0            0            0             0            0            0           
0            0            0             0            0            0           
0            0            0             0            0            0           

Inertia
149.966      -56.2494     -56.2553      0.276647     0.144139     0.147793    
-56.2494     149.978      -56.2276      0.144139     0.277367     0.144814    
-56.2553     -56.2276     150.003       0.147793     0.144814     0.271094    

Bond Length
0.56612621    0.024350178 

BB bond length
0.56612621    0.024350178 

Water EE distance
0             0           

PEG EE distance
2.2203762     0.73216264  

