Time = 500
Temperature
   1.0356644   0.046817045

Pressure
   23.016604    0.19537352

CM Mom
-1.1129681e-17 1.3230455e-17 
-6.7466555e-17 2.0533876e-17 
1.4127316e-17  2.0831191e-17 
7.3554542e-17  2.2260723e-17 

CM Pos
7.4980618      0.013960982   
7.5101374      0.016450499   
7.5156716      0.026812162   
13.004199      0.019885686   

Stress
19.9132      0.0179734    0.0260666     0.128254     0.0909266    0.0327183   
0.0179734    19.9199      -0.0254581    0.0909266    0.11263      0.0986989   
0.0260666    -0.0254581   19.9086       0.0327183    0.0986989    0.0752263   

Stress Spherical
0            0            0             0            0            0           
0            0            0             0            0            0           
0            0            0             0            0            0           

Inertia
150.06       -56.3433     -56.3674      0.400213     0.18451      0.261176    
-56.3433     149.951      -56.4648      0.18451      0.524411     0.224675    
-56.3674     -56.4648     149.784       0.261176     0.224675     0.288113    

Bond Length
0.61444304    0.0041704865

BB bond length
0.61444304    0.0041704865

Water EE distance
0             0           

PEG EE distance
3.3689786     0.20234573  

Time = 1000
Temperature
1.0131918     0.0058634403

Pressure
22.929083     0.047870038 

CM Mom
-1.5163861e-18 1.0390881e-17 
-9.3503157e-17 1.8505554e-17 
-1.0311096e-17 1.5203455e-17 
9.6089026e-17  1.7318445e-17 

CM Pos
7.4959849      0.012539143   
7.4970823      0.018802864   
7.5038034      0.023636174   
12.98859       0.026154817   

Stress
19.9253      -0.046386    0.0693422     0.084098     0.0636784    0.0784991   
-0.046386    19.8583      0.0396945     0.0636784    0.0672952    0.086546    
0.0693422    0.0396945    19.8975       0.0784991    0.086546     0.0714224   

Stress Spherical
0            0            0             0            0            0           
0            0            0             0            0            0           
0            0            0             0            0            0           

Inertia
149.789      -56.2622     -56.2338      0.516556     0.202327     0.294277    
-56.2622     149.817      -56.3068      0.202327     0.489171     0.306326    
-56.2338     -56.3068     149.564       0.294277     0.306326     0.37104     

Bond Length
0.61184733    0.003903114 

BB bond length
0.61184733    0.003903114 

Water EE distance
0             0           

PEG EE distance
3.3237432     0.16555045  

