Time = 1000
Temperature
    1.048128   0.063778282

Pressure
   23.605025    0.32825845

CM Mom
-2.7028193e-17 1.7760214e-17 
3.831999e-17   4.4501011e-17 
4.0664526e-17  6.3092072e-17 
9.4012495e-17  3.5924562e-17 

CM Pos
7.4943491      0.019182548   
7.5003283      0.01783874    
7.497164       0.026718181   
12.985715      0.016443871   

Stress
20.4816      -0.00562997  -0.0162658    0.178868     0.090656     0.0904962   
-0.00562997  20.4544      -0.00316483   0.090656     0.151845     0.0854802   
-0.0162658   -0.00316483  20.4599       0.0904962    0.0854802    0.206204    

Stress Spherical
0            0            0             0            0            0           
0            0            0             0            0            0           
0            0            0             0            0            0           

Inertia
149.998      -56.2024     -56.1522      0.415959     0.181275     0.241391    
-56.2024     149.899      -56.1972      0.181275     0.509929     0.267021    
-56.1522     -56.1972     149.989       0.241391     0.267021     0.986911    

Bond Length
0.61844562    0.0028907635

BB bond length
0.61844562    0.0028907635

Water EE distance
0             0           

PEG EE distance
5.7599692     0.45451568  

BBB P2(x)
0.47028       0.04988951  

BBB first bond length
0.61889105    0.0027786612

BBB second bond length
0.61867388    0.0031128032

BBB <phi**2>/<phi>**2
1.2222942     0.014944326 

Time = 2000
Temperature
1.0109698     0.0089909203

Pressure
23.381404     0.079950021 

CM Mom
-2.3233146e-17 1.5687594e-17 
2.4516602e-17  1.9668014e-17 
-5.0047888e-19 1.8122944e-17 
4.512986e-17   8.109351e-18  

CM Pos
7.4977615      0.0082193703  
7.4997348      0.01599624    
7.5008732      0.0084504634  
12.98945       0.01121791    

Stress
20.3161      0.00346711   -0.0279286    0.101951     0.09117      0.0464876   
0.00346711   20.3627      0.01021       0.09117      0.112229     0.0557697   
-0.0279286   0.01021      20.3801       0.0464876    0.0557697    0.117869    

Stress Spherical
0            0            0             0            0            0           
0            0            0             0            0            0           
0            0            0             0            0            0           

Inertia
149.928      -56.2243     -56.2682      0.339617     0.180002     0.113115    
-56.2243     149.92       -56.2314      0.180002     0.188216     0.13197     
-56.2682     -56.2314     149.867       0.113115     0.13197      0.35635     

Bond Length
0.6194766     0.0013953186

BB bond length
0.6194766     0.0013953186

Water EE distance
0             0           

PEG EE distance
6.2811082     0.15838064  

BBB P2(x)
0.51637071    0.014214906 

BBB first bond length
0.619365      0.0013103157

BBB second bond length
0.61956038    0.0017378889

BBB <phi**2>/<phi>**2
1.2266161     0.0080145073

