Time = 1000
Temperature
   1.9877177     1.9266671

Pressure
   29.076269     1.1991598

CM Mom
-1.5717902e-17 4.441082e-17  
6.1204098e-17  5.4797406e-17 
-1.4553977e-16 8.0931549e-16 
6.4166806e-16  5.2288006e-16 

CM Pos
9.9971833      0.056006267   
9.9969621      0.02040969    
9.9948854      0.047103754   
17.314335      0.01550713    

Stress
23.2093      0.10902      0.0322609     4.53508      0.266183     0.13429     
0.10902      22.971       -0.0287029    0.266183     4.91428      0.0506984   
0.0322609    -0.0287029   23.165        0.13429      0.0506984    4.6159      

Stress Spherical
0            0            0             0            0            0           
0            0            0             0            0            0           
0            0            0             0            0            0           

Inertia
267.377      -99.9752     -99.9073      2.66734      0.738173     0.0968442   
-99.9752     267.405      -99.884       0.738173     2.04855      0.581332    
-99.9073     -99.884      267.541       0.0968442    0.581332     0.928652    

Bond Length
0.62714154    0.060777012 

BB bond length
0.62714154    0.060777012 

Water EE distance
0             0           

PEG EE distance
9.977648      0.11814417  

BBB P2(x)
0.16781418    0.044092693 

BBB first bond length
0.62769329    0.061601309 

BBB second bond length
0.62761331    0.061228805 

BBB <phi**2>/<phi>**2
1.146436      0.017626296 

Time = 2000
Temperature
1.0206459     0.0089377434

Pressure
28.148158     0.049246787 

CM Mom
-1.6918384e-17 1.837082e-17  
6.0113172e-17  2.7052981e-17 
-2.6495515e-17 1.2017223e-16 
1.3627969e-16  3.9247918e-17 

CM Pos
9.9932653      0.014995968   
10.003464      0.0066772205  
9.996636       0.0087968696  
17.316688      0.0067763584  

Stress
25.0879      0.00653644   -0.02819      0.0877334    0.0546552    0.0541168   
0.00653644   25.0519      -0.0244552    0.0546552    0.0779874    0.0522964   
-0.02819     -0.0244552   25.1219       0.0541168    0.0522964    0.0948142   

Stress Spherical
0            0            0             0            0            0           
0            0            0             0            0            0           
0            0            0             0            0            0           

Inertia
266.916      -100.006     -99.9011      0.158726     0.154909     0.143259    
-100.006     266.708      -100.006      0.154909     0.209007     0.065241    
-99.9011     -100.006     266.835       0.143259     0.065241     0.440673    

Bond Length
0.59718555    0.00060263542

BB bond length
0.59718555    0.00060263542

Water EE distance
0             0           

PEG EE distance
9.7475845     0.099296071 

BBB P2(x)
0.10838832    0.0073702988

BBB first bond length
0.59733109    0.00063688692

BBB second bond length
0.5973111     0.00059304808

BBB <phi**2>/<phi>**2
1.128328      0.0017878095

Time = 3000
Temperature
1.0116514     0.0069740901

Pressure
28.153663     0.067738609 

CM Mom
-2.8885141e-17 1.7216644e-17 
9.29629e-17    9.4690064e-18 
-2.846381e-17  4.2794284e-17 
1.1062437e-16  1.6319173e-17 

CM Pos
10.001685      0.0096338914  
10.004715      0.0074003832  
9.9960525      0.0076242392  
17.321929      0.0069411326  

Stress
25.1157      -0.026144    -0.031962     0.0830221    0.0572888    0.0735657   
-0.026144    25.1055      -0.00353904   0.0572888    0.0938489    0.0512885   
-0.031962    -0.00353904  25.1379       0.0735657    0.0512885    0.0941502   

Stress Spherical
0            0            0             0            0            0           
0            0            0             0            0            0           
0            0            0             0            0            0           

Inertia
266.761      -100.091     -99.9888      0.184944     0.125264     0.0984626   
-100.091     266.753      -99.9794      0.125264     0.192068     0.133478    
-99.9888     -99.9794     266.876       0.0984626    0.133478     0.195383    

Bond Length
0.59685833    0.00057545592

BB bond length
0.59685833    0.00057545592

Water EE distance
0             0           

PEG EE distance
9.3816228     0.099328308 

BBB P2(x)
0.08963797    0.0054284843

BBB first bond length
0.59705473    0.0005777487

BBB second bond length
0.59697369    0.00061068044

BBB <phi**2>/<phi>**2
1.1231315     0.002177835 

Time = 4000
Temperature
1.0117551     0.0070710582

Pressure
28.191326     0.05690604  

CM Mom
-2.9205131e-17 1.6194487e-17 
1.1759123e-16  1.9538502e-17 
-4.4356399e-17 1.4009615e-17 
1.3056521e-16  2.100325e-17  

CM Pos
10.005436      0.0088461036  
10.001547      0.016790387   
10.002221      0.013093004   
17.325833      0.012854435   

Stress
25.1584      -0.00272965  0.0173476     0.110219     0.0690914    0.048358    
-0.00272965  25.122       -0.0276576    0.0690914    0.0419089    0.0577728   
0.0173476    -0.0276576   25.1908       0.048358     0.0577728    0.0945606   

Stress Spherical
0            0            0             0            0            0           
0            0            0             0            0            0           
0            0            0             0            0            0           

Inertia
266.788      -100.059     -100.072      0.43774      0.172769     0.163731    
-100.059     266.896      -100.016      0.172769     0.235346     0.257112    
-100.072     -100.016     266.828       0.163731     0.257112     0.22948     

Bond Length
0.59655376    0.00063280409

BB bond length
0.59655376    0.00063280409

Water EE distance
0             0           

PEG EE distance
9.0849219     0.080652894 

BBB P2(x)
0.082029527   0.0042689555

BBB first bond length
0.59664482    0.00066025182

BBB second bond length
0.5967131     0.00069627466

BBB <phi**2>/<phi>**2
1.1210941     0.0017956433

Time = 5000
Temperature
1.0125422     0.0044245742

Pressure
28.215376     0.047479253 

CM Mom
2.9974448e-18  2.6878145e-17 
9.4758127e-17  1.8718997e-17 
-4.7589961e-17 2.113326e-17  
1.1186608e-16  1.6072437e-17 

CM Pos
10.008854      0.0082876216  
10.003548      0.0081340123  
9.9973029      0.0095046301  
17.326117      0.0088333404  

Stress
25.1625      -0.0199212   0.0135333     0.0671292    0.0586431    0.0588648   
-0.0199212   25.1485      -0.0010564    0.0586431    0.0845265    0.0438953   
0.0135333    -0.0010564   25.2252       0.0588648    0.0438953    0.0779613   

Stress Spherical
0            0            0             0            0            0           
0            0            0             0            0            0           
0            0            0             0            0            0           

Inertia
266.707      -100.087     -100.069      0.246982     0.163098     0.135707    
-100.087     266.846      -99.9772      0.163098     0.325933     0.151272    
-100.069     -99.9772     266.925       0.135707     0.151272     0.300072    

Bond Length
0.59647452    0.00052197491

BB bond length
0.59647452    0.00052197491

Water EE distance
0             0           

PEG EE distance
8.6599014     0.13473534  

BBB P2(x)
0.077521199   0.0053125847

BBB first bond length
0.59654848    0.00053090923

BBB second bond length
0.59661832    0.00053787495

BBB <phi**2>/<phi>**2
1.1197339     0.0020136957

Time = 6000
Temperature
1.0089552     0.0038805968

Pressure
28.207569     0.05611243  

CM Mom
-1.0482149e-17 2.9229686e-17 
1.0210031e-16  2.7019576e-17 
-6.2053818e-17 8.8786226e-18 
1.2422235e-16  2.4841373e-17 

CM Pos
9.9965998      0.0093129707  
10.001047      0.0095995678  
10.006639      0.0095104773  
17.322989      0.010387636   

Stress
25.1906      0.0350629    0.00582124    0.0722248    0.0752826    0.0456065   
0.0350629    25.1373      -0.0310063    0.0752826    0.0818636    0.080513    
0.00582124   -0.0310063   25.2172       0.0456065    0.080513     0.117286    

Stress Spherical
0            0            0             0            0            0           
0            0            0             0            0            0           
0            0            0             0            0            0           

Inertia
266.801      -99.936      -100.003      0.287162     0.150956     0.149403    
-99.936      266.777      -100.099      0.150956     0.392159     0.147602    
-100.003     -100.099     266.646       0.149403     0.147602     0.300404    

Bond Length
0.59659994    0.00044490679

BB bond length
0.59659994    0.00044490679

Water EE distance
0             0           

PEG EE distance
8.3563025     0.0878943   

BBB P2(x)
0.075046952   0.0041396197

BBB first bond length
0.59677258    0.00045682117

BBB second bond length
0.59665574    0.00042972031

BBB <phi**2>/<phi>**2
1.1191028     0.0015921517

Time = 7000
Temperature
1.0111936     0.0038284255

Pressure
28.170434     0.042826694 

CM Mom
-4.7940607e-19 1.7726008e-17 
1.287155e-16   1.5190215e-17 
-6.2837365e-17 1.535979e-17  
1.4473966e-16  1.8648126e-17 

CM Pos
9.9923483      0.0064485094  
10.000297      0.011671748   
9.9942185      0.0061715385  
17.312928      0.0098695631  

Stress
25.1129      -0.0111596   0.0332413     0.0990332    0.0520214    0.0561386   
-0.0111596   25.1379      -0.0121357    0.0520214    0.0659673    0.0609447   
0.0332413    -0.0121357   25.1628       0.0561386    0.0609447    0.0632146   

Stress Spherical
0            0            0             0            0            0           
0            0            0             0            0            0           
0            0            0             0            0            0           

Inertia
266.571      -99.9108     -99.8317      0.260445     0.183206     0.0933134   
-99.9108     266.4        -99.9114      0.183206     0.159877     0.160919    
-99.8317     -99.9114     266.523       0.0933134    0.160919     0.256315    

Bond Length
0.59631494    0.00072555128

BB bond length
0.59631494    0.00072555128

Water EE distance
0             0           

PEG EE distance
8.1019151     0.060237388 

BBB P2(x)
0.072036721   0.0020500866

BBB first bond length
0.5964612     0.00079730068

BBB second bond length
0.5963826     0.00071410379

BBB <phi**2>/<phi>**2
1.1180175     0.0018804834

Time = 8000
Temperature
1.0100331     0.0036615288

Pressure
28.192478     0.057004804 

CM Mom
-1.7820972e-18 1.7387616e-17 
1.4105367e-16  1.552349e-17  
-8.8139455e-17 2.3278302e-17 
1.6873674e-16  1.6762374e-17 

CM Pos
9.9914314      0.0029648915  
10.003298      0.011777248   
10.001888      0.0087211032  
17.318562      0.0072012208  

Stress
25.1834      -0.00481848  0.0127053     0.0621831    0.0384091    0.0766714   
-0.00481848  25.1337      -0.0106373    0.0384091    0.0928242    0.0496492   
0.0127053    -0.0106373   25.1731       0.0766714    0.0496492    0.0699801   

Stress Spherical
0            0            0             0            0            0           
0            0            0             0            0            0           
0            0            0             0            0            0           

Inertia
266.817      -99.9523     -99.9367      0.266854     0.114687     0.145042    
-99.9523     266.535      -100.097      0.114687     0.184275     0.161231    
-99.9367     -100.097     266.55        0.145042     0.161231     0.189917    

Bond Length
0.59651918    0.0004475746

BB bond length
0.59651918    0.0004475746

Water EE distance
0             0           

PEG EE distance
7.9775067     0.041865484 

BBB P2(x)
0.06902263    0.0043125642

BBB first bond length
0.59666258    0.00042662266

BBB second bond length
0.59662404    0.00047003405

BBB <phi**2>/<phi>**2
1.1175717     0.0022205182

Time = 9000
Temperature
1.0117541     0.0044479376

Pressure
28.197995     0.078170065 

CM Mom
1.3742087e-17  2.1189085e-17 
1.3128328e-16  1.8292698e-17 
-1.0994595e-16 3.9553987e-17 
1.7581681e-16  3.0802995e-17 

CM Pos
9.9946825      0.010940333   
9.9973789      0.0070285834  
10.005222      0.0046450923  
17.318945      0.0074384624  

Stress
25.1893      0.0195913    0.000343192   0.135467     0.0828283    0.0454978   
0.0195913    25.1291      -0.0176791    0.0828283    0.0566475    0.0686684   
0.000343192  -0.0176791   25.1729       0.0454978    0.0686684    0.10353     

Stress Spherical
0            0            0             0            0            0           
0            0            0             0            0            0           
0            0            0             0            0            0           

Inertia
266.711      -99.8932     -100.041      0.200373     0.153016     0.100215    
-99.8932     266.634      -100.036      0.153016     0.223272     0.0770546   
-100.041     -100.036     266.46        0.100215     0.0770546    0.311925    

Bond Length
0.59650712    0.00069655783

BB bond length
0.59650712    0.00069655783

Water EE distance
0             0           

PEG EE distance
7.8370519     0.045510232 

BBB P2(x)
0.065102723   0.0020709946

BBB first bond length
0.59659943    0.00069670359

BBB second bond length
0.59657119    0.00070814871

BBB <phi**2>/<phi>**2
1.1160808     0.00079999041

Time = 10000
Temperature
1.0129342     0.0044694836

Pressure
28.198513     0.09320595  

CM Mom
2.7014833e-17  1.3467333e-17 
1.3168986e-16  1.5462799e-17 
-9.2981757e-17 3.1105141e-17 
1.6614072e-16  2.2425155e-17 

CM Pos
9.9965998      0.009335329   
9.9955449      0.012431991   
9.9953856      0.008735434   
17.313316      0.0078416467  

Stress
25.1299      0.0512911    0.00794044    0.106265     0.0606575    0.0550773   
0.0512911    25.1454      0.0443119     0.0606575    0.108019     0.0448553   
0.00794044   0.0443119    25.2069       0.0550773    0.0448553    0.126414    

Stress Spherical
0            0            0             0            0            0           
0            0            0             0            0            0           
0            0            0             0            0            0           

Inertia
266.493      -99.9083     -99.9606      0.277409     0.16148      0.0954958   
-99.9083     266.502      -99.9545      0.16148      0.210696     0.175152    
-99.9606     -99.9545     266.478       0.0954958    0.175152     0.259348    

Bond Length
0.59658587    0.00060677741

BB bond length
0.59658587    0.00060677741

Water EE distance
0             0           

PEG EE distance
7.5537941     0.08705996  

BBB P2(x)
0.06367464    0.0028697597

BBB first bond length
0.59671353    0.00060231359

BBB second bond length
0.59667547    0.0006372103

BBB <phi**2>/<phi>**2
1.1164093     0.0014013488

Time = 11000
Temperature
1.0120755     0.006376595 

Pressure
28.241094     0.027725498 

CM Mom
2.6405742e-17  2.1144548e-17 
1.3549e-16     2.3668079e-17 
-1.0632403e-16 2.0144848e-17 
1.762984e-16   2.629756e-17  

CM Pos
9.9942656      0.0088335258  
10.008549      0.0070837335  
9.994552       0.010045274   
17.318997      0.0064479239  

Stress
25.2285      -0.00381962  0.00689777    0.0869083    0.0603761    0.0540377   
-0.00381962  25.1665      -0.0139867    0.0603761    0.0803467    0.060292    
0.00689777   -0.0139867   25.2227       0.0540377    0.060292     0.0657607   

Stress Spherical
0            0            0             0            0            0           
0            0            0             0            0            0           
0            0            0             0            0            0           

Inertia
266.712      -99.9971     -99.8557      0.251095     0.0886337    0.136938    
-99.9971     266.41       -100.038      0.0886337    0.223227     0.13952     
-99.8557     -100.038     266.679       0.136938     0.13952      0.214158    

Bond Length
0.59656772    0.00048834256

BB bond length
0.59656772    0.00048834256

Water EE distance
0             0           

PEG EE distance
7.2889965     0.072150235 

BBB P2(x)
0.063106722   0.0031675316

BBB first bond length
0.5967054     0.00050334977

BBB second bond length
0.59665998    0.00049368301

BBB <phi**2>/<phi>**2
1.1154459     0.00086755105

Time = 12000
Temperature
1.0118323     0.005189592 

Pressure
28.234831     0.059131171 

CM Mom
-8.313253e-19  1.5520925e-17 
1.2341467e-16  2.6653653e-17 
-9.1540878e-17 1.6912137e-17 
1.5518083e-16  2.771012e-17  

CM Pos
10.003519      0.0080735579  
10.002714      0.007943838   
9.9985533      0.01560546    
17.323281      0.0075122249  

Stress
25.1838      -0.000237162 -0.029242     0.052699     0.077176     0.0560428   
-0.000237162 25.1758      0.0230829     0.077176     0.0990538    0.0641109   
-0.029242    0.0230829    25.2414       0.0560428    0.0641109    0.138678    

Stress Spherical
0            0            0             0            0            0           
0            0            0             0            0            0           
0            0            0             0            0            0           

Inertia
266.651      -100.09      -100.062      0.315485     0.163902     0.123324    
-100.09      266.674      -100.031      0.163902     0.257301     0.152182    
-100.062     -100.031     266.725       0.123324     0.152182     0.293314    

Bond Length
0.5964868     0.00041425671

BB bond length
0.5964868     0.00041425671

Water EE distance
0             0           

PEG EE distance
7.1761955     0.063115506 

BBB P2(x)
0.059813318   0.0032226331

BBB first bond length
0.59657654    0.00040981951

BBB second bond length
0.59655953    0.00039024274

BBB <phi**2>/<phi>**2
1.1143014     0.0015493836

Time = 13000
Temperature
1.0145609     0.0029877312

Pressure
28.233499     0.045494741 

CM Mom
-1.6393455e-17 2.1627493e-17 
1.1834019e-16  2.0302954e-17 
-6.8966682e-17 2.184565e-17  
1.4183173e-16  1.644688e-17  

CM Pos
10.002102      0.01054477    
9.9988794      0.0048614616  
10.003388      0.010990082   
17.323037      0.0070789878  

Stress
25.1951      0.000639854  0.00888091    0.0829887    0.060516     0.0708841   
0.000639854  25.1919      -0.0211982    0.060516     0.0713527    0.0779941   
0.00888091   -0.0211982   25.1855       0.0708841    0.0779941    0.103913    

Stress Spherical
0            0            0             0            0            0           
0            0            0             0            0            0           
0            0            0             0            0            0           

Inertia
266.7        -99.9956     -100.096      0.205316     0.131386     0.124292    
-99.9956     266.762      -100.006      0.131386     0.288742     0.139944    
-100.096     -100.006     266.656       0.124292     0.139944     0.250989    

Bond Length
0.5964014     0.0007364335

BB bond length
0.5964014     0.0007364335

Water EE distance
0             0           

PEG EE distance
6.9473251     0.076733492 

BBB P2(x)
0.06098612    0.0025743495

BBB first bond length
0.59649974    0.00071978561

BBB second bond length
0.59655408    0.00076767207

BBB <phi**2>/<phi>**2
1.1152208     0.00090317584

Time = 14000
Temperature
1.0108798     0.0058178869

Pressure
28.209416     0.055598462 

CM Mom
-1.680744e-17  1.2644634e-17 
1.1324748e-16  2.2176546e-17 
-9.0191323e-17 2.3840132e-17 
1.4887448e-16  1.7273764e-17 

CM Pos
9.9958495      0.0063682658  
9.9966286      0.013085306   
10.002305      0.012392521   
17.317502      0.012699785   

Stress
25.2458      -0.00788902  0.0109389     0.0467654    0.0619547    0.0689631   
-0.00788902  25.1327      0.0226        0.0619547    0.0763913    0.0462554   
0.0109389    0.0226       25.1549       0.0689631    0.0462554    0.0759803   

Stress Spherical
0            0            0             0            0            0           
0            0            0             0            0            0           
0            0            0             0            0            0           

Inertia
266.636      -99.9414     -99.9276      0.350043     0.19667      0.197373    
-99.9414     266.644      -99.9872      0.19667      0.285604     0.222156    
-99.9276     -99.9872     266.532       0.197373     0.222156     0.31402     

Bond Length
0.59629503    0.00043328223

BB bond length
0.59629503    0.00043328223

Water EE distance
0             0           

PEG EE distance
6.7938057     0.046291629 

BBB P2(x)
0.057785372   0.0033935773

BBB first bond length
0.59644298    0.00048883449

BBB second bond length
0.59638916    0.00043162748

BBB <phi**2>/<phi>**2
1.1144145     0.0015794943

Time = 15000
Temperature
1.0126428     0.0049031031

Pressure
28.223893     0.070195904 

CM Mom
-2.9861538e-17 9.9231228e-18 
1.1960603e-16  1.911028e-17  
-7.9889251e-17 1.4334267e-17 
1.480557e-16   1.8117869e-17 

CM Pos
9.9935154      0.0060573198  
10.001464      0.011940153   
9.9979698      0.0084585868  
17.316441      0.011492621   

Stress
25.1713      0.0212009    -0.0020516    0.106935     0.0456004    0.0617079   
0.0212009    25.2169      0.00445566    0.0456004    0.0738675    0.068329    
-0.0020516   0.00445566   25.1727       0.0617079    0.068329     0.121242    

Stress Spherical
0            0            0             0            0            0           
0            0            0             0            0            0           
0            0            0             0            0            0           

Inertia
266.662      -100.003     -99.883       0.338927     0.160776     0.1209      
-100.003     266.49       -100.005      0.160776     0.267251     0.160393    
-99.883      -100.005     266.592       0.1209       0.160393     0.287783    

Bond Length
0.59622958    0.00058415622

BB bond length
0.59622958    0.00058415622

Water EE distance
0             0           

PEG EE distance
6.6985741     0.046695923 

BBB P2(x)
0.059519646   0.0021519571

BBB first bond length
0.59634349    0.00055997216

BBB second bond length
0.59640408    0.00056481993

BBB <phi**2>/<phi>**2
1.1146655     0.0012899101

Time = 16000
Temperature
1.0106221     0.0037811691

Pressure
28.22679      0.053925506 

CM Mom
-2.5079393e-17 1.7089372e-17 
1.4373436e-16  3.5073874e-17 
-8.8490043e-17 1.3823105e-17 
1.7412369e-16  2.265549e-17  

CM Pos
10.000518      0.0087445776  
10.00955       0.013401451   
10.012891      0.010669246   
17.333772      0.011786728   

Stress
25.2049      0.00457055   0.0106936     0.113652     0.0560464    0.0699324   
0.00457055   25.1992      0.00906686    0.0560464    0.0753272    0.0678229   
0.0106936    0.00906686   25.1836       0.0699324    0.0678229    0.100838    

Stress Spherical
0            0            0             0            0            0           
0            0            0             0            0            0           
0            0            0             0            0            0           

Inertia
267.078      -100.115     -100.147      0.335433     0.192132     0.155375    
-100.115     266.935      -100.216      0.192132     0.306598     0.205256    
-100.147     -100.216     266.906       0.155375     0.205256     0.355811    

Bond Length
0.59640268    0.00033905994

BB bond length
0.59640268    0.00033905994

Water EE distance
0             0           

PEG EE distance
6.6707851     0.083975427 

BBB P2(x)
0.056207844   0.0024233662

BBB first bond length
0.5965282     0.00034387929

BBB second bond length
0.59654013    0.00033976609

BBB <phi**2>/<phi>**2
1.1131386     0.00099672929

Time = 17000
Temperature
1.0111091     0.0049720031

Pressure
28.220808     0.087865342 

CM Mom
-5.0670006e-17 1.6384986e-17 
1.3415631e-16  2.2859242e-17 
-7.3423979e-17 1.2164815e-17 
1.6311551e-16  1.6993297e-17 

CM Pos
10.001268      0.0080739882  
10.001797      0.0081914762  
10.004639      0.0080373263  
17.32496       0.0084204934  

Stress
25.1496      0.00169543   0.0109848     0.101011     0.0595142    0.0414767   
0.00169543   25.2088      -0.0251284    0.0595142    0.134224     0.0589503   
0.0109848    -0.0251284   25.207        0.0414767    0.0589503    0.099573    

Stress Spherical
0            0            0             0            0            0           
0            0            0             0            0            0           
0            0            0             0            0            0           

Inertia
266.777      -100.028     -100.059      0.229238     0.155356     0.132941    
-100.028     266.783      -100.041      0.155356     0.222029     0.117363    
-100.059     -100.041     266.757       0.132941     0.117363     0.246239    

Bond Length
0.59640759    0.00053192057

BB bond length
0.59640759    0.00053192057

Water EE distance
0             0           

PEG EE distance
6.5088007     0.031621251 

BBB P2(x)
0.058555666   0.0029965559

BBB first bond length
0.59652318    0.00052348122

BBB second bond length
0.59653313    0.00055667426

BBB <phi**2>/<phi>**2
1.1151417     0.0015607384

Time = 18000
Temperature
1.0126343     0.0028765767

Pressure
28.199859     0.04956809  

CM Mom
-5.0841454e-17 2.2784416e-17 
1.4699257e-16  1.750813e-17  
-5.771993e-17  1.7409444e-17 
1.6846984e-16  1.6429326e-17 

CM Pos
10.001601      0.0099967328  
9.9979624      0.006470026   
10.000554      0.012321947   
17.320581      0.010887282   

Stress
25.1668      0.0157788    -0.0438723    0.0711389    0.0587779    0.0575633   
0.0157788    25.1473      -0.0262155    0.0587779    0.0887945    0.0565124   
-0.0438723   -0.0262155   25.1748       0.0575633    0.0565124    0.0701926   

Stress Spherical
0            0            0             0            0            0           
0            0            0             0            0            0           
0            0            0             0            0            0           

Inertia
266.683      -99.9843     -100.036      0.341823     0.105811     0.216249    
-99.9843     266.724      -100.02       0.105811     0.399194     0.173279    
-100.036     -100.02      266.667       0.216249     0.173279     0.189156    

Bond Length
0.59657225    0.0004109333

BB bond length
0.59657225    0.0004109333

Water EE distance
0             0           

PEG EE distance
6.4774909     0.029954242 

BBB P2(x)
0.056409726   0.0021392903

BBB first bond length
0.59676625    0.00046861381

BBB second bond length
0.59668016    0.00044240474

BBB <phi**2>/<phi>**2
1.1138463     0.0014928565

Time = 19000
Temperature
1.0104384     0.0056471598

Pressure
28.206531     0.068595594 

CM Mom
-8.1907928e-17 2.2578763e-17 
1.368731e-16   1.3185483e-17 
-5.2708523e-17 1.2043449e-17 
1.6987719e-16  1.3848577e-17 

CM Pos
10.004936      0.0077669127  
9.9995463      0.0087529176  
10.001721      0.0080308392  
17.324093      0.0089744423  

Stress
25.1783      -0.00699068  -0.0199792    0.0825965    0.0804423    0.0609836   
-0.00699068  25.1419      0.00681108    0.0804423    0.0812699    0.0447096   
-0.0199792   0.00681108   25.2085       0.0609836    0.0447096    0.0813732   

Stress Spherical
0            0            0             0            0            0           
0            0            0             0            0            0           
0            0            0             0            0            0           

Inertia
266.699      -100.047     -100.104      0.226433     0.15269      0.144543    
-100.047     266.777      -100.059      0.15269      0.210989     0.161079    
-100.104     -100.059     266.697       0.144543     0.161079     0.224021    

Bond Length
0.59618803    0.00053648715

BB bond length
0.59618803    0.00053648715

Water EE distance
0             0           

PEG EE distance
6.4637309     0.047170279 

BBB P2(x)
0.057696495   0.0020288877

BBB first bond length
0.59629385    0.0005621522

BBB second bond length
0.59626109    0.00056050843

BBB <phi**2>/<phi>**2
1.1144096     0.0011365343

Time = 20000
Temperature
1.0103295     0.004776162 

Pressure
28.269304     0.073799119 

CM Mom
-8.4826995e-17 2.4965652e-17 
1.356349e-16   1.1262773e-17 
-6.395756e-17  1.6563281e-17 
1.7400351e-16  2.0742944e-17 

CM Pos
10.001185      0.0065723252  
10.001047      0.011918308   
9.9989701      0.010161854   
17.321209      0.0065484341  

Stress
25.2317      0.0328436    -0.00350742   0.0786444    0.0653581    0.0595712   
0.0328436    25.2213      0.0024705     0.0653581    0.0938918    0.0564052   
-0.00350742  0.0024705    25.265        0.0595712    0.0564052    0.102674    

Stress Spherical
0            0            0             0            0            0           
0            0            0             0            0            0           
0            0            0             0            0            0           

Inertia
266.681      -100.04      -100.005      0.26942      0.16444      0.150472    
-100.04      266.653      -99.9781      0.16444      0.234436     0.137264    
-100.005     -99.9781     266.662       0.150472     0.137264     0.238762    

Bond Length
0.59610606    0.00051033395

BB bond length
0.59610606    0.00051033395

Water EE distance
0             0           

PEG EE distance
6.2906163     0.05508433  

BBB P2(x)
0.055152192   0.0018287434

BBB first bond length
0.59618734    0.0004916378

BBB second bond length
0.59625289    0.00056971366

BBB <phi**2>/<phi>**2
1.1135843     0.001048667 

Time = 21000
Temperature
1.0132846     0.0047622242

Pressure
28.22378      0.050148631 

CM Mom
-1.0262894e-16 1.7660318e-17 
1.4337643e-16  3.1052619e-17 
-7.5558053e-17 3.3850785e-17 
1.9537044e-16  3.2418166e-17 

CM Pos
10.001101      0.011011559   
10.000297      0.012303604   
10.001554      0.0061647789  
17.32222       0.0075821058  

Stress
25.2209      0.0132665    0.0103587     0.0877987    0.0391511    0.063121    
0.0132665    25.1545      -0.0287444    0.0391511    0.0670085    0.0641698   
0.0103587    -0.0287444   25.1794       0.063121     0.0641698    0.0725447   

Stress Spherical
0            0            0             0            0            0           
0            0            0             0            0            0           
0            0            0             0            0            0           

Inertia
266.671      -100.037     -100.033      0.184547     0.17562      0.186467    
-100.037     266.706      -100.032      0.17562      0.233508     0.06999     
-100.033     -100.032     266.656       0.186467     0.06999      0.35706     

Bond Length
0.59626161    0.00043686151

BB bond length
0.59626161    0.00043686151

Water EE distance
0             0           

PEG EE distance
6.2483755     0.036832402 

BBB P2(x)
0.055345582   0.0025330089

BBB first bond length
0.59637704    0.0004800792

BBB second bond length
0.5963999     0.00041598607

BBB <phi**2>/<phi>**2
1.1134901     0.000812452 

Time = 22000
Temperature
1.0118649     0.0074449794

Pressure
28.23834      0.055116255 

CM Mom
-8.7200888e-17 1.0458441e-17 
1.3669424e-16  1.2308219e-17 
-7.2815466e-17 2.7381097e-17 
1.7996374e-16  1.4664613e-17 

CM Pos
10.003352      0.01025579    
9.9961285      0.0063068624  
10.000221      0.0066922939  
17.32034       0.0082593762  

Stress
25.22        0.0243031    0.0120882     0.0474518    0.0909803    0.057731    
0.0243031    25.2123      -0.00764115   0.0909803    0.0656067    0.0520562   
0.0120882    -0.00764115  25.179        0.057731     0.0520562    0.076248    

Stress Spherical
0            0            0             0            0            0           
0            0            0             0            0            0           
0            0            0             0            0            0           

Inertia
266.575      -99.9779     -99.9904      0.229668     0.0828753    0.151639    
-99.9779     266.715      -99.9706      0.0828753    0.230549     0.0977699   
-99.9904     -99.9706     266.634       0.151639     0.0977699    0.201083    

Bond Length
0.59628073    0.00062780813

BB bond length
0.59628073    0.00062780813

Water EE distance
0             0           

PEG EE distance
6.1823907     0.073754656 

BBB P2(x)
0.054635986   0.002136942 

BBB first bond length
0.59635531    0.00062445692

BBB second bond length
0.59635602    0.00064214358

BBB <phi**2>/<phi>**2
1.112792      0.001402698 

Time = 23000
Temperature
1.0095055     0.0039165353

Pressure
28.18222      0.071020778 

CM Mom
-6.4331112e-17 2.0997472e-17 
1.4573441e-16  1.6370003e-17 
-5.6678662e-17 2.1214016e-17 
1.711366e-16   2.1462764e-17 

CM Pos
9.9997675      0.010774243   
9.9992128      0.0093828486  
9.9981365      0.011071662   
17.31885       0.0092856089  

Stress
25.1667      0.0315595    -0.04813      0.0868472    0.0548844    0.048348    
0.0315595    25.1475      0.00903746    0.0548844    0.0865722    0.0396245   
-0.04813     0.00903746   25.1499       0.048348     0.0396245    0.153395    

Stress Spherical
0            0            0             0            0            0           
0            0            0             0            0            0           
0            0            0             0            0            0           

Inertia
266.604      -99.9975     -99.9589      0.24626      0.195605     0.124443    
-99.9975     266.579      -99.9578      0.195605     0.281483     0.143672    
-99.9589     -99.9578     266.632       0.124443     0.143672     0.29184     

Bond Length
0.59676233    0.00047901917

BB bond length
0.59676233    0.00047901917

Water EE distance
0             0           

PEG EE distance
6.073128      0.042344283 

BBB P2(x)
0.053514986   0.003122792 

BBB first bond length
0.59689429    0.0004245737

BBB second bond length
0.5969199     0.00047258293

BBB <phi**2>/<phi>**2
1.1133041     0.001350324 

Time = 24000
Temperature
1.0138333     0.006486371 

Pressure
28.210437     0.069437278 

CM Mom
-4.9516464e-17 2.0346586e-17 
1.2335692e-16  2.8315716e-17 
-1.3653818e-17 3.1447662e-17 
1.3808137e-16  3.1519669e-17 

CM Pos
10.004269      0.010103216   
9.9992962      0.0099462079  
9.9947187      0.0038643971  
17.319524      0.005986361   

Stress
25.1898      0.0217331    0.00166909    0.0964909    0.0883905    0.0536483   
0.0217331    25.2058      0.00203577    0.0883905    0.0438971    0.0897649   
0.00166909   0.00203577   25.1142       0.0536483    0.0897649    0.0743393   

Stress Spherical
0            0            0             0            0            0           
0            0            0             0            0            0           
0            0            0             0            0            0           

Inertia
266.564      -100.077     -100.011      0.166819     0.138692     0.183967    
-100.077     266.625      -99.9688      0.138692     0.295124     0.100754    
-100.011     -99.9688     266.74        0.183967     0.100754     0.165223    

Bond Length
0.59646583    0.00054728208

BB bond length
0.59646583    0.00054728208

Water EE distance
0             0           

PEG EE distance
6.0816871     0.054531802 

BBB P2(x)
0.053121577   0.0036245142

BBB first bond length
0.59662571    0.00055226453

BBB second bond length
0.59656198    0.00056273867

BBB <phi**2>/<phi>**2
1.1129575     0.00098556343

Time = 25000
Temperature
1.0080012     0.0032682216

Pressure
28.230803     0.068859246 

CM Mom
-6.9602497e-17 2.1291209e-17 
1.4078967e-16  1.8386247e-17 
2.5554866e-17  1.7731862e-17 
1.6095811e-16  2.2750039e-17 

CM Pos
10.001935      0.012151581   
10.000463      0.0077323899  
9.9941351      0.0083511036  
17.318511      0.012457348   

Stress
25.1865      0.00621362   0.00504863    0.0874473    0.0443522    0.0486156   
0.00621362   25.2165      -0.0593635    0.0443522    0.0836775    0.0496841   
0.00504863   -0.0593635   25.2204       0.0486156    0.0496841    0.086807    

Stress Spherical
0            0            0             0            0            0           
0            0            0             0            0            0           
0            0            0             0            0            0           

Inertia
266.584      -100.014     -99.9463      0.285096     0.214751     0.150108    
-100.014     266.572      -100.017      0.214751     0.337609     0.143369    
-99.9463     -100.017     266.71        0.150108     0.143369     0.440786    

Bond Length
0.59632977    0.00033654409

BB bond length
0.59632977    0.00033654409

Water EE distance
0             0           

PEG EE distance
5.8917554     0.026981148 

BBB P2(x)
0.04921777    0.0026625926

BBB first bond length
0.59645714    0.00031321426

BBB second bond length
0.59637796    0.00036841482

BBB <phi**2>/<phi>**2
1.1120827     0.001643312 

Time = 26000
Temperature
1.0123633     0.0051671643

Pressure
28.185297     0.068255951 

CM Mom
-5.475534e-17  2.2228147e-17 
1.3463259e-16  2.2343708e-17 
3.9086692e-17  2.0230434e-17 
1.5274172e-16  2.6915081e-17 

CM Pos
10.007437      0.0076950036  
9.995795       0.0091469601  
10.000387      0.012691987   
17.322606      0.0082527383  

Stress
25.1216      0.000794954  0.0258416     0.0870219    0.0711511    0.03391     
0.000794954  25.1429      0.00975355    0.0711511    0.0666462    0.0438999   
0.0258416    0.00975355   25.1832       0.03391      0.0438999    0.0886896   

Stress Spherical
0            0            0             0            0            0           
0            0            0             0            0            0           
0            0            0             0            0            0           

Inertia
266.588      -100.026     -100.044      0.241953     0.181163     0.142729    
-100.026     266.774      -100.03       0.181163     0.18596      0.189077    
-100.044     -100.03      266.754       0.142729     0.189077     0.344259    

Bond Length
0.59666351    0.00058337295

BB bond length
0.59666351    0.00058337295

Water EE distance
0             0           

PEG EE distance
5.8961177     0.020690764 

BBB P2(x)
0.053161777   0.0016157789

BBB first bond length
0.59675578    0.00060325619

BBB second bond length
0.59676692    0.00060689474

BBB <phi**2>/<phi>**2
1.1132583     0.00078327435

Time = 27000
Temperature
1.0102308     0.0055470799

Pressure
28.244312     0.055183638 

CM Mom
-5.32917e-17   1.991726e-17  
1.3516232e-16  2.866252e-17  
1.9592889e-17  1.3470477e-17 
1.4915414e-16  2.5406127e-17 

CM Pos
10.000768      0.013899326   
10.005632      0.0095542173  
9.9997203      0.0099856045  
17.324051      0.0089324174  

Stress
25.2028      -0.000263151 0.013229      0.077289     0.0641121    0.0371462   
-0.000263151 25.1832      -0.0138661    0.0641121    0.139798     0.0499624   
0.013229     -0.0138661   25.2579       0.0371462    0.0499624    0.0599277   

Stress Spherical
0            0            0             0            0            0           
0            0            0             0            0            0           
0            0            0             0            0            0           

Inertia
266.818      -100.057     -100.011      0.201615     0.180979     0.141064    
-100.057     266.66       -100.024      0.180979     0.247297     0.120625    
-100.011     -100.024     266.852       0.141064     0.120625     0.432522    

Bond Length
0.59607618    0.00045122632

BB bond length
0.59607618    0.00045122632

Water EE distance
0             0           

PEG EE distance
5.8879604     0.013542829 

BBB P2(x)
0.0537476     0.0043876799

BBB first bond length
0.5961518     0.00046343307

BBB second bond length
0.59618183    0.00043964224

BBB <phi**2>/<phi>**2
1.1129505     0.0014426217

Time = 28000
Temperature
1.0122088     0.0060106837

Pressure
28.205687     0.090516747 

CM Mom
-5.6833104e-17 2.7181447e-17 
1.3493395e-16  1.7984154e-17 
-1.2889823e-18 1.9142987e-17 
1.4982902e-16  2.0464988e-17 

CM Pos
10.000351      0.014268151   
10.001047      0.0081425511  
10.002054      0.0096140348  
17.322509      0.0090914339  

Stress
25.1613      -0.0456816   -0.023704     0.133481     0.0789945    0.0440916   
-0.0456816   25.1975      0.00432132    0.0789945    0.114779     0.0468257   
-0.023704    0.00432132   25.1514       0.0440916    0.0468257    0.0815485   

Stress Spherical
