Time = 1000
Temperature
   1.0259697   0.039651911

Pressure
    23.58804    0.16484546

CM Mom
2.4528743e-17  2.6249722e-17 
8.5329976e-17  1.4490085e-17 
-7.134497e-17  8.0072186e-17 
1.3509286e-16  4.5093815e-17 

CM Pos
7.4973463      0.019989098   
7.4982364      0.022455772   
7.4949324      0.011555366   
12.984924      0.023258329   

Stress
20.516       -0.00463235  0.0242195     0.103278     0.0812814    0.0659754   
-0.00463235  20.5123      -0.00111284   0.0812814    0.104858     0.0336191   
0.0242195    -0.00111284  20.5285       0.0659754    0.0336191    0.112696    

Stress Spherical
0            0            0             0            0            0           
0            0            0             0            0            0           
0            0            0             0            0            0           

Inertia
149.934      -56.2173     -56.1558      0.260497     0.286799     0.179308    
-56.2173     149.905      -56.2025      0.286799     0.248213     0.19854     
-56.1558     -56.2025     149.937       0.179308     0.19854      0.369876    

Bond Length
0.62113486    0.0049319122

BB bond length
0.62113486    0.0049319122

Water EE distance
0             0           

PEG EE distance
8.1304374     0.33128947  

BBB P2(x)
0.50025374    0.048349808 

BBB first bond length
0.62122788    0.0045847453

BBB second bond length
0.62134971    0.0046458927

BBB <phi**2>/<phi>**2
1.2210747     0.022724929 

Time = 2000
Temperature
1.006439      0.0048346934

Pressure
23.527885     0.045423392 

CM Mom
2.2098205e-17  2.5071186e-17 
8.6572324e-17  1.219111e-17  
5.4205298e-18  2.9279054e-17 
9.737786e-17   1.2825092e-17 

CM Pos
7.5049236      0.024019363   
7.5058137      0.015227898   
7.5017668      0.017817077   
12.997622      0.02368112    

Stress
20.5275      -0.0179666   0.0239574     0.0889757    0.0625599    0.0779422   
-0.0179666   20.4987      -0.0148974    0.0625599    0.10316      0.071094    
0.0239574    -0.0148974   20.5255       0.0779422    0.071094     0.118963    

Stress Spherical
0            0            0             0            0            0           
0            0            0             0            0            0           
0            0            0             0            0            0           

Inertia
150.061      -56.336      -56.2854      0.263871     0.24696      0.247828    
-56.336      150.084      -56.2619      0.24696      0.465877     0.148826    
-56.2854     -56.2619     150.133       0.247828     0.148826     0.487451    

Bond Length
0.62031319    0.006541624 

BB bond length
0.62031319    0.006541624 

Water EE distance
0             0           

PEG EE distance
8.3635292     0.26166827  

BBB P2(x)
0.53550591    0.027666596 

BBB first bond length
0.62109018    0.0062237226

BBB second bond length
0.62094115    0.0070163713

BBB <phi**2>/<phi>**2
1.2178175     0.018959931 

