Time = 1000
Temperature
    1.057663   0.064961901

Pressure
   23.800246    0.30712284

CM Mom
-2.6260454e-17 2.8867026e-17 
7.0619748e-17  3.264386e-17  
-5.2969472e-17 1.3893453e-16 
1.4211433e-16  9.7405199e-17 

CM Pos
7.5089782      0.021587166   
7.4953163      0.010965129   
7.4959908      0.014962251   
12.990574      0.014227282   

Stress
20.6316      0.0434       0.0232267     0.167494     0.115942     0.0789185   
0.0434       20.6138      -0.0193004    0.115942     0.203345     0.0492157   
0.0232267    -0.0193004   20.6383       0.0789185    0.0492157    0.187291    

Stress Spherical
0            0            0             0            0            0           
0            0            0             0            0            0           
0            0            0             0            0            0           

Inertia
149.914      -56.3225     -56.3115      0.630347     0.165179     0.143599    
-56.3225     150.117      -56.2176      0.165179     0.876452     0.184997    
-56.3115     -56.2176     150.097       0.143599     0.184997     0.863277    

Bond Length
0.618665      0.0055737991

BB bond length
0.618665      0.0055737991

Water EE distance
0             0           

PEG EE distance
6.0842265     0.25348663  

BBB P2(x)
0.47650288    0.059767164 

BBB first bond length
0.61863536    0.0055603059

BBB second bond length
0.61863491    0.0059871615

BBB <phi**2>/<phi>**2
1.2152959     0.014358757 

Time = 2000
Temperature
1.011467      0.0072401157

Pressure
23.507615     0.071862754 

CM Mom
-3.4477728e-17 1.3960012e-17 
9.6339512e-17  2.62167e-17   
-2.8098031e-17 2.8300897e-17 
1.1088733e-16  2.5429374e-17 

CM Pos
7.5029029      0.018247494   
7.5018361      0.011346946   
7.5071041      0.0087424676  
12.997234      0.012123806   

Stress
20.438       0.0341125    0.0031861     0.0945987    0.0467629    0.0560657   
0.0341125    20.5675      -0.032807     0.0467629    0.118483     0.0569438   
0.0031861    -0.032807    20.416        0.0560657    0.0569438    0.107597    

Stress Spherical
0            0            0             0            0            0           
0            0            0             0            0            0           
0            0            0             0            0            0           

Inertia
150.024      -56.2865     -56.342       0.286457     0.150008     0.160593    
-56.2865     150.04       -56.3156      0.150008     0.514869     0.129589    
-56.342      -56.3156     149.938       0.160593     0.129589     0.461842    

Bond Length
0.61886586    0.0041793946

BB bond length
0.61886586    0.0041793946

Water EE distance
0             0           

PEG EE distance
6.911882      0.41770122  

BBB P2(x)
0.51280185    0.018239521 

BBB first bond length
0.61899757    0.0043025281

BBB second bond length
0.61899735    0.004125382 

BBB <phi**2>/<phi>**2
1.2255728     0.014756802 

Time = 3000
Temperature
1.0084455     0.0078813748

Pressure
23.490509     0.11021685  

CM Mom
-4.1984044e-17 1.0564014e-17 
1.1779929e-16  2.2154586e-17 
-6.1179274e-17 2.6416857e-17 
1.4261064e-16  1.8566515e-17 

CM Pos
7.5072         0.012365492   
7.4956126      0.01157682    
7.498658       0.016044269   
12.991246      0.014300377   

Stress
20.4455      0.0200915    0.000135982   0.107693     0.0882033    0.0824793   
0.0200915    20.4482      0.03045       0.0882033    0.139161     0.0584913   
0.000135982  0.03045      20.5036       0.0824793    0.0584913    0.146308    

Stress Spherical
0            0            0             0            0            0           
0            0            0             0            0            0           
0            0            0             0            0            0           

Inertia
149.861      -56.3037     -56.3167      0.387603     0.117136     0.166754    
-56.3037     150.033      -56.1523      0.117136     0.32197      0.187769    
-56.3167     -56.1523     149.944       0.166754     0.187769     0.259948    

Bond Length
0.61926353    0.0024332264

BB bond length
0.61926353    0.0024332264

Water EE distance
0             0           

PEG EE distance
7.1381678     0.12957152  

BBB P2(x)
0.50451106    0.015378019 

BBB first bond length
0.61944829    0.0023589728

BBB second bond length
0.61898629    0.0026235907

BBB <phi**2>/<phi>**2
1.2277421     0.015795362 

Time = 4000
Temperature
1.0070917     0.0068860527

Pressure
23.496557     0.080675178 

CM Mom
-4.6366316e-17 1.264703e-17  
1.5301306e-16  2.586858e-17  
-7.5817235e-17 1.2387364e-17 
1.7812275e-16  2.3789682e-17 

CM Pos
7.5006802      0.01041467    
7.5025769      0.014986445   
7.5042887      0.011538826   
12.994745      0.016877275   

Stress
20.4371      -0.0169876   0.036537      0.0804892    0.0568989    0.0759007   
-0.0169876   20.4798      0.0306295     0.0568989    0.0841714    0.0835645   
0.036537     0.0306295    20.5107       0.0759007    0.0835645    0.134148    

Stress Spherical
0            0            0             0            0            0           
0            0            0             0            0            0           
0            0            0             0            0            0           

Inertia
150.055      -56.3013     -56.3287      0.320211     0.231366     0.159184    
-56.3013     150.025      -56.3179      0.231366     0.259603     0.156594    
-56.3287     -56.3179     149.974       0.159184     0.156594     0.29689     

Bond Length
0.6182927     0.0014497919

BB bond length
0.6182927     0.0014497919

Water EE distance
0             0           

PEG EE distance
6.5665819     0.18727345  

BBB P2(x)
0.50327786    0.017147429 

BBB first bond length
0.61835631    0.0014149637

BBB second bond length
0.6181973     0.0016763886

BBB <phi**2>/<phi>**2
1.2262759     0.013268034 

Time = 5000
Temperature
1.0086108     0.00650245  

Pressure
23.455256     0.10294203  

CM Mom
-5.5674153e-17 2.325341e-17  
1.4692853e-16  1.0698173e-17 
-7.2170734e-17 8.8415714e-18 
1.7459896e-16  1.2031903e-17 

CM Pos
7.5020138      0.0098390252  
7.5058369      0.0093727341  
7.5010288      0.0090812329  
12.995514      0.011127008   

Stress
20.399       -0.01212     -0.0314423    0.152333     0.0588236    0.0877674   
-0.01212     20.4675      -0.019137     0.0588236    0.0811496    0.0684792   
-0.0314423   -0.019137    20.4236       0.0877674    0.0684792    0.151608    

Stress Spherical
0            0            0             0            0            0           
0            0            0             0            0            0           
0            0            0             0            0            0           

Inertia
150.053      -56.2713     -56.2526      0.255531     0.119378     0.112755    
-56.2713     150.011      -56.3002      0.119378     0.188278     0.130449    
-56.2526     -56.3002     150.063       0.112755     0.130449     0.248137    

Bond Length
0.61967701    0.0031849276

BB bond length
0.61967701    0.0031849276

Water EE distance
0             0           

PEG EE distance
6.5922793     0.10643292  

BBB P2(x)
0.50768618    0.016731818 

BBB first bond length
0.619599      0.0031224364

BBB second bond length
0.61998512    0.003198403 

BBB <phi**2>/<phi>**2
1.2274222     0.011542999 

Time = 6000
Temperature
1.0112877     0.0053839538

Pressure
23.5405       0.10644219  

CM Mom
-2.9149524e-17 1.0157476e-17 
1.7955387e-16  2.407581e-17  
-6.7381369e-17 1.1796554e-17 
1.9497941e-16  2.0845665e-17 

CM Pos
7.5029029      0.01628941    
7.496798       0.0095295477  
7.5010288      0.012999138   
12.990817      0.012327024   

Stress
20.4873      0.00355225   0.0253689     0.129688     0.0669753    0.0523255   
0.00355225   20.4962      0.0380188     0.0669753    0.137026     0.0702673   
0.0253689    0.0380188    20.5382       0.0523255    0.0702673    0.145848    

Stress Spherical
0            0            0             0            0            0           
0            0            0             0            0            0           
0            0            0             0            0            0           

Inertia
149.961      -56.2464     -56.2779      0.271716     0.157222     0.157358    
-56.2464     150.05       -56.2378      0.157222     0.244251     0.169749    
-56.2779     -56.2378     149.964       0.157358     0.169749     0.29076     

Bond Length
0.61860199    0.0028446741

BB bond length
0.61860199    0.0028446741

Water EE distance
0             0           

PEG EE distance
6.8986276     0.20332231  

BBB P2(x)
0.52086545    0.0063384157

BBB first bond length
0.61869975    0.0032667277

BBB second bond length
0.61870775    0.0029444863

BBB <phi**2>/<phi>**2
1.2300214     0.01329759  

Time = 7000
Temperature
1.0117798     0.0098071008

Pressure
23.430691     0.11270872  

CM Mom
-4.517732e-17  1.3675454e-17 
1.7949026e-16  2.6487446e-17 
-5.7756438e-17 2.7187729e-17 
1.9702049e-16  2.0105997e-17 

CM Pos
7.4950495      0.010619267   
7.4978353      0.012475975   
7.5033997      0.011064796   
12.988249      0.0096924197  

Stress
20.3732      -0.0284353   -0.00737444   0.1167       0.0790204    0.0635617   
-0.0284353   20.3933      -0.0150136    0.0790204    0.11552      0.0868178   
-0.00737444  -0.0150136   20.4214       0.0635617    0.0868178    0.135111    

Stress Spherical
0            0            0             0            0            0           
0            0            0             0            0            0           
0            0            0             0            0            0           

Inertia
149.977      -56.1873     -56.2162      0.235468     0.119475     0.129402    
-56.1873     149.952      -56.2585      0.119475     0.203879     0.133199    
-56.2162     -56.2585     149.845       0.129402     0.133199     0.213422    

Bond Length
0.61853119    0.0023656064

BB bond length
0.61853119    0.0023656064

Water EE distance
0             0           

PEG EE distance
7.081381      0.15687226  

BBB P2(x)
0.50684431    0.013266478 

BBB first bond length
0.61836554    0.002289472 

BBB second bond length
0.61818586    0.0026545804

BBB <phi**2>/<phi>**2
1.2189189     0.015495135 

Time = 8000
Temperature
1.011744      0.01126733  

Pressure
23.513749     0.086152212 

CM Mom
-4.7309369e-17 1.6775529e-17 
2.0654434e-16  1.5528425e-17 
-3.0640806e-17 2.1145676e-17 
2.1586805e-16  1.4431701e-17 

CM Pos
7.4953458      0.0099885209  
7.4987243      0.014201087   
7.4993989      0.0093820998  
12.98662       0.011779667   

Stress
20.4505      -0.0340204   0.0152647     0.110652     0.0726982    0.0650199   
-0.0340204   20.4515      -0.0587915    0.0726982    0.0895197    0.0871509   
0.0152647    -0.0587915   20.5353       0.0650199    0.0871509    0.150826    

Stress Spherical
0            0            0             0            0            0           
0            0            0             0            0            0           
0            0            0             0            0            0           

Inertia
149.95       -56.2175     -56.2201      0.234488     0.180929     0.0751985   
-56.2175     149.898      -56.2342      0.180929     0.170963     0.106686    
-56.2201     -56.2342     149.887       0.0751985    0.106686     0.351515    

Bond Length
0.62079578    0.0025601254

BB bond length
0.62079578    0.0025601254

Water EE distance
0             0           

PEG EE distance
6.78812       0.15179011  

BBB P2(x)
0.51392507    0.01069714  

BBB first bond length
0.62076939    0.0026322938

BBB second bond length
0.62086135    0.0027102975

BBB <phi**2>/<phi>**2
1.2308357     0.012747614 

Time = 9000
Temperature
1.0081505     0.0096445238

Pressure
23.47864      0.06716332  

CM Mom
-4.5248744e-17 8.4567591e-18 
2.1239555e-16  1.5319439e-17 
-3.1519564e-17 2.5769705e-17 
2.2125748e-16  1.2969437e-17 

CM Pos
7.5006802      0.0075264794  
7.4991689      0.01525292    
7.5039924      0.014725585   
12.992612      0.013293122   

Stress
20.4684      0.0123038    -0.0385972    0.109919     0.0590477    0.0699166   
0.0123038    20.4447      0.016409      0.0590477    0.0709752    0.0541584   
-0.0385972   0.016409     20.4512       0.0699166    0.0541584    0.0703278   

Stress Spherical
0            0            0             0            0            0           
0            0            0             0            0            0           
0            0            0             0            0            0           

Inertia
150.044      -56.244      -56.2761      0.381883     0.154459     0.11518     
-56.244      150.063      -56.3102      0.154459     0.225762     0.230025    
-56.2761     -56.3102     149.978       0.11518      0.230025     0.262796    

Bond Length
0.61994546    0.0023775174

BB bond length
0.61994546    0.0023775174

Water EE distance
0             0           

PEG EE distance
6.5855889     0.16391542  

BBB P2(x)
0.50980971    0.011210655 

BBB first bond length
0.62012596    0.0024490902

BBB second bond length
0.62002762    0.002220556 

BBB <phi**2>/<phi>**2
1.2183276     0.0102509   

Time = 10000
Temperature
1.0071695     0.0074126248

Pressure
23.441269     0.11234315  

CM Mom
-3.8034708e-17 1.8190744e-17 
1.9410656e-16  2.2949675e-17 
-1.9158284e-17 2.6244137e-17 
2.0132928e-16  2.2447765e-17 

CM Pos
7.5114972      0.012952605   
7.4957608      0.0082833695  
7.5025106      0.0093198766  
12.996035      0.0090253887  

Stress
20.3794      0.0111393    -0.0299192    0.158662     0.0385854    0.0518594   
0.0111393    20.4141      -0.0343726    0.0385854    0.112482     0.0671709   
-0.0299192   -0.0343726   20.4676       0.0518594    0.0671709    0.159313    

Stress Spherical
0            0            0             0            0            0           
0            0            0             0            0            0           
0            0            0             0            0            0           

Inertia
149.989      -56.2773     -56.3265      0.228552     0.103608     0.129857    
-56.2773     150.198      -56.2608      0.103608     0.247622     0.130192    
-56.3265     -56.2608     150.108       0.129857     0.130192     0.269348    

Bond Length
0.62162922    0.002312659 

BB bond length
0.62162922    0.002312659 

Water EE distance
0             0           

PEG EE distance
6.3588438     0.28594366  

BBB P2(x)
0.51127046    0.012691356 

BBB first bond length
0.62161828    0.0023411967

BBB second bond length
0.62152162    0.0024953287

BBB <phi**2>/<phi>**2
1.2274815     0.012501016 

Time = 11000
Temperature
1.0100198     0.0070642303

Pressure
23.490635     0.097281223 

CM Mom
-3.3529328e-17 1.9625528e-17 
1.8538383e-16  2.0946669e-17 
-2.7282884e-17 1.2312894e-17 
1.9206045e-16  1.8001437e-17 

CM Pos
7.5002357      0.018460432   
7.5037624      0.015233475   
7.5056223      0.014773965   
12.995956      0.016649932   

Stress
20.4494      0.0146712    0.00633504    0.146343     0.0589783    0.0636747   
0.0146712    20.4683      -0.000623703  0.0589783    0.0993063    0.0768776   
0.00633504   -0.000623703 20.4658       0.0636747    0.0768776    0.106358    

Stress Spherical
0            0            0             0            0            0           
0            0            0             0            0            0           
0            0            0             0            0            0           

Inertia
150.131      -56.264      -56.3078      0.321002     0.271242     0.169859    
-56.264      150.07       -56.3694      0.271242     0.276344     0.1162      
-56.3078     -56.3694     150.045       0.169859     0.1162       0.454035    

Bond Length
0.61781415    0.0026431551

BB bond length
0.61781415    0.0026431551

Water EE distance
0             0           

PEG EE distance
6.1228838     0.28567321  

BBB P2(x)
0.4982608     0.013740814 

BBB first bond length
0.61793724    0.0027709943

BBB second bond length
0.61786645    0.0025152731

BBB <phi**2>/<phi>**2
1.2202653     0.010152026 

Time = 12000
Temperature
1.0110132     0.0076090878

Pressure
23.508472     0.10638576  

CM Mom
-6.0490868e-17 1.2301031e-17 
1.5952752e-16  2.4136016e-17 
-2.4587936e-17 1.6027594e-17 
1.7369617e-16  2.3089551e-17 

CM Pos
7.5082373      0.014479747   
7.5045033      0.0073851244  
7.4989544      0.015636755   
12.997147      0.013649033   

Stress
20.4733      -0.00726767  0.0139549     0.137882     0.0634934    0.0739272   
-0.00726767  20.4926      -0.0197298    0.0634934    0.0963384    0.114079    
0.0139549    -0.0197298   20.4623       0.0739272    0.114079     0.129222    

Stress Spherical
0            0            0             0            0            0           
0            0            0             0            0            0           
0            0            0             0            0            0           

Inertia
150.034      -56.3241     -56.285       0.351662     0.126297     0.169901    
-56.3241     150.088      -56.2483      0.126297     0.2892       0.183182    
-56.285      -56.2483     150.172       0.169901     0.183182     0.21346     

Bond Length
0.61917039    0.0017421053

BB bond length
0.61917039    0.0017421053

Water EE distance
0             0           

PEG EE distance
6.8846538     0.25824333  

BBB P2(x)
0.50993657    0.012015005 

BBB first bond length
0.61939355    0.0017520557

BBB second bond length
0.6192066     0.0020171114

BBB <phi**2>/<phi>**2
1.2258394     0.010076658 

Time = 13000
Temperature
1.0134597     0.0086953888

Pressure
23.490921     0.067349473 

CM Mom
-5.2642371e-17 1.1135723e-17 
1.5885056e-16  1.5800202e-17 
1.0155475e-17  2.531025e-17  
1.6971734e-16  1.7836391e-17 

CM Pos
7.5129789      0.017520687   
7.4913155      0.015990122   
7.5041406      0.014428098   
12.995284      0.012496525   

Stress
20.4262      -0.0123431   0.00442864    0.0832761    0.0884338    0.0889701   
-0.0123431   20.4564      0.0341996     0.0884338    0.106226     0.0828845   
0.00442864   0.0341996    20.4708       0.0889701    0.0828845    0.0759589   

Stress Spherical
0            0            0             0            0            0           
0            0            0             0            0            0           
0            0            0             0            0            0           

Inertia
149.934      -56.2897     -56.37        0.323628     0.154914     0.159011    
-56.2897     150.267      -56.1946      0.154914     0.22572      0.144592    
-56.37       -56.1946     150.093       0.159011     0.144592     0.352919    

Bond Length
0.62027347    0.002726697 

BB bond length
0.62027347    0.002726697 

Water EE distance
0             0           

PEG EE distance
6.8811627     0.13890157  

BBB P2(x)
0.5042345     0.02145804  

BBB first bond length
0.62018554    0.0029993756

BBB second bond length
0.62028254    0.0025950602

BBB <phi**2>/<phi>**2
1.2209327     0.015413899 

Time = 14000
Temperature
1.0116025     0.0084233644

Pressure
23.450915     0.059724999 

CM Mom
-3.5384315e-17 2.6492466e-17 
1.5974769e-16  1.1979122e-17 
1.3122413e-18  1.4867792e-17 
1.6642896e-16  1.1870136e-17 

CM Pos
7.5117935      0.0079589345  
7.4996134      0.0090727667  
7.5054742      0.014829591   
13.000142      0.0084004755  

Stress
20.41        0.0180094    0.0191487     0.0762081    0.0594486    0.0786123   
0.0180094    20.4327      0.0236605     0.0594486    0.129497     0.0948306   
0.0191487    0.0236605    20.4073       0.0786123    0.0948306    0.0719807   

Stress Spherical
0            0            0             0            0            0           
0            0            0             0            0            0           
0            0            0             0            0            0           

Inertia
150.086      -56.3596     -56.3793      0.258        0.121252     0.104716    
-56.3596     150.263      -56.2834      0.121252     0.183651     0.150765    
-56.3793     -56.2834     150.193       0.104716     0.150765     0.217908    

Bond Length
0.62089927    0.0032729021

BB bond length
0.62089927    0.0032729021

Water EE distance
0             0           

PEG EE distance
6.6962921     0.13129326  

BBB P2(x)
0.52319838    0.011175861 

BBB first bond length
0.6211054     0.0033111446

BBB second bond length
0.62085153    0.0031807425

BBB <phi**2>/<phi>**2
1.231729      0.013250599 

Time = 15000
Temperature
1.0104461     0.007218052 

Pressure
23.530288     0.080827551 

CM Mom
-3.3167543e-17 9.6836829e-18 
1.6281747e-16  1.3943693e-17 
-6.4748387e-18 9.3056464e-18 
1.6688164e-16  1.3298577e-17 

CM Pos
7.5076446      0.018661532   
7.499317       0.020675396   
7.503696       0.017191135   
12.996568      0.015230999   

Stress
20.5201      0.000493966  -0.0163784    0.13559      0.0830758    0.0797707   
0.000493966  20.4994      0.00369734    0.0830758    0.103305     0.0644264   
-0.0163784   0.00369734   20.4792       0.0797707    0.0644264    0.0822559   

Stress Spherical
0            0            0             0            0            0           
0            0            0             0            0            0           
0            0            0             0            0            0           

Inertia
150.046      -56.3088     -56.3227      0.572131     0.158935     0.13554     
-56.3088     150.177      -56.2708      0.158935     0.248199     0.288218    
-56.3227     -56.2708     150.102       0.13554      0.288218     0.232207    

Bond Length
0.62015384    0.0031476808

BB bond length
0.62015384    0.0031476808

Water EE distance
0             0           

PEG EE distance
6.9124866     0.24626561  

BBB P2(x)
0.51395049    0.014067913 

BBB first bond length
0.61994806    0.0032005616

BBB second bond length
0.62010431    0.0028823076

BBB <phi**2>/<phi>**2
1.2249352     0.010198118 

Time = 16000
Temperature
1.0086192     0.0086770917

Pressure
23.43736      0.12424174  

CM Mom
-4.1672983e-17 1.6962257e-17 
1.4421164e-16  1.0512702e-17 
-1.0377838e-17 1.1598361e-17 
1.5197096e-16  8.8836476e-18 

CM Pos
7.4984576      0.012490047   
7.4976871      0.0091534793  
7.4964353      0.012298726   
12.986103      0.015577787   

Stress
20.3512      -0.00646939  -0.0260237    0.145453     0.0691056    0.0633377   
-0.00646939  20.4397      0.00849554    0.0691056    0.188515     0.0944991   
-0.0260237   0.00849554   20.4454       0.0633377    0.0944991    0.123532    

Stress Spherical
0            0            0             0            0            0           
0            0            0             0            0            0           
0            0            0             0            0            0           

Inertia
149.914      -56.2113     -56.2485      0.278915     0.144348     0.158426    
-56.2113     149.936      -56.2346      0.144348     0.309924     0.186809    
-56.2485     -56.2346     149.94        0.158426     0.186809     0.285669    

Bond Length
0.61901495    0.0030378851

BB bond length
0.61901495    0.0030378851

Water EE distance
0             0           

PEG EE distance
6.8527586     0.21447387  

BBB P2(x)
0.51645639    0.017339875 

BBB first bond length
0.61932083    0.0030481915

BBB second bond length
0.61915787    0.002791095 

BBB <phi**2>/<phi>**2
1.2275246     0.012266903 

Time = 17000
Temperature
1.0203036     0.0069996177

Pressure
23.488495     0.077186493 

CM Mom
-7.9399097e-17 2.883721e-17  
1.4043353e-16  2.1613799e-17 
-1.7292192e-17 2.5191551e-17 
1.6640196e-16  2.3844449e-17 

CM Pos
7.4984576      0.021960773   
7.4920564      0.023717646   
7.4973244      0.016219167   
12.983399      0.017420496   

Stress
20.4054      0.0340439    0.0123765     0.109113     0.0807426    0.0691957   
0.0340439    20.4658      0.00941833    0.0807426    0.174092     0.0835814   
0.0123765    0.00941833   20.4134       0.0691957    0.0835814    0.152769    

Stress Spherical
0            0            0             0            0            0           
0            0            0             0            0            0           
0            0            0             0            0            0           

Inertia
149.843      -56.1519     -56.2296      0.282897     0.22969      0.195201    
-56.1519     149.96       -56.2142      0.22969      0.383836     0.169404    
-56.2296     -56.2142     149.859       0.195201     0.169404     0.476945    

Bond Length
0.62014462    0.0029033174

BB bond length
0.62014462    0.0029033174

Water EE distance
0             0           

PEG EE distance
7.3185247     0.13079346  

BBB P2(x)
0.49914889    0.015148947 

BBB first bond length
0.62027503    0.0029173282

BBB second bond length
0.62036437    0.0027151403

BBB <phi**2>/<phi>**2
1.213935      0.01084552  

Time = 18000
Temperature
1.008996      0.0095683522

Pressure
23.488407     0.065971222 

CM Mom
-8.2299819e-17 9.3503035e-18 
1.5214925e-16  1.7158788e-17 
-3.6133246e-17 1.0379286e-17 
1.7745056e-16  1.5137577e-17 

CM Pos
7.4978648      0.016386171   
7.5016879      0.018944122   
7.5001398      0.015012062   
12.990224      0.018221156   

Stress
20.4591      0.00575478   0.0363472     0.108566     0.0613488    0.0658763   
0.00575478   20.5103      0.00598142    0.0613488    0.14408      0.0691955   
0.0363472    0.00598142   20.4167       0.0658763    0.0691955    0.0809806   

Stress Spherical
0            0            0             0            0            0           
0            0            0             0            0            0           
0            0            0             0            0            0           

Inertia
150.019      -56.253      -56.2824      0.333683     0.204033     0.189734    
-56.253      149.958      -56.2466      0.204033     0.41531      0.197327    
-56.2824     -56.2466     149.982       0.189734     0.197327     0.333115    

Bond Length
0.61975973    0.0025452043

BB bond length
0.61975973    0.0025452043

Water EE distance
0             0           

PEG EE distance
7.4614124     0.22892905  

BBB P2(x)
0.50008711    0.010742241 

BBB first bond length
0.61974865    0.0025630433

BBB second bond length
0.61996004    0.0028848416

BBB <phi**2>/<phi>**2
1.2189402     0.0093036574

Time = 19000
Temperature
1.0092427     0.004323103 

Pressure
23.529081     0.096331707 

CM Mom
-7.213982e-17  1.3629776e-17 
1.5174757e-16  1.5879682e-17 
-5.435821e-17  1.0722714e-17 
1.7769773e-16  1.2756246e-17 

CM Pos
7.4916414      0.013875769   
7.5000579      0.006431651   
7.4991025      0.012925454   
12.985083      0.011060546   

Stress
20.494       0.0190407    -0.0113683    0.101878     0.0648251    0.0882501   
0.0190407    20.5197      -0.00174245   0.0648251    0.125954     0.0719663   
-0.0113683   -0.00174245  20.4922       0.0882501    0.0719663    0.114188    

Stress Spherical
0            0            0             0            0            0           
0            0            0             0            0            0           
0            0            0             0            0            0           

Inertia
149.977      -56.1692     -56.138       0.144292     0.115432     0.104364    
-56.1692     149.879      -56.2197      0.115432     0.344846     0.0911046   
-56.138      -56.2197     149.862       0.104364     0.0911046    0.2477      

Bond Length
0.61892081    0.0035902319

BB bond length
0.61892081    0.0035902319

Water EE distance
0             0           

PEG EE distance
7.3127909     0.25927866  

BBB P2(x)
0.50787592    0.014101664 

BBB first bond length
0.61879925    0.0036910845

BBB second bond length
0.61856016    0.0037194664

BBB <phi**2>/<phi>**2
1.2219779     0.011879612 

Time = 20000
Temperature
1.0075903     0.0037551665

Pressure
23.499867     0.078415698 

CM Mom
-7.5966322e-17 1.7460709e-17 
1.3479893e-16  1.7832921e-17 
-6.577109e-17  1.5975567e-17 
1.6982989e-16  1.7418027e-17 

CM Pos
7.499643       0.01310428    
7.5019842      0.013369677   
7.4999916      0.0094241304  
12.991325      0.013849087   

Stress
20.4718      -0.0147283   -0.0354589    0.0839556    0.0552533    0.0656003   
-0.0147283   20.4631      -0.0509923    0.0552533    0.137054     0.076975    
-0.0354589   -0.0509923   20.4983       0.0656003    0.076975     0.0911997   

Stress Spherical
0            0            0             0            0            0           
0            0            0             0            0            0           
0            0            0             0            0            0           

Inertia
150.009      -56.2487     -56.2587      0.243222     0.142205     0.123729    
-56.2487     149.981      -56.2501      0.142205     0.264351     0.143451    
-56.2587     -56.2501     150.005       0.123729     0.143451     0.324008    

Bond Length
0.61847917    0.0026121439

BB bond length
0.61847917    0.0026121439

Water EE distance
0             0           

PEG EE distance
6.7522196     0.18135676  

BBB P2(x)
0.50811841    0.013334768 

BBB first bond length
0.61843012    0.0024344707

BBB second bond length
0.61819551    0.0025867423

BBB <phi**2>/<phi>**2
1.2258777     0.011692782 

Time = 21000
Temperature
1.0135685     0.0066429924

Pressure
23.50053      0.057426066 

CM Mom
-8.0064266e-17 1.9946873e-17 
1.6164997e-16  2.1737709e-17 
-7.9054997e-17 2.48241e-17   
1.9955241e-16  2.1358115e-17 

CM Pos
7.5045328      0.01196848    
7.4960571      0.016908465   
7.4979171      0.013587958   
12.989542      0.0078875555  

Stress
20.4908      -0.0327622   0.0245854     0.087336     0.0808901    0.0442846   
-0.0327622   20.4957      0.0141752     0.0808901    0.115653     0.0845731   
0.0245854    0.0141752    20.3948       0.0442846    0.0845731    0.084543    

Stress Spherical
0            0            0             0            0            0           
0            0            0             0            0            0           
0            0            0             0            0            0           

Inertia
149.894      -56.2552     -56.2703      0.31188      0.136222     0.111961    
-56.2552     150.035      -56.2255      0.136222     0.279003     0.140723    
-56.2703     -56.2255     150.001       0.111961     0.140723     0.184705    

Bond Length
0.61974873    0.0024644436

BB bond length
0.61974873    0.0024644436

Water EE distance
0             0           

PEG EE distance
7.2483952     0.10078903  

BBB P2(x)
0.50992404    0.009438081 

BBB first bond length
0.61984491    0.0022521625

BBB second bond length
0.61945036    0.0024207673

BBB <phi**2>/<phi>**2
1.2199248     0.0059531101

Time = 22000
Temperature
1.0099397     0.0041739555

Pressure
23.473636     0.070069457 

CM Mom
-8.999683e-17  2.2398022e-17 
1.6994896e-16  1.6092653e-17 
-6.752367e-17  1.1231616e-17 
2.0555213e-16  1.3290473e-17 

CM Pos
7.4940122      0.0091402769  
7.503466       0.017966168   
7.4909528      0.014354102   
12.983723      0.011810311   

Stress
20.459       0.00652698   0.00842052    0.0604566    0.0791918    0.0599416   
0.00652698   20.4889      0.0179943     0.0791918    0.12128      0.0567394   
0.00842052   0.0179943    20.3854       0.0599416    0.0567394    0.111402    

Stress Spherical
0            0            0             0            0            0           
0            0            0             0            0            0           
0            0            0             0            0            0           

Inertia
149.903      -56.2302     -56.1144      0.355536     0.12098      0.127413    
-56.2302     149.774      -56.1936      0.12098      0.283705     0.182088    
-56.1144     -56.1936     149.954       0.127413     0.182088     0.250087    

Bond Length
0.61848563    0.0027395915

BB bond length
0.61848563    0.0027395915

Water EE distance
0             0           

PEG EE distance
6.6608386     0.1631436   

BBB P2(x)
0.5042676     0.011007445 

BBB first bond length
0.61870769    0.0031918285

BBB second bond length
0.61832997    0.0028889227

BBB <phi**2>/<phi>**2
1.2246326     0.010964407 

Time = 23000
Temperature
1.0112285     0.012317682 

Pressure
23.462079     0.088742172 

CM Mom
-7.1194847e-17 2.1689999e-17 
1.9173638e-16  1.6582138e-17 
-6.2343388e-17 3.4202399e-17 
2.1712208e-16  2.2169253e-17 

CM Pos
7.4977167      0.014228119   
7.5003543      0.014536499   
7.5005843      0.011844002   
12.989621      0.011687597   

Stress
20.4217      0.0258319    -0.0150916    0.0880552    0.0450173    0.0890981   
0.0258319    20.4529      -0.0401989    0.0450173    0.119826     0.0491729   
-0.0150916   -0.0401989   20.4124       0.0890981    0.0491729    0.127779    

Stress Spherical
0            0            0             0            0            0           
0            0            0             0            0            0           
0            0            0             0            0            0           

Inertia
149.996      -56.2355     -56.2872      0.246846     0.13945      0.149556    
-56.2355     149.97       -56.244       0.13945      0.298691     0.0912835   
-56.2872     -56.244      149.964       0.149556     0.0912835    0.29792     

Bond Length
0.62082436    0.0024104073

BB bond length
0.62082436    0.0024104073

Water EE distance
0             0           

PEG EE distance
6.5091359     0.19405397  

BBB P2(x)
0.51097434    0.013248069 

BBB first bond length
0.62087405    0.002391754 

BBB second bond length
0.62103119    0.0026310176

BBB <phi**2>/<phi>**2
1.230103      0.01506333  

Time = 24000
Temperature
1.007743      0.007873782 

Pressure
23.530269     0.087322175 

CM Mom
-6.8199258e-17 2.8319018e-17 
2.062963e-16   1.320679e-17  
-5.9019327e-17 1.6043014e-17 
2.275219e-16   1.2654429e-17 

CM Pos
7.4972721      0.0087925538  
7.5064296      0.011762151   
7.4976208      0.012046195   
12.991151      0.016077268   

Stress
20.4978      0.0241757    -0.00544454   0.107049     0.0613572    0.0943301   
0.0241757    20.522       0.0150794     0.0613572    0.116147     0.0717683   
-0.00544454  0.0150794    20.5031       0.0943301    0.0717683    0.105887    

Stress Spherical
0            0            0             0            0            0           
0            0            0             0            0            0           
0            0            0             0            0            0           

Inertia
150.055      -56.2727     -56.1995      0.293408     0.182363     0.178116    
-56.2727     149.936      -56.2986      0.182363     0.339715     0.111085    
-56.1995     -56.2986     150.066       0.178116     0.111085     0.272831    

Bond Length
0.61721304    0.0030433408

BB bond length
0.61721304    0.0030433408

Water EE distance
0             0           

PEG EE distance
6.8430102     0.25550511  

BBB P2(x)
0.50268822    0.018279542 

BBB first bond length
0.61711786    0.003105179 

BBB second bond length
0.61712511    0.0026028691

BBB <phi**2>/<phi>**2
1.2200326     0.013662016 

Time = 25000
Temperature
1.0057104     0.0068859752

Pressure
23.467173     0.10639774  

CM Mom
-4.4991561e-17 1.5582037e-17 
2.1373918e-16  1.4737682e-17 
-3.7491002e-17 1.9661316e-17 
2.2290966e-16  1.6495531e-17 

CM Pos
7.4882333      0.01146246    
7.5040587      0.017107274   
7.4976208      0.0097042069  
12.98458       0.0074839921  

Stress
20.4723      -0.0431243   -0.0300871    0.149731     0.0607259    0.0886199   
-0.0431243   20.446       0.00381051    0.0607259    0.155094     0.0621481   
-0.0300871   0.00381051   20.4336       0.0886199    0.0621481    0.102264    

Stress Spherical
0            0            0             0            0            0           
0            0            0             0            0            0           
0            0            0             0            0            0           

Inertia
149.991      -56.1977     -56.1696      0.163525     0.169107     0.135932    
-56.1977     149.778      -56.2451      0.169107     0.278362     0.111551    
-56.1696     -56.2451     149.867       0.135932     0.111551     0.272191    

Bond Length
0.6186118     0.0026304918

BB bond length
0.6186118     0.0026304918

Water EE distance
0             0           

PEG EE distance
6.9102942     0.30830187  

BBB P2(x)
0.50546083    0.01389625  

BBB first bond length
0.61873506    0.0029454648

BBB second bond length
0.6186505     0.0027554326

BBB <phi**2>/<phi>**2
1.2244319     0.014090858 

Time = 26000
Temperature
1.0137898     0.0072575936

Pressure
23.451924     0.05597238  

CM Mom
-6.0210653e-17 1.4011649e-17 
2.1426904e-16  2.0551654e-17 
-4.6756204e-17 1.2634739e-17 
2.2826665e-16  1.9883594e-17 

CM Pos
7.4965313      0.011701326   
7.5012434      0.015467338   
7.4897674      0.0094926113  
12.983205      0.0094455815  

Stress
20.4283      -0.0186546   0.014709      0.131202     0.035746     0.0899301   
-0.0186546   20.4288      -0.0277512    0.035746     0.117161     0.0472795   
0.014709     -0.0277512   20.3764       0.0899301    0.0472795    0.126256    

Stress Spherical
0            0            0             0            0            0           
0            0            0             0            0            0           
0            0            0             0            0            0           

Inertia
149.841      -56.2339     -56.1587      0.272117     0.149774     0.135411    
-56.2339     149.802      -56.1593      0.149774     0.23969      0.201366    
-56.1587     -56.1593     149.967       0.135411     0.201366     0.129997    

Bond Length
0.61857343    0.0030992935

BB bond length
0.61857343    0.0030992935

Water EE distance
0             0           

PEG EE distance
7.2841883     0.20066214  

BBB P2(x)
0.50519952    0.015623408 

BBB first bond length
0.61823908    0.0029798936

BBB second bond length
0.61860341    0.0031043616

BBB <phi**2>/<phi>**2
1.2255767     0.0080000844

Time = 27000
Temperature
1.0093822     0.007734212 

Pressure
23.497168     0.074065237 

CM Mom
-8.1675641e-17 1.3465501e-17 
2.1759845e-16  3.516904e-17  
-8.1124533e-17 1.1044399e-17 
2.4758146e-16  2.9064809e-17 

CM Pos
7.4943086      0.011421202   
7.4960571      0.015442476   
7.4968799      0.015186559   
12.983034      0.013463856   

Stress
20.4593      -0.0114204   -0.0174886    0.110349     0.0452435    0.051411    
-0.0114204   20.4964      -0.00484052   0.0452435    0.0850547    0.0903184   
-0.0174886   -0.00484052  20.4531       0.051411     0.0903184    0.113969    

Stress Spherical
0            0            0             0            0            0           
0            0            0             0            0            0           
0            0            0             0            0            0           

Inertia
149.868      -56.1475     -56.1844      0.333708     0.135114     0.182439    
-56.1475     149.862      -56.1723      0.135114     0.300221     0.195883    
-56.1844     -56.1723     149.855       0.182439     0.195883     0.2462      

Bond Length
0.6175624     0.002210194 

BB bond length
0.6175624     0.002210194 

Water EE distance
0             0           

PEG EE distance
7.4818576     0.16805261  

BBB P2(x)
0.51306829    0.016603304 

BBB first bond length
0.61739971    0.0023450811

BBB second bond length
0.61767897    0.0017865593

BBB <phi**2>/<phi>**2
1.2293961     0.010353866 

Time = 28000
Temperature
1.0072788     0.0068166147

Pressure
23.470334     0.051349037 

CM Mom
-1.0546276e-16 2.6413922e-17 
2.5188301e-16  4.1642437e-17 
-6.837638e-17  1.5849915e-17 
2.8340178e-16  4.0114972e-17 

CM Pos
7.4965313      0.010864548   
7.5083559      0.020317064   
7.4974726      0.015079191   
12.991766      0.015701324   

Stress
20.4557      0.00662676   0.00635734    0.0776197    0.0605665    0.05112     
0.00662676   20.4552      0.0041967     0.0605665    0.117243     0.0743961   
0.00635734   0.0041967    20.4364       0.05112      0.0743961    0.115308    

Stress Spherical
0            0            0             0            0            0           
