Time = 1000
Temperature
   1.0486198   0.061546067

Pressure
   23.656219    0.25560445

CM Mom
-9.8165283e-18 1.0288426e-17 
-9.6664314e-18 1.8558283e-17 
1.6393763e-17  1.9529861e-16 
1.6912689e-16  1.0220794e-16 

CM Pos
7.4972544      0.018926599   
7.4972353      0.04638683    
7.5035796      0.016704715   
12.989342      0.02900303    

Stress
20.5038      0.0237794    -0.0308666    0.132949     0.0701217    0.0288045   
0.0237794    20.5098      -0.0374112    0.0701217    0.142096     0.0593873   
-0.0308666   -0.0374112   20.5268       0.0288045    0.0593873    0.0989098   

Stress Spherical
0            0            0             0            0            0           
0            0            0             0            0            0           
0            0            0             0            0            0           

Inertia
150.029      -56.193      -56.2451      0.527295     0.444265     0.13377     
-56.193      150.023      -56.2542      0.444265     0.655545     0.298945    
-56.2451     -56.2542     149.926       0.13377      0.298945     0.493335    

Bond Length
0.61786698    0.0032907473

BB bond length
0.61786698    0.0032907473

Water EE distance
0             0           

PEG EE distance
6.4186453     0.3211841   

BBB P2(x)
0.45735379    0.053486258 

BBB first bond length
0.61779065    0.0037079286

BBB second bond length
0.61812001    0.0037019793

BBB <phi**2>/<phi>**2
1.2078932     0.0137544   

Time = 2000
Temperature
1.0113595     0.0094070686

Pressure
23.507964     0.086613847 

CM Mom
-1.8405253e-17 1.5325956e-17 
-2.6240887e-17 1.7588123e-17 
-7.2632349e-18 2.0987871e-17 
4.1167559e-17  1.9236473e-17 

CM Pos
7.5085247      0.012011864   
7.5033153      0.020911118   
7.4948302      0.024725653   
12.994274      0.014450287   

Stress
20.513       -0.00936581  -0.00348622   0.0831644    0.0675618    0.0550013   
-0.00936581  20.4442      0.0147283     0.0675618    0.0825067    0.0437266   
-0.00348622  0.0147283    20.4734       0.0550013    0.0437266    0.105245    

Stress Spherical
0            0            0             0            0            0           
0            0            0             0            0            0           
0            0            0             0            0            0           

Inertia
149.87       -56.3476     -56.2532      0.384497     0.143434     0.218728    
-56.3476     149.945      -56.2591      0.143434     0.569372     0.168354    
-56.2532     -56.2591     150.08        0.218728     0.168354     0.201906    

Bond Length
0.61814909    0.0032092843

BB bond length
0.61814909    0.0032092843

Water EE distance
0             0           

PEG EE distance
6.980658      0.22043701  

BBB P2(x)
0.50357086    0.020114168 

BBB first bond length
0.61845835    0.0032260765

BBB second bond length
0.6174742     0.0033427674

BBB <phi**2>/<phi>**2
1.2233576     0.011993089 

Time = 3000
Temperature
1.0136921     0.0082788129

Pressure
23.541977     0.071667806 

CM Mom
-4.7073964e-17 2.1501128e-17 
-3.4849711e-17 4.406177e-17  
-3.8784678e-17 1.1438105e-17 
8.1963322e-17  2.7409741e-17 

CM Pos
7.503631       0.011297675   
7.4999046      0.021825521   
7.503283       0.012247555   
12.994337      0.016255773   

Stress
20.4964      0.00448788   0.0306376     0.135136     0.0641056    0.0866227   
0.00448788   20.5283      0.0248079     0.0641056    0.099958     0.0329646   
0.0306376    0.0248079    20.487        0.0866227    0.0329646    0.125431    

Stress Spherical
0            0            0             0            0            0           
0            0            0             0            0            0           
0            0            0             0            0            0           

Inertia
149.983      -56.2751     -56.3048      0.269319     0.241437     0.11307     
-56.2751     150.057      -56.2415      0.241437     0.262758     0.140878    
-56.3048     -56.2415     149.977       0.11307      0.140878     0.402511    

Bond Length
0.61685228    0.0040733009

BB bond length
0.61685228    0.0040733009

Water EE distance
0             0           

PEG EE distance
7.3390102     0.14225877  

BBB P2(x)
0.50549927    0.014102154 

BBB first bond length
0.61671907    0.0038115629

BBB second bond length
0.61684635    0.0041937136

BBB <phi**2>/<phi>**2
1.2228529     0.012188493 

Time = 4000
Temperature
1.0110456     0.0051398213

Pressure
23.521582     0.040711612 

CM Mom
-3.6994629e-17 2.0986181e-17 
-2.2280469e-17 1.0043271e-17 
-2.922197e-17  2.3004165e-17 
6.0098662e-17  1.3325724e-17 

CM Pos
7.5005168      0.0096573842  
7.4939728      0.019929494   
7.5010586      0.013986942   
12.987829      0.015843423   

Stress
20.4622      -0.0349308   -0.00921603   0.0964579    0.0626156    0.0535107   
-0.0349308   20.5153      -0.0147501    0.0626156    0.0673761    0.07056     
-0.00921603  -0.0147501   20.4968       0.0535107    0.07056      0.10165     

Stress Spherical
0            0            0             0            0            0           
0            0            0             0            0            0           
0            0            0             0            0            0           

Inertia
149.909      -56.2052     -56.2633      0.378892     0.180236     0.180341    
-56.2052     149.983      -56.214       0.180236     0.287495     0.229243    
-56.2633     -56.214      149.887       0.180341     0.229243     0.294889    

Bond Length
0.62037434    0.0020600973

BB bond length
0.62037434    0.0020600973

Water EE distance
0             0           

PEG EE distance
7.118459      0.24831759  

BBB P2(x)
0.51087401    0.020119513 

BBB first bond length
0.62057608    0.0022099066

BBB second bond length
0.62035506    0.0022074161

BBB <phi**2>/<phi>**2
1.2214672     0.014886297 

Time = 5000
Temperature
1.0119679     0.011239894 

Pressure
23.529779     0.092704726 

CM Mom
-5.5358585e-17 1.5184026e-17 
-7.4321282e-18 1.6733292e-17 
-3.4348039e-17 2.2259873e-17 
7.0478717e-17  1.8395852e-17 

CM Pos
7.5000719      0.011751822   
7.4948625      0.013949944   
7.5016518      0.011061625   
12.988425      0.0095815823  

Stress
20.4938      0.0140234    -0.0186926    0.159544     0.076008     0.0430841   
0.0140234    20.5258      0.0445685     0.076008     0.119926     0.0839572   
-0.0186926   0.0445685    20.471        0.0430841    0.0839572    0.115268    

Stress Spherical
0            0            0             0            0            0           
0            0            0             0            0            0           
0            0            0             0            0            0           

Inertia
149.889      -56.2308     -56.3145      0.223583     0.159429     0.0701868   
-56.2308     149.971      -56.239       0.159429     0.0950813    0.155273    
-56.3145     -56.239      149.881       0.0701868    0.155273     0.343234    

Bond Length
0.61990816    0.0025081587

BB bond length
0.61990816    0.0025081587

Water EE distance
0             0           

PEG EE distance
6.9622625     0.23266742  

BBB P2(x)
0.51468196    0.01476642  

BBB first bond length
0.61977357    0.0024366653

BBB second bond length
0.62015255    0.0024518941

BBB <phi**2>/<phi>**2
1.2229441     0.010936705 

Time = 6000
Temperature
1.0042645     0.011989916 

Pressure
23.471089     0.063647368 

CM Mom
-6.2378427e-17 2.112278e-17  
4.7353235e-18  2.9389049e-17 
-4.1616213e-17 1.7680237e-17 
8.3205874e-17  1.8565076e-17 

CM Pos
7.4976992      0.010941691   
7.4923415      0.014065335   
7.5044694      0.012033813   
12.987228      0.010862481   

Stress
20.4603      0.00824241   -0.0070585    0.132977     0.0717739    0.0396948   
0.00824241   20.4502      0.0129166     0.0717739    0.0612212    0.0812471   
-0.0070585   0.0129166    20.4733       0.0396948    0.0812471    0.0948739   

Stress Spherical
0            0            0             0            0            0           
0            0            0             0            0            0           
0            0            0             0            0            0           

Inertia
149.911      -56.2016     -56.3333      0.342274     0.0978236    0.121763    
-56.2016     149.993      -56.2219      0.0978236    0.23917      0.152463    
-56.3333     -56.2219     149.815       0.121763     0.152463     0.192635    

Bond Length
0.62114291    0.0046445753

BB bond length
0.62114291    0.0046445753

Water EE distance
0             0           

PEG EE distance
7.1490129     0.14035245  

BBB P2(x)
0.5231656     0.011714016 

BBB first bond length
0.62092968    0.0045282399

BBB second bond length
0.62117683    0.0048711234

BBB <phi**2>/<phi>**2
1.2247113     0.014327017 

Time = 7000
Temperature
1.0101399     0.0078361513

Pressure
23.493904     0.089914392 

CM Mom
-1.0449762e-16 2.4890384e-17 
1.6966985e-17  1.6382204e-17 
-2.8904215e-17 1.2172383e-17 
1.1174263e-16  2.4346317e-17 

CM Pos
7.5000719      0.012228687   
7.5009426      0.017646436   
7.5037279      0.01370422    
12.993137      0.013693354   

Stress
20.44        -0.0125046   -0.0219914    0.0869918    0.0939994    0.0543743   
-0.0125046   20.5153      0.00936516    0.0939994    0.115571     0.0657295   
-0.0219914   0.00936516   20.4442       0.0543743    0.0657295    0.157576    

Stress Spherical
0            0            0             0            0            0           
0            0            0             0            0            0           
0            0            0             0            0            0           

Inertia
150.018      -56.2472     -56.299       0.281695     0.215737     0.157076    
-56.2472     150.009      -56.2608      0.215737     0.303989     0.192246    
-56.299      -56.2608     149.988       0.157076     0.192246     0.365629    

Bond Length
0.61865999    0.0018282616

BB bond length
0.61865999    0.0018282616

Water EE distance
0             0           

PEG EE distance
6.4889744     0.19625233  

BBB P2(x)
0.52066121    0.011295172 

BBB first bond length
0.61867228    0.001956303 

BBB second bond length
0.61852118    0.0018261413

BBB <phi**2>/<phi>**2
1.2303216     0.014650084 

Time = 8000
Temperature
1.0092212     0.0044935101

Pressure
23.52518      0.07752517  

CM Mom
-1.069561e-16  2.7723623e-17 
1.3605583e-17  2.6757276e-17 
-7.2548657e-18 2.389994e-17  
1.1441197e-16  2.5357679e-17 

CM Pos
7.498589       0.0099035934  
7.5000529      0.010511149   
7.5034313      0.0155787     
12.991591      0.011393207   

Stress
20.5031      0.0236614    -0.00130402   0.0906717    0.0535057    0.0820642   
0.0236614    20.5222      0.0224874     0.0535057    0.133669     0.0684503   
-0.00130402  0.0224874    20.4762       0.0820642    0.0684503    0.0897938   

Stress Spherical
0            0            0             0            0            0           
0            0            0             0            0            0           
0            0            0             0            0            0           

Inertia
149.996      -56.214      -56.2566      0.231607     0.152762     0.17547     
-56.214      149.988      -56.3013      0.152762     0.298544     0.163959    
-56.2566     -56.3013     149.926       0.17547      0.163959     0.211042    

Bond Length
0.61890247    0.0039209137

BB bond length
0.61890247    0.0039209137

Water EE distance
0             0           

PEG EE distance
6.5308408     0.20210698  

BBB P2(x)
0.51077333    0.01356997  

BBB first bond length
0.61915835    0.003867122 

BBB second bond length
0.61919532    0.0039212494

BBB <phi**2>/<phi>**2
1.228797      0.011049128 

Time = 9000
Temperature
1.0137142     0.0070716324

Pressure
23.490597     0.098764682 

CM Mom
-1.1263331e-16 2.6308956e-17 
2.1997563e-17  1.6363808e-17 
1.4466376e-17  1.5371481e-17 
1.1793795e-16  2.5812539e-17 

CM Pos
7.4969578      0.01424632    
7.495604       0.013399138   
7.5080284      0.010132983   
12.99074       0.010432802   

Stress
20.4407      0.0484269    -0.0372353    0.103102     0.0711503    0.0842767   
0.0484269    20.4684      -0.00707375   0.0711503    0.0961464    0.0377578   
-0.0372353   -0.00707375  20.4482       0.0842767    0.0377578    0.135607    

Stress Spherical
0            0            0             0            0            0           
0            0            0             0            0            0           
0            0            0             0            0            0           

Inertia
150.018      -56.151      -56.3295      0.265706     0.159981     0.08369     
-56.151      150.034      -56.2865      0.159981     0.142194     0.174946    
-56.3295     -56.2865     149.869       0.08369      0.174946     0.308593    

Bond Length
0.62194902    0.003551617 

BB bond length
0.62194902    0.003551617 

Water EE distance
0             0           

PEG EE distance
6.7810718     0.27101045  

BBB P2(x)
0.52209673    0.015951077 

BBB first bond length
0.6217417     0.0033987669

BBB second bond length
0.62216107    0.0033984014

BBB <phi**2>/<phi>**2
1.2273704     0.010178358 

Time = 10000
Temperature
1.0081516     0.0093589845

Pressure
23.491481     0.11387669  

CM Mom
-9.0479472e-17 1.0789725e-17 
4.9858508e-18  1.4639809e-17 
1.1041862e-18  3.3882192e-17 
9.7694025e-17  1.2134062e-17 

CM Pos
7.4991822      0.016489401   
7.5027222      0.015192781   
7.5040245      0.015747184   
12.993827      0.01263393    

Stress
20.4663      -0.025574    -0.00286009   0.15851      0.0599462    0.0429368   
-0.025574    20.4869      0.0448997     0.0599462    0.106327     0.0753563   
-0.00286009  0.0448997    20.4568       0.0429368    0.0753563    0.124058    

Stress Spherical
0            0            0             0            0            0           
0            0            0             0            0            0           
0            0            0             0            0            0           

Inertia
150.077      -56.2569     -56.2667      0.368163     0.191277     0.166724    
-56.2569     150.036      -56.3012      0.191277     0.254432     0.17253     
-56.2667     -56.3012     150.013       0.166724     0.17253      0.341458    

Bond Length
0.62033758    0.0024920764

BB bond length
0.62033758    0.0024920764

Water EE distance
0             0           

PEG EE distance
6.5758155     0.22355589  

BBB P2(x)
0.50086704    0.018528387 

BBB first bond length
0.62045069    0.0025476622

BBB second bond length
0.62028793    0.0028415683

BBB <phi**2>/<phi>**2
1.2290039     0.012328918 

Time = 11000
Temperature
1.0129276     0.0080432127

Pressure
23.552418     0.10952706  

CM Mom
-1.0697161e-16 1.9491207e-17 
1.6027987e-17  1.0502697e-17 
-1.9512664e-17 2.145639e-17  
1.1257449e-16  1.8924573e-17 

CM Pos
7.4978475      0.0096391498  
7.5012392      0.013260557   
7.5004654      0.018531487   
12.990142      0.011093578   

Stress
20.5029      -0.0149048   -0.00142119   0.129378     0.0838783    0.0831009   
-0.0149048   20.5182      -0.00405661   0.0838783    0.0809989    0.056834    
-0.00142119  -0.00405661  20.5288       0.0831009    0.056834     0.189027    

Stress Spherical
0            0            0             0            0            0           
0            0            0             0            0            0           
0            0            0             0            0            0           

Inertia
150.023      -56.2363     -56.2262      0.316687     0.183836     0.125029    
-56.2363     149.953      -56.2371      0.183836     0.274376     0.201789    
-56.2262     -56.2371     149.99        0.125029     0.201789     0.331573    

Bond Length
0.61810801    0.0052582474

BB bond length
0.61810801    0.0052582474

Water EE distance
0             0           

PEG EE distance
6.4540708     0.22796747  

BBB P2(x)
0.5086588     0.011552123 

BBB first bond length
0.61771154    0.005131699 

BBB second bond length
0.6177917     0.0053249412

BBB <phi**2>/<phi>**2
1.2303218     0.0070601433

Time = 12000
Temperature
1.0119274     0.007604239 

Pressure
23.480041     0.074266372 

CM Mom
-1.2700145e-16 2.1886665e-17 
8.0185213e-18  1.397844e-17  
-6.407518e-18  1.5577159e-17 
1.2913863e-16  2.1794594e-17 

CM Pos
7.5031861      0.0096892118  
7.5013875      0.016882806   
7.5047659      0.015596335   
12.99579       0.013503661   

Stress
20.4352      0.0191311    0.0181631     0.113011     0.0535712    0.0489791   
0.0191311    20.4664      0.00289432    0.0535712    0.0971538    0.0835849   
0.0181631    0.00289432   20.4401       0.0489791    0.0835849    0.1172      

Stress Spherical
0            0            0             0            0            0           
0            0            0             0            0            0           
0            0            0             0            0            0           

Inertia
150.07       -56.2995     -56.321       0.328853     0.158968     0.174892    
-56.2995     150.13       -56.3296      0.158968     0.296279     0.132282    
-56.321      -56.3296     150.073       0.174892     0.132282     0.339493    

Bond Length
0.62137396    0.0029066062

BB bond length
0.62137396    0.0029066062

Water EE distance
0             0           

PEG EE distance
6.8241981     0.31568751  

BBB P2(x)
0.51972676    0.016010597 

BBB first bond length
0.62101928    0.0029774234

BBB second bond length
0.62126632    0.0030134179

BBB <phi**2>/<phi>**2
1.2275062     0.013653551 

Time = 13000
Temperature
1.010248      0.0081705735

Pressure
23.437186     0.088448224 

CM Mom
-1.1664641e-16 2.0585068e-17 
1.9962886e-17  1.8095816e-17 
-1.3113583e-17 2.2544681e-17 
1.2245877e-16  2.0980535e-17 

CM Pos
7.5054106      0.009336674   
7.5024256      0.012893959   
7.4988342      0.014270997   
12.994245      0.011959908   

Stress
20.3943      0.0365962    -0.0381603    0.109061     0.0521514    0.0904461   
0.0365962    20.4199      -0.0105493    0.0521514    0.130078     0.0863136   
-0.0381603   -0.0105493   20.414        0.0904461    0.0863136    0.126201    

Stress Spherical
0            0            0             0            0            0           
0            0            0             0            0            0           
0            0            0             0            0            0           

Inertia
150.016      -56.3518     -56.2789      0.321422     0.148544     0.119439    
-56.3518     150.06       -56.2728      0.148544     0.209314     0.185952    
-56.2789     -56.2728     150.119       0.119439     0.185952     0.255516    

Bond Length
0.62132242    0.0030494136

BB bond length
0.62132242    0.0030494136

Water EE distance
0             0           

PEG EE distance
6.8000569     0.14224551  

BBB P2(x)
0.51011057    0.016447588 

BBB first bond length
0.62127691    0.0031708363

BBB second bond length
0.62131287    0.002888592 

BBB <phi**2>/<phi>**2
1.2277296     0.017729597 

Time = 14000
Temperature
1.0085271     0.005629412 

Pressure
23.519772     0.13219053  

CM Mom
-9.3606468e-17 1.41666e-17   
2.0820112e-17  2.3374093e-17 
2.4224732e-18  2.2196723e-17 
1.0114024e-16  1.4556898e-17 

CM Pos
7.5024447      0.016622232   
7.4987182      0.012088513   
7.5028381      0.0081548554  
12.992701      0.015478429   

Stress
20.5046      -0.0230854   -0.0150804    0.1476       0.0658799    0.0840379   
-0.0230854   20.4925      0.0272262     0.0658799    0.142904     0.0461805   
-0.0150804   0.0272262    20.4944       0.0840379    0.0461805    0.131806    

Stress Spherical
0            0            0             0            0            0           
0            0            0             0            0            0           
0            0            0             0            0            0           

Inertia
150.042      -56.273      -56.3007      0.185204     0.221598     0.113331    
-56.273      150.104      -56.2678      0.221598     0.263453     0.121878    
-56.3007     -56.2678     150.017       0.113331     0.121878     0.389808    

Bond Length
0.6189011     0.0042038015

BB bond length
0.6189011     0.0042038015

Water EE distance
0             0           

PEG EE distance
7.4266019     0.33718013  

BBB P2(x)
0.50972404    0.016506168 

BBB first bond length
0.61892218    0.004382587 

BBB second bond length
0.61942214    0.0038770197

BBB <phi**2>/<phi>**2
1.2272273     0.011097932 

Time = 15000
Temperature
1.007864      0.0058471608

Pressure
23.508118     0.053999112 

CM Mom
-9.1117041e-17 3.1593607e-17 
2.2184841e-17  1.4511796e-17 
-6.2398595e-18 1.8507964e-17 
9.7601034e-17  2.9304424e-17 

CM Pos
7.5012583      0.01222509    
7.4985699      0.018630903   
7.4969063      0.011452339   
12.988509      0.016968685   

Stress
20.5014      -0.0111652   0.0125304     0.0759062    0.0455491    0.0440205   
-0.0111652   20.5033      0.0196202     0.0455491    0.109693     0.0428554   
0.0125304    0.0196202    20.4578       0.0440205    0.0428554    0.0921809   

Stress Spherical
0            0            0             0            0            0           
0            0            0             0            0            0           
0            0            0             0            0            0           

Inertia
149.923      -56.2646     -56.2356      0.345114     0.250733     0.110369    
-56.2646     149.974      -56.1804      0.250733     0.230345     0.214143    
-56.2356     -56.1804     149.999       0.110369     0.214143     0.428611    

Bond Length
0.61949493    0.0035358208

BB bond length
0.61949493    0.0035358208

Water EE distance
0             0           

PEG EE distance
8.3202149     0.20597763  

BBB P2(x)
0.51330512    0.014518263 

BBB first bond length
0.61940319    0.0038465313

BBB second bond length
0.61935832    0.0037842987

BBB <phi**2>/<phi>**2
1.2213675     0.0076183884

Time = 16000
Temperature
1.0125806     0.0099820094

Pressure
23.471349     0.08235815  

CM Mom
-1.0003203e-16 1.4946628e-17 
1.4023357e-17  1.9557526e-17 
1.5916855e-17  1.6373692e-17 
1.0566168e-16  1.2884644e-17 

CM Pos
7.4976992      0.016949756   
7.4987182      0.023176223   
7.5038762      0.015317477   
12.990572      0.022865855   

Stress
20.4251      0.00796504   -0.0136014    0.0836764    0.0679164    0.0474047   
0.00796504   20.4573      -0.0139268    0.0679164    0.114527     0.038335    
-0.0136014   -0.0139268   20.4274       0.0474047    0.038335     0.133741    

Stress Spherical
0            0            0             0            0            0           
0            0            0             0            0            0           
0            0            0             0            0            0           

Inertia
150.035      -56.2575     -56.2658      0.463531     0.27417      0.206322    
-56.2575     150.004      -56.2955      0.27417      0.384451     0.261798    
-56.2658     -56.2955     149.937       0.206322     0.261798     0.553876    

Bond Length
0.61746291    0.0048486628

BB bond length
0.61746291    0.0048486628

Water EE distance
0             0           

PEG EE distance
8.2065831     0.16105924  

BBB P2(x)
0.51627671    0.013080321 

BBB first bond length
0.6174415     0.0050264086

BBB second bond length
0.6174663     0.0048953849

BBB <phi**2>/<phi>**2
1.2269593     0.015527053 

Time = 17000
Temperature
1.0076275     0.0092683946

Pressure
23.490783     0.10236338  

CM Mom
-9.5794466e-17 3.1718551e-17 
4.2218385e-17  2.5033837e-17 
-8.6327146e-18 1.6841858e-17 
1.1024338e-16  2.8218804e-17 

CM Pos
7.5005168      0.010015103   
7.5009426      0.010877185   
7.5047659      0.016686274   
12.993988      0.013365314   

Stress
20.4461      0.0371606    -0.0320737    0.117904     0.075883     0.0656483   
0.0371606    20.4734      -0.0246229    0.075883     0.117212     0.0774821   
-0.0320737   -0.0246229   20.4932       0.0656483    0.0774821    0.0862858   

Stress Spherical
0            0            0             0            0            0           
0            0            0             0            0            0           
0            0            0             0            0            0           

Inertia
150.072      -56.2444     -56.306       0.249403     0.17017      0.204677    
-56.2444     150.072      -56.3059      0.17017      0.347747     0.131776    
-56.306      -56.3059     150.017       0.204677     0.131776     0.233123    

Bond Length
0.61950347    0.0034102805

BB bond length
0.61950347    0.0034102805

Water EE distance
0             0           

PEG EE distance
7.8540201     0.24016373  

BBB P2(x)
0.51251431    0.015559238 

BBB first bond length
0.61945007    0.0033088162

BBB second bond length
0.61977422    0.0036007047

BBB <phi**2>/<phi>**2
1.2273616     0.011711497 

Time = 18000
Temperature
1.0097575     0.010892428 

Pressure
23.482191     0.1093284   

CM Mom
-1.0303671e-16 3.1725923e-17 
2.1386851e-17  8.5629408e-18 
-1.1052838e-17 1.5404963e-17 
1.078125e-16   2.9828892e-17 

CM Pos
7.4999237      0.0090556903  
7.4966421      0.019042437   
7.5075835      0.018273362   
12.992806      0.008442962   

Stress
20.4055      -0.000432791 0.022691      0.101915     0.0865398    0.0625556   
-0.000432791 20.4903      0.0213002     0.0865398    0.160182     0.0759055   
0.022691     0.0213002    20.472        0.0625556    0.0759055    0.10972     

Stress Spherical
0            0            0             0            0            0           
0            0            0             0            0            0           
0            0            0             0            0            0           

Inertia
150.031      -56.233      -56.3391      0.302529     0.141703     0.121511    
-56.233      150.092      -56.2786      0.141703     0.243461     0.159824    
-56.3391     -56.2786     149.947       0.121511     0.159824     0.342998    

Bond Length
0.61839798    0.0026487721

BB bond length
0.61839798    0.0026487721

Water EE distance
0             0           

PEG EE distance
7.2018197     0.1901393   

BBB P2(x)
0.52321629    0.022114373 

BBB first bond length
0.61817408    0.0026320824

BBB second bond length
0.61861689    0.0027057844

BBB <phi**2>/<phi>**2
1.2370569     0.011967862 

Time = 19000
Temperature
1.0138354     0.006502726 

Pressure
23.483541     0.086411159 

CM Mom
-1.2339953e-16 1.4275741e-17 
9.3134156e-18  1.3559712e-17 
-1.459555e-17  1.8670457e-17 
1.2683802e-16  1.3250612e-17 

CM Pos
7.494585       0.011715274   
7.5061329      0.015627325   
7.4909745      0.010105818   
12.985595      0.018323812   

Stress
20.4164      0.0203267    0.0113684     0.145737     0.0702935    0.075977    
0.0203267    20.4701      -0.0267665    0.0702935    0.0984638    0.0889879   
0.0113684    -0.0267665   20.4487       0.075977     0.0889879    0.124084    

Stress Spherical
0            0            0             0            0            0           
0            0            0             0            0            0           
0            0            0             0            0            0           

Inertia
149.958      -56.243      -56.1637      0.366523     0.226997     0.148576    
-56.243      149.791      -56.2006      0.226997     0.320326     0.159308    
-56.1637     -56.2006     150.034       0.148576     0.159308     0.440866    

Bond Length
0.62085594    0.0039804772

BB bond length
0.62085594    0.0039804772

Water EE distance
0             0           

PEG EE distance
6.8803757     0.20338099  

BBB P2(x)
0.51624147    0.014589343 

BBB first bond length
0.62086894    0.0040178056

BBB second bond length
0.6206166     0.0038667072

BBB <phi**2>/<phi>**2
1.2286012     0.011276265 

Time = 20000
Temperature
1.0106818     0.0091882406

Pressure
23.480227     0.08419676  

CM Mom
-1.2387356e-16 2.1507647e-17 
8.256975e-18   2.8240684e-17 
-1.8397021e-17 1.2992501e-17 
1.2882957e-16  2.4148452e-17 

CM Pos
7.4959197      0.014647424   
7.5050949      0.016484065   
7.5000205      0.014304858   
12.990999      0.014093937   

Stress
20.4254      -0.0362935   -0.0294585    0.103491     0.0662715    0.0677141   
-0.0362935   20.4616      -0.00208297   0.0662715    0.154958     0.048014    
-0.0294585   -0.00208297  20.4666       0.0677141    0.048014     0.106824    

Stress Spherical
0            0            0             0            0            0           
0            0            0             0            0            0           
0            0            0             0            0            0           

Inertia
150.049      -56.2505     -56.2416      0.31177      0.219734     0.142912    
-56.2505     149.937      -56.3087      0.219734     0.324551     0.121901    
-56.2416     -56.3087     150.012       0.142912     0.121901     0.360545    

Bond Length
0.61853541    0.0034481327

BB bond length
0.61853541    0.0034481327

Water EE distance
0             0           

PEG EE distance
6.7029069     0.27249478  

BBB P2(x)
0.50264073    0.016295235 

BBB first bond length
0.61869315    0.0033094611

BBB second bond length
0.61843403    0.0032419851

BBB <phi**2>/<phi>**2
1.2246655     0.012385579 

Time = 21000
Temperature
1.01052       0.0094066314

Pressure
23.516787     0.093419818 

CM Mom
-1.0813904e-16 1.6821544e-17 
1.4041879e-17  2.0783776e-17 
-4.131698e-17  1.8765119e-17 
1.2006673e-16  1.5791111e-17 

CM Pos
7.4987373      0.011685201   
7.500646       0.019604077   
7.509808       0.022139646   
12.995713      0.020519628   

Stress
20.5069      -0.029435    0.0070013     0.0886726    0.0596387    0.0906658   
-0.029435    20.4445      -0.0160269    0.0596387    0.0996352    0.0609496   
0.0070013    -0.0160269   20.5132       0.0906658    0.0609496    0.12693     

Stress Spherical
0            0            0             0            0            0           
0            0            0             0            0            0           
0            0            0             0            0            0           

Inertia
150.164      -56.2197     -56.3078      0.490898     0.199995     0.185428    
-56.2197     150.137      -56.332       0.199995     0.429455     0.216158    
-56.3078     -56.332      150.005       0.185428     0.216158     0.433773    

Bond Length
0.61956979    0.003912159 

BB bond length
0.61956979    0.003912159 

Water EE distance
0             0           

PEG EE distance
7.0435284     0.29541004  

BBB P2(x)
0.51950749    0.011878105 

BBB first bond length
0.61978631    0.0039508627

BBB second bond length
0.61946542    0.0040100125

BBB <phi**2>/<phi>**2
1.2287939     0.014688145 

Time = 22000
Temperature
1.0152141     0.0061848138

Pressure
23.482198     0.080661043 

CM Mom
-9.5433492e-17 1.9811994e-17 
4.6480642e-17  1.9679686e-17 
-4.8609164e-17 1.8116607e-17 
1.2046931e-16  1.503377e-17  

CM Pos
7.5034827      0.017089949   
7.5039085      0.017076432   
7.5047659      0.0070825233  
12.997416      0.015104846   

Stress
20.4431      -0.0319746   0.0146225     0.0851882    0.0787639    0.0411404   
-0.0319746   20.4037      -0.00346852   0.0787639    0.125023     0.12037     
0.0146225    -0.00346852  20.4719       0.0411404    0.12037      0.13011     

Stress Spherical
0            0            0             0            0            0           
0            0            0             0            0            0           
0            0            0             0            0            0           

Inertia
150.107      -56.2907     -56.3272      0.315451     0.150305     0.117436    
-56.2907     150.124      -56.2913      0.150305     0.266933     0.172438    
-56.3272     -56.2913     150.094       0.117436     0.172438     0.354883    

Bond Length
0.61826314    0.0022581923

BB bond length
0.61826314    0.0022581923

Water EE distance
0             0           

PEG EE distance
7.2782055     0.33970938  

BBB P2(x)
0.49951515    0.020123881 

BBB first bond length
0.6183547     0.0022714982

BBB second bond length
0.6184117     0.0022105594

BBB <phi**2>/<phi>**2
1.220544      0.011621586 

Time = 23000
Temperature
1.0116849     0.0089040416

Pressure
23.459472     0.082609252 

CM Mom
-1.0172672e-16 1.4263323e-17 
5.6502285e-17  1.1587708e-17 
-5.4338365e-17 2.9056005e-17 
1.3165722e-16  1.8488826e-17 

CM Pos
7.503631       0.0092894472  
7.5099886      0.022307867   
7.5015035      0.011978864   
12.999138      0.010544103   

Stress
20.4116      -0.0278011   -0.00414741   0.125789     0.0488506    0.112959    
-0.0278011   20.4663      -0.0114112    0.0488506    0.117861     0.0827141   
-0.00414741  -0.0114112   20.4044       0.112959     0.0827141    0.141261    

Stress Spherical
0            0            0             0            0            0           
0            0            0             0            0            0           
0            0            0             0            0            0           

Inertia
150.156      -56.3726     -56.2529      0.307272     0.188063     0.16337     
-56.3726     150.066      -56.3387      0.188063     0.24212      0.152588    
-56.2529     -56.3387     150.197       0.16337      0.152588     0.318082    

Bond Length
0.61836522    0.0020674033

BB bond length
0.61836522    0.0020674033

Water EE distance
0             0           

PEG EE distance
7.9042274     0.22176727  

BBB P2(x)
0.5119049     0.015615452 

BBB first bond length
0.61845389    0.0022411406

BBB second bond length
0.61841842    0.0023797343

BBB <phi**2>/<phi>**2
1.2163429     0.0064122852

Time = 24000
Temperature
1.0092323     0.010373065 

Pressure
23.467539     0.051754599 

CM Mom
-1.0578455e-16 1.8408649e-17 
4.0842028e-17  1.7813546e-17 
-6.0992843e-17 1.6883503e-17 
1.3082682e-16  2.010391e-17  

CM Pos
7.4994788      0.011140864   
7.5010909      0.014476015   
7.5071387      0.0096573842  
12.994846      0.0086988973  

Stress
20.4591      0.0155175    -0.0198359    0.103416     0.0483048    0.0723078   
0.0155175    20.4277      -0.00709251   0.0483048    0.070199     0.0529747   
-0.0198359   -0.00709251  20.4418       0.0723078    0.0529747    0.0737869   

Stress Spherical
0            0            0             0            0            0           
0            0            0             0            0            0           
0            0            0             0            0            0           

Inertia
150.105      -56.2192     -56.2699      0.185808     0.169932     0.147324    
-56.2192     150.089      -56.3316      0.169932     0.261682     0.130759    
-56.2699     -56.3316     150.009       0.147324     0.130759     0.224736    

Bond Length
0.6209129     0.0031551334

BB bond length
0.6209129     0.0031551334

Water EE distance
0             0           

PEG EE distance
7.4253756     0.29729763  

BBB P2(x)
0.50591964    0.021326619 

BBB first bond length
0.62071042    0.0035338702

BBB second bond length
0.62105315    0.0032230039

BBB <phi**2>/<phi>**2
1.2274902     0.010705639 

Time = 25000
Temperature
1.011365      0.0053890338

Pressure
23.518855     0.074685197 

CM Mom
-9.3281509e-17 2.0262693e-17 
5.2195163e-17  2.0752361e-17 
-7.7001074e-17 1.6875893e-17 
1.3473377e-16  1.8104831e-17 

CM Pos
7.4996271      0.012084874   
7.4973836      0.019709241   
7.4985376      0.009147506   
12.98783       0.011369988   

Stress
20.5359      0.0107485    -0.01257      0.10548      0.0632415    0.0618799   
0.0107485    20.4981      -0.0126876    0.0632415    0.0796099    0.0676844   
-0.01257     -0.0126876   20.4293       0.0618799    0.0676844    0.124098    

Stress Spherical
0            0            0             0            0            0           
0            0            0             0            0            0           
0            0            0             0            0            0           

Inertia
149.944      -56.2562     -56.2403      0.309642     0.192381     0.142488    
-56.2562     149.989      -56.2069      0.192381     0.213241     0.134877    
-56.2403     -56.2069     149.969       0.142488     0.134877     0.314195    

Bond Length
0.62150105    0.0048356315

BB bond length
0.62150105    0.0048356315

Water EE distance
0             0           

PEG EE distance
6.7060533     0.22772365  

BBB P2(x)
0.51150383    0.018887725 

BBB first bond length
0.62127915    0.0048740323

BBB second bond length
0.621568      0.0047338309

BBB <phi**2>/<phi>**2
1.2282515     0.0089628841

Time = 26000
Temperature
1.0177698     0.0084994289

Pressure
23.489501     0.089979007 

CM Mom
-1.0369939e-16 1.1846998e-17 
4.6598634e-17  2.9287799e-17 
-6.0852762e-17 1.6296435e-17 
1.3316542e-16  1.2598661e-17 

CM Pos
7.4925089      0.0096892118  
7.5082091      0.011457138   
7.4974995      0.015379803   
12.989369      0.012482436   

Stress
20.3609      0.0274085    -0.0125772    0.147926     0.0654198    0.074138    
0.0274085    20.4999      0.0198831     0.0654198    0.13868      0.0428851   
-0.0125772   0.0198831    20.4568       0.074138     0.0428851    0.0884333   

Stress Spherical
0            0            0             0            0            0           
0            0            0             0            0            0           
0            0            0             0            0            0           

Inertia
150.085      -56.2502     -56.2063      0.313594     0.0915681    0.146703    
-56.2502     149.869      -56.298       0.0915681    0.303187     0.139881    
-56.2063     -56.298      150.008       0.146703     0.139881     0.172402    

Bond Length
0.62034553    0.0020012792

BB bond length
0.62034553    0.0020012792

Water EE distance
0             0           

PEG EE distance
7.4987163     0.26605266  

BBB P2(x)
0.51709607    0.021799113 

BBB first bond length
0.62040759    0.0022999722

BBB second bond length
0.62050688    0.0021730708

BBB <phi**2>/<phi>**2
1.2310161     0.01515677  

Time = 27000
Temperature
1.019217      0.0087047894

Pressure
23.511509     0.099432937 

CM Mom
-9.0754833e-17 2.3895402e-17 
4.9288991e-17  1.3951048e-17 
-4.3141741e-17 9.229295e-18  
1.1435536e-16  1.734093e-17  

CM Pos
7.5000719      0.014932907   
7.5007943      0.014292554   
7.5081767      0.010274152   
12.995622      0.0076007055  

Stress
20.4022      -0.00475963  -0.0178516    0.119945     0.0753688    0.0817058   
-0.00475963  20.4984      -0.010371     0.0753688    0.160814     0.0685772   
-0.0178516   -0.010371    20.47         0.0817058    0.0685772    0.127494    

Stress Spherical
0            0            0             0            0            0           
0            0            0             0            0            0           
0            0            0             0            0            0           

Inertia
150.128      -56.2324     -56.3195      0.287848     0.119599     0.140247    
-56.2324     150.117      -56.3209      0.119599     0.243379     0.170254    
-56.3195     -56.3209     150.01        0.140247     0.170254     0.212041    

Bond Length
0.6211551     0.0027948262

BB bond length
0.6211551     0.0027948262

Water EE distance
0             0           

PEG EE distance
7.3072623     0.24679572  

BBB P2(x)
0.50667079    0.019004699 

BBB first bond length
0.62092029    0.0028422261

BBB second bond length
0.62116508    0.0028466256

BBB <phi**2>/<phi>**2
1.2260533     0.014186919 

Time = 28000
Temperature
1.0109437     0.0078057197

Pressure
23.522723     0.10519036  

CM Mom
-1.0604633e-16 1.6883711e-17 
3.2470319e-17  2.4693602e-17 
-4.8117576e-17 1.3856093e-17 
1.2388184e-16  1.8856349e-17 

CM Pos
7.4950299      0.011736842   
7.5010909      0.012218792   
7.5006137      0.0171977     
12.988512      0.013279377   

Stress
20.5053      0.0350632    0.0155257     0.0983861    0.0736327    0.0742887   
0.0350632    20.4886      -0.00738905   0.0736327    0.118639     0.0836852   
0.0155257    -0.00738905  20.4848       0.0742887    0.0836852    0.153442    

Stress Spherical
0            0            0             0            0            0           
