Time = 500
Temperature
   1.0312777   0.042408906

Pressure
   23.645686    0.17285013

CM Mom
2.0884124e-17  1.9677357e-17 
-6.5981177e-18 2.6031088e-17 
5.1442673e-17  3.6065838e-17 
6.5835467e-17  3.4018852e-17 

CM Pos
7.5010319      0.010952026   
7.4982817      0.014254461   
7.5057159      0.016094598   
12.993305      0.008667499   

Stress
20.5963      0.0598917    -0.0136722    0.115167     0.0958179    0.0433091   
0.0598917    20.541       -0.0649238    0.0958179    0.07355      0.0788414   
-0.0136722   -0.0649238   20.5192       0.0433091    0.0788414    0.0958858   

Stress Spherical
0            0            0             0            0            0           
0            0            0             0            0            0           
0            0            0             0            0            0           

Inertia
149.916      -56.2328     -56.3354      0.36422      0.0800488    0.156149    
-56.2328     149.942      -56.2917      0.0800488    0.285057     0.203499    
-56.3354     -56.2917     149.849       0.156149     0.203499     0.180118    

Bond Length
0.60881844    0.01031718  

BB bond length
0.60881844    0.01031718  

Water EE distance
0             0           

PEG EE distance
3.5642891     0.35811598  

Time = 1000
Temperature
1.0138619     0.0074466787

Pressure
23.495718     0.065901827 

CM Mom
1.5822104e-17  8.143207e-18  
1.1858353e-17  1.8108403e-17 
1.3726454e-17  1.8861401e-17 
3.387518e-17   1.3484277e-17 

CM Pos
7.4936238      0.017089535   
7.501245       0.013098797   
7.4965298      0.0212323     
12.985439      0.01757603    

Stress
20.5034      -0.0368704   -0.0308346    0.0785822    0.0627482    0.0472818   
-0.0368704   20.4115      -0.0330614    0.0627482    0.114523     0.0535816   
-0.0308346   -0.0330614   20.4484       0.0472818    0.0535816    0.123588    

Stress Spherical
0            0            0             0            0            0           
0            0            0             0            0            0           
0            0            0             0            0            0           

Inertia
149.832      -56.1827     -56.2235      0.32659      0.166741     0.282588    
-56.1827     149.727      -56.2784      0.166741     0.524867     0.22567     
-56.2235     -56.2784     149.82        0.282588     0.22567      0.250115    

Bond Length
0.61501123    0.0046083333

BB bond length
0.61501123    0.0046083333

Water EE distance
0             0           

PEG EE distance
3.7027435     0.22367677  

