Time = 1000
Temperature
   1.0908855    0.11879019

Pressure
   23.812529    0.59704002

CM Mom
1.7238568e-17  1.714599e-17  
1.1738461e-17  1.6503527e-17 
-4.2194042e-17 2.0735081e-16 
1.5834552e-16  1.4388433e-16 

CM Pos
7.5016329      0.013152875   
7.496553       0.029451397   
7.4966128      0.013712924   
12.987419      0.013442209   

Stress
20.5333      0.0102734    0.00863359    0.265462     0.0752077    0.0682169   
0.0102734    20.5823      -0.000537271  0.0752077    0.245045     0.0494479   
0.00863359   -0.000537271 20.5079       0.0682169    0.0494479    0.271708    

Stress Spherical
0            0            0             0            0            0           
0            0            0             0            0            0           
0            0            0             0            0            0           

Inertia
149.986      -56.2422     -56.2251      0.848192     0.198609     0.12547     
-56.2422     150.05       -56.1676      0.198609     1.29914      0.203053    
-56.2251     -56.1676     150.082       0.12547      0.203053     0.721538    

Bond Length
0.61883581    0.0040266507

BB bond length
0.61883581    0.0040266507

Water EE distance
0             0           

PEG EE distance
6.6058553     0.1859299   

BBB P2(x)
0.47698029    0.068497471 

BBB first bond length
0.61861471    0.0041518169

BBB second bond length
0.61865362    0.0039648325

BBB <phi**2>/<phi>**2
1.2201141     0.014897726 

Time = 2000
Temperature
1.0102266     0.0053562959

Pressure
23.357461     0.073266166 

CM Mom
1.4893289e-17  1.2893877e-17 
-1.522018e-18  1.8190046e-17 
-4.4785586e-17 3.8530334e-17 
5.9442031e-17  2.6042979e-17 

CM Pos
7.4962974      0.018076357   
7.5088541      0.012589721   
7.5062462      0.012641953   
12.996981      0.0147392     

Stress
20.3621      -0.0284555   0.0245569     0.0941965    0.0851109    0.042093    
-0.0284555   20.3875      -0.0371903    0.0851109    0.0835782    0.0773067   
0.0245569    -0.0371903   20.2343       0.042093     0.0773067    0.149884    

Stress Spherical
0            0            0             0            0            0           
0            0            0             0            0            0           
0            0            0             0            0            0           

Inertia
150.088      -56.291      -56.2356      0.334657     0.192616     0.126136    
-56.291      149.896      -56.3783      0.192616     0.491525     0.129169    
-56.2356     -56.3783     149.938       0.126136     0.129169     0.519364    

Bond Length
0.61800255    0.0016525386

BB bond length
0.61800255    0.0016525386

Water EE distance
0             0           

PEG EE distance
6.9752019     0.15143599  

BBB P2(x)
0.51669569    0.0079055867

BBB first bond length
0.61807427    0.0016667595

BBB second bond length
0.61810054    0.0017272524

BBB <phi**2>/<phi>**2
1.2262688     0.0082470356

