Time = 500
Temperature
   1.0343536   0.044004479

Pressure
   23.029757    0.16397446

CM Mom
-3.4783548e-17 1.3528474e-17 
4.1762108e-17  1.0147689e-17 
1.2834929e-17  7.6474113e-18 
5.7438591e-17  1.2805884e-17 

CM Pos
7.4978535      0.0077143705  
7.5196132      0.0081039464  
7.5095227      0.016535901   
13.005983      0.011271051   

Stress
19.9213      -0.0102065   -0.00977572   0.109923     0.0487646    0.0898663   
-0.0102065   19.9738      -0.020894     0.0487646    0.158709     0.0612568   
-0.00977572  -0.020894    19.8978       0.0898663    0.0612568    0.103146    

Stress Spherical
0            0            0             0            0            0           
0            0            0             0            0            0           
0            0            0             0            0            0           

Inertia
150.187      -56.4587     -56.2841      0.248813     0.11755      0.163231    
-56.4587     149.721      -56.4175      0.11755      0.118907     0.182754    
-56.2841     -56.4175     149.885       0.163231     0.182754     0.352748    

Bond Length
0.61402223    0.0042231754

BB bond length
0.61402223    0.0042231754

Water EE distance
0             0           

PEG EE distance
3.7278674     0.21734592  

Time = 1000
Temperature
1.0106689     0.01229039  

Pressure
22.909413     0.074987807 

CM Mom
-3.8860551e-17 1.3969528e-17 
4.5512995e-17  1.1986669e-17 
-1.9061885e-18 2.0917469e-17 
6.499718e-17   1.1702294e-17 

CM Pos
7.4990404      0.012816899   
7.4988438      0.010925894   
7.4997314      0.0067659505  
12.98901       0.013512803   

Stress
19.8916      0.0179582    -0.0114065    0.0622391    0.0461981    0.0860481   
0.0179582    19.9151      -0.00663851   0.0461981    0.0396756    0.0615433   
-0.0114065   -0.00663851  19.8381       0.0860481    0.0615433    0.0953871   

Stress Spherical
0            0            0             0            0            0           
0            0            0             0            0            0           
0            0            0             0            0            0           

Inertia
149.768      -56.2202     -56.239       0.220621     0.197482     0.165324    
-56.2202     149.628      -56.2251      0.197482     0.164767     0.145985    
-56.239      -56.2251     149.689       0.165324     0.145985     0.183817    

Bond Length
0.61663968    0.0044762445

BB bond length
0.61663968    0.0044762445

Water EE distance
0             0           

PEG EE distance
3.8748673     0.30383995  

