Time = 500
Temperature
    1.036208   0.036110177

Pressure
   22.831434   0.083820173

CM Mom
2.2516241e-18  8.1855045e-18 
-3.68735e-17   1.0715471e-17 
2.5437534e-17  2.0552931e-17 
4.8431644e-17  1.6444319e-17 

CM Pos
7.5141437      0.02692151    
7.509671       0.015213149   
7.4858922      0.031191787   
12.99605       0.026438688   

Stress
19.7808      -0.0129957   0.0132645     0.118133     0.0547917    0.0636205   
-0.0129957   19.6354      0.0242933     0.0547917    0.232577     0.0672482   
0.0132645    0.0242933    19.7632       0.0636205    0.0672482    0.0807904   

Stress Spherical
0            0            0             0            0            0           
0            0            0             0            0            0           
0            0            0             0            0            0           

Inertia
149.566      -56.4694     -56.295       0.361237     0.160756     0.505804    
-56.4694     149.572      -56.1348      0.160756     0.977479     0.162353    
-56.295      -56.1348     150.047       0.505804     0.162353     0.400227    

Bond Length
0.61051393    0.0039867369

BB bond length
0.61051393    0.0039867369

Water EE distance
0             0           

PEG EE distance
3.8248639     0.18346454  

Time = 1000
Temperature
1.0133908     0.011588192 

Pressure
22.676179     0.10833651  

CM Mom
-1.9673991e-17 6.913498e-18  
-4.1679197e-17 6.2284124e-18 
4.1404743e-17  2.1385338e-17 
6.4147666e-17  1.6357667e-17 

CM Pos
7.5177035      0.0047277892  
7.5007716      0.012267026   
7.483519       0.0073506447  
12.991561      0.0074540081  

Stress
19.6055      -0.0133909   -0.0703344    0.0715322    0.0176169    0.039821    
-0.0133909   19.7127      -0.00440459   0.0176169    0.096473     0.0605892   
-0.0703344   -0.00440459  19.6006       0.039821     0.0605892    0.110116    

Stress Spherical
0            0            0             0            0            0           
0            0            0             0            0            0           
0            0            0             0            0            0           

Inertia
149.439      -56.4128     -56.1601      0.210606     0.0845912    0.126611    
-56.4128     149.672      -56.0387      0.0845912    0.204285     0.0698979   
-56.1601     -56.0387     150.006       0.126611     0.0698979    0.171728    

Bond Length
0.61810655    0.001848553 

BB bond length
0.61810655    0.001848553 

Water EE distance
0             0           

PEG EE distance
3.6613684     0.29943458  

