Time = 1000
Temperature
   1.0426195   0.051030705

Pressure
    23.66831    0.33454321

CM Mom
1.5682641e-17  2.1064905e-17 
2.970714e-18   3.1382265e-17 
1.9249872e-17  3.1787075e-17 
5.3020365e-17  1.5911123e-17 

CM Pos
7.5015698      0.010916754   
7.5004181      0.027765881   
7.5043557      0.025694713   
12.994072      0.028865929   

Stress
20.5261      0.0517903    -0.0188072    0.156644     0.0566945    0.0647505   
0.0517903    20.5547      -0.00654288   0.0566945    0.222875     0.095017    
-0.0188072   -0.00654288  20.5526       0.0647505    0.095017     0.232301    

Stress Spherical
0            0            0             0            0            0           
0            0            0             0            0            0           
0            0            0             0            0            0           

Inertia
150.07       -56.2753     -56.3058      0.394435     0.199612     0.164324    
-56.2753     150.078      -56.293       0.199612     0.215571     0.32674     
-56.3058     -56.293      150.049       0.164324     0.32674      0.426095    

Bond Length
0.62225493    0.0041386051

BB bond length
0.62225493    0.0041386051

Water EE distance
0             0           

PEG EE distance
7.101169      0.21632851  

BBB P2(x)
0.48120929    0.070445254 

BBB first bond length
0.62229752    0.0044302936

BBB second bond length
0.62197866    0.0041490946

BBB <phi**2>/<phi>**2
1.2246305     0.021412119 

Time = 2000
Temperature
1.0100897     0.0090027678

Pressure
23.490153     0.11626898  

CM Mom
6.3652274e-19  3.0227511e-17 
-3.0428477e-17 9.3888605e-18 
-4.2555621e-18 2.6090838e-17 
4.9706023e-17  1.2502138e-17 

CM Pos
7.4969713      0.02096828    
7.5033849      0.01779816    
7.5021307      0.019082711   
12.991839      0.023955057   

Stress
20.477       -0.0032209   -0.0298588    0.127452     0.0703669    0.0781701   
-0.0032209   20.4594      0.00646722    0.0703669    0.159126     0.0742061   
-0.0298588   0.00646722   20.4549       0.0781701    0.0742061    0.102442    

Stress Spherical
0            0            0             0            0            0           
0            0            0             0            0            0           
0            0            0             0            0            0           

Inertia
150.005      -56.2119     -56.2166      0.350274     0.220522     0.269917    
-56.2119     149.903      -56.2796      0.220522     0.495947     0.240504    
-56.2166     -56.2796     149.91        0.269917     0.240504     0.410536    

Bond Length
0.6178        0.0034281882

BB bond length
0.6178        0.0034281882

Water EE distance
0             0           

PEG EE distance
7.1171722     0.35488765  

BBB P2(x)
0.51455326    0.022132619 

BBB first bond length
0.61760938    0.0030873687

BBB second bond length
0.61784518    0.0036322705

BBB <phi**2>/<phi>**2
1.2213261     0.0061072912

Time = 3000
Temperature
1.0115451     0.007123968 

Pressure
23.491736     0.093000521 

CM Mom
-1.3315924e-17 7.429335e-18  
-1.9434393e-17 2.3124326e-17 
2.5802777e-17  1.5998423e-17 
4.2370147e-17  1.6475507e-17 

CM Pos
7.4991964      0.01954245    
7.5030882      0.013053797   
7.4941204      0.010325262   
12.988328      0.010645637   

Stress
20.4408      -0.00791531  -0.0433417    0.125149     0.0853685    0.0810322   
-0.00791531  20.4564      -0.0389437    0.0853685    0.0639618    0.0683594   
-0.0433417   -0.0389437   20.4859       0.0810322    0.0683594    0.147407    

Stress Spherical
0            0            0             0            0            0           
0            0            0             0            0            0           
0            0            0             0            0            0           

Inertia
149.895      -56.2572     -56.2038      0.265262     0.191415     0.17588     
-56.2572     149.839      -56.2261      0.191415     0.327727     0.15499     
-56.2038     -56.2261     149.986       0.17588      0.15499      0.276222    

Bond Length
0.6193063     0.003185171 

BB bond length
0.6193063     0.003185171 

Water EE distance
0             0           

PEG EE distance
7.3349711     0.2351944   

BBB P2(x)
0.54011585    0.018086233 

BBB first bond length
0.619305      0.0033444589

BBB second bond length
0.61914168    0.0030793392

BBB <phi**2>/<phi>**2
1.2329798     0.013510576 

Time = 4000
Temperature
1.0101126     0.0064986243

Pressure
23.448878     0.06631762  

CM Mom
-9.5678783e-18 1.9707385e-17 
-4.1357235e-17 1.2619326e-17 
4.3801219e-17  2.3411448e-17 
6.6745284e-17  1.9007979e-17 

CM Pos
7.497268       0.011049982   
7.4980447      0.017810519   
7.5019823      0.013114341   
12.98884       0.0091174529  

Stress
20.4101      0.0356372    0.000925608   0.113336     0.0737391    0.0446541   
0.0356372    20.387       0.00600993    0.0737391    0.122226     0.0517376   
0.000925608  0.00600993   20.4702       0.0446541    0.0517376    0.0714615   

Stress Spherical
0            0            0             0            0            0           
0            0            0             0            0            0           
0            0            0             0            0            0           

Inertia
149.958      -56.1872     -56.2423      0.27263      0.177052     0.120062    
-56.1872     149.928      -56.2437      0.177052     0.19664      0.12882     
-56.2423     -56.2437     149.885       0.120062     0.12882      0.315233    

Bond Length
0.62041159    0.0016002883

BB bond length
0.62041159    0.0016002883

Water EE distance
0             0           

PEG EE distance
7.1395038     0.15546927  

BBB P2(x)
0.51758686    0.014353408 

BBB first bond length
0.62005751    0.001204641 

BBB second bond length
0.62025531    0.0018406875

BBB <phi**2>/<phi>**2
1.2292699     0.015413577 

Time = 5000
Temperature
1.0105532     0.0099614532

Pressure
23.441968     0.11513692  

CM Mom
-2.6705684e-17 1.7259923e-17 
-6.1416897e-17 2.2744808e-17 
5.2634859e-17  2.488126e-17  
9.2055483e-17  1.468855e-17  

CM Pos
7.4945979      0.012168288   
7.4992314      0.012948864   
7.502724       0.018670051   
12.988411      0.013718306   

Stress
20.4136      -0.000549066 -0.0339449    0.0975324    0.0415614    0.0625197   
-0.000549066 20.356       0.0143503     0.0415614    0.119374     0.0490196   
-0.0339449   0.0143503    20.473        0.0625197    0.0490196    0.144817    

Stress Spherical
0            0            0             0            0            0           
0            0            0             0            0            0           
0            0            0             0            0            0           

Inertia
149.986      -56.2245     -56.1827      0.281119     0.154218     0.176575    
-56.2245     149.904      -56.2541      0.154218     0.336865     0.147088    
-56.1827     -56.2541     149.85        0.176575     0.147088     0.277015    

Bond Length
0.61792307    0.0031518267

BB bond length
0.61792307    0.0031518267

Water EE distance
0             0           

PEG EE distance
6.9013803     0.14263165  

BBB P2(x)
0.51357121    0.020042721 

BBB first bond length
0.61825168    0.0033785817

BBB second bond length
0.61779014    0.0030391095

BBB <phi**2>/<phi>**2
1.2224094     0.011612439 

Time = 6000
Temperature
1.0077249     0.006673105 

Pressure
23.464231     0.075914253 

CM Mom
-4.6174935e-17 1.7342542e-17 
-3.5745734e-17 2.0682922e-17 
5.76694e-17    1.5426699e-17 
8.6721067e-17  1.3476963e-17 

CM Pos
7.495933       0.012232315   
7.5021982      0.012357594   
7.4942687      0.010021368   
12.986004      0.012586327   

Stress
20.4268      0.0249722    -0.00422038   0.109039     0.116839     0.0733135   
0.0249722    20.4576      -0.00362667   0.116839     0.10556      0.0669065   
-0.00422038  -0.00362667  20.4504       0.0733135    0.0669065    0.088938    

Stress Spherical
0            0            0             0            0            0           
0            0            0             0            0            0           
0            0            0             0            0            0           

Inertia
149.894      -56.2207     -56.1673      0.256974     0.125916     0.163978    
-56.2207     149.804      -56.2247      0.125916     0.238605     0.165231    
-56.1673     -56.2247     149.944       0.163978     0.165231     0.239571    

Bond Length
0.61927161    0.0025408585

BB bond length
0.61927161    0.0025408585

Water EE distance
0             0           

PEG EE distance
7.0077245     0.24456458  

BBB P2(x)
0.51033786    0.012356612 

BBB first bond length
0.61929339    0.0028244006

BBB second bond length
0.61961138    0.0027883869

BBB <phi**2>/<phi>**2
1.2240124     0.012622924 

Time = 7000
Temperature
1.0095389     0.011014187 

Pressure
23.427017     0.094195836 

CM Mom
-6.3058022e-17 1.6387078e-17 
-3.1215416e-17 2.927392e-17  
4.7713405e-17  2.1758136e-17 
9.0522806e-17  2.5136069e-17 

CM Pos
7.4941529      0.012138413   
7.5053133      0.007720736   
7.5061358      0.0094332158  
12.993625      0.012030702   

Stress
20.3634      0.00775398   -0.031568     0.121819     0.0898203    0.0466261   
0.00775398   20.4405      -0.0327308    0.0898203    0.0941913    0.0570884   
-0.031568    -0.0327308   20.403        0.0466261    0.0570884    0.135055    

Stress Spherical
0            0            0             0            0            0           
0            0            0             0            0            0           
0            0            0             0            0            0           

Inertia
150.142      -56.2332     -56.2659      0.13207      0.146816     0.107411    
-56.2332     149.947      -56.3132      0.146816     0.246045     0.0712819   
-56.2659     -56.3132     149.952       0.107411     0.0712819    0.316384    

Bond Length
0.62095317    0.0041602946

BB bond length
0.62095317    0.0041602946

Water EE distance
0             0           

PEG EE distance
7.0482105     0.27334876  

BBB P2(x)
0.52289314    0.0096502161

BBB first bond length
0.62057388    0.0038622718

BBB second bond length
0.62080284    0.0042745759

BBB <phi**2>/<phi>**2
1.2257993     0.0074791647

Time = 8000
Temperature
1.0139655     0.0098413884

Pressure
23.491355     0.068834243 

CM Mom
-8.5927826e-17 1.5954846e-17 
-3.9010761e-17 1.1192103e-17 
2.8702125e-17  1.7896121e-17 
1.0115845e-16  1.4010765e-17 

CM Pos
7.4983064      0.021385468   
7.4992314      0.0096591103  
7.5025757      0.0083860526  
12.990465      0.011848591   

Stress
20.4882      -0.0293245   -0.0355848    0.108025     0.0673615    0.0700824   
-0.0293245   20.4715      0.00640601    0.0673615    0.110982     0.0897664   
-0.0355848   0.00640601   20.4004       0.0700824    0.0897664    0.0932845   

Stress Spherical
0            0            0             0            0            0           
0            0            0             0            0            0           
0            0            0             0            0            0           

Inertia
149.995      -56.2463     -56.2891      0.172294     0.161177     0.185667    
-56.2463     149.977      -56.2482      0.161177     0.287468     0.0953812   
-56.2891     -56.2482     149.961       0.185667     0.0953812    0.335883    

Bond Length
0.6209525     0.0020969231

BB bond length
0.6209525     0.0020969231

Water EE distance
0             0           

PEG EE distance
7.5671501     0.38627945  

BBB P2(x)
0.52248613    0.016971058 

BBB first bond length
0.62071677    0.0023720616

BBB second bond length
0.62101709    0.0021642584

BBB <phi**2>/<phi>**2
1.2222044     0.020258531 

Time = 9000
Temperature
1.0084584     0.0060629888

Pressure
23.472777     0.081923046 

CM Mom
-9.4159253e-17 2.0348107e-17 
-3.87288e-17   1.3680413e-17 
1.4880057e-17  1.8563279e-17 
1.0546029e-16  2.0278627e-17 

CM Pos
7.5020149      0.015464967   
7.5010115      0.017958164   
7.5002023      0.015673432   
12.992273      0.0095132142  

Stress
20.4736      0.0408336    -0.0420255    0.082259     0.0354114    0.0584913   
0.0408336    20.4422      -0.0267444    0.0354114    0.120605     0.0761091   
-0.0420255   -0.0267444   20.4381       0.0584913    0.0761091    0.113408    

Stress Spherical
0            0            0             0            0            0           
0            0            0             0            0            0           
0            0            0             0            0            0           

Inertia
150.003      -56.2566     -56.2904      0.113443     0.205155     0.144447    
-56.2566     150          -56.2503      0.205155     0.301533     0.0667428   
-56.2904     -56.2503     150.046       0.144447     0.0667428    0.378089    

Bond Length
0.61817861    0.0034709714

BB bond length
0.61817861    0.0034709714

Water EE distance
0             0           

PEG EE distance
7.3196769     0.23328827  

BBB P2(x)
0.52508387    0.022753457 

BBB first bond length
0.61853518    0.0038689391

BBB second bond length
0.618472      0.0034920238

BBB <phi**2>/<phi>**2
1.2336399     0.013679291 

Time = 10000
Temperature
1.0167494     0.0055697796

Pressure
23.47034      0.074800268 

CM Mom
-8.371221e-17  2.3742662e-17 
-7.8422402e-17 1.9767233e-17 
9.0287965e-18  1.9875669e-17 
1.1946272e-16  1.7818104e-17 

CM Pos
7.4993448      0.010779839   
7.5039783      0.019587438   
7.502279       0.016518288   
12.99364       0.012403075   

Stress
20.4342      -0.0132103   -0.0287161    0.092889     0.0787205    0.0393989   
-0.0132103   20.4449      0.0332245     0.0787205    0.112351     0.0524427   
-0.0287161   0.0332245    20.3929       0.0393989    0.0524427    0.131445    

Stress Spherical
0            0            0             0            0            0           
0            0            0             0            0            0           
0            0            0             0            0            0           

Inertia
150.078      -56.243      -56.2584      0.369417     0.239029     0.0920519   
-56.243      150.007      -56.3169      0.239029     0.188313     0.193931    
-56.2584     -56.3169     150.045       0.0920519    0.193931     0.359978    

Bond Length
0.61884326    0.0028846134

BB bond length
0.61884326    0.0028846134

Water EE distance
0             0           

PEG EE distance
6.8946831     0.26845938  

BBB P2(x)
0.51009839    0.01277403  

BBB first bond length
0.61883479    0.0025587831

BBB second bond length
0.61916458    0.002967494 

BBB <phi**2>/<phi>**2
1.2265294     0.012722197 

Time = 11000
Temperature
1.0087782     0.0072567767

Pressure
23.480548     0.075792026 

CM Mom
-6.2503844e-17 1.1202587e-17 
-1.0062769e-16 3.7920733e-17 
-7.8762484e-18 1.97564e-17   
1.2238787e-16  3.2706273e-17 

CM Pos
7.5015698      0.014147491   
7.4938912      0.020145672   
7.5002023      0.016184551   
12.987902      0.015724155   

Stress
20.4906      -0.00769891  0.00810887    0.0872927    0.0992504    0.0555888   
-0.00769891  20.4435      0.0313158     0.0992504    0.0937287    0.0808744   
0.00810887   0.0313158    20.4403       0.0555888    0.0808744    0.089543    

Stress Spherical
0            0            0             0            0            0           
0            0            0             0            0            0           
0            0            0             0            0            0           

Inertia
149.901      -56.1867     -56.2734      0.311746     0.199872     0.205516    
-56.1867     150.008      -56.1768      0.199872     0.312565     0.158558    
-56.2734     -56.1768     149.926       0.205516     0.158558     0.362742    

Bond Length
0.61924974    0.0034842237

BB bond length
0.61924974    0.0034842237

Water EE distance
0             0           

PEG EE distance
7.5610854     0.24450498  

BBB P2(x)
0.52373482    0.01830728  

BBB first bond length
0.6193035     0.0037443153

BBB second bond length
0.61930348    0.0037089973

BBB <phi**2>/<phi>**2
1.2340416     0.014333988 

Time = 12000
Temperature
1.0112118     0.0054030124

Pressure
23.468684     0.068961303 

CM Mom
-9.8306532e-17 1.7600078e-17 
-7.5610338e-17 2.1240986e-17 
-1.8834101e-17 1.8554472e-17 
1.2860324e-16  1.7384982e-17 

CM Pos
7.5021632      0.011056949   
7.5020499      0.022294755   
7.5116243      0.012726899   
12.999551      0.013122648   

Stress
20.432       0.0305331    -0.0261074    0.0838199    0.0496138    0.0842768   
0.0305331    20.4873      -0.0017423    0.0496138    0.0654951    0.0507657   
-0.0261074   -0.0017423   20.3975       0.0842768    0.0507657    0.183395    

Stress Spherical
0            0            0             0            0            0           
0            0            0             0            0            0           
0            0            0             0            0            0           

Inertia
150.202      -56.3344     -56.3576      0.298466     0.219473     0.110809    
-56.3344     150.186      -56.3329      0.219473     0.259176     0.126646    
-56.3576     -56.3329     150.066       0.110809     0.126646     0.361629    

Bond Length
0.62238916    0.0033450414

BB bond length
0.62238916    0.0033450414

Water EE distance
0             0           

PEG EE distance
7.4633565     0.39140731  

BBB P2(x)
0.51381175    0.014657783 

BBB first bond length
0.62266754    0.0032484676

BBB second bond length
0.62232902    0.0035602071

BBB <phi**2>/<phi>**2
1.2175239     0.014821064 

Time = 13000
Temperature
1.0133551     0.006983309 

Pressure
23.45713      0.070665478 

CM Mom
-7.812404e-17  2.190862e-17  
-1.0637807e-16 1.2185615e-17 
-3.8137841e-18 2.3735048e-17 
1.3537134e-16  1.7338843e-17 

CM Pos
7.4950429      0.014851651   
7.4974514      0.014681776   
7.5082125      0.020414756   
12.990809      0.021057505   

Stress
20.4323      -0.00387623  0.00243491    0.0776218    0.0456983    0.0548701   
-0.00387623  20.4401      0.0258388     0.0456983    0.132161     0.0783926   
0.00243491   0.0258388    20.3905       0.0548701    0.0783926    0.123175    

Stress Spherical
0            0            0             0            0            0           
0            0            0             0            0            0           
0            0            0             0            0            0           

Inertia
150.055      -56.2189     -56.2717      0.437919     0.196304     0.243938    
-56.2189     150.011      -56.2962      0.196304     0.429501     0.21024     
-56.2717     -56.2962     149.862       0.243938     0.21024      0.342373    

Bond Length
0.61865483    0.0022495284

BB bond length
0.61865483    0.0022495284

Water EE distance
0             0           

PEG EE distance
7.4319031     0.34613997  

BBB P2(x)
0.50395669    0.014523968 

BBB first bond length
0.6182722     0.0023046353

BBB second bond length
0.61873851    0.002070466 

BBB <phi**2>/<phi>**2
1.2244491     0.013203755 

Time = 14000
Temperature
1.01053       0.0081656144

Pressure
23.498226     0.050427884 

CM Mom
-8.3049337e-17 2.4792293e-17 
-9.4427284e-17 1.3948702e-17 
-2.2565129e-17 1.2936327e-17 
1.2976536e-16  2.1457228e-17 

CM Pos
7.5003831      0.011199319   
7.4970063      0.01068141    
7.4997572      0.016913854   
12.988747      0.013921146   

Stress
20.4762      0.00118905   -0.0450182    0.0974961    0.0621672    0.0617255   
0.00118905   20.4641      -0.00714614   0.0621672    0.104995     0.0641926   
-0.0450182   -0.00714614  20.4713       0.0617255    0.0641926    0.0871479   

Stress Spherical
0            0            0             0            0            0           
0            0            0             0            0            0           
0            0            0             0            0            0           

Inertia
149.957      -56.2061     -56.2714      0.289081     0.180945     0.1136      
-56.2061     149.981      -56.2034      0.180945     0.298474     0.202143    
-56.2714     -56.2034     149.959       0.1136       0.202143     0.329514    

Bond Length
0.62075581    0.0018310006

BB bond length
0.62075581    0.0018310006

Water EE distance
0             0           

PEG EE distance
7.9521665     0.42458775  

BBB P2(x)
0.51504907    0.017827889 

BBB first bond length
0.62053459    0.0018944123

BBB second bond length
0.62088882    0.0020550172

BBB <phi**2>/<phi>**2
1.2194124     0.015292108 

Time = 15000
Temperature
1.0125103     0.0050142382

Pressure
23.521532     0.083822133 

CM Mom
-7.9347679e-17 1.9580765e-17 
-8.9048955e-17 2.3885658e-17 
-2.5235766e-17 1.6028516e-17 
1.2526205e-16  1.9567281e-17 

CM Pos
7.5027566      0.014925547   
7.5035332      0.019001822   
7.5080642      0.014943964   
12.998688      0.017668427   

Stress
20.5219      0.0143254    -0.0165454    0.12084      0.060638     0.0452743   
0.0143254    20.4658      0.0376907     0.060638     0.102328     0.0639056   
-0.0165454   0.0376907    20.4759       0.0452743    0.0639056    0.130116    

Stress Spherical
0            0            0             0            0            0           
0            0            0             0            0            0           
0            0            0             0            0            0           

Inertia
150.154      -56.2876     -56.3213      0.366189     0.229366     0.168777    
-56.2876     150.13       -56.3551      0.229366     0.289089     0.229478    
-56.3213     -56.3551     150.084       0.168777     0.229478     0.409676    

Bond Length
0.61854698    0.0033052378

BB bond length
0.61854698    0.0033052378

Water EE distance
0             0           

PEG EE distance
8.112483      0.19430849  

BBB P2(x)
0.52024554    0.017636296 

BBB first bond length
0.61841692    0.0034235148

BBB second bond length
0.61871422    0.0033270456

BBB <phi**2>/<phi>**2
1.2284563     0.0065071547

Time = 16000
Temperature
1.0154255     0.0093745837

Pressure
23.505866     0.057717648 

CM Mom
-1.0182147e-16 1.2134275e-17 
-8.5458325e-17 1.4160902e-17 
-7.7519083e-18 1.1224764e-17 
1.3434008e-16  1.2543494e-17 

CM Pos
7.5023115      0.012429501   
7.4986381      0.012199892   
7.5045041      0.01017499    
12.993541      0.01164294    

Stress
20.4666      0.0231284    -0.00499236   0.122512     0.0654793    0.076934    
0.0231284    20.4578      0.0399382     0.0654793    0.0714381    0.0792676   
-0.00499236  0.0399382    20.4662       0.076934     0.0792676    0.044431    

Stress Spherical
0            0            0             0            0            0           
0            0            0             0            0            0           
0            0            0             0            0            0           

Inertia
150.058      -56.2621     -56.2745      0.294584     0.122116     0.150108    
-56.2621     150.086      -56.3105      0.122116     0.254783     0.13947     
-56.2745     -56.3105     150           0.150108     0.13947      0.162433    

Bond Length
0.62085101    0.0035394984

BB bond length
0.62085101    0.0035394984

Water EE distance
0             0           

PEG EE distance
7.8766959     0.24220886  

BBB P2(x)
0.52432897    0.015735178 

BBB first bond length
0.62136086    0.0035659733

BBB second bond length
0.62052218    0.0035691454

BBB <phi**2>/<phi>**2
1.2256595     0.014890288 

Time = 17000
Temperature
1.0124996     0.010107399 

Pressure
23.446096     0.071790944 

CM Mom
-1.0686473e-16 2.9081538e-17 
-8.8698717e-17 1.9759298e-17 
-3.7835088e-17 3.6216167e-17 
1.4891623e-16  3.3026674e-17 

CM Pos
7.5048333      0.0089986655  
7.5045716      0.015882625   
7.5045041      0.014324472   
12.998423      0.015046936   

Stress
20.3975      -0.0285313   0.0197962     0.0827487    0.0655779    0.089341    
-0.0285313   20.3749      -0.0204528    0.0655779    0.0925838    0.0551869   
0.0197962    -0.0204528   20.4651       0.089341     0.0551869    0.107119    

Stress Spherical
0            0            0             0            0            0           
0            0            0             0            0            0           
0            0            0             0            0            0           

Inertia
150.14       -56.3494     -56.2951      0.352781     0.143781     0.135559    
-56.3494     150.121      -56.3367      0.143781     0.262302     0.185831    
-56.2951     -56.3367     150.119       0.135559     0.185831     0.257156    

Bond Length
0.61935227    0.0036051816

BB bond length
0.61935227    0.0036051816

Water EE distance
0             0           

PEG EE distance
7.8936103     0.33591931  

BBB P2(x)
0.51754603    0.016983092 

BBB first bond length
0.61928987    0.0034863207

BBB second bond length
0.61887239    0.0034422504

BBB <phi**2>/<phi>**2
1.2319476     0.0099409478

Time = 18000
Temperature
1.008401      0.0068493806

Pressure
23.471194     0.09002419  

CM Mom
-9.6844644e-17 7.5477395e-18 
-8.75496e-17   2.4994985e-17 
-4.2033009e-17 1.0215264e-17 
1.3894523e-16  1.7055305e-17 

CM Pos
7.4966747      0.013631826   
7.4984897      0.010763497   
7.5048008      0.012674924   
12.990376      0.010107765   

Stress
20.4497      -0.0289028   -0.052407     0.0970762    0.0785665    0.0574008   
-0.0289028   20.442       0.00620802    0.0785665    0.120677     0.102663    
-0.052407    0.00620802   20.4579       0.0574008    0.102663     0.130755    

Stress Spherical
0            0            0             0            0            0           
0            0            0             0            0            0           
0            0            0             0            0            0           

Inertia
150.055      -56.2173     -56.3087      0.174089     0.165173     0.16538     
-56.2173     149.979      -56.282       0.165173     0.342063     0.112632    
-56.3087     -56.282      149.921       0.16538      0.112632     0.244501    

Bond Length
0.61865771    0.0021136736

BB bond length
0.61865771    0.0021136736

Water EE distance
0             0           

PEG EE distance
7.4413083     0.17295921  

BBB P2(x)
0.52253227    0.0099081403

BBB first bond length
0.61865898    0.0022519117

BBB second bond length
0.61894903    0.0018573567

BBB <phi**2>/<phi>**2
1.2309889     0.014022008 

Time = 19000
Temperature
1.0094001     0.0063901942

Pressure
23.456784     0.069189728 

CM Mom
-9.2705324e-17 1.0910723e-17 
-9.4392288e-17 2.11187e-17   
-6.757242e-17  1.4883504e-17 
1.5024091e-16  1.6865436e-17 

CM Pos
7.4879227      0.018434616   
7.5063517      0.014963829   
7.5028724      0.0089790819  
12.988756      0.015656297   

Stress
20.4077      -0.0208854   -0.0314792    0.103489     0.0526105    0.054292    
-0.0208854   20.383       -0.00819178   0.0526105    0.13586      0.0594565   
-0.0314792   -0.00819178  20.5068       0.054292     0.0594565    0.122186    

Stress Spherical
0            0            0             0            0            0           
0            0            0             0            0            0           
0            0            0             0            0            0           

Inertia
150.118      -56.2104     -56.1778      0.275193     0.181024     0.15654     
-56.2104     149.833      -56.3207      0.181024     0.325774     0.164158    
-56.1778     -56.3207     149.891       0.15654      0.164158     0.374845    

Bond Length
0.619357      0.0037003229

BB bond length
0.619357      0.0037003229

Water EE distance
0             0           

PEG EE distance
7.074152      0.18162713  

BBB P2(x)
0.51205339    0.017219477 

BBB first bond length
0.6192753     0.0039077836

BBB second bond length
0.61929255    0.0039638408

BBB <phi**2>/<phi>**2
1.2212147     0.013819345 

Time = 20000
Temperature
1.0143628     0.0080775202

Pressure
23.515411     0.0704604   

CM Mom
-1.4277817e-16 2.1358683e-17 
-8.7919876e-17 2.0213881e-17 
-3.9393045e-17 1.3277013e-17 
1.7331511e-16  2.5889566e-17 

CM Pos
7.495488       0.008999888   
7.5017532      0.014565159   
7.492637       0.0098004569  
12.984548      0.012300482   

Stress
20.5347      -0.0426511   -0.0436636    0.109354     0.0696512    0.051844    
-0.0426511   20.4212      0.0186702     0.0696512    0.10319      0.0762069   
-0.0436636   0.0186702    20.4728       0.051844     0.0762069    0.0987604   

Stress Spherical
0            0            0             0            0            0           
0            0            0             0            0            0           
0            0            0             0            0            0           

Inertia
149.901      -56.2557     -56.1352      0.23385      0.196193     0.111337    
-56.2557     149.786      -56.2032      0.196193     0.180367     0.147033    
-56.1352     -56.2032     149.925       0.111337     0.147033     0.290863    

Bond Length
0.62092526    0.0043461114

BB bond length
0.62092526    0.0043461114

Water EE distance
0             0           

PEG EE distance
7.3905003     0.36974361  

BBB P2(x)
0.52123747    0.01338528  

BBB first bond length
0.62096927    0.0048425566

BBB second bond length
0.62093059    0.0043425739

BBB <phi**2>/<phi>**2
1.2227699     0.010297427 

Time = 21000
Temperature
1.0069713     0.010623234 

Pressure
23.456752     0.062545508 

CM Mom
-1.2801587e-16 2.0706824e-17 
-7.913523e-17  3.2688053e-17 
-4.4021628e-17 1.3657333e-17 
1.6128543e-16  1.6098575e-17 

CM Pos
7.5020149      0.011383478   
7.4941879      0.015404377   
7.4993122      0.014166143   
12.987813      0.0066172919  

Stress
20.4688      0.044467     -0.0206697    0.0833453    0.0669253    0.0605169   
0.044467     20.4111      -0.0472469    0.0669253    0.0858172    0.072029    
-0.0206697   -0.0472469   20.4393       0.0605169    0.072029     0.0970605   

Stress Spherical
0            0            0             0            0            0           
0            0            0             0            0            0           
0            0            0             0            0            0           

Inertia
149.889      -56.2464     -56.2642      0.160435     0.170437     0.127693    
-56.2464     150          -56.2248      0.170437     0.204764     0.0904856   
-56.2642     -56.2248     149.924       0.127693     0.0904856    0.282464    

Bond Length
0.62051718    0.0022226341

BB bond length
0.62051718    0.0022226341

Water EE distance
0             0           

PEG EE distance
7.1865159     0.30845619  

BBB P2(x)
0.51300653    0.018005179 

BBB first bond length
0.62091655    0.0023524007

BBB second bond length
0.62041571    0.0024441932

BBB <phi**2>/<phi>**2
1.2201761     0.013745735 

Time = 22000
Temperature
1.0141246     0.010239291 

Pressure
23.451725     0.055027495 

CM Mom
-1.4168752e-16 1.7116907e-17 
-4.3777064e-17 2.9459042e-17 
-6.2354526e-17 2.1686226e-17 
1.6528542e-16  1.3846265e-17 

CM Pos
7.5021632      0.013559804   
7.4980447      0.015709892   
7.5102893      0.016772105   
12.996467      0.011058153   

Stress
20.4039      0.0421548    0.00606338    0.104935     0.089162     0.0817736   
0.0421548    20.4096      -0.0125553    0.089162     0.0724307    0.0805993   
0.00606338   -0.0125553   20.4262       0.0817736    0.0805993    0.130246    

Stress Spherical
0            0            0             0            0            0           
0            0            0             0            0            0           
0            0            0             0            0            0           

Inertia
150.124      -56.2709     -56.3122      0.397076     0.132326     0.101572    
-56.2709     150.162      -56.2937      0.132326     0.209697     0.163755    
-56.3122     -56.2937     149.991       0.101572     0.163755     0.29585     

Bond Length
0.6201774     0.0039171894

BB bond length
0.6201774     0.0039171894

Water EE distance
0             0           

PEG EE distance
7.5937719     0.1824403   

BBB P2(x)
0.52387787    0.016362217 

BBB first bond length
0.62035487    0.0038409731

BBB second bond length
0.62026118    0.003747656 

BBB <phi**2>/<phi>**2
1.2269208     0.010017439 

Time = 23000
Temperature
1.0090705     0.0066540842

Pressure
23.496112     0.076222914 

CM Mom
-1.2606362e-16 1.9342779e-17 
-4.536446e-17  2.2598441e-17 
-6.405192e-17  1.5810777e-17 
1.5078578e-16  2.1238681e-17 

CM Pos
7.5012732      0.0093158535  
7.5014565      0.017289563   
7.5043557      0.010472327   
12.994479      0.017876287   

Stress
20.4634      -0.0331613   -0.0299147    0.122476     0.0732583    0.0395127   
-0.0331613   20.4309      -0.0171302    0.0732583    0.0902426    0.0860169   
-0.0299147   -0.0171302   20.524        0.0395127    0.0860169    0.106572    

Stress Spherical
0            0            0             0            0            0           
0            0            0             0            0            0           
0            0            0             0            0            0           

Inertia
150.08       -56.2927     -56.3286      0.314025     0.232625     0.151322    
-56.2927     150.067      -56.269       0.232625     0.230229     0.198867    
-56.3286     -56.269      150.032       0.151322     0.198867     0.325808    

Bond Length
0.61823153    0.0042331078

BB bond length
0.61823153    0.0042331078

Water EE distance
0             0           

PEG EE distance
7.1394129     0.22059843  

BBB P2(x)
0.50255029    0.014793498 

BBB first bond length
0.61831777    0.0043174326

BBB second bond length
0.61859462    0.0043650825

BBB <phi**2>/<phi>**2
1.2247237     0.015033136 

Time = 24000
Temperature
1.010259      0.0043430896

Pressure
23.464332     0.087780028 

CM Mom
-9.3491714e-17 1.6665509e-17 
-3.5962025e-17 2.3776929e-17 
-6.4521832e-17 1.9712091e-17 
1.2331258e-16  1.4922851e-17 

CM Pos
7.4999381      0.012744177   
7.497303       0.010738937   
7.4976805      0.011109562   
12.987457      0.013930328   

Stress
20.4735      0.0398275    -0.0152777    0.129917     0.0569524    0.0575584   
0.0398275    20.4251      0.0173763     0.0569524    0.122189     0.0844424   
-0.0152777   0.0173763    20.4137       0.0575584    0.0844424    0.093778    

Stress Spherical
0            0            0             0            0            0           
0            0            0             0            0            0           
0            0            0             0            0            0           

Inertia
149.912      -56.2355     -56.2183      0.29301      0.125176     0.169757    
-56.2355     149.933      -56.1982      0.125176     0.257249     0.136269    
-56.2183     -56.1982     149.95        0.169757     0.136269     0.323659    

Bond Length
0.61923871    0.0038363857

BB bond length
0.61923871    0.0038363857

Water EE distance
0             0           

PEG EE distance
7.0025102     0.19394838  

BBB P2(x)
0.51451882    0.014432477 

BBB first bond length
0.61896771    0.0035829831

BBB second bond length
0.61897116    0.0038298873

BBB <phi**2>/<phi>**2
1.2258505     0.014153836 

Time = 25000
Temperature
1.0139986     0.0047417231

Pressure
23.504128     0.065117947 

CM Mom
-9.8864965e-17 1.2380852e-17 
-4.7039003e-17 7.8476099e-18 
-4.2864139e-17 2.2358455e-17 
1.2026967e-16  8.6175396e-18 

CM Pos
7.50691        0.011999851   
7.4995281      0.010651497   
7.5033174      0.014982199   
12.996029      0.010655153   

Stress
20.4914      -0.00512425  -0.013543     0.112483     0.0813718    0.0891594   
-0.00512425  20.4377      0.00942787    0.0813718    0.109723     0.0947464   
-0.013543    0.00942787   20.469        0.0891594    0.0947464    0.102232    

Stress Spherical
0            0            0             0            0            0           
0            0            0             0            0            0           
0            0            0             0            0            0           

Inertia
150.041      -56.295      -56.3247      0.198088     0.180122     0.131532    
-56.295      150.145      -56.2547      0.180122     0.261499     0.0827961   
-56.3247     -56.2547     150.09        0.131532     0.0827961    0.308512    

Bond Length
0.62002777    0.0025033405

BB bond length
0.62002777    0.0025033405

Water EE distance
0             0           

PEG EE distance
7.0139478     0.21218847  

BBB P2(x)
0.50801792    0.023319813 

BBB first bond length
0.61974641    0.0027190045

BBB second bond length
0.61992174    0.0025308363

BBB <phi**2>/<phi>**2
1.2257126     0.015807753 

Time = 26000
Temperature
1.0060159     0.0088861404

Pressure
23.487903     0.088830483 

CM Mom
-7.093427e-17  1.9138406e-17 
-5.2433904e-17 1.6765422e-17 
-3.8596088e-17 1.1799965e-17 
9.8506164e-17  1.8808931e-17 

CM Pos
7.5040916      0.0086812944  
7.5030882      0.011870796   
7.4988672      0.014580259   
12.993887      0.008425313   

Stress
20.4584      0.0066893    0.0038244     0.118572     0.0688214    0.0851895   
0.0066893    20.5196      0.0038458     0.0688214    0.128014     0.0626374   
0.0038244    0.0038458    20.4432       0.0851895    0.0626374    0.108235    

Stress Spherical
0            0            0             0            0            0           
0            0            0             0            0            0           
0            0            0             0            0            0           

Inertia
150.014      -56.3068     -56.2394      0.252485     0.12805      0.126527    
-56.3068     150.041      -56.2875      0.12805      0.240151     0.148699    
-56.2394     -56.2875     150.101       0.126527     0.148699     0.277645    

Bond Length
0.62024934    0.0031918521

BB bond length
0.62024934    0.0031918521

Water EE distance
0             0           

PEG EE distance
7.2695468     0.24212908  

BBB P2(x)
0.51519455    0.016436723 

BBB first bond length
0.61985302    0.0033083023

BBB second bond length
0.62022948    0.0029890022

BBB <phi**2>/<phi>**2
1.2352759     0.021573287 

Time = 27000
Temperature
1.0116018     0.0071408142

Pressure
23.465259     0.075662072 

CM Mom
-7.9878526e-17 1.3877167e-17 
-7.7338474e-17 2.3094734e-17 
-2.0990154e-17 1.9754666e-17 
1.1648013e-16  1.8734311e-17 

CM Pos
7.5026082      0.016981369   
7.5045716      0.016102769   
7.5089542      0.019229742   
12.999724      0.014932789   

Stress
20.4457      0.0202048    0.0310325     0.112251     0.0517067    0.0671218   
0.0202048    20.4503      0.0104487     0.0517067    0.11196      0.108981    
0.0310325    0.0104487    20.407        0.0671218    0.108981     0.127193    

Stress Spherical
0            0            0             0            0            0           
0            0            0             0            0            0           
0            0            0             0            0            0           

Inertia
150.197      -56.3095     -56.3147      0.425842     0.139737     0.191406    
-56.3095     150.182      -56.3723      0.139737     0.402924     0.257204    
-56.3147     -56.3723     150.112       0.191406     0.257204     0.219539    

Bond Length
0.61999686    0.0023078891

BB bond length
0.61999686    0.0023078891

Water EE distance
0             0           

PEG EE distance
6.8873449     0.17656443  

BBB P2(x)
0.50692427    0.010431215 

BBB first bond length
0.61981769    0.0024888684

BBB second bond length
0.62035023    0.0023656034

BBB <phi**2>/<phi>**2
1.2201044     0.010046557 

Time = 28000
Temperature
1.0081526     0.008189264 

Pressure
23.433847     0.074847745 

CM Mom
-8.5172864e-17 1.6572324e-17 
-4.0513753e-17 1.7824434e-17 
-1.0361679e-17 1.6870535e-17 
9.8101719e-17  1.6005165e-17 

CM Pos
7.5034982      0.012150191   
7.5020499      0.013763553   
7.5074709      0.01241533    
12.997907      0.015890734   

Stress
20.3755      0.00761751   -0.0520695    0.108938     0.0684517    0.0962815   
0.00761751   20.4259      0.010309      0.0684517    0.0861702    0.0896928   
-0.0520695   0.010309     20.4384       0.0962815    0.0896928    0.128023    

Stress Spherical
0            0            0             0            0            0           
