Time = 1000
Temperature
   1.1448365    0.21347384

Pressure
   23.746891     1.0724676

CM Mom
1.2416051e-17  1.6365072e-17 
4.0887604e-17  4.4757978e-17 
-6.0689078e-17 2.7453989e-16 
2.0601128e-16  2.0177143e-16 

CM Pos
7.5072051      0.014578683   
7.5053966      0.019375924   
7.5004041      0.012018697   
12.997915      0.010764379   

Stress
20.3369      0.013485     -0.0270102    0.457296     0.0660259    0.0698636   
0.013485     20.2831      0.0398293     0.0660259    0.47519      0.0795049   
-0.0270102   0.0398293    20.3425       0.0698636    0.0795049    0.444014    

Stress Spherical
0            0            0             0            0            0           
0            0            0             0            0            0           
0            0            0             0            0            0           

Inertia
150.228      -56.3578     -56.3279      1.53265      0.207495     0.149135    
-56.3578     150.281      -56.2715      0.207495     1.25398      0.147821    
-56.3279     -56.2715     150.37        0.149135     0.147821     1.68247     

Bond Length
0.61877235    0.0072194932

BB bond length
0.61877235    0.0072194932

Water EE distance
0             0           

PEG EE distance
6.8718712     0.20431493  

BBB P2(x)
0.46923083    0.059278578 

BBB first bond length
0.61874335    0.007120965 

BBB second bond length
0.61867986    0.0069827889

BBB <phi**2>/<phi>**2
1.2217007     0.01289766  

Time = 2000
Temperature
1.0115389     0.0059641116

Pressure
23.025703     0.097784823 

CM Mom
5.4240166e-18  1.8637077e-17 
1.694739e-17   2.7544796e-17 
-3.1843477e-17 5.3116065e-17 
6.2039258e-17  3.7538572e-17 

CM Pos
7.5089873      0.014854455   
7.4924758      0.01687066    
7.4996615      0.013727786   
12.991051      0.017439014   

Stress
20.012       0.00230932   0.00935892    0.11641      0.0550246    0.0795234   
0.00230932   19.9874      0.0127268     0.0550246    0.0978284    0.0706151   
0.00935892   0.0127268    19.9963       0.0795234    0.0706151    0.146766    

Stress Spherical
0            0            0             0            0            0           
0            0            0             0            0            0           
0            0            0             0            0            0           

Inertia
149.745      -56.3146     -56.3269      0.461263     0.198786     0.190212    
-56.3146     150.008      -56.2093      0.198786     0.531208     0.149808    
-56.3269     -56.2093     149.903       0.190212     0.149808     0.611465    

Bond Length
0.61872034    0.0014143645

BB bond length
0.61872034    0.0014143645

Water EE distance
0             0           

PEG EE distance
6.9400733     0.14749724  

BBB P2(x)
0.51084261    0.0087239161

BBB first bond length
0.61869104    0.0015443564

BBB second bond length
0.61871095    0.0013045884

BBB <phi**2>/<phi>**2
1.2287528     0.0085835272

