Time = 1000
Temperature
   1.1092626    0.14982776

Pressure
    23.68008    0.79240106

CM Mom
1.0262414e-17  2.5411858e-17 
-3.3273148e-17 2.4826579e-17 
-6.3848547e-17 4.5208249e-16 
3.6041774e-16  2.8465559e-16 

CM Pos
7.4925839      0.011103442   
7.4969809      0.013631316   
7.5077668      0.015138527   
12.988858      0.014434491   

Stress
20.3766      0.0413419    0.000281673   0.382742     0.0655203    0.0604264   
0.0413419    20.365       0.0151814     0.0655203    0.359805     0.0629995   
0.000281673  0.0151814    20.3448       0.0604264    0.0629995    0.365944    

Stress Spherical
0            0            0             0            0            0           
0            0            0             0            0            0           
0            0            0             0            0            0           

Inertia
150.169      -56.17       -56.2844      1.37101      0.187319     0.190122    
-56.17       150.113      -56.2354      0.187319     1.34669      0.188888    
-56.2844     -56.2354     149.955       0.190122     0.188888     1.30569     

Bond Length
0.6191533     0.0067718198

BB bond length
0.6191533     0.0067718198

Water EE distance
0             0           

PEG EE distance
7.2190419     0.13617712  

BBB P2(x)
0.47555806    0.066805795 

BBB first bond length
0.61911459    0.0067848649

BBB second bond length
0.61923487    0.0067953757

BBB <phi**2>/<phi>**2
1.2175619     0.017950304 

Time = 2000
Temperature
1.0106961     0.0083284433

Pressure
23.147932     0.10372831  

CM Mom
1.6619115e-17  1.7268766e-17 
-6.7797014e-17 2.1047783e-17 
-5.8052732e-17 4.035216e-17  
9.9193439e-17  2.7801577e-17 

CM Pos
7.501202       0.012991081   
7.5106511      0.020950439   
7.5056866      0.014757455   
13.000523      0.021825647   

Stress
20.16        0.0542437    0.0439522     0.196104     0.0490142    0.0750819   
0.0542437    20.1178      -0.0444358    0.0490142    0.104937     0.079207    
0.0439522    -0.0444358   20.0966       0.0750819    0.079207     0.109058    

Stress Spherical
0            0            0             0            0            0           
0            0            0             0            0            0           
0            0            0             0            0            0           

Inertia
150.086      -56.3274     -56.3049      0.184396     0.187334     0.203605    
-56.3274     149.958      -56.3708      0.187334     0.31937      0.234847    
-56.3049     -56.3708     150.063       0.203605     0.234847     0.219939    

Bond Length
0.61763023    0.0022395966

BB bond length
0.61763023    0.0022395966

Water EE distance
0             0           

PEG EE distance
7.5071731     0.094105759 

BBB P2(x)
0.51302297    0.0082665606

BBB first bond length
0.61761009    0.0020952834

BBB second bond length
0.61743262    0.0021929846

BBB <phi**2>/<phi>**2
1.2315359     0.0087903445

Time = 3000
Temperature
1.0097731     0.0064652505

Pressure
23.120886     0.067021408 

CM Mom
1.2750518e-17  3.1706943e-17 
-4.0533726e-17 1.8892841e-17 
-4.9068118e-17 1.5989829e-17 
7.470137e-17   1.5839462e-17 

CM Pos
7.4964472      0.010354384   
7.5006956      0.011060608   
7.5065781      0.016165436   
12.992545      0.01213225    

Stress
20.1175      0.00248368   -0.0035372    0.136373     0.0729713    0.0480339   
0.00248368   20.0737      -0.00645339   0.0729713    0.129969     0.0592995   
-0.0035372   -0.00645339  20.1104       0.0480339    0.0592995    0.103523    

Stress Spherical
0            0            0             0            0            0           
0            0            0             0            0            0           
0            0            0             0            0            0           

Inertia
150.03       -56.2386     -56.2964      0.244625     0.118375     0.155512    
-56.2386     149.975      -56.2781      0.118375     0.273021     0.113833    
-56.2964     -56.2781     149.887       0.155512     0.113833     0.158422    

Bond Length
0.62016608    0.0016910076

BB bond length
0.62016608    0.0016910076

Water EE distance
0             0           

PEG EE distance
7.0608433     0.091610407 

BBB P2(x)
0.52212349    0.013190086 

BBB first bond length
0.61989987    0.0016701278

BBB second bond length
0.62006899    0.0017226924

BBB <phi**2>/<phi>**2
1.2293802     0.0079357392

Time = 4000
Temperature
1.0114057     0.0098582354

Pressure
23.116198     0.073505749 

CM Mom
4.0818842e-18  2.805451e-17  
-3.0408096e-17 2.1295582e-17 
-6.1915142e-17 2.6703032e-17 
7.7579069e-17  2.664388e-17  

CM Pos
7.498676       0.0102526     
7.5039646      0.0087717516  
7.4978114      0.020079237   
12.990659      0.012439041   

Stress
20.0607      -0.0389183   0.00642348    0.11007      0.0482189    0.0522533   
-0.0389183   20.174       0.000410014   0.0482189    0.122235     0.0913676   
0.00642348   0.000410014  20.0382       0.0522533    0.0913676    0.113758    

Stress Spherical
0            0            0             0            0            0           
0            0            0             0            0            0           
0            0            0             0            0            0           

Inertia
149.948      -56.2677     -56.2153      0.270009     0.134212     0.170108    
-56.2677     149.884      -56.2572      0.134212     0.273954     0.193528    
-56.2153     -56.2572     149.971       0.170108     0.193528     0.188091    

Bond Length
0.61778633    0.0023702329

BB bond length
0.61778633    0.0023702329

Water EE distance
0             0           

PEG EE distance
7.0199505     0.12689213  

BBB P2(x)
0.5208237     0.0070022271

BBB first bond length
0.61770182    0.0024346082

BBB second bond length
0.61765788    0.0023581077

BBB <phi**2>/<phi>**2
1.2312556     0.0076152624

Time = 5000
Temperature
1.0094299     0.0069862731

Pressure
23.111269     0.080513344 

CM Mom
-3.0628738e-18 1.294778e-17  
-3.4252154e-17 2.279678e-17  
-5.3996348e-17 2.2086968e-17 
7.0338706e-17  1.8050919e-17 

CM Pos
7.4994189      0.013303435   
7.5001013      0.023109678   
7.4984057      0.016017941   
12.989219      0.0078653759  

Stress
20.1129      0.010999     0.0273633     0.0816159    0.0684444    0.0694257   
0.010999     20.0615      -0.028596     0.0684444    0.166575     0.0896071   
0.0273633    -0.028596    20.1015       0.0694257    0.0896071    0.119571    

Stress Spherical
0            0            0             0            0            0           
0            0            0             0            0            0           
0            0            0             0            0            0           

Inertia
149.911      -56.2851     -56.2457      0.285702     0.138965     0.183907    
-56.2851     149.924      -56.2082      0.138965     0.287186     0.145655    
-56.2457     -56.2082     149.962       0.183907     0.145655     0.26254     

Bond Length
0.61863886    0.00085072931

BB bond length
0.61863886    0.00085072931

Water EE distance
0             0           

PEG EE distance
7.027198      0.094341588 

BBB P2(x)
0.51543663    0.013906319 

BBB first bond length
0.61862144    0.0010834216

BBB second bond length
0.6185961     0.00089617189

BBB <phi**2>/<phi>**2
1.224767      0.0073661267

Time = 6000
Temperature
1.0093681     0.0066667803

Pressure
23.116111     0.072166438 

CM Mom
-1.9204274e-17 1.1848959e-17 
-2.3336404e-17 2.7459214e-17 
-4.1080589e-17 2.0696944e-17 
5.898452e-17   2.1085608e-17 

CM Pos
7.4965958      0.023144046   
7.4989126      0.013495395   
7.499743       0.01386259    
12.98766       0.019249279   

Stress
20.0809      -0.00536712  -0.0233025    0.108147     0.0419118    0.0674841   
-0.00536712  20.0947      0.00130738    0.0419118    0.159176     0.0546961   
-0.0233025   0.00130738   20.1154       0.0674841    0.0546961    0.0940283   

Stress Spherical
0            0            0             0            0            0           
0            0            0             0            0            0           
0            0            0             0            0            0           

Inertia
149.95       -56.2256     -56.2643      0.235722     0.229528     0.25193     
-56.2256     149.921      -56.2504      0.229528     0.436199     0.0774176   
-56.2643     -56.2504     149.9         0.25193      0.0774176    0.472557    

Bond Length
0.61820941    0.0017986388

BB bond length
0.61820941    0.0017986388

Water EE distance
0             0           

PEG EE distance
7.2015941     0.11292082  

BBB P2(x)
0.51542725    0.005324492 

BBB first bond length
0.61843092    0.0017270927

BBB second bond length
0.61822963    0.0015529797

BBB <phi**2>/<phi>**2
1.2274887     0.0090229459

Time = 7000
Temperature
1.0112005     0.0060384526

Pressure
23.129387     0.071312376 

CM Mom
-1.7385967e-17 1.1296512e-17 
1.1700508e-17  1.2775984e-17 
-3.7538351e-17 3.2529128e-17 
5.5038207e-17  1.2964506e-17 

CM Pos
7.5020935      0.012502635   
7.4998041      0.013844262   
7.4926108      0.016422885   
12.98723       0.012245701   

Stress
20.1421      -0.0155755   0.00902114    0.0638154    0.078065     0.03455     
-0.0155755   20.0776      0.0013843     0.078065     0.1369       0.0471289   
0.00902114   0.0013843    20.0946       0.03455      0.0471289    0.0898084   

Stress Spherical
0            0            0             0            0            0           
0            0            0             0            0            0           
0            0            0             0            0            0           

Inertia
149.863      -56.2335     -56.2446      0.341008     0.132229     0.111521    
-56.2335     149.896      -56.1858      0.132229     0.276075     0.168705    
-56.2446     -56.1858     150.012       0.111521     0.168705     0.272514    

Bond Length
0.61922872    0.0016530869

BB bond length
0.61922872    0.0016530869

Water EE distance
0             0           

PEG EE distance
7.2893512     0.16428214  

BBB P2(x)
0.51116079    0.011160007 

BBB first bond length
0.61933593    0.0014876304

BBB second bond length
0.61911939    0.0016420831

BBB <phi**2>/<phi>**2
1.2234803     0.0049998172

Time = 8000
Temperature
1.0090841     0.0095179866

Pressure
23.12082      0.079573321 

CM Mom
-3.3771621e-17 4.095215e-17  
2.4309155e-18  2.0745232e-17 
-8.0827838e-17 2.6479391e-17 
9.9425624e-17  2.4550313e-17 

CM Pos
7.4970415      0.0098158363  
7.4996555      0.013734585   
7.4982571      0.011358998   
12.987479      0.010789011   

Stress
20.1084      -0.00753718  -0.0146888    0.11475      0.051729     0.0845088   
-0.00753718  20.128       0.0153867     0.051729     0.0846448    0.0756194   
-0.0146888   0.0153867    20.0712       0.0845088    0.0756194    0.113209    

Stress Spherical
0            0            0             0            0            0           
0            0            0             0            0            0           
0            0            0             0            0            0           

Inertia
149.945      -56.2424     -56.2328      0.225443     0.152638     0.121316    
-56.2424     149.896      -56.2426      0.152638     0.16927      0.12164     
-56.2328     -56.2426     149.926       0.121316     0.12164      0.299427    

Bond Length
0.61885122    0.0018858323

BB bond length
0.61885122    0.0018858323

Water EE distance
0             0           

PEG EE distance
7.0587626     0.083790761 

BBB P2(x)
0.51172162    0.0086571564

BBB first bond length
0.61889897    0.0021284168

BBB second bond length
0.61873306    0.0017929956

BBB <phi**2>/<phi>**2
1.2236107     0.0044918904

Time = 9000
Temperature
1.011653      0.0072485744

Pressure
23.075066     0.098433205 

CM Mom
-3.7488448e-17 8.9671508e-18 
-1.6160096e-17 1.2203752e-17 
-1.1825662e-16 1.8059185e-17 
1.2603111e-16  1.7966499e-17 

CM Pos
7.4970415      0.0091644243  
7.4894029      0.011258453   
7.507321       0.01260902    
12.986799      0.0082788325  

Stress
20.1071      0.0100136    -0.0355499    0.149564     0.0413863    0.0458626   
0.0100136    20.0119      0.0372095     0.0413863    0.104427     0.0659614   
-0.0355499   0.0372095    20.0283       0.0458626    0.0659614    0.143       

Stress Spherical
0            0            0             0            0            0           
0            0            0             0            0            0           
0            0            0             0            0            0           

Inertia
149.941      -56.1112     -56.2775      0.391697     0.0994048    0.0872453   
-56.1112     150.019      -56.2309      0.0994048    0.140603     0.181721    
-56.2775     -56.2309     149.783       0.0872453    0.181721     0.159725    

Bond Length
0.61894338    0.0018733341

BB bond length
0.61894338    0.0018733341

Water EE distance
0             0           

PEG EE distance
6.9360867     0.16340392  

BBB P2(x)
0.50806026    0.0093740431

BBB first bond length
0.61893827    0.0018748341

BBB second bond length
0.61847767    0.0018408971

BBB <phi**2>/<phi>**2
1.2296358     0.008719734 

Time = 10000
Temperature
1.009092      0.011163985 

Pressure
23.048354     0.082297421 

CM Mom
-2.9771463e-17 1.7293843e-17 
-1.2881666e-17 1.7142542e-17 
-1.2587332e-16 1.8259563e-17 
1.3229277e-16  1.7926238e-17 

CM Pos
7.4973387      0.01495954    
7.4983182      0.015528022   
7.4987029      0.016829892   
12.987143      0.016243736   

Stress
20.0111      0.0145136    -0.0395139    0.118123     0.066643     0.0705175   
0.0145136    20.0739      0.0288136     0.066643     0.0756689    0.0590927   
-0.0395139   0.0288136    20.0051       0.0705175    0.0590927    0.152086    

Stress Spherical
0            0            0             0            0            0           
0            0            0             0            0            0           
0            0            0             0            0            0           

Inertia
149.928      -56.2337     -56.2151      0.328499     0.178893     0.191377    
-56.2337     149.92       -56.2481      0.178893     0.362532     0.17095     
-56.2151     -56.2481     149.928       0.191377     0.17095      0.317913    

Bond Length
0.61836635    0.0017697898

BB bond length
0.61836635    0.0017697898

Water EE distance
0             0           

PEG EE distance
7.0723446     0.093108348 

BBB P2(x)
0.51980472    0.0088781681

BBB first bond length
0.61818616    0.0018954503

BBB second bond length
0.61834986    0.0017984219

BBB <phi**2>/<phi>**2
1.2285796     0.0058483182

Time = 11000
Temperature
1.009936      0.0097673943

Pressure
23.141096     0.085628854 

CM Mom
-1.4282505e-17 1.263214e-17  
-1.3271262e-17 2.2222192e-17 
-1.4508729e-16 1.54655e-17   
1.487383e-16   1.4139843e-17 

CM Pos
7.4980817      0.015962711   
7.4944549      0.016921474   
7.5012289      0.015839831   
12.986791      0.024008215   

Stress
20.1162      -0.0064881   -0.0185117    0.0775571    0.0650502    0.0578044   
-0.0064881   20.0765      -0.00106452   0.0650502    0.0951516    0.0880751   
-0.0185117   -0.00106452  20.1681       0.0578044    0.0880751    0.0908035   

Stress Spherical
0            0            0             0            0            0           
0            0            0             0            0            0           
0            0            0             0            0            0           

Inertia
149.901      -56.2081     -56.2684      0.436276     0.183687     0.259509    
-56.2081     149.96       -56.2051      0.183687     0.429679     0.254899    
-56.2684     -56.2051     149.862       0.259509     0.254899     0.424176    

Bond Length
0.61821972    0.002646121 

BB bond length
0.61821972    0.002646121 

Water EE distance
0             0           

PEG EE distance
6.9335855     0.12850666  

BBB P2(x)
0.51264793    0.015152588 

BBB first bond length
0.61830835    0.0028017679

BBB second bond length
0.61828093    0.0027825238

BBB <phi**2>/<phi>**2
1.2257154     0.0096150367

Time = 12000
Temperature
1.0074423     0.0053884934

Pressure
23.124881     0.074562288 

CM Mom
-2.2000177e-17 1.4903742e-17 
-2.2247352e-17 1.7857057e-17 
-1.6669148e-16 1.7152788e-17 
1.7117636e-16  1.728779e-17  

CM Pos
7.5050653      0.010077756   
7.5023301      0.0089449729  
7.4982571      0.012238491   
12.993657      0.006514294   

Stress
20.1125      0.0325315    0.0337241     0.0621736    0.0781449    0.0671986   
0.0325315    20.1078      -0.0243407    0.0781449    0.146098     0.0494776   
0.0337241    -0.0243407   20.1142       0.0671986    0.0494776    0.0909761   

Stress Spherical
0            0            0             0            0            0           
0            0            0             0            0            0           
0            0            0             0            0            0           

Inertia
150.003      -56.299      -56.2752      0.239493     0.0873092    0.100861    
-56.299      150.049      -56.2529      0.0873092    0.207312     0.108055    
-56.2752     -56.2529     150.108       0.100861     0.108055     0.116213    

Bond Length
0.61714159    0.0011513181

BB bond length
0.61714159    0.0011513181

Water EE distance
0             0           

PEG EE distance
6.9183205     0.19171361  

BBB P2(x)
0.51097936    0.0084979612

BBB first bond length
0.6171544     0.0011499491

BBB second bond length
0.61709397    0.001100893 

BBB <phi**2>/<phi>**2
1.223893      0.0087034288

Time = 13000
Temperature
1.0130829     0.0097471004

Pressure
23.149878     0.10303452  

CM Mom
-3.230562e-17  1.2192531e-17 
-2.4475221e-17 1.3472038e-17 
-1.7553071e-16 1.4249446e-17 
1.8108977e-16  1.3907449e-17 

CM Pos
7.4994189      0.014616146   
7.5044103      0.013169997   
7.4945424      0.0096628175  
12.989457      0.0110759     

Stress
20.1963      0.0276483    0.0167811     0.129142     0.0806993    0.0715778   
0.0276483    20.0769      -0.0418105    0.0806993    0.121996     0.0667094   
0.0167811    -0.0418105   20.0858       0.0715778    0.0667094    0.122308    

Stress Spherical
0            0            0             0            0            0           
0            0            0             0            0            0           
0            0            0             0            0            0           

Inertia
149.976      -56.2903     -56.2083      0.18884      0.182726     0.195338    
-56.2903     149.899      -56.2171      0.182726     0.298623     0.129046    
-56.2083     -56.2171     150.051       0.195338     0.129046     0.230744    

Bond Length
0.61858925    0.0017872762

BB bond length
0.61858925    0.0017872762

Water EE distance
0             0           

PEG EE distance
7.2300347     0.10208727  

BBB P2(x)
0.50063789    0.012094098 

BBB first bond length
0.61862292    0.0019022355

BBB second bond length
0.61847647    0.0019942833

BBB <phi**2>/<phi>**2
1.2202793     0.0088820175

Time = 14000
Temperature
1.0096347     0.0063311105

Pressure
23.105074     0.066368821 

CM Mom
-1.2166813e-17 2.2895818e-17 
-9.9180473e-18 1.8063455e-17 
-1.7899666e-16 3.0452604e-17 
1.8197839e-16  3.0788543e-17 

CM Pos
7.5013506      0.014788093   
7.503816       0.0058006601  
7.5031606      0.019126393   
12.99521       0.0078254644  

Stress
20.1014      -0.0195843   0.00579192    0.0832223    0.076155     0.051957    
-0.0195843   20.0741      0.0019973     0.076155     0.102652     0.0397476   
0.00579192   0.0019973    20.08         0.051957     0.0397476    0.113637    

Stress Spherical
0            0            0             0            0            0           
0            0            0             0            0            0           
0            0            0             0            0            0           

Inertia
150.096      -56.312      -56.2776      0.399262     0.0986614    0.110322    
-56.312      150.05       -56.2649      0.0986614    0.240864     0.203433    
-56.2776     -56.2649     150.074       0.110322     0.203433     0.130212    

Bond Length
0.61786268    0.0022783707

BB bond length
0.61786268    0.0022783707

Water EE distance
0             0           

PEG EE distance
7.2934132     0.083137646 

BBB P2(x)
0.50620153    0.013735912 

BBB first bond length
0.61763528    0.0023273705

BBB second bond length
0.61789078    0.0020600617

BBB <phi**2>/<phi>**2
1.2228299     0.008755412 

Time = 15000
Temperature
1.0053792     0.0067356146

Pressure
23.05176      0.074884883 

CM Mom
-6.6629878e-18 1.4241581e-17 
-1.6473807e-17 1.4501959e-17 
-1.7637245e-16 1.8814763e-17 
1.7848826e-16  1.8223389e-17 

CM Pos
7.4977845      0.0088019038  
7.5036674      0.0090395014  
7.5031606      0.016431621   
12.993051      0.016688679   

Stress
20.0654      0.0242801    0.00984731    0.0825377    0.0533637    0.0872469   
0.0242801    20.0216      -0.00869254   0.0533637    0.101979     0.0606816   
0.00984731   -0.00869254  20.0466       0.0872469    0.0606816    0.130844    

Stress Spherical
0            0            0             0            0            0           
0            0            0             0            0            0           
0            0            0             0            0            0           

Inertia
150.098      -56.2458     -56.245       0.352685     0.152856     0.180404    
-56.2458     150          -56.2927      0.152856     0.34822      0.193476    
-56.245      -56.2927     150.012       0.180404     0.193476     0.24458     

Bond Length
0.61913996    0.0014032387

BB bond length
0.61913996    0.0014032387

Water EE distance
0             0           

PEG EE distance
7.1037449     0.18800698  

BBB P2(x)
0.50949443    0.013178774 

BBB first bond length
0.61910183    0.0014803954

BBB second bond length
0.61910781    0.0014545481

BBB <phi**2>/<phi>**2
1.2281199     0.011619736 

Time = 16000
Temperature
1.011837      0.0043705205

Pressure
23.157968     0.093618786 

CM Mom
2.150954e-18   2.0147334e-17 
-4.1098598e-18 2.4257546e-17 
-1.6220776e-16 1.4915315e-17 
1.6542767e-16  1.3541554e-17 

CM Pos
7.5032822      0.012709304   
7.4975753      0.0073035398  
7.4990001      0.011227032   
12.99031       0.0081574513  

Stress
20.146       0.00308043   -0.0355647    0.139094     0.0613344    0.0555551   
0.00308043   20.0883      0.00320605    0.0613344    0.0829905    0.0807787   
-0.0355647   0.00320605   20.16         0.0555551    0.0807787    0.131367    

Stress Spherical
0            0            0             0            0            0           
0            0            0             0            0            0           
0            0            0             0            0            0           

Inertia
149.939      -56.2562     -56.2695      0.199071     0.104576     0.101453    
-56.2562     150.026      -56.1737      0.104576     0.188384     0.103984    
-56.2695     -56.1737     150.016       0.101453     0.103984     0.246831    

Bond Length
0.61783936    0.0023059579

BB bond length
0.61783936    0.0023059579

Water EE distance
0             0           

PEG EE distance
7.3809533     0.13567938  

BBB P2(x)
0.50526063    0.010738031 

BBB first bond length
0.61780492    0.0023142753

BBB second bond length
0.61783592    0.0023214173

BBB <phi**2>/<phi>**2
1.2238387     0.0076935539

Time = 17000
Temperature
1.0065225     0.0085782222

Pressure
23.081385     0.076898797 

CM Mom
9.6634494e-18  1.4998413e-17 
-2.0182936e-17 2.4133006e-17 
-1.4976779e-16 1.9737252e-17 
1.5401128e-16  2.0212984e-17 

CM Pos
7.5031337      0.012253815   
7.4946035      0.018220114   
7.5015261      0.018232228   
12.989981      0.014435003   

Stress
20.0527      0.0111375    -0.0352744    0.143353     0.0564159    0.0870367   
0.0111375    20.095       0.0756708     0.0564159    0.0732133    0.0532774   
-0.0352744   0.0756708    20.0645       0.0870367    0.0532774    0.124171    

Stress Spherical
0            0            0             0            0            0           
0            0            0             0            0            0           
0            0            0             0            0            0           

Inertia
149.912      -56.2387     -56.2729      0.3543       0.134262     0.138644    
-56.2387     150.059      -56.2676      0.134262     0.272844     0.20542     
-56.2729     -56.2676     149.958       0.138644     0.20542      0.338784    

Bond Length
0.61994572    0.0018855401

BB bond length
0.61994572    0.0018855401

Water EE distance
0             0           

PEG EE distance
7.1149125     0.14497182  

BBB P2(x)
0.51014094    0.0042003561

BBB first bond length
0.6198526     0.0020287864

BBB second bond length
0.61990836    0.0017858616

BBB <phi**2>/<phi>**2
1.2246248     0.0053917811

Time = 18000
Temperature
1.0108943     0.0073502035

Pressure
23.07694      0.093393049 

CM Mom
-1.151877e-17  1.5165192e-17 
1.144701e-17   2.9368558e-17 
-1.5195703e-16 2.1573494e-17 
1.5598748e-16  2.4093014e-17 

CM Pos
7.4960014      0.012475234   
7.4891057      0.0094968803  
7.4992973      0.0070340567  
12.981387      0.0099586077  

Stress
20.0037      0.00780504   -0.0165743    0.0972275    0.0874534    0.0759624   
0.00780504   20.0604      0.0361498     0.0874534    0.0906989    0.0461412   
-0.0165743   0.0361498    20.0957       0.0759624    0.0461412    0.13871     

Stress Spherical
0            0            0             0            0            0           
0            0            0             0            0            0           
0            0            0             0            0            0           

Inertia
149.813      -56.1744     -56.2619      0.179681     0.111955     0.156779    
-56.1744     149.923      -56.2088      0.111955     0.223735     0.0952014   
-56.2619     -56.2088     149.758       0.156779     0.0952014    0.216339    

Bond Length
0.61891839    0.0021820062

BB bond length
0.61891839    0.0021820062

Water EE distance
0             0           

PEG EE distance
7.3805192     0.11546869  

BBB P2(x)
0.50954244    0.0098360541

BBB first bond length
0.61894077    0.0022469761

BBB second bond length
0.6186401     0.0024535894

BBB <phi**2>/<phi>**2
1.2297712     0.008989397 

Time = 19000
Temperature
1.0073783     0.0090187338

Pressure
23.10274      0.083960168 

CM Mom
-6.992233e-18  1.9673543e-17 
1.9334872e-17  8.7437233e-18 
-1.3347806e-16 1.4502674e-17 
1.3688194e-16  1.3277176e-17 

CM Pos
7.5025393      0.016533424   
7.5009928      0.026565763   
7.4935023      0.0076979696  
12.988692      0.021928997   

Stress
20.1197      0.0479211    -0.0402898    0.12681      0.0832202    0.0819053   
0.0479211    20.0634      -0.0226079    0.0832202    0.11638      0.0577957   
-0.0402898   -0.0226079   20.0856       0.0819053    0.0577957    0.0978433   

Stress Spherical
0            0            0             0            0            0           
0            0            0             0            0            0           
0            0            0             0            0            0           

Inertia
149.908      -56.2694     -56.2523      0.369931     0.32747      0.119417    
-56.2694     149.931      -56.2388      0.32747      0.184552     0.202786    
-56.2523     -56.2388     150.057       0.119417     0.202786     0.585149    

Bond Length
0.61794354    0.0020067096

BB bond length
0.61794354    0.0020067096

Water EE distance
0             0           

PEG EE distance
7.2162478     0.06762373  

BBB P2(x)
0.5091522     0.0074031597

BBB first bond length
0.61774588    0.0020197758

BBB second bond length
0.61815892    0.0020158546

BBB <phi**2>/<phi>**2
1.2269358     0.0070798464

Time = 20000
Temperature
1.0113221     0.0055400212

Pressure
23.121541     0.059527008 

CM Mom
-9.2771534e-18 1.9493787e-17 
3.1523405e-17  1.9348617e-17 
-1.7624887e-16 2.1483741e-17 
1.813119e-16   2.2031273e-17 

CM Pos
7.5013506      0.014037477   
7.4950493      0.022693201   
7.5009317      0.016931257   
12.988865      0.019472446   

Stress
20.109       0.025459     0.0259985     0.0825359    0.0673933    0.0666544   
0.025459     20.1182      0.0181178     0.0673933    0.085779     0.0894683   
0.0259985    0.0181178    20.0625       0.0666544    0.0894683    0.129737    

Stress Spherical
0            0            0             0            0            0           
0            0            0             0            0            0           
0            0            0             0            0            0           

Inertia
149.933      -56.2046     -56.259       0.466654     0.21248      0.201687    
-56.2046     150.016      -56.2153      0.21248      0.378277     0.205834    
-56.259      -56.2153     149.934       0.201687     0.205834     0.430354    

Bond Length
0.61786235    0.001705596 

BB bond length
0.61786235    0.001705596 

Water EE distance
0             0           

PEG EE distance
7.0860286     0.088208684 

BBB P2(x)
0.5143188     0.007057883 

BBB first bond length
0.61778243    0.0015565368

BBB second bond length
0.61785102    0.0015639477

BBB <phi**2>/<phi>**2
1.2246004     0.0065230931

Time = 21000
Temperature
1.0132189     0.0094065178

Pressure
23.105512     0.11394689  

CM Mom
1.5077917e-18  1.4549574e-17 
4.4951385e-17  1.5367175e-17 
-1.8269575e-16 1.4047067e-17 
1.8928207e-16  1.4768046e-17 

CM Pos
7.4970415      0.009634214   
7.5116912      0.010507838   
7.4978114      0.010187792   
12.994172      0.010573832   

Stress
20.1169      -0.00977001  -0.00829066   0.143408     0.0634929    0.0529323   
-0.00977001  20.0667      0.0180203     0.0634929    0.118812     0.0837057   
-0.00829066  0.0180203    20.041        0.0529323    0.0837057    0.129003    

Stress Spherical
0            0            0             0            0            0           
0            0            0             0            0            0           
0            0            0             0            0            0           

Inertia
150.12       -56.3302     -56.2204      0.208336     0.0889115    0.160925    
-56.3302     149.883      -56.3195      0.0889115    0.258768     0.106778    
-56.2204     -56.3195     150.118       0.160925     0.106778     0.230891    

Bond Length
0.6184265     0.001997856 

BB bond length
0.6184265     0.001997856 

Water EE distance
0             0           

PEG EE distance
7.1450053     0.031322723 

BBB P2(x)
0.50806415    0.0071376228

BBB first bond length
0.61844025    0.0020441932

BBB second bond length
0.61864073    0.0017901799

BBB <phi**2>/<phi>**2
1.2248401     0.0096185407

Time = 22000
Temperature
1.0107878     0.0036875969

Pressure
23.107444     0.047896018 

CM Mom
-1.5208791e-17 1.6490509e-17 
3.0813638e-17  2.9261558e-17 
-1.9311021e-16 1.4927127e-17 
1.9886288e-16  1.6640032e-17 

CM Pos
7.4939212      0.014068898   
7.5021815      0.0089412698  
7.5007831      0.0093987308  
12.988593      0.01173063    

Stress
20.1226      -0.00521162  -0.0108131    0.0581164    0.0685747    0.0700666   
-0.00521162  20.0999      -0.0112595    0.0685747    0.123525     0.0457536   
-0.0108131   -0.0112595   20.0297       0.0700666    0.0457536    0.0826627   

Stress Spherical
0            0            0             0            0            0           
0            0            0             0            0            0           
0            0            0             0            0            0           

Inertia
150.032      -56.2373     -56.214       0.158164     0.176121     0.144953    
-56.2373     149.895      -56.287       0.176121     0.214098     0.101535    
-56.214      -56.287      149.91        0.144953     0.101535     0.283056    

Bond Length
0.61862553    0.00192569  

BB bond length
0.61862553    0.00192569  

Water EE distance
0             0           

PEG EE distance
7.0977726     0.093843974 

BBB P2(x)
0.50894627    0.0086109121

BBB first bond length
0.61868411    0.0021270808

BBB second bond length
0.61859421    0.0019670806

BBB <phi**2>/<phi>**2
1.2254997     0.010580232 

Time = 23000
Temperature
1.0091345     0.0088565172

Pressure
23.141535     0.089838362 

CM Mom
-2.6486847e-17 1.4367235e-17 
3.9712331e-17  1.1752179e-17 
-1.9390803e-16 1.1609683e-17 
2.0063383e-16  1.0214114e-17 

CM Pos
7.5000133      0.0096571036  
7.5001013      0.015773484   
7.4985543      0.020403737   
12.989626      0.020014282   

Stress
20.1108      0.0499444    -0.056991     0.136616     0.0750078    0.0430363   
0.0499444    20.1721      0.00231955    0.0750078    0.111417     0.0771037   
-0.056991    0.00231955   20.0864       0.0430363    0.0771037    0.113102    

Stress Spherical
0            0            0             0            0            0           
0            0            0             0            0            0           
0            0            0             0            0            0           

Inertia
149.964      -56.2802     -56.2182      0.471999     0.128047     0.185193    
-56.2802     149.983      -56.266       0.128047     0.357108     0.241874    
-56.2182     -56.266      150.004       0.185193     0.241874     0.27181     

Bond Length
0.61824688    0.0027971199

BB bond length
0.61824688    0.0027971199

Water EE distance
0             0           

PEG EE distance
7.1597213     0.1540712   

BBB P2(x)
0.50529585    0.012544534 

BBB first bond length
0.61838066    0.0027139972

BBB second bond length
0.61827668    0.0028029519

BBB <phi**2>/<phi>**2
1.2256465     0.0092559101

Time = 24000
Temperature
1.0098949     0.0095165851

Pressure
23.13747      0.11846946  

CM Mom
-2.342851e-17  1.7162533e-17 
5.9954518e-17  1.5901485e-17 
-1.7154554e-16 1.7993313e-17 
1.8474901e-16  1.761491e-17  

CM Pos
7.501202       0.015992421   
7.5014386      0.0094397505  
7.4911249      0.019484921   
12.986809      0.0092235957  

Stress
20.1025      0.00433636   0.0027969     0.160359     0.0454176    0.0719988   
0.00433636   20.1454      0.0482145     0.0454176    0.128346     0.082891    
0.0027969    0.0482145    20.1024       0.0719988    0.082891     0.100764    

Stress Spherical
0            0            0             0            0            0           
0            0            0             0            0            0           
0            0            0             0            0            0           

Inertia
149.875      -56.246      -56.2033      0.289999     0.11695      0.126995    
-56.246      149.87       -56.2164      0.11695      0.257669     0.172111    
-56.2033     -56.2164     150.043       0.126995     0.172111     0.235796    

Bond Length
0.61766644    0.0017080703

BB bond length
0.61766644    0.0017080703

Water EE distance
0             0           

PEG EE distance
7.5015702     0.15513911  

BBB P2(x)
0.52130664    0.012192255 

BBB first bond length
0.61782281    0.0018285713

BBB second bond length
0.61767961    0.0016022774

BBB <phi**2>/<phi>**2
1.2299709     0.0080373746

Time = 25000
Temperature
1.0071155     0.00471819  

Pressure
23.103922     0.099029387 

CM Mom
-6.5372698e-18 1.1793302e-17 
5.4372884e-17  2.5309822e-17 
-1.7289318e-16 1.6088813e-17 
1.8343222e-16  1.6802846e-17 

CM Pos
7.49615        0.010033844   
7.5024787      0.017969371   
7.4981086      0.012751795   
12.988511      0.015906765   

Stress
20.1361      -0.00478642  0.00030717    0.118109     0.0987246    0.102213    
-0.00478642  20.0515      0.0001029     0.0987246    0.109326     0.0514754   
0.00030717   0.0001029    20.0869       0.102213     0.0514754    0.160886    

Stress Spherical
0            0            0             0            0            0           
0            0            0             0            0            0           
0            0            0             0            0            0           

Inertia
149.991      -56.2264     -56.1824      0.333328     0.207136     0.161473    
-56.2264     149.896      -56.2645      0.207136     0.269579     0.190357    
-56.1824     -56.2645     149.961       0.161473     0.190357     0.368763    

Bond Length
0.61837588    0.0013786256

BB bond length
0.61837588    0.0013786256

Water EE distance
0             0           

PEG EE distance
7.6329681     0.045990311 

BBB P2(x)
0.50875178    0.010860343 

BBB first bond length
0.61833661    0.001416197 

BBB second bond length
0.61842667    0.0011120956

BBB <phi**2>/<phi>**2
1.2256481     0.0076437581

Time = 26000
Temperature
1.0088968     0.0070312248

Pressure
23.137789     0.090749716 

CM Mom
-2.2161569e-17 1.7654967e-17 
5.6682687e-17  1.3385088e-17 
-1.7717873e-16 1.4954513e-17 
1.8860104e-16  1.5508345e-17 

CM Pos
7.5025393      0.010486805   
7.5018843      0.016592077   
7.5015261      0.012049412   
12.99383       0.012688701   

Stress
20.0908      0.0154551    0.00342098    0.149212     0.0388731    0.0623602   
0.0154551    20.1169      -0.00411174   0.0388731    0.0874538    0.0674565   
0.00342098   -0.00411174  20.1524       0.0623602    0.0674565    0.120516    

Stress Spherical
0            0            0             0            0            0           
0            0            0             0            0            0           
0            0            0             0            0            0           

Inertia
150.059      -56.3007     -56.3153      0.277213     0.123433     0.14043     
-56.3007     150.068      -56.292       0.123433     0.274089     0.141711    
-56.3153     -56.292      150.084       0.14043      0.141711     0.275706    

Bond Length
0.61866943    0.001946302 

BB bond length
0.61866943    0.001946302 

Water EE distance
0             0           

PEG EE distance
7.6927602     0.15241573  

BBB P2(x)
0.50736221    0.009673226 

BBB first bond length
0.61862897    0.0023176914

BBB second bond length
0.6186677     0.0019438359

BBB <phi**2>/<phi>**2
1.2227962     0.0083975049

Time = 27000
Temperature
1.0040419     0.0068049484

Pressure
23.050412     0.091430113 

CM Mom
-2.8753622e-17 2.1442083e-17 
2.4235333e-17  2.9000981e-17 
-1.5146159e-16 2.271346e-17  
1.5980086e-16  2.520197e-17  

CM Pos
7.4952585      0.014393915   
7.4990612      0.0082677134  
7.4960283      0.01474623    
12.984821      0.013127608   

Stress
20.1178      -0.00817154  -0.0424761    0.129576     0.0506715    0.0543261   
-0.00817154  19.9767      0.0111499     0.0506715    0.11968      0.0789412   
-0.0424761   0.0111499    20.0471       0.0543261    0.0789412    0.143474    

Stress Spherical
0            0            0             0            0            0           
0            0            0             0            0            0           
0            0            0             0            0            0           

Inertia
149.907      -56.2012     -56.2246      0.246119     0.140247     0.154357    
-56.2012     149.85       -56.1926      0.140247     0.416167     0.152852    
-56.2246     -56.1926     149.887       0.154357     0.152852     0.286321    

Bond Length
0.61795968    0.0018630829

BB bond length
0.61795968    0.0018630829

Water EE distance
0             0           

PEG EE distance
7.721328      0.1287422   

BBB P2(x)
0.51406553    0.0088624517

BBB first bond length
0.61800373    0.0021227993

BBB second bond length
0.61788221    0.001897725 

BBB <phi**2>/<phi>**2
1.2292351     0.0056802906

Time = 28000
Temperature
1.0125036     0.0066858334

Pressure
23.090568     0.0726034   

CM Mom
-1.6428166e-17 2.447011e-17  
-3.3518397e-18 1.5226585e-17 
-1.1263856e-16 1.4212649e-17 
1.1776068e-16  1.1559464e-17 

CM Pos
7.5075913      0.012432686   
7.4950493      0.011223098   
7.5013775      0.0096536736  
12.992716      0.0083224378  

Stress
20.0766      0.00725179   0.00919135    0.0753167    0.0733219    0.068185    
0.00725179   20.036       -0.027081     0.0733219    0.135419     0.109051    
0.00919135   -0.027081    20.0736       0.068185     0.109051     0.0770722   

Stress Spherical
0            0            0             0            0            0           
