Time = 1000
Temperature
   1.1209087    0.15514962

Pressure
   23.729049    0.81213174

CM Mom
-1.3045872e-16 2.0273143e-17 
-1.6153709e-17 1.9465007e-17 
-7.752534e-17  1.0917999e-16 
1.805753e-16   5.8252181e-17 

CM Pos
7.5059415      0.033086332   
7.4919429      0.017818276   
7.4974188      0.014235455   
12.987716      0.02233362    

Stress
20.3437      0.0310651    -0.0206238    0.431256     0.0960323    0.0713734   
0.0310651    20.3746      0.0247046     0.0960323    0.388521     0.0750424   
-0.0206238   0.0247046    20.3966       0.0713734    0.0750424    0.279395    

Stress Spherical
0            0            0             0            0            0           
0            0            0             0            0            0           
0            0            0             0            0            0           

Inertia
149.986      -56.2131     -56.2879      1.27939      0.245039     0.274543    
-56.2131     150.206      -56.2056      0.245039     1.87255      0.192925    
-56.2879     -56.2056     150.099       0.274543     0.192925     1.75359     

Bond Length
0.61876592    0.0078361903

BB bond length
0.61876592    0.0078361903

Water EE distance
0             0           

PEG EE distance
6.9848775     0.10275878  

BBB P2(x)
0.47488983    0.064769    

BBB first bond length
0.61861009    0.0079951219

BBB second bond length
0.61885351    0.0077447429

BBB <phi**2>/<phi>**2
1.2193318     0.014637876 

Time = 2000
Temperature
1.008774      0.0076401538

Pressure
23.211126     0.080442456 

CM Mom
-1.3487277e-16 3.435543e-17  
-1.5779549e-17 1.6917719e-17 
-3.1437466e-19 4.0089888e-17 
1.4274921e-16  3.3706431e-17 

CM Pos
7.4954063      0.017487131   
7.5002523      0.012922074   
7.5027605      0.0098649343  
12.989487      0.010399964   

Stress
20.1972      0.00557509   -0.0404755    0.115442     0.0706179    0.0634888   
0.00557509   20.1961      0.036545      0.0706179    0.109764     0.0666999   
-0.0404755   0.036545     20.1754       0.0634888    0.0666999    0.0896594   

Stress Spherical
0            0            0             0            0            0           
0            0            0             0            0            0           
0            0            0             0            0            0           

Inertia
149.932      -56.233      -56.2395      0.268317     0.140635     0.106404    
-56.233      149.852      -56.2846      0.140635     0.448828     0.113536    
-56.2395     -56.2846     149.808       0.106404     0.113536     0.56754     

Bond Length
0.61729832    0.0021779802

BB bond length
0.61729832    0.0021779802

Water EE distance
0             0           

PEG EE distance
6.8612697     0.16398993  

BBB P2(x)
0.51012185    0.008239558 

BBB first bond length
0.61747199    0.0022049254

BBB second bond length
0.6175896     0.0020898228

BBB <phi**2>/<phi>**2
1.2231467     0.0068022822

Time = 3000
Temperature
1.0068082     0.0079700173

Pressure
23.131366     0.10947936  

CM Mom
-1.1275644e-16 2.2824258e-17 
1.0572598e-17  1.2571619e-17 
-2.2179201e-18 1.8393421e-17 
1.1565728e-16  2.1712142e-17 

CM Pos
7.4988191      0.0087734171  
7.496246       0.0098749727  
7.4977155      0.012939101   
12.98622       0.012913218   

Stress
20.1259      0.0182117    0.0142829     0.139398     0.0856822    0.0536277   
0.0182117    20.1045      0.0469145     0.0856822    0.135421     0.0580452   
0.0142829    0.0469145    20.1167       0.0536277    0.0580452    0.0937139   

Stress Spherical
0            0            0             0            0            0           
0            0            0             0            0            0           
0            0            0             0            0            0           

Inertia
149.864      -56.2124     -56.2081      0.311885     0.106125     0.101222    
-56.2124     149.875      -56.1973      0.106125     0.291389     0.208844    
-56.2081     -56.1973     149.843       0.101222     0.208844     0.255105    

Bond Length
0.61789625    0.0020467755

BB bond length
0.61789625    0.0020467755

Water EE distance
0             0           

PEG EE distance
6.8445132     0.121313    

BBB P2(x)
0.51045376    0.0072305427

BBB first bond length
0.61792723    0.0020204767

BBB second bond length
0.61778543    0.0020915537

BBB <phi**2>/<phi>**2
1.2247899     0.007163615 

Time = 4000
Temperature
1.0090646     0.0050036967

Pressure
23.151056     0.055800343 

CM Mom
-1.126749e-16  3.1341942e-17 
9.4924673e-18  1.6225143e-17 
5.008304e-18   2.1997781e-17 
1.1631925e-16  3.1782541e-17 

CM Pos
7.4965934      0.013856904   
7.4981749      0.01390053    
7.4980123      0.012622121   
12.986226      0.014526963   

Stress
20.118       0.027598     0.00133373    0.114909     0.0852881    0.0895085   
0.027598     20.1363      -0.0145228    0.0852881    0.0818039    0.106302    
0.00133373   -0.0145228   20.1315       0.0895085    0.106302     0.132437    

Stress Spherical
0            0            0             0            0            0           
0            0            0             0            0            0           
0            0            0             0            0            0           

Inertia
149.914      -56.2178     -56.233       0.305199     0.137728     0.142033    
-56.2178     149.895      -56.22        0.137728     0.282532     0.162933    
-56.233      -56.22       149.885       0.142033     0.162933     0.256369    

Bond Length
0.61703239    0.0018080545

BB bond length
0.61703239    0.0018080545

Water EE distance
0             0           

PEG EE distance
7.0554091     0.14310432  

BBB P2(x)
0.51428251    0.011594843 

BBB first bond length
0.61693374    0.0018508922

BBB second bond length
0.61710438    0.0017322482

BBB <phi**2>/<phi>**2
1.2258822     0.0064952927

Time = 5000
Temperature
1.0070557     0.0069202053

Pressure
23.124412     0.11362361  

CM Mom
-9.2831816e-17 4.0582885e-17 
2.2704852e-17  1.8048075e-17 
1.9707584e-17  1.9923713e-17 
1.0371161e-16  3.3692814e-17 

CM Pos
7.4922903      0.014291027   
7.497433       0.0094790837  
7.4957866      0.011982299   
12.982026      0.013187199   

Stress
20.0913      0.0372613    0.0253898     0.12037      0.0360215    0.0779771   
0.0372613    20.1034      0.0335789     0.0360215    0.144004     0.0485566   
0.0253898    0.0335789    20.1294       0.0779771    0.0485566    0.134811    

Stress Spherical
0            0            0             0            0            0           
0            0            0             0            0            0           
0            0            0             0            0            0           

Inertia
149.882      -56.1657     -56.1379      0.248002     0.153682     0.15965     
-56.1657     149.795      -56.1837      0.153682     0.316501     0.187465    
-56.1379     -56.1837     149.831       0.15965      0.187465     0.261341    

Bond Length
0.61821357    0.0013441732

BB bond length
0.61821357    0.0013441732

Water EE distance
0             0           

PEG EE distance
7.0918326     0.17945503  

BBB P2(x)
0.51348289    0.010104526 

BBB first bond length
0.61829173    0.0012128815

BBB second bond length
0.61825452    0.0011745949

BBB <phi**2>/<phi>**2
1.223441      0.0076309043

Time = 6000
Temperature
1.0094843     0.0080823204

Pressure
23.152196     0.093675095 

CM Mom
-1.0721988e-16 1.403184e-17  
2.2193478e-17  1.3278386e-17 
3.7464124e-17  1.6259169e-17 
1.1767835e-16  1.3475494e-17 

CM Pos
7.4973353      0.011470659   
7.4925364      0.013225213   
7.5003864      0.018248047   
12.984774      0.015194176   

Stress
20.0983      -0.0153388   -0.00521702   0.115266     0.0749061    0.0682603   
-0.0153388   20.1222      -0.00642097   0.0749061    0.0982865    0.0602478   
-0.00521702  -0.00642097  20.1651       0.0682603    0.0602478    0.142429    

Stress Spherical
0            0            0             0            0            0           
0            0            0             0            0            0           
0            0            0             0            0            0           

Inertia
149.886      -56.1585     -56.1979      0.381981     0.140549     0.185683    
-56.1585     149.952      -56.2395      0.140549     0.308408     0.178116    
-56.1979     -56.2395     149.843       0.185683     0.178116     0.27719     

Bond Length
0.61827049    0.0014943997

BB bond length
0.61827049    0.0014943997

Water EE distance
0             0           

PEG EE distance
7.1549242     0.12187132  

BBB P2(x)
0.50777723    0.0094237807

BBB first bond length
0.61835553    0.001715881 

BBB second bond length
0.61822004    0.0016382307

BBB <phi**2>/<phi>**2
1.227505      0.0062450466

Time = 7000
Temperature
1.0107299     0.00533989  

Pressure
23.120242     0.08833667  

CM Mom
-8.8301252e-17 1.7171895e-17 
1.6725006e-17  1.6461069e-17 
4.9556703e-17  1.1955725e-17 
1.047041e-16   1.6689399e-17 

CM Pos
7.4970385      0.006081878   
7.4965427      0.020873486   
7.4963801      0.015103719   
12.984607      0.011849176   

Stress
20.0948      -0.0540262   -0.0415132    0.0960391    0.0774496    0.0613813   
-0.0540262   20.0707      -0.0218068    0.0774496    0.123295     0.0735179   
-0.0415132   -0.0218068   20.113        0.0613813    0.0735179    0.134343    

Stress Spherical
0            0            0             0            0            0           
0            0            0             0            0            0           
0            0            0             0            0            0           

Inertia
149.868      -56.206      -56.1632      0.290478     0.170385     0.159275    
-56.206      149.88       -56.1825      0.170385     0.257762     0.18887     
-56.1632     -56.1825     149.874       0.159275     0.18887      0.339585    

Bond Length
0.61822811    0.0018333552

BB bond length
0.61822811    0.0018333552

Water EE distance
0             0           

PEG EE distance
7.1863989     0.098102002 

BBB P2(x)
0.50567359    0.0054899539

BBB first bond length
0.61822092    0.0020666274

BBB second bond length
0.61831053    0.0017342398

BBB <phi**2>/<phi>**2
1.2229473     0.0087018902

Time = 8000
Temperature
1.0058044     0.01071479  

Pressure
23.074648     0.10213597  

CM Mom
-1.1445846e-16 2.7090523e-17 
8.9418311e-18  2.0430836e-17 
7.0778777e-17  1.1693659e-17 
1.3768082e-16  2.2855623e-17 

CM Pos
7.5050512      0.015265393   
7.5006974      0.012754866   
7.504096       0.017360768   
12.996083      0.015058502   

Stress
20.0575      0.00759208   0.020818      0.151934     0.0900893    0.0468567   
0.00759208   20.0683      0.0013944     0.0900893    0.125722     0.0455535   
0.020818     0.0013944    20.0602       0.0468567    0.0455535    0.0992435   

Stress Spherical
0            0            0             0            0            0           
0            0            0             0            0            0           
0            0            0             0            0            0           

Inertia
150.043      -56.319      -56.3448      0.291634     0.169261     0.228158    
-56.319      150.113      -56.2931      0.169261     0.373128     0.143194    
-56.3448     -56.2931     150.08        0.228158     0.143194     0.301296    

Bond Length
0.6175606     0.0020816956

BB bond length
0.6175606     0.0020816956

Water EE distance
0             0           

PEG EE distance
7.2485974     0.15364121  

BBB P2(x)
0.50991392    0.010543725 

BBB first bond length
0.61761467    0.0023108791

BBB second bond length
0.61762707    0.0021334261

BBB <phi**2>/<phi>**2
1.2282421     0.0056661071

Time = 9000
Temperature
1.0143425     0.0084379431

Pressure
23.125456     0.10730037  

CM Mom
-1.0892423e-16 2.4398638e-17 
-1.0713449e-17 1.9269695e-17 
1.1648748e-16  3.5817758e-17 
1.6281399e-16  3.5912816e-17 

CM Pos
7.50149        0.011608037   
7.494317       0.010111816   
7.4922254      0.011729738   
12.983483      0.010857513   

Stress
20.1213      0.00744378   0.0406227     0.125096     0.0886788    0.0551635   
0.00744378   20.0508      -0.0225161    0.0886788    0.0913509    0.0872276   
0.0406227    -0.0225161   20.0897       0.0551635    0.0872276    0.10372     

Stress Spherical
0            0            0             0            0            0           
0            0            0             0            0            0           
0            0            0             0            0            0           

Inertia
149.779      -56.2717     -56.222       0.141189     0.127196     0.115756    
-56.2717     149.907      -56.1635      0.127196     0.245454     0.128616    
-56.222      -56.1635     149.93        0.115756     0.128616     0.261332    

Bond Length
0.61771525    0.0022618137

BB bond length
0.61771525    0.0022618137

Water EE distance
0             0           

PEG EE distance
7.0269739     0.25601626  

BBB P2(x)
0.51295195    0.0062829924

BBB first bond length
0.6177875     0.0022629836

BBB second bond length
0.61752677    0.0021880891

BBB <phi**2>/<phi>**2
1.2235592     0.0055553243

Time = 10000
Temperature
1.0115139     0.0056984706

Pressure
23.084795     0.080983811 

CM Mom
-1.2641705e-16 3.3971389e-17 
-2.911631e-17  1.4930252e-17 
1.2527432e-16  1.685973e-17  
1.8311938e-16  2.5518523e-17 

CM Pos
7.5010449      0.010742124   
7.4996588      0.01108012    
7.5079539      0.0090562041  
12.995388      0.011968835   

Stress
20.0229      0.0227987    -0.0275769    0.151699     0.0756085    0.0662475   
0.0227987    20.0641      -0.020308     0.0756085    0.103013     0.0665013   
-0.0275769   -0.020308    20.0782       0.0662475    0.0665013    0.0823779   

Stress Spherical
0            0            0             0            0            0           
0            0            0             0            0            0           
0            0            0             0            0            0           

Inertia
150.106      -56.242      -56.3147      0.204361     0.10983      0.143932    
-56.242      150.132      -56.3052      0.10983      0.190092     0.159175    
-56.3147     -56.3052     150.015       0.143932     0.159175     0.190205    

Bond Length
0.61918262    0.002032999 

BB bond length
0.61918262    0.002032999 

Water EE distance
0             0           

PEG EE distance
6.8974689     0.078084228 

BBB P2(x)
0.51739632    0.0072020979

BBB first bond length
0.61927873    0.0021729284

BBB second bond length
0.61891188    0.0019922435

BBB <phi**2>/<phi>**2
1.2277806     0.0096750946

Time = 11000
Temperature
1.0116792     0.013750874 

Pressure
23.100339     0.086317418 

CM Mom
-1.0242546e-16 2.0130256e-17 
-6.4245001e-18 1.6825586e-17 
1.5542628e-16  2.2378906e-17 
1.8866979e-16  1.6805712e-17 

CM Pos
7.5035674      0.0091517325  
7.5020329      0.0077044742  
7.4989026      0.01903929    
12.992993      0.014480162   

Stress
20.0305      0.0178195    0.0591968     0.0939727    0.0587962    0.0799511   
0.0178195    20.0687      0.0156579     0.0587962    0.116395     0.0849027   
0.0591968    0.0156579    20.1111       0.0799511    0.0849027    0.127162    

Stress Spherical
0            0            0             0            0            0           
0            0            0             0            0            0           
0            0            0             0            0            0           

Inertia
150.011      -56.2683     -56.2678      0.332048     0.113876     0.156496    
-56.2683     150.051      -56.2698      0.113876     0.340041     0.169769    
-56.2678     -56.2698     150.086       0.156496     0.169769     0.197661    

Bond Length
0.61753709    0.0028460216

BB bond length
0.61753709    0.0028460216

Water EE distance
0             0           

PEG EE distance
6.9031884     0.1472741   

BBB P2(x)
0.50595293    0.0086938127

BBB first bond length
0.61754609    0.0030102334

BBB second bond length
0.61752769    0.0028877924

BBB <phi**2>/<phi>**2
1.2262613     0.0091281918

Time = 12000
Temperature
1.0049736     0.0091500208

Pressure
23.092364     0.068378125 

CM Mom
-1.2705212e-16 2.6498146e-17 
-2.3310949e-17 2.4263907e-17 
1.4998087e-16  1.4400354e-17 
2.0103166e-16  1.6261439e-17 

CM Pos
7.494516       0.015871393   
7.5098972      0.011348119   
7.5008316      0.012868291   
12.993427      0.014296133   

Stress
20.0605      0.0158581    -0.0105215    0.102017     0.0697308    0.0918086   
0.0158581    20.0418      0.00810405    0.0697308    0.123287     0.0571786   
-0.0105215   0.00810405   20.1443       0.0918086    0.0571786    0.0857798   

Stress Spherical
0            0            0             0            0            0           
0            0            0             0            0            0           
0            0            0             0            0            0           

Inertia
150.152      -56.2976     -56.2341      0.269364     0.186158     0.178622    
-56.2976     149.926      -56.3014      0.186158     0.365955     0.124433    
-56.2341     -56.3014     150.064       0.178622     0.124433     0.225806    

Bond Length
0.61915636    0.0018433323

BB bond length
0.61915636    0.0018433323

Water EE distance
0             0           

PEG EE distance
6.8325881     0.079404593 

BBB P2(x)
0.50832545    0.0071744565

BBB first bond length
0.61921986    0.0019577883

BBB second bond length
0.61918135    0.001979206 

BBB <phi**2>/<phi>**2
1.2263537     0.0053678972

Time = 13000
Temperature
1.0070526     0.0090520357

Pressure
23.122672     0.11979281  

CM Mom
-1.5069446e-16 1.6407337e-17 
-1.3530946e-17 1.966486e-17  
1.6673443e-16  3.6428777e-17 
2.2737298e-16  3.1253315e-17 

CM Pos
7.4973353      0.010716473   
7.5091552      0.012094777   
7.4977155      0.012003412   
12.992825      0.0096190055  

Stress
20.0993      -0.00106235  0.0445993     0.125121     0.0601534    0.0471755   
-0.00106235  20.0769      -0.0188475    0.0601534    0.133629     0.0711965   
0.0445993    -0.0188475   20.1426       0.0471755    0.0711965    0.156954    

Stress Spherical
0            0            0             0            0            0           
0            0            0             0            0            0           
0            0            0             0            0            0           

Inertia
150.104      -56.2329     -56.2002      0.252834     0.129625     0.131881    
-56.2329     149.926      -56.2711      0.129625     0.239516     0.156636    
-56.2002     -56.2711     150.098       0.131881     0.156636     0.259201    

Bond Length
0.6188068     0.0020939314

BB bond length
0.6188068     0.0020939314

Water EE distance
0             0           

PEG EE distance
6.8034263     0.086178839 

BBB P2(x)
0.50931156    0.012384192 

BBB first bond length
0.61890723    0.0021401234

BBB second bond length
0.61890991    0.0019782386

BBB <phi**2>/<phi>**2
1.2278522     0.012205949 

Time = 14000
Temperature
1.0124086     0.0067041142

Pressure
23.097578     0.10376379  

CM Mom
-1.4271758e-16 2.1028495e-17 
2.6357638e-17  9.0660539e-18 
1.1845967e-16  1.5693084e-17 
1.88757e-16    1.5400806e-17 

CM Pos
7.4954063      0.013606776   
7.494317       0.013241851   
7.5023154      0.018675591   
12.9858        0.018721191   

Stress
20.0241      -0.0186593   0.0135328     0.141855     0.0880062    0.0722534   
-0.0186593   20.0955      0.00473364    0.0880062    0.127622     0.068845    
0.0135328    0.00473364   20.0759       0.0722534    0.068845     0.132582    

Stress Spherical
0            0            0             0            0            0           
0            0            0             0            0            0           
0            0            0             0            0            0           

Inertia
149.95       -56.1381     -56.246       0.40112      0.155974     0.21777     
-56.1381     149.963      -56.2476      0.155974     0.468602     0.186943    
-56.246      -56.2476     149.848       0.21777      0.186943     0.329181    

Bond Length
0.61705322    0.0020464076

BB bond length
0.61705322    0.0020464076

Water EE distance
0             0           

PEG EE distance
6.765265      0.1393132   

BBB P2(x)
0.50605557    0.01083091  

BBB first bond length
0.61708845    0.002036762 

BBB second bond length
0.6171004     0.0018266336

BBB <phi**2>/<phi>**2
1.2239911     0.0071248671

Time = 15000
Temperature
1.0095935     0.0077566962

Pressure
23.116417     0.038887961 

CM Mom
-1.6945508e-16 1.6658231e-17 
5.6785124e-18  1.0051027e-17 
1.0164158e-16  2.1607337e-17 
1.9902183e-16  1.7719763e-17 

CM Pos
7.5059415      0.010450183   
7.4960976      0.010818712   
7.4957866      0.013486504   
12.989137      0.013675171   

Stress
20.1188      -0.015512    -0.00248096   0.107677     0.0757007    0.0428895   
-0.015512    20.0902      -0.00948924   0.0757007    0.0684136    0.066662    
-0.00248096  -0.00948924  20.0683       0.0428895    0.066662     0.0879335   

Stress Spherical
0            0            0             0            0            0           
0            0            0             0            0            0           
0            0            0             0            0            0           

Inertia
149.874      -56.2236     -56.2662      0.279606     0.0914042    0.143671    
-56.2236     150.031      -56.1595      0.0914042    0.327593     0.157399    
-56.2662     -56.1595     150.04        0.143671     0.157399     0.273067    

Bond Length
0.61802186    0.0015713282

BB bond length
0.61802186    0.0015713282

Water EE distance
0             0           

PEG EE distance
6.7209677     0.064194875 

BBB P2(x)
0.51202109    0.0066416308

BBB first bond length
0.61810792    0.0016807696

BBB second bond length
0.61789078    0.0017605657

BBB <phi**2>/<phi>**2
1.2272848     0.0073352123

Time = 16000
Temperature
1.0149664     0.007568517 

Pressure
23.150914     0.063553561 

CM Mom
-1.6629294e-16 2.3079379e-17 
8.4375961e-18  1.9696552e-17 
9.8503876e-17  1.6774411e-17 
1.9547189e-16  2.0500723e-17 

CM Pos
7.4959999      0.014463311   
7.5004007      0.015147388   
7.4978639      0.01390449    
12.987083      0.016832116   

Stress
20.1162      0.0113858    0.0367589     0.0789443    0.072632     0.0605976   
0.0113858    20.1232      -0.0161108    0.072632     0.137641     0.0584218   
0.0367589    -0.0161108   20.0931       0.0605976    0.0584218    0.119621    

Stress Spherical
0            0            0             0            0            0           
0            0            0             0            0            0           
0            0            0             0            0            0           

Inertia
149.975      -56.2334     -56.1917      0.305218     0.192554     0.17863     
-56.2334     149.896      -56.2699      0.192554     0.394147     0.172258    
-56.1917     -56.2699     149.937       0.17863      0.172258     0.361526    

Bond Length
0.617984      0.001529128 

BB bond length
0.617984      0.001529128 

Water EE distance
0             0           

PEG EE distance
6.8611455     0.11956098  

BBB P2(x)
0.50646013    0.01013943  

BBB first bond length
0.61809397    0.001703715 

BBB second bond length
0.61808714    0.0017441218

BBB <phi**2>/<phi>**2
1.2252176     0.0077990143

Time = 17000
Temperature
1.0105149     0.0036918589

Pressure
23.119455     0.088637566 

CM Mom
-1.5716907e-16 2.4528654e-17 
-6.3223626e-18 2.3183109e-17 
1.0454646e-16  1.7405436e-17 
1.9164095e-16  1.9694146e-17 

CM Pos
7.5041609      0.01378921    
7.4947621      0.0089878728  
7.4977155      0.011420644   
12.988453      0.011118422   

Stress
20.1328      0.0180874    0.0461346     0.110732     0.081887     0.0966603   
0.0180874    20.0558      0.0240006     0.081887     0.123459     0.0582987   
0.0461346    0.0240006    20.0895       0.0966603    0.0582987    0.118533    

Stress Spherical
0            0            0             0            0            0           
0            0            0             0            0            0           
0            0            0             0            0            0           

Inertia
149.892      -56.2339     -56.27        0.22446      0.133681     0.13714     
-56.2339     150.026      -56.1885      0.133681     0.282782     0.126565    
-56.27       -56.1885     149.986       0.13714      0.126565     0.242152    

Bond Length
0.61923501    0.0015492067

BB bond length
0.61923501    0.0015492067

Water EE distance
0             0           

PEG EE distance
6.9054719     0.15029354  

BBB P2(x)
0.51174371    0.007493697 

BBB first bond length
0.61925207    0.0014389853

BBB second bond length
0.61925814    0.0014735379

BBB <phi**2>/<phi>**2
1.2262334     0.010148497 

Time = 18000
Temperature
1.0102508     0.0098621501

Pressure
23.11033      0.098797009 

CM Mom
-1.7616018e-16 2.0971707e-17 
7.2484637e-18  2.4518792e-17 
1.0541765e-16  1.9821473e-17 
2.0766226e-16  2.2540838e-17 

CM Pos
7.5074253      0.0090744197  
7.496246       0.017309964   
7.5032057      0.014927764   
12.994373      0.011052178   

Stress
20.0696      0.0232512    -0.0216314    0.154154     0.0597909    0.0745488   
0.0232512    20.1072      -0.0239007    0.0597909    0.11108      0.0978977   
-0.0216314   -0.0239007   20.0763       0.0745488    0.0978977    0.154293    

Stress Spherical
0            0            0             0            0            0           
0            0            0             0            0            0           
0            0            0             0            0            0           

Inertia
149.996      -56.2693     -56.312       0.269708     0.135855     0.139637    
-56.2693     150.164      -56.2377      0.135855     0.295955     0.151204    
-56.312      -56.2377     150.063       0.139637     0.151204     0.187181    

Bond Length
0.61862018    0.0027045515

BB bond length
0.61862018    0.0027045515

Water EE distance
0             0           

PEG EE distance
7.0777685     0.1826139   

BBB P2(x)
0.50673404    0.011835075 

BBB first bond length
0.61859453    0.0029205572

BBB second bond length
0.61861507    0.0027417575

BBB <phi**2>/<phi>**2
1.22579       0.0088272465

Time = 19000
Temperature
1.0082303     0.004514142 

Pressure
23.128883     0.073854672 

CM Mom
-1.4643983e-16 1.747497e-17  
3.3055191e-17  3.5448557e-17 
1.1764916e-16  2.1429877e-17 
1.948705e-16   2.0622768e-17 

CM Pos
7.5029739      0.0093138915  
7.4969879      0.015859597   
7.5042444      0.019163776   
12.992824      0.019039728   

Stress
20.1484      0.059058     0.0203476     0.0740965    0.0639559    0.0692126   
0.059058     20.1051      -0.00381062   0.0639559    0.096197     0.0758303   
0.0203476    -0.00381062  20.0734       0.0692126    0.0758303    0.134355    

Stress Spherical
0            0            0             0            0            0           
0            0            0             0            0            0           
0            0            0             0            0            0           

Inertia
149.997      -56.2364     -56.3071      0.389482     0.155563     0.188335    
-56.2364     150.101      -56.2211      0.155563     0.346366     0.221486    
-56.3071     -56.2211     149.99        0.188335     0.221486     0.278589    

Bond Length
0.61733358    0.0024145121

BB bond length
0.61733358    0.0024145121

Water EE distance
0             0           

PEG EE distance
7.0332365     0.11268964  

BBB P2(x)
0.50972372    0.0056563223

BBB first bond length
0.61717359    0.0025735834

BBB second bond length
0.61732707    0.0022582988

BBB <phi**2>/<phi>**2
1.2256416     0.0064233756

Time = 20000
Temperature
1.0112582     0.005576637 

Pressure
23.149494     0.0874686   

CM Mom
-1.5640318e-16 2.0584864e-17 
6.7131207e-17  1.7352595e-17 
1.4250356e-16  1.8809531e-17 
2.2326928e-16  2.2478778e-17 

CM Pos
7.4918452      0.01460269    
7.4983233      0.012073824   
7.5046895      0.0094790837  
12.987426      0.013336788   

Stress
20.0899      -0.0359965   0.0184104     0.118023     0.0701891    0.0808902   
-0.0359965   20.1101      -0.00964544   0.0701891    0.170736     0.0714448   
0.0184104    -0.00964544  20.1615       0.0808902    0.0714448    0.105543    

Stress Spherical
0            0            0             0            0            0           
0            0            0             0            0            0           
0            0            0             0            0            0           

Inertia
150.016      -56.1602     -56.2257      0.287701     0.173736     0.111113    
-56.1602     149.935      -56.2956      0.173736     0.250942     0.171115    
-56.2257     -56.2956     149.841       0.111113     0.171115     0.290731    

Bond Length
0.61761796    0.0037403369

BB bond length
0.61761796    0.0037403369

Water EE distance
0             0           

PEG EE distance
7.0512322     0.10715624  

BBB P2(x)
0.50643129    0.0083931989

BBB first bond length
0.61744672    0.0037820809

BBB second bond length
0.61749384    0.0039289963

BBB <phi**2>/<phi>**2
1.2202        0.0085717262

Time = 21000
Temperature
1.0140063     0.0083530054

Pressure
23.127114     0.10192102  

CM Mom
-1.6959648e-16 1.1255691e-17 
8.6333733e-17  2.6927749e-17 
1.3739916e-16  8.3579854e-18 
2.363624e-16   1.2225929e-17 

CM Pos
7.5049028      0.013004449   
7.5020329      0.012639553   
7.5039476      0.015686507   
12.996681      0.012787423   

Stress
20.0681      0.00702552   -0.00941593   0.109791     0.0624863    0.0636019   
0.00702552   20.0712      -0.0115041    0.0624863    0.130213     0.0683405   
-0.00941593  -0.0115041   20.1304       0.0636019    0.0683405    0.146739    

Stress Spherical
0            0            0             0            0            0           
0            0            0             0            0            0           
0            0            0             0            0            0           

Inertia
150.08       -56.2902     -56.3107      0.239302     0.179007     0.186203    
-56.2902     150.124      -56.3054      0.179007     0.265364     0.156298    
-56.3107     -56.3054     150.112       0.186203     0.156298     0.294896    

Bond Length
0.61888812    0.0014903999

BB bond length
0.61888812    0.0014903999

Water EE distance
0             0           

PEG EE distance
7.0360378     0.13593286  

BBB P2(x)
0.50465982    0.0096995855

BBB first bond length
0.61883618    0.0014997276

BBB second bond length
0.61903425    0.0013775769

BBB <phi**2>/<phi>**2
1.22394       0.0069861536

Time = 22000
Temperature
1.010176      0.0058922492

Pressure
23.155725     0.081775728 

CM Mom
-1.4101117e-16 2.5254278e-17 
8.5547796e-17  1.5304613e-17 
1.278769e-16   1.8814784e-17 
2.1001531e-16  2.5974114e-17 

CM Pos
7.5095027      0.015178607   
7.5030716      0.015062847   
7.5006832      0.0078572771  
12.998052      0.011167071   

Stress
20.0875      0.00830747   -0.0251744    0.13867      0.056568     0.0899831   
0.00830747   20.1423      -0.0129363    0.056568     0.124307     0.0912675   
-0.0251744   -0.0129363   20.1602       0.0899831    0.0912675    0.065074    

Stress Spherical
0            0            0             0            0            0           
0            0            0             0            0            0           
0            0            0             0            0            0           

Inertia
150.052      -56.3372     -56.325       0.233544     0.107089     0.152549    
-56.3372     150.145      -56.2739      0.107089     0.30422      0.131598    
-56.325      -56.2739     150.202       0.152549     0.131598     0.169751    

Bond Length
0.61734317    0.00098533717

BB bond length
0.61734317    0.00098533717

Water EE distance
0             0           

PEG EE distance
6.6469294     0.076796656 

BBB P2(x)
0.50961274    0.0071492095

BBB first bond length
0.61737473    0.001056161 

BBB second bond length
0.61719848    0.00092088045

BBB <phi**2>/<phi>**2
1.225368      0.0052025625

Time = 23000
Temperature
1.0106127     0.0086156722

Pressure
23.164143     0.077229874 

CM Mom
-1.3103328e-16 2.1063281e-17 
8.1750864e-17  2.4959318e-17 
1.1452243e-16  1.7032648e-17 
1.9459704e-16  2.1378587e-17 

CM Pos
7.4939225      0.016542501   
7.5023296      0.012590684   
7.5033541      0.01418898    
12.990173      0.013911635   

Stress
20.1039      -0.00697627  0.00322724    0.108107     0.069175     0.0841787   
-0.00697627  20.1899      -0.0238667    0.069175     0.105836     0.057394    
0.00322724   -0.0238667   20.1175       0.0841787    0.057394     0.125561    

Stress Spherical
0            0            0             0            0            0           
0            0            0             0            0            0           
0            0            0             0            0            0           

Inertia
150.079      -56.2285     -56.2465      0.340588     0.146488     0.176205    
-56.2285     149.962      -56.2927      0.146488     0.34966      0.169024    
-56.2465     -56.2927     149.953       0.176205     0.169024     0.310806    

Bond Length
0.61757667    0.0011918598

BB bond length
0.61757667    0.0011918598

Water EE distance
0             0           

PEG EE distance
6.7809571     0.12748209  

BBB P2(x)
0.51038972    0.0101496   

BBB first bond length
0.61741037    0.0011953019

BBB second bond length
0.6177777     0.0010617303

BBB <phi**2>/<phi>**2
1.2226772     0.0092090782

Time = 24000
Temperature
1.0134768     0.0071782254

Pressure
23.143255     0.065784405 

CM Mom
-1.0287121e-16 3.0844e-17    
8.3305989e-17  1.6174319e-17 
1.1021838e-16  3.1480144e-17 
1.7755871e-16  1.8636849e-17 

CM Pos
7.4967418      0.005777403   
7.5005491      0.010467025   
7.4956382      0.017491537   
12.986309      0.014122492   

Stress
20.0846      -0.042339    0.0235968     0.115321     0.0379933    0.0823723   
-0.042339    20.1458      -0.0285768    0.0379933    0.0957494    0.0605493   
0.0235968    -0.0285768   20.0925       0.0823723    0.0605493    0.099247    

Stress Spherical
0            0            0             0            0            0           
0            0            0             0            0            0           
0            0            0             0            0            0           

Inertia
149.942      -56.2216     -56.2013      0.397812     0.0966404    0.172037    
-56.2216     149.884      -56.2313      0.0966404    0.221126     0.227246    
-56.2013     -56.2313     149.962       0.172037     0.227246     0.197615    

Bond Length
0.6175759     0.0018990872

BB bond length
0.6175759     0.0018990872

Water EE distance
0             0           

PEG EE distance
6.6731962     0.19582339  

BBB P2(x)
0.50057355    0.0056034881

BBB first bond length
0.61760225    0.001656723 

BBB second bond length
0.61753888    0.0018841062

BBB <phi**2>/<phi>**2
1.2257508     0.007548057 

Time = 25000
Temperature
1.0087762     0.0075432106

Pressure
23.046536     0.11828485  

CM Mom
-6.8767877e-17 1.883319e-17  
8.5326224e-17  2.4172116e-17 
1.1737899e-16  2.3666209e-17 
1.6389365e-16  2.0624075e-17 

CM Pos
7.4902129      0.016148503   
7.5032199      0.011186909   
7.5020186      0.018630738   
12.987777      0.01617493    

Stress
20.014       0.0147575    -0.0235684    0.130437     0.0725313    0.0890743   
0.0147575    20.0106      -0.0323267    0.0725313    0.102332     0.0869709   
-0.0235684   -0.0323267   20.0504       0.0890743    0.0869709    0.191321    

Stress Spherical
0            0            0             0            0            0           
0            0            0             0            0            0           
0            0            0             0            0            0           

Inertia
150.072      -56.2279     -56.2611      0.404232     0.166018     0.161438    
-56.2279     149.88       -56.2706      0.166018     0.412704     0.21177     
-56.2611     -56.2706     149.912       0.161438     0.21177      0.244304    

Bond Length
0.6183541     0.0019018786

BB bond length
0.6183541     0.0019018786

Water EE distance
0             0           

PEG EE distance
7.3526277     0.16011423  

BBB P2(x)
0.49915657    0.0061338481

BBB first bond length
0.6183128     0.001816202 

BBB second bond length
0.61822493    0.0019633325

BBB <phi**2>/<phi>**2
1.2206645     0.0075238116

Time = 26000
Temperature
1.0085079     0.0073338837

Pressure
23.114244     0.1036356   

CM Mom
-1.1245868e-16 3.7811264e-17 
7.558061e-17   2.2181113e-17 
8.2012523e-17  1.0542609e-17 
1.6159189e-16  3.1722825e-17 

CM Pos
7.4915484      0.011475456   
7.5052973      0.013712353   
7.5033541      0.020902473   
12.99052       0.015544717   

Stress
20.0711      0.0211878    -0.00570204   0.166558     0.0794791    0.0546011   
0.0211878    20.0808      0.0113381     0.0794791    0.123792     0.0880193   
-0.00570204  0.0113381    20.1286       0.0546011    0.0880193    0.125647    

Stress Spherical
0            0            0             0            0            0           
0            0            0             0            0            0           
0            0            0             0            0            0           

Inertia
150.139      -56.2477     -56.2076      0.420461     0.104179     0.163427    
-56.2477     149.92       -56.3045      0.104179     0.38342      0.184459    
-56.2076     -56.3045     149.96        0.163427     0.184459     0.221861    

Bond Length
0.61918452    0.0011158242

BB bond length
0.61918452    0.0011158242

Water EE distance
0             0           

PEG EE distance
7.5554736     0.095612708 

BBB P2(x)
0.50754131    0.007935574 

BBB first bond length
0.61929083    0.00095688724

BBB second bond length
0.61906423    0.0015162086

BBB <phi**2>/<phi>**2
1.2244193     0.0049905715

Time = 27000
Temperature
1.0058805     0.012186957 

Pressure
23.136835     0.11934156  

CM Mom
-1.2035827e-16 1.4757445e-17 
8.2908971e-17  1.6122886e-17 
8.913963e-17   1.2043456e-17 
1.7250042e-16  1.3124921e-17 

CM Pos
7.4955547      0.015477382   
7.5017361      0.014617007   
7.4993477      0.011759733   
12.988461      0.0087654673  

Stress
20.1138      -0.0127428   -8.09779e-05  0.148085     0.0724631    0.0928274   
-0.0127428   20.1325      -0.0185954    0.0724631    0.141892     0.0680444   
-8.09779e-05 -0.0185954   20.1256       0.0928274    0.0680444    0.109044    

Stress Spherical
0            0            0             0            0            0           
0            0            0             0            0            0           
0            0            0             0            0            0           

Inertia
150.028      -56.2094     -56.2112      0.280883     0.16117      0.178561    
-56.2094     149.942      -56.2377      0.16117      0.265893     0.163166    
-56.2112     -56.2377     149.974       0.178561     0.163166     0.22161     

Bond Length
0.61849755    0.00144319  

BB bond length
0.61849755    0.00144319  

Water EE distance
0             0           

PEG EE distance
7.3281333     0.18285334  

BBB P2(x)
0.51055984    0.011490673 

BBB first bond length
0.61832656    0.0014756346

BBB second bond length
0.61872312    0.0015296366

BBB <phi**2>/<phi>**2
1.2244002     0.0094025192

Time = 28000
Temperature
1.0101377     0.00902197  

Pressure
23.082769     0.076440589 

CM Mom
-1.0752959e-16 1.5318129e-17 
7.6414046e-17  4.0539794e-17 
1.0681819e-16  1.5480252e-17 
1.7530686e-16  1.4039548e-17 

CM Pos
7.4995611      0.011908573   
7.4981749      0.01301714    
7.5042444      0.01102434    
12.991536      0.012185563   

Stress
20.0828      -0.0068663   -0.0577257    0.101468     0.0954001    0.0862369   
-0.0068663   20.0146      0.0122497     0.0954001    0.127353     0.0889654   
-0.0577257   0.0122497    20.074        0.0862369    0.0889654    0.108913    

Stress Spherical
0            0            0             0            0            0           
