Time = 1000
Temperature
   1.1338573    0.19149885

Pressure
   23.815297     0.9905244

CM Mom
-1.5597767e-18 1.7416213e-17 
-1.6011988e-18 5.2612593e-17 
2.0461576e-17  2.8085399e-16 
2.1555833e-16  1.8949579e-16 

CM Pos
7.4996419      0.010360588   
7.5009058      0.016223796   
7.4944423      0.019217767   
12.987511      0.012998718   

Stress
20.4325      -0.0153606   -0.00517314   0.409947     0.0823969    0.0836275   
-0.0153606   20.393       -0.0260971    0.0823969    0.438328     0.0838802   
-0.00517314  -0.0260971   20.4228       0.0836275    0.0838802    0.442499    

Stress Spherical
0            0            0             0            0            0           
0            0            0             0            0            0           
0            0            0             0            0            0           

Inertia
150.104      -56.2247     -56.216       1.50672      0.112051     0.228205    
-56.2247     150.067      -56.1981      0.112051     1.1981       0.144377    
-56.216      -56.1981     150.152       0.228205     0.144377     1.5203      

Bond Length
0.61930769    0.007421901 

BB bond length
0.61930769    0.007421901 

Water EE distance
0             0           

PEG EE distance
7.0664886     0.12207545  

BBB P2(x)
0.47550057    0.06190137  

BBB first bond length
0.61944025    0.0075847241

BBB second bond length
0.61928039    0.0074880591

BBB <phi**2>/<phi>**2
1.2184469     0.011822533 

Time = 2000
Temperature
1.0092502     0.0074441893

Pressure
23.146198     0.095009711 

CM Mom
-1.5498189e-17 1.2330652e-17 
4.7918007e-18  2.0692529e-17 
-1.5990043e-17 4.1393136e-17 
4.9219989e-17  1.9744541e-17 

CM Pos
7.4948979      0.011050392   
7.5012023      0.011094062   
7.497852       0.02262025    
12.986908      0.017337124   

Stress
20.1398      -0.0333965   0.0140692     0.0834793    0.0631499    0.072191    
-0.0333965   20.1314      -0.00756354   0.0631499    0.107156     0.0858274   
0.0140692    -0.00756354  20.0904       0.072191     0.0858274    0.148786    

Stress Spherical
0            0            0             0            0            0           
0            0            0             0            0            0           
0            0            0             0            0            0           

Inertia
149.871      -56.2492     -56.1995      0.309033     0.0990318    0.217839    
-56.2492     149.803      -56.2747      0.0990318    0.337233     0.172344    
-56.1995     -56.2747     149.844       0.217839     0.172344     0.250984    

Bond Length
0.61767642    0.0015342477

BB bond length
0.61767642    0.0015342477

Water EE distance
0             0           

PEG EE distance
6.9479463     0.11794495  

BBB P2(x)
0.51417764    0.0099521295

BBB first bond length
0.61749663    0.0014947898

BBB second bond length
0.61781277    0.0014138662

BBB <phi**2>/<phi>**2
1.2283724     0.00360966  

