Time = 1000
Temperature
   1.1114546    0.16324631

Pressure
   23.771637    0.78043833

CM Mom
-9.9010157e-17 1.3081847e-17 
-4.6038923e-18 2.0340917e-17 
1.9722973e-17  3.8151819e-16 
2.650429e-16   2.9343905e-16 

CM Pos
7.5088198      0.0087968988  
7.4968991      0.01519117    
7.4981547      0.015173799   
12.992634      0.013633373   

Stress
20.4316      -0.0525692   -0.0418109    0.32201      0.0868305    0.0911448   
-0.0525692   20.4445      -0.0279231    0.0868305    0.340289     0.0644239   
-0.0418109   -0.0279231   20.4426       0.0911448    0.0644239    0.279871    

Stress Spherical
0            0            0             0            0            0           
0            0            0             0            0            0           
0            0            0             0            0            0           

Inertia
150.025      -56.3132     -56.3418      1.14168      0.164644     0.148625    
-56.3132     150.215      -56.1982      0.164644     1.27787      0.179356    
-56.3418     -56.1982     150.194       0.148625     0.179356     1.30868     

Bond Length
0.61944527    0.0062268835

BB bond length
0.61944527    0.0062268835

Water EE distance
0             0           

PEG EE distance
7.2445027     0.079413453 

BBB P2(x)
0.48317264    0.057202691 

BBB first bond length
0.61944728    0.0062156184

BBB second bond length
0.61942324    0.006103849 

BBB <phi**2>/<phi>**2
1.2234173     0.017415286 

Time = 2000
Temperature
1.0112179     0.0091988405

Pressure
23.261535     0.09825406  

CM Mom
-1.062711e-16  1.4923256e-17 
-3.3387889e-17 3.5257578e-17 
-1.6308801e-17 6.7512096e-17 
1.3194029e-16  3.5912641e-17 

CM Pos
7.5095611      0.010394474   
7.4977886      0.014160847   
7.4996372      0.010520574   
12.994431      0.009130433   

Stress
20.212       -0.0282521   -0.0417046    0.0663266    0.0568876    0.0979715   
-0.0282521   20.2923      -0.0132966    0.0568876    0.15105      0.0669951   
-0.0417046   -0.0132966   20.1857       0.0979715    0.0669951    0.127445    

Stress Spherical
0            0            0             0            0            0           
0            0            0             0            0            0           
0            0            0             0            0            0           

Inertia
149.829      -56.3339     -56.3059      0.137871     0.110847     0.115766    
-56.3339     150.018      -56.1984      0.110847     0.391325     0.147617    
-56.3059     -56.1984     150.001       0.115766     0.147617     0.268906    

Bond Length
0.61824535    0.0019381034

BB bond length
0.61824535    0.0019381034

Water EE distance
0             0           

PEG EE distance
7.5639578     0.14045498  

BBB P2(x)
0.51869816    0.0076835067

BBB first bond length
0.61833979    0.0020325737

BBB second bond length
0.61819937    0.0017605994

BBB <phi**2>/<phi>**2
1.2238061     0.006491112 

