Time = 1000
Temperature
   1.1140541    0.16272624

Pressure
   23.838584    0.78445331

CM Mom
-4.2002597e-17 2.6221476e-17 
4.4799002e-17  2.3681727e-17 
1.2962551e-16  2.3362529e-16 
1.8949912e-16  2.0122919e-16 

CM Pos
7.4957935      0.022330799   
7.4978629      0.019717335   
7.4967082      0.017340256   
12.984853      0.017106653   

Stress
20.5015      -0.00598564  0.0501393     0.339541     0.0946408    0.0867944   
-0.00598564  20.543       -0.0237732    0.0946408    0.272234     0.0565554   
0.0501393    -0.0237732   20.4518       0.0867944    0.0565554    0.339076    

Stress Spherical
0            0            0             0            0            0           
0            0            0             0            0            0           
0            0            0             0            0            0           

Inertia
150.043      -56.1859     -56.1438      1.19997      0.353478     0.193457    
-56.1859     150.006      -56.2138      0.353478     1.10593      0.14666     
-56.1438     -56.2138     150.048       0.193457     0.14666      0.981659    

Bond Length
0.61927857    0.0064097028

BB bond length
0.61927857    0.0064097028

Water EE distance
0             0           

PEG EE distance
6.9745201     0.19487105  

BBB P2(x)
0.4786279     0.057764058 

BBB first bond length
0.6191679     0.0065251945

BBB second bond length
0.61948088    0.0064318383

BBB <phi**2>/<phi>**2
1.2205782     0.014558296 

Time = 2000
Temperature
1.0119372     0.0080972775

Pressure
23.229416     0.1048442   

CM Mom
-7.5905793e-17 2.2430172e-17 
5.1977377e-17  1.3186675e-17 
6.4251702e-17  4.1804534e-17 
1.1794787e-16  3.3234589e-17 

CM Pos
7.5005375      0.016509159   
7.5000867      0.013096499   
7.5002662      0.012897806   
12.990915      0.0093240759  

Stress
20.2265      -0.00998139  -0.0150352    0.113546     0.078798     0.0659663   
-0.00998139  20.1956      0.0237002     0.078798     0.0969924    0.0696809   
-0.0150352   0.0237002    20.165        0.0659663    0.0696809    0.120542    

Stress Spherical
0            0            0             0            0            0           
0            0            0             0            0            0           
0            0            0             0            0            0           

Inertia
149.872      -56.2517     -56.2533      0.444768     0.142948     0.157674    
-56.2517     149.883      -56.2841      0.142948     0.216698     0.130891    
-56.2533     -56.2841     149.881       0.157674     0.130891     0.332884    

Bond Length
0.61771332    0.0017011974

BB bond length
0.61771332    0.0017011974

Water EE distance
0             0           

PEG EE distance
6.9396655     0.078742919 

BBB P2(x)
0.51339411    0.009830533 

BBB first bond length
0.61776074    0.0018310411

BBB second bond length
0.61758982    0.0018693317

BBB <phi**2>/<phi>**2
1.2257088     0.008804905 

