Time = 500
Temperature
   1.0331572   0.036923001

Pressure
   22.818883     0.1592576

CM Mom
6.6984481e-18  2.5040729e-17 
-1.7547606e-17 6.3467122e-18 
3.8273709e-18  1.506378e-17  
3.165822e-17   1.6106828e-17 

CM Pos
7.5273263      0.026419268   
7.4806117      0.013314165   
7.503539       0.012072977   
12.997082      0.012750205   

Stress
19.7571      -0.0405221   0.0285086     0.163324     0.0428744    0.0380335   
-0.0405221   19.7111      0.00555872    0.0428744    0.0718797    0.0248441   
0.0285086    0.00555872   19.702        0.0380335    0.0248441    0.153281    

Stress Spherical
0            0            0             0            0            0           
0            0            0             0            0            0           
0            0            0             0            0            0           

Inertia
149.442      -56.3947     -56.4672      0.2265       0.217733     0.131437    
-56.3947     150.087      -56.0539      0.217733     0.130933     0.106727    
-56.4672     -56.0539     149.765       0.131437     0.106727     0.31186     

Bond Length
0.61195017    0.0037533416

BB bond length
0.61195017    0.0037533416

Water EE distance
0             0           

PEG EE distance
3.5746652     0.27018944  

Time = 1000
Temperature
1.0130681     0.0062976923

Pressure
22.668645     0.1079516   

CM Mom
-3.9651607e-18 1.2040236e-17 
1.5568594e-17  1.4841598e-17 
-3.3448323e-17 1.5532334e-17 
4.112112e-17   1.7100913e-17 

CM Pos
7.5163493      0.01135929    
7.4856552      0.016693202   
7.5088792      0.021216051   
12.996708      0.01544949    

Stress
19.6146      0.0364882    0.0136147     0.148752     0.0657544    0.0608562   
0.0364882    19.652       0.0217285     0.0657544    0.114718     0.0590334   
0.0136147    0.0217285    19.6334       0.0608562    0.0590334    0.111398    

Stress Spherical
0            0            0             0            0            0           
0            0            0             0            0            0           
0            0            0             0            0            0           

Inertia
149.631      -56.291      -56.4479      0.426353     0.0990899    0.172351    
-56.291      150.07       -56.1752      0.0990899    0.311231     0.182569    
-56.4479     -56.1752     149.678       0.172351     0.182569     0.221544    

Bond Length
0.61639427    0.0054705914

BB bond length
0.61639427    0.0054705914

Water EE distance
0             0           

PEG EE distance
3.6126573     0.34816249  

