Time = 500
Temperature
   1.0374179   0.038114338

Pressure
   22.657571    0.17568649

CM Mom
-6.3007763e-18 9.5572023e-18 
-1.8662503e-17 1.2291283e-17 
-8.3195383e-18 2.8771872e-17 
3.817314e-17   8.3816026e-18 

CM Pos
7.4871234      0.017022258   
7.49201        0.040692214   
7.5091917      0.01822516    
12.983718      0.023349916   

Stress
19.5532      -0.0209714   0.0314622     0.198562     0.0904188    0.0557874   
-0.0209714   19.6071      0.00381285    0.0904188    0.0554898    0.0608308   
0.0314622    0.00381285   19.4849       0.0557874    0.0608308    0.130441    

Stress Spherical
0            0            0             0            0            0           
0            0            0             0            0            0           
0            0            0             0            0            0           

Inertia
149.509      -56.0913     -56.1914      0.252245     0.448255     0.136484    
-56.0913     149.407      -56.2698      0.448255     0.163135     0.164951    
-56.1914     -56.2698     149.173       0.136484     0.164951     0.904041    

Bond Length
0.61576119    0.0037710051

BB bond length
0.61576119    0.0037710051

Water EE distance
0             0           

PEG EE distance
3.1474463     0.11214968  

Time = 1000
Temperature
1.0073938     0.0094596508

Pressure
22.491698     0.10521682  

CM Mom
-1.6178633e-17 6.384089e-18  
-1.3446705e-17 1.8857877e-17 
2.4333806e-18  1.9052809e-17 
3.1552232e-17  1.45714e-17   

CM Pos
7.485937       0.016379675   
7.5015008      0.019326151   
7.5059293      0.018006655   
12.986584      0.018229848   

Stress
19.472       0.0167337    0.020037      0.125326     0.0801166    0.0375623   
0.0167337    19.4597      -0.0155075    0.0801166    0.133435     0.0903931   
0.020037     -0.0155075   19.4858       0.0375623    0.0903931    0.0952155   

Stress Spherical
0            0            0             0            0            0           
0            0            0             0            0            0           
0            0            0             0            0            0           

Inertia
149.636      -56.097      -56.2327      0.430847     0.20584      0.204272    
-56.097      149.398      -56.2656      0.20584      0.385774     0.194231    
-56.2327     -56.2656     149.395       0.204272     0.194231     0.391936    

Bond Length
0.61341586    0.0039536134

BB bond length
0.61341586    0.0039536134

Water EE distance
0             0           

PEG EE distance
3.4906505     0.20963472  

