Time = 1000
Temperature
    1.033139   0.042538345

Pressure
   23.651637    0.17529719

CM Mom
-1.2079911e-16 2.9294619e-17 
1.4241606e-17  2.9285875e-17 
1.5294101e-17  4.5632959e-17 
1.3326162e-16  3.2690996e-17 

CM Pos
7.5038119      0.034850521   
7.4983934      0.01520936    
7.4949288      0.010569563   
12.988767      0.023488661   

Stress
20.5199      -0.00372014  0.00821706    0.116499     0.0602891    0.0612572   
-0.00372014  20.5589      0.000280061   0.0602891    0.143481     0.0795267   
0.00821706   0.000280061  20.5861       0.0612572    0.0795267    0.0862879   

Stress Spherical
0            0            0             0            0            0           
0            0            0             0            0            0           
0            0            0             0            0            0           

Inertia
149.902      -56.2652     -56.2451      0.507865     0.325508     0.279739    
-56.2652     149.986      -56.1956      0.325508     0.868044     0.176422    
-56.2451     -56.1956     150.037       0.279739     0.176422     1.00292     

Bond Length
0.6195166     0.002843991 

BB bond length
0.6195166     0.002843991 

Water EE distance
0             0           

PEG EE distance
4.7258053     0.24114621  

BBB P2(x)
0.49413494    0.038556182 

BBB first bond length
0.61906808    0.0027049263

BBB second bond length
0.6191939     0.0025530138

BBB <phi**2>/<phi>**2
1.2235191     0.020873697 

Time = 2000
Temperature
1.009577      0.0052684108

Pressure
23.49599      0.082574074 

CM Mom
-1.5280479e-16 2.3347537e-17 
6.5346876e-17  2.4193525e-17 
8.8175946e-18  2.205585e-17  
1.6953107e-16  2.3945307e-17 

CM Pos
7.496991       0.010061207   
7.4949829      0.014314968   
7.5053084      0.014976275   
12.988828      0.012793118   

Stress
20.4957      -0.0475725   0.00590866    0.143814     0.0891071    0.0463402   
-0.0475725   20.4345      0.0611915     0.0891071    0.0666348    0.0828976   
0.00590866   0.0611915    20.4797       0.0463402    0.0828976    0.119841    

Stress Spherical
0            0            0             0            0            0           
0            0            0             0            0            0           
0            0            0             0            0            0           

Inertia
149.949      -56.173      -56.2777      0.310747     0.132209     0.151046    
-56.173      149.98       -56.2458      0.132209     0.403059     0.163197    
-56.2777     -56.2458     149.807       0.151046     0.163197     0.347109    

Bond Length
0.61925162    0.0039624072

BB bond length
0.61925162    0.0039624072

Water EE distance
0             0           

PEG EE distance
5.1553959     0.14713413  

BBB P2(x)
0.51374527    0.017438695 

BBB first bond length
0.61904832    0.0040321767

BBB second bond length
0.61945549    0.003848264 

BBB <phi**2>/<phi>**2
1.2298866     0.016064523 

