Time = 1000
Temperature
    1.083322     0.1119403

Pressure
   23.698976    0.58565173

CM Mom
-1.9810144e-17 1.759753e-17  
1.8802784e-18  2.7816098e-17 
-1.1052788e-16 1.6497825e-16 
1.5249608e-16  1.3288554e-16 

CM Pos
7.5015407      0.016604707   
7.4946407      0.024498074   
7.4948653      0.013424045   
12.98524       0.01900314    

Stress
20.4203      -0.0235222   0.0182539     0.306508     0.0787374    0.0329113   
-0.0235222   20.4648      0.00571302    0.0787374    0.229561     0.0692174   
0.0182539    0.00571302   20.4707       0.0329113    0.0692174    0.295701    

Stress Spherical
0            0            0             0            0            0           
0            0            0             0            0            0           
0            0            0             0            0            0           

Inertia
149.932      -56.2271     -56.2288      1.3599       0.25313      0.130846    
-56.2271     150.047      -56.1667      0.25313      1.18754      0.208661    
-56.2288     -56.1667     150.035       0.130846     0.208661     1.19615     

Bond Length
0.61849939    0.0069433382

BB bond length
0.61849939    0.0069433382

Water EE distance
0             0           

PEG EE distance
6.8360218     0.18995264  

BBB P2(x)
0.4828996     0.056630875 

BBB first bond length
0.61856098    0.0067011213

BBB second bond length
0.61834601    0.0068479563

BBB <phi**2>/<phi>**2
1.2198705     0.010729099 

Time = 2000
Temperature
1.0071938     0.010755143 

Pressure
23.292789     0.096660224 

CM Mom
8.4656426e-18  1.0779639e-17 
-3.7640344e-17 1.7476753e-17 
-3.3021206e-17 4.1336024e-17 
6.632774e-17   1.7601076e-17 

CM Pos
7.4964992      0.010148244   
7.5013133      0.011600952   
7.4963481      0.015075047   
12.987024      0.010696672   

Stress
20.2445      0.0132093    0.00760562    0.102388     0.0908752    0.0625905   
0.0132093    20.3287      -0.0056458    0.0908752    0.123034     0.0781735   
0.00760562   -0.0056458   20.2485       0.0625905    0.0781735    0.127318    

Stress Spherical
0            0            0             0            0            0           
0            0            0             0            0            0           
0            0            0             0            0            0           

Inertia
149.844      -56.2459     -56.212       0.39679      0.149262     0.187274    
-56.2459     149.765      -56.2517      0.149262     0.405042     0.173464    
-56.212      -56.2517     149.854       0.187274     0.173464     0.464148    

Bond Length
0.61828336    0.0025537036

BB bond length
0.61828336    0.0025537036

Water EE distance
0             0           

PEG EE distance
6.9552358     0.083697436 

BBB P2(x)
0.52284029    0.011231547 

BBB first bond length
0.61811293    0.0027318574

BBB second bond length
0.61825391    0.0024637466

BBB <phi**2>/<phi>**2
1.227333      0.007576891 

