Time = 1000
Temperature
   1.0650228    0.19572084

Pressure
   23.766578     0.6221251

CM Mom
4.140828e-17   1.8622289e-17 
-6.9376661e-18 1.5498923e-17 
-1.9756861e-17 4.9078351e-17 
6.5651479e-17  2.896005e-17  

CM Pos
7.5029885      0.028019069   
7.4991079      0.016155875   
7.4993638      0.013375115   
12.991258      0.018780525   

Stress
20.5754      -0.00239015  -0.00416122   0.13505      0.0674507    0.0739001   
-0.00239015  20.5761      -0.0119282    0.0674507    0.117243     0.0712722   
-0.00416122  -0.0119282   20.5716       0.0739001    0.0712722    0.121013    

Stress Spherical
0            0            0             0            0            0           
0            0            0             0            0            0           
0            0            0             0            0            0           

Inertia
149.923      -56.2713     -56.272       0.431945     0.242746     0.279871    
-56.2713     149.988      -56.2264      0.242746     0.338392     0.156923    
-56.272      -56.2264     149.974       0.279871     0.156923     0.321012    

Bond Length
0.5730367     0.015926728 

BB bond length
0.5730367     0.015926728 

Water EE distance
0             0           

PEG EE distance
2.3820101     0.26105111  

Time = 2000
Temperature
1.0098777     0.0075166207

Pressure
23.57715      0.077289596 

CM Mom
6.9089687e-17  1.6014441e-17 
-2.0618732e-17 1.7536701e-17 
4.8705328e-19  2.3798109e-17 
7.7715347e-17  1.7012562e-17 

CM Pos
7.500705       0.013679828   
7.5002793      0.013516065   
7.4967689      0.0096303349  
12.989097      0.011350488   

Stress
20.5614      -0.0188318   -0.00560785   0.114135     0.0687882    0.0791389   
-0.0188318   20.5549      0.00170081    0.0687882    0.106334     0.0774496   
-0.00560785  0.00170081   20.5343       0.0791389    0.0774496    0.099229    

Stress Spherical
0            0            0             0            0            0           
0            0            0             0            0            0           
0            0            0             0            0            0           

Inertia
149.913      -56.2485     -56.2358      0.313532     0.151225     0.14858     
-56.2485     149.93       -56.2227      0.151225     0.239638     0.145949    
-56.2358     -56.2227     149.978       0.14858      0.145949     0.253028    

Bond Length
0.56937663    0.0057025198

BB bond length
0.56937663    0.0057025198

Water EE distance
0             0           

PEG EE distance
2.3725418     0.1655601   

Time = 3000
Temperature
1.0112186     0.0077728588

Pressure
23.591932     0.092666869 

CM Mom
5.643631e-17   2.1258937e-17 
-4.4108654e-17 1.8110053e-17 
1.2001817e-17  1.6805645e-17 
7.7959104e-17  1.6105845e-17 

CM Pos
7.4995039      0.012257793   
7.5022218      0.01300394    
7.4977921      0.017685118   
12.990118      0.015451655   

Stress
20.5442      0.000285326  -0.0124892    0.124665     0.0678211    0.0639405   
0.000285326  20.5743      0.00335708    0.0678211    0.116457     0.0658774   
-0.0124892   0.00335708   20.5644       0.0639405    0.0658774    0.110927    

Stress Spherical
0            0            0             0            0            0           
0            0            0             0            0            0           
0            0            0             0            0            0           

Inertia
149.969      -56.2539     -56.2274      0.327576     0.151463     0.190576    
-56.2539     149.932      -56.2635      0.151463     0.401869     0.17067     
-56.2274     -56.2635     149.993       0.190576     0.17067      0.318304    

Bond Length
0.56925188    0.0056075833

BB bond length
0.56925188    0.0056075833

Water EE distance
0             0           

PEG EE distance
2.2395691     0.16075296  

