Time = 1000
Temperature
   1.0363497   0.053224389

Pressure
   23.630538    0.21386398

CM Mom
8.6253486e-18  1.6329625e-17 
-2.3323637e-17 1.0210564e-17 
5.0499781e-17  1.0027743e-16 
9.3235773e-17  7.0015588e-17 

CM Pos
7.5078968      0.015872635   
7.4999527      0.038016068   
7.4992718      0.014845636   
12.99454       0.026971817   

Stress
20.5689      0.0387566    -0.00422756   0.151428     0.0707302    0.0677654   
0.0387566    20.5539      0.00529624    0.0707302    0.108773     0.0479151   
-0.00422756  0.00529624   20.4592       0.0677654    0.0479151    0.102922    

Stress Spherical
0            0            0             0            0            0           
0            0            0             0            0            0           
0            0            0             0            0            0           

Inertia
149.99       -56.2975     -56.2922      0.918989     0.408522     0.195621    
-56.2975     150.114      -56.2882      0.408522     0.563963     0.31634     
-56.2922     -56.2882     150.112       0.195621     0.31634      1.17314     

Bond Length
0.61860126    0.0052993565

BB bond length
0.61860126    0.0052993565

Water EE distance
0             0           

PEG EE distance
6.240629      0.28384532  

BBB P2(x)
0.48074018    0.065512126 

BBB first bond length
0.61858496    0.0053651624

BBB second bond length
0.61853979    0.00496663  

BBB <phi**2>/<phi>**2
1.2168656     0.026210712 

Time = 2000
Temperature
1.0110326     0.0080031618

Pressure
23.480414     0.081463121 

CM Mom
8.8528916e-18  1.2001695e-17 
-3.5769703e-18 1.8741865e-17 
9.5680659e-18  1.7841154e-17 
2.908311e-17   1.2267599e-17 

CM Pos
7.49439        0.016897841   
7.5055929      0.015067318   
7.5013498      0.015422096   
12.991175      0.012929343   

Stress
20.4247      0.0248031    0.00045247    0.131816     0.0591345    0.0563465   
0.0248031    20.4699      0.0274078     0.0591345    0.100954     0.0652397   
0.00045247   0.0274078    20.4644       0.0563465    0.0652397    0.14761     

Stress Spherical
0            0            0             0            0            0           
0            0            0             0            0            0           
0            0            0             0            0            0           

Inertia
150.036      -56.2173     -56.2144      0.326819     0.174583     0.170259    
-56.2173     149.875      -56.2682      0.174583     0.2504       0.127433    
-56.2144     -56.2682     149.922       0.170259     0.127433     0.50507     

Bond Length
0.6187873     0.0036262441

BB bond length
0.6187873     0.0036262441

Water EE distance
0             0           

PEG EE distance
6.834054      0.21588124  

BBB P2(x)
0.52329327    0.01519717  

BBB first bond length
0.61879802    0.0037900321

BBB second bond length
0.61884958    0.0036807301

BBB <phi**2>/<phi>**2
1.2297916     0.01404743  

