Time = 1000
Temperature
   1.1615145     0.2352166

Pressure
   23.751078     1.0623548

CM Mom
-8.4169202e-18 1.6862916e-17 
1.6658359e-17  2.5691787e-17 
1.7079061e-16  5.6014161e-16 
2.6823214e-16  5.2179723e-16 

CM Pos
7.4972931      0.017710389   
7.5036962      0.018981043   
7.4972388      0.020229106   
12.989376      0.025206053   

Stress
20.2917      -0.007793    -0.0460188    0.385182     0.0931521    0.124189    
-0.007793    20.2916      0.00108231    0.0931521    0.392213     0.0769989   
-0.0460188   0.00108231   20.239        0.124189     0.0769989    0.385935    

Stress Spherical
0            0            0             0            0            0           
0            0            0             0            0            0           
0            0            0             0            0            0           

Inertia
150.209      -56.2601     -56.1967      1.24982      0.22101      0.263838    
-56.2601     150.111      -56.2739      0.22101      1.09894      0.298481    
-56.1967     -56.2739     150.217       0.263838     0.298481     1.209       

Bond Length
0.62021525    0.0097716232

BB bond length
0.62021525    0.0097716232

Water EE distance
0             0           

PEG EE distance
7.2993764     0.13515359  

BBB P2(x)
0.47606221    0.060418063 

BBB first bond length
0.6201388     0.0098739956

BBB second bond length
0.62042623    0.0096669362

BBB <phi**2>/<phi>**2
1.2218717     0.013494853 

Time = 2000
Temperature
1.0150184     0.009628004 

Pressure
23.046312     0.12402696  

CM Mom
-7.8961082e-18 1.1120189e-17 
1.4333558e-17  1.9277622e-17 
-1.2902304e-17 3.7752326e-17 
4.2569578e-17  2.3294278e-17 

CM Pos
7.5021927      0.014997751   
7.5028054      0.010392953   
7.5022868      0.013620523   
12.994604      0.0084697002  

Stress
19.996       0.0175903    0.0274267     0.164164     0.113125     0.0824231   
0.0175903    19.9582      0.0290535     0.113125     0.121038     0.0784257   
0.0274267    0.0290535    20.0694       0.0824231    0.0784257    0.123493    

Stress Spherical
0            0            0             0            0            0           
0            0            0             0            0            0           
0            0            0             0            0            0           

Inertia
149.961      -56.2854     -56.2868      0.339777     0.131665     0.125452    
-56.2854     149.976      -56.3162      0.131665     0.308242     0.139478    
-56.2868     -56.3162     149.961       0.125452     0.139478     0.347426    

Bond Length
0.61782077    0.0016420159

BB bond length
0.61782077    0.0016420159

Water EE distance
0             0           

PEG EE distance
7.010118      0.16802371  

BBB P2(x)
0.51555172    0.0053576312

BBB first bond length
0.6178583     0.0017008497

BBB second bond length
0.61780179    0.0016968673

BBB <phi**2>/<phi>**2
1.2274792     0.0066203465

