Time = 1000
Temperature
   1.3928748    0.70969722

Pressure
   28.345579     4.4570102

CM Mom
-7.782171e-17  3.6248132e-17 
4.2890458e-18  2.3271516e-17 
2.2561813e-16  4.6839747e-16 
4.164312e-16   3.2375129e-16 

CM Pos
9.9930074      0.010204078   
10.005022      0.018989688   
9.9970606      0.017880427   
17.317692      0.015132591   

Stress
24.2104      0.0336644    -0.0130389    2.44176      0.0990185    0.0311175   
0.0336644    24.1759      0.0346945     0.0990185    2.43195      0.0531056   
-0.0130389   0.0346945    24.1203       0.0311175    0.0531056    2.43432     

Stress Spherical
0            0            0             0            0            0           
0            0            0             0            0            0           
0            0            0             0            0            0           

Inertia
268.426      -99.9509     -99.9371      7.17673      0.194881     0.331894    
-99.9509     268.217      -100.02       0.194881     6.96429      0.220263    
-99.9371     -100.02      268.422       0.331894     0.220263     7.53079     

Bond Length
0.61306773    0.01863529  

BB bond length
0.61306773    0.01863529  

Water EE distance
0             0           

PEG EE distance
5.3684392     0.46659237  

BBB P2(x)
0.083742587   0.02614042  

BBB first bond length
0.61333911    0.019168387 

BBB second bond length
0.61335179    0.018495969 

BBB <phi**2>/<phi>**2
1.1221486     0.0088098068

Time = 2000
Temperature
1.0160651     0.0077420152

Pressure
25.389265     0.050102661 

CM Mom
-5.1996986e-17 2.2453251e-17 
1.5378665e-17  1.7437507e-17 
-3.6333667e-17 2.6069796e-16 
1.7201112e-16  2.0843258e-16 

CM Pos
9.9973427      0.0080469739  
10.000104      0.01154899    
9.9983945      0.014597403   
17.318116      0.0096552302  

Stress
22.3394      0.061182     0.0180834     0.0820086    0.0526275    0.0570497   
0.061182     22.3606      0.0498809     0.0526275    0.0642509    0.0532859   
0.0180834    0.0498809    22.3274       0.0570497    0.0532859    0.0865132   

Stress Spherical
0            0            0             0            0            0           
0            0            0             0            0            0           
0            0            0             0            0            0           

Inertia
266.874      -99.9735     -99.9994      0.939694     0.193195     0.19599     
-99.9735     266.821      -99.9784      0.193195     0.889411     0.152629    
-99.9994     -99.9784     266.849       0.19599      0.152629     0.992595    

Bond Length
0.60583057    0.00050894686

BB bond length
0.60583057    0.00050894686

Water EE distance
0             0           

PEG EE distance
4.7608506     0.088656285 

BBB P2(x)
0.062842621   0.0021887718

BBB first bond length
0.60602329    0.00049574477

BBB second bond length
0.60599582    0.00052158327

BBB <phi**2>/<phi>**2
1.1160759     0.0012723546

Time = 3000
Temperature
1.0152645     0.0067467586

Pressure
25.409202     0.064100755 

CM Mom
-4.3589062e-17 1.5174142e-17 
3.813178e-17   1.4624585e-17 
5.0095869e-17  4.4543885e-17 
8.9446283e-17  1.7067174e-17 

CM Pos
10.000844      0.0071349678  
9.9991031      0.0071762515  
9.9939758      0.0096311277  
17.317005      0.006192909   

Stress
22.3486      -0.00544576  0.0319867     0.0485773    0.054007     0.0530662   
-0.00544576  22.3832      0.0195474     0.054007     0.0829618    0.0462031   
0.0319867    0.0195474    22.3626       0.0530662    0.0462031    0.135381    

Stress Spherical
0            0            0             0            0            0           
0            0            0             0            0            0           
0            0            0             0            0            0           

Inertia
266.645      -100.03      -99.9619      0.177839     0.121049     0.144378    
-100.03      266.679      -99.9705      0.121049     0.321936     0.0999213   
-99.9619     -99.9705     266.806       0.144378     0.0999213    0.215244    

Bond Length
0.60556624    0.00068178842

BB bond length
0.60556624    0.00068178842

Water EE distance
0             0           

PEG EE distance
4.4995394     0.07465978  

BBB P2(x)
0.056187314   0.0030168906

BBB first bond length
0.60573733    0.00070250377

BBB second bond length
0.60576439    0.0006956553

BBB <phi**2>/<phi>**2
1.114173      0.0013883433

Time = 4000
Temperature
1.0094041     0.0048469036

Pressure
25.380737     0.048223994 

CM Mom
-2.40304e-17   1.1578802e-17 
2.7834542e-17  1.4043652e-17 
4.9539809e-17  2.1864457e-17 
6.594019e-17   1.6360109e-17 

CM Pos
9.9928406      0.0078634882  
9.9922666      0.013360534   
9.9993116      0.01021395    
17.311521      0.009405687   

Stress
22.3444      -0.0265739   0.00629704    0.0590374    0.0625756    0.0572892   
-0.0265739   22.3935      0.0278827     0.0625756    0.0913576    0.063709    
0.00629704   0.0278827    22.3239       0.0572892    0.063709     0.0844727   

Stress Spherical
0            0            0             0            0            0           
0            0            0             0            0            0           
0            0            0             0            0            0           

Inertia
266.567      -99.8857     -99.8965      0.288483     0.172112     0.13198     
-99.8857     266.574      -99.9274      0.172112     0.295963     0.13126     
-99.8965     -99.9274     266.468       0.13198      0.13126      0.285772    

Bond Length
0.60586857    0.00041715247

BB bond length
0.60586857    0.00041715247

Water EE distance
0             0           

PEG EE distance
4.3645807     0.017519707 

BBB P2(x)
0.052792105   0.0036662701

BBB first bond length
0.60608956    0.00039556951

BBB second bond length
0.60604935    0.00039734702

BBB <phi**2>/<phi>**2
1.1134734     0.0019278453

Time = 5000
Temperature
1.0127605     0.0059469712

Pressure
25.369737     0.07226315  

CM Mom
-1.7894241e-17 1.6619739e-17 
4.4119205e-17  1.2872454e-17 
3.9984505e-17  2.1669894e-17 
6.7591693e-17  1.4433707e-17 

CM Pos
9.9985933      0.01250045    
9.9976857      0.0070230321  
9.9989781      0.012667263   
17.317777      0.0113369     

Stress
22.361       -0.0400153   0.00569318    0.0938002    0.0492881    0.0560317   
-0.0400153   22.3339      -0.0197289    0.0492881    0.0583833    0.0357182   
0.00569318   -0.0197289   22.3036       0.0560317    0.0357182    0.0871483   

Stress Spherical
0            0            0             0            0            0           
0            0            0             0            0            0           
0            0            0             0            0            0           

Inertia
266.613      -99.9936     -99.9715      0.241344     0.141043     0.212139    
-99.9936     266.616      -99.9261      0.141043     0.432591     0.168724    
-99.9715     -99.9261     266.617       0.212139     0.168724     0.27085     

Bond Length
0.60603402    0.00046137541

BB bond length
0.60603402    0.00046137541

Water EE distance
0             0           

PEG EE distance
4.3551735     0.02668562  

BBB P2(x)
0.05438564    0.0033285983

BBB first bond length
0.60613369    0.00039462023

BBB second bond length
0.60621412    0.00047160329

BBB <phi**2>/<phi>**2
1.113464      0.0015557797

Time = 6000
Temperature
1.0118776     0.0067661921

Pressure
25.348165     0.073088091 

CM Mom
-3.1189126e-17 1.5944357e-17 
3.8348952e-17  1.6476822e-17 
3.027659e-17   2.206381e-17  
6.4685447e-17  1.3725468e-17 

CM Pos
9.999427       0.0097087587  
10.00002       0.0089793902  
10.000312      0.013471407   
17.320377      0.0095054663  

Stress
22.2766      0.0434941    -0.0310372    0.0882299    0.0592827    0.0312456   
0.0434941    22.3279      -0.00774266   0.0592827    0.1018       0.0731128   
-0.0310372   -0.00774266  22.3373       0.0312456    0.0731128    0.0860733   

Stress Spherical
0            0            0             0            0            0           
0            0            0             0            0            0           
0            0            0             0            0            0           

Inertia
266.672      -99.9945     -99.9499      0.332179     0.106282     0.124479    
-99.9945     266.677      -100.023      0.106282     0.249255     0.262601    
-99.9499     -100.023     266.664       0.124479     0.262601     0.244357    

Bond Length
0.60556364    0.00053968038

BB bond length
0.60556364    0.00053968038

Water EE distance
0             0           

PEG EE distance
4.2822852     0.039510954 

BBB P2(x)
0.052879801   0.0034207685

BBB first bond length
0.60571867    0.000537436 

BBB second bond length
0.60578197    0.00062060436

BBB <phi**2>/<phi>**2
1.1124781     0.0014061733

Time = 7000
Temperature
1.0130877     0.0066137813

Pressure
25.314513     0.058816781 

CM Mom
-4.4368715e-17 1.7582074e-17 
1.8053562e-17  1.7051642e-17 
2.4975043e-17  1.5197466e-17 
5.8951383e-17  1.6548475e-17 

CM Pos
9.9897559      0.0088582022  
10.004772      0.0084040006  
10.005148      0.012283942   
17.320331      0.011033435   

Stress
22.2319      0.0121364    -0.00890499   0.101939     0.0624598    0.05387     
0.0121364    22.2923      -0.00252706   0.0624598    0.072154     0.0572865   
-0.00890499  -0.00252706  22.3058       0.05387      0.0572865    0.0852186   

Stress Spherical
0            0            0             0            0            0           
0            0            0             0            0            0           
0            0            0             0            0            0           

Inertia
266.871      -99.941      -99.9278      0.298198     0.164891     0.200008    
-99.941      266.58       -100.08       0.164891     0.339045     0.192831    
-99.9278     -100.08      266.551       0.200008     0.192831     0.304666    

Bond Length
0.60572676    0.00052874678

BB bond length
0.60572676    0.00052874678

Water EE distance
0             0           

PEG EE distance
4.2344838     0.02220012  

BBB P2(x)
0.052930798   0.0039143194

BBB first bond length
0.60590801    0.00057442459

BBB second bond length
0.60599356    0.00056714747

BBB <phi**2>/<phi>**2
1.1130748     0.0018314868

Time = 8000
Temperature
1.0069538     0.0043772053

Pressure
25.359031     0.060572518 

CM Mom
-4.9177896e-17 1.5455757e-17 
1.2074931e-17  1.7139821e-17 
2.3611504e-17  9.3388087e-18 
6.0418653e-17  9.5512337e-18 

CM Pos
10.000011      0.0046148993  
10.003022      0.013034788   
10.005231      0.0099068412  
17.325285      0.0085510718  

Stress
22.3196      0.0202185    -0.0150354    0.0539915    0.0553049    0.0527293   
0.0202185    22.3589      0.0262117     0.0553049    0.109057     0.0713636   
-0.0150354   0.0262117    22.3402       0.0527293    0.0713636    0.0929855   

Stress Spherical
0            0            0             0            0            0           
0            0            0             0            0            0           
0            0            0             0            0            0           

Inertia
266.818      -100.033     -100.044      0.243947     0.163518     0.107938    
-100.033     266.771      -100.098      0.163518     0.171643     0.13738     
-100.044     -100.098     266.665       0.107938     0.13738      0.352304    

Bond Length
0.60577502    0.00048618676

BB bond length
0.60577502    0.00048618676

Water EE distance
0             0           

PEG EE distance
4.2140123     0.033932524 

BBB P2(x)
0.052136275   0.0048722588

BBB first bond length
0.60596033    0.00056842798

BBB second bond length
0.60591438    0.00049178432

BBB <phi**2>/<phi>**2
1.1131174     0.001748708 

Time = 9000
Temperature
1.0108539     0.0055687565

Pressure
25.362548     0.057974828 

CM Mom
-4.5014617e-17 2.0876734e-17 
3.2067299e-17  1.8382259e-17 
3.3424243e-17  2.1660948e-17 
7.1646147e-17  1.6780319e-17 

CM Pos
9.9941746      0.0095145893  
10.004939      0.0086758499  
9.9997285      0.012208737   
17.319847      0.011216608   

Stress
22.3412      -0.013769    -0.0242098    0.0904262    0.0553477    0.0702243   
-0.013769    22.3179      0.0221918     0.0553477    0.0680311    0.0504754   
-0.0242098   0.0221918    22.335        0.0702243    0.0504754    0.0764842   

Stress Spherical
0            0            0             0            0            0           
0            0            0             0            0            0           
0            0            0             0            0            0           

Inertia
266.759      -99.9741     -99.9495      0.383841     0.11427      0.206531    
-99.9741     266.537      -100.064      0.11427      0.326476     0.210392    
-99.9495     -100.064     266.627       0.206531     0.210392     0.211264    

Bond Length
0.60578004    0.00031442067

BB bond length
0.60578004    0.00031442067

Water EE distance
0             0           

PEG EE distance
4.1750275     0.031561702 

BBB P2(x)
0.053216628   0.0023312199

BBB first bond length
0.60593441    0.00035428571

BBB second bond length
0.60599609    0.00039736601

BBB <phi**2>/<phi>**2
1.1127265     0.00083060959

Time = 10000
Temperature
1.0132951     0.0042388752

Pressure
25.380111     0.073071168 

CM Mom
-6.3937906e-17 2.7694493e-17 
3.7754363e-17  2.2975672e-17 
4.1954434e-17  1.1651954e-17 
9.0683585e-17  2.1925879e-17 

CM Pos
10.006764      0.013029722   
10.001354      0.010313839   
9.9969772      0.014432912   
17.323456      0.017535042   

Stress
22.3253      0.0164218    0.0184761     0.0988839    0.0530743    0.0639776   
0.0164218    22.3444      -0.013079     0.0530743    0.101924     0.0926147   
0.0184761    -0.013079    22.3552       0.0639776    0.0926147    0.0730122   

Stress Spherical
0            0            0             0            0            0           
0            0            0             0            0            0           
0            0            0             0            0            0           

Inertia
266.632      -100.041     -100.013      0.421671     0.193358     0.299206    
-100.041     266.766      -99.9683      0.193358     0.531254     0.21411     
-100.013     -99.9683     266.852       0.299206     0.21411      0.354546    

Bond Length
0.60589875    0.00097135639

BB bond length
0.60589875    0.00097135639

Water EE distance
0             0           

PEG EE distance
4.1923082     0.02947404  

BBB P2(x)
0.05178839    0.0046136487

BBB first bond length
0.60611861    0.0009616286

BBB second bond length
0.60611297    0.001003874 

BBB <phi**2>/<phi>**2
1.1134468     0.0021839   

Time = 11000
Temperature
1.006956      0.0053098883

Pressure
25.362217     0.059795531 

CM Mom
-8.5221384e-17 1.9908561e-17 
2.6835172e-17  2.3788339e-17 
3.2751209e-17  2.4965904e-17 
1.0080215e-16  2.1906884e-17 

CM Pos
10.009598      0.0073200976  
9.9986028      0.014617626   
9.9998119      0.0097886148  
17.325141      0.014420907   

Stress
22.3372      -0.0110767   0.000755834   0.0799972    0.0694445    0.0473254   
-0.0110767   22.3399      -0.00895923   0.0694445    0.0548274    0.0631177   
0.000755834  -0.00895923  22.3511       0.0473254    0.0631177    0.104938    

Stress Spherical
0            0            0             0            0            0           
0            0            0             0            0            0           
0            0            0             0            0            0           

Inertia
266.643      -100.094     -100.07       0.424484     0.214231     0.165896    
-100.094     266.867      -99.9784      0.214231     0.31992      0.191007    
-100.07      -99.9784     266.832       0.165896     0.191007     0.408447    

Bond Length
0.60561305    0.0005177649

BB bond length
0.60561305    0.0005177649

Water EE distance
0             0           

PEG EE distance
4.1804326     0.024574582 

BBB P2(x)
0.051750716   0.0025640027

BBB first bond length
0.60583196    0.00064009748

BBB second bond length
0.6057571     0.00054753804

BBB <phi**2>/<phi>**2
1.1128361     0.0014335957

Time = 12000
Temperature
1.0089446     0.0061228866

Pressure
25.38468      0.086212133 

CM Mom
-8.165362e-17  7.3462956e-18 
2.7180425e-17  1.9028281e-17 
1.2784874e-17  2.2307624e-17 
9.1627906e-17  9.3564156e-18 

CM Pos
9.9976762      0.0080504282  
10.001021      0.0098279458  
9.9989781      0.010487928   
17.319172      0.0064730392  

Stress
22.3765      0.015399     -0.0198476    0.0942988    0.0492395    0.0499854   
0.015399     22.3412      0.0149348     0.0492395    0.0954768    0.0431119   
-0.0198476   0.0149348    22.36         0.0499854    0.0431119    0.135063    

Stress Spherical
0            0            0             0            0            0           
0            0            0             0            0            0           
0            0            0             0            0            0           

Inertia
266.649      -100.016     -99.9834      0.393498     0.0944222    0.13046     
-100.016     266.618      -100.033      0.0944222    0.145958     0.170754    
-99.9834     -100.033     266.661       0.13046      0.170754     0.143696    

Bond Length
0.60581319    0.00043767732

BB bond length
0.60581319    0.00043767732

Water EE distance
0             0           

PEG EE distance
4.1169857     0.03035823  

BBB P2(x)
0.049806733   0.0033417457

BBB first bond length
0.60594856    0.0004147611

BBB second bond length
0.60601527    0.0004592574

BBB <phi**2>/<phi>**2
1.1124527     0.0011108305

Time = 13000
Temperature
1.011851      0.0044013256

Pressure
25.367242     0.075897427 

CM Mom
-6.4481123e-17 1.6050211e-17 
3.9064333e-17  1.7985629e-17 
-2.5434608e-18 2.1481235e-17 
8.1231326e-17  1.1589382e-17 

CM Pos
10.004763      0.016112293   
9.9986028      0.011630555   
9.9973941      0.0090118432  
17.320959      0.0096122269  

Stress
22.3639      -0.0111444   0.0297496     0.118744     0.0305615    0.0438908   
-0.0111444   22.3221      0.0453181     0.0305615    0.0905664    0.0668681   
0.0297496    0.0453181    22.3132       0.0438908    0.0668681    0.110138    

Stress Spherical
0            0            0             0            0            0           
0            0            0             0            0            0           
0            0            0             0            0            0           

Inertia
266.629      -100.047     -100.048      0.424845     0.169496     0.138333    
-100.047     266.711      -99.9363      0.169496     0.285081     0.215463    
-100.048     -99.9363     266.772       0.138333     0.215463     0.295086    

Bond Length
0.60550548    0.00070094962

BB bond length
0.60550548    0.00070094962

Water EE distance
0             0           

PEG EE distance
4.1446112     0.018082328 

BBB P2(x)
0.05275375    0.0028469807

BBB first bond length
0.60575056    0.00078643247

BBB second bond length
0.60566431    0.00067599042

BBB <phi**2>/<phi>**2
1.1129304     0.0011744308

Time = 14000
Temperature
1.0129855     0.0034703282

Pressure
25.368142     0.071839377 

CM Mom
-6.0771393e-17 2.7587894e-17 
6.7144913e-17  3.0256331e-17 
-2.3185665e-17 1.7857736e-17 
9.7304554e-17  3.5587029e-17 

CM Pos
10.009848      0.0088295151  
9.9986028      0.0074760618  
9.9934756      0.0085467017  
17.321629      0.007500124   

Stress
22.3436      0.0155167    -0.0207571    0.091477     0.0365847    0.0643743   
0.0155167    22.3018      -0.0105261    0.0365847    0.100362     0.0464875   
-0.0207571   -0.0105261   22.3464       0.0643743    0.0464875    0.0761493   

Stress Spherical
0            0            0             0            0            0           
0            0            0             0            0            0           
0            0            0             0            0            0           

Inertia
266.564      -100.087     -100.033      0.216374     0.142331     0.175832    
-100.087     266.796      -99.9222      0.142331     0.263222     0.0932177   
-100.033     -99.9222     266.896       0.175832     0.0932177    0.246144    

Bond Length
0.60600941    0.00047645435

BB bond length
0.60600941    0.00047645435

Water EE distance
0             0           

PEG EE distance
4.1298202     0.03215862  

BBB P2(x)
0.050847968   0.0038197275

BBB first bond length
0.60614487    0.00038407588

BBB second bond length
0.6062882     0.00058821709

BBB <phi**2>/<phi>**2
1.1125471     0.0019091912

Time = 15000
Temperature
1.0144187     0.0051262167

Pressure
25.390784     0.044428659 

CM Mom
-5.9323739e-17 1.9093908e-17 
6.9491913e-17  1.3183728e-17 
-1.0151282e-17 1.6641226e-17 
9.5317918e-17  1.3464526e-17 

CM Pos
9.9975928      0.010068646   
10.000937      0.0052258732  
9.9953932      0.010311142   
17.317003      0.011431372   

Stress
22.3089      -0.019263    -0.0166388    0.0939699    0.0616748    0.0341018   
-0.019263    22.3751      0.0077725     0.0616748    0.0614575    0.0530994   
-0.0166388   0.0077725    22.3628       0.0341018    0.0530994    0.0718039   

Stress Spherical
0            0            0             0            0            0           
0            0            0             0            0            0           
0            0            0             0            0            0           

Inertia
266.643      -99.9956     -99.9459      0.285005     0.0983661    0.196822    
-99.9956     266.569      -99.9654      0.0983661    0.394793     0.160803    
-99.9459     -99.9654     266.676       0.196822     0.160803     0.285556    

Bond Length
0.60562043    0.00040291342

BB bond length
0.60562043    0.00040291342

Water EE distance
0             0           

PEG EE distance
4.1380656     0.011668518 

BBB P2(x)
0.049302474   0.0044964647

BBB first bond length
0.60587981    0.00035825925

BBB second bond length
0.60587201    0.00043739018

BBB <phi**2>/<phi>**2
1.1120541     0.0016702299

Time = 16000
Temperature
1.0099956     0.0041750906

Pressure
25.351365     0.060742667 

CM Mom
-6.528649e-17  3.4417026e-17 
6.1093737e-17  1.1335295e-17 
7.9347925e-18  1.6584006e-17 
9.5851884e-17  2.1405553e-17 

CM Pos
9.9969258      0.0095280947  
9.9977691      0.010177136   
10.000145      0.0067262807  
17.317535      0.0065840418  

Stress
22.2892      -0.0222646   0.0208933     0.0501673    0.0693994    0.0607473   
-0.0222646   22.3716      -0.0267963    0.0693994    0.112595     0.0466887   
0.0208933    -0.0267963   22.3075       0.0607473    0.0466887    0.0925259   

Stress Spherical
0            0            0             0            0            0           
0            0            0             0            0            0           
0            0            0             0            0            0           

Inertia
266.677      -99.9267     -99.9968      0.16001      0.116789     0.11628     
-99.9267     266.634      -99.9976      0.116789     0.299499     0.123559    
-99.9968     -99.9976     266.59        0.11628      0.123559     0.200818    

Bond Length
0.60587607    0.00044532579

BB bond length
0.60587607    0.00044532579

Water EE distance
0             0           

PEG EE distance
4.10158       0.023099981 

BBB P2(x)
0.050905331   0.004020825 

BBB first bond length
0.60611683    0.00048761348

BBB second bond length
0.60606831    0.00042212195

BBB <phi**2>/<phi>**2
1.1128206     0.0020942879

Time = 17000
Temperature
1.0127606     0.0038005498

Pressure
25.372698     0.067420062 

CM Mom
-6.599409e-17  3.2105297e-17 
3.2240214e-17  2.6714464e-17 
5.3786045e-18  2.1018609e-17 
8.2534529e-17  2.8245828e-17 

CM Pos
10.002929      0.0085548306  
10.002938      0.0074964882  
10.00298       0.0077230136  
17.32562       0.0064914026  

Stress
22.3713      -0.00991634  -0.0111239    0.0649581    0.0499358    0.0625437   
-0.00991634  22.3381      0.00994416    0.0499358    0.0825018    0.0717455   
-0.0111239   0.00994416   22.2981       0.0625437    0.0717455    0.113541    

Stress Spherical
0            0            0             0            0            0           
0            0            0             0            0            0           
0            0            0             0            0            0           

Inertia
266.79       -100.062     -100.036      0.24685      0.111645     0.147173    
-100.062     266.794      -100.039      0.111645     0.237143     0.14374     
-100.036     -100.039     266.754       0.147173     0.14374      0.189221    

Bond Length
0.60590407    0.00072834357

BB bond length
0.60590407    0.00072834357

Water EE distance
0             0           

PEG EE distance
4.0734241     0.012067924 

BBB P2(x)
0.049764823   0.0026638893

BBB first bond length
0.60607213    0.00084108805

BBB second bond length
0.60614581    0.00080744156

BBB <phi**2>/<phi>**2
1.1123807     0.0016511622

Time = 18000
Temperature
1.0077703     0.0074938925

Pressure
25.342329     0.085478011 

CM Mom
-3.1297191e-17 1.2022696e-17 
5.3935994e-17  1.000287e-17  
1.3862168e-18  9.705701e-18  
6.4244292e-17  1.0099574e-17 

CM Pos
10.001595      0.014918848   
9.996185       0.012938447   
9.995143       0.00535723    
17.316431      0.012064402   

Stress
22.3252      -0.000833619 0.0110135     0.0934554    0.0477197    0.0439668   
-0.000833619 22.2924      0.0315101     0.0477197    0.102486     0.071333    
0.0110135    0.0315101    22.3436       0.0439668    0.071333     0.0934321   

Stress Spherical
0            0            0             0            0            0           
0            0            0             0            0            0           
0            0            0             0            0            0           

Inertia
266.505      -99.972      -99.9851      0.346776     0.152894     0.184796    
-99.972      266.6        -99.8678      0.152894     0.340715     0.190891    
-99.9851     -99.8678     266.615       0.184796     0.190891     0.379346    

Bond Length
0.60573229    0.00034928632

BB bond length
0.60573229    0.00034928632

Water EE distance
0             0           

PEG EE distance
4.1417221     0.049298712 

BBB P2(x)
0.053121506   0.0034999342

BBB first bond length
0.60599526    0.00041302145

BBB second bond length
0.60603455    0.00040026756

BBB <phi**2>/<phi>**2
1.1131484     0.0013486377

Time = 19000
Temperature
1.0144276     0.0070801659

Pressure
25.416702     0.094447261 

CM Mom
-2.4918002e-17 1.774018e-17  
6.489111e-17   1.0391791e-17 
-1.4189834e-17 1.3244898e-17 
7.4402027e-17  9.7766776e-18 

CM Pos
10.00518       0.0075052915  
10.004689      0.014237751   
9.9963102      0.011954735   
17.324085      0.011551162   

Stress
22.3685      -0.0132008   -0.00302772   0.104723     0.0484564    0.0336468   
-0.0132008   22.4244      0.0167821     0.0484564    0.108954     0.0444579   
-0.00302772  0.0167821    22.3316       0.0336468    0.0444579    0.12522     

Stress Spherical
0            0            0             0            0            0           
0            0            0             0            0            0           
0            0            0             0            0            0           

Inertia
266.695      -100.101     -99.9803      0.430996     0.203614     0.124358    
-100.101     266.691      -100.007      0.203614     0.222547     0.276326    
-99.9803     -100.007     266.864       0.124358     0.276326     0.383193    

Bond Length
0.60582302    0.0004653932

BB bond length
0.60582302    0.0004653932

Water EE distance
0             0           

PEG EE distance
4.1490233     0.018069188 

BBB P2(x)
0.050862259   0.0038397836

BBB first bond length
0.60612829    0.00054501448

BBB second bond length
0.60606649    0.00051040779

BBB <phi**2>/<phi>**2
1.1125073     0.0017845761

Time = 20000
Temperature
1.0119867     0.0051015396

Pressure
25.367753     0.062700345 

CM Mom
-2.18562e-17   1.8118229e-17 
6.6947816e-17  2.2174758e-17 
-2.3427481e-18 1.2616845e-17 
7.437552e-17   2.031376e-17  

CM Pos
10.000427      0.0081299013  
10.000937      0.0074797798  
10.000646      0.0097530455  
17.321673      0.0080823687  

Stress
22.2821      -0.00233354  -0.0311132    0.098717     0.0757466    0.0620468   
-0.00233354  22.3638      0.00848749    0.0757466    0.0832307    0.0400093   
-0.0311132   0.00848749   22.3536       0.0620468    0.0400093    0.0788927   

Stress Spherical
0            0            0             0            0            0           
0            0            0             0            0            0           
0            0            0             0            0            0           

Inertia
266.692      -100.022     -99.996       0.210999     0.119883     0.174083    
-100.022     266.658      -100.024      0.119883     0.244283     0.106847    
-99.996      -100.024     266.677       0.174083     0.106847     0.252641    

Bond Length
0.60599286    0.00052214903

BB bond length
0.60599286    0.00052214903

Water EE distance
0             0           

PEG EE distance
4.167459      0.02364739  

BBB P2(x)
0.053080935   0.0038464674

BBB first bond length
0.60620661    0.00047560486

BBB second bond length
0.60611175    0.00055894867

BBB <phi**2>/<phi>**2
1.1134722     0.0017492833

Time = 21000
Temperature
1.0142344     0.0037575216

Pressure
25.402725     0.052521952 

CM Mom
-2.4961737e-17 1.9599113e-17 
3.3800793e-17  1.5360715e-17 
3.4819138e-18  1.4534408e-17 
4.898547e-17   1.4472567e-17 

CM Pos
9.9962589      0.0094430927  
9.9973523      0.013431878   
10.000062      0.0089855808  
17.316862      0.011392827   

Stress
22.3722      -0.00396389  0.0119676     0.0864791    0.0622643    0.0739617   
-0.00396389  22.4236      0.0171231     0.0622643    0.0544627    0.0566788   
0.0119676    0.0171231    22.2885       0.0739617    0.0566788    0.071472    

Stress Spherical
0            0            0             0            0            0           
0            0            0             0            0            0           
0            0            0             0            0            0           

Inertia
266.623      -99.9163     -100.001      0.331522     0.205233     0.113336    
-99.9163     266.59       -99.9732      0.205233     0.221156     0.163415    
-100.001     -99.9732     266.531       0.113336     0.163415     0.377743    

Bond Length
0.60593352    0.0004355023

BB bond length
0.60593352    0.0004355023

Water EE distance
0             0           

PEG EE distance
4.1233569     0.016915196 

BBB P2(x)
0.052088848   0.0039234461

BBB first bond length
0.60623125    0.00044615002

BBB second bond length
0.60607178    0.00038187792

BBB <phi**2>/<phi>**2
1.112583      0.0015881741

Time = 22000
Temperature
1.0095011     0.0040512937

Pressure
25.34555      0.054721602 

CM Mom
-1.15213e-17   2.7587716e-17 
1.036394e-17   1.7542983e-17 
2.3047055e-17  2.08657e-17   
4.4941556e-17  1.5993458e-17 

CM Pos
10.005763      0.014787819   
9.9957682      0.0089363252  
9.9983945      0.0087424915  
17.320471      0.01464776    

Stress
22.3298      -0.0132275   0.0227316     0.0644186    0.0370111    0.0458897   
-0.0132275   22.3326      0.0396737     0.0370111    0.0971548    0.0466036   
0.0227316    0.0396737    22.2929       0.0458897    0.0466036    0.101129    

Stress Spherical
0            0            0             0            0            0           
0            0            0             0            0            0           
0            0            0             0            0            0           

Inertia
266.576      -100.01      -100.019      0.383414     0.223889     0.198977    
-100.01      266.772      -99.9623      0.223889     0.406817     0.136179    
-100.019     -99.9623     266.727       0.198977     0.136179     0.446614    

Bond Length
0.60592678    0.0003830077

BB bond length
0.60592678    0.0003830077

Water EE distance
0             0           

PEG EE distance
4.1740621     0.0254425   

BBB P2(x)
0.052732894   0.003698684 

BBB first bond length
0.60610527    0.00046776521

BBB second bond length
0.60609485    0.00032878078

BBB <phi**2>/<phi>**2
1.1129716     0.0012272483

Time = 23000
Temperature
1.0123018     0.0036342255

Pressure
25.348264     0.096904728 

CM Mom
-1.5485573e-17 1.1949543e-17 
8.8863197e-18  1.6813725e-17 
2.7165846e-17  3.069914e-17  
4.7754381e-17  1.2008417e-17 

CM Pos
10.003262      0.01011548    
10.003272      0.010930579   
9.9974775      0.0087444789  
17.322829      0.012105138   

Stress
22.2894      -0.0117785   -0.00140987   0.110228     0.051129     0.0967939   
-0.0117785   22.3264      -0.000777297  0.051129     0.127024     0.0491707   
-0.00140987  -0.000777297 22.3224       0.0967939    0.0491707    0.112205    

Stress Spherical
0            0            0             0            0            0           
0            0            0             0            0            0           
0            0            0             0            0            0           

Inertia
266.683      -100.04      -100.039      0.308178     0.182322     0.19815     
-100.04      266.693      -99.9876      0.182322     0.266457     0.146854    
-100.039     -99.9876     266.79        0.19815      0.146854     0.287021    

Bond Length
0.6058962     0.00067150646

BB bond length
0.6058962     0.00067150646

Water EE distance
0             0           

PEG EE distance
4.2525843     0.051241007 

BBB P2(x)
0.053792511   0.0024307419

BBB first bond length
0.60605825    0.00076059562

BBB second bond length
0.60614691    0.00068569956

BBB <phi**2>/<phi>**2
1.1133076     0.000618561 

Time = 24000
Temperature
1.0121609     0.0035207729

Pressure
25.349791     0.057535055 

CM Mom
-7.7809098e-19 1.1807659e-17 
-2.040276e-18  3.0620127e-17 
1.398296e-17   2.1381704e-17 
3.9258613e-17  1.3901182e-17 

CM Pos
9.9942579      0.010367948   
9.9961017      0.012682618   
10.000229      0.014406642   
17.315086      0.009192205   

Stress
22.324       0.00102973   0.00893424    0.0689815    0.0537038    0.0438292   
0.00102973   22.2992      -0.0168811    0.0537038    0.114101     0.0537806   
0.00893424   -0.0168811   22.3209       0.0438292    0.0537806    0.098874    

Stress Spherical
0            0            0             0            0            0           
0            0            0             0            0            0           
0            0            0             0            0            0           

Inertia
266.592      -99.8931     -99.9663      0.210815     0.164559     0.204453    
-99.8931     266.552      -99.9777      0.164559     0.399647     0.110974    
-99.9663     -99.9777     266.48        0.204453     0.110974     0.28478     

Bond Length
0.60577103    0.00065738032

BB bond length
0.60577103    0.00065738032

Water EE distance
0             0           

PEG EE distance
4.2885101     0.034687362 

BBB P2(x)
0.054003767   0.0031295257

BBB first bond length
0.60600973    0.00067317224

BBB second bond length
0.6059281     0.00067934036

BBB <phi**2>/<phi>**2
1.1137014     0.0012847303

Time = 25000
Temperature
1.0113168     0.0040838064

Pressure
25.38632      0.046608379 

CM Mom
2.7358026e-17  2.5252078e-17 
-1.5263773e-17 1.9256219e-17 
-1.0583426e-17 2.5255788e-17 
4.934505e-17   1.745977e-17  

CM Pos
9.9947582      0.0095310123  
10.002688      0.0097069687  
9.9940592      0.0082802678  
17.31561       0.0085831552  

Stress
22.2929      -0.00427339  -0.00340513   0.0567716    0.0499448    0.0236325   
-0.00427339  22.3757      -0.00187572   0.0499448    0.0870869    0.0590555   
-0.00340513  -0.00187572  22.3927       0.0236325    0.0590555    0.069893    

Stress Spherical
0            0            0             0            0            0           
0            0            0             0            0            0           
0            0            0             0            0            0           

Inertia
266.595      -99.947      -99.8994      0.245484     0.152805     0.140852    
-99.947      266.466      -99.9727      0.152805     0.27043      0.140349    
-99.8994     -99.9727     266.606       0.140852     0.140349     0.200395    

Bond Length
0.6057666     0.00039070666

BB bond length
0.6057666     0.00039070666

Water EE distance
0             0           

PEG EE distance
4.2544817     0.026301187 

BBB P2(x)
0.055092493   0.0039505366

BBB first bond length
0.60590256    0.00043105326

BBB second bond length
0.60597949    0.00043759602

BBB <phi**2>/<phi>**2
1.1140517     0.0018444341

Time = 26000
Temperature
1.0128427     0.0066722278

Pressure
25.347646     0.054211303 

CM Mom
2.6555522e-17  9.8859866e-18 
-9.4906852e-18 2.0273182e-17 
-7.6814067e-19 8.9943954e-18 
3.596425e-17   9.5950732e-18 

CM Pos
10.001345      0.0067216289  
9.9918497      0.017295527   
9.9999786      0.0078213886  
17.316574      0.014283906   

Stress
22.2982      -0.0112647   0.0264813     0.0897559    0.048284     0.0478233   
-0.0112647   22.2985      -0.0173707    0.048284     0.0926907    0.0719348   
0.0264813    -0.0173707   22.3348       0.0478233    0.0719348    0.0722282   

Stress Spherical
0            0            0             0            0            0           
0            0            0             0            0            0           
0            0            0             0            0            0           

Inertia
266.534      -99.9389     -100.041      0.422998     0.228642     0.116635    
-99.9389     266.722      -99.8966      0.228642     0.207653     0.235946    
-100.041     -99.8966     266.556       0.116635     0.235946     0.393306    

Bond Length
0.60600053    0.00029766585

BB bond length
0.60600053    0.00029766585

Water EE distance
0             0           

PEG EE distance
4.2660631     0.024497654 

BBB P2(x)
0.054001284   0.0037755526

BBB first bond length
0.60618097    0.00033014009

BBB second bond length
0.60615922    0.00030354369

BBB <phi**2>/<phi>**2
1.1139514     0.0017656382

Time = 27000
Temperature
1.0091222     0.0039524928

Pressure
25.332582     0.089862162 

CM Mom
2.4000607e-17  1.2719254e-17 
-7.4254756e-18 3.0802246e-17 
-1.7614707e-17 1.4772179e-17 
4.4320787e-17  1.7489643e-17 

CM Pos
9.9989267      0.010166202   
9.995268       0.010546089   
10.004314      0.009059921   
17.319654      0.010639396   

Stress
22.3447      -0.0144443   -0.0178041    0.120885     0.068386     0.0513803   
-0.0144443   22.2773      -0.017756     0.068386     0.0946043    0.069711    
-0.0178041   -0.017756    22.2978       0.0513803    0.069711     0.106292    

Stress Spherical
0            0            0             0            0            0           
0            0            0             0            0            0           
0            0            0             0            0            0           

Inertia
266.684      -99.931      -100.059      0.249474     0.191218     0.168721    
-99.931      266.784      -99.9431      0.191218     0.358565     0.148753    
-100.059     -99.9431     266.624       0.168721     0.148753     0.368525    

Bond Length
0.6057516     0.00053676403

BB bond length
0.6057516     0.00053676403

Water EE distance
0             0           

PEG EE distance
4.2228261     0.026871918 

BBB P2(x)
0.052991661   0.0026816414

BBB first bond length
0.60594147    0.00058666373

BBB second bond length
0.60588916    0.00062390189

BBB <phi**2>/<phi>**2
1.1128898     0.001506382 

Time = 28000
Temperature
1.0103191     0.0032338681

Pressure
25.377625     0.053256813 

CM Mom
3.6547252e-17  1.4408458e-17 
-1.1752124e-17 1.7388605e-17 
-1.8325229e-17 1.1805344e-17 
4.7964473e-17  1.2584545e-17 

CM Pos
10.005596      0.011763663   
9.9964352      0.0088314829  
10.006648      0.010224833   
17.325524      0.014551287   

Stress
22.3464      -0.00603182  -0.0174825    0.0730828    0.0778428    0.0674055   
-0.00603182  22.3088      0.0101504     0.0778428    0.104658     0.0295588   
-0.0174825   0.0101504    22.389        0.0674055    0.0295588    0.0768598   

Stress Spherical
