Time = 1000
Temperature
   1.0823991    0.11370733

Pressure
    23.70996    0.61546136

CM Mom
-9.1358671e-18 2.5120697e-17 
-1.0576769e-17 9.3581633e-18 
-1.1546621e-16 1.3729868e-16 
1.2948419e-16  1.2779348e-16 

CM Pos
7.5012302      0.01130813    
7.5018412      0.018916768   
7.4999089      0.01518943    
12.992126      0.0087090837  

Stress
20.5134      0.00384512   0.0118973     0.286458     0.0691618    0.0893767   
0.00384512   20.4784      -0.0443891    0.0691618    0.348612     0.074338    
0.0118973    -0.0443891   20.411        0.0893767    0.074338     0.287134    

Stress Spherical
0            0            0             0            0            0           
0            0            0             0            0            0           
0            0            0             0            0            0           

Inertia
150.116      -56.2479     -56.2419      1.22021      0.128106     0.105023    
-56.2479     150.116      -56.3025      0.128106     0.994605     0.16591     
-56.2419     -56.3025     150.132       0.105023     0.16591      1.37449     

Bond Length
0.61792345    0.0051296799

BB bond length
0.61792345    0.0051296799

Water EE distance
0             0           

PEG EE distance
6.6427131     0.25220384  

BBB P2(x)
0.47788569    0.062075797 

BBB first bond length
0.61793923    0.0051231166

BBB second bond length
0.61791425    0.0054635018

BBB <phi**2>/<phi>**2
1.2214159     0.0117412   

Time = 2000
Temperature
1.0055888     0.0067432288

Pressure
23.312484     0.090212425 

CM Mom
-1.3421509e-17 2.6505664e-17 
-7.5917402e-18 2.5758833e-17 
3.0530035e-17  5.5241764e-17 
6.325734e-17   3.9825665e-17 

CM Pos
7.5039008      0.013966303   
7.4990222      0.015333668   
7.5016893      0.014157288   
12.993062      0.013334135   

Stress
20.2647      0.00893397   -0.000389893  0.0974441    0.0711409    0.0721717   
0.00893397   20.3394      0.0140465     0.0711409    0.118732     0.0568214   
-0.000389893 0.0140465    20.2965       0.0721717    0.0568214    0.0971638   

Stress Spherical
0            0            0             0            0            0           
0            0            0             0            0            0           
0            0            0             0            0            0           

Inertia
149.874      -56.2793     -56.2961      0.376047     0.133964     0.17715     
-56.2793     149.962      -56.2843      0.133964     0.424163     0.152752    
-56.2961     -56.2843     149.922       0.17715      0.152752     0.341082    

Bond Length
0.61865032    0.0032432623

BB bond length
0.61865032    0.0032432623

Water EE distance
0             0           

PEG EE distance
6.8859163     0.097431064 

BBB P2(x)
0.51229189    0.0093062766

BBB first bond length
0.61849506    0.0032246479

BBB second bond length
0.61872933    0.0034495406

BBB <phi**2>/<phi>**2
1.2259143     0.0084383529

