Time = 1000
Temperature
   1.3406285    0.55335051

Pressure
   27.963594     4.3187072

CM Mom
-1.3724548e-17 4.427544e-17  
9.7283645e-17  5.9247009e-17 
2.1073142e-18  5.5712166e-16 
4.5849505e-16  3.395501e-16  

CM Pos
10.012613      0.025412807   
10.006854      0.016270111   
9.998799       0.0075077166  
17.331068      0.024146714   

Stress
23.9207      0.0262503    -0.014222     2.74915      0.0683047    0.0782456   
0.0262503    23.938       0.0234648     0.0683047    2.72305      0.0464083   
-0.014222    0.0234648    23.9669       0.0782456    0.0464083    2.72489     

Stress Spherical
0            0            0             0            0            0           
0            0            0             0            0            0           
0            0            0             0            0            0           

Inertia
268.636      -100.192     -100.096      7.73912      0.443766     0.265135    
-100.192     268.793      -100.011      0.443766     7.92376      0.216863    
-100.096     -100.011     268.941       0.265135     0.216863     8.12057     

Bond Length
0.6125057     0.014233675 

BB bond length
0.6125057     0.014233675 

Water EE distance
0             0           

PEG EE distance
4.754256      0.39892072  

BBB P2(x)
0.074506752   0.01997314  

BBB first bond length
0.61278759    0.014650057 

BBB second bond length
0.61284288    0.014243187 

BBB <phi**2>/<phi>**2
1.1192047     0.0063429429

Time = 2000
Temperature
1.0162326     0.0079711619

Pressure
25.124216     0.10191205  

CM Mom
2.0089369e-18  1.4101707e-17 
7.2306114e-17  7.8202949e-18 
2.9108138e-17  1.6910145e-16 
1.6397419e-16  8.970659e-17  

CM Pos
10.000696      0.0092364855  
9.9991871      0.010376687   
9.998549       0.012722176   
17.319612      0.0070163084  

Stress
22.1027      0.0113609    0.00343819    0.133377     0.0817478    0.0419344   
0.0113609    22.1323      0.0225022     0.0817478    0.107851     0.0666266   
0.00343819   0.0225022    21.9919       0.0419344    0.0666266    0.109018    

Stress Spherical
0            0            0             0            0            0           
0            0            0             0            0            0           
0            0            0             0            0            0           

Inertia
266.786      -99.9844     -100.003      1.14503      0.182871     0.19384     
-99.9844     266.797      -99.9388      0.182871     1.26918      0.138839    
-100.003     -99.9388     266.852       0.19384      0.138839     1.14978     

Bond Length
0.60676757    0.00049435073

BB bond length
0.60676757    0.00049435073

Water EE distance
0             0           

PEG EE distance
4.3012477     0.056979547 

BBB P2(x)
0.0594916     0.003461866 

BBB first bond length
0.60696089    0.00047970929

BBB second bond length
0.60692351    0.00055965022

BBB <phi**2>/<phi>**2
1.1147634     0.0015990076

Time = 3000
Temperature
1.0111036     0.0060502055

Pressure
25.072832     0.05812836  

CM Mom
-2.4839962e-18 1.8418632e-17 
6.8841553e-17  1.8680974e-17 
3.3581482e-17  2.1496007e-17 
8.2411579e-17  1.5221053e-17 

CM Pos
10.001862      0.010165724   
9.9978537      0.0063576753  
9.9991324      0.010748833   
17.319848      0.010403991   

Stress
22.0238      0.0216978    0.0140591     0.037163     0.0703389    0.0548099   
0.0216978    22.0858      0.00349319    0.0703389    0.0844769    0.046464    
0.0140591    0.00349319   22.0093       0.0548099    0.046464     0.111721    

Stress Spherical
0            0            0             0            0            0           
0            0            0             0            0            0           
0            0            0             0            0            0           

Inertia
266.729      -100.011     -100.04       0.427061     0.11091      0.173755    
-100.011     266.817      -99.9307      0.11091      0.51079      0.192302    
-100.04      -99.9307     266.778       0.173755     0.192302     0.482141    

Bond Length
0.60715769    0.00045689453

BB bond length
0.60715769    0.00045689453

Water EE distance
0             0           

PEG EE distance
4.134114      0.055170597 

BBB P2(x)
0.054755644   0.0036625605

BBB first bond length
0.60741736    0.00037930202

BBB second bond length
0.60734976    0.0004561986

BBB <phi**2>/<phi>**2
1.1142094     0.0020483419

Time = 4000
Temperature
1.0108528     0.0051026011

Pressure
25.077417     0.038564505 

CM Mom
-1.1634697e-18 1.4790799e-17 
6.4811854e-17  1.6463437e-17 
2.1583751e-17  1.916849e-17  
7.2600138e-17  1.5945274e-17 

CM Pos
9.9982789      0.012053913   
9.9986871      0.0072171791  
10.000466      0.011419271   
17.319032      0.0098007989  

Stress
22.0629      0.00222349   2.93411e-05   0.0618771    0.0399162    0.0319418   
0.00222349   22.062       0.0350629     0.0399162    0.0755455    0.0503703   
2.93411e-05  0.0350629    22.0101       0.0319418    0.0503703    0.0791121   

Stress Spherical
0            0            0             0            0            0           
0            0            0             0            0            0           
0            0            0             0            0            0           

Inertia
266.69       -100.006     -99.9929      0.288723     0.159266     0.193795    
-100.006     266.671      -100.038      0.159266     0.24899      0.172523    
-99.9929     -100.038     266.623       0.193795     0.172523     0.256131    

Bond Length
0.60686303    0.00064131857

BB bond length
0.60686303    0.00064131857

Water EE distance
0             0           

PEG EE distance
4.0581739     0.03400887  

BBB P2(x)
0.052705301   0.002670643 

BBB first bond length
0.60708583    0.00066538457

BBB second bond length
0.60704256    0.00062448862

BBB <phi**2>/<phi>**2
1.1130179     0.001484698 

Time = 5000
Temperature
1.0111034     0.0038287911

Pressure
25.059802     0.072335057 

CM Mom
4.0539864e-18  2.2104133e-17 
4.8421851e-17  3.4304224e-17 
4.1305718e-17  8.6654409e-18 
7.4470392e-17  1.6183196e-17 

CM Pos
10.000112      0.011313259   
9.9983537      0.011991237   
9.998299       0.0087784952  
17.318649      0.0077943486  

Stress
22.0447      -0.0197434   0.00897749    0.0620653    0.0535002    0.062618    
-0.0197434   22.0216      0.014518      0.0535002    0.11842      0.0444531   
0.00897749   0.014518     22.0135       0.062618     0.0444531    0.0802334   

Stress Spherical
0            0            0             0            0            0           
0            0            0             0            0            0           
0            0            0             0            0            0           

Inertia
266.591      -100.014     -99.9695      0.286957     0.157253     0.111588    
-100.014     266.641      -99.9804      0.157253     0.176779     0.144379    
-99.9695     -99.9804     266.631       0.111588     0.144379     0.34677     

Bond Length
0.60667587    0.00038493802

BB bond length
0.60667587    0.00038493802

Water EE distance
0             0           

PEG EE distance
4.0154451     0.033643135 

BBB P2(x)
0.051294007   0.0044964085

BBB first bond length
0.60689402    0.00041628794

BBB second bond length
0.60691922    0.0003459474

BBB <phi**2>/<phi>**2
1.1124276     0.0017752108

Time = 6000
Temperature
1.0117955     0.0044723381

Pressure
25.040991     0.058502173 

CM Mom
1.2390605e-17  9.3823526e-18 
3.1473127e-17  2.2083672e-17 
5.4777911e-17  2.1481589e-17 
6.907199e-17   2.0271664e-17 

CM Pos
10.000529      0.011268665   
10.000687      0.0080643163  
10.002966      0.0096885981  
17.322925      0.014157948   

Stress
22.0154      -0.0152984   -0.0236531    0.0856318    0.040316     0.0574978   
-0.0152984   22.0072      0.0402365     0.040316     0.0588951    0.0908119   
-0.0236531   0.0402365    21.9946       0.0574978    0.0908119    0.0566891   

Stress Spherical
0            0            0             0            0            0           
0            0            0             0            0            0           
0            0            0             0            0            0           

Inertia
266.736      -99.9677     -100.059      0.364641     0.189475     0.200042    
-99.9677     266.735      -99.9998      0.189475     0.391835     0.153601    
-100.059     -99.9998     266.694       0.200042     0.153601     0.380643    

Bond Length
0.60711359    0.00040630768

BB bond length
0.60711359    0.00040630768

Water EE distance
0             0           

PEG EE distance
4.0692745     0.03917663  

BBB P2(x)
0.052505768   0.0043531034

BBB first bond length
0.60733649    0.00042010119

BBB second bond length
0.60729815    0.00050106888

BBB <phi**2>/<phi>**2
1.1130211     0.0015926936

Time = 7000
Temperature
1.0102107     0.0058069325

Pressure
25.022477     0.065373208 

CM Mom
1.2064174e-17  2.3130622e-17 
3.3213821e-17  3.1076663e-17 
5.2365388e-17  1.0206861e-17 
7.2414211e-17  1.8761207e-17 

CM Pos
9.9941954      0.0048707493  
10.001187      0.012937351   
10.003716      0.012030845   
17.319995      0.01068639    

Stress
21.951       -0.0241145   0.0183885     0.0924188    0.0624566    0.0568135   
-0.0241145   21.9693      0.0122532     0.0624566    0.124298     0.0393337   
0.0183885    0.0122532    22.0556       0.0568135    0.0393337    0.0710075   

Stress Spherical
0            0            0             0            0            0           
0            0            0             0            0            0           
0            0            0             0            0            0           

Inertia
266.74       -99.9443     -99.9964      0.419022     0.183733     0.120833    
-99.9443     266.618      -100.055      0.183733     0.283254     0.170647    
-99.9964     -100.055     266.572       0.120833     0.170647     0.312621    

Bond Length
0.6074533     0.00065217908

BB bond length
0.6074533     0.00065217908

Water EE distance
0             0           

PEG EE distance
4.0402182     0.045346167 

BBB P2(x)
0.054831502   0.0028899525

BBB first bond length
0.60767579    0.00062900568

BBB second bond length
0.60763351    0.00067433948

BBB <phi**2>/<phi>**2
1.1130436     0.0015986112

Time = 8000
Temperature
1.0147395     0.0044059119

Pressure
25.046865     0.077568465 

CM Mom
1.969849e-17   2.4354222e-17 
1.5954685e-17  1.661574e-17  
6.3630689e-17  1.9862396e-17 
7.4791643e-17  1.9010077e-17 

CM Pos
9.9976956      0.0094872283  
10.002521      0.0077570407  
10.002549      0.010028503   
17.322109      0.011083537   

Stress
22.0191      -0.0139078   0.00228601    0.092211     0.0496757    0.0441093   
-0.0139078   22.0132      0.00749795    0.0496757    0.097811     0.0424239   
0.00228601   0.00749795   21.9761       0.0441093    0.0424239    0.0912798   

Stress Spherical
0            0            0             0            0            0           
0            0            0             0            0            0           
0            0            0             0            0            0           

Inertia
266.741      -99.9684     -99.9688      0.311212     0.183216     0.135081    
-99.9684     266.66       -100.052      0.183216     0.271882     0.170542    
-99.9688     -100.052     266.658       0.135081     0.170542     0.295672    

Bond Length
0.60757399    0.00046672278

BB bond length
0.60757399    0.00046672278

Water EE distance
0             0           

PEG EE distance
3.992236      0.030964244 

BBB P2(x)
0.052923108   0.0036799671

BBB first bond length
0.60780501    0.00042068194

BBB second bond length
0.60771458    0.00043654948

BBB <phi**2>/<phi>**2
1.1123995     0.0016575822

Time = 9000
Temperature
1.0116366     0.0053293096

Pressure
25.071696     0.076349657 

CM Mom
1.8258263e-17  1.8674019e-17 
1.598649e-17   1.8703261e-17 
5.259733e-17   2.6390938e-17 
6.4357834e-17  2.4667651e-17 

CM Pos
9.9999456      0.010362288   
10.002437      0.0077035851  
9.9993824      0.0083357637  
17.321532      0.0078384716  

Stress
21.9962      -0.0122831   0.049483      0.114558     0.0474694    0.0363241   
-0.0122831   22.0472      -0.0175257    0.0474694    0.0900362    0.0420705   
0.049483     -0.0175257   22.0673       0.0363241    0.0420705    0.10306     

Stress Spherical
0            0            0             0            0            0           
0            0            0             0            0            0           
0            0            0             0            0            0           

Inertia
266.703      -100.009     -99.9881      0.28133      0.127702     0.115678    
-100.009     266.655      -99.9921      0.127702     0.227763     0.0844318   
-99.9881     -99.9921     266.706       0.115678     0.0844318    0.183377    

Bond Length
0.60708532    0.0005414672

BB bond length
0.60708532    0.0005414672

Water EE distance
0             0           

PEG EE distance
4.0019564     0.023657408 

BBB P2(x)
0.052813725   0.0024410521

BBB first bond length
0.6073615     0.00057199308

BBB second bond length
0.60729667    0.000528723 

BBB <phi**2>/<phi>**2
1.113311      0.0017548504

Time = 10000
Temperature
1.009392      0.0035772097

Pressure
25.02146      0.052174253 

CM Mom
3.2787871e-17  1.1693996e-17 
4.4080004e-17  1.4309495e-17 
6.4208347e-17  1.3634283e-17 
8.6232142e-17  1.5238953e-17 

CM Pos
9.9985289      0.0095091641  
10.001854      0.0064530891  
10.002216      0.0069769383  
17.322013      0.0052037462  

Stress
21.9956      0.0037467    0.0139998     0.0914698    0.0603642    0.0604302   
0.0037467    21.9921      0.00767444    0.0603642    0.118336     0.0467406   
0.0139998    0.00767444   21.9925       0.0604302    0.0467406    0.055119    

Stress Spherical
0            0            0             0            0            0           
0            0            0             0            0            0           
0            0            0             0            0            0           

Inertia
266.736      -100.002     -100.04       0.153427     0.145794     0.094543    
-100.002     266.659      -100.016      0.145794     0.156452     0.135782    
-100.04      -100.016     266.686       0.094543     0.135782     0.188307    

Bond Length
0.6073852     0.00050061859

BB bond length
0.6073852     0.00050061859

Water EE distance
0             0           

PEG EE distance
4.0152507     0.022362469 

BBB P2(x)
0.053345913   0.0038859181

BBB first bond length
0.60762429    0.00049443914

BBB second bond length
0.60764094    0.00058699814

BBB <phi**2>/<phi>**2
1.1133581     0.0016871214

Time = 11000
Temperature
1.0141548     0.0059494308

Pressure
25.082166     0.044283916 

CM Mom
3.0522112e-17  1.4563195e-17 
4.6956064e-17  1.9907665e-17 
6.2523196e-17  1.6357005e-17 
8.7953994e-17  1.3626061e-17 

CM Pos
10.001029      0.0097969495  
9.9980204      0.0060989789  
9.9947989      0.0097258015  
17.316961      0.0086311707  

Stress
22.0628      -0.0177324   -0.0396868    0.0744685    0.0610891    0.0578019   
-0.0177324   22.0095      0.0105251     0.0610891    0.054433     0.0643603   
-0.0396868   0.0105251    22.0472       0.0578019    0.0643603    0.0639154   

Stress Spherical
0            0            0             0            0            0           
0            0            0             0            0            0           
0            0            0             0            0            0           

Inertia
266.515      -99.9768     -99.9889      0.231556     0.151016     0.126212    
-99.9768     266.575      -99.9018      0.151016     0.230557     0.140189    
-99.9889     -99.9018     266.651       0.126212     0.140189     0.290878    

Bond Length
0.60709475    0.0004048211

BB bond length
0.60709475    0.0004048211

Water EE distance
0             0           

PEG EE distance
4.0431697     0.026416789 

BBB P2(x)
0.055102859   0.0039561   

BBB first bond length
0.60725977    0.00043303348

BBB second bond length
0.60726455    0.00042361992

BBB <phi**2>/<phi>**2
1.1143282     0.0014214815

Time = 12000
Temperature
1.0115144     0.0030240821

Pressure
25.033204     0.051967483 

CM Mom
1.6213632e-17  1.545767e-17  
4.1765902e-17  1.6041883e-17 
5.1993448e-17  1.0276968e-17 
7.1593622e-17  1.3669019e-17 

CM Pos
9.991612       0.0084827699  
9.9963536      0.012161464   
9.9996324      0.0065386209  
17.313353      0.010679571   

Stress
22.0005      -0.00694096  0.0248048     0.0895288    0.0844335    0.0463793   
-0.00694096  21.9953      0.00848537    0.0844335    0.0841181    0.0716974   
0.0248048    0.00848537   22.0006       0.0463793    0.0716974    0.0701348   

Stress Spherical
0            0            0             0            0            0           
0            0            0             0            0            0           
0            0            0             0            0            0           

Inertia
266.557      -99.8726     -99.8798      0.295245     0.180542     0.100106    
-99.8726     266.491      -99.9712      0.180542     0.201245     0.184377    
-99.8798     -99.9712     266.445       0.100106     0.184377     0.340851    

Bond Length
0.60732892    0.00050154207

BB bond length
0.60732892    0.00050154207

Water EE distance
0             0           

PEG EE distance
4.0162445     0.024787878 

BBB P2(x)
0.051982034   0.0034162113

BBB first bond length
0.60752445    0.00048515246

BBB second bond length
0.60753551    0.00051313685

BBB <phi**2>/<phi>**2
1.1125935     0.0017164533

Time = 13000
Temperature
1.0115723     0.0043044936

Pressure
25.009843     0.082242769 

CM Mom
2.2826096e-17  2.5955899e-17 
4.1703391e-17  1.6171732e-17 
3.0296415e-17  2.576886e-17  
6.7223434e-17  1.6073392e-17 

CM Pos
10.004029      0.010790105   
9.9934368      0.014776958   
9.9983824      0.0068219206  
17.318118      0.014108558   

Stress
21.9653      -0.00728709  0.0307882     0.108281     0.0499106    0.0525137   
-0.00728709  22.0132      -0.0161565    0.0499106    0.129802     0.0603591   
0.0307882    -0.0161565   21.9473       0.0525137    0.0603591    0.0939741   

Stress Spherical
0            0            0             0            0            0           
0            0            0             0            0            0           
0            0            0             0            0            0           

Inertia
266.463      -99.9807     -99.9712      0.385334     0.250131     0.177221    
-99.9807     266.697      -99.9133      0.250131     0.247182     0.255774    
-99.9712     -99.9133     266.584       0.177221     0.255774     0.417916    

Bond Length
0.60750047    0.00060914077

BB bond length
0.60750047    0.00060914077

Water EE distance
0             0           

PEG EE distance
4.001287      0.024858044 

BBB P2(x)
0.05177048    0.0040779388

BBB first bond length
0.60765305    0.00057850203

BBB second bond length
0.60769545    0.00060034541

BBB <phi**2>/<phi>**2
1.1126994     0.0015356223

Time = 14000
Temperature
1.0090845     0.0042499123

Pressure
25.020295     0.054187349 

CM Mom
5.033348e-17   2.2473611e-17 
1.3949551e-17  2.0827496e-17 
4.8719195e-17  1.7495062e-17 
7.7203572e-17  1.9650508e-17 

CM Pos
9.9955288      0.014005543   
9.9944369      0.014584893   
10.001549      0.015570607   
17.315619      0.018062489   

Stress
22.0275      0.0213939    0.00771046    0.068134     0.0588295    0.0835829   
0.0213939    21.9625      0.00903735    0.0588295    0.106719     0.0685097   
0.00771046   0.00903735   21.9895       0.0835829    0.0685097    0.0697423   

Stress Spherical
0            0            0             0            0            0           
0            0            0             0            0            0           
0            0            0             0            0            0           

Inertia
266.601      -99.8923     -99.9649      0.492717     0.205848     0.267727    
-99.8923     266.6        -99.9635      0.205848     0.522785     0.254049    
-99.9649     -99.9635     266.485       0.267727     0.254049     0.421677    

Bond Length
0.60724438    0.00049776375

BB bond length
0.60724438    0.00049776375

Water EE distance
0             0           

PEG EE distance
3.9909652     0.026708968 

BBB P2(x)
0.054177423   0.0044945587

BBB first bond length
0.60737829    0.00048783658

BBB second bond length
0.60743469    0.00051535715

BBB <phi**2>/<phi>**2
1.1132159     0.0018252298

Time = 15000
Temperature
1.0121565     0.004255312 

Pressure
25.016837     0.02468131  

CM Mom
7.3176576e-17  1.4686241e-17 
3.1048449e-17  1.2312092e-17 
4.4206297e-17  2.0851344e-17 
9.3703739e-17  1.7166112e-17 

CM Pos
10.003112      0.010343504   
9.9998538      0.011182048   
9.9976323      0.013633657   
17.320863      0.011099805   

Stress
21.9654      0.0217827    0.00548565    0.0658141    0.0330495    0.0540586   
0.0217827    21.9629      0.00390376    0.0330495    0.0526866    0.0498994   
0.00548565   0.00390376   22.0132       0.0540586    0.0498994    0.0720767   

Stress Spherical
0            0            0             0            0            0           
0            0            0             0            0            0           
0            0            0             0            0            0           

Inertia
266.6        -99.9843     -100.03       0.266696     0.178889     0.225421    
-99.9843     266.687      -99.962       0.178889     0.369217     0.155298    
-100.03      -99.962      266.755       0.225421     0.155298     0.282974    

Bond Length
0.60748909    0.00069466426

BB bond length
0.60748909    0.00069466426

Water EE distance
0             0           

PEG EE distance
4.0329137     0.019061147 

BBB P2(x)
0.052881352   0.0040817094

BBB first bond length
0.60768757    0.00067670642

BBB second bond length
0.60774699    0.00080088139

BBB <phi**2>/<phi>**2
1.1128723     0.001716323 

Time = 16000
Temperature
1.012192      0.0044532315

Pressure
25.034052     0.07354256  

CM Mom
9.4376417e-17  2.004642e-17  
2.1680899e-17  1.2559609e-17 
5.7657094e-17  1.9488717e-17 
1.1515801e-16  1.9477055e-17 

CM Pos
10.002862      0.013159829   
9.9978537      0.0088823118  
10.005383      0.009014639   
17.324037      0.0097309524  

Stress
21.9586      -0.0395866   0.0274004     0.12434      0.0587157    0.0652988   
-0.0395866   22.0049      -0.00036337   0.0587157    0.0814071    0.0761172   
0.0274004    -0.00036337  22.0293       0.0652988    0.0761172    0.0784192   

Stress Spherical
0            0            0             0            0            0           
0            0            0             0            0            0           
0            0            0             0            0            0           

Inertia
266.683      -100.023     -100.103      0.265533     0.143422     0.185794    
-100.023     266.795      -100.021      0.143422     0.325056     0.141309    
-100.103     -100.021     266.675       0.185794     0.141309     0.273512    

Bond Length
0.60701498    0.00039454364

BB bond length
0.60701498    0.00039454364

Water EE distance
0             0           

PEG EE distance
4.0271569     0.052441664 

BBB P2(x)
0.053968028   0.0014686569

BBB first bond length
0.60731734    0.00040444822

BBB second bond length
0.60724788    0.00040971497

BBB <phi**2>/<phi>**2
1.1132097     0.0010855794

Time = 17000
Temperature
1.0120812     0.0031977519

Pressure
25.062798     0.035270516 

CM Mom
8.4589566e-17  2.3818772e-17 
1.6970466e-17  1.1931809e-17 
8.5043389e-17  2.470553e-17  
1.2465031e-16  2.1404095e-17 

CM Pos
9.9969455      0.012987982   
10.002271      0.0087725596  
9.998049       0.0091325124  
17.318937      0.0085022576  

Stress
22.0393      -0.0170983   0.0167949     0.0608254    0.060942     0.076914    
-0.0170983   22.0269      0.00164573    0.060942     0.0939473    0.0669474   
0.0167949    0.00164573   22.0139       0.076914     0.0669474    0.085799    

Stress Spherical
0            0            0             0            0            0           
0            0            0             0            0            0           
0            0            0             0            0            0           

Inertia
266.662      -99.9782     -100.001      0.217945     0.127421     0.199435    
-99.9782     266.586      -100.02       0.127421     0.349035     0.163481    
-100.001     -100.02      266.68        0.199435     0.163481     0.241128    

Bond Length
0.60697415    0.00043543762

BB bond length
0.60697415    0.00043543762

Water EE distance
0             0           

PEG EE distance
3.9712468     0.020009924 

BBB P2(x)
0.052792529   0.0049810509

BBB first bond length
0.60720305    0.00041283092

BBB second bond length
0.6071034     0.00047170738

BBB <phi**2>/<phi>**2
1.1136299     0.0016901469

Time = 18000
Temperature
1.0110635     0.0072357074

Pressure
25.016347     0.066549859 

CM Mom
9.9866872e-17  1.1985707e-17 
1.8483381e-17  1.6888041e-17 
9.6374323e-17  9.7554369e-18 
1.4134271e-16  1.2219182e-17 

CM Pos
9.9946954      0.0095833703  
10.002187      0.011370512   
9.9917988      0.011169619   
17.313979      0.014011442   

Stress
21.9836      0.00901186   -0.00791645   0.0646381    0.0507916    0.0567451   
0.00901186   21.971       0.00938518    0.0507916    0.097766     0.0591536   
-0.00791645  0.00938518   21.9952       0.0567451    0.0591536    0.092107    

Stress Spherical
0            0            0             0            0            0           
0            0            0             0            0            0           
0            0            0             0            0            0           

Inertia
266.534      -99.9772     -99.9156      0.388341     0.143469     0.145789    
-99.9772     266.407      -99.9265      0.143469     0.31825      0.190642    
-99.9156     -99.9265     266.629       0.145789     0.190642     0.333723    

Bond Length
0.60755182    0.00037701608

BB bond length
0.60755182    0.00037701608

Water EE distance
0             0           

PEG EE distance
4.0003679     0.047507789 

BBB P2(x)
0.050122907   0.0048446157

BBB first bond length
0.6077283     0.00040249063

BBB second bond length
0.60783964    0.00039365536

BBB <phi**2>/<phi>**2
1.1120719     0.0018872037

Time = 19000
Temperature
1.012124      0.0063962655

Pressure
25.034475     0.08767777  

CM Mom
9.1631102e-17  1.3546731e-17 
4.6576664e-17  1.0216124e-17 
8.1005941e-17  2.2284015e-17 
1.3275821e-16  1.6950702e-17 

CM Pos
10.004196      0.01264854    
9.9968536      0.011671914   
10.000799      0.0094048825  
17.321582      0.013000912   

Stress
22.0172      0.000148353  0.0345652     0.0903065    0.0581405    0.062828    
0.000148353  21.9922      0.000840333   0.0581405    0.0853946    0.0855806   
0.0345652    0.000840333  21.9853       0.062828     0.0855806    0.0808022   

Stress Spherical
0            0            0             0            0            0           
0            0            0             0            0            0           
0            0            0             0            0            0           

Inertia
266.619      -100.069     -100.05       0.246434     0.201814     0.178942    
-100.069     266.776      -100.01       0.201814     0.300116     0.163559    
-100.05      -100.01      266.687       0.178942     0.163559     0.383151    

Bond Length
0.60719376    0.00060267445

BB bond length
0.60719376    0.00060267445

Water EE distance
0             0           

PEG EE distance
3.9023311     0.023207832 

BBB P2(x)
0.052450935   0.0028553859

BBB first bond length
0.60745106    0.00063607457

BBB second bond length
0.60742895    0.00072393444

BBB <phi**2>/<phi>**2
1.1126415     0.0012188951

Time = 20000
Temperature
1.0085203     0.0054489013

Pressure
25.014681     0.072262825 

CM Mom
8.3673826e-17  1.6896372e-17 
3.8815477e-17  2.0353853e-17 
9.4853775e-17  1.3211292e-17 
1.3489011e-16  1.357023e-17  

CM Pos
10.001862      0.012948083   
9.9936035      0.01420862    
9.9983824      0.0064126034  
17.316965      0.011959691   

Stress
21.961       -0.0455578   -0.0259283    0.0835076    0.0547514    0.0604396   
-0.0455578   21.9971      0.0107351     0.0547514    0.0897905    0.0621987   
-0.0259283   0.0107351    22.0096       0.0604396    0.0621987    0.0887499   

Stress Spherical
0            0            0             0            0            0           
0            0            0             0            0            0           
0            0            0             0            0            0           

Inertia
266.499      -99.9342     -100.068      0.265036     0.265681     0.139393    
-99.9342     266.663      -99.9527      0.265681     0.239273     0.131245    
-100.068     -99.9527     266.579       0.139393     0.131245     0.43831     

Bond Length
0.60742073    0.00060964663

BB bond length
0.60742073    0.00060964663

Water EE distance
0             0           

PEG EE distance
3.937904      0.026874286 

BBB P2(x)
0.050343499   0.0043049822

BBB first bond length
0.60764291    0.00059389646

BBB second bond length
0.60758278    0.00075466267

BBB <phi**2>/<phi>**2
1.1120238     0.0015322635

Time = 21000
Temperature
1.0106455     0.002826344 

Pressure
25.058517     0.063749103 

CM Mom
8.9024283e-17  1.2610656e-17 
3.8808769e-17  9.9401092e-18 
1.0852767e-16  1.8248754e-17 
1.4675465e-16  1.6236461e-17 

CM Pos
9.9958621      0.0093678873  
9.9975203      0.0091609858  
9.988632       0.0082094156  
17.310132      0.0042606403  

Stress
21.9952      0.0249867    -0.0193621    0.071803     0.0558908    0.0497904   
0.0249867    22.0351      -0.0029282    0.0558908    0.0923863    0.0464936   
-0.0193621   -0.0029282   22.0498       0.0497904    0.0464936    0.0805026   

Stress Spherical
0            0            0             0            0            0           
0            0            0             0            0            0           
0            0            0             0            0            0           

Inertia
266.415      -99.9231     -99.8527      0.13867      0.0984632    0.159116    
-99.9231     266.357      -99.829       0.0984632    0.319513     0.0918803   
-99.8527     -99.829      266.528       0.159116     0.0918803    0.135175    

Bond Length
0.60693476    0.00069964131

BB bond length
0.60693476    0.00069964131

Water EE distance
0             0           

PEG EE distance
3.9377398     0.024445097 

BBB P2(x)
0.052162806   0.0034856586

BBB first bond length
0.60715943    0.00070336839

BBB second bond length
0.6072259     0.00081010036

BBB <phi**2>/<phi>**2
1.113285      0.0018881112

Time = 22000
Temperature
1.0105788     0.0040694961

Pressure
25.038676     0.064859152 

CM Mom
9.8097207e-17  1.082736e-17  
3.6206171e-17  1.5035143e-17 
1.2179839e-16  1.2709533e-17 
1.6183137e-16  9.1773546e-18 

CM Pos
10.000196      0.0081226671  
10.004687      0.010703509   
9.9954656      0.0092859791  
17.320714      0.011994614   

Stress
22.0063      -0.00633223  0.0108605     0.0852853    0.0715737    0.0542233   
-0.00633223  21.9731      0.0279097     0.0715737    0.0781106    0.0252724   
0.0108605    0.0279097    22.0418       0.0542233    0.0252724    0.100933    

Stress Spherical
0            0            0             0            0            0           
0            0            0             0            0            0           
0            0            0             0            0            0           

Inertia
266.683      -100.068     -99.9594      0.343193     0.14938      0.15526     
-100.068     266.575      -100.021      0.14938      0.318669     0.186162    
-99.9594     -100.021     266.762       0.15526      0.186162     0.257956    

Bond Length
0.60709734    0.00056076169

BB bond length
0.60709734    0.00056076169

Water EE distance
0             0           

PEG EE distance
3.9882374     0.024794197 

BBB P2(x)
0.049805152   0.0019819378

BBB first bond length
0.60728562    0.00061915519

BBB second bond length
0.60730929    0.00065501207

BBB <phi**2>/<phi>**2
1.1121107     0.0010089668

Time = 23000
Temperature
1.0140695     0.0046731775

Pressure
25.030004     0.09088303  

CM Mom
1.0175982e-16  1.6334556e-17 
4.1480123e-17  2.5390573e-17 
1.3355013e-16  2.3801312e-17 
1.7552415e-16  2.4095118e-17 

CM Pos
9.999779       0.009677481   
10.002771      0.0076329417  
9.9969656      0.013845953   
17.320236      0.0092405678  

Stress
22.0127      -0.0332888   0.0286791     0.117901     0.0425769    0.0663442   
-0.0332888   21.9728      -0.0388349    0.0425769    0.0996082    0.0604709   
0.0286791    -0.0388349   21.9783       0.0663442    0.0604709    0.0792651   

Stress Spherical
0            0            0             0            0            0           
0            0            0             0            0            0           
0            0            0             0            0            0           

Inertia
266.668      -100.035     -99.951       0.297071     0.147227     0.215278    
-100.035     266.614      -100.002      0.147227     0.288531     0.149427    
-99.951      -100.002     266.712       0.215278     0.149427     0.263274    

Bond Length
0.60744481    0.00067123141

BB bond length
0.60744481    0.00067123141

Water EE distance
0             0           

PEG EE distance
3.9446233     0.022877062 

BBB P2(x)
0.053383062   0.0043133684

BBB first bond length
0.60765356    0.00066200688

BBB second bond length
0.60763445    0.000649595 

BBB <phi**2>/<phi>**2
1.1132187     0.001801024 

Time = 24000
Temperature
1.0109556     0.0039845033

Pressure
25.014541     0.067674226 

CM Mom
1.0064984e-16  1.1029471e-17 
5.3172415e-17  1.505993e-17  
1.5960676e-16  2.1686905e-17 
1.9680049e-16  2.2811288e-17 

CM Pos
10.001196      0.0071863198  
10.007437      0.010078242   
9.9952989      0.0085166791  
17.322786      0.0066925047  

Stress
21.9547      -0.0332154   -0.00402212   0.087292     0.0596406    0.0674805   
-0.0332154   22.013       -0.00797902   0.0596406    0.0649858    0.0473678   
-0.00402212  -0.00797902  21.9776       0.0674805    0.0473678    0.0932999   

Stress Spherical
0            0            0             0            0            0           
0            0            0             0            0            0           
0            0            0             0            0            0           

Inertia
266.736      -100.085     -99.9449      0.229325     0.12501      0.0703683   
-100.085     266.622      -100.028      0.12501      0.225819     0.0995824   
-99.9449     -100.028     266.842       0.0703683    0.0995824    0.184551    

Bond Length
0.60738548    0.00034050029

BB bond length
0.60738548    0.00034050029

Water EE distance
0             0           

PEG EE distance
3.9967898     0.015502511 

BBB P2(x)
0.050514862   0.0035205571

BBB first bond length
0.60770731    0.00035445125

BBB second bond length
0.60755339    0.00029396683

BBB <phi**2>/<phi>**2
1.1123771     0.0014124626

Time = 25000
Temperature
1.0097024     0.0042207455

Pressure
24.986583     0.077612988 

CM Mom
1.0190398e-16  2.1757329e-17 
5.1683498e-17  2.066367e-17  
1.6186379e-16  2.7794829e-17 
2.0038635e-16  2.7815884e-17 

CM Pos
10.005863      0.0072440731  
9.9922701      0.011679349   
10.000216      0.0080129108  
17.319562      0.0098080971  

Stress
21.9322      -0.0306062   -0.00220449   0.0936218    0.0807895    0.0433992   
-0.0306062   21.9766      -0.0423393    0.0807895    0.101673     0.0764753   
-0.00220449  -0.0423393   21.9641       0.0433992    0.0764753    0.0927813   

Stress Spherical
0            0            0             0            0            0           
0            0            0             0            0            0           
0            0            0             0            0            0           

Inertia
266.502      -99.9717     -100.025      0.295122     0.129114     0.113932    
-99.9717     266.755      -99.9695      0.129114     0.224944     0.156886    
-100.025     -99.9695     266.607       0.113932     0.156886     0.271323    

Bond Length
0.60712981    0.00065847566

BB bond length
0.60712981    0.00065847566

Water EE distance
0             0           

PEG EE distance
3.964568      0.042284628 

BBB P2(x)
0.051528206   0.0045107283

BBB first bond length
0.60743268    0.00064744145

BBB second bond length
0.6072941     0.00082669456

BBB <phi**2>/<phi>**2
1.1126359     0.0021473165

Time = 26000
Temperature
1.0081789     0.0033853657

Pressure
25.03637      0.04223781  

CM Mom
1.0484331e-16  2.1294764e-17 
7.2820365e-17  1.2401848e-17 
1.7170338e-16  9.9620564e-18 
2.1507726e-16  1.5008768e-17 

CM Pos
10.002446      0.0098326836  
9.9955203      0.010427429   
9.997799       0.012792675   
17.318071      0.010233971   

Stress
22.0272      0.0141299    0.0192308     0.0687275    0.060597     0.0554      
0.0141299    21.9878      -0.0251656    0.060597     0.0927983    0.0514083   
0.0192308    -0.0251656   22.0208       0.0554       0.0514083    0.0719625   

Stress Spherical
0            0            0             0            0            0           
0            0            0             0            0            0           
0            0            0             0            0            0           

Inertia
266.508      -99.9799     -100.027      0.340589     0.1194       0.162066    
-99.9799     266.625      -99.9173      0.1194       0.331821     0.172419    
-100.027     -99.9173     266.615       0.162066     0.172419     0.252158    

Bond Length
0.60747378    0.00042466721

BB bond length
0.60747378    0.00042466721

Water EE distance
0             0           

PEG EE distance
3.9198354     0.030731141 

BBB P2(x)
0.0516225     0.0044498067

BBB first bond length
0.6076708     0.00039729162

BBB second bond length
0.60768751    0.00044910429

BBB <phi**2>/<phi>**2
1.1127903     0.0020284955

Time = 27000
Temperature
1.0109914     0.0064489965

Pressure
25.016177     0.05727443  

CM Mom
1.3120307e-16  1.809764e-17  
6.733656e-17   1.3313738e-17 
1.7527544e-16  1.1330458e-17 
2.2992623e-16  1.5395573e-17 

CM Pos
10.002612      0.0096932563  
9.9943535      0.0096166485  
10.001132      0.0079515716  
17.319417      0.0064096437  

Stress
21.9915      -0.0223487   0.0271597     0.0698242    0.0461095    0.0578657   
-0.0223487   21.9272      0.0533913     0.0461095    0.0973766    0.0610971   
0.0271597    0.0533913    22.0313       0.0578657    0.0610971    0.0783097   

Stress Spherical
0            0            0             0            0            0           
0            0            0             0            0            0           
0            0            0             0            0            0           

Inertia
266.545      -99.9394     -100.064      0.147433     0.147854     0.098646    
-99.9394     266.726      -99.9515      0.147854     0.226689     0.093196    
-100.064     -99.9515     266.591       0.098646     0.093196     0.29625     

Bond Length
0.60736725    0.00046434915

BB bond length
0.60736725    0.00046434915

Water EE distance
0             0           

PEG EE distance
3.9067902     0.02306501  

BBB P2(x)
0.051197289   0.0031490716

BBB first bond length
0.6074726     0.00061267043

BBB second bond length
0.60758196    0.00052798152

BBB <phi**2>/<phi>**2
1.1129785     0.0019861779

Time = 28000
Temperature
1.0096148     0.0045990064

Pressure
25.032716     0.045969827 

CM Mom
1.2584671e-16  1.4209492e-17 
8.3201499e-17  1.7566387e-17 
1.7457123e-16  3.1707534e-17 
2.3197483e-16  3.063541e-17  

CM Pos
10.006863      0.010475274   
9.9951036      0.01052851    
10.002716      0.0061832316  
17.32322       0.0065574787  

Stress
22.0044      0.010973     -0.000810654  0.100228     0.0441878    0.0435666   
0.010973     22.0062      0.0119372     0.0441878    0.0711337    0.0612591   
-0.000810654 0.0119372    22.0014       0.0435666    0.0612591    0.0881567   

Stress Spherical
