Time = 1000
Temperature
   1.0240565   0.039116882

Pressure
   23.596982    0.15450946

CM Mom
4.0780401e-17  2.120061e-17  
3.0171992e-17  1.780845e-17  
-6.2077045e-18 2.4341333e-17 
6.1589341e-17  1.3333643e-17 

CM Pos
7.4983081      0.014643939   
7.5049955      0.021746147   
7.4950139      0.016805974   
12.989444      0.011558598   

Stress
20.5334      0.00507063   0.0120302     0.135544     0.0693802    0.0803449   
0.00507063   20.5258      -0.0263955    0.0693802    0.0979872    0.0558968   
0.0120302    -0.0263955   20.5198       0.0803449    0.0558968    0.113986    

Stress Spherical
0            0            0             0            0            0           
0            0            0             0            0            0           
0            0            0             0            0            0           

Inertia
149.976      -56.2704     -56.2238      0.248873     0.155082     0.223796    
-56.2704     149.887      -56.224       0.155082     0.212484     0.112771    
-56.2238     -56.224      150.023       0.223796     0.112771     0.364616    

Bond Length
0.57148689    0.0040438486

BB bond length
0.57148689    0.0040438486

Water EE distance
0             0           

PEG EE distance
2.2625218     0.13928436  

Time = 2000
Temperature
1.0110288     0.0083030365

Pressure
23.563734     0.092190343 

CM Mom
2.5630437e-17  1.3914944e-17 
2.5718613e-17  1.5246381e-17 
3.5303337e-18  1.4605994e-17 
4.1961591e-17  1.4472984e-17 

CM Pos
7.4954919      0.01222624    
7.4901733      0.013749477   
7.501091       0.014115311   
12.982752      0.012497267   

Stress
20.5185      0.00470524   -0.0371202    0.146352     0.0844543    0.0583715   
0.00470524   20.5185      -0.00257894   0.0844543    0.0963876    0.0290271   
-0.0371202   -0.00257894  20.5594       0.0583715    0.0290271    0.140612    

Stress Spherical
0            0            0             0            0            0           
0            0            0             0            0            0           
0            0            0             0            0            0           

Inertia
149.872      -56.1464     -56.1922      0.303964     0.147298     0.15209     
-56.1464     149.916      -56.2134      0.147298     0.26563      0.118148    
-56.1922     -56.2134     149.774       0.15209      0.118148     0.265561    

Bond Length
0.5704192     0.0021317945

BB bond length
0.5704192     0.0021317945

Water EE distance
0             0           

PEG EE distance
2.286933      0.082369709 

Time = 3000
Temperature
1.0081706     0.0065415828

Pressure
23.556526     0.061273668 

CM Mom
4.7449692e-17  2.4543799e-17 
5.6520445e-18  2.2942777e-17 
1.9684792e-17  1.9722964e-17 
6.3324544e-17  1.3366991e-17 

CM Pos
7.4991975      0.01006269    
7.4953611      0.014537786   
7.5076127      0.014538542   
12.991654      0.0098077806  

Stress
20.4831      0.00236385   0.0374343     0.104678     0.0717197    0.0498301   
0.00236385   20.5141      -0.00236098   0.0717197    0.100207     0.0557027   
0.0374343    -0.00236098  20.6032       0.0498301    0.0557027    0.0930785   

Stress Spherical
0            0            0             0            0            0           
0            0            0             0            0            0           
0            0            0             0            0            0           

Inertia
150.054      -56.2583     -56.3146      0.269353     0.163529     0.0691293   
-56.2583     150.087      -56.2936      0.163529     0.110444     0.148274    
-56.3146     -56.2936     149.929       0.0691293    0.148274     0.385989    

Bond Length
0.56781803    0.0059240721

BB bond length
0.56781803    0.0059240721

Water EE distance
0             0           

PEG EE distance
2.294907      0.085656204 

