Time = 1000
Temperature
   1.0808871    0.22694902

Pressure
   23.640913    0.66491562

CM Mom
-1.3648017e-17 1.9410294e-17 
9.723842e-17   2.1029625e-17 
1.6510373e-18  1.4101059e-16 
1.5442846e-16  8.0617285e-17 

CM Pos
7.5009911      0.023383842   
7.5014846      0.022980444   
7.4980269      0.013880528   
12.990693      0.026794633   

Stress
20.4083      0.0181105    0.00210297    0.141797     0.0790787    0.0704158   
0.0181105    20.3845      -0.00554946   0.0790787    0.143058     0.0720065   
0.00210297   -0.00554946  20.4029       0.0704158    0.0720065    0.125493    

Stress Spherical
0            0            0             0            0            0           
0            0            0             0            0            0           
0            0            0             0            0            0           

Inertia
149.894      -56.2718     -56.2524      0.406617     0.312943     0.255357    
-56.2718     149.87       -56.2445      0.312943     0.459045     0.239621    
-56.2524     -56.2445     149.929       0.255357     0.239621     0.311615    

Bond Length
0.57392774    0.019267831 

BB bond length
0.57392774    0.019267831 

Water EE distance
0             0           

PEG EE distance
2.3387576     0.23829443  

Time = 2000
Temperature
1.0109054     0.0075771942

Pressure
23.409594     0.082577842 

CM Mom
-2.528405e-17  1.3901688e-17 
8.9315326e-17  1.6516664e-17 
-3.1645167e-18 3.9451065e-17 
1.0076138e-16  2.227359e-17  

CM Pos
7.5013319      0.018412402   
7.4973508      0.019797758   
7.4976565      0.01173857    
12.988291      0.016573572   

Stress
20.3883      -0.0098039   -0.00141854   0.119757     0.0642262    0.0716986   
-0.0098039   20.3765      -0.00296414   0.0642262    0.117669     0.0703983   
-0.00141854  -0.00296414  20.3667       0.0716986    0.0703983    0.116207    

Stress Spherical
0            0            0             0            0            0           
0            0            0             0            0            0           
0            0            0             0            0            0           

Inertia
149.868      -56.2371     -56.2371      0.35636      0.199319     0.174922    
-56.2371     149.898      -56.2208      0.199319     0.280295     0.187311    
-56.2371     -56.2208     149.902       0.174922     0.187311     0.31712     

Bond Length
0.5694004     0.0039905186

BB bond length
0.5694004     0.0039905186

Water EE distance
0             0           

PEG EE distance
2.3058833     0.09730644  

Time = 3000
Temperature
1.010831      0.0088292262

Pressure
23.3982       0.09232778  

CM Mom
-1.9432234e-17 1.1214377e-17 
9.3715382e-17  1.5526813e-17 
-5.6536838e-18 2.2121932e-17 
9.9168501e-17  1.4628099e-17 

CM Pos
7.5019986      0.010051117   
7.5003734      0.013600819   
7.4990492      0.017331778   
12.991217      0.013607202   

Stress
20.3607      -0.0126752   0.00757379    0.114455     0.0708889    0.0724816   
-0.0126752   20.369       0.0118046     0.0708889    0.118579     0.0757409   
0.00757379   0.0118046    20.3684       0.0724816    0.0757409    0.116643    

Stress Spherical
0            0            0             0            0            0           
0            0            0             0            0            0           
0            0            0             0            0            0           

Inertia
149.941      -56.2724     -56.2358      0.302263     0.138684     0.167107    
-56.2724     149.953      -56.2352      0.138684     0.270527     0.177642    
-56.2358     -56.2352     149.972       0.167107     0.177642     0.269549    

Bond Length
0.5699352     0.0034391198

BB bond length
0.5699352     0.0034391198

Water EE distance
0             0           

PEG EE distance
2.2378581     0.071335448 

