Time = 500
Temperature
   1.0345125   0.047319235

Pressure
   22.943675    0.17416013

CM Mom
-7.2412652e-18 6.7304415e-18 
6.8418551e-17  1.3831854e-17 
2.9251648e-17  1.5248542e-17 
7.6779563e-17  1.27761e-17   

CM Pos
7.4977992      0.016289163   
7.5032541      0.016049603   
7.5189949      0.016450499   
13.001982      0.01859195    

Stress
19.8622      -0.0180674   0.0557747     0.101806     0.0211299    0.0440778   
-0.0180674   19.7908      0.0288494     0.0211299    0.132699     0.0756461   
0.0557747    0.0288494    19.8803       0.0440778    0.0756461    0.160037    

Stress Spherical
0            0            0             0            0            0           
0            0            0             0            0            0           
0            0            0             0            0            0           

Inertia
150.031      -56.2891     -56.3593      0.347723     0.208674     0.174782    
-56.2891     149.886      -56.4499      0.208674     0.366507     0.21763     
-56.3593     -56.4499     149.661       0.174782     0.21763      0.376709    

Bond Length
0.61354491    0.0024771116

BB bond length
0.61354491    0.0024771116

Water EE distance
0             0           

PEG EE distance
3.8530502     0.25445118  

Time = 1000
Temperature
1.0130196     0.0056191876

Pressure
22.911409     0.069583257 

CM Mom
-9.3091394e-18 6.0982581e-18 
7.284569e-17   2.5860061e-17 
4.0605328e-17  1.5444455e-17 
8.6596595e-17  2.2078036e-17 

CM Pos
7.5230193      0.0099030675  
7.5112651      0.018323882   
7.5023793      0.015029879   
13.01157       0.018303004   

Stress
19.8231      0.0218217    0.048296      0.100012     0.0556539    0.0170434   
0.0218217    19.8865      -0.000685728  0.0556539    0.0808735    0.0561326   
0.048296     -0.000685728 19.9201       0.0170434    0.0561326    0.0685306   

Stress Spherical
0            0            0             0            0            0           
0            0            0             0            0            0           
0            0            0             0            0            0           

Inertia
149.914      -56.5211     -56.4456      0.339104     0.205672     0.19666     
-56.5211     150.094      -56.3694      0.205672     0.214703     0.212012    
-56.4456     -56.3694     150.185       0.19666      0.212012     0.400162    

Bond Length
0.61523294    0.0022260459

BB bond length
0.61523294    0.0022260459

Water EE distance
0             0           

PEG EE distance
3.6350771     0.15497739  

