Time = 1000
Temperature
   1.1913085    0.30809375

Pressure
   23.886337     1.2722635

CM Mom
-2.3845972e-17 5.6863983e-17 
-3.4197021e-17 2.8910969e-17 
4.3496634e-17  1.968855e-16  
1.7129079e-16  1.308539e-16  

CM Pos
7.4999113      0.017910384   
7.5008627      0.011446919   
7.4948874      0.014980718   
12.987889      0.019153609   

Stress
20.3476      -0.0671326   0.0427108     0.393505     0.0693412    0.0806062   
-0.0671326   20.3409      0.0612092     0.0693412    0.364052     0.0598749   
0.0427108    0.0612092    20.2615       0.0806062    0.0598749    0.344508    

Stress Spherical
0            0            0             0            0            0           
0            0            0             0            0            0           
0            0            0             0            0            0           

Inertia
150.14       -56.2448     -56.2153      1.32266      0.169961     0.239688    
-56.2448     150.122      -56.2453      0.169961     1.25114      0.173993    
-56.2153     -56.2453     150.219       0.239688     0.173993     1.30674     

Bond Length
0.61931544    0.011308166 

BB bond length
0.61931544    0.011308166 

Water EE distance
0             0           

PEG EE distance
6.9724656     0.13018277  

BBB P2(x)
0.46660367    0.067960825 

BBB first bond length
0.61915078    0.011651222 

BBB second bond length
0.61939712    0.011169451 

BBB <phi**2>/<phi>**2
1.2182546     0.013069435 

Time = 2000
Temperature
1.0120072     0.0042996133

Pressure
23.028693     0.073896273 

CM Mom
6.0460937e-18  2.8237403e-17 
2.6841642e-19  2.0380849e-17 
3.4419603e-17  2.9760202e-17 
5.4140409e-17  1.9711725e-17 

CM Pos
7.4966481      0.010984988   
7.4941882      0.012032537   
7.4965189      0.015445643   
12.983091      0.015585222   

Stress
19.9955      -0.0110186   0.0393498     0.104113     0.0635495    0.0989163   
-0.0110186   20.0388      -0.0242045    0.0635495    0.13961      0.0762194   
0.0393498    -0.0242045   19.9545       0.0989163    0.0762194    0.10629     

Stress Spherical
0            0            0             0            0            0           
0            0            0             0            0            0           
0            0            0             0            0            0           

Inertia
149.758      -56.1561     -56.211       0.437737     0.112198     0.130068    
-56.1561     149.791      -56.1954      0.112198     0.353423     0.19201     
-56.211      -56.1954     149.757       0.130068     0.19201      0.361634    

Bond Length
0.61678777    0.0016109183

BB bond length
0.61678777    0.0016109183

Water EE distance
0             0           

PEG EE distance
7.2119433     0.10832465  

BBB P2(x)
0.51380574    0.0050319802

BBB first bond length
0.6168965     0.0015923882

BBB second bond length
0.61693172    0.0017309708

BBB <phi**2>/<phi>**2
1.228199      0.0065256486

