Time = 1000
Temperature
   1.0566765   0.071987388

Pressure
   23.651501    0.39368256

CM Mom
-4.0627176e-17 2.7988583e-17 
4.3115271e-17  2.9214349e-17 
-4.0065698e-18 1.8399356e-16 
1.7265776e-16  9.5944309e-17 

CM Pos
7.4999221      0.031594053   
7.5042389      0.015165303   
7.4952759      0.029556368   
12.990097      0.032602129   

Stress
20.5105      -0.0132041   0.0396023     0.175947     0.0889397    0.0548263   
-0.0132041   20.4836      -0.0114559    0.0889397    0.28312      0.0547743   
0.0396023    -0.0114559   20.4606       0.0548263    0.0547743    0.246978    

Stress Spherical
0            0            0             0            0            0           
0            0            0             0            0            0           
0            0            0             0            0            0           

Inertia
150.036      -56.2966     -56.2165      1.1174       0.222812     0.484883    
-56.2966     149.963      -56.2193      0.222812     1.62754      0.21799     
-56.2165     -56.2193     150.105       0.484883     0.21799      1.16526     

Bond Length
0.61961235    0.004887417 

BB bond length
0.61961235    0.004887417 

Water EE distance
0             0           

PEG EE distance
7.3042308     0.14869262  

BBB P2(x)
0.46984288    0.06010722  

BBB first bond length
0.61937391    0.0049060422

BBB second bond length
0.61981143    0.0050303756

BBB <phi**2>/<phi>**2
1.2191863     0.011844061 

Time = 2000
Temperature
1.0080646     0.0032749148

Pressure
23.406181     0.063852482 

CM Mom
-1.6607104e-17 1.9959392e-17 
4.6346926e-17  1.1809629e-17 
-2.8886216e-18 4.7476836e-17 
7.0569654e-17  1.5620376e-17 

CM Pos
7.4990323      0.015687869   
7.5032007      0.016743191   
7.4899367      0.013915805   
12.98588       0.017378424   

Stress
20.4367      -0.0211463   -0.0520608    0.110232     0.0739884    0.0994572   
-0.0211463   20.3529      -0.0316346    0.0739884    0.103907     0.0657371   
-0.0520608   -0.0316346   20.3662       0.0994572    0.0657371    0.0821957   

Stress Spherical
0            0            0             0            0            0           
0            0            0             0            0            0           
0            0            0             0            0            0           

Inertia
149.79       -56.2762     -56.1634      0.590676     0.202391     0.150799    
-56.2762     149.72       -56.2261      0.202391     0.486874     0.203935    
-56.1634     -56.2261     149.936       0.150799     0.203935     0.568367    

Bond Length
0.61870497    0.002263628 

BB bond length
0.61870497    0.002263628 

Water EE distance
0             0           

PEG EE distance
7.3675678     0.25127536  

BBB P2(x)
0.5010799     0.012134018 

BBB first bond length
0.61843364    0.0023686634

BBB second bond length
0.61868008    0.0021883569

BBB <phi**2>/<phi>**2
1.2250982     0.0075610351

