Time = 500
Temperature
   1.0299512   0.041040882

Pressure
    22.90664   0.070730497

CM Mom
5.9609984e-17  6.3644501e-18 
-2.2331271e-17 3.547732e-17  
-2.0937454e-18 4.1713849e-17 
8.1170438e-17  2.2516024e-17 

CM Pos
7.5073954      0.027868715   
7.4977225      0.012036469   
7.5251641      0.031889696   
13.007947      0.012918051   

Stress
19.7968      -0.00204594  0.0225623     0.0854932    0.0413303    0.0675425   
-0.00204594  19.8329      -0.026766     0.0413303    0.129644     0.0394168   
0.0225623    -0.026766    19.8326       0.0675425    0.0394168    0.0398558   

Stress Spherical
0            0            0             0            0            0           
0            0            0             0            0            0           
0            0            0             0            0            0           

Inertia
149.927      -56.3183     -56.4837      0.923852     0.166231     0.17547     
-56.3183     150.069      -56.3375      0.166231     0.39782      0.284847    
-56.4837     -56.3375     149.607       0.17547      0.284847     0.220182    

Bond Length
0.61582269    0.0026331108

BB bond length
0.61582269    0.0026331108

Water EE distance
0             0           

PEG EE distance
3.6521496     0.42661847  

Time = 1000
Temperature
1.0101336     0.0030257886

Pressure
22.80459      0.099290347 

CM Mom
4.7241571e-17  2.3036619e-17 
-4.6727741e-18 2.3076859e-17 
8.3980379e-18  2.5463086e-17 
5.7953664e-17  2.6021082e-17 

CM Pos
7.5130322      0.017972861   
7.4879322      0.012123902   
7.5296142      0.018959508   
13.008097      0.010652787   

Stress
19.7816      0.0395705    0.0509627     0.135661     0.0500072    0.068046    
0.0395705    19.7704      0.0329999     0.0500072    0.119664     0.0885723   
0.0509627    0.0329999    19.7822       0.068046     0.0885723    0.0891778   

Stress Spherical
0            0            0             0            0            0           
0            0            0             0            0            0           
0            0            0             0            0            0           

Inertia
149.939      -56.2205     -56.6463      0.489158     0.0381388    0.172971    
-56.2205     150.312      -56.3155      0.0381388    0.28896      0.21647     
-56.6463     -56.3155     149.626       0.172971     0.21647      0.113211    

Bond Length
0.61577828    0.0017393436

BB bond length
0.61577828    0.0017393436

Water EE distance
0             0           

PEG EE distance
3.7455255     0.26066887  

