Time = 1000
Temperature
   1.0965725    0.13457427

Pressure
   23.618993    0.67044954

CM Mom
1.1275548e-17  1.1819617e-17 
2.6616159e-18  1.4687039e-17 
-2.3097576e-17 3.2943494e-16 
2.1927353e-16  2.4793069e-16 

CM Pos
7.506149       0.011006406   
7.5017671      0.030994758   
7.5033948      0.011220875   
12.996937      0.023775384   

Stress
20.3228      -0.00310221  -0.0215956    0.282987     0.0495657    0.0772813   
-0.00310221  20.3545      -0.0298626    0.0495657    0.326804     0.057347    
-0.0215956   -0.0298626   20.3378       0.0772813    0.057347     0.295505    

Stress Spherical
0            0            0             0            0            0           
0            0            0             0            0            0           
0            0            0             0            0            0           

Inertia
150.169      -56.3123     -56.3133      1.55675      0.297602     0.181379    
-56.3123     150.249      -56.2876      0.297602     1.28203      0.245964    
-56.3133     -56.2876     150.204       0.181379     0.245964     1.7172      

Bond Length
0.61960924    0.0065097254

BB bond length
0.61960924    0.0065097254

Water EE distance
0             0           

PEG EE distance
6.7195359     0.13504261  

BBB P2(x)
0.48108624    0.068487765 

BBB first bond length
0.61957258    0.0065462017

BBB second bond length
0.61979363    0.0065005086

BBB <phi**2>/<phi>**2
1.2231148     0.016957462 

Time = 2000
Temperature
1.0140619     0.008123895 

Pressure
23.210941     0.061144552 

CM Mom
3.5292766e-17  2.1019616e-17 
2.8076371e-17  2.3530833e-17 
6.1118894e-18  6.0374559e-17 
7.6380682e-17  2.9628033e-17 

CM Pos
7.5039206      0.010123834   
7.5011729      0.012728479   
7.5044347      0.013853473   
12.995894      0.012021156   

Stress
20.1895      0.000334118  -0.00414109   0.10821      0.0899612    0.0830448   
0.000334118  20.1437      -0.00338885   0.0899612    0.069791     0.0678486   
-0.00414109  -0.00338885  20.1983       0.0830448    0.0678486    0.109576    

Stress Spherical
0            0            0             0            0            0           
0            0            0             0            0            0           
0            0            0             0            0            0           

Inertia
149.959      -56.2752     -56.2788      0.536618     0.184126     0.114495    
-56.2752     150.021      -56.2984      0.184126     0.342512     0.139484    
-56.2788     -56.2984     149.939       0.114495     0.139484     0.438973    

Bond Length
0.61846801    0.0024868305

BB bond length
0.61846801    0.0024868305

Water EE distance
0             0           

PEG EE distance
6.7109744     0.15305528  

BBB P2(x)
0.51175452    0.012025668 

BBB first bond length
0.61845493    0.0026014271

BBB second bond length
0.61857184    0.002629509 

BBB <phi**2>/<phi>**2
1.2286115     0.0093304227

Time = 3000
Temperature
1.0157439     0.0092656804

Pressure
23.173247     0.084783019 

CM Mom
2.7415812e-17  2.7029706e-17 
4.8636788e-17  2.4416842e-17 
9.4501454e-18  1.601935e-17  
6.5191632e-17  2.323633e-17  

CM Pos
7.5060005      0.0095817662  
7.4961219      0.01071377    
7.5041376      0.0076330985  
12.994006      0.0064420424  

Stress
20.1197      0.00641613   0.00205635    0.165345     0.0794114    0.0490044   
0.00641613   20.0897      -0.0326521    0.0794114    0.106879     0.0822165   
0.00205635   -0.0326521   20.1939       0.0490044    0.0822165    0.123254    

Stress Spherical
0            0            0             0            0            0           
0            0            0             0            0            0           
0            0            0             0            0            0           

Inertia
149.941      -56.2732     -56.3251      0.189613     0.059213     0.140436    
-56.2732     150.101      -56.2561      0.059213     0.190557     0.149622    
-56.3251     -56.2561     149.969       0.140436     0.149622     0.161552    

Bond Length
0.61977029    0.0017890876

BB bond length
0.61977029    0.0017890876

Water EE distance
0             0           

PEG EE distance
6.9079619     0.12610811  

BBB P2(x)
0.5202076     0.008009858 

BBB first bond length
0.61956113    0.0017063299

BBB second bond length
0.61978395    0.0019275351

BBB <phi**2>/<phi>**2
1.2318141     0.0092801394

Time = 4000
Temperature
1.0079612     0.0058035252

Pressure
23.141535     0.10484224  

CM Mom
8.7104182e-18  1.9387007e-17 
6.5950898e-17  1.6093678e-17 
1.9554527e-17  1.6442906e-17 
7.4094749e-17  1.4932237e-17 

CM Pos
7.503475       0.017690998   
7.5071153      0.012251388   
7.5042862      0.016641921   
12.998995      0.0099401573  

Stress
20.1361      -0.0093899   0.0274286     0.132876     0.0446237    0.0743054   
-0.0093899   20.1118      0.00263154    0.0446237    0.0788053    0.0785301   
0.0274286    0.00263154   20.1301       0.0743054    0.0785301    0.11634     

Stress Spherical
0            0            0             0            0            0           
0            0            0             0            0            0           
0            0            0             0            0            0           

Inertia
150.123      -56.2896     -56.3039      0.207029     0.157552     0.171196    
-56.2896     150.058      -56.35        0.157552     0.328741     0.129022    
-56.3039     -56.35       150.092       0.171196     0.129022     0.296559    

Bond Length
0.61990071    0.0030175316

BB bond length
0.61990071    0.0030175316

Water EE distance
0             0           

PEG EE distance
7.4201496     0.13000655  

BBB P2(x)
0.52460873    0.010120038 

BBB first bond length
0.61979766    0.0030483383

BBB second bond length
0.61973889    0.0029977182

BBB <phi**2>/<phi>**2
1.2295994     0.012491589 

Time = 5000
Temperature
1.0091965     0.0078468096

Pressure
23.170229     0.08580907  

CM Mom
-9.5396219e-18 9.5070982e-18 
5.0349005e-17  1.8015949e-17 
2.0263604e-17  1.101262e-17  
5.7410948e-17  1.6639125e-17 

CM Pos
7.4990182      0.016042306   
7.497756       0.0069743654  
7.4977496      0.014234555   
12.987231      0.014519814   

Stress
20.1515      -0.0138503   0.0429109     0.0886106    0.0697972    0.0678557   
-0.0138503   20.1321      0.00940319    0.0697972    0.12997      0.0656887   
0.0429109    0.00940319   20.1694       0.0678557    0.0656887    0.0711355   

Stress Spherical
0            0            0             0            0            0           
0            0            0             0            0            0           
0            0            0             0            0            0           

Inertia
149.9        -56.2215     -56.2262      0.214853     0.157363     0.230881    
-56.2215     149.918      -56.2273      0.157363     0.365816     0.139754    
-56.2262     -56.2273     149.899       0.230881     0.139754     0.276882    

Bond Length
0.61882735    0.0026702784

BB bond length
0.61882735    0.0026702784

Water EE distance
0             0           

PEG EE distance
7.3845184     0.14067541  

BBB P2(x)
0.51964554    0.011847988 

BBB first bond length
0.61889888    0.0027409055

BBB second bond length
0.6188407     0.0025419558

BBB <phi**2>/<phi>**2
1.2267729     0.010306054 

Time = 6000
Temperature
1.008246      0.0086128058

Pressure
23.21         0.075415249 

CM Mom
6.6864081e-18  2.3142481e-17 
5.2538498e-17  1.7552769e-17 
1.4133435e-17  1.850992e-17  
6.227903e-17   1.7673978e-17 

CM Pos
7.5046634      0.010844805   
7.4989445      0.016379259   
7.4873504      0.0064087317  
12.985177      0.012995921   

Stress
20.1747      -0.0221788   -0.00724265   0.0839438    0.0373928    0.0952383   
-0.0221788   20.1925      0.00729519    0.0373928    0.113627     0.0561555   
-0.00724265  0.00729519   20.2137       0.0952383    0.0561555    0.106612    

Stress Spherical
0            0            0             0            0            0           
0            0            0             0            0            0           
0            0            0             0            0            0           

Inertia
149.765      -56.3059     -56.1903      0.29176      0.199506     0.131231    
-56.3059     149.859      -56.131       0.199506     0.208233     0.169175    
-56.1903     -56.131      150.009       0.131231     0.169175     0.286097    

Bond Length
0.61860008    0.0021211195

BB bond length
0.61860008    0.0021211195

Water EE distance
0             0           

PEG EE distance
7.2458604     0.07923047  

BBB P2(x)
0.51487285    0.014188815 

BBB first bond length
0.61855015    0.0023975757

BBB second bond length
0.61855329    0.0022067768

BBB <phi**2>/<phi>**2
1.2256719     0.0080434532

Time = 7000
Temperature
1.0122875     0.0060341098

Pressure
23.15151      0.066572381 

CM Mom
1.6106041e-17  2.1241065e-17 
6.2011872e-17  7.6179311e-18 
3.1856512e-17  1.8355196e-17 
7.6678331e-17  9.2885245e-18 

CM Pos
7.5057033      0.019298949   
7.5011729      0.012376844   
7.4889846      0.015606472   
12.988013      0.01907682    

Stress
20.0724      -0.0154379   0.0170631     0.0734843    0.068322     0.0871105   
-0.0154379   20.0723      0.0272318     0.068322     0.117423     0.0391631   
0.0170631    0.0272318    20.2245       0.0871105    0.0391631    0.118387    

Stress Spherical
0            0            0             0            0            0           
0            0            0             0            0            0           
0            0            0             0            0            0           

Inertia
149.831      -56.2953     -56.1958      0.389402     0.181193     0.201498    
-56.2953     149.897      -56.1782      0.181193     0.486705     0.201523    
-56.1958     -56.1782     150.062       0.201498     0.201523     0.338851    

Bond Length
0.61891342    0.0017921159

BB bond length
0.61891342    0.0017921159

Water EE distance
0             0           

PEG EE distance
7.1590692     0.16520392  

BBB P2(x)
0.50717105    0.012661318 

BBB first bond length
0.61884681    0.0016758482

BBB second bond length
0.61929538    0.0018826844

BBB <phi**2>/<phi>**2
1.227812      0.011029542 

Time = 8000
Temperature
1.0127874     0.0058364502

Pressure
23.191856     0.085219449 

CM Mom
-1.6564831e-17 3.4189728e-17 
5.0572627e-17  2.1797315e-17 
9.1712152e-17  2.3836676e-17 
1.1278259e-16  2.7118977e-17 

CM Pos
7.5094173      0.011792439   
7.5002816      0.011818611   
7.4981952      0.01274494    
12.994953      0.011675317   

Stress
20.1578      -0.0183916   -0.023081     0.127237     0.0657482    0.0921747   
-0.0183916   20.1639      -0.0440927    0.0657482    0.106898     0.070243    
-0.023081    -0.0440927   20.164        0.0921747    0.070243     0.105286    

Stress Spherical
0            0            0             0            0            0           
0            0            0             0            0            0           
0            0            0             0            0            0           

Inertia
149.953      -56.2969     -56.338       0.330446     0.115605     0.155406    
-56.2969     150.111      -56.225       0.115605     0.229518     0.172413    
-56.338      -56.225      150.117       0.155406     0.172413     0.194703    

Bond Length
0.61702209    0.002011576 

BB bond length
0.61702209    0.002011576 

Water EE distance
0             0           

PEG EE distance
7.5660467     0.15561873  

BBB P2(x)
0.50814202    0.010601759 

BBB first bond length
0.61710364    0.00231539  

BBB second bond length
0.61723503    0.0018511039

BBB <phi**2>/<phi>**2
1.2212234     0.0073395155

Time = 9000
Temperature
1.0148993     0.0047243143

Pressure
23.206676     0.083518596 

CM Mom
-2.9015943e-17 1.9035512e-17 
5.5293576e-17  1.3468008e-17 
1.0334987e-16  2.0466076e-17 
1.2339793e-16  1.777776e-17  

CM Pos
7.5031778      0.012222531   
7.5044412      0.011439041   
7.4971553      0.015295804   
12.993151      0.013645056   

Stress
20.2041      -0.0345857   -0.00799487   0.118377     0.0723773    0.0650611   
-0.0345857   20.1377      -0.0790754    0.0723773    0.105834     0.0839959   
-0.00799487  -0.0790754   20.1694       0.0650611    0.0839959    0.101601    

Stress Spherical
0            0            0             0            0            0           
0            0            0             0            0            0           
0            0            0             0            0            0           

Inertia
150.009      -56.3306     -56.2776      0.308415     0.15851      0.190616    
-56.3306     149.996      -56.26        0.15851      0.285714     0.175038    
-56.2776     -56.26       150.081       0.190616     0.175038     0.322751    

Bond Length
0.61921167    0.0021503457

BB bond length
0.61921167    0.0021503457

Water EE distance
0             0           

PEG EE distance
7.2621704     0.1864509   

BBB P2(x)
0.51494523    0.0095222868

BBB first bond length
0.6191849     0.0022291098

BBB second bond length
0.61906248    0.0023379815

BBB <phi**2>/<phi>**2
1.2321027     0.009653098 

Time = 10000
Temperature
1.0149626     0.0095885186

Pressure
23.191988     0.10839635  

CM Mom
-7.3890252e-18 1.9954808e-17 
6.9189094e-17  2.0696035e-17 
8.0857597e-17  2.7020964e-17 
1.1072934e-16  2.5987397e-17 

CM Pos
7.5033264      0.010811175   
7.4980532      0.011376165   
7.5038405      0.0181315     
12.993414      0.0099705719  

Stress
20.1487      0.0122954    -0.0196699    0.120094     0.0476951    0.0538329   
0.0122954    20.1394      0.0350005     0.0476951    0.137264     0.0572823   
-0.0196699   0.0350005    20.1785       0.0538329    0.0572823    0.120814    

Stress Spherical
0            0            0             0            0            0           
0            0            0             0            0            0           
0            0            0             0            0            0           

Inertia
150.017      -56.2842     -56.2947      0.344916     0.0637751    0.158707    
-56.2842     150.11       -56.2465      0.0637751    0.292779     0.168162    
-56.2947     -56.2465     150.008       0.158707     0.168162     0.12516     

Bond Length
0.61842768    0.0023409442

BB bond length
0.61842768    0.0023409442

Water EE distance
0             0           

PEG EE distance
7.1763105     0.15639447  

BBB P2(x)
0.51151732    0.013537007 

BBB first bond length
0.61830091    0.002340625 

BBB second bond length
0.6183307     0.0023540722

BBB <phi**2>/<phi>**2
1.223983      0.012091506 

Time = 11000
Temperature
1.0068853     0.0090824169

Pressure
23.08234      0.063048441 

CM Mom
-9.8602803e-19 1.814673e-17  
7.6769992e-17  1.866364e-17  
5.0069854e-17  1.870373e-17  
9.4605175e-17  2.1884241e-17 

CM Pos
7.5030293      0.013120374   
7.4973104      0.015516415   
7.4995323      0.012958738   
12.990324      0.012511258   

Stress
20.0436      0.010709     0.0187015     0.128727     0.0561638    0.0638656   
0.010709     20.0743      0.0164479     0.0561638    0.120559     0.0893336   
0.0187015    0.0164479    20.0922       0.0638656    0.0893336    0.0900513   

Stress Spherical
0            0            0             0            0            0           
0            0            0             0            0            0           
0            0            0             0            0            0           

Inertia
149.95       -56.2923     -56.261       0.327909     0.105852     0.201075    
-56.2923     150.04       -56.222       0.105852     0.295181     0.151937    
-56.261      -56.222      150.01        0.201075     0.151937     0.231133    

Bond Length
0.61840933    0.0029081702

BB bond length
0.61840933    0.0029081702

Water EE distance
0             0           

PEG EE distance
7.3456185     0.12594306  

BBB P2(x)
0.51385061    0.014636065 

BBB first bond length
0.61839344    0.0029171281

BBB second bond length
0.61847553    0.0029745268

BBB <phi**2>/<phi>**2
1.2291446     0.006985269 

Time = 12000
Temperature
1.0079972     0.0077027447

Pressure
23.160445     0.091917409 

CM Mom
-9.1353971e-18 2.2303177e-17 
6.6761547e-17  2.1312636e-17 
3.0496222e-18  2.6346089e-17 
7.6651539e-17  1.7893516e-17 

CM Pos
7.5043663      0.018784929   
7.4986474      0.012814019   
7.5041376      0.013103542   
12.994529      0.015000791   

Stress
20.1508      -0.0126676   0.0563083     0.1166       0.0663151    0.0676144   
-0.0126676   20.0949      0.0244181     0.0663151    0.141579     0.0521267   
0.0563083    0.0244181    20.1887       0.0676144    0.0521267    0.0970383   

Stress Spherical
0            0            0             0            0            0           
0            0            0             0            0            0           
0            0            0             0            0            0           

Inertia
150.017      -56.2749     -56.3468      0.255803     0.183654     0.208134    
-56.2749     150.112      -56.2976      0.183654     0.377863     0.107643    
-56.3468     -56.2976     150.029       0.208134     0.107643     0.285609    

Bond Length
0.61918969    0.0020180751

BB bond length
0.61918969    0.0020180751

Water EE distance
0             0           

PEG EE distance
6.929459      0.2409309   

BBB P2(x)
0.51489868    0.01155703  

BBB first bond length
0.61911922    0.0022592077

BBB second bond length
0.6191571     0.0018125074

BBB <phi**2>/<phi>**2
1.2271277     0.010777351 

Time = 13000
Temperature
1.0105047     0.0074440763

Pressure
23.216877     0.087950491 

CM Mom
-1.7281734e-17 2.4620465e-17 
6.5141624e-17  1.80773e-17   
5.2487369e-18  2.3655842e-17 
7.69106e-17    1.2122431e-17 

CM Pos
7.4978297      0.011454466   
7.5036984      0.014127951   
7.5041376      0.010206337   
12.993666      0.010502858   

Stress
20.2452      -0.00641733  -0.00625267   0.0821433    0.0792499    0.097014    
-0.00641733  20.2026      0.0257979     0.0792499    0.0969148    0.0691624   
-0.00625267  0.0257979    20.1335       0.097014     0.0691624    0.120587    

Stress Spherical
0            0            0             0            0            0           
0            0            0             0            0            0           
0            0            0             0            0            0           

Inertia
150.123      -56.2317     -56.2547      0.234288     0.149663     0.125238    
-56.2317     150.039      -56.3254      0.149663     0.151695     0.130839    
-56.2547     -56.3254     150.022       0.125238     0.130839     0.275288    

Bond Length
0.61919374    0.0024492007

BB bond length
0.61919374    0.0024492007

Water EE distance
0             0           

PEG EE distance
7.0888283     0.092221313 

BBB P2(x)
0.51112044    0.011141128 

BBB first bond length
0.61918223    0.0025470988

BBB second bond length
0.61911281    0.0024452497

BBB <phi**2>/<phi>**2
1.2278246     0.0078624764

Time = 14000
Temperature
1.0106454     0.0044534539

Pressure
23.186244     0.072615572 

CM Mom
-4.0816667e-17 1.945014e-17  
5.4792316e-17  1.9439906e-17 
5.9508042e-18  2.0383021e-17 
7.5144393e-17  1.5120051e-17 

CM Pos
7.4985725      0.011117136   
7.4983503      0.01077027    
7.4922529      0.013137184   
12.984144      0.010959716   

Stress
20.1747      -0.0153139   0.038468      0.118148     0.0801672    0.0729625   
-0.0153139   20.1761      -0.00145844   0.0801672    0.0736069    0.0861236   
0.038468     -0.00145844  20.1373       0.0729625    0.0861236    0.11372     

Stress Spherical
0            0            0             0            0            0           
0            0            0             0            0            0           
0            0            0             0            0            0           

Inertia
149.878      -56.2467     -56.1864      0.206614     0.14935      0.143404    
-56.2467     149.879      -56.1713      0.14935      0.239516     0.138007    
-56.1864     -56.1713     149.97        0.143404     0.138007     0.266616    

Bond Length
0.61808947    0.0018760073

BB bond length
0.61808947    0.0018760073

Water EE distance
0             0           

PEG EE distance
7.6619356     0.19463311  

BBB P2(x)
0.51126551    0.0063892001

BBB first bond length
0.61828221    0.0021117133

BBB second bond length
0.61787312    0.0018782618

BBB <phi**2>/<phi>**2
1.2261583     0.0087131749

Time = 15000
Temperature
1.0090987     0.0075911696

Pressure
23.157924     0.068198214 

CM Mom
-6.2483444e-17 1.4603308e-17 
3.6365384e-17  1.212353e-17  
1.1259467e-17  1.805859e-17  
7.6062146e-17  1.5946684e-17 

CM Pos
7.5031778      0.012419566   
7.5103836      0.013847896   
7.5016121      0.01040019    
12.999156      0.011178184   

Stress
20.1354      0.0235815    -0.00365834   0.11049      0.0637064    0.0854991   
0.0235815    20.1058      -0.0151375    0.0637064    0.104919     0.067047    
-0.00365834  -0.0151375   20.1758       0.0854991    0.067047     0.0854147   

Stress Spherical
0            0            0             0            0            0           
0            0            0             0            0            0           
0            0            0             0            0            0           

Inertia
150.175      -56.3605     -56.2805      0.173032     0.199665     0.0667854   
-56.3605     150.082      -56.3496      0.199665     0.148754     0.150608    
-56.2805     -56.3496     150.213       0.0667854    0.150608     0.351309    

Bond Length
0.61948555    0.0031078906

BB bond length
0.61948555    0.0031078906

Water EE distance
0             0           

PEG EE distance
7.6488577     0.15169776  

BBB P2(x)
0.5126553     0.0087094652

BBB first bond length
0.61942765    0.0033360589

BBB second bond length
0.61949929    0.0031851818

BBB <phi**2>/<phi>**2
1.229517      0.006382384 

Time = 16000
Temperature
1.0108773     0.011551177 

Pressure
23.221018     0.10071365  

CM Mom
-6.2496639e-17 1.2539051e-17 
4.997433e-17   2.0027764e-17 
2.7572499e-17  1.6587639e-17 
8.7862804e-17  1.6647008e-17 

CM Pos
7.5046634      0.012525733   
7.4984988      0.013784      
7.4990866      0.012765703   
12.991694      0.011938352   

Stress
20.2061      0.0371122    0.0489338     0.164964     0.0873243    0.0561011   
0.0371122    20.2018      0.0380707     0.0873243    0.153911     0.0616278   
0.0489338    0.0380707    20.1824       0.0561011    0.0616278    0.0621501   

Stress Spherical
0            0            0             0            0            0           
0            0            0             0            0            0           
0            0            0             0            0            0           

Inertia
149.963      -56.2584     -56.2719      0.18066      0.207522     0.117734    
-56.2584     150.057      -56.2042      0.207522     0.2934       0.100729    
-56.2719     -56.2042     150.051       0.117734     0.100729     0.400644    

Bond Length
0.6183986     0.0021127226

BB bond length
0.6183986     0.0021127226

Water EE distance
0             0           

PEG EE distance
7.5615814     0.21626804  

BBB P2(x)
0.51313421    0.0070564113

BBB first bond length
0.61823464    0.0020323012

BBB second bond length
0.61826586    0.0019402175

BBB <phi**2>/<phi>**2
1.2263448     0.010097798 

Time = 17000
Temperature
1.0052844     0.0089707762

Pressure
23.188264     0.084549029 

CM Mom
-5.3083741e-17 1.4503401e-17 
7.3690682e-17  2.5310991e-17 
2.167901e-17   1.3271556e-17 
9.5363099e-17  2.5518388e-17 

CM Pos
7.5046634      0.0099534515  
7.5039955      0.011568539   
7.4961154      0.013955058   
12.993149      0.013617587   

Stress
20.2108      0.019627     -0.0198289    0.162321     0.0679054    0.0753365   
0.019627     20.1732      0.0206512     0.0679054    0.128144     0.082936    
-0.0198289   0.0206512    20.1583       0.0753365    0.082936     0.0719436   

Stress Spherical
0            0            0             0            0            0           
0            0            0             0            0            0           
0            0            0             0            0            0           

Inertia
150.001      -56.3534     -56.263       0.331512     0.106616     0.163359    
-56.3534     150.016      -56.2427      0.106616     0.292872     0.18976     
-56.263      -56.2427     150.136       0.163359     0.18976      0.298443    

Bond Length
0.61896462    0.0024373523

BB bond length
0.61896462    0.0024373523

Water EE distance
0             0           

PEG EE distance
7.4780789     0.12677046  

BBB P2(x)
0.50951981    0.011689626 

BBB first bond length
0.61925492    0.0024402678

BBB second bond length
0.61897369    0.0026925455

BBB <phi**2>/<phi>**2
1.2246578     0.0091662296

Time = 18000
Temperature
1.0087159     0.0062456628

Pressure
23.200136     0.089484009 

CM Mom
-6.5574025e-17 1.3741647e-17 
7.0041801e-17  2.9675479e-17 
3.4898575e-17  2.7092727e-17 
1.0919505e-16  1.742527e-17  

CM Pos
7.4976812      0.015892339   
7.4971618      0.012675485   
7.4965611      0.016006497   
12.985435      0.015660366   

Stress
20.1553      0.000121169  -0.0193066    0.106416     0.0815808    0.0683205   
0.000121169  20.2425      0.0672749     0.0815808    0.0822146    0.0383436   
-0.0193066   0.0672749    20.1492       0.0683205    0.0383436    0.160715    

Stress Spherical
0            0            0             0            0            0           
0            0            0             0            0            0           
0            0            0             0            0            0           

Inertia
149.884      -56.1869     -56.2275      0.367861     0.208652     0.155297    
-56.1869     149.903      -56.2014      0.208652     0.255501     0.15757     
-56.2275     -56.2014     149.914       0.155297     0.15757      0.415766    

Bond Length
0.61910104    0.0027641602

BB bond length
0.61910104    0.0027641602

Water EE distance
0             0           

PEG EE distance
7.3370516     0.17097311  

BBB P2(x)
0.5006291     0.0078036707

BBB first bond length
0.61915362    0.0026049738

BBB second bond length
0.61910738    0.0032428294

BBB <phi**2>/<phi>**2
1.2252924     0.0071355546

Time = 19000
Temperature
1.0125346     0.0052265383

Pressure
23.256964     0.079536126 

CM Mom
-8.2015706e-17 1.471011e-17  
5.3984141e-17  1.7229025e-17 
4.1718304e-17  1.0774136e-17 
1.0877894e-16  1.3331614e-17 

CM Pos
7.4963441      0.011814876   
7.5034013      0.01199194    
7.501315       0.014006362   
12.991008      0.011614681   

Stress
20.2497      -0.00629572  -0.00194609   0.105617     0.0644581    0.0585026   
-0.00629572  20.1536      0.0137968     0.0644581    0.147366     0.0534514   
-0.00194609  0.0137968    20.28         0.0585026    0.0534514    0.11193     

Stress Spherical
0            0            0             0            0            0           
0            0            0             0            0            0           
0            0            0             0            0            0           

Inertia
150.051      -56.2791     -56.2354      0.306969     0.108941     0.151482    
-56.2791     149.943      -56.2765      0.108941     0.234746     0.173508    
-56.2354     -56.2765     149.984       0.151482     0.173508     0.258888    

Bond Length
0.61721823    0.001811909 

BB bond length
0.61721823    0.001811909 

Water EE distance
0             0           

PEG EE distance
7.1849033     0.14629182  

BBB P2(x)
0.51304688    0.0060930586

BBB first bond length
0.61731599    0.0019251606

BBB second bond length
0.61715246    0.0018811832

BBB <phi**2>/<phi>**2
1.2272292     0.0058682687

Time = 20000
Temperature
1.0111199     0.0059324824

Pressure
23.197625     0.049986132 

CM Mom
-5.668108e-17  1.5244353e-17 
5.6081547e-17  2.4804863e-17 
3.9883143e-17  2.3152041e-17 
9.45589e-17    1.9769997e-17 

CM Pos
7.5046634      0.018175874   
7.498796       0.012095475   
7.5004236      0.02310319    
12.992647      0.019993354   

Stress
20.2208      -0.0444328   0.0516696     0.0804604    0.067416     0.0602985   
-0.0444328   20.1381      0.00600292    0.067416     0.104474     0.101169    
0.0516696    0.00600292   20.1591       0.0602985    0.101169     0.0942048   

Stress Spherical
0            0            0             0            0            0           
0            0            0             0            0            0           
0            0            0             0            0            0           

Inertia
149.973      -56.2913     -56.2893      0.2593       0.154474     0.30886     
-56.2913     150.087      -56.218       0.154474     0.546634     0.147876    
-56.2893     -56.218      150.036       0.30886      0.147876     0.309782    

Bond Length
0.61793909    0.0017107087

BB bond length
0.61793909    0.0017107087

Water EE distance
0             0           

PEG EE distance
7.1164884     0.16348747  

BBB P2(x)
0.51078149    0.012048514 

BBB first bond length
0.61801915    0.0015821504

BBB second bond length
0.61803956    0.0017858716

BBB <phi**2>/<phi>**2
1.2246133     0.0043444573

Time = 21000
Temperature
1.0083286     0.0047256978

Pressure
23.178484     0.094422369 

CM Mom
-6.4219645e-17 1.2935951e-17 
1.0578374e-16  1.4293116e-17 
6.4128382e-17  1.5828803e-17 
1.4076625e-16  1.5292417e-17 

CM Pos
7.5018408      0.012706787   
7.5066696      0.012379519   
7.5002751      0.017730251   
12.995465      0.018631508   

Stress
20.1314      0.0181772    0.0260451     0.124738     0.0338998    0.0494936   
0.0181772    20.1837      0.0319493     0.0338998    0.15643      0.0298504   
0.0260451    0.0319493    20.1705       0.0494936    0.0298504    0.0996148   

Stress Spherical
0            0            0             0            0            0           
0            0            0             0            0            0           
0            0            0             0            0            0           

Inertia
150.101      -56.3102     -56.2409      0.334141     0.217402     0.17842     
-56.3102     150.043      -56.2829      0.217402     0.45094      0.17811     
-56.2409     -56.2829     150.142       0.17842      0.17811      0.29366     

Bond Length
0.61787428    0.0030330144

BB bond length
0.61787428    0.0030330144

Water EE distance
0             0           

PEG EE distance
6.8808385     0.15488753  

BBB P2(x)
0.51283828    0.01276031  

BBB first bond length
0.61771179    0.0031083975

BBB second bond length
0.61800115    0.0031307192

BBB <phi**2>/<phi>**2
1.2230528     0.0085435469

Time = 22000
Temperature
1.0083295     0.0062529711

Pressure
23.163948     0.10570296  

CM Mom
-3.169419e-17  2.0344288e-17 
1.0316981e-16  1.4221592e-17 
8.768571e-17   1.5274358e-17 
1.4161043e-16  1.154347e-17  

CM Pos
7.4978297      0.0085146459  
7.4993902      0.016546163   
7.4978981      0.01240801    
12.987578      0.010503248   

Stress
20.1289      -0.0018172   0.0133753     0.129092     0.0760144    0.0648605   
-0.0018172   20.1259      0.0172878     0.0760144    0.135993     0.0584595   
0.0133753    0.0172878    20.1872       0.0648605    0.0584595    0.0977642   

Stress Spherical
0            0            0             0            0            0           
0            0            0             0            0            0           
0            0            0             0            0            0           

Inertia
149.956      -56.1847     -56.2074      0.293154     0.170876     0.115257    
-56.1847     149.933      -56.1973      0.170876     0.225703     0.14585     
-56.2074     -56.1973     149.954       0.115257     0.14585      0.245617    

Bond Length
0.61892216    0.0015461338

BB bond length
0.61892216    0.0015461338

Water EE distance
0             0           

PEG EE distance
7.1686032     0.1001088   

BBB P2(x)
0.51342902    0.0094792061

BBB first bond length
0.61889389    0.0017829284

BBB second bond length
0.61886827    0.0017607821

BBB <phi**2>/<phi>**2
1.2242914     0.013008625 

Time = 23000
Temperature
1.0086593     0.0042240194

Pressure
23.181618     0.076612502 

CM Mom
-3.0729878e-18 1.5623249e-17 
8.1228148e-17  1.3303889e-17 
8.616461e-17   1.6583015e-17 
1.206203e-16   1.3364681e-17 

CM Pos
7.5129827      0.012197226   
7.4944878      0.0095771584  
7.5036919      0.013825566   
12.996843      0.012192859   

Stress
20.1369      0.0123179    -0.000771087  0.100271     0.116144     0.108039    
0.0123179    20.1259      0.0178659     0.116144     0.165669     0.0669243   
-0.000771087 0.0178659    20.2292       0.108039     0.0669243    0.106031    

Stress Spherical
0            0            0             0            0            0           
0            0            0             0            0            0           
0            0            0             0            0            0           

Inertia
149.943      -56.3318     -56.3946      0.265821     0.131409     0.150981    
-56.3318     150.24       -56.2079      0.131409     0.284992     0.137534    
-56.3946     -56.2079     150.088       0.150981     0.137534     0.213132    

Bond Length
0.61939358    0.0027450108

BB bond length
0.61939358    0.0027450108

Water EE distance
0             0           

PEG EE distance
6.9440008     0.18785232  

BBB P2(x)
0.51186493    0.012563763 

BBB first bond length
0.61938192    0.0027602545

BBB second bond length
0.6193588     0.0027855691

BBB <phi**2>/<phi>**2
1.2265673     0.010127264 

Time = 24000
Temperature
1.0150648     0.0068456884

Pressure
23.189936     0.084986915 

CM Mom
-3.1548773e-17 1.853598e-17  
7.0806268e-17  1.9871135e-17 
6.8858128e-17  2.379427e-17  
1.0724112e-16  2.3542487e-17 

CM Pos
7.4956013      0.0092775052  
7.5025099      0.013090061   
7.5035434      0.014543613   
12.991351      0.010892215   

Stress
20.155       0.0208126    0.0258821     0.120213     0.0698334    0.0455186   
0.0208126    20.1006      0.00189512    0.0698334    0.118263     0.045341    
0.0258821    0.00189512   20.2039       0.0455186    0.045341     0.0909365   

Stress Spherical
0            0            0             0            0            0           
0            0            0             0            0            0           
0            0            0             0            0            0           

Inertia
150.061      -56.2174     -56.267       0.257581     0.143473     0.116239    
-56.2174     149.974      -56.3238      0.143473     0.240005     0.164786    
-56.267      -56.3238     149.955       0.116239     0.164786     0.260784    

Bond Length
0.61841999    0.001842139 

BB bond length
0.61841999    0.001842139 

Water EE distance
0             0           

PEG EE distance
7.2917288     0.23120438  

BBB P2(x)
0.52372169    0.011678994 

BBB first bond length
0.61833996    0.0019168146

BBB second bond length
0.61852919    0.0019841606

BBB <phi**2>/<phi>**2
1.2255427     0.0082315761

Time = 25000
Temperature
1.0131313     0.007875029 

Pressure
23.241545     0.099294611 

CM Mom
-2.8605259e-17 1.6430927e-17 
8.5164563e-17  2.201917e-17  
4.5341071e-17  1.2326149e-17 
1.0309378e-16  2.013706e-17  

CM Pos
7.504812       0.010158654   
7.491368       0.020728636   
7.5002751      0.013602682   
12.988352      0.018864037   

Stress
20.2263      -0.000443205 0.0474625     0.131948     0.0506953    0.0621547   
-0.000443205 20.1938      0.0204097     0.0506953    0.137746     0.0733559   
0.0474625    0.0204097    20.2116       0.0621547    0.0733559    0.129451    

Stress Spherical
0            0            0             0            0            0           
0            0            0             0            0            0           
0            0            0             0            0            0           

Inertia
149.856      -56.2418     -56.2938      0.403977     0.182702     0.164333    
-56.2418     150.062      -56.1941      0.182702     0.297562     0.191091    
-56.2938     -56.1941     149.923       0.164333     0.191091     0.378779    

Bond Length
0.61952273    0.0019094977

BB bond length
0.61952273    0.0019094977

Water EE distance
0             0           

PEG EE distance
7.492753      0.17310404  

BBB P2(x)
0.51651317    0.012066415 

BBB first bond length
0.61934593    0.0019991611

BBB second bond length
0.61962874    0.0019835017

BBB <phi**2>/<phi>**2
1.225437      0.0055035526

Time = 26000
Temperature
1.0114102     0.0073524279

Pressure
23.178178     0.053923228 

CM Mom
-2.2829559e-17 2.9116521e-17 
1.2708986e-16  1.9844642e-17 
4.6357062e-17  1.969668e-17  
1.4160781e-16  1.9969144e-17 

CM Pos
7.5028807      0.011439041   
7.4990931      0.0086636763  
7.4974525      0.013107752   
12.990061      0.0095822298  

Stress
20.1616      0.00983649   0.0454898     0.133712     0.0913704    0.0504624   
0.00983649   20.1473      -0.0141002    0.0913704    0.133884     0.0857482   
0.0454898    -0.0141002   20.1481       0.0504624    0.0857482    0.0737791   

Stress Spherical
0            0            0             0            0            0           
0            0            0             0            0            0           
0            0            0             0            0            0           

Inertia
149.931      -56.2953     -56.2656      0.230705     0.0924097    0.159119    
-56.2953     150.008      -56.199       0.0924097    0.27323      0.155789    
-56.2656     -56.199      150.019       0.159119     0.155789     0.189794    

Bond Length
0.61930553    0.0014979537

BB bond length
0.61930553    0.0014979537

Water EE distance
0             0           

PEG EE distance
7.4734323     0.16110966  

BBB P2(x)
0.51961602    0.0098083612

BBB first bond length
0.61915402    0.0014927196

BBB second bond length
0.61915447    0.0014668754

BBB <phi**2>/<phi>**2
1.2263655     0.0061874654

Time = 27000
Temperature
1.0106649     0.0075840077

Pressure
23.168325     0.085587457 

CM Mom
7.4978814e-18  1.8375059e-17 
1.2020058e-16  2.3029881e-17 
3.6173512e-17  2.2333201e-17 
1.2907065e-16  2.2813978e-17 

CM Pos
7.4994639      0.013357096   
7.5039955      0.011943994   
7.5038405      0.010790742   
12.99461       0.0094833848  

Stress
20.131       -0.0124084   0.0104736     0.0900428    0.0719084    0.0753351   
-0.0124084   20.1282      0.0163008     0.0719084    0.186394     0.0724795   
0.0104736    0.0163008    20.1749       0.0753351    0.0724795    0.0625296   

Stress Spherical
0            0            0             0            0            0           
0            0            0             0            0            0           
0            0            0             0            0            0           

Inertia
150.092      -56.2671     -56.2498      0.137073     0.161273     0.152336    
-56.2671     150.041      -56.3197      0.161273     0.283316     0.112973    
-56.2498     -56.3197     150.046       0.152336     0.112973     0.243941    

Bond Length
0.61979253    0.0018946356

BB bond length
0.61979253    0.0018946356

Water EE distance
0             0           

PEG EE distance
7.1089725     0.11423637  

BBB P2(x)
0.51308777    0.0072935525

BBB first bond length
0.61965841    0.0020809969

BBB second bond length
0.62011328    0.0019453943

BBB <phi**2>/<phi>**2
1.2248326     0.0067788898

Time = 28000
Temperature
1.0157576     0.0071708179

Pressure
23.161556     0.084974517 

CM Mom
7.8343459e-18  2.3892581e-17 
1.0399531e-16  1.5876966e-17 
3.7155141e-17  2.8957227e-17 
1.1656259e-16  1.8207766e-17 

CM Pos
7.5012466      0.019526324   
7.4992416      0.012869015   
7.5048804      0.017467529   
12.993509      0.01132188    

Stress
20.0851      -0.0119909   -0.0033302    0.131272     0.0648162    0.0907281   
-0.0119909   20.1456      -0.00643058   0.0648162    0.12974      0.0526526   
-0.0033302   -0.00643058  20.1374       0.0907281    0.0526526    0.101268    

Stress Spherical
0            0            0             0            0            0           
