Time = 500
Temperature
   1.0429641   0.044477507

Pressure
   20.886081    0.23933536

CM Mom
-1.0176459e-16 2.5064873e-17 
2.6488223e-18  1.199261e-17  
9.5633018e-18  1.0035566e-17 
1.0414891e-16  2.1915585e-17 

CM Pos
7.5104044      0.01670963    
7.5094033      0.018578118   
7.5076965      0.0065364917  
13.006285      0.0063664125  

Stress
17.8541      -0.0369385   0.0446769     0.0986293    0.0635013    0.0400271   
-0.0369385   17.7236      -0.0110827    0.0635013    0.175899     0.0841398   
0.0446769    -0.0110827   17.7004       0.0400271    0.0841398    0.0799664   

Stress Spherical
0            0            0             0            0            0           
0            0            0             0            0            0           
0            0            0             0            0            0           

Inertia
149.243      -56.2516     -56.5348      0.21665      0.105556     0.160092    
-56.2516     149.331      -56.3852      0.105556     0.806569     0.152448    
-56.5348     -56.3852     149.28        0.160092     0.152448     0.302016    

Bond Length
0.61388757    0.0022763645

BB bond length
0.61388757    0.0022763645

Water EE distance
0             0           

PEG EE distance
3.7025585     0.11032341  

Time = 1000
Temperature
1.0126525     0.0049925287

Pressure
20.853362     0.10909701  

CM Mom
-1.1749184e-16 2.0735361e-17 
3.4854946e-18  1.9020973e-17 
1.0833398e-17  1.6978062e-17 
1.2067534e-16  2.1244124e-17 

CM Pos
7.5124799      0.02282097    
7.5212633      0.011352554   
7.5314166      0.014723909   
13.028026      0.020006631   

Stress
17.8077      -0.0734667   0.00638564    0.080766     0.0326428    0.0392032   
-0.0734667   17.7715      -0.0819444    0.0326428    0.126652     0.0580514   
0.00638564   -0.0819444   17.8732       0.0392032    0.0580514    0.155324    

Stress Spherical
0            0            0             0            0            0           
0            0            0             0            0            0           
0            0            0             0            0            0           

Inertia
149.995      -56.4265     -56.6133      0.360675     0.22669      0.201516    
-56.4265     149.918      -56.6139      0.22669      0.458758     0.197257    
-56.6133     -56.6139     149.625       0.201516     0.197257     0.396858    

Bond Length
0.6125326     0.0011205105

BB bond length
0.6125326     0.0011205105

Water EE distance
0             0           

PEG EE distance
3.5861875     0.061934655 

