Time = 1000
Temperature
   1.9044859     1.7929301

Pressure
   29.234466     2.6240904

CM Mom
-1.2927345e-17 1.4640415e-17 
4.224937e-17   5.1601004e-17 
-4.4552627e-17 9.7342976e-16 
7.3557857e-16  6.4288703e-16 

CM Pos
9.996458       0.016125127   
10.005291      0.053784999   
9.9953064      0.012375453   
17.31889       0.02316744    

Stress
23.5786      -0.103017    0.0219363     2.82357      0.242398     0.0760174   
-0.103017    23.4802      -0.0123485    0.242398     3.01289      0.0788136   
0.0219363    -0.0123485   23.5092       0.0760174    0.0788136    2.81286     

Stress Spherical
0            0            0             0            0            0           
0            0            0             0            0            0           
0            0            0             0            0            0           

Inertia
267.438      -99.9828     -99.9705      2.66986      0.378708     0.187226    
-99.9828     267.308      -100.048      0.378708     4.33277      0.523165    
-99.9705     -100.048     267.472       0.187226     0.523165     3.21343     

Bond Length
0.62265274    0.050944418 

BB bond length
0.62265274    0.050944418 

Water EE distance
0             0           

PEG EE distance
8.9598004     0.15633553  

BBB P2(x)
0.13854891    0.043421421 

BBB first bond length
0.62302111    0.051729294 

BBB second bond length
0.62306666    0.051374753 

BBB <phi**2>/<phi>**2
1.1385684     0.016475992 

Time = 2000
Temperature
1.0162377     0.0037724174

Pressure
27.473481     0.071920256 

CM Mom
-2.3684958e-17 1.160575e-17  
4.3601461e-17  2.5744386e-17 
-4.5548793e-17 3.3310823e-17 
7.4273853e-17  3.0450447e-17 

CM Pos
10.007295      0.007748675   
9.9918709      0.014062759   
10.009977      0.0095119073  
17.325799      0.010685077   

Stress
24.3739      0.0046968    0.0401555     0.118486     0.0397327    0.0563276   
0.0046968    24.4707      -0.0221328    0.0397327    0.0993293    0.0633009   
0.0401555    -0.0221328   24.4323       0.0563276    0.0633009    0.0994676   

Stress Spherical
0            0            0             0            0            0           
0            0            0             0            0            0           
0            0            0             0            0            0           

Inertia
266.981      -100.005     -100.198      0.623179     0.162693     0.167288    
-100.005     267.305      -100.052      0.162693     0.948809     0.240988    
-100.198     -100.052     266.9         0.167288     0.240988     0.653747    

Bond Length
0.59862438    0.00071147391

BB bond length
0.59862438    0.00071147391

Water EE distance
0             0           

PEG EE distance
8.3767169     0.18029197  

BBB P2(x)
0.093776371   0.0072944939

BBB first bond length
0.59868607    0.0006843149

BBB second bond length
0.59880262    0.00071737335

BBB <phi**2>/<phi>**2
1.1237346     0.0025587646

Time = 3000
Temperature
1.0130723     0.0028078927

Pressure
27.411502     0.039332076 

CM Mom
-1.8488061e-17 1.9086586e-17 
2.7862119e-17  2.2724234e-17 
-7.9783543e-18 2.4745866e-17 
4.9801242e-17  1.3951448e-17 

CM Pos
9.9995423      0.01178973    
9.9931212      0.0069020936  
9.9948896      0.0091678253  
17.313328      0.0098144737  

Stress
24.3647      0.0289025    0.0259137     0.0824844    0.0546954    0.0591124   
0.0289025    24.4223      -0.0358037    0.0546954    0.0795274    0.0777485   
0.0259137    -0.0358037   24.3326       0.0591124    0.0777485    0.0760233   

Stress Spherical
0            0            0             0            0            0           
0            0            0             0            0            0           
0            0            0             0            0            0           

Inertia
266.521      -99.9259     -99.9709      0.28732      0.139114     0.180501    
-99.9259     266.659      -99.8813      0.139114     0.402772     0.126288    
-99.9709     -99.8813     266.631       0.180501     0.126288     0.321198    

Bond Length
0.59855104    0.0006385108

BB bond length
0.59855104    0.0006385108

Water EE distance
0             0           

PEG EE distance
7.7905895     0.17758421  

BBB P2(x)
0.078315144   0.0056814191

BBB first bond length
0.59872634    0.00064269801

BBB second bond length
0.59868422    0.00062771088

BBB <phi**2>/<phi>**2
1.1199739     0.0018865716

Time = 4000
Temperature
1.0142598     0.0051706697

Pressure
27.443158     0.06085883  

CM Mom
-2.5129653e-17 2.5007238e-17 
2.4374423e-17  2.1827325e-17 
-8.392033e-18  2.5892557e-17 
5.341591e-17   1.4662786e-17 

CM Pos
10.000876      0.008813864   
9.9932046      0.007366194   
10.001475      0.01142608    
17.317949      0.0078540492  

Stress
24.4312      -0.00678378  0.000241794   0.0752878    0.056144     0.0447813   
-0.00678378  24.3909      -0.0239075    0.056144     0.0979873    0.0447958   
0.000241794  -0.0239075   24.3817       0.0447813    0.0447958    0.0739501   

Stress Spherical
0            0            0             0            0            0           
0            0            0             0            0            0           
0            0            0             0            0            0           

Inertia
266.576      -99.911      -100.052      0.184034     0.13233      0.136604    
-99.911      266.719      -99.9501      0.13233      0.260173     0.141557    
-100.052     -99.9501     266.599       0.136604     0.141557     0.274788    

Bond Length
0.59858305    0.00037448214

BB bond length
0.59858305    0.00037448214

Water EE distance
0             0           

PEG EE distance
7.2689622     0.1085983   

BBB P2(x)
0.071423884   0.0032263256

BBB first bond length
0.59874657    0.00041096159

BBB second bond length
0.59873209    0.00041489875

BBB <phi**2>/<phi>**2
1.1177567     0.0015849392

Time = 5000
Temperature
1.0151368     0.0051024589

Pressure
27.43202      0.058987418 

CM Mom
-4.9763145e-17 1.625361e-17  
3.8184074e-17  1.6972009e-17 
5.111755e-18   2.8360418e-17 
7.151408e-17   1.4240881e-17 

CM Pos
9.9967081      0.008813864   
9.9896202      0.0054686682  
9.9962233      0.011342767   
17.31044       0.0082765141  

Stress
24.3816      -0.027466    -0.0316634    0.0868728    0.0514411    0.0644857   
-0.027466    24.3426      0.0067751     0.0514411    0.055013     0.0692336   
-0.0316634   0.0067751    24.4384       0.0644857    0.0692336    0.0841494   

Stress Spherical
0            0            0             0            0            0           
0            0            0             0            0            0           
0            0            0             0            0            0           

Inertia
266.39       -99.8869     -99.8817      0.263516     0.11105      0.185122    
-99.8869     266.53       -99.7981      0.11105      0.329028     0.170912    
-99.8817     -99.7981     266.407       0.185122     0.170912     0.215231    

Bond Length
0.59870461    0.00031809086

BB bond length
0.59870461    0.00031809086

Water EE distance
0             0           

PEG EE distance
6.9331229     0.082757879 

BBB P2(x)
0.069805796   0.0029440868

BBB first bond length
0.59886087    0.00025875624

BBB second bond length
0.59886614    0.00023866757

BBB <phi**2>/<phi>**2
1.1178097     0.0014644795

Time = 6000
Temperature
1.0122617     0.0026740763

Pressure
27.450544     0.054692153 

CM Mom
-6.8530116e-17 1.1170716e-17 
1.3846438e-17  2.003072e-17  
1.7322219e-17  1.2187507e-17 
7.5781302e-17  1.0950075e-17 

CM Pos
9.9987087      0.0087203413  
9.9908706      0.0083228341  
10.000558      0.010229583   
17.314821      0.0070623867  

Stress
24.3173      0.0145495    -0.0308786    0.0900793    0.0555065    0.0747654   
0.0145495    24.4115      -0.0327644    0.0555065    0.0564929    0.0476243   
-0.0308786   -0.0327644   24.5151       0.0747654    0.0476243    0.134014    

Stress Spherical
0            0            0             0            0            0           
0            0            0             0            0            0           
0            0            0             0            0            0           

Inertia
266.512      -99.9429     -99.9547      0.243784     0.0852456    0.192795    
-99.9429     266.631      -99.9135      0.0852456    0.393485     0.119381    
-99.9547     -99.9135     266.461       0.192795     0.119381     0.140759    

Bond Length
0.59862049    0.00045628721

BB bond length
0.59862049    0.00045628721

Water EE distance
0             0           

PEG EE distance
6.6748717     0.11981109  

BBB P2(x)
0.065703086   0.0038211909

BBB first bond length
0.59877198    0.00039741738

BBB second bond length
0.59882315    0.00047397854

BBB <phi**2>/<phi>**2
1.1165941     0.001362838 

Time = 7000
Temperature
1.0139683     0.0052818338

Pressure
27.478736     0.059335026 

CM Mom
-8.4786557e-17 1.2008883e-17 
2.3988739e-17  1.8852857e-17 
1.3713172e-17  1.4871385e-17 
9.2164233e-17  1.3372611e-17 

CM Pos
10.002877      0.014308407   
9.9891201      0.016820904   
10.00606       0.0089561962  
17.319398      0.01786112    

Stress
24.4161      0.00583068   -0.00664852   0.0768142    0.0504418    0.0460652   
0.00583068   24.4047      0.00171941    0.0504418    0.0707525    0.0802887   
-0.00664852  0.00171941   24.4924       0.0460652    0.0802887    0.0809072   

Stress Spherical
0            0            0             0            0            0           
0            0            0             0            0            0           
0            0            0             0            0            0           

Inertia
266.569      -99.9428     -100.07       0.496434     0.314293     0.17669     
-99.9428     266.854      -99.9253      0.314293     0.361801     0.218943    
-100.07      -99.9253     266.529       0.17669      0.218943     0.648631    

Bond Length
0.59857913    0.00038954593

BB bond length
0.59857913    0.00038954593

Water EE distance
0             0           

PEG EE distance
6.3628669     0.092386278 

BBB P2(x)
0.061661026   0.0032152472

BBB first bond length
0.59865624    0.00042958988

BBB second bond length
0.59870759    0.00044700904

BBB <phi**2>/<phi>**2
1.1155204     0.0015161219

Time = 8000
Temperature
1.0084591     0.0052840042

Pressure
27.425083     0.046183365 

CM Mom
-7.587282e-17  2.8249513e-17 
9.7884301e-19  1.530453e-17  
1.4615665e-17  1.3614257e-17 
8.1060779e-17  2.4860053e-17 

CM Pos
9.9995423      0.0079360682  
9.9905371      0.0076129767  
10.007143      0.011048898   
17.318914      0.0078735678  

Stress
24.4353      0.0229285    -0.0169833    0.060256     0.0620914    0.0591029   
0.0229285    24.385       0.0140151     0.0620914    0.049782     0.0492765   
-0.0169833   0.0140151    24.3815       0.0591029    0.0492765    0.0737855   

Stress Spherical
0            0            0             0            0            0           
0            0            0             0            0            0           
0            0            0             0            0            0           

Inertia
266.606      -99.9081     -100.113      0.295555     0.124028     0.127344    
-99.9081     266.772      -99.9704      0.124028     0.174129     0.180206    
-100.113     -99.9704     266.462       0.127344     0.180206     0.14765     

Bond Length
0.5986121     0.00047467534

BB bond length
0.5986121     0.00047467534

Water EE distance
0             0           

PEG EE distance
6.1079495     0.070227818 

BBB P2(x)
0.060395808   0.0032378278

BBB first bond length
0.59876216    0.000547374 

BBB second bond length
0.59871447    0.00053625938

BBB <phi**2>/<phi>**2
1.1152222     0.0014187033

Time = 9000
Temperature
1.0114671     0.0052026233

Pressure
27.449062     0.089240543 

CM Mom
-7.5389363e-17 1.2254097e-17 
1.0442033e-18  1.4286325e-17 
9.442888e-18   2.3840847e-17 
8.1171082e-17  1.0378729e-17 

CM Pos
10.000959      0.0097243045  
9.9966222      0.0081075757  
9.9999744      0.0085906919  
17.319101      0.010458276   

Stress
24.4563      0.0246028    -0.0152283    0.123685     0.0589356    0.0514234   
0.0246028    24.3764      0.0164547     0.0589356    0.0917239    0.0844705   
-0.0152283   0.0164547    24.414        0.0514234    0.0844705    0.116455    

Stress Spherical
0            0            0             0            0            0           
0            0            0             0            0            0           
0            0            0             0            0            0           

Inertia
266.558      -99.9626     -99.9829      0.250349     0.11142      0.170756    
-99.9626     266.657      -99.9291      0.11142      0.295977     0.143283    
-99.9829     -99.9291     266.601       0.170756     0.143283     0.305449    

Bond Length
0.59852845    0.00052875539

BB bond length
0.59852845    0.00052875539

Water EE distance
0             0           

PEG EE distance
5.9597355     0.048249608 

BBB P2(x)
0.058601791   0.0039669706

BBB first bond length
0.59870226    0.00053837931

BBB second bond length
0.59863221    0.00056097628

BBB <phi**2>/<phi>**2
1.1145099     0.0019204114

Time = 10000
Temperature
1.011549      0.00683803  

Pressure
27.434288     0.046689998 

CM Mom
-7.9517474e-17 9.0885563e-18 
-2.0321158e-17 1.1488899e-17 
2.4384256e-17  2.5790387e-17 
8.9794145e-17  1.2137638e-17 

CM Pos
10.001793      0.0088645673  
10.001457      0.014262686   
10.002225      0.0081843456  
17.323674      0.013565301   

Stress
24.3894      0.000760724  0.0338376     0.111086     0.0551329    0.0450974   
0.000760724  24.4253      -0.000568329  0.0551329    0.0465564    0.0676231   
0.0338376    -0.000568329 24.3869       0.0450974    0.0676231    0.0406853   

Stress Spherical
0            0            0             0            0            0           
0            0            0             0            0            0           
0            0            0             0            0            0           

Inertia
266.756      -100.013     -100.071      0.384439     0.184938     0.150598    
-100.013     266.769      -100.068      0.184938     0.200767     0.24136     
-100.071     -100.068     266.738       0.150598     0.24136      0.393163    

Bond Length
0.59865713    0.00040225288

BB bond length
0.59865713    0.00040225288

Water EE distance
0             0           

PEG EE distance
5.9295176     0.028339864 

BBB P2(x)
0.055597526   0.0029985742

BBB first bond length
0.59875482    0.00039816937

BBB second bond length
0.59879919    0.00040027325

BBB <phi**2>/<phi>**2
1.114049      0.0010539055

Time = 11000
Temperature
1.0139464     0.002901276 

Pressure
27.469467     0.039108085 

CM Mom
-7.5026816e-17 1.7464354e-17 
-2.9225431e-17 1.6732054e-17 
2.912687e-17   1.5091503e-17 
8.8011595e-17  1.9954982e-17 

CM Pos
9.9963747      0.0072974846  
9.9954552      0.011491268   
10.003642      0.010195904   
17.317901      0.0088128407  

Stress
24.4345      0.00612004   -0.00524636   0.0859657    0.0514       0.0761081   
0.00612004   24.4569      -0.0095325    0.0514       0.0505566    0.0297795   
-0.00524636  -0.0095325   24.3941       0.0761081    0.0297795    0.0642823   

Stress Spherical
0            0            0             0            0            0           
0            0            0             0            0            0           
0            0            0             0            0            0           

Inertia
266.623      -99.9063     -100.01       0.278081     0.150231     0.130616    
-99.9063     266.704      -99.9862      0.150231     0.217267     0.19323     
-100.01      -99.9862     266.467       0.130616     0.19323      0.188448    

Bond Length
0.59846863    0.00041142495

BB bond length
0.59846863    0.00041142495

Water EE distance
0             0           

PEG EE distance
5.8768298     0.032650524 

BBB P2(x)
0.054843313   0.0044669441

BBB first bond length
0.59862097    0.00039722421

BBB second bond length
0.59856109    0.00041884375

BBB <phi**2>/<phi>**2
1.1135393     0.0020595325

Time = 12000
Temperature
1.012462      0.0077290964

Pressure
27.42342      0.056937846 

CM Mom
-7.7624339e-17 2.2505456e-17 
-1.5575189e-17 1.8139198e-17 
2.933718e-17   2.0616823e-17 
8.9215965e-17  2.0733683e-17 

CM Pos
9.9991255      0.0056221627  
10.000957      0.0093256308  
10.003642      0.013666841   
17.322665      0.0099361346  

Stress
24.4281      -0.00379079  -0.028818     0.143192     0.0551985    0.0502318   
-0.00379079  24.3522      0.00259167    0.0551985    0.104294     0.0510745   
-0.028818    0.00259167   24.3805       0.0502318    0.0510745    0.0865176   

Stress Spherical
0            0            0             0            0            0           
0            0            0             0            0            0           
0            0            0             0            0            0           

Inertia
266.741      -100.022     -100.016      0.319633     0.140803     0.143628    
-100.022     266.768      -100.008      0.140803     0.269421     0.193381    
-100.016     -100.008     266.649       0.143628     0.193381     0.240753    

Bond Length
0.598639      0.00074192958

BB bond length
0.598639      0.00074192958

Water EE distance
0             0           

PEG EE distance
5.869639      0.029162163 

BBB P2(x)
0.059113229   0.0031995619

BBB first bond length
0.59873849    0.00080973164

BBB second bond length
0.59876439    0.00072564215

BBB <phi**2>/<phi>**2
1.1145777     0.0016079873

Time = 13000
Temperature
1.0106063     0.0035064924

Pressure
27.433341     0.034252889 

CM Mom
-7.3642102e-17 2.1257861e-17 
-1.2337251e-17 2.2300137e-17 
4.3374493e-17  1.6860149e-17 
9.1985411e-17  1.5127961e-17 

CM Pos
9.9997923      0.010642718   
9.995872       0.013835612   
9.9943061      0.0097798805  
17.314723      0.014713545   

Stress
24.3716      0.0176647    -0.025041     0.0868729    0.0424396    0.0694437   
0.0176647    24.3966      0.0464432     0.0424396    0.0858592    0.0578053   
-0.025041    0.0464432    24.4391       0.0694437    0.0578053    0.0583331   

Stress Spherical
0            0            0             0            0            0           
0            0            0             0            0            0           
0            0            0             0            0            0           

Inertia
266.421      -99.9527     -99.9482      0.420383     0.167584     0.176511    
-99.9527     266.532      -99.9472      0.167584     0.303242     0.219781    
-99.9482     -99.9472     266.546       0.176511     0.219781     0.412744    

Bond Length
0.59878893    0.00028851161

BB bond length
0.59878893    0.00028851161

Water EE distance
0             0           

PEG EE distance
5.8042531     0.031429325 

BBB P2(x)
0.055207582   0.0035475831

BBB first bond length
0.59889382    0.00037083279

BBB second bond length
0.59893893    0.00030941117

BBB <phi**2>/<phi>**2
1.1136254     0.0017852094

Time = 14000
Temperature
1.0089119     0.0040924535

Pressure
27.442674     0.0653615   

CM Mom
-8.4621131e-17 1.840338e-17  
7.9535983e-18  9.8760308e-18 
3.7587965e-17  2.2373189e-17 
9.5841439e-17  1.9698964e-17 

CM Pos
10.008295      0.0070282904  
10.001457      0.015504522   
10.000224      0.0084450799  
17.326278      0.0069056599  

Stress
24.4036      -0.0308334   -0.00763744   0.0905211    0.0372244    0.0622268   
-0.0308334   24.4227      0.00989488    0.0372244    0.0921756    0.0583834   
-0.00763744  0.00989488   24.4241       0.0622268    0.0583834    0.0879136   

Stress Spherical
0            0            0             0            0            0           
0            0            0             0            0            0           
0            0            0             0            0            0           

Inertia
266.669      -100.108     -100.12       0.275248     0.151653     0.170653    
-100.108     266.822      -100.042      0.151653     0.237809     0.137731    
-100.12      -100.042     266.858       0.170653     0.137731     0.278247    

Bond Length
0.59854548    0.00071162462

BB bond length
0.59854548    0.00071162462

Water EE distance
0             0           

PEG EE distance
5.6881687     0.039566971 

BBB P2(x)
0.054875029   0.0027597525

BBB first bond length
0.59865111    0.00077617867

BBB second bond length
0.59867108    0.00072148527

BBB <phi**2>/<phi>**2
1.1143208     0.0014000072

Time = 15000
Temperature
1.0139486     0.0040008089

Pressure
27.483767     0.060730054 

CM Mom
-6.8836789e-17 1.908753e-17  
4.1129568e-18  3.0562163e-17 
5.2890723e-17  9.125673e-18  
9.2887447e-17  1.7505091e-17 

CM Pos
9.9997923      0.010344748   
9.9962888      0.0075317681  
9.9977238      0.017161151   
17.316939      0.013499437   

Stress
24.4265      -0.0210179   -0.00612558   0.083157     0.0780558    0.0428379   
-0.0210179   24.4703      0.0226296     0.0780558    0.109799     0.0534442   
-0.00612558  0.0226296    24.4316       0.0428379    0.0534442    0.044874    

Stress Spherical
0            0            0             0            0            0           
0            0            0             0            0            0           
0            0            0             0            0            0           

Inertia
266.545      -99.9425     -100.015      0.305197     0.135984     0.228555    
-99.9425     266.592      -99.9644      0.135984     0.479888     0.132682    
-100.015     -99.9644     266.596       0.228555     0.132682     0.287499    

Bond Length
0.5986606     0.0004128777

BB bond length
0.5986606     0.0004128777

Water EE distance
0             0           

PEG EE distance
5.6231024     0.041228526 

BBB P2(x)
0.051397257   0.0028778807

BBB first bond length
0.59882225    0.00040627486

BBB second bond length
0.59879516    0.00045243916

BBB <phi**2>/<phi>**2
1.1125034     0.00094471845

Time = 16000
Temperature
1.0135499     0.0050071449

Pressure
27.441793     0.081829686 

CM Mom
-4.4517893e-17 1.4593942e-17 
1.3664933e-17  2.3202312e-17 
6.1992928e-17  2.2525263e-17 
8.3353103e-17  1.7963144e-17 

CM Pos
10.006794      0.012394528   
9.9896202      0.0081860434  
10.000475      0.0081541504  
17.318723      0.0075282773  

Stress
24.3948      0.00251011   -0.0334204    0.104126     0.0491065    0.0630841   
0.00251011   24.3968      -0.00217863   0.0491065    0.0878742    0.040797    
-0.0334204   -0.00217863  24.4145       0.0630841    0.040797     0.121781    

Stress Spherical
0            0            0             0            0            0           
0            0            0             0            0            0           
0            0            0             0            0            0           

Inertia
266.466      -99.9677     -100.098      0.131192     0.178493     0.128668    
-99.9677     266.81       -99.9001      0.178493     0.267371     0.113536    
-100.098     -99.9001     266.638       0.128668     0.113536     0.297298    

Bond Length
0.59884979    0.00058436417

BB bond length
0.59884979    0.00058436417

Water EE distance
0             0           

PEG EE distance
5.5477188     0.024742401 

BBB P2(x)
0.052327804   0.0031225489

BBB first bond length
0.59897982    0.00064223829

BBB second bond length
0.59895925    0.0006056016

BBB <phi**2>/<phi>**2
1.1127861     0.0011353341

Time = 17000
Temperature
1.0142113     0.0054112701

Pressure
27.429879     0.067395418 

CM Mom
-6.3395919e-17 1.0349286e-17 
2.0955558e-17  2.6000884e-17 
5.303012e-17   2.6639512e-17 
9.2532599e-17  1.4174169e-17 

CM Pos
10.003627      0.0081165696  
9.9943716      0.0088300106  
10.005726      0.010396674   
17.322664      0.011952589   

Stress
24.4065      0.0238118    0.00937417    0.0900503    0.0420195    0.0486616   
0.0238118    24.4212      -0.0256435    0.0420195    0.0887399    0.0454432   
0.00937417   -0.0256435   24.3367       0.0486616    0.0454432    0.0981578   

Stress Spherical
0            0            0             0            0            0           
0            0            0             0            0            0           
0            0            0             0            0            0           

Inertia
266.641      -99.9708     -100.116      0.258767     0.11653      0.185919    
-99.9708     266.83       -100.053      0.11653      0.315437     0.159611    
-100.116     -100.053     266.677       0.185919     0.159611     0.295974    

Bond Length
0.59860454    0.00041844609

BB bond length
0.59860454    0.00041844609

Water EE distance
0             0           

PEG EE distance
5.5521476     0.031932335 

BBB P2(x)
0.053709679   0.0035859997

BBB first bond length
0.59868777    0.00037159504

BBB second bond length
0.59868892    0.00043309211

BBB <phi**2>/<phi>**2
1.1130319     0.0012077725

Time = 18000
Temperature
1.0118831     0.0049948975

Pressure
27.461614     0.072396829 

CM Mom
-7.8079142e-17 1.5357588e-17 
1.6294037e-17  2.3960957e-17 
6.8924013e-17  1.6818038e-17 
1.0857338e-16  2.0421034e-17 

CM Pos
10.004544      0.015093029   
9.995872       0.0088331577  
10.005393      0.0074538704  
17.323869      0.012874723   

Stress
24.4086      -0.00662388  0.0586461     0.0852528    0.0836303    0.044251    
-0.00662388  24.3957      -0.00719803   0.0836303    0.103825     0.0454784   
0.0586461    -0.00719803  24.4762       0.044251     0.0454784    0.12013     

Stress Spherical
0            0            0             0            0            0           
0            0            0             0            0            0           
0            0            0             0            0            0           

Inertia
266.695      -99.9981     -100.044      0.264004     0.210605     0.19968     
-99.9981     266.859      -99.9834      0.210605     0.374776     0.133512    
-100.044     -99.9834     266.72        0.19968      0.133512     0.388804    

Bond Length
0.59858118    0.00048129558

BB bond length
0.59858118    0.00048129558

Water EE distance
0             0           

PEG EE distance
5.5824412     0.030760524 

BBB P2(x)
0.05322007    0.0047780474

BBB first bond length
0.59874721    0.00049011593

BBB second bond length
0.59876504    0.00049180612

BBB <phi**2>/<phi>**2
1.1127596     0.0016706758

Time = 19000
Temperature
1.0129632     0.0061134835

Pressure
27.470903     0.079249635 

CM Mom
-7.9108076e-17 1.4770299e-17 
2.2857774e-17  2.0347181e-17 
6.9431163e-17  1.5322977e-17 
1.1053724e-16  1.5802987e-17 

CM Pos
10.002626      0.01569007    
9.9903704      0.0099837965  
9.9943061      0.010244855   
17.313185      0.016260144   

Stress
24.4254      0.00445113   -0.0155253    0.0610059    0.0662768    0.0643132   
0.00445113   24.4566      -0.0202912    0.0662768    0.089406     0.0498349   
-0.0155253   -0.0202912   24.4167       0.0643132    0.0498349    0.104627    

Stress Spherical
0            0            0             0            0            0           
0            0            0             0            0            0           
0            0            0             0            0            0           

Inertia
266.384      -99.9309     -99.997       0.296126     0.202771     0.26207     
-99.9309     266.605      -99.8287      0.202771     0.455855     0.168919    
-99.997      -99.8287     266.54        0.26207      0.168919     0.474651    

Bond Length
0.59858439    0.00044714727

BB bond length
0.59858439    0.00044714727

Water EE distance
0             0           

PEG EE distance
5.496098      0.046806908 

BBB P2(x)
0.05298329    0.0026470298

BBB first bond length
0.59877239    0.00046524172

BBB second bond length
0.59868839    0.00045376439

BBB <phi**2>/<phi>**2
1.1134478     0.0014592065

Time = 20000
Temperature
1.0083533     0.0065612311

Pressure
27.459442     0.087711404 

CM Mom
-6.2780606e-17 2.0085952e-17 
3.0418343e-17  2.09224e-17   
9.9263346e-17  1.6556117e-17 
1.2437519e-16  1.913119e-17  

CM Pos
10.004877      0.012977048   
10.00054       0.0095556371  
10.002225      0.0081843456  
17.324928      0.0087957082  

Stress
24.427       0.0249832    0.0190574     0.122738     0.0401968    0.0308775   
0.0249832    24.4701      0.00352937    0.0401968    0.0874085    0.0467445   
0.0190574    0.00352937   24.4087       0.0308775    0.0467445    0.0783628   

Stress Spherical
0            0            0             0            0            0           
0            0            0             0            0            0           
0            0            0             0            0            0           

Inertia
266.742      -100.041     -100.042      0.163515     0.174575     0.213362    
-100.041     266.777      -100.054      0.174575     0.37714      0.103681    
-100.042     -100.054     266.779       0.213362     0.103681     0.316835    

Bond Length
0.59818399    0.00059881976

BB bond length
0.59818399    0.00059881976

Water EE distance
0             0           

PEG EE distance
5.4752519     0.044165112 

BBB P2(x)
0.051323478   0.0022673889

BBB first bond length
0.59831461    0.00065634392

BBB second bond length
0.59837414    0.00065022115

BBB <phi**2>/<phi>**2
1.1124627     0.0013393073

Time = 21000
Temperature
1.0125586     0.0054157319

Pressure
27.470131     0.048647491 

CM Mom
-6.8685477e-17 1.2294445e-17 
2.3057037e-17  2.2523477e-17 
9.6833677e-17  1.5350089e-17 
1.2332669e-16  1.7626535e-17 

CM Pos
10.002543      0.0099402027  
9.9917875      0.0086129063  
9.9950563      0.0070750953  
17.314387      0.0080114233  

Stress
24.4161      -0.0182296   0.0105054     0.0866436    0.0433718    0.0716147   
-0.0182296   24.4526      0.00497566    0.0433718    0.0451154    0.0555036   
0.0105054    0.00497566   24.4314       0.0716147    0.0555036    0.0652012   

Stress Spherical
0            0            0             0            0            0           
0            0            0             0            0            0           
0            0            0             0            0            0           

Inertia
266.438      -99.9362     -99.9932      0.189204     0.112046     0.162229    
-99.9362     266.597      -99.8754      0.112046     0.275179     0.159429    
-99.9932     -99.8754     266.562       0.162229     0.159429     0.234456    

Bond Length
0.59853144    0.00038425515

BB bond length
0.59853144    0.00038425515

Water EE distance
0             0           

PEG EE distance
5.3938929     0.032831816 

BBB P2(x)
0.05147279    0.0041575023

BBB first bond length
0.59865859    0.00038901601

BBB second bond length
0.59863014    0.00040207613

BBB <phi**2>/<phi>**2
1.1124772     0.0016017968

Time = 22000
Temperature
1.0144288     0.0077763778

Pressure
27.446996     0.067295505 

CM Mom
-7.9768735e-17 1.7294147e-17 
2.0816971e-18  1.6743914e-17 
9.5941596e-17  1.8956492e-17 
1.2708779e-16  1.8964786e-17 

CM Pos
9.9996256      0.012812425   
10.001207      0.0079539969  
10.002809      0.01194111    
17.322618      0.009522049   

Stress
24.4027      -0.0199901   0.0027061     0.102079     0.0426949    0.0659764   
-0.0199901   24.4216      -0.0138375    0.0426949    0.090264     0.0449804   
0.0027061    -0.0138375   24.3896       0.0659764    0.0449804    0.0819687   

Stress Spherical
0            0            0             0            0            0           
0            0            0             0            0            0           
0            0            0             0            0            0           

Inertia
266.751      -100         -100.018      0.240421     0.18371      0.122163    
-100         266.715      -100.032      0.18371      0.248117     0.152981    
-100.018     -100.032     266.649       0.122163     0.152981     0.383587    

Bond Length
0.59873359    0.00059798411

BB bond length
0.59873359    0.00059798411

Water EE distance
0             0           

PEG EE distance
5.3855399     0.016562603 

BBB P2(x)
0.052531637   0.0035270917

BBB first bond length
0.59889219    0.00059601259

BBB second bond length
0.59886986    0.0005627451

BBB <phi**2>/<phi>**2
1.1124842     0.0014426006

Time = 23000
Temperature
1.0152901     0.0045542392

Pressure
27.461462     0.056425773 

CM Mom
-1.0911864e-16 3.5863051e-17 
-6.5813788e-18 1.8147834e-17 
9.1264169e-17  2.3702159e-17 
1.4584965e-16  3.44168e-17   

CM Pos
9.997625       0.013855686   
10.002791      0.0099416006  
10.008394      0.0094396783  
17.325605      0.0080972137  

Stress
24.413       -0.0170309   -0.0253756    0.108399     0.0539762    0.030252    
-0.0170309   24.4197      -0.00356021   0.0539762    0.0763711    0.0587482   
-0.0253756   -0.00356021  24.4168       0.030252     0.0587482    0.0937706   

Stress Spherical
0            0            0             0            0            0           
0            0            0             0            0            0           
0            0            0             0            0            0           

Inertia
266.864      -99.9928     -100.1        0.264041     0.179191     0.109187    
-99.9928     266.799      -100.09       0.179191     0.165482     0.13575     
-100.1       -100.09      266.643       0.109187     0.13575      0.384142    

Bond Length
0.59855647    0.00036197862

BB bond length
0.59855647    0.00036197862

Water EE distance
0             0           

PEG EE distance
5.3385805     0.019469702 

BBB P2(x)
0.051407059   0.003332383 

BBB first bond length
0.59867364    0.00041594427

BBB second bond length
0.59871667    0.0003811236

BBB <phi**2>/<phi>**2
1.1124846     0.0012756982

Time = 24000
Temperature
1.0155008     0.0061483798

Pressure
27.461262     0.053155939 

CM Mom
-9.5172484e-17 2.899842e-17  
-3.303183e-18  1.6693613e-17 
7.9096392e-17  2.6972283e-17 
1.2936332e-16  2.0908663e-17 

CM Pos
10.007545      0.0083607345  
9.9975392      0.0084635724  
9.998474       0.0088000569  
17.322567      0.010113002   

Stress
24.4005      -0.00233968  -0.0226135    0.0529279    0.0595585    0.0830087   
-0.00233968  24.4584      0.0136514     0.0595585    0.112679     0.0700581   
-0.0226135   0.0136514    24.388        0.0830087    0.0700581    0.0693023   

Stress Spherical
0            0            0             0            0            0           
0            0            0             0            0            0           
0            0            0             0            0            0           

Inertia
266.586      -100.019     -100.102      0.264502     0.171521     0.145291    
-100.019     266.838      -99.9373      0.171521     0.293425     0.178465    
-100.102     -99.9373     266.777       0.145291     0.178465     0.251616    

Bond Length
0.59861994    0.00049191526

BB bond length
0.59861994    0.00049191526

Water EE distance
0             0           

PEG EE distance
5.3390497     0.031806047 

BBB P2(x)
0.051990695   0.0047757133

BBB first bond length
0.59876135    0.00050475142

BBB second bond length
0.59874416    0.00048767409

BBB <phi**2>/<phi>**2
1.1126178     0.0017261384

Time = 25000
Temperature
1.0135345     0.0049264807

Pressure
27.451155     0.07514615  

CM Mom
-8.3432268e-17 3.4441755e-17 
1.7073271e-17  2.9063922e-17 
5.3846025e-17  4.3153936e-17 
1.1434534e-16  3.1147794e-17 

CM Pos
9.9966247      0.0089270552  
9.9921209      0.0093806059  
10.002225      0.0069642308  
17.315302      0.0062189922  

Stress
24.4158      -0.00148243  0.00499987    0.0491093    0.0574932    0.0683454   
-0.00148243  24.4155      -0.00748313   0.0574932    0.0943164    0.0473154   
0.00499987   -0.00748313  24.403        0.0683454    0.0473154    0.150783    

Stress Spherical
0            0            0             0            0            0           
0            0            0             0            0            0           
0            0            0             0            0            0           

Inertia
266.555      -99.8928     -99.995       0.206993     0.14617      0.105881    
-99.8928     266.693      -99.9048      0.14617      0.225065     0.138865    
-99.995      -99.9048     266.451       0.105881     0.138865     0.223413    

Bond Length
0.59873537    0.00043258974

BB bond length
0.59873537    0.00043258974

Water EE distance
0             0           

PEG EE distance
5.3062159     0.021941448 

BBB P2(x)
0.053456727   0.002410825 

BBB first bond length
0.59888043    0.00045746102

BBB second bond length
0.59888535    0.00040965125

BBB <phi**2>/<phi>**2
1.113085      0.00097336868

Time = 26000
Temperature
1.0126737     0.0071273861

Pressure
27.487724     0.076618307 

CM Mom
-7.8275975e-17 1.4895779e-17 
2.6442354e-17  1.780767e-17  
8.2505655e-17  2.40097e-17   
1.1958119e-16  2.1196942e-17 

CM Pos
9.9987087      0.015635726   
9.997956       0.0071532323  
9.9937226      0.01012581    
17.314966      0.012349261   

Stress
24.4826      -0.00146228  -0.0211538    0.091652     0.0346803    0.083875    
-0.00146228  24.4291      -0.00868572   0.0346803    0.0862856    0.0448212   
-0.0211538   -0.00868572  24.44         0.083875     0.0448212    0.106061    

Stress Spherical
0            0            0             0            0            0           
0            0            0             0            0            0           
0            0            0             0            0            0           

Inertia
266.534      -99.9872     -99.9124      0.199584     0.245385     0.196931    
-99.9872     266.557      -99.8978      0.245385     0.382586     0.0998803   
-99.9124     -99.8978     266.59        0.196931     0.0998803    0.394028    

Bond Length
0.5985492     0.00047238963

BB bond length
0.5985492     0.00047238963

Water EE distance
0             0           

PEG EE distance
5.290522      0.03050159  

BBB P2(x)
0.051280336   0.0029529247

BBB first bond length
0.59865098    0.00050674763

BBB second bond length
0.59864891    0.00046960727

BBB <phi**2>/<phi>**2
1.1124113     0.0013538904

Time = 27000
Temperature
1.0130039     0.0050617824

Pressure
27.44463      0.079705853 

CM Mom
-7.0768909e-17 1.543329e-17  
3.9597476e-17  1.2343284e-17 
7.3675072e-17  3.4406888e-17 
1.1305005e-16  2.8253802e-17 

CM Pos
9.9917066      0.012369556   
10.00079       0.010016801   
9.9991408      0.0061937592  
17.315687      0.009912212   

Stress
24.433       -0.0350606   -0.0291101    0.0855394    0.0721686    0.0542028   
-0.0350606   24.4221      0.026195      0.0721686    0.105647     0.0709946   
-0.0291101   0.026195     24.3645       0.0542028    0.0709946    0.114176    

Stress Spherical
0            0            0             0            0            0           
0            0            0             0            0            0           
0            0            0             0            0            0           

Inertia
266.722      -99.9378     -99.8577      0.232577     0.1389       0.170875    
-99.9378     266.49       -99.9639      0.1389       0.371849     0.104665    
-99.8577     -99.9639     266.513       0.170875     0.104665     0.291565    

Bond Length
0.59852467    0.00066307894

BB bond length
0.59852467    0.00066307894

Water EE distance
0             0           

PEG EE distance
5.2631699     0.032312689 

BBB P2(x)
0.055205617   0.003317734 

BBB first bond length
0.59868662    0.00061654301

BBB second bond length
0.59867778    0.00065714828

BBB <phi**2>/<phi>**2
1.1134129     0.0016477157

Time = 28000
Temperature
1.0107827     0.0027815459

Pressure
27.411734     0.04630618  

CM Mom
-6.8355726e-17 2.3410744e-17 
1.4455388e-17  1.6941772e-17 
5.7779675e-17  1.2513151e-17 
9.4893329e-17  1.4383182e-17 

CM Pos
9.9918734      0.0075557165  
10.00204       0.0058141585  
9.997557       0.012365061   
17.315591      0.0074690065  

Stress
24.3716      -0.0483853   0.0325584     0.0843017    0.0577471    0.0541694   
-0.0483853   24.4121      0.0178219     0.0577471    0.066312     0.0664491   
0.0325584    0.0178219    24.3571       0.0541694    0.0664491    0.0804152   

Stress Spherical
