Time = 500
Temperature
   1.0374608   0.054297809

Pressure
   23.192639    0.18994892

CM Mom
2.2019698e-17  2.5489078e-17 
3.3144166e-17  2.1613179e-17 
3.7336877e-18  8.3498859e-18 
4.8772322e-17  2.0128263e-17 

CM Pos
7.504021       0.0060522487  
7.4990956      0.027492546   
7.5284285      0.010657736   
13.008642      0.012236217   

Stress
20.1189      -0.0024072   0.00520169    0.0764557    0.0734096    0.0515471   
-0.0024072   20.044       0.056112      0.0734096    0.143862     0.0745253   
0.00520169   0.056112     20.0917       0.0515471    0.0745253    0.109348    

Stress Spherical
0            0            0             0            0            0           
0            0            0             0            0            0           
0            0            0             0            0            0           

Inertia
150.182      -56.2337     -56.4408      0.30885      0.257891     0.156276    
-56.2337     150.216      -56.4576      0.257891     0.183715     0.130452    
-56.4408     -56.4576     149.895       0.156276     0.130452     0.366601    

Bond Length
0.61027219    0.0035717923

BB bond length
0.61027219    0.0035717923

Water EE distance
0             0           

PEG EE distance
3.8449052     0.22105351  

Time = 1000
Temperature
1.0061419     0.0071667009

Pressure
23.057914     0.070199927 

CM Mom
-4.9888657e-18 1.6177567e-17 
4.3706109e-18  1.0015596e-17 
-2.6257982e-17 5.1209238e-17 
5.5721579e-17  2.4758639e-17 

CM Pos
7.502834       0.011047187   
7.4982054      0.012399159   
7.5165591      0.02162307    
13.00057       0.013812381   

Stress
20.1145      -0.0255171   -0.0106117    0.0808392    0.0333177    0.0335152   
-0.0255171   19.9788      -0.0111018    0.0333177    0.176317     0.086901    
-0.0106117   -0.0111018   20.0386       0.0335152    0.086901     0.0925814   

Stress Spherical
0            0            0             0            0            0           
0            0            0             0            0            0           
0            0            0             0            0            0           

Inertia
150.066      -56.2007     -56.3997      0.318899     0.0947144    0.173675    
-56.2007     150.055      -56.4123      0.0947144    0.426384     0.169053    
-56.3997     -56.4123     149.889       0.173675     0.169053     0.187933    

Bond Length
0.61296714    0.0042022838

BB bond length
0.61296714    0.0042022838

Water EE distance
0             0           

PEG EE distance
3.6722273     0.21606571  

