Time = 1000
Temperature
   1.0823991    0.11370733

Pressure
    23.70996    0.61546136

CM Mom
-9.1358671e-18 2.5120697e-17 
-1.0576769e-17 9.3581633e-18 
-1.1546621e-16 1.3729868e-16 
1.2948419e-16  1.2779348e-16 

CM Pos
7.5012302      0.01130813    
7.5018412      0.018916768   
7.4999089      0.01518943    
12.992126      0.0087090837  

Stress
20.5134      0.00384512   0.0118973     0.286458     0.0691618    0.0893767   
0.00384512   20.4784      -0.0443891    0.0691618    0.348612     0.074338    
0.0118973    -0.0443891   20.411        0.0893767    0.074338     0.287134    

Stress Spherical
0            0            0             0            0            0           
0            0            0             0            0            0           
0            0            0             0            0            0           

Inertia
150.116      -56.2479     -56.2419      1.22021      0.128106     0.105023    
-56.2479     150.116      -56.3025      0.128106     0.994605     0.16591     
-56.2419     -56.3025     150.132       0.105023     0.16591      1.37449     

Bond Length
0.61792345    0.0051296799

BB bond length
0.61792345    0.0051296799

Water EE distance
0             0           

PEG EE distance
6.6427131     0.25220384  

BBB P2(x)
0.47788569    0.062075797 

BBB first bond length
0.61793923    0.0051231166

BBB second bond length
0.61791425    0.0054635018

BBB <phi**2>/<phi>**2
1.2214159     0.0117412   

Time = 2000
Temperature
1.0055888     0.0067432288

Pressure
23.312484     0.090212425 

CM Mom
-1.3421509e-17 2.6505664e-17 
-7.5917402e-18 2.5758833e-17 
3.0530035e-17  5.5241764e-17 
6.325734e-17   3.9825665e-17 

CM Pos
7.5039008      0.013966303   
7.4990222      0.015333668   
7.5016893      0.014157288   
12.993062      0.013334135   

Stress
20.2647      0.00893397   -0.000389893  0.0974441    0.0711409    0.0721717   
0.00893397   20.3394      0.0140465     0.0711409    0.118732     0.0568214   
-0.000389893 0.0140465    20.2965       0.0721717    0.0568214    0.0971638   

Stress Spherical
0            0            0             0            0            0           
0            0            0             0            0            0           
0            0            0             0            0            0           

Inertia
149.874      -56.2793     -56.2961      0.376047     0.133964     0.17715     
-56.2793     149.962      -56.2843      0.133964     0.424163     0.152752    
-56.2961     -56.2843     149.922       0.17715      0.152752     0.341082    

Bond Length
0.61865032    0.0032432623

BB bond length
0.61865032    0.0032432623

Water EE distance
0             0           

PEG EE distance
6.8859163     0.097431064 

BBB P2(x)
0.51229189    0.0093062766

BBB first bond length
0.61849506    0.0032246479

BBB second bond length
0.61872933    0.0034495406

BBB <phi**2>/<phi>**2
1.2259143     0.0084383529

Time = 3000
Temperature
1.0166818     0.009385076 

Pressure
23.305038     0.086206902 

CM Mom
-4.8194771e-19 2.2811187e-17 
-6.5045782e-18 2.4457041e-17 
3.3587266e-17  4.0095859e-17 
5.504798e-17   2.9437071e-17 

CM Pos
7.5058296      0.01577173    
7.4979836      0.0070283201  
7.5016893      0.0090553083  
12.993569      0.01149902    

Stress
20.2643      0.0266225    0.0598347     0.0962476    0.0389207    0.0728543   
0.0266225    20.2417      -0.0142325    0.0389207    0.0896093    0.0413292   
0.0598347    -0.0142325   20.2725       0.0728543    0.0413292    0.175292    

Stress Spherical
0            0            0             0            0            0           
0            0            0             0            0            0           
0            0            0             0            0            0           

Inertia
149.932      -56.3319     -56.3397      0.285869     0.128474     0.121064    
-56.3319     150.057      -56.1909      0.128474     0.385367     0.110894    
-56.3397     -56.1909     149.988       0.121064     0.110894     0.342754    

Bond Length
0.61873077    0.0020656682

BB bond length
0.61873077    0.0020656682

Water EE distance
0             0           

PEG EE distance
6.9292248     0.21425852  

BBB P2(x)
0.50844577    0.010822674 

BBB first bond length
0.61900625    0.0021987076

BBB second bond length
0.61870403    0.0021509316

BBB <phi**2>/<phi>**2
1.2244736     0.0069970528

Time = 4000
Temperature
1.014752      0.0058816308

Pressure
23.226992     0.061725562 

CM Mom
-2.774679e-17  2.6904653e-17 
3.114225e-17   1.5623302e-17 
2.9319606e-17  2.2366397e-17 
5.7549358e-17  2.7488879e-17 

CM Pos
7.5016753      0.015670915   
7.5045118      0.015490069   
7.4892264      0.010006866   
12.987751      0.015895589   

Stress
20.211       0.0177394    0.00136717    0.109093     0.038053     0.092554    
0.0177394    20.1465      0.0164157     0.038053     0.0714463    0.0771553   
0.00136717   0.0164157    20.2043       0.092554     0.0771553    0.125413    

Stress Spherical
0            0            0             0            0            0           
0            0            0             0            0            0           
0            0            0             0            0            0           

Inertia
149.852      -56.2837     -56.1741      0.250166     0.216567     0.12855     
-56.2837     149.82       -56.2086      0.216567     0.26073      0.149092    
-56.1741     -56.2086     150.049       0.12855      0.149092     0.421051    

Bond Length
0.61942684    0.0024333059

BB bond length
0.61942684    0.0024333059

Water EE distance
0             0           

PEG EE distance
6.9245817     0.22375594  

BBB P2(x)
0.52083582    0.011048478 

BBB first bond length
0.61958222    0.002807177 

BBB second bond length
0.619313      0.0024420919

BBB <phi**2>/<phi>**2
1.2221138     0.005527402 

Time = 5000
Temperature
1.0101552     0.0051572928

Pressure
23.274063     0.072543186 

CM Mom
-4.3449555e-17 3.834535e-17  
1.4521574e-17  2.0858073e-17 
6.2026436e-17  1.4420783e-17 
8.7888582e-17  1.8303003e-17 

CM Pos
7.5024172      0.017952522   
7.5056988      0.010776866   
7.5052501      0.012959072   
12.998117      0.010881886   

Stress
20.2583      0.0780896    0.0134115     0.101997     0.0557533    0.0794764   
0.0780896    20.2304      0.0196955     0.0557533    0.134899     0.0814185   
0.0134115    0.0196955    20.2556       0.0794764    0.0814185    0.119106    

Stress Spherical
0            0            0             0            0            0           
0            0            0             0            0            0           
0            0            0             0            0            0           

Inertia
150.114      -56.3135     -56.2988      0.35745      0.14013      0.153052    
-56.3135     150.065      -56.3529      0.14013      0.209178     0.168638    
-56.2988     -56.3529     150.081       0.153052     0.168638     0.257969    

Bond Length
0.61997064    0.0028848098

BB bond length
0.61997064    0.0028848098

Water EE distance
0             0           

PEG EE distance
7.1172573     0.095858791 

BBB P2(x)
0.51886484    0.0086887649

BBB first bond length
0.62016606    0.0028970988

BBB second bond length
0.6200005     0.0030246129

BBB <phi**2>/<phi>**2
1.2217885     0.0095016825

Time = 6000
Temperature
1.0123187     0.0055143916

Pressure
23.239661     0.05374583  

CM Mom
-2.6713437e-17 1.6456314e-17 
4.738489e-18   1.6146898e-17 
8.1827884e-17  9.9495296e-18 
8.9176813e-17  1.0482625e-17 

CM Pos
7.5001917      0.011584108   
7.5006543      0.014615561   
7.4936774      0.010584158   
12.987235      0.008189771   

Stress
20.1917      0.0155563    0.033183      0.0626084    0.0898851    0.0427955   
0.0155563    20.1994      -0.0315964    0.0898851    0.0526932    0.0655562   
0.033183     -0.0315964   20.2305       0.0427955    0.0655562    0.126122    

Stress Spherical
0            0            0             0            0            0           
0            0            0             0            0            0           
0            0            0             0            0            0           

Inertia
149.866      -56.2953     -56.1916      0.276949     0.150149     0.0918703   
-56.2953     149.859      -56.186       0.150149     0.0889057    0.176948    
-56.1916     -56.186      149.995       0.0918703    0.176948     0.260541    

Bond Length
0.6196253     0.0017826413

BB bond length
0.6196253     0.0017826413

Water EE distance
0             0           

PEG EE distance
7.1726255     0.16795239  

BBB P2(x)
0.51588857    0.0087392915

BBB first bond length
0.61949138    0.0015958033

BBB second bond length
0.61971806    0.0017232651

BBB <phi**2>/<phi>**2
1.2272282     0.0074142701

Time = 7000
Temperature
1.0095092     0.0058791465

Pressure
23.285161     0.055939597 

CM Mom
-2.200048e-17  2.0678984e-17 
-1.7775785e-17 1.7774476e-17 
7.200252e-17   2.6973949e-17 
8.226307e-17   2.6235401e-17 

CM Pos
7.5036041      0.017280249   
7.4883397      0.0080022472  
7.4960513      0.018256494   
12.983474      0.013700268   

Stress
20.2793      0.0111082    0.0238359     0.0772013    0.0510207    0.08775     
0.0111082    20.3003      0.00396577    0.0510207    0.0861085    0.0570397   
0.0238359    0.00396577   20.2038       0.08775      0.0570397    0.0941993   

Stress Spherical
0            0            0             0            0            0           
0            0            0             0            0            0           
0            0            0             0            0            0           

Inertia
149.723      -56.1684     -56.2254      0.344311     0.115468     0.187981    
-56.1684     149.963      -56.1361      0.115468     0.301313     0.193546    
-56.2254     -56.1361     149.867       0.187981     0.193546     0.280935    

Bond Length
0.61793375    0.001577923 

BB bond length
0.61793375    0.001577923 

Water EE distance
0             0           

PEG EE distance
7.1373898     0.10802101  

BBB P2(x)
0.51365631    0.0062543635

BBB first bond length
0.61790624    0.0017593114

BBB second bond length
0.61782515    0.0016400003

BBB <phi**2>/<phi>**2
1.2306752     0.0073929365

Time = 8000
Temperature
1.0132851     0.0091102209

Pressure
23.318889     0.061174473 

CM Mom
-1.0451718e-17 1.7452633e-17 
-3.5813203e-17 2.2799739e-17 
6.7733488e-17  1.7394212e-17 
8.292187e-17   1.5185317e-17 

CM Pos
7.5107258      0.012378725   
7.4966483      0.011981114   
7.4984252      0.0079636421  
12.993741      0.013220711   

Stress
20.3118      0.0232552    -0.010705     0.130335     0.0950499    0.0817572   
0.0232552    20.2655      0.0107572     0.0950499    0.0836967    0.0946116   
-0.010705    0.0107572    20.2733       0.0817572    0.0946116    0.104937    

Stress Spherical
0            0            0             0            0            0           
0            0            0             0            0            0           
0            0            0             0            0            0           

Inertia
149.894      -56.311      -56.2874      0.28699      0.112798     0.107447    
-56.311      150.102      -56.2083      0.112798     0.244887     0.124355    
-56.2874     -56.2083     150.099       0.107447     0.124355     0.293867    

Bond Length
0.61831733    0.0021811136

BB bond length
0.61831733    0.0021811136

Water EE distance
0             0           

PEG EE distance
7.3049123     0.1398106   

BBB P2(x)
0.51565864    0.0095797679

BBB first bond length
0.6183717     0.002175598 

BBB second bond length
0.61836134    0.0020978984

BBB <phi**2>/<phi>**2
1.2284013     0.0077727405

Time = 9000
Temperature
1.0115782     0.0057469805

Pressure
23.258323     0.033711549 

CM Mom
-3.3567225e-17 1.9864419e-17 
-2.7834093e-17 1.330321e-17  
6.3635354e-17  2.6948031e-17 
8.2692055e-17  2.0266835e-17 

CM Pos
7.4990047      0.0076290565  
7.5012477      0.015907923   
7.4994638      0.007177084   
12.990223      0.014737803   

Stress
20.2524      -0.0201522   0.00776814    0.0792295    0.066715     0.0582033   
-0.0201522   20.2606      -0.0154035    0.066715     0.0712901    0.0513406   
0.00776814   -0.0154035   20.1712       0.0582033    0.0513406    0.119726    

Stress Spherical
0            0            0             0            0            0           
0            0            0             0            0            0           
0            0            0             0            0            0           

Inertia
149.984      -56.2788     -56.2518      0.30857      0.213498     0.122343    
-56.2788     149.961      -56.279       0.213498     0.215268     0.197972    
-56.2518     -56.279      149.986       0.122343     0.197972     0.359595    

Bond Length
0.61921794    0.001322377 

BB bond length
0.61921794    0.001322377 

Water EE distance
0             0           

PEG EE distance
7.2703681     0.18690244  

BBB P2(x)
0.51452001    0.011113985 

BBB first bond length
0.61931058    0.0012425156

BBB second bond length
0.61936904    0.0013032762

BBB <phi**2>/<phi>**2
1.2241118     0.0085461247

Time = 10000
Temperature
1.0072861     0.0070519408

Pressure
23.236824     0.074659043 

CM Mom
-2.7842054e-17 1.131276e-17  
-2.6487769e-17 1.7032412e-17 
7.8153771e-17  1.897976e-17  
9.0316851e-17  1.4351762e-17 

CM Pos
7.5129513      0.011334379   
7.490862       0.0074716192  
7.5046566      0.014403923   
12.995289      0.013160376   

Stress
20.1858      -0.0176207   -0.0316896    0.134783     0.0532032    0.0303479   
-0.0176207   20.2194      -0.0143809    0.0532032    0.152093     0.0446497   
-0.0316896   -0.0143809   20.2531       0.0303479    0.0446497    0.0700241   

Stress Spherical
0            0            0             0            0            0           
0            0            0             0            0            0           
0            0            0             0            0            0           

Inertia
149.906      -56.31       -56.4038      0.278047     0.145727     0.143693    
-56.31       150.232      -56.1836      0.145727     0.249494     0.130756    
-56.4038     -56.1836     150.052       0.143693     0.130756     0.241692    

Bond Length
0.61845687    0.0034365483

BB bond length
0.61845687    0.0034365483

Water EE distance
0             0           

PEG EE distance
7.0803414     0.14087357  

BBB P2(x)
0.51157637    0.012241267 

BBB first bond length
0.61844376    0.0030783587

BBB second bond length
0.61836333    0.0035591626

BBB <phi**2>/<phi>**2
1.2209756     0.0087531235

Time = 11000
Temperature
1.0139972     0.011815338 

Pressure
23.24366      0.072524025 

CM Mom
-1.2206688e-17 2.0740425e-17 
-4.227715e-17  2.1002038e-17 
8.7168636e-17  2.7322218e-17 
1.0317741e-16  2.251463e-17  

CM Pos
7.5039008      0.016307656   
7.5000608      0.013320104   
7.4996121      0.014129273   
12.992465      0.010699786   

Stress
20.2152      -0.0156775   -0.00994495   0.136213     0.0680828    0.0806487   
-0.0156775   20.2339      0.0227444     0.0680828    0.0967128    0.0741201   
-0.00994495  0.0227444    20.1694       0.0806487    0.0741201    0.0739581   

Stress Spherical
0            0            0             0            0            0           
0            0            0             0            0            0           
0            0            0             0            0            0           

Inertia
149.997      -56.2839     -56.3146      0.388935     0.182707     0.103674    
-56.2839     150.048      -56.2731      0.182707     0.200106     0.185673    
-56.3146     -56.2731     150.058       0.103674     0.185673     0.256607    

Bond Length
0.61951556    0.0025522432

BB bond length
0.61951556    0.0025522432

Water EE distance
0             0           

PEG EE distance
7.3752014     0.11097638  

BBB P2(x)
0.51055201    0.010820654 

BBB first bond length
0.61944546    0.002647164 

BBB second bond length
0.61937068    0.0025751455

BBB <phi**2>/<phi>**2
1.2254896     0.0099004467

Time = 12000
Temperature
1.0117732     0.0090627055

Pressure
23.264952     0.12061029  

CM Mom
-2.2935687e-17 2.5213449e-17 
-2.2528413e-17 1.6090433e-17 
7.1463881e-17  1.2354736e-17 
8.3111339e-17  1.6745933e-17 

CM Pos
7.5070166      0.0098147391  
7.5003575      0.013962362   
7.5028762      0.0096849163  
12.996311      0.0098042239  

Stress
20.2764      0.013091     -0.0423818    0.130763     0.0820008    0.0710407   
0.013091     20.1815      -0.0271512    0.0820008    0.139953     0.0903714   
-0.0423818   -0.0271512   20.2445       0.0710407    0.0903714    0.152531    

Stress Spherical
0            0            0             0            0            0           
0            0            0             0            0            0           
0            0            0             0            0            0           

Inertia
150.022      -56.3013     -56.3444      0.293096     0.114551     0.179401    
-56.3013     150.111      -56.2769      0.114551     0.264117     0.157259    
-56.3444     -56.2769     150.083       0.179401     0.157259     0.124786    

Bond Length
0.61920411    0.002434791 

BB bond length
0.61920411    0.002434791 

Water EE distance
0             0           

PEG EE distance
7.4523214     0.16083988  

BBB P2(x)
0.51550448    0.0084540114

BBB first bond length
0.61910502    0.0025450491

BBB second bond length
0.61921251    0.0025702251

BBB <phi**2>/<phi>**2
1.2260082     0.0091237736

Time = 13000
Temperature
1.0118487     0.0095833435

Pressure
23.275264     0.11499259  

CM Mom
-9.4149328e-18 1.3427073e-17 
-3.5239972e-17 1.6469253e-17 
5.2512671e-17  1.5755736e-17 
6.8052497e-17  1.2518014e-17 

CM Pos
7.5085003      0.0085694535  
7.5012477      0.008361426   
7.4973866      0.01578847    
12.994514      0.010323273   

Stress
20.2273      0.0133531    -0.0291698    0.167725     0.0494715    0.066281    
0.0133531    20.2835      0.0447828     0.0494715    0.116464     0.0725183   
-0.0291698   0.0447828    20.2219       0.066281     0.0725183    0.127223    

Stress Spherical
0            0            0             0            0            0           
0            0            0             0            0            0           
0            0            0             0            0            0           

Inertia
149.969      -56.3379     -56.3172      0.269516     0.0933886    0.153535    
-56.3379     150.061      -56.2311      0.0933886    0.251453     0.16503     
-56.3172     -56.2311     150.144       0.153535     0.16503      0.174868    

Bond Length
0.61939012    0.0025515305

BB bond length
0.61939012    0.0025515305

Water EE distance
0             0           

PEG EE distance
7.5258856     0.20863725  

BBB P2(x)
0.51285337    0.0053829752

BBB first bond length
0.61915663    0.0023794229

BBB second bond length
0.61934922    0.0025466728

BBB <phi**2>/<phi>**2
1.2239615     0.0086829681

Time = 14000
Temperature
1.0087149     0.0054129766

Pressure
23.225277     0.04692237  

CM Mom
-1.2311835e-17 2.4335256e-17 
-4.3334388e-17 1.1858558e-17 
3.2411567e-17  2.0077484e-17 
6.2828061e-17  1.6386896e-17 

CM Pos
7.50761        0.015069393   
7.4985771      0.021663753   
7.5012442      0.013233889   
12.994699      0.01398854    

Stress
20.1998      0.0479554    0.0269627     0.0893748    0.0965071    0.055288    
0.0479554    20.2319      0.00221882    0.0965071    0.0908204    0.0866381   
0.0269627    0.00221882   20.1791       0.055288     0.0866381    0.113098    

Stress Spherical
0            0            0             0            0            0           
0            0            0             0            0            0           
0            0            0             0            0            0           

Inertia
149.998      -56.3426     -56.3368      0.254195     0.246639     0.160362    
-56.3426     150.13       -56.2624      0.246639     0.264586     0.11739     
-56.3368     -56.2624     150.077       0.160362     0.11739      0.528421    

Bond Length
0.61871223    0.00096354763

BB bond length
0.61871223    0.00096354763

Water EE distance
0             0           

PEG EE distance
7.516864      0.19813231  

BBB P2(x)
0.51181567    0.0095275832

BBB first bond length
0.61894281    0.00099421573

BBB second bond length
0.61875011    0.0012138309

BBB <phi**2>/<phi>**2
1.2283641     0.0083614023

Time = 15000
Temperature
1.0053497     0.0050903589

Pressure
23.22993      0.056730988 

CM Mom
1.6231109e-17  2.2521982e-17 
-4.8733822e-17 9.0939322e-18 
3.0302033e-17  1.6469285e-17 
6.5075276e-17  1.3528954e-17 

CM Pos
7.5007851      0.012575442   
7.505402       0.013714208   
7.5043599      0.0097754103  
12.996482      0.012775412   

Stress
20.2116      0.0287007    -0.0324589    0.116229     0.0675503    0.0927475   
0.0287007    20.2346      0.0359138     0.0675503    0.0819532    0.0726487   
-0.0324589   0.0359138    20.2088       0.0927475    0.0726487    0.0730487   

Stress Spherical
0            0            0             0            0            0           
0            0            0             0            0            0           
0            0            0             0            0            0           

Inertia
150.168      -56.3443     -56.2637      0.278341     0.130514     0.13178     
-56.3443     150.079      -56.3309      0.130514     0.252439     0.140282    
-56.2637     -56.3309     150.095       0.13178      0.140282     0.284899    

Bond Length
0.61921323    0.0016577027

BB bond length
0.61921323    0.0016577027

Water EE distance
0             0           

PEG EE distance
7.3271017     0.064739915 

BBB P2(x)
0.51350196    0.011126762 

BBB first bond length
0.61923935    0.0013999172

BBB second bond length
0.61908957    0.0015401938

BBB <phi**2>/<phi>**2
1.2318547     0.013997243 

Time = 16000
Temperature
1.0071406     0.0085675248

Pressure
23.241982     0.12470751  

CM Mom
3.8781897e-17  3.3146673e-17 
-6.9432316e-17 1.9238466e-17 
2.2635482e-17  1.3713454e-17 
8.9979096e-17  1.9947145e-17 

CM Pos
7.5044943      0.01243904    
7.5019896      0.010679401   
7.4994638      0.014836795   
12.993829      0.01213699    

Stress
20.2264      0.0392034    -0.0212427    0.138095     0.0866359    0.0488566   
0.0392034    20.1893      -0.0246835    0.0866359    0.144241     0.0531223   
-0.0212427   -0.0246835   20.2594       0.0488566    0.0531223    0.177865    

Stress Spherical
0            0            0             0            0            0           
0            0            0             0            0            0           
0            0            0             0            0            0           

Inertia
150.025      -56.3055     -56.271       0.20244      0.132635     0.170539    
-56.3055     150.056      -56.2781      0.132635     0.361045     0.108333    
-56.271      -56.2781     150.097       0.170539     0.108333     0.215734    

Bond Length
0.61925549    0.0026228831

BB bond length
0.61925549    0.0026228831

Water EE distance
0             0           

PEG EE distance
6.9244172     0.23803261  

BBB P2(x)
0.51122565    0.010546983 

BBB first bond length
0.61905275    0.0027700008

BBB second bond length
0.61910622    0.002710148 

BBB <phi**2>/<phi>**2
1.2249663     0.013885634 

Time = 17000
Temperature
1.0076933     0.007978796 

Pressure
23.239939     0.09375333  

CM Mom
3.6423496e-17  1.8588769e-17 
-5.9263233e-17 2.5460516e-17 
-1.1923367e-17 1.1271298e-17 
7.5076477e-17  2.1571128e-17 

CM Pos
7.5050878      0.009621064   
7.4966483      0.010822728   
7.5030246      0.015899618   
12.993144      0.0118884     

Stress
20.195       0.0339018    -0.0263027    0.140024     0.0468695    0.0777164   
0.0339018    20.2206      0.00272068    0.0468695    0.0936474    0.0541017   
-0.0263027   0.00272068   20.2485       0.0777164    0.0541017    0.127478    

Stress Spherical
0            0            0             0            0            0           
0            0            0             0            0            0           
0            0            0             0            0            0           

Inertia
150.011      -56.2753     -56.2918      0.259201     0.133686     0.138091    
-56.2753     150.139      -56.2497      0.133686     0.267616     0.170195    
-56.2918     -56.2497     150.02        0.138091     0.170195     0.213775    

Bond Length
0.61879464    0.0018379531

BB bond length
0.61879464    0.0018379531

Water EE distance
0             0           

PEG EE distance
6.8867493     0.088731995 

BBB P2(x)
0.51804188    0.012273027 

BBB first bond length
0.61861728    0.0020670772

BBB second bond length
0.61899553    0.0021184269

BBB <phi**2>/<phi>**2
1.2299795     0.0073273791

Time = 18000
Temperature
1.0102264     0.011852146 

Pressure
23.204167     0.06398884  

CM Mom
2.6159561e-17  1.520063e-17  
-8.7614002e-17 2.2065496e-17 
-3.1451926e-17 2.2507896e-17 
1.0119218e-16  1.8288077e-17 

CM Pos
7.4988563      0.013087534   
7.4957581      0.010500636   
7.4979801      0.010171594   
12.986116      0.010466842   

Stress
20.1314      0.0565576    -0.0320752    0.114786     0.0759187    0.0890406   
0.0565576    20.2243      -0.0413942    0.0759187    0.0995272    0.0720698   
-0.0320752   -0.0413942   20.1782       0.0890406    0.0720698    0.0826065   

Stress Spherical
0            0            0             0            0            0           
0            0            0             0            0            0           
0            0            0             0            0            0           

Inertia
149.91       -56.237      -56.2602      0.232386     0.124097     0.115517    
-56.237      149.953      -56.2178      0.124097     0.220047     0.0966778   
-56.2602     -56.2178     149.91        0.115517     0.0966778    0.293321    

Bond Length
0.61957444    0.0022966488

BB bond length
0.61957444    0.0022966488

Water EE distance
0             0           

PEG EE distance
6.9924011     0.21368214  

BBB P2(x)
0.51527659    0.016126663 

BBB first bond length
0.61967516    0.0023332081

BBB second bond length
0.61970677    0.0023281057

BBB <phi**2>/<phi>**2
1.2233959     0.011523268 

Time = 19000
Temperature
1.0080429     0.00483029  

Pressure
23.226351     0.096929365 

CM Mom
1.6740579e-17  2.5158728e-17 
-1.0259295e-16 1.7348585e-17 
-5.0640885e-18 1.2426897e-17 
1.0805981e-16  1.5577074e-17 

CM Pos
7.5041976      0.017409701   
7.4969451      0.016420653   
7.4932323      0.013382756   
12.987154      0.017039639   

Stress
20.2153      -0.00165504  -0.0599813    0.134949     0.0839878    0.089086    
-0.00165504  20.1931      -0.00464293   0.0839878    0.139589     0.0806499   
-0.0599813   -0.00464293  20.2117       0.089086     0.0806499    0.0932875   

Stress Spherical
0            0            0             0            0            0           
0            0            0             0            0            0           
0            0            0             0            0            0           

Inertia
149.871      -56.271      -56.2355      0.322351     0.215479     0.181725    
-56.271      149.971      -56.1725      0.215479     0.294795     0.150431    
-56.2355     -56.1725     150.028       0.181725     0.150431     0.408927    

Bond Length
0.61876079    0.0026945337

BB bond length
0.61876079    0.0026945337

Water EE distance
0             0           

PEG EE distance
7.0569644     0.1521339   

BBB P2(x)
0.50973484    0.01014326  

BBB first bond length
0.61898234    0.0029297317

BBB second bond length
0.61869774    0.0027768715

BBB <phi**2>/<phi>**2
1.2217194     0.0089805995

Time = 20000
Temperature
1.0085855     0.0089815101

Pressure
23.286088     0.081240214 

CM Mom
4.1498155e-17  2.0293389e-17 
-1.3486409e-16 2.3084876e-17 
-4.2764451e-18 1.6316092e-17 
1.4306588e-16  2.5919306e-17 

CM Pos
7.5041976      0.019888501   
7.4917522      0.01232794    
7.5046566      0.013224737   
12.990752      0.016633318   

Stress
20.2307      0.00133591   -0.00342889   0.0942345    0.0446225    0.077894    
0.00133591   20.294       0.00117582    0.0446225    0.129997     0.0576691   
-0.00342889  0.00117582   20.2698       0.077894     0.0576691    0.135488    

Stress Spherical
0            0            0             0            0            0           
0            0            0             0            0            0           
0            0            0             0            0            0           

Inertia
149.952      -56.2062     -56.3146      0.277908     0.164302     0.237089    
-56.2062     150.125      -56.2446      0.164302     0.485559     0.174664    
-56.3146     -56.2446     149.928       0.237089     0.174664     0.354352    

Bond Length
0.61900496    0.001810774 

BB bond length
0.61900496    0.001810774 

Water EE distance
0             0           

PEG EE distance
6.9056351     0.07667599  

BBB P2(x)
0.50656555    0.0076738495

BBB first bond length
0.61893992    0.0017569965

BBB second bond length
0.61912999    0.0020153697

BBB <phi**2>/<phi>**2
1.2233817     0.010632081 

Time = 21000
Temperature
1.0124131     0.0069601712

Pressure
23.252257     0.11886113  

CM Mom
5.1852686e-17  1.9355122e-17 
-1.2723117e-16 1.3162733e-17 
3.1573546e-17  2.5179604e-17 
1.4429239e-16  1.5328368e-17 

CM Pos
7.503159       0.017261768   
7.4864109      0.0089218376  
7.4984252      0.012729417   
12.983469      0.013750077   

Stress
20.2054      0.0299477    0.0296989     0.150086     0.0679094    0.0681644   
0.0299477    20.2286      0.0183715     0.0679094    0.0825052    0.0438628   
0.0296989    0.0183715    20.2246       0.0681644    0.0438628    0.152894    

Stress Spherical
0            0            0             0            0            0           
0            0            0             0            0            0           
0            0            0             0            0            0           

Inertia
149.775      -56.1808     -56.2566      0.283095     0.191882     0.179597    
-56.1808     150.001      -56.1295      0.191882     0.37986      0.151973    
-56.2566     -56.1295     149.836       0.179597     0.151973     0.318918    

Bond Length
0.61802443    0.0024075826

BB bond length
0.61802443    0.0024075826

Water EE distance
0             0           

PEG EE distance
7.3767827     0.23615278  

BBB P2(x)
0.50998441    0.012437233 

BBB first bond length
0.61790746    0.0027601828

BBB second bond length
0.6179124     0.002423854 

BBB <phi**2>/<phi>**2
1.2232068     0.0089872021

Time = 22000
Temperature
1.0082229     0.0066545101

Pressure
23.216374     0.078030855 

CM Mom
4.3437613e-17  8.773398e-18  
-1.314873e-16  2.4049684e-17 
4.8724076e-17  1.4443861e-17 
1.485854e-16   1.8334048e-17 

CM Pos
7.5077584      0.01641529    
7.5008026      0.0077734047  
7.5007991      0.013637751   
12.9958        0.01265245    

Stress
20.1457      0.0260076    0.00433997    0.151588     0.0778415    0.0878394   
0.0260076    20.2502      0.0275298     0.0778415    0.111754     0.0440914   
0.00433997   0.0275298    20.1926       0.0878394    0.0440914    0.0976928   

Stress Spherical
0            0            0             0            0            0           
0            0            0             0            0            0           
0            0            0             0            0            0           

Inertia
150.026      -56.3327     -56.3114      0.278914     0.162429     0.196888    
-56.3327     150.124      -56.2723      0.162429     0.348366     0.159239    
-56.3114     -56.2723     150.141       0.196888     0.159239     0.264916    

Bond Length
0.61859828    0.00285129  

BB bond length
0.61859828    0.00285129  

Water EE distance
0             0           

PEG EE distance
7.4798583     0.15450422  

BBB P2(x)
0.50981146    0.012699774 

BBB first bond length
0.618715      0.0028167108

BBB second bond length
0.61845778    0.0029304313

BBB <phi**2>/<phi>**2
1.2215834     0.0086532934

Time = 23000
Temperature
1.0096518     0.0078290132

Pressure
23.255534     0.06020598  

CM Mom
2.9606496e-17  2.9841493e-17 
-1.7451476e-16 1.7413821e-17 
6.7721545e-17  1.6881539e-17 
1.926145e-16   1.7220601e-17 

CM Pos
7.5013786      0.0096610211  
7.4970934      0.0090977506  
7.5077724      0.012381392   
12.993995      0.012755646   

Stress
20.1748      0.0123299    0.0300311     0.132975     0.0861538    0.0814685   
0.0123299    20.2736      -0.0193458    0.0861538    0.0648107    0.0784523   
0.0300311    -0.0193458   20.2448       0.0814685    0.0784523    0.085462    

Stress Spherical
0            0            0             0            0            0           
0            0            0             0            0            0           
0            0            0             0            0            0           

Inertia
150.047      -56.2668     -56.3095      0.245887     0.162774     0.161651    
-56.2668     150.134      -56.2786      0.162774     0.27663      0.131639    
-56.3095     -56.2786     149.976       0.161651     0.131639     0.247054    

Bond Length
0.61851361    0.0014084499

BB bond length
0.61851361    0.0014084499

Water EE distance
0             0           

PEG EE distance
7.4113907     0.10751356  

BBB P2(x)
0.51216928    0.013386377 

BBB first bond length
0.61833665    0.0013714967

BBB second bond length
0.61855244    0.0016146657

BBB <phi**2>/<phi>**2
1.2249853     0.0077613269

Time = 24000
Temperature
1.0041199     0.0047342444

Pressure
23.23495      0.10382373  

CM Mom
1.9469534e-17  1.8995272e-17 
-1.8397252e-16 1.6645791e-17 
7.8401128e-17  1.790466e-17  
2.0258849e-16  1.6972613e-17 

CM Pos
7.5034557      0.0095279492  
7.5049569      0.0060467905  
7.4969415      0.011531731   
12.993479      0.010865066   

Stress
20.1837      -0.0224278   -0.0286013    0.118989     0.0609855    0.059466    
-0.0224278   20.2462      0.0354278     0.0609855    0.107108     0.0958574   
-0.0286013   0.0354278    20.2513       0.059466     0.0958574    0.152198    

Stress Spherical
0            0            0             0            0            0           
0            0            0             0            0            0           
0            0            0             0            0            0           

Inertia
150.007      -56.3202     -56.2663      0.215255     0.106594     0.136198    
-56.3202     150.014      -56.2806      0.106594     0.255146     0.120395    
-56.2663     -56.2806     150.129       0.136198     0.120395     0.212003    

Bond Length
0.61948151    0.0018382636

BB bond length
0.61948151    0.0018382636

Water EE distance
0             0           

PEG EE distance
7.4995516     0.13310696  

BBB P2(x)
0.51049619    0.013473659 

BBB first bond length
0.61957922    0.0021086253

BBB second bond length
0.61958254    0.0018912208

BBB <phi**2>/<phi>**2
1.2298789     0.011636309 

Time = 25000
Temperature
1.0137197     0.0084962335

Pressure
23.307591     0.075491196 

CM Mom
1.0178143e-17  2.2177512e-17 
-1.8221316e-16 1.8072771e-17 
6.3679691e-17  2.1513176e-17 
1.9552586e-16  2.027942e-17  

CM Pos
7.4936635      0.016425344   
7.4932359      0.015249454   
7.5068822      0.011606889   
12.986807      0.018140664   

Stress
20.2841      0.00539595   0.0146693     0.12327      0.0642164    0.0455851   
0.00539595   20.2854      -0.00179449   0.0642164    0.0876497    0.0791337   
0.0146693    -0.00179449  20.2433       0.0455851    0.0791337    0.0933599   

Stress Spherical
0            0            0             0            0            0           
0            0            0             0            0            0           
0            0            0             0            0            0           

Inertia
149.985      -56.1389     -56.2456      0.338084     0.203901     0.154081    
-56.1389     149.994      -56.2811      0.203901     0.324812     0.132978    
-56.2456     -56.2811     149.79        0.154081     0.132978     0.454345    

Bond Length
0.61832551    0.0020634829

BB bond length
0.61832551    0.0020634829

Water EE distance
0             0           

PEG EE distance
7.5370033     0.19256196  

BBB P2(x)
0.50352796    0.010994914 

BBB first bond length
0.61824053    0.0021382368

BBB second bond length
0.61833339    0.0020595136

BBB <phi**2>/<phi>**2
1.2259276     0.0090250842

Time = 26000
Temperature
1.0131879     0.005112011 

Pressure
23.258674     0.079447758 

CM Mom
2.6597583e-17  3.4300319e-17 
-1.8660052e-16 1.9152661e-17 
4.8259286e-17  2.185477e-17  
1.9872955e-16  1.9587687e-17 

CM Pos
7.4985596      0.01231454    
7.499319       0.01684156    
7.5064371      0.0096164869  
12.992884      0.016706144   

Stress
20.2387      0.0104064    0.0300425     0.107958     0.0530941    0.0577527   
0.0104064    20.2081      -0.0272403    0.0530941    0.154868     0.0435922   
0.0300425    -0.0272403   20.224        0.0577527    0.0435922    0.109944    

Stress Spherical
0            0            0             0            0            0           
0            0            0             0            0            0           
0            0            0             0            0            0           

Inertia
150.051      -56.1912     -56.2981      0.36075      0.18165      0.113513    
-56.1912     150.04       -56.2849      0.18165      0.294666     0.168885    
-56.2981     -56.2849     149.927       0.113513     0.168885     0.373277    

Bond Length
0.61843587    0.00164841  

BB bond length
0.61843587    0.00164841  

Water EE distance
0             0           

PEG EE distance
7.641383      0.14562275  

BBB P2(x)
0.50395449    0.0081864471

BBB first bond length
0.61829603    0.0020084237

BBB second bond length
0.61843672    0.0017125705

BBB <phi**2>/<phi>**2
1.2238368     0.0053430985

Time = 27000
Temperature
1.0110434     0.008350692 

Pressure
23.293051     0.047994557 

CM Mom
1.0595025e-17  1.0553412e-17 
-1.8700312e-16 9.2297508e-18 
5.7791995e-17  2.6383785e-17 
1.9769019e-16  1.5283739e-17 

CM Pos
7.4961857      0.0083732647  
7.5039184      0.012075365   
7.4993154      0.010891663   
12.990055      0.010936419   

Stress
20.2508      -0.000721012 0.000879071   0.124268     0.060538     0.0687115   
-0.000721012 20.2403      -0.0399342    0.060538     0.0985292    0.0835145   
0.000879071  -0.0399342   20.3021       0.0687115    0.0835145    0.0574499   

Stress Spherical
0            0            0             0            0            0           
0            0            0             0            0            0           
0            0            0             0            0            0           

Inertia
150.028      -56.2506     -56.2123      0.285949     0.0961133    0.0734072   
-56.2506     149.908      -56.2714      0.0961133    0.185978     0.153789    
-56.2123     -56.2714     149.996       0.0734072    0.153789     0.28705     

Bond Length
0.61973067    0.0019839434

BB bond length
0.61973067    0.0019839434

Water EE distance
0             0           

PEG EE distance
7.5663686     0.10315437  

BBB P2(x)
0.50869636    0.0085389695

BBB first bond length
0.61955788    0.0021776557

BBB second bond length
0.61978829    0.0021033967

BBB <phi**2>/<phi>**2
1.2238746     0.0098463596

Time = 28000
Temperature
1.0136868     0.0085262023

Pressure
23.216024     0.10173533  

CM Mom
4.9095248e-18  2.0082829e-17 
-1.9881695e-16 2.3855672e-17 
8.1303795e-17  1.9815193e-17 
2.1708347e-16  2.00602e-17   

CM Pos
7.4982629      0.0081925446  
7.4948679      0.013666774   
7.5015409      0.018137337   
12.987322      0.012503817   

Stress
20.2004      -0.0187005   -0.0125072    0.0976858    0.0891562    0.0945414   
-0.0187005   20.1595      -0.0222531    0.0891562    0.159026     0.0989588   
-0.0125072   -0.0222531   20.1785       0.0945414    0.0989588    0.110013    

Stress Spherical
0            0            0             0            0            0           
