Time = 1000
Temperature
   1.2632116    0.37318457

Pressure
   24.700247     2.1230125

CM Mom
-5.2099654e-17 3.0722195e-17 
-7.2060859e-20 4.3487996e-17 
-2.428983e-17  6.0026623e-16 
4.7296916e-16  3.7783482e-16 

CM Pos
10.006144      0.030041559   
10.013061      0.039328587   
9.9996332      0.019745378   
17.331445      0.028716253   

Stress
20.9314      0.00384585   0.0201095     1.20579      0.0637606    0.0550737   
0.00384585   20.8898      0.0010566     0.0637606    1.1577       0.0781871   
0.0201095    0.0010566    20.9125       0.0550737    0.0781871    1.1773      

Stress Spherical
0            0            0             0            0            0           
0            0            0             0            0            0           
0            0            0             0            0            0           

Inertia
267.682      -100.217     -100.007      6.04343      0.649113     0.164416    
-100.217     267.562      -100.14       0.649113     5.90028      0.226468    
-100.007     -100.14      267.832       0.164416     0.226468     6.92068     

Bond Length
0.62901211    0.02056143  

BB bond length
0.62901211    0.02056143  

Water EE distance
0             0           

PEG EE distance
8.1067361     0.36561282  

BBB P2(x)
0.11311803    0.026191806 

BBB first bond length
0.62915099    0.021093588 

BBB second bond length
0.62925424    0.020636576 

BBB <phi**2>/<phi>**2
1.1300654     0.0090655672

Time = 2000
Temperature
1.0182257     0.0096646065

Pressure
23.039614     0.10078468  

CM Mom
-7.0050442e-17 1.2531017e-17 
1.1186321e-17  3.879803e-17  
-8.8533069e-18 8.0211866e-17 
1.0933838e-16  3.5382968e-17 

CM Pos
9.9974762      0.01011768    
10.000976      0.016661317   
9.9985497      0.0082513752  
17.318788      0.0087607514  

Stress
19.9834      0.0195951    -0.0182125    0.0880654    0.0476017    0.0466848   
0.0195951    20.0125      -0.00849087   0.0476017    0.114304     0.0382001   
-0.0182125   -0.00849087  19.9605       0.0466848    0.0382001    0.127786    

Stress Spherical
0            0            0             0            0            0           
0            0            0             0            0            0           
0            0            0             0            0            0           

Inertia
266.572      -99.9647     -100.037      1.03584      0.214124     0.144293    
-99.9647     266.494      -100.004      0.214124     1.25325      0.166015    
-100.037     -100.004     266.58        0.144293     0.166015     1.35174     

Bond Length
0.6221737     0.0011618729

BB bond length
0.6221737     0.0011618729

Water EE distance
0             0           

PEG EE distance
7.7108766     0.14698218  

BBB P2(x)
0.090513914   0.0083094038

BBB first bond length
0.62222372    0.0012666379

BBB second bond length
0.6223113     0.0011936647

BBB <phi**2>/<phi>**2
1.1225248     0.0035639408

Time = 3000
Temperature
1.0132236     0.003972157 

Pressure
22.956959     0.061759991 

CM Mom
-7.0418149e-17 1.7937226e-17 
-8.146694e-18  1.683038e-17  
5.3212549e-17  8.9523658e-17 
1.1300601e-16  6.0875216e-17 

CM Pos
10.000477      0.0060929044  
10.00631       0.0092620482  
9.9996332      0.007935076   
17.324219      0.0082579698  

Stress
19.946       0.0532941    -0.0021693    0.0754788    0.0703595    0.0534729   
0.0532941    19.9235      -0.0102956    0.0703595    0.10033      0.0514899   
-0.0021693   -0.0102956   19.8839       0.0534729    0.0514899    0.089562    

Stress Spherical
0            0            0             0            0            0           
0            0            0             0            0            0           
0            0            0             0            0            0           

Inertia
266.706      -100.026     -99.9974      0.556212     0.103128     0.129306    
-100.026     266.584      -100.035      0.103128     0.527472     0.154208    
-99.9974     -100.035     266.734       0.129306     0.154208     0.627486    

Bond Length
0.62248619    0.00039863773

BB bond length
0.62248619    0.00039863773

Water EE distance
0             0           

PEG EE distance
7.397213      0.11483223  

BBB P2(x)
0.083768652   0.0028891072

BBB first bond length
0.62252645    0.00042336918

BBB second bond length
0.62259102    0.00047801663

BBB <phi**2>/<phi>**2
1.1199455     0.001992359 

Time = 4000
Temperature
1.0089049     0.0054484058

Pressure
22.97424      0.049137423 

CM Mom
-8.472113e-17  1.3811173e-17 
-3.423527e-18  8.8688492e-18 
3.4335669e-17  2.5171124e-17 
9.5153493e-17  1.4735395e-17 

CM Pos
10.000893      0.011677241   
10.001893      0.0098109278  
10.000383      0.014398821   
17.322348      0.010089289   

Stress
19.9513      -0.00256551  0.0155808     0.101931     0.0309178    0.067979    
-0.00256551  19.9499      -0.0282594    0.0309178    0.0539931    0.076829    
0.0155808    -0.0282594   19.9429       0.067979     0.076829     0.0771676   

Stress Spherical
0            0            0             0            0            0           
0            0            0             0            0            0           
0            0            0             0            0            0           

Inertia
266.657      -100.047     -100.018      0.33162      0.162792     0.186306    
-100.047     266.638      -99.9717      0.162792     0.333687     0.1452      
-100.018     -99.9717     266.678       0.186306     0.1452       0.275438    

Bond Length
0.62304451    0.0012212065

BB bond length
0.62304451    0.0012212065

Water EE distance
0             0           

PEG EE distance
7.2471766     0.078689839 

BBB P2(x)
0.082153236   0.0058732356

BBB first bond length
0.62301978    0.0012758545

BBB second bond length
0.62323352    0.0012080444

BBB <phi**2>/<phi>**2
1.1212087     0.0025385567

Time = 5000
Temperature
1.0100904     0.005900481 

Pressure
22.947411     0.088027174 

CM Mom
-9.3503822e-17 1.0758265e-17 
-5.3331975e-18 2.1290331e-17 
2.1455398e-17  2.654679e-17  
1.020583e-16   9.4655049e-18 

CM Pos
10.004061      0.015168508   
10.000809      0.012091094   
9.9972995      0.0064538959  
17.321768      0.013449263   

Stress
19.9412      -0.015611    0.0185612     0.0945745    0.0416048    0.0713626   
-0.015611    19.9359      -0.0113434    0.0416048    0.0938417    0.0465226   
0.0185612    -0.0113434   19.8759       0.0713626    0.0465226    0.110718    

Stress Spherical
0            0            0             0            0            0           
0            0            0             0            0            0           
0            0            0             0            0            0           

Inertia
266.579      -100.024     -100.021      0.298802     0.221177     0.173557    
-100.024     266.652      -99.9417      0.221177     0.261817     0.139087    
-100.021     -99.9417     266.717       0.173557     0.139087     0.37879     

Bond Length
0.62261098    0.0011361018

BB bond length
0.62261098    0.0011361018

Water EE distance
0             0           

PEG EE distance
6.8741868     0.10100362  

BBB P2(x)
0.078271603   0.0055509257

BBB first bond length
0.6226421     0.001186406 

BBB second bond length
0.62266552    0.0011177303

BBB <phi**2>/<phi>**2
1.1184905     0.0036322508

Time = 6000
Temperature
1.0139626     0.0060927167

Pressure
22.896294     0.072803019 

CM Mom
-1.1175517e-16 1.7409427e-17 
1.8574351e-17  7.8220732e-18 
2.3138476e-17  1.1641961e-17 
1.1648498e-16  1.7339858e-17 

CM Pos
9.9982263      0.012717213   
10.000393      0.0083180363  
10.001717      0.0099000927  
17.320708      0.010505579   

Stress
19.8737      0.00208787   -0.00365024   0.0984272    0.0563232    0.0432234   
0.00208787   19.8376      0.0006866     0.0563232    0.0695048    0.0540516   
-0.00365024  0.0006866    19.8534       0.0432234    0.0540516    0.0745753   

Stress Spherical
0            0            0             0            0            0           
0            0            0             0            0            0           
0            0            0             0            0            0           

Inertia
266.677      -99.9616     -99.9991      0.314019     0.119978     0.234722    
-99.9616     266.643      -99.9863      0.119978     0.369724     0.175997    
-99.9991     -99.9863     266.608       0.234722     0.175997     0.179609    

Bond Length
0.62317702    0.00086398616

BB bond length
0.62317702    0.00086398616

Water EE distance
0             0           

PEG EE distance
6.716552      0.065654274 

BBB P2(x)
0.074306651   0.0048497166

BBB first bond length
0.6233265     0.00088752093

BBB second bond length
0.62333164    0.00090301732

BBB <phi**2>/<phi>**2
1.11854       0.0024924857

Time = 7000
Temperature
1.0105982     0.0043458626

Pressure
22.954822     0.059027422 

CM Mom
-1.0262299e-16 2.648855e-17  
1.9962824e-17  1.2214861e-17 
1.6538025e-17  1.4970272e-17 
1.0785918e-16  2.5393938e-17 

CM Pos
10.004644      0.010700953   
9.9998924      0.0074380102  
10.005551      0.009684431   
17.326339      0.0072573387  

Stress
19.8861      0.0132515    -0.0113509    0.0959009    0.0566905    0.0615904   
0.0132515    19.9387      0.0230232     0.0566905    0.069667     0.0637483   
-0.0113509   0.0230232    19.9459       0.0615904    0.0637483    0.0870498   

Stress Spherical
0            0            0             0            0            0           
0            0            0             0            0            0           
0            0            0             0            0            0           

Inertia
266.766      -100.031     -100.074      0.285797     0.123093     0.113072    
-100.031     266.846      -100.043      0.123093     0.195148     0.167555    
-100.074     -100.043     266.74        0.113072     0.167555     0.218064    

Bond Length
0.62259296    0.00093536075

BB bond length
0.62259296    0.00093536075

Water EE distance
0             0           

PEG EE distance
6.5437802     0.090281183 

BBB P2(x)
0.070274348   0.0064236809

BBB first bond length
0.62258445    0.00084625467

BBB second bond length
0.62271703    0.0010453371

BBB <phi**2>/<phi>**2
1.1176571     0.0035452235

Time = 8000
Temperature
1.0108479     0.0035528136

Pressure
22.969646     0.044882868 

CM Mom
-1.2561578e-16 2.0068713e-17 
1.9198262e-17  2.0241329e-17 
1.4722161e-17  1.532653e-17  
1.3042595e-16  2.0026948e-17 

CM Pos
10.001394      0.012182673   
10.001559      0.013242508   
9.9943823      0.0072281796  
17.318977      0.012059415   

Stress
19.9403      -0.00628748  -0.018513     0.110063     0.0460199    0.044143    
-0.00628748  19.9439      0.0185379     0.0460199    0.0684279    0.0587083   
-0.018513    0.0185379    19.9287       0.044143     0.0587083    0.0766003   

Stress Spherical
0            0            0             0            0            0           
0            0            0             0            0            0           
0            0            0             0            0            0           

Inertia
266.554      -99.9807     -99.9576      0.223132     0.250359     0.196539    
-99.9807     266.552      -99.9994      0.250359     0.256534     0.122755    
-99.9576     -99.9994     266.703       0.196539     0.122755     0.46255     

Bond Length
0.62257989    0.00076953289

BB bond length
0.62257989    0.00076953289

Water EE distance
0             0           

PEG EE distance
6.3558052     0.14945095  

BBB P2(x)
0.07130888    0.0073464836

BBB first bond length
0.62268698    0.0008377723

BBB second bond length
0.6226502     0.00079243853

BBB <phi**2>/<phi>**2
1.1179023     0.0025120905

Time = 9000
Temperature
1.0100471     0.005080375 

Pressure
22.914696     0.053323678 

CM Mom
-1.3596612e-16 1.8485036e-17 
5.402413e-17   1.9013185e-17 
3.8872496e-17  1.3327597e-17 
1.5353404e-16  1.4986069e-17 

CM Pos
9.9973095      0.010099813   
10.000726      0.010648892   
9.9998832      0.0048806188  
17.319312      0.007603374   

Stress
19.8714      -0.0102884   -0.00759114   0.0630444    0.0477841    0.0344197   
-0.0102884   19.8683      -0.0164142    0.0477841    0.0490391    0.0324352   
-0.00759114  -0.0164142   19.9155       0.0344197    0.0324352    0.0954856   

Stress Spherical
0            0            0             0            0            0           
0            0            0             0            0            0           
0            0            0             0            0            0           

Inertia
266.679      -99.983      -99.9869      0.241361     0.112695     0.171113    
-99.983      266.607      -99.9878      0.112695     0.261622     0.194068    
-99.9869     -99.9878     266.622       0.171113     0.194068     0.272229    

Bond Length
0.62276431    0.00076362244

BB bond length
0.62276431    0.00076362244

Water EE distance
0             0           

PEG EE distance
6.2321819     0.090322399 

BBB P2(x)
0.072776378   0.0069566312

BBB first bond length
0.62281196    0.0007684031

BBB second bond length
0.62292547    0.00079871279

BBB <phi**2>/<phi>**2
1.1170184     0.0026672688

Time = 10000
Temperature
1.0111191     0.006559735 

Pressure
22.974425     0.045482134 

CM Mom
-1.4574314e-16 2.7353171e-17 
5.8078045e-17  2.0157123e-17 
2.5243162e-17  1.7557392e-17 
1.6131209e-16  2.6315723e-17 

CM Pos
10.001977      0.008571402   
10.000809      0.0093129102  
10.005968      0.010495133   
17.325568      0.0088272685  

Stress
19.9522      -0.00945833  0.0218014     0.0664861    0.029068     0.0431341   
-0.00945833  19.92        0.0173195     0.029068     0.0796609    0.0514193   
0.0218014    0.0173195    19.9525       0.0431341    0.0514193    0.0635417   

Stress Spherical
0            0            0             0            0            0           
0            0            0             0            0            0           
0            0            0             0            0            0           

Inertia
266.793      -100.004     -100.067      0.222457     0.138393     0.191187    
-100.004     266.817      -100.074      0.138393     0.317747     0.114523    
-100.067     -100.074     266.713       0.191187     0.114523     0.298021    

Bond Length
0.62249653    0.00046631682

BB bond length
0.62249653    0.00046631682

Water EE distance
0             0           

PEG EE distance
6.2075722     0.072074405 

BBB P2(x)
0.075140908   0.0039916704

BBB first bond length
0.62257203    0.00044971565

BBB second bond length
0.62249482    0.00056390748

BBB <phi**2>/<phi>**2
1.1178027     0.0023906902

Time = 11000
Temperature
1.0082403     0.0052031388

Pressure
22.925714     0.076719066 

CM Mom
-1.321942e-16  3.7596512e-17 
4.940275e-17   1.1397486e-17 
1.535197e-17   1.4710992e-17 
1.4424128e-16  3.3254904e-17 

CM Pos
9.9987264      0.012306352   
10.000976      0.010262545   
10.004717      0.0068329476  
17.323066      0.010359451   

Stress
19.8665      0.00677231   -0.0203159    0.113511     0.0555878    0.0470846   
0.00677231   19.9089      -0.0194522    0.0555878    0.101507     0.0464931   
-0.0203159   -0.0194522   19.929        0.0470846    0.0464931    0.0795352   

Stress Spherical
0            0            0             0            0            0           
0            0            0             0            0            0           
0            0            0             0            0            0           

Inertia
266.787      -99.9751     -100.059      0.28796      0.164235     0.147168    
-99.9751     266.723      -100.034      0.164235     0.298803     0.155259    
-100.059     -100.034     266.656       0.147168     0.155259     0.309626    

Bond Length
0.62259758    0.0011826041

BB bond length
0.62259758    0.0011826041

Water EE distance
0             0           

PEG EE distance
6.0062205     0.092419985 

BBB P2(x)
0.073327516   0.0043001483

BBB first bond length
0.62266501    0.0013174346

BBB second bond length
0.62276513    0.0011962378

BBB <phi**2>/<phi>**2
1.1183163     0.0020682683

Time = 12000
Temperature
1.0117798     0.0033135038

Pressure
22.969778     0.070059049 

CM Mom
-1.5046758e-16 1.7934671e-17 
2.322592e-17   1.0925494e-17 
1.6344802e-17  2.2443259e-17 
1.5512238e-16  1.8134366e-17 

CM Pos
9.9986431      0.014304676   
9.9977254      0.0063672043  
9.9972995      0.01256195    
17.31686       0.011437072   

Stress
19.9421      -0.00925751  -0.000103563  0.0888284    0.0406311    0.0384977   
-0.00925751  19.9152      -0.00125723   0.0406311    0.082563     0.0486866   
-0.000103563 -0.00125723  19.9475       0.0384977    0.0486866    0.110413    

Stress Spherical
0            0            0             0            0            0           
0            0            0             0            0            0           
0            0            0             0            0            0           

Inertia
266.557      -99.941      -99.9732      0.226197     0.228655     0.149794    
-99.941      266.574      -99.9464      0.228655     0.387925     0.119914    
-99.9732     -99.9464     266.591       0.149794     0.119914     0.308804    

Bond Length
0.62260329    0.00067488058

BB bond length
0.62260329    0.00067488058

Water EE distance
0             0           

PEG EE distance
5.6662894     0.040622083 

BBB P2(x)
0.070957113   0.0056210922

BBB first bond length
0.62275974    0.00064204684

BBB second bond length
0.62270832    0.00075983165

BBB <phi**2>/<phi>**2
1.117298      0.0024851268

Time = 13000
Temperature
1.0119639     0.0054364331

Pressure
22.973124     0.058265037 

CM Mom
-1.4194439e-16 2.1372639e-17 
1.1629558e-17  2.0577575e-17 
1.6018446e-17  1.4432097e-17 
1.4569523e-16  2.0036465e-17 

CM Pos
10.00256       0.0084213699  
9.9998924      0.011096142   
10.00005       0.010339424   
17.321957      0.012573526   

Stress
19.9437      -0.00220337  -0.0168472    0.083093     0.0520488    0.0508292   
-0.00220337  19.921       0.00725378    0.0520488    0.0756109    0.0420195   
-0.0168472   0.00725378   19.9485       0.0508292    0.0420195    0.0705123   

Stress Spherical
0            0            0             0            0            0           
0            0            0             0            0            0           
0            0            0             0            0            0           

Inertia
266.667      -100.014     -100.04       0.331166     0.185889     0.178461    
-100.014     266.727      -99.992       0.185889     0.345168     0.192775    
-100.04      -99.992      266.72        0.178461     0.192775     0.382324    

Bond Length
0.62262013    0.00053024694

BB bond length
0.62262013    0.00053024694

Water EE distance
0             0           

PEG EE distance
5.8650864     0.13456651  

BBB P2(x)
0.070601038   0.0042558618

BBB first bond length
0.62277338    0.00044798855

BBB second bond length
0.6227307     0.00051878091

BBB <phi**2>/<phi>**2
1.1167145     0.0024078289

Time = 14000
Temperature
1.010888      0.0082631759

Pressure
22.932886     0.077766454 

CM Mom
-1.1208598e-16 1.5548119e-17 
1.5655482e-17  2.5390587e-17 
1.0506774e-17  9.579037e-18  
1.1655209e-16  1.7679004e-17 

CM Pos
10.002394      0.01400655    
10.005643      0.01182268    
10.004051      0.0092845217  
17.327496      0.011390923   

Stress
19.9034      0.00175235   0.0384139     0.142154     0.0473189    0.051509    
0.00175235   19.8978      0.000723161   0.0473189    0.0778685    0.0465884   
0.0384139    0.000723161  19.901        0.051509     0.0465884    0.0713338   

Stress Spherical
0            0            0             0            0            0           
0            0            0             0            0            0           
0            0            0             0            0            0           

Inertia
266.86       -100.078     -100.081      0.35179      0.129257     0.213099    
-100.078     266.792      -100.12       0.129257     0.361838     0.176688    
-100.081     -100.12      266.833       0.213099     0.176688     0.307348    

Bond Length
0.62302866    0.00091713677

BB bond length
0.62302866    0.00091713677

Water EE distance
0             0           

PEG EE distance
6.116771      0.086868101 

BBB P2(x)
0.07083927    0.0055998341

BBB first bond length
0.62315007    0.00091965514

BBB second bond length
0.62303985    0.00099047303

BBB <phi**2>/<phi>**2
1.1154949     0.0021518237

Time = 15000
Temperature
1.0091303     0.0042416927

Pressure
22.945947     0.044812428 

CM Mom
-1.2804266e-16 1.9000861e-17 
1.3700585e-17  2.7999281e-17 
1.7246026e-18  1.6770982e-17 
1.3254465e-16  2.1066036e-17 

CM Pos
9.9974762      0.011673373   
10.001976      0.0088712932  
9.9963827      0.010470283   
17.318111      0.0087749671  

Stress
19.9108      -0.0123675   -0.0151389    0.0934626    0.0227747    0.0546231   
-0.0123675   19.9176      0.0167853     0.0227747    0.0593799    0.0638255   
-0.0151389   0.0167853    19.9288       0.0546231    0.0638255    0.0845222   

Stress Spherical
0            0            0             0            0            0           
0            0            0             0            0            0           
0            0            0             0            0            0           

Inertia
266.633      -100.049     -99.9737      0.28046      0.131433     0.175836    
-100.049     266.556      -99.9913      0.131433     0.283975     0.126074    
-99.9737     -99.9913     266.662       0.175836     0.126074     0.217363    

Bond Length
0.62277535    0.00089671527

BB bond length
0.62277535    0.00089671527

Water EE distance
0             0           

PEG EE distance
6.1312427     0.040032636 

BBB P2(x)
0.074161086   0.0040147716

BBB first bond length
0.62288467    0.00087247347

BBB second bond length
0.62295548    0.0008176693

BBB <phi**2>/<phi>**2
1.1173893     0.0021946479

Time = 16000
Temperature
1.009642      0.0031851253

Pressure
22.924648     0.057112254 

CM Mom
-1.4917558e-16 1.4617976e-17 
3.5052576e-17  2.3394318e-17 
8.2160945e-18  1.3648337e-17 
1.5563974e-16  1.6524743e-17 

CM Pos
9.9958093      0.013002167   
10.003393      0.014494751   
10.000383      0.016770199   
17.320286      0.0098798378  

Stress
19.9187      -0.0245726   0.00868637    0.0743079    0.0551031    0.0541011   
-0.0245726   19.9074      0.0231099     0.0551031    0.0658049    0.0502992   
0.00868637   0.0231099    19.8626       0.0541011    0.0502992    0.0626048   

Stress Spherical
0            0            0             0            0            0           
0            0            0             0            0            0           
0            0            0             0            0            0           

Inertia
266.73       -100.003     -99.9526      0.338776     0.208247     0.147116    
-100.003     266.581      -100.018      0.208247     0.249493     0.212625    
-99.9526     -100.018     266.635       0.147116     0.212625     0.451671    

Bond Length
0.62283833    0.00084752234

BB bond length
0.62283833    0.00084752234

Water EE distance
0             0           

PEG EE distance
5.951876      0.038100788 

BBB P2(x)
0.073538059   0.0065080791

BBB first bond length
0.62288295    0.00084971331

BBB second bond length
0.62287878    0.00087543574

BBB <phi**2>/<phi>**2
1.1183525     0.0029029058

Time = 17000
Temperature
1.0152913     0.0064257796

Pressure
22.96487      0.039778617 

CM Mom
-1.5368285e-16 1.7057648e-17 
3.5874105e-17  1.7198814e-17 
3.6856874e-18  1.7320945e-17 
1.5974091e-16  1.698744e-17  

CM Pos
9.9996432      0.013640455   
9.997392       0.0085827409  
9.992632       0.012704917   
17.314552      0.011458256   

Stress
19.95        0.00273984   0.0092158     0.0971922    0.0338287    0.0411777   
0.00273984   19.9148      -0.0295351    0.0338287    0.0471187    0.0627448   
0.0092158    -0.0295351   19.8937       0.0411777    0.0627448    0.0688037   

Stress Spherical
0            0            0             0            0            0           
0            0            0             0            0            0           
0            0            0             0            0            0           

Inertia
266.461      -99.9619     -99.8895      0.290734     0.153076     0.203782    
-99.9619     266.51       -99.8984      0.153076     0.360637     0.168155    
-99.8895     -99.8984     266.595       0.203782     0.168155     0.374617    

Bond Length
0.62219701    0.00061036967

BB bond length
0.62219701    0.00061036967

Water EE distance
0             0           

PEG EE distance
5.9592334     0.086629841 

BBB P2(x)
0.072936128   0.0058884459

BBB first bond length
0.62219424    0.00053711049

BBB second bond length
0.62233722    0.00065946492

BBB <phi**2>/<phi>**2
1.1186021     0.0020603814

Time = 18000
Temperature
1.0089803     0.0053484451

Pressure
22.944621     0.066540236 

CM Mom
-1.6883998e-16 1.696749e-17  
3.6962015e-17  1.2793843e-17 
4.440707e-18   2.1273559e-17 
1.7446162e-16  1.8977233e-17 

CM Pos
10.003727      0.0089694161  
9.9989756      0.01111397    
10.003801      0.0086552792  
17.32427       0.0078723141  

Stress
19.9387      0.0174112    -0.00600528   0.0956168    0.0439278    0.0480743   
0.0174112    19.8987      0.00274284    0.0439278    0.0835215    0.0390269   
-0.00600528  0.00274284   19.9172       0.0480743    0.0390269    0.0739223   

Stress Spherical
0            0            0             0            0            0           
0            0            0             0            0            0           
0            0            0             0            0            0           

Inertia
266.726      -100.042     -100.07       0.268402     0.123939     0.165998    
-100.042     266.801      -100.02       0.123939     0.186823     0.141552    
-100.07      -100.02      266.718       0.165998     0.141552     0.249459    

Bond Length
0.62266194    0.00095590099

BB bond length
0.62266194    0.00095590099

Water EE distance
0             0           

PEG EE distance
5.9481648     0.077876436 

BBB P2(x)
0.069304326   0.0071369258

BBB first bond length
0.62285833    0.00097131547

BBB second bond length
0.62266845    0.0011019459

BBB <phi**2>/<phi>**2
1.1162452     0.0019286106

Time = 19000
Temperature
1.0130055     0.0048226586

Pressure
22.948279     0.067298462 

CM Mom
-1.3830549e-16 2.5246346e-17 
5.9007607e-17  1.8425909e-17 
-3.3593893e-18 1.0330232e-17 
1.5280633e-16  1.8852709e-17 

CM Pos
10.002477      0.0096969759  
9.999059       0.0092075109  
10.000633      0.010124544   
17.321764      0.013066038   

Stress
19.9087      0.0325752    -0.0114015    0.101423     0.0477053    0.0426257   
0.0325752    19.8897      -0.0215725    0.0477053    0.0754927    0.048795    
-0.0114015   -0.0215725   19.9309       0.0426257    0.048795     0.0621143   

Stress Spherical
0            0            0             0            0            0           
0            0            0             0            0            0           
0            0            0             0            0            0           

Inertia
266.659      -100.019     -100.058      0.310048     0.179504     0.193943    
-100.019     266.724      -99.9773      0.179504     0.322646     0.144279    
-100.058     -99.9773     266.681       0.193943     0.144279     0.345993    

Bond Length
0.62257408    0.00069705333

BB bond length
0.62257408    0.00069705333

Water EE distance
0             0           

PEG EE distance
5.9104247     0.090749323 

BBB P2(x)
0.070497676   0.0045702402

BBB first bond length
0.62265079    0.00072869556

BBB second bond length
0.62270336    0.00060174852

BBB <phi**2>/<phi>**2
1.1165742     0.0018237703

Time = 20000
Temperature
1.0135051     0.0053911024

Pressure
22.951164     0.033922066 

CM Mom
-1.4161682e-16 1.7488039e-17 
8.0258793e-17  1.2313393e-17 
1.2728978e-17  1.655804e-17  
1.6473655e-16  1.5884339e-17 

CM Pos
10.00106       0.016133448   
9.9978921      0.012912097   
10.00105       0.0087021049  
17.320515      0.017317184   

Stress
19.8771      -0.00350987  0.00715623    0.0311607    0.0265273    0.039122    
-0.00350987  19.9196      -0.0255988    0.0265273    0.0591063    0.0315409   
0.00715623   -0.0255988   19.9367       0.039122     0.0315409    0.0570834   

Stress Spherical
0            0            0             0            0            0           
0            0            0             0            0            0           
0            0            0             0            0            0           

Inertia
266.629      -99.992      -100.028      0.367069     0.259115     0.242952    
-99.992      266.696      -99.9754      0.259115     0.412747     0.252565    
-100.028     -99.9754     266.632       0.242952     0.252565     0.466333    

Bond Length
0.62297571    0.00093468626

BB bond length
0.62297571    0.00093468626

Water EE distance
0             0           

PEG EE distance
6.1256024     0.058149612 

BBB P2(x)
0.07241949    0.0029317923

BBB first bond length
0.62306222    0.00097259491

BBB second bond length
0.62311685    0.00086561288

BBB <phi**2>/<phi>**2
1.1171851     0.0018364595

Time = 21000
Temperature
1.0122205     0.006177302 

Pressure
22.955695     0.066759087 

CM Mom
-1.34564e-16   1.9341603e-17 
5.5337534e-17  1.052752e-17  
2.7520771e-18  2.7800397e-17 
1.4889223e-16  1.6314982e-17 

CM Pos
10.001977      0.009559894   
10.001226      0.011044687   
9.996216       0.010511337   
17.320179      0.01170766    

Stress
19.9423      0.00401503   -0.00492404   0.0766434    0.0275797    0.0598456   
0.00401503   19.8988      -0.0236003    0.0275797    0.0513241    0.0432178   
-0.00492404  -0.0236003   19.9175       0.0598456    0.0432178    0.0992574   

Stress Spherical
0            0            0             0            0            0           
0            0            0             0            0            0           
0            0            0             0            0            0           

Inertia
266.616      -100.024     -99.9952      0.412718     0.188449     0.127144    
-100.024     266.619      -99.9791      0.188449     0.244392     0.191125    
-99.9952     -99.9791     266.718       0.127144     0.191125     0.310863    

Bond Length
0.62288868    0.00096664773

BB bond length
0.62288868    0.00096664773

Water EE distance
0             0           

PEG EE distance
6.2053935     0.075976242 

BBB P2(x)
0.071906948   0.0035019431

BBB first bond length
0.62299098    0.0007855122

BBB second bond length
0.62300599    0.0010568426

BBB <phi**2>/<phi>**2
1.118607      0.0019486744

Time = 22000
Temperature
1.0087477     0.0037872022

Pressure
22.909103     0.064588296 

CM Mom
-1.4280264e-16 2.0429177e-17 
6.6093456e-17  2.5730252e-17 
2.5736252e-17  2.0891736e-17 
1.6246962e-16  2.3297633e-17 

CM Pos
9.9988931      0.0092078881  
9.9978088      0.0096369722  
9.9991331      0.0087890824  
17.318107      0.011233618   

Stress
19.8669      0.0107374    -0.00593441   0.0801728    0.0387273    0.0569713   
0.0107374    19.9021      0.0183022     0.0387273    0.0909552    0.0678291   
-0.00593441  0.0183022    19.8812       0.0569713    0.0678291    0.0760438   

Stress Spherical
0            0            0             0            0            0           
0            0            0             0            0            0           
0            0            0             0            0            0           

Inertia
266.609      -99.9476     -99.953       0.274868     0.214011     0.14607     
-99.9476     266.644      -99.9467      0.214011     0.268292     0.175276    
-99.953      -99.9467     266.605       0.14607      0.175276     0.330029    

Bond Length
0.6230604     0.00073357424

BB bond length
0.6230604     0.00073357424

Water EE distance
0             0           

PEG EE distance
5.9842514     0.032277516 

BBB P2(x)
0.067120577   0.0059789458

BBB first bond length
0.62310595    0.0006186953

BBB second bond length
0.62321582    0.00069815865

BBB <phi**2>/<phi>**2
1.1160887     0.0030218932

Time = 23000
Temperature
1.0133823     0.0045657369

Pressure
23.005505     0.083968576 

CM Mom
-1.4663263e-16 1.0546495e-17 
8.0593535e-17  1.9023856e-17 
1.249854e-17   2.5072639e-17 
1.7064721e-16  1.1574176e-17 

CM Pos
9.9982263      0.013062135   
9.9958084      0.0140125     
10.003717      0.010900657   
17.319222      0.0098000592  

Stress
19.9744      0.021965     -0.00233842   0.109074     0.0537916    0.0462326   
0.021965     19.9662      -0.0293272    0.0537916    0.0840044    0.0460314   
-0.00233842  -0.0293272   19.957        0.0462326    0.0460314    0.0843279   

Stress Spherical
0            0            0             0            0            0           
0            0            0             0            0            0           
0            0            0             0            0            0           

Inertia
266.652      -99.9286     -100.03       0.471011     0.0942184    0.120023    
-99.9286     266.696      -99.9895      0.0942184    0.24802      0.247732    
-100.03      -99.9895     266.549       0.120023     0.247732     0.275575    

Bond Length
0.62236599    0.0010021554

BB bond length
0.62236599    0.0010021554

Water EE distance
0             0           

PEG EE distance
5.9523343     0.074872922 

BBB P2(x)
0.068418237   0.0058960162

BBB first bond length
0.62254263    0.0010406207

BBB second bond length
0.62242798    0.0010618518

BBB <phi**2>/<phi>**2
1.1171109     0.0028972766

Time = 24000
Temperature
1.0105361     0.0032580406

Pressure
22.893292     0.05227587  

CM Mom
-1.308934e-16  1.0663018e-17 
8.3479555e-17  1.5416661e-17 
1.6077784e-18  2.6012788e-17 
1.5794304e-16  1.3657943e-17 

CM Pos
10.004477      0.011673373   
10.001476      0.011805039   
10.001717      0.0084707191  
17.324943      0.010944414   

Stress
19.8415      0.00618036   0.0127558     0.0793367    0.0465378    0.0710537   
0.00618036   19.8873      0.0244023     0.0465378    0.0897838    0.0595524   
0.0127558    0.0244023    19.8577       0.0710537    0.0595524    0.0559068   

Stress Spherical
0            0            0             0            0            0           
0            0            0             0            0            0           
0            0            0             0            0            0           

Inertia
266.734      -100.073     -100.024      0.362149     0.136561     0.137948    
-100.073     266.783      -100.012      0.136561     0.272521     0.194461    
-100.024     -100.012     266.782       0.137948     0.194461     0.342505    

Bond Length
0.62291392    0.00065970248

BB bond length
0.62291392    0.00065970248

Water EE distance
0             0           

PEG EE distance
6.0092801     0.043982525 

BBB P2(x)
0.070464687   0.0049486581

BBB first bond length
0.62302659    0.00062805955

BBB second bond length
0.62295338    0.00066512915

BBB <phi**2>/<phi>**2
1.1162921     0.0021303145

Time = 25000
Temperature
1.011787      0.0051643656

Pressure
22.93379      0.056164363 

CM Mom
-1.2842633e-16 1.5811197e-17 
7.1720565e-17  1.8684431e-17 
2.2343377e-17  1.9608666e-17 
1.5142797e-16  1.3768122e-17 

CM Pos
10.001977      0.011832958   
9.9994757      0.014855693   
9.9993832      0.0085165204  
17.321         0.010301087   

Stress
19.8751      -0.0128412   -0.00916433   0.0517346    0.044277     0.0307927   
-0.0128412   19.8908      0.00802787    0.044277     0.0810084    0.0335662   
-0.00916433  0.00802787   19.9309       0.0307927    0.0335662    0.0917642   

Stress Spherical
0            0            0             0            0            0           
0            0            0             0            0            0           
0            0            0             0            0            0           

Inertia
266.65       -100.001     -99.9898      0.462363     0.145177     0.113361    
-100.001     266.697      -99.9501      0.145177     0.210667     0.254137    
-99.9898     -99.9501     266.696       0.113361     0.254137     0.216558    

Bond Length
0.62289699    0.00096009305

BB bond length
0.62289699    0.00096009305

Water EE distance
0             0           

PEG EE distance
5.9630375     0.083819193 

BBB P2(x)
0.069772673   0.0060882653

BBB first bond length
0.62307293    0.00093775124

BBB second bond length
0.62295743    0.00090358509

BBB <phi**2>/<phi>**2
1.1158846     0.0024984456

Time = 26000
Temperature
1.0104893     0.0070323381

Pressure
22.954855     0.042180182 

CM Mom
-1.2653794e-16 1.4847206e-17 
8.6763818e-17  1.6427501e-17 
2.791057e-17   1.3453651e-17 
1.5715035e-16  1.7143007e-17 

CM Pos
10.006228      0.0088994387  
10.001226      0.0059754787  
10.000967      0.010007222   
17.325375      0.0077172267  

Stress
19.8948      0.0378057    0.00319901    0.076607     0.0456223    0.0440574   
0.0378057    19.9467      0.0126618     0.0456223    0.0658195    0.0487114   
0.00319901   0.0126618    19.9302       0.0440574    0.0487114    0.0649945   

Stress Spherical
0            0            0             0            0            0           
0            0            0             0            0            0           
0            0            0             0            0            0           

Inertia
266.714      -100.037     -100.076      0.247778     0.107444     0.170196    
-100.037     266.819      -100.03       0.107444     0.279667     0.108812    
-100.076     -100.03      266.816       0.170196     0.108812     0.252562    

Bond Length
0.62290739    0.00093621916

BB bond length
0.62290739    0.00093621916

Water EE distance
0             0           

PEG EE distance
5.8611979     0.069965483 

BBB P2(x)
0.070161376   0.004549883 

BBB first bond length
0.62304978    0.0010298988

BBB second bond length
0.62300951    0.00087690797

BBB <phi**2>/<phi>**2
1.1163912     0.0021957651

Time = 27000
Temperature
1.0118153     0.0046978544

Pressure
22.93896      0.026701557 

CM Mom
-1.1527089e-16 1.3210638e-17 
6.4480877e-17  1.4607078e-17 
4.9372676e-17  2.5032015e-17 
1.4365037e-16  1.6182797e-17 

CM Pos
9.994309       0.010815888   
9.9967253      0.01047791    
10.004301      0.007878848   
17.317823      0.0084373408  

Stress
19.9252      0.00304878   -0.0163065    0.0520815    0.0249101    0.0243877   
0.00304878   19.8832      0.0224585     0.0249101    0.0758653    0.0333177   
-0.0163065   0.0224585    19.9037       0.0243877    0.0333177    0.0640313   

Stress Spherical
0            0            0             0            0            0           
0            0            0             0            0            0           
0            0            0             0            0            0           

Inertia
266.701      -99.9019     -99.9722      0.34897      0.142484     0.147475    
-99.9019     266.657      -100.051      0.142484     0.250068     0.14996     
-99.9722     -100.051     266.518       0.147475     0.14996      0.259104    

Bond Length
0.62279613    0.00092333052

BB bond length
0.62279613    0.00092333052

Water EE distance
0             0           

PEG EE distance
5.8867695     0.077126893 

BBB P2(x)
0.069117228   0.0073865383

BBB first bond length
0.62291106    0.00099030809

BBB second bond length
0.62293802    0.00091013653

BBB <phi**2>/<phi>**2
1.1157452     0.0033608541

Time = 28000
Temperature
1.0114138     0.003513773 

Pressure
22.927473     0.041001087 

CM Mom
-1.1908366e-16 1.7805366e-17 
7.2869143e-17  1.6816707e-17 
4.2168094e-17  1.5587128e-17 
1.473215e-16   2.020265e-17  

CM Pos
9.9983097      0.0089674797  
10.00281       0.010831612   
10.00055       0.011674861   
17.321479      0.0089707175  

Stress
19.8699      -0.00817506  -0.00619488   0.0588523    0.0418647    0.0518678   
-0.00817506  19.9281      -0.00100781   0.0418647    0.0752075    0.0345194   
-0.00619488  -0.00100781  19.8833       0.0518678    0.0345194    0.0518154   

Stress Spherical
