Time = 500
Temperature
   1.0351938   0.046992943

Pressure
   23.568017    0.18315748

CM Mom
-2.2443251e-17 1.2108443e-17 
1.8839741e-17  1.9670409e-17 
3.6172172e-17  2.4800736e-17 
5.5781288e-17  1.4287238e-17 

CM Pos
7.496144       0.025283361   
7.5028579      0.018155836   
7.504481       0.015556387   
12.992416      0.025225899   

Stress
20.4869      -0.056117    -0.0236885    0.0661417    0.0454932    0.0444579   
-0.056117    20.4659      -0.0253705    0.0454932    0.0754136    0.0527895   
-0.0236885   -0.0253705   20.4354       0.0444579    0.0527895    0.0910915   

Stress Spherical
0            0            0             0            0            0           
0            0            0             0            0            0           
0            0            0             0            0            0           

Inertia
150.018      -56.2919     -56.2894      0.309051     0.280874     0.218338    
-56.2919     149.878      -56.3065      0.280874     0.441797     0.162616    
-56.2894     -56.3065     149.866       0.218338     0.162616     0.641469    

Bond Length
0.61420971    0.0088484339

BB bond length
0.61420971    0.0088484339

Water EE distance
0             0           

PEG EE distance
3.796171      0.13213516  

Time = 1000
Temperature
1.0089815     0.0031474917

Pressure
23.48599      0.11506468  

CM Mom
-2.0246437e-17 1.8555695e-17 
2.1987329e-18  1.3923333e-17 
5.6344038e-17  1.5373231e-17 
6.31931e-17    1.9249535e-17 

CM Pos
7.5044411      0.010871555   
7.4948571      0.0057459659  
7.5041847      0.019709549   
12.992411      0.010412642   

Stress
20.4776      -0.0387625   0.00709942    0.131775     0.070486     0.0622124   
-0.0387625   20.394       -0.0200791    0.070486     0.123807     0.0816502   
0.00709942   -0.0200791   20.5065       0.0622124    0.0816502    0.144295    

Stress Spherical
0            0            0             0            0            0           
0            0            0             0            0            0           
0            0            0             0            0            0           

Inertia
149.898      -56.2794     -56.3008      0.287876     0.140132     0.136336    
-56.2794     150.016      -56.1304      0.140132     0.162005     0.15169     
-56.3008     -56.1304     149.862       0.136336     0.15169      0.171866    

Bond Length
0.61708811    0.0099468186

BB bond length
0.61708811    0.0099468186

Water EE distance
0             0           

PEG EE distance
4.1814738     0.59895578  

