Time = 1000
Temperature
   1.0631895   0.071890193

Pressure
   23.581642    0.30389208

CM Mom
4.0512218e-18  1.4876059e-17 
3.9130977e-17  5.7249036e-17 
-2.404492e-17  2.8971825e-16 
2.2542746e-16  1.9683415e-16 

CM Pos
9.9926912      0.020051507   
10.000322      0.026801585   
10.003419      0.011376474   
17.318459      0.03078225    

Stress
20.3826      0.00890704   0.0202063     0.104216     0.0374928    0.0480946   
0.00890704   20.409       -0.00361982   0.0374928    0.149129     0.0326841   
0.0202063    -0.00361982  20.389        0.0480946    0.0326841    0.141563    

Stress Spherical
0            0            0             0            0            0           
0            0            0             0            0            0           
0            0            0             0            0            0           

Inertia
266.696      -99.8983     -99.9345      2.64312      0.36822      0.232044    
-99.8983     266.55       -100.07       0.36822      2.25305      0.396762    
-99.9345     -100.07      266.462       0.232044     0.396762     2.63354     

Bond Length
0.62434901    0.0028844917

BB bond length
0.62434901    0.0028844917

Water EE distance
0             0           

PEG EE distance
3.968877      0.19633008  

BBB P2(x)
0.07239562    0.010129213 

BBB first bond length
0.62450462    0.0030803647

BBB second bond length
0.62461778    0.0026066787

BBB <phi**2>/<phi>**2
1.1172937     0.0041899395

Time = 2000
Temperature
1.0140783     0.0054362795

Pressure
23.297351     0.057401158 

CM Mom
-4.0726844e-18 8.7089759e-18 
9.2811821e-17  1.9933787e-17 
1.3963985e-17  4.1171077e-17 
1.0352186e-16  1.6646288e-17 

CM Pos
9.9942752      0.010101728   
9.9984045      0.010940748   
10.002919      0.0037876749  
17.317973      0.0086969237  

Stress
20.2577      -0.00261145  0.00129611    0.0706874    0.0396589    0.0396159   
-0.00261145  20.2742      -0.00951292   0.0396589    0.094566     0.0478365   
0.00129611   -0.00951292  20.2377       0.0396159    0.0478365    0.0760076   

Stress Spherical
0            0            0             0            0            0           
0            0            0             0            0            0           
0            0            0             0            0            0           

Inertia
266.607      -99.8972     -99.9822      0.937374     0.149824     0.13308     
-99.8972     266.531      -100.026      0.149824     0.708587     0.145525    
-99.9822     -100.026     266.438       0.13308      0.145525     0.88081     

Bond Length
0.6247636     0.0012678052

BB bond length
0.6247636     0.0012678052

Water EE distance
0             0           

PEG EE distance
3.9211404     0.067562954 

BBB P2(x)
0.083090842   0.0086012703

BBB first bond length
0.62504095    0.0013455031

BBB second bond length
0.62517287    0.0011626497

BBB <phi**2>/<phi>**2
1.1202918     0.0041312066

Time = 3000
Temperature
1.0081781     0.0055159169

Pressure
23.273732     0.038954112 

CM Mom
-4.3422683e-19 1.497005e-17  
1.085736e-16   1.6775628e-17 
-3.5259612e-17 3.9522114e-17 
1.2195997e-16  1.499811e-17  

CM Pos
9.9974433      0.0097259259  
10.005908      0.00855158    
10.006671      0.011113461   
17.326302      0.0089123049  

Stress
20.2651      0.00522516   -0.0100947    0.0439817    0.0496153    0.0394944   
0.00522516   20.2236      -0.00440794   0.0496153    0.0606689    0.0522829   
-0.0100947   -0.00440794  20.2631       0.0394944    0.0522829    0.0542818   

Stress Spherical
0            0            0             0            0            0           
0            0            0             0            0            0           
0            0            0             0            0            0           

Inertia
266.837      -100.001     -100.065      0.441154     0.191615     0.116837    
-100.001     266.68       -100.094      0.191615     0.37275      0.123023    
-100.065     -100.094     266.64        0.116837     0.123023     0.314613    

Bond Length
0.62451062    0.0017541291

BB bond length
0.62451062    0.0017541291

Water EE distance
0             0           

PEG EE distance
3.8749106     0.046774613 

BBB P2(x)
0.078580246   0.0082343709

BBB first bond length
0.6245682     0.0019222626

BBB second bond length
0.62459027    0.001841648 

BBB <phi**2>/<phi>**2
1.1194157     0.0028709009

Time = 4000
Temperature
1.0077131     0.0037151693

Pressure
23.261904     0.047070622 

CM Mom
-4.2376744e-18 1.0353483e-17 
1.1554021e-16  1.1124824e-17 
-8.9742526e-18 1.6104825e-17 
1.17626e-16    1.0123193e-17 

CM Pos
10.001362      0.0069733707  
9.9969872      0.012002028   
9.9965827      0.0064557791  
17.317588      0.0066319025  

Stress
20.2165      0.00436603   0.0183259     0.0749063    0.0558698    0.0714535   
0.00436603   20.2331      0.0097327     0.0558698    0.0476938    0.0426082   
0.0183259    0.0097327    20.2708       0.0714535    0.0426082    0.0841945   

Stress Spherical
0            0            0             0            0            0           
0            0            0             0            0            0           
0            0            0             0            0            0           

Inertia
266.476      -100.002     -99.9971      0.365267     0.0715839    0.158358    
-100.002     266.571      -99.9288      0.0715839    0.311722     0.105694    
-99.9971     -99.9288     266.57        0.158358     0.105694     0.323346    

Bond Length
0.62429863    0.0014105592

BB bond length
0.62429863    0.0014105592

Water EE distance
0             0           

PEG EE distance
3.8995709     0.061986489 

BBB P2(x)
0.074488814   0.0073810191

BBB first bond length
0.62442143    0.0014547   

BBB second bond length
0.62444048    0.0015281358

BBB <phi**2>/<phi>**2
1.1182275     0.0030800758

Time = 5000
Temperature
1.0108938     0.0065063853

Pressure
23.235689     0.054795811 

CM Mom
-5.8509549e-18 1.8847317e-17 
1.255862e-16   2.2399849e-17 
-2.568918e-17  1.8243219e-17 
1.3122177e-16  2.0897343e-17 

CM Pos
10.000195      0.014373796   
10.000489      0.012855449   
10.002085      0.012071325   
17.322119      0.0091815598  

Stress
20.2013      3.19156e-05  -0.00292712   0.0859609    0.0290107    0.0414104   
3.19156e-05  20.2061      0.0208627     0.0290107    0.0595112    0.0295386   
-0.00292712  0.0208627    20.2058       0.0414104    0.0295386    0.0717497   

Stress Spherical
0            0            0             0            0            0           
0            0            0             0            0            0           
0            0            0             0            0            0           

Inertia
266.636      -100.015     -99.9951      0.224891     0.119973     0.276013    
-100.015     266.652      -100.009      0.119973     0.392751     0.123326    
-99.9951     -100.009     266.613       0.276013     0.123326     0.272625    

Bond Length
0.62534169    0.0015570177

BB bond length
0.62534169    0.0015570177

Water EE distance
0             0           

PEG EE distance
3.8030483     0.12019535  

BBB P2(x)
0.072415966   0.011837401 

BBB first bond length
0.62542207    0.0015068833

BBB second bond length
0.62555861    0.0016196862

BBB <phi**2>/<phi>**2
1.116702      0.0036496779

Time = 6000
Temperature
1.0114351     0.0065359702

Pressure
23.278397     0.054009392 

CM Mom
-1.2491166e-17 1.4644018e-17 
1.2011503e-16  2.1102373e-17 
-5.5736364e-17 1.1177896e-17 
1.3448567e-16  1.9710415e-17 

CM Pos
10.002446      0.01276674    
9.9975708      0.0088236089  
10.002752      0.010875434   
17.322112      0.013010092   

Stress
20.2615      0.00768653   0.00691663    0.0591091    0.0526761    0.0384556   
0.00768653   20.2369      0.0122444     0.0526761    0.0748734    0.0489005   
0.00691663   0.0122444    20.2381       0.0384556    0.0489005    0.051749    

Stress Spherical
0            0            0             0            0            0           
0            0            0             0            0            0           
0            0            0             0            0            0           

Inertia
266.613      -99.9992     -100.044      0.241633     0.153942     0.261717    
-99.9992     266.721      -100.032      0.153942     0.434087     0.123535    
-100.044     -100.032     266.613       0.261717     0.123535     0.330607    

Bond Length
0.62476739    0.0014917957

BB bond length
0.62476739    0.0014917957

Water EE distance
0             0           

PEG EE distance
3.8954767     0.051480567 

BBB P2(x)
0.073559885   0.0080650928

BBB first bond length
0.62505645    0.0013987043

BBB second bond length
0.6250813     0.0014896844

BBB <phi**2>/<phi>**2
1.1166117     0.0034770012

Time = 7000
Temperature
1.0104038     0.0048602149

Pressure
23.248227     0.090396469 

CM Mom
-4.1829824e-17 3.0204297e-17 
1.3896474e-16  2.2562546e-17 
-6.0883392e-17 3.5118661e-17 
1.6392376e-16  2.3482067e-17 

CM Pos
9.9991941      0.011496812   
10.000239      0.009908595   
9.9949986      0.011615006   
17.317299      0.013543926   

Stress
20.181       -0.00817142  0.0490574     0.0914637    0.028251     0.0506366   
-0.00817142  20.2531      0.00334459    0.028251     0.0885325    0.0467573   
0.0490574    0.00334459   20.2211       0.0506366    0.0467573    0.113692    

Stress Spherical
0            0            0             0            0            0           
0            0            0             0            0            0           
0            0            0             0            0            0           

Inertia
266.524      -99.9626     -99.9352      0.338456     0.203448     0.214255    
-99.9626     266.511      -99.9382      0.203448     0.362575     0.161877    
-99.9352     -99.9382     266.626       0.214255     0.161877     0.402143    

Bond Length
0.62376832    0.001763372 

BB bond length
0.62376832    0.001763372 

Water EE distance
0             0           

PEG EE distance
3.8308909     0.058129564 

BBB P2(x)
0.079939325   0.0078712013

BBB first bond length
0.6239914     0.0018526259

BBB second bond length
0.62400226    0.0019361774

BBB <phi**2>/<phi>**2
1.1191804     0.0030650779

Time = 8000
Temperature
1.0094626     0.0040769456

Pressure
23.23275      0.067311516 

CM Mom
-3.2629665e-17 1.4621821e-17 
1.2925821e-16  2.7214537e-17 
-7.0049275e-17 2.9430904e-17 
1.5418238e-16  2.697557e-17  

CM Pos
9.9997777      0.016266855   
9.9977375      0.0078497752  
9.9994173      0.0099404618  
17.318745      0.012907546   

Stress
20.2127      0.0069527    0.0227178     0.095045     0.0288671    0.0563474   
0.0069527    20.2051      -0.0228482    0.0288671    0.0794382    0.040089    
0.0227178    -0.0228482   20.1995       0.0563474    0.040089     0.0750562   

Stress Spherical
0            0            0             0            0            0           
0            0            0             0            0            0           
0            0            0             0            0            0           

Inertia
266.601      -99.9619     -100          0.281661     0.180793     0.253423    
-99.9619     266.641      -99.9578      0.180793     0.498885     0.113577    
-100         -99.9578     266.62        0.253423     0.113577     0.33298     

Bond Length
0.62555871    0.0013081718

BB bond length
0.62555871    0.0013081718

Water EE distance
0             0           

PEG EE distance
3.8621251     0.06045906  

BBB P2(x)
0.076393151   0.0089578097

BBB first bond length
0.62571154    0.0011678111

BBB second bond length
0.62571886    0.0012571656

BBB <phi**2>/<phi>**2
1.1178658     0.0035317658

Time = 9000
Temperature
1.0111375     0.0037514745

Pressure
23.256884     0.049909252 

CM Mom
-2.8067043e-17 1.1765604e-17 
1.2144664e-16  1.8914045e-17 
-6.3511431e-17 1.9062266e-17 
1.4155225e-16  1.9830467e-17 

CM Pos
10.001362      0.0076846679  
10.006575      0.0082402978  
9.9979166      0.011347109   
17.323893      0.010842501   

Stress
20.2203      0.00433325   0.00798139    0.0707927    0.0504001    0.0296124   
0.00433325   20.2264      0.0111129     0.0504001    0.0574501    0.0436408   
0.00798139   0.0111129    20.2278       0.0296124    0.0436408    0.0701709   

Stress Spherical
0            0            0             0            0            0           
0            0            0             0            0            0           
0            0            0             0            0            0           

Inertia
266.745      -100.048     -99.9851      0.305427     0.124324     0.179487    
-100.048     266.645      -100.06       0.124324     0.327671     0.201219    
-99.9851     -100.06      266.843       0.179487     0.201219     0.25038     

Bond Length
0.62539875    0.00084811748

BB bond length
0.62539875    0.00084811748

Water EE distance
0             0           

PEG EE distance
3.868337      0.079861302 

BBB P2(x)
0.079739333   0.010920512 

BBB first bond length
0.62568551    0.00074552553

BBB second bond length
0.62545216    0.0008787142

BBB <phi**2>/<phi>**2
1.1191128     0.0043962782

Time = 10000
Temperature
1.0114663     0.0050263526

Pressure
23.272783     0.063163916 

CM Mom
-4.3212223e-17 1.5700447e-17 
1.2332135e-16  2.4069817e-17 
-5.1963403e-17 1.0973006e-17 
1.4197847e-16  2.374924e-17  

CM Pos
10.001278      0.0094032607  
10.000489      0.0069032445  
9.9962492      0.010553665   
17.319368      0.0085371106  

Stress
20.2227      -0.0263165   -0.00893578   0.114173     0.0602726    0.0240369   
-0.0263165   20.2463      0.00868479    0.0602726    0.0365519    0.0320639   
-0.00893578  0.00868479   20.2504       0.0240369    0.0320639    0.0781124   

Stress Spherical
0            0            0             0            0            0           
0            0            0             0            0            0           
0            0            0             0            0            0           

Inertia
266.595      -99.9865     -99.9658      0.286032     0.110232     0.151737    
-99.9865     266.62       -99.9621      0.110232     0.260598     0.142823    
-99.9658     -99.9621     266.706       0.151737     0.142823     0.221492    

Bond Length
0.62394156    0.0012299704

BB bond length
0.62394156    0.0012299704

Water EE distance
0             0           

PEG EE distance
3.9202125     0.036187039 

BBB P2(x)
0.078815949   0.0086081272

BBB first bond length
0.62409829    0.0012906205

BBB second bond length
0.62408927    0.0010126307

BBB <phi**2>/<phi>**2
1.1180918     0.0031280559

Time = 11000
Temperature
1.012768      0.0036775505

Pressure
23.250132     0.066319277 

CM Mom
-3.4372762e-17 1.7894594e-17 
8.2717551e-17  1.9224518e-17 
-6.8031995e-17 1.1051587e-17 
1.1499511e-16  1.5494927e-17 

CM Pos
10.001612      0.0097900348  
9.9996551      0.012571146   
9.9990005      0.0079185414  
17.320668      0.010922054   

Stress
20.2403      0.00494866   0.000886253   0.0731544    0.0584818    0.0433497   
0.00494866   20.2097      0.00955984    0.0584818    0.0873698    0.0396255   
0.000886253  0.00955984   20.1897       0.0433497    0.0396255    0.0805988   

Stress Spherical
0            0            0             0            0            0           
0            0            0             0            0            0           
0            0            0             0            0            0           

Inertia
266.651      -100.027     -100.014      0.373448     0.166898     0.162338    
-100.027     266.693      -99.9885      0.166898     0.250368     0.169443    
-100.014     -99.9885     266.723       0.162338     0.169443     0.318761    

Bond Length
0.62416582    0.0010366195

BB bond length
0.62416582    0.0010366195

Water EE distance
0             0           

PEG EE distance
3.9670305     0.048766157 

BBB P2(x)
0.085232301   0.0081582911

BBB first bond length
0.62442788    0.0013979113

BBB second bond length
0.62451646    0.001052555 

BBB <phi**2>/<phi>**2
1.1209202     0.0031832501

Time = 12000
Temperature
1.0085673     0.0039409315

Pressure
23.227118     0.041429186 

CM Mom
-3.2996033e-17 2.0792191e-17 
9.7324488e-17  1.2450091e-17 
-1.0618553e-16 2.2268324e-17 
1.5018011e-16  1.9112611e-17 

CM Pos
10.002862      0.011885637   
10.002156      0.011332398   
9.9969162      0.01320222    
17.321635      0.011613575   

Stress
20.2074      -0.00752888  0.00320773    0.0355307    0.0328862    0.0501964   
-0.00752888  20.197       -0.00454537   0.0328862    0.0533193    0.0480504   
0.00320773   -0.00454537  20.2039       0.0501964    0.0480504    0.0637471   

Stress Spherical
0            0            0             0            0            0           
0            0            0             0            0            0           
0            0            0             0            0            0           

Inertia
266.638      -100.046     -100.03       0.245577     0.165267     0.205386    
-100.046     266.672      -100.03       0.165267     0.38076      0.183242    
-100.03      -100.03      266.759       0.205386     0.183242     0.445497    

Bond Length
0.62475395    0.0013678449

BB bond length
0.62475395    0.0013678449

Water EE distance
0             0           

PEG EE distance
3.9110611     0.073427811 

BBB P2(x)
0.081205775   0.0078426411

BBB first bond length
0.62489316    0.0014365821

BBB second bond length
0.62496533    0.0014684706

BBB <phi**2>/<phi>**2
1.1214817     0.0033547518

Time = 13000
Temperature
1.011552      0.0062356573

Pressure
23.241246     0.047139266 

CM Mom
-2.0729096e-17 1.6139205e-17 
1.0070094e-16  1.0915335e-17 
-9.6683908e-17 1.3603098e-17 
1.4242818e-16  1.4036666e-17 

CM Pos
10.006698      0.013364435   
9.9957366      0.0086598117  
9.9918305      0.006376152   
17.317205      0.011525804   

Stress
20.2012      -0.00382254  0.0163398     0.0473864    0.0236693    0.0340585   
-0.00382254  20.1845      0.0204212     0.0236693    0.067471     0.0311623   
0.0163398    0.0204212    20.2382       0.0340585    0.0311623    0.0691835   

Stress Spherical
0            0            0             0            0            0           
0            0            0             0            0            0           
0            0            0             0            0            0           

Inertia
266.422      -100.059     -99.9488      0.207254     0.17985      0.160267    
-100.059     266.653      -99.9298      0.17985      0.323395     0.0802944   
-99.9488     -99.9298     266.718       0.160267     0.0802944    0.335029    

Bond Length
0.62481868    0.001419452 

BB bond length
0.62481868    0.001419452 

Water EE distance
0             0           

PEG EE distance
3.8840539     0.037830429 

BBB P2(x)
0.078148363   0.0079173389

BBB first bond length
0.62515868    0.0015101081

BBB second bond length
0.62500971    0.0013001645

BBB <phi**2>/<phi>**2
1.1175691     0.0030150406

Time = 14000
Temperature
1.0062617     0.0074271823

Pressure
23.271602     0.071441764 

CM Mom
-3.4887517e-17 2.3496425e-17 
1.2248442e-16  1.7980197e-17 
-1.1621555e-16 1.1967636e-17 
1.7429959e-16  1.9075441e-17 

CM Pos
10.005614      0.0096108987  
9.9964036      0.010422777   
9.9990005      0.0052205502  
17.321101      0.0096337957  

Stress
20.2825      0.00615133   0.0115489     0.101327     0.0755214    0.0420067   
0.00615133   20.2345      0.0199711     0.0755214    0.0886011    0.0464694   
0.0115489    0.0199711    20.2456       0.0420067    0.0464694    0.0796623   

Stress Spherical
0            0            0             0            0            0           
0            0            0             0            0            0           
0            0            0             0            0            0           

Inertia
266.574      -100.023     -100.024      0.200249     0.152328     0.149784    
-100.023     266.772      -99.9734      0.152328     0.201503     0.189868    
-100.024     -99.9734     266.7         0.149784     0.189868     0.375099    

Bond Length
0.62482329    0.0010934893

BB bond length
0.62482329    0.0010934893

Water EE distance
0             0           

PEG EE distance
3.91363       0.091110326 

BBB P2(x)
0.081060634   0.008077285 

BBB first bond length
0.62508039    0.0011370306

BBB second bond length
0.62505435    0.00097933036

BBB <phi**2>/<phi>**2
1.1185314     0.0048812249

Time = 15000
Temperature
1.0110245     0.0038639763

Pressure
23.274305     0.05839042  

CM Mom
-2.8401883e-17 1.6684713e-17 
1.1049945e-16  2.0190992e-17 
-1.20579e-16   2.3050333e-17 
1.6829231e-16  2.1240567e-17 

CM Pos
10.005447      0.0098650066  
10.000572      0.0080353044  
10.002502      0.012902134   
17.325436      0.0084431488  

Stress
20.2337      -0.0392121   0.0119446     0.0773512    0.0526848    0.0460731   
-0.0392121   20.2653      -0.00921444   0.0526848    0.0916048    0.0625461   
0.0119446    -0.00921444  20.2288       0.0460731    0.0625461    0.0601578   

Stress Spherical
0            0            0             0            0            0           
0            0            0             0            0            0           
0            0            0             0            0            0           

Inertia
266.745      -100.02      -100.077      0.158764     0.137235     0.194102    
-100.02      266.853      -100.051      0.137235     0.396369     0.0643112   
-100.077     -100.051     266.792       0.194102     0.0643112    0.187563    

Bond Length
0.62460627    0.0011060998

BB bond length
0.62460627    0.0011060998

Water EE distance
0             0           

PEG EE distance
3.9630211     0.10400671  

BBB P2(x)
0.079518836   0.01107394  

BBB first bond length
0.62480629    0.0011165912

BBB second bond length
0.6247228     0.001369837 

BBB <phi**2>/<phi>**2
1.1195723     0.0037407803

Time = 16000
Temperature
1.0095912     0.0062130355

Pressure
23.214699     0.057062711 

CM Mom
-4.0579788e-17 2.3354878e-17 
1.28865e-16    2.176073e-17  
-1.3081167e-16 9.8959435e-18 
1.9027199e-16  1.6675774e-17 

CM Pos
10.000695      0.0092388312  
9.9994049      0.015351461   
10.003836      0.0082722892  
17.322791      0.006353387   

Stress
20.187       0.00846072   -0.0130585    0.0840029    0.0635637    0.0452581   
0.00846072   20.1941      -0.0097974    0.0635637    0.0648546    0.0290015   
-0.0130585   -0.0097974   20.1809       0.0452581    0.0290015    0.0462738   

Stress Spherical
0            0            0             0            0            0           
0            0            0             0            0            0           
0            0            0             0            0            0           

Inertia
266.76       -99.9914     -100.037      0.27806      0.171045     0.12235     
-99.9914     266.785      -100.036      0.171045     0.228189     0.134905    
-100.037     -100.036     266.679       0.12235      0.134905     0.336247    

Bond Length
0.62552442    0.0010443331

BB bond length
0.62552442    0.0010443331

Water EE distance
0             0           

PEG EE distance
3.9804675     0.097187854 

BBB P2(x)
0.077701143   0.010211252 

BBB first bond length
0.62579232    0.0009698651

BBB second bond length
0.62582317    0.0011271624

BBB <phi**2>/<phi>**2
1.1174421     0.0049160849

Time = 17000
Temperature
1.0089304     0.0055899319

Pressure
23.248012     0.058316707 

CM Mom
-2.6777669e-17 2.1242498e-17 
1.3652807e-16  1.3833347e-17 
-1.2734665e-16 1.7393114e-17 
1.9062607e-16  1.3451844e-17 

CM Pos
9.9965263      0.0081431426  
9.9966537      0.0083770773  
9.9975831      0.013970643   
17.315179      0.014202233   

Stress
20.2241      0.0190668    0.0157679     0.0976629    0.046518     0.0606303   
0.0190668    20.2245      -0.00193265   0.046518     0.0679074    0.0507032   
0.0157679    -0.00193265  20.2192       0.0606303    0.0507032    0.0730769   

Stress Spherical
0            0            0             0            0            0           
0            0            0             0            0            0           
0            0            0             0            0            0           

Inertia
266.566      -99.9292     -99.9518      0.43193      0.159285     0.199372    
-99.9292     266.568      -99.9414      0.159285     0.43167      0.191232    
-99.9518     -99.9414     266.538       0.199372     0.191232     0.301701    

Bond Length
0.62435647    0.0016657055

BB bond length
0.62435647    0.0016657055

Water EE distance
0             0           

PEG EE distance
3.9231243     0.063797562 

BBB P2(x)
0.081452577   0.0063988048

BBB first bond length
0.62453881    0.0015317264

BBB second bond length
0.62443576    0.0016107583

BBB <phi**2>/<phi>**2
1.1215495     0.0024053614

Time = 18000
Temperature
1.0118277     0.0086195033

Pressure
23.260499     0.063799443 

CM Mom
-2.2456169e-17 1.3370112e-17 
1.3926729e-16  1.6120404e-17 
-1.4205384e-16 1.3105297e-17 
2.0108295e-16  1.5967935e-17 

CM Pos
10.000528      0.0094823909  
9.9992382      0.0083125235  
10.002252      0.0060488915  
17.321676      0.0096672913  

Stress
20.2185      -0.0242387   0.0226244     0.0351601    0.0497216    0.0350304   
-0.0242387   20.2231      -0.0112087    0.0497216    0.107821     0.0328959   
0.0226244    -0.0112087   20.2376       0.0350304    0.0328959    0.0903296   

Stress Spherical
0            0            0             0            0            0           
0            0            0             0            0            0           
0            0            0             0            0            0           

Inertia
266.699      -99.996      -99.989       0.264018     0.184158     0.133797    
-99.996      266.73       -99.9709      0.184158     0.241291     0.103941    
-99.989      -99.9709     266.676       0.133797     0.103941     0.31266     

Bond Length
0.62466357    0.001441007 

BB bond length
0.62466357    0.001441007 

Water EE distance
0             0           

PEG EE distance
3.9310138     0.061565767 

BBB P2(x)
0.076150094   0.005873688 

BBB first bond length
0.6248042     0.0015002911

BBB second bond length
0.62495871    0.0015955454

BBB <phi**2>/<phi>**2
1.1187806     0.0020785667

Time = 19000
Temperature
1.0105764     0.0054673706

Pressure
23.248367     0.046894378 

CM Mom
-4.7902058e-17 1.1714293e-17 
1.473481e-16   2.1204587e-17 
-1.2970944e-16 3.2286738e-17 
2.055438e-16   1.4548177e-17 

CM Pos
9.9993609      0.015382897   
10.001656      0.0072566777  
10.000168      0.0086115179  
17.321199      0.010963712   

Stress
20.2042      0.0152885    -0.0159494    0.0978882    0.0336856    0.0629934   
0.0152885    20.2265      -0.00953795   0.0336856    0.0572874    0.0256498   
-0.0159494   -0.00953795  20.2234       0.0629934    0.0256498    0.0539584   

Stress Spherical
0            0            0             0            0            0           
0            0            0             0            0            0           
0            0            0             0            0            0           

Inertia
266.705      -100.009     -99.9704      0.212109     0.181238     0.278838    
-100.009     266.667      -100.001      0.181238     0.458161     0.13083     
-99.9704     -100.001     266.695       0.278838     0.13083      0.313283    

Bond Length
0.62550563    0.0011357085

BB bond length
0.62550563    0.0011357085

Water EE distance
0             0           

PEG EE distance
3.8777821     0.03966406  

BBB P2(x)
0.081286682   0.011174559 

BBB first bond length
0.62561202    0.0013718052

BBB second bond length
0.62577019    0.0012729458

BBB <phi**2>/<phi>**2
1.1199483     0.0041113637

Time = 20000
Temperature
1.01241       0.0038392119

Pressure
23.248567     0.045485948 

CM Mom
-4.5809138e-17 1.5529928e-17 
1.3508747e-16  1.672275e-17  
-1.1574986e-16 1.9801545e-17 
1.8529977e-16  1.7945921e-17 

CM Pos
10.000111      0.014025513   
10.004157      0.0093495157  
9.9965827      0.0060212498  
17.321005      0.013117998   

Stress
20.1954      -0.00506807  -0.0186735    0.0697675    0.0529231    0.0502644   
-0.00506807  20.2313      -0.0244724    0.0529231    0.0694738    0.0391225   
-0.0186735   -0.0244724   20.2115       0.0502644    0.0391225    0.0922134   

Stress Spherical
0            0            0             0            0            0           
0            0            0             0            0            0           
0            0            0             0            0            0           

Inertia
266.698      -100.025     -99.9322      0.239912     0.263538     0.198227    
-100.025     266.592      -99.9708      0.263538     0.340172     0.0989093   
-99.9322     -99.9708     266.757       0.198227     0.0989093    0.418392    

Bond Length
0.62504186    0.0016647003

BB bond length
0.62504186    0.0016647003

Water EE distance
0             0           

PEG EE distance
3.9516862     0.051888335 

BBB P2(x)
0.082353621   0.0075231898

BBB first bond length
0.62528695    0.0015244429

BBB second bond length
0.62515292    0.0015979302

BBB <phi**2>/<phi>**2
1.1226095     0.0038488578

Time = 21000
Temperature
1.0116435     0.0034459087

Pressure
23.223834     0.059189362 

CM Mom
-5.8008737e-17 2.3960829e-17 
1.4980097e-16  1.5326649e-17 
-1.3472006e-16 2.4434686e-17 
2.1169658e-16  2.3355462e-17 

CM Pos
10.001362      0.0092448481  
10.005658      0.011352009   
9.9996674      0.012462582   
17.324377      0.010267407   

Stress
20.1788      -0.00233501  0.0121536     0.0738053    0.040461     0.0416532   
-0.00233501  20.2059      0.021526      0.040461     0.0883707    0.042726    
0.0121536    0.021526     20.1861       0.0416532    0.042726     0.0739135   

Stress Spherical
0            0            0             0            0            0           
0            0            0             0            0            0           
0            0            0             0            0            0           

Inertia
266.776      -100.078     -100.092      0.273121     0.181809     0.153604    
-100.078     266.703      -100.05       0.181809     0.273774     0.134932    
-100.092     -100.05      266.817       0.153604     0.134932     0.374927    

Bond Length
0.62433251    0.0012976969

BB bond length
0.62433251    0.0012976969

Water EE distance
0             0           

PEG EE distance
3.7936623     0.048631077 

BBB P2(x)
0.082723803   0.0076835413

BBB first bond length
0.62445424    0.0014280433

BBB second bond length
0.62456934    0.0011739127

BBB <phi**2>/<phi>**2
1.1211365     0.0027482179

Time = 22000
Temperature
1.0090532     0.0035369797

Pressure
23.226809     0.047198081 

CM Mom
-5.9791057e-17 1.4985041e-17 
1.6933528e-16  8.8617545e-18 
-1.4149182e-16 2.625506e-17  
2.303611e-16   1.3982752e-17 

CM Pos
10.005197      0.0092328105  
10.000739      0.011506784   
9.9996674      0.0073371697  
17.323749      0.0090839114  

Stress
20.1837      0.00495012   -0.01851      0.0758049    0.0401493    0.0419735   
0.00495012   20.2208      -0.0145404    0.0401493    0.102        0.0462416   
-0.01851     -0.0145404   20.1986       0.0419735    0.0462416    0.0525106   

Stress Spherical
0            0            0             0            0            0           
0            0            0             0            0            0           
0            0            0             0            0            0           

Inertia
266.685      -100.052     -100.037      0.267154     0.186908     0.10407     
-100.052     266.771      -100.002      0.186908     0.274287     0.157644    
-100.037     -100.002     266.801       0.10407      0.157644     0.323413    

Bond Length
0.62449655    0.0013395468

BB bond length
0.62449655    0.0013395468

Water EE distance
0             0           

PEG EE distance
3.9106459     0.048612203 

BBB P2(x)
0.07959714    0.0083103981

BBB first bond length
0.62471118    0.0015165445

BBB second bond length
0.62469797    0.0014176622

BBB <phi**2>/<phi>**2
1.1205775     0.0032526924

Time = 23000
Temperature
1.0126615     0.0043521336

Pressure
23.232227     0.068788063 

CM Mom
-5.6787568e-17 2.1044402e-17 
1.6949182e-16  2.2459413e-17 
-1.3993339e-16 2.2374477e-17 
2.2914202e-16  2.1806001e-17 

CM Pos
10.003613      0.010973735   
10.003157      0.010479641   
9.9978332      0.010032684   
17.323172      0.011656486   

Stress
20.2067      -0.0100607   -0.017649     0.087478     0.0238823    0.0419205   
-0.0100607   20.156       0.00281326    0.0238823    0.108034     0.0355515   
-0.017649    0.00281326   20.2242       0.0419205    0.0355515    0.0990889   

Stress Spherical
0            0            0             0            0            0           
0            0            0             0            0            0           
0            0            0             0            0            0           

Inertia
266.688      -100.092     -100.044      0.285721     0.208745     0.160449    
-100.092     266.703      -100.066      0.208745     0.304192     0.174077    
-100.044     -100.066     266.8         0.160449     0.174077     0.437294    

Bond Length
0.62515474    0.0013893485

BB bond length
0.62515474    0.0013893485

Water EE distance
0             0           

PEG EE distance
3.8610806     0.079013875 

BBB P2(x)
0.074708058   0.0086573727

BBB first bond length
0.62543203    0.001591669 

BBB second bond length
0.62538875    0.0014186235

BBB <phi**2>/<phi>**2
1.1188653     0.0029674251

Time = 24000
Temperature
1.011143      0.0061105486

Pressure
23.252566     0.062044961 

CM Mom
-3.9111192e-17 1.6991391e-17 
1.5638835e-16  1.3413631e-17 
-1.3690606e-16 1.8761171e-17 
2.1287388e-16  1.5349245e-17 

CM Pos
10.001445      0.010125096   
9.9990715      0.0056967845  
9.9994173      0.013223263   
17.320478      0.0064340947  

Stress
20.2315      -0.0079498   0.00947873    0.100713     0.065712     0.0573623   
-0.0079498   20.2257      -0.0147023    0.065712     0.0639826    0.0517113   
0.00947873   -0.0147023   20.2044       0.0573623    0.0517113    0.0721587   

Stress Spherical
0            0            0             0            0            0           
0            0            0             0            0            0           
0            0            0             0            0            0           

Inertia
266.641      -99.9829     -99.9749      0.306829     0.151705     0.129403    
-99.9829     266.691      -99.978       0.151705     0.197902     0.115625    
-99.9749     -99.978      266.69        0.129403     0.115625     0.230752    

Bond Length
0.62502253    0.0019687962

BB bond length
0.62502253    0.0019687962

Water EE distance
0             0           

PEG EE distance
3.8287147     0.047858805 

BBB P2(x)
0.075433275   0.011681821 

BBB first bond length
0.62521667    0.0021884093

BBB second bond length
0.62510072    0.0018929538

BBB <phi**2>/<phi>**2
1.1184842     0.0051599063

Time = 25000
Temperature
1.0093388     0.0051033911

Pressure
23.255229     0.037336333 

CM Mom
-3.6297915e-17 1.2733122e-17 
1.6768798e-16  2.3846239e-17 
-1.5250306e-16 2.7213084e-17 
2.3091783e-16  2.9021747e-17 

CM Pos
10.001945      0.010367948   
9.9959867      0.0084217642  
10.000001      0.012306555   
17.319323      0.0070294036  

Stress
20.2373      0.00287929   0.010822      0.0443327    0.0444763    0.0411087   
0.00287929   20.23        -0.0119743    0.0444763    0.0597684    0.044901    
0.010822     -0.0119743   20.2186       0.0411087    0.044901     0.0509515   

Stress Spherical
0            0            0             0            0            0           
0            0            0             0            0            0           
0            0            0             0            0            0           

Inertia
266.588      -100.038     -100.017      0.270236     0.1912       0.125084    
-100.038     266.699      -99.9549      0.1912       0.281515     0.0960158   
-100.017     -99.9549     266.628       0.125084     0.0960158    0.265503    

Bond Length
0.62447399    0.0011282243

BB bond length
0.62447399    0.0011282243

Water EE distance
0             0           

PEG EE distance
3.9032584     0.070179427 

BBB P2(x)
0.073075045   0.0082639239

BBB first bond length
0.62462807    0.0013280456

BBB second bond length
0.62478144    0.0011769826

BBB <phi**2>/<phi>**2
1.1170087     0.0043003021

Time = 26000
Temperature
1.0106855     0.0026923319

Pressure
23.223235     0.043418454 

CM Mom
-3.3721248e-17 2.3121371e-17 
1.9182309e-16  1.810995e-17  
-1.5700684e-16 2.8028415e-17 
2.5277314e-16  1.8392135e-17 

CM Pos
9.9999445      0.0078780596  
10.003323      0.013327979   
9.9954988      0.0092707509  
17.319805      0.0077428123  

Stress
20.1679      0.00302658   0.00692673    0.0659063    0.0329915    0.0512804   
0.00302658   20.2023      0.000638198   0.0329915    0.0708882    0.0706063   
0.00692673   0.000638198  20.2075       0.0512804    0.0706063    0.071043    

Stress Spherical
0            0            0             0            0            0           
0            0            0             0            0            0           
0            0            0             0            0            0           

Inertia
266.642      -100.08      -99.9429      0.265455     0.160238     0.16968     
-100.08      266.583      -99.9672      0.160238     0.272065     0.119713    
-99.9429     -99.9672     266.734       0.16968      0.119713     0.301194    

Bond Length
0.62498111    0.0010694658

BB bond length
0.62498111    0.0010694658

Water EE distance
0             0           

PEG EE distance
3.9235045     0.038527972 

BBB P2(x)
0.077778962   0.0061473498

BBB first bond length
0.62526797    0.0010726677

BBB second bond length
0.62524068    0.0011557237

BBB <phi**2>/<phi>**2
1.1182275     0.0032596646

Time = 27000
Temperature
1.0104747     0.0058181638

Pressure
23.244152     0.091782122 

CM Mom
-4.7094116e-17 2.0447834e-17 
1.671985e-16   1.7257842e-17 
-1.5083441e-16 2.6661292e-17 
2.3192412e-16  2.3710551e-17 

CM Pos
9.9998611      0.010439769   
9.9976541      0.012412004   
9.9991672      0.0088267593  
17.318599      0.011226467   

Stress
20.2412      -0.0232596   0.00657824    0.113471     0.0462381    0.0377362   
-0.0232596   20.1861      0.0363031     0.0462381    0.092414     0.049368    
0.00657824   0.0363031    20.2151       0.0377362    0.049368     0.113465    

Stress Spherical
0            0            0             0            0            0           
0            0            0             0            0            0           
0            0            0             0            0            0           

Inertia
266.611      -99.9898     -99.9962      0.365741     0.186794     0.170301    
-99.9898     266.655      -99.9612      0.186794     0.331997     0.199234    
-99.9962     -99.9612     266.632       0.170301     0.199234     0.256588    

Bond Length
0.62484014    0.0011010954

BB bond length
0.62484014    0.0011010954

Water EE distance
0             0           

PEG EE distance
3.9418129     0.042963568 

BBB P2(x)
0.078232747   0.0076189275

BBB first bond length
0.62511159    0.0011791839

BBB second bond length
0.62489421    0.0013891101

BBB <phi**2>/<phi>**2
1.1172677     0.0022833075

Time = 28000
Temperature
1.0110424     0.006618249 

Pressure
23.256963     0.07922533  

CM Mom
-6.0613027e-17 1.9858807e-17 
1.7117978e-16  3.210195e-17  
-1.2564457e-16 2.2161098e-17 
2.2308555e-16  3.0197238e-17 

CM Pos
10.003946      0.014514553   
9.9972373      0.007654307   
9.9977499      0.0089700964  
17.319897      0.014466831   

Stress
20.2202      0.0294756    -0.0223255    0.0837069    0.0307223    0.0637795   
0.0294756    20.2256      0.0114922     0.0307223    0.0867061    0.0612031   
-0.0223255   0.0114922    20.23         0.0637795    0.0612031    0.0968102   

Stress Spherical
0            0            0             0            0            0           
