Time = 500
Temperature
    1.035966    0.04133371

Pressure
   23.247357    0.12731356

CM Mom
1.7570295e-20  2.1633585e-17 
-1.7368786e-17 1.9178646e-17 
3.0162706e-17  1.4834252e-17 
4.2087599e-17  2.2270729e-17 

CM Pos
7.4883107      0.029827494   
7.4975902      0.013739866   
7.4995544      0.028686858   
12.982022      0.031117759   

Stress
20.2053      -0.0127112   -0.0368146    0.0739972    0.0591515    0.047243    
-0.0127112   20.0778      -0.0273432    0.0591515    0.104753     0.0683857   
-0.0368146   -0.0273432   20.149        0.047243     0.0683857    0.0239362   

Stress Spherical
0            0            0             0            0            0           
0            0            0             0            0            0           
0            0            0             0            0            0           

Inertia
149.749      -56.1037     -56.2153      0.319234     0.249351     0.39749     
-56.1037     149.611      -56.2549      0.249351     0.775697     0.206522    
-56.2153     -56.2549     149.621       0.39749      0.206522     0.351738    

Bond Length
0.62147561    0.0071814223

BB bond length
0.62147561    0.0071814223

Water EE distance
0             0           

PEG EE distance
3.7379178     0.187444    

Time = 1000
Temperature
1.0151161     0.0091463468

Pressure
23.091685     0.042748104 

CM Mom
-1.174684e-17  1.4196086e-17 
-2.2040837e-17 2.2038326e-17 
5.3452132e-17  6.2643362e-18 
6.3665819e-17  1.2411254e-17 

CM Pos
7.4883107      0.0081480892  
7.5058988      0.0082126721  
7.4986642      0.014759442   
12.986283      0.0090175336  

Stress
20.0466      -0.0185596   0.0342573     0.0802678    0.0492425    0.0521249   
-0.0185596   20.0716      -0.0328533    0.0492425    0.0709658    0.092314    
0.0342573    -0.0328533   20.0343       0.0521249    0.092314     0.0569785   

Stress Spherical
0            0            0             0            0            0           
0            0            0             0            0            0           
0            0            0             0            0            0           

Inertia
149.839      -56.1855     -56.1493      0.370597     0.143704     0.134017    
-56.1855     149.634      -56.2474      0.143704     0.18881      0.159626    
-56.1493     -56.2474     149.74        0.134017     0.159626     0.178234    

Bond Length
0.61150235    0.006506338 

BB bond length
0.61150235    0.006506338 

Water EE distance
0             0           

PEG EE distance
4.1352186     0.44432919  

