Time = 500
Temperature
   1.0338367   0.044174448

Pressure
   23.788176      0.204171

CM Mom
1.0086646e-16  2.7500616e-17 
9.5022546e-18  1.3384233e-17 
-1.3508225e-17 1.6243226e-17 
1.0450176e-16  2.6934256e-17 

CM Pos
7.4960287      0.050230461   
7.5018967      0.034078728   
7.5036513      0.021787487   
12.991429      0.024549417   

Stress
20.6525      -0.00405569  -0.0232879    0.0711524    0.0587528    0.0357185   
-0.00405569  20.7077      -0.0450012    0.0587528    0.0975927    0.0526823   
-0.0232879   -0.0450012   20.7007       0.0357185    0.0526823    0.19206     

Stress Spherical
0            0            0             0            0            0           
0            0            0             0            0            0           
0            0            0             0            0            0           

Inertia
150.067      -56.1918     -56.2881      0.308587     0.195881     0.522023    
-56.1918     149.999      -56.3382      0.195881     0.884989     0.12329     
-56.2881     -56.3382     149.968       0.522023     0.12329      0.361399    

Bond Length
0.61880184    0.016115565 

BB bond length
0.61880184    0.016115565 

Water EE distance
0             0           

PEG EE distance
4.5306648     1.0455623   

Time = 1000
Temperature
1.0128675     0.0047249999

Pressure
23.708665     0.095110939 

CM Mom
7.7443649e-18  2.5328399e-17 
1.3438041e-17  6.6272321e-18 
1.5729987e-17  3.814821e-17  
4.7824835e-17  1.8479926e-17 

CM Pos
7.4960287      0.0098011668  
7.5036746      0.014285228   
7.4974285      0.024284237   
12.988742      0.021852112   

Stress
20.6947      -0.0397805   0.0411731     0.140601     0.0389704    0.0537421   
-0.0397805   20.7161      0.0373624     0.0389704    0.136096     0.0358584   
0.0411731    0.0373624    20.6002       0.0537421    0.0358584    0.0469585   

Stress Spherical
0            0            0             0            0            0           
0            0            0             0            0            0           
0            0            0             0            0            0           

Inertia
149.949      -56.2778     -56.2164      0.421993     0.139649     0.273293    
-56.2778     149.851      -56.249       0.139649     0.41065      0.285183    
-56.2164     -56.249      149.925       0.273293     0.285183     0.216254    

Bond Length
0.60850901    0.015547368 

BB bond length
0.60850901    0.015547368 

Water EE distance
0             0           

PEG EE distance
3.7213414     1.4202597   

