Time = 1000
Temperature
   1.1007891    0.13572401

Pressure
   23.708373    0.78267083

CM Mom
-4.7792361e-17 3.1771331e-17 
-2.1193931e-17 6.1278447e-17 
3.7551435e-17  2.2793804e-16 
1.94774e-16    1.5141569e-16 

CM Pos
7.4990648      0.03030059    
7.4945372      0.035419962   
7.5031449      0.017140602   
12.988566      0.029381437   

Stress
20.4816      0.0217345    0.0152721     0.437945     0.0629867    0.0844726   
0.0217345    20.3698      0.00658029    0.0629867    0.389823     0.071125    
0.0152721    0.00658029   20.3823       0.0844726    0.071125     0.386443    

Stress Spherical
0            0            0             0            0            0           
0            0            0             0            0            0           
0            0            0             0            0            0           

Inertia
150.063      -56.1915     -56.2787      0.959475     0.441111     0.142029    
-56.1915     150.155      -56.2359      0.441111     1.04898      0.248969    
-56.2787     -56.2359     150.009       0.142029     0.248969     0.496895    

Bond Length
0.61846168    0.006500709 

BB bond length
0.61846168    0.006500709 

Water EE distance
0             0           

PEG EE distance
6.5304171     0.12967366  

BBB P2(x)
0.4769861     0.061056603 

BBB first bond length
0.61810982    0.0068463077

BBB second bond length
0.61848467    0.006432439 

BBB <phi**2>/<phi>**2
1.2235793     0.013557056 

Time = 2000
Temperature
1.0148689     0.0057428705

Pressure
23.262444     0.065220042 

CM Mom
-3.6994072e-17 2.6442423e-17 
1.4857841e-17  2.307984e-17  
4.2652404e-17  4.3751235e-17 
7.1679211e-17  3.7638895e-17 

CM Pos
7.5005486      0.018710338   
7.5025499      0.014853835   
7.5034416      0.011592853   
12.994175      0.015831013   

Stress
20.2554      0.00838449   0.00366201    0.0909988    0.0754062    0.0562146   
0.00838449   20.2414      -0.0552115    0.0754062    0.0846722    0.0477518   
0.00366201   -0.0552115   20.1711       0.0562146    0.0477518    0.186139    

Stress Spherical
0            0            0             0            0            0           
0            0            0             0            0            0           
0            0            0             0            0            0           

Inertia
149.964      -56.2963     -56.293       0.297211     0.191657     0.152945    
-56.2963     149.942      -56.298       0.191657     0.360177     0.163742    
-56.293      -56.298      149.938       0.152945     0.163742     0.305069    

Bond Length
0.61883651    0.0024912543

BB bond length
0.61883651    0.0024912543

Water EE distance
0             0           

PEG EE distance
6.9355111     0.18395901  

BBB P2(x)
0.51073978    0.01266655  

BBB first bond length
0.61885471    0.0026188859

BBB second bond length
0.61899916    0.0023109598

BBB <phi**2>/<phi>**2
1.2244688     0.0051963839

