Time = 500
Temperature
   1.0373714   0.047099855

Pressure
   21.538699    0.23646698

CM Mom
2.430669e-18   1.682385e-17  
-1.4753991e-17 1.4417099e-17 
1.5744243e-17  2.5748653e-17 
3.5467713e-17  1.9167648e-17 

CM Pos
7.5171103      0.015323212   
7.5305855      0.017089535   
7.4917957      0.02338157    
13.013248      0.010468304   

Stress
18.4517      -0.0201405   -0.0275543    0.127101     0.107896     0.0400324   
-0.0201405   18.3778      0.03615       0.107896     0.17639      0.0563433   
-0.0275543   0.03615      18.4511       0.0400324    0.0563433    0.152172    

Stress Spherical
0            0            0             0            0            0           
0            0            0             0            0            0           
0            0            0             0            0            0           

Inertia
149.539      -56.6108     -56.3487      0.337107     0.210836     0.180178    
-56.6108     149.314      -56.3773      0.210836     0.188958     0.107357    
-56.3487     -56.3773     149.958       0.180178     0.107357     0.804755    

Bond Length
0.61338353    0.0018551561

BB bond length
0.61338353    0.0018551561

Water EE distance
0             0           

PEG EE distance
3.8222512     0.065248008 

Time = 1000
Temperature
1.0142359     0.0082022233

Pressure
21.496033     0.16903936  

CM Mom
-1.650722e-17  6.487726e-18  
-3.2097662e-17 2.0859808e-17 
-1.5505179e-17 1.6312286e-17 
4.3209058e-17  2.0480453e-17 

CM Pos
7.4836255      0.015607105   
7.5051015      0.016429375   
7.494759       0.016908743   
12.980876      0.016650505   

Stress
18.4941      -0.0126997   -0.0151108    0.187729     0.0337753    0.0584458   
-0.0126997   18.4074      -0.0257823    0.0337753    0.153641     0.0580031   
-0.0151108   -0.0257823   18.4594       0.0584458    0.0580031    0.143273    

Stress Spherical
0            0            0             0            0            0           
0            0            0             0            0            0           
0            0            0             0            0            0           

Inertia
149.382      -56.164      -56.0665      0.340775     0.200143     0.174136    
-56.164      149.092      -56.2896      0.200143     0.271987     0.111121    
-56.0665     -56.2896     149.229       0.174136     0.111121     0.554397    

Bond Length
0.61524829    0.0018823877

BB bond length
0.61524829    0.0018823877

Water EE distance
0             0           

PEG EE distance
3.9377464     0.21208713  

