Time = 1000
Temperature
   1.0242435   0.033577801

Pressure
   23.777761     0.1189953

CM Mom
-1.1151441e-16 1.9132623e-17 
1.2385693e-17  2.1874178e-17 
2.8975297e-17  3.88685e-17   
1.2344611e-16  2.3340778e-17 

CM Pos
7.5031983      0.015708749   
7.4967697      0.010610979   
7.4978288      0.011842832   
12.989121      0.014815253   

Stress
20.7254      -0.0118325   -0.0161513    0.0646489    0.0954798    0.0351857   
-0.0118325   20.7139      0.0245499     0.0954798    0.139698     0.0643775   
-0.0161513   0.0245499    20.6767       0.0351857    0.0643775    0.0691614   

Stress Spherical
0            0            0             0            0            0           
0            0            0             0            0            0           
0            0            0             0            0            0           

Inertia
149.926      -56.2655     -56.3075      0.30754      0.163001     0.177572    
-56.2655     150.022      -56.2097      0.163001     0.27391      0.145089    
-56.3075     -56.2097     149.976       0.177572     0.145089     0.342658    

Bond Length
0.579297      0.025762125 

BB bond length
0.579297      0.025762125 

Water EE distance
0             0           

PEG EE distance
1.5980632     0.85214577  

Time = 2000
Temperature
1.007983      0.0091832501

Pressure
23.756983     0.081701634 

CM Mom
-1.2910332e-16 9.1925873e-18 
4.060939e-17   1.6252438e-17 
4.1693746e-17  3.4289994e-17 
1.4609567e-16  1.5351237e-17 

CM Pos
7.4932714      0.0090172604  
7.5003256      0.013518585   
7.500792       0.011446953   
12.987153      0.012006959   

Stress
20.7518      0.00401821   0.0254598     0.0920824    0.0462697    0.0602552   
0.00401821   20.7485      -0.00807613   0.0462697    0.0773495    0.0690175   
0.0254598    -0.00807613  20.6997       0.0602552    0.0690175    0.138845    

Stress Spherical
0            0            0             0            0            0           
0            0            0             0            0            0           
0            0            0             0            0            0           

Inertia
150.001      -56.2209     -56.228       0.230172     0.193417     0.124153    
-56.2209     149.895      -56.2278      0.193417     0.251721     0.129621    
-56.228      -56.2278     149.899       0.124153     0.129621     0.322097    

Bond Length
0.56358616    0.02144344  

BB bond length
0.56358616    0.02144344  

Water EE distance
0             0           

PEG EE distance
2.0362484     0.64583921  

Time = 3000
Temperature
1.0075841     0.0052242304

Pressure
23.723123     0.083175075 

CM Mom
-1.2963189e-16 1.4498508e-17 
6.8979898e-17  1.8591487e-17 
5.5243026e-17  2.7252529e-17 
1.595356e-16   2.1479918e-17 

CM Pos
7.4980126      0.0089831132  
7.5078819      0.013354391   
7.50257        0.013407708   
12.99528       0.013603945   

Stress
20.6925      0.0130115    -0.00755712   0.104521     0.0665339    0.0598173   
0.0130115    20.7081      -0.0206233    0.0665339    0.125783     0.073808    
-0.00755712  -0.0206233   20.7014       0.0598173    0.073808     0.124779    

Stress Spherical
0            0            0             0            0            0           
0            0            0             0            0            0           
0            0            0             0            0            0           

Inertia
150.143      -56.3217     -56.2315      0.400512     0.108412     0.0959218   
-56.3217     150.008      -56.3492      0.108412     0.242116     0.190854    
-56.2315     -56.3492     150.077       0.0959218    0.190854     0.227759    

Bond Length
0.57835537    0.019225319 

BB bond length
0.57835537    0.019225319 

Water EE distance
0             0           

PEG EE distance
1.8936389     0.68377657  

