Time = 500
Temperature
   1.0398824   0.042637897

Pressure
   23.804816    0.13726496

CM Mom
2.1006946e-17  2.1331196e-17 
-2.2983612e-17 3.289005e-17  
-3.5136409e-17 1.3255826e-17 
6.0193594e-17  1.7126851e-17 

CM Pos
7.4991779      0.028366886   
7.5102407      0.02100779    
7.4883855      0.017892765   
12.989175      0.013866163   

Stress
20.6484      -0.00513254  0.00943708    0.133735     0.0483597    0.0513851   
-0.00513254  20.7156      -0.015781     0.0483597    0.110188     0.0737825   
0.00943708   -0.015781    20.6925       0.0513851    0.0737825    0.0779224   

Stress Spherical
0            0            0             0            0            0           
0            0            0             0            0            0           
0            0            0             0            0            0           

Inertia
149.99       -56.3006     -56.0882      0.254218     0.128502     0.35562     
-56.3006     149.789      -56.237       0.128502     0.680799     0.112317    
-56.0882     -56.237      150.165       0.35562      0.112317     0.210292    

Bond Length
0.60765862    0.022773937 

BB bond length
0.60765862    0.022773937 

Water EE distance
0             0           

PEG EE distance
3.2682125     1.2604918   

Time = 1000
Temperature
1.0148164     0.0030894674

Pressure
23.685143     0.052447217 

CM Mom
2.8082918e-17  9.4371961e-18 
-3.7416292e-17 2.7744988e-17 
-3.7844524e-17 1.3521663e-17 
6.6359457e-17  1.6091617e-17 

CM Pos
7.5021411      0.029100317   
7.4977951      0.0076357756  
7.494312       0.0060438793  
12.987084      0.018755003   

Stress
20.687       -0.0135567   0.0270304     0.0850867    0.0454887    0.0640184   
-0.0135567   20.5775      0.0313598     0.0454887    0.0614582    0.0796674   
0.0270304    0.0313598    20.6584       0.0640184    0.0796674    0.0899215   

Stress Spherical
0            0            0             0            0            0           
0            0            0             0            0            0           
0            0            0             0            0            0           

Inertia
149.871      -56.3279     -56.2075      0.14006      0.240798     0.187366    
-56.3279     149.906      -56.1772      0.240798     0.461963     0.080693    
-56.2075     -56.1772     149.977       0.187366     0.080693     0.549365    

Bond Length
0.62354352    0.014596955 

BB bond length
0.62354352    0.014596955 

Water EE distance
0             0           

PEG EE distance
4.2838558     1.3677002   

