Time = 500
Temperature
   1.0455241   0.058734833

Pressure
   19.241252    0.14472678

CM Mom
7.310897e-18   2.2612574e-17 
1.2674598e-16  1.1576862e-17 
-1.9372136e-18 4.275846e-17  
1.3613528e-16  7.9100677e-18 

CM Pos
7.5091816      0.018619858   
7.5081572      0.0095406444  
7.4923324      0.015835246   
12.99598       0.021800499   

Stress
16.1068      0.0333575    0.00520405    0.0830545    0.0495279    0.0340187   
0.0333575    16.097       -0.0140268    0.0495279    0.122021     0.0779468   
0.00520405   -0.0140268   16.114        0.0340187    0.0779468    0.101756    

Stress Spherical
0            0            0             0            0            0           
0            0            0             0            0            0           
0            0            0             0            0            0           

Inertia
149.071      -56.3357     -56.2507      1.00876      0.24184      0.207679    
-56.3357     148.913      -56.2801      0.24184      0.592871     0.159207    
-56.2507     -56.2801     149.266       0.207679     0.159207     0.640072    

Bond Length
0.61147125    0.0022680891

BB bond length
0.61147125    0.0022680891

Water EE distance
0             0           

PEG EE distance
3.7815424     0.070593315 

Time = 1000
Temperature
1.0076101     0.0083499702

Pressure
19.047579     0.10784177  

CM Mom
-3.8814476e-17 1.4504039e-17 
1.0554688e-16  8.811129e-18  
1.3420634e-17  6.3441866e-18 
1.1456303e-16  5.5121753e-18 

CM Pos
7.5263736      0.011403251   
7.510232       0.0052524588  
7.5148598      0.021994593   
13.020116      0.01463816    

Stress
16.0648      0.0256751    -0.0176627    0.187981     0.0697459    0.0507992   
0.0256751    15.9753      -0.00725696   0.0697459    0.103749     0.0360806   
-0.0176627   -0.00725696  16.0377       0.0507992    0.0360806    0.0586563   

Stress Spherical
0            0            0             0            0            0           
0            0            0             0            0            0           
0            0            0             0            0            0           

Inertia
149.564      -56.5298     -56.4794      0.52989      0.0639176    0.255743    
-56.5298     149.799      -56.4013      0.0639176    0.460945     0.0894819   
-56.4794     -56.4013     149.751       0.255743     0.0894819    0.335874    

Bond Length
0.61401956    0.0013884281

BB bond length
0.61401956    0.0013884281

Water EE distance
0             0           

PEG EE distance
3.6576313     0.085816998 

