Time = 1000
Temperature
   1.0524043   0.058624697

Pressure
   23.725387    0.27005183

CM Mom
-8.1709366e-18 9.9883861e-18 
1.3236542e-16  2.0755777e-17 
9.6425058e-17  1.4867383e-16 
1.9801298e-16  1.0154062e-16 

CM Pos
7.4968705      0.014803658   
7.499324       0.019351767   
7.5076685      0.017909863   
12.992633      0.02039819    

Stress
20.5571      0.00285259   -0.00416219   0.164784     0.074246     0.0668752   
0.00285259   20.5458      -0.0264785    0.074246     0.135257     0.0724318   
-0.00416219  -0.0264785   20.6035       0.0668752    0.0724318    0.144811    

Stress Spherical
0            0            0             0            0            0           
0            0            0             0            0            0           
0            0            0             0            0            0           

Inertia
150.163      -56.2207     -56.283       0.785099     0.170234     0.151636    
-56.2207     150.095      -56.2811      0.170234     0.762632     0.268594    
-56.283      -56.2811     149.971       0.151636     0.268594     0.73111     

Bond Length
0.62030491    0.0056222611

BB bond length
0.62030491    0.0056222611

Water EE distance
0             0           

PEG EE distance
6.6780336     0.30431243  

BBB P2(x)
0.48520686    0.047085553 

BBB first bond length
0.62027226    0.0057564702

BBB second bond length
0.62044666    0.0059115018

BBB <phi**2>/<phi>**2
1.2166627     0.011303018 

Time = 2000
Temperature
1.0131711     0.0093450924

Pressure
23.516144     0.051768839 

CM Mom
7.2705186e-18  1.7928243e-17 
1.1584903e-16  1.370677e-17  
8.2809663e-17  5.0740421e-17 
1.4931682e-16  3.3461517e-17 

CM Pos
7.5085765      0.021155667   
7.5024357      0.014213451   
7.4984815      0.019885056   
12.995887      0.021454313   

Stress
20.4935      -0.0353658   -0.0158933    0.0974423    0.0736926    0.0362381   
-0.0353658   20.5078      0.0145315     0.0736926    0.140098     0.0616937   
-0.0158933   0.0145315    20.4304       0.0362381    0.0616937    0.0978662   

Stress Spherical
0            0            0             0            0            0           
0            0            0             0            0            0           
0            0            0             0            0            0           

Inertia
149.906      -56.2873     -56.3033      0.677042     0.173987     0.242822    
-56.2873     150.004      -56.2086      0.173987     0.595969     0.232607    
-56.3033     -56.2086     150.061       0.242822     0.232607     0.499528    

Bond Length
0.62134297    0.0039666613

BB bond length
0.62134297    0.0039666613

Water EE distance
0             0           

PEG EE distance
7.0046227     0.16031111  

BBB P2(x)
0.51286536    0.0094960181

BBB first bond length
0.62119037    0.0042018932

BBB second bond length
0.62154197    0.0042771503

BBB <phi**2>/<phi>**2
1.223683      0.010574821 

Time = 3000
Temperature
1.0098879     0.0034076063

Pressure
23.463099     0.099267532 

CM Mom
4.2418899e-18  1.0752978e-17 
1.1262271e-16  1.330261e-17  
5.0980546e-17  3.1166206e-17 
1.2758825e-16  1.6912739e-17 

CM Pos
7.4989449      0.013587958   
7.5046584      0.010325744   
7.513892       0.016178504   
13.000502      0.012198483   

Stress
20.4258      0.0316885    -0.00224778   0.153891     0.0570956    0.0521496   
0.0316885    20.4682      0.0221584     0.0570956    0.107369     0.0544352   
-0.00224778  0.0221584    20.408        0.0521496    0.0544352    0.119826    

Stress Spherical
0            0            0             0            0            0           
0            0            0             0            0            0           
0            0            0             0            0            0           

Inertia
150.219      -56.2945     -56.3322      0.365967     0.152217     0.142384    
-56.2945     150.152      -56.4124      0.152217     0.263343     0.182275    
-56.3322     -56.4124     149.997       0.142384     0.182275     0.23776     

Bond Length
0.61942421    0.0021220958

BB bond length
0.61942421    0.0021220958

Water EE distance
0             0           

PEG EE distance
7.0980356     0.28194731  

BBB P2(x)
0.51712937    0.021936102 

BBB first bond length
0.61932296    0.0020774819

BBB second bond length
0.61939682    0.0022474222

BBB <phi**2>/<phi>**2
1.2223829     0.011049078 

Time = 4000
Temperature
1.009295      0.0074669788

Pressure
23.472798     0.076808675 

CM Mom
-2.7268283e-17 2.1500266e-17 
1.2838469e-16  1.6482438e-17 
1.0703314e-16  2.1703126e-17 
1.7102092e-16  2.5280099e-17 

CM Pos
7.5060575      0.015910281   
7.5045102      0.014351807   
7.4986297      0.0090132804  
12.995706      0.01327963    

Stress
20.4322      0.0374251    0.0365183     0.0791696    0.0499185    0.0840077   
0.0374251    20.4857      -0.0180366    0.0499185    0.0937823    0.0740743   
0.0365183    -0.0180366   20.4187       0.0840077    0.0740743    0.111676    

Stress Spherical
0            0            0             0            0            0           
0            0            0             0            0            0           
0            0            0             0            0            0           

Inertia
150.015      -56.3425     -56.2583      0.233907     0.167678     0.17745     
-56.3425     150.044      -56.257       0.167678     0.350032     0.0934119   
-56.2583     -56.257      150.108       0.17745      0.0934119    0.363293    

Bond Length
0.61996833    0.0023987195

BB bond length
0.61996833    0.0023987195

Water EE distance
0             0           

PEG EE distance
7.0335428     0.15941763  

BBB P2(x)
0.50542991    0.022369385 

BBB first bond length
0.61999241    0.0022950684

BBB second bond length
0.61979524    0.0023570807

BBB <phi**2>/<phi>**2
1.2232319     0.0080073545

Time = 5000
Temperature
1.0103523     0.0063488229

Pressure
23.459303     0.067734725 

CM Mom
-4.3988324e-17 1.9617565e-17 
1.6861985e-16  2.6871729e-17 
1.1845541e-16  1.3610898e-17 
2.1265535e-16  2.1661217e-17 

CM Pos
7.4987968      0.0093245872  
7.4959159      0.014868775   
7.5036677      0.0088460801  
12.989457      0.011656957   

Stress
20.4849      -0.00778621  0.0250602     0.102071     0.102412     0.0511084   
-0.00778621  20.3623      -0.00344789   0.102412     0.0769055    0.0437895   
0.0250602    -0.00344789  20.4394       0.0511084    0.0437895    0.106911    

Stress Spherical
0            0            0             0            0            0           
0            0            0             0            0            0           
0            0            0             0            0            0           

Inertia
149.945      -56.2048     -56.2831      0.25016      0.158749     0.10259     
-56.2048     149.991      -56.2312      0.158749     0.229456     0.140967    
-56.2831     -56.2312     149.871       0.10259      0.140967     0.349855    

Bond Length
0.62031104    0.0027922009

BB bond length
0.62031104    0.0027922009

Water EE distance
0             0           

PEG EE distance
7.0666085     0.12530801  

BBB P2(x)
0.51540352    0.014595814 

BBB first bond length
0.62043502    0.0029904872

BBB second bond length
0.62053792    0.0025355702

BBB <phi**2>/<phi>**2
1.2245594     0.007964772 

Time = 6000
Temperature
1.0074121     0.010700809 

Pressure
23.453286     0.085656894 

CM Mom
-3.6176704e-17 1.7433827e-17 
1.9002356e-16  2.0049862e-17 
9.2163427e-17  2.4298912e-17 
2.1667795e-16  1.6088558e-17 

CM Pos
7.5017603      0.014057344   
7.5037693      0.012604665   
7.4987779      0.018642698   
12.992887      0.01471497    

Stress
20.4365      -0.000332626 0.0213635     0.102769     0.0769665    0.049191    
-0.000332626 20.4104      0.0214293     0.0769665    0.0700624    0.0661341   
0.0213635    0.0214293    20.4481       0.049191     0.0661341    0.131181    

Stress Spherical
0            0            0             0            0            0           
0            0            0             0            0            0           
0            0            0             0            0            0           

Inertia
150.008      -56.3001     -56.2543      0.411555     0.159176     0.138427    
-56.3001     149.99       -56.2274      0.159176     0.332455     0.222285    
-56.2543     -56.2274     150.046       0.138427     0.222285     0.264435    

Bond Length
0.61978442    0.0025826334

BB bond length
0.61978442    0.0025826334

Water EE distance
0             0           

PEG EE distance
6.7622979     0.37289495  

BBB P2(x)
0.5096989     0.0149861   

BBB first bond length
0.61988721    0.0027737723

BBB second bond length
0.61977492    0.0025798965

BBB <phi**2>/<phi>**2
1.227463      0.012175292 

Time = 7000
Temperature
1.0119859     0.0056414632

Pressure
23.469187     0.07532332  

CM Mom
-5.2109085e-17 1.930084e-17  
1.900422e-16   2.679464e-17  
8.287629e-17   2.0118822e-17 
2.1591317e-16  2.4012902e-17 

CM Pos
7.5088728      0.013250077   
7.5033248      0.010211349   
7.4971479      0.0085379     
12.995787      0.012739092   

Stress
20.4444      -0.0152917   0.0046322     0.0969783    0.0545807    0.0676353   
-0.0152917   20.4338      0.0129032     0.0545807    0.104888     0.0741778   
0.0046322    0.0129032    20.4232       0.0676353    0.0741778    0.0831085   

Stress Spherical
0            0            0             0            0            0           
0            0            0             0            0            0           
0            0            0             0            0            0           

Inertia
149.993      -56.3675     -56.2704      0.23459      0.237511     0.108352    
-56.3675     150.075      -56.2681      0.237511     0.274795     0.12483     
-56.2704     -56.2681     150.161       0.108352     0.12483      0.318809    

Bond Length
0.62252294    0.0032961969

BB bond length
0.62252294    0.0032961969

Water EE distance
0             0           

PEG EE distance
7.1318828     0.26823106  

BBB P2(x)
0.51438247    0.017582352 

BBB first bond length
0.62247688    0.0035590587

BBB second bond length
0.62237869    0.0034024847

BBB <phi**2>/<phi>**2
1.2231997     0.010081235 

Time = 8000
Temperature
1.0088369     0.0079789006

Pressure
23.450163     0.089986684 

CM Mom
-1.2050356e-17 1.7213673e-17 
1.5494894e-16  1.8387175e-17 
7.8067663e-17  1.4354983e-17 
1.7533053e-16  1.8671192e-17 

CM Pos
7.4959814      0.0078534031  
7.5000649      0.010829124   
7.4924062      0.014378555   
12.983724      0.012653671   

Stress
20.4413      0.00112307   -0.0319754    0.113626     0.0562044    0.0746909   
0.00112307   20.3947      -0.00926777   0.0562044    0.140209     0.0312464   
-0.0319754   -0.00926777  20.4367       0.0746909    0.0312464    0.102618    

Stress Spherical
0            0            0             0            0            0           
0            0            0             0            0            0           
0            0            0             0            0            0           

Inertia
149.857      -56.2421     -56.175       0.306023     0.0889326    0.0978888   
-56.2421     149.791      -56.1577      0.0889326    0.25576      0.133442    
-56.175      -56.1577     149.907       0.0978888    0.133442     0.197917    

Bond Length
0.6179351     0.0022680537

BB bond length
0.6179351     0.0022680537

Water EE distance
0             0           

PEG EE distance
6.6366808     0.16234821  

BBB P2(x)
0.52008681    0.011402464 

BBB first bond length
0.61807589    0.0022933622

BBB second bond length
0.61804769    0.0023722414

BBB <phi**2>/<phi>**2
1.2311143     0.012497723 

Time = 9000
Temperature
1.0095641     0.0067650624

Pressure
23.443927     0.045300455 

CM Mom
-3.3813381e-17 1.2137315e-17 
1.3097229e-16  2.223693e-17  
7.4167406e-17  1.4212419e-17 
1.5515794e-16  2.3826264e-17 

CM Pos
7.4909434      0.012816276   
7.5033248      0.012405379   
7.4946289      0.016921446   
12.983993      0.009762241   

Stress
20.3845      0.0271459    -0.00728874   0.083928     0.0560129    0.0862252   
0.0271459    20.444       0.0152173     0.0560129    0.109127     0.0682087   
-0.00728874  0.0152173    20.419        0.0862252    0.0682087    0.0978737   

Stress Spherical
0            0            0             0            0            0           
0            0            0             0            0            0           
0            0            0             0            0            0           

Inertia
149.951      -56.2218     -56.1144      0.212611     0.202468     0.117289    
-56.2218     149.77       -56.2362      0.202468     0.191238     0.120004    
-56.1144     -56.2362     149.882       0.117289     0.120004     0.343332    

Bond Length
0.61926171    0.0029626922

BB bond length
0.61926171    0.0029626922

Water EE distance
0             0           

PEG EE distance
6.8633515     0.087928423 

BBB P2(x)
0.50653891    0.013504656 

BBB first bond length
0.61936352    0.0027388531

BBB second bond length
0.61944596    0.0025954541

BBB <phi**2>/<phi>**2
1.2181524     0.012910929 

Time = 10000
Temperature
1.0103948     0.0078727005

Pressure
23.483448     0.07989014  

CM Mom
-2.4382847e-17 1.306154e-17  
9.0438334e-17  1.4078663e-17 
4.0141532e-17  3.5405088e-17 
1.0912889e-16  9.908376e-18  

CM Pos
7.4987968      0.016109823   
7.5045102      0.015009868   
7.4935917      0.020810356   
12.988623      0.011312387   

Stress
20.4969      -0.00550116  0.00311946    0.158952     0.0855438    0.045382    
-0.00550116  20.4492      -0.0142578    0.0855438    0.0825702    0.0989003   
0.00311946   -0.0142578   20.4125       0.045382     0.0989003    0.101071    

Stress Spherical
0            0            0             0            0            0           
0            0            0             0            0            0           
0            0            0             0            0            0           

Inertia
149.944      -56.2472     -56.2034      0.346142     0.196979     0.126234    
-56.2472     149.869      -56.2119      0.196979     0.235303     0.135883    
-56.2034     -56.2119     150.01        0.126234     0.135883     0.380595    

Bond Length
0.61899812    0.0029217167

BB bond length
0.61899812    0.0029217167

Water EE distance
0             0           

PEG EE distance
6.7835947     0.22982695  

BBB P2(x)
0.50980313    0.01320783  

BBB first bond length
0.61908339    0.003196508 

BBB second bond length
0.61915216    0.0031142739

BBB <phi**2>/<phi>**2
1.219533      0.015247404 

Time = 11000
Temperature
1.0133842     0.010060813 

Pressure
23.500022     0.092153597 

CM Mom
-3.8153155e-17 1.8525959e-17 
8.335899e-17   1.3951409e-17 
3.5374581e-17  1.4365497e-17 
1.0127023e-16  1.201278e-17  

CM Pos
7.4959814      0.013844085   
7.5042139      0.010545611   
7.4974443      0.019019886   
12.989039      0.013157346   

Stress
20.471       0.0652816    -0.0265491    0.120788     0.0481821    0.0579369   
0.0652816    20.4962      -0.0235804    0.0481821    0.118591     0.0817772   
-0.0265491   -0.0235804   20.4143       0.0579369    0.0817772    0.137295    

Stress Spherical
0            0            0             0            0            0           
0            0            0             0            0            0           
0            0            0             0            0            0           

Inertia
150.009      -56.247      -56.153       0.275872     0.135324     0.123014    
-56.247      149.886      -56.2753      0.135324     0.344092     0.145854    
-56.153      -56.2753     149.982       0.123014     0.145854     0.28292     

Bond Length
0.62079445    0.0033226673

BB bond length
0.62079445    0.0033226673

Water EE distance
0             0           

PEG EE distance
6.9041567     0.36535573  

BBB P2(x)
0.50901513    0.016327732 

BBB first bond length
0.62096614    0.0034610323

BBB second bond length
0.62089676    0.0032266535

BBB <phi**2>/<phi>**2
1.2259102     0.010523249 

Time = 12000
Temperature
1.0094365     0.0097545795

Pressure
23.501796     0.15504758  

CM Mom
-4.3913198e-17 8.0798796e-18 
7.3247246e-17  1.8423071e-17 
3.186668e-17   8.0472505e-18 
9.2130679e-17  1.7041231e-17 

CM Pos
7.4971668      0.019153902   
7.492656       0.010202744   
7.4995187      0.015244281   
12.984244      0.017090338   

Stress
20.4574      0.0228816    -0.046888     0.174886     0.121453     0.0620217   
0.0228816    20.4941      -0.0119199    0.121453     0.161292     0.0734987   
-0.046888    -0.0119199   20.4708       0.0620217    0.0734987    0.141388    

Stress Spherical
0            0            0             0            0            0           
0            0            0             0            0            0           
0            0            0             0            0            0           

Inertia
149.877      -56.1756     -56.2456      0.180651     0.247761     0.20724     
-56.1756     149.941      -56.1967      0.247761     0.411141     0.129039    
-56.2456     -56.1967     149.829       0.20724      0.129039     0.337699    

Bond Length
0.61913406    0.0027452142

BB bond length
0.61913406    0.0027452142

Water EE distance
0             0           

PEG EE distance
6.886666      0.1891654   

BBB P2(x)
0.51459617    0.015263329 

BBB first bond length
0.61904       0.0024791681

BBB second bond length
0.61918036    0.0028131278

BBB <phi**2>/<phi>**2
1.22289       0.010297493 

Time = 13000
Temperature
1.0075143     0.007120989 

Pressure
23.490255     0.10946849  

CM Mom
-4.2261517e-17 2.3826711e-17 
7.667728e-17   1.1524316e-17 
5.3808473e-17  2.0045924e-17 
1.0731202e-16  1.2136093e-17 

CM Pos
7.504872       0.011293608   
7.5031766      0.012304973   
7.4965552      0.013421308   
12.993048      0.016046505   

Stress
20.5257      -0.00615356  -0.0169543    0.103088     0.0568205    0.08935     
-0.00615356  20.4287      0.020078      0.0568205    0.110418     0.0667673   
-0.0169543   0.020078     20.4506       0.08935      0.0667673    0.138728    

Stress Spherical
0            0            0             0            0            0           
0            0            0             0            0            0           
0            0            0             0            0            0           

Inertia
149.99       -56.3381     -56.2456      0.332925     0.201529     0.145109    
-56.3381     150.006      -56.2749      0.201529     0.283623     0.17388     
-56.2456     -56.2749     150.107       0.145109     0.17388      0.243806    

Bond Length
0.61856618    0.0023480968

BB bond length
0.61856618    0.0023480968

Water EE distance
0             0           

PEG EE distance
6.8531454     0.32144188  

BBB P2(x)
0.50583471    0.017950275 

BBB first bond length
0.61891099    0.002291865 

BBB second bond length
0.61862589    0.0026974821

BBB <phi**2>/<phi>**2
1.2316651     0.01419423  

Time = 14000
Temperature
1.0031823     0.0083761332

Pressure
23.365762     0.07313846  

CM Mom
-1.9533915e-17 1.8357504e-17 
6.6952546e-17  2.1918542e-17 
4.8249132e-17  1.9097716e-17 
8.7822189e-17  2.5721632e-17 

CM Pos
7.4986486      0.01365244    
7.5031766      0.012760476   
7.4999633      0.013177797   
12.991428      0.012420348   

Stress
20.3846      0.0226713    0.0252453     0.0998934    0.0718102    0.0639317   
0.0226713    20.364       -0.0567398    0.0718102    0.0468341    0.0727002   
0.0252453    -0.0567398   20.3218       0.0639317    0.0727002    0.129443    

Stress Spherical
0            0            0             0            0            0           
0            0            0             0            0            0           
0            0            0             0            0            0           

Inertia
150.042      -56.2346     -56.238       0.224017     0.193826     0.1383      
-56.2346     149.97       -56.2827      0.193826     0.301782     0.151823    
-56.238      -56.2827     150.008       0.1383       0.151823     0.280747    

Bond Length
0.62150864    0.002701881 

BB bond length
0.62150864    0.002701881 

Water EE distance
0             0           

PEG EE distance
7.2480168     0.26420431  

BBB P2(x)
0.52081067    0.010521536 

BBB first bond length
0.62106393    0.0026251431

BBB second bond length
0.62118178    0.0025834565

BBB <phi**2>/<phi>**2
1.2285029     0.0095800681

Time = 15000
Temperature
1.013107      0.0073064406

Pressure
23.503048     0.077379954 

CM Mom
-2.16539e-17   2.277548e-17  
9.0409065e-17  1.3246905e-17 
4.5519226e-17  1.5176923e-17 
1.0677259e-16  1.5454627e-17 

CM Pos
7.5026494      0.011151766   
7.5008058      0.0069753644  
7.4978888      0.0087975467  
12.991165      0.0070671731  

Stress
20.4781      -0.0149355   -0.0291526    0.147928     0.0353366    0.0585023   
-0.0149355   20.4989      -0.005075     0.0353366    0.0776281    0.10066     
-0.0291526   -0.005075    20.416        0.0585023    0.10066      0.0787506   

Stress Spherical
0            0            0             0            0            0           
0            0            0             0            0            0           
0            0            0             0            0            0           

Inertia
149.985      -56.2553     -56.2522      0.18105      0.103668     0.149319    
-56.2553     150.012      -56.2507      0.103668     0.167233     0.123125    
-56.2522     -56.2507     150.064       0.149319     0.123125     0.175934    

Bond Length
0.61990015    0.002340134 

BB bond length
0.61990015    0.002340134 

Water EE distance
0             0           

PEG EE distance
7.6022963     0.36922126  

BBB P2(x)
0.50952889    0.016261863 

BBB first bond length
0.61975278    0.002401043 

BBB second bond length
0.61944492    0.0022852435

BBB <phi**2>/<phi>**2
1.2234275     0.012619602 

Time = 16000
Temperature
1.01011       0.0061592914

Pressure
23.505433     0.092705182 

CM Mom
-6.7181763e-18 2.8687528e-17 
7.3014739e-17  1.3681662e-17 
-8.5929047e-19 1.8855569e-17 
8.0810431e-17  1.4573719e-17 

CM Pos
7.4980559      0.0091881948  
7.4997685      0.0095399103  
7.4983333      0.014710667   
12.988176      0.0069163124  

Stress
20.4743      -0.000445831 0.000775574   0.127273     0.0658553    0.0793793   
-0.000445831 20.4564      0.0277455     0.0658553    0.106282     0.0908581   
0.000775574  0.0277455    20.4964       0.0793793    0.0908581    0.113803    

Stress Spherical
0            0            0             0            0            0           
0            0            0             0            0            0           
0            0            0             0            0            0           

Inertia
149.992      -56.2533     -56.2164      0.293517     0.117853     0.0888398   
-56.2533     149.952      -56.2315      0.117853     0.184574     0.146516    
-56.2164     -56.2315     149.985       0.0888398    0.146516     0.162805    

Bond Length
0.61910086    0.0021645216

BB bond length
0.61910086    0.0021645216

Water EE distance
0             0           

PEG EE distance
7.4949047     0.16267713  

BBB P2(x)
0.51340528    0.019671537 

BBB first bond length
0.6189572     0.0025815005

BBB second bond length
0.61927011    0.0021641966

BBB <phi**2>/<phi>**2
1.2212389     0.008169846 

Time = 17000
Temperature
1.010305      0.0060787948

Pressure
23.44635      0.08394219  

CM Mom
-8.0267162e-18 2.0570751e-17 
5.3647253e-17  1.5161429e-17 
3.2693617e-18  1.6082348e-17 
6.0372797e-17  1.4830263e-17 

CM Pos
7.5030939      0.0074811255  
7.5052511      0.013233496   
7.5001115      0.018918026   
12.995276      0.016210439   

Stress
20.4566      0.00158132   -0.030058     0.0707643    0.0537446    0.0742555   
0.00158132   20.4008      -0.0337048    0.0537446    0.0949598    0.040344    
-0.030058    -0.0337048   20.3907       0.0742555    0.040344     0.123812    

Stress Spherical
0            0            0             0            0            0           
0            0            0             0            0            0           
0            0            0             0            0            0           

Inertia
150.086      -56.33       -56.247       0.391817     0.103266     0.188069    
-56.33       150.043      -56.2721      0.103266     0.297452     0.20661     
-56.247      -56.2721     150.117       0.188069     0.20661      0.234729    

Bond Length
0.62025279    0.00071727066

BB bond length
0.62025279    0.00071727066

Water EE distance
0             0           

PEG EE distance
7.9003448     0.12590729  

BBB P2(x)
0.52074568    0.012330902 

BBB first bond length
0.62053992    0.0011036699

BBB second bond length
0.62019079    0.00097811961

BBB <phi**2>/<phi>**2
1.2260697     0.01160337  

Time = 18000
Temperature
1.0115244     0.0092565076

Pressure
23.483161     0.11726988  

CM Mom
-3.0457378e-17 2.2068202e-17 
6.7747678e-17  1.7306217e-17 
2.9071381e-17  1.7000398e-17 
8.397211e-17   1.966606e-17  

CM Pos
7.4967223      0.0091390757  
7.494286       0.013381988   
7.4978888      0.01379324    
12.983982      0.012934319   

Stress
20.4161      -0.0152046   0.00234514    0.165635     0.0592571    0.0981353   
-0.0152046   20.4252      0.00820907    0.0592571    0.164508     0.0756609   
0.00234514   0.00820907   20.5063       0.0981353    0.0756609    0.114151    

Stress Spherical
0            0            0             0            0            0           
0            0            0             0            0            0           
0            0            0             0            0            0           

Inertia
149.89       -56.1706     -56.2131      0.29039      0.149087     0.157697    
-56.1706     149.938      -56.1639      0.149087     0.289094     0.167418    
-56.2131     -56.1639     149.87        0.157697     0.167418     0.183478    

Bond Length
0.62041774    0.0024876552

BB bond length
0.62041774    0.0024876552

Water EE distance
0             0           

PEG EE distance
7.3479445     0.31622357  

BBB P2(x)
0.51491631    0.01769797  

BBB first bond length
0.62023695    0.0024509277

BBB second bond length
0.62034778    0.0027359677

BBB <phi**2>/<phi>**2
1.217303      0.011633454 

Time = 19000
Temperature
1.0116847     0.011276069 

Pressure
23.502947     0.058167154 

CM Mom
-2.6779209e-17 2.222937e-17  
7.1056248e-17  1.1340066e-17 
2.9859658e-17  1.3145902e-17 
8.5449863e-17  1.231232e-17  

CM Pos
7.4961296      0.010824054   
7.5011021      0.015865367   
7.4921099      0.0081484108  
12.984238      0.013745884   

Stress
20.4836      0.0200381    -0.0246774    0.119735     0.0640963    0.0428102   
0.0200381    20.4247      0.0380429     0.0640963    0.10228      0.055715    
-0.0246774   0.0380429    20.4972       0.0428102    0.055715     0.051273    

Stress Spherical
0            0            0             0            0            0           
0            0            0             0            0            0           
0            0            0             0            0            0           

Inertia
149.885      -56.2263     -56.1288      0.263467     0.168798     0.14494     
-56.2263     149.828      -56.2179      0.168798     0.2213       0.202738    
-56.1288     -56.2179     149.957       0.14494      0.202738     0.323607    

Bond Length
0.61829526    0.0025093609

BB bond length
0.61829526    0.0025093609

Water EE distance
0             0           

PEG EE distance
6.8679011     0.30100712  

BBB P2(x)
0.5199329     0.011520527 

BBB first bond length
0.6180571     0.002363599 

BBB second bond length
0.61832033    0.0030387231

BBB <phi**2>/<phi>**2
1.22139       0.015219628 

Time = 20000
Temperature
1.0087878     0.0064433984

Pressure
23.461287     0.075285974 

CM Mom
-2.5020871e-17 2.3297693e-17 
8.0315418e-17  1.3643737e-17 
2.9814281e-17  8.619932e-18  
9.2743272e-17  1.2939258e-17 

CM Pos
7.5054647      0.012751009   
7.4910261      0.012059858   
7.4986297      0.011362416   
12.987578      0.013235751   

Stress
20.4668      -0.0311779   0.0152875     0.117612     0.0973355    0.0659522   
-0.0311779   20.4237      -0.0155298    0.0973355    0.0710559    0.0491486   
0.0152875    -0.0155298   20.416        0.0659522    0.0491486    0.120781    

Stress Spherical
0            0            0             0            0            0           
0            0            0             0            0            0           
0            0            0             0            0            0           

Inertia
149.832      -56.1963     -56.2799      0.268857     0.160931     0.148978    
-56.1963     150.061      -56.1911      0.160931     0.263856     0.175152    
-56.2799     -56.1911     149.944       0.148978     0.175152     0.263634    

Bond Length
0.6197479     0.0030690605

BB bond length
0.6197479     0.0030690605

Water EE distance
0             0           

PEG EE distance
7.0726291     0.24696538  

BBB P2(x)
0.50650409    0.014579993 

BBB first bond length
0.61980792    0.0031802655

BBB second bond length
0.61960719    0.0033530763

BBB <phi**2>/<phi>**2
1.2249373     0.013259912 

Time = 21000
Temperature
1.007265      0.010438509 

Pressure
23.467877     0.073879377 

CM Mom
-6.3714579e-17 2.7896301e-17 
8.3967951e-17  3.2460849e-17 
1.6172154e-17  1.5919943e-17 
1.1205692e-16  3.0005076e-17 

CM Pos
7.4946478      0.016134337   
7.4972495      0.013991589   
7.5015932      0.013994728   
12.986638      0.017062348   

Stress
20.409       -0.00363084  -0.00865795   0.108362     0.0594514    0.0688995   
-0.00363084  20.4637      -0.0266136    0.0594514    0.0921708    0.045768    
-0.00865795  -0.0266136   20.4673       0.0688995    0.045768     0.0389678   

Stress Spherical
0            0            0             0            0            0           
0            0            0             0            0            0           
0            0            0             0            0            0           

Inertia
149.975      -56.1879     -56.2033      0.32194      0.167568     0.173293    
-56.1879     149.966      -56.229       0.167568     0.298868     0.194065    
-56.2033     -56.229      149.885       0.173293     0.194065     0.260382    

Bond Length
0.62020252    0.0027357186

BB bond length
0.62020252    0.0027357186

Water EE distance
0             0           

PEG EE distance
7.2615783     0.16409907  

BBB P2(x)
0.51353842    0.012616207 

BBB first bond length
0.62024264    0.0027419559

BBB second bond length
0.62031496    0.003053013 

BBB <phi**2>/<phi>**2
1.222811      0.0072112769

Time = 22000
Temperature
1.0139733     0.0073781157

Pressure
23.493655     0.082702059 

CM Mom
-1.0062088e-16 1.7684926e-17 
9.4042679e-17  2.2376194e-17 
2.8530966e-17  1.9870552e-17 
1.4247519e-16  2.6300456e-17 

CM Pos
7.5019085      0.014615582   
7.5008058      0.012691463   
7.4892945      0.019160778   
12.985785      0.019176595   

Stress
20.4178      0.00066248   -0.0623801    0.11698      0.0976919    0.064559    
0.00066248   20.4667      0.0258491     0.0976919    0.108526     0.0549175   
-0.0623801   0.0258491    20.4725       0.064559     0.0549175    0.0963148   

Stress Spherical
0            0            0             0            0            0           
0            0            0             0            0            0           
0            0            0             0            0            0           

Inertia
149.843      -56.2253     -56.1912      0.3577       0.150932     0.266348    
-56.2253     149.874      -56.166       0.150932     0.418526     0.186526    
-56.1912     -56.166      150.038       0.266348     0.186526     0.303487    

Bond Length
0.61854241    0.0033173901

BB bond length
0.61854241    0.0033173901

Water EE distance
0             0           

PEG EE distance
6.965834      0.15869251  

BBB P2(x)
0.50670233    0.015549589 

BBB first bond length
0.61829116    0.0035662258

BBB second bond length
0.61818376    0.0033854388

BBB <phi**2>/<phi>**2
1.2237229     0.015363348 

Time = 23000
Temperature
1.0090165     0.0049123966

Pressure
23.438113     0.089830243 

CM Mom
-1.0600118e-16 1.6124213e-17 
9.5592157e-17  9.5619396e-18 
3.7382151e-17  1.5564021e-17 
1.4885531e-16  1.4397727e-17 

CM Pos
7.497315       0.011983147   
7.4954714      0.015614272   
7.5017414      0.01943837    
12.987245      0.012962595   

Stress
20.3844      -0.00796082  -0.0119082    0.161105     0.0564417    0.0609391   
-0.00796082  20.4134      0.00538332    0.0564417    0.0972646    0.0539198   
-0.0119082   0.00538332   20.4372       0.0609391    0.0539198    0.0858282   

Stress Spherical
0            0            0             0            0            0           
0            0            0             0            0            0           
0            0            0             0            0            0           

Inertia
149.94       -56.2113     -56.211       0.273142     0.129379     0.166487    
-56.2113     149.987      -56.214       0.129379     0.358397     0.186784    
-56.211      -56.214      149.882       0.166487     0.186784     0.287269    

Bond Length
0.61933296    0.0030014212

BB bond length
0.61933296    0.0030014212

Water EE distance
0             0           

PEG EE distance
7.0251369     0.33429643  

BBB P2(x)
0.5121604     0.010645722 

BBB first bond length
0.61928472    0.0028643676

BBB second bond length
0.61940379    0.0030630319

BBB <phi**2>/<phi>**2
1.222009      0.0057976899

Time = 24000
Temperature
1.0077807     0.0070710535

Pressure
23.46625      0.064929716 

CM Mom
-9.1093289e-17 1.3367997e-17 
8.6625198e-17  1.4976182e-17 
6.8108366e-17  1.7095325e-17 
1.4527718e-16  5.5175651e-18 

CM Pos
7.4942033      0.0094983921  
7.5055475      0.016635514   
7.4983333      0.016682961   
12.989296      0.013139967   

Stress
20.438       0.0120233    0.00344089    0.13608      0.0628551    0.0794124   
0.0120233    20.4522      0.0233603     0.0628551    0.128199     0.0561413   
0.00344089   0.0233603    20.4403       0.0794124    0.0561413    0.070407    

Stress Spherical
0            0            0             0            0            0           
0            0            0             0            0            0           
0            0            0             0            0            0           

Inertia
150.056      -56.2397     -56.2054      0.309835     0.134598     0.163496    
-56.2397     149.884      -56.267       0.134598     0.307291     0.187968    
-56.2054     -56.267      150           0.163496     0.187968     0.287177    

Bond Length
0.61926227    0.0030602701

BB bond length
0.61926227    0.0030602701

Water EE distance
0             0           

PEG EE distance
6.4605962     0.2855207   

BBB P2(x)
0.51314247    0.014385645 

BBB first bond length
0.61923298    0.0027660528

BBB second bond length
0.61926416    0.003175802 

BBB <phi**2>/<phi>**2
1.2271176     0.013130057 

Time = 25000
Temperature
1.0029324     0.0070726225

Pressure
23.422001     0.10471483  

CM Mom
-1.2590456e-16 1.2985535e-17 
9.4516468e-17  9.1555611e-18 
5.2472652e-17  1.5203917e-17 
1.6706758e-16  1.0522888e-17 

CM Pos
7.5073911      0.015353354   
7.5003612      0.013796424   
7.5001115      0.012450431   
12.99494       0.011690484   

Stress
20.4189      -0.0312105   0.0394205     0.138734     0.0663854    0.092387    
-0.0312105   20.3779      -0.0060537    0.0663854    0.142303     0.0441601   
0.0394205    -0.0060537   20.4446       0.092387     0.0441601    0.15306     

Stress Spherical
0            0            0             0            0            0           
0            0            0             0            0            0           
0            0            0             0            0            0           

Inertia
150          -56.3153     -56.3418      0.247859     0.163591     0.124215    
-56.3153     150.119      -56.2817      0.163591     0.280294     0.129682    
-56.3418     -56.2817     150.131       0.124215     0.129682     0.32022     

Bond Length
0.62161582    0.0039047113

BB bond length
0.62161582    0.0039047113

Water EE distance
0             0           

PEG EE distance
6.3919497     0.30765401  

BBB P2(x)
0.51999003    0.012804095 

BBB first bond length
0.62159091    0.0038622617

BBB second bond length
0.62129912    0.0038444473

BBB <phi**2>/<phi>**2
1.2316202     0.010634675 

Time = 26000
Temperature
1.0087947     0.0065134112

Pressure
23.490198     0.098009936 

CM Mom
-1.1771251e-16 2.3586596e-17 
1.3424124e-16  1.8152165e-17 
7.1463136e-17  1.8872865e-17 
1.9452246e-16  1.9671073e-17 

CM Pos
7.4992413      0.0143365     
7.5033248      0.011619415   
7.5011487      0.015696319   
12.992538      0.01639314    

Stress
20.5126      0.0407613    -0.0177992    0.137223     0.0576406    0.092412    
0.0407613    20.4616      -0.0024351    0.0576406    0.106519     0.0737945   
-0.0177992   -0.0024351   20.4191       0.092412     0.0737945    0.157519    

Stress Spherical
0            0            0             0            0            0           
0            0            0             0            0            0           
0            0            0             0            0            0           

Inertia
150.068      -56.2704     -56.2821      0.328458     0.166525     0.157722    
-56.2704     150.006      -56.2716      0.166525     0.379175     0.166061    
-56.2821     -56.2716     150.042       0.157722     0.166061     0.345099    

Bond Length
0.61963927    0.0023996302

BB bond length
0.61963927    0.0023996302

Water EE distance
0             0           

PEG EE distance
6.704884      0.26196283  

BBB P2(x)
0.5079041     0.017178631 

BBB first bond length
0.61921541    0.0022592645

BBB second bond length
0.61967148    0.0024915151

BBB <phi**2>/<phi>**2
1.2193333     0.00980047  

Time = 27000
Temperature
1.0092894     0.0068675728

Pressure
23.474126     0.081604838 

CM Mom
-1.180562e-16  2.5533158e-17 
1.5108185e-16  1.5500889e-17 
6.031923e-17   3.3412652e-17 
2.0527454e-16  1.6504274e-17 

CM Pos
7.4961296      0.014038589   
7.4962123      0.013077444   
7.4972961      0.014705442   
12.984412      0.015255853   

Stress
20.4645      -0.0242482   -0.0506119    0.107591     0.0755225    0.056621    
-0.0242482   20.4308      -0.0515661    0.0755225    0.103133     0.0762429   
-0.0506119   -0.0515661   20.4453       0.056621     0.0762429    0.0920251   

Stress Spherical
0            0            0             0            0            0           
0            0            0             0            0            0           
0            0            0             0            0            0           

Inertia
149.879      -56.2175     -56.2008      0.327654     0.160118     0.222201    
-56.2175     149.889      -56.2117      0.160118     0.451868     0.151647    
-56.2008     -56.2117     149.87        0.222201     0.151647     0.242597    

Bond Length
0.61847274    0.0032548184

BB bond length
0.61847274    0.0032548184

Water EE distance
0             0           

PEG EE distance
7.2427575     0.1512444   

BBB P2(x)
0.50556423    0.011056871 

BBB first bond length
0.61875798    0.0032547749

BBB second bond length
0.61869389    0.0035161066

BBB <phi**2>/<phi>**2
1.2197022     0.0055878079

Time = 28000
Temperature
1.0077481     0.0078914941

Pressure
23.472949     0.067152481 

CM Mom
-1.1814092e-16 1.4267957e-17 
1.6425801e-16  2.011373e-17  
5.919453e-17   1.9318436e-17 
2.1258384e-16  1.5212274e-17 

CM Pos
7.501464       0.013349132   
7.5003612      0.017107274   
7.4849974      0.013690182   
12.982799      0.012423774   

Stress
20.4463      0.0176144    0.0259966     0.105093     0.0401279    0.11118     
0.0176144    20.4563      0.010471      0.0401279    0.0923691    0.0734836   
0.0259966    0.010471     20.4483       0.11118      0.0734836    0.124875    

Stress Spherical
0            0            0             0            0            0           
