Time = 500
Temperature
   1.0435146   0.051567011

Pressure
   20.381953    0.19939829

CM Mom
2.1560105e-17  3.9097513e-17 
1.1479842e-17  1.0193028e-17 
-2.8946864e-17 2.1435498e-17 
5.1619269e-17  2.935968e-17  

CM Pos
7.5435284      0.025977418   
7.4972755      0.051907399   
7.5397257      0.021087055   
13.037025      0.034935857   

Stress
17.2053      -0.0304258   -0.0377682    0.0806971    0.0589899    0.00299981  
-0.0304258   17.3122      0.0290147     0.0589899    0.127869     0.0837271   
-0.0377682   0.0290147    17.2469       0.00299981   0.0837271    0.119234    

Stress Spherical
0            0            0             0            0            0           
0            0            0             0            0            0           
0            0            0             0            0            0           

Inertia
149.63       -56.5877     -56.8904      0.275535     0.580344     0.152713    
-56.5877     150.208      -56.566       0.580344     0.313917     0.253317    
-56.8904     -56.566      149.53        0.152713     0.253317     0.899542    

Bond Length
0.61507729    0.003326425 

BB bond length
0.61507729    0.003326425 

Water EE distance
0             0           

PEG EE distance
3.7450638     0.033981032 

Time = 1000
Temperature
1.0114551     0.0075007322

Pressure
20.307256     0.053228727 

CM Mom
4.4445694e-17  1.4873094e-17 
2.1365811e-17  1.4574207e-17 
-3.6026471e-17 7.9453817e-18 
6.4414687e-17  8.7930569e-18 

CM Pos
7.5450115      0.017969307   
7.5141827      0.042380137   
7.5450648      0.016338271   
13.050653      0.031535314   

Stress
17.2491      -0.0174088   -0.0876071    0.119397     0.0618444    0.0442171   
-0.0174088   17.3042      0.0405581     0.0618444    0.081024     0.0970517   
-0.0876071   0.0405581    17.2752       0.0442171    0.0970517    0.0841246   

Stress Spherical
0            0            0             0            0            0           
0            0            0             0            0            0           
0            0            0             0            0            0           

Inertia
150.187      -56.6662     -56.8199      0.424561     0.429576     0.221405    
-56.6662     150.686      -56.7356      0.429576     0.246095     0.316059    
-56.8199     -56.7356     150.118       0.221405     0.316059     0.810869    

Bond Length
0.61048057    0.002671829 

BB bond length
0.61048057    0.002671829 

Water EE distance
0             0           

PEG EE distance
3.6500109     0.13066198  

