Time = 1000
Temperature
   1.1848246    0.29452321

Pressure
   23.880587     1.2298084

CM Mom
3.2624869e-17  2.820166e-17  
-1.9662302e-17 3.3559068e-17 
-1.8104891e-17 3.5860278e-16 
2.803946e-16   2.3167897e-16 

CM Pos
7.4929877      0.016307043   
7.5035805      0.011166882   
7.4921796      0.032195436   
12.983908      0.030095383   

Stress
20.3034      -0.0792484   0.00602731    0.374365     0.0788727    0.0876711   
-0.0792484   20.305       -0.0486127    0.0788727    0.363977     0.0728307   
0.00602731   -0.0486127   20.3752       0.0876711    0.0728307    0.368009    

Stress Spherical
0            0            0             0            0            0           
0            0            0             0            0            0           
0            0            0             0            0            0           

Inertia
150.145      -56.1997     -56.1312      1.06619      0.205074     0.332265    
-56.1997     150.015      -56.1981      0.205074     0.964566     0.275926    
-56.1312     -56.1981     150.154       0.332265     0.275926     1.29271     

Bond Length
0.61923719    0.011656039 

BB bond length
0.61923719    0.011656039 

Water EE distance
0             0           

PEG EE distance
7.1547037     0.10721317  

BBB P2(x)
0.47230156    0.066263286 

BBB first bond length
0.6191986     0.011787293 

BBB second bond length
0.61923659    0.011485919 

BBB <phi**2>/<phi>**2
1.2207767     0.015699555 

Time = 2000
Temperature
1.012133      0.0087176852

Pressure
23.047348     0.063907892 

CM Mom
6.0599308e-17  1.7233558e-17 
1.0885561e-18  5.1262147e-17 
5.2860384e-18  3.4026885e-17 
8.3539501e-17  2.8375818e-17 

CM Pos
7.5027703      0.012362051   
7.5066931      0.013864045   
7.5061124      0.018465905   
12.999391      0.015516047   

Stress
19.9671      0.00841456   0.0509144     0.138424     0.0590116    0.0748946   
0.00841456   20.0221      -0.00998303   0.0590116    0.129509     0.0835918   
0.0509144    -0.00998303  20.0482       0.0748946    0.0835918    0.0895531   

Stress Spherical
0            0            0             0            0            0           
0            0            0             0            0            0           
0            0            0             0            0            0           

Inertia
150.1        -56.3252     -56.2919      0.507877     0.146273     0.200535    
-56.3252     150.051      -56.3465      0.146273     0.35762      0.209525    
-56.2919     -56.3465     150.052       0.200535     0.209525     0.308249    

Bond Length
0.61586201    0.0017788843

BB bond length
0.61586201    0.0017788843

Water EE distance
0             0           

PEG EE distance
7.0739087     0.066784581 

BBB P2(x)
0.51580929    0.0053269344

BBB first bond length
0.6159287     0.0016065887

BBB second bond length
0.61578136    0.0019470787

BBB <phi**2>/<phi>**2
1.2216662     0.0043641302

