Time = 1000
Temperature
   1.2027903    0.33340009

Pressure
   23.877669     1.3790395

CM Mom
-1.2032269e-17 1.8091373e-17 
-4.5879788e-18 2.7940575e-17 
-7.3857298e-17 6.33849e-16   
3.7305258e-16  5.1896534e-16 

CM Pos
7.4991017      0.014532099   
7.4997258      0.032155292   
7.5028061      0.020453152   
12.991383      0.012125234   

Stress
20.2322      0.0411154    0.0241721     0.419561     0.126059     0.103117    
0.0411154    20.2946      -0.00627256   0.126059     0.384851     0.0390082   
0.0241721    -0.00627256  20.3025       0.103117     0.0390082    0.383376    

Stress Spherical
0            0            0             0            0            0           
0            0            0             0            0            0           
0            0            0             0            0            0           

Inertia
150.244      -56.2385     -56.2308      1.54782      0.305786     0.130747    
-56.2385     150.236      -56.2952      0.305786     1.63562      0.17902     
-56.2308     -56.2952     150.191       0.130747     0.17902      1.13547     

Bond Length
0.61886373    0.010428803 

BB bond length
0.61886373    0.010428803 

Water EE distance
0             0           

PEG EE distance
7.2081825     0.084276296 

BBB P2(x)
0.46829599    0.059644162 

BBB first bond length
0.61864291    0.010703004 

BBB second bond length
0.61922831    0.010233416 

BBB <phi**2>/<phi>**2
1.2162899     0.01052851  

Time = 2000
Temperature
1.0109267     0.0088496824

Pressure
22.996227     0.086992163 

CM Mom
-9.8236335e-18 1.3606487e-17 
-2.7280119e-17 8.6905846e-18 
-3.5656095e-17 5.8603157e-17 
6.4093114e-17  4.1220519e-17 

CM Pos
7.5071175      0.015006534   
7.4992805      0.010815866   
7.4964231      0.018914482   
12.992033      0.012193422   

Stress
19.9691      -0.0182494   -0.0465567    0.136024     0.060245     0.100045    
-0.0182494   19.9583      -0.0176721    0.060245     0.130441     0.103748    
-0.0465567   -0.0176721   19.9809       0.100045     0.103748     0.108704    

Stress Spherical
0            0            0             0            0            0           
0            0            0             0            0            0           
0            0            0             0            0            0           

Inertia
149.859      -56.296      -56.2384      0.310569     0.150036     0.223216    
-56.296      149.966      -56.23        0.150036     0.304557     0.135848    
-56.2384     -56.23       150.022       0.223216     0.135848     0.184229    

Bond Length
0.61570176    0.0020270632

BB bond length
0.61570176    0.0020270632

Water EE distance
0             0           

PEG EE distance
7.1070089     0.10879499  

BBB P2(x)
0.511998      0.0092210544

BBB first bond length
0.61548135    0.0020594944

BBB second bond length
0.61569842    0.0020016078

BBB <phi**2>/<phi>**2
1.2269484     0.0067049541

