Time = 500
Temperature
   1.0299914   0.044582953

Pressure
    23.50449    0.18595319

CM Mom
1.8193829e-17  6.2730506e-18 
4.0516999e-17  1.4696228e-17 
1.7896918e-18  2.529581e-17  
5.0357114e-17  1.8308878e-17 

CM Pos
7.4800855      0.015808351   
7.4961368      0.011853023   
7.4827369      0.034493619   
12.966739      0.019208921   

Stress
20.3685      0.0455685    -0.0289637    0.0918595    0.0615667    0.0812459   
0.0455685    20.4657      0.020071      0.0615667    0.0685467    0.0475466   
-0.0289637   0.020071     20.4102       0.0812459    0.0475466    0.151353    

Stress Spherical
0            0            0             0            0            0           
0            0            0             0            0            0           
0            0            0             0            0            0           

Inertia
149.526      -56.0709     -56.0015      0.502564     0.222701     0.221524    
-56.0709     149.291      -56.1094      0.222701     0.487298     0.308207    
-56.0015     -56.1094     149.435       0.221524     0.308207     0.305611    

Bond Length
0.62084016    0.0082520472

BB bond length
0.62084016    0.0082520472

Water EE distance
0             0           

PEG EE distance
3.643617      0.33077475  

Time = 1000
Temperature
1.0178556     0.0083894821

Pressure
23.432345     0.025174198 

CM Mom
2.9171318e-17  2.1251057e-17 
3.8035337e-17  1.4955748e-17 
7.8299016e-19  1.9043612e-17 
5.6057497e-17  1.3919906e-17 

CM Pos
7.4833451      0.013132272   
7.5091751      0.011718917   
7.4951825      0.01813648    
12.983312      0.013322551   

Stress
20.3163      0.0309233    -0.0232695    0.0941063    0.0499141    0.0600175   
0.0309233    20.441       -0.00274032   0.0499141    0.0970786    0.060994    
-0.0232695   -0.00274032  20.3799       0.0600175    0.060994     0.13166     

Stress Spherical
0            0            0             0            0            0           
0            0            0             0            0            0           
0            0            0             0            0            0           

Inertia
149.9        -56.1873     -56.0709      0.391904     0.183127     0.100472    
-56.1873     149.589      -56.2449      0.183127     0.22618      0.201133    
-56.0709     -56.2449     149.721       0.100472     0.201133     0.253451    

Bond Length
0.61616437    0.0062694935

BB bond length
0.61616437    0.0062694935

Water EE distance
0             0           

PEG EE distance
3.5398683     0.16758501  

