Time = 1000
Temperature
   1.0881729     0.2401784

Pressure
   23.545863     0.6687286

CM Mom
-1.1143431e-17 1.6477468e-17 
1.8020134e-17  2.9348628e-17 
-5.570906e-17  8.8807024e-17 
9.2186e-17     6.3825375e-17 

CM Pos
7.5025913      0.014320732   
7.5032333      0.020021761   
7.5040984      0.023361254   
12.996135      0.022330573   

Stress
20.2754      -0.00239465  -0.010488     0.152512     0.0693326    0.0779978   
-0.00239465  20.2883      0.00436375    0.0693326    0.140129     0.0736137   
-0.010488    0.00436375   20.2862       0.0779978    0.0736137    0.165735    

Stress Spherical
0            0            0             0            0            0           
0            0            0             0            0            0           
0            0            0             0            0            0           

Inertia
149.971      -56.2677     -56.3004      0.315516     0.199517     0.185669    
-56.2677     149.936      -56.3089      0.199517     0.48715      0.294367    
-56.3004     -56.3089     149.922       0.185669     0.294367     0.556808    

Bond Length
0.57364015    0.018564483 

BB bond length
0.57364015    0.018564483 

Water EE distance
0             0           

PEG EE distance
2.2431191     0.23378592  

Time = 2000
Temperature
1.0088662     0.0078094552

Pressure
23.291684     0.087535686 

CM Mom
1.5141779e-17  1.5048314e-17 
4.7167322e-17  2.0426287e-17 
-7.384009e-17  3.1088592e-17 
9.3724506e-17  2.7060876e-17 

CM Pos
7.5002344      0.011383086   
7.5035297      0.014100851   
7.5045135      0.016600651   
12.995175      0.015358106   

Stress
20.2485      0.0113411    0.000863885   0.117511     0.0721138    0.0700817   
0.0113411    20.2803      0.00663645    0.0721138    0.112292     0.0756566   
0.000863885  0.00663645   20.2718       0.0700817    0.0756566    0.115637    

Stress Spherical
0            0            0             0            0            0           
0            0            0             0            0            0           
0            0            0             0            0            0           

Inertia
150.047      -56.2638     -56.2716      0.283387     0.148005     0.181993    
-56.2638     149.975      -56.3154      0.148005     0.315407     0.208442    
-56.2716     -56.3154     149.957       0.181993     0.208442     0.239346    

Bond Length
0.569646      0.0023207628

BB bond length
0.569646      0.0023207628

Water EE distance
0             0           

PEG EE distance
2.2562312     0.047758197 

Time = 3000
Temperature
1.0129364     0.009142522 

Pressure
23.289973     0.096051802 

CM Mom
1.1267971e-17  2.2121463e-17 
4.8648627e-17  1.7023309e-17 
-9.6481202e-17 2.4321344e-17 
1.1274727e-16  2.1471201e-17 

CM Pos
7.5023097      0.012183114   
7.5059756      0.014506382   
7.5105911      0.020778916   
13.001294      0.02083096    

Stress
20.2541      0.00407134   0.00239061    0.122955     0.0740782    0.0788125   
0.00407134   20.2524      0.00482202    0.0740782    0.125095     0.0702048   
0.00239061   0.00482202   20.2524       0.0788125    0.0702048    0.119648    

Stress Spherical
0            0            0             0            0            0           
0            0            0             0            0            0           
0            0            0             0            0            0           

Inertia
150.186      -56.2985     -56.3329      0.457279     0.168619     0.202889    
-56.2985     150.107      -56.3789      0.168619     0.394883     0.243449    
-56.3329     -56.3789     150.043       0.202889     0.243449     0.285744    

Bond Length
0.57023503    0.0026731375

BB bond length
0.57023503    0.0026731375

Water EE distance
0             0           

PEG EE distance
2.2345688     0.066526826 

