Time = 1000
Temperature
   1.0833969    0.10629367

Pressure
   23.684267    0.54584681

CM Mom
-2.7030258e-17 1.7338859e-17 
1.6502929e-17  4.3934857e-17 
2.2400193e-16  1.4027356e-16 
2.3485258e-16  1.3390926e-16 

CM Pos
7.5011562      0.017704572   
7.495419       0.068006578   
7.5052495      0.026653109   
12.991601      0.036950274   

Stress
20.4504      0.0430241    0.00122279    0.271506     0.0369824    0.0626721   
0.0430241    20.4278      -0.00219139   0.0369824    0.245549     0.0872838   
0.00122279   -0.00219139  20.4365       0.0626721    0.0872838    0.28625     

Stress Spherical
0            0            0             0            0            0           
0            0            0             0            0            0           
0            0            0             0            0            0           

Inertia
150.113      -56.237      -56.3069      0.576536     0.582922     0.245003    
-56.237      150.167      -56.2806      0.582922     1.27711      0.371154    
-56.3069     -56.2806     150.033       0.245003     0.371154     0.347002    

Bond Length
0.61869233    0.0048285492

BB bond length
0.61869233    0.0048285492

Water EE distance
0             0           

PEG EE distance
5.9505291     0.092777646 

BBB P2(x)
0.46463512    0.056575102 

BBB first bond length
0.61841241    0.0049736043

BBB second bond length
0.61847873    0.0049213911

BBB <phi**2>/<phi>**2
1.2156808     0.013103283 

Time = 2000
Temperature
1.0117442     0.0063029859

Pressure
23.266829     0.072138678 

CM Mom
-2.9134022e-17 1.4715207e-17 
5.1833098e-17  2.4808128e-17 
2.8078229e-17  3.3488039e-17 
7.5709895e-17  2.3351431e-17 

CM Pos
7.503678       0.011638674   
7.5065444      0.030564953   
7.4979809      0.014170026   
12.995153      0.019291414   

Stress
20.1958      -0.0492761   -0.0428764    0.0980228    0.091283     0.0884501   
-0.0492761   20.2769      -0.0131793    0.091283     0.0753168    0.0839242   
-0.0428764   -0.0131793   20.2338       0.0884501    0.0839242    0.133422    

Stress Spherical
0            0            0             0            0            0           
0            0            0             0            0            0           
0            0            0             0            0            0           

Inertia
149.92       -56.318      -56.2711      0.259517     0.284419     0.131437    
-56.318      149.899      -56.2832      0.284419     0.362091     0.192098    
-56.2711     -56.2832     150.045       0.131437     0.192098     0.36743     

Bond Length
0.6178326     0.0010314216

BB bond length
0.6178326     0.0010314216

Water EE distance
0             0           

PEG EE distance
6.4755827     0.16615935  

BBB P2(x)
0.50378346    0.0082103626

BBB first bond length
0.61796437    0.0010968774

BBB second bond length
0.61753889    0.0012243267

BBB <phi**2>/<phi>**2
1.2226844     0.01304809  

