Time = 500
Temperature
   1.0431984   0.046562014

Pressure
   20.787567    0.15870162

CM Mom
-3.0567094e-17 8.0074386e-18 
2.9388902e-18  1.6074224e-17 
2.634515e-17   1.8961139e-17 
4.6795578e-17  1.1368802e-17 

CM Pos
7.5357766      0.02444185    
7.4966558      0.0052743711  
7.4559134      0.013115638   
12.983798      0.014162792   

Stress
17.7238      -0.0413043   -0.0307122    0.0721157    0.071236     0.0465155   
-0.0413043   17.6544      0.0377008     0.071236     0.0750242    0.0720041   
-0.0307122   0.0377008    17.6087       0.0465155    0.0720041    0.15938     

Stress Spherical
0            0            0             0            0            0           
0            0            0             0            0            0           
0            0            0             0            0            0           

Inertia
148.297      -56.5016     -56.1371      0.157306     0.215212     0.152075    
-56.5016     148.955      -55.9307      0.215212     0.392675     0.0617317   
-56.1371     -55.9307     149.626       0.152075     0.0617317    0.843704    

Bond Length
0.61404359    0.00076805408

BB bond length
0.61404359    0.00076805408

Water EE distance
0             0           

PEG EE distance
3.8083247     0.098579964 

Time = 1000
Temperature
0.99909271    0.005632967 

Pressure
20.544502     0.11339597  

CM Mom
-3.4770097e-17 1.1886115e-17 
-1.1063799e-17 1.5343984e-17 
1.8150516e-17  2.8585906e-17 
4.8862266e-17  2.1613861e-17 

CM Pos
7.5129302      0.022720826   
7.5002163      0.0078501176  
7.4787598      0.024333556   
12.985768      0.014117913   

Stress
17.5208      0.0598311    -0.0263369    0.131654     0.0563537    0.0387467   
0.0598311    17.5437      -0.0434658    0.0563537    0.157879     0.0539232   
-0.0263369   -0.0434658   17.5896       0.0387467    0.0539232    0.146874    

Stress Spherical
0            0            0             0            0            0           
0            0            0             0            0            0           
0            0            0             0            0            0           

Inertia
148.942      -56.3242     -56.1399      0.394605     0.203086     0.17499     
-56.3242     149.113      -56.1309      0.203086     0.443377     0.196373    
-56.1399     -56.1309     149.44        0.17499      0.196373     0.563475    

Bond Length
0.61309806    0.0026872077

BB bond length
0.61309806    0.0026872077

Water EE distance
0             0           

PEG EE distance
3.569618      0.12732373  

