Time = 1000
Temperature
   1.0382896    0.04486401

Pressure
   23.396622    0.24618586

CM Mom
-2.015528e-18  2.2667199e-17 
3.473669e-17   1.8002324e-17 
5.7281104e-17  1.528281e-16  
1.5055723e-16  7.7580013e-17 

CM Pos
7.5081558      0.020269622   
7.500247       0.030729404   
7.4919016      0.030537712   
12.990579      0.042799061   

Stress
20.3042      -0.00241868  0.0231119     0.108987     0.0804143    0.0514314   
-0.00241868  20.281       -0.014624     0.0804143    0.19434      0.0994052   
0.0231119    -0.014624    20.261        0.0514314    0.0994052    0.172545    

Stress Spherical
0            0            0             0            0            0           
0            0            0             0            0            0           
0            0            0             0            0            0           

Inertia
149.805      -56.3227     -56.2834      1.52603      0.361528     0.367371    
-56.3227     149.937      -56.1715      0.361528     1.43297      0.481028    
-56.2834     -56.1715     150.058       0.367371     0.481028     1.41156     

Bond Length
0.56993153    0.0044027168

BB bond length
0.56993153    0.0044027168

Water EE distance
0             0           

PEG EE distance
2.2410551     0.075202354 

Time = 2000
Temperature
1.0135045     0.0092891592

Pressure
23.268309     0.048226804 

CM Mom
-3.2870234e-17 2.317375e-17  
5.0489432e-17  1.8778318e-17 
3.8049319e-17  1.8293289e-17 
7.5864877e-17  2.337089e-17  

CM Pos
7.4982289      0.0081758473  
7.4944687      0.013269464   
7.4947167      0.027945873   
12.983136      0.021685459   

Stress
20.2708      0.0229144    0.0086513     0.0912747    0.0798638    0.0467278   
0.0229144    20.2041      0.0257912     0.0798638    0.139103     0.0949832   
0.0086513    0.0257912    20.2094       0.0467278    0.0949832    0.113621    

Stress Spherical
0            0            0             0            0            0           
0            0            0             0            0            0           
0            0            0             0            0            0           

Inertia
149.711      -56.1972     -56.2025      0.785977     0.136112     0.239082    
-56.1972     149.781      -56.1555      0.136112     0.635278     0.257038    
-56.2025     -56.1555     149.772       0.239082     0.257038     0.364405    

Bond Length
0.57046786    0.0020080258

BB bond length
0.57046786    0.0020080258

Water EE distance
0             0           

PEG EE distance
2.2635336     0.090480856 

Time = 3000
Temperature
1.0100049     0.0069797257

Pressure
23.184199     0.10636904  

CM Mom
-1.5300933e-17 2.0499731e-17 
6.97145e-17    1.5237928e-17 
-9.1067842e-18 2.9071458e-17 
8.0035964e-17  1.6400946e-17 

CM Pos
7.5025256      0.012662501   
7.4999507      0.02393643    
7.4954575      0.016419351   
12.989209      0.022078835   

Stress
20.1542      -0.00182646  0.0381345     0.164749     0.0729368    0.0639342   
-0.00182646  20.1402      -0.014139     0.0729368    0.120653     0.0636016   
0.0381345    -0.014139    20.169        0.0639342    0.0636016    0.0946603   

Stress Spherical
0            0            0             0            0            0           
0            0            0             0            0            0           
0            0            0             0            0            0           

Inertia
149.846      -56.3069     -56.2347      0.493463     0.218229     0.16398     
-56.3069     149.88       -56.2219      0.218229     0.298118     0.197668    
-56.2347     -56.2219     149.968       0.16398      0.197668     0.453861    

Bond Length
0.56941527    0.0024243681

BB bond length
0.56941527    0.0024243681

Water EE distance
0             0           

PEG EE distance
2.2405527     0.062326466 

