Time = 1000
Temperature
   1.0792971    0.22642006

Pressure
   23.629462     0.6595774

CM Mom
-4.003834e-17  1.7146531e-17 
-3.1759613e-17 2.0851456e-17 
-5.0058486e-17 7.8029309e-17 
9.8750303e-17  4.6726129e-17 

CM Pos
7.4945455      0.035187385   
7.5009551      0.017795645   
7.4949164      0.040998596   
12.984916      0.038680979   

Stress
20.4049      0.00961497   -0.00406477   0.125078     0.0760169    0.0710654   
0.00961497   20.3831      0.0169192     0.0760169    0.131363     0.0711322   
-0.00406477  0.0169192    20.3877       0.0710654    0.0711322    0.152715    

Stress Spherical
0            0            0             0            0            0           
0            0            0             0            0            0           
0            0            0             0            0            0           

Inertia
149.816      -56.1981     -56.1563      0.910246     0.260335     0.558963    
-56.1981     149.727      -56.2091      0.260335     1.45542      0.299168    
-56.1563     -56.2091     149.822       0.558963     0.299168     0.792022    

Bond Length
0.57359605    0.018220297 

BB bond length
0.57359605    0.018220297 

Water EE distance
0             0           

PEG EE distance
2.2533043     0.27257456  

Time = 2000
Temperature
1.0111289     0.0077272293

Pressure
23.412659     0.09893169  

CM Mom
-5.6001891e-17 1.6579405e-17 
-7.4328528e-17 2.0210324e-17 
-1.6238437e-17 3.2484278e-17 
1.0139777e-16  1.9536731e-17 

CM Pos
7.4968717      0.018077529   
7.5013403      0.012339558   
7.4954943      0.02512832    
12.98677       0.023032157   

Stress
20.3789      -0.00358546  0.00928917    0.120322     0.0801576    0.0703011   
-0.00358546  20.3747      0.0165535     0.0801576    0.134266     0.068791    
0.00928917   0.0165535    20.3851       0.0703011    0.068791     0.141357    

Stress Spherical
0            0            0             0            0            0           
0            0            0             0            0            0           
0            0            0             0            0            0           

Inertia
149.857      -56.2216     -56.1818      0.537006     0.172365     0.300902    
-56.2216     149.789      -56.2019      0.172365     0.716792     0.220144    
-56.1818     -56.2019     149.886       0.300902     0.220144     0.423451    

Bond Length
0.57009136    0.0031725571

BB bond length
0.57009136    0.0031725571

Water EE distance
0             0           

PEG EE distance
2.275807      0.069490511 

Time = 3000
Temperature
1.0135238     0.0084157623

Pressure
23.406701     0.092056953 

CM Mom
-6.3474594e-17 2.414037e-17  
-8.8368287e-17 1.7522111e-17 
-3.2843058e-17 2.3145046e-17 
1.1825302e-16  1.892994e-17  

CM Pos
7.4965605      0.013269497   
7.5035183      0.012889004   
7.4942645      0.019972184   
12.987136      0.015500903   

Stress
20.3674      -0.00865266  0.00018392    0.123103     0.0770997    0.0665308   
-0.00865266  20.3776      0.0044318     0.0770997    0.115252     0.0645186   
0.00018392   0.0044318    20.3543       0.0665308    0.0645186    0.127792    

Stress Spherical
0            0            0             0            0            0           
0            0            0             0            0            0           
0            0            0             0            0            0           

Inertia
149.906      -56.2386     -56.1774      0.400813     0.140072     0.23669     
-56.2386     149.797      -56.2092      0.140072     0.421163     0.199254    
-56.1774     -56.2092     149.939       0.23669      0.199254     0.270884    

Bond Length
0.57031029    0.0032727195

BB bond length
0.57031029    0.0032727195

Water EE distance
0             0           

PEG EE distance
2.2759997     0.073619188 

