Time = 1000
Temperature
   1.0262958   0.033717571

Pressure
   23.550972    0.17539821

CM Mom
-1.7665826e-17 2.15831e-17   
-2.0915524e-17 2.1486559e-17 
1.894404e-17   2.7974469e-17 
4.7105126e-17  2.4486681e-17 

CM Pos
7.4968802      0.013521545   
7.5017979      0.02418342    
7.5004306      0.019915282   
12.989896      0.020493942   

Stress
20.4855      0.00925743   0.0105239     0.161716     0.0676045    0.0694834   
0.00925743   20.4503      0.0286083     0.0676045    0.116315     0.0626555   
0.0105239    0.0286083    20.5078       0.0694834    0.0626555    0.103786    

Stress Spherical
0            0            0             0            0            0           
0            0            0             0            0            0           
0            0            0             0            0            0           

Inertia
150.024      -56.264      -56.2075      0.449478     0.279302     0.199878    
-56.264      149.946      -56.2696      0.279302     0.34592      0.171801    
-56.2075     -56.2696     149.994       0.199878     0.171801     0.790968    

Bond Length
0.6184599     0.0045052611

BB bond length
0.6184599     0.0045052611

Water EE distance
0             0           

PEG EE distance
6.7898105     0.57241337  

BBB P2(x)
0.45991794    0.060892302 

BBB first bond length
0.61843975    0.0048725223

BBB second bond length
0.61813008    0.0048395687

BBB <phi**2>/<phi>**2
1.2188031     0.02216832  

Time = 2000
Temperature
1.0128602     0.0056346547

Pressure
23.547363     0.068042878 

CM Mom
-2.4343248e-17 1.9240139e-17 
-4.4173432e-17 3.3815392e-17 
1.0425319e-17  1.2814059e-17 
6.1321333e-17  2.3877416e-17 

CM Pos
7.5017836      0.016941685   
7.5026894      0.01299193    
7.5044425      0.018936134   
12.995555      0.010937516   

Stress
20.5257      -0.00383023  0.0351624     0.0920286    0.0555401    0.0971357   
-0.00383023  20.5396      0.0301804     0.0555401    0.106317     0.0878936   
0.0351624    0.0301804    20.4881       0.0971357    0.0878936    0.107395    

Stress Spherical
0            0            0             0            0            0           
0            0            0             0            0            0           
0            0            0             0            0            0           

Inertia
150.087      -56.2975     -56.2772      0.246616     0.155011     0.195392    
-56.2975     150.092      -56.2611      0.155011     0.360973     0.163228    
-56.2772     -56.2611     150.055       0.195392     0.163228     0.32912     

Bond Length
0.61807568    0.0049736393

BB bond length
0.61807568    0.0049736393

Water EE distance
0             0           

PEG EE distance
6.681081      0.63989135  

BBB P2(x)
0.47906968    0.030110523 

BBB first bond length
0.61750986    0.0054580241

BBB second bond length
0.61832588    0.0053154545

BBB <phi**2>/<phi>**2
1.2210258     0.013741847 

