Time = 1000
Temperature
   1.1259084    0.17847343

Pressure
   23.882224    0.94971767

CM Mom
-1.8962837e-17 2.8645561e-17 
1.3073688e-17  3.9745455e-17 
-1.1006276e-16 2.4672042e-16 
1.6959542e-16  2.171473e-16  

CM Pos
7.4985059      0.011087487   
7.4947619      0.0076759189  
7.496892       0.009648799   
12.984706      0.011337658   

Stress
20.5164      0.00933731   -0.0169048    0.357052     0.0623929    0.0690814   
0.00933731   20.4274      0.0268207     0.0623929    0.43484      0.067613    
-0.0169048   0.0268207    20.5707       0.0690814    0.067613     0.514727    

Stress Spherical
0            0            0             0            0            0           
0            0            0             0            0            0           
0            0            0             0            0            0           

Inertia
150.02       -56.2205     -56.2134      1.27687      0.135954     0.151361    
-56.2205     150.084      -56.1916      0.135954     1.34308      0.0973092   
-56.2134     -56.1916     150.051       0.151361     0.0973092    1.35314     

Bond Length
0.61786861    0.007254777 

BB bond length
0.61786861    0.007254777 

Water EE distance
0             0           

PEG EE distance
6.7506219     0.094637938 

BBB P2(x)
0.47273341    0.065579343 

BBB first bond length
0.61776363    0.0071668259

BBB second bond length
0.61809193    0.0071759536

BBB <phi**2>/<phi>**2
1.2190329     0.018005665 

Time = 2000
Temperature
1.0061114     0.0068244917

Pressure
23.188302     0.058497314 

CM Mom
2.198541e-17   2.5899902e-17 
-4.1274219e-18 1.201991e-17  
-1.3866342e-17 4.254225e-17  
4.5195099e-17  3.5709921e-17 

CM Pos
7.5032471      0.011978299   
7.5023182      0.015326793   
7.4924471      0.01399413    
12.989249      0.015722407   

Stress
20.1348      -0.0186242   -0.0213404    0.0830857    0.0632004    0.0413519   
-0.0186242   20.1567      -0.030751     0.0632004    0.112738     0.0724908   
-0.0213404   -0.030751    20.2194       0.0413519    0.0724908    0.0676079   

Stress Spherical
0            0            0             0            0            0           
0            0            0             0            0            0           
0            0            0             0            0            0           

Inertia
149.801      -56.2773     -56.2391      0.414613     0.175818     0.206081    
-56.2773     149.835      -56.178       0.175818     0.448859     0.152306    
-56.2391     -56.178      149.968       0.206081     0.152306     0.48956     

Bond Length
0.61749762    0.0014965977

BB bond length
0.61749762    0.0014965977

Water EE distance
0             0           

PEG EE distance
6.6434885     0.13133064  

BBB P2(x)
0.51775244    0.010811954 

BBB first bond length
0.61760297    0.001598448 

BBB second bond length
0.61758237    0.0018270012

BBB <phi**2>/<phi>**2
1.2262159     0.007677144 

Time = 3000
Temperature
1.0099907     0.0090461567

Pressure
23.208454     0.050393962 

CM Mom
2.303015e-17   2.0559802e-17 
-3.6071282e-17 1.5228724e-17 
-6.0821557e-18 2.886556e-17  
5.6549735e-17  1.2589095e-17 

CM Pos
7.4985059      0.018290754   
7.4898725      0.01281501    
7.497781       0.013667163   
12.982399      0.022407689   

Stress
20.1446      0.034001     -0.0113617    0.0961496    0.0462219    0.0642781   
0.034001     20.1659      0.00926969    0.0462219    0.0606519    0.0914293   
-0.0113617   0.00926969   20.2259       0.0642781    0.0914293    0.111677    

Stress Spherical
0            0            0             0            0            0           
0            0            0             0            0            0           
0            0            0             0            0            0           

Inertia
149.762      -56.1803     -56.205       0.359274     0.189229     0.205003    
-56.1803     149.905      -56.1776      0.189229     0.37285      0.189535    
-56.205      -56.1776     149.792       0.205003     0.189535     0.363516    

Bond Length
0.61756236    0.002326547 

BB bond length
0.61756236    0.002326547 

Water EE distance
0             0           

PEG EE distance
6.990827      0.20070384  

BBB P2(x)
0.5183681     0.0094603364

BBB first bond length
0.61747947    0.0025943913

BBB second bond length
0.61774423    0.0022803571

BBB <phi**2>/<phi>**2
1.2307613     0.0079766187

Time = 4000
Temperature
1.0102993     0.0081125198

Pressure
23.208484     0.091828066 

CM Mom
1.9773791e-17  2.9077345e-17 
-3.2847753e-17 1.709677e-17  
-2.9125945e-17 1.373839e-17  
5.5930401e-17  2.2729357e-17 

CM Pos
7.4974687      0.01602694    
7.4892799      0.01369925    
7.5065226      0.016322133   
12.98652       0.015245591   

Stress
20.1968      0.0442342    0.012001      0.10383      0.0480935    0.0704779   
0.0442342    20.1882      -0.0177575    0.0480935    0.147367     0.0612501   
0.012001     -0.0177575   20.1487       0.0704779    0.0612501    0.103376    

Stress Spherical
0            0            0             0            0            0           
0            0            0             0            0            0           
0            0            0             0            0            0           

Inertia
149.894      -56.1403     -56.2803      0.267236     0.140105     0.16449     
-56.1403     150.026      -56.2272      0.140105     0.358411     0.121854    
-56.2803     -56.2272     149.76        0.16449      0.121854     0.298827    

Bond Length
0.61748664    0.0014162071

BB bond length
0.61748664    0.0014162071

Water EE distance
0             0           

PEG EE distance
7.5309942     0.12687768  

BBB P2(x)
0.51104839    0.0079986456

BBB first bond length
0.61721574    0.0014019109

BBB second bond length
0.6177167     0.0014155476

BBB <phi**2>/<phi>**2
1.2270228     0.010203774 

Time = 5000
Temperature
1.0108788     0.0068363826

Pressure
23.203955     0.11452295  

CM Mom
3.824397e-17   1.4576596e-17 
-3.2954537e-17 1.2510208e-17 
-3.9195018e-17 2.4845171e-17 
6.9407688e-17  1.5927648e-17 

CM Pos
7.4992467      0.01119095    
7.4990586      0.0076199472  
7.4997071      0.011643747   
12.98924       0.012503518   

Stress
20.1307      0.00319645   0.0078572     0.154647     0.0627582    0.0459922   
0.00319645   20.2212      0.0116247     0.0627582    0.142204     0.0763987   
0.0078572    0.0116247    20.163        0.0459922    0.0763987    0.108008    

Stress Spherical
0            0            0             0            0            0           
0            0            0             0            0            0           
0            0            0             0            0            0           

Inertia
149.951      -56.2497     -56.2676      0.265329     0.139345     0.171281    
-56.2497     149.949      -56.1961      0.139345     0.301394     0.134343    
-56.2676     -56.1961     149.951       0.171281     0.134343     0.236223    

Bond Length
0.61953696    0.0018396905

BB bond length
0.61953696    0.0018396905

Water EE distance
0             0           

PEG EE distance
6.9848596     0.19178022  

BBB P2(x)
0.51882203    0.0089901762

BBB first bond length
0.61950531    0.0020464195

BBB second bond length
0.61953631    0.0018838179

BBB <phi**2>/<phi>**2
1.2277588     0.0048831156

Time = 6000
Temperature
1.0096361     0.0056622833

Pressure
23.19533      0.10026134  

CM Mom
4.8310438e-17  3.843903e-17  
-2.1327709e-17 1.6695434e-17 
-3.0030387e-17 3.1068801e-17 
7.4606197e-17  2.9087386e-17 

CM Pos
7.4983577      0.0108564     
7.5002439      0.01521178    
7.4995589      0.011036884   
12.989331      0.012321041   

Stress
20.1077      -0.000383622 0.0177138     0.120955     0.0452403    0.070685    
-0.000383622 20.1941      0.00267655    0.0452403    0.113493     0.0861836   
0.0177138    0.00267655   20.1984       0.070685     0.0861836    0.130871    

Stress Spherical
0            0            0             0            0            0           
0            0            0             0            0            0           
0            0            0             0            0            0           

Inertia
149.979      -56.2574     -56.2408      0.229395     0.156957     0.120928    
-56.2574     149.958      -56.234       0.156957     0.250082     0.112904    
-56.2408     -56.234      149.965       0.120928     0.112904     0.31047     

Bond Length
0.61779226    0.0013942837

BB bond length
0.61779226    0.0013942837

Water EE distance
0             0           

PEG EE distance
7.0293035     0.11482459  

BBB P2(x)
0.51404011    0.0061655883

BBB first bond length
0.61772904    0.0013271478

BBB second bond length
0.61794687    0.001360025 

BBB <phi**2>/<phi>**2
1.2258328     0.0087967589

Time = 7000
Temperature
1.0154707     0.0085451145

Pressure
23.143994     0.090097182 

CM Mom
5.006353e-17   1.2023477e-17 
-1.9052761e-17 2.0806851e-17 
-1.0774065e-17 1.5013051e-17 
5.9288893e-17  1.6527345e-17 

CM Pos
7.4980614      0.012055936   
7.4997994      0.011514832   
7.5029667      0.0058594587  
12.990869      0.0072169255  

Stress
20.0661      0.0137861    -0.015069     0.14853      0.0753285    0.120038    
0.0137861    20.1086      -0.0164742    0.0753285    0.104344     0.052309    
-0.015069    -0.0164742   20.119        0.120038     0.052309     0.148862    

Stress Spherical
0            0            0             0            0            0           
0            0            0             0            0            0           
0            0            0             0            0            0           

Inertia
150.034      -56.2129     -56.1917      0.1442       0.119646     0.142488    
-56.2129     149.993      -56.2723      0.119646     0.217018     0.130909    
-56.1917     -56.2723     149.955       0.142488     0.130909     0.238917    

Bond Length
0.61780253    0.0017475486

BB bond length
0.61780253    0.0017475486

Water EE distance
0             0           

PEG EE distance
7.1699802     0.12651781  

BBB P2(x)
0.50679053    0.011223595 

BBB first bond length
0.61788271    0.00169809  

BBB second bond length
0.61768462    0.0018844437

BBB <phi**2>/<phi>**2
1.2264844     0.0053660062

Time = 8000
Temperature
1.0090778     0.0076725324

Pressure
23.189006     0.090603327 

CM Mom
5.2197014e-17  1.2719379e-17 
-1.9883591e-17 2.0456112e-17 
-8.4852378e-18 2.0445973e-17 
6.3441798e-17  1.2856747e-17 

CM Pos
7.4968761      0.011466115   
7.4959472      0.012558052   
7.5062263      0.013452658   
12.989851      0.006918116   

Stress
20.116       -0.003257    -0.00534308   0.103176     0.085635     0.0821422   
-0.003257    20.2153      0.0372044     0.085635     0.0839287    0.060717    
-0.00534308  0.0372044    20.155        0.0821422    0.060717     0.140086    

Stress Spherical
0            0            0             0            0            0           
0            0            0             0            0            0           
0            0            0             0            0            0           

Inertia
150.029      -56.2122     -56.2913      0.2329       0.141669     0.109672    
-56.2122     150.054      -56.2537      0.141669     0.203436     0.124896    
-56.2913     -56.2537     149.905       0.109672     0.124896     0.192624    

Bond Length
0.61762942    0.0012033383

BB bond length
0.61762942    0.0012033383

Water EE distance
0             0           

PEG EE distance
6.9381284     0.14947734  

BBB P2(x)
0.508196      0.014689363 

BBB first bond length
0.61767143    0.0011712764

BBB second bond length
0.61756431    0.0014092133

BBB <phi**2>/<phi>**2
1.2213998     0.0074909512

Time = 9000
Temperature
1.0127405     0.0070462061

Pressure
23.147681     0.061550672 

CM Mom
3.3938895e-17  2.1519585e-17 
-5.8905754e-17 1.5376482e-17 
-1.2208451e-17 1.4905845e-17 
7.3846495e-17  1.5465795e-17 

CM Pos
7.4993948      0.014214364   
7.4987623      0.016325495   
7.5031148      0.010481928   
12.99113       0.014282117   

Stress
20.0261      0.0328007    -0.0280921    0.0795745    0.0822895    0.0831319   
0.0328007    20.1264      -0.0160861    0.0822895    0.103985     0.0741218   
-0.0280921   -0.0160861   20.1768       0.0831319    0.0741218    0.102152    

Stress Spherical
0            0            0             0            0            0           
0            0            0             0            0            0           
0            0            0             0            0            0           

Inertia
150.014      -56.2145     -56.2598      0.23194      0.21103      0.149461    
-56.2145     150.023      -56.2623      0.21103      0.310752     0.169941    
-56.2598     -56.2623     149.965       0.149461     0.169941     0.426671    

Bond Length
0.61915192    0.0011654412

BB bond length
0.61915192    0.0011654412

Water EE distance
0             0           

PEG EE distance
6.7539139     0.11263068  

BBB P2(x)
0.52135033    0.0082256737

BBB first bond length
0.61901826    0.0011984084

BBB second bond length
0.6191083     0.0012114211

BBB <phi**2>/<phi>**2
1.2282543     0.0088871281

Time = 10000
Temperature
1.0107646     0.0065956572

Pressure
23.121077     0.098258674 

CM Mom
2.7322409e-17  1.6017411e-17 
-5.4576827e-17 1.5169602e-17 
4.248993e-19   1.4572186e-17 
6.5320911e-17  1.2550939e-17 

CM Pos
7.4967279      0.01355993    
7.503059       0.018131638   
7.5016332      0.0046025952  
12.991212      0.016340206   

Stress
20.0389      0.0592595    0.00343232    0.152644     0.0712646    0.0684034   
0.0592595    20.0865      -0.036322     0.0712646    0.0945966    0.0978009   
0.00343232   -0.036322    20.1418       0.0684034    0.0978009    0.101469    

Stress Spherical
0            0            0             0            0            0           
0            0            0             0            0            0           
0            0            0             0            0            0           

Inertia
150.068      -56.2713     -56.2199      0.308562     0.255241     0.139797    
-56.2713     149.968      -56.2969      0.255241     0.2306       0.159165    
-56.2199     -56.2969     149.99        0.139797     0.159165     0.441355    

Bond Length
0.61890027    0.0016565239

BB bond length
0.61890027    0.0016565239

Water EE distance
0             0           

PEG EE distance
6.6398461     0.12258259  

BBB P2(x)
0.51810994    0.0074270915

BBB first bond length
0.61879893    0.0015483983

BBB second bond length
0.61873364    0.0016502571

BBB <phi**2>/<phi>**2
1.2271145     0.007701985 

Time = 11000
Temperature
1.0109657     0.0070616793

Pressure
23.174779     0.080527641 

CM Mom
2.6715701e-17  1.5075699e-17 
-6.1927229e-17 1.7588496e-17 
2.119159e-17   2.7887898e-17 
7.6732227e-17  2.0599175e-17 

CM Pos
7.4989503      0.015240615   
7.4940211      0.011056756   
7.4997071      0.019327152   
12.986164      0.021816417   

Stress
20.1559      0.000954584  -0.0456726    0.12974      0.065116     0.0731843   
0.000954584  20.1366      0.0110127     0.065116     0.101831     0.0490917   
-0.0456726   0.0110127    20.1341       0.0731843    0.0490917    0.0839276   

Stress Spherical
0            0            0             0            0            0           
0            0            0             0            0            0           
0            0            0             0            0            0           

Inertia
149.899      -56.2167     -56.2258      0.40093      0.214721     0.197208    
-56.2167     149.963      -56.1822      0.214721     0.40978      0.191362    
-56.2258     -56.1822     149.875       0.197208     0.191362     0.359109    

Bond Length
0.61798672    0.0011661755

BB bond length
0.61798672    0.0011661755

Water EE distance
0             0           

PEG EE distance
6.7844998     0.10488176  

BBB P2(x)
0.51133786    0.0094618229

BBB first bond length
0.61797624    0.0012495195

BBB second bond length
0.61770804    0.00095119471

BBB <phi**2>/<phi>**2
1.22694       0.0045331998

Time = 12000
Temperature
1.0088069     0.012251159 

Pressure
23.173925     0.082760775 

CM Mom
1.8937067e-17  1.4563909e-17 
-3.7675644e-17 2.7156652e-17 
3.936664e-17   3.7780449e-17 
7.2320327e-17  2.1783545e-17 

CM Pos
7.4983577      0.01282186    
7.5063186      0.008412724   
7.5054854      0.013586616   
12.996261      0.010763684   

Stress
20.1567      -0.00777569  -0.0411924    0.0962923    0.0716265    0.060938    
-0.00777569  20.108       0.0100137     0.0716265    0.0601064    0.0759187   
-0.0411924   0.0100137    20.1787       0.060938     0.0759187    0.0970217   

Stress Spherical
0            0            0             0            0            0           
0            0            0             0            0            0           
0            0            0             0            0            0           

Inertia
150.152      -56.2779     -56.2574      0.218886     0.105874     0.135781    
-56.2779     150.031      -56.331       0.105874     0.293854     0.135571    
-56.2574     -56.331      150.04        0.135781     0.135571     0.201785    

Bond Length
0.61775283    0.0015606018

BB bond length
0.61775283    0.0015606018

Water EE distance
0             0           

PEG EE distance
6.9427235     0.10027203  

BBB P2(x)
0.51502506    0.0077361996

BBB first bond length
0.61782094    0.0015236706

BBB second bond length
0.61777652    0.0014681293

BBB <phi**2>/<phi>**2
1.226367      0.0090542094

Time = 13000
Temperature
1.0067455     0.0084394102

Pressure
23.169796     0.084008786 

CM Mom
7.3564681e-18  1.8167037e-17 
-5.7692475e-17 1.7605168e-17 
3.2295603e-17  1.6516501e-17 
7.1369919e-17  1.5641543e-17 

CM Pos
7.4955426      0.011685151   
7.4925395      0.0095205396  
7.4974846      0.02299198    
12.98207       0.014454734   

Stress
20.1816      0.00789646   -0.0172926    0.0999988    0.0855153    0.071859    
0.00789646   20.1269      0.00311663    0.0855153    0.101796     0.0392513   
-0.0172926   0.00311663   20.1411       0.071859     0.0392513    0.0835547   

Stress Spherical
0            0            0             0            0            0           
0            0            0             0            0            0           
0            0            0             0            0            0           

Inertia
149.835      -56.1159     -56.2282      0.301212     0.13753      0.199946    
-56.1159     149.891      -56.1898      0.13753      0.341297     0.215455    
-56.2282     -56.1898     149.795       0.199946     0.215455     0.233156    

Bond Length
0.61750095    0.0015352469

BB bond length
0.61750095    0.0015352469

Water EE distance
0             0           

PEG EE distance
7.0044071     0.10463291  

BBB P2(x)
0.51127165    0.0090608395

BBB first bond length
0.61756116    0.0015328584

BBB second bond length
0.61730667    0.0014751521

BBB <phi**2>/<phi>**2
1.2263391     0.0082635555

Time = 14000
Temperature
1.012661      0.0063693016

Pressure
23.148589     0.097612709 

CM Mom
-6.7513711e-18 1.278918e-17  
-4.6818754e-17 3.0756015e-17 
4.7771858e-17  2.1404651e-17 
7.4002383e-17  2.4719004e-17 

CM Pos
7.5039879      0.0091585694  
7.5009847      0.016522641   
7.4958549      0.021101626   
12.990873      0.021906064   

Stress
20.1279      -0.0073795   -0.0157905    0.130651     0.0628702    0.071674    
-0.0073795   20.0653      -0.0484486    0.0628702    0.0990524    0.082258    
-0.0157905   -0.0484486   20.1396       0.071674     0.082258     0.120648    

Stress Spherical
0            0            0             0            0            0           
0            0            0             0            0            0           
0            0            0             0            0            0           

Inertia
149.945      -56.265      -56.2628      0.547876     0.168922     0.216403    
-56.265      150.003      -56.2618      0.168922     0.432548     0.262228    
-56.2628     -56.2618     150.068       0.216403     0.262228     0.332081    

Bond Length
0.61827828    0.0010938836

BB bond length
0.61827828    0.0010938836

Water EE distance
0             0           

PEG EE distance
6.9087425     0.21753775  

BBB P2(x)
0.50999341    0.01102482  

BBB first bond length
0.61814619    0.0010307599

BBB second bond length
0.61854449    0.001461617 

BBB <phi**2>/<phi>**2
1.2284453     0.0051347538

Time = 15000
Temperature
1.0117192     0.0056899244

Pressure
23.14163      0.10136916  

CM Mom
-2.0367614e-17 2.7465276e-17 
-3.2281346e-17 1.2143238e-17 
5.9673391e-17  2.0895447e-17 
7.5494516e-17  2.5628812e-17 

CM Pos
7.5001356      0.0080459348  
7.4972807      0.012379353   
7.5097822      0.016919126   
12.994556      0.0096951719  

Stress
20.1289      -0.00153395  0.0342067     0.119353     0.0613949    0.0925373   
-0.00153395  20.0695      -0.012817     0.0613949    0.124876     0.0662098   
0.0342067    -0.012817    20.1218       0.0925373    0.0662098    0.149205    

Stress Spherical
0            0            0             0            0            0           
0            0            0             0            0            0           
0            0            0             0            0            0           

Inertia
150.112      -56.231      -56.3468      0.211306     0.126572     0.133946    
-56.231      150.148      -56.2725      0.126572     0.258334     0.155583    
-56.3468     -56.2725     149.966       0.133946     0.155583     0.255745    

Bond Length
0.61820908    0.0014239534

BB bond length
0.61820908    0.0014239534

Water EE distance
0             0           

PEG EE distance
6.716072      0.13247207  

BBB P2(x)
0.50612183    0.012686839 

BBB first bond length
0.61808011    0.0014046347

BBB second bond length
0.61808143    0.001522648 

BBB <phi**2>/<phi>**2
1.2235633     0.004325855 

Time = 16000
Temperature
1.0119133     0.005708198 

Pressure
23.19836      0.068232845 

CM Mom
-2.801856e-17  3.7128423e-17 
-2.5029126e-17 2.4781772e-17 
4.612322e-17   1.3567476e-17 
7.4194657e-17  1.4516666e-17 

CM Pos
7.4956908      0.011331305   
7.5002439      0.012272494   
7.4989663      0.014103509   
12.98745       0.012716368   

Stress
20.1355      -0.0167431   -0.015338     0.13534      0.0613385    0.0653811   
-0.0167431   20.1306      -0.0470102    0.0613385    0.0819257    0.0650589   
-0.015338    -0.0470102   20.2226       0.0653811    0.0650589    0.0435785   

Stress Spherical
0            0            0             0            0            0           
0            0            0             0            0            0           
0            0            0             0            0            0           

Inertia
149.965      -56.2149     -56.2273      0.277077     0.167967     0.206894    
-56.2149     149.927      -56.2525      0.167967     0.314337     0.129303    
-56.2273     -56.2525     149.942       0.206894     0.129303     0.275319    

Bond Length
0.61659494    0.0021409173

BB bond length
0.61659494    0.0021409173

Water EE distance
0             0           

PEG EE distance
6.8163148     0.15118721  

BBB P2(x)
0.50369447    0.009265757 

BBB first bond length
0.6165641     0.0021963938

BBB second bond length
0.6167211     0.0020673532

BBB <phi**2>/<phi>**2
1.2213433     0.0058069084

Time = 17000
Temperature
1.0060783     0.0060539897

Pressure
23.136378     0.081840323 

CM Mom
-1.302571e-17  2.655331e-17  
-3.5586574e-17 1.1618589e-17 
6.7718505e-17  1.3747815e-17 
8.3495928e-17  8.9090795e-18 

CM Pos
7.5007283      0.006294739   
7.5018737      0.012167403   
7.5115601      0.014574278   
12.998572      0.0096608551  

Stress
20.0559      0.0306231    -0.00158256   0.101334     0.0643574    0.0846569   
0.0306231    20.1823      -0.0254888    0.0643574    0.118825     0.0579041   
-0.00158256  -0.0254888   20.1171       0.0846569    0.0579041    0.112343    

Stress Spherical
0            0            0             0            0            0           
0            0            0             0            0            0           
0            0            0             0            0            0           

Inertia
150.206      -56.2429     -56.3367      0.252389     0.149243     0.106696    
-56.2429     150.166      -56.3607      0.149243     0.288056     0.142722    
-56.3367     -56.3607     150.025       0.106696     0.142722     0.260795    

Bond Length
0.61897807    0.0025022877

BB bond length
0.61897807    0.0025022877

Water EE distance
0             0           

PEG EE distance
6.7238339     0.06424935  

BBB P2(x)
0.50376409    0.011030103 

BBB first bond length
0.61903638    0.002338314 

BBB second bond length
0.61907087    0.0024283404

BBB <phi**2>/<phi>**2
1.2258382     0.0089658371

Time = 18000
Temperature
1.0110032     0.0089610919

Pressure
23.095996     0.088685275 

CM Mom
4.7522239e-18  7.8375551e-18 
-3.6772025e-17 1.6120068e-17 
8.4933871e-17  8.3450587e-18 
9.4267143e-17  9.651813e-18  

CM Pos
7.4988022      0.010700595   
7.5017256      0.0090621861  
7.503263       0.012523042   
12.992578      0.012150489   

Stress
20.055       0.0245573    0.0210216     0.125548     0.0514927    0.0527888   
0.0245573    20.1003      0.0578929     0.0514927    0.10963      0.0465158   
0.0210216    0.0578929    20.0345       0.0527888    0.0465158    0.100229    

Stress Spherical
0            0            0             0            0            0           
0            0            0             0            0            0           
0            0            0             0            0            0           

Inertia
150.08       -56.2172     -56.2724      0.269193     0.112499     0.165281    
-56.2172     150.042      -56.2744      0.112499     0.311673     0.160178    
-56.2724     -56.2744     150.021       0.165281     0.160178     0.234508    

Bond Length
0.61796366    0.0012024105

BB bond length
0.61796366    0.0012024105

Water EE distance
0             0           

PEG EE distance
7.0647936     0.19608668  

BBB P2(x)
0.50904222    0.013526399 

BBB first bond length
0.61769506    0.0014066167

BBB second bond length
0.6180366     0.0012514238

BBB <phi**2>/<phi>**2
1.2217693     0.0074936705

Time = 19000
Temperature
1.0135176     0.0064377726

Pressure
23.195279     0.052565534 

CM Mom
-2.2653391e-17 1.425539e-17  
-5.0830619e-17 2.0630888e-17 
1.0180942e-16  2.5386327e-17 
1.1939477e-16  2.1915535e-17 

CM Pos
7.5030989      0.011861354   
7.4987623      0.018683203   
7.4970402      0.0090172604  
12.989765      0.011269387   

Stress
20.2003      0.0149141    -0.033752     0.0643247    0.0625032    0.0679512   
0.0149141    20.1375      -0.00419178   0.0625032    0.100321     0.0991591   
-0.033752    -0.00419178  20.1272       0.0679512    0.0991591    0.0835639   

Stress Spherical
0            0            0             0            0            0           
0            0            0             0            0            0           
0            0            0             0            0            0           

Inertia
149.933      -56.2823     -56.2243      0.329997     0.110238     0.09362     
-56.2823     149.992      -56.1778      0.110238     0.133425     0.187886    
-56.2243     -56.1778     150.011       0.09362      0.187886     0.287829    

Bond Length
0.6174916     0.0017157637

BB bond length
0.6174916     0.0017157637

Water EE distance
0             0           

PEG EE distance
6.9441888     0.14261917  

BBB P2(x)
0.50649417    0.0084241471

BBB first bond length
0.6174552     0.002039447 

BBB second bond length
0.61724519    0.0015775575

BBB <phi**2>/<phi>**2
1.226231      0.0085953447

Time = 20000
Temperature
1.0101416     0.0089608893

Pressure
23.133772     0.1066605   

CM Mom
-2.5447454e-17 2.7027007e-17 
-2.0032321e-17 1.578714e-17  
9.827116e-17   3.3547045e-17 
1.0839346e-16  3.2588986e-17 

CM Pos
7.4976169      0.017063825   
7.5018737      0.011856726   
7.496892       0.012832129   
12.988307      0.01502928    

Stress
20.0626      0.000746111  0.0154608     0.131257     0.0855902    0.0784403   
0.000746111  20.1415      0.0130972     0.0855902    0.121686     0.0598209   
0.0154608    0.0130972    20.1069       0.0784403    0.0598209    0.109631    

Stress Spherical
0            0            0             0            0            0           
0            0            0             0            0            0           
0            0            0             0            0            0           

Inertia
149.993      -56.2314     -56.2105      0.197591     0.167688     0.199424    
-56.2314     149.937      -56.2519      0.167688     0.33715      0.168763    
-56.2105     -56.2519     149.99        0.199424     0.168763     0.363657    

Bond Length
0.61803835    0.0025627498

BB bond length
0.61803835    0.0025627498

Water EE distance
0             0           

PEG EE distance
7.1453602     0.060185435 

BBB P2(x)
0.50981268    0.0088122233

BBB first bond length
0.6180129     0.0025943276

BBB second bond length
0.61792271    0.0024473173

BBB <phi**2>/<phi>**2
1.223303      0.0086334177

Time = 21000
Temperature
1.0070614     0.0096302442

Pressure
23.166433     0.10567789  

CM Mom
-3.0155265e-17 1.7056624e-17 
-3.0969509e-17 1.8458656e-17 
9.0026597e-17  1.7262638e-17 
1.0316346e-16  1.6130344e-17 

CM Pos
7.5016173      0.011971883   
7.5035035      0.014307493   
7.5017814      0.012076857   
12.994379      0.012648747   

Stress
20.134       -0.00656054  0.00902327    0.148695     0.0494608    0.0876993   
-0.00656054  20.1802      0.041321      0.0494608    0.128216     0.0696826   
0.00902327   0.041321     20.1224       0.0876993    0.0696826    0.0952974   

Stress Spherical
0            0            0             0            0            0           
0            0            0             0            0            0           
0            0            0             0            0            0           

Inertia
150.065      -56.2677     -56.3017      0.322237     0.142619     0.0993041   
-56.2677     150.046      -56.2474      0.142619     0.254361     0.181822    
-56.3017     -56.2474     150.075       0.0993041    0.181822     0.317859    

Bond Length
0.6175561     0.001152888 

BB bond length
0.6175561     0.001152888 

Water EE distance
0             0           

PEG EE distance
7.1601432     0.044226694 

BBB P2(x)
0.50662824    0.0059622571

BBB first bond length
0.6175249     0.001197031 

BBB second bond length
0.61741434    0.0010211047

BBB <phi**2>/<phi>**2
1.2260883     0.0069801589

Time = 22000
Temperature
1.007587      0.0087397174

Pressure
23.149554     0.069033264 

CM Mom
-2.1208451e-17 1.5494876e-17 
-2.717128e-17  1.6493394e-17 
7.2070461e-17  2.4209056e-17 
8.3128245e-17  2.3877283e-17 

CM Pos
7.4887271      0.01232871    
7.4949101      0.010623385   
7.5022259      0.015770117   
12.982234      0.014906296   

Stress
20.1602      0.0218892    -0.0381082    0.0786555    0.0532574    0.0381542   
0.0218892    20.1061      0.0140952     0.0532574    0.0764773    0.0602613   
-0.0381082   0.0140952    20.1149       0.0381542    0.0602613    0.133886    

Stress Spherical
0            0            0             0            0            0           
0            0            0             0            0            0           
0            0            0             0            0            0           

Inertia
149.972      -56.1259     -56.1887      0.290183     0.101568     0.185612    
-56.1259     149.878      -56.2058      0.101568     0.329761     0.185879    
-56.1887     -56.2058     149.758       0.185612     0.185879     0.197734    

Bond Length
0.61885426    0.0015331902

BB bond length
0.61885426    0.0015331902

Water EE distance
0             0           

PEG EE distance
6.9740749     0.097424727 

BBB P2(x)
0.50961346    0.0088482057

BBB first bond length
0.61889739    0.0016708409

BBB second bond length
0.61882123    0.0016521407

BBB <phi**2>/<phi>**2
1.2287212     0.0073703978

Time = 23000
Temperature
1.0122885     0.0098225339

Pressure
23.161504     0.08620569  

CM Mom
-2.4312174e-18 2.0659995e-17 
-2.1741102e-17 1.3835011e-17 
6.5325396e-17  2.8202744e-17 
7.407794e-17   2.5924703e-17 

CM Pos
7.4998393      0.01837995    
7.498466       0.013570449   
7.4989663      0.012432438   
12.988831      0.0055979962  

Stress
20.1441      -0.0394168   -0.0489925    0.127325     0.0867491    0.06439     
-0.0394168   20.1478      0.0490045     0.0867491    0.0835291    0.104101    
-0.0489925   0.0490045    20.0828       0.06439      0.104101     0.132357    

Stress Spherical
0            0            0             0            0            0           
0            0            0             0            0            0           
0            0            0             0            0            0           

Inertia
149.965      -56.2119     -56.2197      0.309252     0.106254     0.109762    
-56.2119     149.997      -56.209       0.106254     0.204449     0.144675    
-56.2197     -56.209      149.961       0.109762     0.144675     0.240993    

Bond Length
0.61911182    0.0018461614

BB bond length
0.61911182    0.0018461614

Water EE distance
0             0           

PEG EE distance
6.6156974     0.21662457  

BBB P2(x)
0.50827833    0.0090076899

BBB first bond length
0.6190765     0.0018048966

BBB second bond length
0.6190506     0.0019047481

BBB <phi**2>/<phi>**2
1.2271059     0.0060446486

Time = 24000
Temperature
1.0113003     0.006957679 

Pressure
23.227898     0.074545988 

CM Mom
4.5034271e-18  1.1790315e-17 
-1.4704095e-17 1.0878928e-17 
4.0580878e-17  1.6689509e-17 
4.6136597e-17  1.7047452e-17 

CM Pos
7.5103589      0.014133829   
7.4997994      0.010786413   
7.501485       0.019680569   
12.997125      0.014327865   

Stress
20.1974      -0.0009946   -0.0536465    0.14816      0.063641     0.0423913   
-0.0009946   20.1774      -0.0103101    0.063641     0.0823637    0.0684516   
-0.0536465   -0.0103101   20.2081       0.0423913    0.0684516    0.110884    

Stress Spherical
0            0            0             0            0            0           
0            0            0             0            0            0           
0            0            0             0            0            0           

Inertia
150.017      -56.3256     -56.3383      0.309765     0.175567     0.213219    
-56.3256     150.185      -56.2447      0.175567     0.37089      0.173447    
-56.3383     -56.2447     150.145       0.213219     0.173447     0.240126    

Bond Length
0.61748692    0.0015802783

BB bond length
0.61748692    0.0015802783

Water EE distance
0             0           

PEG EE distance
6.6845086     0.05788709  

BBB P2(x)
0.50591677    0.0080587792

BBB first bond length
0.61737471    0.0018355419

BBB second bond length
0.61756459    0.0019396119

BBB <phi**2>/<phi>**2
1.2264828     0.0083425634

Time = 25000
Temperature
1.0119839     0.0048158288

Pressure
23.181754     0.050574769 

CM Mom
-1.7117629e-17 1.9704319e-17 
-1.1500579e-17 2.6651538e-17 
3.5871833e-17  1.8080633e-17 
5.1999443e-17  2.0822989e-17 

CM Pos
7.5028026      0.01271872    
7.5005403      0.024545435   
7.496003       0.0063572021  
12.990025      0.016423658   

Stress
20.156       -0.0357796   -0.033538     0.111578     0.0648867    0.0809755   
-0.0357796   20.1112      0.0101849     0.0648867    0.127381     0.0708582   
-0.033538    0.0101849    20.171        0.0809755    0.0708582    0.0924165   

Stress Spherical
0            0            0             0            0            0           
0            0            0             0            0            0           
0            0            0             0            0            0           

Inertia
149.953      -56.264      -56.2437      0.348636     0.243939     0.13586     
-56.264      149.985      -56.1945      0.243939     0.256996     0.195384    
-56.2437     -56.1945     150.036       0.13586      0.195384     0.369105    

Bond Length
0.6166985     0.0017872841

BB bond length
0.6166985     0.0017872841

Water EE distance
0             0           

PEG EE distance
6.625388      0.14235778  

BBB P2(x)
0.50952498    0.0081548891

BBB first bond length
0.6168688     0.0017179781

BBB second bond length
0.61669494    0.0016408444

BBB <phi**2>/<phi>**2
1.2280715     0.0069635164

Time = 26000
Temperature
1.0055229     0.0098537212

Pressure
23.206494     0.12214703  

CM Mom
1.6534362e-18  2.2613319e-17 
-4.7205863e-17 1.8940741e-17 
2.9087152e-17  1.5083217e-17 
6.2777952e-17  1.528842e-17  

CM Pos
7.4916904      0.0076185066  
7.5075039      0.0074318073  
7.5068189      0.01126427    
12.993863      0.011633974   

Stress
20.1857      0.0164155    0.0252738     0.114776     0.0580323    0.10962     
0.0164155    20.1922      0.0188359     0.0580323    0.1691       0.0945994   
0.0252738    0.0188359    20.1928       0.10962      0.0945994    0.128146    

Stress Spherical
0            0            0             0            0            0           
0            0            0             0            0            0           
0            0            0             0            0            0           

Inertia
150.217      -56.2471     -56.2193      0.276001     0.0581877    0.106099    
-56.2471     149.978      -56.3581      0.0581877    0.227827     0.110995    
-56.2193     -56.3581     149.991       0.106099     0.110995     0.207463    

Bond Length
0.61842489    0.002730728 

BB bond length
0.61842489    0.002730728 

Water EE distance
0             0           

PEG EE distance
6.5777986     0.15933619  

BBB P2(x)
0.5080282     0.0055631943

BBB first bond length
0.61841568    0.0027572168

BBB second bond length
0.6181746     0.0026170499

BBB <phi**2>/<phi>**2
1.2242641     0.0070579937

Time = 27000
Temperature
1.0092145     0.0073366607

Pressure
23.225138     0.13759397  

CM Mom
1.9239324e-17  1.7856765e-17 
-6.6607898e-17 1.6347495e-17 
3.772184e-17   1.272534e-17  
8.2568837e-17  1.2654131e-17 

CM Pos
7.5007283      0.015142352   
7.4999476      0.010274638   
7.4995589      0.0083406566  
12.990528      0.010950481   

Stress
20.1725      0.00331074   0.0131774     0.139181     0.0767915    0.0687693   
0.00331074   20.21        -0.0514578    0.0767915    0.126079     0.0289451   
0.0131774    -0.0514578   20.2109       0.0687693    0.0289451    0.197501    

Stress Spherical
0            0            0             0            0            0           
0            0            0             0            0            0           
0            0            0             0            0            0           

Inertia
149.981      -56.2412     -56.2886      0.114464     0.0981057    0.136582    
-56.2412     149.988      -56.2295      0.0981057    0.294799     0.102356    
-56.2886     -56.2295     150.002       0.136582     0.102356     0.225718    

Bond Length
0.61782456    0.001909552 

BB bond length
0.61782456    0.001909552 

Water EE distance
0             0           

PEG EE distance
6.8733915     0.11642013  

BBB P2(x)
0.50963216    0.0097771569

BBB first bond length
0.61797717    0.0018678721

BBB second bond length
0.61765865    0.0020601101

BBB <phi**2>/<phi>**2
1.223341      0.0060894009

Time = 28000
Temperature
1.0090245     0.010899284 

Pressure
23.224257     0.10382204  

CM Mom
-4.5636044e-18 2.3179437e-17 
-5.5895107e-17 1.5445087e-17 
5.5761319e-17  1.4872964e-17 
8.4072891e-17  1.3535331e-17 

CM Pos
7.504136       0.011004017   
7.5015774      0.0091044794  
7.4983736      0.011420073   
12.992751      0.0090274986  

Stress
20.249       -0.0124579   0.00596106    0.100435     0.096544     0.0478693   
-0.0124579   20.2156      0.000625003   0.096544     0.141092     0.0748542   
0.00596106   0.000625003  20.1279       0.0478693    0.0748542    0.0827434   

Stress Spherical
0            0            0             0            0            0           
