Time = 1000
Temperature
    1.053852   0.067435509

Pressure
   23.558252    0.32634917

CM Mom
-3.8145716e-18 2.1710891e-17 
1.6766533e-18  2.1923129e-17 
-1.0561432e-17 1.6448397e-16 
1.2782344e-16  1.0861416e-16 

CM Pos
7.5004713      0.023222268   
7.5011835      0.015162201   
7.5009937      0.039846905   
12.991997      0.010415089   

Stress
20.3801      0.00345528   -0.0400436    0.195567     0.0758712    0.0722526   
0.00345528   20.4085      -0.0195975    0.0758712    0.142763     0.0630525   
-0.0400436   -0.0195975   20.4221       0.0722526    0.0630525    0.190422    

Stress Spherical
0            0            0             0            0            0           
0            0            0             0            0            0           
0            0            0             0            0            0           

Inertia
150.07       -56.2464     -56.2899      1.30918      0.258493     0.215142    
-56.2464     150.068      -56.2601      0.258493     1.12398      0.213346    
-56.2899     -56.2601     150.057       0.215142     0.213346     0.467207    

Bond Length
0.61762098    0.0030683407

BB bond length
0.61762098    0.0030683407

Water EE distance
0             0           

PEG EE distance
7.2610689     0.16509468  

BBB P2(x)
0.47426896    0.067902804 

BBB first bond length
0.6174552     0.0028068353

BBB second bond length
0.61776454    0.003395833 

BBB <phi**2>/<phi>**2
1.2142483     0.016020378 

Time = 2000
Temperature
1.0150005     0.0063271443

Pressure
23.389435     0.089750454 

CM Mom
-6.7178768e-18 3.3798814e-17 
1.4296745e-17  2.5534103e-17 
2.0225403e-17  1.960609e-17  
4.9133126e-17  2.0573737e-17 

CM Pos
7.4954233      0.017337417   
7.501035       0.018496381   
7.4946094      0.019184352   
12.985253      0.016763281   

Stress
20.3648      -0.00441586  -0.00431071   0.1144       0.059806     0.0568707   
-0.00441586  20.3586      0.0220551     0.059806     0.129704     0.0505446   
-0.00431071  0.0220551    20.3298       0.0568707    0.0505446    0.12074     

Stress Spherical
0            0            0             0            0            0           
0            0            0             0            0            0           
0            0            0             0            0            0           

Inertia
149.829      -56.2409     -56.1732      0.441786     0.240878     0.166022    
-56.2409     149.757      -56.2155      0.240878     0.364847     0.173418    
-56.1732     -56.2155     149.845       0.166022     0.173418     0.484764    

Bond Length
0.61763678    0.0018465561

BB bond length
0.61763678    0.0018465561

Water EE distance
0             0           

PEG EE distance
6.9690938     0.22420011  

BBB P2(x)
0.50363857    0.01201035  

BBB first bond length
0.61748269    0.0019570662

BBB second bond length
0.61743029    0.0020118224

BBB <phi**2>/<phi>**2
1.2250109     0.015190344 

