Time = 1000
Temperature
    1.048952   0.056052739

Pressure
   23.604969    0.24448098

CM Mom
-1.3942441e-16 3.166419e-17  
-6.6194714e-18 2.442151e-17  
1.0731579e-16  1.5138369e-16 
2.1292559e-16  1.0088812e-16 

CM Pos
7.5047711      0.022361763   
7.496946       0.012663533   
7.4894916      0.032713704   
12.98537       0.012607653   

Stress
20.4443      0.0185276    0.038455      0.117371     0.0843219    0.0535785   
0.0185276    20.4931      -0.026753     0.0843219    0.140971     0.040409    
0.038455     -0.026753    20.4509       0.0535785    0.040409     0.100602    

Stress Spherical
0            0            0             0            0            0           
0            0            0             0            0            0           
0            0            0             0            0            0           

Inertia
149.827      -56.2895     -56.2351      0.412931     0.227612     0.153168    
-56.2895     149.978      -56.1677      0.227612     0.746599     0.209347    
-56.2351     -56.1677     150.069       0.153168     0.209347     1.21596     

Bond Length
0.61858825    0.004504977 

BB bond length
0.61858825    0.004504977 

Water EE distance
0             0           

PEG EE distance
5.5184859     0.27391453  

BBB P2(x)
0.48044776    0.045899989 

BBB first bond length
0.61859544    0.0048802285

BBB second bond length
0.61848233    0.0044529437

BBB <phi**2>/<phi>**2
1.2152372     0.011959136 

Time = 2000
Temperature
1.0082241     0.0086807554

Pressure
23.391359     0.11104779  

CM Mom
-1.0675025e-16 3.1150762e-17 
-3.0248636e-17 1.6331563e-17 
2.1663076e-17  3.461025e-17  
1.1951064e-16  3.0529515e-17 

CM Pos
7.50032        0.014907842   
7.5019905      0.015916915   
7.506999       0.013405765   
12.995774      0.01485763    

Stress
20.3194      0.0335913    0.0165794     0.131699     0.0633049    0.0800636   
0.0335913    20.352       -0.0113999    0.0633049    0.143702     0.067244    
0.0165794    -0.0113999   20.4421       0.0800636    0.067244     0.118413    

Stress Spherical
0            0            0             0            0            0           
0            0            0             0            0            0           
0            0            0             0            0            0           

Inertia
150.063      -56.2403     -56.2818      0.386023     0.181062     0.130497    
-56.2403     150.022      -56.3617      0.181062     0.346057     0.188404    
-56.2818     -56.3617     149.946       0.130497     0.188404     0.453865    

Bond Length
0.61795744    0.0024584189

BB bond length
0.61795744    0.0024584189

Water EE distance
0             0           

PEG EE distance
6.149198      0.28932043  

BBB P2(x)
0.50873697    0.01057221  

BBB first bond length
0.61792545    0.0024606621

BBB second bond length
0.61779695    0.0023534345

BBB <phi**2>/<phi>**2
1.2207627     0.0095410624

