Time = 500
Temperature
   1.0299249   0.034696725

Pressure
   23.592341     0.1266316

CM Mom
3.0919338e-17  1.430436e-17  
1.7024005e-17  2.4119998e-17 
-1.5758499e-17 4.0539514e-17 
6.0865171e-17  1.481299e-17  

CM Pos
7.4974353      0.020793526   
7.5142726      0.0039088026  
7.5239117      0.030646425   
13.010978      0.030033986   

Stress
20.4756      0.0189133    0.0341336     0.0987877    0.0675534    0.0345594   
0.0189133    20.4777      -0.0378577    0.0675534    0.0640271    0.0738435   
0.0341336    -0.0378577   20.5553       0.0345594    0.0738435    0.0278239   

Stress Spherical
0            0            0             0            0            0           
0            0            0             0            0            0           
0            0            0             0            0            0           

Inertia
150.486      -56.2892     -56.3504      0.392845     0.161045     0.410712    
-56.2892     150.208      -56.5386      0.161045     0.739563     0.263261    
-56.3504     -56.5386     150.089       0.410712     0.263261     0.235042    

Bond Length
0.61527457    0.013702303 

BB bond length
0.61527457    0.013702303 

Water EE distance
0             0           

PEG EE distance
3.4381047     0.23559009  

Time = 1000
Temperature
1.0105703     0.007287477 

Pressure
23.519104     0.045143544 

CM Mom
3.9456563e-17  2.4481824e-17 
3.7394908e-19  8.9787828e-18 
-1.214841e-17  1.4663961e-17 
4.9611033e-17  1.1760081e-17 

CM Pos
7.4983243      0.010708798   
7.511902       0.0069872537  
7.5117623      0.0069114404  
13.003086      0.0088952933  

Stress
20.5393      0.0426443    0.0437094     0.0396212    0.0795572    0.037568    
0.0426443    20.4967      0.0139201     0.0795572    0.0923632    0.0725014   
0.0437094    0.0139201    20.4271       0.037568     0.0725014    0.110083    

Stress Spherical
0            0            0             0            0            0           
0            0            0             0            0            0           
0            0            0             0            0            0           

Inertia
150.344      -56.2809     -56.2958      0.0981882    0.101401     0.186504    
-56.2809     150.062      -56.404       0.101401     0.256641     0.0732496   
-56.2958     -56.404      150.132       0.186504     0.0732496    0.162246    

Bond Length
0.61584895    0.010519702 

BB bond length
0.61584895    0.010519702 

Water EE distance
0             0           

PEG EE distance
4.0915439     0.44890483  

