Time = 1000
Temperature
   1.2780892    0.41302389

Pressure
   24.855812     2.4089542

CM Mom
-2.7784525e-17 1.7778995e-17 
1.3253822e-16  5.743784e-17  
2.461643e-17   3.8081725e-16 
3.354153e-16   2.3468678e-16 

CM Pos
10.000684      0.019667636   
10.011415      0.051644418   
10.000829      0.014291887   
17.328054      0.021957199   

Stress
21.0131      0.00880202   0.00696951    1.33185      0.0483689    0.0465867   
0.00880202   21.0098      0.017496      0.0483689    1.3634       0.0797291   
0.00696951   0.017496     21.045        0.0465867    0.0797291    1.38753     

Stress Spherical
0            0            0             0            0            0           
0            0            0             0            0            0           
0            0            0             0            0            0           

Inertia
267.795      -100.149     -100.057      7.04396      0.349658     0.21156     
-100.149     267.592      -100.115      0.349658     5.85243      0.598717    
-100.057     -100.115     267.759       0.21156      0.598717     6.52034     

Bond Length
0.6291343     0.021079511 

BB bond length
0.6291343     0.021079511 

Water EE distance
0             0           

PEG EE distance
8.6028602     0.31928786  

BBB P2(x)
0.11371872    0.029506467 

BBB first bond length
0.62936659    0.02152061  

BBB second bond length
0.62930258    0.021078098 

BBB <phi**2>/<phi>**2
1.1304772     0.010233453 

Time = 2000
Temperature
1.020399      0.01160072  

Pressure
23.030592     0.10384061  

CM Mom
-3.1112435e-17 1.6056418e-17 
1.3202969e-16  1.0932449e-17 
-2.9782555e-17 1.6591503e-16 
1.9983168e-16  8.520121e-17  

CM Pos
10.001768      0.012549133   
9.9994117      0.013950644   
10.000746      0.0058045898  
17.321629      0.0082055963  

Stress
19.9413      -0.00141215  0.0159321     0.0747948    0.0271123    0.0220429   
-0.00141215  19.9916      0.0110365     0.0271123    0.119042     0.0301876   
0.0159321    0.0110365    19.978        0.0220429    0.0301876    0.120897    

Stress Spherical
0            0            0             0            0            0           
0            0            0             0            0            0           
0            0            0             0            0            0           

Inertia
266.577      -100.03      -100.015      1.31319      0.132869     0.138596    
-100.03      266.627      -99.9635      0.132869     1.05236      0.173054    
-100.015     -99.9635     266.603       0.138596     0.173054     1.10978     

Bond Length
0.62254996    0.00088253509

BB bond length
0.62254996    0.00088253509

Water EE distance
0             0           

PEG EE distance
8.3793374     0.14768148  

BBB P2(x)
0.094556073   0.0081724014

BBB first bond length
0.62258306    0.0009975432

BBB second bond length
0.62269976    0.00079796002

BBB <phi**2>/<phi>**2
1.1240602     0.0029250287

Time = 3000
Temperature
1.0131299     0.0049052514

Pressure
22.939665     0.052314653 

CM Mom
-4.8860305e-17 2.0805254e-17 
1.3489281e-16  8.6187057e-18 
-2.2908443e-17 8.3552009e-17 
1.6657315e-16  2.9148949e-17 

CM Pos
10.001434      0.0056042133  
9.9964941      0.013949398   
10.004247      0.010590358   
17.32177       0.012523852   

Stress
19.8536      -0.00258197  0.0036911     0.0730235    0.0522381    0.0658178   
-0.00258197  19.9419      0.0187568     0.0522381    0.0817564    0.0449375   
0.0036911    0.0187568    19.908        0.0658178    0.0449375    0.0995498   

Stress Spherical
0            0            0             0            0            0           
0            0            0             0            0            0           
0            0            0             0            0            0           

Inertia
266.602      -100.003     -100.085      0.51377      0.178625     0.159221    
-100.003     266.699      -100.017      0.178625     0.463565     0.18647     
-100.085     -100.017     266.552       0.159221     0.18647      0.408252    

Bond Length
0.622425      0.00065151998

BB bond length
0.622425      0.00065151998

Water EE distance
0             0           

PEG EE distance
7.9629701     0.068339674 

BBB P2(x)
0.089122846   0.0036468382

BBB first bond length
0.62249738    0.00060118734

BBB second bond length
0.62255051    0.00067913845

BBB <phi**2>/<phi>**2
1.1223945     0.0016422497

Time = 4000
Temperature
1.0098598     0.0044749084

Pressure
22.91101      0.074524435 

CM Mom
-3.7103951e-17 1.4144998e-17 
1.1510992e-16  1.7562945e-17 
1.3291859e-18  3.339872e-17  
1.2589221e-16  2.0097981e-17 

CM Pos
9.9979331      0.010562437   
10.002663      0.011900016   
10.001163      0.014486974   
17.321534      0.0098989727  

Stress
19.8496      0.0119643    -0.00645079   0.0908597    0.0418811    0.0552235   
0.0119643    19.9023      -0.0202151    0.0418811    0.0833506    0.0449802   
-0.00645079  -0.0202151   19.8951       0.0552235    0.0449802    0.0959334   

Stress Spherical
0            0            0             0            0            0           
0            0            0             0            0            0           
0            0            0             0            0            0           

Inertia
266.685      -100.007     -99.9507      0.441804     0.205479     0.0849978   
-100.007     266.58       -100.007      0.205479     0.248432     0.195183    
-99.9507     -100.007     266.622       0.0849978    0.195183     0.227947    

Bond Length
0.62279194    0.0005955739

BB bond length
0.62279194    0.0005955739

Water EE distance
0             0           

PEG EE distance
7.7270568     0.14895157  

BBB P2(x)
0.079592583   0.0059758404

BBB first bond length
0.62288945    0.0006342173

BBB second bond length
0.62285018    0.00060724775

BBB <phi**2>/<phi>**2
1.1198543     0.0027423896

Time = 5000
Temperature
1.0094066     0.0053185661

Pressure
22.912161     0.06383462  

CM Mom
-2.4493344e-17 1.4030569e-17 
1.2388961e-16  2.5207122e-17 
-2.7234428e-17 2.4573158e-17 
1.3215907e-16  2.5697273e-17 

CM Pos
10.002851      0.014185747   
10.001579      0.0117001     
9.9983284      0.013168398   
17.322114      0.0075835229  

Stress
19.8787      0.00936627   0.01115       0.114791     0.0379484    0.0503649   
0.00936627   19.9129      -0.00869713   0.0379484    0.0694255    0.0612745   
0.01115      -0.00869713  19.8629       0.0503649    0.0612745    0.0807942   

Stress Spherical
0            0            0             0            0            0           
0            0            0             0            0            0           
0            0            0             0            0            0           

Inertia
266.636      -100.079     -100.007      0.238416     0.219453     0.105033    
-100.079     266.65       -99.9799      0.219453     0.216289     0.1285      
-100.007     -99.9799     266.722       0.105033     0.1285       0.41258     

Bond Length
0.62257453    0.00075395113

BB bond length
0.62257453    0.00075395113

Water EE distance
0             0           

PEG EE distance
7.3850581     0.086978035 

BBB P2(x)
0.077476831   0.0061549417

BBB first bond length
0.6225294     0.00076288485

BBB second bond length
0.62266326    0.00082689926

BBB <phi**2>/<phi>**2
1.1188135     0.0028776587

Time = 6000
Temperature
1.0104405     0.0052927335

Pressure
22.909637     0.053713281 

CM Mom
-2.3579919e-17 1.8627109e-17 
1.1844284e-16  1.9811775e-17 
-2.3934195e-17 2.171151e-17  
1.2608455e-16  2.1705196e-17 

CM Pos
9.9980164      0.010871384   
9.999495       0.012153076   
10.003246      0.0084553585  
17.320952      0.010988688   

Stress
19.8483      -0.00742472  -0.00294295   0.0999948    0.0507046    0.0420215   
-0.00742472  19.8947      -0.0253949    0.0507046    0.0621269    0.0513408   
-0.00294295  -0.0253949   19.8946       0.0420215    0.0513408    0.0585102   

Stress Spherical
0            0            0             0            0            0           
0            0            0             0            0            0           
0            0            0             0            0            0           

Inertia
266.724      -100.009     -99.9886      0.33664      0.182079     0.142249    
-100.009     266.68       -100.027      0.182079     0.278282     0.10954     
-99.9886     -100.027     266.607       0.142249     0.10954      0.348487    

Bond Length
0.62215365    0.00088378236

BB bond length
0.62215365    0.00088378236

Water EE distance
0             0           

PEG EE distance
7.1524838     0.090030246 

BBB P2(x)
0.073073638   0.0054970507

BBB first bond length
0.62230075    0.00092558089

BBB second bond length
0.62218068    0.00092131639

BBB <phi**2>/<phi>**2
1.1174578     0.0028506806

Time = 7000
Temperature
1.0084635     0.0033108898

Pressure
22.903213     0.045317061 

CM Mom
-2.5154466e-18 2.6213334e-17 
1.1137693e-16  1.8745941e-17 
-1.1421397e-17 1.1705651e-17 
1.1539952e-16  2.0002932e-17 

CM Pos
10.001184      0.007073622   
10.002496      0.0077194761  
10.005414      0.012664054   
17.325765      0.0070187007  

Stress
19.8233      -0.0103519   -0.018381     0.0732339    0.04934      0.0541348   
-0.0103519   19.8926      0.0143286     0.04934      0.102196     0.0482323   
-0.018381    0.0143286    19.9203       0.0541348    0.0482323    0.054701    

Stress Spherical
0            0            0             0            0            0           
0            0            0             0            0            0           
0            0            0             0            0            0           

Inertia
266.812      -100.035     -100.093      0.260012     0.128046     0.15735     
-100.035     266.782      -100.125      0.128046     0.267918     0.117907    
-100.093     -100.125     266.734       0.15735      0.117907     0.186565    

Bond Length
0.622744      0.00067540753

BB bond length
0.622744      0.00067540753

Water EE distance
0             0           

PEG EE distance
6.885332      0.10924686  

BBB P2(x)
0.071355799   0.0038353029

BBB first bond length
0.62278693    0.00074228433

BBB second bond length
0.62271122    0.00070143476

BBB <phi**2>/<phi>**2
1.1166815     0.001830288 

Time = 8000
Temperature
1.0122135     0.004256804 

Pressure
22.917822     0.04833448  

CM Mom
-1.9056291e-18 1.9685945e-17 
1.3403445e-16  1.6910077e-17 
-8.0018377e-18 1.2240253e-17 
1.3638465e-16  1.5982259e-17 

CM Pos
9.9995169      0.016073334   
9.9984947      0.0087901814  
9.9954109      0.01168227    
17.316722      0.0098553695  

Stress
19.8413      0.00584944   0.0122588     0.0982689    0.05616      0.0304073   
0.00584944   19.8914      0.0162792     0.05616      0.0455386    0.051475    
0.0122588    0.0162792    19.9135       0.0304073    0.051475     0.0814016   

Stress Spherical
0            0            0             0            0            0           
0            0            0             0            0            0           
0            0            0             0            0            0           

Inertia
266.543      -99.9989     -99.983       0.258769     0.235125     0.231908    
-99.9989     266.552      -99.9102      0.235125     0.382072     0.115684    
-99.983      -99.9102     266.615       0.231908     0.115684     0.328051    

Bond Length
0.62236988    0.0010128113

BB bond length
0.62236988    0.0010128113

Water EE distance
0             0           

PEG EE distance
6.6830803     0.087882043 

BBB P2(x)
0.072825865   0.0063569972

BBB first bond length
0.62249377    0.0011014215

BBB second bond length
0.62243842    0.00095323111

BBB <phi**2>/<phi>**2
1.1174036     0.0025465748

Time = 9000
Temperature
1.0099296     0.0059370394

Pressure
22.892083     0.060927521 

CM Mom
-7.1531948e-18 1.7790342e-17 
1.313784e-16   2.8431043e-17 
2.1946258e-17  1.4231342e-17 
1.3515992e-16  2.9193099e-17 

CM Pos
10.00035       0.0093646667  
10.001162      0.0083756807  
9.9974948      0.011704553   
17.319941      0.010285835   

Stress
19.8851      0.0127261    0.00898463    0.0649135    0.0436537    0.0598685   
0.0127261    19.8296      0.0177107     0.0436537    0.0580727    0.0455292   
0.00898463   0.0177107    19.8749       0.0598685    0.0455292    0.0753724   

Stress Spherical
0            0            0             0            0            0           
0            0            0             0            0            0           
0            0            0             0            0            0           

Inertia
266.65       -99.9881     -100.008      0.299794     0.127252     0.199946    
-99.9881     266.619      -99.9798      0.127252     0.303481     0.184406    
-100.008     -99.9798     266.695       0.199946     0.184406     0.188921    

Bond Length
0.62250831    0.00066688786

BB bond length
0.62250831    0.00066688786

Water EE distance
0             0           

PEG EE distance
6.7461457     0.098403995 

BBB P2(x)
0.070222346   0.006747777 

BBB first bond length
0.62255073    0.00065749963

BBB second bond length
0.6225713     0.00070861639

BBB <phi**2>/<phi>**2
1.1150152     0.0019162996

Time = 10000
Temperature
1.0079936     0.0030549081

Pressure
22.907291     0.051061671 

CM Mom
-2.6852562e-17 2.027631e-17  
1.3524923e-16  1.6402398e-17 
4.4643408e-18  7.9757307e-18 
1.3961636e-16  1.6864023e-17 

CM Pos
10.004018      0.0083395148  
10.004496      0.0078444815  
9.9963278      0.0080456323  
17.323309      0.0072055655  

Stress
19.8682      0.0183772    0.0132027     0.115464     0.0500689    0.0623842   
0.0183772    19.8882      0.0228832     0.0500689    0.0705569    0.03984     
0.0132027    0.0228832    19.8961       0.0623842    0.03984      0.0777141   

Stress Spherical
0            0            0             0            0            0           
0            0            0             0            0            0           
0            0            0             0            0            0           

Inertia
266.681      -100.069     -99.981       0.283829     0.114836     0.111495    
-100.069     266.659      -100.029      0.114836     0.160068     0.193232    
-99.981      -100.029     266.837       0.111495     0.193232     0.208312    

Bond Length
0.62269039    0.0006661603

BB bond length
0.62269039    0.0006661603

Water EE distance
0             0           

PEG EE distance
6.7704811     0.091755822 

BBB P2(x)
0.070760147   0.0055535359

BBB first bond length
0.62271947    0.00064990337

BBB second bond length
0.62280034    0.00070730806

BBB <phi**2>/<phi>**2
1.1170048     0.002660228 

Time = 11000
Temperature
1.0121397     0.0035862973

Pressure
22.934474     0.059148411 

CM Mom
-3.7196728e-17 1.0691465e-17 
1.4136135e-16  3.1311035e-17 
4.3410817e-18  1.9611786e-17 
1.4802446e-16  3.0879488e-17 

CM Pos
9.9982665      0.010463294   
9.9994117      0.0096956804  
10.00383       0.01108876    
17.321386      0.01046604    

Stress
19.8916      -0.0167075   -0.0397764    0.0895905    0.0566423    0.0565053   
-0.0167075   19.9235      -0.0170602    0.0566423    0.0491114    0.0470857   
-0.0397764   -0.0170602   19.8817       0.0565053    0.0470857    0.0889682   

Stress Spherical
0            0            0             0            0            0           
0            0            0             0            0            0           
0            0            0             0            0            0           

Inertia
266.729      -99.9942     -100.084      0.415383     0.106246     0.123388    
-99.9942     266.687      -100.027      0.106246     0.207629     0.187431    
-100.084     -100.027     266.615       0.123388     0.187431     0.267559    

Bond Length
0.62208207    0.0010869742

BB bond length
0.62208207    0.0010869742

Water EE distance
0             0           

PEG EE distance
6.5660731     0.10931566  

BBB P2(x)
0.070274949   0.0063236524

BBB first bond length
0.62214241    0.0011547591

BBB second bond length
0.622199      0.0010408219

BBB <phi**2>/<phi>**2
1.1159598     0.0029070831

Time = 12000
Temperature
1.0095905     0.0053577676

Pressure
22.915096     0.071211747 

CM Mom
-3.4836006e-17 1.8294117e-17 
1.2910432e-16  1.7471318e-17 
1.7422862e-18  2.4735484e-17 
1.3697332e-16  1.9354185e-17 

CM Pos
10.004768      0.010900427   
10.000495      0.0089561962  
10.000329      0.011706928   
17.323745      0.0086199442  

Stress
19.8716      -0.0209182   0.0205086     0.0837112    0.0354894    0.0442474   
-0.0209182   19.9267      0.0217334     0.0354894    0.0738744    0.03337     
0.0205086    0.0217334    19.8632       0.0442474    0.03337      0.097466    

Stress Spherical
0            0            0             0            0            0           
0            0            0             0            0            0           
0            0            0             0            0            0           

Inertia
266.688      -100.071     -100.053      0.277849     0.127474     0.172156    
-100.071     266.768      -100.004      0.127474     0.309802     0.138918    
-100.053     -100.004     266.768       0.172156     0.138918     0.246094    

Bond Length
0.62206011    0.00080916249

BB bond length
0.62206011    0.00080916249

Water EE distance
0             0           

PEG EE distance
6.6155643     0.08481202  

BBB P2(x)
0.071046085   0.0055498717

BBB first bond length
0.62218498    0.00085177433

BBB second bond length
0.62209807    0.00083409902

BBB <phi**2>/<phi>**2
1.1166068     0.0024034319

Time = 13000
Temperature
1.0064519     0.0044981399

Pressure
22.875028     0.057027882 

CM Mom
-4.5774662e-17 1.9550264e-17 
1.258761e-16   1.7711649e-17 
-2.231806e-17  1.3270645e-17 
1.37888e-16    1.7237567e-17 

CM Pos
10.000934      0.0080577141  
10.001662      0.011769675   
10.000246      0.0096870766  
17.322152      0.013524016   

Stress
19.8985      -0.00949475  0.00431489    0.0971634    0.0552101    0.031519    
-0.00949475  19.8476      -0.000502343  0.0552101    0.0633425    0.0615465   
0.00431489   -0.000502343 19.8236       0.031519     0.0615465    0.0600561   

Stress Spherical
0            0            0             0            0            0           
0            0            0             0            0            0           
0            0            0             0            0            0           

Inertia
266.699      -100.014     -100          0.408305     0.192957     0.181528    
-100.014     266.692      -99.9762      0.192957     0.296905     0.244531    
-100         -99.9762     266.712       0.181528     0.244531     0.333613    

Bond Length
0.62250056    0.0008598377

BB bond length
0.62250056    0.0008598377

Water EE distance
0             0           

PEG EE distance
6.5104224     0.086738735 

BBB P2(x)
0.067282875   0.0049236853

BBB first bond length
0.62251111    0.00084670501

BBB second bond length
0.62256782    0.00092150121

BBB <phi**2>/<phi>**2
1.1150811     0.0024340814

Time = 14000
Temperature
1.0059145     0.0063472138

Pressure
22.883575     0.064459816 

CM Mom
-5.0135757e-17 1.6280796e-17 
1.6816185e-16  1.5453581e-17 
-2.9730209e-17 1.3581498e-17 
1.794325e-16   1.2969141e-17 

CM Pos
9.9961826      0.0096712833  
9.9987448      0.0072482817  
9.9975782      0.011417563   
17.316187      0.0087601128  

Stress
19.9346      0.0127772    -0.00389461   0.052051     0.0673592    0.0301698   
0.0127772    19.848       0.0355696     0.0673592    0.0589815    0.0555023   
-0.00389461  0.0355696    19.8174       0.0301698    0.0555023    0.0898564   

Stress Spherical
0            0            0             0            0            0           
0            0            0             0            0            0           
0            0            0             0            0            0           

Inertia
266.604      -99.9642     -99.9492      0.281289     0.149732     0.107968    
-99.9642     266.539      -99.8994      0.149732     0.231481     0.180207    
-99.9492     -99.8994     266.566       0.107968     0.180207     0.229748    

Bond Length
0.62267191    0.00073283823

BB bond length
0.62267191    0.00073283823

Water EE distance
0             0           

PEG EE distance
6.6106417     0.085689852 

BBB P2(x)
0.071304251   0.0025184422

BBB first bond length
0.62273036    0.00071844354

BBB second bond length
0.62276597    0.00077631586

BBB <phi**2>/<phi>**2
1.1166969     0.0020363982

Time = 15000
Temperature
1.0113381     0.0053320852

Pressure
22.893305     0.091523727 

CM Mom
-3.7311369e-17 1.3761571e-17 
1.5067693e-16  1.7671838e-17 
-2.2943321e-17 1.4172925e-17 
1.5818167e-16  1.741196e-17  

CM Pos
9.9997669      0.012062402   
9.9998284      0.0057413997  
9.9981617      0.014244161   
17.319221      0.010257844   

Stress
19.8555      0.00803552   0.0315561     0.106385     0.0502192    0.0280971   
0.00803552   19.8806      -0.00411432   0.0502192    0.10443      0.0548999   
0.0315561    -0.00411432  19.8445       0.0280971    0.0548999    0.0883205   

Stress Spherical
0            0            0             0            0            0           
0            0            0             0            0            0           
0            0            0             0            0            0           

Inertia
266.626      -100.017     -99.9799      0.37123      0.160764     0.145198    
-100.017     266.632      -99.9846      0.160764     0.299992     0.195177    
-99.9799     -99.9846     266.648       0.145198     0.195177     0.253131    

Bond Length
0.62262473    0.00061555606

BB bond length
0.62262473    0.00061555606

Water EE distance
0             0           

PEG EE distance
6.5891671     0.067461576 

BBB P2(x)
0.072486704   0.0048110334

BBB first bond length
0.62271687    0.00065597443

BBB second bond length
0.62272118    0.00065263255

BBB <phi**2>/<phi>**2
1.1174989     0.0012161047

Time = 16000
Temperature
1.0102971     0.0055452927

Pressure
22.938773     0.064975461 

CM Mom
-3.2831122e-17 2.6073956e-17 
1.4101158e-16  2.1771518e-17 
-2.7236106e-17 1.7213688e-17 
1.5037094e-16  2.3295851e-17 

CM Pos
9.9967661      0.011209666   
9.9998284      0.015009932   
10.002996      0.0091298506  
17.320282      0.010602588   

Stress
19.9277      -0.00175847  0.0230238     0.0972123    0.0488846    0.0489631   
-0.00175847  19.8706      0.020363      0.0488846    0.077618     0.0304693   
0.0230238    0.020363     19.928        0.0489631    0.0304693    0.0955237   

Stress Spherical
0            0            0             0            0            0           
0            0            0             0            0            0           
0            0            0             0            0            0           

Inertia
266.717      -99.9448     -100.001      0.28564      0.187866     0.176062    
-99.9448     266.665      -100.041      0.187866     0.307294     0.159798    
-100.001     -100.041     266.609       0.176062     0.159798     0.360006    

Bond Length
0.62213858    0.0013590472

BB bond length
0.62213858    0.0013590472

Water EE distance
0             0           

PEG EE distance
6.5121125     0.050862833 

BBB P2(x)
0.070622419   0.0042312499

BBB first bond length
0.62221334    0.0013125517

BBB second bond length
0.62232823    0.0013401846

BBB <phi**2>/<phi>**2
1.1169803     0.0025961796

Time = 17000
Temperature
1.0122692     0.0049203626

Pressure
22.903861     0.062677265 

CM Mom
-2.8152828e-17 1.7989054e-17 
1.3525744e-16  7.7525971e-18 
-3.1926836e-17 2.7701943e-17 
1.4546629e-16  9.8561953e-18 

CM Pos
9.9980164      0.016139771   
9.9952438      0.012633291   
9.999412       0.0071342653  
17.316288      0.010503582   

Stress
19.9159      0.0165292    0.000782699   0.109378     0.0459923    0.0463211   
0.0165292    19.842       -0.0264807    0.0459923    0.0824395    0.0474999   
0.000782699  -0.0264807   19.8459       0.0463211    0.0474999    0.0560823   

Stress Spherical
0            0            0             0            0            0           
0            0            0             0            0            0           
0            0            0             0            0            0           

Inertia
266.563      -99.9288     -99.9459      0.259829     0.165365     0.15186     
-99.9288     266.627      -99.9629      0.165365     0.280988     0.162363    
-99.9459     -99.9629     266.539       0.15186      0.162363     0.43614     

Bond Length
0.62274885    0.00083536773

BB bond length
0.62274885    0.00083536773

Water EE distance
0             0           

PEG EE distance
6.5257675     0.13846961  

BBB P2(x)
0.069121666   0.0046374669

BBB first bond length
0.62281101    0.00081577108

BBB second bond length
0.62284905    0.00087653545

BBB <phi**2>/<phi>**2
1.1153976     0.0016203715

Time = 18000
Temperature
1.0064933     0.003741646 

Pressure
22.947494     0.052361885 

CM Mom
-2.9417333e-17 7.7387671e-18 
1.5122034e-16  1.6661052e-17 
-2.5408157e-17 1.7935447e-17 
1.5753422e-16  1.485512e-17  

CM Pos
9.9961826      0.010900745   
9.9979112      0.015202433   
9.9999122      0.011890962   
17.317058      0.011715956   

Stress
19.9448      -0.0162628   -0.0254568    0.0880533    0.0534548    0.0511322   
-0.0162628   19.9496      -0.0109456    0.0534548    0.0749937    0.0431003   
-0.0254568   -0.0109456   19.8922       0.0511322    0.0431003    0.087622    

Stress Spherical
0            0            0             0            0            0           
0            0            0             0            0            0           
0            0            0             0            0            0           

Inertia
266.631      -99.9513     -100.003      0.289239     0.225168     0.108037    
-99.9513     266.601      -99.9738      0.225168     0.177775     0.13064     
-100.003     -99.9738     266.55        0.108037     0.13064      0.452334    

Bond Length
0.62198775    0.00058502339

BB bond length
0.62198775    0.00058502339

Water EE distance
0             0           

PEG EE distance
6.6968107     0.028271447 

BBB P2(x)
0.072737604   0.0044369189

BBB first bond length
0.62199797    0.00059700884

BBB second bond length
0.62211521    0.00060888969

BBB <phi**2>/<phi>**2
1.1171203     0.0016300188

Time = 19000
Temperature
1.010087      0.0034313944

Pressure
22.929953     0.060847992 

CM Mom
-4.0178316e-17 1.6220675e-17 
1.5199709e-16  1.1271171e-17 
-2.5378456e-17 2.6366419e-17 
1.6228309e-16  1.0536317e-17 

CM Pos
9.9980998      0.014360759   
10.001829      0.010009862   
10.002163      0.016119739   
17.32173       0.0088943489  

Stress
19.9053      -0.0155766   0.0206651     0.092676     0.0459847    0.0325606   
-0.0155766   19.8985      0.015583      0.0459847    0.089686     0.0564935   
0.0206651    0.015583     19.898        0.0325606    0.0564935    0.0746175   

Stress Spherical
0            0            0             0            0            0           
0            0            0             0            0            0           
0            0            0             0            0            0           

Inertia
266.751      -100.003     -100.008      0.207727     0.176277     0.231224    
-100.003     266.684      -100.038      0.176277     0.371482     0.0945883   
-100.008     -100.038     266.661       0.231224     0.0945883    0.420851    

Bond Length
0.62246459    0.0007224689

BB bond length
0.62246459    0.0007224689

Water EE distance
0             0           

PEG EE distance
6.6223693     0.083887086 

BBB P2(x)
0.06794762    0.0059500158

BBB first bond length
0.6225558     0.00069839329

BBB second bond length
0.62260127    0.00077850592

BBB <phi**2>/<phi>**2
1.1159955     0.0017815011

Time = 20000
Temperature
1.0093414     0.0067430346

Pressure
22.901434     0.045592743 

CM Mom
-5.1865781e-17 3.1730061e-17 
1.5891267e-16  1.7601698e-17 
-1.4437342e-17 2.3216475e-17 
1.7218256e-16  1.8987358e-17 

CM Pos
10.003601      0.007979726   
10.004747      0.0090338308  
9.9976615      0.013291298   
17.323984      0.010656942   

Stress
19.8769      -0.0157026   -0.0132941    0.0696253    0.0447826    0.0467278   
-0.0157026   19.8689      -0.023022     0.0447826    0.0714659    0.0407843   
-0.0132941   -0.023022    19.8771       0.0467278    0.0407843    0.0715733   

Stress Spherical
0            0            0             0            0            0           
0            0            0             0            0            0           
0            0            0             0            0            0           

Inertia
266.707      -100.062     -100.01       0.314904     0.0967131    0.117159    
-100.062     266.697      -100.044      0.0967131    0.312562     0.195706    
-100.01      -100.044     266.826       0.117159     0.195706     0.202364    

Bond Length
0.62261172    0.0010739768

BB bond length
0.62261172    0.0010739768

Water EE distance
0             0           

PEG EE distance
6.7341771     0.089946639 

BBB P2(x)
0.072304095   0.0039383751

BBB first bond length
0.62270062    0.00096206127

BBB second bond length
0.62279043    0.0010427967

BBB <phi**2>/<phi>**2
1.1184031     0.0019972245

Time = 21000
Temperature
1.0100121     0.0056198573

Pressure
22.877618     0.057090006 

CM Mom
-4.7340996e-17 1.0153602e-17 
1.7314075e-16  7.140956e-18  
-1.7888511e-17 1.1500121e-17 
1.8102412e-16  7.4495631e-18 

CM Pos
10.003351      0.0086390861  
9.9974944      0.010892775   
10.005247      0.010217689   
17.324031      0.012197506   

Stress
19.8588      -0.0185406   -0.0217873    0.0560592    0.0276392    0.0532066   
-0.0185406   19.8738      -0.0382046    0.0276392    0.0822507    0.0359341   
-0.0217873   -0.0382046   19.8128       0.0532066    0.0359341    0.0884328   

Stress Spherical
0            0            0             0            0            0           
0            0            0             0            0            0           
0            0            0             0            0            0           

Inertia
266.708      -100.024     -100.122      0.337945     0.158547     0.186388    
-100.024     266.836      -100.042      0.158547     0.343254     0.145678    
-100.122     -100.042     266.658       0.186388     0.145678     0.336097    

Bond Length
0.62242197    0.00071626729

BB bond length
0.62242197    0.00071626729

Water EE distance
0             0           

PEG EE distance
6.4303569     0.10835333  

BBB P2(x)
0.073228722   0.0058298268

BBB first bond length
0.62254653    0.00067450001

BBB second bond length
0.62246302    0.00079585264

BBB <phi**2>/<phi>**2
1.1176701     0.0026525776

Time = 22000
Temperature
1.0119784     0.0060771757

Pressure
22.9344       0.087773695 

CM Mom
-4.1733544e-17 2.9799409e-17 
1.4258127e-16  1.9534875e-17 
-2.2704901e-17 1.5035421e-17 
1.5426698e-16  1.6852261e-17 

CM Pos
10.000767      0.015486585   
10.002663      0.012597765   
10.004247      0.009497286   
17.324952      0.0091751166  

Stress
19.908       -0.00281199  -0.0173527    0.11169      0.0446134    0.0382059   
-0.00281199  19.9039      0.00780125    0.0446134    0.116859     0.0468961   
-0.0173527   0.00780125   19.8861       0.0382059    0.0468961    0.0779561   

Stress Spherical
0            0            0             0            0            0           
0            0            0             0            0            0           
0            0            0             0            0            0           

Inertia
266.812      -100.075     -100.033      0.253278     0.202068     0.1252      
-100.075     266.775      -100.054      0.202068     0.26392      0.172219    
-100.033     -100.054     266.745       0.1252       0.172219     0.408165    

Bond Length
0.62196826    0.00096891809

BB bond length
0.62196826    0.00096891809

Water EE distance
0             0           

PEG EE distance
6.2223795     0.098039043 

BBB P2(x)
0.072048529   0.0063140679

BBB first bond length
0.62202609    0.0010596841

BBB second bond length
0.62205698    0.0008891205

BBB <phi**2>/<phi>**2
1.1176367     0.0029902772

Time = 23000
Temperature
1.0133307     0.0029926758

Pressure
22.914176     0.048219263 

CM Mom
-1.8092429e-17 1.3271119e-17 
1.6505596e-16  1.8239133e-17 
-1.4456747e-17 1.4659449e-17 
1.6779493e-16  1.8664284e-17 

CM Pos
10.004018      0.0079031665  
10.003079      0.0057661563  
9.9996621      0.0096981884  
17.324415      0.0061322915  

Stress
19.8552      -0.0124586   0.00857208    0.0916739    0.0248503    0.0616032   
-0.0124586   19.9103      -0.0269771    0.0248503    0.0868409    0.0619807   
0.00857208   -0.0269771   19.8597       0.0616032    0.0619807    0.0933759   

Stress Spherical
0            0            0             0            0            0           
0            0            0             0            0            0           
0            0            0             0            0            0           

Inertia
266.723      -100.041     -100.021      0.214883     0.111768     0.141365    
-100.041     266.735      -100.014      0.111768     0.230229     0.146634    
-100.021     -100.014     266.81        0.141365     0.146634     0.200407    

Bond Length
0.62215545    0.0012287066

BB bond length
0.62215545    0.0012287066

Water EE distance
0             0           

PEG EE distance
6.1721331     0.10198958  

BBB P2(x)
0.066740536   0.0056137124

BBB first bond length
0.62223757    0.0012098229

BBB second bond length
0.6221468     0.0011964848

BBB <phi**2>/<phi>**2
1.1158265     0.0015716812

Time = 24000
Temperature
1.0122623     0.0041953064

Pressure
22.960072     0.060465568 

CM Mom
-3.2690106e-17 1.8288188e-17 
1.5171749e-16  2.4555531e-17 
-3.5035442e-18 2.509463e-17  
1.5798159e-16  2.6610179e-17 

CM Pos
10.000184      0.009679901   
10.000329      0.012837077   
9.9995787      0.012228598   
17.320567      0.01421406    

Stress
19.9535      0.00553769   0.00594955    0.0641195    0.0532216    0.0400904   
0.00553769   19.9116      0.0197186     0.0532216    0.0784986    0.0507465   
0.00594955   0.0197186    19.9073       0.0400904    0.0507465    0.0969867   

Stress Spherical
0            0            0             0            0            0           
0            0            0             0            0            0           
0            0            0             0            0            0           

Inertia
266.653      -100.014     -100.044      0.336159     0.200806     0.213334    
-100.014     266.65       -100.018      0.200806     0.325798     0.224268    
-100.044     -100.018     266.669       0.213334     0.224268     0.347816    

Bond Length
0.62209021    0.0006733943

BB bond length
0.62209021    0.0006733943

Water EE distance
0             0           

PEG EE distance
6.2224982     0.030604811 

BBB P2(x)
0.0696911     0.0056799465

BBB first bond length
0.62215727    0.00077125793

BBB second bond length
0.62215743    0.00070286005

BBB <phi**2>/<phi>**2
1.1173721     0.0026109646

Time = 25000
Temperature
1.0119606     0.0049389255

Pressure
22.963048     0.051668289 

CM Mom
-1.516236e-17  8.2945326e-18 
1.2742739e-16  1.6506747e-17 
1.7842325e-17  1.8215276e-17 
1.3120055e-16  1.5667535e-17 

CM Pos
9.9994335      0.011015832   
9.9968276      0.010976654   
9.9957443      0.0088016359  
17.315899      0.010186166   

Stress
19.8972      -0.0471184   0.00788051    0.0534311    0.0516908    0.0492826   
-0.0471184   19.9365      0.014471      0.0516908    0.0570383    0.0487553   
0.00788051   0.014471     19.9504       0.0492826    0.0487553    0.0810003   

Stress Spherical
0            0            0             0            0            0           
0            0            0             0            0            0           
0            0            0             0            0            0           

Inertia
266.516      -99.9337     -99.9566      0.27604      0.143485     0.161116    
-99.9337     266.559      -99.9684      0.143485     0.315163     0.149291    
-99.9566     -99.9684     266.574       0.161116     0.149291     0.302693    

Bond Length
0.622059      0.00064345609

BB bond length
0.622059      0.00064345609

Water EE distance
0             0           

PEG EE distance
6.2389943     0.052960812 

BBB P2(x)
0.068440564   0.004500941 

BBB first bond length
0.62210348    0.00067551741

BBB second bond length
0.62206907    0.00065029009

BBB <phi**2>/<phi>**2
1.1173522     0.0016786554

Time = 26000
Temperature
1.0123607     0.0043901265

Pressure
22.921879     0.038706367 

CM Mom
-1.3686797e-17 2.128995e-17  
1.1581275e-16  6.3525834e-18 
1.8641687e-17  1.6368585e-17 
1.2112017e-16  6.2358856e-18 

CM Pos
10.003101      0.0099332099  
9.9987448      0.010596918   
10.000329      0.012086571   
17.321773      0.0076616652  

Stress
19.8843      -0.0118606   -0.0151356    0.0824411    0.0508013    0.0476248   
-0.0118606   19.8842      -0.0335187    0.0508013    0.0381298    0.0512272   
-0.0151356   -0.0335187   19.8885       0.0476248    0.0512272    0.0669062   

Stress Spherical
0            0            0             0            0            0           
0            0            0             0            0            0           
0            0            0             0            0            0           

Inertia
266.669      -99.9924     -100.025      0.231383     0.13111      0.186068    
-99.9924     266.76       -99.972       0.13111      0.275261     0.173968    
-100.025     -99.972      266.718       0.186068     0.173968     0.302538    

Bond Length
0.62210123    0.00089300498

BB bond length
0.62210123    0.00089300498

Water EE distance
0             0           

PEG EE distance
6.1965708     0.065141749 

BBB P2(x)
0.072796251   0.0042542582

BBB first bond length
0.62222937    0.00089106212

BBB second bond length
0.62206244    0.00095608211

BBB <phi**2>/<phi>**2
1.1169745     0.0019711426

Time = 27000
Temperature
1.011542      0.005639624 

Pressure
22.952606     0.056512295 

CM Mom
-2.5736925e-17 1.1890303e-17 
1.2062411e-16  1.8790978e-17 
1.8128291e-17  2.3288991e-17 
1.2757557e-16  1.7393453e-17 

CM Pos
9.9991834      0.018025501   
9.9957439      0.0104981     
9.9989119      0.0090507366  
17.316962      0.012105305   

Stress
19.9171      -0.0239212   -0.00493858   0.0632573    0.06285      0.0544819   
-0.0239212   19.9322      0.00579003    0.06285      0.101804     0.0427218   
-0.00493858  0.00579003   19.9073       0.0544819    0.0427218    0.0863815   

Stress Spherical
0            0            0             0            0            0           
0            0            0             0            0            0           
0            0            0             0            0            0           

Inertia
266.557      -99.9382     -99.9858      0.24086      0.216147     0.204971    
-99.9382     266.63       -99.9352      0.216147     0.321207     0.156503    
-99.9858     -99.9352     266.569       0.204971     0.156503     0.410476    

Bond Length
0.62222957    0.00084706354

BB bond length
0.62222957    0.00084706354

Water EE distance
0             0           

PEG EE distance
6.2945179     0.065271956 

BBB P2(x)
0.070196856   0.0036479061

BBB first bond length
0.62227179    0.00083654073

BBB second bond length
0.6222915     0.00070332383

BBB <phi**2>/<phi>**2
1.1171085     0.0015495111

Time = 28000
Temperature
1.0153691     0.0053079269

Pressure
22.929838     0.045321569 

CM Mom
-3.3678261e-17 1.2933694e-17 
9.6224149e-17  2.0231167e-17 
2.3175264e-17  1.9535027e-17 
1.0775298e-16  1.6670294e-17 

CM Pos
10.004685      0.007823638   
9.9972444      0.0067023902  
9.9989119      0.012139632   
17.321         0.0077220649  

Stress
19.913       -0.00372505  -0.0035822    0.0924697    0.0371802    0.0353163   
-0.00372505  19.8538      0.00240737    0.0371802    0.0705468    0.0467577   
-0.0035822   0.00240737   19.8871       0.0353163    0.0467577    0.0762928   

Stress Spherical
