Time = 1000
Temperature
   1.0662397   0.096220431

Pressure
    23.65841    0.50142195

CM Mom
-4.130145e-17  1.0004256e-17 
3.4624463e-17  3.7057768e-17 
-8.8971857e-17 2.0672417e-16 
1.8805796e-16  1.4022519e-16 

CM Pos
7.5022837      0.022024522   
7.4995916      0.013534053   
7.4938286      0.027676092   
12.987922      0.030401645   

Stress
20.4354      -0.0173906   -0.0152048    0.255014     0.0655824    0.0322735   
-0.0173906   20.4713      0.0257171     0.0655824    0.264633     0.0920649   
-0.0152048   0.0257171    20.4866       0.0322735    0.0920649    0.201814    

Stress Spherical
0            0            0             0            0            0           
0            0            0             0            0            0           
0            0            0             0            0            0           

Inertia
149.953      -56.2238     -56.2059      1.50888      0.245829     0.350664    
-56.2238     149.993      -56.1991      0.245829     1.5874       0.226333    
-56.2059     -56.1991     150.101       0.350664     0.226333     1.40782     

Bond Length
0.61897471    0.0044348989

BB bond length
0.61897471    0.0044348989

Water EE distance
0             0           

PEG EE distance
6.7642192     0.20349474  

BBB P2(x)
0.47333981    0.05516607  

BBB first bond length
0.61921614    0.0045567649

BBB second bond length
0.61903263    0.0042004302

BBB <phi**2>/<phi>**2
1.2143992     0.016838867 

Time = 2000
Temperature
1.0100441     0.0087447897

Pressure
23.336853     0.059770585 

CM Mom
-2.4969345e-17 2.2588659e-17 
2.022341e-17   1.4688427e-17 
-5.1200389e-17 2.9884479e-17 
7.1227138e-17  1.413183e-17  

CM Pos
7.503619       0.013043729   
7.5019655      0.013452482   
7.4985764      0.018183399   
12.992798      0.018048393   

Stress
20.2905      -0.0114186   -0.00635475   0.0779945    0.057038     0.0577067   
-0.0114186   20.3198      0.0331973     0.057038     0.109066     0.0699939   
-0.00635475  0.0331973    20.3233       0.0577067    0.0699939    0.0766013   

Stress Spherical
0            0            0             0            0            0           
0            0            0             0            0            0           
0            0            0             0            0            0           

Inertia
149.9        -56.2503     -56.2799      0.449522     0.130406     0.187478    
-56.2503     149.889      -56.265       0.130406     0.431312     0.177515    
-56.2799     -56.265      149.976       0.187478     0.177515     0.258073    

Bond Length
0.61834289    0.0028160559

BB bond length
0.61834289    0.0028160559

Water EE distance
0             0           

PEG EE distance
6.4244926     0.18204679  

BBB P2(x)
0.50618718    0.010116965 

BBB first bond length
0.61851421    0.0027573563

BBB second bond length
0.61853557    0.0026481543

BBB <phi**2>/<phi>**2
1.2268071     0.0065858   

Time = 3000
Temperature
1.0140062     0.005833444 

Pressure
23.337767     0.076441735 

CM Mom
-1.1378139e-17 1.3491568e-17 
2.7496414e-17  1.0728912e-17 
-8.0717661e-17 1.6379244e-17 
8.7687353e-17  1.6649184e-17 

CM Pos
7.5019869      0.014717622   
7.5061198      0.012421331   
7.4976862      0.0072745701  
12.993739      0.010635213   

Stress
20.2805      -0.0117495   -0.00697724   0.109602     0.0943419    0.0852058   
-0.0117495   20.2768      0.0120983     0.0943419    0.14359      0.0412998   
-0.00697724  0.0120983    20.3435       0.0852058    0.0412998    0.0888044   

Stress Spherical
0            0            0             0            0            0           
0            0            0             0            0            0           
0            0            0             0            0            0           

Inertia
149.997      -56.2839     -56.2279      0.24652      0.14963      0.158237    
-56.2839     149.906      -56.2694      0.14963      0.286367     0.105376    
-56.2279     -56.2694     150.039       0.158237     0.105376     0.251921    

Bond Length
0.61885576    0.002745785 

BB bond length
0.61885576    0.002745785 

Water EE distance
0             0           

PEG EE distance
6.9086352     0.1885306   

BBB P2(x)
0.51522392    0.013342952 

BBB first bond length
0.61909218    0.0025564594

BBB second bond length
0.61901421    0.0028455988

BBB <phi**2>/<phi>**2
1.2248472     0.0080825675

Time = 4000
Temperature
1.0114849     0.0050861854

Pressure
23.359693     0.098196971 

CM Mom
2.3849068e-17  1.7519677e-17 
4.8717487e-17  1.3152248e-17 
-8.1793018e-17 1.6228077e-17 
1.0119907e-16  1.1588302e-17 

CM Pos
7.4967941      0.016364252   
7.5019655      0.016760326   
7.4929384      0.012231136   
12.985599      0.02129255    

Stress
20.3491      0.00133345   0.00567476    0.155732     0.0475891    0.0775235   
0.00133345   20.2697      -0.0242873    0.0475891    0.0678493    0.0711286   
0.00567476   -0.0242873   20.3704       0.0775235    0.0711286    0.0918659   

Stress Spherical
0            0            0             0            0            0           
0            0            0             0            0            0           
0            0            0             0            0            0           

Inertia
149.882      -56.2351     -56.1919      0.382187     0.233134     0.183334    
-56.2351     149.778      -56.2128      0.233134     0.417075     0.203299    
-56.1919     -56.2128     149.915       0.183334     0.203299     0.468529    

Bond Length
0.61813501    0.0038353066

BB bond length
0.61813501    0.0038353066

Water EE distance
0             0           

PEG EE distance
6.7334668     0.13388462  

BBB P2(x)
0.52427064    0.017312323 

BBB first bond length
0.61804422    0.0037462048

BBB second bond length
0.61806544    0.0037251357

BBB <phi**2>/<phi>**2
1.228761      0.0074966142

Time = 5000
Temperature
1.0105        0.007111006 

Pressure
23.312806     0.076056796 

CM Mom
3.8404547e-17  1.3944809e-17 
5.4730646e-17  1.6155904e-17 
-7.231604e-17  1.9686854e-17 
1.0008727e-16  2.2924756e-17 

CM Pos
7.5070314      0.010347535   
7.4955857      0.015659673   
7.5003568      0.0095418013  
12.992112      0.012487539   

Stress
20.2714      0.0107074    -0.0233165    0.057078     0.0809093    0.0801655   
0.0107074    20.2961      0.0017341     0.0809093    0.166214     0.0778614   
-0.0233165   0.0017341    20.2899       0.0801655    0.0778614    0.109276    

Stress Spherical
0            0            0             0            0            0           
0            0            0             0            0            0           
0            0            0             0            0            0           

Inertia
149.888      -56.3036     -56.304       0.259467     0.146972     0.140689    
-56.3036     150.047      -56.2349      0.146972     0.266914     0.146307    
-56.304      -56.2349     149.989       0.140689     0.146307     0.290199    

Bond Length
0.6202904     0.0021408692

BB bond length
0.6202904     0.0021408692

Water EE distance
0             0           

PEG EE distance
7.3943179     0.1849504   

BBB P2(x)
0.52412783    0.010392885 

BBB first bond length
0.61997168    0.0024629939

BBB second bond length
0.62046429    0.0021586038

BBB <phi**2>/<phi>**2
1.2293216     0.0089033151

Time = 6000
Temperature
1.0092928     0.0097209072

Pressure
23.305653     0.071241175 

CM Mom
1.6833784e-17  2.4009244e-17 
9.264772e-17   1.4891313e-17 
-6.1692875e-17 2.2436908e-17 
1.1694365e-16  1.7285223e-17 

CM Pos
7.5039157      0.013615135   
7.4951406      0.014748252   
7.4988731      0.0092131601  
12.989201      0.011322192   

Stress
20.208       0.0072064    -0.00194703   0.1037       0.0552446    0.089158    
0.0072064    20.3513      0.00622022    0.0552446    0.122735     0.0615708   
-0.00194703  0.00622022   20.2875       0.089158     0.0615708    0.10984     

Stress Spherical
0            0            0             0            0            0           
0            0            0             0            0            0           
0            0            0             0            0            0           

Inertia
149.877      -56.2603     -56.2473      0.257777     0.12042      0.161322    
-56.2603     149.983      -56.1787      0.12042      0.311878     0.145162    
-56.2473     -56.1787     149.929       0.161322     0.145162     0.216824    

Bond Length
0.61987924    0.0017886764

BB bond length
0.61987924    0.0017886764

Water EE distance
0             0           

PEG EE distance
6.8872128     0.37195345  

BBB P2(x)
0.51207878    0.01112498  

BBB first bond length
0.619754      0.0017826874

BBB second bond length
0.61964265    0.0016504782

BBB <phi**2>/<phi>**2
1.2262494     0.0049001128

Time = 7000
Temperature
1.0119304     0.0066635471

Pressure
23.363722     0.078514814 

CM Mom
1.8130348e-17  2.5550908e-17 
9.7003266e-17  1.0011e-17    
-4.7212481e-17 1.3452052e-17 
1.128567e-16   1.2835652e-17 

CM Pos
7.5030255      0.01471837    
7.5081969      0.010517394   
7.4947188      0.0082126721  
12.993825      0.011716137   

Stress
20.3287      0.0277036    0.00956761    0.119593     0.0483914    0.052036    
0.0277036    20.3434      0.035414      0.0483914    0.0953844    0.0752633   
0.00956761   0.035414     20.3252       0.052036     0.0752633    0.0844519   

Stress Spherical
0            0            0             0            0            0           
0            0            0             0            0            0           
0            0            0             0            0            0           

Inertia
150.015      -56.3712     -56.254       0.201809     0.153326     0.13399     
-56.3712     149.929      -56.2714      0.153326     0.20042      0.107077    
-56.254      -56.2714     150.112       0.13399      0.107077     0.288282    

Bond Length
0.61797311    0.0012764448

BB bond length
0.61797311    0.0012764448

Water EE distance
0             0           

PEG EE distance
7.0810055     0.15377604  

BBB P2(x)
0.51197424    0.0076157258

BBB first bond length
0.61792362    0.0015174188

BBB second bond length
0.61792065    0.0011432879

BBB <phi**2>/<phi>**2
1.2307207     0.0068545085

Time = 8000
Temperature
1.0098872     0.0070652884

Pressure
23.349525     0.1056525   

CM Mom
2.5545013e-17  1.3399602e-17 
8.4790538e-17  2.001907e-17  
-9.1674388e-17 1.5642243e-17 
1.2972536e-16  1.5572372e-17 

CM Pos
7.5051027      0.013766276   
7.4976628      0.010089021   
7.4932351      0.018354501   
12.98809       0.015273573   

Stress
20.2993      0.0206455    -0.0138164    0.133832     0.0703701    0.0664065   
0.0206455    20.3683      0.033136      0.0703701    0.117785     0.0757082   
-0.0138164   0.033136     20.3055       0.0664065    0.0757082    0.113843    

Stress Spherical
0            0            0             0            0            0           
0            0            0             0            0            0           
0            0            0             0            0            0           

Inertia
149.832      -56.2616     -56.2638      0.265308     0.102376     0.244546    
-56.2616     149.953      -56.1953      0.102376     0.46336      0.167011    
-56.2638     -56.1953     150           0.244546     0.167011     0.242353    

Bond Length
0.6185573     0.0026254162

BB bond length
0.6185573     0.0026254162

Water EE distance
0             0           

PEG EE distance
6.9714639     0.11548252  

BBB P2(x)
0.50872701    0.010559437 

BBB first bond length
0.61865778    0.0026243574

BBB second bond length
0.61858227    0.0024506852

BBB <phi**2>/<phi>**2
1.221794      0.0091291478

Time = 9000
Temperature
1.0106125     0.0043542258

Pressure
23.300611     0.080975927 

CM Mom
3.6962959e-17  1.8519313e-17 
8.1415532e-17  8.1592886e-18 
-6.6368495e-17 1.5501966e-17 
1.1381373e-16  9.7882592e-18 

CM Pos
7.496349       0.0091170869  
7.4955857      0.01845974    
7.5046595      0.01311106    
12.988435      0.011178316   

Stress
20.2531      -0.0191209   -0.0268849    0.140551     0.0613743    0.0652889   
-0.0191209   20.3189      -0.0205009    0.0613743    0.101071     0.0765933   
-0.0268849   -0.0205009   20.2478       0.0652889    0.0765933    0.116748    

Stress Spherical
0            0            0             0            0            0           
0            0            0             0            0            0           
0            0            0             0            0            0           

Inertia
149.991      -56.1746     -56.2553      0.360936     0.174039     0.0603825   
-56.1746     149.992      -56.2466      0.174039     0.1121       0.195536    
-56.2553     -56.2466     149.856       0.0603825    0.195536     0.338271    

Bond Length
0.61959358    0.0026810836

BB bond length
0.61959358    0.0026810836

Water EE distance
0             0           

PEG EE distance
6.8125038     0.10956853  

BBB P2(x)
0.51502004    0.009667792 

BBB first bond length
0.61921265    0.0026801041

BBB second bond length
0.61979012    0.002593148 

BBB <phi**2>/<phi>**2
1.2245261     0.0093292051

Time = 10000
Temperature
1.0111503     0.010002883 

Pressure
23.296629     0.059340941 

CM Mom
4.2412908e-17  2.6054207e-17 
9.9408337e-17  1.7067925e-17 
-5.5824946e-17 2.5992206e-17 
1.2688314e-16  1.8539079e-17 

CM Pos
7.4938267      0.013650658   
7.5034492      0.010513207   
7.5016921      0.016896368   
12.989806      0.0091323074  

Stress
20.2633      -0.021765    0.00771712    0.0756305    0.0838729    0.0773145   
-0.021765    20.2562      -0.016009     0.0838729    0.101372     0.0945601   
0.00771712   -0.016009    20.2835       0.0773145    0.0945601    0.0816897   

Stress Spherical
0            0            0             0            0            0           
0            0            0             0            0            0           
0            0            0             0            0            0           

Inertia
150.044      -56.2399     -56.2044      0.28969      0.164709     0.130954    
-56.2399     149.901      -56.2872      0.164709     0.221108     0.166354    
-56.2044     -56.2872     149.926       0.130954     0.166354     0.204906    

Bond Length
0.61900564    0.0018416519

BB bond length
0.61900564    0.0018416519

Water EE distance
0             0           

PEG EE distance
6.8931374     0.11546193  

BBB P2(x)
0.50495303    0.00742474  

BBB first bond length
0.61887991    0.0020070485

BBB second bond length
0.61905647    0.001937326 

BBB <phi**2>/<phi>**2
1.2182612     0.0092276486

Time = 11000
Temperature
1.0084846     0.0072746685

Pressure
23.281844     0.062399657 

CM Mom
7.4588648e-17  1.6795839e-17 
1.0319529e-16  1.7797037e-17 
-3.8232139e-17 1.1166829e-17 
1.3478249e-16  1.5219822e-17 

CM Pos
7.4984261      0.017177395   
7.4982563      0.008671596   
7.5043627      0.011481993   
12.991002      0.0089564085  

Stress
20.206       -0.0243006   0.0149258     0.120533     0.0629343    0.0934003   
-0.0243006   20.2824      -0.0150202    0.0629343    0.117487     0.0840012   
0.0149258    -0.0150202   20.2942       0.0934003    0.0840012    0.0509103   

Stress Spherical
0            0            0             0            0            0           
0            0            0             0            0            0           
0            0            0             0            0            0           

Inertia
150.013      -56.1981     -56.2513      0.223833     0.1192       0.142922    
-56.1981     150.017      -56.2475      0.1192       0.291603     0.0962673   
-56.2513     -56.2475     149.937       0.142922     0.0962673    0.205445    

Bond Length
0.61817361    0.0023200321

BB bond length
0.61817361    0.0023200321

Water EE distance
0             0           

PEG EE distance
6.8806974     0.19215442  

BBB P2(x)
0.51138533    0.01148702  

BBB first bond length
0.61807164    0.0022307864

BBB second bond length
0.61834611    0.0022504847

BBB <phi**2>/<phi>**2
1.2287093     0.0092857586

Time = 12000
Temperature
1.0092872     0.007809638 

Pressure
23.317112     0.1381856   

CM Mom
7.3363669e-17  1.9558032e-17 
9.5581857e-17  2.0736518e-17 
-4.3817022e-17 9.1107972e-18 
1.2997906e-16  2.0952859e-17 

CM Pos
7.5045092      0.0068651248  
7.4964759      0.019863582   
7.5036209      0.0082926935  
12.993055      0.013154036   

Stress
20.3166      -0.0232074   -0.000596745  0.145359     0.0539542    0.0849139   
-0.0232074   20.2652      -0.0119109    0.0539542    0.134788     0.0781903   
-0.000596745 -0.0119109   20.2994       0.0849139    0.0781903    0.180301    

Stress Spherical
0            0            0             0            0            0           
0            0            0             0            0            0           
0            0            0             0            0            0           

Inertia
149.987      -56.2691     -56.3453      0.31487      0.202455     0.113335    
-56.2691     150.099      -56.258       0.202455     0.16075      0.175006    
-56.3453     -56.258      150.009       0.113335     0.175006     0.355463    

Bond Length
0.61989417    0.0024021101

BB bond length
0.61989417    0.0024021101

Water EE distance
0             0           

PEG EE distance
7.0700663     0.13240335  

BBB P2(x)
0.50946632    0.012330828 

BBB first bond length
0.62003001    0.0025017694

BBB second bond length
0.62008509    0.0024246641

BBB <phi**2>/<phi>**2
1.2266907     0.011169782 

Time = 13000
Temperature
1.008773      0.0086563851

Pressure
23.283746     0.079283238 

CM Mom
7.1651664e-17  2.0798078e-17 
7.5675673e-17  1.5029793e-17 
-4.8730596e-17 2.2152337e-17 
1.1807506e-16  2.1045206e-17 

CM Pos
7.5039157      0.014278055   
7.5006302      0.014433693   
7.5018405      0.0079567286  
12.994081      0.012203146   

Stress
20.2793      0.00430904   0.000534866   0.103311     0.050485     0.0733876   
0.00430904   20.1939      -0.0255195    0.050485     0.0907259    0.0456704   
0.000534866  -0.0255195   20.3125       0.0733876    0.0456704    0.0928656   

Stress Spherical
0            0            0             0            0            0           
0            0            0             0            0            0           
0            0            0             0            0            0           

Inertia
150.035      -56.2659     -56.3034      0.28802      0.171198     0.143194    
-56.2659     150.069      -56.2489      0.171198     0.241513     0.117294    
-56.3034     -56.2489     150.075       0.143194     0.117294     0.30319     

Bond Length
0.61924308    0.0026633168

BB bond length
0.61924308    0.0026633168

Water EE distance
0             0           

PEG EE distance
6.7953934     0.16655683  

BBB P2(x)
0.50892071    0.010653337 

BBB first bond length
0.61934436    0.0025527371

BBB second bond length
0.61918272    0.0028615197

BBB <phi**2>/<phi>**2
1.2302856     0.0096856075

Time = 14000
Temperature
1.0164535     0.0081755925

Pressure
23.333489     0.089169805 

CM Mom
5.759529e-17   1.3835246e-17 
7.4635594e-17  1.9317418e-17 
-4.9757154e-17 1.2703758e-17 
1.0915804e-16  1.318893e-17  

CM Pos
7.4997614      0.010327305   
7.5004818      0.010761536   
7.5126713      0.010642234   
12.997848      0.012578077   

Stress
20.3145      0.0120699    0.00745914    0.0735676    0.0695139    0.0553552   
0.0120699    20.2724      0.0413821     0.0695139    0.16377      0.0575016   
0.00745914   0.0413821    20.2791       0.0553552    0.0575016    0.130138    

Stress Spherical
0            0            0             0            0            0           
0            0            0             0            0            0           
0            0            0             0            0            0           

Inertia
150.175      -56.2674     -56.3619      0.231115     0.140752     0.159204    
-56.2674     150.17       -56.3473      0.140752     0.273318     0.116821    
-56.3619     -56.3473     150.001       0.159204     0.116821     0.211856    

Bond Length
0.61896878    0.0020832136

BB bond length
0.61896878    0.0020832136

Water EE distance
0             0           

PEG EE distance
6.9068811     0.14404513  

BBB P2(x)
0.50381003    0.01227344  

BBB first bond length
0.6190595     0.0021919601

BBB second bond length
0.61880467    0.0021959646

BBB <phi**2>/<phi>**2
1.2197099     0.012311233 

Time = 15000
Temperature
1.0124559     0.0062798253

Pressure
23.330449     0.06211389  

CM Mom
6.8492854e-17  1.0463618e-17 
8.372026e-17   1.5581457e-17 
-7.0208017e-17 1.3598426e-17 
1.301341e-16   1.5225691e-17 

CM Pos
7.4917495      0.011131552   
7.4960308      0.011024248   
7.5062915      0.016598654   
12.986979      0.010391624   

Stress
20.2969      0.011773     -0.00210667   0.113143     0.0686425    0.0411958   
0.011773     20.3051      0.0152247     0.0686425    0.0908101    0.061293    
-0.00210667  0.0152247    20.2907       0.0411958    0.061293     0.0877925   

Stress Spherical
0            0            0             0            0            0           
0            0            0             0            0            0           
0            0            0             0            0            0           

Inertia
150.049      -56.1305     -56.2662      0.226189     0.152249     0.174956    
-56.1305     149.96       -56.2753      0.152249     0.308889     0.123386    
-56.2662     -56.2753     149.83        0.174956     0.123386     0.192085    

Bond Length
0.6196271     0.0021451769

BB bond length
0.6196271     0.0021451769

Water EE distance
0             0           

PEG EE distance
7.0284381     0.16932755  

BBB P2(x)
0.50786868    0.010920512 

BBB first bond length
0.61973515    0.0021280637

BBB second bond length
0.61969703    0.0022284024

BBB <phi**2>/<phi>**2
1.2250155     0.0092809407

Time = 16000
Temperature
1.0080016     0.012373233 

Pressure
23.360161     0.13670616  

CM Mom
6.0283271e-17  1.4942564e-17 
5.1292633e-17  2.8928195e-17 
-6.0255955e-17 1.3132739e-17 
1.0404592e-16  1.7401842e-17 

CM Pos
7.4938267      0.011028241   
7.4967726      0.017565162   
7.5049562      0.0093847861  
12.987831      0.012984685   

Stress
20.325       -0.0359174   0.0451837     0.117468     0.0596267    0.0563104   
-0.0359174   20.3359      0.0420778     0.0596267    0.147504     0.0717359   
0.0451837    0.0420778    20.3611       0.0563104    0.0717359    0.127548    

Stress Spherical
0            0            0             0            0            0           
0            0            0             0            0            0           
0            0            0             0            0            0           

Inertia
149.999      -56.132      -56.2606      0.345985     0.110336     0.122252    
-56.132      149.963      -56.2855      0.110336     0.177672     0.206714    
-56.2606     -56.2855     149.851       0.122252     0.206714     0.279205    

Bond Length
0.61803586    0.0022225466

BB bond length
0.61803586    0.0022225466

Water EE distance
0             0           

PEG EE distance
6.7256238     0.1369352   

BBB P2(x)
0.51045607    0.0077567183

BBB first bond length
0.61783168    0.0022781831

BBB second bond length
0.6181611     0.0025177519

BBB <phi**2>/<phi>**2
1.2276209     0.010046905 

Time = 17000
Temperature
1.0088049     0.0067265946

Pressure
23.358041     0.10763367  

CM Mom
2.0540773e-17  1.7268649e-17 
4.7564985e-17  1.9225382e-17 
-3.7582587e-17 1.0767943e-17 
6.7943155e-17  1.6257299e-17 

CM Pos
7.4976843      0.010687643   
7.5004818      0.012729417   
7.4990215      0.015333668   
12.988773      0.010043996   

Stress
20.3011      0.0391683    0.0205924     0.12751      0.0816073    0.0634268   
0.0391683    20.3615      -0.00136989   0.0816073    0.119378     0.0780025   
0.0205924    -0.00136989  20.3457       0.0634268    0.0780025    0.120538    

Stress Spherical
0            0            0             0            0            0           
0            0            0             0            0            0           
0            0            0             0            0            0           

Inertia
149.977      -56.1962     -56.2439      0.31346      0.164791     0.162362    
-56.1962     149.952      -56.2329      0.164791     0.18599      0.117089    
-56.2439     -56.2329     149.984       0.162362     0.117089     0.297715    

Bond Length
0.61761919    0.0015288171

BB bond length
0.61761919    0.0015288171

Water EE distance
0             0           

PEG EE distance
6.516083      0.10875392  

BBB P2(x)
0.50848005    0.010142988 

BBB first bond length
0.61760492    0.001630962 

BBB second bond length
0.61746689    0.0016553126

BBB <phi**2>/<phi>**2
1.2256863     0.0093380974

Time = 18000
Temperature
1.0102662     0.0084894519

Pressure
23.343233     0.08332228  

CM Mom
1.4788149e-17  1.8737706e-17 
7.572605e-17   3.3836188e-17 
-4.3119701e-17 2.1082407e-17 
9.587073e-17   2.3700059e-17 

CM Pos
7.4990196      0.010595591   
7.4992949      0.014480134   
7.5006535      0.017254115   
12.989802      0.01313732    

Stress
20.2977      -0.0242565   -0.0171236    0.0916322    0.084739     0.0762584   
-0.0242565   20.3381      0.0307951     0.084739     0.0848511    0.0711332   
-0.0171236   0.0307951    20.315        0.0762584    0.0711332    0.0930873   

Stress Spherical
0            0            0             0            0            0           
0            0            0             0            0            0           
0            0            0             0            0            0           

Inertia
149.992      -56.2275     -56.2555      0.333467     0.183033     0.111179    
-56.2275     149.986      -56.278       0.183033     0.254737     0.185912    
-56.2555     -56.278      149.985       0.111179     0.185912     0.357249    

Bond Length
0.61859189    0.0016068331

BB bond length
0.61859189    0.0016068331

Water EE distance
0             0           

PEG EE distance
6.2448345     0.082965392 

BBB P2(x)
0.50397266    0.0067402443

BBB first bond length
0.61855564    0.0015871028

BBB second bond length
0.61858171    0.0015151549

BBB <phi**2>/<phi>**2
1.2219367     0.0061549426

Time = 19000
Temperature
1.0101871     0.0079542871

Pressure
23.302342     0.064208787 

CM Mom
-8.6423889e-19 1.5459177e-17 
8.1271675e-17  2.0818679e-17 
-6.054559e-17  1.6625101e-17 
1.0391921e-16  2.0523077e-17 

CM Pos
7.4941234      0.010407988   
7.498553       0.0082073096  
7.5024339      0.011610681   
12.987568      0.0094622196  

Stress
20.2547      0.0097664    0.0230691     0.140898     0.0462028    0.042046    
0.0097664    20.2818      0.0447781     0.0462028    0.107591     0.043427    
0.0230691    0.0447781    20.2923       0.042046     0.043427     0.142619    

Stress Spherical
0            0            0             0            0            0           
0            0            0             0            0            0           
0            0            0             0            0            0           

Inertia
149.992      -56.2007     -56.2362      0.216143     0.0913988    0.148471    
-56.2007     149.928      -56.2533      0.0913988    0.232889     0.124822    
-56.2362     -56.2533     149.9         0.148471     0.124822     0.192144    

Bond Length
0.62007712    0.0019501791

BB bond length
0.62007712    0.0019501791

Water EE distance
0             0           

PEG EE distance
6.5592537     0.21876185  

BBB P2(x)
0.51835246    0.012575035 

BBB first bond length
0.62012632    0.0020234276

BBB second bond length
0.62014283    0.0019731959

BBB <phi**2>/<phi>**2
1.2302814     0.010161561 

Time = 20000
Temperature
1.0105412     0.0096329831

Pressure
23.299556     0.10800917  

CM Mom
-1.1833594e-17 1.4777613e-17 
8.0382453e-17  2.0557886e-17 
-7.657972e-17  1.0945459e-17 
1.1437486e-16  1.2042613e-17 

CM Pos
7.5010967      0.01779426    
7.5040426      0.024070843   
7.4988731      0.013399195   
12.992719      0.022906046   

Stress
20.3289      0.0407291    0.0187141     0.142081     0.0825484    0.071862    
0.0407291    20.2314      0.0128441     0.0825484    0.133663     0.0915697   
0.0187141    0.0128441    20.257        0.071862     0.0915697    0.164147    

Stress Spherical
0            0            0             0            0            0           
0            0            0             0            0            0           
0            0            0             0            0            0           

Inertia
150.027      -56.3146     -56.2553      0.414351     0.30997      0.161349    
-56.3146     149.99       -56.2845      0.30997      0.31776      0.15267     
-56.2553     -56.2845     150.084       0.161349     0.15267      0.624572    

Bond Length
0.61858838    0.0025684375

BB bond length
0.61858838    0.0025684375

Water EE distance
0             0           

PEG EE distance
6.4026164     0.13791559  

BBB P2(x)
0.50503872    0.01339336  

BBB first bond length
0.61865263    0.0025544534

BBB second bond length
0.618836      0.0026573569

BBB <phi**2>/<phi>**2
1.228238      0.0085399087

Time = 21000
Temperature
1.0082256     0.0073739266

Pressure
23.327478     0.065557341 

CM Mom
1.3034688e-17  1.3613398e-17 
6.8260322e-17  8.5113866e-18 
-6.1811337e-17 2.2909502e-17 
9.5572875e-17  1.727586e-17  

CM Pos
7.4997614      0.011592656   
7.4989981      0.02068709    
7.4963508      0.013763077   
12.987579      0.015002116   

Stress
20.2585      0.00207816   -0.0803055    0.0960183    0.0492344    0.0532379   
0.00207816   20.3141      -0.0158773    0.0492344    0.0885652    0.0727586   
-0.0803055   -0.0158773   20.3493       0.0532379    0.0727586    0.0492495   

Stress Spherical
0            0            0             0            0            0           
0            0            0             0            0            0           
0            0            0             0            0            0           

Inertia
149.885      -56.2396     -56.2201      0.335907     0.239483     0.186077    
-56.2396     149.909      -56.2081      0.239483     0.304265     0.175674    
-56.2201     -56.2081     149.963       0.186077     0.175674     0.354329    

Bond Length
0.61837509    0.0021889164

BB bond length
0.61837509    0.0021889164

Water EE distance
0             0           

PEG EE distance
6.9868875     0.1285048   

BBB P2(x)
0.51938397    0.012326757 

BBB first bond length
0.61846933    0.0019668701

BBB second bond length
0.61831052    0.0023151893

BBB <phi**2>/<phi>**2
1.2275667     0.01183985  

Time = 22000
Temperature
1.006274      0.0071678333

Pressure
23.288978     0.080448423 

CM Mom
8.6410162e-18  1.7403247e-17 
5.8636605e-17  1.5915626e-17 
-4.9812061e-17 2.3991723e-17 
8.1737842e-17  2.1091896e-17 

CM Pos
7.5008         0.015782892   
7.4995916      0.011512627   
7.5008019      0.024318318   
12.991101      0.013209016   

Stress
20.2963      -0.0202903   0.0165297     0.0876114    0.0442307    0.0740619   
-0.0202903   20.2545      0.0119477     0.0442307    0.105735     0.0321636   
0.0165297    0.0119477    20.2731       0.0740619    0.0321636    0.0898579   

Stress Spherical
0            0            0             0            0            0           
0            0            0             0            0            0           
0            0            0             0            0            0           

Inertia
149.968      -56.2821     -56.2169      0.385306     0.161207     0.156895    
-56.2821     149.99       -56.2684      0.161207     0.261215     0.185506    
-56.2169     -56.2684     149.981       0.156895     0.185506     0.295976    

Bond Length
0.61930066    0.0025069226

BB bond length
0.61930066    0.0025069226

Water EE distance
0             0           

PEG EE distance
7.2069311     0.18393629  

BBB P2(x)
0.51373333    0.0096048329

BBB first bond length
0.61922686    0.00261653  

BBB second bond length
0.61928316    0.0022576741

BBB <phi**2>/<phi>**2
1.2244019     0.0085824796

Time = 23000
Temperature
1.0117245     0.0076732501

Pressure
23.304768     0.084200909 

CM Mom
-3.4407854e-17 1.9509405e-17 
5.2197229e-17  2.1273149e-17 
-4.4760052e-17 2.38339e-17   
8.401937e-17   1.5933533e-17 

CM Pos
7.5019869      0.01764269    
7.5049328      0.012325261   
7.4967959      0.013755878   
12.992548      0.010793975   

Stress
20.2858      0.0172498    -0.0101757    0.0780291    0.0669125    0.0469964   
0.0172498    20.2455      -0.00380582   0.0669125    0.0863301    0.0632071   
-0.0101757   -0.00380582  20.291        0.0469964    0.0632071    0.111721    

Stress Spherical
0            0            0             0            0            0           
0            0            0             0            0            0           
0            0            0             0            0            0           

Inertia
149.974      -56.3173     -56.2503      0.276232     0.129198     0.139322    
-56.3173     149.953      -56.2647      0.129198     0.301924     0.14277     
-56.2503     -56.2647     150.08        0.139322     0.14277      0.231634    

Bond Length
0.61942664    0.0029786179

BB bond length
0.61942664    0.0029786179

Water EE distance
0             0           

PEG EE distance
7.3415256     0.21098555  

BBB P2(x)
0.50637476    0.013285525 

BBB first bond length
0.61918471    0.0030935267

BBB second bond length
0.61917368    0.0030697633

BBB <phi**2>/<phi>**2
1.2228796     0.007303383 

Time = 24000
Temperature
1.0117488     0.0091614694

Pressure
23.280219     0.05961743  

CM Mom
-5.3563594e-17 1.0294261e-17 
4.3998215e-17  1.5280029e-17 
-4.6578852e-17 1.4092724e-17 
8.5585508e-17  1.3699193e-17 

CM Pos
7.5083668      0.010258869   
7.4992949      0.011420478   
7.501247       0.0084660787  
12.995532      0.012449824   

Stress
20.2357      0.012768     0.0123925     0.10234      0.0497848    0.0819782   
0.012768     20.2737      0.00802429    0.0497848    0.109207     0.078622    
0.0123925    0.00802429   20.239        0.0819782    0.078622     0.122639    

Stress Spherical
0            0            0             0            0            0           
0            0            0             0            0            0           
0            0            0             0            0            0           

Inertia
149.999      -56.2585     -56.3313      0.252445     0.144923     0.0936505   
-56.2585     150.129      -56.2742      0.144923     0.187994     0.103752    
-56.3313     -56.2742     150.119       0.0936505    0.103752     0.281761    

Bond Length
0.61954763    0.0033094232

BB bond length
0.61954763    0.0033094232

Water EE distance
0             0           

PEG EE distance
7.6871954     0.079860635 

BBB P2(x)
0.51397307    0.0087010815

BBB first bond length
0.61930094    0.0034498087

BBB second bond length
0.6193133     0.0034148634

BBB <phi**2>/<phi>**2
1.2263917     0.01290204  

Time = 25000
Temperature
1.010314      0.006541002 

Pressure
23.328129     0.055083226 

CM Mom
-5.2360029e-17 1.4471412e-17 
8.0782452e-17  2.6519605e-17 
-6.6413451e-17 2.0328737e-17 
1.1996895e-16  2.472938e-17  

CM Pos
7.5065863      0.019755236   
7.4951406      0.01742992    
7.504066       0.010679401   
12.993751      0.015035451   

Stress
20.3869      -0.0151772   0.0127187     0.116893     0.0729317    0.0355141   
-0.0151772   20.2278      0.0646174     0.0729317    0.0893236    0.0971898   
0.0127187    0.0646174    20.2904       0.0355141    0.0971898    0.0810913   

Stress Spherical
0            0            0             0            0            0           
0            0            0             0            0            0           
0            0            0             0            0            0           

Inertia
149.962      -56.2638     -56.2994      0.282382     0.235248     0.162102    
-56.2638     150.16       -56.2543      0.235248     0.251812     0.180992    
-56.2994     -56.2543     150.024       0.162102     0.180992     0.493035    

Bond Length
0.61758789    0.0015696513

BB bond length
0.61758789    0.0015696513

Water EE distance
0             0           

PEG EE distance
7.539581      0.21151807  

BBB P2(x)
0.50237942    0.011080702 

BBB first bond length
0.61730221    0.001508169 

BBB second bond length
0.61766628    0.0016677819

BBB <phi**2>/<phi>**2
1.2239979     0.013976483 

Time = 26000
Temperature
1.015423      0.0056494026

Pressure
23.350477     0.095327984 

CM Mom
-6.7835066e-17 1.5560082e-17 
1.4413325e-16  4.2234289e-17 
-8.3983815e-17 1.7585286e-17 
1.8354295e-16  3.2807768e-17 

CM Pos
7.4908593      0.016906787   
7.5006302      0.0081047479  
7.4972411      0.011728578   
12.98389       0.011423729   

Stress
20.2437      -0.0289521   0.0111243     0.11246      0.0520442    0.0723163   
-0.0289521   20.3516      -0.00577445   0.0520442    0.112519     0.0547568   
0.0111243    -0.00577445  20.3309       0.0723163    0.0547568    0.150714    

Stress Spherical
0            0            0             0            0            0           
0            0            0             0            0            0           
0            0            0             0            0            0           

Inertia
149.957      -56.1939     -56.1382      0.22006      0.199609     0.136195    
-56.1939     149.814      -56.2538      0.199609     0.228754     0.140226    
-56.1382     -56.2538     149.867       0.136195     0.140226     0.290453    

Bond Length
0.61806101    0.001811221 

BB bond length
0.61806101    0.001811221 

Water EE distance
0             0           

PEG EE distance
7.5392314     0.13141933  

BBB P2(x)
0.51166598    0.013024092 

BBB first bond length
0.61823525    0.0018665576

BBB second bond length
0.61806294    0.0017192866

BBB <phi**2>/<phi>**2
1.2242168     0.010665588 

Time = 27000
Temperature
1.0098571     0.0044035498

Pressure
23.319173     0.060309586 

CM Mom
-4.5416468e-17 1.7090146e-17 
1.5202945e-16  1.6984232e-17 
-7.5088578e-17 1.1700233e-17 
1.7717974e-16  1.1776034e-17 

CM Pos
7.4908593      0.015235734   
7.4930634      0.018861413   
7.5022856      0.01149732    
12.982439      0.01632829    

Stress
20.3283      -0.0463358   -0.034919     0.109702     0.0985159    0.0500745   
-0.0463358   20.2671      -0.0110057    0.0985159    0.108428     0.0441152   
-0.034919    -0.0110057   20.2869       0.0500745    0.0441152    0.0863116   

Stress Spherical
0            0            0             0            0            0           
0            0            0             0            0            0           
0            0            0             0            0            0           

Inertia
149.928      -56.166      -56.1919      0.257752     0.23513      0.140038    
-56.166      149.912      -56.2131      0.23513      0.291298     0.171232    
-56.1919     -56.2131     149.751       0.140038     0.171232     0.435316    

Bond Length
0.61982523    0.0022847166

BB bond length
0.61982523    0.0022847166

Water EE distance
0             0           

PEG EE distance
7.5613374     0.33853158  

BBB P2(x)
0.50834418    0.0067075612

BBB first bond length
0.61980954    0.0023576688

BBB second bond length
0.62001953    0.0023640258

BBB <phi**2>/<phi>**2
1.2191971     0.0083353395

Time = 28000
Temperature
1.004316      0.010212816 

Pressure
23.310081     0.072345837 

CM Mom
-6.1886698e-17 1.6522417e-17 
1.2548073e-16  1.3400067e-17 
-1.0195576e-16 1.7934893e-17 
1.7449883e-16  1.7167507e-17 

CM Pos
7.5008         0.014833828   
7.4933601      0.011087961   
7.4959057      0.008039298   
12.984656      0.012880635   

Stress
20.2474      -0.00481154  -0.0455458    0.0930385    0.0386186    0.0649005   
-0.00481154  20.3207      0.0291159     0.0386186    0.0855496    0.0503468   
-0.0455458   0.0291159    20.3368       0.0649005    0.0503468    0.0714648   

Stress Spherical
0            0            0             0            0            0           
