Time = 1000
Temperature
    1.078108    0.22902154

Pressure
   23.521846    0.65700471

CM Mom
2.216163e-17   2.3277156e-17 
-2.6228717e-17 2.7515127e-17 
-2.5374894e-17 1.0866617e-16 
9.5893451e-17  7.5727535e-17 

CM Pos
7.4984592      0.016236736   
7.4998656      0.018022835   
7.5004101      0.020022184   
12.989679      0.016247961   

Stress
20.2877      -0.00925979  -0.021449     0.134558     0.0755914    0.0691361   
-0.00925979  20.3037      0.000916634   0.0755914    0.131575     0.064979    
-0.021449    0.000916634  20.2807       0.0691361    0.064979     0.157068    

Stress Spherical
0            0            0             0            0            0           
0            0            0             0            0            0           
0            0            0             0            0            0           

Inertia
149.892      -56.2244     -56.2653      0.583309     0.219875     0.207375    
-56.2244     149.874      -56.2358      0.219875     0.525117     0.195289    
-56.2653     -56.2358     149.857       0.207375     0.195289     0.279338    

Bond Length
0.57377775    0.018864869 

BB bond length
0.57377775    0.018864869 

Water EE distance
0             0           

PEG EE distance
2.3121037     0.2401398   

Time = 2000
Temperature
1.0123338     0.0072893836

Pressure
23.316497     0.087220799 

CM Mom
3.0197517e-17  2.1356451e-17 
-3.1604566e-17 2.2117683e-17 
-2.9290076e-17 2.8849074e-17 
6.1973122e-17  2.6561971e-17 

CM Pos
7.4992897      0.013345065   
7.503825       0.010997823   
7.4995797      0.015906497   
12.991952      0.012871649   

Stress
20.2732      -0.00523036  -0.0121087    0.118865     0.0660463    0.0708004   
-0.00523036  20.2875      0.00318129    0.0660463    0.113815     0.0719593   
-0.0121087   0.00318129   20.2868       0.0708004    0.0719593    0.13338     

Stress Spherical
0            0            0             0            0            0           
0            0            0             0            0            0           
0            0            0             0            0            0           

Inertia
149.999      -56.2737     -56.2569      0.296278     0.147141     0.172303    
-56.2737     149.924      -56.2826      0.147141     0.347817     0.150766    
-56.2569     -56.2826     149.983       0.172303     0.150766     0.316648    

Bond Length
0.56986113    0.002699067 

BB bond length
0.56986113    0.002699067 

Water EE distance
0             0           

PEG EE distance
2.2048625     0.074791626 

Time = 3000
Temperature
1.0085563     0.0080514574

Pressure
23.294884     0.081447289 

CM Mom
4.5034142e-18  1.5817117e-17 
-3.5250535e-17 2.4623433e-17 
-2.603401e-17  2.3614943e-17 
5.4462849e-17  1.9713164e-17 

CM Pos
7.5024039      0.011869166   
7.4985161      0.010800043   
7.4957389      0.01333402    
12.988465      0.011320574   

Stress
20.2765      -0.00282936  0.0131635     0.121809     0.07105      0.0758189   
-0.00282936  20.2577      0.00156726    0.07105      0.104896     0.0764811   
0.0131635    0.00156726   20.2824       0.0758189    0.0764811    0.112228    

Stress Spherical
0            0            0             0            0            0           
0            0            0             0            0            0           
0            0            0             0            0            0           

Inertia
149.882      -56.2459     -56.2288      0.286304     0.148154     0.142201    
-56.2459     149.924      -56.223       0.148154     0.307982     0.147754    
-56.2288     -56.223      149.974       0.142201     0.147754     0.253414    

Bond Length
0.56998336    0.0033422718

BB bond length
0.56998336    0.0033422718

Water EE distance
0             0           

PEG EE distance
2.2271661     0.052205515 

