Time = 500
Temperature
   1.0397904   0.038736965

Pressure
   22.163774    0.14605648

CM Mom
-2.8080725e-17 1.6009815e-17 
1.3046108e-16  2.032563e-17  
-1.9709091e-17 3.3290731e-17 
1.4024523e-16  1.7494591e-17 

CM Pos
7.4959695      0.015808351   
7.4824261      0.026543891   
7.4849495      0.020237105   
12.969247      0.026961889   

Stress
19.0872      0.0255753    0.0567231     0.0800168    0.102969     0.067669    
0.0255753    19.003       0.00847719    0.102969     0.0925434    0.0892529   
0.0567231    0.00847719   19.0439       0.067669     0.0892529    0.0850015   

Stress Spherical
0            0            0             0            0            0           
0            0            0             0            0            0           
0            0            0             0            0            0           

Inertia
148.835      -56.1172     -56.1378      0.228204     0.240798     0.239845    
-56.1172     149.132      -55.9633      0.240798     0.547168     0.274174    
-56.1378     -55.9633     148.95        0.239845     0.274174     0.286624    

Bond Length
0.61338348    0.0041878424

BB bond length
0.61338348    0.0041878424

Water EE distance
0             0           

PEG EE distance
3.7014371     0.18171512  

Time = 1000
Temperature
1.0073886     0.0045640161

Pressure
21.950821     0.03564805  

CM Mom
-2.3700257e-17 2.4090579e-17 
1.0670928e-16  2.0054146e-17 
8.1680733e-18  3.3966031e-17 
1.1768997e-16  1.7337133e-17 

CM Pos
7.5075262      0.0035559068  
7.4753143      0.017191991   
7.4730965      0.009482418   
12.964979      0.012293772   

Stress
18.9299      -0.0135265   0.0233238     0.0768104    0.0900371    0.0546419   
-0.0135265   18.9717      -0.00895909   0.0900371    0.0825545    0.0888261   
0.0233238    -0.00895909  18.8852       0.0546419    0.0888261    0.0498919   

Stress Spherical
0            0            0             0            0            0           
0            0            0             0            0            0           
0            0            0             0            0            0           

Inertia
148.603      -56.119      -56.1164      0.230844     0.0842332    0.144967    
-56.119      149.175      -55.8637      0.0842332    0.19468      0.16709     
-56.1164     -55.8637     149.109       0.144967     0.16709      0.181126    

Bond Length
0.6135822     0.0021846806

BB bond length
0.6135822     0.0021846806

Water EE distance
0             0           

PEG EE distance
3.6152964     0.29620044  

