Time = 1000
Temperature
   1.1958577    0.21741442

Pressure
   24.268086     1.4333091

CM Mom
-2.4143669e-17 3.2164438e-17 
6.4804244e-17  4.1870569e-17 
-3.9746484e-17 2.3485292e-16 
2.1373663e-16  1.3646439e-16 

CM Pos
9.9952098      0.02816165    
9.9992228      0.014540635   
9.9906977      0.052062009   
17.311954      0.051674695   

Stress
20.7014      -0.025183    -0.0404916    0.835946     0.0596311    0.0401428   
-0.025183    20.6833      -0.0112815    0.0596311    0.848472     0.064737    
-0.0404916   -0.0112815   20.6684       0.0401428    0.064737     0.862519    

Stress Spherical
0            0            0             0            0            0           
0            0            0             0            0            0           
0            0            0             0            0            0           

Inertia
266.912      -99.9472     -99.8559      3.32379      0.40527      0.782069    
-99.9472     266.853      -99.8931      0.40527      3.01072      0.661446    
-99.8559     -99.8931     267.038       0.782069     0.661446     3.84468     

Bond Length
0.62494277    0.011003115 

BB bond length
0.62494277    0.011003115 

Water EE distance
0             0           

PEG EE distance
6.8576524     0.33518209  

BBB P2(x)
0.10281354    0.017845103 

BBB first bond length
0.62510115    0.011305999 

BBB second bond length
0.62516874    0.010595371 

BBB <phi**2>/<phi>**2
1.1268809     0.0057457749

Time = 2000
Temperature
1.0189608     0.0057161974

Pressure
23.095522     0.07446277  

CM Mom
-1.3301177e-17 8.8931685e-18 
2.8520608e-17  2.0996606e-17 
-2.4281556e-17 1.2578005e-16 
1.1940229e-16  6.0527687e-17 

CM Pos
10.000132      0.011263437   
10.002977      0.0080386006  
9.9997908      0.017074166   
17.32219       0.014580357   

Stress
20.052       -0.000757234 -0.0299385    0.0653753    0.0457726    0.0552308   
-0.000757234 20.0414      0.000771142   0.0457726    0.0745847    0.0386417   
-0.0299385   0.000771142  20.0325       0.0552308    0.0386417    0.130873    

Stress Spherical
0            0            0             0            0            0           
0            0            0             0            0            0           
0            0            0             0            0            0           

Inertia
266.646      -100.006     -99.9526      1.16509      0.193444     0.265457    
-100.006     266.597      -100.015      0.193444     1.15266      0.164619    
-99.9526     -100.015     266.646       0.265457     0.164619     1.07312     

Bond Length
0.62333626    0.0011917242

BB bond length
0.62333626    0.0011917242

Water EE distance
0             0           

PEG EE distance
6.3593577     0.121031    

BBB P2(x)
0.089461243   0.00347757  

BBB first bond length
0.62353495    0.0012668615

BBB second bond length
0.62351883    0.0011980167

BBB <phi**2>/<phi>**2
1.1232061     0.0025114655

Time = 3000
Temperature
1.0097958     0.0061357979

Pressure
22.97948      0.046092777 

CM Mom
-2.4715938e-18 1.481256e-17  
3.2515551e-17  2.1620261e-17 
-5.6137545e-17 3.6012827e-17 
7.1401577e-17  3.3171974e-17 

CM Pos
10.003302      0.0090732632  
9.9981383      0.018334436   
9.99904        0.019238166   
17.320807      0.0082118649  

Stress
19.9693      -0.00222404  -0.027966     0.0446216    0.0516709    0.0512824   
-0.00222404  19.9648      -0.000558672  0.0516709    0.0788845    0.0313108   
-0.027966    -0.000558672 19.926        0.0512824    0.0313108    0.0579512   

Stress Spherical
0            0            0             0            0            0           
0            0            0             0            0            0           
0            0            0             0            0            0           

Inertia
266.526      -100.007     -100.009      0.333865     0.267888     0.159195    
-100.007     266.653      -99.9317      0.267888     0.566327     0.140601    
-100.009     -99.9317     266.61        0.159195     0.140601     0.623074    

Bond Length
0.62334382    0.000893169 

BB bond length
0.62334382    0.000893169 

Water EE distance
0             0           

PEG EE distance
6.1250211     0.090536126 

BBB P2(x)
0.081331714   0.007481651 

BBB first bond length
0.6234095     0.00096069539

BBB second bond length
0.62346761    0.00084353527

BBB <phi**2>/<phi>**2
1.1197205     0.002558789 

Time = 4000
Temperature
1.0113288     0.0038610347

Pressure
23.012199     0.052445591 

CM Mom
-1.1750678e-17 1.6645537e-17 
2.8678755e-17  2.0793266e-17 
-4.4530252e-17 3.3934918e-17 
6.2494975e-17  2.9981382e-17 

CM Pos
9.9962108      0.0093732022  
10.001308      0.012380764   
10.000875      0.012912093   
17.319591      0.0083433621  

Stress
19.9708      0.0143109    -0.00330287   0.0904257    0.048769     0.0498577   
0.0143109    19.9474      -0.0060172    0.048769     0.0620043    0.0258998   
-0.00330287  -0.0060172   20.0262       0.0498577    0.0258998    0.0609454   

Stress Spherical
0            0            0             0            0            0           
0            0            0             0            0            0           
0            0            0             0            0            0           

Inertia
266.637      -99.9925     -99.9859      0.266801     0.170302     0.156699    
-99.9925     266.544      -100.027      0.170302     0.373971     0.13891     
-99.9859     -100.027     266.557       0.156699     0.13891      0.21653     

Bond Length
0.62362275    0.00122006  

BB bond length
0.62362275    0.00122006  

Water EE distance
0             0           

PEG EE distance
5.7925825     0.15907053  

BBB P2(x)
0.076102625   0.0041551456

BBB first bond length
0.62375076    0.0011625012

BBB second bond length
0.62380427    0.0013492739

BBB <phi**2>/<phi>**2
1.1196587     0.0023712628

Time = 5000
Temperature
1.0099515     0.0055161294

Pressure
22.997294     0.081292114 

CM Mom
-4.936878e-18  2.6855518e-17 
3.7257582e-17  8.8598542e-18 
-2.2100264e-17 2.3389404e-17 
5.3716748e-17  1.9031894e-17 

CM Pos
9.9970451      0.010367389   
9.995719       0.015880334   
10.004713      0.012168428   
17.319064      0.011372154   

Stress
19.9851      0.0239841    0.0127173     0.0915065    0.0598817    0.0573212   
0.0239841    19.9513      -0.0157919    0.0598817    0.105082     0.0417741   
0.0127173    -0.0157919   19.9758       0.0573212    0.0417741    0.107189    

Stress Spherical
0            0            0             0            0            0           
0            0            0             0            0            0           
0            0            0             0            0            0           

Inertia
266.63       -99.9067     -100.033      0.401847     0.191199     0.130736    
-99.9067     266.658      -99.9799      0.191199     0.237919     0.248212    
-100.033     -99.9799     266.464       0.130736     0.248212     0.273985    

Bond Length
0.62344888    0.00094237368

BB bond length
0.62344888    0.00094237368

Water EE distance
0             0           

PEG EE distance
5.6453884     0.14913712  

BBB P2(x)
0.074379863   0.0053366762

BBB first bond length
0.62350851    0.00094199748

BBB second bond length
0.62355227    0.00096126898

BBB <phi**2>/<phi>**2
1.1164889     0.0024001752

Time = 6000
Temperature
1.0109967     0.004077579 

Pressure
22.960053     0.062954338 

CM Mom
2.0425135e-17  2.652133e-17  
1.0372625e-17  1.0888833e-17 
-1.1520926e-17 1.591642e-17  
3.6171127e-17  2.0601912e-17 

CM Pos
9.9956269      0.010651153   
9.9980548      0.010948547   
9.9982892      0.0058211579  
17.315879      0.0066974078  

Stress
19.9198      0.000102177  -0.0247509    0.0970636    0.0435207    0.0486071   
0.000102177  19.9141      0.000963225   0.0435207    0.0757983    0.0553119   
-0.0247509   0.000963225  19.9572       0.0486071    0.0553119    0.0790949   

Stress Spherical
0            0            0             0            0            0           
0            0            0             0            0            0           
0            0            0             0            0            0           

Inertia
266.562      -99.9545     -99.9823      0.196486     0.118197     0.107002    
-99.9545     266.515      -99.9821      0.118197     0.245572     0.121573    
-99.9823     -99.9821     266.499       0.107002     0.121573     0.227352    

Bond Length
0.62358856    0.0012745606

BB bond length
0.62358856    0.0012745606

Water EE distance
0             0           

PEG EE distance
5.3584767     0.074958825 

BBB P2(x)
0.074926782   0.0057651357

BBB first bond length
0.62359881    0.0013188196

BBB second bond length
0.62373058    0.001278444 

BBB <phi**2>/<phi>**2
1.1179165     0.0020306292

Time = 7000
Temperature
1.0070728     0.0036029367

Pressure
22.949828     0.08504919  

CM Mom
-4.6086597e-18 1.6619141e-17 
-1.445052e-17  2.1498012e-17 
6.0799692e-18  1.6436788e-17 
3.4761938e-17  8.1950799e-18 

CM Pos
9.9957103      0.0114068     
9.9961361      0.0076463643  
10.003461      0.012158415   
17.317806      0.010995874   

Stress
19.9115      0.00707683   -0.0247118    0.100084     0.0469381    0.0597343   
0.00707683   19.9758      0.0207906     0.0469381    0.0927504    0.042537    
-0.0247118   0.0207906    19.9083       0.0597343    0.042537     0.0752398   

Stress Spherical
0            0            0             0            0            0           
0            0            0             0            0            0           
0            0            0             0            0            0           

Inertia
266.629      -99.8579     -99.9698      0.214013     0.144017     0.18043     
-99.8579     266.627      -99.972       0.144017     0.455429     0.104361    
-99.9698     -99.972      266.482       0.18043      0.104361     0.278558    

Bond Length
0.62348576    0.0009461133

BB bond length
0.62348576    0.0009461133

Water EE distance
0             0           

PEG EE distance
5.3437907     0.054495517 

BBB P2(x)
0.076678637   0.0057270127

BBB first bond length
0.62362268    0.0009930077

BBB second bond length
0.62359826    0.0010242296

BBB <phi**2>/<phi>**2
1.1197611     0.0019651843

Time = 8000
Temperature
1.0114278     0.0060837898

Pressure
22.983921     0.063376233 

CM Mom
-2.7539426e-17 1.8946142e-17 
-1.4091622e-17 2.2784134e-17 
2.9604481e-18  1.7409681e-17 
4.4278226e-17  1.3651625e-17 

CM Pos
10.002384      0.01033781    
9.9991394      0.0067097767  
10.000875      0.015770391   
17.3219        0.013269849   

Stress
19.929       -0.0117039   0.0164809     0.0960757    0.0468741    0.0517495   
-0.0117039   19.9697      0.0160966     0.0468741    0.0548786    0.0414259   
0.0164809    0.0160966    19.9601       0.0517495    0.0414259    0.0762169   

Stress Spherical
0            0            0             0            0            0           
0            0            0             0            0            0           
0            0            0             0            0            0           

Inertia
266.655      -100.025     -100.036      0.317665     0.139795     0.208945    
-100.025     266.705      -100.003      0.139795     0.391727     0.219584    
-100.036     -100.003     266.671       0.208945     0.219584     0.253046    

Bond Length
0.62393186    0.00094184842

BB bond length
0.62393186    0.00094184842

Water EE distance
0             0           

PEG EE distance
5.4631399     0.084780714 

BBB P2(x)
0.073662098   0.006121634 

BBB first bond length
0.62402269    0.00096973086

BBB second bond length
0.62411702    0.0010069927

BBB <phi**2>/<phi>**2
1.1171476     0.0014128696

Time = 9000
Temperature
1.012431      0.0050546193

Pressure
22.963279     0.048342908 

CM Mom
6.1519225e-18  1.4241009e-17 
-8.7697385e-18 1.1761306e-17 
1.7658579e-17  2.6916395e-17 
3.4655901e-17  1.706386e-17  

CM Pos
10.0013        0.012542721   
9.9994731      0.011517609   
10.000458      0.0096140169  
17.321225      0.01356476    

Stress
19.9425      0.0210269    -0.00225282   0.0804456    0.0346493    0.0352078   
0.0210269    19.9252      -0.0158403    0.0346493    0.052927     0.0386915   
-0.00225282  -0.0158403   19.9201       0.0352078    0.0386915    0.0384949   

Stress Spherical
0            0            0             0            0            0           
0            0            0             0            0            0           
0            0            0             0            0            0           

Inertia
266.664      -99.9887     -100.015      0.413339     0.274178     0.178408    
-99.9887     266.694      -100.012      0.274178     0.322798     0.154621    
-100.015     -100.012     266.674       0.178408     0.154621     0.388557    

Bond Length
0.62386895    0.00087010541

BB bond length
0.62386895    0.00087010541

Water EE distance
0             0           

PEG EE distance
5.2315714     0.085855797 

BBB P2(x)
0.070320915   0.0082867074

BBB first bond length
0.62397176    0.00092845024

BBB second bond length
0.6239868     0.00095501892

BBB <phi**2>/<phi>**2
1.1179674     0.0029012244

Time = 10000
Temperature
1.0124048     0.0043300755

Pressure
23.000436     0.064311793 

CM Mom
-1.1855801e-17 2.0539669e-17 
6.1806922e-18  1.4259324e-17 
1.733861e-17   1.3600749e-17 
3.2504917e-17  1.5264516e-17 

CM Pos
10.009559      0.013850346   
10.002059      0.014064752   
9.9992903      0.014459281   
17.326814      0.01919624    

Stress
19.9513      0.0173026    0.00237335    0.077003     0.055442     0.0341557   
0.0173026    19.9713      0.0316541     0.055442     0.0875055    0.0488688   
0.00237335   0.0316541    19.9769       0.0341557    0.0488688    0.0880048   

Stress Spherical
0            0            0             0            0            0           
0            0            0             0            0            0           
0            0            0             0            0            0           

Inertia
266.683      -100.095     -100.1        0.49838      0.195566     0.264638    
-100.095     266.831      -99.9856      0.195566     0.564307     0.208193    
-100.1       -99.9856     266.879       0.264638     0.208193     0.483719    

Bond Length
0.62389052    0.0009086168

BB bond length
0.62389052    0.0009086168

Water EE distance
0             0           

PEG EE distance
5.3271389     0.050939454 

BBB P2(x)
0.071542532   0.0056919379

BBB first bond length
0.62391649    0.00088521359

BBB second bond length
0.62412494    0.00088773785

BBB <phi**2>/<phi>**2
1.1165699     0.0031237111

Time = 11000
Temperature
1.0121896     0.0070242043

Pressure
23.002586     0.070884149 

CM Mom
-2.7863129e-17 1.1729373e-17 
4.3413962e-18  3.1855435e-17 
3.2289503e-17  2.2853935e-17 
5.7376922e-17  1.4844253e-17 

CM Pos
10.001133      0.0092148275  
9.9992228      0.0097430892  
9.9995406      0.0059599803  
17.320451      0.010096662   

Stress
19.988       0.0116946    -0.00628958   0.0782419    0.0410313    0.0431659   
0.0116946    19.9427      -0.0164886    0.0410313    0.112103     0.0610472   
-0.00628958  -0.0164886   19.9772       0.0431659    0.0610472    0.0777385   

Stress Spherical
0            0            0             0            0            0           
0            0            0             0            0            0           
0            0            0             0            0            0           

Inertia
266.628      -100.032     -100.063      0.31222      0.144274     0.16814     
-100.032     266.661      -99.9467      0.144274     0.2957       0.157829    
-100.063     -99.9467     266.662       0.16814      0.157829     0.318377    

Bond Length
0.62389047    0.00094652342

BB bond length
0.62389047    0.00094652342

Water EE distance
0             0           

PEG EE distance
5.2905456     0.12019203  

BBB P2(x)
0.074944935   0.0072877001

BBB first bond length
0.62402092    0.00097021118

BBB second bond length
0.62393482    0.0009797075

BBB <phi**2>/<phi>**2
1.1175456     0.0026062415

Time = 12000
Temperature
1.0122069     0.0049094639

Pressure
22.998366     0.075986    

CM Mom
-1.8736576e-17 1.1633972e-17 
8.4044726e-18  1.1442754e-17 
1.8174611e-17  1.549944e-17  
3.3315065e-17  1.2191635e-17 

CM Pos
9.9994644      0.010114931   
9.9985554      0.0068162837  
9.9999577      0.0080576248  
17.319345      0.0074706651  

Stress
19.9649      -0.00113138  -0.00302258   0.106708     0.0373343    0.0515188   
-0.00113138  19.9645      0.00466654    0.0373343    0.0757947    0.0316149   
-0.00302258  0.00466654   19.9657       0.0515188    0.0316149    0.101374    

Stress Spherical
0            0            0             0            0            0           
0            0            0             0            0            0           
0            0            0             0            0            0           

Inertia
266.621      -99.9968     -99.981       0.211511     0.131387     0.133374    
-99.9968     266.651      -99.9049      0.131387     0.290788     0.0928876   
-99.981      -99.9049     266.623       0.133374     0.0928876    0.236025    

Bond Length
0.62377914    0.00073636827

BB bond length
0.62377914    0.00073636827

Water EE distance
0             0           

PEG EE distance
5.261955      0.057190468 

BBB P2(x)
0.073874439   0.0086906232

BBB first bond length
0.62397183    0.00066718293

BBB second bond length
0.62370916    0.00087415587

BBB <phi**2>/<phi>**2
1.117995      0.0034814135

Time = 13000
Temperature
1.0085326     0.0043133397

Pressure
22.978235     0.059288661 

CM Mom
-1.6798641e-17 1.6471417e-17 
7.9837511e-18  1.6282723e-17 
2.1658067e-17  2.8013959e-17 
4.2766648e-17  1.7528173e-17 

CM Pos
9.9993809      0.010051086   
10.001225      0.011494322   
10.000625      0.011717691   
17.321227      0.0091081287  

Stress
19.9696      0.00940108   -0.0107227    0.0664924    0.0424026    0.0393728   
0.00940108   19.9595      -0.0289683    0.0424026    0.0700995    0.0435344   
-0.0107227   -0.0289683   19.9387       0.0393728    0.0435344    0.0947601   

Stress Spherical
0            0            0             0            0            0           
0            0            0             0            0            0           
0            0            0             0            0            0           

Inertia
266.691      -99.9838     -100.01       0.230134     0.183822     0.160088    
-99.9838     266.646      -100.022      0.183822     0.240038     0.137955    
-100.01      -100.022     266.684       0.160088     0.137955     0.335173    

Bond Length
0.62401054    0.00091313085

BB bond length
0.62401054    0.00091313085

Water EE distance
0             0           

PEG EE distance
5.2952132     0.058893066 

BBB P2(x)
0.072749225   0.0047666424

BBB first bond length
0.62437088    0.00085826224

BBB second bond length
0.62411891    0.00081950547

BBB <phi**2>/<phi>**2
1.1179099     0.0032889058

Time = 14000
Temperature
1.0114824     0.0081744682

Pressure
22.97529      0.053268645 

CM Mom
-3.024633e-17  2.5899516e-17 
1.5178273e-17  2.0430283e-17 
1.5198534e-17  2.4189528e-17 
5.3874014e-17  1.2129349e-17 

CM Pos
10.000048      0.0095263885  
10.005396      0.011482206   
10.001042      0.0052523822  
17.32426       0.0067090982  

Stress
19.9601      0.0166697    0.00938799    0.0805318    0.0510466    0.0461373   
0.0166697    19.933       0.00018189    0.0510466    0.032744     0.0566573   
0.00938799   0.00018189   19.9393       0.0461373    0.0566573    0.0910453   

Stress Spherical
0            0            0             0            0            0           
0            0            0             0            0            0           
0            0            0             0            0            0           

Inertia
266.778      -100.039     -100.053      0.242658     0.13369      0.135997    
-100.039     266.678      -100.08       0.13369      0.223398     0.17368     
-100.053     -100.08      266.761       0.135997     0.17368      0.20928     

Bond Length
0.62373737    0.00092687435

BB bond length
0.62373737    0.00092687435

Water EE distance
0             0           

PEG EE distance
5.3988405     0.026124747 

BBB P2(x)
0.072627795   0.006977146 

BBB first bond length
0.62382096    0.001003717 

BBB second bond length
0.62375146    0.00093941406

BBB <phi**2>/<phi>**2
1.1171585     0.0027982601

Time = 15000
Temperature
1.00825       0.0033897408

Pressure
22.95738      0.060124709 

CM Mom
-5.2462599e-17 3.4163221e-17 
1.3071945e-17  9.5846112e-18 
5.729696e-18   1.2103536e-17 
6.2135743e-17  2.2375546e-17 

CM Pos
10.002968      0.0075474255  
9.9969703      0.013544733   
10.004045      0.011547481   
17.322815      0.013112666   

Stress
19.9177      0.00628352   -0.0269934    0.122114     0.0537519    0.0669051   
0.00628352   19.9457      0.00319411    0.0537519    0.0738306    0.0494436   
-0.0269934   0.00319411   19.9442       0.0669051    0.0494436    0.0802295   

Stress Spherical
0            0            0             0            0            0           
0            0            0             0            0            0           
0            0            0             0            0            0           

Inertia
266.68       -100.014     -100.07       0.32381      0.236465     0.160726    
-100.014     266.8        -99.9569      0.236465     0.299466     0.249835    
-100.07      -99.9569     266.672       0.160726     0.249835     0.355752    

Bond Length
0.62333224    0.001226121 

BB bond length
0.62333224    0.001226121 

Water EE distance
0             0           

PEG EE distance
5.4654972     0.063635777 

BBB P2(x)
0.076293812   0.0073564836

BBB first bond length
0.62342999    0.0012098675

BBB second bond length
0.62333037    0.0012969979

BBB <phi**2>/<phi>**2
1.1172655     0.0028376052

Time = 16000
Temperature
1.0086011     0.0052790693

Pressure
22.965499     0.039031768 

CM Mom
-3.8907994e-17 2.6475658e-17 
5.1904802e-18  1.8058737e-17 
2.3063964e-17  2.4282729e-17 
5.9039258e-17  1.4276374e-17 

CM Pos
10.001383      0.008806636   
9.9977212      0.011914121   
9.9993737      0.010467598   
17.319636      0.010501915   

Stress
19.9255      -0.0198978   0.0367956     0.0472881    0.0565269    0.0456076   
-0.0198978   19.9463      0.0194018     0.0565269    0.0489167    0.0491774   
0.0367956    0.0194018    19.9572       0.0456076    0.0491774    0.0655458   

Stress Spherical
0            0            0             0            0            0           
0            0            0             0            0            0           
0            0            0             0            0            0           

Inertia
266.603      -99.9683     -99.9683      0.404239     0.123595     0.175222    
-99.9683     266.676      -99.964       0.123595     0.270115     0.180763    
-99.9683     -99.964      266.652       0.175222     0.180763     0.23455     

Bond Length
0.62334172    0.0012238098

BB bond length
0.62334172    0.0012238098

Water EE distance
0             0           

PEG EE distance
5.6752682     0.063249245 

BBB P2(x)
0.081007911   0.0080240366

BBB first bond length
0.62339862    0.0010618373

BBB second bond length
0.62352209    0.0012811341

BBB <phi**2>/<phi>**2
1.1196955     0.0024556662

Time = 17000
Temperature
1.0083512     0.0042481909

Pressure
22.987478     0.035117602 

CM Mom
-3.2242268e-17 1.8697685e-17 
1.3460424e-17  9.7208543e-18 
2.2760637e-17  2.5937354e-17 
5.1312702e-17  1.4921286e-17 

CM Pos
10.000966      0.011435136   
9.9973875      0.0047309408  
9.9989566      0.013012227   
17.318963      0.0069835743  

Stress
19.9602      0.00497526   -0.00329207   0.122766     0.0343706    0.0576492   
0.00497526   19.9903      0.00928553    0.0343706    0.0870106    0.037404    
-0.00329207  0.00928553   19.9466       0.0576492    0.037404     0.0580644   

Stress Spherical
0            0            0             0            0            0           
0            0            0             0            0            0           
0            0            0             0            0            0           

Inertia
266.578      -99.967      -99.9757      0.219407     0.105811     0.168708    
-99.967      266.67       -99.9182      0.105811     0.310362     0.117643    
-99.9757     -99.9182     266.631       0.168708     0.117643     0.259853    

Bond Length
0.62361239    0.00094803769

BB bond length
0.62361239    0.00094803769

Water EE distance
0             0           

PEG EE distance
5.8146772     0.043176215 

BBB P2(x)
0.077216524   0.0068437178

BBB first bond length
0.62374763    0.0010580174

BBB second bond length
0.6238203     0.00095470005

BBB <phi**2>/<phi>**2
1.1189556     0.0031313107

Time = 18000
Temperature
1.0140131     0.0059395667

Pressure
22.99891      0.057401454 

CM Mom
-2.9530965e-17 2.8556959e-17 
3.8048027e-17  1.2083424e-17 
5.1076441e-17  2.3108594e-17 
7.730158e-17   2.1178174e-17 

CM Pos
10.004803      0.01379925    
10.001058      0.013948484   
9.999624       0.01106772    
17.32369       0.0049176851  

Stress
19.9312      -0.00281131  -0.0192172    0.0774811    0.0234909    0.0491257   
-0.00281131  19.9526      0.0273234     0.0234909    0.0691594    0.0355794   
-0.0192172   0.0273234    19.9966       0.0491257    0.0355794    0.0817287   

Stress Spherical
0            0            0             0            0            0           
0            0            0             0            0            0           
0            0            0             0            0            0           

Inertia
266.656      -100.059     -100.059      0.314488     0.0852593    0.158551    
-100.059     266.751      -100.027      0.0852593    0.301815     0.246088    
-100.059     -100.027     266.769       0.158551     0.246088     0.21274     

Bond Length
0.62352501    0.00090219678

BB bond length
0.62352501    0.00090219678

Water EE distance
0             0           

PEG EE distance
5.6532669     0.035042527 

BBB P2(x)
0.076609698   0.0072977921

BBB first bond length
0.6236548     0.00091284059

BBB second bond length
0.62375616    0.00097645818

BBB <phi**2>/<phi>**2
1.1183431     0.0036284958

Time = 19000
Temperature
1.0097466     0.0035369617

Pressure
22.971554     0.037604246 

CM Mom
-5.3304505e-18 2.2857732e-17 
3.6518773e-17  1.4062976e-17 
5.8900078e-17  1.2736616e-17 
7.3806398e-17  1.6319737e-17 

CM Pos
10.003802      0.011293056   
9.9966366      0.00913442    
10.000709      0.010819383   
17.321178      0.0098379057  

Stress
19.9668      -0.0153782   0.00323734    0.078932     0.0401702    0.0552448   
-0.0153782   19.9249      0.0331439     0.0401702    0.0650936    0.0275478   
0.00323734   0.0331439    19.9451       0.0552448    0.0275478    0.0533445   

Stress Spherical
0            0            0             0            0            0           
0            0            0             0            0            0           
0            0            0             0            0            0           

Inertia
266.604      -100.041     -100.058      0.346597     0.100707     0.148596    
-100.041     266.755      -99.9906      0.100707     0.311175     0.208902    
-100.058     -99.9906     266.665       0.148596     0.208902     0.211483    

Bond Length
0.62352428    0.0014233291

BB bond length
0.62352428    0.0014233291

Water EE distance
0             0           

PEG EE distance
5.6395811     0.086978581 

BBB P2(x)
0.079718912   0.0037613181

BBB first bond length
0.62368584    0.0013590861

BBB second bond length
0.62362002    0.0013830744

BBB <phi**2>/<phi>**2
1.1196796     0.001560491 

Time = 20000
Temperature
1.0146001     0.0068304768

Pressure
22.999602     0.055665741 

CM Mom
-2.4600744e-18 1.0646147e-17 
4.7783607e-17  1.4802614e-17 
5.7617942e-17  2.3595483e-17 
7.8600906e-17  1.7895657e-17 

CM Pos
9.9992141      0.011016984   
9.9950516      0.0086294156  
9.996287       0.017594493   
17.315066      0.008772649   

Stress
19.9453      0.0202956    -0.0255755    0.0590804    0.0443338    0.0361323   
0.0202956    19.9634      -0.00635337   0.0443338    0.0849192    0.0418029   
-0.0255755   -0.00635337  19.9686       0.0361323    0.0418029    0.0557523   

Stress Spherical
0            0            0             0            0            0           
0            0            0             0            0            0           
0            0            0             0            0            0           

Inertia
266.471      -99.9229     -99.9747      0.362595     0.178942     0.152738    
-99.9229     266.561      -99.9091      0.178942     0.283208     0.171956    
-99.9747     -99.9091     266.54        0.152738     0.171956     0.32334     

Bond Length
0.62322665    0.0010112642

BB bond length
0.62322665    0.0010112642

Water EE distance
0             0           

PEG EE distance
5.4738398     0.055862482 

BBB P2(x)
0.071931125   0.0059473381

BBB first bond length
0.62336541    0.0010691476

BBB second bond length
0.62327476    0.0011142216

BBB <phi**2>/<phi>**2
1.1164949     0.0018112971

Time = 21000
Temperature
1.0128551     0.0039650432

Pressure
22.993687     0.052192503 

CM Mom
-4.9470082e-18 1.5484823e-17 
7.2404264e-17  1.9184003e-17 
3.2953813e-17  2.4162809e-17 
8.5392132e-17  1.5894492e-17 

CM Pos
10.005971      0.0083377813  
9.9987222      0.011566751   
10.005047      0.010779428   
17.326141      0.0061511147  

Stress
19.9457      -0.0210431   -0.0143309    0.0790105    0.0430713    0.0580515   
-0.0210431   19.9714      -0.0026177    0.0430713    0.0577866    0.0474194   
-0.0143309   -0.0026177   19.9581       0.0580515    0.0474194    0.076343    

Stress Spherical
0            0            0             0            0            0           
0            0            0             0            0            0           
0            0            0             0            0            0           

Inertia
266.741      -100.023     -100.096      0.224106     0.148843     0.0992879   
-100.023     266.878      -100.03       0.148843     0.150517     0.129606    
-100.096     -100.03      266.743       0.0992879    0.129606     0.328302    

Bond Length
0.62302681    0.00081929314

BB bond length
0.62302681    0.00081929314

Water EE distance
0             0           

PEG EE distance
5.2994822     0.11449664  

BBB P2(x)
0.069749904   0.0067712833

BBB first bond length
0.6230921     0.00073220734

BBB second bond length
0.62307421    0.00084373513

BBB <phi**2>/<phi>**2
1.1169217     0.0027846921

Time = 22000
Temperature
1.0108853     0.0045078265

Pressure
22.991952     0.06257313  

CM Mom
-1.1294675e-17 2.7680172e-17 
9.9002798e-17  1.3055015e-17 
2.4340832e-17  1.9410372e-17 
1.0818826e-16  1.1414412e-17 

CM Pos
10.000382      0.014368266   
9.9962195      0.01225051    
10.000375      0.0076020928  
17.318771      0.011974664   

Stress
19.9661      -0.00602648  0.0415924     0.0931643    0.047808     0.0488976   
-0.00602648  19.9739      0.00636967    0.047808     0.0977644    0.0835047   
0.0415924    0.00636967   19.9477       0.0488976    0.0835047    0.0910796   

Stress Spherical
0            0            0             0            0            0           
0            0            0             0            0            0           
0            0            0             0            0            0           

Inertia
266.575      -99.9614     -99.9983      0.292475     0.171373     0.225853    
-99.9614     266.684      -99.9431      0.171373     0.356685     0.159345    
-99.9983     -99.9431     266.601       0.225853     0.159345     0.363721    

Bond Length
0.62317916    0.001076013 

BB bond length
0.62317916    0.001076013 

Water EE distance
0             0           

PEG EE distance
5.311922      0.064936772 

BBB P2(x)
0.074810027   0.0067100713

BBB first bond length
0.62322706    0.0011140742

BBB second bond length
0.62331892    0.0011220617

BBB <phi**2>/<phi>**2
1.1173085     0.0027175072

Time = 23000
Temperature
1.0129057     0.0036068294

Pressure
22.982416     0.070916255 

CM Mom
-3.190884e-17  1.7837243e-17 
1.1406354e-16  2.6960749e-17 
3.1841459e-17  1.3341749e-17 
1.2506646e-16  2.4979519e-17 

CM Pos
10.002301      0.0097719757  
10.001559      0.010304095   
10.004963      0.0088637445  
17.325608      0.0075992638  

Stress
19.9562      0.00516973   0.0250118     0.0689311    0.060325     0.0364428   
0.00516973   19.9339      0.000705349   0.060325     0.0711409    0.0349609   
0.0250118    0.000705349  19.9509       0.0364428    0.0349609    0.112971    

Stress Spherical
0            0            0             0            0            0           
0            0            0             0            0            0           
0            0            0             0            0            0           

Inertia
266.784      -100.074     -100.092      0.258875     0.161359     0.135897    
-100.074     266.807      -100.114      0.161359     0.258607     0.127558    
-100.092     -100.114     266.753       0.135897     0.127558     0.193692    

Bond Length
0.62402712    0.00060352996

BB bond length
0.62402712    0.00060352996

Water EE distance
0             0           

PEG EE distance
5.2733876     0.029978413 

BBB P2(x)
0.071286564   0.006011291 

BBB first bond length
0.62410684    0.00060558661

BBB second bond length
0.62415121    0.00067603194

BBB <phi**2>/<phi>**2
1.1167966     0.0024704843

Time = 24000
Temperature
1.0099811     0.0034362192

Pressure
23.012927     0.037442673 

CM Mom
-4.0283211e-17 1.3708208e-17 
1.3970638e-16  1.0160447e-17 
4.6196582e-17  1.098599e-17  
1.5361249e-16  9.4751808e-18 

CM Pos
10.000215      0.0081721177  
9.9997233      0.0087987299  
9.9999577      0.0057971975  
17.320452      0.0067899115  

Stress
20.0148      0.0453504    -0.017266     0.0988244    0.0511754    0.0519306   
0.0453504    19.9936      0.0108204     0.0511754    0.0389038    0.0365265   
-0.017266    0.0108204    19.9503       0.0519306    0.0365265    0.0627198   

Stress Spherical
0            0            0             0            0            0           
0            0            0             0            0            0           
0            0            0             0            0            0           

Inertia
266.661      -99.9249     -99.9885      0.238838     0.172946     0.119056    
-99.9249     266.676      -100.01       0.172946     0.198736     0.102168    
-99.9885     -100.01      266.679       0.119056     0.102168     0.230134    

Bond Length
0.62280096    0.00096090117

BB bond length
0.62280096    0.00096090117

Water EE distance
0             0           

PEG EE distance
5.3488071     0.081560873 

BBB P2(x)
0.073185776   0.005657075 

BBB first bond length
0.62304125    0.001009342 

BBB second bond length
0.62300175    0.00099348785

BBB <phi**2>/<phi>**2
1.1170506     0.002634442 

Time = 25000
Temperature
1.0103919     0.0058908882

Pressure
22.970321     0.077247634 

CM Mom
-2.6744756e-17 2.1224985e-17 
1.3046325e-16  1.9313295e-17 
6.3403673e-17  6.3137671e-18 
1.4893398e-16  2.0928522e-17 

CM Pos
9.9992975      0.0080920998  
9.9994731      0.0064084397  
10.005881      0.009834095   
17.323197      0.0097752312  

Stress
19.9707      -0.014711    -0.0201861    0.132667     0.0414078    0.0460181   
-0.014711    19.9463      -0.00848119   0.0414078    0.0723411    0.0314268   
-0.0201861   -0.00848119  19.9103       0.0460181    0.0314268    0.0918132   

Stress Spherical
0            0            0             0            0            0           
0            0            0             0            0            0           
0            0            0             0            0            0           

Inertia
266.77       -100.031     -100.045      0.245078     0.114654     0.163888    
-100.031     266.771      -100.056      0.114654     0.319976     0.1547      
-100.045     -100.056     266.644       0.163888     0.1547       0.239301    

Bond Length
0.6239889     0.00085204779

BB bond length
0.6239889     0.00085204779

Water EE distance
0             0           

PEG EE distance
5.4252039     0.029677463 

BBB P2(x)
0.074885177   0.0042772354

BBB first bond length
0.62412039    0.00088760853

BBB second bond length
0.62410376    0.00084252656

BBB <phi**2>/<phi>**2
1.1190637     0.0017264901

Time = 26000
Temperature
1.0099901     0.0042498132

Pressure
22.986945     0.073091321 

CM Mom
-2.7303827e-17 1.0702992e-17 
1.3602223e-16  1.1971164e-17 
8.2567454e-17  1.5850531e-17 
1.6226686e-16  1.5604486e-17 

CM Pos
9.9959606      0.0085276008  
10.001225      0.014344027   
10.001292      0.010774585   
17.319637      0.012547638   

Stress
19.9565      -0.00370896  -0.0282713    0.106849     0.0287184    0.0571378   
-0.00370896  19.961       0.00336275    0.0287184    0.0644375    0.0743677   
-0.0282713   0.00336275   19.9633       0.0571378    0.0743677    0.0937418   

Stress Spherical
0            0            0             0            0            0           
0            0            0             0            0            0           
0            0            0             0            0            0           

Inertia
266.722      -99.9988     -99.9956      0.364682     0.210078     0.131251    
-99.9988     266.609      -100.049      0.210078     0.262253     0.197222    
-99.9956     -100.049     266.6         0.131251     0.197222     0.328283    

Bond Length
0.623971      0.00077013321

BB bond length
0.623971      0.00077013321

Water EE distance
0             0           

PEG EE distance
5.4482938     0.040497129 

BBB P2(x)
0.073110515   0.0044165143

BBB first bond length
0.62414318    0.00077825285

BBB second bond length
0.62403406    0.0008660336

BBB <phi**2>/<phi>**2
1.1170503     0.0024398785

Time = 27000
Temperature
1.0111843     0.0046542442

Pressure
22.974402     0.053478375 

CM Mom
-6.0554801e-17 1.5025322e-17 
1.396452e-16   1.1742022e-17 
8.8386875e-17  2.5947258e-17 
1.785586e-16   1.1559647e-17 

CM Pos
9.9997146      0.010272979   
10.003644      0.01074224    
10.002294      0.0099442321  
17.323776      0.012878626   

Stress
19.9331      0.00812164   0.0141457     0.0850795    0.0535382    0.0636649   
0.00812164   19.9471      -0.0159285    0.0535382    0.0600771    0.0457542   
0.0141457    -0.0159285   19.9522       0.0636649    0.0457542    0.0507165   

Stress Spherical
0            0            0             0            0            0           
0            0            0             0            0            0           
0            0            0             0            0            0           

Inertia
266.774      -100.041     -100.003      0.36404      0.163807     0.207032    
-100.041     266.695      -100.034      0.163807     0.319046     0.191158    
-100.003     -100.034     266.71        0.207032     0.191158     0.301343    

Bond Length
0.62400314    0.0010928189

BB bond length
0.62400314    0.0010928189

Water EE distance
0             0           

PEG EE distance
5.4225216     0.048232242 

BBB P2(x)
0.074347608   0.0056597915

BBB first bond length
0.62399356    0.0011462283

BBB second bond length
0.62421471    0.0011281801

BBB <phi**2>/<phi>**2
1.1180886     0.0028190993

Time = 28000
Temperature
1.0133994     0.003117064 

Pressure
22.998854     0.053068735 

CM Mom
-6.242307e-17  1.790563e-17  
1.1766337e-16  1.4281223e-17 
8.8326267e-17  1.4015347e-17 
1.6163491e-16  1.1746864e-17 

CM Pos
9.9951263      0.0090039654  
9.9992228      0.0070095776  
9.9997074      0.012847251   
17.317082      0.010527483   

Stress
19.9474      -0.0054044   -0.0271694    0.0717653    0.0426826    0.040636    
-0.0054044   19.9546      0.00642053    0.0426826    0.0640381    0.0517197   
-0.0271694   0.00642053   19.9838       0.040636     0.0517197    0.0592221   

Stress Spherical
0            0            0             0            0            0           
