Time = 1000
Temperature
   1.1187298    0.15844056

Pressure
   23.664639    0.80759419

CM Mom
-2.3373275e-17 2.1202306e-17 
4.5838296e-18  1.4379501e-17 
9.2981178e-17  4.1866218e-16 
3.3116313e-16  2.7473285e-16 

CM Pos
7.4974039      0.010024342   
7.4998887      0.013091351   
7.5097068      0.0097797549  
12.994435      0.010936461   

Stress
20.2771      0.014483     -0.028808     0.312367     0.0755596    0.0589987   
0.014483     20.368       -0.0330418    0.0755596    0.377371     0.073049    
-0.028808    -0.0330418   20.2961       0.0589987    0.073049     0.400609    

Stress Spherical
0            0            0             0            0            0           
0            0            0             0            0            0           
0            0            0             0            0            0           

Inertia
150.294      -56.2111     -56.2533      1.32679      0.111353     0.110585    
-56.2111     150.213      -56.323       0.111353     1.32417      0.139189    
-56.2533     -56.323      150.069       0.110585     0.139189     1.31762     

Bond Length
0.62024754    0.0072646041

BB bond length
0.62024754    0.0072646041

Water EE distance
0             0           

PEG EE distance
6.849033      0.3016616   

BBB P2(x)
0.48080609    0.07089463  

BBB first bond length
0.62028818    0.0071300082

BBB second bond length
0.62042448    0.0069901755

BBB <phi**2>/<phi>**2
1.219229      0.017441436 

Time = 2000
Temperature
1.0076255     0.0091088813

Pressure
23.185006     0.087395409 

CM Mom
-4.1835579e-17 2.4802663e-17 
1.8363873e-17  1.2549107e-17 
-8.7862912e-18 1.243823e-17  
5.1975555e-17  1.9762335e-17 

CM Pos
7.4932492      0.0065085702  
7.4941017      0.01870151    
7.4947202      0.016064433   
12.980044      0.016873859   

Stress
20.1472      -0.0396985   0.0129746     0.103528     0.0856153    0.0612328   
-0.0396985   20.2358      -0.0167483    0.0856153    0.102798     0.072666    
0.0129746    -0.0167483   20.1177       0.0612328    0.072666     0.10924     

Stress Spherical
0            0            0             0            0            0           
0            0            0             0            0            0           
0            0            0             0            0            0           

Inertia
149.736      -56.1355     -56.1398      0.523801     0.141212     0.157365    
-56.1355     149.699      -56.141       0.141212     0.302355     0.237891    
-56.1398     -56.141      149.681       0.157365     0.237891     0.450163    

Bond Length
0.61841274    0.0017563068

BB bond length
0.61841274    0.0017563068

Water EE distance
0             0           

PEG EE distance
7.3183124     0.061232806 

BBB P2(x)
0.52187723    0.010454104 

BBB first bond length
0.61832602    0.0017060016

BBB second bond length
0.61820981    0.0017722891

BBB <phi**2>/<phi>**2
1.2262879     0.0063053462

Time = 3000
Temperature
1.010195      0.010954738 

Pressure
23.183531     0.056096378 

CM Mom
-5.6482006e-17 2.3577312e-17 
2.0402503e-17  2.3968171e-17 
8.3239271e-18  2.9796195e-17 
7.1993516e-17  2.2602582e-17 

CM Pos
7.4974039      0.010496432   
7.4970694      0.011669518   
7.4982814      0.012018993   
12.986206      0.013348632   

Stress
20.1764      -0.0247899   -0.0217125    0.0671045    0.0737358    0.0769336   
-0.0247899   20.1906      0.00469294    0.0737358    0.0528156    0.0475349   
-0.0217125   0.00469294   20.1062       0.0769336    0.0475349    0.117071    

Stress Spherical
0            0            0             0            0            0           
0            0            0             0            0            0           
0            0            0             0            0            0           

Inertia
149.876      -56.1695     -56.1946      0.355139     0.106962     0.154361    
-56.1695     149.884      -56.2444      0.106962     0.305083     0.139474    
-56.1946     -56.2444     149.847       0.154361     0.139474     0.319168    

Bond Length
0.61767255    0.0029827817

BB bond length
0.61767255    0.0029827817

Water EE distance
0             0           

PEG EE distance
7.508232      0.23102239  

BBB P2(x)
0.51655851    0.009532257 

BBB first bond length
0.61787307    0.0031328013

BBB second bond length
0.61766837    0.0030061708

BBB <phi**2>/<phi>**2
1.2312117     0.011408204 

Time = 4000
Temperature
1.0137205     0.0074263371

Pressure
23.175789     0.063516677 

CM Mom
-4.5667518e-17 1.4205625e-17 
1.5890335e-17  2.8633782e-17 
2.4908083e-17  1.1508991e-17 
6.293961e-17   1.2296063e-17 

CM Pos
7.4977007      0.013521558   
7.5040434      0.016373268   
7.4985782      0.019180428   
12.99059       0.015790245   

Stress
20.1293      -0.0567853   -0.027312     0.0961575    0.0493897    0.0818686   
-0.0567853   20.1489      -0.0120383    0.0493897    0.0864043    0.0684724   
-0.027312    -0.0120383   20.1401       0.0818686    0.0684724    0.118149    

Stress Spherical
0            0            0             0            0            0           
0            0            0             0            0            0           
0            0            0             0            0            0           

Inertia
150.006      -56.2494     -56.2195      0.470456     0.12772      0.169449    
-56.2494     149.899      -56.2488      0.12772      0.31765      0.274139    
-56.2195     -56.2488     149.991       0.169449     0.274139     0.24325     

Bond Length
0.61961629    0.0016534929

BB bond length
0.61961629    0.0016534929

Water EE distance
0             0           

PEG EE distance
7.7809861     0.088762048 

BBB P2(x)
0.51807705    0.011210205 

BBB first bond length
0.61941742    0.0016784713

BBB second bond length
0.61964795    0.0018314185

BBB <phi**2>/<phi>**2
1.2238866     0.010247184 

Time = 5000
Temperature
1.0118345     0.0051315762

Pressure
23.144235     0.098600149 

CM Mom
-5.1968739e-17 8.6756261e-18 
5.4944179e-18  1.3850718e-17 
1.4848643e-17  6.9282309e-18 
5.6400383e-17  9.248068e-18  

CM Pos
7.5027457      0.010301645   
7.5087916      0.011630775   
7.501249       0.015843624   
12.997774      0.015279724   

Stress
20.1459      -0.00883416  0.0131395     0.147204     0.0670495    0.0714448   
-0.00883416  20.0711      -0.0432348    0.0670495    0.156713     0.0739269   
0.0131395    -0.0432348   20.1236       0.0714448    0.0739269    0.14435     

Stress Spherical
0            0            0             0            0            0           
0            0            0             0            0            0           
0            0            0             0            0            0           

Inertia
150.152      -56.346      -56.2586      0.335128     0.165479     0.174026    
-56.346      150.059      -56.2709      0.165479     0.332339     0.156613    
-56.2586     -56.2709     150.15        0.174026     0.156613     0.290279    

Bond Length
0.61779169    0.0023933256

BB bond length
0.61779169    0.0023933256

Water EE distance
0             0           

PEG EE distance
7.5483462     0.16647178  

BBB P2(x)
0.51928211    0.011393413 

BBB first bond length
0.61785491    0.0026739476

BBB second bond length
0.61768089    0.0023947545

BBB <phi**2>/<phi>**2
1.2229196     0.0061893648

Time = 6000
Temperature
1.0098623     0.00491956  

Pressure
23.178156     0.10465899  

CM Mom
-3.8947725e-17 1.2834467e-17 
1.214255e-17   1.8712777e-17 
5.4944179e-18  1.6063811e-17 
4.8427506e-17  1.105756e-17  

CM Pos
7.5014102      0.0090367336  
7.5006306      0.015526383   
7.5039199      0.01530932    
12.993841      0.0095210209  

Stress
20.1236      0.0418467    -0.0194268    0.133124     0.0650281    0.064364    
0.0418467    20.1878      0.0255003     0.0650281    0.0939824    0.0460579   
-0.0194268   0.0255003    20.1486       0.064364     0.0460579    0.113347    

Stress Spherical
0            0            0             0            0            0           
0            0            0             0            0            0           
0            0            0             0            0            0           

Inertia
150.045      -56.2648     -56.2985      0.276831     0.147445     0.097877    
-56.2648     150.05       -56.3129      0.147445     0.270828     0.169553    
-56.2985     -56.3129     150.004       0.097877     0.169553     0.227336    

Bond Length
0.6175419     0.0021784855

BB bond length
0.6175419     0.0021784855

Water EE distance
0             0           

PEG EE distance
7.1445789     0.07492463  

BBB P2(x)
0.51696467    0.0080676568

BBB first bond length
0.61741809    0.0023353736

BBB second bond length
0.61743745    0.0021892911

BBB <phi**2>/<phi>**2
1.2269492     0.0063095088

Time = 7000
Temperature
1.0067596     0.004438696 

Pressure
23.159393     0.061174741 

CM Mom
-1.1122548e-17 1.2662609e-17 
1.5343405e-17  3.1480568e-17 
8.4845464e-18  1.5076717e-17 
3.8993745e-17  1.7008283e-17 

CM Pos
7.4988877      0.0197321     
7.4991468      0.013279209   
7.5057005      0.01269604    
12.992562      0.010818676   

Stress
20.1569      -0.000566807 -0.00989774   0.0989158    0.0889196    0.0786726   
-0.000566807 20.1585      -0.00100958   0.0889196    0.0981402    0.0525175   
-0.00989774  -0.00100958  20.1163       0.0786726    0.0525175    0.115322    

Stress Spherical
0            0            0             0            0            0           
0            0            0             0            0            0           
0            0            0             0            0            0           

Inertia
150.048      -56.2315     -56.2577      0.140571     0.260285     0.134608    
-56.2315     150.064      -56.2854      0.260285     0.296255     0.115413    
-56.2577     -56.2854     149.949       0.134608     0.115413     0.378996    

Bond Length
0.61766865    0.0015032762

BB bond length
0.61766865    0.0015032762

Water EE distance
0             0           

PEG EE distance
7.0131737     0.27304978  

BBB P2(x)
0.49974657    0.011455332 

BBB first bond length
0.61768445    0.0015280052

BBB second bond length
0.61780564    0.0016334373

BBB <phi**2>/<phi>**2
1.2226274     0.0087893065

Time = 8000
Temperature
1.0057384     0.0036683297

Pressure
23.11727      0.084258547 

CM Mom
-1.1937588e-17 1.9428257e-17 
3.9875611e-17  2.3558126e-17 
7.9759184e-18  2.1364664e-17 
5.3361318e-17  1.8375167e-17 

CM Pos
7.4988877      0.013124945   
7.4935082      0.013460357   
7.4953137      0.012868291   
12.983298      0.014040683   

Stress
20.102       -0.0625953   0.0141747     0.127292     0.0732788    0.0743175   
-0.0625953   20.1501      -0.00642217   0.0732788    0.0691777    0.0534873   
0.0141747    -0.00642217  20.0624       0.0743175    0.0534873    0.106511    

Stress Spherical
0            0            0             0            0            0           
0            0            0             0            0            0           
0            0            0             0            0            0           

Inertia
149.812      -56.174      -56.1988      0.320998     0.150556     0.122119    
-56.174      149.906      -56.1811      0.150556     0.236755     0.159211    
-56.1988     -56.1811     149.891       0.122119     0.159211     0.309604    

Bond Length
0.61696956    0.0028713337

BB bond length
0.61696956    0.0028713337

Water EE distance
0             0           

PEG EE distance
7.4395796     0.24696444  

BBB P2(x)
0.5033214     0.0074276398

BBB first bond length
0.61704087    0.0028733796

BBB second bond length
0.61704394    0.0029096129

BBB <phi**2>/<phi>**2
1.2252786     0.010013985 

Time = 9000
Temperature
1.0122698     0.006972971 

Pressure
23.062975     0.12714917  

CM Mom
-7.6295572e-18 1.3954526e-17 
3.6977736e-17  1.9369163e-17 
1.9338572e-17  1.2949134e-17 
4.6281846e-17  1.9877312e-17 

CM Pos
7.4941395      0.011977705   
7.4979597      0.018443071   
7.4994684      0.0099150246  
12.985525      0.01646379    

Stress
20.01        -0.0372388   -0.0258732    0.146635     0.0481072    0.0550187   
-0.0372388   20.0576      -0.0226828    0.0481072    0.145858     0.059563    
-0.0258732   -0.0226828   20.0254       0.0550187    0.059563     0.173316    

Stress Spherical
0            0            0             0            0            0           
0            0            0             0            0            0           
0            0            0             0            0            0           

Inertia
149.955      -56.1711     -56.2349      0.406228     0.215899     0.128153    
-56.1711     149.883      -56.1864      0.215899     0.242403     0.218319    
-56.2349     -56.1864     149.887       0.128153     0.218319     0.382368    

Bond Length
0.6185869     0.003114227 

BB bond length
0.6185869     0.003114227 

Water EE distance
0             0           

PEG EE distance
7.1075057     0.1061657   

BBB P2(x)
0.50630194    0.0054403419

BBB first bond length
0.61861081    0.0034157128

BBB second bond length
0.618582      0.0031083197

BBB <phi**2>/<phi>**2
1.2270626     0.0091724763

Time = 10000
Temperature
1.0084736     0.0085784673

Pressure
23.143017     0.099801135 

CM Mom
-1.73495e-17   1.0205021e-17 
4.845598e-17   2.6844758e-17 
1.3778259e-17  1.3756489e-17 
5.7636769e-17  2.3040289e-17 

CM Pos
7.5043779      0.011053261   
7.5035982      0.015426799   
7.5036232      0.019095294   
12.9971        0.012009043   

Stress
20.0763      -0.0206768   -0.0406892    0.12504      0.0603051    0.0895769   
-0.0206768   20.1648      -0.00766204   0.0603051    0.140423     0.0765343   
-0.0406892   -0.00766204  20.126        0.0895769    0.0765343    0.0621592   

Stress Spherical
0            0            0             0            0            0           
0            0            0             0            0            0           
0            0            0             0            0            0           

Inertia
150.098      -56.2604     -56.3136      0.379636     0.154033     0.136286    
-56.2604     150.123      -56.3366      0.154033     0.210746     0.23636     
-56.3136     -56.3366     150.115       0.136286     0.23636      0.255368    

Bond Length
0.61783787    0.0015677763

BB bond length
0.61783787    0.0015677763

Water EE distance
0             0           

PEG EE distance
6.68924       0.20091188  

BBB P2(x)
0.5033182     0.011204385 

BBB first bond length
0.61768766    0.0014557841

BBB second bond length
0.61780589    0.0014682248

BBB <phi**2>/<phi>**2
1.2234897     0.0080588234

Time = 11000
Temperature
1.009749      0.0075760265

Pressure
23.173874     0.07847205  

CM Mom
-3.584585e-17  1.1722837e-17 
2.413354e-17   1.9824566e-17 
3.6141279e-17  2.4188627e-17 
6.3976478e-17  1.4002966e-17 

CM Pos
7.4945846      0.010047378   
7.4951404      0.015686507   
7.4984298      0.0071716565  
12.98355       0.014176259   

Stress
20.0878      0.0573636    -0.0177771    0.134221     0.0791878    0.0611523   
0.0573636    20.1909      0.00335937    0.0791878    0.0721611    0.0484584   
-0.0177771   0.00335937   20.1695       0.0611523    0.0484584    0.115247    

Stress Spherical
0            0            0             0            0            0           
0            0            0             0            0            0           
0            0            0             0            0            0           

Inertia
149.904      -56.1572     -56.1828      0.304656     0.136322     0.124972    
-56.1572     149.873      -56.1892      0.136322     0.233409     0.183321    
-56.1828     -56.1892     149.824       0.124972     0.183321     0.329507    

Bond Length
0.61764509    0.0011998504

BB bond length
0.61764509    0.0011998504

Water EE distance
0             0           

PEG EE distance
6.735134      0.077023689 

BBB P2(x)
0.50726567    0.00912298  

BBB first bond length
0.61775044    0.0012698548

BBB second bond length
0.61755284    0.0011863096

BBB <phi**2>/<phi>**2
1.2242859     0.0092933629

Time = 12000
Temperature
1.0084441     0.0044364225

Pressure
23.149012     0.079848491 

CM Mom
-1.8779561e-17 1.7451754e-17 
9.4622653e-18  1.5365056e-17 
8.6610904e-18  2.3086732e-17 
3.7077063e-17  1.4702316e-17 

CM Pos
7.5027457      0.011626989   
7.5001854      0.012663916   
7.489972       0.0073729894  
12.986295      0.012344888   

Stress
20.1414      0.0221495    -0.00486015   0.136315     0.073592     0.0665042   
0.0221495    20.12        0.0207641     0.073592     0.066112     0.0674852   
-0.00486015  0.0207641    20.124        0.0665042    0.0674852    0.130796    

Stress Spherical
0            0            0             0            0            0           
0            0            0             0            0            0           
0            0            0             0            0            0           

Inertia
149.837      -56.2798     -56.2048      0.293341     0.129933     0.135025    
-56.2798     149.859      -56.1467      0.129933     0.225534     0.164131    
-56.2048     -56.1467     150.033       0.135025     0.164131     0.270561    

Bond Length
0.61713404    0.0017271132

BB bond length
0.61713404    0.0017271132

Water EE distance
0             0           

PEG EE distance
6.9013281     0.12959912  

BBB P2(x)
0.51067014    0.0099066607

BBB first bond length
0.61699693    0.001685926 

BBB second bond length
0.61717886    0.0019464347

BBB <phi**2>/<phi>**2
1.2269042     0.011096361 

Time = 13000
Temperature
1.0062096     0.005563036 

Pressure
23.151091     0.078658719 

CM Mom
-2.6480505e-17 1.9224212e-17 
4.2938911e-18  1.3246255e-17 
2.8407937e-17  1.1013386e-17 
4.5474893e-17  1.118159e-17  

CM Pos
7.4919138      0.018027726   
7.4989984      0.014321807   
7.5008039      0.017408261   
12.985628      0.010590575   

Stress
20.155       -0.00871775  -0.0015744    0.149104     0.0363545    0.0737447   
-0.00871775  20.1214      0.0206131     0.0363545    0.126998     0.0342731   
-0.0015744   0.0206131    20.1353       0.0737447    0.0342731    0.0852262   

Stress Spherical
0            0            0             0            0            0           
0            0            0             0            0            0           
0            0            0             0            0            0           

Inertia
149.996      -56.171      -56.209       0.361069     0.164808     0.14532     
-56.171      149.877      -56.2233      0.164808     0.232896     0.166845    
-56.209      -56.2233     149.853       0.14532      0.166845     0.258412    

Bond Length
0.61809513    0.0017398717

BB bond length
0.61809513    0.0017398717

Water EE distance
0             0           

PEG EE distance
7.0821076     0.08612423  

BBB P2(x)
0.50035362    0.014250259 

BBB first bond length
0.61808745    0.0018737383

BBB second bond length
0.61811474    0.0016999735

BBB <phi**2>/<phi>**2
1.2169982     0.012004021 

Time = 14000
Temperature
1.0065793     0.0065758589

Pressure
23.125837     0.085065154 

CM Mom
-2.9905679e-17 2.2138427e-17 
2.3199477e-17  2.9635848e-17 
2.6261541e-17  2.5817732e-17 
6.1385509e-17  1.9723131e-17 

CM Pos
7.5008167      0.015248797   
7.500779       0.011740058   
7.4969459      0.010189901   
12.989555      0.0082049981  

Stress
20.1382      0.012567     0.000163678   0.110793     0.0713145    0.100578    
0.012567     20.0992      -0.0542854    0.0713145    0.177388     0.0445317   
0.000163678  -0.0542854   20.0953       0.100578     0.0445317    0.113902    

Stress Spherical
0            0            0             0            0            0           
0            0            0             0            0            0           
0            0            0             0            0            0           

Inertia
149.961      -56.2906     -56.2186      0.17266      0.162032     0.166902    
-56.2906     149.963      -56.2104      0.162032     0.198472     0.098937    
-56.2186     -56.2104     150.008       0.166902     0.098937     0.294549    

Bond Length
0.61918666    0.0024660406

BB bond length
0.61918666    0.0024660406

Water EE distance
0             0           

PEG EE distance
7.138953      0.10803643  

BBB P2(x)
0.50768493    0.012892578 

BBB first bond length
0.61921259    0.002411536 

BBB second bond length
0.61896318    0.0024810395

BBB <phi**2>/<phi>**2
1.2247124     0.0057636993

Time = 15000
Temperature
1.0133593     0.0085159816

Pressure
23.133413     0.10810794  

CM Mom
-8.4625814e-18 1.0537178e-17 
6.0206179e-18  2.7256301e-17 
1.0799387e-17  3.6752443e-17 
4.1623513e-17  2.6394188e-17 

CM Pos
7.50052        0.016392755   
7.4955856      0.013603539   
7.5003587      0.013229375   
12.988353      0.017101291   

Stress
20.1353      0.020323     -0.0705876    0.136203     0.0487211    0.0879721   
0.020323     20.0655      0.00817817    0.0487211    0.107115     0.0729229   
-0.0705876   0.00817817   20.0936       0.0879721    0.0729229    0.118317    

Stress Spherical
0            0            0             0            0            0           
0            0            0             0            0            0           
0            0            0             0            0            0           

Inertia
149.937      -56.2153     -56.2392      0.334447     0.195869     0.176075    
-56.2153     150.012      -56.205       0.195869     0.353096     0.156579    
-56.2392     -56.205      149.927       0.176075     0.156579     0.331796    

Bond Length
0.61782143    0.0030068878

BB bond length
0.61782143    0.0030068878

Water EE distance
0             0           

PEG EE distance
7.3198304     0.12746845  

BBB P2(x)
0.50634898    0.011676628 

BBB first bond length
0.61787344    0.0029533836

BBB second bond length
0.61791417    0.0029791115

BBB <phi**2>/<phi>**2
1.2222805     0.0084862463

Time = 16000
Temperature
1.0120111     0.0067676754

Pressure
23.14734      0.070494835 

CM Mom
-2.2969393e-17 3.2684426e-17 
2.923547e-17   2.3259714e-17 
2.4657407e-17  2.2577296e-17 
5.7557349e-17  2.8221717e-17 

CM Pos
7.5008167      0.017494683   
7.4991468      0.0066507869  
7.5008039      0.010391023   
12.990833      0.014826692   

Stress
20.1188      0.0305982    -0.0180417    0.0970116    0.0898229    0.0645129   
0.0305982    20.118       0.0134489     0.0898229    0.104722     0.0927598   
-0.0180417   0.0134489    20.1116       0.0645129    0.0927598    0.0954568   

Stress Spherical
0            0            0             0            0            0           
0            0            0             0            0            0           
0            0            0             0            0            0           

Inertia
150.007      -56.2439     -56.2829      0.25878      0.147586     0.199399    
-56.2439     150.021      -56.2303      0.147586     0.388647     0.0922028   
-56.2829     -56.2303     149.983       0.199399     0.0922028    0.252934    

Bond Length
0.61891368    0.0013677712

BB bond length
0.61891368    0.0013677712

Water EE distance
0             0           

PEG EE distance
7.2952917     0.13292671  

BBB P2(x)
0.51056335    0.0099789402

BBB first bond length
0.61896813    0.0013567604

BBB second bond length
0.61880465    0.001756665 

BBB <phi**2>/<phi>**2
1.2220528     0.0057961611

Time = 17000
Temperature
1.0109069     0.005383933 

Pressure
23.151065     0.10277124  

CM Mom
-3.2059076e-17 1.9866591e-17 
1.8629101e-18  1.8069995e-17 
7.1773382e-17  2.3574824e-17 
8.3452468e-17  2.225617e-17  

CM Pos
7.5009651      0.0093091624  
7.4992951      0.012798808   
7.4901203      0.013449721   
12.98484       0.013347256   

Stress
20.1195      0.0050603    -0.0231902    0.110812     0.0486543    0.0872753   
0.0050603    20.1369      0.0481484     0.0486543    0.0945528    0.0731201   
-0.0231902   0.0481484    20.1131       0.0872753    0.0731201    0.141376    

Stress Spherical
0            0            0             0            0            0           
0            0            0             0            0            0           
0            0            0             0            0            0           

Inertia
149.837      -56.2708     -56.2015      0.39182      0.118859     0.1349      
-56.2708     149.879      -56.1777      0.118859     0.228412     0.16609     
-56.2015     -56.1777     150.004       0.1349       0.16609      0.278717    

Bond Length
0.61867296    0.0018299734

BB bond length
0.61867296    0.0018299734

Water EE distance
0             0           

PEG EE distance
7.1631952     0.14839376  

BBB P2(x)
0.51741111    0.0084116291

BBB first bond length
0.61845484    0.0018669199

BBB second bond length
0.61840602    0.00192646  

BBB <phi**2>/<phi>**2
1.2259002     0.0058820893

Time = 18000
Temperature
1.0092033     0.0084638381

Pressure
23.194007     0.087759754 

CM Mom
-1.1217821e-17 2.7381453e-17 
-3.6447966e-17 1.4693003e-17 
5.308676e-17   1.9517404e-17 
7.2519067e-17  1.8974724e-17 

CM Pos
7.4975523      0.013457086   
7.5065659      0.0096265911  
7.495017       0.011187893   
12.989896      0.010179528   

Stress
20.1947      0.0690788    -0.0072783    0.103907     0.0841872    0.0550499   
0.0690788    20.1576      -0.0181723    0.0841872    0.110611     0.0474862   
-0.0072783   -0.0181723   20.1613       0.0550499    0.0474862    0.0994421   

Stress Spherical
0            0            0             0            0            0           
0            0            0             0            0            0           
0            0            0             0            0            0           

Inertia
150.014      -56.2782     -56.1683      0.203131     0.193508     0.139244    
-56.2782     149.899      -56.2696      0.193508     0.249682     0.0927477   
-56.1683     -56.2696     150.067       0.139244     0.0927477    0.272877    

Bond Length
0.61823474    0.0022561043

BB bond length
0.61823474    0.0022561043

Water EE distance
0             0           

PEG EE distance
7.2018212     0.10765068  

BBB P2(x)
0.50888566    0.010290761 

BBB first bond length
0.61824704    0.0024420573

BBB second bond length
0.61804248    0.0023851212

BBB <phi**2>/<phi>**2
1.2272748     0.0076981644

Time = 19000
Temperature
1.0075802     0.010264392 

Pressure
23.138517     0.12702082  

CM Mom
6.4846294e-18  1.2534254e-17 
-4.8440604e-17 1.560374e-17  
7.3969886e-17  2.2835565e-17 
9.1184906e-17  2.1620516e-17 

CM Pos
7.4971072      0.012286225   
7.4963275      0.011926124   
7.491159       0.013196047   
12.981498      0.013810331   

Stress
20.1441      -0.0406156   0.0110826     0.177061     0.0888776    0.0680725   
-0.0406156   20.078       0.0713543     0.0888776    0.133354     0.0437882   
0.0110826    0.0713543    20.1396       0.0680725    0.0437882    0.129665    

Stress Spherical
0            0            0             0            0            0           
0            0            0             0            0            0           
0            0            0             0            0            0           

Inertia
149.829      -56.2102     -56.1744      0.302522     0.0958146    0.197593    
-56.2102     149.851      -56.1611      0.0958146    0.300298     0.131416    
-56.1744     -56.1611     149.917       0.197593     0.131416     0.250825    

Bond Length
0.61911501    0.0022106076

BB bond length
0.61911501    0.0022106076

Water EE distance
0             0           

PEG EE distance
7.1526399     0.13482136  

BBB P2(x)
0.50217413    0.011372825 

BBB first bond length
0.6190371     0.0023139532

BBB second bond length
0.61885354    0.0022768944

BBB <phi**2>/<phi>**2
1.2179022     0.0069594771

Time = 20000
Temperature
1.006131      0.0088637147

Pressure
23.149962     0.13067326  

CM Mom
3.3169958e-18  1.0855156e-17 
-6.9295313e-17 1.20738e-17   
8.2624524e-17  1.7763213e-17 
1.0956596e-16  1.4632078e-17 

CM Pos
7.4984426      0.01176722    
7.500779       0.016708701   
7.5008039      0.010496432   
12.990409      0.013360047   

Stress
20.1195      -0.00795023  -0.0149192    0.114279     0.0799571    0.0980014   
-0.00795023  20.1106      0.0241255     0.0799571    0.153836     0.105138    
-0.0149192   0.0241255    20.1789       0.0980014    0.105138     0.15155     

Stress Spherical
0            0            0             0            0            0           
0            0            0             0            0            0           
0            0            0             0            0            0           

Inertia
150.011      -56.235      -56.2495      0.297231     0.173457     0.122527    
-56.235      150.005      -56.2767      0.173457     0.211685     0.20242     
-56.2495     -56.2767     150.005       0.122527     0.20242      0.278865    

Bond Length
0.6180909     0.0025112981

BB bond length
0.6180909     0.0025112981

Water EE distance
0             0           

PEG EE distance
7.0214326     0.11242588  

BBB P2(x)
0.50968648    0.0076362906

BBB first bond length
0.61805462    0.00239949  

BBB second bond length
0.61789712    0.0024729884

BBB <phi**2>/<phi>**2
1.2223246     0.0087231201

Time = 21000
Temperature
1.0094852     0.0054761843

Pressure
23.126603     0.089497483 

CM Mom
3.5077348e-17  2.0098545e-17 
-7.472919e-17  1.4620266e-17 
1.1271306e-16  1.4369852e-17 
1.4194963e-16  1.3914165e-17 

CM Pos
7.5034876      0.013780425   
7.5033015      0.0075090994  
7.4913074      0.014416806   
12.989299      0.011083242   

Stress
20.1427      -0.00704552  0.000174405   0.108972     0.0722724    0.0873452   
-0.00704552  20.0836      0.0114836     0.0722724    0.144767     0.0681113   
0.000174405  0.0114836    20.0826       0.0873452    0.0681113    0.145677    

Stress Spherical
0            0            0             0            0            0           
0            0            0             0            0            0           
0            0            0             0            0            0           

Inertia
149.9        -56.295      -56.1968      0.251189     0.142088     0.10434     
-56.295      149.923      -56.2198      0.142088     0.24557      0.180168    
-56.1968     -56.2198     150.117       0.10434      0.180168     0.240769    

Bond Length
0.61847157    0.0023707949

BB bond length
0.61847157    0.0023707949

Water EE distance
0             0           

PEG EE distance
6.9837032     0.092555807 

BBB P2(x)
0.50371522    0.0055517899

BBB first bond length
0.61844194    0.0025244205

BBB second bond length
0.6184503     0.0024411302

BBB <phi**2>/<phi>**2
1.2230981     0.0077473059

Time = 22000
Temperature
1.0178253     0.0080316443

Pressure
23.180781     0.076720412 

CM Mom
6.1544536e-17  1.3961548e-17 
-6.0040068e-17 2.2509331e-17 
1.0507033e-16  1.8449833e-17 
1.3856047e-16  1.6592173e-17 

CM Pos
7.5025973      0.01570965    
7.5006306      0.014680885   
7.4979846      0.0080524069  
12.991093      0.015354516   

Stress
20.1037      -0.00431428  -0.00407448   0.14472      0.0930797    0.0408912   
-0.00431428  20.1531      -0.0119727    0.0930797    0.0994438    0.0804276   
-0.00407448  -0.0119727   20.1396       0.0408912    0.0804276    0.118307    

Stress Spherical
0            0            0             0            0            0           
0            0            0             0            0            0           
0            0            0             0            0            0           

Inertia
149.961      -56.2703     -56.1652      0.285337     0.151734     0.178144    
-56.2703     150.005      -56.2731      0.151734     0.272333     0.174431    
-56.1652     -56.2731     150.049       0.178144     0.174431     0.333294    

Bond Length
0.61790337    0.0020045581

BB bond length
0.61790337    0.0020045581

Water EE distance
0             0           

PEG EE distance
6.9117078     0.079111572 

BBB P2(x)
0.5035506     0.0075433918

BBB first bond length
0.61763959    0.0020669657

BBB second bond length
0.61768268    0.0020577598

BBB <phi**2>/<phi>**2
1.2290069     0.006014602 

Time = 23000
Temperature
1.0052463     0.0049480642

Pressure
23.113781     0.033999113 

CM Mom
8.9602269e-17  1.786461e-17  
-4.6562593e-17 2.0647891e-17 
1.0323926e-16  1.8832619e-17 
1.4678853e-16  2.0205525e-17 

CM Pos
7.5009651      0.010940138   
7.5077529      0.0093622267  
7.507036       0.013258467   
12.999486      0.012873537   

Stress
20.0549      0.0164676    0.0257453     0.106687     0.0797521    0.0602992   
0.0164676    20.1431      1.55262e-05   0.0797521    0.0864088    0.0579061   
0.0257453    1.55262e-05  20.1104       0.0602992    0.0579061    0.0804488   

Stress Spherical
0            0            0             0            0            0           
0            0            0             0            0            0           
0            0            0             0            0            0           

Inertia
150.208      -56.3202     -56.281       0.221704     0.116899     0.153794    
-56.3202     150.127      -56.3735      0.116899     0.308023     0.144784    
-56.281      -56.3735     150.116       0.153794     0.144784     0.234618    

Bond Length
0.61832705    0.0019601336

BB bond length
0.61832705    0.0019601336

Water EE distance
0             0           

PEG EE distance
7.1448254     0.2819062   

BBB P2(x)
0.51038862    0.012320612 

BBB first bond length
0.61801125    0.0020283626

BBB second bond length
0.61845046    0.0021818797

BBB <phi**2>/<phi>**2
1.2229968     0.011447197 

Time = 24000
Temperature
1.0100598     0.011579048 

Pressure
23.199824     0.10336515  

CM Mom
9.5286821e-17  1.7594573e-17 
-1.7063543e-17 2.0648936e-17 
1.176751e-16   2.1682631e-17 
1.5570652e-16  1.3406609e-17 

CM Pos
7.5077907      0.0093892326  
7.5056756      0.013713156   
7.4997652      0.017228367   
12.998036      0.013987625   

Stress
20.2239      0.0444977    0.0289948     0.117349     0.0593937    0.0730537   
0.0444977    20.1756      0.00166065    0.0593937    0.124697     0.0705196   
0.0289948    0.00166065   20.1238       0.0730537    0.0705196    0.144807    

Stress Spherical
0            0            0             0            0            0           
0            0            0             0            0            0           
0            0            0             0            0            0           

Inertia
150.058      -56.3548     -56.3045      0.414998     0.180431     0.141095    
-56.3548     150.11       -56.2794      0.180431     0.283396     0.206375    
-56.3045     -56.2794     150.186       0.141095     0.206375     0.199942    

Bond Length
0.61725001    0.0018869727

BB bond length
0.61725001    0.0018869727

Water EE distance
0             0           

PEG EE distance
7.3178414     0.08754532  

BBB P2(x)
0.50668126    0.010350757 

BBB first bond length
0.6171249     0.0020177791

BBB second bond length
0.6173121     0.0019984344

BBB <phi**2>/<phi>**2
1.2223282     0.0064402727

Time = 25000
Temperature
1.0074105     0.0076013318

Pressure
23.158851     0.041369237 

CM Mom
9.473797e-17   2.2742201e-17 
-1.9014862e-17 2.2324541e-17 
1.1230616e-16  1.4946499e-17 
1.5157097e-16  1.4654406e-17 

CM Pos
7.4990361      0.014841972   
7.5024112      0.010375119   
7.4978362      0.012488847   
12.989979      0.013821127   

Stress
20.163       -0.0443319   0.0124037     0.110542     0.0660034    0.087326    
-0.0443319   20.0953      -0.0254218    0.0660034    0.0721813    0.0592068   
0.0124037    -0.0254218   20.1658       0.087326     0.0592068    0.104109    

Stress Spherical
0            0            0             0            0            0           
0            0            0             0            0            0           
0            0            0             0            0            0           

Inertia
149.985      -56.2848     -56.2579      0.314785     0.0858196    0.189783    
-56.2848     149.938      -56.2269      0.0858196    0.400197     0.160985    
-56.2579     -56.2269     149.994       0.189783     0.160985     0.205507    

Bond Length
0.61769848    0.0019601429

BB bond length
0.61769848    0.0019601429

Water EE distance
0             0           

PEG EE distance
7.3334051     0.14567962  

BBB P2(x)
0.51180526    0.0097291303

BBB first bond length
0.61751235    0.0019788899

BBB second bond length
0.61755853    0.0021749741

BBB <phi**2>/<phi>**2
1.2275134     0.0074139345

Time = 26000
Temperature
1.0136193     0.0062563416

Pressure
23.183557     0.045599622 

CM Mom
5.680448e-17   2.4826951e-17 
-5.0172548e-17 1.4702147e-17 
1.0243123e-16  1.484507e-17  
1.3008361e-16  1.9166383e-17 

CM Pos
7.5014102      0.010268464   
7.4987016      0.011478334   
7.5076295      0.013104799   
12.994865      0.0086038384  

Stress
20.1678      -0.00211232  -0.0033741    0.0899273    0.0765775    0.0637221   
-0.00211232  20.1225      -0.0374396    0.0765775    0.106098     0.0624194   
-0.0033741   -0.0374396   20.1522       0.0637221    0.0624194    0.0928455   

Stress Spherical
0            0            0             0            0            0           
0            0            0             0            0            0           
0            0            0             0            0            0           

Inertia
150.091      -56.2489     -56.3221      0.228925     0.123433     0.145351    
-56.2489     150.141      -56.2799      0.123433     0.283256     0.124986    
-56.3221     -56.2799     149.993       0.145351     0.124986     0.183235    

Bond Length
0.61749578    0.0022369848

BB bond length
0.61749578    0.0022369848

Water EE distance
0             0           

PEG EE distance
7.0679445     0.19852046  

BBB P2(x)
0.51143867    0.0073023751

BBB first bond length
0.61738182    0.0022205254

BBB second bond length
0.61763682    0.0022931466

BBB <phi**2>/<phi>**2
1.225823      0.0092298005

Time = 27000
Temperature
1.0126308     0.007256857 

Pressure
23.166656     0.10551258  

CM Mom
3.1334779e-17  1.7538229e-17 
-4.1219734e-17 1.3725668e-17 
1.242988e-16   1.3036358e-17 
1.3654421e-16  1.2358627e-17 

CM Pos
7.5006683      0.01041219    
7.5022628      0.018544861   
7.4959073      0.012262009   
12.989731      0.009706193   

Stress
20.133       0.0200418    0.00692931    0.116628     0.0997592    0.0607924   
0.0200418    20.1591      -0.0153931    0.0997592    0.120638     0.0876753   
0.00692931   -0.0153931   20.1086       0.0607924    0.0876753    0.130197    

Stress Spherical
0            0            0             0            0            0           
0            0            0             0            0            0           
0            0            0             0            0            0           

Inertia
149.961      -56.2695     -56.2063      0.273753     0.182004     0.169236    
-56.2695     149.942      -56.199       0.182004     0.276414     0.159455    
-56.2063     -56.199      150.033       0.169236     0.159455     0.254782    

Bond Length
0.61773702    0.0020016589

BB bond length
0.61773702    0.0020016589

Water EE distance
0             0           

PEG EE distance
6.78939       0.088091655 

BBB P2(x)
0.50812441    0.01071604  

BBB first bond length
0.61785777    0.0021902715

BBB second bond length
0.61763071    0.0020183495

BBB <phi**2>/<phi>**2
1.2253566     0.0097003022

Time = 28000
Temperature
1.004767      0.0060878557

Pressure
23.188185     0.091020469 

CM Mom
2.6856107e-17  1.2569688e-17 
-4.024984e-17  2.8171229e-17 
1.3617722e-16  1.6118429e-17 
1.4735312e-16  1.9596221e-17 

CM Pos
7.5003716      0.016592336   
7.4994435      0.029731747   
7.5077779      0.017474535   
12.994805      0.021633512   

Stress
20.1314      0.0221989    -0.0463292    0.122829     0.0837552    0.0475678   
0.0221989    20.2091      0.000212941   0.0837552    0.136233     0.0875564   
-0.0463292   0.000212941  20.1955       0.0475678    0.0875564    0.152301    

Stress Spherical
0            0            0             0            0            0           
