Time = 500
Temperature
   1.0317304   0.037675858

Pressure
   23.707754    0.18826548

CM Mom
-7.5307423e-17 1.2288789e-17 
2.2917267e-17  3.0041564e-17 
3.2411845e-17  3.3846424e-17 
9.6979385e-17  6.4051534e-18 

CM Pos
7.4901582      0.012827851   
7.489381       0.013663147   
7.5133575      0.018184831   
12.986314      0.013460348   

Stress
20.6191      -0.0502189   -0.00850436   0.151308     0.0832288    0.0488471   
-0.0502189   20.6419      0.0671407     0.0832288    0.129905     0.0791145   
-0.00850436  0.0671407    20.5775       0.0488471    0.0791145    0.117314    

Stress Spherical
0            0            0             0            0            0           
0            0            0             0            0            0           
0            0            0             0            0            0           

Inertia
149.988      -56.1349     -56.3022      0.308756     0.181762     0.227386    
-56.1349     149.998      -56.2813      0.181762     0.191328     0.162675    
-56.3022     -56.2813     149.581       0.227386     0.162675     0.514662    

Bond Length
0.61207938    0.01014979  

BB bond length
0.61207938    0.01014979  

Water EE distance
0             0           

PEG EE distance
3.9071386     0.66847287  

Time = 1000
Temperature
1.01267       0.0041850933

Pressure
23.633589     0.08877551  

CM Mom
-8.2862895e-17 2.7528741e-17 
-4.5718291e-18 3.8439332e-17 
5.2487208e-17  1.4169223e-17 
1.0657233e-16  2.6843739e-17 

CM Pos
7.5061598      0.0146254     
7.4908626      0.011985627   
7.4985412      0.0065326178  
12.987838      0.0069383802  

Stress
20.5797      -0.0423282   -0.06242      0.102061     0.0585248    0.0688315   
-0.0423282   20.6104      -0.022327     0.0585248    0.108728     0.0669201   
-0.06242     -0.022327    20.5975       0.0688315    0.0669201    0.126841    

Stress Spherical
0            0            0             0            0            0           
0            0            0             0            0            0           
0            0            0             0            0            0           

Inertia
149.8        -56.2589     -56.2695      0.27914      0.115701     0.110345    
-56.2589     150.048      -56.0956      0.115701     0.148762     0.129248    
-56.2695     -56.0956     149.935       0.110345     0.129248     0.200263    

Bond Length
0.61109495    0.011618982 

BB bond length
0.61109495    0.011618982 

Water EE distance
0             0           

PEG EE distance
3.7717123     0.64163319  

