Time = 1000
Temperature
   1.0478594    0.05560868

Pressure
   23.563586    0.19712187

CM Mom
-7.514039e-17  2.258697e-17  
-1.3193846e-17 1.2176508e-17 
4.0542387e-17  2.2895971e-16 
2.0432583e-16  1.3709772e-16 

CM Pos
9.9983099      0.027013246   
10.003849      0.016751755   
10.009636      0.014641619   
17.327354      0.0066770806  

Stress
20.4147      0.000328503  0.0169072     0.09068      0.0414096    0.0543943   
0.000328503  20.4035      0.00800263    0.0414096    0.0593637    0.0553804   
0.0169072    0.00800263   20.4434       0.0543943    0.0553804    0.0573748   

Stress Spherical
0            0            0             0            0            0           
0            0            0             0            0            0           
0            0            0             0            0            0           

Inertia
266.877      -99.9927     -100.075      0.905889     0.201155     0.188029    
-99.9927     266.768      -100.128      0.201155     1.46438      0.360214    
-100.075     -100.128     266.647       0.188029     0.360214     1.55111     

Bond Length
0.62473295    0.0022677307

BB bond length
0.62473295    0.0022677307

Water EE distance
0             0           

PEG EE distance
3.406962      0.051332632 

BBB P2(x)
0.0753187     0.014013561 

BBB first bond length
0.62506615    0.0023017342

BBB second bond length
0.62494276    0.0022616914

BBB <phi**2>/<phi>**2
1.119462      0.0050952856

Time = 2000
Temperature
1.012171      0.0039323223

Pressure
23.373255     0.065654726 

CM Mom
-6.2919771e-17 1.3024823e-17 
7.7262571e-18  1.873469e-17  
5.6673321e-17  5.3879378e-17 
9.7746015e-17  3.3163179e-17 

CM Pos
10.000394      0.013384692   
9.9991818      0.01186813    
10.000385      0.016524835   
17.3205        0.0087141175  

Stress
20.3276      0.0254116    -0.0106907    0.0619588    0.0506009    0.0510208   
0.0254116    20.351       0.00998436    0.0506009    0.0810107    0.0351684   
-0.0106907   0.00998436   20.3331       0.0510208    0.0351684    0.0850017   

Stress Spherical
0            0            0             0            0            0           
0            0            0             0            0            0           
0            0            0             0            0            0           

Inertia
266.595      -99.9991     -99.9922      0.29083      0.131611     0.15901     
-99.9991     266.629      -99.9568      0.131611     0.581945     0.231287    
-99.9922     -99.9568     266.598       0.15901      0.231287     0.644112    

Bond Length
0.62470127    0.0015001699

BB bond length
0.62470127    0.0015001699

Water EE distance
0             0           

PEG EE distance
3.3839351     0.060222139 

BBB P2(x)
0.077340839   0.0076807039

BBB first bond length
0.62493542    0.0014527296

BBB second bond length
0.62508206    0.0014048133

BBB <phi**2>/<phi>**2
1.1193013     0.002456252 

Time = 3000
Temperature
1.0111225     0.0039625737

Pressure
23.337857     0.051955313 

CM Mom
-8.170001e-17  1.2151205e-17 
2.887891e-17   1.6723523e-17 
4.2629145e-17  3.4578867e-17 
1.0201643e-16  2.3276613e-17 

CM Pos
10.001477      0.0096495787  
9.999932       0.013410618   
10.001385      0.016997317   
17.322131      0.014872835   

Stress
20.3137      -0.018851    0.0239796     0.0498144    0.0424114    0.0316301   
-0.018851    20.3091      0.0116617     0.0424114    0.0554594    0.0366402   
0.0239796    0.0116617    20.2922       0.0316301    0.0366402    0.0996871   

Stress Spherical
0            0            0             0            0            0           
0            0            0             0            0            0           
0            0            0             0            0            0           

Inertia
266.62       -99.9653     -99.9951      0.365048     0.172932     0.214719    
-99.9653     266.667      -99.9843      0.172932     0.243737     0.272735    
-99.9951     -99.9843     266.628       0.214719     0.272735     0.347146    

Bond Length
0.62442092    0.001346261 

BB bond length
0.62442092    0.001346261 

Water EE distance
0             0           

PEG EE distance
3.4013625     0.05649299  

BBB P2(x)
0.074546143   0.0067581869

BBB first bond length
0.62490785    0.0016867464

BBB second bond length
0.62479688    0.0013910541

BBB <phi**2>/<phi>**2
1.1173494     0.0027274809

Time = 4000
Temperature
1.0100584     0.0045331138

Pressure
23.352547     0.047319321 

CM Mom
-8.178173e-17  1.5173969e-17 
2.9523496e-17  2.1996773e-17 
7.6958684e-17  1.7462724e-17 
1.196617e-16   1.3515109e-17 

CM Pos
9.9950593      0.0089383827  
10.002099      0.010699979   
10.000551      0.011912823   
17.319191      0.013556692   

Stress
20.3093      0.0138289    -0.00419903   0.0610989    0.0512538    0.050423    
0.0138289    20.3348      -0.0119942    0.0512538    0.0867445    0.0341376   
-0.00419903  -0.0119942   20.3246       0.050423     0.0341376    0.085321    

Stress Spherical
0            0            0             0            0            0           
0            0            0             0            0            0           
0            0            0             0            0            0           

Inertia
266.673      -99.9644     -99.9556      0.375126     0.14962      0.158349    
-99.9644     266.542      -100.027      0.14962      0.2626       0.200632    
-99.9556     -100.027     266.579       0.158349     0.200632     0.323199    

Bond Length
0.62476564    0.0016715851

BB bond length
0.62476564    0.0016715851

Water EE distance
0             0           

PEG EE distance
3.3263121     0.040217992 

BBB P2(x)
0.076490171   0.0094123011

BBB first bond length
0.62516521    0.0017336426

BBB second bond length
0.62502181    0.0019716725

BBB <phi**2>/<phi>**2
1.11807       0.0024990342

Time = 5000
Temperature
1.0119187     0.004398087 

Pressure
23.354333     0.05486897  

CM Mom
-8.8014647e-17 1.3537109e-17 
2.5117489e-17  1.6182352e-17 
3.9709292e-17  1.1737069e-17 
1.0180174e-16  1.317499e-17  

CM Pos
10.004061      0.0090710733  
9.9952645      0.0087831525  
9.9992177      0.0095340627  
17.319672      0.011018345   

Stress
20.3239      -0.000913428 0.0203288     0.0885375    0.0539997    0.0521392   
-0.000913428 20.2967      -0.00466794   0.0539997    0.082215     0.0428877   
0.0203288    -0.00466794  20.3367       0.0521392    0.0428877    0.0699248   

Stress Spherical
0            0            0             0            0            0           
0            0            0             0            0            0           
0            0            0             0            0            0           

Inertia
266.52       -100.001     -99.9912      0.331625     0.135438     0.174308    
-100.001     266.708      -99.9372      0.135438     0.35097      0.258682    
-99.9912     -99.9372     266.621       0.174308     0.258682     0.325278    

Bond Length
0.62452557    0.0012354953

BB bond length
0.62452557    0.0012354953

Water EE distance
0             0           

PEG EE distance
3.3719488     0.055780456 

BBB P2(x)
0.077362286   0.0046427828

BBB first bond length
0.62483033    0.0014384727

BBB second bond length
0.62449034    0.0015109745

BBB <phi**2>/<phi>**2
1.1206363     0.001645943 

Time = 6000
Temperature
1.0101885     0.0049446492

Pressure
23.339252     0.09796261  

CM Mom
-7.5980599e-17 1.8079219e-17 
5.6803851e-17  1.7473284e-17 
4.1046582e-17  1.4393911e-17 
1.0500989e-16  2.2289755e-17 

CM Pos
9.9981432      0.0061383406  
10.000515      0.012406144   
10.000551      0.011412484   
17.320058      0.01036697    

Stress
20.3175      0.0106963    0.0136283     0.135175     0.0569336    0.0483503   
0.0106963    20.2967      -0.000411832  0.0569336    0.115411     0.0430038   
0.0136283    -0.000411832 20.3134       0.0483503    0.0430038    0.0727605   

Stress Spherical
0            0            0             0            0            0           
0            0            0             0            0            0           
0            0            0             0            0            0           

Inertia
266.67       -99.9868     -99.9922      0.290701     0.144517     0.170971    
-99.9868     266.631      -100.044      0.144517     0.340412     0.150207    
-99.9922     -100.044     266.616       0.170971     0.150207     0.297825    

Bond Length
0.62500918    0.0014526   

BB bond length
0.62500918    0.0014526   

Water EE distance
0             0           

PEG EE distance
3.499155      0.043066727 

BBB P2(x)
0.079844372   0.010763805 

BBB first bond length
0.62543083    0.0014568425

BBB second bond length
0.62500056    0.001423539 

BBB <phi**2>/<phi>**2
1.119142      0.0035877105

Time = 7000
Temperature
1.0117638     0.0034819599

Pressure
23.354257     0.046752138 

CM Mom
-9.4648728e-17 1.7200711e-17 
7.8351899e-17  2.6258484e-17 
4.2911634e-17  1.7727822e-17 
1.3385941e-16  1.7891794e-17 

CM Pos
10.005561      0.012749946   
10.000849      0.0096178508  
9.9965506      0.0061592415  
17.322222      0.01266658    

Stress
20.3296      -0.00707372  -0.028752     0.0804245    0.0248203    0.0494408   
-0.00707372  20.2959      -0.0148534    0.0248203    0.0450043    0.0335202   
-0.028752    -0.0148534   20.3329       0.0494408    0.0335202    0.0670957   

Stress Spherical
0            0            0             0            0            0           
0            0            0             0            0            0           
0            0            0             0            0            0           

Inertia
266.576      -100.072     -100.024      0.270726     0.23014      0.125033    
-100.072     266.684      -99.9783      0.23014      0.29484      0.127286    
-100.024     -99.9783     266.757       0.125033     0.127286     0.42818     

Bond Length
0.62495628    0.0015198655

BB bond length
0.62495628    0.0015198655

Water EE distance
0             0           

PEG EE distance
3.437952      0.052170985 

BBB P2(x)
0.087516268   0.0070705154

BBB first bond length
0.62508147    0.0015600686

BBB second bond length
0.62503586    0.0015276803

BBB <phi**2>/<phi>**2
1.1196618     0.0031899737

Time = 8000
Temperature
1.0104457     0.0061116313

Pressure
23.367434     0.059389002 

CM Mom
-1.0380962e-16 1.448659e-17  
6.6231447e-17  1.8341195e-17 
2.8107725e-17  2.838029e-17  
1.3101458e-16  1.183078e-17  

CM Pos
10.000227      0.011097707   
10.005766      0.016103279   
10.001051      0.0097985289  
17.324584      0.013216411   

Stress
20.3363      0.0173905    0.0370947     0.088663     0.0427989    0.0379337   
0.0173905    20.3253      0.000748408   0.0427989    0.0684302    0.0437482   
0.0370947    0.000748408  20.3482       0.0379337    0.0437482    0.060655    

Stress Spherical
0            0            0             0            0            0           
0            0            0             0            0            0           
0            0            0             0            0            0           

Inertia
266.777      -100.109     -100.006      0.439018     0.207695     0.166468    
-100.109     266.665      -100.08       0.207695     0.260038     0.253771    
-100.006     -100.08      266.749       0.166468     0.253771     0.394967    

Bond Length
0.62508866    0.0010690407

BB bond length
0.62508866    0.0010690407

Water EE distance
0             0           

PEG EE distance
3.4259615     0.049960911 

BBB P2(x)
0.0814746     0.010143292 

BBB first bond length
0.62553957    0.0014129931

BBB second bond length
0.6252979     0.0010480753

BBB <phi**2>/<phi>**2
1.1198678     0.0041937921

Time = 9000
Temperature
1.0124111     0.0048804869

Pressure
23.364673     0.069120757 

CM Mom
-1.0141467e-16 1.0330207e-17 
4.7286729e-17  1.2662205e-17 
4.0980999e-17  1.5499107e-17 
1.2052103e-16  1.3504094e-17 

CM Pos
10.001644      0.010544      
9.9952645      0.010304427   
9.9997178      0.010997097   
17.318569      0.007729429   

Stress
20.3263      0.00472578   -0.0031635    0.0785177    0.0369277    0.0505968   
0.00472578   20.3356      0.00255993    0.0369277    0.0674442    0.06795     
-0.0031635   0.00255993   20.322        0.0505968    0.06795      0.0980861   

Stress Spherical
0            0            0             0            0            0           
0            0            0             0            0            0           
0            0            0             0            0            0           

Inertia
266.539      -99.9657     -100.048      0.230286     0.147374     0.162222    
-99.9657     266.671      -99.9385      0.147374     0.2665       0.114527    
-100.048     -99.9385     266.594       0.162222     0.114527     0.308052    

Bond Length
0.62525431    0.0020100784

BB bond length
0.62525431    0.0020100784

Water EE distance
0             0           

PEG EE distance
3.3753825     0.050114969 

BBB P2(x)
0.074606969   0.0081652671

BBB first bond length
0.6253165     0.0019571618

BBB second bond length
0.62532483    0.002012896 

BBB <phi**2>/<phi>**2
1.1177268     0.0027938905

Time = 10000
Temperature
1.0132518     0.0042673639

Pressure
23.364789     0.085992635 

CM Mom
-1.0035857e-16 1.6259086e-17 
5.8685935e-17  1.1614504e-17 
2.272242e-17   1.478419e-17  
1.2029646e-16  1.3370783e-17 

CM Pos
9.9985599      0.011034933   
10.008433      0.008293363   
10.003302      0.014575997   
17.326461      0.011690101   

Stress
20.3001      -0.0138657   0.00646809    0.0762101    0.0426422    0.0482175   
-0.0138657   20.3466      -0.00699315   0.0426422    0.130197     0.0497132   
0.00646809   -0.00699315  20.3299       0.0482175    0.0497132    0.0978851   

Stress Spherical
0            0            0             0            0            0           
0            0            0             0            0            0           
0            0            0             0            0            0           

Inertia
266.881      -100.085     -100.014      0.345482     0.0844361    0.236622    
-100.085     266.688      -100.184      0.0844361    0.382472     0.201896    
-100.014     -100.184     266.804       0.236622     0.201896     0.220825    

Bond Length
0.62440202    0.0017212371

BB bond length
0.62440202    0.0017212371

Water EE distance
0             0           

PEG EE distance
3.309222      0.075469299 

BBB P2(x)
0.07333608    0.0093419898

BBB first bond length
0.62477301    0.0018347933

BBB second bond length
0.62459387    0.0017243186

BBB <phi**2>/<phi>**2
1.115282      0.0051652858

Time = 11000
Temperature
1.0104048     0.0067994472

Pressure
23.353744     0.048554783 

CM Mom
-8.3706842e-17 6.7634498e-18 
7.4222453e-17  2.2379395e-17 
9.2577383e-18  1.8587842e-17 
1.1534001e-16  1.3794393e-17 

CM Pos
9.9983932      0.011194932   
10.000265      0.012290537   
9.9983009      0.011705464   
17.31876       0.012026547   

Stress
20.3156      -0.00130232  0.0259191     0.0554723    0.0414263    0.0444914   
-0.00130232  20.3276      0.0121953     0.0414263    0.0718117    0.0557031   
0.0259191    0.0121953    20.3259       0.0444914    0.0557031    0.0628149   

Stress Spherical
0            0            0             0            0            0           
0            0            0             0            0            0           
0            0            0             0            0            0           

Inertia
266.626      -99.9812     -99.9447      0.413111     0.148719     0.214343    
-99.9812     266.588      -99.9433      0.148719     0.337268     0.27139     
-99.9447     -99.9433     266.632       0.214343     0.27139      0.309384    

Bond Length
0.62422826    0.0014413565

BB bond length
0.62422826    0.0014413565

Water EE distance
0             0           

PEG EE distance
3.409096      0.043923559 

BBB P2(x)
0.081093977   0.010961056 

BBB first bond length
0.62455502    0.0013645307

BBB second bond length
0.62459025    0.0016087452

BBB <phi**2>/<phi>**2
1.1198529     0.0036347288

Time = 12000
Temperature
1.0089407     0.0047197698

Pressure
23.357206     0.033906053 

CM Mom
-8.5217344e-17 1.7118586e-17 
6.7903768e-17  2.6495489e-17 
6.5213342e-19  2.3297394e-17 
1.131567e-16   2.4631876e-17 

CM Pos
9.9988933      0.0064134051  
9.9987651      0.010450359   
10.003218      0.011986073   
17.321021      0.0088856483  

Stress
20.3265      0.00722534   0.017757      0.0867813    0.060033     0.0394151   
0.00722534   20.3504      -0.00352894   0.060033     0.0563061    0.069441    
0.017757     -0.00352894  20.3157       0.0394151    0.069441     0.0499115   

Stress Spherical
0            0            0             0            0            0           
0            0            0             0            0            0           
0            0            0             0            0            0           

Inertia
266.707      -100.012     -100.04       0.285213     0.104466     0.130014    
-100.012     266.686      -100.033      0.104466     0.302227     0.139122    
-100.04      -100.033     266.6         0.130014     0.139122     0.33594     

Bond Length
0.62488144    0.0011618191

BB bond length
0.62488144    0.0011618191

Water EE distance
0             0           

PEG EE distance
3.4516152     0.065612937 

BBB P2(x)
0.084016602   0.010373787 

BBB first bond length
0.62487558    0.0011496644

BBB second bond length
0.62489895    0.0013692832

BBB <phi**2>/<phi>**2
1.120111      0.004636385 

Time = 13000
Temperature
1.0098065     0.0054568577

Pressure
23.355502     0.080185977 

CM Mom
-8.1040359e-17 1.1886308e-17 
8.6848285e-17  1.2714538e-17 
-1.3186212e-17 1.7898742e-17 
1.2190453e-16  6.8289135e-18 

CM Pos
10.000477      0.0094281885  
9.9945144      0.01234102    
10.002302      0.0095380693  
17.318951      0.012768102   

Stress
20.3382      -0.016623    0.0208599     0.0979849    0.0610132    0.0619547   
-0.016623    20.3054      0.0252933     0.0610132    0.116613     0.0464205   
0.0208599    0.0252933    20.3361       0.0619547    0.0464205    0.114215    

Stress Spherical
0            0            0             0            0            0           
0            0            0             0            0            0           
0            0            0             0            0            0           

Inertia
266.602      -99.9843     -100.076      0.404978     0.159118     0.177325    
-99.9843     266.707      -99.9832      0.159118     0.301412     0.152573    
-100.076     -99.9832     266.555       0.177325     0.152573     0.304847    

Bond Length
0.62520094    0.0020886393

BB bond length
0.62520094    0.0020886393

Water EE distance
0             0           

PEG EE distance
3.4125653     0.062834943 

BBB P2(x)
0.080963446   0.010263984 

BBB first bond length
0.62546325    0.0020640991

BBB second bond length
0.62547736    0.0019782404

BBB <phi**2>/<phi>**2
1.1211862     0.0043058934

Time = 14000
Temperature
1.0097797     0.0049140023

Pressure
23.345154     0.058672001 

CM Mom
-6.0531352e-17 2.5911283e-17 
9.7052559e-17  1.5182629e-17 
-1.9102186e-17 1.7332044e-17 
1.201453e-16   1.4681656e-17 

CM Pos
10.00131       0.013566921   
9.9950145      0.010942319   
10.001551      0.0066160059  
17.31929       0.010344107   

Stress
20.3091      -0.00459086  0.0426606     0.0621916    0.0418516    0.0375218   
-0.00459086  20.3207      -0.0156007    0.0418516    0.116041     0.0426639   
0.0426606    -0.0156007   20.3191       0.0375218    0.0426639    0.0468796   

Stress Spherical
0            0            0             0            0            0           
0            0            0             0            0            0           
0            0            0             0            0            0           

Inertia
266.609      -99.969      -99.9929      0.282305     0.241729     0.165219    
-99.969      266.746      -99.9816      0.241729     0.242496     0.173174    
-99.9929     -99.9816     266.588       0.165219     0.173174     0.380642    

Bond Length
0.6250002     0.0013343112

BB bond length
0.6250002     0.0013343112

Water EE distance
0             0           

PEG EE distance
3.3898895     0.069585144 

BBB P2(x)
0.081948969   0.0064273287

BBB first bond length
0.6251166     0.0015422688

BBB second bond length
0.62514183    0.0013718752

BBB <phi**2>/<phi>**2
1.1200355     0.0036163116

Time = 15000
Temperature
1.0115087     0.0061865923

Pressure
23.33998      0.023917546 

CM Mom
-4.9654616e-17 1.8327912e-17 
1.1278797e-16  1.1773331e-17 
-8.8118401e-18 1.5659592e-17 
1.2602701e-16  1.0064467e-17 

CM Pos
9.995226       0.011184999   
9.9955979      0.0096872999  
10.001468      0.008975223   
17.316061      0.014074408   

Stress
20.2735      0.014128     0.0119359     0.0417586    0.0282675    0.0461018   
0.014128     20.3368      0.00340172    0.0282675    0.0341853    0.0435676   
0.0119359    0.00340172   20.3075       0.0461018    0.0435676    0.0469904   

Stress Spherical
0            0            0             0            0            0           
0            0            0             0            0            0           
0            0            0             0            0            0           

Inertia
266.627      -99.9431     -99.9633      0.319684     0.182594     0.195479    
-99.9431     266.619      -99.9477      0.182594     0.389423     0.129042    
-99.9633     -99.9477     266.469       0.195479     0.129042     0.355996    

Bond Length
0.62531965    0.0013189304

BB bond length
0.62531965    0.0013189304

Water EE distance
0             0           

PEG EE distance
3.4550781     0.047746376 

BBB P2(x)
0.081506028   0.0074999308

BBB first bond length
0.62539653    0.0012410586

BBB second bond length
0.62548989    0.0014707801

BBB <phi**2>/<phi>**2
1.1180354     0.0032340222

Time = 16000
Temperature
1.0086141     0.0051864269

Pressure
23.374952     0.043405131 

CM Mom
-6.1778711e-17 1.3691275e-17 
1.1238822e-16  1.2157707e-17 
-1.517656e-17  2.3319199e-17 
1.3193733e-16  1.2232589e-17 

CM Pos
9.9959761      0.010587394   
9.9986817      0.0085827409  
9.9919665      0.0096106253  
17.312794      0.0036209466  

Stress
20.3627      0.000559942  0.0229142     0.0468206    0.0522449    0.0314917   
0.000559942  20.3624      -0.0230772    0.0522449    0.0667682    0.0378992   
0.0229142    -0.0230772   20.3238       0.0314917    0.0378992    0.0318041   

Stress Spherical
0            0            0             0            0            0           
0            0            0             0            0            0           
0            0            0             0            0            0           

Inertia
266.504      -99.9862     -99.8867      0.224334     0.126939     0.132721    
-99.9862     266.44       -99.9227      0.126939     0.196339     0.162307    
-99.8867     -99.9227     266.571       0.132721     0.162307     0.161501    

Bond Length
0.62379989    0.0010935083

BB bond length
0.62379989    0.0010935083

Water EE distance
0             0           

PEG EE distance
3.3397082     0.063426578 

BBB P2(x)
0.080365438   0.0095990644

BBB first bond length
0.62406347    0.0012263795

BBB second bond length
0.62413955    0.0014072766

BBB <phi**2>/<phi>**2
1.1188145     0.0040749538

Time = 17000
Temperature
1.0124491     0.0056251916

Pressure
23.328671     0.083990267 

CM Mom
-4.8222363e-17 1.6924599e-17 
1.1195343e-16  1.8001188e-17 
-7.9775881e-18 1.7236226e-17 
1.2412839e-16  2.0550523e-17 

CM Pos
9.9973097      0.018551827   
10.001099      0.011652228   
10.003468      0.0089705778  
17.321603      0.013518718   

Stress
20.3068      0.00933849   -0.0186889    0.079957     0.0477938    0.0534062   
0.00933849   20.3014      -0.00541046   0.0477938    0.0872686    0.0463808   
-0.0186889   -0.00541046  20.2673       0.0534062    0.0463808    0.0993073   

Stress Spherical
0            0            0             0            0            0           
0            0            0             0            0            0           
0            0            0             0            0            0           

Inertia
266.757      -100.013     -100.004      0.258574     0.251045     0.188756    
-100.013     266.69       -100.037      0.251045     0.34911      0.167349    
-100.004     -100.037     266.639       0.188756     0.167349     0.441757    

Bond Length
0.62527104    0.001495013 

BB bond length
0.62527104    0.001495013 

Water EE distance
0             0           

PEG EE distance
3.3538377     0.048915712 

BBB P2(x)
0.080647037   0.008282259 

BBB first bond length
0.62533238    0.0016279123

BBB second bond length
0.62549654    0.0013836936

BBB <phi**2>/<phi>**2
1.1196393     0.002937708 

Time = 18000
Temperature
1.0112007     0.0047765873

Pressure
23.343035     0.029114962 

CM Mom
-5.7489297e-17 2.4459601e-17 
1.1991609e-16  1.0397847e-17 
-1.5534956e-17 1.7291543e-17 
1.3671118e-16  1.5545502e-17 

CM Pos
10.000477      0.011279931   
10.001349      0.0092421512  
10.003718      0.0079809048  
17.323712      0.013410802   

Stress
20.3042      -0.0213168   -0.00462766   0.0585364    0.0513325    0.0613498   
-0.0213168   20.3122      -0.00624321   0.0513325    0.0590418    0.0398539   
-0.00462766  -0.00624321  20.3134       0.0613498    0.0398539    0.0479622   

Stress Spherical
0            0            0             0            0            0           
0            0            0             0            0            0           
0            0            0             0            0            0           

Inertia
266.765      -100.06      -100.008      0.271631     0.192481     0.23395     
-100.06      266.741      -100.048      0.192481     0.311231     0.194084    
-100.008     -100.048     266.693       0.23395      0.194084     0.353524    

Bond Length
0.62515499    0.0012739895

BB bond length
0.62515499    0.0012739895

Water EE distance
0             0           

PEG EE distance
3.3032989     0.10095657  

BBB P2(x)
0.073444685   0.0093313352

BBB first bond length
0.62555096    0.0015143547

BBB second bond length
0.62544737    0.0012095727

BBB <phi**2>/<phi>**2
1.1170845     0.0043846232

Time = 19000
Temperature
1.0095506     0.0047113638

Pressure
23.360271     0.04677297  

CM Mom
-2.965125e-17  2.9722086e-17 
1.2846196e-16  1.2089652e-17 
-2.0645147e-17 1.5591913e-17 
1.3725183e-16  1.5572363e-17 

CM Pos
9.9997268      0.0074924473  
9.9940143      0.0057382612  
10.000635      0.017506092   
17.317268      0.012515155   

Stress
20.3414      -0.0169095   -0.0216628    0.0572055    0.0550809    0.0614882   
-0.0169095   20.3301      0.0223428     0.0550809    0.0791718    0.0371162   
-0.0216628   0.0223428    20.3248       0.0614882    0.0371162    0.0797948   

Stress Spherical
0            0            0             0            0            0           
0            0            0             0            0            0           
0            0            0             0            0            0           

Inertia
266.553      -99.9475     -99.9806      0.412612     0.106285     0.182498    
-99.9475     266.649      -99.9449      0.106285     0.40106      0.228454    
-99.9806     -99.9449     266.523       0.182498     0.228454     0.209211    

Bond Length
0.62509514    0.0012765907

BB bond length
0.62509514    0.0012765907

Water EE distance
0             0           

PEG EE distance
3.4397962     0.05751087  

BBB P2(x)
0.082941391   0.0072135198

BBB first bond length
0.62528462    0.0014062091

BBB second bond length
0.62529703    0.0011919504

BBB <phi**2>/<phi>**2
1.1214059     0.0035682152

Time = 20000
Temperature
1.0116658     0.0065898501

Pressure
23.350071     0.07195758  

CM Mom
-3.5064172e-17 1.9362199e-17 
1.1329135e-16  3.5502575e-17 
-1.8319305e-17 1.6651459e-17 
1.2324283e-16  3.3523541e-17 

CM Pos
9.9985599      0.010715549   
9.9994319      0.0065759851  
10.002802      0.0093912759  
17.320969      0.012854964   

Stress
20.3017      0.00704621   -0.00632735   0.0697643    0.0429858    0.0549882   
0.00704621   20.3068      0.0100914     0.0429858    0.103634     0.0458877   
-0.00632735  0.0100914    20.3382       0.0549882    0.0458877    0.0757833   

Stress Spherical
0            0            0             0            0            0           
0            0            0             0            0            0           
0            0            0             0            0            0           

Inertia
266.702      -100.007     -99.9722      0.265694     0.16701      0.158779    
-100.007     266.691      -100.026      0.16701      0.349824     0.184576    
-99.9722     -100.026     266.616       0.158779     0.184576     0.286211    

Bond Length
0.62472317    0.0012821197

BB bond length
0.62472317    0.0012821197

Water EE distance
0             0           

PEG EE distance
3.4112997     0.038186772 

BBB P2(x)
0.079330558   0.0099397719

BBB first bond length
0.62502269    0.0013131625

BBB second bond length
0.62498533    0.001117529 

BBB <phi**2>/<phi>**2
1.1202908     0.0052191208

Time = 21000
Temperature
1.0126878     0.0057096597

Pressure
23.346364     0.037340657 

CM Mom
-2.817915e-17  1.0381213e-17 
1.4168773e-16  2.938136e-17  
-2.6360047e-18 1.3492583e-17 
1.4534306e-16  3.0081618e-17 

CM Pos
9.9987266      0.012811908   
10.003683      0.0095628001  
10.003385      0.0087514586  
17.323858      0.01406093    

Stress
20.3127      0.0119063    0.00490179    0.0640704    0.043417     0.027448    
0.0119063    20.3003      -0.00178784   0.043417     0.0485087    0.0325568   
0.00490179   -0.00178784  20.3133       0.027448     0.0325568    0.0674784   

Stress Spherical
0            0            0             0            0            0           
0            0            0             0            0            0           
0            0            0             0            0            0           

Inertia
266.816      -100.021     -99.9518      0.3077       0.193977     0.203301    
-100.021     266.698      -100.063      0.193977     0.378884     0.134028    
-99.9518     -100.063     266.691       0.203301     0.134028     0.314066    

Bond Length
0.62484822    0.0013679791

BB bond length
0.62484822    0.0013679791

Water EE distance
0             0           

PEG EE distance
3.4030865     0.061094706 

BBB P2(x)
0.077102572   0.012427391 

BBB first bond length
0.62495064    0.0015178125

BBB second bond length
0.62511355    0.0013894316

BBB <phi**2>/<phi>**2
1.1196134     0.0052126136

Time = 22000
Temperature
1.0141673     0.0045246464

Pressure
23.35248      0.067183468 

CM Mom
-1.7458391e-17 2.2238781e-17 
1.523953e-16   3.4903e-17    
-2.2767299e-17 2.109189e-17  
1.5859448e-16  3.2448628e-17 

CM Pos
10.000894      0.010712956   
10.000765      0.0088241844  
10.003552      0.012049657   
17.323524      0.0086357508  

Stress
20.2916      0.0180817    0.0143531     0.0561222    0.0393217    0.0383579   
0.0180817    20.2987      -0.0207754    0.0393217    0.0836008    0.0395725   
0.0143531    -0.0207754   20.3411       0.0383579    0.0395725    0.0954569   

Stress Spherical
0            0            0             0            0            0           
0            0            0             0            0            0           
0            0            0             0            0            0           

Inertia
266.775      -100.026     -100.07       0.241468     0.120409     0.140862    
-100.026     266.767      -100.022      0.120409     0.303382     0.08304     
-100.07      -100.022     266.694       0.140862     0.08304      0.302262    

Bond Length
0.62515131    0.0016759337

BB bond length
0.62515131    0.0016759337

Water EE distance
0             0           

PEG EE distance
3.4142633     0.064081492 

BBB P2(x)
0.083650411   0.012522016 

BBB first bond length
0.62554183    0.0020583424

BBB second bond length
0.62537165    0.0020166575

BBB <phi**2>/<phi>**2
1.1212738     0.0035700696

Time = 23000
Temperature
1.0119891     0.0065648971

Pressure
23.349795     0.06806823  

CM Mom
4.7761428e-18  2.0148276e-17 
1.55733e-16    5.5565012e-17 
-3.5639473e-17 2.2423034e-17 
1.6294825e-16  5.4679375e-17 

CM Pos
10.001727      0.010174167   
10.001516      0.007022962   
10.001135      0.007940327   
17.32304       0.0078206889  

Stress
20.349       0.000473722  -0.0224378    0.0634904    0.0452122    0.0627627   
0.000473722  20.2962      -0.000953227  0.0452122    0.0894713    0.0320772   
-0.0224378   -0.000953227 20.2978       0.0627627    0.0320772    0.0927432   

Stress Spherical
0            0            0             0            0            0           
0            0            0             0            0            0           
0            0            0             0            0            0           

Inertia
266.74       -100.035     -100.025      0.232934     0.0900705    0.137427    
-100.035     266.744      -100.029      0.0900705    0.279323     0.133447    
-100.025     -100.029     266.728       0.137427     0.133447     0.22726     

Bond Length
0.62517527    0.0016362891

BB bond length
0.62517527    0.0016362891

Water EE distance
0             0           

PEG EE distance
3.452156      0.038127    

BBB P2(x)
0.084435438   0.0084138104

BBB first bond length
0.62544963    0.0019781621

BBB second bond length
0.62582964    0.0015633529

BBB <phi**2>/<phi>**2
1.1204082     0.0028611452

Time = 24000
Temperature
1.0080838     0.0048812189

Pressure
23.332538     0.048144711 

CM Mom
-3.4937371e-18 1.1859904e-17 
1.3212515e-16  2.8286806e-17 
-2.8762924e-17 2.1272847e-17 
1.3731515e-16  2.888684e-17  

CM Pos
10.006144      0.011385365   
10.004516      0.0088693353  
9.9979675      0.010390026   
17.325495      0.012277869   

Stress
20.3238      0.0271776    0.00605961    0.042199     0.0484822    0.0240555   
0.0271776    20.3072      0.00755174    0.0484822    0.0600888    0.0306055   
0.00605961   0.00755174   20.2954       0.0240555    0.0306055    0.0836176   

Stress Spherical
0            0            0             0            0            0           
0            0            0             0            0            0           
0            0            0             0            0            0           

Inertia
266.732      -100.097     -100.068      0.295805     0.206802     0.216082    
-100.097     266.758      -100.018      0.206802     0.420648     0.165083    
-100.068     -100.018     266.879       0.216082     0.165083     0.333232    

Bond Length
0.62523012    0.0012686545

BB bond length
0.62523012    0.0012686545

Water EE distance
0             0           

PEG EE distance
3.3816695     0.043375818 

BBB P2(x)
0.078803057   0.0079975019

BBB first bond length
0.62549467    0.0014906124

BBB second bond length
0.62564231    0.0018770701

BBB <phi**2>/<phi>**2
1.1186268     0.0035904114

Time = 25000
Temperature
1.0099939     0.0074531685

Pressure
23.374665     0.053730488 

CM Mom
-1.0275439e-17 1.2989033e-17 
1.314888e-16   1.4596458e-17 
-4.6466762e-17 2.2885102e-17 
1.419669e-16   1.7462802e-17 

CM Pos
10.00156       0.0081854443  
9.998015       0.011809452   
10.002385      0.011007199   
17.321647      0.0091783545  

Stress
20.3564      -0.00736062  -0.00772237   0.0721951    0.0324034    0.0547372   
-0.00736062  20.3171      -0.00342796   0.0324034    0.0585102    0.0450908   
-0.00772237  -0.00342796  20.3621       0.0547372    0.0450908    0.0550759   

Stress Spherical
0            0            0             0            0            0           
0            0            0             0            0            0           
0            0            0             0            0            0           

Inertia
266.703      -100.048     -100.032      0.329943     0.127624     0.0976655   
-100.048     266.747      -99.9597      0.127624     0.200285     0.192667    
-100.032     -99.9597     266.649       0.0976655    0.192667     0.253107    

Bond Length
0.62453003    0.001383541 

BB bond length
0.62453003    0.001383541 

Water EE distance
0             0           

PEG EE distance
3.420547      0.053942548 

BBB P2(x)
0.083379672   0.0090962634

BBB first bond length
0.62494735    0.0017050295

BBB second bond length
0.62476701    0.001245478 

BBB <phi**2>/<phi>**2
1.1207462     0.0028921436

Time = 26000
Temperature
1.0111969     0.0035057045

Pressure
23.336279     0.039426919 

CM Mom
-3.13834e-17   1.9751626e-17 
1.3173916e-16  1.8595583e-17 
-3.4807592e-17 1.3657182e-17 
1.4191855e-16  1.8255435e-17 

CM Pos
9.9981432      0.011776464   
9.9965147      0.0087969827  
10.000551      0.010702576   
17.317748      0.011019771   

Stress
20.3038      0.0110317    0.0200268     0.0853983    0.0349857    0.0354037   
0.0110317    20.2978      0.00250878    0.0349857    0.0474212    0.0273498   
0.0200268    0.00250878   20.308        0.0354037    0.0273498    0.0491688   

Stress Spherical
0            0            0             0            0            0           
0            0            0             0            0            0           
0            0            0             0            0            0           

Inertia
266.637      -99.9649     -99.979       0.317162     0.129796     0.198554    
-99.9649     266.658      -99.9526      0.129796     0.350332     0.199791    
-99.979      -99.9526     266.552       0.198554     0.199791     0.282187    

Bond Length
0.62521867    0.001637304 

BB bond length
0.62521867    0.001637304 

Water EE distance
0             0           

PEG EE distance
3.4635029     0.052794864 

BBB P2(x)
0.080272527   0.0081176894

BBB first bond length
0.62514148    0.0015587473

BBB second bond length
0.62567735    0.0016478122

BBB <phi**2>/<phi>**2
1.1196165     0.0030471401

Time = 27000
Temperature
1.0097361     0.0045571109

Pressure
23.348433     0.075698212 

CM Mom
-3.1876346e-17 1.743804e-17  
1.4347444e-16  9.2353768e-18 
-2.8979685e-17 2.2241152e-17 
1.5213529e-16  1.3406672e-17 

CM Pos
10.00081       0.010726888   
9.9971815      0.012556419   
9.9974674      0.010970217   
17.317893      0.012686977   

Stress
20.3237      0.00946223   0.0121457     0.0689154    0.0457267    0.0349536   
0.00946223   20.3133      -0.0059159    0.0457267    0.098331     0.0424387   
0.0121457    -0.0059159   20.3222       0.0349536    0.0424387    0.0796617   

Stress Spherical
0            0            0             0            0            0           
0            0            0             0            0            0           
0            0            0             0            0            0           

Inertia
266.574      -99.9585     -99.9813      0.411712     0.191625     0.13764     
-99.9585     266.646      -99.9459      0.191625     0.297178     0.208993    
-99.9813     -99.9459     266.61        0.13764      0.208993     0.39681     

Bond Length
0.62476593    0.00169986  

BB bond length
0.62476593    0.00169986  

Water EE distance
0             0           

PEG EE distance
3.4142395     0.045070354 

BBB P2(x)
0.074002116   0.008843803 

BBB first bond length
0.62525455    0.0016932224

BBB second bond length
0.62505109    0.001811316 

BBB <phi**2>/<phi>**2
1.1180781     0.0048081151

Time = 28000
Temperature
1.0124118     0.0040909377

Pressure
23.333325     0.057535538 

CM Mom
-5.5145295e-17 1.9933624e-17 
1.3571691e-16  1.2696903e-17 
-4.0208896e-17 2.4419967e-17 
1.5504369e-16  1.3899277e-17 

CM Pos
10.00081       0.020245657   
10.000182      0.010982875   
9.9984675      0.011957931   
17.320203      0.021217866   

Stress
20.301       -0.00612863  -0.0432628    0.082432     0.0487356    0.0198969   
-0.00612863  20.3099      0.00895698    0.0487356    0.0688496    0.0548376   
-0.0432628   0.00895698   20.2789       0.0198969    0.0548376    0.0495758   

Stress Spherical
0            0            0             0            0            0           
