Time = 1000
Temperature
   1.4516935    0.88486456

Pressure
   28.756732     4.4691082

CM Mom
-4.8337452e-19 4.7656587e-17 
-2.4500692e-17 4.7799701e-17 
4.0585821e-17  7.7122177e-16 
5.1727737e-16  5.7793669e-16 

CM Pos
9.9960855      0.01060313    
10.009262      0.0064350319  
10.002576      0.011679323   
17.325091      0.009414082   

Stress
24.4595      -0.0217447   -0.00886046   2.02882      0.1166       0.0893797   
-0.0217447   24.3542      0.0120394     0.1166       1.91346      0.0535446   
-0.00886046  0.0120394    24.3934       0.0893797    0.0535446    1.98864     

Stress Spherical
0            0            0             0            0            0           
0            0            0             0            0            0           
0            0            0             0            0            0           

Inertia
268.487      -100.016     -100.013      7.1771       0.101678     0.165439    
-100.016     268.224      -100.051      0.101678     7.24192      0.189035    
-100.013     -100.051     268.365       0.165439     0.189035     7.30426     

Bond Length
0.61349521    0.022743446 

BB bond length
0.61349521    0.022743446 

Water EE distance
0             0           

PEG EE distance
5.8932108     0.56614413  

BBB P2(x)
0.090684776   0.026709469 

BBB first bond length
0.61378452    0.023359394 

BBB second bond length
0.61382461    0.022838032 

BBB <phi**2>/<phi>**2
1.123951      0.0081827662

Time = 2000
Temperature
1.0150409     0.011129601 

Pressure
25.758376     0.078498557 

CM Mom
1.0643724e-18  1.7441282e-17 
8.4335495e-18  2.2023758e-17 
-6.7263491e-17 1.181763e-16  
1.2140615e-16  6.7912179e-17 

CM Pos
10.008004      0.0078810519  
10.004845      0.014858265   
10.001659      0.01497678    
17.328896      0.010590401   

Stress
22.7497      -0.0425894   -0.0248721    0.093229     0.0705412    0.0511763   
-0.0425894   22.6743      -0.0284853    0.0705412    0.120265     0.0710912   
-0.0248721   -0.0284853   22.7173       0.0511763    0.0710912    0.0604269   

Stress Spherical
0            0            0             0            0            0           
0            0            0             0            0            0           
0            0            0             0            0            0           

Inertia
267.085      -100.133     -100.108      0.633631     0.179257     0.212955    
-100.133     267.142      -100.05       0.179257     0.506654     0.109346    
-100.108     -100.05      267.174       0.212955     0.109346     0.795379    

Bond Length
0.6040504     0.00062083572

BB bond length
0.6040504     0.00062083572

Water EE distance
0             0           

PEG EE distance
5.0566555     0.11820229  

BBB P2(x)
0.063899054   0.0030413124

BBB first bond length
0.60418094    0.00061712264

BBB second bond length
0.60427458    0.00062184192

BBB <phi**2>/<phi>**2
1.1160875     0.0020378643

Time = 3000
Temperature
1.0114619     0.0053515115

Pressure
25.734994     0.074918727 

CM Mom
4.4928152e-18  1.4885538e-17 
-1.2527023e-17 2.937613e-17  
-1.2365597e-16 3.3120557e-17 
1.2961419e-16  2.9147536e-17 

CM Pos
10.005254      0.010874817   
9.9972602      0.005731599   
9.9937414      0.012021663   
17.318352      0.013216653   

Stress
22.7041      0.0126431    -0.0112517    0.0592653    0.0585504    0.0494878   
0.0126431    22.6477      -0.0121185    0.0585504    0.0720168    0.0607998   
-0.0112517   -0.0121185   22.7515       0.0494878    0.0607998    0.139523    

Stress Spherical
0            0            0             0            0            0           
0            0            0             0            0            0           
0            0            0             0            0            0           

Inertia
266.585      -100.015     -99.9704      0.37852      0.109769     0.178418    
-100.015     266.763      -99.8836      0.109769     0.426648     0.152854    
-99.9704     -99.8836     266.802       0.178418     0.152854     0.269272    

Bond Length
0.60452382    0.00057399743

BB bond length
0.60452382    0.00057399743

Water EE distance
0             0           

PEG EE distance
4.7566114     0.068451438 

BBB P2(x)
0.056599928   0.0034173553

BBB first bond length
0.60463834    0.0006102254

BBB second bond length
0.60472567    0.00064679394

BBB <phi**2>/<phi>**2
1.1146741     0.0018032574

Time = 4000
Temperature
1.0095668     0.0034572024

Pressure
25.698351     0.083099482 

CM Mom
-4.6711167e-18 2.5093918e-17 
-6.4742575e-18 1.8772823e-17 
-8.9232394e-17 1.1538238e-17 
9.4891266e-17  1.1707165e-17 

CM Pos
9.9985026      0.0066578731  
9.9988438      0.008897487   
10.000076      0.010158792   
17.319023      0.010852182   

Stress
22.6796      -0.0188145   -0.0164404    0.120702     0.0687118    0.0682959   
-0.0188145   22.6354      -0.0164635    0.0687118    0.128929     0.0501716   
-0.0164404   -0.0164635   22.6954       0.0682959    0.0501716    0.068924    

Stress Spherical
0            0            0             0            0            0           
0            0            0             0            0            0           
0            0            0             0            0            0           

Inertia
266.696      -100.008     -100.014      0.22533      0.127734     0.133348    
-100.008     266.686      -99.9802      0.127734     0.259092     0.180094    
-100.014     -99.9802     266.656       0.133348     0.180094     0.181552    

Bond Length
0.60467353    0.00052607206

BB bond length
0.60467353    0.00052607206

Water EE distance
0             0           

PEG EE distance
4.5680483     0.041596894 

BBB P2(x)
0.055413448   0.0027231292

BBB first bond length
0.60486568    0.0005480572

BBB second bond length
0.60477891    0.00055015234

BBB <phi**2>/<phi>**2
1.1132916     0.0010987934

Time = 5000
Temperature
1.0123195     0.0057242825

Pressure
25.715526     0.054930603 

CM Mom
-2.2758624e-17 2.5898038e-17 
1.5962116e-19  2.2664976e-17 
-6.7425194e-17 1.5682428e-17 
7.9224253e-17  1.4764928e-17 

CM Pos
9.9999195      0.007022962   
10.001844      0.0091393567  
10.00716       0.014479646   
17.325667      0.011930307   

Stress
22.6655      -0.0152076   -0.0323674    0.0662517    0.0722139    0.0503534   
-0.0152076   22.679       0.00573752    0.0722139    0.0983781    0.0701753   
-0.0323674   0.00573752   22.6927       0.0503534    0.0701753    0.0718324   

Stress Spherical
0            0            0             0            0            0           
0            0            0             0            0            0           
0            0            0             0            0            0           

Inertia
266.822      -100.006     -100.085      0.343999     0.146505     0.21984     
-100.006     266.774      -100.095      0.146505     0.382784     0.226594    
-100.085     -100.095     266.656       0.21984      0.226594     0.279348    

Bond Length
0.60471207    0.00058935481

BB bond length
0.60471207    0.00058935481

Water EE distance
0             0           

PEG EE distance
4.44898       0.049723615 

BBB P2(x)
0.052438706   0.004371442 

BBB first bond length
0.60492166    0.00061834359

BBB second bond length
0.60484837    0.00061403531

BBB <phi**2>/<phi>**2
1.1132884     0.0022014389

Time = 6000
Temperature
1.0071717     0.0056549626

Pressure
25.723876     0.077046706 

CM Mom
-2.5634812e-17 1.8261115e-17 
-1.7908338e-17 1.7669528e-17 
-4.4256356e-17 1.6534397e-17 
6.0790485e-17  1.265152e-17  

CM Pos
10.007587      0.0073022824  
10.007762      0.0079355137  
10.010411      0.0098702259  
17.335386      0.006551687   

Stress
22.7252      -0.00736152  0.000321484   0.108861     0.0262197    0.063623    
-0.00736152  22.6568      -0.0131196    0.0262197    0.110083     0.0480092   
0.000321484  -0.0131196   22.7265       0.063623     0.0480092    0.0938179   

Stress Spherical
0            0            0             0            0            0           
0            0            0             0            0            0           
0            0            0             0            0            0           

Inertia
267          -100.148     -100.183      0.210193     0.145758     0.11429     
-100.148     266.994      -100.165      0.145758     0.236593     0.112695    
-100.183     -100.165     266.937       0.11429      0.112695     0.205395    

Bond Length
0.60429696    0.00054187576

BB bond length
0.60429696    0.00054187576

Water EE distance
0             0           

PEG EE distance
4.3656544     0.037556785 

BBB P2(x)
0.054396094   0.0036783618

BBB first bond length
0.60446378    0.00052148848

BBB second bond length
0.60447073    0.00060982179

BBB <phi**2>/<phi>**2
1.1137446     0.0015827601

Time = 7000
Temperature
1.0113416     0.0041764888

Pressure
25.707346     0.050293612 

CM Mom
-3.4863922e-17 1.1775348e-17 
6.723174e-18   1.5810119e-17 
-5.034012e-17  2.5584365e-17 
6.4886328e-17  2.5055233e-17 

CM Pos
9.9981692      0.0099769796  
9.9991772      0.0088190659  
10.00291       0.012233601   
17.320662      0.011843599   

Stress
22.7337      -0.00123682  -0.00296491   0.0435617    0.0501223    0.0707737   
-0.00123682  22.6383      -0.0340603    0.0501223    0.0996084    0.0606133   
-0.00296491  -0.0340603   22.6495       0.0707737    0.0606133    0.0633776   

Stress Spherical
0            0            0             0            0            0           
0            0            0             0            0            0           
0            0            0             0            0            0           

Inertia
266.722      -100.004     -100.018      0.341059     0.133454     0.16938     
-100.004     266.702      -100.052      0.133454     0.402878     0.181737    
-100.018     -100.052     266.612       0.16938      0.181737     0.270103    

Bond Length
0.604089      0.00053469911

BB bond length
0.604089      0.00053469911

Water EE distance
0             0           

PEG EE distance
4.3810063     0.021838707 

BBB P2(x)
0.051233422   0.0033364478

BBB first bond length
0.60426893    0.00058457738

BBB second bond length
0.60421063    0.00051672668

BBB <phi**2>/<phi>**2
1.1131504     0.001784838 

Time = 8000
Temperature
1.0092774     0.0067427347

Pressure
25.704132     0.05295934  

CM Mom
-4.9916082e-17 2.1986259e-17 
6.7222487e-18  1.9387753e-17 
-5.4765775e-17 2.7816783e-17 
8.1224428e-17  2.3911093e-17 

CM Pos
10.000086      0.018769973   
10.001261      0.0088367713  
10.001576      0.010873539   
17.322205      0.01538284    

Stress
22.6931      0.00888515   -0.0235043    0.0800692    0.0694143    0.0467407   
0.00888515   22.6693      0.0223634     0.0694143    0.0774682    0.043927    
-0.0235043   0.0223634    22.668        0.0467407    0.043927     0.0701044   

Stress Spherical
0            0            0             0            0            0           
0            0            0             0            0            0           
0            0            0             0            0            0           

Inertia
266.748      -100.035     -99.9615      0.291596     0.265095     0.195455    
-100.035     266.732      -100.04       0.265095     0.418799     0.136024    
-99.9615     -100.04      266.701       0.195455     0.136024     0.477367    

Bond Length
0.60452423    0.00050035016

BB bond length
0.60452423    0.00050035016

Water EE distance
0             0           

PEG EE distance
4.3477829     0.021965182 

BBB P2(x)
0.050556167   0.0023494113

BBB first bond length
0.60471526    0.00056392264

BBB second bond length
0.60468438    0.00050193338

BBB <phi**2>/<phi>**2
1.1130253     0.0013950507

Time = 9000
Temperature
1.0097001     0.0050676363

Pressure
25.731406     0.066722942 

CM Mom
-5.7963996e-17 1.6870294e-17 
-4.031244e-18  1.4226779e-17 
-4.1689346e-17 1.9747314e-17 
7.6748291e-17  1.0037019e-17 

CM Pos
10.003087      0.010110812   
10.001344      0.0079140373  
10.005493      0.009459451   
17.326243      0.0082073212  

Stress
22.7259      0.00125004   -0.0138693    0.0960411    0.0575041    0.0547988   
0.00125004   22.6872      -0.00336358   0.0575041    0.0536542    0.0733647   
-0.0138693   -0.00336358  22.6952       0.0547988    0.0733647    0.0878242   

Stress Spherical
0            0            0             0            0            0           
0            0            0             0            0            0           
0            0            0             0            0            0           

Inertia
266.825      -100.074     -100.101      0.233023     0.119752     0.177558    
-100.074     266.847      -100.035      0.119752     0.26105      0.120139    
-100.101     -100.035     266.756       0.177558     0.120139     0.17285     

Bond Length
0.60421108    0.00034843951

BB bond length
0.60421108    0.00034843951

Water EE distance
0             0           

PEG EE distance
4.314302      0.032675952 

BBB P2(x)
0.049039959   0.0044841114

BBB first bond length
0.6044349     0.00038130998

BBB second bond length
0.60441344    0.0004663814

BBB <phi**2>/<phi>**2
1.1113172     0.0020759794

Time = 10000
Temperature
1.0104237     0.0058433005

Pressure
25.733456     0.047739299 

CM Mom
-8.6593324e-17 8.0000452e-18 
-3.9104872e-18 1.3107338e-17 
-3.3803136e-17 2.3805449e-17 
9.6233974e-17  1.4066714e-17 

CM Pos
10.001253      0.011306996   
9.9973435      0.0082845632  
10.002326      0.0089337184  
17.321047      0.0093518809  

Stress
22.6737      0.0206035    -0.00757529   0.0621242    0.0415172    0.0442675   
0.0206035    22.6937      0.0193053     0.0415172    0.0952362    0.0379111   
-0.00757529  0.0193053    22.7407       0.0442675    0.0379111    0.0831106   

Stress Spherical
0            0            0             0            0            0           
0            0            0             0            0            0           
0            0            0             0            0            0           

Inertia
266.659      -100.018     -100.042      0.164324     0.148418     0.174251    
-100.018     266.739      -100.034      0.148418     0.325849     0.132896    
-100.042     -100.034     266.655       0.174251     0.132896     0.303897    

Bond Length
0.60458332    0.00072354277

BB bond length
0.60458332    0.00072354277

Water EE distance
0             0           

PEG EE distance
4.3370935     0.013940802 

BBB P2(x)
0.05172575    0.0046642568

BBB first bond length
0.60477172    0.00083872876

BBB second bond length
0.60478973    0.00066447059

BBB <phi**2>/<phi>**2
1.1125506     0.0019576103

Time = 11000
Temperature
1.0073918     0.0052654818

Pressure
25.728038     0.070908996 

CM Mom
-9.5611747e-17 2.3347066e-17 
-2.1472401e-17 2.1301741e-17 
-5.6720108e-17 2.5356518e-17 
1.1776925e-16  2.4332025e-17 

CM Pos
10.003087      0.013612926   
10.001011      0.012419575   
9.9965752      0.0091150012  
17.320904      0.013161298   

Stress
22.7596      0.0387073    0.0147419     0.0802525    0.0371368    0.0713491   
0.0387073    22.6522      0.0148163     0.0371368    0.0908744    0.0509237   
0.0147419    0.0148163    22.7073       0.0713491    0.0509237    0.080505    

Stress Spherical
0            0            0             0            0            0           
0            0            0             0            0            0           
0            0            0             0            0            0           

Inertia
266.627      -100.051     -99.9698      0.242972     0.180864     0.209279    
-100.051     266.649      -100.017      0.180864     0.345949     0.134996    
-99.9698     -100.017     266.738       0.209279     0.134996     0.408444    

Bond Length
0.60415894    0.00036635015

BB bond length
0.60415894    0.00036635015

Water EE distance
0             0           

PEG EE distance
4.3469243     0.031197382 

BBB P2(x)
0.050617358   0.0045808894

BBB first bond length
0.60424929    0.00032876697

BBB second bond length
0.60431225    0.00041137302

BBB <phi**2>/<phi>**2
1.1127791     0.0018464866

Time = 12000
Temperature
1.009449      0.0048586205

Pressure
25.735958     0.06023192  

CM Mom
-9.2066133e-17 1.0303427e-17 
-3.0291123e-17 2.1389715e-17 
-6.7409521e-17 1.7759491e-17 
1.2096676e-16  1.356062e-17  

CM Pos
10.001253      0.0095990532  
9.9993439      0.0093646087  
10.007577      0.007273687   
17.325232      0.010618016   

Stress
22.7237      -1.7358e-05  0.0166814     0.0773781    0.0563158    0.0378544   
-1.7358e-05  22.6977      0.0201645     0.0563158    0.107445     0.060614    
0.0166814    0.0201645    22.7029       0.0378544    0.060614     0.105709    

Stress Spherical
0            0            0             0            0            0           
0            0            0             0            0            0           
0            0            0             0            0            0           

Inertia
266.841      -100.032     -100.109      0.286007     0.166676     0.154022    
-100.032     266.85       -100.072      0.166676     0.282684     0.149888    
-100.109     -100.072     266.702       0.154022     0.149888     0.332161    

Bond Length
0.60425191    0.00075916878

BB bond length
0.60425191    0.00075916878

Water EE distance
0             0           

PEG EE distance
4.3722558     0.022631759 

BBB P2(x)
0.051493521   0.0022585485

BBB first bond length
0.6043666     0.00075666212

BBB second bond length
0.60446104    0.0008360098

BBB <phi**2>/<phi>**2
1.1123628     0.0013740714

Time = 13000
Temperature
1.0089043     0.0038188701

Pressure
25.753252     0.067017887 

CM Mom
-8.787226e-17  6.0055387e-18 
-4.6004496e-17 1.5492584e-17 
-6.2221139e-17 1.1155119e-17 
1.1845236e-16  8.8869938e-18 

CM Pos
10.007337      0.014510319   
10.002178      0.0076824262  
10.00666       0.0059690813  
17.329854      0.0094921325  

Stress
22.7064      -0.018256    0.0114571     0.0821715    0.0709707    0.0536151   
-0.018256    22.7492      -0.0131166    0.0709707    0.102275     0.0660218   
0.0114571    -0.0131166   22.7256       0.0536151    0.0660218    0.0953923   

Stress Spherical
0            0            0             0            0            0           
0            0            0             0            0            0           
0            0            0             0            0            0           

Inertia
266.874      -100.127     -100.133      0.149691     0.178421     0.160762    
-100.127     266.965      -100.107      0.178421     0.210433     0.132891    
-100.133     -100.107     266.864       0.160762     0.132891     0.371325    

Bond Length
0.60405897    0.00062712539

BB bond length
0.60405897    0.00062712539

Water EE distance
0             0           

PEG EE distance
4.3880752     0.04297282  

BBB P2(x)
0.054348861   0.0029675437

BBB first bond length
0.60424057    0.00071441568

BBB second bond length
0.60421429    0.00061459575

BBB <phi**2>/<phi>**2
1.1137897     0.00090805343

Time = 14000
Temperature
1.0160629     0.0082018616

Pressure
25.795314     0.045803608 

CM Mom
-1.0163964e-16 2.0589822e-17 
-5.7687782e-17 1.0951899e-17 
-5.89066e-17   2.961963e-17  
1.3480582e-16  1.9418606e-17 

CM Pos
9.9953354      0.0095776805  
10.002178      0.012237008   
10.001993      0.010451689   
17.320232      0.0080788642  

Stress
22.7599      -0.0325999   -0.00736306   0.0657445    0.0428798    0.083134    
-0.0325999   22.7358      0.0015952     0.0428798    0.0559157    0.042705    
-0.00736306  0.0015952    22.7472       0.083134     0.042705     0.073168    

Stress Spherical
0            0            0             0            0            0           
0            0            0             0            0            0           
0            0            0             0            0            0           

Inertia
266.744      -99.9969     -99.9134      0.275457     0.177736     0.136429    
-99.9969     266.631      -100.031      0.177736     0.249596     0.133283    
-99.9134     -100.031     266.602       0.136429     0.133283     0.315971    

Bond Length
0.60439616    0.00039569166

BB bond length
0.60439616    0.00039569166

Water EE distance
0             0           

PEG EE distance
4.4215801     0.024865929 

BBB P2(x)
0.049143541   0.0034508709

BBB first bond length
0.60458435    0.00041992428

BBB second bond length
0.60459027    0.00046702961

BBB <phi**2>/<phi>**2
1.111834      0.0018295758

Time = 15000
Temperature
1.0134317     0.0049352333

Pressure
25.744571     0.066464144 

CM Mom
-1.201107e-16  2.9560998e-17 
-5.5752144e-17 1.3392047e-17 
-5.8461598e-17 1.6965092e-17 
1.4722892e-16  2.4845501e-17 

CM Pos
9.996919       0.014041967   
9.9991772      0.0081134146  
10.00266       0.0093412125  
17.319797      0.010679951   

Stress
22.6728      -0.00357356  0.0201267     0.0838457    0.0726196    0.0547875   
-0.00357356  22.7351      0.024274      0.0726196    0.131121     0.0654705   
0.0201267    0.024274     22.7065       0.0547875    0.0654705    0.0759432   

Stress Spherical
0            0            0             0            0            0           
0            0            0             0            0            0           
0            0            0             0            0            0           

Inertia
266.719      -99.9564     -100.003      0.266444     0.197381     0.145529    
-99.9564     266.693      -100          0.197381     0.281312     0.143528    
-100.003     -100         266.621       0.145529     0.143528     0.336659    

Bond Length
0.60445771    0.0004414657

BB bond length
0.60445771    0.0004414657

Water EE distance
0             0           

PEG EE distance
4.4666151     0.013456672 

BBB P2(x)
0.053068059   0.0031773532

BBB first bond length
0.60460041    0.00045907929

BBB second bond length
0.60461316    0.00039406124

BBB <phi**2>/<phi>**2
1.1126404     0.0013657936

Time = 16000
Temperature
1.0131921     0.0042257257

Pressure
25.773264     0.0586167   

CM Mom
-1.3984919e-16 1.6752654e-17 
-4.7655824e-17 2.3985937e-17 
-5.4296874e-17 1.1924117e-17 
1.6000242e-16  1.3206501e-17 

CM Pos
9.9983359      0.012028884   
9.9977603      0.0098564921  
10.00641       0.0057115658  
17.321962      0.0085934476  

Stress
22.7308      -0.0278301   -0.0264277    0.0902318    0.0412628    0.0507398   
-0.0278301   22.7327      -0.00690434   0.0412628    0.101126     0.071803    
-0.0264277   -0.00690434  22.7391       0.0507398    0.071803     0.102356    

Stress Spherical
0            0            0             0            0            0           
0            0            0             0            0            0           
0            0            0             0            0            0           

Inertia
266.775      -99.9824     -100.037      0.220108     0.161103     0.146631    
-99.9824     266.772      -99.9859      0.161103     0.286501     0.172477    
-100.037     -99.9859     266.588       0.146631     0.172477     0.270272    

Bond Length
0.60442288    0.00055979105

BB bond length
0.60442288    0.00055979105

Water EE distance
0             0           

PEG EE distance
4.4190222     0.039802251 

BBB P2(x)
0.054422445   0.0034195695

BBB first bond length
0.60460508    0.00061031926

BBB second bond length
0.60469313    0.00059647379

BBB <phi**2>/<phi>**2
1.1133747     0.0013936411

Time = 17000
Temperature
1.0113437     0.0038991485

Pressure
25.7295       0.046953311 

CM Mom
-1.3957321e-16 1.6051813e-17 
-4.0562398e-17 1.561383e-17  
-8.2350178e-17 2.6907042e-17 
1.6994432e-16  1.5871693e-17 

CM Pos
10.00142       0.0077275059  
9.99601        0.0096351699  
10.009827      0.0083800236  
17.324705      0.0078235511  

Stress
22.7         -0.0128344   -0.0433169    0.0427488    0.0513811    0.0653632   
-0.0128344   22.7346      0.00884465    0.0513811    0.0532922    0.0466209   
-0.0433169   0.00884465   22.6533       0.0653632    0.0466209    0.0597305   

Stress Spherical
0            0            0             0            0            0           
0            0            0             0            0            0           
0            0            0             0            0            0           

Inertia
266.789      -99.9792     -100.135      0.340022     0.103547     0.138262    
-99.9792     266.89       -100.066      0.103547     0.235246     0.152124    
-100.135     -100.066     266.595       0.138262     0.152124     0.161529    

Bond Length
0.60456015    0.00036792767

BB bond length
0.60456015    0.00036792767

Water EE distance
0             0           

PEG EE distance
4.3920289     0.016339493 

BBB P2(x)
0.050927056   0.0044617125

BBB first bond length
0.60474937    0.00033329147

BBB second bond length
0.60474591    0.00042953516

BBB <phi**2>/<phi>**2
1.1122369     0.0017014125

Time = 18000
Temperature
1.0128533     0.0057371524

Pressure
25.756161     0.056782745 

CM Mom
-1.4908223e-16 1.7321323e-17 
-3.1712908e-17 1.2322835e-17 
-7.9156829e-17 1.8137642e-17 
1.7297213e-16  1.8934644e-17 

CM Pos
9.9959188      0.009711293   
9.9983437      0.010233736   
10.002576      0.0066238761  
17.318689      0.0082565844  

Stress
22.7247      0.00162869   -0.00850168   0.0874282    0.0426392    0.0621535   
0.00162869   22.739       -0.0129131    0.0426392    0.074084     0.0461818   
-0.00850168  -0.0129131   22.6906       0.0621535    0.0461818    0.0852055   

Stress Spherical
0            0            0             0            0            0           
0            0            0             0            0            0           
0            0            0             0            0            0           

Inertia
266.677      -99.9548     -99.9965      0.263266     0.149597     0.122222    
-99.9548     266.645      -100.035      0.149597     0.274377     0.122864    
-99.9965     -100.035     266.538       0.122222     0.122864     0.307115    

Bond Length
0.60445533    0.0008403452

BB bond length
0.60445533    0.0008403452

Water EE distance
0             0           

PEG EE distance
4.3647173     0.020770716 

BBB P2(x)
0.051639361   0.0043744161

BBB first bond length
0.6046962     0.00084866371

BBB second bond length
0.60459852    0.00090355696

BBB <phi**2>/<phi>**2
1.1124023     0.0018565648

Time = 19000
Temperature
1.0116563     0.0057522002

Pressure
25.72216      0.055251952 

CM Mom
-1.5812998e-16 1.5410848e-17 
-1.6490717e-17 1.2994196e-17 
-7.8957881e-17 1.3237226e-17 
1.7872668e-16  1.2236101e-17 

CM Pos
10.002753      0.008790663   
9.999844       0.0096625283  
9.9938247      0.0063261587  
17.318448      0.0067542742  

Stress
22.6909      0.0104576    -0.00706348   0.0760542    0.0502869    0.0467968   
0.0104576    22.6729      0.0119283     0.0502869    0.0760731    0.0551607   
-0.00706348  0.0119283    22.6993       0.0467968    0.0551607    0.0781993   

Stress Spherical
0            0            0             0            0            0           
0            0            0             0            0            0           
0            0            0             0            0            0           

Inertia
266.513      -100.008     -99.9497      0.197428     0.165736     0.149646    
-100.008     266.611      -99.9621      0.165736     0.187384     0.0804238   
-99.9497     -99.9621     266.68        0.149646     0.0804238    0.27461     

Bond Length
0.60428545    0.00033463764

BB bond length
0.60428545    0.00033463764

Water EE distance
0             0           

PEG EE distance
4.344084      0.025451426 

BBB P2(x)
0.051937457   0.0022967551

BBB first bond length
0.60447716    0.00026430456

BBB second bond length
0.60448198    0.00039957777

BBB <phi**2>/<phi>**2
1.1125673     0.001294376 

Time = 20000
Temperature
1.0126348     0.0059395459

Pressure
25.724467     0.071795169 

CM Mom
-1.4921872e-16 1.5408341e-17 
-8.2653689e-18 1.1431792e-17 
-8.8559903e-17 1.7202153e-17 
1.7467861e-16  1.8132849e-17 

CM Pos
10.006087      0.0080567068  
9.9934262      0.010654436   
9.9996591      0.015805456   
17.320039      0.014101236   

Stress
22.7026      0.0136396    -0.047107     0.121647     0.0377063    0.0435288   
0.0136396    22.7208      0.0123443     0.0377063    0.0830096    0.0685321   
-0.047107    0.0123443    22.6378       0.0435288    0.0685321    0.0939695   

Stress Spherical
0            0            0             0            0            0           
0            0            0             0            0            0           
0            0            0             0            0            0           

Inertia
266.484      -99.9594     -100.105      0.439568     0.219596     0.164407    
-99.9594     266.741      -99.9345      0.219596     0.305313     0.25131     
-100.105     -99.9345     266.566       0.164407     0.25131      0.320562    

Bond Length
0.60452672    0.00049646585

BB bond length
0.60452672    0.00049646585

Water EE distance
0             0           

PEG EE distance
4.3326575     0.017450943 

BBB P2(x)
0.050878275   0.0031680753

BBB first bond length
0.60469371    0.00057023488

BBB second bond length
0.60472446    0.0004886397

BBB <phi**2>/<phi>**2
1.1120275     0.0015248098

Time = 21000
Temperature
1.0139462     0.0051460181

Pressure
25.722096     0.054146861 

CM Mom
-1.4854623e-16 1.5805578e-17 
-1.2449178e-17 8.0653366e-18 
-8.7272061e-17 1.2576087e-17 
1.7370566e-16  1.1693758e-17 

CM Pos
10.005587      0.0075086552  
10.000177      0.011001834   
9.9982422      0.0096481388  
17.322827      0.0099193896  

Stress
22.6822      0.00726783   0.0206532     0.102484     0.0266501    0.0373148   
0.00726783   22.6607      -0.0135307    0.0266501    0.0528084    0.0596516   
0.0206532    -0.0135307   22.6995       0.0373148    0.0596516    0.0912248   

Stress Spherical
0            0            0             0            0            0           
0            0            0             0            0            0           
0            0            0             0            0            0           

Inertia
266.618      -100.085     -100.008      0.252238     0.157357     0.163047    
-100.085     266.698      -99.9548      0.157357     0.228093     0.125874    
-100.008     -99.9548     266.721       0.163047     0.125874     0.295952    

Bond Length
0.60440584    0.00051681269

BB bond length
0.60440584    0.00051681269

Water EE distance
0             0           

PEG EE distance
4.3088469     0.028776526 

BBB P2(x)
0.052605635   0.0036970493

BBB first bond length
0.60460555    0.00049901157

BBB second bond length
0.60460651    0.00061281368

BBB <phi**2>/<phi>**2
1.1130464     0.0018419586

Time = 22000
Temperature
1.0120414     0.0024913441

Pressure
25.781156     0.046902127 

CM Mom
-1.5548686e-16 2.0452657e-17 
-1.9994286e-18 1.7355127e-17 
-7.0810608e-17 1.1584575e-17 
1.7210089e-16  2.0719606e-17 

CM Pos
9.991168       0.015063728   
9.9961767      0.013872744   
10.004326      0.0095107182  
17.315711      0.013862267   

Stress
22.7381      0.00843056   -0.0136219    0.116135     0.0564427    0.080588    
0.00843056   22.7266      -0.0151761    0.0564427    0.0499685    0.0565108   
-0.0136219   -0.0151761   22.7719       0.080588     0.0565108    0.101434    

Stress Spherical
0            0            0             0            0            0           
0            0            0             0            0            0           
0            0            0             0            0            0           

Inertia
266.667      -99.8731     -99.9541      0.37251      0.187026     0.236494    
-99.8731     266.541      -99.992       0.187026     0.381405     0.18374     
-99.9541     -99.992      266.389       0.236494     0.18374      0.401837    

Bond Length
0.60411994    0.00047448507

BB bond length
0.60411994    0.00047448507

Water EE distance
0             0           

PEG EE distance
4.3108711     0.04236061  

BBB P2(x)
0.05156631    0.0031754979

BBB first bond length
0.60429033    0.00048404218

BBB second bond length
0.60436561    0.00045453072

BBB <phi**2>/<phi>**2
1.1130133     0.0013385319

Time = 23000
Temperature
1.0125323     0.0040684944

Pressure
25.706034     0.062112232 

CM Mom
-1.2279679e-16 1.5194145e-17 
1.3203041e-17  1.6589383e-17 
-8.9112216e-17 2.1499926e-17 
1.5451988e-16  1.6919915e-17 

CM Pos
9.9959188      0.0095526246  
10.003511      0.0048197474  
10.001326      0.0084838304  
17.32095       0.0067254465  

Stress
22.6793      -0.00555677  0.0100656     0.113406     0.0793759    0.0543471   
-0.00555677  22.6639      -0.0364069    0.0793759    0.0864238    0.0499913   
0.0100656    -0.0364069   22.6636       0.0543471    0.0499913    0.043859    

Stress Spherical
0            0            0             0            0            0           
0            0            0             0            0            0           
0            0            0             0            0            0           

Inertia
266.74       -100.051     -99.9676      0.23567      0.0869311    0.138068    
-100.051     266.606      -100.037      0.0869311    0.33369      0.142441    
-99.9676     -100.037     266.648       0.138068     0.142441     0.15851     

Bond Length
0.60462432    0.00063867178

BB bond length
0.60462432    0.00063867178

Water EE distance
0             0           

PEG EE distance
4.3334099     0.042632739 

BBB P2(x)
0.050078711   0.0043339392

BBB first bond length
0.60482199    0.00065527909

BBB second bond length
0.60483636    0.00069482585

BBB <phi**2>/<phi>**2
1.1124952     0.0014247051

Time = 24000
Temperature
1.0116757     0.0072269897

Pressure
25.734004     0.048058016 

CM Mom
-1.0846906e-16 1.3112639e-17 
1.5704178e-17  2.6679552e-17 
-6.0718734e-17 4.4781316e-17 
1.3430392e-16  2.3462452e-17 

CM Pos
10.000253      0.010195652   
10.002178      0.0074808487  
9.9949916      0.0087689044  
17.319024      0.010134096   

Stress
22.7028      -0.0101934   0.0323123     0.0549792    0.0636434    0.0370943   
-0.0101934   22.686       0.00465778    0.0636434    0.0800726    0.0420036   
0.0323123    0.00465778   22.7096       0.0370943    0.0420036    0.0965175   

Stress Spherical
0            0            0             0            0            0           
0            0            0             0            0            0           
0            0            0             0            0            0           

Inertia
266.564      -100.075     -99.9302      0.298276     0.11272      0.194051    
-100.075     266.564      -99.9953      0.11272      0.288039     0.152248    
-99.9302     -99.9953     266.699       0.194051     0.152248     0.224396    

Bond Length
0.60404253    0.00048100077

BB bond length
0.60404253    0.00048100077

Water EE distance
0             0           

PEG EE distance
4.3764301     0.016960033 

BBB P2(x)
0.049736632   0.0040948865

BBB first bond length
0.60425607    0.00052624762

BBB second bond length
0.60424448    0.00043370477

BBB <phi**2>/<phi>**2
1.1116587     0.0016893278

Time = 25000
Temperature
1.0100706     0.0048789908

Pressure
25.745187     0.042020704 

CM Mom
-1.0587475e-16 1.469384e-17  
5.1438498e-18  1.7596931e-17 
-6.0735043e-17 1.3728168e-17 
1.239928e-16   1.6262724e-17 

CM Pos
10.005587      0.011601742   
10.003094      0.0066411579  
9.9951583      0.011561255   
17.322732      0.011493937   

Stress
22.7325      0.0198156    0.0127985     0.126564     0.0436206    0.0682879   
0.0198156    22.6934      0.00205653    0.0436206    0.0686475    0.0725145   
0.0127985    0.00205653   22.7205       0.0682879    0.0725145    0.0815682   

Stress Spherical
0            0            0             0            0            0           
0            0            0             0            0            0           
0            0            0             0            0            0           

Inertia
266.585      -100.088     -100.019      0.258483     0.163345     0.187663    
-100.088     266.655      -99.9711      0.163345     0.352055     0.178818    
-100.019     -99.9711     266.825       0.187663     0.178818     0.332177    

Bond Length
0.60433739    0.00051201699

BB bond length
0.60433739    0.00051201699

Water EE distance
0             0           

PEG EE distance
4.3776773     0.0081176021

BBB P2(x)
0.051167698   0.0022410685

BBB first bond length
0.60447954    0.00053323963

BBB second bond length
0.60456534    0.00051916718

BBB <phi**2>/<phi>**2
1.1127414     0.0016421263

Time = 26000
Temperature
1.0150706     0.007535192 

Pressure
25.733092     0.074723181 

CM Mom
-8.8365004e-17 2.1886368e-17 
2.6851056e-18  1.4476006e-17 
-6.2579824e-17 1.6034202e-17 
1.1075708e-16  2.0257108e-17 

CM Pos
10.00042       0.0094898785  
9.9952599      0.0081684532  
10.003326      0.0098649459  
17.319939      0.011179091   

Stress
22.6888      -0.00514298  -0.00983455   0.0682638    0.049165     0.064088    
-0.00514298  22.7119      0.00880142    0.049165     0.0913841    0.0500588   
-0.00983455  0.00880142   22.6645       0.064088     0.0500588    0.087291    

Stress Spherical
0            0            0             0            0            0           
0            0            0             0            0            0           
0            0            0             0            0            0           

Inertia
266.582      -99.9231     -100.084      0.30094      0.138609     0.189545    
-99.9231     266.711      -99.975       0.138609     0.305225     0.185877    
-100.084     -99.975      266.568       0.189545     0.185877     0.277548    

Bond Length
0.60466706    0.00053829752

BB bond length
0.60466706    0.00053829752

Water EE distance
0             0           

PEG EE distance
4.3838246     0.038426823 

BBB P2(x)
0.050370172   0.0040382888

BBB first bond length
0.60483799    0.00057426608

BBB second bond length
0.60479669    0.00053265631

BBB <phi**2>/<phi>**2
1.1116937     0.0013712145

Time = 27000
Temperature
1.0130527     0.0033074931

Pressure
25.723527     0.10831042  

CM Mom
-1.042713e-16  1.5429115e-17 
2.7699246e-17  1.7267396e-17 
-8.4581288e-17 2.6283431e-17 
1.401871e-16   1.9192766e-17 

CM Pos
10.003087      0.012036678   
10.002094      0.013680375   
10.000826      0.013238573   
17.323989      0.0079519295  

Stress
22.6809      -0.00485371  -0.00135988   0.114032     0.0485626    0.062611    
-0.00485371  22.6997      -0.020514     0.0485626    0.104351     0.0388915   
-0.00135988  -0.020514    22.674        0.062611     0.0388915    0.124803    

Stress Spherical
0            0            0             0            0            0           
0            0            0             0            0            0           
0            0            0             0            0            0           

Inertia
266.716      -100.034     -100.068      0.273257     0.212781     0.127336    
-100.034     266.763      -100.021      0.212781     0.258342     0.148956    
-100.068     -100.021     266.797       0.127336     0.148956     0.416097    

Bond Length
0.60443351    0.00052586109

BB bond length
0.60443351    0.00052586109

Water EE distance
0             0           

PEG EE distance
4.4808299     0.043958717 

BBB P2(x)
0.055146448   0.0033561646

BBB first bond length
0.60458946    0.00061263744

BBB second bond length
0.60463135    0.00055390791

BBB <phi**2>/<phi>**2
1.1137641     0.0010718237

Time = 28000
Temperature
1.0101894     0.0050496858

Pressure
25.701084     0.06089506  

CM Mom
-1.0783751e-16 1.5606096e-17 
3.9556206e-17  1.7378052e-17 
-9.7614819e-17 9.7464489e-18 
1.5254431e-16  9.6461642e-18 

CM Pos
10.013172      0.0083134417  
10.000511      0.0072927631  
9.9964919      0.01063747    
17.326391      0.0083062987  

Stress
22.6665      -0.0338811   0.0114838     0.0778332    0.0666382    0.0438692   
-0.0338811   22.6727      -0.0140892    0.0666382    0.0863394    0.0561947   
0.0114838    -0.0140892   22.6739       0.0438692    0.0561947    0.131558    

Stress Spherical
