Time = 1000
Temperature
   1.0263001   0.031511647

Pressure
   23.764432    0.17157616

CM Mom
-2.7179848e-17 2.1978004e-17 
-1.4714376e-17 3.4537394e-17 
2.6837152e-18  2.5218356e-17 
5.461896e-17   1.7060429e-17 

CM Pos
7.5092104      0.0096805983  
7.4984659      0.016886008   
7.4914585      0.020566894   
12.989913      0.011790629   

Stress
20.6687      -0.000522814 0.0190398     0.131567     0.046841     0.0704501   
-0.000522814 20.7085      -0.0057103    0.046841     0.112555     0.105061    
0.0190398    -0.0057103   20.6803       0.0704501    0.105061     0.122904    

Stress Spherical
0            0            0             0            0            0           
0            0            0             0            0            0           
0            0            0             0            0            0           

Inertia
149.857      -56.3365     -56.2705      0.314961     0.121956     0.187189    
-56.3365     150.02       -56.1609      0.121956     0.315061     0.16696     
-56.2705     -56.1609     150.13        0.187189     0.16696      0.397158    

Bond Length
0.62410701    0.0082356047

BB bond length
0.62410701    0.0082356047

Water EE distance
0             0           

PEG EE distance
8.0766407     0.89254786  

BBB P2(x)
0.4829239     0.063552172 

BBB first bond length
0.62473746    0.0095778345

BBB second bond length
0.6246729     0.0097640357

BBB <phi**2>/<phi>**2
1.2514186     0.036597797 

Time = 2000
Temperature
1.0126448     0.0070304123

Pressure
23.72138      0.083371358 

CM Mom
-3.7978313e-17 1.4695834e-17 
-3.8568331e-17 3.7030568e-17 
3.0974718e-17  3.0186371e-17 
7.3810944e-17  3.0654421e-17 

CM Pos
7.5037284      0.010388314   
7.50217        0.015098071   
7.5030151      0.012642549   
12.995542      0.011043697   

Stress
20.6556      0.00525004   -0.0108178    0.110838     0.0714038    0.0998165   
0.00525004   20.7197      -0.0109872    0.0714038    0.129352     0.055106    
-0.0108178   -0.0109872   20.6759       0.0998165    0.055106     0.0843402   

Stress Spherical
0            0            0             0            0            0           
0            0            0             0            0            0           
0            0            0             0            0            0           

Inertia
150.071      -56.2749     -56.3258      0.28881      0.0948772    0.144812    
-56.2749     150.09       -56.2946      0.0948772    0.195731     0.122688    
-56.3258     -56.2946     150.06        0.144812     0.122688     0.322107    

Bond Length
0.62427755    0.0069642354

BB bond length
0.62427755    0.0069642354

Water EE distance
0             0           

PEG EE distance
6.873829      0.58333839  

BBB P2(x)
0.51041737    0.045808571 

BBB first bond length
0.62507199    0.0062457592

BBB second bond length
0.62351098    0.0067772551

BBB <phi**2>/<phi>**2
1.2176725     0.047359323 

Time = 3000
Temperature
1.0128411     0.0073718308

Pressure
23.732689     0.069390213 

CM Mom
-6.9580026e-17 3.4438054e-17 
-4.3898716e-17 1.9226215e-17 
9.5147287e-18  2.2824239e-17 
8.9666124e-17  2.9926016e-17 

CM Pos
7.5023949      0.014150127   
7.4947618      0.016461412   
7.4991629      0.010734391   
12.988276      0.01062005    

Stress
20.7073      0.0187267    0.0412817     0.0812143    0.0526789    0.0892794   
0.0187267    20.7092      -0.0322983    0.0526789    0.10274      0.064683    
0.0412817    -0.0322983   20.6669       0.0892794    0.064683     0.117428    

Stress Spherical
0            0            0             0            0            0           
0            0            0             0            0            0           
0            0            0             0            0            0           

Inertia
149.877      -56.2237     -56.2615      0.167705     0.169657     0.1643      
-56.2237     150.016      -56.1832      0.169657     0.340203     0.0945806   
-56.2615     -56.1832     149.935       0.1643       0.0945806    0.306043    

Bond Length
0.62049732    0.0070755481

BB bond length
0.62049732    0.0070755481

Water EE distance
0             0           

PEG EE distance
7.4097781     0.39573315  

BBB P2(x)
0.5489597     0.059396893 

BBB first bond length
0.62182733    0.0071444543

BBB second bond length
0.62139922    0.0067716372

BBB <phi**2>/<phi>**2
1.2324655     0.04584637  

Time = 4000
Temperature
1.0167314     0.0058674611

Pressure
23.749946     0.071582761 

CM Mom
-2.8268248e-17 2.5466663e-17 
-4.9731938e-17 1.7225729e-17 
3.9148137e-18  1.4849282e-17 
6.4008234e-17  1.8878799e-17 

CM Pos
7.5047655      0.011768453   
7.4996512      0.0074979737  
7.5013854      0.011670112   
12.99374       0.010541228   

Stress
20.717       0.0121209    0.00158983    0.0979711    0.0716962    0.0730548   
0.0121209    20.6499      -0.0477554    0.0716962    0.0672142    0.0622298   
0.00158983   -0.0477554   20.7333       0.0730548    0.0622298    0.0840921   

Stress Spherical
0            0            0             0            0            0           
0            0            0             0            0            0           
0            0            0             0            0            0           

Inertia
149.994      -56.3077     -56.2906      0.228273     0.141532     0.183139    
-56.3077     150.087      -56.2321      0.141532     0.258375     0.124545    
-56.2906     -56.2321     150.058       0.183139     0.124545     0.201988    

Bond Length
0.61986151    0.0093199309

BB bond length
0.61986151    0.0093199309

Water EE distance
0             0           

PEG EE distance
7.5955711     1.2648299   

BBB P2(x)
0.50937212    0.036841857 

BBB first bond length
0.61866282    0.0091266915

BBB second bond length
0.6193455     0.010311854 

BBB <phi**2>/<phi>**2
1.2344075     0.027987928 

Time = 5000
Temperature
1.0137193     0.0065326952

Pressure
23.711032     0.081762935 

CM Mom
7.8992631e-18  1.3788709e-17 
-2.2025162e-17 1.5625766e-17 
2.2427075e-17  1.5514935e-17 
4.0337243e-17  9.9193207e-18 

CM Pos
7.5031357      0.0095286064  
7.5036516      0.0081206181  
7.4999037      0.011403723   
12.994253      0.0084640622  

Stress
20.6454      0.00663491   0.0234068     0.112039     0.0616148    0.0457213   
0.00663491   20.6523      0.0314579     0.0616148    0.115621     0.0544166   
0.0234068    0.0314579    20.7128       0.0457213    0.0544166    0.0972787   

Stress Spherical
0            0            0             0            0            0           
0            0            0             0            0            0           
0            0            0             0            0            0           

Inertia
150.055      -56.3336     -56.29        0.249181     0.0748944    0.113051    
-56.3336     150.053      -56.3213      0.0748944    0.212958     0.106136    
-56.29       -56.3213     150.109       0.113051     0.106136     0.0910616   

Bond Length
0.62033237    0.0078282827

BB bond length
0.62033237    0.0078282827

Water EE distance
0             0           

PEG EE distance
8.7613995     0.37726926  

BBB P2(x)
0.51161939    0.043235459 

BBB first bond length
0.62029931    0.0082816752

BBB second bond length
0.62004902    0.0078019487

BBB <phi**2>/<phi>**2
1.2135669     0.037568091 

Time = 6000
Temperature
1.0074853     0.0060679385

Pressure
23.71286      0.083165626 

CM Mom
1.7056903e-17  2.7321013e-17 
-5.5916902e-18 8.9003567e-18 
-6.4947608e-19 1.7159454e-17 
3.2008164e-17  2.0450066e-17 

CM Pos
7.5022467      0.012551058   
7.4989104      0.010782342   
7.5067192      0.0097111633  
12.994939      0.01136499    

Stress
20.6652      0.00944824   0.028151      0.0959689    0.0761678    0.0645839   
0.00944824   20.7411      -0.0185256    0.0761678    0.1059       0.0563256   
0.028151     -0.0185256   20.6658       0.0645839    0.0563256    0.0970029   

Stress Spherical
0            0            0             0            0            0           
0            0            0             0            0            0           
0            0            0             0            0            0           

Inertia
150.061      -56.2257     -56.3427      0.278693     0.126381     0.120003    
-56.2257     150.117      -56.3197      0.126381     0.209424     0.14225     
-56.3427     -56.3197     149.996       0.120003     0.14225      0.245549    

Bond Length
0.61918652    0.0080860597

BB bond length
0.61918652    0.0080860597

Water EE distance
0             0           

PEG EE distance
9.0650981     0.88942554  

BBB P2(x)
0.52881315    0.044419143 

BBB first bond length
0.61779       0.0086961346

BBB second bond length
0.61929447    0.0090610587

BBB <phi**2>/<phi>**2
1.2046205     0.031674089 

Time = 7000
Temperature
1.0104273     0.0077679895

Pressure
23.691394     0.10314908  

CM Mom
6.7532901e-18  2.8655125e-17 
1.207384e-18   1.4415478e-17 
-1.0137612e-17 1.5501184e-17 
3.5585821e-17  1.2356944e-17 

CM Pos
7.5071361      0.022403957   
7.500392       0.012997854   
7.4985703      0.010435752   
12.993919      0.019342229   

Stress
20.6153      0.0177515    0.000387074   0.0838321    0.0482698    0.0588032   
0.0177515    20.7035      -0.0100487    0.0482698    0.155824     0.0717612   
0.000387074  -0.0100487   20.6625       0.0588032    0.0717612    0.124595    

Stress Spherical
0            0            0             0            0            0           
0            0            0             0            0            0           
0            0            0             0            0            0           

Inertia
149.996      -56.3102     -56.2765      0.308532     0.202115     0.180263    
-56.3102     150.106      -56.2292      0.202115     0.401577     0.180486    
-56.2765     -56.2292     150.129       0.180263     0.180486     0.404528    

Bond Length
0.61971994    0.0088849878

BB bond length
0.61971994    0.0088849878

Water EE distance
0             0           

PEG EE distance
7.1698659     0.72355209  

BBB P2(x)
0.51944487    0.04460346  

BBB first bond length
0.61989084    0.0087742923

BBB second bond length
0.61983387    0.0093075264

BBB <phi**2>/<phi>**2
1.2428458     0.049272569 

Time = 8000
Temperature
1.016393      0.0091865256

Pressure
23.773146     0.098030417 

CM Mom
2.4112039e-18  2.7657695e-17 
7.3890584e-18  2.5877324e-17 
-8.2521022e-20 3.3076209e-17 
4.4243815e-17  2.5130128e-17 

CM Pos
7.4994316      0.014683074   
7.5070593      0.0094185392  
7.5058302      0.0065994836  
12.997505      0.011235733   

Stress
20.7335      -0.0305328   -0.0211315    0.133847     0.0788361    0.0871941   
-0.0305328   20.7239      0.0137333     0.0788361    0.0897469    0.0660575   
-0.0211315   0.0137333    20.7154       0.0871941    0.0660575    0.104774    

Stress Spherical
0            0            0             0            0            0           
0            0            0             0            0            0           
0            0            0             0            0            0           

Inertia
150.17       -56.2729     -56.2979      0.163733     0.159479     0.125816    
-56.2729     150.068      -56.3951      0.159479     0.255178     0.139559    
-56.2979     -56.3951     150.061       0.125816     0.139559     0.289284    

Bond Length
0.61833175    0.010446229 

BB bond length
0.61833175    0.010446229 

Water EE distance
0             0           

PEG EE distance
7.9504733     0.52426564  

BBB P2(x)
0.52379301    0.040445161 

BBB first bond length
0.61808767    0.011356581 

BBB second bond length
0.61900921    0.010904887 

BBB <phi**2>/<phi>**2
1.2107982     0.027530879 

Time = 9000
Temperature
1.0114963     0.0068620336

Pressure
23.727127     0.072984589 

CM Mom
-8.934477e-18  1.0578309e-17 
2.6510906e-18  1.1096571e-17 
-1.5769192e-17 1.8168104e-17 
2.7401513e-17  1.2238962e-17 

CM Pos
7.5028394      0.015471487   
7.4971324      0.014441122   
7.5012372      0.01635505    
12.991102      0.011421408   

Stress
20.6967      -0.0169509   -0.0221262    0.0966599    0.0748882    0.0676952   
-0.0169509   20.6738      0.0265016     0.0748882    0.129707     0.0584027   
-0.0221262   0.0265016    20.7083       0.0676952    0.0584027    0.1009      

Stress Spherical
0            0            0             0            0            0           
0            0            0             0            0            0           
0            0            0             0            0            0           

Inertia
149.982      -56.2368     -56.2838      0.211783     0.120449     0.215128    
-56.2368     150.065      -56.2439      0.120449     0.298449     0.139366    
-56.2838     -56.2439     149.998       0.215128     0.139366     0.319807    

Bond Length
0.62555428    0.0069293451

BB bond length
0.62555428    0.0069293451

Water EE distance
0             0           

PEG EE distance
8.0390327     0.86807856  

BBB P2(x)
0.52644337    0.055236879 

BBB first bond length
0.62622905    0.0065393225

BBB second bond length
0.62458405    0.0077588536

BBB <phi**2>/<phi>**2
1.212158      0.046379035 

Time = 10000
Temperature
1.0080254     0.0084119435

Pressure
23.670937     0.068939367 

CM Mom
-1.0721701e-17 1.5270885e-17 
1.6625107e-17  2.5450653e-17 
-3.9522635e-17 1.4000903e-17 
5.3386502e-17  1.342498e-17  

CM Pos
7.4939496      0.0095378172  
7.4943173      0.0073918232  
7.4913103      0.0076644709  
12.978595      0.0085971001  

Stress
20.6311      -0.00146357  0.000332063   0.0910016    0.0565035    0.0777701   
-0.00146357  20.6374      -0.000186964  0.0565035    0.102448     0.0528362   
0.000332063  -0.000186964 20.673        0.0777701    0.0528362    0.121363    

Stress Spherical
0            0            0             0            0            0           
0            0            0             0            0            0           
0            0            0             0            0            0           

Inertia
149.772      -56.1618     -56.1376      0.15651      0.104937     0.12823     
-56.1618     149.779      -56.1839      0.104937     0.222653     0.103059    
-56.1376     -56.1839     149.806       0.12823      0.103059     0.197621    

Bond Length
0.62006777    0.008126466 

BB bond length
0.62006777    0.008126466 

Water EE distance
0             0           

PEG EE distance
7.5751565     0.61512665  

BBB P2(x)
0.50479502    0.063879081 

BBB first bond length
0.61926268    0.0073706133

BBB second bond length
0.61986052    0.008260858 

BBB <phi**2>/<phi>**2
1.2202415     0.034159503 

Time = 11000
Temperature
1.0119016     0.0070900604

Pressure
23.708546     0.086964763 

CM Mom
-9.3010239e-18 1.1161485e-17 
8.2828077e-18  2.2991791e-17 
-3.2789632e-17 1.2012468e-17 
4.3110446e-17  1.3010149e-17 

CM Pos
7.5080251      0.011824281   
7.50217        0.011403723   
7.496496       0.017656255   
12.99426       0.015626905   

Stress
20.6794      -0.0343577   0.00328401    0.0942016    0.0736083    0.0730475   
-0.0343577   20.6615      -0.00773754   0.0736083    0.124597     0.0859744   
0.00328401   -0.00773754  20.6785       0.0730475    0.0859744    0.128442    

Stress Spherical
0            0            0             0            0            0           
0            0            0             0            0            0           
0            0            0             0            0            0           

Inertia
149.986      -56.3757     -56.3197      0.390299     0.173632     0.175647    
-56.3757     150.049      -56.2644      0.173632     0.326115     0.197721    
-56.3197     -56.2644     150.147       0.175647     0.197721     0.310997    

Bond Length
0.62364888    0.0082495104

BB bond length
0.62364888    0.0082495104

Water EE distance
0             0           

PEG EE distance
8.0252943     0.49877691  

BBB P2(x)
0.51023002    0.03303391  

BBB first bond length
0.62228355    0.0091866775

BBB second bond length
0.62397394    0.0090821512

BBB <phi**2>/<phi>**2
1.219994      0.031252431 

Time = 12000
Temperature
1.0084296     0.0092694294

Pressure
23.768007     0.061471545 

CM Mom
-4.4583833e-17 1.9930467e-17 
-1.2522359e-17 1.5757429e-17 
-3.345871e-17  1.2817391e-17 
6.1970626e-17  1.5279399e-17 

CM Pos
7.49795        0.015526017   
7.500392       0.0091525752  
7.5027188      0.010184507   
12.991006      0.011171644   

Stress
20.7815      -0.00964402  -0.0155025    0.0597685    0.097369     0.0598448   
-0.00964402  20.7638      -0.0163711    0.097369     0.127415     0.100008    
-0.0155025   -0.0163711   20.6837       0.0598448    0.100008     0.0775472   

Stress Spherical
0            0            0             0            0            0           
0            0            0             0            0            0           
0            0            0             0            0            0           

Inertia
150.034      -56.2303     -56.2399      0.237757     0.106636     0.191792    
-56.2303     150.008      -56.2474      0.106636     0.306115     0.139775    
-56.2399     -56.2474     149.967       0.191792     0.139775     0.212908    

Bond Length
0.61983243    0.0090448318

BB bond length
0.61983243    0.0090448318

Water EE distance
0             0           

PEG EE distance
6.9568378     1.1028932   

BBB P2(x)
0.50010371    0.046472512 

BBB first bond length
0.62009262    0.0091831466

BBB second bond length
0.61889943    0.0090301632

BBB <phi**2>/<phi>**2
1.212204      0.041765337 

Time = 13000
Temperature
1.0098145     0.0067394892

Pressure
23.74807      0.054269148 

CM Mom
-3.9234222e-17 1.1536973e-17 
-1.2327983e-17 1.4604372e-17 
-5.5156941e-17 2.6729983e-17 
7.3766851e-17  1.8786288e-17 

CM Pos
7.4994316      0.010746654   
7.4993549      0.0092111504  
7.4942735      0.010324724   
12.986381      0.012247924   

Stress
20.7062      -0.020025    0.0649577     0.111139     0.0263001    0.06967     
-0.020025    20.7334      -0.00898016   0.0263001    0.11577      0.0683921   
0.0649577    -0.00898016  20.7172       0.06967      0.0683921    0.0770572   

Stress Spherical
0            0            0             0            0            0           
0            0            0             0            0            0           
0            0            0             0            0            0           

Inertia
149.906      -56.2527     -56.1923      0.217222     0.131615     0.156038    
-56.2527     149.911      -56.1771      0.131615     0.24102      0.143882    
-56.1923     -56.1771     149.967       0.156038     0.143882     0.239529    

Bond Length
0.61815563    0.0087941124

BB bond length
0.61815563    0.0087941124

Water EE distance
0             0           

PEG EE distance
6.6281788     0.38830372  

BBB P2(x)
0.46927908    0.045855265 

BBB first bond length
0.61827363    0.0099328774

BBB second bond length
0.6177208     0.0090753588

BBB <phi**2>/<phi>**2
1.2150076     0.049348522 

Time = 14000
Temperature
1.0125888     0.0097362052

Pressure
23.720583     0.10739252  

CM Mom
-2.9755819e-17 9.7072243e-18 
-1.6251981e-17 1.8172581e-17 
-4.9174579e-17 2.3517423e-17 
6.4531534e-17  1.9516609e-17 

CM Pos
7.497061       0.0098291238  
7.5052814      0.018697298   
7.4979776      0.011128001   
12.990582      0.013539794   

Stress
20.6755      -0.0170724   0.00845168    0.0963024    0.0422926    0.0719521   
-0.0170724   20.6808      0.000600071   0.0422926    0.12676      0.0487461   
0.00845168   0.000600071  20.6931       0.0719521    0.0487461    0.131453    

Stress Spherical
0            0            0             0            0            0           
0            0            0             0            0            0           
0            0            0             0            0            0           

Inertia
150.045      -56.2731     -56.2219      0.349093     0.170296     0.133608    
-56.2731     149.893      -56.297       0.170296     0.273874     0.183411    
-56.2219     -56.297      150.011       0.133608     0.183411     0.309329    

Bond Length
0.61677264    0.0086187162

BB bond length
0.61677264    0.0086187162

Water EE distance
0             0           

PEG EE distance
7.1807593     0.52876076  

BBB P2(x)
0.48572226    0.039841436 

BBB first bond length
0.6164031     0.008193799 

BBB second bond length
0.61568645    0.0088834185

BBB <phi**2>/<phi>**2
1.2257564     0.041843725 

Time = 15000
Temperature
1.0119549     0.011405887 

Pressure
23.719854     0.087955494 

CM Mom
-4.2082705e-17 2.2705855e-17 
3.1599246e-18  3.3683131e-17 
-2.2481907e-17 1.1980517e-17 
5.9785716e-17  2.2487451e-17 

CM Pos
7.5022467      0.014960773   
7.5037998      0.011288604   
7.501089       0.010688279   
12.994515      0.010186611   

Stress
20.6948      -0.00678419  -0.0257384    0.0909231    0.0532308    0.0680502   
-0.00678419  20.6604      -0.00305442   0.0532308    0.105713     0.0765509   
-0.0257384   -0.00305442  20.6977       0.0680502    0.0765509    0.160517    

Stress Spherical
0            0            0             0            0            0           
0            0            0             0            0            0           
0            0            0             0            0            0           

Inertia
150.079      -56.2693     -56.2793      0.228104     0.155188     0.126022    
-56.2693     150.033      -56.2803      0.155188     0.225459     0.179272    
-56.2793     -56.2803     150.09        0.126022     0.179272     0.315662    

Bond Length
0.62102503    0.0081042871

BB bond length
0.62102503    0.0081042871

Water EE distance
0             0           

PEG EE distance
8.5066307     0.46022346  

BBB P2(x)
0.53694493    0.040320129 

BBB first bond length
0.62143091    0.0086912926

BBB second bond length
0.62058982    0.00781155  

BBB <phi**2>/<phi>**2
1.2195642     0.03849966  

Time = 16000
Temperature
1.0088509     0.0063186957

Pressure
23.74245      0.060827387 

CM Mom
-5.1269406e-17 2.5207537e-17 
-3.1018035e-18 2.5317179e-17 
-2.760616e-17  1.8794257e-17 
6.8873177e-17  1.6922245e-17 

CM Pos
7.5028394      0.009606617   
7.4984659      0.015797933   
7.5027188      0.012077766   
12.992717      0.013350158   

Stress
20.7433      0.0195586    0.0178482     0.0823199    0.077809     0.0585934   
0.0195586    20.7108      -0.0125782    0.077809     0.0677032    0.0296116   
0.0178482    -0.0125782   20.6944       0.0585934    0.0296116    0.108754    

Stress Spherical
0            0            0             0            0            0           
0            0            0             0            0            0           
0            0            0             0            0            0           

Inertia
150.017      -56.2542     -56.2747      0.317515     0.173062     0.174477    
-56.2542     150.066      -56.2516      0.173062     0.217718     0.188524    
-56.2747     -56.2516     150.029       0.174477     0.188524     0.27448     

Bond Length
0.62791357    0.0085876628

BB bond length
0.62791357    0.0085876628

Water EE distance
0             0           

PEG EE distance
8.1509364     0.62398723  

BBB P2(x)
0.50433397    0.038999822 

BBB first bond length
0.62875477    0.0087706009

BBB second bond length
0.62814844    0.010046158 

BBB <phi**2>/<phi>**2
1.2253146     0.025457505 

Time = 17000
Temperature
1.014188      0.0053323415

Pressure
23.743506     0.055493791 

CM Mom
-5.3645792e-17 1.3081698e-17 
6.6164862e-18  2.1215888e-17 
-4.4125443e-17 1.6358398e-17 
7.4297831e-17  1.5407075e-17 

CM Pos
7.4995798      0.015752707   
7.5086891      0.021489223   
7.4997556      0.012276071   
12.995037      0.017771555   

Stress
20.6983      -0.015702    -0.0204978    0.100574     0.0770776    0.0769548   
-0.015702    20.668       0.00929703    0.0770776    0.121861     0.0983292   
-0.0204978   0.00929703   20.7375       0.0769548    0.0983292    0.116527    

Stress Spherical
0            0            0             0            0            0           
0            0            0             0            0            0           
0            0            0             0            0            0           

Inertia
150.13       -56.2984     -56.2802      0.321782     0.204036     0.166896    
-56.2984     149.978      -56.2839      0.204036     0.293401     0.182023    
-56.2802     -56.2839     150.116       0.166896     0.182023     0.381073    

Bond Length
0.61919303    0.0045294475

BB bond length
0.61919303    0.0045294475

Water EE distance
0             0           

PEG EE distance
7.6928679     0.43735182  

BBB P2(x)
0.48545733    0.034203414 

BBB first bond length
0.61908184    0.0051451151

BBB second bond length
0.61913461    0.0037720226

BBB <phi**2>/<phi>**2
1.2101741     0.025023669 

Time = 18000
Temperature
1.0107948     0.0080704399

Pressure
23.727186     0.070459281 

CM Mom
-2.8712929e-17 1.3473273e-17 
1.267808e-17   2.5472069e-17 
-2.798806e-17  1.6956696e-17 
5.0514908e-17  1.8292798e-17 

CM Pos
7.5035802      0.019254892   
7.5089855      0.0080881138  
7.4966441      0.010501805   
12.99572       0.0077326319  

Stress
20.654       0.00604924   0.0384828     0.0867884    0.0623813    0.0375726   
0.00604924   20.7229      -0.0010995    0.0623813    0.0954041    0.0771308   
0.0384828    -0.0010995   20.7085       0.0375726    0.0771308    0.108729    

Stress Spherical
0            0            0             0            0            0           
0            0            0             0            0            0           
0            0            0             0            0            0           

Inertia
150.084      -56.331      -56.2413      0.196555     0.171522     0.109001    
-56.331      150.006      -56.2473      0.171522     0.155544     0.0925802   
-56.2413     -56.2473     150.189       0.109001     0.0925802    0.317728    

Bond Length
0.62204973    0.011754334 

BB bond length
0.62204973    0.011754334 

Water EE distance
0             0           

PEG EE distance
7.4193248     0.30933795  

BBB P2(x)
0.49955759    0.048883357 

BBB first bond length
0.62167402    0.011404359 

BBB second bond length
0.62205115    0.012874205 

BBB <phi**2>/<phi>**2
1.2157977     0.034492493 

Time = 19000
Temperature
1.0131283     0.0098056561

Pressure
23.659446     0.097161953 

CM Mom
-4.6156941e-17 9.2596134e-18 
4.8712077e-18  1.6107785e-17 
-3.5685818e-17 2.5021293e-17 
6.3769258e-17  1.823232e-17  

CM Pos
7.4985427      0.01177964    
7.5033553      0.012480901   
7.4960515      0.011926874   
12.989207      0.014474774   

Stress
20.6244      -0.0128112   -0.0396217    0.0837031    0.0789909    0.0542418   
-0.0128112   20.6697      -0.0224717    0.0789909    0.100997     0.0912146   
-0.0396217   -0.0224717   20.5669       0.0542418    0.0912146    0.10221     

Stress Spherical
0            0            0             0            0            0           
0            0            0             0            0            0           
0            0            0             0            0            0           

Inertia
149.971      -56.2503     -56.1981      0.306542     0.173098     0.108288    
-56.2503     149.896      -56.2329      0.173098     0.252238     0.111734    
-56.1981     -56.2329     150.012       0.108288     0.111734     0.316762    

Bond Length
0.61646189    0.013012741 

BB bond length
0.61646189    0.013012741 

Water EE distance
0             0           

PEG EE distance
6.4321613     0.67634744  

BBB P2(x)
0.52436954    0.040306284 

BBB first bond length
0.61542767    0.013536655 

BBB second bond length
0.61641166    0.012562547 

BBB <phi**2>/<phi>**2
1.2315014     0.041853463 

Time = 20000
Temperature
1.0083991     0.0089855409

Pressure
23.698128     0.08494465  

CM Mom
-5.024132e-17  2.1467618e-17 
1.7502887e-17  1.8279376e-17 
-2.9898106e-17 1.5879467e-17 
6.765018e-17   1.3965779e-17 

CM Pos
7.5009133      0.014935073   
7.5045406      0.011283741   
7.4975331      0.012484418   
12.992111      0.019850895   

Stress
20.6867      0.00846972   0.00059021    0.0955036    0.0790136    0.0971966   
0.00846972   20.6814      -0.0196295    0.0790136    0.124944     0.0767518   
0.00059021   -0.0196295   20.6516       0.0971966    0.0767518    0.152326    

Stress Spherical
0            0            0             0            0            0           
0            0            0             0            0            0           
0            0            0             0            0            0           

Inertia
150.052      -56.2697     -56.2278      0.357249     0.16495      0.196718    
-56.2697     149.966      -56.2661      0.16495      0.395639     0.195084    
-56.2278     -56.2661     150.093       0.196718     0.195084     0.370413    

Bond Length
0.61852167    0.010585269 

BB bond length
0.61852167    0.010585269 

Water EE distance
0             0           

PEG EE distance
6.2320557     1.1185946   

BBB P2(x)
0.53210438    0.042016232 

BBB first bond length
0.61914276    0.012094601 

BBB second bond length
0.61951392    0.010191074 

BBB <phi**2>/<phi>**2
1.2248245     0.044205134 

Time = 21000
Temperature
1.0101957     0.0088268019

Pressure
23.693288     0.07758091  

CM Mom
-5.6401336e-17 1.3636389e-17 
3.3517517e-17  3.0719249e-17 
-2.019325e-17  2.4627307e-17 
7.6170445e-17  2.5426226e-17 

CM Pos
7.5058026      0.011726408   
7.5079483      0.014072345   
7.5046449      0.0098681307  
13.001013      0.011844738   

Stress
20.6734      0.00326412   0.0401636     0.13451      0.0558513    0.0716912   
0.00326412   20.6729      0.0365909     0.0558513    0.105782     0.0774749   
0.0401636    0.0365909    20.6427       0.0716912    0.0774749    0.121335    

Stress Spherical
0            0            0             0            0            0           
0            0            0             0            0            0           
0            0            0             0            0            0           

Inertia
150.202      -56.3508     -56.3267      0.250217     0.153098     0.0993816   
-56.3508     150.156      -56.3236      0.153098     0.208392     0.0796649   
-56.3267     -56.3236     150.219       0.0993816    0.0796649    0.354766    

Bond Length
0.62460274    0.011318869 

BB bond length
0.62460274    0.011318869 

Water EE distance
0             0           

PEG EE distance
4.9245018     0.51684678  

BBB P2(x)
0.48290911    0.046046267 

BBB first bond length
0.62462694    0.012573305 

BBB second bond length
0.62559992    0.011493952 

BBB <phi**2>/<phi>**2
1.2249098     0.039996713 

Time = 22000
Temperature
1.0043344     0.0080002452

Pressure
23.740581     0.081938167 

CM Mom
-4.652198e-17  1.9001699e-17 
4.7793859e-17  1.2925173e-17 
-1.1556233e-17 1.3465799e-17 
7.205659e-17   9.9696753e-18 

CM Pos
7.5099512      0.011422956   
7.5017255      0.011466115   
7.5022743      0.013048423   
12.99845       0.010215326   

Stress
20.6988      0.0205218    -0.0232178    0.0853846    0.0479091    0.0694813   
0.0205218    20.7579      0.0230378     0.0479091    0.077597     0.0604959   
-0.0232178   0.0230378    20.727        0.0694813    0.0604959    0.153599    

Stress Spherical
0            0            0             0            0            0           
0            0            0             0            0            0           
0            0            0             0            0            0           

Inertia
150.062      -56.3664     -56.3225      0.227326     0.128909     0.144478    
-56.3664     150.159      -56.2378      0.128909     0.20183      0.111762    
-56.3225     -56.2378     150.177       0.144478     0.111762     0.272833    

Bond Length
0.61503914    0.0097208692

BB bond length
0.61503914    0.0097208692

Water EE distance
0             0           

PEG EE distance
4.9935845     0.59386502  

BBB P2(x)
0.49068247    0.053883281 

BBB first bond length
0.61505442    0.0096240812

BBB second bond length
0.61579652    0.0092973373

BBB <phi**2>/<phi>**2
1.224818      0.030562011 

Time = 23000
Temperature
1.0105347     0.0042282361

Pressure
23.664692     0.092839864 

CM Mom
-7.8272149e-17 1.5969774e-17 
7.7141254e-17  1.0965737e-17 
-3.8931828e-17 1.3709723e-17 
1.1831654e-16  1.2546883e-17 

CM Pos
7.5000243      0.009648799   
7.5078002      0.011357429   
7.4967923      0.0090427862  
12.993056      0.010549686   

Stress
20.6531      -0.0160769   0.0231427     0.137527     0.0836429    0.0770613   
-0.0160769   20.6831      -0.0177814    0.0836429    0.105485     0.0876098   
0.0231427    -0.0177814   20.5639       0.0770613    0.0876098    0.115414    

Stress Spherical
0            0            0             0            0            0           
0            0            0             0            0            0           
0            0            0             0            0            0           

Inertia
150.079      -56.2959     -56.233       0.202063     0.154002     0.0799724   
-56.2959     149.952      -56.3014      0.154002     0.284949     0.118466    
-56.233      -56.3014     150.123       0.0799724    0.118466     0.273851    

Bond Length
0.62412312    0.0084840642

BB bond length
0.62412312    0.0084840642

Water EE distance
0             0           

PEG EE distance
6.9737292     0.33654763  

BBB P2(x)
0.48468122    0.029743966 

BBB first bond length
0.62426406    0.0076319753

BBB second bond length
0.62465917    0.0079976882

BBB <phi**2>/<phi>**2
1.2471098     0.048437966 

Time = 24000
Temperature
1.0070849     0.0055752487

Pressure
23.676414     0.090895577 

CM Mom
-8.9901719e-17 1.477901e-17  
8.4445599e-17  8.4925755e-18 
-7.6386228e-17 1.7718297e-17 
1.4674075e-16  1.0948361e-17 

CM Pos
7.4939496      0.016765324   
7.4969843      0.01046516    
7.4959033      0.016290496   
12.982804      0.0088047166  

Stress
20.6922      -0.0541764   -0.00991127   0.147357     0.0540303    0.0953878   
-0.0541764   20.6029      -0.00701634   0.0540303    0.0966762    0.0856818   
-0.00991127  -0.00701634  20.6713       0.0953878    0.0856818    0.112459    

Stress Spherical
0            0            0             0            0            0           
0            0            0             0            0            0           
0            0            0             0            0            0           

Inertia
149.891      -56.1989     -56.1756      0.227403     0.201687     0.115537    
-56.1989     149.835      -56.2083      0.201687     0.231595     0.123285    
-56.1756     -56.2083     149.86        0.115537     0.123285     0.332617    

Bond Length
0.61631724    0.011345062 

BB bond length
0.61631724    0.011345062 

Water EE distance
0             0           

PEG EE distance
6.238247      0.60933607  

BBB P2(x)
0.49490572    0.041918927 

BBB first bond length
0.61699874    0.011796631 

BBB second bond length
0.61687978    0.01202597  

BBB <phi**2>/<phi>**2
1.2284225     0.029040621 

Time = 25000
Temperature
1.0114375     0.0095171533

Pressure
23.691244     0.096292066 

CM Mom
-7.7618012e-17 2.1286164e-17 
8.4570888e-17  1.3809314e-17 
-6.2786983e-17 1.3628421e-17 
1.3300896e-16  1.6035686e-17 

CM Pos
7.5012096      0.011913062   
7.4932802      0.011307063   
7.5015335      0.0084608603  
12.988095      0.010919846   

Stress
20.6539      -0.00449581  -0.0348665    0.14077      0.0734648    0.0909722   
-0.00449581  20.6502      0.00703877    0.0734648    0.0748504    0.0811312   
-0.0348665   0.00703877   20.6676       0.0909722    0.0811312    0.121276    

Stress Spherical
0            0            0             0            0            0           
0            0            0             0            0            0           
0            0            0             0            0            0           

Inertia
149.928      -56.205      -56.2818      0.173074     0.184153     0.0977974   
-56.205      150.037      -56.2215      0.184153     0.156357     0.112844    
-56.2818     -56.2215     149.922       0.0977974    0.112844     0.32979     

Bond Length
0.61331002    0.0074989973

BB bond length
0.61331002    0.0074989973

Water EE distance
0             0           

PEG EE distance
6.7811686     0.76411645  

BBB P2(x)
0.45804695    0.026083449 

BBB first bond length
0.61497509    0.007421254 

BBB second bond length
0.61252541    0.0080733497

BBB <phi**2>/<phi>**2
1.1976303     0.037231673 

Time = 26000
Temperature
1.0090234     0.0065602299

Pressure
23.685488     0.092115262 

CM Mom
-8.9661832e-17 1.9001415e-17 
6.6460402e-17  2.1484985e-17 
-3.99399e-17   3.0500072e-17 
1.2226998e-16  2.9229937e-17 

CM Pos
7.4946904      0.013969008   
7.4986141      0.0063554753  
7.5058302      0.020208882   
12.9899        0.014803277   

Stress
20.6647      0.0408463    -0.00627141   0.100315     0.0342801    0.0704315   
0.0408463    20.6629      -0.00786335   0.0342801    0.0849121    0.073102    
-0.00627141  -0.00786335  20.6486       0.0704315    0.073102     0.136851    

Stress Spherical
0            0            0             0            0            0           
0            0            0             0            0            0           
0            0            0             0            0            0           

Inertia
150.073      -56.1921     -56.2417      0.298499     0.13119      0.158569    
-56.1921     150.001      -56.2773      0.13119      0.281596     0.150855    
-56.2417     -56.2773     149.894       0.158569     0.150855     0.210318    

Bond Length
0.62138166    0.0054531493

BB bond length
0.62138166    0.0054531493

Water EE distance
0             0           

PEG EE distance
6.3859237     0.42939823  

BBB P2(x)
0.51430704    0.040733238 

BBB first bond length
0.62157121    0.0050091451

BBB second bond length
0.62030937    0.0061008433

BBB <phi**2>/<phi>**2
1.2248416     0.059656033 

Time = 27000
Temperature
1.0083545     0.0067838345

Pressure
23.703408     0.097588353 

CM Mom
-8.4051088e-17 1.1855112e-17 
4.7266177e-17  1.6574934e-17 
-5.6767198e-17 1.3979487e-17 
1.1350216e-16  1.5784499e-17 

CM Pos
7.4983945      0.020284778   
7.5086891      0.014724131   
7.5004964      0.013977649   
12.994781      0.01618018    

Stress
20.6924      -0.0149279   0.028884      0.146149     0.0680167    0.0431289   
-0.0149279   20.6723      -0.0177981    0.0680167    0.089325     0.0611587   
0.028884     -0.0177981   20.6712       0.0431289    0.0611587    0.142202    

Stress Spherical
0            0            0             0            0            0           
0            0            0             0            0            0           
0            0            0             0            0            0           

Inertia
150.125      -56.3121     -56.2525      0.274566     0.232198     0.158213    
-56.3121     149.972      -56.3202      0.232198     0.355225     0.183363    
-56.2525     -56.3202     150.104       0.158213     0.183363     0.433355    

Bond Length
0.61352473    0.0066068464

BB bond length
0.61352473    0.0066068464

Water EE distance
0             0           

PEG EE distance
5.9104148     0.49698898  

BBB P2(x)
0.51673053    0.049852588 

BBB first bond length
0.61238843    0.0067560625

BBB second bond length
0.61221299    0.0065428927

BBB <phi**2>/<phi>**2
1.2263941     0.039213157 

Time = 28000
Temperature
1.0080621     0.007050172 

Pressure
23.686817     0.077231857 

CM Mom
-8.2417665e-17 1.6316353e-17 
4.8870539e-17  1.4554479e-17 
-4.4153956e-17 1.984628e-17  
1.0865256e-16  1.4040149e-17 

CM Pos
7.5018022      0.012632126   
7.5009847      0.016960594   
7.5046449      0.010345964   
12.99469       0.0099172249  

Stress
20.6376      0.0164763    0.00478283    0.0779964    0.0877551    0.0739428   
0.0164763    20.6786      0.020316      0.0877551    0.119875     0.0606617   
0.00478283   0.020316     20.6726       0.0739428    0.0606617    0.125706    

Stress Spherical
0            0            0             0            0            0           
