Time = 1000
Temperature
   1.0823321    0.23577171

Pressure
   23.526384    0.66988644

CM Mom
8.6993048e-17  2.3177839e-17 
-4.4928587e-17 1.8527042e-17 
-1.5092283e-17 1.0298372e-16 
1.3205174e-16  6.2149759e-17 

CM Pos
7.4948124      0.019217491   
7.4983881      0.016994201   
7.4992232      0.014417838   
12.98603       0.016298988   

Stress
20.2855      -0.00268493  0.00863023    0.153842     0.0763942    0.0805131   
-0.00268493  20.2868      -0.00452595   0.0763942    0.157657     0.0664085   
0.00863023   -0.00452595  20.2716       0.0805131    0.0664085    0.156672    

Stress Spherical
0            0            0             0            0            0           
0            0            0             0            0            0           
0            0            0             0            0            0           

Inertia
149.827      -56.2015     -56.1877      0.794223     0.199017     0.179138    
-56.2015     149.762      -56.224       0.199017     0.751786     0.186811    
-56.1877     -56.224      149.761       0.179138     0.186811     0.849352    

Bond Length
0.57358215    0.018250369 

BB bond length
0.57358215    0.018250369 

Water EE distance
0             0           

PEG EE distance
2.2843842     0.22825466  

Time = 2000
Temperature
1.0088299     0.0086779263

Pressure
23.269678     0.085792212 

CM Mom
7.0390309e-17  2.1414868e-17 
-3.0607787e-17 2.2402402e-17 
-2.759912e-17  2.1527925e-17 
8.6344785e-17  2.4936672e-17 

CM Pos
7.4988888      0.013354895   
7.4995295      0.012959556   
7.4981114      0.014162388   
12.988391      0.014327394   

Stress
20.2495      0.00486753   -0.00341392   0.126568     0.063125     0.0720224   
0.00486753   20.2251      -0.00376298   0.063125     0.120904     0.0713749   
-0.00341392  -0.00376298  20.2604       0.0720224    0.0713749    0.119166    

Stress Spherical
0            0            0             0            0            0           
0            0            0             0            0            0           
0            0            0             0            0            0           

Inertia
149.874      -56.2237     -56.2221      0.450685     0.166712     0.142248    
-56.2237     149.864      -56.2374      0.166712     0.343993     0.186615    
-56.2221     -56.2374     149.897       0.142248     0.186615     0.390339    

Bond Length
0.57007356    0.0026184469

BB bond length
0.57007356    0.0026184469

Water EE distance
0             0           

PEG EE distance
2.2771735     0.074779881 

Time = 3000
Temperature
1.009292      0.0085757093

Pressure
23.261841     0.086636367 

CM Mom
5.955227e-17   1.5571313e-17 
-2.177482e-17  1.618796e-17  
-2.7191604e-17 1.7432109e-17 
7.2934187e-17  1.5779658e-17 

CM Pos
7.4984886      0.013872513   
7.5011601      0.011559138   
7.498986       0.01599919    
12.989611      0.011009818   

Stress
20.2326      0.000597128  -0.0062289    0.115353     0.0743431    0.0618616   
0.000597128  20.2353      0.0129326     0.0743431    0.110438     0.0772306   
-0.0062289   0.0129326    20.2394       0.0618616    0.0772306    0.131314    

Stress Spherical
0            0            0             0            0            0           
0            0            0             0            0            0           
0            0            0             0            0            0           

Inertia
149.918      -56.2374     -56.2536      0.367929     0.160279     0.132767    
-56.2374     149.896      -56.243       0.160279     0.257045     0.17315     
-56.2536     -56.243      149.925       0.132767     0.17315      0.232593    

Bond Length
0.57005368    0.0027738889

BB bond length
0.57005368    0.0027738889

Water EE distance
0             0           

PEG EE distance
2.212145      0.05622096  

