Time = 1000
Temperature
   1.0698951   0.089218721

Pressure
   23.361081    0.41251352

CM Mom
-2.6201703e-18 1.8096584e-17 
5.5857959e-17  2.3391543e-17 
-1.4927929e-16 1.671494e-16  
1.9049516e-16  1.3392702e-16 

CM Pos
7.5032887      0.010674247   
7.4919273      0.027319049   
7.4952984      0.013389334   
12.984942      0.01197217    

Stress
20.1471      -0.0168006   0.00277236    0.172311     0.0518743    0.0738331   
-0.0168006   20.1817      7.18325e-05   0.0518743    0.182626     0.0695804   
0.00277236   7.18325e-05  20.1397       0.0738331    0.0695804    0.272758    

Stress Spherical
0            0            0             0            0            0           
0            0            0             0            0            0           
0            0            0             0            0            0           

Inertia
149.699      -56.2339     -56.2532      0.867001     0.182818     0.139309    
-56.2339     149.87       -56.1303      0.182818     1.24208      0.196141    
-56.2532     -56.1303     149.806       0.139309     0.196141     0.762515    

Bond Length
0.57289352    0.0073175281

BB bond length
0.57289352    0.0073175281

Water EE distance
0             0           

PEG EE distance
5.2571699     0.15899796  

Time = 2000
Temperature
1.0116395     0.0077562767

Pressure
23.083274     0.082394925 

CM Mom
1.1736957e-17  1.0542253e-17 
7.4742388e-17  1.5182179e-17 
-1.6060073e-17 5.4812464e-17 
9.247562e-17   2.786414e-17  

CM Pos
7.4955735      0.0090297472  
7.5005326      0.018886489   
7.5050907      0.01358195    
12.991091      0.013417784   

Stress
20.0741      0.00803341   0.00086677    0.123366     0.0518277    0.0636771   
0.00803341   20.0055      0.00308651    0.0518277    0.135516     0.0666177   
0.00086677   0.00308651   20.0789       0.0636771    0.0666177    0.085407    

Stress Spherical
0            0            0             0            0            0           
0            0            0             0            0            0           
0            0            0             0            0            0           

Inertia
149.784      -56.2524     -56.2449      0.396669     0.173742     0.128463    
-56.2524     149.725      -56.3111      0.173742     0.479397     0.17106     
-56.2449     -56.3111     149.666       0.128463     0.17106      0.365651    

Bond Length
0.57000609    0.0024302947

BB bond length
0.57000609    0.0024302947

Water EE distance
0             0           

PEG EE distance
4.8409733     0.099092119 

Time = 3000
Temperature
1.0130022     0.0075381461

Pressure
23.04823      0.086110101 

CM Mom
2.2617637e-17  3.0373633e-17 
8.2157053e-17  1.6258825e-17 
-2.5638904e-18 3.7857398e-17 
9.6751488e-17  2.2959783e-17 

CM Pos
7.5099652      0.014568041   
7.5100281      0.011039214   
7.510877       0.0076937045  
13.008211      0.014432428   

Stress
20.0279      -0.00182494  -0.00494851   0.0904969    0.117205     0.0771637   
-0.00182494  20.0114      -0.0378091    0.117205     0.125513     0.0726737   
-0.00494851  -0.0378091   20.0019       0.0771637    0.0726737    0.116489    

Stress Spherical
0            0            0             0            0            0           
0            0            0             0            0            0           
0            0            0             0            0            0           

Inertia
150.104      -56.4444     -56.3666      0.301317     0.16892      0.148174    
-56.4444     150.135      -56.3861      0.16892      0.37405      0.120546    
-56.3666     -56.3861     150.117       0.148174     0.120546     0.393024    

Bond Length
0.57089235    0.0019740741

BB bond length
0.57089235    0.0019740741

Water EE distance
0             0           

PEG EE distance
4.7437034     0.18651641  

