Time = 1000
Temperature
   1.0174148   0.032461614

Pressure
   23.769822    0.10948697

CM Mom
3.1815281e-17  1.7518526e-17 
-5.2282688e-17 9.1778697e-18 
-1.3774979e-17 2.0820893e-17 
6.8355562e-17  9.3595049e-18 

CM Pos
7.5000856      0.028859813   
7.5011223      0.018529828   
7.502257       0.014857706   
12.992424      0.017477812   

Stress
20.7367      -0.0289409   0.0281838     0.0907144    0.0307166    0.0626077   
-0.0289409   20.7239      0.00802696    0.0307166    0.124331     0.0258226   
0.0281838    0.00802696   20.6931       0.0626077    0.0258226    0.112675    

Stress Spherical
0            0            0             0            0            0           
0            0            0             0            0            0           
0            0            0             0            0            0           

Inertia
150.062      -56.2842     -56.2947      0.2396       0.341        0.159272    
-56.2842     150.032      -56.296       0.341        0.347037     0.13995     
-56.2947     -56.296      150.022       0.159272     0.13995      0.572935    

Bond Length
0.57384425    0.032068484 

BB bond length
0.57384425    0.032068484 

Water EE distance
0             0           

PEG EE distance
2.3675132     0.57659618  

Time = 2000
Temperature
1.0076035     0.0086938601

Pressure
23.719013     0.094872905 

CM Mom
2.1050468e-17  1.0703353e-17 
-4.6131582e-17 1.3706231e-17 
-3.1387597e-17 1.8516091e-17 
6.3790283e-17  1.1510614e-17 

CM Pos
7.5029007      0.017212409   
7.5000851      0.012967418   
7.4938117      0.012558926   
12.988553      0.010659918   

Stress
20.7388      -0.0345112   -0.00665072   0.135878     0.0644255    0.0570209   
-0.0345112   20.6778      0.0037338     0.0644255    0.115178     0.0892129   
-0.00665072  0.0037338    20.6729       0.0570209    0.0892129    0.117469    

Stress Spherical
0            0            0             0            0            0           
0            0            0             0            0            0           
0            0            0             0            0            0           

Inertia
149.892      -56.2489     -56.2524      0.297965     0.122913     0.188461    
-56.2489     149.945      -56.1613      0.122913     0.332865     0.162492    
-56.2524     -56.1613     150.042       0.188461     0.162492     0.188254    

Bond Length
0.56173377    0.023870753 

BB bond length
0.56173377    0.023870753 

Water EE distance
0             0           

PEG EE distance
2.5296502     0.63515518  

Time = 3000
Temperature
1.0147155     0.007179511 

Pressure
23.734503     0.087162929 

CM Mom
1.0434934e-17  1.5797221e-17 
-5.9748921e-17 1.1751789e-17 
-5.2679255e-17 2.5124751e-17 
8.4395474e-17  1.8714677e-17 

CM Pos
7.4972706      0.012714404   
7.5023076      0.011423917   
7.5065537      0.015908709   
12.993935      0.015033078   

Stress
20.6694      0.0118794    -0.0137302    0.137476     0.0376219    0.0715672   
0.0118794    20.7065      0.0262352     0.0376219    0.0924877    0.0632267   
-0.0137302   0.0262352    20.6961       0.0715672    0.0632267    0.0813766   

Stress Spherical
0            0            0             0            0            0           
0            0            0             0            0            0           
0            0            0             0            0            0           

Inertia
150.116      -56.2718     -56.2727      0.247547     0.160651     0.21178     
-56.2718     150.053      -56.2978      0.160651     0.365885     0.130082    
-56.2727     -56.2978     149.981       0.21178      0.130082     0.205148    

Bond Length
0.56562381    0.023451048 

BB bond length
0.56562381    0.023451048 

Water EE distance
0             0           

PEG EE distance
2.1605789     0.55475731  

