Time = 500
Temperature
   1.0377156    0.05366756

Pressure
   20.649005    0.25367678

CM Mom
-2.3179404e-17 1.4712553e-17 
3.5856143e-17  1.0053528e-17 
6.2914467e-18  2.17337e-17   
5.0351718e-17  1.082224e-17  

CM Pos
7.4947066      0.02710832    
7.4851226      0.021047389   
7.5264183      0.036529873   
12.994115      0.012297762   

Stress
17.5305      -0.00587613  0.0527747     0.120439     0.0486171    0.0366606   
-0.00587613  17.4775      0.0270457     0.0486171    0.163183     0.0652167   
0.0527747    0.0270457    17.6088       0.0366606    0.0652167    0.111969    

Stress Spherical
0            0            0             0            0            0           
0            0            0             0            0            0           
0            0            0             0            0            0           

Inertia
149.141      -56.1456     -56.553       0.131123     0.351297     0.218621    
-56.1456     149.356      -56.2476      0.351297     0.408295     0.147742    
-56.553      -56.2476     148.85        0.218621     0.147742     1.12968     

Bond Length
0.61338105    0.001827325 

BB bond length
0.61338105    0.001827325 

Water EE distance
0             0           

PEG EE distance
3.9693367     0.088324771 

Time = 1000
Temperature
1.015193      0.0074488493

Pressure
20.556361     0.047342627 

CM Mom
-9.4799765e-18 8.4501545e-18 
4.8841032e-17  1.4086571e-17 
9.665471e-18   1.1443428e-17 
5.3525827e-17  1.0223118e-17 

CM Pos
7.5021213      0.033416012   
7.4803772      0.0081007416  
7.5332398      0.021987646   
12.999577      0.015537955   

Stress
17.498       -0.0583512   0.0353079     0.0648917    0.0469664    0.092236    
-0.0583512   17.485       -0.0109209    0.0469664    0.0809667    0.044427    
0.0353079    -0.0109209   17.5584       0.092236     0.044427     0.0731482   

Stress Spherical
0            0            0             0            0            0           
0            0            0             0            0            0           
0            0            0             0            0            0           

Inertia
149.534      -56.1895     -56.5632      0.235672     0.256305     0.251273    
-56.1895     149.781      -56.2829      0.256305     0.474457     0.164953    
-56.5632     -56.2829     149.121       0.251273     0.164953     0.72221     

Bond Length
0.61326884    0.0031763392

BB bond length
0.61326884    0.0031763392

Water EE distance
0             0           

PEG EE distance
3.6074661     0.18667862  

