Time = 1000
Temperature
    1.119803    0.16662385

Pressure
   23.811438    0.79377572

CM Mom
-4.7319306e-17 2.4443707e-17 
-5.2546862e-17 3.3756452e-17 
-1.4423408e-17 2.9343566e-16 
2.5265879e-16  1.709191e-16  

CM Pos
7.5066812      0.021583583   
7.498425       0.01669713    
7.5058201      0.01936587    
12.996707      0.026658432   

Stress
20.3925      -0.00103426  0.00407345    0.345661     0.0585832    0.0756101   
-0.00103426  20.5052      0.00437528    0.0585832    0.347474     0.0619031   
0.00407345   0.00437528   20.4653       0.0756101    0.0619031    0.325884    

Stress Spherical
0            0            0             0            0            0           
0            0            0             0            0            0           
0            0            0             0            0            0           

Inertia
150.179      -56.2653     -56.2969      1.64976      0.292015     0.282905    
-56.2653     150.304      -56.2809      0.292015     1.69199      0.223092    
-56.2969     -56.2809     150.187       0.282905     0.223092     1.62996     

Bond Length
0.61831463    0.0081343948

BB bond length
0.61831463    0.0081343948

Water EE distance
0             0           

PEG EE distance
7.6842934     0.14979687  

BBB P2(x)
0.49199225    0.061601928 

BBB first bond length
0.61828632    0.008305432 

BBB second bond length
0.61835509    0.008109609 

BBB <phi**2>/<phi>**2
1.2216352     0.014250499 

Time = 2000
Temperature
1.0123042     0.009057894 

Pressure
23.228691     0.060394165 

CM Mom
-5.4903947e-17 1.5680405e-17 
-4.8352116e-17 9.7583583e-18 
-8.6143234e-17 3.937811e-17  
1.1805824e-16  2.6963228e-17 

CM Pos
7.5023819      0.0088467259  
7.5013901      0.013477769   
7.5022621      0.01964307    
12.993882      0.014285307   

Stress
20.1962      -0.00162314  -0.0255065    0.0758604    0.0523476    0.0986214   
-0.00162314  20.1974      -0.00117978   0.0523476    0.0683336    0.0735758   
-0.0255065   -0.00117978  20.188        0.0986214    0.0735758    0.105423    

Stress Spherical
0            0            0             0            0            0           
0            0            0             0            0            0           
0            0            0             0            0            0           

Inertia
149.941      -56.2916     -56.263       0.516478     0.0718421    0.15986     
-56.2916     149.944      -56.2751      0.0718421    0.570374     0.211781    
-56.263      -56.2751     149.928       0.15986      0.211781     0.363939    

Bond Length
0.61805178    0.0018182009

BB bond length
0.61805178    0.0018182009

Water EE distance
0             0           

PEG EE distance
7.8932092     0.11888883  

BBB P2(x)
0.51850156    0.0074965771

BBB first bond length
0.61804821    0.0016442364

BBB second bond length
0.61803157    0.0018711183

BBB <phi**2>/<phi>**2
1.2283273     0.0092958988

Time = 3000
Temperature
1.0059249     0.0098115569

Pressure
23.175417     0.10715338  

CM Mom
-6.3774148e-17 2.2016404e-17 
-5.2569905e-17 2.4862771e-17 
-8.8046732e-17 1.6760862e-17 
1.2489826e-16  1.9162295e-17 

CM Pos
7.5010476      0.0087505562  
7.4987215      0.01891634    
7.5050788      0.015096109   
12.993199      0.014242791   

Stress
20.1748      0.0159058    0.0035493     0.13144      0.0618951    0.0667206   
0.0159058    20.1796      0.00831096    0.0618951    0.104445     0.0552602   
0.0035493    0.00831096   20.1249       0.0667206    0.0552602    0.123223    

Stress Spherical
0            0            0             0            0            0           
0            0            0             0            0            0           
0            0            0             0            0            0           

Inertia
150.008      -56.2147     -56.3157      0.438943     0.168367     0.125381    
-56.2147     150.032      -56.2707      0.168367     0.323106     0.214741    
-56.3157     -56.2707     149.957       0.125381     0.214741     0.309632    

Bond Length
0.61779331    0.0018555869

BB bond length
0.61779331    0.0018555869

Water EE distance
0             0           

PEG EE distance
7.9354562     0.075815284 

BBB P2(x)
0.51573359    0.0080384709

BBB first bond length
0.6178809     0.0019133438

BBB second bond length
0.61767859    0.0019343437

BBB <phi**2>/<phi>**2
1.2305495     0.012982712 

Time = 4000
Temperature
1.0091719     0.0077294957

Pressure
23.212444     0.051197958 

CM Mom
-7.2990196e-17 3.588653e-17  
-6.9375223e-17 1.5107126e-17 
-7.6637539e-17 2.6103873e-17 
1.3259743e-16  2.5083944e-17 

CM Pos
7.5029749      0.011310854   
7.4956083      0.0096579349  
7.4981111      0.010756092   
12.988481      0.01189347    

Stress
20.2025      0.0230552    0.0157964     0.106135     0.0754243    0.0549235   
0.0230552    20.1771      -0.00526744   0.0754243    0.0737344    0.0620156   
0.0157964    -0.00526744  20.1815       0.0549235    0.0620156    0.0689942   

Stress Spherical
0            0            0             0            0            0           
0            0            0             0            0            0           
0            0            0             0            0            0           

Inertia
149.87       -56.2394     -56.2485      0.227629     0.145113     0.149351    
-56.2394     149.966      -56.2116      0.145113     0.327618     0.130738    
-56.2485     -56.2116     149.923       0.149351     0.130738     0.246922    

Bond Length
0.61821599    0.0019791933

BB bond length
0.61821599    0.0019791933

Water EE distance
0             0           

PEG EE distance
7.6238081     0.16744405  

BBB P2(x)
0.51698281    0.0088209999

BBB first bond length
0.61840657    0.0021912923

BBB second bond length
0.61791691    0.0019674601

BBB <phi**2>/<phi>**2
1.2259999     0.0090969814

Time = 5000
Temperature
1.0138262     0.0070626769

Pressure
23.179855     0.086300572 

CM Mom
-7.2278613e-17 1.8917364e-17 
-7.6731082e-17 1.7401135e-17 
-6.4618261e-17 2.2921194e-17 
1.2660588e-16  2.1080228e-17 

CM Pos
7.5053469      0.01242213    
7.5003523      0.014822099   
7.5059683      0.014235922   
12.997127      0.018212406   

Stress
20.1284      0.0277323    -0.000829805  0.0860452    0.0618781    0.0858517   
0.0277323    20.1292      -0.0387698    0.0618781    0.117692     0.0614059   
-0.000829805 -0.0387698   20.1638       0.0858517    0.0614059    0.111279    

Stress Spherical
0            0            0             0            0            0           
0            0            0             0            0            0           
0            0            0             0            0            0           

Inertia
150.066      -56.2814     -56.3418      0.341817     0.207178     0.156207    
-56.2814     150.125      -56.3103      0.207178     0.36013      0.211998    
-56.3418     -56.3103     150.049       0.156207     0.211998     0.354802    

Bond Length
0.61852828    0.0022737511

BB bond length
0.61852828    0.0022737511

Water EE distance
0             0           

PEG EE distance
7.3165749     0.093752498 

BBB P2(x)
0.51321085    0.0048772957

BBB first bond length
0.61837195    0.0023959587

BBB second bond length
0.61849929    0.0022372829

BBB <phi**2>/<phi>**2
1.2247848     0.008281823 

Time = 6000
Temperature
1.0082934     0.010577729 

Pressure
23.181398     0.097924172 

CM Mom
-9.5024853e-17 1.4956128e-17 
-8.9301397e-17 2.5418014e-17 
-6.1765345e-17 2.8753284e-17 
1.4934003e-16  1.4611211e-17 

CM Pos
7.4980826      0.012893545   
7.5050963      0.0093056067  
7.5071543      0.022031562   
12.996362      0.019889797   

Stress
20.1585      0.0626071    0.00353632    0.102578     0.082438     0.069866    
0.0626071    20.1674      0.0503632     0.082438     0.149721     0.0634923   
0.00353632   0.0503632    20.1499       0.069866     0.0634923    0.159107    

Stress Spherical
0            0            0             0            0            0           
0            0            0             0            0            0           
0            0            0             0            0            0           

Inertia
150.177      -56.2674     -56.3466      0.403762     0.145263     0.234299    
-56.2674     150.053      -56.3569      0.145263     0.42733      0.230381    
-56.3466     -56.3569     150.03        0.234299     0.230381     0.269747    

Bond Length
0.61900751    0.0018961421

BB bond length
0.61900751    0.0018961421

Water EE distance
0             0           

PEG EE distance
7.2599307     0.077813264 

BBB P2(x)
0.51829805    0.0088868254

BBB first bond length
0.619045      0.001832496 

BBB second bond length
0.619024      0.0019314925

BBB <phi**2>/<phi>**2
1.2257335     0.0080016672

Time = 7000
Temperature
1.0060427     0.0097246926

Pressure
23.199244     0.1154148   

CM Mom
-8.2110199e-17 1.03736e-17   
-6.5769303e-17 1.2199103e-17 
-4.8383252e-17 1.7401037e-17 
1.1755853e-16  1.2159096e-17 

CM Pos
7.4967484      0.0082075176  
7.5013901      0.010550822   
7.5043376      0.016390917   
12.991824      0.011846458   

Stress
20.2085      0.0268107    0.00373259    0.181397     0.0918493    0.0469215   
0.0268107    20.1611      0.0266982     0.0918493    0.126181     0.0482057   
0.00373259   0.0266982    20.18         0.0469215    0.0482057    0.104998    

Stress Spherical
0            0            0             0            0            0           
0            0            0             0            0            0           
0            0            0             0            0            0           

Inertia
150.088      -56.2262     -56.2829      0.284097     0.103291     0.180081    
-56.2262     150.005      -56.3031      0.103291     0.251905     0.112754    
-56.2829     -56.3031     149.969       0.180081     0.112754     0.194339    

Bond Length
0.61785453    0.0029121235

BB bond length
0.61785453    0.0029121235

Water EE distance
0             0           

PEG EE distance
7.3737765     0.096460274 

BBB P2(x)
0.51387271    0.0085960796

BBB first bond length
0.6178974     0.0028071163

BBB second bond length
0.61786829    0.0029685915

BBB <phi**2>/<phi>**2
1.2303298     0.0064316748

Time = 8000
Temperature
1.0104793     0.0095355973

Pressure
23.179747     0.090570225 

CM Mom
-1.1019002e-16 1.835493e-17  
-8.0933646e-18 2.9250343e-17 
-4.9754297e-17 2.5229294e-17 
1.2650601e-16  2.2540316e-17 

CM Pos
7.4961554      0.01270898    
7.4976838      0.010752005   
7.5037446      0.011856345   
12.989         0.0099180904  

Stress
20.1489      0.0455015    -0.0149041    0.10506      0.049112     0.0587871   
0.0455015    20.1362      0.0109365     0.049112     0.148943     0.0693635   
-0.0149041   0.0109365    20.1662       0.0587871    0.0693635    0.124736    

Stress Spherical
0            0            0             0            0            0           
0            0            0             0            0            0           
0            0            0             0            0            0           

Inertia
150.036      -56.2601     -56.2674      0.272275     0.147561     0.111248    
-56.2601     150.023      -56.2868      0.147561     0.210431     0.199262    
-56.2674     -56.2868     149.912       0.111248     0.199262     0.26087     

Bond Length
0.61848551    0.0012471417

BB bond length
0.61848551    0.0012471417

Water EE distance
0             0           

PEG EE distance
7.4051255     0.058553297 

BBB P2(x)
0.51305185    0.010296028 

BBB first bond length
0.61824236    0.0013253094

BBB second bond length
0.618379      0.0012553362

BBB <phi**2>/<phi>**2
1.2281925     0.0089630773

Time = 9000
Temperature
1.0156777     0.0075073172

Pressure
23.281265     0.11225962  

CM Mom
-1.1582261e-16 1.4693754e-17 
-3.5208817e-18 1.6454656e-17 
-6.6838837e-17 2.2536868e-17 
1.3689141e-16  1.2248131e-17 

CM Pos
7.5041609      0.011640272   
7.5000558      0.013345852   
7.4949978      0.019466049   
12.989949      0.013299861   

Stress
20.2625      0.0494198    0.0186895     0.135014     0.0554194    0.0688769   
0.0494198    20.1962      -0.0542356    0.0554194    0.126642     0.056757    
0.0186895    -0.0542356   20.2503       0.0688769    0.056757     0.0924112   

Stress Spherical
0            0            0             0            0            0           
0            0            0             0            0            0           
0            0            0             0            0            0           

Inertia
149.925      -56.2977     -56.2797      0.269443     0.157966     0.215252    
-56.2977     149.992      -56.2259      0.157966     0.407887     0.152431    
-56.2797     -56.2259     150.069       0.215252     0.152431     0.313493    

Bond Length
0.61849431    0.0015186225

BB bond length
0.61849431    0.0015186225

Water EE distance
0             0           

PEG EE distance
7.4690267     0.10826536  

BBB P2(x)
0.50960859    0.0092113384

BBB first bond length
0.61860825    0.0014218748

BBB second bond length
0.61841613    0.0014888658

BBB <phi**2>/<phi>**2
1.2261332     0.0071003186

Time = 10000
Temperature
1.0136148     0.009893875 

Pressure
23.165309     0.083468335 

CM Mom
-7.722513e-17  2.1489258e-17 
-2.3898105e-17 8.1159506e-18 
-9.4018926e-17 1.9778777e-17 
1.2728204e-16  9.6195974e-18 

CM Pos
7.4979344      0.011271924   
7.5033173      0.012766782   
7.5024103      0.008387633   
12.992507      0.0084886166  

Stress
20.0832      0.0273962    0.0545448     0.111026     0.0560901    0.0634274   
0.0273962    20.1735      -0.00183232   0.0560901    0.129314     0.0656299   
0.0545448    -0.00183232  20.123        0.0634274    0.0656299    0.110128    

Stress Spherical
0            0            0             0            0            0           
0            0            0             0            0            0           
0            0            0             0            0            0           

Inertia
150.088      -56.2774     -56.2366      0.208061     0.136622     0.140418    
-56.2774     150.006      -56.2621      0.136622     0.200072     0.128838    
-56.2366     -56.2621     150.012       0.140418     0.128838     0.192073    

Bond Length
0.61890983    0.0014970543

BB bond length
0.61890983    0.0014970543

Water EE distance
0             0           

PEG EE distance
7.137873      0.11393897  

BBB P2(x)
0.51024834    0.0064198096

BBB first bond length
0.61875988    0.0015624624

BBB second bond length
0.61873873    0.0015181953

BBB <phi**2>/<phi>**2
1.2242569     0.0056683875

Time = 11000
Temperature
1.0130722     0.0056466008

Pressure
23.219259     0.11604111  

CM Mom
-6.7623698e-17 1.8851069e-17 
-1.6225957e-17 2.0668661e-17 
-1.1380472e-16 1.160146e-17  
1.3601355e-16  1.4325641e-17 

CM Pos
7.5006029      0.017243659   
7.5028726      0.011975312   
7.5037446      0.010202402   
12.994561      0.015839943   

Stress
20.2018      0.035458     -0.00939819   0.140839     0.0678839    0.0552104   
0.035458     20.1906      -0.0529552    0.0678839    0.120561     0.0659089   
-0.00939819  -0.0529552   20.154        0.0552104    0.0659089    0.134413    

Stress Spherical
0            0            0             0            0            0           
0            0            0             0            0            0           
0            0            0             0            0            0           

Inertia
150.084      -56.2959     -56.2995      0.210138     0.21063      0.141555    
-56.2959     150.056      -56.2726      0.21063      0.316519     0.161472    
-56.2995     -56.2726     150.066       0.141555     0.161472     0.328134    

Bond Length
0.61871263    0.0017971175

BB bond length
0.61871263    0.0017971175

Water EE distance
0             0           

PEG EE distance
7.2750334     0.14804996  

BBB P2(x)
0.50292699    0.0082522272

BBB first bond length
0.61844686    0.0020978258

BBB second bond length
0.61884559    0.0018716899

BBB <phi**2>/<phi>**2
1.2250328     0.0052437015

Time = 12000
Temperature
1.0135097     0.0040559767

Pressure
23.230069     0.11966585  

CM Mom
-6.6322878e-17 1.610202e-17  
-3.4908472e-17 1.2078772e-17 
-1.0177323e-16 1.7877404e-17 
1.2868634e-16  1.1820108e-17 

CM Pos
7.4970449      0.00906756    
7.5065788      0.015661331   
7.4949978      0.010055941   
12.989597      0.013903327   

Stress
20.1771      0.00946533   0.0133019     0.155819     0.0537893    0.0585392   
0.00946533   20.1638      -0.00267687   0.0537893    0.129214     0.0683235   
0.0133019    -0.00267687  20.2341       0.0585392    0.0683235    0.0902873   

Stress Spherical
0            0            0             0            0            0           
0            0            0             0            0            0           
0            0            0             0            0            0           

Inertia
150          -56.3002     -56.203       0.284193     0.16931      0.152559    
-56.3002     149.874      -56.2602      0.16931      0.251418     0.17822     
-56.203      -56.2602     150.054       0.152559     0.17822      0.325943    

Bond Length
0.61930628    0.0013504581

BB bond length
0.61930628    0.0013504581

Water EE distance
0             0           

PEG EE distance
6.9388586     0.11946903  

BBB P2(x)
0.50164346    0.0067885025

BBB first bond length
0.6193111     0.0012587479

BBB second bond length
0.61932164    0.0012373106

BBB <phi**2>/<phi>**2
1.2215435     0.0085831667

Time = 13000
Temperature
1.0124186     0.0051459447

Pressure
23.220986     0.085806073 

CM Mom
-5.0301014e-17 1.9917607e-17 
-2.575538e-17  1.0797959e-17 
-1.022334e-16  1.9533353e-17 
1.1938915e-16  1.6920087e-17 

CM Pos
7.4995651      0.0073290416  
7.499611       0.011503524   
7.5040411      0.010275385   
12.992244      0.013093084   

Stress
20.1868      -0.00435499  0.00746795    0.120152     0.0861917    0.0748202   
-0.00435499  20.1641      0.014381      0.0861917    0.105497     0.0648965   
0.00746795   0.014381     20.2066       0.0748202    0.0648965    0.0762716   

Stress Spherical
0            0            0             0            0            0           
0            0            0             0            0            0           
0            0            0             0            0            0           

Inertia
150.055      -56.221      -56.2891      0.282401     0.146415     0.0786067   
-56.221      150.072      -56.2859      0.146415     0.208265     0.164096    
-56.2891     -56.2859     150.01        0.0786067    0.164096     0.224261    

Bond Length
0.61771454    0.0025079496

BB bond length
0.61771454    0.0025079496

Water EE distance
0             0           

PEG EE distance
7.0138567     0.14479422  

BBB P2(x)
0.50609861    0.0063916685

BBB first bond length
0.61771373    0.0026229033

BBB second bond length
0.61773522    0.0025932773

BBB <phi**2>/<phi>**2
1.2196833     0.0074008883

Time = 14000
Temperature
1.0121124     0.0060812014

Pressure
23.184724     0.11273842  

CM Mom
-7.9024935e-17 2.9077223e-17 
-1.9025689e-17 1.6105811e-17 
-1.0472038e-16 1.4938519e-17 
1.3501695e-16  2.5917937e-17 

CM Pos
7.4979344      0.011560699   
7.5019831      0.014180234   
7.5015208      0.012856844   
12.991223      0.014284941   

Stress
20.1292      -0.00940755  -0.0125999    0.144873     0.0610245    0.0610416   
-0.00940755  20.1572      0.0255103     0.0610245    0.158541     0.0540667   
-0.0125999   0.0255103    20.165        0.0610416    0.0540667    0.0557818   

Stress Spherical
0            0            0             0            0            0           
0            0            0             0            0            0           
0            0            0             0            0            0           

Inertia
150.042      -56.2671     -56.2471      0.300584     0.151694     0.147307    
-56.2671     149.995      -56.273       0.151694     0.241366     0.180248    
-56.2471     -56.273      150.002       0.147307     0.180248     0.274949    

Bond Length
0.61742046    0.001726522 

BB bond length
0.61742046    0.001726522 

Water EE distance
0             0           

PEG EE distance
6.8451696     0.21072706  

BBB P2(x)
0.50692728    0.0052673017

BBB first bond length
0.61729388    0.001693278 

BBB second bond length
0.6176726     0.0017838668

BBB <phi**2>/<phi>**2
1.224973      0.0090527538

Time = 15000
Temperature
1.012627      0.0088317263

Pressure
23.247368     0.091157615 

CM Mom
-8.1148707e-17 1.676947e-17  
-3.3148683e-17 2.4424613e-17 
-1.3135097e-16 1.9982677e-17 
1.6132336e-16  1.3743433e-17 

CM Pos
7.5040127      0.011448943   
7.4927915      0.01438948    
7.5031516      0.0095111771  
12.990368      0.013945248   

Stress
20.1677      0.0422139    -0.0724728    0.103465     0.0597763    0.0643319   
0.0422139    20.2282      0.00222268    0.0597763    0.131568     0.0663396   
-0.0724728   0.00222268   20.2388       0.0643319    0.0663396    0.0888245   

Stress Spherical
0            0            0             0            0            0           
0            0            0             0            0            0           
0            0            0             0            0            0           

Inertia
149.964      -56.193      -56.2995      0.296525     0.170772     0.112808    
-56.193      150.097      -56.2052      0.170772     0.256973     0.165321    
-56.2995     -56.2052     149.957       0.112808     0.165321     0.313311    

Bond Length
0.61862797    0.0019643107

BB bond length
0.61862797    0.0019643107

Water EE distance
0             0           

PEG EE distance
6.8597959     0.14958966  

BBB P2(x)
0.50764689    0.0057654459

BBB first bond length
0.61846116    0.0020907452

BBB second bond length
0.61844326    0.0021476046

BBB <phi**2>/<phi>**2
1.2277512     0.0093440411

Time = 16000
Temperature
1.0125791     0.0072575521

Pressure
23.198728     0.09112678  

CM Mom
-8.9719665e-17 1.9978394e-17 
-2.3661093e-17 1.5687458e-17 
-1.3955598e-16 1.5580449e-17 
1.6995523e-16  9.4095288e-18 

CM Pos
7.4983791      0.013719394   
7.4963495      0.0111622     
7.4957391      0.010266825   
12.984885      0.015390501   

Stress
20.1275      -0.0497029   0.0233193     0.124078     0.0728151    0.0852311   
-0.0497029   20.1574      -0.0561511    0.0728151    0.0843684    0.0873632   
0.0233193    -0.0561511   20.2044       0.0852311    0.0873632    0.109973    

Stress Spherical
0            0            0             0            0            0           
0            0            0             0            0            0           
0            0            0             0            0            0           

Inertia
149.893      -56.1442     -56.2097      0.234684     0.195592     0.14114     
-56.1442     149.918      -56.2284      0.195592     0.31405      0.135886    
-56.2097     -56.2284     149.933       0.14114      0.135886     0.350711    

Bond Length
0.61921814    0.0017141297

BB bond length
0.61921814    0.0017141297

Water EE distance
0             0           

PEG EE distance
7.1710081     0.13900098  

BBB P2(x)
0.50583687    0.010682772 

BBB first bond length
0.61911207    0.001805288 

BBB second bond length
0.61922803    0.0015573702

BBB <phi**2>/<phi>**2
1.2231013     0.0084741073

Time = 17000
Temperature
1.0114214     0.0077094675

Pressure
23.193847     0.10306198  

CM Mom
-1.0982847e-16 1.60205e-17   
-4.5365196e-17 1.8863566e-17 
-1.6424618e-16 1.1286241e-17 
2.0398194e-16  1.5110874e-17 

CM Pos
7.4970449      0.014065072   
7.5040586      0.013684908   
7.4964803      0.014870212   
12.989004      0.013480449   

Stress
20.1136      -0.0202888   -0.0150591    0.134839     0.0469353    0.0757339   
-0.0202888   20.216       0.02825       0.0469353    0.150813     0.0636052   
-0.0150591   0.02825      20.1554       0.0757339    0.0636052    0.0742192   

Stress Spherical
0            0            0             0            0            0           
0            0            0             0            0            0           
0            0            0             0            0            0           

Inertia
150.014      -56.2404     -56.1639      0.32269      0.201745     0.183336    
-56.2404     149.896      -56.2566      0.201745     0.242574     0.136974    
-56.1639     -56.2566     150.013       0.183336     0.136974     0.326463    

Bond Length
0.61816817    0.0022308303

BB bond length
0.61816817    0.0022308303

Water EE distance
0             0           

PEG EE distance
6.9632694     0.19138822  

BBB P2(x)
0.51143488    0.011049315 

BBB first bond length
0.61838634    0.0021907866

BBB second bond length
0.61809284    0.0021578226

BBB <phi**2>/<phi>**2
1.2221701     0.0078824021

Time = 18000
Temperature
1.0105272     0.0080239288

Pressure
23.209885     0.061587271 

CM Mom
-9.9017838e-17 2.1740972e-17 
-4.1208306e-17 1.2728646e-17 
-1.7177404e-16 2.0014132e-17 
2.0389338e-16  2.1719134e-17 

CM Pos
7.5046057      0.016965471   
7.5022796      0.0060565423  
7.4995936      0.016256276   
12.994132      0.017833842   

Stress
20.1581      -0.0196113   0.0424813     0.095707     0.062694     0.0486996   
-0.0196113   20.2567      0.0140851     0.062694     0.0711488    0.0806992   
0.0424813    0.0140851    20.1264       0.0486996    0.0806992    0.0702788   

Stress Spherical
0            0            0             0            0            0           
0            0            0             0            0            0           
0            0            0             0            0            0           

Inertia
150.026      -56.2981     -56.2765      0.294649     0.171393     0.259944    
-56.2981     150.039      -56.2708      0.171393     0.464379     0.147188    
-56.2765     -56.2708     150.104       0.259944     0.147188     0.273538    

Bond Length
0.61751852    0.001672004 

BB bond length
0.61751852    0.001672004 

Water EE distance
0             0           

PEG EE distance
6.9200481     0.19957194  

BBB P2(x)
0.51093664    0.012169442 

BBB first bond length
0.61744505    0.0018736307

BBB second bond length
0.61739674    0.0015871139

BBB <phi**2>/<phi>**2
1.222611      0.0077312866

Time = 19000
Temperature
1.0098441     0.008657878 

Pressure
23.159657     0.093931432 

CM Mom
-8.7881318e-17 1.582093e-17  
-4.9472023e-17 2.5007698e-17 
-1.5951628e-16 2.1150962e-17 
1.9045711e-16  2.5791224e-17 

CM Pos
7.4989721      0.019112262   
7.5015383      0.015121566   
7.5031516      0.010603808   
12.992512      0.016657207   

Stress
20.1639      0.0177374    0.0391517     0.116059     0.0664636    0.0591028   
0.0177374    20.0908      0.0235076     0.0664636    0.12402      0.0563554   
0.0391517    0.0235076    20.1419       0.0591028    0.0563554    0.0903628   

Stress Spherical
0            0            0             0            0            0           
0            0            0             0            0            0           
0            0            0             0            0            0           

Inertia
150.09       -56.244      -56.2644      0.270994     0.188342     0.186412    
-56.244      150.034      -56.3153      0.188342     0.39826      0.156644    
-56.2644     -56.3153     150.008       0.186412     0.156644     0.299075    

Bond Length
0.6188472     0.0017926843

BB bond length
0.6188472     0.0017926843

Water EE distance
0             0           

PEG EE distance
6.9866558     0.11822217  

BBB P2(x)
0.51587921    0.011629434 

BBB first bond length
0.61879335    0.0019942488

BBB second bond length
0.61897355    0.002005686 

BBB <phi**2>/<phi>**2
1.2293233     0.0080954677

Time = 20000
Temperature
1.0127389     0.0085122111

Pressure
23.240374     0.14185899  

CM Mom
-8.9389385e-17 2.0597086e-17 
-3.6473564e-17 2.4297772e-17 
-1.4152463e-16 1.9387522e-17 
1.7369495e-16  2.3886535e-17 

CM Pos
7.5000099      0.01243981    
7.500204       0.013555817   
7.4998901      0.010978558   
12.99045       0.014900901   

Stress
20.2122      0.0104169    0.0511691     0.173575     0.0785796    0.0622571   
0.0104169    20.1875      0.00585798    0.0785796    0.134725     0.0435594   
0.0511691    0.00585798   20.2131       0.0622571    0.0435594    0.163371    

Stress Spherical
0            0            0             0            0            0           
0            0            0             0            0            0           
0            0            0             0            0            0           

Inertia
150.026      -56.2548     -56.2457      0.282177     0.187816     0.164888    
-56.2548     150.017      -56.2298      0.187816     0.282956     0.140759    
-56.2457     -56.2298     150.023       0.164888     0.140759     0.296732    

Bond Length
0.61837947    0.0024799425

BB bond length
0.61837947    0.0024799425

Water EE distance
0             0           

PEG EE distance
6.8860335     0.10738785  

BBB P2(x)
0.50817789    0.013554943 

BBB first bond length
0.61823457    0.0024653643

BBB second bond length
0.6184812     0.0023361442

BBB <phi**2>/<phi>**2
1.2256074     0.0030976256

Time = 21000
Temperature
1.0106778     0.0065801398

Pressure
23.271599     0.10939725  

CM Mom
-6.704804e-17  1.118164e-17  
-1.5815439e-17 2.0786246e-17 
-1.1163156e-16 2.4032497e-17 
1.3368591e-16  2.1677389e-17 

CM Pos
7.5034197      0.011654424   
7.5030208      0.0052707221  
7.4969251      0.012065817   
12.992335      0.0081502981  

Stress
20.2807      0.00572951   -0.0112802    0.115044     0.0629903    0.0697574   
0.00572951   20.1948      0.0229339     0.0629903    0.146852     0.0790819   
-0.0112802   0.0229339    20.2494       0.0697574    0.0790819    0.124857    

Stress Spherical
0            0            0             0            0            0           
0            0            0             0            0            0           
0            0            0             0            0            0           

Inertia
149.999      -56.27       -56.2644      0.155477     0.114174     0.0973874   
-56.27       150.004      -56.268       0.114174     0.195395     0.0991394   
-56.2644     -56.268      150.102       0.0973874    0.0991394    0.196934    

Bond Length
0.61777469    0.0021140735

BB bond length
0.61777469    0.0021140735

Water EE distance
0             0           

PEG EE distance
7.151835      0.10757849  

BBB P2(x)
0.51556991    0.010994869 

BBB first bond length
0.61768274    0.0021762447

BBB second bond length
0.61771077    0.0021035016

BBB <phi**2>/<phi>**2
1.2271982     0.0064285789

Time = 22000
Temperature
1.0088319     0.0059500179

Pressure
23.163969     0.070503088 

CM Mom
-7.7790775e-17 3.8956882e-17 
-1.441655e-17  1.1556265e-17 
-1.2126262e-16 1.826866e-17  
1.4941292e-16  2.4991464e-17 

CM Pos
7.5044574      0.010099558   
7.497239       0.014158518   
7.5006313      0.0086304287  
12.991738      0.00740516    

Stress
20.1458      -0.0171057   0.00461109    0.0975161    0.0550568    0.0600648   
-0.0171057   20.1562      -0.00658646   0.0550568    0.0688066    0.0549395   
0.00461109   -0.00658646  20.1167       0.0600648    0.0549395    0.143574    

Stress Spherical
0            0            0             0            0            0           
0            0            0             0            0            0           
0            0            0             0            0            0           

Inertia
149.972      -56.2881     -56.3124      0.206414     0.123503     0.120849    
-56.2881     150.086      -56.2454      0.123503     0.201809     0.121966    
-56.3124     -56.2454     150.042       0.120849     0.121966     0.220226    

Bond Length
0.61850885    0.0023509305

BB bond length
0.61850885    0.0023509305

Water EE distance
0             0           

PEG EE distance
7.0360146     0.08668246  

BBB P2(x)
0.5097308     0.0059731541

BBB first bond length
0.61863258    0.0023621383

BBB second bond length
0.61847445    0.0025291254

BBB <phi**2>/<phi>**2
1.2289648     0.0060257284

Time = 23000
Temperature
1.0101695     0.0066820669

Pressure
23.250764     0.10160842  

CM Mom
-8.5811308e-17 1.9826486e-17 
-2.4476917e-17 1.6948034e-17 
-1.303936e-16  2.0193213e-17 
1.6027735e-16  1.9090672e-17 

CM Pos
7.4940799      0.018729519   
7.4935328      0.017651168   
7.4972216      0.016770025   
12.981651      0.016841146   

Stress
20.2503      0.00649315   0.0432396     0.140325     0.0783205    0.0956537   
0.00649315   20.2292      -0.0123624    0.0783205    0.128128     0.0567734   
0.0432396    -0.0123624   20.1876       0.0956537    0.0567734    0.100932    

Stress Spherical
0            0            0             0            0            0           
0            0            0             0            0            0           
0            0            0             0            0            0           

Inertia
149.846      -56.1615     -56.1578      0.445549     0.163847     0.186344    
-56.1615     149.849      -56.2079      0.163847     0.339668     0.244114    
-56.1578     -56.2079     149.809       0.186344     0.244114     0.270023    

Bond Length
0.61811867    0.0011428784

BB bond length
0.61811867    0.0011428784

Water EE distance
0             0           

PEG EE distance
7.401749      0.064088674 

BBB P2(x)
0.50296376    0.0097780203

BBB first bond length
0.61799736    0.001138237 

BBB second bond length
0.61826652    0.001362611 

BBB <phi**2>/<phi>**2
1.2197806     0.007709243 

Time = 24000
Temperature
1.0115475     0.0069667546

Pressure
23.201851     0.13682119  

CM Mom
-9.7239703e-17 1.3209761e-17 
-4.102849e-18  1.8557855e-17 
-1.3751053e-16 1.4735667e-17 
1.6989294e-16  1.5936117e-17 

CM Pos
7.4905219      0.011934867   
7.4890852      0.012131215   
7.5016691      0.011149395   
12.979585      0.011958668   

Stress
20.1461      0.0212057    0.0383753     0.132751     0.0518632    0.0687973   
0.0212057    20.1509      -0.033102     0.0518632    0.135833     0.0516264   
0.0383753    -0.033102    20.2109       0.0687973    0.0516264    0.171129    

Stress Spherical
0            0            0             0            0            0           
0            0            0             0            0            0           
0            0            0             0            0            0           

Inertia
149.843      -56.0972     -56.187       0.317418     0.151612     0.160173    
-56.0972     149.863      -56.1817      0.151612     0.256423     0.137452    
-56.187      -56.1817     149.708       0.160173     0.137452     0.295555    

Bond Length
0.61893066    0.0026247593

BB bond length
0.61893066    0.0026247593

Water EE distance
0             0           

PEG EE distance
7.0082205     0.2103176   

BBB P2(x)
0.51298013    0.010221974 

BBB first bond length
0.61875301    0.0026615958

BBB second bond length
0.61876273    0.0024012159

BBB <phi**2>/<phi>**2
1.2307169     0.0070322558

Time = 25000
Temperature
1.0104843     0.0071418326

Pressure
23.251625     0.063769645 

CM Mom
-1.12725e-16   1.7434958e-17 
-2.320737e-18  1.3520609e-17 
-1.4042599e-16 1.283675e-17  
1.8131073e-16  1.4482957e-17 

CM Pos
7.4998616      0.009071195   
7.5022796      0.0094799302  
7.4967768      0.016551705   
12.989768      0.012898602   

Stress
20.2419      -0.0115739   0.0105978     0.0850798    0.0535537    0.068312    
-0.0115739   20.1701      -0.0306924    0.0535537    0.0768895    0.0783028   
0.0105978    -0.0306924   20.2549       0.068312     0.0783028    0.0971245   

Stress Spherical
0            0            0             0            0            0           
0            0            0             0            0            0           
0            0            0             0            0            0           

Inertia
149.98       -56.2827     -56.2661      0.296451     0.172898     0.155366    
-56.2827     149.951      -56.2683      0.172898     0.28091      0.131566    
-56.2661     -56.2683     150.052       0.155366     0.131566     0.256868    

Bond Length
0.61789634    0.003255259 

BB bond length
0.61789634    0.003255259 

Water EE distance
0             0           

PEG EE distance
6.6766905     0.11871571  

BBB P2(x)
0.50859442    0.013349554 

BBB first bond length
0.61788646    0.0033989774

BBB second bond length
0.61796615    0.0030950152

BBB <phi**2>/<phi>**2
1.2248412     0.0055269897

Time = 26000
Temperature
1.0127205     0.0064975016

Pressure
23.21842      0.064284956 

CM Mom
-9.4824326e-17 1.4230874e-17 
-1.1906533e-17 1.7178181e-17 
-1.4509613e-16 1.6809e-17    
1.7523814e-16  1.6063943e-17 

CM Pos
7.4994169      0.014661831   
7.5079131      0.0068725007  
7.5030033      0.0086456948  
12.996356      0.011946389   

Stress
20.239       -0.00777789  -0.0070767    0.0725307    0.106032     0.0978452   
-0.00777789  20.1253      0.0203032     0.106032     0.102438     0.0963448   
-0.0070767   0.0203032    20.1828       0.0978452    0.0963448    0.0974716   

Stress Spherical
0            0            0             0            0            0           
0            0            0             0            0            0           
0            0            0             0            0            0           

Inertia
150.16       -56.2986     -56.2907      0.204595     0.106058     0.179564    
-56.2986     150.037      -56.3578      0.106058     0.265615     0.0883836   
-56.2907     -56.3578     150.118       0.179564     0.0883836    0.225192    

Bond Length
0.61943287    0.0023034783

BB bond length
0.61943287    0.0023034783

Water EE distance
0             0           

PEG EE distance
6.8869785     0.068662787 

BBB P2(x)
0.49839919    0.0058766676

BBB first bond length
0.61939571    0.0023696074

BBB second bond length
0.61939134    0.0023814503

BBB <phi**2>/<phi>**2
1.2232554     0.0075322201

Time = 27000
Temperature
1.0089383     0.0082442578

Pressure
23.236591     0.12003688  

CM Mom
-9.9480614e-17 1.3882139e-17 
-2.1664052e-17 1.1424654e-17 
-1.2131941e-16 1.144331e-17  
1.5944538e-16  1.0746052e-17 

CM Pos
7.4908184      0.011353522   
7.4994628      0.01262831    
7.4975181      0.016008324   
12.983349      0.016886501   

Stress
20.2176      -0.0137219   -0.0395141    0.151456     0.0906753    0.0438124   
-0.0137219   20.1657      0.00315848    0.0906753    0.168465     0.0641174   
-0.0395141   0.00315848   20.2524       0.0438124    0.0641174    0.0947764   

Stress Spherical
0            0            0             0            0            0           
0            0            0             0            0            0           
0            0            0             0            0            0           

Inertia
149.957      -56.1589     -56.1482      0.34817      0.17655      0.204984    
-56.1589     149.831      -56.2109      0.17655      0.314243     0.217199    
-56.1482     -56.2109     149.851       0.204984     0.217199     0.314258    

Bond Length
0.61805621    0.0020333989

BB bond length
0.61805621    0.0020333989

Water EE distance
0             0           

PEG EE distance
7.1010926     0.1008698   

BBB P2(x)
0.51846072    0.009275864 

BBB first bond length
0.61801546    0.0020625786

BBB second bond length
0.61797502    0.002014537 

BBB <phi**2>/<phi>**2
1.2268415     0.0069840066

Time = 28000
Temperature
1.0122236     0.0082076891

Pressure
23.188403     0.094923505 

CM Mom
-1.1522103e-16 2.7583472e-17 
-4.0063711e-17 1.8970628e-17 
-7.9377161e-17 3.2640538e-17 
1.503689e-16   2.7514534e-17 

CM Pos
7.4994169      0.0082821572  
7.4969425      0.013736204   
7.5013726      0.012264549   
12.989086      0.0065458788  

Stress
20.1267      -0.0452349   -0.0486762    0.127489     0.0563541    0.0732832   
-0.0452349   20.1141      -0.0307741    0.0563541    0.12107      0.0494714   
-0.0486762   -0.0307741   20.2207       0.0732832    0.0494714    0.0972646   

Stress Spherical
0            0            0             0            0            0           
