Time = 1000
Temperature
    1.186009     0.3061465

Pressure
   23.881371     1.2800109

CM Mom
1.9931676e-17  1.5624522e-17 
9.6019393e-17  3.4536927e-17 
2.9640519e-16  4.6889672e-16 
3.8326556e-16  4.1458606e-16 

CM Pos
7.5004866      0.016757558   
7.4967607      0.026648019   
7.4977641      0.011792439   
12.987537      0.013834722   

Stress
20.3441      0.0236121    0.071831      0.444058     0.0774564    0.0686897   
0.0236121    20.3819      0.0243698     0.0774564    0.315166     0.0829752   
0.071831     0.0243698    20.2735       0.0686897    0.0829752    0.418515    

Stress Spherical
0            0            0             0            0            0           
0            0            0             0            0            0           
0            0            0             0            0            0           

Inertia
150.12       -56.2289     -56.2077      1.33816      0.151816     0.110361    
-56.2289     150.146      -56.202       0.151816     1.44319      0.247488    
-56.2077     -56.202      150.129       0.110361     0.247488     1.50194     

Bond Length
0.62051365    0.01285785  

BB bond length
0.62051365    0.01285785  

Water EE distance
0             0           

PEG EE distance
7.468469      0.13639967  

BBB P2(x)
0.47785342    0.070658654 

BBB first bond length
0.62055854    0.013076516 

BBB second bond length
0.62045134    0.012999776 

BBB <phi**2>/<phi>**2
1.2249347     0.014606744 

Time = 2000
Temperature
1.0153358     0.0082209987

Pressure
23.012292     0.068983787 

CM Mom
1.3777453e-17  1.402406e-17  
7.085135e-17   2.023285e-17  
1.31639e-17    5.9620001e-17 
8.9605121e-17  3.8916957e-17 

CM Pos
7.4961784      0.016097241   
7.4911154      0.010981312   
7.4931587      0.010445714   
12.979107      0.013658815   

Stress
19.9761      0.0188469    -0.0174558    0.0862168    0.0495334    0.0750215   
0.0188469    19.9987      -0.0328211    0.0495334    0.103678     0.0427203   
-0.0174558   -0.0328211   19.9493       0.0750215    0.0427203    0.118306    

Stress Spherical
0            0            0             0            0            0           
0            0            0             0            0            0           
0            0            0             0            0            0           

Inertia
149.649      -56.1448     -56.1489      0.21147      0.128473     0.181028    
-56.1448     149.72       -56.1439      0.128473     0.244261     0.0988647   
-56.1489     -56.1439     149.703       0.181028     0.0988647    0.196822    

Bond Length
0.61819916    0.0017769534

BB bond length
0.61819916    0.0017769534

Water EE distance
0             0           

PEG EE distance
7.3527782     0.15497984  

BBB P2(x)
0.51554918    0.0073808228

BBB first bond length
0.61806743    0.0018735329

BBB second bond length
0.61823561    0.0017626232

BBB <phi**2>/<phi>**2
1.2278639     0.0073510201

