Time = 500
Temperature
   1.0389997   0.040974387

Pressure
   23.382191    0.15930549

CM Mom
-3.0727429e-18 1.3687742e-17 
1.735683e-17   3.9345388e-17 
-1.8540637e-17 1.0526923e-17 
4.5973628e-17  1.9675163e-17 

CM Pos
7.5024823      0.023174099   
7.4998905      0.013038325   
7.4852199      0.021388877   
12.983268      0.0053282396  

Stress
20.2937      -0.0468839   -0.00795153   0.0923999    0.0806262    0.0768581   
-0.0468839   20.2834      0.00197016    0.0806262    0.0559857    0.0486701   
-0.00795153  0.00197016   20.2194       0.0768581    0.0486701    0.113553    

Stress Spherical
0            0            0             0            0            0           
0            0            0             0            0            0           
0            0            0             0            0            0           

Inertia
149.526      -56.1946     -56.1906      0.587433     0.0617902    0.0994088   
-56.1946     149.617      -56.1701      0.0617902    0.234712     0.278973    
-56.1906     -56.1701     149.809       0.0994088    0.278973     0.194198    

Bond Length
0.61957438    0.0052173272

BB bond length
0.61957438    0.0052173272

Water EE distance
0             0           

PEG EE distance
3.6897658     0.19089263  

Time = 1000
Temperature
1.0160258     0.0087341264

Pressure
23.321341     0.028318609 

CM Mom
4.4731329e-18  1.4332577e-17 
1.8449617e-17  9.0319681e-18 
-4.8826126e-17 1.1583037e-17 
5.5290925e-17  1.0414769e-17 

CM Pos
7.4858881      0.022983863   
7.5043354      0.02011088    
7.4887758      0.0096749275  
12.978289      0.019578289   

Stress
20.3237      0.0125362    -0.00621824   0.0945254    0.031962     0.0338892   
0.0125362    20.2009      0.0495635     0.031962     0.104331     0.0501094   
-0.00621824  0.0495635    20.2961       0.0338892    0.0501094    0.0433221   

Stress Spherical
0            0            0             0            0            0           
0            0            0             0            0            0           
0            0            0             0            0            0           

Inertia
149.675      -56.183      -56.0703      0.312801     0.319876     0.124915    
-56.183      149.401      -56.1573      0.319876     0.321439     0.161141    
-56.0703     -56.1573     149.656       0.124915     0.161141     0.481782    

Bond Length
0.61427046    0.0071059896

BB bond length
0.61427046    0.0071059896

Water EE distance
0             0           

PEG EE distance
4.1896301     0.19275182  

