Time = 500
Temperature
   1.0334697   0.048093623

Pressure
   23.695585    0.19169006

CM Mom
-3.4636897e-18 1.7385237e-17 
8.8238824e-17  1.7545766e-17 
-1.0223285e-17 3.2586082e-17 
9.6531008e-17  1.601001e-17  

CM Pos
7.4907749      0.022123437   
7.5009552      0.027677506   
7.4794031      0.02047436    
12.97375       0.031315423   

Stress
20.5766      0.0316589    -0.0256155    0.05584      0.0714799    0.0624981   
0.0316589    20.621       0.00070576    0.0714799    0.111451     0.0513658   
-0.0256155   0.00070576   20.5888       0.0624981    0.0513658    0.106793    

Stress Spherical
0            0            0             0            0            0           
0            0            0             0            0            0           
0            0            0             0            0            0           

Inertia
149.704      -56.2385     -56.0466      0.339033     0.29854      0.288025    
-56.2385     149.564      -56.0678      0.29854      0.545901     0.30493     
-56.0466     -56.0678     149.823       0.288025     0.30493      0.599208    

Bond Length
0.61195141    0.014094595 

BB bond length
0.61195141    0.014094595 

Water EE distance
0             0           

PEG EE distance
3.3987033     0.61407697  

Time = 1000
Temperature
1.010441      0.0066596651

Pressure
23.543408     0.12915787  

CM Mom
1.4878458e-17  1.0743193e-17 
1.0676849e-16  1.8271024e-17 
-1.8700196e-17 2.7220685e-17 
1.1381351e-16  1.4397046e-17 

CM Pos
7.5055912      0.0212323     
7.507178       0.011778708   
7.4933304      0.012731658   
12.993923      0.018547819   

Stress
20.5416      0.0219757    -0.0154165    0.180009     0.0652818    0.0408641   
0.0219757    20.5221      -0.0233476    0.0652818    0.113662     0.06339     
-0.0154165   -0.0233476   20.4735       0.0408641    0.06339      0.064328    

Stress Spherical
0            0            0             0            0            0           
0            0            0             0            0            0           
0            0            0             0            0            0           

Inertia
149.96       -56.3588     -56.2056      0.149144     0.197117     0.222843    
-56.3588     149.996      -56.2427      0.197117     0.464136     0.132608    
-56.2056     -56.2427     150.158       0.222843     0.132608     0.298124    

Bond Length
0.61766746    0.014893693 

BB bond length
0.61766746    0.014893693 

Water EE distance
0             0           

PEG EE distance
3.7287873     0.57854307  

