Time = 1000
Temperature
   1.0848753    0.23334566

Pressure
   23.570907    0.68564752

CM Mom
-3.2726033e-17 3.2091439e-17 
4.7743884e-17  1.9965874e-17 
3.6400319e-17  1.1395861e-16 
1.1651572e-16  7.4260373e-17 

CM Pos
7.4970886      0.029297386   
7.4992272      0.013016044   
7.5022464      0.011569442   
12.989573      0.024313146   

Stress
20.3245      0.00270825   -0.00863717   0.139925     0.067261     0.0688309   
0.00270825   20.3159      -0.00335228   0.067261     0.132502     0.0742032   
-0.00863717  -0.00335228  20.3181       0.0688309    0.0742032    0.136835    

Stress Spherical
0            0            0             0            0            0           
0            0            0             0            0            0           
0            0            0             0            0            0           

Inertia
149.879      -56.2141     -56.2329      0.761151     0.318437     0.268203    
-56.2141     149.863      -56.2583      0.318437     1.05481      0.165796    
-56.2329     -56.2583     149.799       0.268203     0.165796     1.06961     

Bond Length
0.57369552    0.018406648 

BB bond length
0.57369552    0.018406648 

Water EE distance
0             0           

PEG EE distance
2.2458349     0.26287024  

Time = 2000
Temperature
1.0084944     0.0075448846

Pressure
23.310089     0.078979813 

CM Mom
-3.9303349e-17 2.9758065e-17 
3.3099862e-17  2.0018542e-17 
1.6712726e-17  2.6002352e-17 
6.6428962e-17  2.1662619e-17 

CM Pos
7.4984825      0.01548565    
7.4953567      0.012236552   
7.5039369      0.012597634   
12.989113      0.01354331    

Stress
20.2963      -0.00164212  -0.00259928   0.124514     0.0791121    0.064413    
-0.00164212  20.2798      0.00520678    0.0791121    0.111906     0.0702867   
-0.00259928  0.00520678   20.2867       0.064413     0.0702867    0.103643    

Stress Spherical
0            0            0             0            0            0           
0            0            0             0            0            0           
0            0            0             0            0            0           

Inertia
149.872      -56.1934     -56.2635      0.299329     0.174058     0.17307     
-56.1934     149.938      -56.2432      0.174058     0.406225     0.141305    
-56.2635     -56.2432     149.792       0.17307      0.141305     0.413783    

Bond Length
0.56957225    0.0029990236

BB bond length
0.56957225    0.0029990236

Water EE distance
0             0           

PEG EE distance
2.2125074     0.067370387 

Time = 3000
Temperature
1.0094919     0.00607633  

Pressure
23.308825     0.07794926  

CM Mom
-4.9954871e-17 2.8505613e-17 
2.1657567e-17  2.9044647e-17 
1.4677016e-17  2.9006585e-17 
7.1507657e-17  2.3751896e-17 

CM Pos
7.4987346      0.013221186   
7.4929246      0.014530292   
7.5043225      0.013437971   
12.988079      0.012638675   

Stress
20.2962      0.0120104    -0.00207411   0.11671      0.0786429    0.0674952   
0.0120104    20.2851      -0.00523466   0.0786429    0.113687     0.0762994   
-0.00207411  -0.00523466  20.2688       0.0674952    0.0762994    0.116031    

Stress Spherical
0            0            0             0            0            0           
0            0            0             0            0            0           
0            0            0             0            0            0           

Inertia
149.866      -56.1783     -56.2852      0.289739     0.165864     0.150683    
-56.1783     149.958      -56.2175      0.165864     0.322684     0.139666    
-56.2852     -56.2175     149.779       0.150683     0.139666     0.30794     

Bond Length
0.56963007    0.0032660477

BB bond length
0.56963007    0.0032660477

Water EE distance
0             0           

PEG EE distance
2.2420504     0.061007207 

