Time = 1000
Temperature
   1.0326563   0.042330135

Pressure
    23.60278    0.12688196

CM Mom
-3.8974963e-17 2.296971e-17  
1.7182062e-17  1.223432e-17  
-2.1236198e-17 2.7885912e-17 
5.5807929e-17  2.46096e-17   

CM Pos
7.4920885      0.0179786     
7.5004127      0.025760201   
7.4942409      0.030193818   
12.982794      0.013318366   

Stress
20.5405      -0.00309955  0.0107158     0.104377     0.0414236    0.0592869   
-0.00309955  20.4725      -0.00787847   0.0414236    0.108575     0.0713192   
0.0107158    -0.00787847  20.5097       0.0592869    0.0713192    0.0595697   

Stress Spherical
0            0            0             0            0            0           
0            0            0             0            0            0           
0            0            0             0            0            0           

Inertia
149.921      -56.1937     -56.1677      0.487924     0.205828     0.280712    
-56.1937     149.762      -56.2217      0.205828     0.874824     0.119859    
-56.1677     -56.2217     149.857       0.280712     0.119859     0.244297    

Bond Length
0.62102351    0.0035999047

BB bond length
0.62102351    0.0035999047

Water EE distance
0             0           

PEG EE distance
5.1288396     0.2160048   

BBB P2(x)
0.50022835    0.044076076 

BBB first bond length
0.62098038    0.0038532787

BBB second bond length
0.62118727    0.0037797851

BBB <phi**2>/<phi>**2
1.2260229     0.01225305  

Time = 2000
Temperature
1.0123176     0.010041902 

Pressure
23.529468     0.1139574   

CM Mom
-3.1665391e-17 2.892331e-17  
3.6154134e-17  1.8125701e-17 
-9.2621475e-18 1.2829324e-17 
5.8366099e-17  1.7852023e-17 

CM Pos
7.4984645      0.023726646   
7.5017472      0.012682921   
7.5062516      0.011037647   
12.994134      0.01772583    

Stress
20.5186      0.0610035    -0.0163432    0.102732     0.0751228    0.0570313   
0.0610035    20.4988      0.00340653    0.0751228    0.123204     0.0568283   
-0.0163432   0.00340653   20.4683       0.0570313    0.0568283    0.113166    

Stress Spherical
0            0            0             0            0            0           
0            0            0             0            0            0           
0            0            0             0            0            0           

Inertia
150.08       -56.2895     -56.313       0.272263     0.259154     0.192167    
-56.2895     150.034      -56.3014      0.259154     0.37579      0.161618    
-56.313      -56.3014     149.96        0.192167     0.161618     0.55977     

Bond Length
0.62009445    0.0048420914

BB bond length
0.62009445    0.0048420914

Water EE distance
0             0           

PEG EE distance
5.1239263     0.10858514  

BBB P2(x)
0.51464306    0.013160913 

BBB first bond length
0.62001823    0.0046438207

BBB second bond length
0.61980516    0.005728782 

BBB <phi**2>/<phi>**2
1.2241526     0.016992698 

