Time = 1000
Temperature
   1.7394835     1.5038874

Pressure
   29.264256     3.6028523

CM Mom
-1.893679e-17  2.9737975e-17 
1.5161472e-16  3.5684541e-17 
-2.7538935e-16 3.7297454e-16 
3.7879549e-16  3.1139466e-16 

CM Pos
10.000933      0.012688124   
9.9945177      0.017742686   
10.004627      0.046704516   
17.320619      0.020342402   

Stress
24.0174      0.017406     -0.0923821    1.28779      0.0837517    0.200635    
0.017406     24.1481      0.0325489     0.0837517    1.05136      0.129347    
-0.0923821   0.0325489    23.9875       0.200635     0.129347     1.14467     

Stress Spherical
0            0            0             0            0            0           
0            0            0             0            0            0           
0            0            0             0            0            0           

Inertia
267.495      -99.9431     -100.081      6.22568      0.218006     0.514587    
-99.9431     267.66       -99.9786      0.218006     6.17753      0.377179    
-100.081     -99.9786     267.428       0.514587     0.377179     5.07415     

Bond Length
0.61806999    0.039621291 

BB bond length
0.61806999    0.039621291 

Water EE distance
0             0           

PEG EE distance
7.875347      0.40384099  

BBB P2(x)
0.11868938    0.040738657 

BBB first bond length
0.61846404    0.040380502 

BBB second bond length
0.61852677    0.040106224 

BBB <phi**2>/<phi>**2
1.1329346     0.014253353 

Time = 2000
Temperature
1.0144302     0.0055988962

Pressure
26.802532     0.080909287 

CM Mom
-1.4277463e-18 1.5898645e-17 
1.3127857e-16  2.3761318e-17 
3.3713254e-17  5.8816787e-17 
1.4871373e-16  2.3101827e-17 

CM Pos
9.9945097      0.011590126   
10.00044       0.010670825   
10.001958      0.013411432   
17.318733      0.010558008   

Stress
23.7357      0.0434707    0.02535       0.0784124    0.0592103    0.0752914   
0.0434707    23.7747      -0.00280856   0.0592103    0.0777714    0.0702582   
0.02535      -0.00280856  23.7765       0.0752914    0.0702582    0.130767    

Stress Spherical
0            0            0             0            0            0           
0            0            0             0            0            0           
0            0            0             0            0            0           

Inertia
267.06       -99.9638     -99.9705      1.06631      0.172235     0.184906    
-99.9638     266.968      -100.052      0.172235     1.04603      0.161677    
-99.9705     -100.052     266.913       0.184906     0.161677     0.766876    

Bond Length
0.60085157    0.00058814919

BB bond length
0.60085157    0.00058814919

Water EE distance
0             0           

PEG EE distance
7.0922708     0.16393399  

BBB P2(x)
0.077901731   0.0053103203

BBB first bond length
0.60103832    0.00060530587

BBB second bond length
0.60097946    0.00060088241

BBB <phi**2>/<phi>**2
1.1197091     0.0017239845

Time = 3000
Temperature
1.0125463     0.002419585 

Pressure
26.816056     0.045244    

CM Mom
-5.8041752e-18 3.9036137e-17 
1.1730667e-16  1.2798812e-17 
4.0668123e-17  4.1111439e-17 
1.3633497e-16  1.5459412e-17 

CM Pos
10.002101      0.0064420202  
10.002609      0.0162823     
9.998037       0.012755946   
17.322106      0.0080607541  

Stress
23.8037      0.0437309    -0.0071699    0.0908942    0.0453029    0.0730355   
0.0437309    23.7529      -0.000127696  0.0453029    0.0800134    0.0858969   
-0.0071699   -0.000127696 23.7878       0.0730355    0.0858969    0.0904411   

Stress Spherical
0            0            0             0            0            0           
0            0            0             0            0            0           
0            0            0             0            0            0           

Inertia
266.836      -100.034     -100.022      0.280577     0.144885     0.163491    
-100.034     266.842      -100.004      0.144885     0.361964     0.153241    
-100.022     -100.004     266.919       0.163491     0.153241     0.26021     

Bond Length
0.60028616    0.00080691581

BB bond length
0.60028616    0.00080691581

Water EE distance
0             0           

PEG EE distance
6.6226288     0.10541924  

BBB P2(x)
0.069400314   0.0032912504

BBB first bond length
0.60047883    0.0007769595

BBB second bond length
0.60042164    0.00081561829

BBB <phi**2>/<phi>**2
1.1171926     0.0013656606

Time = 4000
Temperature
1.0086435     0.0051147183

Pressure
26.80444      0.080066201 

CM Mom
-6.4374043e-18 2.1161418e-17 
1.0550337e-16  1.2626773e-17 
2.5413612e-17  2.362472e-17  
1.1320449e-16  1.2975535e-17 

CM Pos
9.9973459      0.0098520091  
9.9951016      0.0063088657  
9.9993716      0.0076725274  
17.315789      0.0084867717  

Stress
23.7696      0.013026     0.00769968    0.105746     0.0450638    0.0628826   
0.013026     23.7517      -0.0076261    0.0450638    0.118219     0.0615388   
0.00769968   -0.0076261   23.8233       0.0628826    0.0615388    0.107421    

Stress Spherical
0            0            0             0            0            0           
0            0            0             0            0            0           
0            0            0             0            0            0           

Inertia
266.616      -99.8854     -99.9616      0.233904     0.128856     0.138573    
-99.8854     266.693      -99.9533      0.128856     0.19986      0.136091    
-99.9616     -99.9533     266.556       0.138573     0.136091     0.27297     

Bond Length
0.60046455    0.00046639944

BB bond length
0.60046455    0.00046639944

Water EE distance
0             0           

PEG EE distance
6.2943347     0.12271034  

BBB P2(x)
0.063919041   0.0031807009

BBB first bond length
0.60057432    0.00046656791

BBB second bond length
0.60053336    0.00049598122

BBB <phi**2>/<phi>**2
1.115664      0.00084212566

Time = 5000
Temperature
1.0078345     0.0055489396

Pressure
26.770804     0.04839926  

CM Mom
7.3317969e-18  1.1274025e-17 
1.3791028e-16  1.4598833e-17 
4.6280362e-17  1.8120693e-17 
1.4714396e-16  1.5235431e-17 

CM Pos
9.9974293      0.007078146   
10.006029      0.013027175   
10.000039      0.0078942397  
17.322533      0.01063587    

Stress
23.7603      0.0272324    0.0123658     0.0466027    0.067466     0.0600133   
0.0272324    23.7448      -0.0192394    0.067466     0.0929433    0.0363361   
0.0123658    -0.0192394   23.7458       0.0600133    0.0363361    0.0833592   

Stress Spherical
0            0            0             0            0            0           
0            0            0             0            0            0           
0            0            0             0            0            0           

Inertia
266.833      -100.042     -99.9792      0.295055     0.168594     0.128129    
-100.042     266.694      -100.092      0.168594     0.16495      0.202731    
-99.9792     -100.092     266.773       0.128129     0.202731     0.331681    

Bond Length
0.60031805    0.0006114429

BB bond length
0.60031805    0.0006114429

Water EE distance
0             0           

PEG EE distance
5.9647578     0.061404377 

BBB P2(x)
0.063329849   0.0034014938

BBB first bond length
0.60046572    0.0005807582

BBB second bond length
0.60045232    0.00062553738

BBB <phi**2>/<phi>**2
1.1158206     0.0012370666

Time = 6000
Temperature
1.0106749     0.0074278487

Pressure
26.787758     0.06998032  

CM Mom
-6.3853105e-18 1.5241244e-17 
1.379974e-16   1.9873105e-17 
1.8069834e-17  2.3278698e-17 
1.4185063e-16  2.1403408e-17 

CM Pos
9.9999318      0.011060193   
9.9956855      0.0093935557  
9.9997887      0.012124159   
17.317863      0.011516823   

Stress
23.7497      0.0142448    0.0298652     0.114001     0.0551929    0.0638938   
0.0142448    23.7395      0.0178723     0.0551929    0.0889015    0.0467959   
0.0298652    0.0178723    23.7871       0.0638938    0.0467959    0.0694166   

Stress Spherical
0            0            0             0            0            0           
0            0            0             0            0            0           
0            0            0             0            0            0           

Inertia
266.616      -99.9686     -99.9612      0.307551     0.215112     0.155415    
-99.9686     266.673      -99.9686      0.215112     0.289385     0.159921    
-99.9612     -99.9686     266.61        0.155415     0.159921     0.352059    

Bond Length
0.60034299    0.00041542154

BB bond length
0.60034299    0.00041542154

Water EE distance
0             0           

PEG EE distance
5.780652      0.07438109  

BBB P2(x)
0.060866424   0.0040457468

BBB first bond length
0.60043638    0.00043628572

BBB second bond length
0.60047864    0.0004286509

BBB <phi**2>/<phi>**2
1.1151155     0.0020867654

Time = 7000
Temperature
1.0121801     0.0052975098

Pressure
26.812523     0.042067827 

CM Mom
-2.1330269e-17 1.7252853e-17 
1.5542937e-16  1.3313761e-17 
2.2887497e-17  1.5329373e-17 
1.6028505e-16  1.2478714e-17 

CM Pos
10.00477       0.018681628   
9.998188       0.010643729   
10.002458      0.0082582583  
17.323642      0.017702796   

Stress
23.8018      0.0235871    0.042203      0.0638951    0.0506791    0.0489746   
0.0235871    23.7221      -0.0179446    0.0506791    0.0898594    0.0639318   
0.042203     -0.0179446   23.8131       0.0489746    0.0639318    0.103863    

Stress Spherical
0            0            0             0            0            0           
0            0            0             0            0            0           
0            0            0             0            0            0           

Inertia
266.694      -100.02      -100.094      0.343398     0.264465     0.207297    
-100.02      266.809      -100.025      0.264465     0.494074     0.145269    
-100.094     -100.025     266.74        0.207297     0.145269     0.57095     

Bond Length
0.60058273    0.00043052115

BB bond length
0.60058273    0.00043052115

Water EE distance
0             0           

PEG EE distance
5.6150685     0.038732432 

BBB P2(x)
0.059122492   0.0032198709

BBB first bond length
0.60076401    0.00048569936

BBB second bond length
0.60073076    0.00040589533

BBB <phi**2>/<phi>**2
1.1146874     0.0013360855

Time = 8000
Temperature
1.0092092     0.0056403683

Pressure
26.813261     0.075358549 

CM Mom
-4.0930676e-17 2.7812778e-17 
1.515654e-16   1.5240042e-17 
3.7072725e-17  2.867721e-17  
1.6559903e-16  2.0662332e-17 

CM Pos
10.004269      0.011190288   
10.002776      0.010036391   
10.000706      0.010858285   
17.324991      0.010112322   

Stress
23.7941      -0.0050709   0.000283432   0.129664     0.0704996    0.0907672   
-0.0050709   23.7658      -0.0258454    0.0704996    0.0905736    0.0355802   
0.000283432  -0.0258454   23.8061       0.0907672    0.0355802    0.0805524   

Stress Spherical
0            0            0             0            0            0           
0            0            0             0            0            0           
0            0            0             0            0            0           

Inertia
266.75       -100.043     -100.043      0.314285     0.162132     0.188966    
-100.043     266.805      -100.03       0.162132     0.337099     0.176008    
-100.043     -100.03      266.818       0.188966     0.176008     0.225109    

Bond Length
0.60053044    0.00052382265

BB bond length
0.60053044    0.00052382265

Water EE distance
0             0           

PEG EE distance
5.4230421     0.03948458  

BBB P2(x)
0.056227171   0.0027891094

BBB first bond length
0.60069433    0.00050646328

BBB second bond length
0.60067536    0.00052645621

BBB <phi**2>/<phi>**2
1.1136102     0.0013652878

Time = 9000
Temperature
1.0118788     0.004702356 

Pressure
26.793186     0.079346688 

CM Mom
-5.2106069e-17 1.9539862e-17 
1.6440316e-16  2.1055354e-17 
4.9223546e-17  2.1618887e-17 
1.8184661e-16  1.9766711e-17 

CM Pos
10.002518      0.0051347058  
9.9949348      0.0069371448  
10.003042      0.010559388   
17.320799      0.0060063867  

Stress
23.7417      -0.0155038   0.019087      0.107777     0.0445793    0.0319073   
-0.0155038   23.7678      -0.0185751    0.0445793    0.070892     0.0472193   
0.019087     -0.0185751   23.7723       0.0319073    0.0472193    0.121106    

Stress Spherical
0            0            0             0            0            0           
0            0            0             0            0            0           
0            0            0             0            0            0           

Inertia
266.639      -99.9662     -100.059      0.203465     0.130696     0.1263      
-99.9662     266.779      -99.9541      0.130696     0.133095     0.148216    
-100.059     -99.9541     266.625       0.1263       0.148216     0.15028     

Bond Length
0.60064212    0.00048992696

BB bond length
0.60064212    0.00048992696

Water EE distance
0             0           

PEG EE distance
5.4143393     0.02184432  

BBB P2(x)
0.055415055   0.0036818323

BBB first bond length
0.60086533    0.00048112774

BBB second bond length
0.60075017    0.00046444094

BBB <phi**2>/<phi>**2
1.1134175     0.001221236 

Time = 10000
Temperature
1.0107828     0.0043680672

Pressure
26.790492     0.077999285 

CM Mom
-5.3237431e-17 1.704662e-17  
1.5679863e-16  1.7641321e-17 
4.9255033e-17  1.2390415e-17 
1.7368579e-16  2.0848614e-17 

CM Pos
10.005604      0.0099598342  
9.9919318      0.0098191118  
9.9975365      0.013449512   
17.317673      0.010968076   

Stress
23.7607      -0.0232916   0.00794       0.118664     0.0586744    0.0703758   
-0.0232916   23.7443      -0.0091155    0.0586744    0.0768727    0.0515099   
0.00794      -0.0091155   23.7785       0.0703758    0.0515099    0.0818942   

Stress Spherical
0            0            0             0            0            0           
0            0            0             0            0            0           
0            0            0             0            0            0           

Inertia
266.473      -100.007     -100.044      0.343709     0.124271     0.200763    
-100.007     266.704      -99.8825      0.124271     0.446945     0.214608    
-100.044     -99.8825     266.598       0.200763     0.214608     0.223191    

Bond Length
0.60023107    0.00048663823

BB bond length
0.60023107    0.00048663823

Water EE distance
0             0           

PEG EE distance
5.3720244     0.042203581 

BBB P2(x)
0.057594944   0.0045382307

BBB first bond length
0.6003901     0.00050169622

BBB second bond length
0.60034859    0.00049960299

BBB <phi**2>/<phi>**2
1.1142565     0.0013203377

Time = 11000
Temperature
1.0114946     0.0034673772

Pressure
26.805665     0.07285043  

CM Mom
-4.7194203e-17 2.0025443e-17 
1.1048307e-16  2.2621757e-17 
3.0525808e-17  1.9079243e-17 
1.267956e-16   2.3775676e-17 

CM Pos
9.9960946      0.012401914   
9.9948514      0.0080621329  
9.994033       0.0062668135  
17.311842      0.0064892749  

Stress
23.808       0.0323638    0.0134606     0.104726     0.0580539    0.0425216   
0.0323638    23.7743      -0.0330386    0.0580539    0.0992019    0.0405452   
0.0134606    -0.0330386   23.7404       0.0425216    0.0405452    0.0799561   

Stress Spherical
0            0            0             0            0            0           
0            0            0             0            0            0           
0            0            0             0            0            0           

Inertia
266.479      -99.9211     -99.9188      0.123436     0.146834     0.159031    
-99.9211     266.455      -99.8971      0.146834     0.359375     0.103549    
-99.9188     -99.8971     266.487       0.159031     0.103549     0.254108    

Bond Length
0.60056526    0.00058583295

BB bond length
0.60056526    0.00058583295

Water EE distance
0             0           

PEG EE distance
5.2733571     0.03250005  

BBB P2(x)
0.05502553    0.0041915015

BBB first bond length
0.60073873    0.00055012909

BBB second bond length
0.60071644    0.00058280523

BBB <phi**2>/<phi>**2
1.113495      0.0010685534

Time = 12000
Temperature
1.0111163     0.0045272284

Pressure
26.789725     0.067135766 

CM Mom
-1.9295543e-18 2.9292984e-17 
1.0572824e-16  2.2680487e-17 
2.0876184e-17  2.0480426e-17 
1.1302645e-16  2.5198265e-17 

CM Pos
10.000182      0.0069696679  
9.996186       0.0096853277  
9.9998722      0.011973718   
17.31834       0.014071784   

Stress
23.7496      -0.00135967  0.00191191    0.0661589    0.0602293    0.0406688   
-0.00135967  23.7792      -0.00597729   0.0602293    0.0878811    0.039868    
0.00191191   -0.00597729  23.7494       0.0406688    0.039868     0.0683196   

Stress Spherical
0            0            0             0            0            0           
0            0            0             0            0            0           
0            0            0             0            0            0           

Inertia
266.632      -99.9774     -100.01       0.407799     0.148556     0.206233    
-99.9774     266.686      -99.9765      0.148556     0.400737     0.189202    
-100.01      -99.9765     266.618       0.206233     0.189202     0.304781    

Bond Length
0.60038178    0.00053034208

BB bond length
0.60038178    0.00053034208

Water EE distance
0             0           

PEG EE distance
5.2477005     0.016877941 

BBB P2(x)
0.052836069   0.0029780292

BBB first bond length
0.60057865    0.00058289807

BBB second bond length
0.60052739    0.00049112034

BBB <phi**2>/<phi>**2
1.1138368     0.0014794858

Time = 13000
Temperature
1.0107713     0.0033816379

Pressure
26.799984     0.043760106 

CM Mom
-1.1119262e-17 1.644196e-17  
9.8561466e-17  1.5197092e-17 
2.9760608e-17  1.2447002e-17 
1.0562844e-16  1.491795e-17  

CM Pos
9.9996815      0.0084909074  
10.001274      0.0082763542  
9.9989546      0.012345961   
17.320464      0.0068952625  

Stress
23.7424      -0.0219787   -0.0017091    0.0853379    0.0475095    0.0713834   
-0.0219787   23.8297      -0.0289277    0.0475095    0.0945743    0.0566926   
-0.0017091   -0.0289277   23.74         0.0713834    0.0566926    0.106121    

Stress Spherical
0            0            0             0            0            0           
0            0            0             0            0            0           
0            0            0             0            0            0           

Inertia
266.649      -100.012     -99.9524      0.349523     0.121826     0.137137    
-100.012     266.657      -99.9871      0.121826     0.178982     0.194481    
-99.9524     -99.9871     266.653       0.137137     0.194481     0.167059    

Bond Length
0.60032347    0.00046829193

BB bond length
0.60032347    0.00046829193

Water EE distance
0             0           

PEG EE distance
5.1224607     0.034910225 

BBB P2(x)
0.051232847   0.0046744358

BBB first bond length
0.60049388    0.00044103273

BBB second bond length
0.60049489    0.00046171132

BBB <phi**2>/<phi>**2
1.11316       0.0013123369

Time = 14000
Temperature
1.0106699     0.0062916177

Pressure
26.824715     0.072475156 

CM Mom
-1.5021247e-17 1.5342787e-17 
1.1012073e-16  1.1418997e-17 
4.3758906e-17  1.8103307e-17 
1.219555e-16   9.3507684e-18 

CM Pos
9.9977629      0.014535593   
9.999773       0.012351314   
9.9992048      0.0094801953  
17.318634      0.013456291   

Stress
23.798       -0.0306933   -0.00723787   0.0934681    0.0301865    0.0474184   
-0.0306933   23.7809      0.00525697    0.0301865    0.130009     0.0721302   
-0.00723787  0.00525697   23.8083       0.0474184    0.0721302    0.0790673   

Stress Spherical
0            0            0             0            0            0           
0            0            0             0            0            0           
0            0            0             0            0            0           

Inertia
266.626      -99.9891     -99.9914      0.344805     0.189657     0.15606     
-99.9891     266.602      -99.9975      0.189657     0.383434     0.157554    
-99.9914     -99.9975     266.61        0.15606      0.157554     0.329208    

Bond Length
0.60071325    0.00048339682

BB bond length
0.60071325    0.00048339682

Water EE distance
0             0           

PEG EE distance
5.0837742     0.050860331 

BBB P2(x)
0.050574041   0.0036956564

BBB first bond length
0.60082173    0.00054731371

BBB second bond length
0.60087815    0.00045145902

BBB <phi**2>/<phi>**2
1.1123572     0.0013447464

Time = 15000
Temperature
1.0137471     0.005834057 

Pressure
26.843258     0.051502941 

CM Mom
-2.0631691e-17 1.5626156e-17 
1.0335039e-16  1.4867605e-17 
3.2328485e-17  9.5863008e-18 
1.1182153e-16  1.4323583e-17 

CM Pos
10.0011        0.0068807443  
10.001441      0.0090167295  
10.006379      0.0097007619  
17.325662      0.010269867   

Stress
23.791       0.0106508    0.0121895     0.108231     0.0552516    0.0354945   
0.0106508    23.8178      -0.00758781   0.0552516    0.0891       0.0491252   
0.0121895    -0.00758781  23.8064       0.0354945    0.0491252    0.087973    

Stress Spherical
0            0            0             0            0            0           
0            0            0             0            0            0           
0            0            0             0            0            0           

Inertia
266.786      -100.052     -100.07       0.367431     0.15907      0.172081    
-100.052     266.79       -100.077      0.15907      0.31207      0.126143    
-100.07      -100.077     266.698       0.172081     0.126143     0.285957    

Bond Length
0.60062596    0.00073933544

BB bond length
0.60062596    0.00073933544

Water EE distance
0             0           

PEG EE distance
5.1237325     0.033589338 

BBB P2(x)
0.05420007    0.0025720023

BBB first bond length
0.60076889    0.00077062961

BBB second bond length
0.6007714     0.00075260042

BBB <phi**2>/<phi>**2
1.1126939     0.00099204789

Time = 16000
Temperature
1.0120922     0.0044862649

Pressure
26.800349     0.045604416 

CM Mom
-1.2731493e-17 1.2188605e-17 
1.0777952e-16  1.1601541e-17 
2.8917962e-17  1.4005247e-17 
1.1372041e-16  1.271764e-17  

CM Pos
9.9978464      0.0092532453  
9.9936835      0.012529462   
9.9969526      0.0096953807  
17.313863      0.013963157   

Stress
23.7122      -0.00652056  0.000977508   0.0573302    0.0845394    0.0724197   
-0.00652056  23.7889      -0.0107502    0.0845394    0.0587944    0.0566118   
0.000977508  -0.0107502   23.8003       0.0724197    0.0566118    0.0992657   

Stress Spherical
0            0            0             0            0            0           
0            0            0             0            0            0           
0            0            0             0            0            0           

Inertia
266.429      -99.9159     -100.009      0.432504     0.179311     0.119878    
-99.9159     266.561      -99.9153      0.179311     0.350416     0.198759    
-100.009     -99.9153     266.467       0.119878     0.198759     0.418926    

Bond Length
0.60082687    0.00064688212

BB bond length
0.60082687    0.00064688212

Water EE distance
0             0           

PEG EE distance
5.1368308     0.025560923 

BBB P2(x)
0.052653785   0.0028964588

BBB first bond length
0.60097206    0.00064491054

BBB second bond length
0.6009704     0.00062213427

BBB <phi**2>/<phi>**2
1.112708      0.001207557 

Time = 17000
Temperature
1.0109479     0.0039177748

Pressure
26.803227     0.081676877 

CM Mom
1.5974274e-18  1.2245041e-17 
1.3243609e-16  2.6430134e-17 
3.9493466e-17  2.1664308e-17 
1.4066116e-16  2.5176936e-17 

CM Pos
9.9993479      0.010760761   
10.000357      0.010378934   
9.9967023      0.011442395   
17.318441      0.010060012   

Stress
23.7638      0.0168076    -0.00256981   0.120355     0.064676     0.0654767   
0.0168076    23.7818      -0.0146693    0.064676     0.0728395    0.0425096   
-0.00256981  -0.0146693   23.7747       0.0654767    0.0425096    0.0722735   

Stress Spherical
0            0            0             0            0            0           
0            0            0             0            0            0           
0            0            0             0            0            0           

Inertia
266.571      -99.9701     -99.9763      0.29207      0.179258     0.15983     
-99.9701     266.604      -99.9169      0.179258     0.270518     0.157338    
-99.9763     -99.9169     266.64        0.15983      0.157338     0.375017    

Bond Length
0.60056526    0.00044380489

BB bond length
0.60056526    0.00044380489

Water EE distance
0             0           

PEG EE distance
5.0961725     0.026422437 

BBB P2(x)
0.052565284   0.0022109337

BBB first bond length
0.60070586    0.0004286962

BBB second bond length
0.60070838    0.00042921554

BBB <phi**2>/<phi>**2
1.1126226     0.00090500426

Time = 18000
Temperature
1.0131323     0.0044727993

Pressure
26.823275     0.047824207 

CM Mom
3.5493241e-18  9.8370025e-18 
1.4567944e-16  2.3246761e-17 
1.2832063e-17  1.2467872e-17 
1.4714084e-16  2.3279973e-17 

CM Pos
9.9968454      0.0085236246  
10.000357      0.0121974     
9.9975365      0.012655176   
17.317479      0.0098343016  

Stress
23.7849      0.000247214  0.0245879     0.0579294    0.0657122    0.0540577   
0.000247214  23.7641      0.022598      0.0657122    0.0990602    0.0514021   
0.0245879    0.022598     23.8118       0.0540577    0.0514021    0.0963195   

Stress Spherical
0            0            0             0            0            0           
0            0            0             0            0            0           
0            0            0             0            0            0           

Inertia
266.607      -99.9416     -99.9533      0.306513     0.150689     0.145195    
-99.9416     266.569      -99.9559      0.150689     0.262641     0.137252    
-99.9533     -99.9559     266.593       0.145195     0.137252     0.299816    

Bond Length
0.6007912     0.00062836206

BB bond length
0.6007912     0.00062836206

Water EE distance
0             0           

PEG EE distance
5.0782084     0.031261043 

BBB P2(x)
0.052719972   0.0023982768

BBB first bond length
0.60091498    0.00063466564

BBB second bond length
0.60095143    0.00065378212

BBB <phi**2>/<phi>**2
1.1127425     0.00087437448

Time = 19000
Temperature
1.0118357     0.0046340473

Pressure
26.813914     0.034950931 

CM Mom
8.1598568e-18  1.9743579e-17 
1.4811934e-16  2.4772593e-17 
4.8402432e-17  3.3188596e-17 
1.5959072e-16  3.1376629e-17 

CM Pos
9.9958444      0.01153114    
10.00386       0.0091777382  
9.9974531      0.0080361984  
17.318874      0.0080997643  

Stress
23.762       -0.0185353   0.0136117     0.0940341    0.054379     0.0608196   
-0.0185353   23.7982      0.0375022     0.054379     0.044026     0.0244438   
0.0136117    0.0375022    23.7841       0.0608196    0.0244438    0.0599092   

Stress Spherical
0            0            0             0            0            0           
0            0            0             0            0            0           
0            0            0             0            0            0           

Inertia
266.671      -100.007     -99.9376      0.189054     0.094034     0.168034    
-100.007     266.524      -99.9995      0.094034     0.291919     0.101938    
-99.9376     -99.9995     266.63        0.168034     0.101938     0.175245    

Bond Length
0.6007471     0.0004168185

BB bond length
0.6007471     0.0004168185

Water EE distance
0             0           

PEG EE distance
5.1065523     0.011424004 

BBB P2(x)
0.052750117   0.0049403656

BBB first bond length
0.60093943    0.00046322067

BBB second bond length
0.60088055    0.00044144204

BBB <phi**2>/<phi>**2
1.112438      0.0021544124

Time = 20000
Temperature
1.0109132     0.002073941 

Pressure
26.822137     0.049129568 

CM Mom
8.6649351e-18  1.3480607e-17 
1.5460988e-16  2.1680804e-17 
1.1267715e-17  9.2920342e-18 
1.5599968e-16  2.2549527e-17 

CM Pos
9.9929248      0.010683859   
10.000107      0.008827999   
9.9914471      0.008939614   
17.311553      0.010122167   

Stress
23.7632      0.0217684    3.46299e-05   0.10672      0.0618156    0.0651968   
0.0217684    23.7969      0.00461576    0.0618156    0.0848431    0.0431777   
3.46299e-05  0.00461576   23.8171       0.0651968    0.0431777    0.0835461   

Stress Spherical
0            0            0             0            0            0           
0            0            0             0            0            0           
0            0            0             0            0            0           

Inertia
266.496      -99.9704     -99.8211      0.221526     0.170353     0.195032    
-99.9704     266.335      -99.9161      0.170353     0.260556     0.121007    
-99.8211     -99.9161     266.521       0.195032     0.121007     0.301384    

Bond Length
0.60041792    0.00036333206

BB bond length
0.60041792    0.00036333206

Water EE distance
0             0           

PEG EE distance
5.0925403     0.021224956 

BBB P2(x)
0.055302555   0.003638308 

BBB first bond length
0.60055653    0.00034487668

BBB second bond length
0.6005709     0.00038061147

BBB <phi**2>/<phi>**2
1.1138707     0.0013601564

Time = 21000
Temperature
1.0147375     0.0047921108

Pressure
26.794728     0.075869663 

CM Mom
1.9637741e-17  1.0096448e-17 
1.0347391e-16  2.4153685e-17 
9.7334368e-18  1.8636507e-17 
1.0811542e-16  2.3042249e-17 

CM Pos
10.002518      0.0074652166  
9.9991056      0.0092348031  
9.9992048      0.013209379   
17.320992      0.011263752   

Stress
23.7261      -0.0110211   -0.0115086    0.0598779    0.0528243    0.0630317   
-0.0110211   23.7926      -0.0864264    0.0528243    0.0812484    0.0683457   
-0.0115086   -0.0864264   23.742        0.0630317    0.0683457    0.127085    

Stress Spherical
0            0            0             0            0            0           
0            0            0             0            0            0           
0            0            0             0            0            0           

Inertia
266.678      -100.069     -100.015      0.346911     0.168321     0.144666    
-100.069     266.693      -99.9729      0.168321     0.30329      0.19833     
-100.015     -99.9729     266.689       0.144666     0.19833      0.271155    

Bond Length
0.60078963    0.00043581607

BB bond length
0.60078963    0.00043581607

Water EE distance
0             0           

PEG EE distance
5.0234748     0.028848986 

BBB P2(x)
0.054990869   0.0037173149

BBB first bond length
0.60095822    0.00041757  

BBB second bond length
0.60091513    0.00048450799

BBB <phi**2>/<phi>**2
1.1137087     0.0016453183

Time = 22000
Temperature
1.0078605     0.0074892383

Pressure
26.816109     0.030678655 

CM Mom
1.4228148e-17  2.2912998e-17 
1.1611407e-16  6.7131595e-18 
-6.3014973e-18 1.8163429e-17 
1.2074187e-16  6.782964e-18  

CM Pos
9.9966785      0.0091792544  
9.9937669      0.0078358482  
9.9999556      0.01643564    
17.314971      0.01633526    

Stress
23.7698      -0.0243246   0.0205379     0.0766476    0.0694805    0.0663427   
-0.0243246   23.7863      0.0115372     0.0694805    0.0788014    0.043741    
0.0205379    0.0115372    23.8306       0.0663427    0.043741     0.0425196   

Stress Spherical
0            0            0             0            0            0           
0            0            0             0            0            0           
0            0            0             0            0            0           

Inertia
266.557      -99.9048     -99.9221      0.425553     0.1612       0.278506    
-99.9048     266.608      -99.9376      0.1612       0.483754     0.253543    
-99.9221     -99.9376     266.424       0.278506     0.253543     0.246451    

Bond Length
0.60049496    0.00052892213

BB bond length
0.60049496    0.00052892213

Water EE distance
0             0           

PEG EE distance
4.9825699     0.027360503 

BBB P2(x)
0.05348492    0.0030181965

BBB first bond length
0.60069653    0.00052826837

BBB second bond length
0.60059423    0.00052887216

BBB <phi**2>/<phi>**2
1.113842      0.0012765992

Time = 23000
Temperature
1.0107074     0.0063302937

Pressure
26.856326     0.039803196 

CM Mom
-1.4954002e-17 9.6846959e-18 
1.1016171e-16  9.4939789e-18 
-6.2605169e-19 1.5999601e-17 
1.1275606e-16  9.2522557e-18 

CM Pos
9.9989308      0.0088185354  
9.9913479      0.0078096078  
10.004377      0.013630409   
17.317431      0.011022073   

Stress
23.7671      -0.00997971  0.0231054     0.0626127    0.0633094    0.0552919   
-0.00997971  23.8998      0.0369525     0.0633094    0.108396     0.0575906   
0.0231054    0.0369525    23.8148       0.0552919    0.0575906    0.0939704   

Stress Spherical
0            0            0             0            0            0           
0            0            0             0            0            0           
0            0            0             0            0            0           

Inertia
266.561      -99.886      -100.021      0.323858     0.144947     0.134278    
-99.886      266.714      -99.976       0.144947     0.347292     0.145513    
-100.021     -99.976      266.399       0.134278     0.145513     0.255561    

Bond Length
0.60027227    0.00054566657

BB bond length
0.60027227    0.00054566657

Water EE distance
0             0           

PEG EE distance
4.9817409     0.032013672 

BBB P2(x)
0.051560518   0.0041951418

BBB first bond length
0.60040283    0.00058920081

BBB second bond length
0.60039848    0.00060684306

BBB <phi**2>/<phi>**2
1.1130475     0.002032446 

Time = 24000
Temperature
1.0095855     0.0061998195

Pressure
26.827522     0.056071788 

CM Mom
-3.1822828e-17 2.2552234e-17 
8.8207997e-17  2.2931337e-17 
5.9080155e-18  1.4105342e-17 
9.868627e-17   1.7963243e-17 

CM Pos
9.9945931      0.0079504522  
9.9972704      0.0042238869  
9.9941164      0.015176577   
17.31242       0.010312172   

Stress
23.7897      -0.0541118   0.0463246     0.0863827    0.0733359    0.061331    
-0.0541118   23.7888      0.00828011    0.0733359    0.0563815    0.0445211   
0.0463246    0.00828011   23.8268       0.061331     0.0445211    0.0624794   

Stress Spherical
0            0            0             0            0            0           
0            0            0             0            0            0           
0            0            0             0            0            0           

Inertia
266.5        -99.9137     -99.8807      0.36181      0.107769     0.18519     
-99.9137     266.431      -99.9177      0.107769     0.303517     0.196989    
-99.8807     -99.9177     266.517       0.18519      0.196989     0.168773    

Bond Length
0.60023207    0.0003524215

BB bond length
0.60023207    0.0003524215

Water EE distance
0             0           

PEG EE distance
4.9401153     0.022613438 

BBB P2(x)
0.051625069   0.003773934 

BBB first bond length
0.60043343    0.00043001541

BBB second bond length
0.60035116    0.00035258699

BBB <phi**2>/<phi>**2
1.1127049     0.0010586313

Time = 25000
Temperature
1.0148642     0.0034748993

Pressure
26.811949     0.045125866 

CM Mom
-4.351557e-17  1.9234242e-17 
9.8607222e-17  2.2362283e-17 
5.7701406e-18  1.7743042e-17 
1.1205271e-16  1.6712758e-17 

CM Pos
10.003602      0.013803897   
9.9959358      0.012501385   
10.00154       0.0099835598  
17.321141      0.011391404   

Stress
23.7722      -0.0180331   -0.0229408    0.040749     0.0592787    0.0450628   
-0.0180331   23.773       0.00809128    0.0592787    0.0774498    0.0659244   
-0.0229408   0.00809128   23.766        0.0450628    0.0659244    0.0668844   

Stress Spherical
0            0            0             0            0            0           
0            0            0             0            0            0           
0            0            0             0            0            0           

Inertia
266.616      -99.9531     -100.025      0.208768     0.217427     0.188502    
-99.9531     266.747      -99.9541      0.217427     0.289877     0.124142    
-100.025     -99.9541     266.678       0.188502     0.124142     0.400098    

Bond Length
0.60036113    0.00075907414

BB bond length
0.60036113    0.00075907414

Water EE distance
0             0           

PEG EE distance
4.9455251     0.035228341 

BBB P2(x)
0.050329391   0.0030753443

BBB first bond length
0.600482      0.00075665223

BBB second bond length
0.60051621    0.0007528582

BBB <phi**2>/<phi>**2
1.1118904     0.0011770662

Time = 26000
Temperature
1.0120475     0.0041855945

Pressure
26.829106     0.050080217 

CM Mom
-4.4733523e-17 1.0686945e-17 
1.0088612e-16  1.3159054e-17 
2.1917482e-17  1.4151806e-17 
1.141038e-16   1.128898e-17  

CM Pos
10.000683      0.015798393   
9.9937669      0.0077014941  
10.007964      0.0072725821  
17.32191       0.01234644    

Stress
23.8119      -0.0106025   -0.0303703    0.0800506    0.0500498    0.0328821   
-0.0106025   23.7994      -0.00271253   0.0500498    0.0680285    0.0833303   
-0.0303703   -0.00271253  23.7767       0.0328821    0.0833303    0.0919795   

Stress Spherical
0            0            0             0            0            0           
0            0            0             0            0            0           
0            0            0             0            0            0           

Inertia
266.694      -99.9248     -100.072      0.193278     0.222913     0.212302    
-99.9248     266.816      -100.053      0.222913     0.313767     0.102325    
-100.072     -100.053     266.571       0.212302     0.102325     0.350219    

Bond Length
0.60027682    0.00055778133

BB bond length
0.60027682    0.00055778133

Water EE distance
0             0           

PEG EE distance
4.9732262     0.019912535 

BBB P2(x)
0.053993484   0.0024819335

BBB first bond length
0.60045575    0.00056596457

BBB second bond length
0.6003684     0.00064790418

BBB <phi**2>/<phi>**2
1.1133258     0.001199417 

Time = 27000
Temperature
1.0120445     0.0061952754

Pressure
26.821557     0.08372894  

CM Mom
-5.2883714e-17 2.997929e-17  
9.0674233e-17  1.0484551e-17 
8.9799289e-18  1.4793444e-17 
1.0961067e-16  1.7668449e-17 

CM Pos
10.001266      0.0090859185  
9.9928494      0.0063970369  
10.00129       0.011066797   
17.317863      0.0072595673  

Stress
23.8016      -0.0139895   0.0231577     0.0889753    0.0414636    0.0492574   
-0.0139895   23.797       0.0131022     0.0414636    0.108905     0.0339164   
0.0231577    0.0131022    23.7668       0.0492574    0.0339164    0.110935    

Stress Spherical
0            0            0             0            0            0           
0            0            0             0            0            0           
0            0            0             0            0            0           

Inertia
266.556      -99.972      -100.031      0.25142      0.0808137    0.17302     
-99.972      266.699      -99.9741      0.0808137    0.313062     0.135482    
-100.031     -99.9741     266.584       0.17302      0.135482     0.167976    

Bond Length
0.60054771    0.0005117212

BB bond length
0.60054771    0.0005117212

Water EE distance
0             0           

PEG EE distance
4.9653767     0.030862619 

BBB P2(x)
0.051030345   0.0041054176

BBB first bond length
0.60069985    0.00058962975

BBB second bond length
0.60069471    0.00049943746

BBB <phi**2>/<phi>**2
1.112337      0.0018108503

Time = 28000
Temperature
1.0122765     0.0065160531

Pressure
26.842741     0.049966284 

CM Mom
-5.1864701e-17 1.613568e-17  
8.7684686e-17  3.7528499e-17 
1.9536563e-17  1.8942387e-17 
1.080861e-16   3.3244343e-17 

CM Pos
9.999181       0.0090032143  
10.002442      0.010615908   
10.005795      0.010682882   
17.324798      0.0092696826  

Stress
23.8578      0.00400071   -0.0428702    0.0580531    0.0466974    0.0472512   
0.00400071   23.7965      0.00243533    0.0466974    0.0946652    0.0477588   
-0.0428702   0.00243533   23.7725       0.0472512    0.0477588    0.0781012   

Stress Spherical
