Time = 1000
Temperature
   1.1096853    0.14927685

Pressure
   23.760845     0.7592654

CM Mom
-8.2632612e-18 3.0565053e-17 
1.5925623e-17  3.4792903e-17 
9.4516917e-17  4.2139344e-16 
2.8015052e-16  3.3239771e-16 

CM Pos
7.495824       0.0099252667  
7.5101103      0.030142013   
7.5020064      0.015661638   
12.994992      0.02588278    

Stress
20.453       -0.0231924   -0.00758821   0.329575     0.0493681    0.0701862   
-0.0231924   20.4235      0.0146197     0.0493681    0.361373     0.0898889   
-0.00758821  0.0146197    20.4326       0.0701862    0.0898889    0.345783    

Stress Spherical
0            0            0             0            0            0           
0            0            0             0            0            0           
0            0            0             0            0            0           

Inertia
150.289      -56.2897     -56.1978      0.791185     0.281387     0.15475     
-56.2897     150.088      -56.3596      0.281387     1.10106      0.291277    
-56.1978     -56.3596     150.185       0.15475      0.291277     0.884187    

Bond Length
0.61898372    0.0053221982

BB bond length
0.61898372    0.0053221982

Water EE distance
0             0           

PEG EE distance
6.4419118     0.14443697  

BBB P2(x)
0.47872355    0.060431647 

BBB first bond length
0.61882653    0.0054459972

BBB second bond length
0.61868152    0.0051541318

BBB <phi**2>/<phi>**2
1.2249029     0.011162317 

Time = 2000
Temperature
1.0153429     0.0095189743

Pressure
23.233352     0.073999198 

CM Mom
-9.9344702e-19 2.2281213e-17 
2.4913587e-17  1.8738216e-17 
-4.7575653e-17 3.4911152e-17 
6.6206239e-17  2.3837202e-17 

CM Pos
7.4930053      0.0092038833  
7.502841       0.01792805    
7.4994844      0.013674278   
12.9877        0.016062436   

Stress
20.1291      -0.0185053   -0.000428429  0.121837     0.0959679    0.0846388   
-0.0185053   20.1536      0.0225774     0.0959679    0.122683     0.0748793   
-0.000428429 0.0225774    20.2919       0.0846388    0.0748793    0.064928    

Stress Spherical
0            0            0             0            0            0           
0            0            0             0            0            0           
0            0            0             0            0            0           

Inertia
149.913      -56.2165     -56.2193      0.290227     0.221104     0.115386    
-56.2165     149.779      -56.2501      0.221104     0.325087     0.182433    
-56.2193     -56.2501     149.822       0.115386     0.182433     0.258192    

Bond Length
0.61788534    0.0018198498

BB bond length
0.61788534    0.0018198498

Water EE distance
0             0           

PEG EE distance
6.7237982     0.24389382  

BBB P2(x)
0.51789191    0.0080855426

BBB first bond length
0.61792603    0.0020149011

BBB second bond length
0.61803607    0.0018433475

BBB <phi**2>/<phi>**2
1.2256978     0.0078394955

Time = 3000
Temperature
1.0113524     0.0093653916

Pressure
23.189522     0.083235177 

CM Mom
-2.7354793e-18 1.7829861e-17 
6.229234e-17   2.1811071e-17 
-3.3658885e-17 9.4569957e-18 
7.4368956e-17  1.9314734e-17 

CM Pos
7.4993845      0.011058043   
7.5062532      0.011299223   
7.5031932      0.010698936   
12.99549       0.010253803   

Stress
20.1581      0.00758839   0.0181239     0.115407     0.0533586    0.0688456   
0.00758839   20.2076      0.0370044     0.0533586    0.158412     0.0845676   
0.0181239    0.0370044    20.1133       0.0688456    0.0845676    0.0945878   

Stress Spherical
0            0            0             0            0            0           
0            0            0             0            0            0           
0            0            0             0            0            0           

Inertia
150.07       -56.295      -56.2575      0.231344     0.131694     0.167747    
-56.295      149.998      -56.3444      0.131694     0.203259     0.140232    
-56.2575     -56.3444     150           0.167747     0.140232     0.224471    

Bond Length
0.61810895    0.0023004193

BB bond length
0.61810895    0.0023004193

Water EE distance
0             0           

PEG EE distance
7.0795018     0.11070246  

BBB P2(x)
0.523358      0.0047577263

BBB first bond length
0.61845177    0.0024827547

BBB second bond length
0.61808971    0.0023603677

BBB <phi**2>/<phi>**2
1.2272313     0.010709675 

Time = 4000
Temperature
1.0122247     0.0075485025

Pressure
23.159222     0.10430998  

CM Mom
-1.0758271e-17 2.3932831e-17 
7.6365029e-17  9.0653294e-18 
-2.9752901e-17 1.1258675e-17 
8.6716139e-17  9.7274207e-18 

CM Pos
7.4993845      0.015528273   
7.4942365      0.010239601   
7.5088306      0.0096703126  
12.991811      0.013063673   

Stress
20.069       -0.00980126  0.0125591     0.152225     0.0419636    0.0710487   
-0.00980126  20.1942      0.00843044    0.0419636    0.137166     0.0559011   
0.0125591    0.00843044   20.117        0.0710487    0.0559011    0.127052    

Stress Spherical
0            0            0             0            0            0           
0            0            0             0            0            0           
0            0            0             0            0            0           

Inertia
149.995      -56.1987     -56.2904      0.265318     0.144279     0.152888    
-56.1987     150.096      -56.29        0.144279     0.313405     0.16982     
-56.2904     -56.29       149.852       0.152888     0.16982      0.229474    

Bond Length
0.61874159    0.002109774 

BB bond length
0.61874159    0.002109774 

Water EE distance
0             0           

PEG EE distance
7.1762254     0.12586371  

BBB P2(x)
0.5149368     0.007847798 

BBB first bond length
0.61868427    0.0022733315

BBB second bond length
0.61878594    0.002294724 

BBB <phi**2>/<phi>**2
1.2270976     0.0072080989

Time = 5000
Temperature
1.0139372     0.0093053203

Pressure
23.200827     0.065836366 

CM Mom
-2.3901679e-17 1.7362504e-17 
5.840365e-17   1.5439489e-17 
-3.9445804e-17 2.4688532e-17 
8.0220239e-17  1.5884556e-17 

CM Pos
7.5024999      0.013236738   
7.4983904      0.01395152    
7.4953305      0.014580946   
12.988219      0.010167756   

Stress
20.174       -0.0261905   -0.00452818   0.11224      0.0913123    0.0675787   
-0.0261905   20.1701      -0.00851852   0.0913123    0.104318     0.0730522   
-0.00452818  -0.00851852  20.1456       0.0675787    0.0730522    0.117512    

Stress Spherical
0            0            0             0            0            0           
0            0            0             0            0            0           
0            0            0             0            0            0           

Inertia
149.856      -56.2421     -56.2338      0.123569     0.139339     0.176443    
-56.2421     149.946      -56.1848      0.139339     0.251096     0.0881334   
-56.2338     -56.1848     149.973       0.176443     0.0881334    0.324211    

Bond Length
0.61914387    0.0018270941

BB bond length
0.61914387    0.0018270941

Water EE distance
0             0           

PEG EE distance
7.1866041     0.086853775 

BBB P2(x)
0.5098655     0.012639366 

BBB first bond length
0.61894608    0.0021039515

BBB second bond length
0.61896804    0.0017327966

BBB <phi**2>/<phi>**2
1.2242369     0.006505347 

Time = 6000
Temperature
1.0098533     0.0060910801

Pressure
23.203821     0.09342313  

CM Mom
3.4588097e-20  9.4975368e-18 
4.5602759e-17  2.1283484e-17 
-5.3382062e-17 1.245166e-17  
7.4186246e-17  1.113068e-17  

CM Pos
7.5050219      0.010594543   
7.4980937      0.010144588   
7.4987426      0.017314169   
12.991469      0.012670273   

Stress
20.142       -0.0101615   -0.0303388    0.143597     0.0897118    0.0740269   
-0.0101615   20.1654      0.00392819    0.0897118    0.118187     0.0633699   
-0.0303388   0.00392819   20.228        0.0740269    0.0633699    0.074172    

Stress Spherical
0            0            0             0            0            0           
0            0            0             0            0            0           
0            0            0             0            0            0           

Inertia
149.949      -56.2366     -56.2688      0.358211     0.130477     0.148525    
-56.2366     150.06       -56.2115      0.130477     0.232694     0.1923      
-56.2688     -56.2115     150.043       0.148525     0.1923       0.231457    

Bond Length
0.61795554    0.0020409971

BB bond length
0.61795554    0.0020409971

Water EE distance
0             0           

PEG EE distance
6.9785634     0.16836822  

BBB P2(x)
0.51031179    0.013019916 

BBB first bond length
0.61784403    0.0017844014

BBB second bond length
0.61801026    0.0021539747

BBB <phi**2>/<phi>**2
1.2247303     0.0068665082

Time = 7000
Temperature
1.0122769     0.0070729142

Pressure
23.214713     0.090169528 

CM Mom
-1.1971325e-18 2.4701278e-17 
5.2640888e-17  3.2470048e-17 
-5.7506075e-17 1.3008838e-17 
8.5984891e-17  2.2797596e-17 

CM Pos
7.5023516      0.012012036   
7.4995773      0.012444002   
7.4954788      0.013359211   
12.988895      0.014681985   

Stress
20.2207      -0.0183302   0.017703      0.129808     0.0812438    0.0605105   
-0.0183302   20.1329      -0.0293343    0.0812438    0.115185     0.0711703   
0.017703     -0.0293343   20.1926       0.0605105    0.0711703    0.11163     

Stress Spherical
0            0            0             0            0            0           
0            0            0             0            0            0           
0            0            0             0            0            0           

Inertia
149.911      -56.2866     -56.2075      0.363396     0.160845     0.148058    
-56.2866     149.992      -56.1989      0.160845     0.345025     0.216873    
-56.2075     -56.1989     150.026       0.148058     0.216873     0.255959    

Bond Length
0.61880677    0.0024025193

BB bond length
0.61880677    0.0024025193

Water EE distance
0             0           

PEG EE distance
7.0351572     0.13860214  

BBB P2(x)
0.51542217    0.0094636278

BBB first bond length
0.61897915    0.002386992 

BBB second bond length
0.61875235    0.0024178124

BBB <phi**2>/<phi>**2
1.2276848     0.0071464616

Time = 8000
Temperature
1.0097521     0.0060579696

Pressure
23.15176      0.075885688 

CM Mom
1.743844e-17   1.3855964e-17 
3.6662834e-17  2.8817331e-17 
-9.058681e-17  2.4737614e-17 
1.0313071e-16  2.9200431e-17 

CM Pos
7.498346       0.0040492565  
7.4992806      0.021323687   
7.5037866      0.0094072825  
12.991215      0.01036904    

Stress
20.065       -0.0295168   0.0557278     0.12446      0.0884094    0.0756767   
-0.0295168   20.1657      0.0477164     0.0884094    0.0977142    0.0931209   
0.0557278    0.0477164    20.1495       0.0756767    0.0931209    0.05446     

Stress Spherical
0            0            0             0            0            0           
0            0            0             0            0            0           
0            0            0             0            0            0           

Inertia
150.015      -56.2438     -56.2502      0.263408     0.162646     0.0973271   
-56.2438     150.017      -56.2799      0.162646     0.119159     0.132088    
-56.2502     -56.2799     149.947       0.0973271    0.132088     0.31956     

Bond Length
0.61866736    0.0022010164

BB bond length
0.61866736    0.0022010164

Water EE distance
0             0           

PEG EE distance
7.225166      0.14275388  

BBB P2(x)
0.51314007    0.006747476 

BBB first bond length
0.61870626    0.0019366718

BBB second bond length
0.6184451     0.0025503545

BBB <phi**2>/<phi>**2
1.2238121     0.0068716865

Time = 9000
Temperature
1.0084294     0.0048862246

Pressure
23.173578     0.084129575 

CM Mom
2.6851893e-17  2.1914559e-17 
3.3741238e-17  1.2523038e-17 
-1.2161504e-16 2.6695656e-17 
1.31873e-16    2.4677085e-17 

CM Pos
7.4980493      0.0088776764  
7.4946816      0.013684736   
7.5025998      0.013143297   
12.987699      0.010222267   

Stress
20.1295      0.0164882    -0.0104463    0.125405     0.0481603    0.0666609   
0.0164882    20.1833      0.00408979    0.0481603    0.110549     0.0814685   
-0.0104463   0.00408979   20.1446       0.0666609    0.0814685    0.109689    

Stress Spherical
0            0            0             0            0            0           
0            0            0             0            0            0           
0            0            0             0            0            0           

Inertia
149.946      -56.2044     -56.2655      0.266217     0.120897     0.118945    
-56.2044     150.018      -56.2172      0.120897     0.194931     0.153851    
-56.2655     -56.2172     149.907       0.118945     0.153851     0.219051    

Bond Length
0.61923838    0.0014180886

BB bond length
0.61923838    0.0014180886

Water EE distance
0             0           

PEG EE distance
7.5278949     0.13462772  

BBB P2(x)
0.51658775    0.011885635 

BBB first bond length
0.61891306    0.0017399666

BBB second bond length
0.61924323    0.0015055378

BBB <phi**2>/<phi>**2
1.2271375     0.0066949698

Time = 10000
Temperature
1.0021579     0.010039883 

Pressure
23.122392     0.090121892 

CM Mom
5.0748425e-17  2.3963967e-17 
4.6719186e-17  1.7862878e-17 
-1.4869451e-16 2.0711346e-17 
1.66731e-16    1.9779526e-17 

CM Pos
7.5035384      0.017888724   
7.500319       0.01984887    
7.4969624      0.013025553   
12.990885      0.010779696   

Stress
20.1206      0.0239585    -0.00295426   0.102954     0.0716071    0.0497331   
0.0239585    20.15        -0.0104385    0.0716071    0.159981     0.071742    
-0.00295426  -0.0104385   20.0896       0.0497331    0.071742     0.100708    

Stress Spherical
0            0            0             0            0            0           
0            0            0             0            0            0           
0            0            0             0            0            0           

Inertia
149.937      -56.2554     -56.2531      0.437089     0.134994     0.146751    
-56.2554     149.996      -56.2173      0.134994     0.26215      0.206953    
-56.2531     -56.2173     150.053       0.146751     0.206953     0.306658    

Bond Length
0.61940024    0.0017966009

BB bond length
0.61940024    0.0017966009

Water EE distance
0             0           

PEG EE distance
7.6946437     0.20496254  

BBB P2(x)
0.51708935    0.014560123 

BBB first bond length
0.61921239    0.0019546498

BBB second bond length
0.61948539    0.0018814674

BBB <phi**2>/<phi>**2
1.2255889     0.0087045681

Time = 11000
Temperature
1.0086519     0.0066251594

Pressure
23.224104     0.078154206 

CM Mom
3.681903e-17   2.3563e-17    
2.3441671e-17  1.891594e-17  
-1.1678973e-16 2.3865318e-17 
1.2860122e-16  2.212017e-17  

CM Pos
7.5134781      0.01504232    
7.5035828      0.010436524   
7.5085339      0.013828722   
13.005174      0.012579987   

Stress
20.2301      0.012908     -0.0490995    0.13694      0.0761399    0.0725874   
0.012908     20.1863      -0.000841135  0.0761399    0.0781601    0.0506433   
-0.0490995   -0.000841135 20.1906       0.0725874    0.0506433    0.112134    

Stress Spherical
0            0            0             0            0            0           
0            0            0             0            0            0           
0            0            0             0            0            0           

Inertia
150.172      -56.3889     -56.3953      0.245188     0.149679     0.137007    
-56.3889     150.338      -56.3509      0.149679     0.2686       0.116125    
-56.3953     -56.3509     150.261       0.137007     0.116125     0.28906     

Bond Length
0.61741299    0.0025073778

BB bond length
0.61741299    0.0025073778

Water EE distance
0             0           

PEG EE distance
7.5221859     0.2572021   

BBB P2(x)
0.50930085    0.0086156795

BBB first bond length
0.61736781    0.0026690119

BBB second bond length
0.61722852    0.0024710848

BBB <phi**2>/<phi>**2
1.2274295     0.0087899423

Time = 12000
Temperature
1.0119149     0.0070691031

Pressure
23.142639     0.0677772   

CM Mom
1.4293445e-17  3.7652373e-17 
1.2287971e-17  2.6859067e-17 
-1.0875719e-16 2.0319914e-17 
1.2040858e-16  1.5401529e-17 

CM Pos
7.4967141      0.010640147   
7.5022476      0.016466546   
7.5017097      0.013303079   
12.990783      0.014386051   

Stress
20.1604      -0.0113466   -0.0143998    0.1308       0.0632537    0.0783736   
-0.0113466   20.0489      -0.0215759    0.0632537    0.104999     0.0597921   
-0.0143998   -0.0215759   20.124        0.0783736    0.0597921    0.113551    

Stress Spherical
0            0            0             0            0            0           
0            0            0             0            0            0           
0            0            0             0            0            0           

Inertia
150.063      -56.2328     -56.18        0.294449     0.157551     0.173831    
-56.2328     149.985      -56.2795      0.157551     0.237307     0.177       
-56.18       -56.2795     150.011       0.173831     0.177        0.264683    

Bond Length
0.61864059    0.0020120812

BB bond length
0.61864059    0.0020120812

Water EE distance
0             0           

PEG EE distance
7.414718      0.058984161 

BBB P2(x)
0.50937948    0.0084605975

BBB first bond length
0.61852822    0.0020437331

BBB second bond length
0.61866561    0.0020566504

BBB <phi**2>/<phi>**2
1.2270738     0.0077481443

Time = 13000
Temperature
1.004966      0.0097686451

Pressure
23.194077     0.072088453 

CM Mom
4.0184232e-17  1.3240812e-17 
3.7597536e-17  1.4391083e-17 
-1.012185e-16  1.9192389e-17 
1.1718919e-16  1.7058621e-17 

CM Pos
7.5014614      0.022235182   
7.4986871      0.013648502   
7.493847       0.0090726248  
12.98694       0.010800951   

Stress
20.267       0.0365718    0.00655314    0.0899311    0.0514051    0.0628434   
0.0365718    20.1676      0.0372946     0.0514051    0.103786     0.086352    
0.00655314   0.0372946    20.1155       0.0628434    0.086352     0.0537535   

Stress Spherical
0            0            0             0            0            0           
0            0            0             0            0            0           
0            0            0             0            0            0           

Inertia
149.856      -56.2246     -56.2375      0.307532     0.152983     0.162012    
-56.2246     149.918      -56.1982      0.152983     0.319909     0.142438    
-56.2375     -56.1982     149.994       0.162012     0.142438     0.303917    

Bond Length
0.61893305    0.0009397836

BB bond length
0.61893305    0.0009397836

Water EE distance
0             0           

PEG EE distance
7.2758099     0.10239746  

BBB P2(x)
0.51434628    0.0086211146

BBB first bond length
0.61899809    0.0011384862

BBB second bond length
0.61877741    0.0010192818

BBB <phi**2>/<phi>**2
1.2259608     0.0063508044

Time = 14000
Temperature
1.012527      0.0078902671

Pressure
23.21645      0.066198421 

CM Mom
1.0397292e-17  1.0044069e-17 
1.2664734e-17  1.9127964e-17 
-8.2300044e-17 2.7607802e-17 
8.7514068e-17  2.4739392e-17 

CM Pos
7.5066538      0.013555464   
7.4967586      0.014152778   
7.5012646      0.013285697   
12.993097      0.014202868   

Stress
20.2043      0.0144208    0.0138327     0.0987944    0.0709408    0.0618234   
0.0144208    20.174       0.0268926     0.0709408    0.144803     0.0737717   
0.0138327    0.0268926    20.1709       0.0618234    0.0737717    0.104228    

Stress Spherical
0            0            0             0            0            0           
0            0            0             0            0            0           
0            0            0             0            0            0           

Inertia
149.947      -56.2875     -56.3217      0.257364     0.174088     0.185398    
-56.2875     150.117      -56.2155      0.174088     0.360135     0.143261    
-56.3217     -56.2155     150.037       0.185398     0.143261     0.329281    

Bond Length
0.61911721    0.0025804668

BB bond length
0.61911721    0.0025804668

Water EE distance
0             0           

PEG EE distance
7.0059656     0.10835459  

BBB P2(x)
0.5110077     0.0068533583

BBB first bond length
0.61929348    0.0024739123

BBB second bond length
0.61903656    0.0025679667

BBB <phi**2>/<phi>**2
1.2244092     0.0088756191

Time = 15000
Temperature
1.0069258     0.0093050666

Pressure
23.207418     0.099803402 

CM Mom
2.6991343e-17  1.306692e-17  
7.753773e-18   2.4061948e-17 
-6.271426e-17  2.1476182e-17 
7.4234439e-17  2.054089e-17  

CM Pos
7.5047252      0.012265865   
7.4964618      0.010373067   
7.4972591      0.011549662   
12.989496      0.011428235   

Stress
20.1943      0.00978956   -0.0088122    0.103413     0.0560657    0.0797728   
0.00978956   20.1972      -0.00454125   0.0560657    0.146945     0.0733236   
-0.0088122   -0.00454125  20.181        0.0797728    0.0733236    0.1166      

Stress Spherical
0            0            0             0            0            0           
0            0            0             0            0            0           
0            0            0             0            0            0           

Inertia
149.879      -56.2471     -56.2471      0.300606     0.146303     0.145144    
-56.2471     150.012      -56.1972      0.146303     0.257788     0.17249     
-56.2471     -56.1972     150.001       0.145144     0.17249      0.208617    

Bond Length
0.61889562    0.0019033294

BB bond length
0.61889562    0.0019033294

Water EE distance
0             0           

PEG EE distance
6.8227863     0.084412813 

BBB P2(x)
0.51174852    0.0094653202

BBB first bond length
0.61877886    0.0019499955

BBB second bond length
0.61866033    0.0021682765

BBB <phi**2>/<phi>**2
1.230134      0.0097297491

Time = 16000
Temperature
1.0086978     0.0055560654

Pressure
23.208107     0.067731032 

CM Mom
2.6339111e-17  1.9316493e-17 
-4.0315722e-18 1.6550054e-17 
-6.0392396e-17 1.9633852e-17 
7.2315383e-17  1.2658932e-17 

CM Pos
7.5027966      0.015857154   
7.4983904      0.011026152   
7.4982976      0.016953866   
12.9901        0.015950802   

Stress
20.1546      0.0365579    -0.0516178    0.0756227    0.0430271    0.0912427   
0.0365579    20.1933      -0.0188767    0.0430271    0.106423     0.0488716   
-0.0516178   -0.0188767   20.2107       0.0912427    0.0488716    0.154559    

Stress Spherical
0            0            0             0            0            0           
0            0            0             0            0            0           
0            0            0             0            0            0           

Inertia
149.911      -56.2436     -56.2263      0.354219     0.137129     0.148291    
-56.2436     150.005      -56.2224      0.137129     0.294471     0.199012    
-56.2263     -56.2224     150.007       0.148291     0.199012     0.276357    

Bond Length
0.61763313    0.001826077 

BB bond length
0.61763313    0.001826077 

Water EE distance
0             0           

PEG EE distance
6.8127744     0.06356386  

BBB P2(x)
0.50890511    0.011150108 

BBB first bond length
0.61764702    0.001997354 

BBB second bond length
0.6175418     0.0018683915

BBB <phi**2>/<phi>**2
1.2205339     0.011290214 

Time = 17000
Temperature
1.0114966     0.0083712747

Pressure
23.180073     0.1025434   

CM Mom
5.3853668e-17  1.599354e-17  
-7.6834988e-19 9.4296642e-18 
-2.8610396e-17 2.0267179e-17 
6.4840624e-17  1.644769e-17  

CM Pos
7.4903349      0.011169928   
7.5010608      0.017336399   
7.4980008      0.018069892   
12.984282      0.014994154   

Stress
20.1546      0.0135793    0.0246025     0.127253     0.0530391    0.0468631   
0.0135793    20.1204      0.0116693     0.0530391    0.12483      0.086271    
0.0246025    0.0116693    20.1744       0.0468631    0.086271     0.157953    

Stress Spherical
0            0            0             0            0            0           
0            0            0             0            0            0           
0            0            0             0            0            0           

Inertia
149.986      -56.2378     -56.1749      0.505051     0.153934     0.158112    
-56.2378     149.834      -56.2855      0.153934     0.259189     0.253741    
-56.1749     -56.2855     149.871       0.158112     0.253741     0.22049     

Bond Length
0.61883266    0.0016770926

BB bond length
0.61883266    0.0016770926

Water EE distance
0             0           

PEG EE distance
6.8044627     0.10469654  

BBB P2(x)
0.50367388    0.007550247 

BBB first bond length
0.61875353    0.0017934025

BBB second bond length
0.61877607    0.0017103514

BBB <phi**2>/<phi>**2
1.2277534     0.0069921371

Time = 18000
Temperature
1.0077936     0.0051580266

Pressure
23.194082     0.096668617 

CM Mom
7.1842223e-17  3.0241392e-17 
-3.7203342e-17 2.9141376e-17 
-2.752842e-17  2.5586741e-17 
9.3119042e-17  3.2411332e-17 

CM Pos
7.5016098      0.012288273   
7.5026927      0.011549662   
7.4953305      0.0120157     
12.990184      0.0092040841  

Stress
20.1727      0.0257759    -0.0138086    0.115096     0.0819213    0.077815    
0.0257759    20.1807      0.0359156     0.0819213    0.121783     0.0687075   
-0.0138086   0.0359156    20.1713       0.077815     0.0687075    0.144336    

Stress Spherical
0            0            0             0            0            0           
0            0            0             0            0            0           
0            0            0             0            0            0           

Inertia
149.959      -56.2765     -56.2054      0.308558     0.112791     0.158997    
-56.2765     149.935      -56.2342      0.112791     0.23829      0.160332    
-56.2054     -56.2342     150.074       0.158997     0.160332     0.126555    

Bond Length
0.61857661    0.0021779169

BB bond length
0.61857661    0.0021779169

Water EE distance
0             0           

PEG EE distance
7.0017695     0.09461269  

BBB P2(x)
0.50803779    0.0094261741

BBB first bond length
0.61866854    0.0023912943

BBB second bond length
0.61840893    0.0024210092

BBB <phi**2>/<phi>**2
1.2275794     0.0080162636

Time = 19000
Temperature
1.0086657     0.0048911862

Pressure
23.191543     0.08016971  

CM Mom
4.9976918e-17  1.5283004e-17 
-5.3918177e-17 2.1022184e-17 
-4.9606469e-17 3.0798542e-17 
9.479445e-17   2.2443902e-17 

CM Pos
7.5023516      0.011429944   
7.4920112      0.0092753431  
7.4996327      0.011423202   
12.986929      0.0052800298  

Stress
20.1167      0.0241665    -0.0181446    0.0658193    0.0533266    0.0614282   
0.0241665    20.168       -0.0409051    0.0533266    0.129155     0.0629171   
-0.0181446   -0.0409051   20.2245       0.0614282    0.0629171    0.108375    

Stress Spherical
0            0            0             0            0            0           
0            0            0             0            0            0           
0            0            0             0            0            0           

Inertia
149.886      -56.1895     -56.2709      0.178052     0.10614      0.108247    
-56.1895     150.029      -56.1761      0.10614      0.175622     0.100712    
-56.2709     -56.1761     149.931       0.108247     0.100712     0.217893    

Bond Length
0.61802035    0.001963697 

BB bond length
0.61802035    0.001963697 

Water EE distance
0             0           

PEG EE distance
7.1578727     0.17185033  

BBB P2(x)
0.50829609    0.0080877399

BBB first bond length
0.61779734    0.0019396378

BBB second bond length
0.61791649    0.0017901763

BBB <phi**2>/<phi>**2
1.2284629     0.0077055054

Time = 20000
Temperature
1.0073879     0.0035870099

Pressure
23.157249     0.085107171 

CM Mom
6.1207893e-17  1.835715e-17  
-6.1659186e-17 1.3570347e-17 
-7.2656691e-17 2.3476788e-17 
1.1601511e-16  2.0977356e-17 

CM Pos
7.5032417      0.011410672   
7.4936431      0.018680735   
7.5034899      0.0060534682  
12.990609      0.01663146    

Stress
20.1355      0.0273707    -0.0193808    0.131749     0.0733452    0.074449    
0.0273707    20.161       -0.0229363    0.0733452    0.118825     0.0695024   
-0.0193808   -0.0229363   20.1213       0.074449     0.0695024    0.116964    

Stress Spherical
0            0            0             0            0            0           
0            0            0             0            0            0           
0            0            0             0            0            0           

Inertia
149.941      -56.262      -56.2797      0.322681     0.155167     0.114003    
-56.262      150.092      -56.2238      0.155167     0.244127     0.14724     
-56.2797     -56.2238     149.954       0.114003     0.14724      0.343112    

Bond Length
0.61807619    0.0020274794

BB bond length
0.61807619    0.0020274794

Water EE distance
0             0           

PEG EE distance
7.0025601     0.098585732 

BBB P2(x)
0.50815082    0.011079025 

BBB first bond length
0.61800386    0.0020510805

BBB second bond length
0.61765518    0.0021749256

BBB <phi**2>/<phi>**2
1.225824      0.0074934434

Time = 21000
Temperature
1.0127856     0.0075232103

Pressure
23.151833     0.11230519  

CM Mom
3.9485333e-17  1.114544e-17  
-6.8488001e-17 1.3321314e-17 
-7.6384244e-17 8.9712254e-18 
1.1121222e-16  9.9123614e-18 

CM Pos
7.4990878      0.011022159   
7.4986871      0.0057914809  
7.4936986      0.012543531   
12.985467      0.01055231    

Stress
20.1217      0.00338519   -0.0149512    0.112023     0.0895106    0.107151    
0.00338519   20.1163      -0.0465621    0.0895106    0.152269     0.0833209   
-0.0149512   -0.0465621   20.115        0.107151     0.0833209    0.113677    

Stress Spherical
0            0            0             0            0            0           
0            0            0             0            0            0           
0            0            0             0            0            0           

Inertia
149.861      -56.2354     -56.2077      0.220335     0.159351     0.144645    
-56.2354     149.868      -56.1597      0.159351     0.234025     0.114608    
-56.2077     -56.1597     149.947       0.144645     0.114608     0.220827    

Bond Length
0.61866479    0.0017191478

BB bond length
0.61866479    0.0017191478

Water EE distance
0             0           

PEG EE distance
7.1572378     0.15659223  

BBB P2(x)
0.50886004    0.011228889 

BBB first bond length
0.61857148    0.0018112957

BBB second bond length
0.61860257    0.0017698671

BBB <phi**2>/<phi>**2
1.2280363     0.0066148505

Time = 22000
Temperature
1.0094265     0.0086357857

Pressure
23.153025     0.10822898  

CM Mom
4.0280996e-17  1.7200021e-17 
-5.257281e-17  3.5890993e-17 
-5.1433324e-17 2.0224021e-17 
9.1827928e-17  2.4341171e-17 

CM Pos
7.5022032      0.014451315   
7.4961651      0.010541437   
7.4984459      0.0092515845  
12.988553      0.011642736   

Stress
20.1905      -0.0164512   0.019212      0.114922     0.0707889    0.0576451   
-0.0164512   20.127       0.00109278    0.0707889    0.140765     0.0807226   
0.019212     0.00109278   20.0693       0.0576451    0.0807226    0.154527    

Stress Spherical
0            0            0             0            0            0           
0            0            0             0            0            0           
0            0            0             0            0            0           

Inertia
149.904      -56.2351     -56.2521      0.17514      0.133809     0.184275    
-56.2351     149.998      -56.2294      0.133809     0.382439     0.112018    
-56.2521     -56.2294     149.94        0.184275     0.112018     0.245733    

Bond Length
0.61975899    0.0022935396

BB bond length
0.61975899    0.0022935396

Water EE distance
0             0           

PEG EE distance
7.3429613     0.11516787  

BBB P2(x)
0.50479008    0.0081286752

BBB first bond length
0.61987337    0.0021906553

BBB second bond length
0.61975101    0.0024033784

BBB <phi**2>/<phi>**2
1.2275357     0.0074894258

Time = 23000
Temperature
1.0081207     0.0082934268

Pressure
23.156057     0.089860829 

CM Mom
3.7608517e-17  1.9867385e-17 
-4.3977393e-17 1.7656814e-17 
-4.0724465e-17 1.6993645e-17 
7.4721929e-17  2.0464287e-17 

CM Pos
7.5036867      0.011384604   
7.4985388      0.018437036   
7.4959239      0.0096646212  
12.989326      0.015677447   

Stress
20.1042      0.0250634    0.00429832    0.100521     0.0768643    0.0833964   
0.0250634    20.1814      0.0448818     0.0768643    0.101621     0.0814067   
0.00429832   0.0448818    20.122        0.0833964    0.0814067    0.115987    

Stress Spherical
0            0            0             0            0            0           
0            0            0             0            0            0           
0            0            0             0            0            0           

Inertia
149.89       -56.2601     -56.1935      0.34378      0.205607     0.118237    
-56.2601     149.979      -56.2022      0.205607     0.226489     0.166544    
-56.1935     -56.2022     150.015       0.118237     0.166544     0.334592    

Bond Length
0.61796522    0.00087010759

BB bond length
0.61796522    0.00087010759

Water EE distance
0             0           

PEG EE distance
7.4032011     0.20446269  

BBB P2(x)
0.51141128    0.012024493 

BBB first bond length
0.61776693    0.0010921929

BBB second bond length
0.61804268    0.0011981605

BBB <phi**2>/<phi>**2
1.2268859     0.010320946 

Time = 24000
Temperature
1.0083101     0.0070193846

Pressure
23.182522     0.076090861 

CM Mom
4.6248404e-17  2.3310062e-17 
-5.1065483e-17 1.1513336e-17 
-3.1805952e-17 1.7923033e-17 
8.0957484e-17  1.4186393e-17 

CM Pos
7.4996812      0.015044515   
7.5022476      0.017044494   
7.498891       0.0095038774  
12.990877      0.0059714769  

Stress
20.2012      0.0116617    -0.0142065    0.121798     0.056411     0.0519494   
0.0116617    20.1319      0.0611525     0.056411     0.0495248    0.066704    
-0.0142065   0.0611525    20.1522       0.0519494    0.066704     0.103841    

Stress Spherical
0            0            0             0            0            0           
0            0            0             0            0            0           
0            0            0             0            0            0           

Inertia
150.021      -56.2714     -56.2567      0.211628     0.140591     0.0945748   
-56.2714     149.967      -56.2872      0.140591     0.229151     0.0842421   
-56.2567     -56.2872     150.026       0.0945748    0.0842421    0.266366    

Bond Length
0.61859317    0.0018680084

BB bond length
0.61859317    0.0018680084

Water EE distance
0             0           

PEG EE distance
6.926722      0.15856817  

BBB P2(x)
0.51134743    0.012094102 

BBB first bond length
0.61870728    0.0017046828

BBB second bond length
0.61858171    0.001829362 

BBB <phi**2>/<phi>**2
1.2260806     0.0091512952

Time = 25000
Temperature
1.0103592     0.0094553652

Pressure
23.181185     0.062789331 

CM Mom
2.5296938e-17  2.7905298e-17 
-5.20264e-17   1.4998322e-17 
-2.3379907e-17 2.4995277e-17 
7.2014699e-17  1.8319491e-17 

CM Pos
7.5019065      0.017420617   
7.5007641      0.0084963828  
7.5028965      0.01157631    
12.993604      0.017080102   

Stress
20.1949      -0.0132665   0.0155645     0.0870542    0.0861516    0.075455    
-0.0132665   20.141       -0.0559714    0.0861516    0.112594     0.0644959   
0.0155645    -0.0559714   20.127        0.075455     0.0644959    0.112857    

Stress Spherical
0            0            0             0            0            0           
0            0            0             0            0            0           
0            0            0             0            0            0           

Inertia
150.061      -56.2514     -56.2566      0.225133     0.216716     0.20751     
-56.2514     150.065      -56.2639      0.216716     0.41976      0.113393    
-56.2566     -56.2639     150.048       0.20751      0.113393     0.324258    

Bond Length
0.61810413    0.0021669323

BB bond length
0.61810413    0.0021669323

Water EE distance
0             0           

PEG EE distance
7.0227727     0.12723358  

BBB P2(x)
0.51646977    0.0047120381

BBB first bond length
0.61811975    0.0022334668

BBB second bond length
0.61807755    0.0022261068

BBB <phi**2>/<phi>**2
1.2281536     0.0073632784

Time = 26000
Temperature
1.0104474     0.0063076525

Pressure
23.23468      0.069202662 

CM Mom
-3.4642999e-19 1.3743661e-17 
-4.0626191e-17 1.5323856e-17 
-1.8460711e-17 1.3765055e-17 
4.9679276e-17  1.1685903e-17 

CM Pos
7.5042802      0.013600849   
7.4939398      0.014263533   
7.4996327      0.017445866   
12.989155      0.019818633   

Stress
20.2301      0.0202994    -0.0529709    0.079358     0.0823234    0.114929    
0.0202994    20.2118      0.0149954     0.0823234    0.089297     0.0741507   
-0.0529709   0.0149954    20.1807       0.114929     0.0741507    0.117474    

Stress Spherical
0            0            0             0            0            0           
0            0            0             0            0            0           
0            0            0             0            0            0           

Inertia
149.893      -56.2371     -56.2544      0.376362     0.178405     0.172345    
-56.2371     150.056      -56.1797      0.178405     0.401629     0.18315     
-56.2544     -56.1797     149.996       0.172345     0.18315      0.373341    

Bond Length
0.61796403    0.0022724997

BB bond length
0.61796403    0.0022724997

Water EE distance
0             0           

PEG EE distance
6.9268092     0.1530839   

BBB P2(x)
0.50708641    0.0082254713

BBB first bond length
0.61801905    0.002458892 

BBB second bond length
0.61803764    0.0023505089

BBB <phi**2>/<phi>**2
1.2266138     0.0078016425

Time = 27000
Temperature
1.0101736     0.003966011 

Pressure
23.174706     0.0573776   

CM Mom
-1.1699664e-17 1.8757221e-17 
-3.7409635e-17 2.4524202e-17 
-1.6680796e-17 1.5725101e-17 
5.289126e-17   1.4753819e-17 

CM Pos
7.4992361      0.012078727   
7.5050663      0.012543531   
7.5049735      0.013206775   
12.995752      0.0092033833  

Stress
20.1314      0.035783     -0.0282613    0.079739     0.0508625    0.0670871   
0.035783     20.1619      0.00950588    0.0508625    0.132006     0.0521917   
-0.0282613   0.00950588   20.1519       0.0670871    0.0521917    0.160071    

Stress Spherical
0            0            0             0            0            0           
0            0            0             0            0            0           
0            0            0             0            0            0           

Inertia
150.155      -56.2656     -56.2939      0.320809     0.132817     0.0779495   
-56.2656     150.075      -56.3262      0.132817     0.150326     0.174809    
-56.2939     -56.3262     150.064       0.0779495    0.174809     0.241804    

Bond Length
0.61941899    0.0022976935

BB bond length
0.61941899    0.0022976935

Water EE distance
0             0           

PEG EE distance
6.5299416     0.15832734  

BBB P2(x)
0.5138811     0.0082847916

BBB first bond length
0.61939013    0.0024295198

BBB second bond length
0.61941546    0.0021522756

BBB <phi**2>/<phi>**2
1.219954      0.006661221 

Time = 28000
Temperature
1.0125191     0.0096765559

Pressure
23.236045     0.078280892 

CM Mom
-1.5660173e-17 1.835766e-17  
-3.8307141e-17 1.5887581e-17 
-6.3202885e-18 1.3920678e-17 
4.8253167e-17  1.4403478e-17 

CM Pos
7.4999779      0.010174915   
7.4945333      0.01637003    
7.4991877      0.0095038774  
12.986759      0.0079778491  

Stress
20.2018      -0.00458671  0.00746557    0.127048     0.0859092    0.0474185   
-0.00458671  20.2503      -0.00370747   0.0859092    0.103296     0.0664211   
0.00746557   -0.00370747  20.1559       0.0474185    0.0664211    0.108454    

Stress Spherical
0            0            0             0            0            0           
