Time = 1000
Temperature
   1.0246361   0.029100378

Pressure
   23.728718    0.11692834

CM Mom
-1.2401292e-16 2.0003003e-17 
-4.162651e-18  1.4720052e-17 
-1.6786311e-17 4.9624201e-17 
1.3574444e-16  1.8196712e-17 

CM Pos
7.4930579      0.0093659506  
7.5002261      0.012810727   
7.501532       0.011871528   
12.987401      0.0099723758  

Stress
20.6481      -0.0085333   -0.012657     0.0980475    0.0621442    0.0585501   
-0.0085333   20.6445      0.0162489     0.0621442    0.105099     0.0713167   
-0.012657    0.0162489    20.6727       0.0585501    0.0713167    0.099702    

Stress Spherical
0            0            0             0            0            0           
0            0            0             0            0            0           
0            0            0             0            0            0           

Inertia
150.021      -56.1984     -56.2062      0.328341     0.152051     0.0946592   
-56.1984     149.929      -56.278       0.152051     0.315941     0.160793    
-56.2062     -56.278      149.892       0.0946592    0.160793     0.355729    

Bond Length
0.62074243    0.0046874728

BB bond length
0.62074243    0.0046874728

Water EE distance
0             0           

PEG EE distance
7.9646899     0.44637523  

BBB P2(x)
0.5052507     0.066148234 

BBB first bond length
0.62069849    0.004754558 

BBB second bond length
0.62060276    0.0057725807

BBB <phi**2>/<phi>**2
1.2234668     0.027208937 

Time = 2000
Temperature
1.0123894     0.008985334 

Pressure
23.657345     0.095437082 

CM Mom
-1.1653504e-16 1.5696941e-17 
9.6900516e-19  1.7284208e-17 
-2.2637079e-18 1.5705995e-17 
1.1886016e-16  1.5828976e-17 

CM Pos
7.5019476      0.014269853   
7.4948922      0.012533556   
7.5064214      0.011187026   
12.99228       0.011740432   

Stress
20.6308      -0.0153618   -0.0185067    0.151339     0.0626359    0.0688421   
-0.0153618   20.5961      0.0109054     0.0626359    0.140907     0.113821    
-0.0185067   0.0109054    20.6345       0.0688421    0.113821     0.117027    

Stress Spherical
0            0            0             0            0            0           
0            0            0             0            0            0           
0            0            0             0            0            0           

Inertia
150.004      -56.2739     -56.3003      0.253931     0.157431     0.153107    
-56.2739     150.094      -56.2573      0.157431     0.282635     0.134854    
-56.3003     -56.2573     149.934       0.153107     0.134854     0.280175    

Bond Length
0.62170473    0.0075011594

BB bond length
0.62170473    0.0075011594

Water EE distance
0             0           

PEG EE distance
8.3486891     0.40916474  

BBB P2(x)
0.49073044    0.034866676 

BBB first bond length
0.62166487    0.0076967245

BBB second bond length
0.62106466    0.0079014444

BBB <phi**2>/<phi>**2
1.2106436     0.027025012 

Time = 3000
Temperature
1.0089708     0.0080871201

Pressure
23.66653      0.08279232  

CM Mom
-9.9079509e-17 2.2778511e-17 
1.0035077e-17  2.2818296e-17 
-3.3841844e-18 1.1884318e-17 
1.0349451e-16  1.9964062e-17 

CM Pos
7.4954285      0.014960773   
7.5023004      0.0075780592  
7.4999022      0.012117687   
12.989023      0.014008224   

Stress
20.6131      0.0132963    -0.0195072    0.0901526    0.0409759    0.0470219   
0.0132963    20.6123      -0.0178068    0.0409759    0.136556     0.07815     
-0.0195072   -0.0178068   20.6943       0.0470219    0.07815      0.116793    

Stress Spherical
0            0            0             0            0            0           
0            0            0             0            0            0           
0            0            0             0            0            0           

Inertia
150.019      -56.1895     -56.1769      0.2426       0.119131     0.119929    
-56.1895     149.896      -56.2904      0.119131     0.32767      0.109699    
-56.1769     -56.2904     149.937       0.119929     0.109699     0.206183    

Bond Length
0.61851926    0.0050180209

BB bond length
0.61851926    0.0050180209

Water EE distance
0             0           

PEG EE distance
7.4242615     0.62221396  

BBB P2(x)
0.5066664     0.033675984 

BBB first bond length
0.61888949    0.0046020992

BBB second bond length
0.61842749    0.0046644264

BBB <phi**2>/<phi>**2
1.2142118     0.022502272 

Time = 4000
Temperature
1.0089763     0.0063620367

Pressure
23.67152      0.05725708  

CM Mom
-7.1783419e-17 1.4164662e-17 
3.2944942e-17  1.888445e-17  
-1.9371878e-18 2.5934798e-17 
8.5358771e-17  1.3628472e-17 

CM Pos
7.4986881      0.016039947   
7.4991889      0.011036884   
7.4979761      0.013122238   
12.987998      0.016508399   

Stress
20.6447      -0.00624176  0.00954669    0.09592      0.0828468    0.0385993   
-0.00624176  20.6644      -0.0214532    0.0828468    0.0873249    0.0462807   
0.00954669   -0.0214532   20.6256       0.0385993    0.0462807    0.0783608   

Stress Spherical
0            0            0             0            0            0           
0            0            0             0            0            0           
0            0            0             0            0            0           

Inertia
149.949      -56.2439     -56.1991      0.248318     0.191767     0.196511    
-56.2439     149.937      -56.2311      0.191767     0.414256     0.179556    
-56.1991     -56.2311     149.943       0.196511     0.179556     0.297552    

Bond Length
0.62046135    0.006059279 

BB bond length
0.62046135    0.006059279 

Water EE distance
0             0           

PEG EE distance
7.2305777     0.73192601  

BBB P2(x)
0.50206269    0.027489136 

BBB first bond length
0.62067931    0.0059932482

BBB second bond length
0.62148449    0.0054746658

BBB <phi**2>/<phi>**2
1.2200891     0.037103764 

Time = 5000
Temperature
1.0100592     0.00967301  

Pressure
23.685079     0.084420467 

CM Mom
-6.5500307e-17 2.4103001e-17 
1.9437402e-17  1.2404196e-17 
5.5645488e-18  2.3482041e-17 
7.5972472e-17  1.4610802e-17 

CM Pos
7.4998734      0.0085319123  
7.5060044      0.013563977   
7.5065695      0.023568596   
12.997587      0.018078292   

Stress
20.6465      -0.00724641  0.010866      0.0884865    0.0340301    0.0840134   
-0.00724641  20.654       -0.00844295   0.0340301    0.0942504    0.0761837   
0.010866     -0.00844295  20.665        0.0840134    0.0761837    0.101766    

Stress Spherical
0            0            0             0            0            0           
0            0            0             0            0            0           
0            0            0             0            0            0           

Inertia
150.168      -56.3042     -56.3161      0.432108     0.169953     0.210819    
-56.3042     150.097      -56.3934      0.169953     0.325111     0.183676    
-56.3161     -56.3934     150.055       0.210819     0.183676     0.24269     

Bond Length
0.62224613    0.0074852064

BB bond length
0.62224613    0.0074852064

Water EE distance
0             0           

PEG EE distance
6.1085847     0.77485044  

BBB P2(x)
0.49937288    0.021094588 

BBB first bond length
0.62307048    0.0087263293

BBB second bond length
0.6221713     0.0068904465

BBB <phi**2>/<phi>**2
1.2268423     0.013590984 

Time = 6000
Temperature
1.0065898     0.012499621 

Pressure
23.64518      0.11393888  

CM Mom
-8.2686338e-17 1.8892958e-17 
-6.9048985e-18 1.331421e-17  
-2.3980444e-18 2.3120877e-17 
8.6693858e-17  2.105756e-17  

CM Pos
7.5006142      0.017241081   
7.5025967      0.01113096    
7.5046434      0.012907181   
12.994936      0.0088708019  

Stress
20.6664      0.0130389    -0.00775729   0.121427     0.0829105    0.0735036   
0.0130389    20.593       0.0238989     0.0829105    0.151655     0.0424161   
-0.00775729  0.0238989    20.6178       0.0735036    0.0424161    0.0955514   

Stress Spherical
0            0            0             0            0            0           
0            0            0             0            0            0           
0            0            0             0            0            0           

Inertia
150.114      -56.2991     -56.3075      0.293021     0.0939615    0.114578    
-56.2991     150.084      -56.3407      0.0939615    0.23556      0.219621    
-56.3075     -56.3407     150.033       0.114578     0.219621     0.162434    

Bond Length
0.61769459    0.004899677 

BB bond length
0.61769459    0.004899677 

Water EE distance
0             0           

PEG EE distance
7.6073264     0.36948183  

BBB P2(x)
0.51715165    0.028299485 

BBB first bond length
0.61831736    0.0055474626

BBB second bond length
0.61761178    0.0049184793

BBB <phi**2>/<phi>**2
1.2147776     0.025283716 

Time = 7000
Temperature
1.0144856     0.0066560591

Pressure
23.670075     0.06192184  

CM Mom
-9.5818695e-17 9.9493174e-18 
-6.526563e-18  2.2463253e-17 
-1.8853723e-17 3.0139394e-17 
1.0452841e-16  1.2847693e-17 

CM Pos
7.5012068      0.0091105052  
7.4991889      0.015489212   
7.5030136      0.0096476614  
12.99236       0.012752195   

Stress
20.6237      -0.0219151   -0.0316551    0.10444      0.0792577    0.0673107   
-0.0219151   20.6131      0.0132021     0.0792577    0.0573459    0.0605652   
-0.0316551   0.0132021    20.644        0.0673107    0.0605652    0.113779    

Stress Spherical
0            0            0             0            0            0           
0            0            0             0            0            0           
0            0            0             0            0            0           

Inertia
150.026      -56.246      -56.2779      0.335314     0.155587     0.121561    
-56.246      150.055      -56.2732      0.155587     0.179271     0.163206    
-56.2779     -56.2732     149.983       0.121561     0.163206     0.235277    

Bond Length
0.62108782    0.0032866209

BB bond length
0.62108782    0.0032866209

Water EE distance
0             0           

PEG EE distance
7.5770125     0.23006984  

BBB P2(x)
0.51816366    0.03368346  

BBB first bond length
0.62059763    0.0032776019

BBB second bond length
0.62068248    0.003742559 

BBB <phi**2>/<phi>**2
1.2208341     0.019844376 

Time = 8000
Temperature
1.0081291     0.0068041454

Pressure
23.688422     0.097894894 

CM Mom
-8.6989905e-17 1.750163e-17  
-4.3069942e-18 8.0272889e-18 
-3.6096779e-18 2.2348592e-17 
8.9975876e-17  1.9322765e-17 

CM Pos
7.5063925      0.016308678   
7.5018559      0.016384553   
7.5013838      0.012333161   
12.99596       0.015876239   

Stress
20.6792      -0.00873538  -0.013267     0.123861     0.0365422    0.0573916   
-0.00873538  20.6502      -0.0074744    0.0365422    0.124947     0.075603    
-0.013267    -0.0074744   20.6637       0.0573916    0.075603     0.0833441   

Stress Spherical
0            0            0             0            0            0           
0            0            0             0            0            0           
0            0            0             0            0            0           

Inertia
150.045      -56.3212     -56.3149      0.297826     0.17721      0.20943     
-56.3212     150.095      -56.2718      0.17721      0.356301     0.147929    
-56.3149     -56.2718     150.096       0.20943      0.147929     0.338362    

Bond Length
0.61808042    0.0057281452

BB bond length
0.61808042    0.0057281452

Water EE distance
0             0           

PEG EE distance
6.794667      0.52380405  

BBB P2(x)
0.54148861    0.036204437 

BBB first bond length
0.61817127    0.0050736679

BBB second bond length
0.6182483     0.0061135816

BBB <phi**2>/<phi>**2
1.2060929     0.026330471 

Time = 9000
Temperature
1.008285      0.0075351228

Pressure
23.741564     0.10903466  

CM Mom
-6.2332775e-17 2.3375269e-17 
1.4209928e-17  1.6845242e-17 
6.2918852e-18  1.4646087e-17 
6.9691576e-17  1.7738154e-17 

CM Pos
7.4989844      0.011568088   
7.4972628      0.01258599    
7.5034581      0.013351925   
12.990221      0.015112028   

Stress
20.691       -0.000734275 0.00135207    0.105764     0.0674034    0.06017     
-0.000734275 20.7212      0.0180344     0.0674034    0.181927     0.0654784   
0.00135207   0.0180344    20.7389       0.06017      0.0654784    0.0913237   

Stress Spherical
0            0            0             0            0            0           
0            0            0             0            0            0           
0            0            0             0            0            0           

Inertia
150.012      -56.2354     -56.2877      0.312521     0.131484     0.175734    
-56.2354     150.049      -56.2664      0.131484     0.337746     0.167986    
-56.2877     -56.2664     149.933       0.175734     0.167986     0.238454    

Bond Length
0.62175958    0.0072753038

BB bond length
0.62175958    0.0072753038

Water EE distance
0             0           

PEG EE distance
7.9296438     0.47255824  

BBB P2(x)
0.51474537    0.04878727  

BBB first bond length
0.62268981    0.0064566869

BBB second bond length
0.62182473    0.0077257346

BBB <phi**2>/<phi>**2
1.2311931     0.029324857 

Time = 10000
Temperature
1.0139807     0.0084865619

Pressure
23.719009     0.081304362 

CM Mom
-5.5396143e-17 2.21184e-17   
-1.5546577e-17 5.4256723e-17 
1.3743725e-17  1.9874436e-17 
7.6554515e-17  3.8297961e-17 

CM Pos
7.4982436      0.010308766   
7.5015595      0.010477738   
7.5027173      0.011221313   
12.991847      0.0086738974  

Stress
20.6669      0.00873823   -0.043154     0.0885465    0.0428175    0.035309    
0.00873823   20.6669      -0.028772     0.0428175    0.133215     0.0963183   
-0.043154    -0.028772    20.6983       0.035309     0.0963183    0.125918    

Stress Spherical
0            0            0             0            0            0           
0            0            0             0            0            0           
0            0            0             0            0            0           

Inertia
150.056      -56.1917     -56.2441      0.264816     0.0664776    0.136807    
-56.1917     150.006      -56.2654      0.0664776    0.250358     0.124866    
-56.2441     -56.2654     149.987       0.136807     0.124866     0.0993244   

Bond Length
0.62068499    0.0071664626

BB bond length
0.62068499    0.0071664626

Water EE distance
0             0           

PEG EE distance
8.1518607     0.25842653  

BBB P2(x)
0.52961027    0.036680993 

BBB first bond length
0.62132195    0.0066255729

BBB second bond length
0.62078851    0.0074775341

BBB <phi**2>/<phi>**2
1.2361733     0.02680834  

Time = 11000
Temperature
1.0146344     0.007607848 

Pressure
23.670568     0.090083664 

CM Mom
-8.0866215e-17 3.4484835e-17 
7.8015264e-18  1.8461231e-17 
4.4957508e-17  1.8176256e-17 
9.8389157e-17  2.8308247e-17 

CM Pos
7.5057999      0.0097787436  
7.5009669      0.01325291    
7.5061251      0.020015141   
12.997843      0.01395595    

Stress
20.6169      0.0161223    0.0301989     0.0855089    0.10432      0.0951097   
0.0161223    20.6538      0.0141777     0.10432      0.121837     0.0709644   
0.0301989    0.0141777    20.6102       0.0951097    0.0709644    0.127438    

Stress Spherical
0            0            0             0            0            0           
0            0            0             0            0            0           
0            0            0             0            0            0           

Inertia
150.125      -56.295      -56.3199      0.330867     0.142604     0.141779    
-56.295      150.182      -56.2891      0.142604     0.257814     0.216937    
-56.3199     -56.2891     150.082       0.141779     0.216937     0.252901    

Bond Length
0.62111558    0.0067794729

BB bond length
0.62111558    0.0067794729

Water EE distance
0             0           

PEG EE distance
8.855723      0.48138408  

BBB P2(x)
0.52785231    0.044205846 

BBB first bond length
0.62089187    0.006462845 

BBB second bond length
0.6212363     0.0076165449

BBB <phi**2>/<phi>**2
1.2404228     0.02344702  

Time = 12000
Temperature
1.0139686     0.0058755156

Pressure
23.67365      0.13975348  

CM Mom
-8.6262432e-17 5.2086928e-17 
2.1695078e-17  1.9831231e-17 
4.0652432e-17  2.2042348e-17 
1.0538642e-16  4.528131e-17  

CM Pos
7.4986881      0.011853023   
7.5009669      0.0070762271  
7.4963463      0.012347392   
12.988083      0.0087895055  

Stress
20.6115      0.00854634   -0.0200213    0.165975     0.0928959    0.0768098   
0.00854634   20.648       0.00499949    0.0928959    0.112371     0.049299    
-0.0200213   0.00499949   20.6366       0.0768098    0.049299     0.172895    

Stress Spherical
0            0            0             0            0            0           
0            0            0             0            0            0           
0            0            0             0            0            0           

Inertia
149.96       -56.2643     -56.2119      0.146239     0.15612      0.0850345   
-56.2643     149.925      -56.1887      0.15612      0.228847     0.117347    
-56.2119     -56.1887     149.98        0.0850345    0.117347     0.241894    

Bond Length
0.62061445    0.0084719804

BB bond length
0.62061445    0.0084719804

Water EE distance
0             0           

PEG EE distance
8.7996848     0.29398488  

BBB P2(x)
0.53920618    0.030179144 

BBB first bond length
0.62019258    0.0077992718

BBB second bond length
0.62083018    0.0077343165

BBB <phi**2>/<phi>**2
1.2219581     0.028625681 

Time = 13000
Temperature
1.013488      0.0048514655

Pressure
23.722695     0.078681814 

CM Mom
-6.3345028e-17 1.3303426e-17 
1.9895243e-17  1.3203961e-17 
5.9302458e-17  1.7184246e-17 
9.146143e-17   1.4374479e-17 

CM Pos
7.494984       0.0087466251  
7.4947441      0.011175246   
7.4991614      0.015570491   
12.98398       0.010331523   

Stress
20.658       -0.0230569   0.0145013     0.0845752    0.0697072    0.0629471   
-0.0230569   20.6271      0.019716      0.0697072    0.112653     0.0776229   
0.0145013    0.019716     20.7625       0.0629471    0.0776229    0.0982374   

Stress Spherical
0            0            0             0            0            0           
0            0            0             0            0            0           
0            0            0             0            0            0           

Inertia
149.91       -56.1794     -56.2252      0.254149     0.100762     0.154767    
-56.1794     149.905      -56.2467      0.100762     0.250971     0.109616    
-56.2252     -56.2467     149.826       0.154767     0.109616     0.210534    

Bond Length
0.61916267    0.0072286919

BB bond length
0.61916267    0.0072286919

Water EE distance
0             0           

PEG EE distance
9.1548778     0.43308521  

BBB P2(x)
0.53875377    0.027861685 

BBB first bond length
0.61871997    0.0082692966

BBB second bond length
0.61893498    0.0070542132

BBB <phi**2>/<phi>**2
1.2283812     0.019194158 

Time = 14000
Temperature
1.0105165     0.0088276925

Pressure
23.691296     0.072302014 

CM Mom
-8.2098136e-17 2.1684525e-17 
1.3628031e-17  2.2544878e-17 
7.2930489e-17  3.9421108e-17 
1.167119e-16   3.3993094e-17 

CM Pos
7.4969101      0.020452905   
7.5003742      0.013176495   
7.4916051      0.014487411   
12.983982      0.021013704   

Stress
20.6451      0.0136373    -0.00117631   0.0952495    0.0562627    0.0554351   
0.0136373    20.6758      0.0281882     0.0562627    0.111762     0.0460311   
-0.00117631  0.0281882    20.6592       0.0554351    0.0460311    0.0677187   

Stress Spherical
0            0            0             0            0            0           
0            0            0             0            0            0           
0            0            0             0            0            0           

Inertia
149.862      -56.2319     -56.1731      0.302312     0.224485     0.241738    
-56.2319     149.817      -56.1757      0.224485     0.435762     0.150452    
-56.1731     -56.1757     149.942       0.241738     0.150452     0.528928    

Bond Length
0.62076958    0.0087592975

BB bond length
0.62076958    0.0087592975

Water EE distance
0             0           

PEG EE distance
8.7350673     0.33065756  

BBB P2(x)
0.54457204    0.042929003 

BBB first bond length
0.62013698    0.0092285512

BBB second bond length
0.6202072     0.0087989396

BBB <phi**2>/<phi>**2
1.2386856     0.025077428 

Time = 15000
Temperature
1.0127302     0.0073701397

Pressure
23.692548     0.087794259 

CM Mom
-1.1975432e-16 3.1388385e-17 
-2.5046912e-18 2.0903278e-17 
8.598526e-17   1.3517038e-17 
1.5033381e-16  2.7303242e-17 

CM Pos
7.5009105      0.016594893   
7.5034857      0.020763945   
7.4975316      0.011835415   
12.991513      0.019285928   

Stress
20.6052      -0.0152805   -0.0113139    0.102324     0.0640445    0.0546722   
-0.0152805   20.651       -0.0102709    0.0640445    0.101663     0.0743724   
-0.0113139   -0.0102709   20.7078       0.0546722    0.0743724    0.156082    

Stress Spherical
0            0            0             0            0            0           
0            0            0             0            0            0           
0            0            0             0            0            0           

Inertia
150.02       -56.2687     -56.2187      0.382838     0.18105      0.189193    
-56.2687     149.985      -56.2766      0.18105      0.336297     0.190976    
-56.2187     -56.2766     150.05        0.189193     0.190976     0.368407    

Bond Length
0.62173684    0.0050531939

BB bond length
0.62173684    0.0050531939

Water EE distance
0             0           

PEG EE distance
8.5042465     0.44200374  

BBB P2(x)
0.5051609     0.012473144 

BBB first bond length
0.62219718    0.0053279674

BBB second bond length
0.62144942    0.005189278 

BBB <phi**2>/<phi>**2
1.2209815     0.022458753 

Time = 16000
Temperature
1.0069192     0.0091047048

Pressure
23.678082     0.050573114 

CM Mom
-1.1255634e-16 1.0578365e-17 
-1.3687249e-17 1.7199143e-17 
9.9509935e-17  2.2412099e-17 
1.5283799e-16  1.7580169e-17 

CM Pos
7.4976509      0.012900376   
7.4999298      0.010729277   
7.4947165      0.014198912   
12.98594       0.018012943   

Stress
20.6469      -0.021887    0.0202348     0.0784208    0.0555501    0.0375857   
-0.021887    20.6634      -0.0405649    0.0555501    0.120896     0.0704115   
0.0202348    -0.0405649   20.6626       0.0375857    0.0704115    0.10743     

Stress Spherical
0            0            0             0            0            0           
0            0            0             0            0            0           
0            0            0             0            0            0           

Inertia
149.915      -56.2008     -56.1871      0.293117     0.196483     0.209756    
-56.2008     149.887      -56.219       0.196483     0.36534      0.187927    
-56.1871     -56.219      149.96        0.209756     0.187927     0.300201    

Bond Length
0.61739901    0.005370375 

BB bond length
0.61739901    0.005370375 

Water EE distance
0             0           

PEG EE distance
6.748473      0.42848639  

BBB P2(x)
0.54850782    0.022594169 

BBB first bond length
0.61783271    0.0058251764

BBB second bond length
0.61692338    0.0042538407

BBB <phi**2>/<phi>**2
1.2302095     0.019040917 

Time = 17000
Temperature
1.011789      0.012904039 

Pressure
23.663097     0.06847413  

CM Mom
-9.0922539e-17 1.4787748e-17 
-2.0603679e-17 1.0317556e-17 
1.0597625e-16  2.015646e-17  
1.4255099e-16  1.8248639e-17 

CM Pos
7.5043182      0.013098797   
7.5030412      0.0070451364  
7.4948647      0.015753404   
12.991675      0.016067189   

Stress
20.6192      0.0255333    0.0233018     0.085633     0.0612599    0.0649796   
0.0255333    20.6601      -0.0128811    0.0612599    0.135472     0.0775498   
0.0233018    -0.0128811   20.6048       0.0649796    0.0775498    0.104369    

Stress Spherical
0            0            0             0            0            0           
0            0            0             0            0            0           
0            0            0             0            0            0           

Inertia
149.958      -56.2535     -56.1935      0.268387     0.14502      0.192916    
-56.2535     149.986      -56.2144      0.14502      0.356921     0.154533    
-56.1935     -56.2144     150.085       0.192916     0.154533     0.195966    

Bond Length
0.61573545    0.0061312445

BB bond length
0.61573545    0.0061312445

Water EE distance
0             0           

PEG EE distance
7.0503959     0.43362784  

BBB P2(x)
0.50482352    0.035192088 

BBB first bond length
0.61562354    0.0068020554

BBB second bond length
0.61567507    0.0069072195

BBB <phi**2>/<phi>**2
1.2301875     0.0448855   

Time = 18000
Temperature
1.01125       0.009948096 

Pressure
23.726351     0.11974298  

CM Mom
-9.8152587e-17 2.4098853e-17 
-3.3134521e-17 1.4316007e-17 
1.0831172e-16  2.6955577e-17 
1.5435103e-16  1.2301248e-17 

CM Pos
7.4976509      0.016040631   
7.5003742      0.013456737   
7.4924941      0.013059354   
12.984927      0.01099982    

Stress
20.6733      -0.00321585  0.0200439     0.0971192    0.0627837    0.109768    
-0.00321585  20.7055      0.0300705     0.0627837    0.143426     0.0876166   
0.0200439    0.0300705    20.6999       0.109768     0.0876166    0.153665    

Stress Spherical
0            0            0             0            0            0           
0            0            0             0            0            0           
0            0            0             0            0            0           

Inertia
149.888      -56.2558     -56.1779      0.173642     0.209975     0.12909     
-56.2558     149.842      -56.2352      0.209975     0.271569     0.082688    
-56.1779     -56.2352     149.966       0.12909      0.082688     0.307472    

Bond Length
0.62039104    0.0064989366

BB bond length
0.62039104    0.0064989366

Water EE distance
0             0           

PEG EE distance
6.7632709     0.52869167  

BBB P2(x)
0.50249247    0.026038886 

BBB first bond length
0.62012066    0.0075344233

BBB second bond length
0.620545      0.0068308763

BBB <phi**2>/<phi>**2
1.2103771     0.022646616 

Time = 19000
Temperature
1.0122436     0.0085587709

Pressure
23.669116     0.093887015 

CM Mom
-1.0978517e-16 1.3583141e-17 
-3.7500047e-17 2.1363347e-17 
1.0693189e-16  1.1533483e-17 
1.5965156e-16  1.3370244e-17 

CM Pos
7.5049109      0.01530888    
7.4977073      0.010936983   
7.4953092      0.012913132   
12.989202      0.010163001   

Stress
20.6318      0.0325381    -0.0175894    0.0975059    0.0490398    0.0597848   
0.0325381    20.5734      -0.00649762   0.0490398    0.130256     0.0663638   
-0.0175894   -0.00649762  20.6929       0.0597848    0.0663638    0.078197    

Stress Spherical
0            0            0             0            0            0           
0            0            0             0            0            0           
0            0            0             0            0            0           

Inertia
149.909      -56.2518     -56.213       0.197162     0.159033     0.126687    
-56.2518     150.001      -56.166       0.159033     0.2202       0.146946    
-56.213      -56.166      150.048       0.126687     0.146946     0.280439    

Bond Length
0.62446402    0.0073653978

BB bond length
0.62446402    0.0073653978

Water EE distance
0             0           

PEG EE distance
6.7263671     0.22609574  

BBB P2(x)
0.49495225    0.033843802 

BBB first bond length
0.62501665    0.006944296 

BBB second bond length
0.6246306     0.0079609423

BBB <phi**2>/<phi>**2
1.2228929     0.02757578  

Time = 20000
Temperature
1.0096586     0.0093973168

Pressure
23.686668     0.035605041 

CM Mom
-8.9924542e-17 3.2334051e-17 
-3.240129e-17  1.7272471e-17 
1.1911704e-16  2.6767115e-17 
1.5573265e-16  3.3656854e-17 

CM Pos
7.4946877      0.018422897   
7.4988926      0.0095435695  
7.4967908      0.0203237     
12.984848      0.013282995   

Stress
20.6613      0.0191799    -0.0212758    0.113912     0.0582618    0.0830727   
0.0191799    20.6149      -0.00598304   0.0582618    0.0494547    0.0676084   
-0.0212758   -0.00598304  20.6978       0.0830727    0.0676084    0.0829055   

Stress Spherical
0            0            0             0            0            0           
0            0            0             0            0            0           
0            0            0             0            0            0           

Inertia
149.937      -56.2149     -56.1608      0.293607     0.150066     0.160049    
-56.2149     149.89       -56.1974      0.150066     0.281268     0.223104    
-56.1608     -56.1974     149.902       0.160049     0.223104     0.322974    

Bond Length
0.62149294    0.0076983143

BB bond length
0.62149294    0.0076983143

Water EE distance
0             0           

PEG EE distance
5.9790545     0.49466802  

BBB P2(x)
0.52261432    0.024810836 

BBB first bond length
0.62167195    0.0071324825

BBB second bond length
0.62065284    0.0078713612

BBB <phi**2>/<phi>**2
1.2270592     0.028048575 

Time = 21000
Temperature
1.0087852     0.0086716318

Pressure
23.725679     0.084847322 

CM Mom
-7.3758441e-17 1.9308203e-17 
-6.8269011e-17 3.0662777e-17 
1.3147395e-16  1.8978796e-17 
1.6889708e-16  2.3094306e-17 

CM Pos
7.5052072      0.018172756   
7.4988926      0.0097032483  
7.5041989      0.00984586    
12.995184      0.015497795   

Stress
20.7115      -0.00964505  0.0461182     0.1193       0.0682051    0.0734789   
-0.00964505  20.6908      0.0258074     0.0682051    0.107812     0.0726102   
0.0461182    0.0258074    20.6966       0.0734789    0.0726102    0.0913379   

Stress Spherical
0            0            0             0            0            0           
0            0            0             0            0            0           
0            0            0             0            0            0           

Inertia
150.046      -56.2679     -56.3379      0.250376     0.19152      0.185894    
-56.2679     150.158      -56.2924      0.19152      0.342618     0.121601    
-56.3379     -56.2924     150.058       0.185894     0.121601     0.415577    

Bond Length
0.62208692    0.0049451642

BB bond length
0.62208692    0.0049451642

Water EE distance
0             0           

PEG EE distance
6.6226547     0.61116832  

BBB P2(x)
0.52936109    0.037649969 

BBB first bond length
0.62290542    0.0049109823

BBB second bond length
0.62184861    0.0056718003

BBB <phi**2>/<phi>**2
1.2144021     0.025250488 

Time = 22000
Temperature
1.0127292     0.0081380786

Pressure
23.725719     0.073283819 

CM Mom
-4.855526e-17  1.6581439e-17 
-5.3358751e-17 2.6738321e-17 
1.3512015e-16  2.1539102e-17 
1.5640487e-16  2.129689e-17  

CM Pos
7.5080223      0.018037564   
7.4996334      0.018184831   
7.5076067      0.012297511   
12.999215      0.016890789   

Stress
20.7293      0.0129335    -0.033234     0.113198     0.0757252    0.0523184   
0.0129335    20.6941      0.00588705    0.0757252    0.0731483    0.0642467   
-0.033234    0.00588705   20.6401       0.0523184    0.0642467    0.0853723   

Stress Spherical
0            0            0             0            0            0           
0            0            0             0            0            0           
0            0            0             0            0            0           

Inertia
150.116      -56.3138     -56.3725      0.436151     0.198144     0.196238    
-56.3138     150.267      -56.2742      0.198144     0.327841     0.230098    
-56.3725     -56.2742     150.124       0.196238     0.230098     0.401764    

Bond Length
0.62180624    0.009945776 

BB bond length
0.62180624    0.009945776 

Water EE distance
0             0           

PEG EE distance
7.0626542     0.31617538  

BBB P2(x)
0.51979564    0.016282971 

BBB first bond length
0.62197772    0.010306034 

BBB second bond length
0.62190265    0.0094225461

BBB <phi**2>/<phi>**2
1.2363609     0.032501558 

Time = 23000
Temperature
1.012002      0.0097159336

Pressure
23.651581     0.10341937  

CM Mom
-5.677556e-17  2.5277346e-17 
-4.6868102e-17 1.7232703e-17 
1.2386159e-16  2.1225356e-17 
1.474515e-16   2.0155848e-17 

CM Pos
7.507726       0.011350662   
7.5008187      0.011472814   
7.5098291      0.0096522111  
13.000998      0.013223878   

Stress
20.6252      -0.0212961   -0.00822497   0.160589     0.0613547    0.0402135   
-0.0212961   20.5403      0.0251197     0.0613547    0.134001     0.0863182   
-0.00822497  0.0251197    20.6821       0.0402135    0.0863182    0.167072    

Stress Spherical
0            0            0             0            0            0           
0            0            0             0            0            0           
0            0            0             0            0            0           

Inertia
150.151      -56.3303     -56.3648      0.270506     0.156728     0.134766    
-56.3303     150.263      -56.3154      0.156728     0.261495     0.150771    
-56.3648     -56.3154     150.133       0.134766     0.150771     0.327211    

Bond Length
0.61937806    0.0059987861

BB bond length
0.61937806    0.0059987861

Water EE distance
0             0           

PEG EE distance
6.6230408     0.36922302  

BBB P2(x)
0.50938789    0.026073744 

BBB first bond length
0.61918445    0.0059017413

BBB second bond length
0.6192342     0.0059416108

BBB <phi**2>/<phi>**2
1.227634      0.023055268 

Time = 24000
Temperature
1.0120285     0.0093278943

Pressure
23.664903     0.10090163  

CM Mom
-6.6573697e-17 2.0599117e-17 
-3.3093877e-17 1.3412859e-17 
1.4730935e-16  1.1673894e-17 
1.6696837e-16  9.4540073e-18 

CM Pos
7.5006142      0.01198288    
7.503782       0.014990091   
7.5055324      0.018659689   
12.996125      0.02062245    

Stress
20.6228      -0.00914565  0.0295752     0.145573     0.0403177    0.0416288   
-0.00914565  20.6063      0.0214973     0.0403177    0.104144     0.0729629   
0.0295752    0.0214973    20.6582       0.0416288    0.0729629    0.102983    

Stress Spherical
0            0            0             0            0            0           
0            0            0             0            0            0           
0            0            0             0            0            0           

Inertia
150.132      -56.2692     -56.3026      0.382913     0.165798     0.208972    
-56.2692     150.112      -56.2995      0.165798     0.401735     0.224257    
-56.3026     -56.2995     150.082       0.208972     0.224257     0.358202    

Bond Length
0.62085847    0.0043122433

BB bond length
0.62085847    0.0043122433

Water EE distance
0             0           

PEG EE distance
5.8217439     0.26729437  

BBB P2(x)
0.54247016    0.035278196 

BBB first bond length
0.62173814    0.0046711456

BBB second bond length
0.61972518    0.0048720938

BBB <phi**2>/<phi>**2
1.226707      0.023245746 

Time = 25000
Temperature
1.0106922     0.007790005 

Pressure
23.661447     0.089168046 

CM Mom
-8.5479853e-17 2.2598113e-17 
-2.7500884e-17 1.6075052e-17 
1.5003542e-16  2.5716161e-17 
1.7669359e-16  2.7991219e-17 

CM Pos
7.4989844      0.015237013   
7.5002261      0.014269853   
7.5028655      0.011712359   
12.991596      0.012894817   

Stress
20.6574      -0.0089389   0.00271268    0.124445     0.0672359    0.0805013   
-0.0089389   20.6357      -0.0282542    0.0672359    0.119858     0.0382352   
0.00271268   -0.0282542   20.5959       0.0805013    0.0382352    0.121356    

Stress Spherical
0            0            0             0            0            0           
0            0            0             0            0            0           
0            0            0             0            0            0           

Inertia
150.04       -56.2403     -56.2688      0.351883     0.171521     0.110566    
-56.2403     150.031      -56.2532      0.171521     0.212386     0.153151    
-56.2688     -56.2532     149.984       0.110566     0.153151     0.233651    

Bond Length
0.6215248     0.0082521292

BB bond length
0.6215248     0.0082521292

Water EE distance
0             0           

PEG EE distance
7.2378304     0.53958422  

BBB P2(x)
0.52759513    0.034648962 

BBB first bond length
0.62171935    0.008396574 

BBB second bond length
0.62186044    0.0082625763

BBB <phi**2>/<phi>**2
1.2285177     0.018324468 

Time = 26000
Temperature
1.0102345     0.0056684521

Pressure
23.670006     0.084948224 

CM Mom
-8.1171625e-17 1.4106163e-17 
-1.0670434e-17 1.4414829e-17 
1.3749702e-16  1.8983878e-17 
1.6142605e-16  1.7802004e-17 

CM Pos
7.5044664      0.016950884   
7.4940032      0.010688279   
7.5025691      0.0096031887  
12.990999      0.0091391712  

Stress
20.6365      -0.0105419   -0.00464244   0.106994     0.0637552    0.0353409   
-0.0105419   20.6604      -0.000310924  0.0637552    0.126121     0.067197    
-0.00464244  -0.000310924 20.6219       0.0353409    0.067197     0.0966921   

Stress Spherical
0            0            0             0            0            0           
0            0            0             0            0            0           
0            0            0             0            0            0           

Inertia
149.951      -56.2419     -56.2901      0.154059     0.11116      0.179824    
-56.2419     150.107      -56.1975      0.11116      0.250698     0.0809087   
-56.2901     -56.1975     149.984       0.179824     0.0809087    0.276054    

Bond Length
0.62003881    0.0096372052

BB bond length
0.62003881    0.0096372052

Water EE distance
0             0           

PEG EE distance
6.6359678     0.25198126  

BBB P2(x)
0.52031796    0.021736501 

BBB first bond length
0.62063008    0.010466247 

BBB second bond length
0.62011609    0.0094564132

BBB <phi**2>/<phi>**2
1.2238529     0.017279976 

Time = 27000
Temperature
1.0115657     0.0099926348

Pressure
23.666341     0.076497763 

CM Mom
-6.0246926e-17 1.7987435e-17 
-7.1842637e-18 2.9893938e-17 
1.5003089e-16  2.2691743e-17 
1.6580215e-16  2.0792579e-17 

CM Pos
7.4975028      0.0076930591  
7.5023004      0.016335577   
7.4970871      0.0097156833  
12.988596      0.012669606   

Stress
20.6393      -0.010925    0.0439823     0.0952822    0.0483178    0.0495892   
-0.010925    20.6732      0.00236408    0.0483178    0.137225     0.0693689   
0.0439823    0.00236408   20.5834       0.0495892    0.0693689    0.113995    

Stress Spherical
0            0            0             0            0            0           
0            0            0             0            0            0           
0            0            0             0            0            0           

Inertia
149.999      -56.2591     -56.2397      0.287106     0.159763     0.14541     
-56.2591     149.941      -56.2199      0.159763     0.184724     0.140181    
-56.2397     -56.2199     150.007       0.14541      0.140181     0.291872    

Bond Length
0.62101699    0.0058846913

BB bond length
0.62101699    0.0058846913

Water EE distance
0             0           

PEG EE distance
6.4692854     0.44873242  

BBB P2(x)
0.52138314    0.032356457 

BBB first bond length
0.62109275    0.0064662477

BBB second bond length
0.6201859     0.0056299151

BBB <phi**2>/<phi>**2
1.2330288     0.029517402 

Time = 28000
Temperature
1.01103       0.006214806 

Pressure
23.673439     0.10787662  

CM Mom
-8.0480203e-17 2.7434322e-17 
8.6457905e-18  1.3960586e-17 
1.6738526e-16  1.0886967e-17 
1.8814923e-16  1.5348325e-17 

CM Pos
7.4986881      0.020097778   
7.5030412      0.011009003   
7.4982724      0.0081097978  
12.990397      0.014248715   

Stress
20.601       0.00350439   0.0159851     0.133476     0.087605     0.0714509   
0.00350439   20.6555      0.00790344    0.087605     0.137744     0.0523649   
0.0159851    0.00790344   20.6654       0.0714509    0.0523649    0.119532    

Stress Spherical
0            0            0             0            0            0           
