Time = 1000
Temperature
   1.0239197   0.036573555

Pressure
   23.601937    0.17293883

CM Mom
-6.4647773e-17 2.8344542e-17 
3.2442553e-17  1.9437312e-17 
-6.1920231e-17 1.9367e-17    
9.8829134e-17  2.9241645e-17 

CM Pos
7.50438        0.030010119   
7.507293       0.013132616   
7.4963536      0.015904019   
12.995043      0.025907797   

Stress
20.4975      0.0326238    -0.00583286   0.100933     0.0587985    0.0786717   
0.0326238    20.5112      -0.0199055    0.0587985    0.0665429    0.0822348   
-0.00583286  -0.0199055   20.59         0.0786717    0.0822348    0.144778    

Stress Spherical
0            0            0             0            0            0           
0            0            0             0            0            0           
0            0            0             0            0            0           

Inertia
150.019      -56.3059     -56.2694      0.359702     0.339024     0.286468    
-56.3059     149.994      -56.2469      0.339024     0.607987     0.144291    
-56.2694     -56.2469     150.133       0.286468     0.144291     0.754889    

Bond Length
0.57166193    0.0052715678

BB bond length
0.57166193    0.0052715678

Water EE distance
0             0           

PEG EE distance
2.2889958     0.095890974 

Time = 2000
Temperature
1.0127025     0.0054142347

Pressure
23.575396     0.061175656 

CM Mom
-2.2963102e-17 3.196026e-17  
1.9354822e-17  1.9455869e-17 
-7.0798119e-17 1.3124995e-17 
8.6248566e-17  6.9084243e-18 

CM Pos
7.4999316      0.015267076   
7.4969134      0.016273007   
7.4981329      0.019455776   
12.987499      0.020977088   

Stress
20.5849      0.0276351    -0.0109998    0.0352368    0.0896745    0.0637881   
0.0276351    20.5076      -0.00338707   0.0896745    0.131467     0.0829438   
-0.0109998   -0.00338707  20.5274       0.0637881    0.0829438    0.124929    

Stress Spherical
0            0            0             0            0            0           
0            0            0             0            0            0           
0            0            0             0            0            0           

Inertia
149.897      -56.2356     -56.249       0.501321     0.190828     0.198414    
-56.2356     149.938      -56.215       0.190828     0.428313     0.258829    
-56.249      -56.215      149.917       0.198414     0.258829     0.329868    

Bond Length
0.56979373    0.0030903564

BB bond length
0.56979373    0.0030903564

Water EE distance
0             0           

PEG EE distance
2.2996789     0.070374064 

Time = 3000
Temperature
1.0077656     0.0053926079

Pressure
23.560443     0.092661149 

CM Mom
-3.2352147e-17 1.252353e-17  
1.4925756e-17  8.4247871e-18 
-7.5722292e-17 3.0791896e-17 
8.5274902e-17  3.0123958e-17 

CM Pos
7.5030455      0.010940609   
7.5006204      0.013336131   
7.5053986      0.012687254   
12.995631      0.0066050537  

Stress
20.5457      0.00451512   0.0207005     0.119169     0.0623458    0.0619006   
0.00451512   20.529       0.0319401     0.0623458    0.0932978    0.107564    
0.0207005    0.0319401    20.5448       0.0619006    0.107564     0.115701    

Stress Spherical
0            0            0             0            0            0           
0            0            0             0            0            0           
0            0            0             0            0            0           

Inertia
150.057      -56.2834     -56.2723      0.264891     0.122416     0.0856045   
-56.2834     150.109      -56.2801      0.122416     0.0994861    0.147589    
-56.2723     -56.2801     150.031       0.0856045    0.147589     0.28485     

Bond Length
0.5691248     0.0052634623

BB bond length
0.5691248     0.0052634623

Water EE distance
0             0           

PEG EE distance
2.3393335     0.17898968  

