Time = 500
Temperature
    1.029035   0.042856283

Pressure
   22.804219    0.18688074

CM Mom
-3.9195967e-19 2.9609493e-17 
-5.9972575e-17 2.2488554e-17 
-1.8143231e-17 2.6581561e-17 
7.2158486e-17  2.8429379e-17 

CM Pos
7.5119476      0.035879549   
7.4918888      0.024083905   
7.4950827      0.013660045   
12.989833      0.017513057   

Stress
19.7273      -0.0168736   0.0011202     0.117847     0.0443039    0.0268792   
-0.0168736   19.6968      0.0291819     0.0443039    0.103872     0.0423325   
0.0011202    0.0291819    19.7392       0.0268792    0.0423325    0.135007    

Stress Spherical
0            0            0             0            0            0           
0            0            0             0            0            0           
0            0            0             0            0            0           

Inertia
149.438      -56.3089     -56.2843      0.350845     0.149023     0.351654    
-56.3089     149.756      -56.131       0.149023     0.712636     0.183279    
-56.2843     -56.131      149.746       0.351654     0.183279     0.255063    

Bond Length
0.61725386    0.0062618232

BB bond length
0.61725386    0.0062618232

Water EE distance
0             0           

PEG EE distance
3.4952988     0.16017864  

Time = 1000
Temperature
1.0120306     0.010768772 

Pressure
22.75534      0.10751333  

CM Mom
1.641784e-17   3.1230213e-17 
-7.2196885e-17 1.2149811e-17 
-1.5621912e-17 1.2345702e-17 
8.2146659e-17  1.5914358e-17 

CM Pos
7.5163977      0.015827111   
7.4812085      0.013445731   
7.5066531      0.010336977   
12.992879      0.013417186   

Stress
19.7205      0.0447732    -0.0470343    0.0896264    0.0375471    0.06479     
0.0447732    19.704       -0.019145     0.0375471    0.168276     0.0736786   
-0.0470343   -0.019145    19.7449       0.06479      0.0736786    0.110655    

Stress Spherical
0            0            0             0            0            0           
0            0            0             0            0            0           
0            0            0             0            0            0           

Inertia
149.411      -56.2421     -56.3945      0.334235     0.172756     0.186209    
-56.2421     149.994      -56.1806      0.172756     0.24022      0.132992    
-56.3945     -56.1806     149.649       0.186209     0.132992     0.260193    

Bond Length
0.61489397    0.0073136974

BB bond length
0.61489397    0.0073136974

Water EE distance
0             0           

PEG EE distance
3.4199636     0.099774588 

