Time = 1000
Temperature
   1.2460153    0.34589097

Pressure
   24.601452     1.9930021

CM Mom
-7.0161728e-18 2.1448354e-17 
3.0439021e-17  4.1974834e-17 
2.1341692e-16  3.9224604e-16 
3.9338672e-16  2.1874256e-16 

CM Pos
10.000837      0.014725171   
9.9962035      0.011853508   
10.002735      0.033941867   
17.32042       0.010294899   

Stress
20.8799      0.0200132    0.0140034     1.13517      0.0391435    0.0338899   
0.0200132    20.8398      0.00340995    0.0391435    1.10463      0.0447844   
0.0140034    0.00340995   20.8827       0.0338899    0.0447844    1.14272     

Stress Spherical
0            0            0             0            0            0           
0            0            0             0            0            0           
0            0            0             0            0            0           

Inertia
267.357      -99.9809     -100.03       5.9548       0.180343     0.266589    
-99.9809     267.448      -100.016      0.180343     5.73519      0.29854     
-100.03      -100.016     267.298       0.266589     0.29854      5.13518     

Bond Length
0.62762554    0.017974704 

BB bond length
0.62762554    0.017974704 

Water EE distance
0             0           

PEG EE distance
7.7104961     0.34200852  

BBB P2(x)
0.10654426    0.027433545 

BBB first bond length
0.62784588    0.018280172 

BBB second bond length
0.62779745    0.017920309 

BBB <phi**2>/<phi>**2
1.1284698     0.0083164336

Time = 2000
Temperature
1.0182527     0.0091330351

Pressure
23.039734     0.075943321 

CM Mom
-7.3421335e-18 3.3442412e-17 
6.7599252e-17  1.0652796e-17 
3.0422132e-17  1.7201658e-16 
1.6426433e-16  9.6891088e-17 

CM Pos
9.9987518      0.0077278458  
9.9998741      0.012541611   
10.000316      0.013222329   
17.319905      0.011440552   

Stress
20.0224      -0.01154     -0.00928935   0.0939241    0.0439978    0.0647917   
-0.01154     19.9773      0.0260525     0.0439978    0.0788256    0.0433153   
-0.00928935  0.0260525    19.9652       0.0647917    0.0433153    0.116889    

Stress Spherical
0            0            0             0            0            0           
0            0            0             0            0            0           
0            0            0             0            0            0           

Inertia
266.579      -100.002     -99.9919      1.33319      0.180825     0.154961    
-100.002     266.591      -99.9691      0.180825     1.47246      0.18897     
-99.9919     -99.9691     266.537       0.154961     0.18897      1.17411     

Bond Length
0.62237516    0.0013978104

BB bond length
0.62237516    0.0013978104

Water EE distance
0             0           

PEG EE distance
7.3289915     0.083007106 

BBB P2(x)
0.090478935   0.0041638664

BBB first bond length
0.62233719    0.0014107836

BBB second bond length
0.62252697    0.0013596746

BBB <phi**2>/<phi>**2
1.1224488     0.0028414331

Time = 3000
Temperature
1.0121569     0.0052393276

Pressure
22.973206     0.073794255 

CM Mom
3.0427632e-17  1.5848958e-17 
7.5089807e-17  3.0107277e-17 
3.5078607e-17  1.7240483e-16 
1.5456964e-16  1.2158996e-16 

CM Pos
10.001421      0.011366767   
9.9987896      0.0076731675  
9.9978969      0.014956826   
17.319424      0.011090108   

Stress
19.9253      0.000658036  -0.0175552    0.107518     0.044484     0.04997     
0.000658036  19.9569      -0.0318493    0.044484     0.0717998    0.0425084   
-0.0175552   -0.0318493   19.9379       0.04997      0.0425084    0.0847312   

Stress Spherical
0            0            0             0            0            0           
0            0            0             0            0            0           
0            0            0             0            0            0           

Inertia
266.489      -100.002     -99.9702      0.833882     0.176684     0.127057    
-100.002     266.567      -99.9148      0.176684     0.751597     0.17585     
-99.9702     -99.9148     266.583       0.127057     0.17585      0.516447    

Bond Length
0.62297478    0.0007020491

BB bond length
0.62297478    0.0007020491

Water EE distance
0             0           

PEG EE distance
6.8690259     0.13166207  

BBB P2(x)
0.077926949   0.005231533 

BBB first bond length
0.62297917    0.00075205499

BBB second bond length
0.62314797    0.0007261106

BBB <phi**2>/<phi>**2
1.1182343     0.0025115392

Time = 4000
Temperature
1.0115585     0.004758219 

Pressure
22.916562     0.070144439 

CM Mom
3.8307592e-17  1.2418691e-17 
6.4399442e-17  1.5257068e-17 
2.6167161e-18  2.3610718e-17 
8.0067747e-17  1.2459166e-17 

CM Pos
9.9990855      0.0083260874  
9.9987896      0.013456842   
10.003319      0.01046926    
17.321205      0.010656128   

Stress
19.8954      0.00220003   -0.00785082   0.0967505    0.0323138    0.0533961   
0.00220003   19.8812      0.0336972     0.0323138    0.0758763    0.0392518   
-0.00785082  0.0336972    19.8789       0.0533961    0.0392518    0.107977    

Stress Spherical
0            0            0             0            0            0           
0            0            0             0            0            0           
0            0            0             0            0            0           

Inertia
266.648      -99.9958     -100.03       0.349029     0.149002     0.138051    
-99.9958     266.651      -100.007      0.149002     0.396079     0.225908    
-100.03      -100.007     266.558       0.138051     0.225908     0.265345    

Bond Length
0.62312297    0.0012970846

BB bond length
0.62312297    0.0012970846

Water EE distance
0             0           

PEG EE distance
6.6427024     0.067844439 

BBB P2(x)
0.077525649   0.0054957324

BBB first bond length
0.62327413    0.0012908012

BBB second bond length
0.62319146    0.0013993712

BBB <phi**2>/<phi>**2
1.1198074     0.00212017  

Time = 5000
Temperature
1.0093469     0.0041698675

Pressure
22.938685     0.066443937 

CM Mom
3.2800644e-17  2.15191e-17   
5.448667e-17   1.3339263e-17 
9.0621538e-18  1.8454236e-17 
6.9296927e-17  1.7501554e-17 

CM Pos
10.00284       0.0094072948  
9.9981222      0.01880941    
10.002735      0.011253237   
17.322656      0.01039843    

Stress
19.9393      -0.0159494   -0.0299266    0.0642577    0.0532195    0.0440027   
-0.0159494   19.9         0.0267345     0.0532195    0.0744429    0.0417537   
-0.0299266   0.0267345    19.9025       0.0440027    0.0417537    0.0952981   

Stress Spherical
0            0            0             0            0            0           
0            0            0             0            0            0           
0            0            0             0            0            0           

Inertia
266.644      -100         -100.066      0.426441     0.194076     0.178692    
-100         266.739      -99.976       0.194076     0.266527     0.188569    
-100.066     -99.976      266.649       0.178692     0.188569     0.407963    

Bond Length
0.62289285    0.00092894042

BB bond length
0.62289285    0.00092894042

Water EE distance
0             0           

PEG EE distance
6.4650509     0.10789169  

BBB P2(x)
0.075759378   0.0035414043

BBB first bond length
0.62292888    0.00088637739

BBB second bond length
0.6231535     0.00092306333

BBB <phi**2>/<phi>**2
1.1176812     0.0015457445

Time = 6000
Temperature
1.010742      0.0061649737

Pressure
22.926337     0.046275092 

CM Mom
3.2494539e-17  2.7998237e-17 
3.3878844e-17  2.3942881e-17 
-8.1435188e-18 1.5066023e-17 
5.6409357e-17  2.5925283e-17 

CM Pos
9.9995026      0.0095541092  
9.9982056      0.0098500052  
9.9934754      0.010097026   
17.315426      0.0069984757  

Stress
19.8896      -0.00420338  0.0182665     0.116076     0.0812134    0.0539648   
-0.00420338  19.9073      0.00935018    0.0812134    0.072751     0.0364324   
0.0182665    0.00935018   19.8953       0.0539648    0.0364324    0.0810406   

Stress Spherical
0            0            0             0            0            0           
0            0            0             0            0            0           
0            0            0             0            0            0           

Inertia
266.477      -99.9988     -99.9263      0.254206     0.103292     0.133814    
-99.9988     266.506      -99.9148      0.103292     0.257805     0.154254    
-99.9263     -99.9148     266.581       0.133814     0.154254     0.240781    

Bond Length
0.62246429    0.00099772192

BB bond length
0.62246429    0.00099772192

Water EE distance
0             0           

PEG EE distance
6.071383      0.077993795 

BBB P2(x)
0.072305276   0.0069742508

BBB first bond length
0.62257545    0.0010195068

BBB second bond length
0.62249853    0.0010994764

BBB <phi**2>/<phi>**2
1.1178659     0.0037638208

Time = 7000
Temperature
1.0127472     0.0055840284

Pressure
22.916882     0.086912246 

CM Mom
6.9292847e-18  1.1558992e-17 
4.0081649e-17  1.9933375e-17 
-3.4373198e-18 1.6152333e-17 
4.7263843e-17  1.4978169e-17 

CM Pos
10.002089      0.008442298   
10.003128      0.010188627   
9.9932252      0.0096771502  
17.319615      0.010228581   

Stress
19.8662      -0.0134941   0.0121271     0.122058     0.0444702    0.0598647   
-0.0134941   19.8845      -0.00248571   0.0444702    0.0696977    0.060773    
0.0121271    -0.00248571  19.895        0.0598647    0.060773     0.112839    

Stress Spherical
0            0            0             0            0            0           
0            0            0             0            0            0           
0            0            0             0            0            0           

Inertia
266.566      -100.051     -99.9173      0.333174     0.147345     0.0994614   
-100.051     266.557      -99.931       0.147345     0.278487     0.147864    
-99.9173     -99.931      266.753       0.0994614    0.147864     0.27426     

Bond Length
0.62338616    0.0012209705

BB bond length
0.62338616    0.0012209705

Water EE distance
0             0           

PEG EE distance
6.0390723     0.06445734  

BBB P2(x)
0.072344361   0.0036869967

BBB first bond length
0.62340259    0.0012927276

BBB second bond length
0.62342388    0.001223147 

BBB <phi**2>/<phi>**2
1.1174194     0.0021059633

Time = 8000
Temperature
1.0099336     0.0055435042

Pressure
22.8989       0.05090702  

CM Mom
7.7017265e-18  2.3261431e-17 
5.9029976e-17  1.3644078e-17 
9.0838324e-18  9.5238948e-18 
6.4939079e-17  1.5074689e-17 

CM Pos
9.9996695      0.012680404   
9.9996238      0.0083673606  
9.99456        0.0106063     
17.316968      0.0075931311  

Stress
19.8818      0.00578408   -0.0179539    0.0621652    0.0614059    0.0623262   
0.00578408   19.8585      -0.0347628    0.0614059    0.105534     0.0291219   
-0.0179539   -0.0347628   19.8769       0.0623262    0.0291219    0.0530926   

Stress Spherical
0            0            0             0            0            0           
0            0            0             0            0            0           
0            0            0             0            0            0           

Inertia
266.528      -100.034     -99.9207      0.213249     0.13009      0.189748    
-100.034     266.538      -99.9241      0.13009      0.324543     0.131635    
-99.9207     -99.9241     266.636       0.189748     0.131635     0.213731    

Bond Length
0.62305603    0.00079612872

BB bond length
0.62305603    0.00079612872

Water EE distance
0             0           

PEG EE distance
6.0235323     0.044552885 

BBB P2(x)
0.067538337   0.0047277917

BBB first bond length
0.62326351    0.00084378131

BBB second bond length
0.62309497    0.00081260581

BBB <phi**2>/<phi>**2
1.1148812     0.0017887534

Time = 9000
Temperature
1.0099005     0.0043817053

Pressure
22.874611     0.049190432 

CM Mom
7.1250001e-18  2.331171e-17  
6.0715987e-17  2.1005506e-17 
7.1568957e-18  1.804945e-17  
6.7790568e-17  2.2434493e-17 

CM Pos
10.000921      0.013255972   
10.000625      0.011737571   
10.0009        0.0092821764  
17.321927      0.012343535   

Stress
19.8559      -0.00098517  0.0234637     0.0894137    0.0756979    0.0811415   
-0.00098517  19.8585      0.0428375     0.0756979    0.0730368    0.0437848   
0.0234637    0.0428375    19.8302       0.0811415    0.0437848    0.0946703   

Stress Spherical
0            0            0             0            0            0           
0            0            0             0            0            0           
0            0            0             0            0            0           

Inertia
266.679      -99.9968     -100.022      0.314036     0.241346     0.125169    
-99.9968     266.696      -100.018      0.241346     0.255118     0.204404    
-100.022     -100.018     266.695       0.125169     0.204404     0.38356     

Bond Length
0.62342125    0.00087104904

BB bond length
0.62342125    0.00087104904

Water EE distance
0             0           

PEG EE distance
6.2191509     0.13443594  

BBB P2(x)
0.071564413   0.0046752883

BBB first bond length
0.62349987    0.00090998133

BBB second bond length
0.62356426    0.00078504682

BBB <phi**2>/<phi>**2
1.1174532     0.001882129 

Time = 10000
Temperature
1.0099027     0.0050356989

Pressure
22.896314     0.065126705 

CM Mom
-1.5247969e-17 1.3915631e-17 
3.9140062e-17  1.1949812e-17 
1.6061279e-18  1.5902865e-17 
4.6064442e-17  1.5311294e-17 

CM Pos
10.00042       0.01226669    
9.9989564      0.013893492   
10.001901      0.0082145882  
17.321254      0.011049681   

Stress
19.8598      0.0161589    0.00866219    0.0688929    0.0681916    0.0344468   
0.0161589    19.8666      0.015584      0.0681916    0.118643     0.0526329   
0.00866219   0.015584     19.8833       0.0344468    0.0526329    0.0542182   

Stress Spherical
0            0            0             0            0            0           
0            0            0             0            0            0           
0            0            0             0            0            0           

Inertia
266.686      -100.014     -100.091      0.311074     0.170998     0.194974    
-100.014     266.709      -100.026      0.170998     0.290463     0.210931    
-100.091     -100.026     266.656       0.194974     0.210931     0.295864    

Bond Length
0.62323263    0.0012787118

BB bond length
0.62323263    0.0012787118

Water EE distance
0             0           

PEG EE distance
6.201012      0.080238553 

BBB P2(x)
0.076305691   0.0050999476

BBB first bond length
0.62331547    0.0012793467

BBB second bond length
0.62342806    0.0012211074

BBB <phi**2>/<phi>**2
1.1182133     0.0023015455

Time = 11000
Temperature
1.0111143     0.0025235338

Pressure
22.900977     0.064355237 

CM Mom
-7.7562559e-19 1.5208514e-17 
4.0486047e-17  1.0285442e-17 
1.5194713e-17  2.3759369e-17 
5.0748182e-17  1.4029246e-17 

CM Pos
10.002506      0.0083156325  
9.9974548      0.014896214   
9.9973964      0.008716081   
17.318989      0.012541449   

Stress
19.8634      -0.00930707  -0.0242864    0.098773     0.0343433    0.0620672   
-0.00930707  19.8973      -0.0118725    0.0343433    0.0732326    0.0372274   
-0.0242864   -0.0118725   19.852        0.0620672    0.0372274    0.0948922   

Stress Spherical
0            0            0             0            0            0           
0            0            0             0            0            0           
0            0            0             0            0            0           

Inertia
266.549      -99.9948     -99.9697      0.36679      0.212549     0.157612    
-99.9948     266.662      -99.9644      0.212549     0.265255     0.214536    
-99.9697     -99.9644     266.668       0.157612     0.214536     0.318743    

Bond Length
0.62354685    0.001079367 

BB bond length
0.62354685    0.001079367 

Water EE distance
0             0           

PEG EE distance
5.986124      0.09491262  

BBB P2(x)
0.077053434   0.0033762589

BBB first bond length
0.62356733    0.0010783251

BBB second bond length
0.62365024    0.0011519516

BBB <phi**2>/<phi>**2
1.1198077     0.0018288017

Time = 12000
Temperature
1.0090328     0.0054679423

Pressure
22.903407     0.044421766 

CM Mom
1.6272566e-17  1.4491285e-17 
5.0315577e-17  6.8227128e-18 
-3.7443515e-18 1.6286222e-17 
5.7060003e-17  8.7417201e-18 

CM Pos
10.002005      0.0092881726  
10.000041      0.011415644   
9.9953942      0.016999615   
17.319042      0.01168446    

Stress
19.8733      -0.000891436 0.0148778     0.0850001    0.0476782    0.0439306   
-0.000891436 19.8752      0.00846476    0.0476782    0.0904413    0.0500955   
0.0148778    0.00846476   19.8903       0.0439306    0.0500955    0.0746347   

Stress Spherical
0            0            0             0            0            0           
0            0            0             0            0            0           
0            0            0             0            0            0           

Inertia
266.556      -100.019     -99.9406      0.323675     0.169093     0.244051    
-100.019     266.603      -99.9602      0.169093     0.456069     0.132987    
-99.9406     -99.9602     266.696       0.244051     0.132987     0.341048    

Bond Length
0.62330322    0.00077441595

BB bond length
0.62330322    0.00077441595

Water EE distance
0             0           

PEG EE distance
5.8962054     0.081019996 

BBB P2(x)
0.069026034   0.0065925721

BBB first bond length
0.62338617    0.00074848508

BBB second bond length
0.62338802    0.00079958578

BBB <phi**2>/<phi>**2
1.1172737     0.0023951713

Time = 13000
Temperature
1.0100829     0.0042348407

Pressure
22.929913     0.057668736 

CM Mom
3.8530803e-17  1.6493431e-17 
5.4885742e-17  1.6463111e-17 
-3.3275663e-18 1.5496178e-17 
7.1427381e-17  1.3764747e-17 

CM Pos
10.004591      0.0045700662  
9.9997073      0.011788747   
10.001651      0.009774824   
17.323949      0.0074455452  

Stress
19.9021      -0.00466971  -0.00230702   0.0648722    0.0422716    0.0549249   
-0.00466971  19.8871      -0.0222474    0.0422716    0.0727726    0.0464081   
-0.00230702  -0.0222474   19.9196       0.0549249    0.0464081    0.077643    

Stress Spherical
0            0            0             0            0            0           
0            0            0             0            0            0           
0            0            0             0            0            0           

Inertia
266.687      -100.073     -100.029      0.268815     0.140775     0.148783    
-100.073     266.793      -100.017      0.140775     0.217137     0.138708    
-100.029     -100.017     266.765       0.148783     0.138708     0.235375    

Bond Length
0.62333681    0.00085396776

BB bond length
0.62333681    0.00085396776

Water EE distance
0             0           

PEG EE distance
5.9877324     0.083936469 

BBB P2(x)
0.07285041    0.003750393 

BBB first bond length
0.62344345    0.00092008168

BBB second bond length
0.62348091    0.00087675545

BBB <phi**2>/<phi>**2
1.1168404     0.0013883226

Time = 14000
Temperature
1.0122474     0.0027429684

Pressure
22.932781     0.053110506 

CM Mom
4.484834e-17   1.8382096e-17 
4.9043398e-17  1.2400829e-17 
-6.4018199e-18 9.4832663e-18 
6.9487584e-17  1.451557e-17  

CM Pos
9.998001       0.010794912   
9.9952024      0.0059698976  
10.001818      0.012302947   
17.31764       0.010693922   

Stress
19.8952      0.00550393   -0.0301382    0.110436     0.0674564    0.0451317   
0.00550393   19.883       -0.00505738   0.0674564    0.0617213    0.0383811   
-0.0301382   -0.00505738  19.9198       0.0451317    0.0383811    0.0754632   

Stress Spherical
0            0            0             0            0            0           
0            0            0             0            0            0           
0            0            0             0            0            0           

Inertia
266.597      -99.9382     -100.01       0.220095     0.14204      0.261206    
-99.9382     266.675      -99.9998      0.14204      0.360534     0.133538    
-100.01      -99.9998     266.537       0.261206     0.133538     0.239093    

Bond Length
0.6232464     0.0010399704

BB bond length
0.6232464     0.0010399704

Water EE distance
0             0           

PEG EE distance
5.994966      0.083763185 

BBB P2(x)
0.068768261   0.0053896399

BBB first bond length
0.62336801    0.0010379301

BBB second bond length
0.6233464     0.00090997594

BBB <phi**2>/<phi>**2
1.116608      0.0022347196

Time = 15000
Temperature
1.0114996     0.0058273684

Pressure
22.921255     0.065700397 

CM Mom
5.7799475e-17  1.1854918e-17 
4.8602474e-17  2.0603607e-17 
-6.8947841e-18 1.7630073e-17 
7.9250369e-17  1.8594732e-17 

CM Pos
10.001588      0.0068392179  
9.9936173      0.011873161   
10.001985      0.012519395   
17.318895      0.0077430749  

Stress
19.8754      0.0162673    0.0230508     0.0606072    0.0550985    0.0298676   
0.0162673    19.8802      -0.0221906    0.0550985    0.0799146    0.0577913   
0.0230508    -0.0221906   19.9145       0.0298676    0.0577913    0.0778293   

Stress Spherical
0            0            0             0            0            0           
0            0            0             0            0            0           
0            0            0             0            0            0           

Inertia
266.588      -99.9302     -100.038      0.321483     0.135485     0.174131    
-99.9302     266.737      -99.9541      0.135485     0.290651     0.161868    
-100.038     -99.9541     266.57        0.174131     0.161868     0.236132    

Bond Length
0.62308209    0.0010637456

BB bond length
0.62308209    0.0010637456

Water EE distance
0             0           

PEG EE distance
6.050076      0.060504358 

BBB P2(x)
0.073298412   0.0042809881

BBB first bond length
0.62314178    0.0010031162

BBB second bond length
0.62320114    0.0010804373

BBB <phi**2>/<phi>**2
1.1175374     0.0024350569

Time = 16000
Temperature
1.0100813     0.0045420395

Pressure
22.91091      0.069348219 

CM Mom
6.2752099e-17  2.0566561e-17 
4.8980649e-17  1.8265406e-17 
-4.3224093e-18 3.1213547e-17 
8.8255595e-17  1.7246944e-17 

CM Pos
9.9984181      0.010124559   
10.000959      0.009402855   
10.003069      0.007207345   
17.321925      0.0094464356  

Stress
19.8764      -0.0125125   -0.0268208    0.0928447    0.0524823    0.0448343   
-0.0125125   19.9004      -0.00751567   0.0524823    0.0864441    0.0609216   
-0.0268208   -0.00751567  19.875        0.0448343    0.0609216    0.0963847   

Stress Spherical
0            0            0             0            0            0           
0            0            0             0            0            0           
0            0            0             0            0            0           

Inertia
266.766      -99.9488     -99.9821      0.181644     0.189564     0.161628    
-99.9488     266.704      -100.037      0.189564     0.247973     0.107514    
-99.9821     -100.037     266.658       0.161628     0.107514     0.340849    

Bond Length
0.62291361    0.0008813275

BB bond length
0.62291361    0.0008813275

Water EE distance
0             0           

PEG EE distance
5.9780506     0.053693311 

BBB P2(x)
0.070302662   0.0046450619

BBB first bond length
0.62303324    0.0008689998

BBB second bond length
0.62292085    0.00089851038

BBB <phi**2>/<phi>**2
1.1170931     0.0017439076

Time = 17000
Temperature
1.0112379     0.0056629109

Pressure
22.936986     0.050811135 

CM Mom
4.7985227e-17  1.8183648e-17 
4.3775871e-17  1.2474434e-17 
1.694168e-17   1.9285326e-17 
7.1846483e-17  1.4219447e-17 

CM Pos
9.9997529      0.0062121262  
10.000708      0.0073965363  
10.0004        0.0088539245  
17.321008      0.0082276339  

Stress
19.8765      -0.00653568  0.0259581     0.0657115    0.0490816    0.0480194   
-0.00653568  19.924       0.000227735   0.0490816    0.0549454    0.0331859   
0.0259581    0.000227735  19.9192       0.0480194    0.0331859    0.0695462   

Stress Spherical
0            0            0             0            0            0           
0            0            0             0            0            0           
0            0            0             0            0            0           

Inertia
266.715      -100.019     -100.023      0.321411     0.122049     0.126925    
-100.019     266.683      -100.004      0.122049     0.240115     0.150288    
-100.023     -100.004     266.69        0.126925     0.150288     0.18774     

Bond Length
0.62345783    0.00068598325

BB bond length
0.62345783    0.00068598325

Water EE distance
0             0           

PEG EE distance
5.9306017     0.088924926 

BBB P2(x)
0.074539206   0.0083157311

BBB first bond length
0.62361349    0.00067713573

BBB second bond length
0.62354727    0.00073888355

BBB <phi**2>/<phi>**2
1.1174274     0.0035226114

Time = 18000
Temperature
1.0081011     0.0022866173

Pressure
22.912242     0.070685206 

CM Mom
5.0020007e-17  2.2529223e-17 
4.7402596e-17  2.3935054e-17 
4.5356644e-18  2.2622282e-17 
7.6617651e-17  2.2170595e-17 

CM Pos
10.004925      0.0083594553  
9.9989564      0.010290577   
9.9968958      0.011425089   
17.320964      0.010442374   

Stress
19.8757      -0.00723056  0.0016977     0.107122     0.0445935    0.0477812   
-0.00723056  19.894       0.0116513     0.0445935    0.101765     0.0451451   
0.0016977    0.0116513    19.9039       0.0477812    0.0451451    0.0660173   

Stress Spherical
0            0            0             0            0            0           
0            0            0             0            0            0           
0            0            0             0            0            0           

Inertia
266.578      -100.059     -100.053      0.374381     0.145287     0.185333    
-100.059     266.702      -99.9714      0.145287     0.347328     0.134515    
-100.053     -99.9714     266.748       0.185333     0.134515     0.232056    

Bond Length
0.6227947     0.0014467604

BB bond length
0.6227947     0.0014467604

Water EE distance
0             0           

PEG EE distance
5.7309312     0.091882936 

BBB P2(x)
0.074047662   0.0039421926

BBB first bond length
0.62291506    0.0015144443

BBB second bond length
0.62286977    0.0013644559

BBB <phi**2>/<phi>**2
1.1183392     0.0019418885

Time = 19000
Temperature
1.0095486     0.0029343258

Pressure
22.886178     0.07799455  

CM Mom
4.6560574e-17  2.1074694e-17 
5.8214234e-17  1.5528973e-17 
-7.4817566e-18 1.9651009e-17 
8.0022363e-17  1.6752201e-17 

CM Pos
10.004508      0.012276614   
9.996704       0.015661677   
9.9973129      0.0064732713  
17.319667      0.010000657   

Stress
19.8696      0.0241686    -0.00237189   0.0996025    0.0528742    0.0579828   
0.0241686    19.8469      0.00386103    0.0528742    0.0838422    0.059929    
-0.00237189  0.00386103   19.8659       0.0579828    0.059929     0.0821049   

Stress Spherical
0            0            0             0            0            0           
0            0            0             0            0            0           
0            0            0             0            0            0           

Inertia
266.553      -100.031     -100.008      0.357509     0.146278     0.0998099   
-100.031     266.714      -99.9609      0.146278     0.24565      0.166893    
-100.008     -99.9609     266.692       0.0998099    0.166893     0.297629    

Bond Length
0.6227269     0.00068871354

BB bond length
0.6227269     0.00068871354

Water EE distance
0             0           

PEG EE distance
5.7484806     0.12054718  

BBB P2(x)
0.071329609   0.0048513315

BBB first bond length
0.6227592     0.00061620599

BBB second bond length
0.62295152    0.00077083366

BBB <phi**2>/<phi>**2
1.1164095     0.0016148003

Time = 20000
Temperature
1.0152303     0.0059436711

Pressure
22.918906     0.047821577 

CM Mom
5.3796312e-17  1.9440224e-17 
7.7151562e-17  1.0494194e-17 
-1.7629317e-17 2.0037168e-17 
9.9538806e-17  1.1779822e-17 

CM Pos
9.9996695      0.013327966   
10.001459      0.01133335    
10.004154      0.0096169121  
17.323568      0.0079726975  

Stress
19.9208      0.00637453   0.00283141    0.0529094    0.0450029    0.0418413   
0.00637453   19.8681      -0.00579533   0.0450029    0.042628     0.0528202   
0.00283141   -0.00579533  19.8406       0.0418413    0.0528202    0.0802262   

Stress Spherical
0            0            0             0            0            0           
0            0            0             0            0            0           
0            0            0             0            0            0           

Inertia
266.759      -99.9916     -100.064      0.229135     0.223956     0.13028     
-99.9916     266.723      -100.06       0.223956     0.291819     0.123238    
-100.064     -100.06      266.674       0.13028      0.123238     0.328103    

Bond Length
0.62359153    0.00065057135

BB bond length
0.62359153    0.00065057135

Water EE distance
0             0           

PEG EE distance
5.6762011     0.073123435 

BBB P2(x)
0.070075682   0.0064201033

BBB first bond length
0.62363263    0.00060313715

BBB second bond length
0.62358984    0.00051161909

BBB <phi**2>/<phi>**2
1.1163418     0.002217827 

Time = 21000
Temperature
1.0113613     0.0039968101

Pressure
22.910963     0.041979574 

CM Mom
7.157463e-17   2.2408831e-17 
8.2406355e-17  2.1237626e-17 
-2.9850616e-17 3.2488715e-17 
1.1933217e-16  2.3944435e-17 

CM Pos
10.00042       0.01405411    
10.000458      0.011577576   
10.000817      0.00847028    
17.321494      0.012258897   

Stress
19.9186      -0.00875751  0.0185996     0.090107     0.0660312    0.0269526   
-0.00875751  19.8446      0.0144833     0.0660312    0.063255     0.0606089   
0.0185996    0.0144833    19.8772       0.0269526    0.0606089    0.0689436   

Stress Spherical
0            0            0             0            0            0           
0            0            0             0            0            0           
0            0            0             0            0            0           

Inertia
266.708      -100.017     -100.002      0.211073     0.232814     0.17109     
-100.017     266.697      -99.9906      0.232814     0.273911     0.126164    
-100.002     -99.9906     266.702       0.17109      0.126164     0.455967    

Bond Length
0.62327466    0.0008512196

BB bond length
0.62327466    0.0008512196

Water EE distance
0             0           

PEG EE distance
5.7259174     0.10454673  

BBB P2(x)
0.066605973   0.0057292766

BBB first bond length
0.6231843     0.00091159743

BBB second bond length
0.62342334    0.00089328642

BBB <phi**2>/<phi>**2
1.1156286     0.002195668 

Time = 22000
Temperature
1.0110425     0.0043187649

Pressure
22.916228     0.064906086 

CM Mom
7.334724e-17   2.1847377e-17 
8.833084e-17   1.4227714e-17 
-1.7794758e-17 1.9718679e-17 
1.191386e-16   1.9322619e-17 

CM Pos
10.001338      0.010115963   
10.002127      0.010059391   
9.9972295      0.011822644   
17.320916      0.0098767559  

Stress
19.8646      0.00870382   0.00810969    0.0867026    0.044165     0.0365467   
0.00870382   19.909       0.0185024     0.044165     0.0728968    0.0541117   
0.00810969   0.0185024    19.8856       0.0365467    0.0541117    0.0714326   

Stress Spherical
0            0            0             0            0            0           
0            0            0             0            0            0           
0            0            0             0            0            0           

Inertia
266.658      -100.033     -99.979       0.313516     0.139789     0.123444    
-100.033     266.627      -100.037      0.139789     0.212862     0.170736    
-99.979      -100.037     266.725       0.123444     0.170736     0.254359    

Bond Length
0.62344166    0.00040058838

BB bond length
0.62344166    0.00040058838

Water EE distance
0             0           

PEG EE distance
5.7289297     0.089444134 

BBB P2(x)
0.068668067   0.0097139444

BBB first bond length
0.62353139    0.00040651257

BBB second bond length
0.62362701    0.00043374624

BBB <phi**2>/<phi>**2
1.1167736     0.00347724  

Time = 23000
Temperature
1.0154832     0.005049628 

Pressure
22.934499     0.040822505 

CM Mom
9.0586169e-17  1.7969181e-17 
6.7398732e-17  1.755801e-17  
-2.3912701e-17 2.1465013e-17 
1.1847838e-16  1.9366377e-17 

CM Pos
10.000504      0.012542443   
10.002877      0.010679864   
9.9981472      0.0066115592  
17.321395      0.013577958   

Stress
19.8944      -0.00746494  -0.0033255    0.0689876    0.0589242    0.0642785   
-0.00746494  19.9098      -0.00234285   0.0589242    0.0379369    0.0545727   
-0.0033255   -0.00234285  19.8698       0.0642785    0.0545727    0.0558577   

Stress Spherical
0            0            0             0            0            0           
0            0            0             0            0            0           
0            0            0             0            0            0           

Inertia
266.686      -99.9448     -99.9901      0.319719     0.17611      0.199936    
-99.9448     266.636      -99.9802      0.17611      0.294882     0.153871    
-99.9901     -99.9802     266.743       0.199936     0.153871     0.365737    

Bond Length
0.6234052     0.0010055999

BB bond length
0.6234052     0.0010055999

Water EE distance
0             0           

PEG EE distance
5.5473531     0.068130693 

BBB P2(x)
0.070549021   0.0064047525

BBB first bond length
0.62352356    0.0010115456

BBB second bond length
0.62348003    0.0011006116

BBB <phi**2>/<phi>**2
1.1170442     0.0032759692

Time = 24000
Temperature
1.0107414     0.0065150723

Pressure
22.929436     0.055123551 

CM Mom
7.4271982e-17  1.5884701e-17 
7.2939949e-17  6.1515785e-18 
-4.290861e-17  1.179704e-17  
1.1389195e-16  1.1647815e-17 

CM Pos
9.9983347      0.010249919   
9.9972045      0.013028262   
9.9957279      0.0059902638  
17.315474      0.0057156163  

Stress
19.8908      0.0283975    0.00871784    0.074758     0.0708215    0.0683495   
0.0283975    19.9142      0.0064022     0.0708215    0.101902     0.0828128   
0.00871784   0.0064022    19.8965       0.0683495    0.0828128    0.0854848   

Stress Spherical
0            0            0             0            0            0           
0            0            0             0            0            0           
0            0            0             0            0            0           

Inertia
266.525      -99.9455     -99.9221      0.204274     0.0870074    0.140878    
-99.9455     266.553      -99.9464      0.0870074    0.358152     0.127909    
-99.9221     -99.9464     266.571       0.140878     0.127909     0.194851    

Bond Length
0.62286243    0.00082922834

BB bond length
0.62286243    0.00082922834

Water EE distance
0             0           

PEG EE distance
5.6553492     0.029810053 

BBB P2(x)
0.070962945   0.0036070002

BBB first bond length
0.62292195    0.000832847 

BBB second bond length
0.62285782    0.0007811942

BBB <phi**2>/<phi>**2
1.1162452     0.001967566 

Time = 25000
Temperature
1.0119905     0.0047191396

Pressure
22.925813     0.068937299 

CM Mom
7.333821e-17   1.2298894e-17 
6.3376234e-17  1.9987959e-17 
-1.4785974e-17 2.0590745e-17 
1.0185021e-16  1.4661484e-17 

CM Pos
10.003924      0.013317779   
10.001292      0.015459293   
10.002819      0.011487357   
17.325159      0.011910849   

Stress
19.9218      -0.000131939 0.0335445     0.104131     0.0304267    0.0422057   
-0.000131939 19.8701      -0.00547072   0.0304267    0.0869496    0.0450574   
0.0335445    -0.00547072  19.8874       0.0422057    0.0450574    0.0994522   

Stress Spherical
0            0            0             0            0            0           
0            0            0             0            0            0           
0            0            0             0            0            0           

Inertia
266.751      -100.054     -100.017      0.326821     0.141121     0.265807    
-100.054     266.793      -100.043      0.141121     0.453647     0.179433    
-100.017     -100.043     266.773       0.265807     0.179433     0.289697    

Bond Length
0.62276662    0.0009274928

BB bond length
0.62276662    0.0009274928

Water EE distance
0             0           

PEG EE distance
5.5380823     0.046349435 

BBB P2(x)
0.069974566   0.0043243625

BBB first bond length
0.62283362    0.0010138179

BBB second bond length
0.62292215    0.0010626906

BBB <phi**2>/<phi>**2
1.1161442     0.0015971514

Time = 26000
Temperature
1.0102558     0.0055734065

Pressure
22.915128     0.0533855   

CM Mom
7.0968092e-17  2.061654e-17  
3.4844859e-17  3.2550453e-17 
-1.7481764e-17 1.5888478e-17 
9.0332054e-17  1.1549194e-17 

CM Pos
10.007678      0.010224085   
9.9976217      0.0087272524  
10.000817      0.0082285554  
17.324046      0.007877026   

Stress
19.8697      0.0230177    0.0232025     0.10786      0.0566875    0.0449524   
0.0230177    19.9094      0.00185215    0.0566875    0.0728171    0.0496955   
0.0232025    0.00185215   19.8838       0.0449524    0.0496955    0.0766204   

Stress Spherical
0            0            0             0            0            0           
0            0            0             0            0            0           
0            0            0             0            0            0           

Inertia
266.652      -100.102     -100.111      0.269129     0.124189     0.139158    
-100.102     266.833      -99.9847      0.124189     0.269723     0.123426    
-100.111     -99.9847     266.776       0.139158     0.123426     0.304705    

Bond Length
0.62313003    0.0012704176

BB bond length
0.62313003    0.0012704176

Water EE distance
0             0           

PEG EE distance
5.5298155     0.059335849 

BBB P2(x)
0.069929317   0.0056598442

BBB first bond length
0.62319874    0.0013689566

BBB second bond length
0.62328743    0.0013393177

BBB <phi**2>/<phi>**2
1.1170685     0.00215484  

Time = 27000
Temperature
1.0104742     0.0044556974

Pressure
22.890012     0.058210492 

CM Mom
8.3974393e-17  3.1126999e-17 
5.3909539e-17  2.1254452e-17 
-2.8230132e-17 1.842931e-17  
1.0771581e-16  3.0207012e-17 

CM Pos
10.000671      0.0088539245  
10.000124      0.006549691   
9.9997322      0.0099494796  
17.320815      0.011442963   

Stress
19.8665      0.00020664   -0.0148215    0.0695731    0.0547034    0.0478534   
0.00020664   19.8517      -0.0041296    0.0547034    0.0663393    0.0474769   
-0.0148215   -0.0041296   19.8674       0.0478534    0.0474769    0.0700022   

Stress Spherical
0            0            0             0            0            0           
0            0            0             0            0            0           
0            0            0             0            0            0           

Inertia
266.659      -99.9786     -100.004      0.308804     0.143291     0.210558    
-99.9786     266.672      -100.001      0.143291     0.411373     0.126667    
-100.004     -100.001     266.68        0.210558     0.126667     0.240888    

Bond Length
0.62311977    0.0012457415

BB bond length
0.62311977    0.0012457415

Water EE distance
0             0           

PEG EE distance
5.4937761     0.068798889 

BBB P2(x)
0.069472023   0.0070650842

BBB first bond length
0.6231162     0.0012934072

BBB second bond length
0.62311656    0.0012895194

BBB <phi**2>/<phi>**2
1.1163345     0.0030856203

Time = 28000
Temperature
1.0072261     0.0073966168

Pressure
22.900442     0.068022195 

CM Mom
7.7068234e-17  1.8253564e-17 
7.1045428e-17  1.2036402e-17 
-1.5323974e-17 1.1866328e-17 
1.0779901e-16  1.4833761e-17 

CM Pos
10.000837      0.011449429   
10.001459      0.010933281   
10.000316      0.0076645462  
17.322024      0.0074447338  

Stress
19.8926      -0.014322    -0.00805732   0.0856427    0.0521219    0.0694952   
-0.014322    19.9114      -0.0165707    0.0521219    0.091635     0.032955    
-0.00805732  -0.0165707   19.8421       0.0694952    0.032955     0.102899    

Stress Spherical
0            0            0             0            0            0           
