Time = 1000
Temperature
   1.0614275    0.17891121

Pressure
   23.914354    0.60742375

CM Mom
3.0735016e-17  1.8184842e-17 
-1.5090456e-17 2.1152453e-17 
-6.4328426e-18 1.9134477e-17 
4.6052493e-17  1.5399853e-17 

CM Pos
7.5001646      0.016399813   
7.5033043      0.014688149   
7.5000775      0.016848265   
12.992449      0.015510954   

Stress
20.7396      0.0111503    -0.00885713   0.139473     0.0645877    0.0777544   
0.0111503    20.7434      -0.00462514   0.0645877    0.129713     0.0711329   
-0.00885713  -0.00462514  20.7082       0.0777544    0.0711329    0.147685    

Stress Spherical
0            0            0             0            0            0           
0            0            0             0            0            0           
0            0            0             0            0            0           

Inertia
150.053      -56.2736     -56.2567      0.322857     0.196541     0.212197    
-56.2736     150.001      -56.2681      0.196541     0.388544     0.167804    
-56.2567     -56.2681     150.048       0.212197     0.167804     0.283598    

Bond Length
0.57433456    0.034650389 

BB bond length
0.57433456    0.034650389 

Water EE distance
0             0           

PEG EE distance
2.3654874     0.77065631  

Time = 2000
Temperature
1.0085802     0.0073028483

Pressure
23.714509     0.086039835 

CM Mom
3.9104779e-17  2.09294e-17   
-4.2338774e-17 3.3089183e-17 
-8.444601e-18  2.8761735e-17 
7.2454313e-17  2.244127e-17  

CM Pos
7.5001794      0.014240594   
7.4993039      0.013103312   
7.4981662      0.010679022   
12.989036      0.012866302   

Stress
20.705       -0.00546701  -0.0040915    0.110951     0.0718627    0.0639234   
-0.00546701  20.6853      0.0195908     0.0718627    0.126647     0.069099    
-0.0040915   0.0195908    20.6769       0.0639234    0.069099     0.118147    

Stress Spherical
0            0            0             0            0            0           
0            0            0             0            0            0           
0            0            0             0            0            0           

Inertia
149.963      -56.2506     -56.2339      0.295758     0.176393     0.141692    
-56.2506     149.968      -56.2227      0.176393     0.268654     0.157079    
-56.2339     -56.2227     149.991       0.141692     0.157079     0.300791    

Bond Length
0.56925242    0.027508828 

BB bond length
0.56925242    0.027508828 

Water EE distance
0             0           

PEG EE distance
2.4281659     0.7760698   

Time = 3000
Temperature
1.0079656     0.0075137033

Pressure
23.725291     0.084922435 

CM Mom
2.1401539e-17  1.7174613e-17 
-2.112235e-17  2.437957e-17  
-3.0327058e-17 1.8110333e-17 
5.0579986e-17  2.1974757e-17 

CM Pos
7.5014388      0.013161284   
7.4972593      0.01378582    
7.4997515      0.013150113   
12.9895        0.012991863   

Stress
20.6938      -0.00154884  -0.00504542   0.119514     0.0686405    0.0794251   
-0.00154884  20.6985      0.00896927    0.0686405    0.124321     0.0800504   
-0.00504542  0.00896927   20.7127       0.0794251    0.0800504    0.109268    

Stress Spherical
0            0            0             0            0            0           
0            0            0             0            0            0           
0            0            0             0            0            0           

Inertia
149.95       -56.253      -56.269       0.321141     0.15651      0.150217    
-56.253      150.008      -56.2279      0.15651      0.234588     0.152906    
-56.269      -56.2279     149.973       0.150217     0.152906     0.283228    

Bond Length
0.5687685     0.028059968 

BB bond length
0.5687685     0.028059968 

Water EE distance
0             0           

PEG EE distance
2.4401755     0.78984611  

