Time = 1000
Temperature
   1.0778937    0.11739141

Pressure
   23.616711    0.57887247

CM Mom
-4.1893057e-18 7.1505792e-18 
-2.899221e-18  2.9777246e-17 
2.4574402e-17  1.9271822e-16 
1.5253568e-16  1.2426123e-16 

CM Pos
7.4993496      0.021401088   
7.5091033      0.033631646   
7.5052501      0.020479977   
12.998342      0.027645434   

Stress
20.395       0.0334906    0.00771537    0.286497     0.0843564    0.038225    
0.0334906    20.4402      0.0376148     0.0843564    0.220041     0.0634555   
0.00771537   0.0376148    20.3378       0.038225     0.0634555    0.270321    

Stress Spherical
0            0            0             0            0            0           
0            0            0             0            0            0           
0            0            0             0            0            0           

Inertia
150.284      -56.3078     -56.2401      1.33793      0.425179     0.194032    
-56.3078     150.128      -56.37        0.425179     1.16215      0.272737    
-56.2401     -56.37       150.201       0.194032     0.272737     1.79394     

Bond Length
0.61820549    0.00618576  

BB bond length
0.61820549    0.00618576  

Water EE distance
0             0           

PEG EE distance
6.76766       0.251311    

BBB P2(x)
0.47684488    0.060512168 

BBB first bond length
0.61823073    0.0062661724

BBB second bond length
0.61825466    0.0061219064

BBB <phi**2>/<phi>**2
1.215639      0.014529021 

Time = 2000
Temperature
1.0109825     0.0060668227

Pressure
23.225965     0.067209176 

CM Mom
-3.2130514e-18 1.5143606e-17 
3.1025787e-19  2.1050888e-17 
8.3428863e-18  3.0818979e-17 
3.7418758e-17  1.7382128e-17 

CM Pos
7.5045476      0.02442155    
7.5016776      0.017723118   
7.4963392      0.0081018901  
12.991882      0.022054673   

Stress
20.1428      -0.0215674   -0.0143046    0.0817879    0.0656639    0.0477552   
-0.0215674   20.2543      0.0122626     0.0656639    0.111684     0.0586687   
-0.0143046   0.0122626    20.2044       0.0477552    0.0586687    0.092723    

Stress Spherical
0            0            0             0            0            0           
0            0            0             0            0            0           
0            0            0             0            0            0           

Inertia
149.847      -56.2978     -56.2513      0.461983     0.310042     0.213274    
-56.2978     149.902      -56.236       0.310042     0.479473     0.161315    
-56.2513     -56.236      149.975       0.213274     0.161315     0.800473    

Bond Length
0.61738572    0.0026915444

BB bond length
0.61738572    0.0026915444

Water EE distance
0             0           

PEG EE distance
7.3766968     0.30049666  

BBB P2(x)
0.51360929    0.016356841 

BBB first bond length
0.61732831    0.0028192376

BBB second bond length
0.61769142    0.002751574 

BBB <phi**2>/<phi>**2
1.2278097     0.01240929  

Time = 3000
Temperature
1.009177      0.007133918 

Pressure
23.253518     0.079257836 

CM Mom
-2.0624866e-17 1.3716409e-17 
-2.1442968e-17 2.0473486e-17 
3.7806392e-17  1.8115045e-17 
5.4692748e-17  1.608325e-17  

CM Pos
7.49831        0.014624      
7.4936578      0.012602778   
7.509557       0.022158595   
12.991286      0.018919706   

Stress
20.2042      -0.014318    0.012968      0.0834391    0.0699583    0.0660069   
-0.014318    20.2617      -0.0246713    0.0699583    0.121088     0.0862366   
0.012968     -0.0246713   20.2344       0.0660069    0.0862366    0.104216    

Stress Spherical
0            0            0             0            0            0           
0            0            0             0            0            0           
0            0            0             0            0            0           

Inertia
150.007      -56.1812     -56.2935      0.379779     0.100104     0.249299    
-56.1812     150.07       -56.263       0.100104     0.42582      0.203438    
-56.2935     -56.263      149.845       0.249299     0.203438     0.237697    

Bond Length
0.61960284    0.0019589671

BB bond length
0.61960284    0.0019589671

Water EE distance
0             0           

PEG EE distance
7.2967842     0.068121502 

BBB P2(x)
0.51129827    0.015900421 

BBB first bond length
0.61924465    0.0019923504

BBB second bond length
0.61939711    0.0019468454

BBB <phi**2>/<phi>**2
1.2210926     0.0097243754

Time = 4000
Temperature
1.012192      0.0076395871

Pressure
23.241151     0.060699023 

CM Mom
-2.9101034e-17 1.0950728e-17 
-1.2022836e-18 1.5469888e-17 
3.3107455e-17  1.3877707e-17 
4.9111646e-17  9.1810716e-18 

CM Pos
7.5052902      0.0165945     
7.4993013      0.017950648   
7.4976759      0.015117178   
12.991713      0.016301007   

Stress
20.228       0.0213417    0.0439679     0.123435     0.0677671    0.0872144   
0.0213417    20.2313      0.0329148     0.0677671    0.0808455    0.0827141   
0.0439679    0.0329148    20.1769       0.0872144    0.0827141    0.0732967   

Stress Spherical
0            0            0             0            0            0           
0            0            0             0            0            0           
0            0            0             0            0            0           

Inertia
149.915      -56.2922     -56.2263      0.362024     0.160512     0.195393    
-56.2922     149.999      -56.2323      0.160512     0.387635     0.198629    
-56.2263     -56.2323     150.014       0.195393     0.198629     0.335665    

Bond Length
0.61978504    0.0019595894

BB bond length
0.61978504    0.0019595894

Water EE distance
0             0           

PEG EE distance
7.2475034     0.16193487  

BBB P2(x)
0.51525494    0.011162385 

BBB first bond length
0.61972311    0.0017880846

BBB second bond length
0.62013416    0.0018395287

BBB <phi**2>/<phi>**2
1.2199061     0.0077374712

Time = 5000
Temperature
1.0123463     0.0072333773

Pressure
23.228105     0.091131681 

CM Mom
-4.2356657e-17 1.4383751e-17 
8.8650896e-18  1.6287035e-17 
5.05833e-17    1.0388593e-17 
6.9405932e-17  1.3937207e-17 

CM Pos
7.5052902      0.015046981   
7.500935       0.010949886   
7.5045075      0.010975037   
12.99659       0.012105267   

Stress
20.1796      -0.0100874   -0.0145429    0.0872121    0.0890439    0.0663895   
-0.0100874   20.1871      0.0318098     0.0890439    0.0886763    0.0467289   
-0.0145429   0.0318098    20.2291       0.0663895    0.0467289    0.121489    

Stress Spherical
0            0            0             0            0            0           
0            0            0             0            0            0           
0            0            0             0            0            0           

Inertia
150.064      -56.2979     -56.2873      0.280651     0.115519     0.175909    
-56.2979     150.083      -56.2969      0.115519     0.299337     0.126842    
-56.2873     -56.2969     150.048       0.175909     0.126842     0.300076    

Bond Length
0.61808253    0.0024145534

BB bond length
0.61808253    0.0024145534

Water EE distance
0             0           

PEG EE distance
6.7779641     0.13802209  

BBB P2(x)
0.51455721    0.01324636  

BBB first bond length
0.61829528    0.0026940943

BBB second bond length
0.61806504    0.002448133 

BBB <phi**2>/<phi>**2
1.2195735     0.010474616 

Time = 6000
Temperature
1.008236      0.0096293179

Pressure
23.266948     0.089179746 

CM Mom
-4.3109081e-17 1.6455064e-17 
-3.5944844e-18 2.8666151e-17 
5.8124572e-17  1.7496632e-17 
8.0494014e-17  1.3005468e-17 

CM Pos
7.4977159      0.017065642   
7.5018261      0.01218908    
7.499161       0.011035163   
12.989651      0.0090701398  

Stress
20.2966      0.00283921   -0.00634299   0.070568     0.0528321    0.0784921   
0.00283921   20.256       -0.0120074    0.0528321    0.100564     0.0867543   
-0.00634299  -0.0120074   20.1965       0.0784921    0.0867543    0.180639    

Stress Spherical
0            0            0             0            0            0           
0            0            0             0            0            0           
0            0            0             0            0            0           

Inertia
150.025      -56.2385     -56.2311      0.123049     0.112356     0.207102    
-56.2385     149.949      -56.2463      0.112356     0.362769     0.088646    
-56.2311     -56.2463     149.999       0.207102     0.088646     0.284801    

Bond Length
0.61941823    0.0022858246

BB bond length
0.61941823    0.0022858246

Water EE distance
0             0           

PEG EE distance
6.7314888     0.15659611  

BBB P2(x)
0.51260394    0.0072711529

BBB first bond length
0.61918652    0.0024334683

BBB second bond length
0.61957007    0.0022448921

BBB <phi**2>/<phi>**2
1.2258991     0.0082769031

Time = 7000
Temperature
1.0058414     0.0069441719

Pressure
23.231495     0.061281595 

CM Mom
-1.9546795e-17 1.2568447e-17 
1.0019488e-17  2.1389947e-17 
7.906107e-17   1.4746681e-17 
8.5251922e-17  1.7268187e-17 

CM Pos
7.4969733      0.017325389   
7.4978162      0.010038769   
7.4996066      0.013300166   
12.987158      0.01635353    

Stress
20.1754      0.0114695    0.0086058     0.104365     0.0725424    0.0719627   
0.0114695    20.2511      0.00631832    0.0725424    0.113289     0.0702833   
0.0086058    0.00631832   20.2377       0.0719627    0.0702833    0.0846715   

Stress Spherical
0            0            0             0            0            0           
0            0            0             0            0            0           
0            0            0             0            0            0           

Inertia
149.976      -56.1796     -56.2391      0.195166     0.145969     0.202828    
-56.1796     149.952      -56.2556      0.145969     0.377518     0.133317    
-56.2391     -56.2556     149.911       0.202828     0.133317     0.28015     

Bond Length
0.61856071    0.0011082576

BB bond length
0.61856071    0.0011082576

Water EE distance
0             0           

PEG EE distance
6.5885128     0.14972175  

BBB P2(x)
0.506855      0.011531685 

BBB first bond length
0.61873186    0.0014295648

BBB second bond length
0.61844598    0.0012683447

BBB <phi**2>/<phi>**2
1.2261092     0.0097472942

Time = 8000
Temperature
1.0142302     0.006526631 

Pressure
23.260733     0.094323658 

CM Mom
-1.0470173e-17 1.736254e-17  
3.8058116e-18  1.8404729e-17 
8.8861262e-17  1.4757911e-17 
9.333423e-17   1.2928334e-17 

CM Pos
7.5032109      0.023905356   
7.5049449      0.016070515   
7.4993095      0.010263655   
12.994709      0.022069566   

Stress
20.1777      -0.0118748   -0.0131778    0.11429      0.0608909    0.0919825   
-0.0118748   20.2697      0.0390367     0.0608909    0.116987     0.0462048   
-0.0131778   0.0390367    20.2292       0.0919825    0.0462048    0.163778    

Stress Spherical
0            0            0             0            0            0           
0            0            0             0            0            0           
0            0            0             0            0            0           

Inertia
150.041      -56.309      -56.2452      0.269991     0.271361     0.262936    
-56.309      150.027      -56.3069      0.271361     0.455312     0.10057     
-56.2452     -56.3069     150.121       0.262936     0.10057      0.476313    

Bond Length
0.61928516    0.0016122162

BB bond length
0.61928516    0.0016122162

Water EE distance
0             0           

PEG EE distance
6.571782      0.17527095  

BBB P2(x)
0.51133148    0.0083520737

BBB first bond length
0.61945007    0.0015864147

BBB second bond length
0.61946801    0.001900839 

BBB <phi**2>/<phi>**2
1.2238408     0.0090164103

Time = 9000
Temperature
1.0116572     0.0080123235

Pressure
23.219967     0.11506933  

CM Mom
-1.9995007e-18 1.1402383e-17 
-5.0541529e-17 1.6106347e-17 
5.796326e-17   1.4950681e-17 
7.9858835e-17  1.2397655e-17 

CM Pos
7.4931119      0.011900665   
7.5024201      0.0085263565  
7.5015372      0.014747906   
12.988702      0.012277549   

Stress
20.187       -0.0306389   -0.0418128    0.132296     0.0817563    0.0788883   
-0.0306389   20.1566      0.000243021   0.0817563    0.164747     0.0837502   
-0.0418128   0.000243021  20.2339       0.0788883    0.0837502    0.15807     

Stress Spherical
0            0            0             0            0            0           
0            0            0             0            0            0           
0            0            0             0            0            0           

Inertia
150.032      -56.232      -56.2533      0.25386      0.116211     0.125672    
-56.232      149.902      -56.3148      0.116211     0.297895     0.162099    
-56.2533     -56.3148     149.913       0.125672     0.162099     0.200374    

Bond Length
0.61886926    0.0014048378

BB bond length
0.61886926    0.0014048378

Water EE distance
0             0           

PEG EE distance
6.7665843     0.11973251  

BBB P2(x)
0.50832125    0.009962552 

BBB first bond length
0.61875548    0.0016713872

BBB second bond length
0.61884697    0.0015215629

BBB <phi**2>/<phi>**2
1.226292      0.0092077748

Time = 10000
Temperature
1.0143653     0.0098184871

Pressure
23.218676     0.072301712 

CM Mom
-1.4630761e-17 1.6029202e-17 
-7.4037586e-17 2.8843887e-17 
4.8823157e-17  8.0286437e-18 
9.3255765e-17  2.3152761e-17 

CM Pos
7.5027654      0.015601837   
7.4972221      0.0079438094  
7.4979729      0.017068873   
12.989218      0.015838479   

Stress
20.2048      0.0159397    -0.0068673    0.114969     0.063284     0.0650201   
0.0159397    20.2016      0.00939405    0.063284     0.106487     0.0957252   
-0.0068673   0.00939405   20.1428       0.0650201    0.0957252    0.108873    

Stress Spherical
0            0            0             0            0            0           
0            0            0             0            0            0           
0            0            0             0            0            0           

Inertia
149.925      -56.29       -56.2461      0.425678     0.143515     0.17617     
-56.29       149.997      -56.193       0.143515     0.336368     0.220615    
-56.2461     -56.193      149.995       0.17617      0.220615     0.313924    

Bond Length
0.61866778    0.0022833615

BB bond length
0.61866778    0.0022833615

Water EE distance
0             0           

PEG EE distance
6.7752248     0.17318231  

BBB P2(x)
0.5105164     0.013487538 

BBB first bond length
0.61854134    0.0022394782

BBB second bond length
0.6187522     0.0024935935

BBB <phi**2>/<phi>**2
1.223565      0.0076838477

Time = 11000
Temperature
1.010715      0.0063151509

Pressure
23.226638     0.072475523 

CM Mom
-2.9649001e-18 1.0899707e-17 
-5.9074308e-17 1.2662879e-17 
5.2494587e-17  1.3316763e-17 
8.0715194e-17  1.3992566e-17 

CM Pos
7.5063298      0.011709151   
7.496034       0.013505056   
7.4954481      0.010112106   
12.989133      0.010440049   

Stress
20.1142      0.0272578    -0.0196955    0.141024     0.0735778    0.0818846   
0.0272578    20.2774      0.0242224     0.0735778    0.0565384    0.0618803   
-0.0196955   0.0242224    20.2143       0.0818846    0.0618803    0.0655769   

Stress Spherical
0            0            0             0            0            0           
0            0            0             0            0            0           
0            0            0             0            0            0           

Inertia
149.824      -56.2497     -56.2719      0.175299     0.134591     0.125701    
-56.2497     150.011      -56.1941      0.134591     0.308067     0.0966385   
-56.2719     -56.1941     150.008       0.125701     0.0966385    0.201163    

Bond Length
0.61840552    0.0020735721

BB bond length
0.61840552    0.0020735721

Water EE distance
0             0           

PEG EE distance
7.0737365     0.1997594   

BBB P2(x)
0.52161481    0.014315663 

BBB first bond length
0.61817259    0.0022046547

BBB second bond length
0.6181051     0.0021941698

BBB <phi**2>/<phi>**2
1.2334547     0.010636627 

Time = 12000
Temperature
1.0057126     0.0063210765

Pressure
23.301565     0.043391674 

CM Mom
-8.8317692e-18 1.3710541e-17 
-3.8797073e-17 1.9561331e-17 
6.2926424e-17  1.5013782e-17 
7.8121376e-17  1.5363488e-17 

CM Pos
7.5023199      0.011661017   
7.4990043      0.011702556   
7.5010917      0.01075067    
12.991787      0.010437379   

Stress
20.2593      -0.0148576   -0.0204682    0.140603     0.0622364    0.0568954   
-0.0148576   20.2896      -0.0139244    0.0622364    0.127229     0.053167    
-0.0204682   -0.0139244   20.3268       0.0568954    0.053167     0.101643    

Stress Spherical
0            0            0             0            0            0           
0            0            0             0            0            0           
0            0            0             0            0            0           

Inertia
149.997      -56.2679     -56.2972      0.319659     0.122824     0.157446    
-56.2679     150.055      -56.2523      0.122824     0.22844      0.187652    
-56.2972     -56.2523     150.015       0.157446     0.187652     0.226237    

Bond Length
0.61725306    0.0031453664

BB bond length
0.61725306    0.0031453664

Water EE distance
0             0           

PEG EE distance
7.278746      0.13520424  

BBB P2(x)
0.516024      0.0094542322

BBB first bond length
0.61714114    0.0031486953

BBB second bond length
0.61757202    0.0030631682

BBB <phi**2>/<phi>**2
1.2274564     0.0086566049

Time = 13000
Temperature
1.0124387     0.007533502 

Pressure
23.252179     0.095759116 

CM Mom
2.0766392e-17  3.3829789e-17 
-2.9878877e-17 1.467723e-17  
5.06542e-17    2.3069434e-17 
7.2099973e-17  2.4155885e-17 

CM Pos
7.4977159      0.017078562   
7.4941033      0.0088910671  
7.503765       0.011784258   
12.987843      0.016453568   

Stress
20.1961      -0.00501005  0.00915694    0.0934726    0.100001     0.0355294   
-0.00501005  20.2318      -0.0138288    0.100001     0.105823     0.0385613   
0.00915694   -0.0138288   20.2393       0.0355294    0.0385613    0.111349    

Stress Spherical
0            0            0             0            0            0           
0            0            0             0            0            0           
0            0            0             0            0            0           

Inertia
149.943      -56.1967     -56.2586      0.266461     0.139812     0.239183    
-56.1967     150.012      -56.2293      0.139812     0.444024     0.108743    
-56.2586     -56.2293     149.871       0.239183     0.108743     0.250053    

Bond Length
0.61904876    0.0021608185

BB bond length
0.61904876    0.0021608185

Water EE distance
0             0           

PEG EE distance
7.3742055     0.15043802  

BBB P2(x)
0.51494667    0.018349989 

BBB first bond length
0.61865927    0.0018913336

BBB second bond length
0.61894817    0.0022775142

BBB <phi**2>/<phi>**2
1.2250842     0.0052621206

Time = 14000
Temperature
1.0096562     0.0056243602

Pressure
23.242013     0.10945859  

CM Mom
1.9760458e-17  2.9066535e-17 
-4.8553845e-17 1.5858961e-17 
5.581234e-17   9.038503e-18  
8.2786679e-17  1.3689388e-17 

CM Pos
7.4997951      0.017794534   
7.496331       0.011889539   
7.4923293      0.011963514   
12.983733      0.013381269   

Stress
20.1991      0.00445856   -0.0109505    0.168361     0.0876577    0.0452273   
0.00445856   20.191       0.0200441     0.0876577    0.0934787    0.0534153   
-0.0109505   0.0200441    20.2715       0.0452273    0.0534153    0.166047    

Stress Spherical
0            0            0             0            0            0           
0            0            0             0            0            0           
0            0            0             0            0            0           

Inertia
149.827      -56.2298     -56.1951      0.280785     0.156512     0.163443    
-56.2298     149.9        -56.1701      0.156512     0.306117     0.150237    
-56.1951     -56.1701     149.957       0.163443     0.150237     0.314147    

Bond Length
0.61886451    0.0016280031

BB bond length
0.61886451    0.0016280031

Water EE distance
0             0           

PEG EE distance
7.0627702     0.11811032  

BBB P2(x)
0.5101728     0.015382253 

BBB first bond length
0.6189078     0.0016212712

BBB second bond length
0.618847      0.0014688219

BBB <phi**2>/<phi>**2
1.2252398     0.011072    

Time = 15000
Temperature
1.0166385     0.0086620277

Pressure
23.252566     0.091512012 

CM Mom
-8.5336716e-18 2.3627653e-17 
-4.5619724e-17 9.7068048e-18 
3.3132463e-17  3.2024406e-17 
6.8413691e-17  1.5791147e-17 

CM Pos
7.4969733      0.011981937   
7.4954399      0.013935885   
7.4990125      0.018905188   
12.985451      0.013175528   

Stress
20.2596      -0.0175442   0.016952      0.0844328    0.0413242    0.0769479   
-0.0175442   20.2096      0.0321295     0.0413242    0.13129      0.0938861   
0.016952     0.0321295    20.1614       0.0769479    0.0938861    0.130294    

Stress Spherical
0            0            0             0            0            0           
0            0            0             0            0            0           
0            0            0             0            0            0           

Inertia
149.906      -56.1918     -56.2685      0.410094     0.16201      0.10487     
-56.1918     149.948      -56.1875      0.16201      0.267042     0.246936    
-56.2685     -56.1875     149.887       0.10487      0.246936     0.160314    

Bond Length
0.61807956    0.0021440724

BB bond length
0.61807956    0.0021440724

Water EE distance
0             0           

PEG EE distance
7.0948291     0.10675789  

BBB P2(x)
0.49783164    0.010560824 

BBB first bond length
0.61795141    0.0020850229

BBB second bond length
0.6181496     0.0021123131

BBB <phi**2>/<phi>**2
1.22195       0.0092116662

Time = 16000
Temperature
1.0081278     0.0082433303

Pressure
23.265175     0.047765927 

CM Mom
-1.7827049e-17 1.4488217e-17 
-5.023292e-17  2.2696801e-17 
6.8538959e-17  8.3871057e-18 
9.0320135e-17  1.32819e-17   

CM Pos
7.5049931      0.010182748   
7.500935       0.018665664   
7.5022798      0.011500076   
12.995139      0.01002722    

Stress
20.1988      0.0131417    -0.0269805    0.0926568    0.0839541    0.0827746   
0.0131417    20.286       0.00474901    0.0839541    0.0984882    0.0791284   
-0.0269805   0.00474901   20.26         0.0827746    0.0791284    0.152074    

Stress Spherical
0            0            0             0            0            0           
0            0            0             0            0            0           
0            0            0             0            0            0           

Inertia
150.056      -56.3036     -56.2945      0.283433     0.124005     0.125661    
-56.3036     150.095      -56.2487      0.124005     0.2159       0.228846    
-56.2945     -56.2487     150.073       0.125661     0.228846     0.214789    

Bond Length
0.61813646    0.0014893786

BB bond length
0.61813646    0.0014893786

Water EE distance
0             0           

PEG EE distance
7.4283634     0.18272074  

BBB P2(x)
0.50699935    0.0094401433

BBB first bond length
0.61815389    0.0013960384

BBB second bond length
0.6182473     0.0016471083

BBB <phi**2>/<phi>**2
1.226495      0.012985468 

Time = 17000
Temperature
1.0089923     0.0064411646

Pressure
23.246254     0.090810652 

CM Mom
-6.0830603e-17 1.3564799e-17 
-6.3936342e-17 2.9397304e-17 
7.9084377e-17  1.1044571e-17 
1.223083e-16   1.5919347e-17 

CM Pos
7.4963793      0.0086916088  
7.50643        0.017312653   
7.4957452      0.01583199    
12.989567      0.012350631   

Stress
20.2157      0.0129815    0.00428079    0.118458     0.0546175    0.0654616   
0.0129815    20.2418      -0.0135091    0.0546175    0.177818     0.0818263   
0.00428079   -0.0135091   20.2227       0.0654616    0.0818263    0.0983777   

Stress Spherical
0            0            0             0            0            0           
0            0            0             0            0            0           
0            0            0             0            0            0           

Inertia
150.025      -56.2528     -56.1967      0.30504      0.150719     0.185689    
-56.2528     149.866      -56.2871      0.150719     0.37082      0.173348    
-56.1967     -56.2871     150.025       0.185689     0.173348     0.249596    

Bond Length
0.61934518    0.0021517816

BB bond length
0.61934518    0.0021517816

Water EE distance
0             0           

PEG EE distance
7.4170823     0.19015636  

BBB P2(x)
0.50800207    0.011769686 

BBB first bond length
0.61920274    0.0022199778

BBB second bond length
0.61932697    0.0019362688

BBB <phi**2>/<phi>**2
1.2211992     0.0066257054

Time = 18000
Temperature
1.0068918     0.0058138494

Pressure
23.204679     0.08185029  

CM Mom
-6.7063516e-17 1.4966024e-17 
-2.4255797e-17 1.8528277e-17 
7.9973981e-17  1.9133846e-17 
1.1005313e-16  1.7418055e-17 

CM Pos
7.5076664      0.0089958818  
7.5044994      0.010421468   
7.4905471      0.017184779   
12.991969      0.009238041   

Stress
20.2384      -0.0405768   -0.0362143    0.0914848    0.0786874    0.0638606   
-0.0405768   20.1508      -0.00433345   0.0786874    0.0975792    0.0728694   
-0.0362143   -0.00433345  20.1852       0.0638606    0.0728694    0.083163    

Stress Spherical
0            0            0             0            0            0           
0            0            0             0            0            0           
0            0            0             0            0            0           

Inertia
149.923      -56.3385     -56.229       0.281969     0.0829124    0.151091    
-56.3385     149.958      -56.2379      0.0829124    0.253116     0.120313    
-56.229      -56.2379     150.157       0.151091     0.120313     0.192357    

Bond Length
0.61931215    0.0036930435

BB bond length
0.61931215    0.0036930435

Water EE distance
0             0           

PEG EE distance
7.2408047     0.082697033 

BBB P2(x)
0.50447362    0.014292307 

BBB first bond length
0.61902634    0.0035870934

BBB second bond length
0.61900819    0.0035170663

BBB <phi**2>/<phi>**2
1.2230664     0.0059358629

Time = 19000
Temperature
1.0114015     0.010719282 

Pressure
23.234557     0.11435082  

CM Mom
-4.616027e-17  2.8574328e-17 
-3.1037604e-17 2.2955101e-17 
7.459627e-17   2.4669308e-17 
9.9689338e-17  2.5937355e-17 

CM Pos
7.4974189      0.010726022   
7.5007865      0.015253712   
7.5021313      0.010481614   
12.990588      0.012129226   

Stress
20.2281      -0.0294173   0.0319175     0.116861     0.0794785    0.0630365   
-0.0294173   20.1779      -0.00570706   0.0794785    0.146579     0.0492339   
0.0319175    -0.00570706  20.2176       0.0630365    0.0492339    0.140307    

Stress Spherical
0            0            0             0            0            0           
0            0            0             0            0            0           
0            0            0             0            0            0           

Inertia
150.026      -56.2501     -56.2416      0.266307     0.167028     0.1152      
-56.2501     150.002      -56.282       0.167028     0.213996     0.177357    
-56.2416     -56.282      149.966       0.1152       0.177357     0.279834    

Bond Length
0.61801802    0.002248786 

BB bond length
0.61801802    0.002248786 

Water EE distance
0             0           

PEG EE distance
7.4464425     0.14081061  

BBB P2(x)
0.50793735    0.010045671 

BBB first bond length
0.61799907    0.0021572261

BBB second bond length
0.61788291    0.0024474359

BBB <phi**2>/<phi>**2
1.2251262     0.0092222732

Time = 20000
Temperature
1.0155965     0.0088140162

Pressure
23.213129     0.06718095  

CM Mom
-5.4158136e-17 2.6339049e-17 
-2.6840741e-17 2.3294939e-17 
8.2846958e-17  1.350728e-17  
1.0853222e-16  1.252002e-17  

CM Pos
7.5030624      0.013579164   
7.510737       0.0085779381  
7.5004976      0.012709956   
12.99865       0.009441893   

Stress
20.1885      0.015518     0.014142      0.109635     0.0533347    0.0845169   
0.015518     20.1237      -0.0252004    0.0533347    0.123828     0.0933334   
0.014142     -0.0252004   20.2094       0.0845169    0.0933334    0.0721905   

Stress Spherical
0            0            0             0            0            0           
0            0            0             0            0            0           
0            0            0             0            0            0           

Inertia
150.166      -56.3417     -56.2796      0.193314     0.172328     0.150081    
-56.3417     150.061      -56.3638      0.172328     0.187701     0.134609    
-56.2796     -56.3638     150.192       0.150081     0.134609     0.291066    

Bond Length
0.61878536    0.0021106412

BB bond length
0.61878536    0.0021106412

Water EE distance
0             0           

PEG EE distance
7.178347      0.14696442  

BBB P2(x)
0.50328604    0.01208652  

BBB first bond length
0.61900492    0.0019186177

BBB second bond length
0.61866904    0.0024166923

BBB <phi**2>/<phi>**2
1.2258567     0.011029342 

Time = 21000
Temperature
1.010857      0.008420913 

Pressure
23.175381     0.068670539 

CM Mom
-5.2529763e-17 1.8924904e-17 
-3.5601884e-17 2.398121e-17  
5.4005755e-17  1.5561035e-17 
8.9323585e-17  1.1839977e-17 

CM Pos
7.4905872      0.011995735   
7.4990043      0.015863305   
7.5015372      0.016697852   
12.985278      0.015550922   

Stress
20.144       0.0239589    0.0285536     0.0764835    0.11444      0.082472    
0.0239589    20.1932      0.0134682     0.11444      0.143986     0.0493915   
0.0285536    0.0134682    20.1137       0.082472     0.0493915    0.0794142   

Stress Spherical
0            0            0             0            0            0           
0            0            0             0            0            0           
0            0            0             0            0            0           

Inertia
150.03       -56.1955     -56.2053      0.31392      0.157909     0.218669    
-56.1955     149.903      -56.2983      0.157909     0.383562     0.118843    
-56.2053     -56.2983     149.835       0.218669     0.118843     0.272327    

Bond Length
0.61909035    0.0014979956

BB bond length
0.61909035    0.0014979956

Water EE distance
0             0           

PEG EE distance
7.2165378     0.19294263  

BBB P2(x)
0.5044097     0.01256461  

BBB first bond length
0.61919566    0.001238393 

BBB second bond length
0.61898372    0.0014905652

BBB <phi**2>/<phi>**2
1.2239347     0.0086377126

Time = 22000
Temperature
1.0057001     0.0096777399

Pressure
23.228348     0.099631289 

CM Mom
-5.4704213e-17 1.1132202e-17 
-3.8172985e-17 1.6172834e-17 
5.3417804e-17  1.5764334e-17 
8.8461979e-17  1.0567328e-17 

CM Pos
7.498904       0.0086292113  
7.4984102      0.0060600611  
7.498864       0.011451063   
12.988182      0.0075319709  

Stress
20.1926      -0.00263373  0.0339084     0.133488     0.0741083    0.0588614   
-0.00263373  20.2484      0.0131756     0.0741083    0.11824      0.0766906   
0.0339084    0.0131756    20.215        0.0588614    0.0766906    0.175347    

Stress Spherical
0            0            0             0            0            0           
0            0            0             0            0            0           
0            0            0             0            0            0           

Inertia
149.989      -56.2773     -56.2147      0.164809     0.104503     0.124049    
-56.2773     150.008      -56.199       0.104503     0.23923      0.115157    
-56.2147     -56.199      149.948       0.124049     0.115157     0.139016    

Bond Length
0.61818867    0.0022845986

BB bond length
0.61818867    0.0022845986

Water EE distance
0             0           

PEG EE distance
6.8721563     0.17053818  

BBB P2(x)
0.51219708    0.0071578671

BBB first bond length
0.61819472    0.0023050471

BBB second bond length
0.61827778    0.002594169 

BBB <phi**2>/<phi>**2
1.2277334     0.01045128  

Time = 23000
Temperature
1.0094084     0.0086571317

Pressure
23.217561     0.084861879 

CM Mom
-5.0417522e-17 1.668646e-17  
-6.5945187e-17 1.9965249e-17 
4.4955513e-17  1.6611372e-17 
9.6863032e-17  2.1959787e-17 

CM Pos
7.5075179      0.0089848417  
7.4941033      0.006940587   
7.5091115      0.012882326   
12.996587      0.013159192   

Stress
20.2032      0.0453354    0.0352972     0.123634     0.0627656    0.0881452   
0.0453354    20.1605      -0.000541608  0.0627656    0.143618     0.0483206   
0.0352972    -0.000541608 20.2267       0.0881452    0.0483206    0.16396     

Stress Spherical
0            0            0             0            0            0           
0            0            0             0            0            0           
0            0            0             0            0            0           

Inertia
150.054      -56.2621     -56.3601      0.276617     0.0705878    0.116238    
-56.2621     150.276      -56.295       0.0705878    0.258226     0.132614    
-56.3601     -56.295      150.006       0.116238     0.132614     0.221465    

Bond Length
0.61782629    0.0022879507

BB bond length
0.61782629    0.0022879507

Water EE distance
0             0           

PEG EE distance
6.4172619     0.14909647  

BBB P2(x)
0.513953      0.014066413 

BBB first bond length
0.61785201    0.0024227853

BBB second bond length
0.61786328    0.0023466072

BBB <phi**2>/<phi>**2
1.2268502     0.0058906667

Time = 24000
Temperature
1.0098239     0.0055880618

Pressure
23.227447     0.0692775   

CM Mom
-3.3673971e-17 1.3622169e-17 
-8.9422144e-17 1.0715883e-17 
5.4900185e-17  1.2150252e-17 
1.1156588e-16  1.2056701e-17 

CM Pos
7.498904       0.016773633   
7.5049449      0.0069167115  
7.4976759      0.02246505    
12.991277      0.021151295   

Stress
20.2343      0.0429254    0.0139383     0.0888721    0.0562676    0.0517128   
0.0429254    20.2251      -0.0346209    0.0562676    0.088142     0.0916741   
0.0139383    -0.0346209   20.157        0.0517128    0.0916741    0.0943887   

Stress Spherical
0            0            0             0            0            0           
0            0            0             0            0            0           
0            0            0             0            0            0           

Inertia
150.045      -56.2679     -56.2426      0.317739     0.135597     0.281123    
-56.2679     149.965      -56.2755      0.135597     0.585545     0.158485    
-56.2426     -56.2755     150.051       0.281123     0.158485     0.276734    

Bond Length
0.61752547    0.0022348007

BB bond length
0.61752547    0.0022348007

Water EE distance
0             0           

PEG EE distance
6.6781757     0.22339167  

BBB P2(x)
0.50030375    0.0075726715

BBB first bond length
0.6172396     0.0021883441

BBB second bond length
0.61756097    0.001965592 

BBB <phi**2>/<phi>**2
1.2191835     0.00705655  

Time = 25000
Temperature
1.0090418     0.0084833363

Pressure
23.247205     0.080912626 

CM Mom
-5.9666793e-17 1.2709647e-17 
-8.664109e-17  8.9221112e-18 
4.4971109e-17  1.0654732e-17 
1.1549368e-16  1.025077e-17  

CM Pos
7.5009832      0.011716683   
7.5031627      0.015406224   
7.5013887      0.0069278636  
12.993589      0.0096672038  

Stress
20.1678      -0.0275573   -0.0038371    0.130932     0.0824567    0.07207     
-0.0275573   20.2359      -0.0149061    0.0824567    0.0720343    0.0709724   
-0.0038371   -0.0149061   20.279        0.07207      0.0709724    0.102982    

Stress Spherical
0            0            0             0            0            0           
0            0            0             0            0            0           
0            0            0             0            0            0           

Inertia
150.061      -56.2951     -56.2502      0.142331     0.160443     0.116252    
-56.2951     150.034      -56.271       0.160443     0.230862     0.0834618   
-56.2502     -56.271      150.054       0.116252     0.0834618    0.218021    

Bond Length
0.61895741    0.0020548488

BB bond length
0.61895741    0.0020548488

Water EE distance
0             0           

PEG EE distance
6.7581273     0.20801364  

BBB P2(x)
0.51231204    0.008584411 

BBB first bond length
0.61908894    0.0022337563

BBB second bond length
0.61889945    0.0021785257

BBB <phi**2>/<phi>**2
1.2260488     0.0053814569

Time = 26000
Temperature
1.0102143     0.010107733 

Pressure
23.223288     0.081111758 

CM Mom
-5.9239055e-17 1.6411667e-17 
-6.2927661e-17 2.1662599e-17 
8.4310996e-18  1.9255554e-17 
9.0570316e-17  2.1133972e-17 

CM Pos
7.5003892      0.016588517   
7.5024201      0.021375823   
7.4973788      0.0079770588  
12.990505      0.020399439   

Stress
20.2007      -0.00514592  0.0181393     0.0826732    0.0455977    0.0630366   
-0.00514592  20.1512      -0.00509484   0.0455977    0.139989     0.0811819   
0.0181393    -0.00509484  20.2485       0.0630366    0.0811819    0.102369    

Stress Spherical
0            0            0             0            0            0           
0            0            0             0            0            0           
0            0            0             0            0            0           

Inertia
149.995      -56.2582     -56.217       0.313884     0.272658     0.129834    
-56.2582     149.976      -56.2648      0.272658     0.246927     0.147731    
-56.217      -56.2648     150.026       0.129834     0.147731     0.526863    

Bond Length
0.61997793    0.0025898919

BB bond length
0.61997793    0.0025898919

Water EE distance
0             0           

PEG EE distance
6.817125      0.19668621  

BBB P2(x)
0.51630087    0.0097079951

BBB first bond length
0.61985749    0.0025661373

BBB second bond length
0.61972922    0.0026350307

BBB <phi**2>/<phi>**2
1.2273991     0.011444026 

Time = 27000
Temperature
1.0137041     0.0086815442

Pressure
23.256558     0.10187131  

CM Mom
-7.227387e-17  1.2953541e-17 
-4.8842118e-17 1.6153641e-17 
-2.3784605e-18 8.2061872e-18 
8.8273179e-17  1.785059e-17  

CM Pos
7.5024684      0.011018161   
7.5079152      0.017401606   
7.5031709      0.012482318   
12.998221      0.014863692   

Stress
20.262       0.0450569    0.0445539     0.144477     0.0585603    0.0720389   
0.0450569    20.1906      -0.0237568    0.0585603    0.0778793    0.0756269   
0.0445539    -0.0237568   20.2163       0.0720389    0.0756269    0.123217    

Stress Spherical
0            0            0             0            0            0           
0            0            0             0            0            0           
0            0            0             0            0            0           

Inertia
150.168      -56.3172     -56.2408      0.308478     0.208447     0.105644    
-56.3172     150.092      -56.3514      0.208447     0.232393     0.209104    
-56.2408     -56.3514     150.139       0.105644     0.209104     0.393664    

Bond Length
0.61921177    0.0028652296

BB bond length
0.61921177    0.0028652296

Water EE distance
0             0           

PEG EE distance
6.9233071     0.2888082   

BBB P2(x)
0.51045323    0.011436236 

BBB first bond length
0.61920737    0.0028153722

BBB second bond length
0.61909645    0.0030071415

BBB <phi**2>/<phi>**2
1.2259689     0.01287662  

Time = 28000
Temperature
1.0104265     0.0084720199

Pressure
23.209993     0.097981674 

CM Mom
-7.2409625e-17 2.3416682e-17 
-2.4895721e-17 1.1762158e-17 
5.33333e-18    1.5300652e-17 
7.9207198e-17  2.3203753e-17 

CM Pos
7.4994981      0.015677992   
7.5083607      0.012350865   
7.5034679      0.017039774   
12.996938      0.016444436   

Stress
20.2523      -0.0466906   -0.0312925    0.11134      0.0683424    0.0790057   
-0.0466906   20.1942      0.0387749     0.0683424    0.105274     0.056128    
-0.0312925   0.0387749    20.1121       0.0790057    0.056128     0.140714    

Stress Spherical
0            0            0             0            0            0           
