Time = 1000
Temperature
   1.0730587    0.21004899

Pressure
   23.686862    0.64046972

CM Mom
1.6284849e-17  1.6791771e-17 
-2.4429832e-18 1.8453505e-17 
-3.6369544e-17 8.3402783e-17 
7.5483193e-17  5.8946717e-17 

CM Pos
7.5013545      0.026361223   
7.4993513      0.01573121    
7.5000781      0.01373507    
12.990863      0.019526015   

Stress
20.4634      -0.00149833  0.0020722     0.12897      0.0656917    0.0676336   
-0.00149833  20.4771      0.00194686    0.0656917    0.127167     0.0729547   
0.0020722    0.00194686   20.4711       0.0676336    0.0729547    0.12272     

Stress Spherical
0            0            0             0            0            0           
0            0            0             0            0            0           
0            0            0             0            0            0           

Inertia
149.898      -56.2579     -56.2757      0.480262     0.227976     0.262485    
-56.2579     149.939      -56.2494      0.227976     0.21422      0.15897     
-56.2757     -56.2494     149.924       0.262485     0.15897      0.322669    

Bond Length
0.57291556    0.016590906 

BB bond length
0.57291556    0.016590906 

Water EE distance
0             0           

PEG EE distance
2.306758      0.23214256  

Time = 2000
Temperature
1.0110395     0.0081721381

Pressure
23.469646     0.089053894 

CM Mom
-1.3672749e-17 1.7017925e-17 
6.0904982e-18  2.3054392e-17 
-2.0522629e-17 2.0179593e-17 
3.9814828e-17  1.6980186e-17 

CM Pos
7.5020811      0.015247181   
7.4989658      0.011936711   
7.4969346      0.013287894   
12.989231      0.012896523   

Stress
20.4393      -0.00995586  0.00896068    0.130024     0.0823335    0.0655      
-0.00995586  20.4457      -0.00596066   0.0823335    0.114621     0.0822885   
0.00896068   -0.00596066  20.4327       0.0655       0.0822885    0.109792    

Stress Spherical
0            0            0             0            0            0           
0            0            0             0            0            0           
0            0            0             0            0            0           

Inertia
149.876      -56.2571     -56.2559      0.294816     0.164424     0.164661    
-56.2571     149.937      -56.2209      0.164424     0.284156     0.155234    
-56.2559     -56.2209     149.964       0.164661     0.155234     0.280593    

Bond Length
0.56975437    0.0034826553

BB bond length
0.56975437    0.0034826553

Water EE distance
0             0           

PEG EE distance
2.2757089     0.09813523  

Time = 3000
Temperature
1.010946      0.0063597782

Pressure
23.463859     0.1034881   

CM Mom
-2.7704474e-17 1.4983552e-17 
-1.8925428e-18 1.4066827e-17 
-2.2801585e-17 1.9218314e-17 
4.2825635e-17  1.5770953e-17 

CM Pos
7.5058474      0.012449115   
7.4990993      0.013091323   
7.4988622      0.012967665   
12.992594      0.013067425   

Stress
20.4348      0.00822798   -0.00958202   0.119424     0.0729936    0.071368    
0.00822798   20.4287      0.0032014     0.0729936    0.126956     0.0749172   
-0.00958202  0.0032014    20.4376       0.071368     0.0749172    0.137915    

Stress Spherical
0            0            0             0            0            0           
0            0            0             0            0            0           
0            0            0             0            0            0           

Inertia
149.902      -56.2654     -56.2738      0.288736     0.156995     0.146474    
-56.2654     150.024      -56.2427      0.156995     0.251926     0.152015    
-56.2738     -56.2427     150.018       0.146474     0.152015     0.295006    

Bond Length
0.56971584    0.0040555295

BB bond length
0.56971584    0.0040555295

Water EE distance
0             0           

PEG EE distance
2.2257032     0.10176098  

