Time = 500
Temperature
   1.0330897   0.039717435

Pressure
   23.529567    0.19015552

CM Mom
2.5332035e-18  2.5299461e-17 
6.6021752e-17  1.3927363e-17 
1.7258134e-17  2.0287547e-17 
7.643434e-17   8.1573578e-18 

CM Pos
7.500228       0.040688424   
7.4979882      0.015584584   
7.5144298      0.028314214   
12.997766      0.026210284   

Stress
20.4218      0.0708152    -0.00900814   0.123373     0.0643993    0.0744421   
0.0708152    20.4122      -0.019598     0.0643993    0.169994     0.0705008   
-0.00900814  -0.019598    20.4577       0.0744421    0.0705008    0.0890783   

Stress Spherical
0            0            0             0            0            0           
0            0            0             0            0            0           
0            0            0             0            0            0           

Inertia
150.052      -56.2642     -56.3676      0.254535     0.265096     0.502273    
-56.2642     150.076      -56.2832      0.265096     0.831913     0.127351    
-56.3676     -56.2832     149.853       0.502273     0.127351     0.337163    

Bond Length
0.61747902    0.0070909461

BB bond length
0.61747902    0.0070909461

Water EE distance
0             0           

PEG EE distance
3.8783676     0.38952131  

Time = 1000
Temperature
1.0169984     0.0049811332

Pressure
23.41728      0.074024158 

CM Mom
-3.8951567e-17 2.2679953e-17 
7.9100649e-17  2.4143816e-17 
1.6097082e-17  1.2868161e-17 
9.3369054e-17  2.4049257e-17 

CM Pos
7.4895603      0.013004608   
7.4991735      0.0086596044  
7.5037621      0.020856773   
12.986069      0.01598451    

Stress
20.3659      0.0425935    0.0115654     0.132364     0.0622599    0.0438948   
0.0425935    20.3374      0.00501005    0.0622599    0.114357     0.0650412   
0.0115654    0.00501005   20.3964       0.0438948    0.0650412    0.089717    

Stress Spherical
0            0            0             0            0            0           
0            0            0             0            0            0           
0            0            0             0            0            0           

Inertia
149.869      -56.1515     -56.1905      0.360711     0.0866449    0.223317    
-56.1515     149.78       -56.3074      0.0866449    0.375995     0.158778    
-56.1905     -56.3074     149.73        0.223317     0.158778     0.129775    

Bond Length
0.61872691    0.0084992494

BB bond length
0.61872691    0.0084992494

Water EE distance
0             0           

PEG EE distance
3.4877815     0.30980395  

