Time = 1000
Temperature
   1.0289181   0.042031892

Pressure
   23.663197    0.17941467

CM Mom
-1.2152256e-17 1.1758352e-17 
5.1331353e-17  1.8048257e-17 
4.839611e-17   4.3243167e-17 
8.2073924e-17  2.6881395e-17 

CM Pos
7.5005109      0.021594469   
7.5028611      0.013545518   
7.5008836      0.015191279   
12.992863      0.015597124   

Stress
20.5925      -0.00698571  0.00430316    0.0893998    0.0869952    0.0613842   
-0.00698571  20.5824      -0.0132694    0.0869952    0.0923865    0.0885711   
0.00430316   -0.0132694   20.5627       0.0613842    0.0885711    0.105265    

Stress Spherical
0            0            0             0            0            0           
0            0            0             0            0            0           
0            0            0             0            0            0           

Inertia
150.018      -56.2925     -56.2807      0.37505      0.25836      0.138332    
-56.2925     150.009      -56.2519      0.25836      0.537203     0.214445    
-56.2807     -56.2519     150.017       0.138332     0.214445     0.739228    

Bond Length
0.57161962    0.0045539533

BB bond length
0.57161962    0.0045539533

Water EE distance
0             0           

PEG EE distance
2.2095913     0.12734565  

Time = 2000
Temperature
1.0018394     0.0081077371

Pressure
23.597984     0.042419673 

CM Mom
-3.0602745e-17 2.8773408e-17 
3.5322235e-17  1.1771342e-17 
2.8637959e-17  1.6263289e-17 
6.1329193e-17  2.177198e-17  

CM Pos
7.5028834      0.014604634   
7.4970782      0.01195839    
7.497918       0.0067561007  
12.989165      0.014324374   

Stress
20.5951      -0.0183792   0.0243975     0.0676414    0.0593291    0.0947903   
-0.0183792   20.6031      0.0392814     0.0593291    0.0607607    0.062789    
0.0243975    0.0392814    20.5872       0.0947903    0.062789     0.0975105   

Stress Spherical
0            0            0             0            0            0           
0            0            0             0            0            0           
0            0            0             0            0            0           

Inertia
149.875      -56.2523     -56.2763      0.345687     0.167422     0.146409    
-56.2523     149.954      -56.2438      0.167422     0.3305       0.131224    
-56.2763     -56.2438     149.937       0.146409     0.131224     0.396596    

Bond Length
0.56628649    0.0050500476

BB bond length
0.56628649    0.0050500476

Water EE distance
0             0           

PEG EE distance
2.2438866     0.11366582  

Time = 3000
Temperature
1.012998      0.0066356367

Pressure
23.583354     0.11137654  

CM Mom
-3.4774038e-18 2.4077377e-17 
2.6973064e-17  1.1316853e-17 
4.6184389e-17  1.9066746e-17 
6.0907442e-17  1.5305288e-17 

CM Pos
7.4978418      0.020037555   
7.5006369      0.010855875   
7.5001422      0.018885185   
12.989604      0.019544469   

Stress
20.531       0.0133845    0.00457287    0.110621     0.0367455    0.0560015   
0.0133845    20.5678      0.0199053     0.0367455    0.140144     0.0362438   
0.00457287   0.0199053    20.5424       0.0560015    0.0362438    0.114497    

Stress Spherical
0            0            0             0            0            0           
0            0            0             0            0            0           
0            0            0             0            0            0           

Inertia
149.98       -56.2665     -56.2568      0.275989     0.144797     0.289226    
-56.2665     149.936      -56.2751      0.144797     0.380541     0.136501    
-56.2568     -56.2751     149.941       0.289226     0.136501     0.342581    

Bond Length
0.56865939    0.0069369566

BB bond length
0.56865939    0.0069369566

Water EE distance
0             0           

PEG EE distance
2.2761666     0.14007288  

