Time = 500
Temperature
   1.0402282   0.051575088

Pressure
   20.701007    0.21432994

CM Mom
-3.9965504e-17 2.2224235e-17 
1.5012657e-19  9.3149154e-18 
-7.7628884e-17 3.0447319e-17 
9.4703528e-17  1.2746488e-17 

CM Pos
7.4873697      0.025714427   
7.515375       0.067189271   
7.4745247      0.03496672    
12.977492      0.034380814   

Stress
17.5511      -0.0529538   -0.0192589    0.119828     0.101558     0.0754492   
-0.0529538   17.5969      0.0045019     0.101558     0.0721278    0.0622302   
-0.0192589   0.0045019    17.6042       0.0754492    0.0622302    0.0939009   

Stress Spherical
0            0            0             0            0            0           
0            0            0             0            0            0           
0            0            0             0            0            0           

Inertia
148.821      -56.1762     -55.8788      0.101157     0.692744     0.0987243   
-56.1762     148.381      -56.3087      0.692744     0.427879     0.232499    
-55.8788     -56.3087     149.124       0.0987243    0.232499     1.09737     

Bond Length
0.61185411    0.0029968526

BB bond length
0.61185411    0.0029968526

Water EE distance
0             0           

PEG EE distance
3.8381641     0.095297557 

Time = 1000
Temperature
1.0079124     0.0063214932

Pressure
20.548771     0.11354755  

CM Mom
-1.6023472e-17 3.6926455e-17 
-2.8255632e-17 1.1324711e-17 
-5.0065976e-17 1.9687476e-17 
7.0792264e-17  2.0726758e-17 

CM Pos
7.4977524      0.016393654   
7.5132985      0.028042248   
7.4712615      0.010638043   
12.980226      0.024394731   

Stress
17.5215      -0.0097719   -0.0111434    0.127674     0.0640806    0.0688489   
-0.0097719   17.4888      -0.0160055    0.0640806    0.0431547    0.0433641   
-0.0111434   -0.0160055   17.5756       0.0688489    0.0433641    0.206315    

Stress Spherical
0            0            0             0            0            0           
0            0            0             0            0            0           
0            0            0             0            0            0           

Inertia
148.967      -56.1998     -56.1178      0.302107     0.319476     0.2381      
-56.1998     148.892      -56.2202      0.319476     0.343477     0.299162    
-56.1178     -56.2202     149.437       0.2381       0.299162     0.356565    

Bond Length
0.61451223    0.0021757415

BB bond length
0.61451223    0.0021757415

Water EE distance
0             0           

PEG EE distance
3.6386461     0.15435505  

