Time = 1000
Temperature
   1.1137082    0.14772029

Pressure
   23.718647    0.78416671

CM Mom
-1.5072861e-17 1.5883084e-17 
1.0303382e-16  1.4621348e-17 
3.0948661e-17  1.4923785e-16 
1.7348801e-16  6.6639936e-17 

CM Pos
7.4937105      0.015939523   
7.494817       0.018858964   
7.5007236      0.020970354   
12.9842        0.021034722   

Stress
20.3887      0.0126973    0.0219929     0.357416     0.0620334    0.0793628   
0.0126973    20.4047      -0.0300341    0.0620334    0.364374     0.0728061   
0.0219929    -0.0300341   20.3531       0.0793628    0.0728061    0.345881    

Stress Spherical
0            0            0             0            0            0           
0            0            0             0            0            0           
0            0            0             0            0            0           

Inertia
150.062      -56.1464     -56.2053      0.871005     0.158839     0.163171    
-56.1464     150.012      -56.2246      0.158839     1.16936      0.25882     
-56.2053     -56.2246     149.957       0.163171     0.25882      1.16957     

Bond Length
0.61965519    0.0059035559

BB bond length
0.61965519    0.0059035559

Water EE distance
0             0           

PEG EE distance
6.280978      0.19298515  

BBB P2(x)
0.47584612    0.062066025 

BBB first bond length
0.61948258    0.0062679491

BBB second bond length
0.61992975    0.006163736 

BBB <phi**2>/<phi>**2
1.2197504     0.015527524 

Time = 2000
Temperature
1.0088326     0.0068977694

Pressure
23.203457     0.10017724  

CM Mom
2.6292581e-17  2.7008717e-17 
1.0812678e-16  2.8029805e-17 
-2.3404613e-17 4.2571983e-17 
1.234781e-16   3.1798577e-17 

CM Pos
7.5012765      0.0073356159  
7.5043116      0.011495225   
7.5030973      0.01315334    
12.995403      0.013085924   

Stress
20.2547      -0.0134611   0.0460125     0.148742     0.0871917    0.0952954   
-0.0134611   20.1613      0.010776      0.0871917    0.150308     0.0662937   
0.0460125    0.010776     20.1275       0.0952954    0.0662937    0.1189      

Stress Spherical
0            0            0             0            0            0           
0            0            0             0            0            0           
0            0            0             0            0            0           

Inertia
149.974      -56.2893     -56.2915      0.308784     0.127822     0.156292    
-56.2893     149.915      -56.3008      0.127822     0.266374     0.164968    
-56.2915     -56.3008     149.96        0.156292     0.164968     0.29101     

Bond Length
0.61913301    0.0011405953

BB bond length
0.61913301    0.0011405953

Water EE distance
0             0           

PEG EE distance
6.6216939     0.33863106  

BBB P2(x)
0.52300658    0.0082954156

BBB first bond length
0.61913749    0.0013643996

BBB second bond length
0.61924927    0.0011658104

BBB <phi**2>/<phi>**2
1.2286652     0.0069697839

