Time = 1000
Temperature
   1.0475467   0.068458552

Pressure
   23.603441    0.36913694

CM Mom
1.0443633e-17  2.5781956e-17 
3.0329544e-17  1.6762473e-17 
-1.0567305e-16 6.7196656e-17 
1.2047857e-16  5.6051214e-17 

CM Pos
7.5017702      0.012457234   
7.4998835      0.021417203   
7.5049046      0.00951437    
12.994192      0.008406706   

Stress
20.4484      0.0404844    0.0167215     0.176158     0.0673374    0.0881516   
0.0404844    20.5016      -0.0536468    0.0673374    0.179194     0.0786051   
0.0167215    -0.0536468   20.4501       0.0881516    0.0786051    0.198737    

Stress Spherical
0            0            0             0            0            0           
0            0            0             0            0            0           
0            0            0             0            0            0           

Inertia
150.114      -56.2829     -56.2918      0.600439     0.176806     0.138184    
-56.2829     150.121      -56.2821      0.176806     0.781462     0.148622    
-56.2918     -56.2821     150.069       0.138184     0.148622     0.763217    

Bond Length
0.62062358    0.0029589723

BB bond length
0.62062358    0.0029589723

Water EE distance
0             0           

PEG EE distance
6.9579107     0.43413105  

BBB P2(x)
0.48686533    0.062990011 

BBB first bond length
0.62054245    0.002742408 

BBB second bond length
0.62051222    0.0029721729

BBB <phi**2>/<phi>**2
1.2217925     0.017923599 

Time = 2000
Temperature
1.0109274     0.0057569223

Pressure
23.386407     0.064385993 

CM Mom
2.616044e-17   2.2835419e-17 
2.7298842e-17  2.0728169e-17 
-7.9884891e-17 2.8175479e-17 
9.4921548e-17  2.336797e-17  

CM Pos
7.5007312      0.012889214   
7.4975086      0.011028612   
7.4998581      0.0089856387  
12.989292      0.01194404    

Stress
20.3893      -0.00238453  -0.00224819   0.0832135    0.0776177    0.0778559   
-0.00238453  20.2973      -0.00897845   0.0776177    0.112481     0.0686182   
-0.00224819  -0.00897845  20.3914       0.0778559    0.0686182    0.0765165   

Stress Spherical
0            0            0             0            0            0           
0            0            0             0            0            0           
0            0            0             0            0            0           

Inertia
149.831      -56.2612     -56.2494      0.281137     0.194316     0.0980993   
-56.2612     149.9        -56.2211      0.194316     0.3146       0.0929124   
-56.2494     -56.2211     149.869       0.0980993    0.0929124    0.488751    

Bond Length
0.61964702    0.0019431138

BB bond length
0.61964702    0.0019431138

Water EE distance
0             0           

PEG EE distance
7.0439393     0.13989293  

BBB P2(x)
0.5257394     0.0087554732

BBB first bond length
0.61975872    0.0020119148

BBB second bond length
0.61967578    0.0017678408

BBB <phi**2>/<phi>**2
1.2280938     0.0097902516

