Time = 1000
Temperature
   1.0624227   0.081158337

Pressure
   23.590499    0.42303328

CM Mom
1.2080474e-17  2.8538654e-17 
-4.6865173e-18 1.0132102e-17 
4.6460169e-17  2.0362155e-16 
1.710835e-16   1.2424063e-16 

CM Pos
7.5003527      0.0070941929  
7.5040641      0.01443473    
7.5059023      0.0095511378  
12.99635       0.0081680574  

Stress
20.429       0.0296554    -0.0242229    0.192043     0.0816066    0.0865746   
0.0296554    20.4198      -0.0465318    0.0816066    0.252526     0.0795356   
-0.0242229   -0.0465318   20.3797       0.0865746    0.0795356    0.184446    

Stress Spherical
0            0            0             0            0            0           
0            0            0             0            0            0           
0            0            0             0            0            0           

Inertia
150.22       -56.2642     -56.3084      1.08552      0.167983     0.122941    
-56.2642     150.132      -56.331       0.167983     0.85907      0.126662    
-56.3084     -56.331      150.132       0.122941     0.126662     1.14417     

Bond Length
0.61928296    0.0047516757

BB bond length
0.61928296    0.0047516757

Water EE distance
0             0           

PEG EE distance
6.5471267     0.15201007  

BBB P2(x)
0.49003       0.05755541  

BBB first bond length
0.61884624    0.0051318955

BBB second bond length
0.61932763    0.0048222966

BBB <phi**2>/<phi>**2
1.2217392     0.013471339 

Time = 2000
Temperature
1.0076903     0.0060499374

Pressure
23.283935     0.076831441 

CM Mom
3.5454623e-18  1.8817116e-17 
-5.6230791e-18 2.5627177e-17 
5.0450325e-18  2.5453426e-17 
3.9557542e-17  1.2788883e-17 

CM Pos
7.5061419      0.014192268   
7.4999078      0.012807316   
7.5063477      0.013459139   
12.997556      0.01073081    

Stress
20.2714      -0.00466154  -0.00932992   0.137269     0.081292     0.0555065   
-0.00466154  20.2538      0.0550621     0.081292     0.121899     0.0470307   
-0.00932992  0.0550621    20.2753       0.0555065    0.0470307    0.0586545   

Stress Spherical
0            0            0             0            0            0           
0            0            0             0            0            0           
0            0            0             0            0            0           

Inertia
149.98       -56.2656     -56.3403      0.270197     0.0997039    0.15669     
-56.2656     150.078      -56.2609      0.0997039    0.315447     0.130851    
-56.3403     -56.2609     149.998       0.15669      0.130851     0.156731    

Bond Length
0.61821579    0.0031308686

BB bond length
0.61821579    0.0031308686

Water EE distance
0             0           

PEG EE distance
6.6301335     0.2105086   

BBB P2(x)
0.52451059    0.011061563 

BBB first bond length
0.61858363    0.0033274875

BBB second bond length
0.61830507    0.003045109 

BBB <phi**2>/<phi>**2
1.2267232     0.0093872446

Time = 3000
Temperature
1.0067616     0.0065659431

Pressure
23.311297     0.10325828  

CM Mom
4.4838782e-18  1.5566669e-17 
1.5720011e-17  1.9573508e-17 
-3.4496019e-17 1.8772207e-17 
4.6253743e-17  1.7193885e-17 

CM Pos
7.4945635      0.0104385     
7.4950092      0.013692861   
7.4986287      0.015575029   
12.983575      0.019821736   

Stress
20.3421      0.0275166    -0.0197861    0.113256     0.0547682    0.062813    
0.0275166    20.2854      -0.0436849    0.0547682    0.115267     0.0419315   
-0.0197861   -0.0436849   20.2635       0.062813     0.0419315    0.152903    

Stress Spherical
0            0            0             0            0            0           
0            0            0             0            0            0           
0            0            0             0            0            0           

Inertia
149.829      -56.162      -56.1927      0.434547     0.157899     0.16825     
-56.162      149.814      -56.2519      0.157899     0.327513     0.256707    
-56.1927     -56.2519     149.781       0.16825      0.256707     0.358009    

Bond Length
0.6192436     0.0021806656

BB bond length
0.6192436     0.0021806656

Water EE distance
0             0           

PEG EE distance
7.0110263     0.18372869  

BBB P2(x)
0.52342013    0.0096541688

BBB first bond length
0.61944754    0.0022407772

BBB second bond length
0.61909335    0.0023603421

BBB <phi**2>/<phi>**2
1.2291417     0.0035990248

Time = 4000
Temperature
1.0160069     0.0097493896

Pressure
23.371288     0.082565385 

CM Mom
2.3365772e-17  1.2155611e-17 
4.3698895e-17  2.0316529e-17 
-5.3542304e-17 1.3276879e-17 
7.6588319e-17  1.3905256e-17 

CM Pos
7.4973839      0.004703507   
7.5002047      0.013313461   
7.499074       0.015155565   
12.988469      0.0078620008  

Stress
20.3242      0.00361092   0.00788264    0.0918529    0.0695134    0.0622901   
0.00361092   20.347       0.003109      0.0695134    0.0892091    0.0821466   
0.00788264   0.003109     20.3166       0.0622901    0.0821466    0.108539    

Stress Spherical
0            0            0             0            0            0           
0            0            0             0            0            0           
0            0            0             0            0            0           

Inertia
149.952      -56.2338     -56.2375      0.156091     0.135373     0.140667    
-56.2338     149.905      -56.2885      0.135373     0.295335     0.11127     
-56.2375     -56.2885     149.926       0.140667     0.11127      0.183493    

Bond Length
0.62037037    0.0024095337

BB bond length
0.62037037    0.0024095337

Water EE distance
0             0           

PEG EE distance
7.0622301     0.2345563   

BBB P2(x)
0.51499919    0.0110303   

BBB first bond length
0.62031987    0.0026148004

BBB second bond length
0.62069728    0.0022819326

BBB <phi**2>/<phi>**2
1.2205357     0.0085377511

Time = 5000
Temperature
1.0040669     0.007481276 

Pressure
23.262748     0.071066217 

CM Mom
7.6215904e-17  2.1378476e-17 
1.7499609e-17  1.0059918e-17 
-3.0893974e-17 1.3006594e-17 
8.6597966e-17  1.7255233e-17 

CM Pos
7.5013918      0.01526061    
7.4990171      0.013140205   
7.4971443      0.011583183   
12.988985      0.010360955   

Stress
20.2639      -0.0299491   -0.0570746    0.119747     0.0632303    0.0654475   
-0.0299491   20.2933      -0.00362042   0.0632303    0.0954595    0.0466121   
-0.0570746   -0.00362042  20.2123       0.0654475    0.0466121    0.118278    

Stress Spherical
0            0            0             0            0            0           
0            0            0             0            0            0           
0            0            0             0            0            0           

Inertia
149.922      -56.2597     -56.2719      0.280927     0.131986     0.125232    
-56.2597     149.916      -56.2035      0.131986     0.2744       0.16904     
-56.2719     -56.2035     149.974       0.125232     0.16904      0.207906    

Bond Length
0.61930078    0.0027654912

BB bond length
0.61930078    0.0027654912

Water EE distance
0             0           

PEG EE distance
6.775144      0.078546834 

BBB P2(x)
0.5168381     0.0086961852

BBB first bond length
0.61930903    0.0028067359

BBB second bond length
0.61950044    0.0030770017

BBB <phi**2>/<phi>**2
1.217456      0.008688773 

Time = 6000
Temperature
1.0088694     0.0053214796

Pressure
23.291473     0.086691516 

CM Mom
8.7991767e-17  1.8553173e-17 
2.9888676e-17  1.1213032e-17 
2.5231343e-18  1.2900894e-17 
9.4720898e-17  1.7509627e-17 

CM Pos
7.494712       0.012387519   
7.496939       0.017198712   
7.496699       0.013356424   
12.983673      0.012290625   

Stress
20.2736      0.0128752    -0.0082553    0.114406     0.0631499    0.0727323   
0.0128752    20.2616      -0.0550148    0.0631499    0.0993452    0.0683495   
-0.0082553   -0.0550148   20.2773       0.0727323    0.0683495    0.112388    

Stress Spherical
0            0            0             0            0            0           
0            0            0             0            0            0           
0            0            0             0            0            0           

Inertia
149.859      -56.209      -56.2129      0.181608     0.159514     0.149104    
-56.209      149.84       -56.2352      0.159514     0.307669     0.146801    
-56.2129     -56.2352     149.843       0.149104     0.146801     0.334657    

Bond Length
0.62067333    0.0026716304

BB bond length
0.62067333    0.0026716304

Water EE distance
0             0           

PEG EE distance
7.4023642     0.17148507  

BBB P2(x)
0.50203123    0.010905427 

BBB first bond length
0.62049357    0.0027681705

BBB second bond length
0.62068696    0.0024831403

BBB <phi**2>/<phi>**2
1.2226887     0.012421541 

Time = 7000
Temperature
1.0075277     0.0080444174

Pressure
23.295088     0.05954214  

CM Mom
5.1130412e-17  3.5396255e-17 
1.9242676e-17  1.642036e-17  
1.7563058e-17  2.3719593e-17 
6.7038462e-17  2.9732936e-17 

CM Pos
7.4976808      0.013313461   
7.5062908      0.017425904   
7.5029335      0.018717744   
12.994386      0.019667064   

Stress
20.2868      0.00691284   0.0430414     0.136423     0.0864057    0.0679888   
0.00691284   20.2861      -9.1871e-05   0.0864057    0.13347      0.0603312   
0.0430414    -9.1871e-05  20.2625       0.0679888    0.0603312    0.0783569   

Stress Spherical
0            0            0             0            0            0           
0            0            0             0            0            0           
0            0            0             0            0            0           

Inertia
150.104      -56.2885     -56.2623      0.348903     0.228485     0.207899    
-56.2885     149.983      -56.3133      0.228485     0.339699     0.21143     
-56.2623     -56.3133     150.037       0.207899     0.21143      0.40891     

Bond Length
0.61852545    0.0030568459

BB bond length
0.61852545    0.0030568459

Water EE distance
0             0           

PEG EE distance
7.2696751     0.30300176  

BBB P2(x)
0.51323658    0.011331135 

BBB first bond length
0.61840693    0.0028302826

BBB second bond length
0.6182913     0.0029044459

BBB <phi**2>/<phi>**2
1.2269194     0.0083797562

Time = 8000
Temperature
1.0085357     0.0068188788

Pressure
23.329036     0.07900406  

CM Mom
3.2323366e-17  1.6302842e-17 
3.4222446e-17  2.2032158e-17 
3.5303829e-17  2.0784988e-17 
6.5493256e-17  1.8872837e-17 

CM Pos
7.4941182      0.010365417   
7.5022828      0.011986123   
7.4999647      0.014498702   
12.988297      0.011513911   

Stress
20.3216      0.0411048    -0.0108809    0.11384      0.0706938    0.0616539   
0.0411048    20.3228      -0.00205446   0.0706938    0.100655     0.0796107   
-0.0108809   -0.00205446  20.2838       0.0616539    0.0796107    0.056469    

Stress Spherical
0            0            0             0            0            0           
0            0            0             0            0            0           
0            0            0             0            0            0           

Inertia
150.009      -56.2365     -56.1843      0.363599     0.0734856    0.130179    
-56.2365     149.884      -56.283       0.0734856    0.278465     0.179419    
-56.1843     -56.283      149.909       0.130179     0.179419     0.211367    

Bond Length
0.61949396    0.0026950809

BB bond length
0.61949396    0.0026950809

Water EE distance
0             0           

PEG EE distance
7.0552807     0.15258401  

BBB P2(x)
0.51561137    0.016357833 

BBB first bond length
0.61960791    0.0026504039

BBB second bond length
0.6195537     0.0027697797

BBB <phi**2>/<phi>**2
1.2269031     0.0093586932

Time = 9000
Temperature
1.0116582     0.0095202414

Pressure
23.26546      0.10647989  

CM Mom
3.5056349e-17  2.2953195e-17 
4.663074e-17   8.9608672e-18 
4.582348e-17   2.5447717e-17 
8.0188478e-17  1.8102641e-17 

CM Pos
7.4918916      0.011364251   
7.5064392      0.011778427   
7.4972927      0.014541194   
12.987869      0.014646762   

Stress
20.2785      -0.00134086  0.0111118     0.141339     0.0929632    0.0499782   
-0.00134086  20.1894      -0.011457     0.0929632    0.124887     0.0544141   
0.0111118    -0.011457    20.2415       0.0499782    0.0544141    0.0676096   

Stress Spherical
0            0            0             0            0            0           
0            0            0             0            0            0           
0            0            0             0            0            0           

Inertia
150.038      -56.2456     -56.1435      0.327723     0.185123     0.127023    
-56.2456     149.796      -56.2962      0.185123     0.226358     0.172615    
-56.1435     -56.2962     149.951       0.127023     0.172615     0.256055    

Bond Length
0.61984788    0.0012513806

BB bond length
0.61984788    0.0012513806

Water EE distance
0             0           

PEG EE distance
7.1224577     0.28233967  

BBB P2(x)
0.5135044     0.011853429 

BBB first bond length
0.61995254    0.001379225 

BBB second bond length
0.61980758    0.0012099318

BBB <phi**2>/<phi>**2
1.2283087     0.011102337 

Time = 10000
Temperature
1.0078646     0.0092938824

Pressure
23.299362     0.11919374  

CM Mom
5.0597824e-17  2.6060526e-17 
1.7154621e-17  2.075724e-17  
6.0549386e-17  2.2035604e-17 
8.7999936e-17  1.9293576e-17 

CM Pos
7.4941182      0.01327368    
7.5003531      0.011913287   
7.5090196      0.014026727   
12.992413      0.014287032   

Stress
20.2381      -0.0126481   0.00767255    0.1204       0.084899     0.0742761   
-0.0126481   20.3303      -0.0277601    0.084899     0.117045     0.0725505   
0.00767255   -0.0277601   20.2768       0.0742761    0.0725505    0.159514    

Stress Spherical
0            0            0             0            0            0           
0            0            0             0            0            0           
0            0            0             0            0            0           

Inertia
150.094      -56.2501     -56.2784      0.347722     0.150988     0.149042    
-56.2501     150.029      -56.3096      0.150988     0.219595     0.169808    
-56.2784     -56.3096     149.91        0.149042     0.169808     0.295939    

Bond Length
0.61831266    0.0024787938

BB bond length
0.61831266    0.0024787938

Water EE distance
0             0           

PEG EE distance
7.1420726     0.20407223  

BBB P2(x)
0.51278881    0.014419753 

BBB first bond length
0.61862834    0.0021467232

BBB second bond length
0.61793876    0.0025601701

BBB <phi**2>/<phi>**2
1.2268347     0.011787422 

Time = 11000
Temperature
1.0084202     0.0090733646

Pressure
23.319519     0.11064915  

CM Mom
4.2673545e-17  1.7178607e-17 
2.1891747e-17  3.5277729e-17 
3.6947739e-17  1.7552378e-17 
6.9892611e-17  2.5062862e-17 

CM Pos
7.4963448      0.01940044    
7.5037673      0.013717781   
7.5035273      0.015557335   
12.99251       0.010460693   

Stress
20.2589      0.0102055    0.0573851     0.0916619    0.0639362    0.0868961   
0.0102055    20.3352      -0.00505856   0.0639362    0.139454     0.0545307   
0.0573851    -0.00505856  20.3066       0.0868961    0.0545307    0.140617    

Stress Spherical
0            0            0             0            0            0           
0            0            0             0            0            0           
0            0            0             0            0            0           

Inertia
150.077      -56.2905     -56.2764      0.178956     0.170137     0.160987    
-56.2905     149.967      -56.3136      0.170137     0.331662     0.103768    
-56.2764     -56.3136     149.978       0.160987     0.103768     0.342525    

Bond Length
0.61798767    0.0027958512

BB bond length
0.61798767    0.0027958512

Water EE distance
0             0           

PEG EE distance
6.8755689     0.25193224  

BBB P2(x)
0.51007823    0.0050270624

BBB first bond length
0.61792911    0.0028659429

BBB second bond length
0.61792673    0.0026686747

BBB <phi**2>/<phi>**2
1.2258303     0.0087349494

Time = 12000
Temperature
1.0115536     0.0066497375

Pressure
23.300232     0.069833473 

CM Mom
4.7831056e-17  2.1136504e-17 
-1.8353838e-17 2.1573419e-17 
6.6001413e-17  1.4904747e-17 
8.8496214e-17  1.6840297e-17 

CM Pos
7.5036184      0.010416312   
7.5077752      0.016315725   
7.494027       0.011763451   
12.99353       0.010863986   

Stress
20.2566      -0.000651495 0.0132278     0.12361      0.0829885    0.0606652   
-0.000651495 20.2573      -0.0462851    0.0829885    0.10152      0.0547549   
0.0132278    -0.0462851   20.3008       0.0606652    0.0547549    0.114965    

Stress Spherical
0            0            0             0            0            0           
0            0            0             0            0            0           
0            0            0             0            0            0           

Inertia
150.011      -56.3535     -56.2439      0.319157     0.105949     0.152089    
-56.3535     149.932      -56.2485      0.105949     0.227271     0.13973     
-56.2439     -56.2485     150.15        0.152089     0.13973      0.184719    

Bond Length
0.61884613    0.0017955368

BB bond length
0.61884613    0.0017955368

Water EE distance
0             0           

PEG EE distance
7.002861      0.15963557  

BBB P2(x)
0.51713909    0.016367143 

BBB first bond length
0.61840497    0.0019244482

BBB second bond length
0.61880664    0.001788928 

BBB <phi**2>/<phi>**2
1.2259108     0.012941914 

Time = 13000
Temperature
1.011413      0.0067786934

Pressure
23.287903     0.089827832 

CM Mom
4.3031717e-17  1.1455283e-17 
-3.3623662e-17 1.8606261e-17 
6.5460859e-17  1.6923307e-17 
8.9253795e-17  8.0609094e-18 

CM Pos
7.4972355      0.010929358   
7.5022828      0.019636947   
7.5038242      0.0096017585  
12.992329      0.012366522   

Stress
20.2789      0.045014     0.0108049     0.114586     0.0463307    0.083984    
0.045014     20.2618      -0.0319755    0.0463307    0.143339     0.0640665   
0.0108049    -0.0319755   20.2383       0.083984     0.0640665    0.0775711   

Stress Spherical
0            0            0             0            0            0           
0            0            0             0            0            0           
0            0            0             0            0            0           

Inertia
150.048      -56.2447     -56.2148      0.398125     0.171118     0.0950126   
-56.2447     149.986      -56.3026      0.171118     0.17315      0.179291    
-56.2148     -56.3026     149.98        0.0950126    0.179291     0.264159    

Bond Length
0.61809473    0.0033480924

BB bond length
0.61809473    0.0033480924

Water EE distance
0             0           

PEG EE distance
6.9505571     0.19250073  

BBB P2(x)
0.51214873    0.010792973 

BBB first bond length
0.61825739    0.0034189731

BBB second bond length
0.61818533    0.0036770399

BBB <phi**2>/<phi>**2
1.2269935     0.010888385 

Time = 14000
Temperature
1.0081123     0.0051030439

Pressure
23.269726     0.10383147  

CM Mom
5.2390606e-17  1.5686642e-17 
-4.389913e-17  1.4293715e-17 
-1.3794013e-18 3.6155024e-17 
7.9141682e-17  1.296044e-17  

CM Pos
7.5010949      0.013117548   
7.5045095      0.016141932   
7.4984803      0.011949299   
12.992756      0.01308559    

Stress
20.2736      -0.0288834   0.0173358     0.0850529    0.0454494    0.0783876   
-0.0288834   20.2458      0.00473208    0.0454494    0.183525     0.0737424   
0.0173358    0.00473208   20.2347       0.0783876    0.0737424    0.164386    

Stress Spherical
0            0            0             0            0            0           
0            0            0             0            0            0           
0            0            0             0            0            0           

Inertia
150.022      -56.2818     -56.2028      0.34088      0.120069     0.15173     
-56.2818     149.984      -56.2988      0.120069     0.248121     0.205645    
-56.2028     -56.2988     150.082       0.15173      0.205645     0.264917    

Bond Length
0.61980305    0.0019028078

BB bond length
0.61980305    0.0019028078

Water EE distance
0             0           

PEG EE distance
6.7419786     0.065803172 

BBB P2(x)
0.50484726    0.0090559214

BBB first bond length
0.61967029    0.0021444462

BBB second bond length
0.61975346    0.0019472672

BBB <phi**2>/<phi>**2
1.2268801     0.0090003967

Time = 15000
Temperature
1.0128095     0.0097650286

Pressure
23.314475     0.083368729 

CM Mom
4.7766508e-17  1.8248253e-17 
-5.7171267e-17 8.905476e-18  
-3.4631982e-18 1.3241784e-17 
7.6896316e-17  1.5388129e-17 

CM Pos
7.4945635      0.016993133   
7.5036188      0.009607494   
7.5023398      0.015976595   
12.990704      0.01127262    

Stress
20.2986      0.0258241    -0.00710504   0.0938735    0.0801674    0.0510375   
0.0258241    20.2481      -0.0144809    0.0801674    0.136972     0.0589408   
-0.00710504  -0.0144809   20.2995       0.0510375    0.0589408    0.0402888   

Stress Spherical
0            0            0             0            0            0           
0            0            0             0            0            0           
0            0            0             0            0            0           

Inertia
150.085      -56.2319     -56.2163      0.261635     0.148846     0.15355     
-56.2319     149.95       -56.3117      0.148846     0.222663     0.192168    
-56.2163     -56.3117     149.979       0.15355      0.192168     0.267033    

Bond Length
0.6191696     0.001941125 

BB bond length
0.6191696     0.001941125 

Water EE distance
0             0           

PEG EE distance
7.1369325     0.15361073  

BBB P2(x)
0.50468159    0.010286209 

BBB first bond length
0.61929281    0.0019240653

BBB second bond length
0.6188724     0.0019816444

BBB <phi**2>/<phi>**2
1.2303308     0.0098296764

Time = 16000
Temperature
1.0084369     0.0058715444

Pressure
23.293781     0.065373867 

CM Mom
5.9650179e-17  2.1653754e-17 
-4.2846451e-17 1.5315084e-17 
2.0449583e-17  2.6073437e-17 
8.2403906e-17  2.0124733e-17 

CM Pos
7.4972355      0.01266632    
7.4982749      0.0094595709  
7.5001131      0.012708003   
12.987868      0.0083714402  

Stress
20.3149      9.8783e-05   -0.00676681   0.128087     0.0834241    0.0773524   
9.8783e-05   20.2833      -0.0362889    0.0834241    0.0808336    0.0958326   
-0.00676681  -0.0362889   20.2252       0.0773524    0.0958326    0.13706     

Stress Spherical
0            0            0             0            0            0           
0            0            0             0            0            0           
0            0            0             0            0            0           

Inertia
149.949      -56.2082     -56.2265      0.135878     0.151317     0.138316    
-56.2082     149.95       -56.2386      0.151317     0.251088     0.111358    
-56.2265     -56.2386     149.949       0.138316     0.111358     0.231908    

Bond Length
0.61959081    0.0022613259

BB bond length
0.61959081    0.0022613259

Water EE distance
0             0           

PEG EE distance
6.7691073     0.15735184  

BBB P2(x)
0.51113755    0.014004701 

BBB first bond length
0.61953116    0.0023838007

BBB second bond length
0.61972032    0.0020155897

BBB <phi**2>/<phi>**2
1.2284128     0.0103184   

Time = 17000
Temperature
1.0114284     0.0079111052

Pressure
23.294778     0.097786614 

CM Mom
9.2348747e-17  1.8987486e-17 
-4.2034727e-17 1.3335196e-17 
3.2670826e-17  2.492167e-17  
1.1051207e-16  1.7581707e-17 

CM Pos
7.495751       0.011670362   
7.4978296      0.013988187   
7.4995194      0.018540915   
12.986416      0.013858858   

Stress
20.2685      0.00675759   -0.0421154    0.140048     0.0653662    0.0686083   
0.00675759   20.2723      -0.00616948   0.0653662    0.104987     0.0751298   
-0.0421154   -0.00616948  20.2586       0.0686083    0.0751298    0.0860802   

Stress Spherical
0            0            0             0            0            0           
0            0            0             0            0            0           
0            0            0             0            0            0           

Inertia
149.937      -56.1574     -56.2191      0.362335     0.187382     0.141533    
-56.1574     149.908      -56.2421      0.187382     0.278802     0.150708    
-56.2191     -56.2421     149.893       0.141533     0.150708     0.333788    

Bond Length
0.61818125    0.0014767648

BB bond length
0.61818125    0.0014767648

Water EE distance
0             0           

PEG EE distance
6.5266003     0.11303993  

BBB P2(x)
0.52054754    0.0093444764

BBB first bond length
0.61810353    0.0016430889

BBB second bond length
0.61801921    0.0015030099

BBB <phi**2>/<phi>**2
1.2318702     0.0095314719

Time = 18000
Temperature
1.0118572     0.0051689183

Pressure
23.281164     0.10034043  

CM Mom
9.2777715e-17  1.9497978e-17 
-5.8124927e-17 7.9627807e-18 
4.3206958e-17  2.041088e-17  
1.1954054e-16  2.057407e-17  

CM Pos
7.4935244      0.014047919   
7.507033       0.012954433   
7.5035273      0.012351892   
12.992758      0.011322307   

Stress
20.2977      0.0418991    -0.012681     0.135322     0.0519464    0.0500187   
0.0418991    20.219       -0.05224      0.0519464    0.0922975    0.0687823   
-0.012681    -0.05224     20.238        0.0500187    0.0687823    0.143698    

Stress Spherical
0            0            0             0            0            0           
0            0            0             0            0            0           
0            0            0             0            0            0           

Inertia
150.139      -56.2293     -56.2259      0.303256     0.0926196    0.155892    
-56.2293     149.945      -56.3437      0.0926196    0.300943     0.186038    
-56.2259     -56.3437     149.993       0.155892     0.186038     0.234862    

Bond Length
0.62025092    0.002146237 

BB bond length
0.62025092    0.002146237 

Water EE distance
0             0           

PEG EE distance
6.8035166     0.20293982  

BBB P2(x)
0.5133786     0.0073998005

BBB first bond length
0.62014121    0.0021229867

BBB second bond length
0.62042222    0.0019952263

BBB <phi**2>/<phi>**2
1.2211528     0.0073603904

Time = 19000
Temperature
1.0160947     0.0067729577

Pressure
23.322816     0.094543506 

CM Mom
1.102377e-16   2.3408936e-17 
-4.3679393e-17 1.4157455e-17 
5.3326481e-17  2.1447844e-17 
1.330233e-16   2.0424901e-17 

CM Pos
7.5025793      0.012212855   
7.5048063      0.011651465   
7.4946208      0.016331249   
12.991556      0.013507173   

Stress
20.278       0.0432446    0.013199      0.134845     0.0715387    0.0357177   
0.0432446    20.2652      -0.00491805   0.0715387    0.0778892    0.0778786   
0.013199     -0.00491805  20.2985       0.0357177    0.0778786    0.119295    

Stress Spherical
0            0            0             0            0            0           
0            0            0             0            0            0           
0            0            0             0            0            0           

Inertia
149.973      -56.2957     -56.2176      0.231587     0.12174      0.180731    
-56.2957     149.939      -56.2522      0.12174      0.403287     0.117839    
-56.2176     -56.2522     150.108       0.180731     0.117839     0.235311    

Bond Length
0.61947279    0.0035710511

BB bond length
0.61947279    0.0035710511

Water EE distance
0             0           

PEG EE distance
7.2872293     0.13691627  

BBB P2(x)
0.51173205    0.011388304 

BBB first bond length
0.61973606    0.0034471863

BBB second bond length
0.6189974     0.0034431146

BBB <phi**2>/<phi>**2
1.2239887     0.0073996024

Time = 20000
Temperature
1.0104102     0.0083114865

Pressure
23.287338     0.078828388 

CM Mom
1.1988156e-16  1.7194823e-17 
-3.4743773e-17 1.6776197e-17 
7.2383685e-17  1.7347867e-17 
1.4690075e-16  1.0785985e-17 

CM Pos
7.4953057      0.013765886   
7.5025797      0.013356424   
7.5047148      0.011242412   
12.991897      0.012425502   

Stress
20.2257      0.0124261    0.000491837   0.12712      0.088206     0.0314029   
0.0124261    20.2761      0.0381109     0.088206     0.125705     0.0597633   
0.000491837  0.0381109    20.2844       0.0314029    0.0597633    0.0825171   

Stress Spherical
0            0            0             0            0            0           
0            0            0             0            0            0           
0            0            0             0            0            0           

Inertia
150.09       -56.2794     -56.2575      0.205623     0.181811     0.137296    
-56.2794     149.966      -56.3118      0.181811     0.24788      0.121267    
-56.2575     -56.3118     149.948       0.137296     0.121267     0.360617    

Bond Length
0.61942725    0.002332634 

BB bond length
0.61942725    0.002332634 

Water EE distance
0             0           

PEG EE distance
7.0696464     0.24321713  

BBB P2(x)
0.51027183    0.009353106 

BBB first bond length
0.61930437    0.0022102603

BBB second bond length
0.61950689    0.0022934906

BBB <phi**2>/<phi>**2
1.2254122     0.013841878 

Time = 21000
Temperature
1.0107242     0.0084984592

Pressure
23.317082     0.051675447 

CM Mom
1.2202036e-16  1.767865e-17  
-1.3372667e-17 1.7249918e-17 
9.7260701e-17  1.756786e-17  
1.5892491e-16  1.3749102e-17 

CM Pos
7.4963448      0.019079769   
7.5033219      0.015597649   
7.5001131      0.016185555   
12.990276      0.017798976   

Stress
20.3127      0.0118635    6.85004e-05   0.10121      0.0376816    0.0858253   
0.0118635    20.2427      0.00233907    0.0376816    0.0896269    0.0850741   
6.85004e-05  0.00233907   20.3172       0.0858253    0.0850741    0.0949768   

Stress Spherical
0            0            0             0            0            0           
0            0            0             0            0            0           
0            0            0             0            0            0           

Inertia
150.054      -56.2592     -56.2203      0.314358     0.170129     0.194714    
-56.2592     149.937      -56.2401      0.170129     0.431415     0.144874    
-56.2203     -56.2401     149.993       0.194714     0.144874     0.3876      

Bond Length
0.62020539    0.002665196 

BB bond length
0.62020539    0.002665196 

Water EE distance
0             0           

PEG EE distance
6.9171116     0.15887408  

BBB P2(x)
0.51058252    0.0072677485

BBB first bond length
0.62032718    0.0028504245

BBB second bond length
0.62035067    0.002852601 

BBB <phi**2>/<phi>**2
1.2216562     0.0092173153

Time = 22000
Temperature
1.0174731     0.0090071928

Pressure
23.285745     0.070549199 

CM Mom
1.448381e-16   2.2830902e-17 
-1.3247966e-17 1.4201078e-17 
7.357576e-17   2.9989548e-17 
1.6606916e-16  2.4704302e-17 

CM Pos
7.4924853      0.010795474   
7.5071814      0.012438111   
7.5087227      0.014475126   
12.995243      0.013329664   

Stress
20.2346      -0.0046685   0.00263331    0.112916     0.052265     0.0455254   
-0.0046685   20.2385      -0.0115097    0.052265     0.0734289    0.0788525   
0.00263331   -0.0115097   20.2449       0.0455254    0.0788525    0.103207    

Stress Spherical
0            0            0             0            0            0           
0            0            0             0            0            0           
0            0            0             0            0            0           

Inertia
150.234      -56.2491     -56.224       0.35744      0.148682     0.169653    
-56.2491     150.007      -56.3319      0.148682     0.266046     0.152968    
-56.224      -56.3319     149.978       0.169653     0.152968     0.264664    

Bond Length
0.6199577     0.0015769903

BB bond length
0.6199577     0.0015769903

Water EE distance
0             0           

PEG EE distance
6.8527168     0.15833392  

BBB P2(x)
0.48761242    0.012203537 

BBB first bond length
0.6200085     0.0018177561

BBB second bond length
0.61995712    0.0016384776

BBB <phi**2>/<phi>**2
1.220647      0.010595664 

Time = 23000
Temperature
1.009297      0.005398815 

Pressure
23.326287     0.10099144  

CM Mom
1.7969023e-16  1.4534391e-17 
-1.2194874e-17 2.3195668e-17 
9.5890913e-17  1.106251e-17  
2.0578681e-16  1.248269e-17  

CM Pos
7.4944151      0.016731127   
7.5013922      0.011092454   
7.5057539      0.0076688321  
12.991291      0.017604064   

Stress
20.306       0.0217854    -0.0506157    0.138204     0.0669245    0.0708437   
0.0217854    20.3352      -0.0220578    0.0669245    0.105243     0.0575997   
-0.0506157   -0.0220578   20.2719       0.0708437    0.0575997    0.165647    

Stress Spherical
0            0            0             0            0            0           
0            0            0             0            0            0           
0            0            0             0            0            0           

Inertia
150.104      -56.1963     -56.2158      0.269015     0.169211     0.173361    
-56.1963     149.988      -56.2618      0.169211     0.381585     0.128854    
-56.2158     -56.2618     149.925       0.173361     0.128854     0.398499    

Bond Length
0.62022272    0.0033734202

BB bond length
0.62022272    0.0033734202

Water EE distance
0             0           

PEG EE distance
6.8847318     0.15890883  

BBB P2(x)
0.50431456    0.015651228 

BBB first bond length
0.62005962    0.0032507517

BBB second bond length
0.62009682    0.0032587255

BBB <phi**2>/<phi>**2
1.2191308     0.0062206801

Time = 24000
Temperature
1.0135055     0.008253139 

Pressure
23.304667     0.071811833 

CM Mom
1.9109267e-16  2.3092998e-17 
-3.813487e-17  1.1952346e-17 
9.7738904e-17  1.7108465e-17 
2.1900749e-16  2.2981189e-17 

CM Pos
7.5028762      0.01860498    
7.4988687      0.010349461   
7.4987772      0.016922316   
12.990706      0.011494437   

Stress
20.227       0.0216464    -0.00795523   0.117658     0.0655854    0.0798281   
0.0216464    20.3085      0.0443086     0.0655854    0.0739276    0.0641881   
-0.00795523  0.0443086    20.2749       0.0798281    0.0641881    0.140062    

Stress Spherical
0            0            0             0            0            0           
0            0            0             0            0            0           
0            0            0             0            0            0           

Inertia
149.967      -56.2269     -56.2745      0.35217      0.161452     0.129       
-56.2269     150.009      -56.2296      0.161452     0.293422     0.167145    
-56.2745     -56.2296     150.032       0.129        0.167145     0.348966    

Bond Length
0.61841208    0.0021388212

BB bond length
0.61841208    0.0021388212

Water EE distance
0             0           

PEG EE distance
7.2586173     0.14003161  

BBB P2(x)
0.50472826    0.016133273 

BBB first bond length
0.61844088    0.0022338668

BBB second bond length
0.61839374    0.002184156 

BBB <phi**2>/<phi>**2
1.2230694     0.0086399698

Time = 25000
Temperature
1.0151588     0.0075508496

Pressure
23.391259     0.048886924 

CM Mom
2.1587301e-16  3.3378752e-17 
-3.9434616e-17 1.934933e-17  
1.2947667e-16  1.8725561e-17 
2.5635378e-16  3.2285825e-17 

CM Pos
7.5051029      0.015514786   
7.4978296      0.011631591   
7.5041211      0.016540392   
12.994476      0.010301503   

Stress
20.337       0.0127443    -0.0435164    0.0814034    0.0508155    0.0686535   
0.0127443    20.3368      -0.0103884    0.0508155    0.106363     0.0631626   
-0.0435164   -0.0103884   20.3816       0.0686535    0.0631626    0.121252    

Stress Spherical
0            0            0             0            0            0           
0            0            0             0            0            0           
0            0            0             0            0            0           

Inertia
150.024      -56.2757     -56.2768      0.283687     0.189832     0.118002    
-56.2757     150.109      -56.2822      0.189832     0.251027     0.159733    
-56.2768     -56.2822     150.045       0.118002     0.159733     0.266518    

Bond Length
0.61914352    0.0032060634

BB bond length
0.61914352    0.0032060634

Water EE distance
0             0           

PEG EE distance
7.1832469     0.11024521  

BBB P2(x)
0.50035193    0.0081434869

BBB first bond length
0.61908123    0.0030198558

BBB second bond length
0.6193916     0.0033253195

BBB <phi**2>/<phi>**2
1.2188164     0.011253436 

Time = 26000
Temperature
1.007883      0.0072180653

Pressure
23.30399      0.070780671 

CM Mom
2.2593835e-16  1.0810144e-17 
-4.4921458e-17 2.0883841e-17 
1.2494242e-16  2.526541e-17  
2.6370186e-16  1.8148007e-17 

CM Pos
7.5083686      0.016217516   
7.4984234      0.0079993233  
7.4999647      0.01273485    
12.994296      0.01316242    

Stress
20.3041      0.0248047    -0.0126636    0.103829     0.0595183    0.0681013   
0.0248047    20.2903      0.0362926     0.0595183    0.0724832    0.100185    
-0.0126636   0.0362926    20.2646       0.0681013    0.100185     0.0948456   

Stress Spherical
0            0            0             0            0            0           
0            0            0             0            0            0           
0            0            0             0            0            0           

Inertia
149.984      -56.2624     -56.3078      0.249719     0.132782     0.192392    
-56.2624     150.133      -56.2728      0.132782     0.330874     0.147397    
-56.3078     -56.2728     150.115       0.192392     0.147397     0.281465    

Bond Length
0.61867069    0.0018484058

BB bond length
0.61867069    0.0018484058

Water EE distance
0             0           

PEG EE distance
7.0343894     0.16430837  

BBB P2(x)
0.50701069    0.0087423845

BBB first bond length
0.61850978    0.0019364667

BBB second bond length
0.61873137    0.0019761731

BBB <phi**2>/<phi>**2
1.2209435     0.0055022748

Time = 27000
Temperature
1.0076872     0.0064001824

Pressure
23.29224      0.091038643 

CM Mom
1.981663e-16   1.5674245e-17 
-1.8023133e-17 2.2688674e-17 
1.1794348e-16  2.2741995e-17 
2.3353869e-16  1.5579339e-17 

CM Pos
7.4954542      0.014260418   
7.4948608      0.0094584061  
7.4981834      0.010984661   
12.983753      0.009776792   

Stress
20.2743      0.0478283    -0.0154604    0.0942525    0.0925626    0.0783433   
0.0478283    20.2603      0.0262204     0.0925626    0.106685     0.0738123   
-0.0154604   0.0262204    20.2908       0.0783433    0.0738123    0.103532    

Stress Spherical
0            0            0             0            0            0           
0            0            0             0            0            0           
0            0            0             0            0            0           

Inertia
149.888      -56.2022     -56.177       0.207613     0.107868     0.191578    
-56.2022     149.914      -56.1927      0.107868     0.275575     0.132691    
-56.177      -56.1927     149.863       0.191578     0.132691     0.195695    

Bond Length
0.61800008    0.001938723 

BB bond length
0.61800008    0.001938723 

Water EE distance
0             0           

PEG EE distance
6.9077576     0.19300142  

BBB P2(x)
0.50457831    0.01503168  

BBB first bond length
0.61791119    0.0018576071

BBB second bond length
0.61816402    0.0019360925

BBB <phi**2>/<phi>**2
1.2237678     0.011365223 

Time = 28000
Temperature
1.0105848     0.0074951766

Pressure
23.275727     0.059501948 

CM Mom
2.1431507e-16  2.3585478e-17 
-1.7255975e-17 1.6968326e-17 
1.1634585e-16  1.343785e-17  
2.4562576e-16  2.1397129e-17 

CM Pos
7.4987199      0.0077431775  
7.4902591      0.019061282   
7.5008553      0.011052653   
12.984523      0.01765799    

Stress
20.2785      -0.0276341   -0.000529753  0.089955     0.084667     0.0883076   
-0.0276341   20.2067      0.029728      0.084667     0.0979463    0.136858    
-0.000529753 0.029728     20.2648       0.0883076    0.136858     0.0771721   

Stress Spherical
0            0            0             0            0            0           
