Time = 1000
Temperature
   1.0533771   0.056808737

Pressure
   23.634144    0.28655173

CM Mom
-1.1027911e-16 1.9297432e-17 
2.4322519e-18  1.85485e-17   
1.2590337e-16  2.4600265e-16 
2.5230919e-16  1.5997771e-16 

CM Pos
7.4986188      0.025361424   
7.500551       0.010491152   
7.4897768      0.0086049078  
12.98402       0.019033592   

Stress
20.4715      0.00676696   -0.038893     0.205253     0.0791322    0.0512986   
0.00676696   20.4683      0.0376615     0.0791322    0.15532      0.0917612   
-0.038893    0.0376615    20.5001       0.0512986    0.0917612    0.144307    

Stress Spherical
0            0            0             0            0            0           
0            0            0             0            0            0           
0            0            0             0            0            0           

Inertia
149.903      -56.2453     -56.1555      0.850548     0.291977     0.210882    
-56.2453     149.892      -56.1932      0.291977     0.803131     0.103793    
-56.1555     -56.1932     150.018       0.210882     0.103793     0.70209     

Bond Length
0.61874124    0.0052601492

BB bond length
0.61874124    0.0052601492

Water EE distance
0             0           

PEG EE distance
6.3905272     0.17821849  

BBB P2(x)
0.47734849    0.055406189 

BBB first bond length
0.61864277    0.0054074091

BBB second bond length
0.61879845    0.0052410964

BBB <phi**2>/<phi>**2
1.2160238     0.018297576 

Time = 2000
Temperature
1.0120323     0.0077143638

Pressure
23.404598     0.074739397 

CM Mom
-1.3162174e-16 1.8538522e-17 
9.8844564e-18  1.5642023e-17 
5.4421911e-17  1.5595473e-17 
1.4441609e-16  1.8954999e-17 

CM Pos
7.5008452      0.024344238   
7.5066365      0.012706745   
7.4957139      0.0059389221  
12.992244      0.01930003    

Stress
20.3979      0.00733654   -0.0139283    0.0690813    0.0787779    0.0682809   
0.00733654   20.3365      -0.0464858    0.0787779    0.124022     0.0677827   
-0.0139283   -0.0464858   20.3883       0.0682809    0.0677827    0.0912368   

Stress Spherical
0            0            0             0            0            0           
0            0            0             0            0            0           
0            0            0             0            0            0           

Inertia
149.928      -56.2865     -56.2558      0.274749     0.2845       0.16648     
-56.2865     149.857      -56.2759      0.2845       0.385646     0.127116    
-56.2558     -56.2759     150.014       0.16648      0.127116     0.457232    

Bond Length
0.6172733     0.0039496445

BB bond length
0.6172733     0.0039496445

Water EE distance
0             0           

PEG EE distance
6.6444464     0.27157796  

BBB P2(x)
0.51488198    0.015855984 

BBB first bond length
0.61733114    0.003637973 

BBB second bond length
0.61726013    0.0041329192

BBB <phi**2>/<phi>**2
1.2265071     0.013717148 

