Time = 1000
Temperature
   1.0302578   0.043741556

Pressure
   23.414466   0.084501994

CM Mom
-6.5308302e-17 2.571396e-17  
1.6413614e-17  1.3450543e-17 
-7.3839596e-17 8.5638586e-17 
1.2006443e-16  6.1216759e-17 

CM Pos
7.4974928      0.023110081   
7.5034651      0.019719287   
7.4986195      0.012599187   
12.990172      0.013717977   

Stress
20.2996      -0.0332447   0.00352697    0.138294     0.0563458    0.0654083   
-0.0332447   20.3259      0.0336697     0.0563458    0.0850376    0.0885835   
0.00352697   0.0336697    20.351        0.0654083    0.0885835    0.0996645   

Stress Spherical
0            0            0             0            0            0           
0            0            0             0            0            0           
0            0            0             0            0            0           

Inertia
149.967      -56.2978     -56.2215      0.276907     0.130227     0.149023    
-56.2978     149.865      -56.3029      0.130227     0.796266     0.200191    
-56.2215     -56.3029     149.929       0.149023     0.200191     0.632881    

Bond Length
0.57028335    0.004072667 

BB bond length
0.57028335    0.004072667 

Water EE distance
0             0           

PEG EE distance
2.2355632     0.081611971 

Time = 2000
Temperature
1.0111072     0.0088104262

Pressure
23.265992     0.084679895 

CM Mom
-8.1371783e-17 1.7113038e-17 
1.7358549e-18  1.819182e-17  
-7.2953085e-17 1.8050054e-17 
1.1278712e-16  1.323634e-17  

CM Pos
7.4928975      0.015393721   
7.4991662      0.015638019   
7.506476       0.010343644   
12.98956       0.010983297   

Stress
20.2395      -0.00663078  -0.0106759    0.114854     0.0795082    0.0633632   
-0.00663078  20.2246      0.00815408    0.0795082    0.127499     0.0660998   
-0.0106759   0.00815408   20.2393       0.0633632    0.0660998    0.128652    

Stress Spherical
0            0            0             0            0            0           
0            0            0             0            0            0           
0            0            0             0            0            0           

Inertia
149.973      -56.2432     -56.2363      0.297453     0.126319     0.153329    
-56.2432     149.857      -56.2718      0.126319     0.47023      0.197413    
-56.2363     -56.2718     149.76        0.153329     0.197413     0.352303    

Bond Length
0.56943735    0.0020390595

BB bond length
0.56943735    0.0020390595

Water EE distance
0             0           

PEG EE distance
2.2372819     0.065710985 

Time = 3000
Temperature
1.010005      0.0073473016

Pressure
23.327262     0.098500018 

CM Mom
-7.41671e-17   1.5512246e-17 
2.4439252e-17  2.2103309e-17 
-6.6735716e-17 2.0069585e-17 
1.0665487e-16  1.7561448e-17 

CM Pos
7.4998646      0.011529101   
7.5000557      0.011313621   
7.4999536      0.01451275    
12.990322      0.010618637   

Stress
20.2419      -0.0425259   -0.051623     0.140576     0.0748743    0.0435851   
-0.0425259   20.3078      0.0118033     0.0748743    0.11047      0.0740934   
-0.051623    0.0118033    20.3475       0.0435851    0.0740934    0.112713    

Stress Spherical
0            0            0             0            0            0           
0            0            0             0            0            0           
0            0            0             0            0            0           

Inertia
149.931      -56.2326     -56.2159      0.321376     0.127        0.143764    
-56.2326     149.908      -56.2365      0.127        0.202523     0.175869    
-56.2159     -56.2365     149.936       0.143764     0.175869     0.194667    

Bond Length
0.56907629    0.0030008591

BB bond length
0.56907629    0.0030008591

Water EE distance
0             0           

PEG EE distance
2.2285728     0.06088872  

