Time = 1000
Temperature
    1.060355    0.07605014

Pressure
   23.716899    0.43443019

CM Mom
2.9175668e-17  3.0442492e-17 
-2.6826914e-17 1.902716e-17  
-2.9175188e-17 1.2513749e-16 
1.1106356e-16  8.3875794e-17 

CM Pos
7.5040133      0.019773581   
7.5038224      0.019236805   
7.4988595      0.01543058    
12.994279      0.013261345   

Stress
20.4883      -0.0513876   -0.0304036    0.248835     0.0523633    0.0834928   
-0.0513876   20.5619      -0.0318997    0.0523633    0.238133     0.0612878   
-0.0304036   -0.0318997   20.5677       0.0834928    0.0612878    0.177956    

Stress Spherical
0            0            0             0            0            0           
0            0            0             0            0            0           
0            0            0             0            0            0           

Inertia
150.101      -56.2901     -56.2658      1.37506      0.128269     0.12559     
-56.2901     150.099      -56.2593      0.128269     0.99924      0.197366    
-56.2658     -56.2593     150.168       0.12559      0.197366     0.996313    

Bond Length
0.62008723    0.0051165574

BB bond length
0.62008723    0.0051165574

Water EE distance
0             0           

PEG EE distance
7.4447005     0.23005882  

BBB P2(x)
0.49010512    0.055199358 

BBB first bond length
0.62003023    0.0056271855

BBB second bond length
0.61993501    0.0051020826

BBB <phi**2>/<phi>**2
1.2244353     0.016705088 

Time = 2000
Temperature
1.0085425     0.0050766687

Pressure
23.428145     0.086994983 

CM Mom
2.3988787e-17  1.867692e-17  
-3.1213359e-18 1.9956031e-17 
-2.1310651e-17 5.2463744e-17 
6.0884571e-17  2.884324e-17  

CM Pos
7.4998607      0.010528914   
7.4928475      0.018794946   
7.4970798      0.013315662   
12.984505      0.012378419   

Stress
20.4024      0.0254432    0.0253724     0.105655     0.0753445    0.0743493   
0.0254432    20.4578      0.00771591    0.0753445    0.0931863    0.0640477   
0.0253724    0.00771591   20.3572       0.0743493    0.0640477    0.109853    

Stress Spherical
0            0            0             0            0            0           
0            0            0             0            0            0           
0            0            0             0            0            0           

Inertia
149.736      -56.2121     -56.2308      0.434281     0.192966     0.180288    
-56.2121     149.84       -56.1676      0.192966     0.319234     0.158424    
-56.2308     -56.1676     149.767       0.180288     0.158424     0.363439    

Bond Length
0.61772697    0.002745885 

BB bond length
0.61772697    0.002745885 

Water EE distance
0             0           

PEG EE distance
7.9111635     0.13563779  

BBB P2(x)
0.51540192    0.010693067 

BBB first bond length
0.61761888    0.0028079465

BBB second bond length
0.61804698    0.0026705127

BBB <phi**2>/<phi>**2
1.2206595     0.011899908 

Time = 3000
Temperature
1.0070825     0.0095081804

Pressure
23.366411     0.084620325 

CM Mom
3.7742945e-17  3.263004e-17  
1.0524286e-19  1.0956972e-17 
6.6150697e-18  1.0578329e-17 
4.3746419e-17  2.917579e-17  

CM Pos
7.5044583      0.018505408   
7.4999663      0.013718407   
7.4994528      0.008026533   
12.992632      0.017051804   

Stress
20.3169      -0.039483    -0.00266615   0.100733     0.0803504    0.0617185   
-0.039483    20.3827      0.033263      0.0803504    0.110417     0.0636257   
-0.00266615  0.033263     20.3457       0.0617185    0.0636257    0.131202    

Stress Spherical
0            0            0             0            0            0           
0            0            0             0            0            0           
0            0            0             0            0            0           

Inertia
149.928      -56.262      -56.3246      0.276232     0.224163     0.171785    
-56.262      150.017      -56.2673      0.224163     0.302428     0.120242    
-56.3246     -56.2673     149.997       0.171785     0.120242     0.420757    

Bond Length
0.61876863    0.0031195188

BB bond length
0.61876863    0.0031195188

Water EE distance
0             0           

PEG EE distance
7.8295146     0.27379399  

BBB P2(x)
0.50789307    0.018882418 

BBB first bond length
0.6186053     0.0029747122

BBB second bond length
0.61878391    0.003367602 

BBB <phi**2>/<phi>**2
1.2248596     0.01249816  

Time = 4000
Temperature
1.0079723     0.0059132957

Pressure
23.419533     0.057794191 

CM Mom
5.1089579e-17  3.3307319e-17 
8.5950626e-19  9.0602921e-18 
2.3314244e-17  2.6897769e-17 
6.5287578e-17  2.840645e-17  

CM Pos
7.5016404      0.014330084   
7.5007079      0.014905635   
7.5010842      0.014424935   
12.992383      0.01111119    

Stress
20.3849      -0.0191978   0.00644883    0.110056     0.0526625    0.0763668   
-0.0191978   20.4299      -0.00682374   0.0526625    0.043388     0.0596553   
0.00644883   -0.00682374  20.3819       0.0763668    0.0596553    0.0738032   

Stress Spherical
0            0            0             0            0            0           
0            0            0             0            0            0           
0            0            0             0            0            0           

Inertia
149.983      -56.2468     -56.3022      0.188528     0.186186     0.115931    
-56.2468     149.99       -56.2504      0.186186     0.22965      0.0598067   
-56.3022     -56.2504     149.989       0.115931     0.0598067    0.323157    

Bond Length
0.61832394    0.0025056479

BB bond length
0.61832394    0.0025056479

Water EE distance
0             0           

PEG EE distance
7.9862418     0.17098363  

BBB P2(x)
0.51276369    0.014092546 

BBB first bond length
0.61818774    0.0026102278

BBB second bond length
0.61846652    0.0026540495

BBB <phi**2>/<phi>**2
1.2190283     0.010701051 

Time = 5000
Temperature
1.0090047     0.011173371 

Pressure
23.341551     0.083409875 

CM Mom
2.7772041e-17  2.3098984e-17 
-1.3209557e-18 3.4586068e-17 
6.1515895e-17  3.4557089e-17 
8.311964e-17   2.3923072e-17 

CM Pos
7.4960046      0.0090505119  
7.4989282      0.01935365    
7.4923339      0.0171994     
12.983053      0.012984451   

Stress
20.261       -0.0442671   0.0249484     0.0702951    0.0653603    0.0698365   
-0.0442671   20.3351      0.0170103     0.0653603    0.0916785    0.0815488   
0.0249484    0.0170103    20.3573       0.0698365    0.0815488    0.0985079   

Stress Spherical
0            0            0             0            0            0           
0            0            0             0            0            0           
0            0            0             0            0            0           

Inertia
149.837      -56.1975     -56.1766      0.269548     0.163696     0.175925    
-56.1975     149.776      -56.203       0.163696     0.303156     0.148671    
-56.1766     -56.203      149.862       0.175925     0.148671     0.322184    

Bond Length
0.61939232    0.0025247575

BB bond length
0.61939232    0.0025247575

Water EE distance
0             0           

PEG EE distance
7.3278261     0.33095874  

BBB P2(x)
0.52080906    0.023891324 

BBB first bond length
0.61966479    0.0027326338

BBB second bond length
0.61946313    0.0027324341

BBB <phi**2>/<phi>**2
1.22462       0.007908849 

Time = 6000
Temperature
1.012493      0.0082082245

Pressure
23.376735     0.11009634  

CM Mom
-8.2012594e-18 1.34792e-17   
1.5351737e-17  2.416174e-17  
3.5680212e-17  1.4021851e-17 
4.8978114e-17  1.1800389e-17 

CM Pos
7.5060897      0.012840534   
7.4946272      0.016053066   
7.4966349      0.014934383   
12.988877      0.008850984   

Stress
20.319       -0.0117953   0.0111105     0.12797      0.0795412    0.0749637   
-0.0117953   20.3846      -0.0183512    0.0795412    0.110222     0.0474542   
0.0111105    -0.0183512   20.3241       0.0749637    0.0474542    0.130706    

Stress Spherical
0            0            0             0            0            0           
0            0            0             0            0            0           
0            0            0             0            0            0           

Inertia
149.855      -56.2618     -56.2525      0.218565     0.121085     0.10734     
-56.2618     150.015      -56.1899      0.121085     0.32502      0.111378    
-56.2525     -56.1899     149.992       0.10734      0.111378     0.317122    

Bond Length
0.62092897    0.0016319524

BB bond length
0.62092897    0.0016319524

Water EE distance
0             0           

PEG EE distance
7.1703834     0.18344102  

BBB P2(x)
0.52656804    0.0066291743

BBB first bond length
0.62082354    0.0014843195

BBB second bond length
0.62082766    0.0018910138

BBB <phi**2>/<phi>**2
1.230498      0.011552052 

Time = 7000
Temperature
1.008526      0.0077523607

Pressure
23.390132     0.064826356 

CM Mom
-2.5753629e-17 1.2325913e-17 
-4.4243167e-18 1.6985053e-17 
5.1502866e-17  1.7200558e-17 
6.2251556e-17  1.4014005e-17 

CM Pos
7.5032718      0.011659977   
7.4900296      0.013502661   
7.4958933      0.011625971   
12.984155      0.014457162   

Stress
20.2929      0.00230789   0.0465967     0.110756     0.099806     0.0784552   
0.00230789   20.4446      -0.0443777    0.099806     0.132198     0.0694902   
0.0465967    -0.0443777   20.366        0.0784552    0.0694902    0.106469    

Stress Spherical
0            0            0             0            0            0           
0            0            0             0            0            0           
0            0            0             0            0            0           

Inertia
149.776      -56.2579     -56.2539      0.338757     0.165431     0.139673    
-56.2579     149.975      -56.1562      0.165431     0.260443     0.190271    
-56.2539     -56.1562     149.875       0.139673     0.190271     0.279699    

Bond Length
0.61965454    0.002534627 

BB bond length
0.61965454    0.002534627 

Water EE distance
0             0           

PEG EE distance
7.2630496     0.14941266  

BBB P2(x)
0.50993358    0.010672445 

BBB first bond length
0.61952941    0.0029947956

BBB second bond length
0.6196025     0.0027564615

BBB <phi**2>/<phi>**2
1.2212544     0.011734437 

Time = 8000
Temperature
1.0144701     0.010176181 

Pressure
23.365064     0.096848125 

CM Mom
-1.5434888e-17 1.1205527e-17 
-7.8458761e-19 1.2400598e-17 
5.8912129e-17  1.8615625e-17 
6.3273861e-17  1.8215074e-17 

CM Pos
7.4986742      0.01523765    
7.4955171      0.009720765   
7.4978214      0.013061324   
12.985782      0.0138047     

Stress
20.3546      0.0577749    -0.0232501    0.129239     0.0532882    0.0875698   
0.0577749    20.3544      0.012781      0.0532882    0.133502     0.0972525   
-0.0232501   0.012781     20.2659       0.0875698    0.0972525    0.0824141   

Stress Spherical
0            0            0             0            0            0           
0            0            0             0            0            0           
0            0            0             0            0            0           

Inertia
149.901      -56.1773     -56.2228      0.22733      0.180156     0.161024    
-56.1773     149.942      -56.1938      0.180156     0.329699     0.14584     
-56.2228     -56.1938     149.893       0.161024     0.14584      0.329091    

Bond Length
0.6197907     0.0017985229

BB bond length
0.6197907     0.0017985229

Water EE distance
0             0           

PEG EE distance
7.3523981     0.15118899  

BBB P2(x)
0.51828201    0.0091397217

BBB first bond length
0.61989352    0.0018932963

BBB second bond length
0.62004505    0.0018955836

BBB <phi**2>/<phi>**2
1.2265081     0.010693591 

Time = 9000
Temperature
1.0104964     0.0071715857

Pressure
23.425599     0.086846974 

CM Mom
-1.9217182e-17 1.976865e-17  
-7.7904418e-18 2.438613e-17  
3.8343804e-17  1.2873939e-17 
5.3784275e-17  1.2598068e-17 

CM Pos
7.5046066      0.011823887   
7.5081233      0.015555515   
7.4997494      0.0099808946  
12.997598      0.014303024   

Stress
20.4069      0.0192725    0.0121392     0.106331     0.0832507    0.0673193   
0.0192725    20.4261      0.00469614    0.0832507    0.120292     0.0582179   
0.0121392    0.00469614   20.3592       0.0673193    0.0582179    0.106976    

Stress Spherical
0            0            0             0            0            0           
0            0            0             0            0            0           
0            0            0             0            0            0           

Inertia
150.105      -56.3531     -56.3032      0.278349     0.210028     0.121716    
-56.3531     150.059      -56.3134      0.210028     0.284754     0.162388    
-56.3032     -56.3134     150.171       0.121716     0.162388     0.332006    

Bond Length
0.61937734    0.0020985253

BB bond length
0.61937734    0.0020985253

Water EE distance
0             0           

PEG EE distance
7.4409291     0.10178574  

BBB P2(x)
0.50790616    0.011790069 

BBB first bond length
0.61918589    0.00227903  

BBB second bond length
0.61943616    0.0022064369

BBB <phi**2>/<phi>**2
1.2241951     0.0077904426

Time = 10000
Temperature
1.004456      0.0094568764

Pressure
23.422307     0.099879185 

CM Mom
1.4264456e-17  1.4360592e-17 
-1.110964e-17  1.3267236e-17 
4.38082e-17    1.8336781e-17 
5.2257759e-17  1.5286185e-17 

CM Pos
7.505793       0.01099891    
7.4953687      0.0092868136  
7.4936687      0.0144554     
12.987408      0.014153121   

Stress
20.4328      -0.00475297  0.0381503     0.159093     0.103235     0.0738549   
-0.00475297  20.4477      0.0237534     0.103235     0.1196       0.0574356   
0.0381503    0.0237534    20.3561       0.0738549    0.0574356    0.0887159   

Stress Spherical
0            0            0             0            0            0           
0            0            0             0            0            0           
0            0            0             0            0            0           

Inertia
149.823      -56.2435     -56.2641      0.284851     0.181916     0.180417    
-56.2435     149.978      -56.1679      0.181916     0.305954     0.146587    
-56.2641     -56.1679     149.99        0.180417     0.146587     0.287396    

Bond Length
0.61624785    0.0026807315

BB bond length
0.61624785    0.0026807315

Water EE distance
0             0           

PEG EE distance
6.8845346     0.2144401   

BBB P2(x)
0.51813024    0.012164942 

BBB first bond length
0.61610734    0.0023707448

BBB second bond length
0.61614669    0.0029146937

BBB <phi**2>/<phi>**2
1.2326861     0.011321075 

Time = 11000
Temperature
1.0121843     0.0071627779

Pressure
23.435457     0.073430533 

CM Mom
2.7191079e-17  1.3796627e-17 
-2.88279e-17   2.0651849e-17 
6.610672e-17   2.8405892e-17 
8.272164e-17   2.2833569e-17 

CM Pos
7.4968945      0.022384385   
7.4949238      0.010882304   
7.4889228      0.013621866   
12.979291      0.009814901   

Stress
20.4152      0.0515253    -0.00578763   0.0769862    0.0752153    0.103285    
0.0515253    20.4459      -0.0309602    0.0752153    0.106605     0.0640483   
-0.00578763  -0.0309602   20.3454       0.103285     0.0640483    0.0780349   

Stress Spherical
0            0            0             0            0            0           
0            0            0             0            0            0           
0            0            0             0            0            0           

Inertia
149.734      -56.2042     -56.1171      0.227976     0.129605     0.162979    
-56.2042     149.766      -56.1414      0.129605     0.29762      0.170341    
-56.1171     -56.1414     149.855       0.162979     0.170341     0.275473    

Bond Length
0.61854831    0.0033799891

BB bond length
0.61854831    0.0033799891

Water EE distance
0             0           

PEG EE distance
7.780545      0.35766991  

BBB P2(x)
0.50960285    0.0078429351

BBB first bond length
0.61858389    0.0033685464

BBB second bond length
0.61855341    0.0033167766

BBB <phi**2>/<phi>**2
1.2295699     0.014397166 

Time = 12000
Temperature
1.0128064     0.010223219 

Pressure
23.450843     0.10049081  

CM Mom
4.6066908e-17  1.6960609e-17 
-2.6604628e-17 2.3204848e-17 
4.0200304e-17  2.5389965e-17 
7.3774343e-17  2.1775091e-17 

CM Pos
7.4954114      0.011333779   
7.4984832      0.0099001301  
7.4963383      0.011193175   
12.984754      0.006190871   

Stress
20.3959      0.000225639  -0.0074995    0.115746     0.0649887    0.0549763   
0.000225639  20.4158      -0.00674098   0.0649887    0.140564     0.0536533   
-0.0074995   -0.00674098  20.4354       0.0549763    0.0536533    0.171994    

Stress Spherical
0            0            0             0            0            0           
0            0            0             0            0            0           
0            0            0             0            0            0           

Inertia
149.907      -56.1669     -56.1535      0.220574     0.128916     0.130947    
-56.1669     149.87       -56.1996      0.128916     0.186859     0.121472    
-56.1535     -56.1996     149.898       0.130947     0.121472     0.154684    

Bond Length
0.61880198    0.0040564016

BB bond length
0.61880198    0.0040564016

Water EE distance
0             0           

PEG EE distance
8.0365495     0.10198381  

BBB P2(x)
0.51026412    0.014688998 

BBB first bond length
0.61898176    0.0041886843

BBB second bond length
0.61889522    0.0041004743

BBB <phi**2>/<phi>**2
1.2224337     0.008827733 

Time = 13000
Temperature
1.0113255     0.005184325 

Pressure
23.418832     0.078456805 

CM Mom
5.7409502e-17  1.5156769e-17 
-3.4219436e-17 1.1591222e-17 
2.6880015e-17  2.2212767e-17 
7.6354256e-17  1.4726665e-17 

CM Pos
7.4974877      0.022494171   
7.5010045      0.0095022158  
7.4948552      0.017088421   
12.986565      0.016341337   

Stress
20.4017      -0.0222976   -0.0499092    0.112176     0.0582189    0.0516705   
-0.0222976   20.3644      0.00177363    0.0582189    0.0909935    0.0753042   
-0.0499092   0.00177363   20.3983       0.0516705    0.0753042    0.0976858   

Stress Spherical
0            0            0             0            0            0           
0            0            0             0            0            0           
0            0            0             0            0            0           

Inertia
149.931      -56.2119     -56.1704      0.373171     0.157771     0.175258    
-56.2119     149.875      -56.2334      0.157771     0.348649     0.194886    
-56.1704     -56.2334     149.957       0.175258     0.194886     0.345864    

Bond Length
0.61803624    0.0027233223

BB bond length
0.61803624    0.0027233223

Water EE distance
0             0           

PEG EE distance
7.5538357     0.091245703 

BBB P2(x)
0.51773715    0.006599795 

BBB first bond length
0.61794053    0.0029962136

BBB second bond length
0.61775387    0.0028913139

BBB <phi**2>/<phi>**2
1.2278171     0.0079846444

Time = 14000
Temperature
1.0118236     0.0078153448

Pressure
23.34184      0.081747143 

CM Mom
7.2942772e-17  1.6539197e-17 
-3.1155455e-17 1.5437168e-17 
-1.1443618e-19 2.9580747e-17 
8.5886519e-17  1.7369546e-17 

CM Pos
7.5006022      0.018995749   
7.4946272      0.012333769   
7.4924822      0.013111748   
12.983303      0.017292959   

Stress
20.3327      -0.0299174   0.0045773     0.119588     0.0653304    0.0935253   
-0.0299174   20.263       -0.013722     0.0653304    0.147633     0.0456157   
0.0045773    -0.013722    20.3332       0.0935253    0.0456157    0.0902184   

Stress Spherical
0            0            0             0            0            0           
0            0            0             0            0            0           
0            0            0             0            0            0           

Inertia
149.797      -56.2401     -56.2049      0.296526     0.206301     0.189018    
-56.2401     149.885      -56.1628      0.206301     0.346787     0.168946    
-56.2049     -56.1628     149.922       0.189018     0.168946     0.412589    

Bond Length
0.61931109    0.0025163737

BB bond length
0.61931109    0.0025163737

Water EE distance
0             0           

PEG EE distance
7.2364296     0.13771477  

BBB P2(x)
0.5096338     0.015961226 

BBB first bond length
0.61908382    0.0023903705

BBB second bond length
0.61920722    0.0025879363

BBB <phi**2>/<phi>**2
1.2234        0.008573571 

Time = 15000
Temperature
1.0082257     0.0060502724

Pressure
23.365541     0.071519509 

CM Mom
3.6418696e-17  2.573989e-17  
-2.1580687e-17 1.5786626e-17 
-1.4367915e-17 1.68515e-17   
5.3925669e-17  1.6918604e-17 

CM Pos
7.5008988      0.012844816   
7.4962586      0.011178427   
7.4994528      0.014703576   
12.988437      0.013213313   

Stress
20.3538      -0.0160769   0.0268985     0.101596     0.0709749    0.060692    
-0.0160769   20.3448      -0.0100352    0.0709749    0.143747     0.0537776   
0.0268985    -0.0100352   20.3338       0.060692     0.0537776    0.0868716   

Stress Spherical
0            0            0             0            0            0           
0            0            0             0            0            0           
0            0            0             0            0            0           

Inertia
149.92       -56.2534     -56.2431      0.276748     0.14186      0.164977    
-56.2534     149.999      -56.2243      0.14186      0.305348     0.114547    
-56.2431     -56.2243     149.941       0.164977     0.114547     0.310724    

Bond Length
0.61796371    0.0021164277

BB bond length
0.61796371    0.0021164277

Water EE distance
0             0           

PEG EE distance
7.2781335     0.21710579  

BBB P2(x)
0.50323971    0.013260592 

BBB first bond length
0.61805164    0.0023018075

BBB second bond length
0.61784389    0.0023683906

BBB <phi**2>/<phi>**2
1.2246345     0.0058116595

Time = 16000
Temperature
1.0127979     0.0078233402

Pressure
23.397477     0.067735122 

CM Mom
2.5675417e-17  2.0429022e-17 
5.0576949e-18  1.8876864e-17 
-1.8633064e-17 1.927346e-17  
4.1127609e-17  2.2037817e-17 

CM Pos
7.5028269      0.0097929053  
7.5014494      0.015692775   
7.4909991      0.014603758   
12.987672      0.012753166   

Stress
20.4127      0.0285677    0.0109118     0.109867     0.0726068    0.0557374   
0.0285677    20.3158      -0.0826971    0.0726068    0.10698      0.0450488   
0.0109118    -0.0826971   20.3587       0.0557374    0.0450488    0.122322    

Stress Spherical
0            0            0             0            0            0           
0            0            0             0            0            0           
0            0            0             0            0            0           

Inertia
149.888      -56.2757     -56.2308      0.392593     0.11575      0.051343    
-56.2757     149.907      -56.1579      0.11575      0.176415     0.184614    
-56.2308     -56.1579     150.066       0.051343     0.184614     0.231111    

Bond Length
0.61975025    0.001661588 

BB bond length
0.61975025    0.001661588 

Water EE distance
0             0           

PEG EE distance
7.4516348     0.14326045  

BBB P2(x)
0.50845818    0.015407884 

BBB first bond length
0.61968272    0.0016859784

BBB second bond length
0.6195503     0.00190291  

BBB <phi**2>/<phi>**2
1.2285349     0.0098844515

Time = 17000
Temperature
1.009374      0.010255148 

Pressure
23.447064     0.076674653 

CM Mom
4.283316e-17   1.3574025e-17 
2.9207845e-17  1.1213731e-17 
-3.8748584e-17 1.2095081e-17 
6.6468816e-17  1.5080449e-17 

CM Pos
7.4998607      0.0085454975  
7.5064919      0.011484157   
7.4905542      0.012129668   
12.98861       0.0096302486  

Stress
20.3967      0.0117345    -0.00297294   0.121221     0.0847041    0.0921183   
0.0117345    20.4342      0.0138662     0.0847041    0.0956433    0.0476683   
-0.00297294  0.0138662    20.4358       0.0921183    0.0476683    0.114735    

Stress Spherical
0            0            0             0            0            0           
0            0            0             0            0            0           
0            0            0             0            0            0           

Inertia
149.954      -56.3057     -56.209       0.24745      0.136187     0.151658    
-56.3057     149.855      -56.2436      0.136187     0.163942     0.131031    
-56.209      -56.2436     150.084       0.151658     0.131031     0.2041      

Bond Length
0.6192167     0.0028774897

BB bond length
0.6192167     0.0028774897

Water EE distance
0             0           

PEG EE distance
6.7167467     0.12554804  

BBB P2(x)
0.50582834    0.0087559283

BBB first bond length
0.61925031    0.0032685338

BBB second bond length
0.61958735    0.0029371349

BBB <phi**2>/<phi>**2
1.2266781     0.0080336083

Time = 18000
Temperature
1.0127217     0.0066146377

Pressure
23.380161     0.069735228 

CM Mom
3.0562418e-17  1.2509222e-17 
8.718006e-18   1.381603e-17  
-5.1896395e-17 1.249527e-17  
6.3497001e-17  1.3225991e-17 

CM Pos
7.4927418      0.01229805    
7.4934407      0.01219748    
7.4951518      0.011993811   
12.979617      0.011446713   

Stress
20.3363      -0.00956931  -2.53992e-05  0.103578     0.0498566    0.0712746   
-0.00956931  20.3669      -0.023148     0.0498566    0.123768     0.0530094   
-2.53992e-05 -0.023148    20.3326       0.0712746    0.0530094    0.147012    

Stress Spherical
0            0            0             0            0            0           
0            0            0             0            0            0           
0            0            0             0            0            0           

Inertia
149.807      -56.1646     -56.1679      0.267271     0.131644     0.131485    
-56.1646     149.829      -56.1487      0.131644     0.232835     0.124928    
-56.1679     -56.1487     149.784       0.131485     0.124928     0.222667    

Bond Length
0.61998087    0.0033943611

BB bond length
0.61998087    0.0033943611

Water EE distance
0             0           

PEG EE distance
7.0430108     0.10612445  

BBB P2(x)
0.50419255    0.0071493714

BBB first bond length
0.61977675    0.0035493006

BBB second bond length
0.62017339    0.0036960585

BBB <phi**2>/<phi>**2
1.2269877     0.012612119 

Time = 19000
Temperature
1.0091268     0.0080059822

Pressure
23.347593     0.062610755 

CM Mom
2.5364765e-17  1.6958726e-17 
-4.6294511e-18 3.2572719e-17 
-2.7760515e-17 8.6091136e-18 
4.9135408e-17  2.1067944e-17 

CM Pos
7.4936317      0.011173507   
7.4999663      0.024779635   
7.495745       0.012692363   
12.984248      0.020088887   

Stress
20.2959      0.0164863    0.00339609    0.104879     0.0930587    0.0603141   
0.0164863    20.2914      0.0295524     0.0930587    0.091843     0.0702554   
0.00339609   0.0295524    20.3832       0.0603141    0.0702554    0.085225    

Stress Spherical
0            0            0             0            0            0           
0            0            0             0            0            0           
0            0            0             0            0            0           

Inertia
149.919      -56.2259     -56.1553      0.493878     0.268344     0.136215    
-56.2259     149.836      -56.1927      0.268344     0.282643     0.203773    
-56.1553     -56.1927     149.88        0.136215     0.203773     0.445828    

Bond Length
0.61907366    0.003402828 

BB bond length
0.61907366    0.003402828 

Water EE distance
0             0           

PEG EE distance
6.6105104     0.35545272  

BBB P2(x)
0.52407588    0.0065050493

BBB first bond length
0.61900537    0.0035560546

BBB second bond length
0.6191274     0.0037238648

BBB <phi**2>/<phi>**2
1.2281273     0.0095441634

Time = 20000
Temperature
1.0075118     0.0093145063

Pressure
23.384567     0.094313241 

CM Mom
6.4591744e-17  1.3864008e-17 
-1.9829292e-17 1.3264046e-17 
-4.6859557e-17 1.8793727e-17 
8.5148671e-17  1.5236994e-17 

CM Pos
7.4928901      0.0064322469  
7.5063436      0.015433431   
7.4944103      0.015301751   
12.986731      0.010748323   

Stress
20.3777      -0.00294486  0.0193753     0.114072     0.0760063    0.0620303   
-0.00294486  20.3431      0.0313959     0.0760063    0.17061      0.0668716   
0.0193753    0.0313959    20.3751       0.0620303    0.0668716    0.113869    

Stress Spherical
0            0            0             0            0            0           
0            0            0             0            0            0           
0            0            0             0            0            0           

Inertia
150.003      -56.2678     -56.1499      0.252443     0.153387     0.114507    
-56.2678     149.817      -56.2448      0.153387     0.196603     0.10865     
-56.1499     -56.2448     149.974       0.114507     0.10865      0.302588    

Bond Length
0.62034493    0.0023377652

BB bond length
0.62034493    0.0023377652

Water EE distance
0             0           

PEG EE distance
6.3999003     0.18365926  

BBB P2(x)
0.51873484    0.015167518 

BBB first bond length
0.62013126    0.0026812598

BBB second bond length
0.62023204    0.0022390423

BBB <phi**2>/<phi>**2
1.2231362     0.014820488 

Time = 21000
Temperature
1.0087168     0.0082581485

Pressure
23.364185     0.10152371  

CM Mom
8.7363926e-17  2.6796712e-17 
-2.8580367e-17 1.8874798e-17 
-6.4372134e-17 1.8114001e-17 
1.1518516e-16  2.6979275e-17 

CM Pos
7.5032718      0.012879019   
7.4967035      0.0122694     
7.5022706      0.013988324   
12.991692      0.013324268   

Stress
20.3522      0.066021     -0.0553966    0.0935525    0.0870508    0.087223    
0.066021     20.338       -0.0148732    0.0870508    0.120725     0.0482797   
-0.0553966   -0.0148732   20.3338       0.087223     0.0482797    0.137858    

Stress Spherical
0            0            0             0            0            0           
0            0            0             0            0            0           
0            0            0             0            0            0           

Inertia
149.976      -56.2122     -56.3001      0.306922     0.144872     0.135409    
-56.2122     150.094      -56.2319      0.144872     0.252419     0.150686    
-56.3001     -56.2319     149.994       0.135409     0.150686     0.269456    

Bond Length
0.61998821    0.0037743027

BB bond length
0.61998821    0.0037743027

Water EE distance
0             0           

PEG EE distance
6.4692284     0.11949843  

BBB P2(x)
0.50908662    0.0096132498

BBB first bond length
0.62006423    0.0035307561

BBB second bond length
0.62024227    0.0038833827

BBB <phi**2>/<phi>**2
1.2242586     0.0096913617

Time = 22000
Temperature
1.0136517     0.0092977519

Pressure
23.432954     0.089117496 

CM Mom
8.9935173e-17  2.0847735e-17 
-4.8052218e-19 1.9125781e-17 
-1.1644883e-16 2.5843525e-17 
1.5021786e-16  2.3490447e-17 

CM Pos
7.4985259      0.013664589   
7.5002629      0.0075331768  
7.4993045      0.0096069615  
12.989291      0.0082102296  

Stress
20.3737      0.0339014    -0.00820016   0.125798     0.0745059    0.0821305   
0.0339014    20.3795      0.0259382     0.0745059    0.0831537    0.0677726   
-0.00820016  0.0259382    20.4328       0.0821305    0.0677726    0.124248    

Stress Spherical
0            0            0             0            0            0           
0            0            0             0            0            0           
0            0            0             0            0            0           

Inertia
149.95       -56.2814     -56.2403      0.220851     0.113559     0.0947861   
-56.2814     149.97       -56.2135      0.113559     0.206433     0.118287    
-56.2403     -56.2135     149.957       0.0947861    0.118287     0.240919    

Bond Length
0.61971321    0.002294194 

BB bond length
0.61971321    0.002294194 

Water EE distance
0             0           

PEG EE distance
6.6455461     0.39639818  

BBB P2(x)
0.51957547    0.010940817 

BBB first bond length
0.61988748    0.0022928543

BBB second bond length
0.6200672     0.0022447478

BBB <phi**2>/<phi>**2
1.2250775     0.014547428 

Time = 23000
Temperature
1.0094397     0.0089365611

Pressure
23.402009     0.097999749 

CM Mom
8.8712736e-17  1.0147228e-17 
1.0975719e-17  1.0308763e-17 
-1.2505528e-16 1.6867056e-17 
1.5449622e-16  1.5933984e-17 

CM Pos
7.4955597      0.013437344   
7.4950721      0.012035003   
7.4972281      0.014181965   
12.983385      0.013801503   

Stress
20.3778      -0.0142522   -0.0180823    0.112114     0.102007     0.0839067   
-0.0142522   20.3463      -0.00128329   0.102007     0.135342     0.0477253   
-0.0180823   -0.00128329  20.4068       0.0839067    0.0477253    0.145691    

Stress Spherical
0            0            0             0            0            0           
0            0            0             0            0            0           
0            0            0             0            0            0           

Inertia
149.853      -56.2033     -56.2253      0.319463     0.171805     0.209053    
-56.2033     149.893      -56.1743      0.171805     0.305767     0.158227    
-56.2253     -56.1743     149.851       0.209053     0.158227     0.249692    

Bond Length
0.61927177    0.0031412639

BB bond length
0.61927177    0.0031412639

Water EE distance
0             0           

PEG EE distance
6.9758352     0.13719936  

BBB P2(x)
0.5182286     0.01346394  

BBB first bond length
0.61920914    0.0028217585

BBB second bond length
0.61931846    0.0031592522

BBB <phi**2>/<phi>**2
1.220764      0.011241707 

Time = 24000
Temperature
1.0102868     0.0078128589

Pressure
23.39473      0.071053207 

CM Mom
6.4780207e-17  2.5472242e-17 
1.8974451e-17  5.8428859e-18 
-1.5388784e-16 2.8778103e-17 
1.7029945e-16  2.7335437e-17 

CM Pos
7.4994157      0.010059918   
7.5024876      0.012967524   
7.5021223      0.011546237   
12.992714      0.013203124   

Stress
20.3686      -0.0293817   -0.00272573   0.13825      0.0650033    0.0924666   
-0.0293817   20.3667      0.0270519     0.0650033    0.0736954    0.0643117   
-0.00272573  0.0270519    20.3662       0.0924666    0.0643117    0.0965075   

Stress Spherical
0            0            0             0            0            0           
0            0            0             0            0            0           
0            0            0             0            0            0           

Inertia
150.069      -56.2595     -56.2455      0.304044     0.155954     0.154812    
-56.2595     150.041      -56.2662      0.155954     0.254437     0.175196    
-56.2455     -56.2662     150.035       0.154812     0.175196     0.256915    

Bond Length
0.61768333    0.0025917933

BB bond length
0.61768333    0.0025917933

Water EE distance
0             0           

PEG EE distance
7.2560985     0.18357737  

BBB P2(x)
0.51646711    0.013624934 

BBB first bond length
0.617901      0.0025576062

BBB second bond length
0.61771936    0.0028147684

BBB <phi**2>/<phi>**2
1.2240786     0.010803066 

Time = 25000
Temperature
1.013661      0.0079168988

Pressure
23.439154     0.079729607 

CM Mom
6.4773347e-17  1.0657163e-17 
8.2056503e-18  2.6819245e-17 
-1.1983499e-16 2.0013501e-17 
1.4009286e-16  1.5189458e-17 

CM Pos
7.4931868      0.011299765   
7.4931441      0.0095380276  
7.4950035      0.01927393    
12.979618      0.015277178   

Stress
20.4149      0.00380526   0.0200386     0.118083     0.0913822    0.0583876   
0.00380526   20.3798      0.0398931     0.0913822    0.14906      0.0474353   
0.0200386    0.0398931    20.4098       0.0583876    0.0474353    0.0850109   

Stress Spherical
0            0            0             0            0            0           
0            0            0             0            0            0           
0            0            0             0            0            0           

Inertia
149.802      -56.1609     -56.1343      0.436804     0.117568     0.126637    
-56.1609     149.807      -56.1565      0.117568     0.291615     0.210593    
-56.1343     -56.1565     149.773       0.126637     0.210593     0.148774    

Bond Length
0.61918958    0.002289374 

BB bond length
0.61918958    0.002289374 

Water EE distance
0             0           

PEG EE distance
7.8439579     0.21270094  

BBB P2(x)
0.52116357    0.010485571 

BBB first bond length
0.61927023    0.002274561 

BBB second bond length
0.61908724    0.0022140441

BBB <phi**2>/<phi>**2
1.2270116     0.0093096449

Time = 26000
Temperature
1.010051      0.0079967373

Pressure
23.354643     0.063921934 

CM Mom
2.4891378e-17  2.2156188e-17 
1.4780654e-17  1.8839831e-17 
-8.8299449e-17 3.2671259e-17 
9.6742855e-17  3.4480547e-17 

CM Pos
7.4974877      0.0071803748  
7.5013011      0.012585333   
7.4990078      0.010657649   
12.989118      0.010281003   

Stress
20.3409      -0.0304117   0.0044591     0.115933     0.0647681    0.0899012   
-0.0304117   20.3122      0.0235913     0.0647681    0.103961     0.0613234   
0.0044591    0.0235913    20.3302       0.0899012    0.0613234    0.107012    

Stress Spherical
0            0            0             0            0            0           
0            0            0             0            0            0           
0            0            0             0            0            0           

Inertia
150.001      -56.236      -56.2484      0.323184     0.0852377    0.107637    
-56.236      149.944      -56.2418      0.0852377    0.127181     0.138684    
-56.2484     -56.2418     150.005       0.107637     0.138684     0.21592     

Bond Length
0.61998449    0.0040103875

BB bond length
0.61998449    0.0040103875

Water EE distance
0             0           

PEG EE distance
7.3757821     0.25948409  

BBB P2(x)
0.50877983    0.012897918 

BBB first bond length
0.62014131    0.0037910349

BBB second bond length
0.6198427     0.0043445644

BBB <phi**2>/<phi>**2
1.2288226     0.012713837 

Time = 27000
Temperature
1.0121476     0.0083914359

Pressure
23.418501     0.10489076  

CM Mom
1.4110228e-17  1.7813251e-17 
2.413684e-17   1.9886923e-17 
-6.6787917e-17 2.1456088e-17 
7.8520318e-17  1.5812541e-17 

CM Pos
7.4994157      0.012086068   
7.5020427      0.013245272   
7.4998977      0.019414358   
12.991179      0.017567407   

Stress
20.3733      -0.0397517   -0.024527     0.0945949    0.0621342    0.0680752   
-0.0397517   20.3536      0.0200174     0.0621342    0.088063     0.101132    
-0.024527    0.0200174    20.4291       0.0680752    0.101132     0.186957    

Stress Spherical
0            0            0             0            0            0           
0            0            0             0            0            0           
0            0            0             0            0            0           

Inertia
150.036      -56.2822     -56.2752      0.383652     0.127276     0.175494    
-56.2822     149.993      -56.2643      0.127276     0.356937     0.218373    
-56.2752     -56.2643     150.036       0.175494     0.218373     0.291242    

Bond Length
0.62031846    0.0025302029

BB bond length
0.62031846    0.0025302029

Water EE distance
0             0           

PEG EE distance
7.0346994     0.14603991  

BBB P2(x)
0.51429451    0.015025235 

BBB first bond length
0.62026262    0.0025921355

BBB second bond length
0.62007402    0.00224863  

BBB <phi**2>/<phi>**2
1.2293528     0.012683219 

Time = 28000
Temperature
1.011456      0.0077956676

Pressure
23.374518     0.074570923 

CM Mom
1.0629118e-17  1.3682957e-17 
2.2057642e-17  1.408881e-17  
-1.0247115e-17 1.9812332e-17 
3.6262027e-17  1.2955032e-17 

CM Pos
7.4967462      0.015160226   
7.5072335      0.013561178   
7.5027156      0.015232597   
12.994263      0.016717864   

Stress
20.2848      -0.034497    -0.00169174   0.102784     0.0664314    0.0540989   
-0.034497    20.3639      0.00306308    0.0664314    0.0993394    0.0746819   
-0.00169174  0.00306308   20.3817       0.0540989    0.0746819    0.0580645   

Stress Spherical
0            0            0             0            0            0           
