Time = 1000
Temperature
   1.0834493    0.10203701

Pressure
   23.691753    0.53664556

CM Mom
8.366198e-19   2.6748926e-17 
9.3050348e-17  2.5953744e-17 
4.3323209e-17  1.3979071e-16 
1.6145222e-16  7.3482596e-17 

CM Pos
7.4981807      0.018637021   
7.5014586      0.025393213   
7.5003913      0.012447191   
12.990424      0.022089603   

Stress
20.4818      -0.0278929   0.008794      0.302324     0.0926453    0.0481317   
-0.0278929   20.4619      0.00846685    0.0926453    0.245174     0.067205    
0.008794     0.00846685   20.393        0.0481317    0.067205     0.300281    

Stress Spherical
0            0            0             0            0            0           
0            0            0             0            0            0           
0            0            0             0            0            0           

Inertia
150.148      -56.2267     -56.2521      0.891683     0.186812     0.218665    
-56.2267     150.08       -56.2799      0.186812     1.15442      0.270289    
-56.2521     -56.2799     150.087       0.218665     0.270289     0.971819    

Bond Length
0.61875746    0.0061920412

BB bond length
0.61875746    0.0061920412

Water EE distance
0             0           

PEG EE distance
6.648744      0.19889681  

BBB P2(x)
0.4642088     0.057515406 

BBB first bond length
0.61906335    0.0063040765

BBB second bond length
0.61878437    0.0060657669

BBB <phi**2>/<phi>**2
1.2149006     0.015703304 

Time = 2000
Temperature
1.0045465     0.0069977985

Pressure
23.270096     0.075042764 

CM Mom
2.1595386e-17  1.5086402e-17 
1.0082586e-16  1.3967666e-17 
-2.4898223e-18 1.6935762e-17 
1.0561713e-16  1.3890708e-17 

CM Pos
7.4972906      0.012347797   
7.5062054      0.013997381   
7.5091433      0.0083175509  
12.997693      0.010865801   

Stress
20.2424      0.0356282    0.0280161     0.0652197    0.0664978    0.064275    
0.0356282    20.2779      0.0105616     0.0664978    0.136602     0.0816651   
0.0280161    0.0105616    20.2607       0.064275     0.0816651    0.0734581   

Stress Spherical
0            0            0             0            0            0           
0            0            0             0            0            0           
0            0            0             0            0            0           

Inertia
150.106      -56.2278     -56.3183      0.421497     0.150599     0.148131    
-56.2278     149.976      -56.3385      0.150599     0.246326     0.124688    
-56.3183     -56.3385     149.908       0.148131     0.124688     0.357001    

Bond Length
0.61776199    0.0025540614

BB bond length
0.61776199    0.0025540614

Water EE distance
0             0           

PEG EE distance
6.6853513     0.11764289  

BBB P2(x)
0.51930507    0.009678264 

BBB first bond length
0.61794671    0.0026393936

BBB second bond length
0.61814752    0.0026051796

BBB <phi**2>/<phi>**2
1.2262359     0.0067109834

