Time = 1000
Temperature
   1.2519138    0.30181937

Pressure
   25.851012     2.4652383

CM Mom
1.5655093e-18  2.0272724e-17 
3.5553741e-17  4.7303569e-17 
-4.513783e-16  8.3932138e-16 
6.2274283e-16  7.2409202e-16 

CM Pos
9.9796116      0.046867187   
10.005607      0.010449133   
10.003321      0.013433692   
17.313956      0.026019441   

Stress
22.1182      -0.0184342   0.0325516     1.62226      0.0327053    0.0654331   
-0.0184342   22.0579      -0.00854262   0.0327053    1.59714      0.0557792   
0.0325516    -0.00854262  22.112        0.0654331    0.0557792    1.63764     

Stress Spherical
0            0            0             0            0            0           
0            0            0             0            0            0           
0            0            0             0            0            0           

Inertia
268.281      -99.8278     -99.8242      5.52125      0.554289     0.502811    
-99.8278     267.784      -100.113      0.554289     4.80022      0.232123    
-99.8242     -100.113     267.745       0.502811     0.232123     4.4699      

Bond Length
0.61416458    0.0063261062

BB bond length
0.61416458    0.0063261062

Water EE distance
0             0           

PEG EE distance
3.4164069     0.15267523  

BBB P2(x)
0.059722279   0.0061113375

BBB first bond length
0.61450933    0.006504629 

BBB second bond length
0.61455355    0.0061933096

BBB <phi**2>/<phi>**2
1.1150027     0.0027370819

Time = 2000
Temperature
1.0191429     0.0096803062

Pressure
24.086672     0.075149647 

CM Mom
-8.196657e-18  2.2760269e-17 
3.0583533e-17  1.0751825e-17 
9.5172301e-17  1.3282137e-16 
1.207274e-16   1.1730451e-16 

CM Pos
9.9916141      0.014990386   
10.002523      0.0086976763  
9.9989036      0.0055445446  
17.316498      0.010419435   

Stress
21.0296      0.0054091    -0.0341725    0.157953     0.0479597    0.0648079   
0.0054091    21.0142      0.00537354    0.0479597    0.0730007    0.0362034   
-0.0341725   0.00537354   21.0459       0.0648079    0.0362034    0.0772314   

Stress Spherical
0            0            0             0            0            0           
0            0            0             0            0            0           
0            0            0             0            0            0           

Inertia
266.849      -99.9203     -99.8711      0.874045     0.162565     0.130465    
-99.9203     266.603      -99.9831      0.162565     0.689647     0.12005     
-99.8711     -99.9831     266.684       0.130465     0.12005      0.670153    

Bond Length
0.61199106    0.0004605759

BB bond length
0.61199106    0.0004605759

Water EE distance
0             0           

PEG EE distance
3.311458      0.017608047 

BBB P2(x)
0.055369266   0.004270208 

BBB first bond length
0.6123161     0.00050748168

BBB second bond length
0.61216415    0.00059830775

BBB <phi**2>/<phi>**2
1.1131891     0.0019355546

Time = 3000
Temperature
1.0118971     0.0029083099

Pressure
23.98366      0.05829858  

CM Mom
1.7524358e-18  1.1852898e-17 
1.2198804e-17  2.2439909e-17 
4.3395053e-17  6.0316398e-17 
6.1870888e-17  4.9891025e-17 

CM Pos
9.9966152      0.016997208   
10.002273      0.0080276718  
10.001571      0.0076759612  
17.320782      0.010790335   

Stress
20.903       -0.0175414   0.0175364     0.0790904    0.063578     0.0718367   
-0.0175414   20.9848      0.0280977     0.063578     0.0956494    0.0508135   
0.0175364    0.0280977    20.958        0.0718367    0.0508135    0.0470275   

Stress Spherical
0            0            0             0            0            0           
0            0            0             0            0            0           
0            0            0             0            0            0           

Inertia
266.824      -99.9525     -99.9684      0.388594     0.152272     0.233461    
-99.9525     266.71       -100.04       0.152272     0.290081     0.151535    
-99.9684     -100.04      266.709       0.233461     0.151535     0.375717    

Bond Length
0.61195997    0.00050600301

BB bond length
0.61195997    0.00050600301

Water EE distance
0             0           

PEG EE distance
3.2680958     0.031254508 

BBB P2(x)
0.054195815   0.0044970359

BBB first bond length
0.61223852    0.00052959133

BBB second bond length
0.61219429    0.00053906631

BBB <phi**2>/<phi>**2
1.112937      0.0017932559

Time = 4000
Temperature
1.0136528     0.0048801881

Pressure
24.001789     0.046108585 

CM Mom
1.6868496e-17  1.4340395e-17 
2.2177625e-17  1.6148588e-17 
3.465115e-17   2.041724e-17  
5.0865826e-17  1.6524245e-17 

CM Pos
9.998949       0.015486416   
9.9961884      0.017536361   
10.000987      0.010745454   
17.318282      0.017007502   

Stress
20.9702      -0.000107064 -0.00697778   0.0824416    0.0865205    0.0505874   
-0.000107064 20.9918      -0.00413575   0.0865205    0.0693417    0.0379265   
-0.00697778  -0.00413575  20.9224       0.0505874    0.0379265    0.0574744   

Stress Spherical
0            0            0             0            0            0           
0            0            0             0            0            0           
0            0            0             0            0            0           

Inertia
266.669      -99.9426     -99.9713      0.438539     0.329429     0.159356    
-99.9426     266.706      -100.007      0.329429     0.310626     0.194794    
-99.9713     -100.007     266.632       0.159356     0.194794     0.512619    

Bond Length
0.61245483    0.0005091504

BB bond length
0.61245483    0.0005091504

Water EE distance
0             0           

PEG EE distance
3.2722247     0.024359096 

BBB P2(x)
0.055422893   0.0031192763

BBB first bond length
0.61277545    0.00051648636

BBB second bond length
0.61280596    0.00049284685

BBB <phi**2>/<phi>**2
1.1141174     0.001095981 

Time = 5000
Temperature
1.0080412     0.0058889316

Pressure
23.995167     0.047847421 

CM Mom
1.4054188e-19  2.6227134e-17 
5.0108097e-17  2.7869807e-17 
1.6936974e-17  1.1455635e-17 
6.4186975e-17  1.6539489e-17 

CM Pos
10.000116      0.0083354865  
10.003023      0.0085087143  
10.002654      0.010002084   
17.323858      0.0079864372  

Stress
21.0142      -0.00058349  0.019792      0.0801887    0.0526234    0.0533512   
-0.00058349  20.9598      -0.00761577   0.0526234    0.0938848    0.0468458   
0.019792     -0.00761577  20.941        0.0533512    0.0468458    0.0569644   

Stress Spherical
0            0            0             0            0            0           
0            0            0             0            0            0           
0            0            0             0            0            0           

Inertia
266.81       -100.041     -100.046      0.319642     0.189012     0.183229    
-100.041     266.729      -100.056      0.189012     0.208003     0.176936    
-100.046     -100.056     266.753       0.183229     0.176936     0.224318    

Bond Length
0.61215047    0.00067477852

BB bond length
0.61215047    0.00067477852

Water EE distance
0             0           

PEG EE distance
3.2299865     0.023915783 

BBB P2(x)
0.052922165   0.0037256009

BBB first bond length
0.61249989    0.00057236157

BBB second bond length
0.61236167    0.00063392593

BBB <phi**2>/<phi>**2
1.1132659     0.0020414752

Time = 6000
Temperature
1.0088593     0.0063871168

Pressure
23.982361     0.03549958  

CM Mom
-1.2869009e-17 3.3505288e-17 
3.6330597e-17  2.4008277e-17 
8.4644673e-18  2.1832386e-17 
5.4518169e-17  2.7578886e-17 

CM Pos
9.9984489      0.015328599   
9.9993557      0.0060456554  
10.007155      0.010623209   
17.323382      0.0087929161  

Stress
20.9684      0.00321766   -0.0232875    0.0723891    0.0440764    0.0435168   
0.00321766   20.9476      -0.0244191    0.0440764    0.0593524    0.0528256   
-0.0232875   -0.0244191   20.9532       0.0435168    0.0528256    0.0755006   

Stress Spherical
0            0            0             0            0            0           
0            0            0             0            0            0           
0            0            0             0            0            0           

Inertia
266.81       -99.9879     -100.048      0.148781     0.215357     0.153508    
-99.9879     266.803      -100.09       0.215357     0.323548     0.0901419   
-100.048     -100.09      266.618       0.153508     0.0901419    0.339525    

Bond Length
0.61226916    0.0005908045

BB bond length
0.61226916    0.0005908045

Water EE distance
0             0           

PEG EE distance
3.2338298     0.017118435 

BBB P2(x)
0.050861319   0.0033157883

BBB first bond length
0.6125221     0.00060579687

BBB second bond length
0.61257083    0.00069759368

BBB <phi**2>/<phi>**2
1.1119524     0.0020339546

Time = 7000
Temperature
1.0128655     0.003949097 

Pressure
23.975304     0.054947078 

CM Mom
-5.1444112e-18 2.8679236e-17 
3.1011029e-17  1.9550905e-17 
2.5515003e-18  1.9491249e-17 
4.7325949e-17  1.8427123e-17 

CM Pos
9.9991991      0.0090634064  
9.9943547      0.0092218423  
10.005072      0.0063745576  
17.319721      0.007032772   

Stress
20.9233      0.00249627   0.00436328    0.0821859    0.0329741    0.0800304   
0.00249627   20.9553      0.00902055    0.0329741    0.0564183    0.0536665   
0.00436328   0.00902055   20.9335       0.0800304    0.0536665    0.085059    

Stress Spherical
0            0            0             0            0            0           
0            0            0             0            0            0           
0            0            0             0            0            0           

Inertia
266.664      -99.9152     -100.023      0.207409     0.146176     0.0741679   
-99.9152     266.785      -99.9937      0.146176     0.154208     0.118159    
-100.023     -99.9937     266.519       0.0741679    0.118159     0.288278    

Bond Length
0.61245055    0.00078894225

BB bond length
0.61245055    0.00078894225

Water EE distance
0             0           

PEG EE distance
3.2391036     0.029877726 

BBB P2(x)
0.051034116   0.0049787688

BBB first bond length
0.61274504    0.00086765421

BBB second bond length
0.61284018    0.000702973 

BBB <phi**2>/<phi>**2
1.1122907     0.0018900811

Time = 8000
Temperature
1.0100954     0.0079017352

Pressure
24.005711     0.084466589 

CM Mom
-1.8738917e-20 1.5309903e-17 
3.0953626e-17  1.371416e-17  
-1.3563969e-17 1.1347971e-17 
3.7663457e-17  1.6577705e-17 

CM Pos
10.005784      0.011301629   
9.9979388      0.013222059   
9.9994037      0.0086415824  
17.322321      0.011055153   

Stress
20.9753      -0.00624492  0.0228348     0.0738008    0.0413968    0.0519048   
-0.00624492  20.9928      -0.014511     0.0413968    0.104959     0.0475309   
0.0228348    -0.014511    20.96         0.0519048    0.0475309    0.0664417   

Stress Spherical
0            0            0             0            0            0           
0            0            0             0            0            0           
0            0            0             0            0            0           

Inertia
266.607      -100.033     -100.074      0.300508     0.184758     0.157762    
-100.033     266.756      -100.025      0.184758     0.345814     0.178371    
-100.074     -100.025     266.711       0.157762     0.178371     0.330665    

Bond Length
0.61207194    0.00058256827

BB bond length
0.61207194    0.00058256827

Water EE distance
0             0           

PEG EE distance
3.2219829     0.027434952 

BBB P2(x)
0.051273811   0.0052730393

BBB first bond length
0.61243106    0.00066667069

BBB second bond length
0.61233829    0.0006378137

BBB <phi**2>/<phi>**2
1.1125049     0.0023573563

Time = 9000
Temperature
1.0120085     0.0029496134

Pressure
24.027547     0.065595894 

CM Mom
1.2395794e-17  1.1803253e-17 
3.5920538e-17  3.926508e-17  
-3.2777837e-17 2.6966162e-17 
6.3137604e-17  3.0662803e-17 

CM Pos
10.004867      0.011040114   
9.9955216      0.0055795184  
10.004488      0.011224836   
17.323331      0.0083187534  

Stress
20.9918      0.00921075   -0.0150187    0.0890669    0.0575453    0.0558768   
0.00921075   20.9819      0.013476      0.0575453    0.0704948    0.0611515   
-0.0150187   0.013476     21.0027       0.0558768    0.0611515    0.126217    

Stress Spherical
0            0            0             0            0            0           
0            0            0             0            0            0           
0            0            0             0            0            0           

Inertia
266.665      -99.9751     -100.083      0.119852     0.148524     0.205853    
-99.9751     266.85       -100.01       0.148524     0.289539     0.119123    
-100.083     -100.01      266.652       0.205853     0.119123     0.256875    

Bond Length
0.61195225    0.00068858513

BB bond length
0.61195225    0.00068858513

Water EE distance
0             0           

PEG EE distance
3.2188651     0.044583199 

BBB P2(x)
0.054316927   0.0034616377

BBB first bond length
0.61230725    0.00068280554

BBB second bond length
0.61222803    0.00072357041

BBB <phi**2>/<phi>**2
1.1132196     0.002080118 

Time = 10000
Temperature
1.0112039     0.00401329  

Pressure
23.986434     0.057923297 

CM Mom
2.1702327e-17  1.9159849e-17 
2.0127679e-17  9.1814852e-18 
-3.1489131e-17 1.5534698e-17 
4.8558039e-17  1.4231057e-17 

CM Pos
10.0022        0.01061405    
10.002356      0.0095504771  
9.9995704      0.008774022   
17.322896      0.0091884454  

Stress
20.9438      -0.0105337   -0.019614     0.0661695    0.0651515    0.0551666   
-0.0105337   20.9292      0.00780439    0.0651515    0.0494207    0.0588674   
-0.019614    0.00780439   20.9873       0.0551666    0.0588674    0.0960179   

Stress Spherical
0            0            0             0            0            0           
0            0            0             0            0            0           
0            0            0             0            0            0           

Inertia
266.707      -100.053     -100.001      0.359        0.148435     0.147673    
-100.053     266.7        -100.005      0.148435     0.363033     0.169022    
-100.001     -100.005     266.741       0.147673     0.169022     0.233096    

Bond Length
0.61254042    0.0004943155

BB bond length
0.61254042    0.0004943155

Water EE distance
0             0           

PEG EE distance
3.2573888     0.02527346  

BBB P2(x)
0.055890636   0.0039648721

BBB first bond length
0.61290042    0.0006699581

BBB second bond length
0.61283565    0.00057269895

BBB <phi**2>/<phi>**2
1.1135818     0.0012579646

Time = 11000
Temperature
1.0107435     0.0048159948

Pressure
23.994596     0.10005784  

CM Mom
2.7704217e-17  1.4665524e-17 
3.5912788e-17  1.2062785e-17 
-1.6517315e-17 2.8956228e-17 
5.8626855e-17  9.5925532e-18 

CM Pos
9.9996992      0.013454362   
10.00444       0.0099756545  
10.002404      0.014947688   
17.324296      0.013251619   

Stress
20.9654      0.0302658    0.0173741     0.0954935    0.0583386    0.0656132   
0.0302658    20.9315      0.00209576    0.0583386    0.103074     0.0561558   
0.0173741    0.00209576   20.992        0.0656132    0.0561558    0.155734    

Stress Spherical
0            0            0             0            0            0           
0            0            0             0            0            0           
0            0            0             0            0            0           

Inertia
266.811      -100.039     -100.043      0.31889      0.168084     0.229239    
-100.039     266.688      -100.035      0.168084     0.461444     0.144618    
-100.043     -100.035     266.736       0.229239     0.144618     0.288011    

Bond Length
0.61265       0.00061956941

BB bond length
0.61265       0.00061956941

Water EE distance
0             0           

PEG EE distance
3.2624075     0.015777513 

BBB P2(x)
0.053038654   0.0050807114

BBB first bond length
0.61292575    0.00067905441

BBB second bond length
0.61301098    0.00069046577

BBB <phi**2>/<phi>**2
1.1139038     0.002228327 

Time = 12000
Temperature
1.0109256     0.0048104919

Pressure
24.00532      0.069791544 

CM Mom
2.5873413e-17  1.3613199e-17 
4.9807233e-17  1.647745e-17  
-2.5531659e-17 1.9611834e-17 
6.5656757e-17  1.8240049e-17 

CM Pos
9.9991991      0.0076773187  
9.9981055      0.0089601031  
10.003071      0.0083371533  
17.320729      0.0086809253  

Stress
20.8984      0.00864243   -0.007551     0.0835973    0.0476216    0.0411462   
0.00864243   21.0189      0.0448005     0.0476216    0.0899241    0.0418957   
-0.007551    0.0448005    21.0022       0.0411462    0.0418957    0.10705     

Stress Spherical
0            0            0             0            0            0           
0            0            0             0            0            0           
0            0            0             0            0            0           

Inertia
266.676      -100         -100.017      0.261374     0.098401     0.168492    
-100         266.699      -100.03       0.098401     0.288891     0.143363    
-100.017     -100.03      266.605       0.168492     0.143363     0.201282    

Bond Length
0.61219578    0.00081453941

BB bond length
0.61219578    0.00081453941

Water EE distance
0             0           

PEG EE distance
3.2494027     0.023308131 

BBB P2(x)
0.055323408   0.0045066198

BBB first bond length
0.61232522    0.00081877055

BBB second bond length
0.61247602    0.00083526555

BBB <phi**2>/<phi>**2
1.1136602     0.0016872115

Time = 13000
Temperature
1.0135199     0.005241357 

Pressure
23.989973     0.051560724 

CM Mom
6.4126426e-18  1.7920918e-17 
6.2870688e-17  1.126429e-17  
-2.9432651e-17 1.6018446e-17 
7.4024574e-17  9.2262072e-18 

CM Pos
10.003283      0.0092983672  
9.9981888      0.0086012913  
10.004821      0.014841106   
17.324152      0.0065723137  

Stress
20.9222      0.0195516    -0.0115882    0.0640207    0.0400651    0.0394757   
0.0195516    20.9742      0.0111924     0.0400651    0.084702     0.0595935   
-0.0115882   0.0111924    20.9537       0.0394757    0.0595935    0.0685161   

Stress Spherical
0            0            0             0            0            0           
0            0            0             0            0            0           
0            0            0             0            0            0           

Inertia
266.716      -99.9909     -100.073      0.255692     0.139693     0.182097    
-99.9909     266.832      -100.021      0.139693     0.276234     0.157607    
-100.073     -100.021     266.689       0.182097     0.157607     0.308594    

Bond Length
0.61215752    0.00056403352

BB bond length
0.61215752    0.00056403352

Water EE distance
0             0           

PEG EE distance
3.2227232     0.033058166 

BBB P2(x)
0.052665781   0.0027534084

BBB first bond length
0.61256579    0.00059819639

BBB second bond length
0.61237872    0.0005578388

BBB <phi**2>/<phi>**2
1.1126014     0.0013852549

Time = 14000
Temperature
1.0125818     0.0058076982

Pressure
23.94574      0.050573079 

CM Mom
1.6498923e-17  1.7750418e-17 
7.3428101e-17  2.4064392e-17 
-4.0530052e-17 2.3361017e-17 
9.0235792e-17  2.4576348e-17 

CM Pos
10.000616      0.0093341618  
9.9957716      0.0091153811  
10.004655      0.014789524   
17.32112       0.0082517581  

Stress
20.939       0.00987162   -0.0328957    0.0391917    0.0516769    0.0850651   
0.00987162   20.8862      -0.000164568  0.0516769    0.0866631    0.0538969   
-0.0328957   -0.000164568 20.9007       0.0850651    0.0538969    0.0711727   

Stress Spherical
0            0            0             0            0            0           
0            0            0             0            0            0           
0            0            0             0            0            0           

Inertia
266.681      -99.9676     -100.06       0.313143     0.171521     0.165313    
-99.9676     266.766      -100.013      0.171521     0.272529     0.128966    
-100.06      -100.013     266.589       0.165313     0.128966     0.232613    

Bond Length
0.61261953    0.00055280888

BB bond length
0.61261953    0.00055280888

Water EE distance
0             0           

PEG EE distance
3.2434044     0.022753536 

BBB P2(x)
0.052695491   0.00396964  

BBB first bond length
0.6128457     0.00063909086

BBB second bond length
0.61304156    0.00049940722

BBB <phi**2>/<phi>**2
1.1127081     0.0022523647

Time = 15000
Temperature
1.0101746     0.007250151 

Pressure
23.988682     0.065500793 

CM Mom
2.0408301e-17  1.8996369e-17 
6.2065782e-17  1.8135674e-17 
-2.6767156e-17 2.9215097e-17 
7.8174947e-17  2.0423145e-17 

CM Pos
10.003117      0.0099187331  
9.9972719      0.011827579   
10.001571      0.011446998   
17.321648      0.0099375219  

Stress
20.9381      -0.0126503   0.0159354     0.0886892    0.0352394    0.0424994   
-0.0126503   20.9868      -0.00595223   0.0352394    0.0936624    0.0681909   
0.0159354    -0.00595223  20.9515       0.0424994    0.0681909    0.08225     

Stress Spherical
0            0            0             0            0            0           
0            0            0             0            0            0           
0            0            0             0            0            0           

Inertia
266.65       -100.029     -100.066      0.25642      0.153208     0.237349    
-100.029     266.77       -99.9638      0.153208     0.392575     0.152716    
-100.066     -99.9638     266.697       0.237349     0.152716     0.29166     

Bond Length
0.61192776    0.00040134671

BB bond length
0.61192776    0.00040134671

Water EE distance
0             0           

PEG EE distance
3.2214982     0.025075972 

BBB P2(x)
0.05111564    0.0035298697

BBB first bond length
0.61216493    0.00054178006

BBB second bond length
0.61206677    0.00042242855

BBB <phi**2>/<phi>**2
1.1120109     0.001888341 

Time = 16000
Temperature
1.0112277     0.0034494511

Pressure
23.979512     0.080287287 

CM Mom
1.9898995e-17  3.5438087e-17 
5.7802157e-17  1.7280046e-17 
-2.9790368e-17 2.6185985e-17 
7.9685857e-17  2.2690382e-17 

CM Pos
10.0042        0.0096139168  
9.9924376      0.012158921   
9.9977367      0.008246666   
17.31727       0.0063956479  

Stress
20.9271      -0.00641958  0.000405975   0.103054     0.0439717    0.0340259   
-0.00641958  20.9592      -0.00807846   0.0439717    0.123836     0.0484084   
0.000405975  -0.00807846  20.953        0.0340259    0.0484084    0.0577079   

Stress Spherical
0            0            0             0            0            0           
0            0            0             0            0            0           
0            0            0             0            0            0           

Inertia
266.464      -99.9642     -100.007      0.231047     0.178844     0.121149    
-99.9642     266.698      -99.8823      0.178844     0.251704     0.149122    
-100.007     -99.8823     266.598       0.121149     0.149122     0.244056    

Bond Length
0.61248372    0.00089383482

BB bond length
0.61248372    0.00089383482

Water EE distance
0             0           

PEG EE distance
3.2842866     0.037735408 

BBB P2(x)
0.056133906   0.0041943377

BBB first bond length
0.61275857    0.00095765143

BBB second bond length
0.61274519    0.00087558641

BBB <phi**2>/<phi>**2
1.1142401     0.0017896097

Time = 17000
Temperature
1.0106756     0.0070097946

Pressure
23.968767     0.075898416 

CM Mom
3.2409999e-17  3.9213387e-17 
4.447069e-17   1.60406e-17   
-6.350596e-17  1.522583e-17  
9.3149235e-17  2.0275448e-17 

CM Pos
10.002783      0.0092998614  
10.002273      0.0088822283  
10.004738      0.0095344601  
17.326168      0.0095495397  

Stress
20.9501      0.0276112    -0.036355     0.102304     0.0564569    0.0724769   
0.0276112    20.9027      -0.0105057    0.0564569    0.0919448    0.069743    
-0.036355    -0.0105057   20.9593       0.0724769    0.069743     0.0956387   

Stress Spherical
0            0            0             0            0            0           
0            0            0             0            0            0           
0            0            0             0            0            0           

Inertia
266.799      -100.088     -100.076      0.3458       0.147256     0.124605    
-100.088     266.835      -100.116      0.147256     0.248855     0.180912    
-100.076     -100.116     266.778       0.124605     0.180912     0.248668    

Bond Length
0.61236203    0.00079848362

BB bond length
0.61236203    0.00079848362

Water EE distance
0             0           

PEG EE distance
3.2427679     0.036636521 

BBB P2(x)
0.051521326   0.0048218631

BBB first bond length
0.61265587    0.00083768702

BBB second bond length
0.61260906    0.00079215605

BBB <phi**2>/<phi>**2
1.1131255     0.0021129762

Time = 18000
Temperature
1.0112292     0.0075865335

Pressure
23.978007     0.052988923 

CM Mom
2.7418506e-17  1.7238734e-17 
4.8572315e-17  1.5443628e-17 
-6.0042383e-17 1.3035518e-17 
8.4958208e-17  1.4277234e-17 

CM Pos
9.9946981      0.0097474     
9.9912707      0.011835799   
10.001821      0.014736818   
17.313469      0.011561491   

Stress
20.9357      0.00427875   -0.0451688    0.0525324    0.0584195    0.0726733   
0.00427875   20.9696      0.0104604     0.0584195    0.0897436    0.0777711   
-0.0451688   0.0104604    20.9295       0.0726733    0.0777711    0.0693408   

Stress Spherical
0            0            0             0            0            0           
0            0            0             0            0            0           
0            0            0             0            0            0           

Inertia
266.53       -99.8073     -99.9013      0.365576     0.131938     0.218106    
-99.8073     266.594      -100.002      0.131938     0.327877     0.17362     
-99.9013     -100.002     266.392       0.218106     0.17362      0.261091    

Bond Length
0.61230842    0.00044422236

BB bond length
0.61230842    0.00044422236

Water EE distance
0             0           

PEG EE distance
3.2295519     0.015684706 

BBB P2(x)
0.054681019   0.0037208301

BBB first bond length
0.61253665    0.00050555555

BBB second bond length
0.61265027    0.00053401959

BBB <phi**2>/<phi>**2
1.1139631     0.0018171765

Time = 19000
Temperature
1.00844       0.004081889 

Pressure
23.978281     0.070612552 

CM Mom
4.5110647e-17  1.02783e-17   
5.6132543e-17  1.1650462e-17 
-5.441371e-17  1.5920327e-17 
9.2014185e-17  1.3225281e-17 

CM Pos
10.001283      0.0097091936  
10.002273      0.011329565   
10.000571      0.011794934   
17.322897      0.011065461   

Stress
20.9553      -0.00048399  -0.0344111    0.080362     0.0672901    0.0516832   
-0.00048399  20.9517      -0.0291575    0.0672901    0.0863305    0.057729    
-0.0344111   -0.0291575   20.9537       0.0516832    0.057729     0.104235    

Stress Spherical
0            0            0             0            0            0           
0            0            0             0            0            0           
0            0            0             0            0            0           

Inertia
266.749      -100.05      -100.02       0.379493     0.154054     0.16686     
-100.05      266.731      -100.015      0.154054     0.290835     0.18244     
-100.02      -100.015     266.748       0.16686      0.18244      0.257056    

Bond Length
0.61226259    0.00063968371

BB bond length
0.61226259    0.00063968371

Water EE distance
0             0           

PEG EE distance
3.2460836     0.020595524 

BBB P2(x)
0.052202246   0.0047684371

BBB first bond length
0.61264586    0.00061625818

BBB second bond length
0.61247381    0.00054939959

BBB <phi**2>/<phi>**2
1.1121321     0.0023542182

Time = 20000
Temperature
1.0119461     0.0077700093

Pressure
23.948594     0.067634999 

CM Mom
3.6766913e-17  2.4041628e-17 
5.6639535e-17  1.2558821e-17 
-5.8833029e-17 1.3568668e-17 
9.2414525e-17  2.0013905e-17 

CM Pos
10.00445       0.009942519   
9.995855       0.012460581   
10.001571      0.011257282   
17.321601      0.0086203855  

Stress
20.9043      0.0114029    -0.0238914    0.0820903    0.0472284    0.0459225   
0.0114029    20.8809      -0.0137537    0.0472284    0.0613034    0.0484333   
-0.0238914   -0.0137537   20.9549       0.0459225    0.0484333    0.102174    

Stress Spherical
0            0            0             0            0            0           
0            0            0             0            0            0           
0            0            0             0            0            0           

Inertia
266.638      -99.9806     -100.056      0.250844     0.163773     0.190466    
-99.9806     266.779      -99.917       0.163773     0.326453     0.13834     
-100.056     -99.917      266.656       0.190466     0.13834      0.268072    

Bond Length
0.61257083    0.00060070761

BB bond length
0.61257083    0.00060070761

Water EE distance
0             0           

PEG EE distance
3.2437922     0.014553573 

BBB P2(x)
0.054476042   0.0033985812

BBB first bond length
0.61283851    0.00063241386

BBB second bond length
0.61280364    0.00069909265

BBB <phi**2>/<phi>**2
1.1134076     0.0017502213

Time = 21000
Temperature
1.0091256     0.0073555773

Pressure
24.015023     0.076087708 

CM Mom
2.933057e-17   1.3381333e-17 
6.5126645e-17  9.9034647e-18 
-5.0014518e-17 2.170525e-17  
9.094269e-17   8.994327e-18  

CM Pos
10.007201      0.0065077629  
10.00269       0.0073334405  
9.9971532      0.0089864268  
17.324579      0.0093933287  

Stress
21.0065      -0.015116    0.00622559    0.0794305    0.0663977    0.0372334   
-0.015116    20.9706      -0.00775664   0.0663977    0.0965738    0.0423107   
0.00622559   -0.00775664  20.9877       0.0372334    0.0423107    0.0689637   

Stress Spherical
0            0            0             0            0            0           
0            0            0             0            0            0           
0            0            0             0            0            0           

Inertia
266.671      -100.092     -100.019      0.28994      0.135389     0.142811    
-100.092     266.767      -100.001      0.135389     0.255855     0.117977    
-100.019     -100.001     266.84        0.142811     0.117977     0.270101    

Bond Length
0.61225307    0.0007829066

BB bond length
0.61225307    0.0007829066

Water EE distance
0             0           

PEG EE distance
3.2222368     0.024093292 

BBB P2(x)
0.052763536   0.0061701712

BBB first bond length
0.61241217    0.000717657 

BBB second bond length
0.61248245    0.00068625753

BBB <phi**2>/<phi>**2
1.1127076     0.0024641439

Time = 22000
Temperature
1.0123814     0.0049992165

Pressure
23.955171     0.072550031 

CM Mom
4.5914975e-18  1.4188412e-17 
7.7326548e-17  1.1798857e-17 
-7.5211768e-17 1.3739508e-17 
1.0959016e-16  1.3288389e-17 

CM Pos
9.9977821      0.012736303   
10.00369       0.0094466167  
10.004321      0.011428472   
17.323862      0.0092476231  

Stress
20.9346      0.00553465   -0.00517122   0.091229     0.0524387    0.0581885   
0.00553465   20.9438      -0.0118359    0.0524387    0.0985441    0.0507811   
-0.00517122  -0.0118359   20.8776       0.0581885    0.0507811    0.0922278   

Stress Spherical
0            0            0             0            0            0           
0            0            0             0            0            0           
0            0            0             0            0            0           

Inertia
266.836      -100.082     -100.023      0.286303     0.145281     0.177103    
-100.082     266.732      -100.079      0.145281     0.304523     0.163439    
-100.023     -100.079     266.716       0.177103     0.163439     0.308911    

Bond Length
0.61281277    0.00059704304

BB bond length
0.61281277    0.00059704304

Water EE distance
0             0           

PEG EE distance
3.2302205     0.018166921 

BBB P2(x)
0.055110567   0.0041737751

BBB first bond length
0.61309203    0.00076526447

BBB second bond length
0.61302623    0.0006288896

BBB <phi**2>/<phi>**2
1.1144089     0.0021803845

Time = 23000
Temperature
1.0143156     0.0044958548

Pressure
23.996313     0.037501004 

CM Mom
-8.7575521e-19 2.0475937e-17 
6.7196948e-17  1.7399311e-17 
-5.9397337e-17 1.8464195e-17 
9.2626172e-17  2.2968657e-17 

CM Pos
9.994198       0.0087752096  
9.9936045      0.010058879   
9.9964864      0.0058725284  
17.311442      0.0083612732  

Stress
20.9631      -0.0281957   -0.00145528   0.0996816    0.0821374    0.0630909   
-0.0281957   20.9382      -0.0198688    0.0821374    0.0735619    0.0573801   
-0.00145528  -0.0198688   20.9607       0.0630909    0.0573801    0.0580831   

Stress Spherical
0            0            0             0            0            0           
0            0            0             0            0            0           
0            0            0             0            0            0           

Inertia
266.496      -99.8771     -99.9094      0.232576     0.141834     0.114557    
-99.8771     266.52       -99.936       0.141834     0.226378     0.15615     
-99.9094     -99.936      266.455       0.114557     0.15615      0.309962    

Bond Length
0.6120913     0.00054600303

BB bond length
0.6120913     0.00054600303

Water EE distance
0             0           

PEG EE distance
3.221151      0.019270808 

BBB P2(x)
0.053477331   0.0029988158

BBB first bond length
0.61226816    0.00067614771

BBB second bond length
0.6123148     0.00060828557

BBB <phi**2>/<phi>**2
1.1133229     0.0017541093

Time = 24000
Temperature
1.0088901     0.0035925547

Pressure
23.969776     0.071458591 

CM Mom
2.3840096e-17  1.0355775e-17 
2.1652472e-17  1.9157236e-17 
-5.1001318e-17 2.5111487e-17 
6.7090452e-17  1.5556801e-17 

CM Pos
10.000699      0.008591189   
9.9996891      0.012124877   
10.002238      0.0093949955  
17.32203       0.01009664    

Stress
20.9677      0.0125321    0.0204998     0.1145       0.0351571    0.0354335   
0.0125321    20.8919      -0.00763099   0.0351571    0.0897468    0.0427915   
0.0204998    -0.00763099  20.9716       0.0354335    0.0427915    0.0843846   

Stress Spherical
0            0            0             0            0            0           
0            0            0             0            0            0           
0            0            0             0            0            0           

Inertia
266.732      -99.9902     -99.9754      0.326344     0.138948     0.133858    
-99.9902     266.754      -100.036      0.138948     0.286529     0.204476    
-99.9754     -100.036     266.685       0.133858     0.204476     0.262442    

Bond Length
0.61224086    0.00070217565

BB bond length
0.61224086    0.00070217565

Water EE distance
0             0           

PEG EE distance
3.2167538     0.014591626 

BBB P2(x)
0.052381688   0.0032417968

BBB first bond length
0.61252934    0.00056422351

BBB second bond length
0.6124556     0.00078717678

BBB <phi**2>/<phi>**2
1.1129562     0.0011749713

Time = 25000
Temperature
1.0112437     0.0038699966

Pressure
23.948329     0.038384324 

CM Mom
1.6569367e-17  2.2816282e-17 
3.9464276e-17  2.0715883e-17 
-6.8573218e-17 1.8640944e-17 
8.6515853e-17  1.8614021e-17 

CM Pos
9.9962818      0.011148136   
9.9986889      0.010010762   
9.9937359      0.0069541661  
17.313992      0.011338935   

Stress
20.9326      -0.0319325   -0.00436738   0.0969436    0.0797358    0.0433908   
-0.0319325   20.9319      0.018961      0.0797358    0.0327934    0.0425244   
-0.00436738  0.018961     20.8812       0.0433908    0.0425244    0.0598624   

Stress Spherical
0            0            0             0            0            0           
0            0            0             0            0            0           
0            0            0             0            0            0           

Inertia
266.532      -99.9533     -99.9382      0.290515     0.142684     0.139299    
-99.9533     266.493      -99.9157      0.142684     0.313802     0.187198    
-99.9382     -99.9157     266.608       0.139299     0.187198     0.319247    

Bond Length
0.61266344    0.00073743458

BB bond length
0.61266344    0.00073743458

Water EE distance
0             0           

PEG EE distance
3.2031198     0.031148527 

BBB P2(x)
0.05451692    0.0052129557

BBB first bond length
0.61291806    0.00068057636

BBB second bond length
0.61296815    0.00079370722

BBB <phi**2>/<phi>**2
1.113145      0.0025066563

Time = 26000
Temperature
1.0135649     0.0066102004

Pressure
23.995997     0.045746921 

CM Mom
1.7760561e-17  1.2719271e-17 
4.1962683e-17  2.4805274e-17 
-9.2689164e-17 1.5589729e-17 
1.0729014e-16  1.3286585e-17 

CM Pos
10.00145       0.0085413117  
10.000856      0.0094186289  
9.9968198      0.015409739   
17.320011      0.011473726   

Stress
20.9834      0.000348046  0.0126782     0.0847599    0.0512909    0.0530789   
0.000348046  20.9576      0.0213659     0.0512909    0.0781027    0.0537887   
0.0126782    0.0213659    20.9268       0.0530789    0.0537887    0.0617168   

Stress Spherical
0            0            0             0            0            0           
0            0            0             0            0            0           
0            0            0             0            0            0           

Inertia
266.624      -100.043     -99.9644      0.356199     0.173035     0.194932    
-100.043     266.649      -99.9917      0.173035     0.392354     0.169995    
-99.9644     -99.9917     266.755       0.194932     0.169995     0.274392    

Bond Length
0.61231682    0.00047630909

BB bond length
0.61231682    0.00047630909

Water EE distance
0             0           

PEG EE distance
3.2174255     0.017835938 

BBB P2(x)
0.049641602   0.0039458438

BBB first bond length
0.61274312    0.00041088793

BBB second bond length
0.61266563    0.00049170693

BBB <phi**2>/<phi>**2
1.1115332     0.0018010442

Time = 27000
Temperature
1.0110753     0.0050632813

Pressure
23.961821     0.044204979 

CM Mom
4.4117427e-19  1.5645848e-17 
3.4464513e-17  1.4386971e-17 
-8.4129064e-17 1.7335065e-17 
9.3061689e-17  1.8907689e-17 

CM Pos
10.00195       0.0070277046  
10.001439      0.008555534   
10.000904      0.011954071   
17.322993      0.0075273365  

Stress
20.8801      -0.00783131  -0.0117186    0.107786     0.0486149    0.0662153   
-0.00783131  20.9814      0.0221975     0.0486149    0.0585091    0.0493383   
-0.0117186   0.0221975    20.9262       0.0662153    0.0493383    0.0501211   

Stress Spherical
0            0            0             0            0            0           
0            0            0             0            0            0           
0            0            0             0            0            0           

Inertia
266.714      -100.049     -99.9985      0.157116     0.158749     0.136162    
-100.049     266.734      -100.026      0.158749     0.257019     0.127237    
-99.9985     -100.026     266.742       0.136162     0.127237     0.265543    

Bond Length
0.61231969    0.00043976223

BB bond length
0.61231969    0.00043976223

Water EE distance
0             0           

PEG EE distance
3.2374282     0.020458135 

BBB P2(x)
0.053458992   0.0052172493

BBB first bond length
0.61270845    0.00053528858

BBB second bond length
0.61257423    0.00038439859

BBB <phi**2>/<phi>**2
1.1133157     0.0021292427

Time = 28000
Temperature
1.0107569     0.004958254 

Pressure
23.97057      0.084243592 

CM Mom
1.6990415e-17  2.1408357e-17 
2.6299492e-17  1.6897597e-17 
-7.2864141e-17 1.9993578e-17 
8.4633629e-17  1.6439557e-17 

CM Pos
10.002033      0.01032338    
9.9964384      0.01167386    
9.9969032      0.010709511   
17.317848      0.0053285403  

Stress
20.9232      0.034756     -0.0247019    0.0981596    0.0385207    0.0616278   
0.034756     20.9545      0.0119258     0.0385207    0.0989338    0.0489464   
-0.0247019   0.0119258    20.9391       0.0616278    0.0489464    0.115501    

Stress Spherical
