Time = 1000
Temperature
   1.2008775    0.33411053

Pressure
   23.881557     1.3682185

CM Mom
-2.1330511e-17 1.3285264e-17 
-1.7358145e-17 2.2180115e-17 
-6.4885383e-17 3.6902162e-16 
2.6738087e-16  2.6517785e-16 

CM Pos
7.4978594      0.017019552   
7.5055797      0.011589414   
7.4949533      0.018049219   
12.989478      0.012901044   

Stress
20.3462      -0.000706658 -0.0192032    0.411155     0.0380457    0.0633564   
-0.000706658 20.2381      -0.0292134    0.0380457    0.380471     0.0736376   
-0.0192032   -0.0292134   20.2663       0.0633564    0.0736376    0.39939     

Stress Spherical
0            0            0             0            0            0           
0            0            0             0            0            0           
0            0            0             0            0            0           

Inertia
150.208      -56.2672     -56.2145      1.35083      0.124007     0.200197    
-56.2672     150.109      -56.2461      0.124007     1.13256      0.122226    
-56.2145     -56.2461     150.274       0.200197     0.122226     1.46912     

Bond Length
0.61911008    0.012049074 

BB bond length
0.61911008    0.012049074 

Water EE distance
0             0           

PEG EE distance
7.1274391     0.15728671  

BBB P2(x)
0.46562978    0.066239567 

BBB first bond length
0.61917192    0.012260161 

BBB second bond length
0.61907977    0.011985209 

BBB <phi**2>/<phi>**2
1.2214361     0.014220604 

Time = 2000
Temperature
1.0118306     0.0096266104

Pressure
22.981306     0.094426413 

CM Mom
-2.7571947e-17 2.8742928e-17 
1.7576976e-17  1.4605571e-17 
-1.0783283e-17 6.3164795e-17 
6.7904173e-17  4.0046657e-17 

CM Pos
7.4922225      0.018170117   
7.5072114      0.016505628   
7.5019252      0.015398662   
12.991189      0.018632421   

Stress
20.02        0.0332327    0.0175731     0.0888633    0.0880618    0.0792431   
0.0332327    19.98        -0.0359375    0.0880618    0.110394     0.0782853   
0.0175731    -0.0359375   19.8491       0.0792431    0.0782853    0.12891     

Stress Spherical
0            0            0             0            0            0           
0            0            0             0            0            0           
0            0            0             0            0            0           

Inertia
150.036      -56.2339     -56.2124      0.311885     0.221149     0.136039    
-56.2339     149.813      -56.2818      0.221149     0.302482     0.221255    
-56.2124     -56.2818     149.91        0.136039     0.221255     0.396557    

Bond Length
0.61588407    0.0012777842

BB bond length
0.61588407    0.0012777842

Water EE distance
0             0           

PEG EE distance
7.25835       0.10555358  

BBB P2(x)
0.50768927    0.0074012574

BBB first bond length
0.61588669    0.001361274 

BBB second bond length
0.61590314    0.0013716979

BBB <phi**2>/<phi>**2
1.223658      0.0054768195

