Time = 500
Temperature
   1.0278737   0.043616611

Pressure
   22.099883    0.15963531

CM Mom
-3.1801847e-17 2.4110433e-17 
2.4847326e-17  2.3861808e-17 
-1.7471976e-17 2.8651809e-17 
5.9262102e-17  1.9840496e-17 

CM Pos
7.4821397      0.013071955   
7.4877511      0.054344848   
7.5078936      0.02369493    
12.977686      0.025579611   

Stress
19.0532      0.00305546   0.0371312     0.0674842    0.0526055    0.0819591   
0.00305546   18.9926      -0.0448269    0.0526055    0.092392     0.0713689   
0.0371312    -0.0448269   19.0039       0.0819591    0.0713689    0.123731    

Stress Spherical
0            0            0             0            0            0           
0            0            0             0            0            0           
0            0            0             0            0            0           

Inertia
149.305      -56.1122     -56.1604      0.385696     0.50567      0.145768    
-56.1122     149.145      -56.2012      0.50567      0.191556     0.200246    
-56.1604     -56.2012     148.901       0.145768     0.200246     1.00652     

Bond Length
0.61374439    0.0022810808

BB bond length
0.61374439    0.0022810808

Water EE distance
0             0           

PEG EE distance
3.8627631     0.17430575  

Time = 1000
Temperature
1.0068502     0.010734165 

Pressure
21.946076     0.090786379 

CM Mom
-1.7377118e-17 1.1431788e-17 
3.4239919e-17  1.0212616e-17 
-4.1979897e-17 2.3784762e-17 
6.1682004e-17  1.5253741e-17 

CM Pos
7.4768059      0.010451516   
7.4815283      0.014105844   
7.5123385      0.011643747   
12.973486      0.014887813   

Stress
19.0131      -0.0331428   -0.0050022    0.107167     0.0462253    0.0642347   
-0.0331428   18.8997      0.0482223     0.0462253    0.0511847    0.0763661   
-0.0050022   0.0482223    18.8647       0.0642347    0.0763661    0.184193    

Stress Spherical
0            0            0             0            0            0           
0            0            0             0            0            0           
0            0            0             0            0            0           

Inertia
149.346      -55.9787     -56.1186      0.30581      0.155865     0.140783    
-55.9787     149.263      -56.1767      0.155865     0.285945     0.100462    
-56.1186     -56.1767     148.79        0.140783     0.100462     0.340673    

Bond Length
0.61315383    0.0046222348

BB bond length
0.61315383    0.0046222348

Water EE distance
0             0           

PEG EE distance
3.8588765     0.1087639   

