Time = 1000
Temperature
   1.0374211   0.049476679

Pressure
   23.351078    0.15043327

CM Mom
-3.2812524e-17 1.7485311e-17 
2.5900772e-17  1.469822e-17  
-5.4174503e-17 9.1307458e-17 
1.0679035e-16  4.6228073e-17 

CM Pos
7.5013661      0.042032295   
7.5081383      0.0080281809  
7.4915052      0.03080254    
12.991011      0.041094327   

Stress
20.2562      0.00581925   0.0184506     0.164775     0.0588666    0.064176    
0.00581925   20.2211      -0.00556758   0.0588666    0.0623578    0.0888255   
0.0184506    -0.00556758  20.24         0.064176     0.0888255    0.0940953   

Stress Spherical
0            0            0             0            0            0           
0            0            0             0            0            0           
0            0            0             0            0            0           

Inertia
149.924      -56.2999     -56.194       1.05929      0.312492     0.521083    
-56.2999     149.817      -56.2307      0.312492     1.57848      0.230605    
-56.194      -56.2307     150.072       0.521083     0.230605     1.20803     

Bond Length
0.57104859    0.0027984919

BB bond length
0.57104859    0.0027984919

Water EE distance
0             0           

PEG EE distance
2.2593612     0.10514421  

Time = 2000
Temperature
1.0101387     0.0061776275

Pressure
23.228035     0.083275272 

CM Mom
-2.922752e-17  1.2760319e-17 
2.9517578e-17  2.8415274e-17 
-7.494492e-17  1.8310495e-17 
9.1454341e-17  1.6849559e-17 

CM Pos
7.4986992      0.011063703   
7.4968779      0.016064563   
7.4915052      0.021110467   
12.982943      0.018001394   

Stress
20.2351      -0.00260956  0.00918148    0.0964873    0.0405439    0.0643331   
-0.00260956  20.1785      0.00617751    0.0405439    0.142043     0.0670706   
0.00918148   0.00617751   20.1802       0.0643331    0.0670706    0.0638678   

Stress Spherical
0            0            0             0            0            0           
0            0            0             0            0            0           
0            0            0             0            0            0           

Inertia
149.715      -56.1969     -56.2064      0.48277      0.153321     0.195928    
-56.1969     149.745      -56.1882      0.153321     0.595373     0.207813    
-56.2064     -56.1882     149.807       0.195928     0.207813     0.345374    

Bond Length
0.56986067    0.0025086654

BB bond length
0.56986067    0.0025086654

Water EE distance
0             0           

PEG EE distance
2.2230919     0.081663264 

Time = 3000
Temperature
1.0132442     0.0087059809

Pressure
23.281111     0.08862548  

CM Mom
-4.9988548e-17 1.9829996e-17 
6.4338981e-17  2.0877065e-17 
-4.5367097e-17 1.84253e-17   
9.8305182e-17  1.4184376e-17 

CM Pos
7.4957359      0.0203237     
7.5002857      0.011671052   
7.491357       0.015208172   
12.983111      0.019503065   

Stress
20.1937      0.000827438  -0.000879751  0.136303     0.0888073    0.0808014   
0.000827438  20.2552      0.000984528   0.0888073    0.109948     0.0477107   
-0.000879751 0.000984528  20.2762       0.0808014    0.0477107    0.146436    

Stress Spherical
0            0            0             0            0            0           
0            0            0             0            0            0           
0            0            0             0            0            0           

Inertia
149.783      -56.1948     -56.1925      0.371862     0.194976     0.249175    
-56.1948     149.711      -56.1805      0.194976     0.474814     0.183452    
-56.1925     -56.1805     149.836       0.249175     0.183452     0.436618    

Bond Length
0.56905788    0.0026461069

BB bond length
0.56905788    0.0026461069

Water EE distance
0             0           

PEG EE distance
2.2721574     0.061755519 

