Time = 500
Temperature
   1.0424928   0.054600379

Pressure
   19.925466      0.238408

CM Mom
-7.3265508e-18 1.4048083e-17 
1.1467516e-16  1.8765298e-17 
2.460415e-17   2.087279e-17  
1.2093536e-16  1.3008905e-17 

CM Pos
7.4794748      0.029980181   
7.5081936      0.030286154   
7.4755809      0.021625676   
12.969202      0.043547706   

Stress
16.8113      -0.0289783   -0.0121804    0.169408     0.0639812    0.0562449   
-0.0289783   16.8373      0.0368254     0.0639812    0.142859     0.0619468   
-0.0121804   0.0368254    16.7463       0.0562449    0.0619468    0.0838643   

Stress Spherical
0            0            0             0            0            0           
0            0            0             0            0            0           
0            0            0             0            0            0           

Inertia
148.819      -56.1595     -55.8885      0.15103      0.445236     0.400558    
-56.1595     148.214      -56.1505      0.445236     0.255504     0.38049     
-55.8885     -56.1505     148.666       0.400558     0.38049      0.297831    

Bond Length
0.61227068    0.0030923579

BB bond length
0.61227068    0.0030923579

Water EE distance
0             0           

PEG EE distance
3.6975761     0.09618206  

Time = 1000
Temperature
1.0096177     0.0043803057

Pressure
19.854901     0.075361993 

CM Mom
-5.5927869e-19 2.8214984e-17 
1.0894749e-16  1.2998543e-17 
1.9558853e-17  1.9579849e-17 
1.1620765e-16  9.8293963e-18 

CM Pos
7.4862903      0.030508584   
7.5111568      0.019535025   
7.4859523      0.0097652649  
12.980837      0.028148924   

Stress
16.8376      -0.0479742   0.024591      0.142223     0.0859303    0.0260679   
-0.0479742   16.8138      -0.00245129   0.0859303    0.0956259    0.058255    
0.024591     -0.00245129  16.8277       0.0260679    0.058255     0.153324    

Stress Spherical
0            0            0             0            0            0           
0            0            0             0            0            0           
0            0            0             0            0            0           

Inertia
149.128      -56.1805     -55.9834      0.184499     0.327962     0.302245    
-56.1805     148.63       -56.2106      0.327962     0.365644     0.167352    
-55.9834     -56.2106     148.969       0.302245     0.167352     0.547184    

Bond Length
0.61200257    0.002916378 

BB bond length
0.61200257    0.002916378 

Water EE distance
0             0           

PEG EE distance
3.5508813     0.075266431 

