Time = 1000
Temperature
   1.0952802     0.1256288

Pressure
   23.621592    0.70135637

CM Mom
3.2284102e-17  1.5644541e-17 
1.0265041e-16  1.6171522e-17 
2.4227921e-17  1.7126074e-16 
1.8883455e-16  7.9651647e-17 

CM Pos
7.4960788      0.019851393   
7.4992639      0.014793371   
7.5000818      0.026191921   
12.987766      0.024800278   

Stress
20.3474      0.00787512   0.0352785     0.338331     0.0465448    0.0899698   
0.00787512   20.3685      -0.000927755  0.0465448    0.370344     0.053441    
0.0352785    -0.000927755 20.3186       0.0899698    0.053441     0.359062    

Stress Spherical
0            0            0             0            0            0           
0            0            0             0            0            0           
0            0            0             0            0            0           

Inertia
150.11       -56.1901     -56.2167      0.954367     0.164871     0.315138    
-56.1901     150.04       -56.2204      0.164871     0.834726     0.23284     
-56.2167     -56.2204     150.008       0.315138     0.23284      0.953249    

Bond Length
0.62053656    0.0054798091

BB bond length
0.62053656    0.0054798091

Water EE distance
0             0           

PEG EE distance
6.6046763     0.28033822  

BBB P2(x)
0.48524164    0.056803361 

BBB first bond length
0.62047154    0.005326571 

BBB second bond length
0.62060643    0.005720709 

BBB <phi**2>/<phi>**2
1.2256637     0.013118978 

Time = 2000
Temperature
1.0105724     0.0056196315

Pressure
23.201241     0.091165234 

CM Mom
5.5748656e-17  1.9132461e-17 
1.0190367e-16  2.0628434e-17 
3.6027683e-17  3.2313042e-17 
1.2578795e-16  2.8343848e-17 

CM Pos
7.5018726      0.011342164   
7.4959956      0.012765703   
7.5040929      0.010795854   
12.991524      0.013057527   

Stress
20.1697      0.0224986    0.0180204     0.129858     0.0859976    0.063109    
0.0224986    20.181       0.00127632    0.0859976    0.11855      0.0642476   
0.0180204    0.00127632   20.1831       0.063109     0.0642476    0.0994612   

Stress Spherical
0            0            0             0            0            0           
0            0            0             0            0            0           
0            0            0             0            0            0           

Inertia
149.87       -56.2074     -56.2691      0.387696     0.12645      0.14239     
-56.2074     149.977      -56.2655      0.12645      0.273156     0.126046    
-56.2691     -56.2655     149.837       0.14239      0.126046     0.439154    

Bond Length
0.61821771    0.0016774525

BB bond length
0.61821771    0.0016774525

Water EE distance
0             0           

PEG EE distance
6.9875508     0.25969725  

BBB P2(x)
0.51195605    0.008432115 

BBB first bond length
0.61805354    0.0016948476

BBB second bond length
0.61832748    0.0019969076

BBB <phi**2>/<phi>**2
1.2264523     0.0080603575

Time = 3000
Temperature
1.009346      0.0054498312

Pressure
23.194541     0.10071497  

CM Mom
4.8478108e-17  1.5129914e-17 
6.6436903e-17  9.7663134e-18 
3.3646454e-17  2.6259383e-17 
9.3634792e-17  1.1935195e-17 

CM Pos
7.4980101      0.016358361   
7.4971841      0.015878446   
7.5009731      0.018252815   
12.988193      0.014501847   

Stress
20.1979      -0.00579131  -0.0304133    0.0896753    0.0646869    0.0561926   
-0.00579131  20.2046      0.0109186     0.0646869    0.11023      0.0872312   
-0.0304133   0.0109186    20.1222       0.0561926    0.0872312    0.135925    

Stress Spherical
0            0            0             0            0            0           
0            0            0             0            0            0           
0            0            0             0            0            0           

Inertia
149.922      -56.2231     -56.2673      0.323529     0.222797     0.102496    
-56.2231     149.94       -56.2313      0.222797     0.24349      0.140991    
-56.2673     -56.2313     149.853       0.102496     0.140991     0.471803    

Bond Length
0.61790549    0.0022457869

BB bond length
0.61790549    0.0022457869

Water EE distance
0             0           

PEG EE distance
7.2718602     0.1035367   

BBB P2(x)
0.51185023    0.012744364 

BBB first bond length
0.61794331    0.0025787654

BBB second bond length
0.61786889    0.0022037975

BBB <phi**2>/<phi>**2
1.2259651     0.0086519655

Time = 4000
Temperature
1.0147479     0.010923524 

Pressure
23.285411     0.036655024 

CM Mom
3.3415135e-17  9.5889978e-18 
7.172378e-17   1.5618054e-17 
7.9574963e-18  2.1920316e-17 
8.3929518e-17  9.8184689e-18 

CM Pos
7.4957817      0.011884718   
7.4930244      0.014298753   
7.5097381      0.018005078   
12.989567      0.012031244   

Stress
20.2789      0.0279017    0.0208761     0.0616177    0.0502759    0.049565    
0.0279017    20.2335      0.0200821     0.0502759    0.0751261    0.0616664   
0.0208761    0.0200821    20.2364       0.049565     0.0616664    0.121552    

Stress Spherical
0            0            0             0            0            0           
0            0            0             0            0            0           
0            0            0             0            0            0           

Inertia
149.994      -56.1778     -56.2723      0.334032     0.168947     0.077578    
-56.1778     150.034      -56.2405      0.168947     0.251299     0.154173    
-56.2723     -56.2405     149.765       0.077578     0.154173     0.251535    

Bond Length
0.61928099    0.0025264237

BB bond length
0.61928099    0.0025264237

Water EE distance
0             0           

PEG EE distance
7.2825479     0.11527113  

BBB P2(x)
0.51476218    0.0091675942

BBB first bond length
0.6191387     0.002533494 

BBB second bond length
0.61957421    0.0026554489

BBB <phi**2>/<phi>**2
1.2252974     0.0081258644

Time = 5000
Temperature
1.0089106     0.0058855934

Pressure
23.21858      0.092956818 

CM Mom
5.9621571e-17  1.8091451e-17 
8.0992293e-17  1.7769027e-17 
4.7909087e-18  2.788928e-17  
1.0664932e-16  1.3572401e-17 

CM Pos
7.4999414      0.0089333246  
7.4948071      0.012862154   
7.4997847      0.015569661   
12.987237      0.013557159   

Stress
20.1849      0.0393093    0.0142071     0.130763     0.0779535    0.0558112   
0.0393093    20.2072      0.00735331    0.0779535    0.129077     0.0904427   
0.0142071    0.00735331   20.2086       0.0558112    0.0904427    0.0950348   

Stress Spherical
0            0            0             0            0            0           
0            0            0             0            0            0           
0            0            0             0            0            0           

Inertia
149.873      -56.2299     -56.2209      0.300995     0.155019     0.111991    
-56.2299     149.97       -56.2273      0.155019     0.321255     0.179413    
-56.2209     -56.2273     149.89        0.111991     0.179413     0.222456    

Bond Length
0.6187076     0.0015065194

BB bond length
0.6187076     0.0015065194

Water EE distance
0             0           

PEG EE distance
7.2580526     0.092168334 

BBB P2(x)
0.51654282    0.0094545376

BBB first bond length
0.61835946    0.0015143268

BBB second bond length
0.61848456    0.0016585726

BBB <phi**2>/<phi>**2
1.2233966     0.0071154088

Time = 6000
Temperature
1.0123137     0.0083612487

Pressure
23.196753     0.058720298 

CM Mom
1.3803293e-17  2.8768879e-17 
9.5961941e-17  1.4944241e-17 
6.1817112e-18  1.0584856e-17 
1.0245477e-16  1.0172341e-17 

CM Pos
7.4966731      0.01173898    
7.4928759      0.014113103   
7.495625       0.011511164   
12.981834      0.01232194    

Stress
20.2081      -0.00139374  0.03391       0.108883     0.0564788    0.0583149   
-0.00139374  20.1899      0.0232923     0.0564788    0.0689441    0.0815036   
0.03391      0.0232923    20.1066       0.0583149    0.0815036    0.0870153   

Stress Spherical
0            0            0             0            0            0           
0            0            0             0            0            0           
0            0            0             0            0            0           

Inertia
149.796      -56.2        -56.1795      0.303284     0.139909     0.126702    
-56.2        149.86       -56.1586      0.139909     0.265766     0.158849    
-56.1795     -56.1586     149.79        0.126702     0.158849     0.227317    

Bond Length
0.6193479     0.0021814283

BB bond length
0.6193479     0.0021814283

Water EE distance
0             0           

PEG EE distance
6.912862      0.13391254  

BBB P2(x)
0.511658      0.0088828695

BBB first bond length
0.61936749    0.0025224598

BBB second bond length
0.61933929    0.0020883432

BBB <phi**2>/<phi>**2
1.2310823     0.0087564907

Time = 7000
Temperature
1.0079142     0.0048915133

Pressure
23.14268      0.11578732  

CM Mom
-9.205219e-18  2.2155457e-17 
1.1232968e-16  1.6723218e-17 
-4.7203996e-18 2.5888855e-17 
1.1813996e-16  1.4445983e-17 

CM Pos
7.4960788      0.012246884   
7.4985211      0.011773709   
7.5027559      0.0096780217  
12.988867      0.0083760227  

Stress
20.1204      0.0409428    -0.00265416   0.192422     0.0837199    0.104415    
0.0409428    20.1551      0.0313487     0.0837199    0.0964574    0.0546338   
-0.00265416  0.0313487    20.1065       0.104415     0.0546338    0.0863356   

Stress Spherical
0            0            0             0            0            0           
0            0            0             0            0            0           
0            0            0             0            0            0           

Inertia
150          -56.2257     -56.2201      0.194627     0.133557     0.126979    
-56.2257     149.973      -56.2622      0.133557     0.219897     0.0917942   
-56.2201     -56.2622     149.891       0.126979     0.0917942    0.242714    

Bond Length
0.61928472    0.0020752756

BB bond length
0.61928472    0.0020752756

Water EE distance
0             0           

PEG EE distance
7.02973       0.15833282  

BBB P2(x)
0.510151      0.01054901  

BBB first bond length
0.61929361    0.0020097495

BBB second bond length
0.61908169    0.0020705007

BBB <phi**2>/<phi>**2
1.2242839     0.00640949  

Time = 8000
Temperature
1.011958      0.0086032088

Pressure
23.21574      0.072996321 

CM Mom
-2.687428e-17  2.132681e-17  
8.8638271e-17  2.4370724e-17 
-2.9519815e-17 1.7818479e-17 
1.0021754e-16  2.7804622e-17 

CM Pos
7.5035068      0.023383768   
7.4954014      0.010458383   
7.5046871      0.0094903494  
12.992476      0.017078463   

Stress
20.1762      0.00891558   -0.00411742   0.126253     0.0686372    0.0796577   
0.00891558   20.1864      0.0164074     0.0686372    0.11243      0.075777    
-0.00411742  0.0164074    20.2021       0.0796577    0.075777     0.119121    

Stress Spherical
0            0            0             0            0            0           
0            0            0             0            0            0           
0            0            0             0            0            0           

Inertia
149.998      -56.2195     -56.3342      0.213734     0.230166     0.208278    
-56.2195     150.109      -56.2492      0.230166     0.398669     0.116086    
-56.3342     -56.2492     149.965       0.208278     0.116086     0.458333    

Bond Length
0.61880047    0.0023631462

BB bond length
0.61880047    0.0023631462

Water EE distance
0             0           

PEG EE distance
7.0164954     0.11630078  

BBB P2(x)
0.50715245    0.0098635726

BBB first bond length
0.61877068    0.0021871296

BBB second bond length
0.61870554    0.0024780378

BBB <phi**2>/<phi>**2
1.2269496     0.0054382109

Time = 9000
Temperature
1.007206      0.0084202424

Pressure
23.218743     0.096883279 

CM Mom
-2.0092211e-17 1.6108206e-17 
9.6339639e-17  2.7974049e-17 
-3.9439747e-17 2.3104165e-17 
1.1099385e-16  2.2286915e-17 

CM Pos
7.5036554      0.01844825    
7.5007495      0.013133824   
7.4984476      0.010015343   
12.992047      0.011299677   

Stress
20.2129      -0.00404649  0.0109456     0.119737     0.0532928    0.0465832   
-0.00404649  20.2126      -0.00208725   0.0532928    0.0984158    0.0667857   
0.0109456    -0.00208725  20.1909       0.0465832    0.0667857    0.150665    

Stress Spherical
0            0            0             0            0            0           
0            0            0             0            0            0           
0            0            0             0            0            0           

Inertia
149.965      -56.2506     -56.2519      0.222627     0.158785     0.0682575   
-56.2506     150.007      -56.2586      0.158785     0.235313     0.171077    
-56.2519     -56.2586     150.052       0.0682575    0.171077     0.382469    

Bond Length
0.61892682    0.0017162032

BB bond length
0.61892682    0.0017162032

Water EE distance
0             0           

PEG EE distance
6.9769881     0.1506628   

BBB P2(x)
0.50398635    0.010854825 

BBB first bond length
0.61900886    0.0017283258

BBB second bond length
0.61896594    0.0015757928

BBB <phi**2>/<phi>**2
1.2232144     0.00790454  

Time = 10000
Temperature
1.0091724     0.0076620599

Pressure
23.172292     0.10613005  

CM Mom
-4.1611716e-17 2.0879346e-17 
7.1786799e-17  1.5926276e-17 
-6.4995271e-17 1.6378243e-17 
1.0804558e-16  1.9830717e-17 

CM Pos
7.5139059      0.012461256   
7.4967384      0.011066397   
7.5084011      0.0073922088  
13.001392      0.0094685081  

Stress
20.1457      0.0102731    0.0282523     0.142313     0.0299714    0.0528473   
0.0102731    20.1781      0.0242976     0.0299714    0.0940376    0.0904654   
0.0282523    0.0242976    20.1357       0.0528473    0.0904654    0.0986317   

Stress Spherical
0            0            0             0            0            0           
0            0            0             0            0            0           
0            0            0             0            0            0           

Inertia
150.082      -56.3625     -56.4251      0.214578     0.109835     0.130743    
-56.3625     150.33       -56.2837      0.109835     0.237681     0.120488    
-56.4251     -56.2837     150.143       0.130743     0.120488     0.252147    

Bond Length
0.61985605    0.0021489756

BB bond length
0.61985605    0.0021489756

Water EE distance
0             0           

PEG EE distance
6.8975943     0.17789263  

BBB P2(x)
0.51334167    0.014223352 

BBB first bond length
0.6196389     0.0021076258

BBB second bond length
0.61982039    0.0021174573

BBB <phi**2>/<phi>**2
1.2297579     0.0057882301

Time = 11000
Temperature
1.0124638     0.0068682842

Pressure
23.127607     0.090326207 

CM Mom
-2.4878034e-17 2.0594438e-17 
8.5428731e-17  1.9379321e-17 
-4.1410978e-17 1.2370486e-17 
1.0099158e-16  1.9628348e-17 

CM Pos
7.5024669      0.014680303   
7.4985211      0.0062341691  
7.5020131      0.014053554   
12.992126      0.01172152    

Stress
20.1974      0.0111884    0.0109125     0.141066     0.102516     0.0834404   
0.0111884    20.0433      0.0129512     0.102516     0.120862     0.0689212   
0.0109125    0.0129512    20.0552       0.0834404    0.0689212    0.123965    

Stress Spherical
0            0            0             0            0            0           
0            0            0             0            0            0           
0            0            0             0            0            0           

Inertia
149.999      -56.2678     -56.2315      0.188313     0.172845     0.134668    
-56.2678     150.056      -56.2608      0.172845     0.253114     0.115504    
-56.2315     -56.2608     149.997       0.134668     0.115504     0.251112    

Bond Length
0.61886945    0.0018251702

BB bond length
0.61886945    0.0018251702

Water EE distance
0             0           

PEG EE distance
6.8272532     0.089618161 

BBB P2(x)
0.50844808    0.013070026 

BBB first bond length
0.61892029    0.0017003989

BBB second bond length
0.61891876    0.0021231761

BBB <phi**2>/<phi>**2
1.2203204     0.00946958  

Time = 12000
Temperature
1.006395      0.0089060664

Pressure
23.185513     0.077968781 

CM Mom
-2.5053276e-17 9.8522592e-18 
9.2430712e-17  2.4697184e-17 
-4.3160923e-17 1.5063928e-17 
1.0725832e-16  2.1530491e-17 

CM Pos
7.5049924      0.012028691   
7.4949557      0.018536565   
7.4960707      0.014194186   
12.988105      0.013007331   

Stress
20.1378      0.014787     0.0370315     0.151325     0.0529434    0.0710523   
0.014787     20.2319      0.00479065    0.0529434    0.103143     0.0810569   
0.0370315    0.00479065   20.1544       0.0710523    0.0810569    0.0714205   

Stress Spherical
0            0            0             0            0            0           
0            0            0             0            0            0           
0            0            0             0            0            0           

Inertia
149.838      -56.2534     -56.2275      0.252219     0.208646     0.1029      
-56.2534     150.018      -56.1877      0.208646     0.373637     0.118604    
-56.2275     -56.1877     149.987       0.1029       0.118604     0.319677    

Bond Length
0.61800371    0.0027114054

BB bond length
0.61800371    0.0027114054

Water EE distance
0             0           

PEG EE distance
6.8563965     0.14704735  

BBB P2(x)
0.51534355    0.0041676223

BBB first bond length
0.61772131    0.0027441311

BBB second bond length
0.61816191    0.0028073383

BBB <phi**2>/<phi>**2
1.2260204     0.0074102439

Time = 13000
Temperature
1.0100782     0.0061610374

Pressure
23.208445     0.1136876   

CM Mom
4.724248e-18   1.1055805e-17 
9.1878735e-17  1.3080553e-17 
-9.4999003e-18 1.4013609e-17 
9.4212109e-17  1.2963798e-17 

CM Pos
7.5084092      0.013440278   
7.4994125      0.010172765   
7.4971106      0.0090169303  
12.993242      0.0097575944  

Stress
20.2528      -0.0259878   0.0380823     0.110563     0.065249     0.0875045   
-0.0259878   20.1537      -0.00221429   0.065249     0.143197     0.0627159   
0.0380823    -0.00221429  20.1533       0.0875045    0.0627159    0.138585    

Stress Spherical
0            0            0             0            0            0           
0            0            0             0            0            0           
0            0            0             0            0            0           

Inertia
149.934      -56.3047     -56.2822      0.231864     0.12075      0.153588    
-56.3047     150.089      -56.1819      0.12075      0.238549     0.121733    
-56.2822     -56.1819     150.114       0.153588     0.121733     0.162763    

Bond Length
0.61857039    0.0031513599

BB bond length
0.61857039    0.0031513599

Water EE distance
0             0           

PEG EE distance
6.9153338     0.10221647  

BBB P2(x)
0.51451665    0.013439608 

BBB first bond length
0.61860867    0.0032519228

BBB second bond length
0.61844903    0.0032396935

BBB <phi**2>/<phi>**2
1.2310391     0.010956907 

Time = 14000
Temperature
1.0080579     0.0086749043

Pressure
23.152605     0.074304169 

CM Mom
-1.7447226e-18 2.4018977e-17 
8.6893342e-17  1.1240922e-17 
-3.2037664e-17 1.8635204e-17 
9.7632841e-17  9.9135107e-18 

CM Pos
7.5052895      0.017492149   
7.5035721      0.018183158   
7.5051328      0.011678663   
12.998483      0.014058963   

Stress
20.1862      0.0215452    0.0202263     0.0879279    0.055485     0.0852183   
0.0215452    20.112       0.0137203     0.055485     0.0954122    0.0419268   
0.0202263    0.0137203    20.1123       0.0852183    0.0419268    0.113628    

Stress Spherical
0            0            0             0            0            0           
0            0            0             0            0            0           
0            0            0             0            0            0           

Inertia
150.129      -56.294      -56.3399      0.389118     0.15584      0.121873    
-56.294      150.16       -56.353       0.15584      0.192687     0.222554    
-56.3399     -56.353      150.123       0.121873     0.222554     0.327897    

Bond Length
0.61783198    0.0020527583

BB bond length
0.61783198    0.0020527583

Water EE distance
0             0           

PEG EE distance
6.9294683     0.12578397  

BBB P2(x)
0.51296912    0.012331316 

BBB first bond length
0.61777083    0.0019646053

BBB second bond length
0.61748196    0.0020885246

BBB <phi**2>/<phi>**2
1.226615      0.0076876076

Time = 15000
Temperature
1.0100656     0.0064694481

Pressure
23.1402       0.054901422 

CM Mom
2.0384968e-17  2.5547167e-17 
5.9306823e-17  1.7469112e-17 
-3.2944696e-17 2.6345085e-17 
7.8833539e-17  2.1339247e-17 

CM Pos
7.4905822      0.019767278   
7.4974812      0.011140933   
7.500676       0.0069043974  
12.983899      0.010302045   

Stress
20.1159      0.0253977    0.0128419     0.0765324    0.0956001    0.0561712   
0.0253977    20.1403      0.00955553    0.0956001    0.0914467    0.0648571   
0.0128419    0.00955553   20.099        0.0561712    0.0648571    0.105689    

Stress Spherical
0            0            0             0            0            0           
0            0            0             0            0            0           
0            0            0             0            0            0           

Inertia
149.997      -56.1662     -56.1801      0.232012     0.145271     0.169217    
-56.1662     149.895      -56.2568      0.145271     0.24892      0.131093    
-56.1801     -56.2568     149.822       0.169217     0.131093     0.314572    

Bond Length
0.61950091    0.0021839543

BB bond length
0.61950091    0.0021839543

Water EE distance
0             0           

PEG EE distance
7.1455815     0.08430292  

BBB P2(x)
0.51394874    0.011808652 

BBB first bond length
0.61932042    0.0021079825

BBB second bond length
0.61960371    0.0021090777

BBB <phi**2>/<phi>**2
1.2268028     0.010622689 

Time = 16000
Temperature
1.0149154     0.0074946611

Pressure
23.207998     0.072527033 

CM Mom
4.9223058e-17  2.8111661e-17 
5.7318686e-17  2.3370295e-17 
-2.6779444e-17 1.4082069e-17 
8.5649348e-17  2.4988192e-17 

CM Pos
7.5055866      0.013439457   
7.4942129      0.012343812   
7.5082525      0.014592848   
12.995047      0.014541368   

Stress
20.1742      0.0417156    -0.0211159    0.100089     0.080263     0.0694091   
0.0417156    20.1355      0.0256786     0.080263     0.103902     0.0682699   
-0.0211159   0.0256786    20.2053       0.0694091    0.0682699    0.0972297   

Stress Spherical
0            0            0             0            0            0           
0            0            0             0            0            0           
0            0            0             0            0            0           

Inertia
150.052      -56.2577     -56.3224      0.25238      0.189114     0.203398    
-56.2577     150.219      -56.2519      0.189114     0.29292      0.17673     
-56.3224     -56.2519     149.993       0.203398     0.17673      0.257912    

Bond Length
0.61785496    0.002323688 

BB bond length
0.61785496    0.002323688 

Water EE distance
0             0           

PEG EE distance
7.0605901     0.11623274  

BBB P2(x)
0.50909577    0.010676864 

BBB first bond length
0.61778209    0.0024221388

BBB second bond length
0.61779832    0.0021800719

BBB <phi**2>/<phi>**2
1.2252456     0.0069109284

Time = 17000
Temperature
1.0090529     0.0038972588

Pressure
23.196993     0.085620139 

CM Mom
1.7848839e-17  1.7055062e-17 
1.5595571e-17  1.4989739e-17 
-3.313461e-17  1.161951e-17  
4.7161618e-17  9.2772573e-18 

CM Pos
7.501427       0.014567872   
7.5052063      0.01658014    
7.4987448      0.0090620977  
12.993506      0.008472292   

Stress
20.151       0.0190356    0.007959      0.124355     0.049379     0.0595721   
0.0190356    20.1936      0.0274952     0.049379     0.119238     0.0882934   
0.007959     0.0274952    20.19         0.0595721    0.0882934    0.0904061   

Stress Spherical
0            0            0             0            0            0           
0            0            0             0            0            0           
0            0            0             0            0            0           

Inertia
150.062      -56.2651     -56.2941      0.243647     0.130029     0.171622    
-56.2651     150          -56.2754      0.130029     0.291903     0.121155    
-56.2941     -56.2754     150.088       0.171622     0.121155     0.17068     

Bond Length
0.61910476    0.0016659774

BB bond length
0.61910476    0.0016659774

Water EE distance
0             0           

PEG EE distance
7.0780164     0.10955712  

BBB P2(x)
0.51338975    0.012262967 

BBB first bond length
0.6191984     0.0016682781

BBB second bond length
0.61907956    0.0016234283

BBB <phi**2>/<phi>**2
1.2305976     0.010248795 

Time = 18000
Temperature
1.0136107     0.0090868689

Pressure
23.26459      0.088346623 

CM Mom
3.5356815e-17  1.3189978e-17 
2.5850867e-17  2.2702904e-17 
-5.760031e-18  7.7529232e-18 
4.8825414e-17  1.7808252e-17 

CM Pos
7.5003871      0.0099976991  
7.5020865      0.013087532   
7.5015674      0.010232252   
12.992726      0.0086263726  

Stress
20.2785      -0.0312845   0.0588857     0.10492      0.0579207    0.0420891   
-0.0312845   20.2066      0.0209816     0.0579207    0.0751887    0.0548523   
0.0588857    0.0209816    20.2114       0.0420891    0.0548523    0.14708     

Stress Spherical
0            0            0             0            0            0           
0            0            0             0            0            0           
0            0            0             0            0            0           

Inertia
150.053      -56.2781     -56.2729      0.150844     0.141602     0.113851    
-56.2781     150.038      -56.2245      0.141602     0.20941      0.0734312   
-56.2729     -56.2245     150.028       0.113851     0.0734312    0.297344    

Bond Length
0.61826541    0.002235162 

BB bond length
0.61826541    0.002235162 

Water EE distance
0             0           

PEG EE distance
6.7071318     0.24806121  

BBB P2(x)
0.50545       0.011860793 

BBB first bond length
0.61815968    0.0022197506

BBB second bond length
0.61851119    0.0022076561

BBB <phi**2>/<phi>**2
1.2185404     0.0083548619

Time = 19000
Temperature
1.0101217     0.0060797654

Pressure
23.149312     0.093019243 

CM Mom
3.5299913e-17  1.171156e-17  
2.5320606e-17  2.1961838e-17 
2.8346588e-18  1.6276813e-17 
5.0519921e-17  1.5080036e-17 

CM Pos
7.4944447      0.010493145   
7.4934701      0.019914108   
7.508104       0.0093012633  
12.988106      0.010388477   

Stress
20.1236      -0.031136    -0.00348248   0.101062     0.0680194    0.0786563   
-0.031136    20.1768      -0.0236715    0.0680194    0.106859     0.0407477   
-0.00348248  -0.0236715   20.0816       0.0786563    0.0407477    0.141214    

Stress Spherical
0            0            0             0            0            0           
0            0            0             0            0            0           
0            0            0             0            0            0           

Inertia
150.008      -56.1543     -56.28        0.237061     0.157752     0.114931    
-56.1543     150.035      -56.2483      0.157752     0.179526     0.129592    
-56.28       -56.2483     149.815       0.114931     0.129592     0.314755    

Bond Length
0.61899603    0.0017897628

BB bond length
0.61899603    0.0017897628

Water EE distance
0             0           

PEG EE distance
6.7116614     0.12624025  

BBB P2(x)
0.511031      0.0086708037

BBB first bond length
0.61899939    0.0017362424

BBB second bond length
0.61900292    0.0016776498

BBB <phi**2>/<phi>**2
1.2258079     0.010706367 

Time = 20000
Temperature
1.0140944     0.0052303124

Pressure
23.194698     0.090132988 

CM Mom
3.0162232e-17  1.2705019e-17 
4.9124373e-17  2.1267938e-17 
-1.4915014e-17 2.0583605e-17 
6.5880966e-17  1.5573941e-17 

CM Pos
7.5058837      0.0098498075  
7.4964413      0.011611383   
7.5002303      0.011679608   
12.991869      0.0088640605  

Stress
20.1883      0.00751454   0.000409751   0.118666     0.0591228    0.0680015   
0.00751454   20.182       -0.00907396   0.0591228    0.121461     0.06893     
0.000409751  -0.00907396  20.1121       0.0680015    0.06893      0.109887    

Stress Spherical
0            0            0             0            0            0           
0            0            0             0            0            0           
0            0            0             0            0            0           

Inertia
149.927      -56.285      -56.275       0.261574     0.131328     0.103653    
-56.285      150.085      -56.1954      0.131328     0.219359     0.0819734   
-56.275      -56.1954     150.021       0.103653     0.0819734    0.247722    

Bond Length
0.61906519    0.0025224531

BB bond length
0.61906519    0.0025224531

Water EE distance
0             0           

PEG EE distance
6.7957266     0.099924806 

BBB P2(x)
0.51301806    0.0096802398

BBB first bond length
0.61914517    0.0024787384

BBB second bond length
0.61870521    0.0025913197

BBB <phi**2>/<phi>**2
1.2239711     0.0058230474

Time = 21000
Temperature
1.0156196     0.0085119872

Pressure
23.2033       0.11671039  

CM Mom
4.7361782e-17  1.5812186e-17 
4.0182223e-17  3.0324829e-17 
-4.0147896e-17 2.6172435e-17 
8.2618462e-17  2.2325086e-17 

CM Pos
7.4997928      0.019854172   
7.5010466      0.0073081354  
7.498002       0.010646612   
12.989723      0.017047429   

Stress
20.2169      -0.0130531   -0.0290675    0.139571     0.0792015    0.0780165   
-0.0130531   20.0872      0.0169276     0.0792015    0.123178     0.0784197   
-0.0290675   0.0169276    20.1905       0.0780165    0.0784197    0.152151    

Stress Spherical
0            0            0             0            0            0           
0            0            0             0            0            0           
0            0            0             0            0            0           

Inertia
149.969      -56.2629     -56.2153      0.255147     0.149448     0.178069    
-56.2629     149.955      -56.2344      0.149448     0.382076     0.146996    
-56.2153     -56.2344     150.036       0.178069     0.146996     0.397713    

Bond Length
0.6195976     0.0014993757

BB bond length
0.6195976     0.0014993757

Water EE distance
0             0           

PEG EE distance
6.7936072     0.16447495  

BBB P2(x)
0.51058648    0.01022106  

BBB first bond length
0.61954474    0.0016031499

BBB second bond length
0.61945257    0.0015035213

BBB <phi**2>/<phi>**2
1.2256255     0.011567774 

Time = 22000
Temperature
1.007535      0.0099448204

Pressure
23.181639     0.11813784  

CM Mom
5.6386261e-17  1.5353253e-17 
3.1218082e-17  1.8577046e-17 
-4.4942412e-17 1.9219412e-17 
8.2679175e-17  1.6975522e-17 

CM Pos
7.4931077      0.0087334486  
7.5063947      0.015211163   
7.500676       0.015595155   
12.990504      0.010809041   

Stress
20.1414      -0.0236093   -0.00433927   0.120621     0.073455     0.0603229   
-0.0236093   20.1356      -0.0125114    0.073455     0.154113     0.0649159   
-0.00433927  -0.0125114   20.2251       0.0603229    0.0649159    0.116779    

Stress Spherical
0            0            0             0            0            0           
0            0            0             0            0            0           
0            0            0             0            0            0           

Inertia
150.102      -56.2439     -56.2159      0.257382     0.114592     0.152712    
-56.2439     149.929      -56.2788      0.114592     0.243626     0.115066    
-56.2159     -56.2788     150.006       0.152712     0.115066     0.289636    

Bond Length
0.6180361     0.0028707098

BB bond length
0.6180361     0.0028707098

Water EE distance
0             0           

PEG EE distance
6.7178626     0.093335668 

BBB P2(x)
0.51091281    0.0079972653

BBB first bond length
0.61796192    0.0028796495

BBB second bond length
0.61793214    0.0029539895

BBB <phi**2>/<phi>**2
1.2313466     0.0060782176

Time = 23000
Temperature
1.0103066     0.0062094944

Pressure
23.186824     0.10211596  

CM Mom
7.2952604e-17  1.5134814e-17 
1.6196204e-17  1.7597327e-17 
-4.3244765e-17 1.3059362e-17 
8.9153409e-17  1.4678358e-17 

CM Pos
7.4989015      0.0092405595  
7.499561       0.014171623   
7.5011217      0.016396093   
12.990156      0.013425259   

Stress
20.2051      -0.00466841  0.0341079     0.107029     0.080679     0.0560017   
-0.00466841  20.1264      0.0468114     0.080679     0.120398     0.0895099   
0.0341079    0.0468114    20.1614       0.0560017    0.0895099    0.141372    

Stress Spherical
0            0            0             0            0            0           
0            0            0             0            0            0           
0            0            0             0            0            0           

Inertia
150.01       -56.2456     -56.2501      0.261398     0.0835336    0.183234    
-56.2456     150.016      -56.2672      0.0835336    0.345094     0.157853    
-56.2501     -56.2672     150.002       0.183234     0.157853     0.22854     

Bond Length
0.61842468    0.0022445827

BB bond length
0.61842468    0.0022445827

Water EE distance
0             0           

PEG EE distance
6.9278695     0.11656075  

BBB P2(x)
0.50254012    0.013378994 

BBB first bond length
0.61840914    0.0022090417

BBB second bond length
0.61836347    0.0024671772

BBB <phi**2>/<phi>**2
1.2201092     0.0047967635

Time = 24000
Temperature
1.0069538     0.0070086485

Pressure
23.158811     0.082586761 

CM Mom
1.0304886e-16  2.3350537e-17 
2.2914225e-17  2.4031606e-17 
-1.1269363e-17 3.2994702e-17 
1.1379081e-16  2.3112691e-17 

CM Pos
7.5024669      0.012218919   
7.4958471      0.0086687696  
7.5027559      0.01283467    
12.991007      0.014670735   

Stress
20.0581      0.0117357    0.0520432     0.122684     0.0683722    0.0676905   
0.0117357    20.1296      0.0610457     0.0683722    0.128541     0.0654828   
0.0520432    0.0610457    20.2512       0.0676905    0.0654828    0.112343    

Stress Spherical
0            0            0             0            0            0           
0            0            0             0            0            0           
0            0            0             0            0            0           

Inertia
149.986      -56.196      -56.3298      0.277389     0.140981     0.190287    
-56.196      150.08       -56.2307      0.140981     0.312368     0.153296    
-56.3298     -56.2307     149.977       0.190287     0.153296     0.25539     

Bond Length
0.61807586    0.0018737872

BB bond length
0.61807586    0.0018737872

Water EE distance
0             0           

PEG EE distance
6.6215138     0.092428424 

BBB P2(x)
0.50875942    0.011302174 

BBB first bond length
0.61799873    0.0020616583

BBB second bond length
0.61799567    0.0018695897

BBB <phi**2>/<phi>**2
1.2278278     0.0094022746

Time = 25000
Temperature
1.0093948     0.0089389631

Pressure
23.150908     0.073165449 

CM Mom
1.0400163e-16  1.4366521e-17 
4.8170232e-17  2.4865899e-17 
-3.1988322e-17 2.1891096e-17 
1.2333828e-16  1.5860682e-17 

CM Pos
7.504101       0.013602682   
7.4980754      0.012899847   
7.5034986      0.0099534515  
12.993672      0.0094310495  

Stress
20.1767      -0.00604414  0.0381542     0.0966421    0.0615255    0.0672042   
-0.00604414  20.1315      0.0353335     0.0615255    0.129481     0.0601195   
0.0381542    0.0353335    20.0851       0.0672042    0.0601195    0.0978618   

Stress Spherical
0            0            0             0            0            0           
0            0            0             0            0            0           
0            0            0             0            0            0           

Inertia
150.007      -56.2654     -56.285       0.184124     0.115325     0.134496    
-56.2654     150.104      -56.2631      0.115325     0.313076     0.14838     
-56.285      -56.2631     150.027       0.134496     0.14838      0.162381    

Bond Length
0.61880145    0.0017543392

BB bond length
0.61880145    0.0017543392

Water EE distance
0             0           

PEG EE distance
6.6826351     0.08924371  

BBB P2(x)
0.51153803    0.011275303 

BBB first bond length
0.61882006    0.0017713396

BBB second bond length
0.61870349    0.0017892016

BBB <phi**2>/<phi>**2
1.232594      0.012225029 

Time = 26000
Temperature
1.0089409     0.0084017938

Pressure
23.108554     0.093539091 

CM Mom
1.1037191e-16  1.2938644e-17 
2.5401286e-17  1.1395023e-17 
-2.991277e-17  2.2784602e-17 
1.1985791e-16  1.3131404e-17 

CM Pos
7.5061809      0.016728559   
7.4989668      0.015724812   
7.5008246      0.018667073   
12.99385       0.019133772   

Stress
20.0963      -0.040488    0.0107106     0.131786     0.0612713    0.0697831   
-0.040488    20.1014      0.000579831   0.0612713    0.152005     0.0591587   
0.0107106    0.000579831  20.0726       0.0697831    0.0591587    0.0325365   

Stress Spherical
0            0            0             0            0            0           
0            0            0             0            0            0           
0            0            0             0            0            0           

Inertia
149.993      -56.273      -56.2983      0.387394     0.139067     0.268903    
-56.273      150.09       -56.2374      0.139067     0.485363     0.179502    
-56.2983     -56.2374     150.078       0.268903     0.179502     0.277343    

Bond Length
0.61817492    0.0022333656

BB bond length
0.61817492    0.0022333656

Water EE distance
0             0           

PEG EE distance
6.8452643     0.12739068  

BBB P2(x)
0.51360066    0.0081328614

BBB first bond length
0.61791705    0.0024745728

BBB second bond length
0.61834405    0.0019529158

BBB <phi**2>/<phi>**2
1.2239423     0.0062616996

Time = 27000
Temperature
1.0131169     0.0044771033

Pressure
23.201611     0.078861011 

CM Mom
1.3037073e-16  2.6872762e-17 
7.6790334e-18  2.6628338e-17 
4.5075665e-18  2.4943991e-17 
1.3540078e-16  2.8210976e-17 

CM Pos
7.4969702      0.017130081   
7.4994125      0.013043614   
7.5012703      0.016425007   
12.989037      0.021094259   

Stress
20.1124      -0.0171125   -0.0133109    0.109324     0.0450565    0.0727351   
-0.0171125   20.268       0.00749937    0.0450565    0.114598     0.0641919   
-0.0133109   0.00749937   20.1316       0.0727351    0.0641919    0.0887503   

Stress Spherical
0            0            0             0            0            0           
0            0            0             0            0            0           
0            0            0             0            0            0           

Inertia
150.033      -56.2352     -56.2482      0.399076     0.215196     0.248395    
-56.2352     149.968      -56.282       0.215196     0.423022     0.22185     
-56.2482     -56.282      149.957       0.248395     0.22185      0.355651    

Bond Length
0.61900247    0.0023320984

BB bond length
0.61900247    0.0023320984

Water EE distance
0             0           

PEG EE distance
6.7007151     0.15907279  

BBB P2(x)
0.5051949     0.0095161042

BBB first bond length
0.61885037    0.0026150952

BBB second bond length
0.61887545    0.0024674417

BBB <phi**2>/<phi>**2
1.2283927     0.011315107 

Time = 28000
Temperature
1.0088864     0.0062897523

Pressure
23.098395     0.093373831 

CM Mom
1.266668e-16   2.8228692e-17 
6.2383384e-18  3.3391342e-17 
-6.7044133e-18 3.8266211e-17 
1.3829835e-16  1.9443639e-17 

CM Pos
7.5063294      0.010783581   
7.5072861      0.010625862   
7.4999332      0.010614432   
12.998216      0.0064126635  

Stress
20.0522      0.00253001   0.0427051     0.116368     0.0720326    0.0701603   
0.00253001   20.0907      0.0211042     0.0720326    0.117381     0.0774572   
0.0427051    0.0211042    20.0975       0.0701603    0.0774572    0.149649    

Stress Spherical
0            0            0             0            0            0           
