Time = 1000
Temperature
   1.0540053   0.071687159

Pressure
   23.575669    0.36155094

CM Mom
-9.3564523e-18 2.2961771e-17 
-4.6305067e-18 2.4993027e-17 
-5.453067e-18  9.7505663e-17 
8.2438612e-17  6.3260134e-17 

CM Pos
7.5004904      0.012066459   
7.5002621      0.050674398   
7.492722       0.015442082   
12.986688      0.032516195   

Stress
20.4565      0.00338063   0.0211068     0.154503     0.038207     0.0647472   
0.00338063   20.38        -0.0104144    0.038207     0.22074      0.0879657   
0.0211068    -0.0104144   20.4223       0.0647472    0.0879657    0.172698    

Stress Spherical
0            0            0             0            0            0           
0            0            0             0            0            0           
0            0            0             0            0            0           

Inertia
149.932      -56.2642     -56.1948      0.184239     0.408965     0.200209    
-56.2642     149.923      -56.2307      0.408965     0.742421     0.384565    
-56.1948     -56.2307     150.051       0.200209     0.384565     0.143392    

Bond Length
0.61983725    0.0041648406

BB bond length
0.61983725    0.0041648406

Water EE distance
0             0           

PEG EE distance
7.5067383     0.19142299  

BBB P2(x)
0.48511181    0.065785484 

BBB first bond length
0.61968386    0.0044587578

BBB second bond length
0.61981475    0.0043047815

BBB <phi**2>/<phi>**2
1.2178557     0.015515369 

Time = 2000
Temperature
1.0118242     0.0091174023

Pressure
23.37262      0.096062159 

CM Mom
-2.616044e-17  1.5630673e-17 
-9.0838676e-18 2.8806908e-17 
-2.9154409e-17 2.9707978e-17 
5.520151e-17   2.294293e-17  

CM Pos
7.5040527      0.015499754   
7.5056054      0.011937972   
7.5023697      0.0095605677  
12.997339      0.010880223   

Stress
20.305       0.0285465    0.00218245    0.0659286    0.0837602    0.05524     
0.0285465    20.3616      -0.00128856   0.0837602    0.153339     0.0698861   
0.00218245   -0.00128856  20.3619       0.05524      0.0698861    0.10425     

Stress Spherical
0            0            0             0            0            0           
0            0            0             0            0            0           
0            0            0             0            0            0           

Inertia
150.011      -56.3373     -56.2721      0.253687     0.166851     0.172271    
-56.3373     150.01       -56.3328      0.166851     0.270255     0.104597    
-56.2721     -56.3328     150.042       0.172271     0.104597     0.33262     

Bond Length
0.61879773    0.0035231815

BB bond length
0.61879773    0.0035231815

Water EE distance
0             0           

PEG EE distance
7.2842101     0.12762227  

BBB P2(x)
0.52638892    0.015131062 

BBB first bond length
0.61870452    0.003615396 

BBB second bond length
0.61871431    0.003434009 

BBB <phi**2>/<phi>**2
1.2285189     0.012531503 

Time = 3000
Temperature
1.014555      0.0089208411

Pressure
23.340064     0.061000308 

CM Mom
-3.2729251e-17 6.0916515e-17 
-2.3175054e-17 1.6261954e-17 
-4.2481809e-17 2.7434105e-17 
8.5206153e-17  2.9678371e-17 

CM Pos
7.5001936      0.014412681   
7.5018948      0.013751714   
7.4992528      0.009004008   
12.991171      0.0088032485  

Stress
20.2852      -0.00137165  -0.0251031    0.0985801    0.0670209    0.082269    
-0.00137165  20.3207      -0.0516061    0.0670209    0.112926     0.052786    
-0.0251031   -0.0516061   20.3005       0.082269     0.052786     0.0700651   

Stress Spherical
0            0            0             0            0            0           
0            0            0             0            0            0           
0            0            0             0            0            0           

Inertia
149.953      -56.2746     -56.2255      0.246537     0.139953     0.141479    
-56.2746     149.944      -56.2731      0.139953     0.247388     0.105038    
-56.2255     -56.2731     149.973       0.141479     0.105038     0.253958    

Bond Length
0.61980186    0.0023283391

BB bond length
0.61980186    0.0023283391

Water EE distance
0             0           

PEG EE distance
7.5202181     0.27099481  

BBB P2(x)
0.51994398    0.011137619 

BBB first bond length
0.61975965    0.0021446432

BBB second bond length
0.61975908    0.002223665 

BBB <phi**2>/<phi>**2
1.2251142     0.0090013517

Time = 4000
Temperature
1.0077495     0.0090553236

Pressure
23.345425     0.10445844  

CM Mom
-1.3730853e-17 1.2243002e-17 
4.1047684e-18  3.6160214e-17 
-4.7645469e-17 2.0618297e-17 
6.1931407e-17  2.2859208e-17 

CM Pos
7.5061306      0.013545917   
7.5066444      0.015007985   
7.5037056      0.01551041    
12.99991       0.016883504   

Stress
20.3664      -0.0257603   0.00051896    0.0923736    0.0367099    0.0746039   
-0.0257603   20.3211      0.0344765     0.0367099    0.135476     0.0613415   
0.00051896   0.0344765    20.296        0.0746039    0.0613415    0.134516    

Stress Spherical
0            0            0             0            0            0           
0            0            0             0            0            0           
0            0            0             0            0            0           

Inertia
150.081      -56.3699     -56.3265      0.377956     0.166097     0.172632    
-56.3699     150.095      -56.3378      0.166097     0.307213     0.226268    
-56.3265     -56.3378     150.141       0.172632     0.226268     0.261557    

Bond Length
0.61858274    0.0030154177

BB bond length
0.61858274    0.0030154177

Water EE distance
0             0           

PEG EE distance
7.2714998     0.22043205  

BBB P2(x)
0.50772421    0.016669972 

BBB first bond length
0.61864874    0.0031418951

BBB second bond length
0.61881864    0.0033872633

BBB <phi**2>/<phi>**2
1.2253898     0.011248257 

Time = 5000
Temperature
1.0105198     0.0033815014

Pressure
23.40692      0.11520031  

CM Mom
-3.6217099e-17 2.4634275e-17 
3.8198659e-17  1.3351308e-17 
-3.2022247e-17 1.4197697e-17 
6.8439155e-17  9.9499557e-18 

CM Pos
7.4957408      0.010671248   
7.50234        0.017436818   
7.4977685      0.016353899   
12.987996      0.020519582   

Stress
20.3945      -0.0245573   0.0215037     0.125023     0.0695546    0.0650362   
-0.0245573   20.3708      -0.0168008    0.0695546    0.116532     0.0579881   
0.0215037    -0.0168008   20.3778       0.0650362    0.0579881    0.136343    

Stress Spherical
0            0            0             0            0            0           
0            0            0             0            0            0           
0            0            0             0            0            0           

Inertia
149.925      -56.215      -56.2508      0.500579     0.137519     0.19483     
-56.215      149.866      -56.2458      0.137519     0.301736     0.266076    
-56.2508     -56.2458     149.946       0.19483      0.266076     0.36637     

Bond Length
0.6193318     0.0032945724

BB bond length
0.6193318     0.0032945724

Water EE distance
0             0           

PEG EE distance
7.0411151     0.17554051  

BBB P2(x)
0.5084561     0.010901163 

BBB first bond length
0.6191718     0.0033794619

BBB second bond length
0.61922513    0.0034462409

BBB <phi**2>/<phi>**2
1.2222072     0.012367966 

Time = 6000
Temperature
1.0078657     0.0039546576

Pressure
23.34485      0.036950384 

CM Mom
-8.1148153e-17 2.2253473e-17 
2.3005049e-17  2.9052578e-17 
-5.3629356e-17 1.8899236e-17 
1.0568461e-16  2.2750297e-17 

CM Pos
7.5025684      0.010331392   
7.4980357      0.010364392   
7.4980653      0.013616479   
12.989627      0.0071782645  

Stress
20.3371      -0.0103455   0.0064093     0.0708505    0.0582062    0.0514101   
-0.0103455   20.2814      -0.0625866    0.0582062    0.0819681    0.0554546   
0.0064093    -0.0625866   20.3623       0.0514101    0.0554546    0.0668057   

Stress Spherical
0            0            0             0            0            0           
0            0            0             0            0            0           
0            0            0             0            0            0           

Inertia
149.892      -56.2402     -56.2327      0.211981     0.158242     0.0586017   
-56.2402     149.974      -56.2143      0.158242     0.146655     0.104173    
-56.2327     -56.2143     149.985       0.0586017    0.104173     0.259163    

Bond Length
0.61964831    0.0020991022

BB bond length
0.61964831    0.0020991022

Water EE distance
0             0           

PEG EE distance
6.7577334     0.15880913  

BBB P2(x)
0.51098446    0.013419103 

BBB first bond length
0.61979384    0.0022497063

BBB second bond length
0.61954158    0.0022771779

BBB <phi**2>/<phi>**2
1.2165659     0.010536588 

Time = 7000
Temperature
1.0096344     0.0067088756

Pressure
23.350732     0.060635252 

CM Mom
-1.0710203e-16 1.8622243e-17 
4.3091726e-18  9.6197847e-18 
-4.399256e-17  1.7528037e-17 
1.1831186e-16  1.3176616e-17 

CM Pos
7.5019747      0.020105652   
7.503379       0.010114818   
7.4998465      0.017614689   
12.993397      0.021570568   

Stress
20.3712      0.0166681    -0.00324112   0.115127     0.0736805    0.0561318   
0.0166681    20.3216      -0.0301889    0.0736805    0.104509     0.0662655   
-0.00324112  -0.0301889   20.2897       0.0561318    0.0662655    0.0924646   

Stress Spherical
0            0            0             0            0            0           
0            0            0             0            0            0           
0            0            0             0            0            0           

Inertia
150.031      -56.3181     -56.2485      0.359659     0.181877     0.261633    
-56.3181     150.037      -56.2749      0.181877     0.507126     0.164783    
-56.2485     -56.2749     150.066       0.261633     0.164783     0.360444    

Bond Length
0.61908462    0.0034940025

BB bond length
0.61908462    0.0034940025

Water EE distance
0             0           

PEG EE distance
7.2627453     0.11541328  

BBB P2(x)
0.51727605    0.009084461 

BBB first bond length
0.61906991    0.0035984268

BBB second bond length
0.61897345    0.0035693376

BBB <phi**2>/<phi>**2
1.2302613     0.0096895863

Time = 8000
Temperature
1.0134226     0.0059273698

Pressure
23.379554     0.084000723 

CM Mom
-1.0451982e-16 1.1800163e-17 
-1.7022193e-17 9.4963861e-18 
-3.465904e-17  2.3394286e-17 
1.1359913e-16  1.6951485e-17 

CM Pos
7.5037558      0.015108203   
7.5103551      0.012861837   
7.5031119      0.014115369   
13.000339      0.015943258   

Stress
20.4285      -0.00310692  0.00368077    0.110717     0.0402875    0.0886054   
-0.00310692  20.2934      -0.0223774    0.0402875    0.118504     0.0892844   
0.00368077   -0.0223774   20.3131       0.0886054    0.0892844    0.108514    

Stress Spherical
0            0            0             0            0            0           
0            0            0             0            0            0           
0            0            0             0            0            0           

Inertia
150.165      -56.3479     -56.2786      0.290424     0.159345     0.190151    
-56.3479     150.09       -56.3604      0.159345     0.37516      0.165402    
-56.2786     -56.3604     150.186       0.190151     0.165402     0.284329    

Bond Length
0.61806833    0.0033251204

BB bond length
0.61806833    0.0033251204

Water EE distance
0             0           

PEG EE distance
7.1326594     0.10897063  

BBB P2(x)
0.50826504    0.013213189 

BBB first bond length
0.61813867    0.0034240162

BBB second bond length
0.61781302    0.0038172024

BBB <phi**2>/<phi>**2
1.2288929     0.012072517 

Time = 9000
Temperature
1.0134808     0.012947585 

Pressure
23.398343     0.11551048  

CM Mom
-9.3265161e-17 1.0927695e-17 
2.1677692e-17  2.7111139e-17 
-5.1966314e-17 4.0104735e-17 
1.1606028e-16  2.9353701e-17 

CM Pos
7.4969282      0.01000202    
7.4978872      0.0052287497  
7.504893       0.012325672   
12.990222      0.0083686593  

Stress
20.3356      0.000644123  0.0353446     0.117568     0.0700743    0.0721266   
0.000644123  20.3695      -0.0613745    0.0700743    0.135116     0.0782696   
0.0353446    -0.0613745   20.3856       0.0721266    0.0782696    0.0747913   

Stress Spherical
0            0            0             0            0            0           
0            0            0             0            0            0           
0            0            0             0            0            0           

Inertia
149.999      -56.2335     -56.2324      0.175717     0.131019     0.101165    
-56.2335     149.988      -56.2775      0.131019     0.233769     0.0883915   
-56.2324     -56.2775     149.892       0.101165     0.0883915    0.208185    

Bond Length
0.61945894    0.0015613173

BB bond length
0.61945894    0.0015613173

Water EE distance
0             0           

PEG EE distance
7.0371793     0.33516821  

BBB P2(x)
0.5108395     0.012988035 

BBB first bond length
0.61941914    0.001782424 

BBB second bond length
0.61943023    0.0019294717

BBB <phi**2>/<phi>**2
1.2288835     0.010265711 

Time = 10000
Temperature
1.0138542     0.012818076 

Pressure
23.414065     0.082537177 

CM Mom
-6.6121768e-17 3.8551316e-17 
3.6364308e-17  2.2350834e-17 
-2.8098057e-17 2.6315514e-17 
8.8618248e-17  3.6180493e-17 

CM Pos
7.4990062      0.0060272928  
7.4996684      0.013787712   
7.5020729      0.014458465   
12.990821      0.015037344   

Stress
20.3749      0.0299747    -0.0189931    0.126538     0.0826666    0.0838481   
0.0299747    20.3431      -0.0408592    0.0826666    0.102587     0.0804654   
-0.0189931   -0.0408592   20.4166       0.0838481    0.0804654    0.0939668   

Stress Spherical
0            0            0             0            0            0           
0            0            0             0            0            0           
0            0            0             0            0            0           

Inertia
150.005      -56.1984     -56.2838      0.340684     0.188312     0.146082    
-56.1984     150.002      -56.264       0.188312     0.268217     0.20812     
-56.2838     -56.264      149.982       0.146082     0.20812      0.249441    

Bond Length
0.61873007    0.0029553313

BB bond length
0.61873007    0.0029553313

Water EE distance
0             0           

PEG EE distance
7.7109912     0.14618407  

BBB P2(x)
0.52208552    0.013642447 

BBB first bond length
0.61867651    0.0030753023

BBB second bond length
0.61890503    0.0031255423

BBB <phi**2>/<phi>**2
1.231258      0.0083345645

Time = 11000
Temperature
1.0078467     0.010229338 

Pressure
23.411882     0.078077459 

CM Mom
-7.6192433e-17 1.2872804e-17 
5.1245647e-17  1.8189348e-17 
-1.4148862e-17 1.5015291e-17 
9.5769221e-17  1.3485928e-17 

CM Pos
7.5021231      0.013761322   
7.5125815      0.015668684   
7.4953937      0.013345201   
12.99623       0.016385537   

Stress
20.4296      0.016145     0.0263141     0.0965803    0.0568723    0.0748809   
0.016145     20.3874      -0.0457148    0.0568723    0.0823138    0.0780927   
0.0263141    -0.0457148   20.365        0.0748809    0.0780927    0.0828021   

Stress Spherical
0            0            0             0            0            0           
0            0            0             0            0            0           
0            0            0             0            0            0           

Inertia
150.114      -56.3681     -56.2509      0.382325     0.12617      0.152358    
-56.3681     149.947      -56.3123      0.12617      0.281664     0.203154    
-56.2509     -56.3123     150.236       0.152358     0.203154     0.317564    

Bond Length
0.61733739    0.0019519418

BB bond length
0.61733739    0.0019519418

Water EE distance
0             0           

PEG EE distance
6.9609808     0.26014824  

BBB P2(x)
0.50353929    0.0077679835

BBB first bond length
0.61720083    0.0020089726

BBB second bond length
0.61730997    0.0017967854

BBB <phi**2>/<phi>**2
1.2147772     0.0081828637

Time = 12000
Temperature
1.0139739     0.0077948171

Pressure
23.40737      0.092462888 

CM Mom
-6.4877491e-17 2.4232273e-17 
2.7538435e-17  1.5173162e-17 
8.3217291e-20  1.3420282e-17 
7.3813483e-17  2.2728016e-17 

CM Pos
7.4970766      0.014494228   
7.5011526      0.01260229    
7.5069709      0.0153935     
12.993406      0.0077580891  

Stress
20.3548      0.0317485    -0.00354796   0.11127      0.063508     0.0332704   
0.0317485    20.4341      -0.0380687    0.063508     0.0905838    0.0736361   
-0.00354796  -0.0380687   20.3245       0.0332704    0.0736361    0.115121    

Stress Spherical
0            0            0             0            0            0           
0            0            0             0            0            0           
0            0            0             0            0            0           

Inertia
150.119      -56.2208     -56.2721      0.306383     0.109244     0.162367    
-56.2208     150.04       -56.3029      0.109244     0.22541      0.170879    
-56.2721     -56.3029     149.979       0.162367     0.170879     0.155365    

Bond Length
0.6194605     0.0018059004

BB bond length
0.6194605     0.0018059004

Water EE distance
0             0           

PEG EE distance
6.9931316     0.24262044  

BBB P2(x)
0.5148717     0.013039472 

BBB first bond length
0.61976775    0.0020922228

BBB second bond length
0.61919614    0.0016876227

BBB <phi**2>/<phi>**2
1.2271538     0.0088109553

Time = 13000
Temperature
1.0103073     0.0073034842

Pressure
23.358353     0.12962314  

CM Mom
-7.7644204e-17 2.377197e-17  
1.7998966e-17  1.7432708e-17 
3.4473381e-18  2.7291808e-17 
8.6671209e-17  2.1596748e-17 

CM Pos
7.5061306      0.0096750971  
7.5013011      0.011381529   
7.5008855      0.014579852   
12.995197      0.0094802346  

Stress
20.3325      0.012127     -0.0335087    0.114148     0.0489773    0.050153    
0.012127     20.3527      -0.0150419    0.0489773    0.151916     0.0537507   
-0.0335087   -0.0150419   20.3142       0.050153     0.0537507    0.173939    

Stress Spherical
0            0            0             0            0            0           
0            0            0             0            0            0           
0            0            0             0            0            0           

Inertia
150.008      -56.3065     -56.3018      0.304818     0.123429     0.158965    
-56.3065     150.08       -56.2891      0.123429     0.268261     0.148209    
-56.3018     -56.2891     150.09        0.158965     0.148209     0.203907    

Bond Length
0.61834982    0.0021767537

BB bond length
0.61834982    0.0021767537

Water EE distance
0             0           

PEG EE distance
7.3305825     0.27199962  

BBB P2(x)
0.52272079    0.010550284 

BBB first bond length
0.61827278    0.0022689409

BBB second bond length
0.61855665    0.0019906975

BBB <phi**2>/<phi>**2
1.2274899     0.012096012 

Time = 14000
Temperature
1.0025031     0.008624045 

Pressure
23.349046     0.083697451 

CM Mom
-7.9728481e-17 1.6340095e-17 
3.0262256e-17  1.6621058e-17 
-2.8479264e-18 2.2929321e-17 
8.9592576e-17  1.7964629e-17 

CM Pos
7.5039042      0.010603941   
7.5005589      0.02051566    
7.499698       0.012186364   
12.992803      0.014082035   

Stress
20.3333      0.00624757   0.0700469     0.0945058    0.0690761    0.0630562   
0.00624757   20.3803      0.023794      0.0690761    0.0988373    0.0786374   
0.0700469    0.023794     20.328        0.0630562    0.0786374    0.127421    

Stress Spherical
0            0            0             0            0            0           
0            0            0             0            0            0           
0            0            0             0            0            0           

Inertia
150.004      -56.2666     -56.2546      0.281089     0.18673      0.128623    
-56.2666     150.025      -56.1784      0.18673      0.242189     0.164529    
-56.2546     -56.1784     150.057       0.128623     0.164529     0.311911    

Bond Length
0.61952833    0.0025716976

BB bond length
0.61952833    0.0025716976

Water EE distance
0             0           

PEG EE distance
7.5972225     0.24546445  

BBB P2(x)
0.52614255    0.011636655 

BBB first bond length
0.61969935    0.0025891755

BBB second bond length
0.6196026     0.0027363896

BBB <phi**2>/<phi>**2
1.2337562     0.013990538 

Time = 15000
Temperature
1.0119009     0.0091911666

Pressure
23.404254     0.075289718 

CM Mom
-8.351171e-17  1.3612725e-17 
2.7897018e-18  8.8462194e-18 
-5.8671623e-18 2.0139496e-17 
8.639701e-17   1.4870428e-17 

CM Pos
7.5064275      0.010609134   
7.4966998      0.010794406   
7.5054867      0.01382521    
12.995368      0.01051365    

Stress
20.4288      -0.00185259  -0.00857232   0.122903     0.091371     0.0365898   
-0.00185259  20.3116      -0.0052791    0.091371     0.11399      0.0791309   
-0.00857232  -0.0052791   20.3823       0.0365898    0.0791309    0.10404     

Stress Spherical
0            0            0             0            0            0           
0            0            0             0            0            0           
0            0            0             0            0            0           

Inertia
149.987      -56.2644     -56.3292      0.231845     0.111982     0.145339    
-56.2644     150.154      -56.2701      0.111982     0.251095     0.130136    
-56.3292     -56.2701     150.024       0.145339     0.130136     0.207466    

Bond Length
0.61921551    0.0021912688

BB bond length
0.61921551    0.0021912688

Water EE distance
0             0           

PEG EE distance
6.8912593     0.29478935  

BBB P2(x)
0.50468285    0.014339947 

BBB first bond length
0.61895675    0.0026132818

BBB second bond length
0.61937051    0.0021885777

BBB <phi**2>/<phi>**2
1.2204448     0.013344348 

Time = 16000
Temperature
1.0083775     0.0079279022

Pressure
23.378661     0.074541398 

CM Mom
-1.0010738e-16 2.2373286e-17 
-8.5452897e-18 1.9179208e-17 
-2.2191278e-17 1.9369989e-17 
1.0640415e-16  2.2554864e-17 

CM Pos
7.5050917      0.0089991132  
7.4998168      0.018455113   
7.499698       0.016923896   
12.993063      0.01227835    

Stress
20.3429      0.0166806    0.0213343     0.110797     0.0665813    0.0893505   
0.0166806    20.3448      0.00146888    0.0665813    0.112107     0.0399452   
0.0213343    0.00146888   20.3898       0.0893505    0.0399452    0.0743783   

Stress Spherical
0            0            0             0            0            0           
0            0            0             0            0            0           
0            0            0             0            0            0           

Inertia
149.972      -56.2435     -56.2715      0.197271     0.195638     0.157192    
-56.2435     150.037      -56.2309      0.195638     0.178536     0.173624    
-56.2715     -56.2309     150.044       0.157192     0.173624     0.362139    

Bond Length
0.61978958    0.0019869112

BB bond length
0.61978958    0.0019869112

Water EE distance
0             0           

PEG EE distance
7.0553603     0.27846186  

BBB P2(x)
0.51171484    0.012909174 

BBB first bond length
0.61996161    0.0017568104

BBB second bond length
0.61971742    0.0023426219

BBB <phi**2>/<phi>**2
1.2209031     0.0093522556

Time = 17000
Temperature
1.0113889     0.010645076 

Pressure
23.381676     0.090404164 

CM Mom
-1.1933305e-16 1.4029478e-17 
-1.3685811e-17 1.3665223e-17 
-1.0716904e-17 1.4280594e-17 
1.2225827e-16  1.3525691e-17 

CM Pos
7.5033105      0.011342751   
7.4992231      0.022658294   
7.5022213      0.012112926   
12.993149      0.014314849   

Stress
20.3297      -0.00842114  0.00848769    0.0925096    0.0587994    0.0559073   
-0.00842114  20.3651      -0.0131831    0.0587994    0.127022     0.0621681   
0.00848769   -0.0131831   20.3648       0.0559073    0.0621681    0.118334    

Stress Spherical
0            0            0             0            0            0           
0            0            0             0            0            0           
0            0            0             0            0            0           

Inertia
150.015      -56.2639     -56.2857      0.267973     0.208534     0.107123    
-56.2639     150.089      -56.2737      0.208534     0.197926     0.188814    
-56.2857     -56.2737     150.032       0.107123     0.188814     0.397043    

Bond Length
0.61849069    0.002695289 

BB bond length
0.61849069    0.002695289 

Water EE distance
0             0           

PEG EE distance
7.0447246     0.21143429  

BBB P2(x)
0.51352334    0.015627913 

BBB first bond length
0.61835161    0.0028225824

BBB second bond length
0.61836381    0.0029592556

BBB <phi**2>/<phi>**2
1.2213071     0.011653753 

Time = 18000
Temperature
1.0081822     0.0062172065

Pressure
23.38674      0.070841755 

CM Mom
-1.2485725e-16 2.0189071e-17 
-1.996391e-18  1.2880848e-17 
1.4060152e-17  1.1730238e-17 
1.2700299e-16  1.9296593e-17 

CM Pos
7.497225       0.008767231   
7.5082771      0.010198328   
7.4967295      0.013359226   
12.991681      0.011901086   

Stress
20.3755      0.0409       0.00754758    0.121757     0.0605076    0.0825539   
0.0409       20.364       0.00831606    0.0605076    0.111843     0.0489213   
0.00754758   0.00831606   20.3641       0.0825539    0.0489213    0.14752     

Stress Spherical
0            0            0             0            0            0           
0            0            0             0            0            0           
0            0            0             0            0            0           

Inertia
150.067      -56.3203     -56.2502      0.248986     0.133162     0.148417    
-56.3203     149.898      -56.3457      0.133162     0.240309     0.139797    
-56.2502     -56.3457     150.067       0.148417     0.139797     0.210147    

Bond Length
0.61847345    0.003335812 

BB bond length
0.61847345    0.003335812 

Water EE distance
0             0           

PEG EE distance
7.3046039     0.098972102 

BBB P2(x)
0.51429155    0.011502099 

BBB first bond length
0.61882557    0.0033552812

BBB second bond length
0.61823792    0.0033483349

BBB <phi**2>/<phi>**2
1.2192545     0.00977352  

Time = 19000
Temperature
1.0098816     0.0079731243

Pressure
23.378992     0.043702529 

CM Mom
-1.0911407e-16 1.608761e-17  
-1.145762e-17  3.4168913e-17 
-9.1212193e-18 1.66446e-17   
1.1593655e-16  1.955606e-17  

CM Pos
7.5015294      0.015941882   
7.4993715      0.012240477   
7.503854       0.014212581   
12.993139      0.017256439   

Stress
20.3799      0.00656837   -0.0159525    0.0721998    0.0848239    0.0588376   
0.00656837   20.302       0.015375      0.0848239    0.0363084    0.0533064   
-0.0159525   0.015375     20.3831       0.0588376    0.0533064    0.0844622   

Stress Spherical
0            0            0             0            0            0           
0            0            0             0            0            0           
0            0            0             0            0            0           

Inertia
150.037      -56.2613     -56.2998      0.31052      0.168675     0.170569    
-56.2613     150.075      -56.2656      0.168675     0.317693     0.1824      
-56.2998     -56.2656     150.002       0.170569     0.1824       0.334513    

Bond Length
0.62027795    0.0029012943

BB bond length
0.62027795    0.0029012943

Water EE distance
0             0           

PEG EE distance
7.2498862     0.08716309  

BBB P2(x)
0.50512235    0.014493881 

BBB first bond length
0.62015609    0.002806685 

BBB second bond length
0.62014668    0.0030133267

BBB <phi**2>/<phi>**2
1.2224255     0.0083433477

Time = 20000
Temperature
1.0082101     0.0060551265

Pressure
23.326909     0.082629364 

CM Mom
-1.1610652e-16 1.2671657e-17 
-3.3167583e-17 1.9578567e-17 
-3.8505162e-17 2.1872579e-17 
1.2927859e-16  1.9308238e-17 

CM Pos
7.4990062      0.012175512   
7.4962545      0.0074568712  
7.5032603      0.011949039   
12.989537      0.01054301    

Stress
20.3278      -0.0196593   0.0234286     0.123575     0.0703992    0.0606858   
-0.0196593   20.2941      0.00338638    0.0703992    0.104206     0.0843038   
0.0234286    0.00338638   20.302        0.0606858    0.0843038    0.09219     

Stress Spherical
0            0            0             0            0            0           
0            0            0             0            0            0           
0            0            0             0            0            0           

Inertia
149.971      -56.2172     -56.3068      0.17425      0.0974887    0.126043    
-56.2172     150.044      -56.2724      0.0974887    0.314546     0.0800691   
-56.3068     -56.2724     149.887       0.126043     0.0800691    0.17964     

Bond Length
0.61847942    0.0023482853

BB bond length
0.61847942    0.0023482853

Water EE distance
0             0           

PEG EE distance
7.356309      0.17355593  

BBB P2(x)
0.51651304    0.015240835 

BBB first bond length
0.61865357    0.0027805725

BBB second bond length
0.61833548    0.0026344046

BBB <phi**2>/<phi>**2
1.2222861     0.012971057 

Time = 21000
Temperature
1.0107448     0.0064836966

Pressure
23.388879     0.05713078  

CM Mom
-1.3564515e-16 1.9252255e-17 
-5.710663e-17  2.5855088e-17 
-2.0290737e-17 2.4119647e-17 
1.5183577e-16  2.528395e-17  

CM Pos
7.498264       0.0113854     
7.4992231      0.0085057681  
7.4992528      0.0072410316  
12.988506      0.0075971592  

Stress
20.3639      -0.00304709  -0.052624     0.125573     0.0622909    0.0778139   
-0.00304709  20.3527      0.0220841     0.0622909    0.0629564    0.070032    
-0.052624    0.0220841    20.3704       0.0778139    0.070032     0.109121    

Stress Spherical
0            0            0             0            0            0           
0            0            0             0            0            0           
0            0            0             0            0            0           

Inertia
149.958      -56.2119     -56.24        0.126566     0.0977951    0.132925    
-56.2119     149.94       -56.2399      0.0977951    0.294333     0.0929216   
-56.24       -56.2399     149.936       0.132925     0.0929216    0.178279    

Bond Length
0.61965359    0.0019047533

BB bond length
0.61965359    0.0019047533

Water EE distance
0             0           

PEG EE distance
7.1112754     0.10254372  

BBB P2(x)
0.51101905    0.01221566  

BBB first bond length
0.61977791    0.0023998958

BBB second bond length
0.61980364    0.0022550045

BBB <phi**2>/<phi>**2
1.2248556     0.011505883 

Time = 22000
Temperature
1.0183063     0.0051389883

Pressure
23.440968     0.078477607 

CM Mom
-1.2575945e-16 1.3460089e-17 
-9.3484052e-17 1.6968474e-17 
-4.1652863e-17 1.8312509e-17 
1.642607e-16   1.0608621e-17 

CM Pos
7.5007873      0.012991362   
7.4952156      0.021646391   
7.5068225      0.020072753   
12.992047      0.014544      

Stress
20.4098      0.0216733    -0.024424     0.0983661    0.0324043    0.0897463   
0.0216733    20.3778      -0.0128928    0.0324043    0.0870823    0.0915864   
-0.024424    -0.0128928   20.3878       0.0897463    0.0915864    0.150098    

Stress Spherical
0            0            0             0            0            0           
0            0            0             0            0            0           
0            0            0             0            0            0           

Inertia
150.006      -56.2214     -56.3516      0.417219     0.153875     0.181956    
-56.2214     150.088      -56.2934      0.153875     0.353673     0.1883      
-56.3516     -56.2934     149.924       0.181956     0.1883       0.314027    

Bond Length
0.61792798    0.0023346235

BB bond length
0.61792798    0.0023346235

Water EE distance
0             0           

PEG EE distance
7.6520256     0.095759098 

BBB P2(x)
0.5123326     0.015426217 

BBB first bond length
0.61783248    0.0024071165

BBB second bond length
0.61777054    0.0025563245

BBB <phi**2>/<phi>**2
1.2207268     0.01085074  

Time = 23000
Temperature
1.0113815     0.0070697416

Pressure
23.393239     0.070454007 

CM Mom
-9.4309634e-17 1.6421789e-17 
-9.5635618e-17 1.4835893e-17 
-4.6595641e-17 1.9466294e-17 
1.4436294e-16  1.5481884e-17 

CM Pos
7.4998967      0.0096202931  
7.492247       0.011620017   
7.5022213      0.016177827   
12.987145      0.009865648   

Stress
20.368       -0.0027311   -0.0163349    0.0824121    0.0375845    0.0341294   
-0.0027311   20.3857      0.0176319     0.0375845    0.109965     0.0505999   
-0.0163349   0.0176319    20.3406       0.0341294    0.0505999    0.13378     

Stress Spherical
0            0            0             0            0            0           
0            0            0             0            0            0           
0            0            0             0            0            0           

Inertia
149.908      -56.1706     -56.2648      0.219836     0.121067     0.125986    
-56.1706     150.018      -56.1774      0.121067     0.238337     0.0978024   
-56.2648     -56.1774     149.872       0.125986     0.0978024    0.240358    

Bond Length
0.61929819    0.0024115258

BB bond length
0.61929819    0.0024115258

Water EE distance
0             0           

PEG EE distance
7.4561743     0.34574167  

BBB P2(x)
0.51525872    0.012236797 

BBB first bond length
0.61935105    0.0024987371

BBB second bond length
0.61933278    0.0026271004

BBB <phi**2>/<phi>**2
1.2296704     0.0093824796

Time = 24000
Temperature
1.014388      0.007739767 

Pressure
23.350667     0.10343363  

CM Mom
-7.7779055e-17 2.2517506e-17 
-1.1695929e-16 1.4220545e-17 
-4.9962508e-17 1.7295881e-17 
1.5158608e-16  1.5980624e-17 

CM Pos
7.5009357      0.010971533   
7.5018948      0.01618055    
7.4977685      0.011611483   
12.990738      0.015481616   

Stress
20.2391      0.00794947   0.00865874    0.147484     0.087786     0.0419272   
0.00794947   20.3555      0.0165867     0.087786     0.11073      0.043109    
0.00865874   0.0165867    20.3451       0.0419272    0.043109     0.097402    

Stress Spherical
0            0            0             0            0            0           
0            0            0             0            0            0           
0            0            0             0            0            0           

Inertia
149.991      -56.269      -56.2659      0.324071     0.194783     0.0830445   
-56.269      149.971      -56.2365      0.194783     0.248834     0.177813    
-56.2659     -56.2365     150.039       0.0830445    0.177813     0.337517    

Bond Length
0.62221404    0.0029457866

BB bond length
0.62221404    0.0029457866

Water EE distance
0             0           

PEG EE distance
7.5299039     0.32204365  

BBB P2(x)
0.51860682    0.014839532 

BBB first bond length
0.62228824    0.0027672614

BBB second bond length
0.62222993    0.0031395105

BBB <phi**2>/<phi>**2
1.2284337     0.013180691 

Time = 25000
Temperature
1.013766      0.0099726627

Pressure
23.402655     0.090080558 

CM Mom
-8.4144216e-17 1.7892564e-17 
-1.2380124e-16 1.1687389e-17 
-5.2240135e-17 2.3971551e-17 
1.6127928e-16  1.250584e-17  

CM Pos
7.4935144      0.0092502096  
7.4928407      0.016753815   
7.4961358      0.017429236   
12.980293      0.011988789   

Stress
20.3471      0.010845     -0.0234834    0.110864     0.0502503    0.052623    
0.010845     20.3887      -0.0186172    0.0502503    0.10568      0.0547182   
-0.0234834   -0.0186172   20.3653       0.052623     0.0547182    0.0922346   

Stress Spherical
0            0            0             0            0            0           
0            0            0             0            0            0           
0            0            0             0            0            0           

Inertia
149.806      -56.1381     -56.1751      0.211365     0.210259     0.146701    
-56.1381     149.847      -56.1826      0.210259     0.25454      0.102102    
-56.1751     -56.1826     149.78        0.146701     0.102102     0.366043    

Bond Length
0.61922735    0.0019854173

BB bond length
0.61922735    0.0019854173

Water EE distance
0             0           

PEG EE distance
7.4475171     0.21098496  

BBB P2(x)
0.50913904    0.014944872 

BBB first bond length
0.61917319    0.0020304545

BBB second bond length
0.6191522     0.0020185231

BBB <phi**2>/<phi>**2
1.2271754     0.0072523478

Time = 26000
Temperature
1.0107461     0.0055688106

Pressure
23.393198     0.081226289 

CM Mom
-1.132104e-16  2.0560149e-17 
-1.1370668e-16 1.9243857e-17 
-6.9293363e-17 2.1016096e-17 
1.777214e-16   1.4042703e-17 

CM Pos
7.4958892      0.0093638296  
7.4987778      0.013176578   
7.4999949      0.011672982   
12.98731       0.010696555   

Stress
20.3504      0.0102968    0.00675622    0.112942     0.0731839    0.0633466   
0.0102968    20.3736      -0.00235475   0.0731839    0.0807899    0.064657    
0.00675622   -0.00235475  20.376        0.0633466    0.064657     0.176638    

Stress Spherical
0            0            0             0            0            0           
0            0            0             0            0            0           
0            0            0             0            0            0           

Inertia
149.958      -56.2169     -56.1941      0.299135     0.143554     0.12657     
-56.2169     149.935      -56.2621      0.143554     0.206662     0.120883    
-56.1941     -56.2621     149.905       0.12657      0.120883     0.218316    

Bond Length
0.62011131    0.0028346496

BB bond length
0.62011131    0.0028346496

Water EE distance
0             0           

PEG EE distance
6.8521536     0.14827838  

BBB P2(x)
0.51535717    0.013432684 

BBB first bond length
0.61987009    0.0029105471

BBB second bond length
0.61999777    0.0030149193

BBB <phi**2>/<phi>**2
1.2279901     0.0085277227

Time = 27000
Temperature
1.0141271     0.0047313542

Pressure
23.365618     0.07403831  

CM Mom
-1.0404462e-16 2.2833354e-17 
-1.1768683e-16 2.0915873e-17 
-7.6845675e-17 8.0303978e-18 
1.7685156e-16  1.8099084e-17 

CM Pos
7.4997483      0.017171369   
7.504418       0.016156706   
7.4891597      0.012816366   
12.986548      0.017806531   

Stress
20.333       0.00448814   -0.0117476    0.0788271    0.0912031    0.0569527   
0.00448814   20.3396      -0.00608171   0.0912031    0.120538     0.0679259   
-0.0117476   -0.00608171  20.3142       0.0569527    0.0679259    0.0861029   

Stress Spherical
0            0            0             0            0            0           
0            0            0             0            0            0           
0            0            0             0            0            0           

Inertia
149.91       -56.2737     -56.1433      0.287969     0.236635     0.180035    
-56.2737     149.834      -56.2018      0.236635     0.354588     0.14601     
-56.1433     -56.2018     150.069       0.180035     0.14601      0.402465    

Bond Length
0.61933039    0.0031281394

BB bond length
0.61933039    0.0031281394

Water EE distance
0             0           

PEG EE distance
7.1730229     0.2183937   

BBB P2(x)
0.51678529    0.010804386 

BBB first bond length
0.61906397    0.003682594 

BBB second bond length
0.61935069    0.0030695574

BBB <phi**2>/<phi>**2
1.2194025     0.0086064958

Time = 28000
Temperature
1.0087544     0.0057553587

Pressure
23.355356     0.091053235 

CM Mom
-9.629806e-17  3.3283342e-17 
-1.4230541e-16 1.9362451e-17 
-7.286896e-17  2.166549e-17  
1.9057528e-16  2.1614163e-17 

CM Pos
7.5030137      0.011944429   
7.4990747      0.016756445   
7.4986591      0.013606768   
12.990829      0.013547794   

Stress
20.3221      -0.00966015  0.00835575    0.126366     0.0931332    0.0592644   
-0.00966015  20.384       -0.00997807   0.0931332    0.128643     0.0741941   
0.00835575   -0.00997807  20.2983       0.0592644    0.0741941    0.155236    

Stress Spherical
0            0            0             0            0            0           
