Time = 1000
Temperature
   1.1436774    0.14948535

Pressure
   24.012812    0.89726249

CM Mom
-2.7943675e-17 1.9540406e-17 
2.2769625e-17  3.0804702e-17 
7.4537712e-17  3.4672307e-16 
3.0231293e-16  1.9237909e-16 

CM Pos
9.9937377      0.03300047    
10.000609      0.0500985     
10.000125      0.018071699   
17.317346      0.054168694   

Stress
20.5391      -0.00461431  -0.0140099    0.460975     0.051371     0.0668908   
-0.00461431  20.6146      0.00482997    0.051371     0.502755     0.0518544   
-0.0140099   0.00482997   20.5947       0.0668908    0.0518544    0.499657    

Stress Spherical
0            0            0             0            0            0           
0            0            0             0            0            0           
0            0            0             0            0            0           

Inertia
266.867      -99.9748     -99.8816      2.24984      0.73651      0.569908    
-99.9748     266.737      -100.054      0.73651      2.74749      0.572153    
-99.8816     -100.054     266.757       0.569908     0.572153     2.07126     

Bond Length
0.6243893     0.0068401665

BB bond length
0.6243893     0.0068401665

Water EE distance
0             0           

PEG EE distance
5.4731151     0.32515859  

BBB P2(x)
0.087685803   0.016486747 

BBB first bond length
0.62451933    0.0070213307

BBB second bond length
0.62462905    0.0064839869

BBB <phi**2>/<phi>**2
1.1205941     0.0055269745

Time = 2000
Temperature
1.0177379     0.0066712703

Pressure
23.208381     0.06534069  

CM Mom
-1.2488794e-17 1.6466012e-17 
-1.0201241e-17 3.3729563e-17 
-1.5507053e-17 1.7805059e-16 
1.482304e-16   1.0788456e-16 

CM Pos
10.000073      0.0081847701  
9.9994415      0.02524581    
10.003043      0.0062356868  
17.321996      0.019052023   

Stress
20.1581      -0.0279133   0.0144469     0.07466      0.0357961    0.0342315   
-0.0279133   20.1588      0.00559619    0.0357961    0.0366001    0.0449956   
0.0144469    0.00559619   20.1512       0.0342315    0.0449956    0.0922983   

Stress Spherical
0            0            0             0            0            0           
0            0            0             0            0            0           
0            0            0             0            0            0           

Inertia
266.659      -99.998      -99.9899      0.712303     0.327582     0.155641    
-99.998      266.633      -100.02       0.327582     0.961337     0.324354    
-99.9899     -100.02      266.58        0.155641     0.324354     0.656176    

Bond Length
0.62382957    0.0012468423

BB bond length
0.62382957    0.0012468423

Water EE distance
0             0           

PEG EE distance
4.9948983     0.10368712  

BBB P2(x)
0.080922321   0.0059835416

BBB first bond length
0.6239119     0.0012059681

BBB second bond length
0.62408947    0.0012252416

BBB <phi**2>/<phi>**2
1.1197697     0.0025175347

Time = 3000
Temperature
1.0121087     0.0045696827

Pressure
23.162849     0.032564298 

CM Mom
-5.9275443e-19 2.3655165e-17 
1.054742e-17   2.6281708e-17 
-2.5791701e-17 5.9647466e-17 
6.8472143e-17  2.9941479e-17 

CM Pos
10.00024       0.010394334   
10.003359      0.012118723   
9.9977913      0.01037292    
17.321317      0.013259864   

Stress
20.1031      0.00062827   0.0105037     0.0780814    0.0475751    0.0335926   
0.00062827   20.1517      0.0464466     0.0475751    0.0598743    0.03764     
0.0105037    0.0464466    20.1274       0.0335926    0.03764      0.0716198   

Stress Spherical
0            0            0             0            0            0           
0            0            0             0            0            0           
0            0            0             0            0            0           

Inertia
266.611      -100.05      -99.9454      0.32311      0.204865     0.148507    
-100.05      266.531      -100.032      0.204865     0.445551     0.199745    
-99.9454     -100.032     266.648       0.148507     0.199745     0.303839    

Bond Length
0.62352395    0.0013412586

BB bond length
0.62352395    0.0013412586

Water EE distance
0             0           

PEG EE distance
4.8755479     0.036712768 

BBB P2(x)
0.075006225   0.0076094907

BBB first bond length
0.62364771    0.0014655695

BBB second bond length
0.62380635    0.0014370318

BBB <phi**2>/<phi>**2
1.1179586     0.004018468 

Time = 4000
Temperature
1.0112941     0.004569727 

Pressure
23.098272     0.056268343 

CM Mom
-1.5929986e-18 1.0653217e-17 
1.4810647e-17  1.8330032e-17 
-7.0325269e-17 2.2168686e-17 
7.4576445e-17  2.3384224e-17 

CM Pos
9.9975721      0.0104117     
10.000108      0.0095846795  
9.9970411      0.0085999886  
17.317466      0.0091453325  

Stress
20.088       -0.00253164  -0.0366555    0.0869837    0.0467672    0.0546541   
-0.00253164  20.0113      0.0301535     0.0467672    0.0690877    0.026522    
-0.0366555   0.0301535    20.0965       0.0546541    0.026522     0.0997002   

Stress Spherical
0            0            0             0            0            0           
0            0            0             0            0            0           
0            0            0             0            0            0           

Inertia
266.533      -99.9839     -99.9114      0.399823     0.195963     0.155773    
-99.9839     266.467      -99.9658      0.195963     0.27262      0.139913    
-99.9114     -99.9658     266.53        0.155773     0.139913     0.3475      

Bond Length
0.62376523    0.00096993497

BB bond length
0.62376523    0.00096993497

Water EE distance
0             0           

PEG EE distance
4.8087516     0.1013216   

BBB P2(x)
0.079795468   0.0070124278

BBB first bond length
0.62385725    0.0011294016

BBB second bond length
0.62413863    0.0010446323

BBB <phi**2>/<phi>**2
1.1204219     0.0037566359

Time = 5000
Temperature
1.0086085     0.003524792 

Pressure
23.096591     0.071420448 

CM Mom
-1.1007776e-17 1.8934659e-17 
4.3020593e-17  2.1522106e-17 
-7.0474614e-17 3.0833503e-17 
9.0412603e-17  2.3164679e-17 

CM Pos
9.9998228      0.010844186   
9.9971909      0.0078621772  
9.9984582      0.0068439622  
17.317898      0.0081948874  

Stress
20.0794      -0.0157226   -0.0191079    0.104582     0.0358124    0.0458851   
-0.0157226   20.0584      -0.0269598    0.0358124    0.0823709    0.0393698   
-0.0191079   -0.0269598   20.0771       0.0458851    0.0393698    0.0674963   

Stress Spherical
0            0            0             0            0            0           
0            0            0             0            0            0           
0            0            0             0            0            0           

Inertia
266.516      -100.004     -99.9904      0.281078     0.139643     0.134559    
-100.004     266.567      -99.9406      0.139643     0.239055     0.0985545   
-99.9904     -99.9406     266.543       0.134559     0.0985545    0.289412    

Bond Length
0.62472024    0.0012707644

BB bond length
0.62472024    0.0012707644

Water EE distance
0             0           

PEG EE distance
4.7359581     0.044850229 

BBB P2(x)
0.075045456   0.0052936116

BBB first bond length
0.62482019    0.001271355 

BBB second bond length
0.62490964    0.0013788761

BBB <phi**2>/<phi>**2
1.1184785     0.0025111583

Time = 6000
Temperature
1.0128276     0.0052807759

Pressure
23.155746     0.044231172 

CM Mom
-1.8460413e-17 1.3266154e-17 
3.0713274e-17  1.5280648e-17 
-6.4048134e-17 1.6961701e-17 
7.6131022e-17  1.6956161e-17 

CM Pos
10.000906      0.01340504    
9.9987747      0.015357049   
9.9997085      0.0077643519  
17.320166      0.010708045   

Stress
20.124       -0.0148642   0.0139406     0.0675244    0.0418105    0.0187312   
-0.0148642   20.0947      0.0187973     0.0418105    0.0958201    0.0692912   
0.0139406    0.0187973    20.1358       0.0187312    0.0692912    0.0616713   

Stress Spherical
0            0            0             0            0            0           
0            0            0             0            0            0           
0            0            0             0            0            0           

Inertia
266.594      -100.008     -99.9953      0.304619     0.273445     0.145909    
-100.008     266.627      -99.9766      0.273445     0.252628     0.157125    
-99.9953     -99.9766     266.615       0.145909     0.157125     0.318064    

Bond Length
0.62408995    0.00079159149

BB bond length
0.62408995    0.00079159149

Water EE distance
0             0           

PEG EE distance
4.7171545     0.056229496 

BBB P2(x)
0.077346757   0.0059007902

BBB first bond length
0.62420853    0.00064023417

BBB second bond length
0.62417187    0.00079741427

BBB <phi**2>/<phi>**2
1.1181676     0.0026111529

Time = 7000
Temperature
1.0084918     0.0035112879

Pressure
23.103573     0.04404416  

CM Mom
-1.7288208e-17 1.3412475e-17 
1.1622336e-17  2.0643071e-17 
-5.5824996e-17 1.4019279e-17 
6.421642e-17   1.5139799e-17 

CM Pos
10.000823      0.010952573   
9.9992748      0.012131616   
9.9986249      0.0086245963  
17.319776      0.013138943   

Stress
20.095       0.0233819    -0.0100486    0.0847428    0.0331585    0.0551724   
0.0233819    20.0827      0.00307528    0.0331585    0.0470426    0.0360735   
-0.0100486   0.00307528   20.0593       0.0551724    0.0360735    0.0912404   

Stress Spherical
0            0            0             0            0            0           
0            0            0             0            0            0           
0            0            0             0            0            0           

Inertia
266.599      -100.015     -99.9813      0.337563     0.149209     0.142376    
-100.015     266.618      -99.9436      0.149209     0.280423     0.212051    
-99.9813     -99.9436     266.642       0.142376     0.212051     0.335847    

Bond Length
0.62429942    0.0013810771

BB bond length
0.62429942    0.0013810771

Water EE distance
0             0           

PEG EE distance
4.700387      0.058000745 

BBB P2(x)
0.076734188   0.0065772752

BBB first bond length
0.62436215    0.0014415481

BBB second bond length
0.62463979    0.0013054175

BBB <phi**2>/<phi>**2
1.119427      0.003247916 

Time = 8000
Temperature
1.0087844     0.0049964186

Pressure
23.114973     0.050703033 

CM Mom
-4.3941334e-17 2.2034457e-17 
1.3718147e-17  2.3098979e-17 
-7.4310282e-17 2.196283e-17  
9.2496752e-17  2.4224848e-17 

CM Pos
10.002157      0.0080801039  
10.000108      0.0099893627  
10.002793      0.016526061   
17.323436      0.01349072    

Stress
20.0866      0.0274233    0.00633275    0.0699868    0.0536107    0.0593136   
0.0274233    20.1022      0.0118004     0.0536107    0.0689799    0.0685482   
0.00633275   0.0118004    20.0796       0.0593136    0.0685482    0.0584221   

Stress Spherical
0            0            0             0            0            0           
0            0            0             0            0            0           
0            0            0             0            0            0           

Inertia
266.686      -99.987      -100.083      0.326815     0.134495     0.223713    
-99.987      266.722      -100.041      0.134495     0.492945     0.132486    
-100.083     -100.041     266.672       0.223713     0.132486     0.25302     

Bond Length
0.62466062    0.00077234713

BB bond length
0.62466062    0.00077234713

Water EE distance
0             0           

PEG EE distance
4.6843925     0.10047054  

BBB P2(x)
0.074433118   0.0068764648

BBB first bond length
0.62486523    0.00082243588

BBB second bond length
0.62485439    0.00074073194

BBB <phi**2>/<phi>**2
1.1187383     0.0030197654

Time = 9000
Temperature
1.0117399     0.006909407 

Pressure
23.112778     0.049623984 

CM Mom
-3.5515985e-17 1.0503111e-17 
1.4748295e-18  2.8895399e-17 
-7.7228475e-17 2.224594e-17  
9.2027488e-17  1.4102495e-17 

CM Pos
10.000156      0.011458569   
9.9996082      0.010957964   
9.9997085      0.01501271    
17.320213      0.012178176   

Stress
20.071       -0.00823514  0.00277692    0.0666128    0.0483503    0.065005    
-0.00823514  20.0402      0.000384143   0.0483503    0.048782     0.0693147   
0.00277692   0.000384143  20.1241       0.065005     0.0693147    0.0786333   

Stress Spherical
0            0            0             0            0            0           
0            0            0             0            0            0           
0            0            0             0            0            0           

Inertia
266.615      -99.966      -99.9929      0.349756     0.175126     0.247026    
-99.966      266.635      -100.009      0.175126     0.423837     0.171062    
-99.9929     -100.009     266.64        0.247026     0.171062     0.282708    

Bond Length
0.62383709    0.0013858249

BB bond length
0.62383709    0.0013858249

Water EE distance
0             0           

PEG EE distance
4.7221885     0.060751911 

BBB P2(x)
0.077881284   0.0085488284

BBB first bond length
0.62404897    0.0011843076

BBB second bond length
0.62388132    0.0014362357

BBB <phi**2>/<phi>**2
1.1185619     0.002491563 

Time = 10000
Temperature
1.0080714     0.0059134129

Pressure
23.100387     0.024868921 

CM Mom
-4.3944227e-17 1.9811076e-17 
4.4783962e-18  2.9365002e-17 
-8.4386991e-17 9.7381348e-18 
1.0120453e-16  1.3400434e-17 

CM Pos
9.9979055      0.017455218   
10.003276      0.0089658889  
9.9984582      0.011202536   
17.320307      0.016525412   

Stress
20.0859      0.0114343    0.0217544     0.0304581    0.0375333    0.0602889   
0.0114343    20.0479      0.0117779     0.0375333    0.0468486    0.0386272   
0.0217544    0.0117779    20.0973       0.0602889    0.0386272    0.0523113   

Stress Spherical
0            0            0             0            0            0           
0            0            0             0            0            0           
0            0            0             0            0            0           

Inertia
266.669      -99.9967     -99.9322      0.322471     0.215726     0.24912     
-99.9967     266.576      -100.036      0.215726     0.458884     0.229114    
-99.9322     -100.036     266.679       0.24912      0.229114     0.435932    

Bond Length
0.62479309    0.0007685222

BB bond length
0.62479309    0.0007685222

Water EE distance
0             0           

PEG EE distance
4.7156321     0.067729435 

BBB P2(x)
0.073113245   0.0052081218

BBB first bond length
0.62481563    0.00085569072

BBB second bond length
0.62492289    0.00098167492

BBB <phi**2>/<phi>**2
1.1174254     0.0029908508

Time = 11000
Temperature
1.0137631     0.0059990245

Pressure
23.147859     0.042587932 

CM Mom
-2.9029813e-17 2.5181543e-17 
-1.8225116e-18 3.1211528e-17 
-1.0331835e-16 7.8209669e-18 
1.1415909e-16  1.2564721e-17 

CM Pos
10.00299       0.010988043   
10.00561       0.0085289986  
9.9997919      0.01089692    
17.32536       0.010482082   

Stress
20.0941      0.0201548    -0.00460507   0.103264     0.0429495    0.041482    
0.0201548    20.1156      0.0159446     0.0429495    0.0462863    0.0347478   
-0.00460507  0.0159446    20.1127       0.041482     0.0347478    0.0490808   

Stress Spherical
0            0            0             0            0            0           
0            0            0             0            0            0           
0            0            0             0            0            0           

Inertia
266.767      -100.051     -100.017      0.372459     0.171019     0.136395    
-100.051     266.716      -100.075      0.171019     0.191531     0.192576    
-100.017     -100.075     266.824       0.136395     0.192576     0.220557    

Bond Length
0.62403139    0.0014876062

BB bond length
0.62403139    0.0014876062

Water EE distance
0             0           

PEG EE distance
4.7658858     0.049016395 

BBB P2(x)
0.076270468   0.0091681981

BBB first bond length
0.62412083    0.0014248843

BBB second bond length
0.62418511    0.0014667329

BBB <phi**2>/<phi>**2
1.1181759     0.0026933842

Time = 12000
Temperature
1.0096571     0.0041756191

Pressure
23.105588     0.067536143 

CM Mom
-2.118724e-17  1.2356985e-17 
-2.0326826e-17 3.0830458e-17 
-9.1415596e-17 1.3307891e-17 
1.0117909e-16  1.6186232e-17 

CM Pos
9.9972387      0.012983739   
10.000692      0.0094455653  
10.005043      0.01136113    
17.322235      0.0086821764  

Stress
20.0402      -0.00888813  -0.0174483    0.078405     0.0553315    0.0620089   
-0.00888813  20.1133      -0.00929441   0.0553315    0.0694705    0.0575785   
-0.0174483   -0.00929441  20.079        0.0620089    0.0575785    0.0890588   

Stress Spherical
0            0            0             0            0            0           
0            0            0             0            0            0           
0            0            0             0            0            0           

Inertia
266.778      -99.9564     -100.019      0.285396     0.163926     0.140795    
-99.9564     266.696      -100.035      0.163926     0.246984     0.131146    
-100.019     -100.035     266.632       0.140795     0.131146     0.318983    

Bond Length
0.62474891    0.0011557861

BB bond length
0.62474891    0.0011557861

Water EE distance
0             0           

PEG EE distance
4.7830211     0.075797807 

BBB P2(x)
0.077635579   0.0058914084

BBB first bond length
0.62481202    0.0011059529

BBB second bond length
0.62464992    0.0010833194

BBB <phi**2>/<phi>**2
1.1198023     0.0029053282

Time = 13000
Temperature
1.0104149     0.0053749501

Pressure
23.103425     0.071352018 

CM Mom
-3.3214955e-17 1.4569806e-17 
-3.3898606e-17 3.3377367e-17 
-9.1667378e-17 1.4821793e-17 
1.0883831e-16  1.8854515e-17 

CM Pos
9.9986558      0.0099890149  
10.002026      0.0098291355  
9.9990417      0.011687919   
17.320354      0.011939716   

Stress
20.0665      0.00998413   0.0125319     0.0608112    0.0540516    0.0739108   
0.00998413   20.0935      0.000882225   0.0540516    0.0945789    0.0381522   
0.0125319    0.000882225  20.0592       0.0739108    0.0381522    0.0642854   

Stress Spherical
0            0            0             0            0            0           
0            0            0             0            0            0           
0            0            0             0            0            0           

Inertia
266.683      -100.015     -99.9739      0.375227     0.10788      0.156378    
-100.015     266.613      -100.031      0.10788      0.348717     0.189541    
-99.9739     -100.031     266.663       0.156378     0.189541     0.241509    

Bond Length
0.62405076    0.00096300979

BB bond length
0.62405076    0.00096300979

Water EE distance
0             0           

PEG EE distance
4.8367438     0.071231393 

BBB P2(x)
0.074973294   0.0062642024

BBB first bond length
0.62412866    0.001062618 

BBB second bond length
0.62421941    0.001039884 

BBB <phi**2>/<phi>**2
1.1189818     0.0032719131

Time = 14000
Temperature
1.0084491     0.0044086182

Pressure
23.111112     0.052776539 

CM Mom
-4.1097525e-17 1.6616294e-17 
2.6063727e-18  3.1443598e-17 
-8.3846988e-17 2.4920702e-17 
9.9718497e-17  2.5849195e-17 

CM Pos
10.003824      0.011633096   
10.00586       0.0098333761  
10.001376      0.0097553379  
17.3269        0.0099153326  

Stress
20.1129      0.0122373    0.00618272    0.0701215    0.0489073    0.041415    
0.0122373    20.0774      0.0244902     0.0489073    0.0645561    0.0541575   
0.00618272   0.0244902    20.0697       0.041415     0.0541575    0.0852438   

Stress Spherical
0            0            0             0            0            0           
0            0            0             0            0            0           
0            0            0             0            0            0           

Inertia
266.813      -100.105     -100.059      0.243103     0.161782     0.123385    
-100.105     266.767      -100.037      0.161782     0.363496     0.172966    
-100.059     -100.037     266.857       0.123385     0.172966     0.313524    

Bond Length
0.62508119    0.0013694356

BB bond length
0.62508119    0.0013694356

Water EE distance
0             0           

PEG EE distance
4.7472025     0.046299602 

BBB P2(x)
0.083429002   0.0039869873

BBB first bond length
0.6251509     0.0013334617

BBB second bond length
0.62511048    0.001525069 

BBB <phi**2>/<phi>**2
1.1217314     0.0018388309

Time = 15000
Temperature
1.0109861     0.0056908198

Pressure
23.106809     0.067324087 

CM Mom
-4.3473112e-17 1.5713367e-17 
2.1579315e-18  1.9735081e-17 
-1.0312886e-16 1.6054574e-17 
1.1478348e-16  1.5780233e-17 

CM Pos
9.9992393      0.0099335597  
10.002692      0.0078745405  
10.001459      0.010347434   
17.322472      0.0064315628  

Stress
20.0572      0.00564326   0.00529635    0.0858706    0.0370906    0.0630816   
0.00564326   20.1139      0.000601824   0.0370906    0.0818509    0.0408605   
0.00529635   0.000601824  20.0531       0.0630816    0.0408605    0.0835823   

Stress Spherical
0            0            0             0            0            0           
0            0            0             0            0            0           
0            0            0             0            0            0           

Inertia
266.752      -100.025     -100.017      0.252564     0.185763     0.104884    
-100.025     266.677      -100.045      0.185763     0.200578     0.112647    
-100.017     -100.045     266.707       0.104884     0.112647     0.243145    

Bond Length
0.62414099    0.0013153578

BB bond length
0.62414099    0.0013153578

Water EE distance
0             0           

PEG EE distance
4.7783068     0.073877962 

BBB P2(x)
0.078084059   0.005416296 

BBB first bond length
0.624317      0.0011306884

BBB second bond length
0.62418473    0.0013679675

BBB <phi**2>/<phi>**2
1.1192736     0.0027199819

Time = 16000
Temperature
1.0106244     0.0059482734

Pressure
23.147674     0.07212938  

CM Mom
-4.1502874e-17 1.9516186e-17 
2.5773943e-19  1.3784999e-17 
-1.1640579e-16 1.3328932e-17 
1.2590531e-16  1.3010925e-17 

CM Pos
9.998239       0.017354613   
10.002109      0.0078022935  
10.003543      0.014191379   
17.322765      0.014296688   

Stress
20.1231      -0.0112738   -0.00232201   0.0538889    0.04212      0.0520082   
-0.0112738   20.0958      -0.000129317  0.04212      0.120912     0.039249    
-0.00232201  -0.000129317 20.1312       0.0520082    0.039249     0.112105    

Stress Spherical
0            0            0             0            0            0           
0            0            0             0            0            0           
0            0            0             0            0            0           

Inertia
266.801      -99.9847     -100.017      0.305381     0.157125     0.240003    
-99.9847     266.717      -100.029      0.157125     0.571623     0.175711    
-100.017     -100.029     266.687       0.240003     0.175711     0.418456    

Bond Length
0.62490746    0.0011394757

BB bond length
0.62490746    0.0011394757

Water EE distance
0             0           

PEG EE distance
4.6753715     0.11154644  

BBB P2(x)
0.074188841   0.0076223144

BBB first bond length
0.62505585    0.0011322741

BBB second bond length
0.62507128    0.001157284 

BBB <phi**2>/<phi>**2
1.119594      0.0050492308

Time = 17000
Temperature
1.0106307     0.0034483249

Pressure
23.104389     0.054849135 

CM Mom
-3.3315251e-17 2.3539635e-17 
4.6052993e-18  2.2065901e-17 
-1.1029437e-16 1.0052642e-17 
1.1985268e-16  8.5658335e-18 

CM Pos
9.9975721      0.016017037   
9.9961906      0.0082452469  
10.000292      0.008362812   
17.31708       0.015365016   

Stress
20.0561      2.84962e-05  0.00779543    0.0810573    0.0500904    0.0340573   
2.84962e-05  20.0571      0.00517001    0.0500904    0.0776557    0.0492097   
0.00779543   0.00517001   20.1069       0.0340573    0.0492097    0.0568827   

Stress Spherical
0            0            0             0            0            0           
0            0            0             0            0            0           
0            0            0             0            0            0           

Inertia
266.595      -99.9035     -99.9571      0.324665     0.235026     0.174762    
-99.9035     266.612      -99.9743      0.235026     0.473577     0.190521    
-99.9571     -99.9743     266.526       0.174762     0.190521     0.453617    

Bond Length
0.62441171    0.0013955923

BB bond length
0.62441171    0.0013955923

Water EE distance
0             0           

PEG EE distance
4.8444805     0.034808822 

BBB P2(x)
0.079499169   0.0068206054

BBB first bond length
0.62441831    0.0014688053

BBB second bond length
0.62446477    0.0014613497

BBB <phi**2>/<phi>**2
1.1196848     0.0032925203

Time = 18000
Temperature
1.0116183     0.0054490434

Pressure
23.138011     0.045798801 

CM Mom
-3.3351055e-17 1.4448441e-17 
-1.3395047e-17 2.1801344e-17 
-1.2308735e-16 1.6775273e-17 
1.3084115e-16  1.6978675e-17 

CM Pos
9.998239       0.014029119   
9.9979411      0.007855546   
9.999125       0.016118231   
17.317805      0.016075893   

Stress
20.085       0.00146462   -0.00457759   0.0706144    0.0503062    0.0520223   
0.00146462   20.1457      0.0147903     0.0503062    0.0602983    0.0464959   
-0.00457759  0.0147903    20.0814       0.0520223    0.0464959    0.0799082   

Stress Spherical
0            0            0             0            0            0           
0            0            0             0            0            0           
0            0            0             0            0            0           

Inertia
266.608      -99.9186     -99.9389      0.300492     0.218456     0.285085    
-99.9186     266.619      -99.9288      0.218456     0.43694      0.171368    
-99.9389     -99.9288     266.591       0.285085     0.171368     0.391127    

Bond Length
0.62427861    0.0016908078

BB bond length
0.62427861    0.0016908078

Water EE distance
0             0           

PEG EE distance
4.7811903     0.059781377 

BBB P2(x)
0.078934528   0.0047707598

BBB first bond length
0.62428226    0.0017327007

BBB second bond length
0.62448638    0.0016623674

BBB <phi**2>/<phi>**2
1.1194621     0.0019619885

Time = 19000
Temperature
1.009807      0.00361612  

Pressure
23.127012     0.059837734 

CM Mom
-4.2817947e-17 1.2268611e-17 
6.835185e-18   1.6421402e-17 
-1.2970675e-16 2.2970288e-17 
1.3854348e-16  2.1388243e-17 

CM Pos
9.9954048      0.0096237476  
10.00461       0.015785438   
9.9986249      0.0092165817  
17.31973       0.014126266   

Stress
20.1045      -0.0222805   -0.0168988    0.0963121    0.0345072    0.0374707   
-0.0222805   20.1125      0.00270368    0.0345072    0.0638412    0.0508747   
-0.0168988   0.00270368   20.0785       0.0374707    0.0508747    0.0821084   

Stress Spherical
0            0            0             0            0            0           
0            0            0             0            0            0           
0            0            0             0            0            0           

Inertia
266.747      -100.02      -99.9146      0.336384     0.247006     0.178609    
-100.02      266.549      -100.032      0.247006     0.250682     0.210194    
-99.9146     -100.032     266.662       0.178609     0.210194     0.48384     

Bond Length
0.62400381    0.00086827002

BB bond length
0.62400381    0.00086827002

Water EE distance
0             0           

PEG EE distance
4.7983588     0.058840625 

BBB P2(x)
0.077733104   0.0071568356

BBB first bond length
0.62419029    0.00099328109

BBB second bond length
0.62421836    0.00095682471

BBB <phi**2>/<phi>**2
1.1186057     0.0015975282

Time = 20000
Temperature
1.0099558     0.0046671908

Pressure
23.13214      0.048181804 

CM Mom
-5.9735278e-17 1.6328814e-17 
3.7554995e-18  1.7421354e-17 
-1.1595799e-16 9.8744003e-18 
1.3232485e-16  1.3654118e-17 

CM Pos
10.00049       0.010542683   
10.000358      0.017051478   
10.002959      0.0098351425  
17.322717      0.011085051   

Stress
20.0796      -0.00974001  -0.0140236    0.0736572    0.0390581    0.0578271   
-0.00974001  20.1236      -0.00524413   0.0390581    0.051009     0.0479338   
-0.0140236   -0.00524413  20.1063       0.0578271    0.0479338    0.0884499   

Stress Spherical
0            0            0             0            0            0           
0            0            0             0            0            0           
0            0            0             0            0            0           

Inertia
266.745      -99.978      -100.011      0.344463     0.222138     0.149981    
-99.978      266.73       -100.02       0.222138     0.257893     0.201737    
-100.011     -100.02      266.682       0.149981     0.201737     0.489712    

Bond Length
0.62484681    0.0011213133

BB bond length
0.62484681    0.0011213133

Water EE distance
0             0           

PEG EE distance
4.7136691     0.042717127 

BBB P2(x)
0.080738255   0.0094148524

BBB first bond length
0.62484579    0.00099559635

BBB second bond length
0.62507787    0.0010059654

BBB <phi**2>/<phi>**2
1.1199099     0.0038380931

Time = 21000
Temperature
1.0147006     0.0068466698

Pressure
23.08541      0.084478506 

CM Mom
-5.8309267e-17 1.3083336e-17 
5.9518375e-18  2.4140187e-17 
-1.5832883e-16 2.9522048e-17 
1.7099751e-16  2.9811672e-17 

CM Pos
9.9981556      0.0094910651  
10.001192      0.0099065924  
10.001042      0.009913604   
17.32074       0.0084884459  

Stress
20.0866      0.0124195    0.0232446     0.126124     0.0432054    0.0429385   
0.0124195    20.0121      -0.0135186    0.0432054    0.066752     0.0350595   
0.0232446    -0.0135186   20.0279       0.0429385    0.0350595    0.0900738   

Stress Spherical
0            0            0             0            0            0           
0            0            0             0            0            0           
0            0            0             0            0            0           

Inertia
266.704      -100.036     -99.9999      0.238291     0.148181     0.143373    
-100.036     266.644      -99.9984      0.148181     0.263147     0.173723    
-99.9999     -99.9984     266.646       0.143373     0.173723     0.278599    

Bond Length
0.62454466    0.0012644524

BB bond length
0.62454466    0.0012644524

Water EE distance
0             0           

PEG EE distance
4.8514614     0.13815506  

BBB P2(x)
0.074859917   0.0066647807

BBB first bond length
0.62467575    0.0013478491

BBB second bond length
0.62496237    0.0011940692

BBB <phi**2>/<phi>**2
1.1182925     0.0034389773

Time = 22000
Temperature
1.0113338     0.0030746887

Pressure
23.123882     0.057625543 

CM Mom
-4.3338053e-17 1.8041918e-17 
1.3268491e-17  1.9263459e-17 
-1.6305686e-16 2.8788523e-17 
1.7108901e-16  2.99283e-17   

CM Pos
9.9990725      0.0067334199  
9.997691       0.016563649   
10.000375      0.010244516   
17.318866      0.008980682   

Stress
20.1036      0.0118244    -0.016335     0.100294     0.0603702    0.0452917   
0.0118244    20.1098      -0.0147464    0.0603702    0.0578718    0.0423349   
-0.016335    -0.0147464   20.0589       0.0452917    0.0423349    0.0796258   

Stress Spherical
0            0            0             0            0            0           
0            0            0             0            0            0           
0            0            0             0            0            0           

Inertia
266.622      -99.9653     -99.9667      0.465502     0.178165     0.122304    
-99.9653     266.641      -100.007      0.178165     0.227729     0.165435    
-99.9667     -100.007     266.592       0.122304     0.165435     0.372988    

Bond Length
0.62429845    0.0005091459

BB bond length
0.62429845    0.0005091459

Water EE distance
0             0           

PEG EE distance
4.8984937     0.079102935 

BBB P2(x)
0.074816576   0.0069617707

BBB first bond length
0.62435123    0.0004854376

BBB second bond length
0.62432253    0.00056021036

BBB <phi**2>/<phi>**2
1.116925      0.0025039951

Time = 23000
Temperature
1.0134836     0.0061249382

Pressure
23.168529     0.062740918 

CM Mom
-4.3065044e-17 1.0836143e-17 
-7.6654345e-18 2.198205e-17  
-1.5406733e-16 2.8109736e-17 
1.6231621e-16  2.6350269e-17 

CM Pos
9.9969886      0.0085740947  
10.005443      0.013793361   
9.9952906      0.015389591   
17.319203      0.014744294   

Stress
20.1162      -0.0012092   -0.00942568   0.0900494    0.0508188    0.0376784   
-0.0012092   20.1439      0.000851083   0.0508188    0.0835473    0.04936     
-0.00942568  0.000851083  20.1268       0.0376784    0.04936      0.0955148   

Stress Spherical
0            0            0             0            0            0           
0            0            0             0            0            0           
0            0            0             0            0            0           

Inertia
266.672      -100.054     -99.8901      0.541058     0.210183     0.125535    
-100.054     266.492      -100.021      0.210183     0.334052     0.269549    
-99.8901     -100.021     266.705       0.125535     0.269549     0.337072    

Bond Length
0.62422162    0.000688709 

BB bond length
0.62422162    0.000688709 

Water EE distance
0             0           

PEG EE distance
4.7048923     0.10022475  

BBB P2(x)
0.077767757   0.0059831045

BBB first bond length
0.62443534    0.00057945743

BBB second bond length
0.62419155    0.00077699865

BBB <phi**2>/<phi>**2
1.1191803     0.0026683387

Time = 24000
Temperature
1.010264      0.0034922319

Pressure
23.08624      0.064368272 

CM Mom
-3.9615754e-17 2.5504981e-17 
5.6360257e-18  1.1489728e-17 
-1.5706517e-16 2.4170653e-17 
1.6411446e-16  2.6529689e-17 

CM Pos
9.997322       0.010643698   
9.9976076      0.012691458   
10.001209      0.011339091   
17.318284      0.015319575   

Stress
20.0625      0.00146428   -0.0212349    0.08463      0.0487426    0.0418167   
0.00146428   20.0486      0.0138054     0.0487426    0.0760774    0.0514631   
-0.0212349   0.0138054    20.058        0.0418167    0.0514631    0.0962589   

Stress Spherical
0            0            0             0            0            0           
0            0            0             0            0            0           
0            0            0             0            0            0           

Inertia
266.636      -99.9541     -100.011      0.391286     0.217971     0.204161    
-99.9541     266.613      -100.008      0.217971     0.428141     0.160794    
-100.011     -100.008     266.551       0.204161     0.160794     0.359038    

Bond Length
0.62425914    0.001326123 

BB bond length
0.62425914    0.001326123 

Water EE distance
0             0           

PEG EE distance
4.7255483     0.1223245   

BBB P2(x)
0.07815603    0.004269698 

BBB first bond length
0.62441556    0.0014456781

BBB second bond length
0.62444034    0.001386586 

BBB <phi**2>/<phi>**2
1.1179432     0.0038711009

Time = 25000
Temperature
1.006988      0.0053557868

Pressure
23.113529     0.048204079 

CM Mom
-6.349529e-17  2.3363909e-17 
4.9342988e-18  1.200961e-17  
-1.6273787e-16 1.6585788e-17 
1.7682689e-16  1.5396579e-17 

CM Pos
10.00099       0.013278745   
9.9962739      0.010623114   
10.003043      0.011603193   
17.320692      0.014780664   

Stress
20.0826      -0.0279804   -0.000960273  0.092563     0.0467003    0.0633284   
-0.0279804   20.0937      0.0141018     0.0467003    0.0462669    0.0446629   
-0.000960273 0.0141018    20.104        0.0633284    0.0446629    0.0742226   

Stress Spherical
0            0            0             0            0            0           
0            0            0             0            0            0           
0            0            0             0            0            0           

Inertia
266.645      -99.9434     -100.086      0.320986     0.184082     0.210893    
-99.9434     266.741      -99.9872      0.184082     0.46949      0.201391    
-100.086     -99.9872     266.588       0.210893     0.201391     0.322193    

Bond Length
0.62416626    0.00068884903

BB bond length
0.62416626    0.00068884903

Water EE distance
0             0           

PEG EE distance
4.6874609     0.06971806  

BBB P2(x)
0.079167793   0.0060268377

BBB first bond length
0.62426535    0.00076259661

BBB second bond length
0.62439149    0.00067381992

BBB <phi**2>/<phi>**2
1.119139      0.0027350597

Time = 26000
Temperature
1.0123602     0.0046173316

Pressure
23.135056     0.051743941 

CM Mom
-7.2680207e-17 1.0891088e-17 
4.4466993e-17  1.132568e-17  
-1.488416e-16  1.3245163e-17 
1.721469e-16   1.4188531e-17 

CM Pos
10.003907      0.0074000747  
9.9999417      0.0094709107  
9.9981247      0.0071069421  
17.321653      0.0061395679  

Stress
20.1068      0.0219727    -0.000292617  0.0831089    0.0605221    0.0218826   
0.0219727    20.0621      0.0101096     0.0605221    0.0704838    0.0421623   
-0.000292617 0.0101096    20.1277       0.0218826    0.0421623    0.0744393   

Stress Spherical
0            0            0             0            0            0           
0            0            0             0            0            0           
0            0            0             0            0            0           

Inertia
266.629      -100.022     -100.011      0.168431     0.1616       0.0938124   
-100.022     266.707      -99.95        0.1616       0.166316     0.11806     
-100.011     -99.95       266.721       0.0938124    0.11806      0.228137    

Bond Length
0.62501647    0.0012125621

BB bond length
0.62501647    0.0012125621

Water EE distance
0             0           

PEG EE distance
4.6452118     0.050388556 

BBB P2(x)
0.076503199   0.0084570545

BBB first bond length
0.62524308    0.001044686 

BBB second bond length
0.6252048     0.001317884 

BBB <phi**2>/<phi>**2
1.1192252     0.0036195561

Time = 27000
Temperature
1.0104124     0.0051447967

Pressure
23.108813     0.058423936 

CM Mom
-6.7035852e-17 1.109291e-17  
3.2796244e-17  1.2097341e-17 
-1.6220793e-16 2.6280607e-17 
1.7927944e-16  2.6453004e-17 

CM Pos
9.9987391      0.00996429    
10.002359      0.0063154076  
10.000125      0.013037146   
17.321219      0.013095505   

Stress
20.1054      -0.0145632   -0.0134582    0.070393     0.0274364    0.0357949   
-0.0145632   20.0187      0.0123407     0.0274364    0.0806016    0.0427633   
-0.0134582   0.0123407    20.1113       0.0357949    0.0427633    0.058861    

Stress Spherical
0            0            0             0            0            0           
0            0            0             0            0            0           
0            0            0             0            0            0           

Inertia
266.718      -100.028     -99.9586      0.363574     0.190923     0.201013    
-100.028     266.644      -100.004      0.190923     0.334363     0.1982      
-99.9586     -100.004     266.679       0.201013     0.1982       0.304352    

Bond Length
0.62458838    0.0010401717

BB bond length
0.62458838    0.0010401717

Water EE distance
0             0           

PEG EE distance
4.662848      0.035610341 

BBB P2(x)
0.073869346   0.0098244458

BBB first bond length
0.62467144    0.0011155155

BBB second bond length
0.62484237    0.0011315079

BBB <phi**2>/<phi>**2
1.1175582     0.0035555862

Time = 28000
Temperature
1.0089518     0.0065720612

Pressure
23.107174     0.053947133 

CM Mom
-7.49699e-17   1.3931732e-17 
2.9505844e-17  1.2080371e-17 
-1.5773087e-16 1.5842163e-17 
1.7842615e-16  1.1190126e-17 

CM Pos
10.003574      0.0095367122  
9.9980244      0.014021935   
10.001459      0.010313804   
17.322282      0.010184406   

Stress
20.0464      0.0140453    -0.00745894   0.076899     0.0334772    0.0471605   
0.0140453    20.1044      0.00398578    0.0334772    0.108567     0.0477034   
-0.00745894  0.00398578   20.0928       0.0471605    0.0477034    0.0798038   

Stress Spherical
0            0            0             0            0            0           
