Time = 500
Temperature
   1.0377798   0.039653131

Pressure
    23.66141     0.1439473

CM Mom
2.3011028e-17  3.1999342e-17 
-6.3346536e-17 1.2201664e-17 
-3.0073841e-17 1.2694968e-17 
8.0366407e-17  1.7943472e-17 

CM Pos
7.5014222      0.026794124   
7.492651       0.016641787   
7.4897557      0.030746544   
12.981109      0.018295982   

Stress
20.5685      -0.0139236   -0.0631027    0.0887825    0.08664      0.0339963   
-0.0139236   20.5382      0.0182445     0.08664      0.103793     0.0987712   
-0.0631027   0.0182445    20.5384       0.0339963    0.0987712    0.0333098   

Stress Spherical
0            0            0             0            0            0           
0            0            0             0            0            0           
0            0            0             0            0            0           

Inertia
149.691      -56.2153     -56.1412      0.639417     0.342251     0.167335    
-56.2153     149.788      -56.0881      0.342251     0.312385     0.24587     
-56.1412     -56.0881     149.837       0.167335     0.24587      0.545601    

Bond Length
0.63005952    0.020482382 

BB bond length
0.63005952    0.020482382 

Water EE distance
0             0           

PEG EE distance
3.6469844     0.92638706  

Time = 1000
Temperature
1.0158368     0.0058666281

Pressure
23.631617     0.09847857  

CM Mom
4.0048466e-17  1.9543097e-17 
-4.8278362e-17 7.6804177e-18 
-4.0673817e-17 2.8474525e-17 
8.2517336e-17  5.6256927e-18 

CM Pos
7.5011259      0.009482418   
7.5006518      0.011142787   
7.4971638      0.02032802    
12.989792      0.0077910768  

Stress
20.5504      0.05131      0.0168085     0.106211     0.0887307    0.0803286   
0.05131      20.6328      0.0204518     0.0887307    0.125984     0.053078    
0.0168085    0.0204518    20.5701       0.0803286    0.053078     0.108495    

Stress Spherical
0            0            0             0            0            0           
0            0            0             0            0            0           
0            0            0             0            0            0           

Inertia
149.928      -56.2367     -56.2269      0.278143     0.161939     0.164373    
-56.2367     149.916      -56.2067      0.161939     0.21733      0.0729324   
-56.2269     -56.2067     149.95        0.164373     0.0729324    0.24029     

Bond Length
0.6159993     0.016750273 

BB bond length
0.6159993     0.016750273 

Water EE distance
0             0           

PEG EE distance
2.8718665     0.68113455  

