Time = 500
Temperature
   1.0417198   0.047675752

Pressure
   23.391988    0.19743061

CM Mom
-3.4850739e-18 2.6865936e-17 
6.2817963e-17  1.1248922e-17 
1.4146461e-18  1.1166291e-17 
6.8752573e-17  1.4364188e-17 

CM Pos
7.4922515      0.021170175   
7.502745       0.028628792   
7.4931713      0.029478064   
12.983562      0.043317917   

Stress
20.2413      0.00540126   0.0297538     0.0902655    0.0674706    0.123564    
0.00540126   20.2661      0.080202      0.0674706    0.131329     0.0525462   
0.0297538    0.080202     20.294        0.123564     0.0525462    0.0599731   

Stress Spherical
0            0            0             0            0            0           
0            0            0             0            0            0           
0            0            0             0            0            0           

Inertia
149.721      -56.3066     -56.1458      0.959636     0.372658     0.361383    
-56.3066     149.57       -56.2167      0.372658     0.923954     0.447572    
-56.1458     -56.2167     149.724       0.361383     0.447572     0.829878    

Bond Length
0.6106057     0.0055164229

BB bond length
0.6106057     0.0055164229

Water EE distance
0             0           

PEG EE distance
3.8021123     0.39813048  

Time = 1000
Temperature
1.012153      0.007608494 

Pressure
23.234519     0.059269429 

CM Mom
-1.9702511e-17 9.7178172e-18 
6.4612041e-17  1.2502442e-17 
3.3300659e-17  1.9535349e-17 
7.7586869e-17  1.6866932e-17 

CM Pos
7.4955111      0.015847185   
7.5060045      0.024489475   
7.4937639      0.011087487   
12.98769       0.012844322   

Stress
20.1315      -0.00779643  0.0202774     0.0620292    0.09232      0.0676977   
-0.00779643  20.1847      -0.00104294   0.09232      0.0597122    0.0729211   
0.0202774    -0.00104294  20.2789       0.0676977    0.0729211    0.15602     

Stress Spherical
0            0            0             0            0            0           
0            0            0             0            0            0           
0            0            0             0            0            0           

Inertia
149.748      -56.2702     -56.1732      0.528477     0.214567     0.0684602   
-56.2702     149.602      -56.2279      0.214567     0.155771     0.267631    
-56.1732     -56.2279     149.815       0.0684602    0.267631     0.241215    

Bond Length
0.62028634    0.0069983158

BB bond length
0.62028634    0.0069983158

Water EE distance
0             0           

PEG EE distance
3.705551      0.25698751  

