Time = 1000
Temperature
   1.0244636   0.034380395

Pressure
   23.588992    0.15595223

CM Mom
6.8865171e-18  1.8174031e-17 
2.979016e-18   1.2283394e-17 
-1.3017214e-17 2.057396e-17  
3.121504e-17   1.2483302e-17 

CM Pos
7.499403       0.010016226   
7.4966351      0.043278782   
7.5022009      0.020001568   
12.989429      0.026810013   

Stress
20.508       0.00281633   0.00793394    0.124784     0.0570955    0.0836231   
0.00281633   20.5427      0.00835323    0.0570955    0.0709299    0.0250577   
0.00793394   0.00835323   20.5234       0.0836231    0.0250577    0.146362    

Stress Spherical
0            0            0             0            0            0           
0            0            0             0            0            0           
0            0            0             0            0            0           

Inertia
149.977      -56.1891     -56.2614      0.477439     0.374271     0.168153    
-56.1891     150          -56.2291      0.374271     0.303381     0.30757     
-56.2614     -56.2291     149.936       0.168153     0.30757      0.599652    

Bond Length
0.61555057    0.0047583561

BB bond length
0.61555057    0.0047583561

Water EE distance
0             0           

PEG EE distance
7.5404597     0.86432841  

BBB P2(x)
0.50332236    0.066799523 

BBB first bond length
0.61522719    0.0053985298

BBB second bond length
0.61552229    0.0052990735

BBB <phi**2>/<phi>**2
1.2180401     0.033389051 

Time = 2000
Temperature
1.0090102     0.0092418946

Pressure
23.5384       0.056428313 

CM Mom
-1.4418602e-17 2.3213489e-17 
-1.2827228e-17 1.0462345e-17 
-2.3618496e-17 1.4902923e-17 
3.8572015e-17  1.7688717e-17 

CM Pos
7.4962827      0.016399341   
7.5010928      0.019944085   
7.4952172      0.016277723   
12.986135      0.012767827   

Stress
20.502       -0.063134    -0.0169442    0.0693063    0.0638092    0.0633775   
-0.063134    20.527       0.0109675     0.0638092    0.0870504    0.0940944   
-0.0169442   0.0109675    20.532        0.0633775    0.0940944    0.090829    

Stress Spherical
0            0            0             0            0            0           
0            0            0             0            0            0           
0            0            0             0            0            0           

Inertia
149.903      -56.2102     -56.2018      0.349323     0.139496     0.197351    
-56.2102     149.852      -56.2144      0.139496     0.357257     0.165199    
-56.2018     -56.2144     149.931       0.197351     0.165199     0.268602    

Bond Length
0.61583073    0.006155302 

BB bond length
0.61583073    0.006155302 

Water EE distance
0             0           

PEG EE distance
6.920621      0.60750861  

BBB P2(x)
0.53117259    0.022768731 

BBB first bond length
0.61663394    0.006029418 

BBB second bond length
0.61576933    0.006565497 

BBB <phi**2>/<phi>**2
1.2311412     0.015522825 

