Time = 500
Temperature
    1.049991   0.045815388

Pressure
   20.020776    0.25425593

CM Mom
9.1798468e-18  9.3105586e-18 
-1.8188346e-17 1.972824e-17  
-5.9357289e-17 2.2453701e-17 
6.5631429e-17  2.471735e-17  

CM Pos
7.4914409      0.0075315676  
7.5298173      0.027712382   
7.498538       0.017814072   
13.001882      0.010854438   

Stress
16.8926      0.0153634    -0.0133099    0.168181     0.0718874    0.0845131   
0.0153634    16.8626      0.0190949     0.0718874    0.142757     0.0314767   
-0.0133099   0.0190949    16.8582       0.0845131    0.0314767    0.104853    

Stress Spherical
0            0            0             0            0            0           
0            0            0             0            0            0           
0            0            0             0            0            0           

Inertia
149.351      -56.4011     -56.1285      0.875298     0.22797      0.184441    
-56.4011     148.84       -56.5373      0.22797      0.52465      0.174493    
-56.1285     -56.5373     149.199       0.184441     0.174493     0.73197     

Bond Length
0.61254743    0.0022886146

BB bond length
0.61254743    0.0022886146

Water EE distance
0             0           

PEG EE distance
3.650485      0.082002646 

Time = 1000
Temperature
1.0159682     0.0081741834

Pressure
19.860365     0.062797932 

CM Mom
-4.0947973e-18 1.585331e-17  
-1.8684295e-17 1.6510225e-17 
-5.651566e-17  5.0291501e-18 
6.3884493e-17  5.2791013e-18 

CM Pos
7.4935151      0.021120343   
7.5007774      0.014099617   
7.5097984      0.012382012   
12.992768      0.016389629   

Stress
16.8337      -0.0527941   -0.00713189   0.0874744    0.0885756    0.0932333   
-0.0527941   16.8316      0.0230189     0.0885756    0.0850634    0.0707412   
-0.00713189  0.0230189    16.7729       0.0932333    0.0707412    0.0967468   

Stress Spherical
0            0            0             0            0            0           
0            0            0             0            0            0           
0            0            0             0            0            0           

Inertia
149.329      -56.1175     -56.3373      0.61396      0.0633698    0.206603    
-56.1175     149.334      -56.3764      0.0633698    0.393697     0.166032    
-56.3373     -56.3764     149.004       0.206603     0.166032     0.434419    

Bond Length
0.61214998    0.0028423558

BB bond length
0.61214998    0.0028423558

Water EE distance
0             0           

PEG EE distance
3.5682449     0.09726579  

