Time = 1000
Temperature
   1.0308483   0.039609501

Pressure
   23.687565    0.17498828

CM Mom
-1.6860648e-17 1.6883056e-17 
8.10121e-17    2.8961781e-17 
9.2025007e-18  1.131377e-16  
1.3419748e-16  5.3356596e-17 

CM Pos
7.4945947      0.01167712    
7.4972392      0.013488734   
7.4957271      0.025878933   
12.983218      0.022755247   

Stress
20.5764      0.0375639    -0.0450216    0.0914301    0.0720824    0.0728798   
0.0375639    20.5889      -0.00503575   0.0720824    0.103791     0.0644787   
-0.0450216   -0.00503575  20.6225       0.0728798    0.0644787    0.122582    

Stress Spherical
0            0            0             0            0            0           
0            0            0             0            0            0           
0            0            0             0            0            0           

Inertia
149.913      -56.1478     -56.1677      0.197612     0.163438     0.250291    
-56.1478     149.867      -56.1882      0.163438     0.237805     0.244399    
-56.1677     -56.1882     149.866       0.250291     0.244399     0.148354    

Bond Length
0.61980599    0.0043125561

BB bond length
0.61980599    0.0043125561

Water EE distance
0             0           

PEG EE distance
3.727026      0.21415748  

BBB P2(x)
0.50171       0.033640914 

BBB first bond length
0.61989546    0.0052205459

BBB second bond length
0.61934556    0.0042037084

BBB <phi**2>/<phi>**2
1.2194521     0.01586772  

Time = 2000
Temperature
1.01175       0.0063721003

Pressure
23.569272     0.071139003 

CM Mom
-3.7082019e-17 1.4677538e-17 
5.5298707e-17  2.475405e-17  
1.9103964e-17  2.2785511e-17 
7.6779386e-17  1.5820338e-17 

CM Pos
7.5037826      0.01236405    
7.4988693      0.011709986   
7.502544       0.023526627   
12.993403      0.01709761    

Stress
20.5468      -0.00798883  -0.00324878   0.103988     0.0450705    0.0838574   
-0.00798883  20.4852      -0.0232835    0.0450705    0.0835239    0.0694674   
-0.00324878  -0.0232835   20.5728       0.0838574    0.0694674    0.0808824   

Stress Spherical
0            0            0             0            0            0           
0            0            0             0            0            0           
0            0            0             0            0            0           

Inertia
149.991      -56.2418     -56.2995      0.197847     0.186738     0.240397    
-56.2418     150.054      -56.2535      0.186738     0.346121     0.214122    
-56.2995     -56.2535     150.009       0.240397     0.214122     0.304646    

Bond Length
0.61994988    0.0024021432

BB bond length
0.61994988    0.0024021432

Water EE distance
0             0           

PEG EE distance
3.813461      0.099051476 

BBB P2(x)
0.50212617    0.018857663 

BBB first bond length
0.6195763     0.0027683482

BBB second bond length
0.6200554     0.0026297581

BBB <phi**2>/<phi>**2
1.2180599     0.011465568 

