Time = 1000
Temperature
   1.0850336    0.11174486

Pressure
   23.696614    0.58420762

CM Mom
1.2891553e-17  1.2657702e-17 
-1.6926644e-17 2.3171588e-17 
3.4331216e-18  2.7358505e-16 
1.8604732e-16  2.0346205e-16 

CM Pos
7.4938241      0.013426355   
7.5021672      0.027599318   
7.4940958      0.012387519   
12.984683      0.022189997   

Stress
20.4351      0.0383796    -0.024469     0.319306     0.0535254    0.0706002   
0.0383796    20.4077      0.0308195     0.0535254    0.229707     0.0996834   
-0.024469    0.0308195    20.5011       0.0706002    0.0996834    0.310146    

Stress Spherical
0            0            0             0            0            0           
0            0            0             0            0            0           
0            0            0             0            0            0           

Inertia
150.003      -56.2694     -56.1305      1.37218      0.264122     0.225388    
-56.2694     149.904      -56.2151      0.264122     1.2539       0.253707    
-56.1305     -56.2151     150.023       0.225388     0.253707     1.52016     

Bond Length
0.6180209     0.0058778422

BB bond length
0.6180209     0.0058778422

Water EE distance
0             0           

PEG EE distance
6.7653404     0.24289162  

BBB P2(x)
0.46864684    0.064741584 

BBB first bond length
0.61790274    0.0059334492

BBB second bond length
0.61781109    0.0058810977

BBB <phi**2>/<phi>**2
1.2168303     0.014376264 

Time = 2000
Temperature
1.0129473     0.0072697307

Pressure
23.325116     0.096635994 

CM Mom
2.4808898e-17  2.3704458e-17 
-1.6038355e-17 2.4610645e-17 
-2.2438481e-17 4.070763e-17  
6.2244031e-17  1.807132e-17  

CM Pos
7.5013946      0.015879757   
7.4980109      0.011745643   
7.5031508      0.010225229   
12.991872      0.010926226   

Stress
20.3163      0.0337725    0.015929      0.116617     0.0716467    0.0732412   
0.0337725    20.2709      -0.0297647    0.0716467    0.121949     0.097594    
0.015929     -0.0297647   20.2896       0.0732412    0.097594     0.103495    

Stress Spherical
0            0            0             0            0            0           
0            0            0             0            0            0           
0            0            0             0            0            0           

Inertia
149.895      -56.2668     -56.2816      0.41486      0.149536     0.0938927   
-56.2668     149.947      -56.2697      0.149536     0.482823     0.155687    
-56.2816     -56.2697     149.873       0.0938927    0.155687     0.474749    

Bond Length
0.6178891     0.0016378325

BB bond length
0.6178891     0.0016378325

Water EE distance
0             0           

PEG EE distance
6.6542455     0.079744916 

BBB P2(x)
0.50552901    0.0082133433

BBB first bond length
0.61789317    0.0019597171

BBB second bond length
0.61807464    0.0016047655

BBB <phi**2>/<phi>**2
1.2254086     0.0095333712

Time = 3000
Temperature
1.0084536     0.0049215079

Pressure
23.223459     0.085706838 

CM Mom
3.1939924e-17  1.4161995e-17 
-4.5125814e-18 9.9272226e-18 
-4.3140075e-17 2.1446058e-17 
5.8122493e-17  1.6805037e-17 

CM Pos
7.5025821      0.0096840216  
7.506472       0.022570899   
7.4973615      0.015838075   
12.994105      0.01965364    

Stress
20.2287      0.00860671   -0.0414186    0.122104     0.100236     0.0834455   
0.00860671   20.2039      0.0159005     0.100236     0.12716      0.0642263   
-0.0414186   0.0159005    20.1797       0.0834455    0.0642263    0.0720013   

Stress Spherical
0            0            0             0            0            0           
0            0            0             0            0            0           
0            0            0             0            0            0           

Inertia
150.03       -56.3665     -56.2481      0.494895     0.192002     0.166625    
-56.3665     149.962      -56.244       0.192002     0.2804       0.238905    
-56.2481     -56.244      150.091       0.166625     0.238905     0.345089    

Bond Length
0.61795255    0.0022290401

BB bond length
0.61795255    0.0022290401

Water EE distance
0             0           

PEG EE distance
6.6892932     0.11244448  

BBB P2(x)
0.51773781    0.0099643243

BBB first bond length
0.61777498    0.0023888566

BBB second bond length
0.61775827    0.0022040206

BBB <phi**2>/<phi>**2
1.225014      0.009327102 

Time = 4000
Temperature
1.0067536     0.0058754549

Pressure
23.271018     0.065025903 

CM Mom
5.4584169e-17  1.4283905e-17 
-4.9017912e-18 2.4272375e-17 
-4.3501818e-17 2.2966045e-17 
7.5817947e-17  2.1636161e-17 

CM Pos
7.496496       0.01113706    
7.4910341      0.020698923   
7.501221       0.010822994   
12.983907      0.013611701   

Stress
20.2604      -0.0388717   0.0277449     0.083214     0.0698613    0.104871    
-0.0388717   20.2404      0.0219879     0.0698613    0.125134     0.0727141   
0.0277449    0.0219879    20.2693       0.104871     0.0727141    0.103774    

Stress Spherical
0            0            0             0            0            0           
0            0            0             0            0            0           
0            0            0             0            0            0           

Inertia
149.848      -56.1307     -56.2084      0.402153     0.174385     0.151217    
-56.1307     149.934      -56.1949      0.174385     0.226992     0.190241    
-56.2084     -56.1949     149.758       0.151217     0.190241     0.296439    

Bond Length
0.61864166    0.0017799843

BB bond length
0.61864166    0.0017799843

Water EE distance
0             0           

PEG EE distance
7.0933793     0.17305266  

BBB P2(x)
0.52150242    0.010505175 

BBB first bond length
0.61859386    0.0018833241

BBB second bond length
0.61859453    0.001864573 

BBB <phi**2>/<phi>**2
1.2272014     0.0080329966

Time = 5000
Temperature
1.005961      0.007061597 

Pressure
23.210757     0.068757568 

CM Mom
3.4015893e-17  1.9622882e-17 
1.3155127e-17  2.3561427e-17 
-6.0848846e-17 2.3973579e-17 
7.7802132e-17  2.2236896e-17 

CM Pos
7.5033243      0.0096212452  
7.5057298      0.013897315   
7.5055258      0.014026727   
12.99881       0.013999621   

Stress
20.1536      0.0084332    -0.0170953    0.0850042    0.0699951    0.0605673   
0.0084332    20.2028      0.0118133     0.0699951    0.0790395    0.054775    
-0.0170953   0.0118133    20.2401       0.0605673    0.054775     0.138483    

Stress Spherical
0            0            0             0            0            0           
0            0            0             0            0            0           
0            0            0             0            0            0           

Inertia
150.144      -56.2976     -56.3315      0.348464     0.112376     0.187002    
-56.2976     150.121      -56.3734      0.112376     0.333556     0.177451    
-56.3315     -56.3734     150.107       0.187002     0.177451     0.298565    

Bond Length
0.61972962    0.0028601369

BB bond length
0.61972962    0.0028601369

Water EE distance
0             0           

PEG EE distance
7.1947716     0.15207392  

BBB P2(x)
0.51284056    0.010011348 

BBB first bond length
0.62009985    0.0027214852

BBB second bond length
0.6194702     0.0028907327

BBB <phi**2>/<phi>**2
1.2287025     0.00949468  

Time = 6000
Temperature
1.0086464     0.0063523794

Pressure
23.187421     0.088380194 

CM Mom
5.4320106e-17  1.8511575e-17 
-2.5125594e-18 2.679797e-17  
-5.3211737e-17 1.7958084e-17 
8.3072433e-17  1.6454455e-17 

CM Pos
7.5074807      0.010626785   
7.4994953      0.0060132496  
7.4981038      0.017941766   
12.993326      0.01390909    

Stress
20.1534      0.00209865   0.0297485     0.0925525    0.0603469    0.0551462   
0.00209865   20.115       -0.0030583    0.0603469    0.0856906    0.0863489   
0.0297485    -0.0030583   20.2339       0.0551462    0.0863489    0.132696    

Stress Spherical
0            0            0             0            0            0           
0            0            0             0            0            0           
0            0            0             0            0            0           

Inertia
149.962      -56.3018     -56.2973      0.301718     0.0815167    0.185501    
-56.3018     150.059      -56.2472      0.0815167    0.374671     0.134763    
-56.2973     -56.2472     150.089       0.185501     0.134763     0.1904      

Bond Length
0.61936781    0.0026582743

BB bond length
0.61936781    0.0026582743

Water EE distance
0             0           

PEG EE distance
7.4378662     0.14304102  

BBB P2(x)
0.50259743    0.013638467 

BBB first bond length
0.61900349    0.0025402683

BBB second bond length
0.61931225    0.002799593 

BBB <phi**2>/<phi>**2
1.2230157     0.012281526 

Time = 7000
Temperature
1.0107318     0.0067216952

Pressure
23.239407     0.052127771 

CM Mom
7.5398344e-17  1.5244093e-17 
-3.4491487e-17 2.3946154e-17 
-5.6444898e-17 3.1766921e-17 
1.0666532e-16  2.2316944e-17 

CM Pos
7.5104495      0.015300986   
7.497714       0.012638455   
7.4955802      0.013575691   
12.992564      0.012373603   

Stress
20.1932      0.0107982    0.0102846     0.0900858    0.0947319    0.0760415   
0.0107982    20.1707      -0.00062788   0.0947319    0.0919257    0.0794397   
0.0102846    -0.00062788  20.2758       0.0760415    0.0794397    0.0892775   

Stress Spherical
0            0            0             0            0            0           
0            0            0             0            0            0           
0            0            0             0            0            0           

Inertia
149.882      -56.3093     -56.2508      0.215326     0.129097     0.154272    
-56.3093     150.071      -56.2023      0.129097     0.335976     0.176619    
-56.2508     -56.2023     150.087       0.154272     0.176619     0.328422    

Bond Length
0.61866519    0.0019398943

BB bond length
0.61866519    0.0019398943

Water EE distance
0             0           

PEG EE distance
7.0462086     0.23088504  

BBB P2(x)
0.50618936    0.016042394 

BBB first bond length
0.61831094    0.0021212821

BBB second bond length
0.61882403    0.0016054144

BBB <phi**2>/<phi>**2
1.2240596     0.01025181  

Time = 8000
Temperature
1.0099042     0.011274073 

Pressure
23.24207      0.084696328 

CM Mom
4.4906077e-17  1.9671969e-17 
-2.5162675e-17 1.8720979e-17 
-7.002604e-17  2.3118721e-17 
9.226955e-17   1.7653015e-17 

CM Pos
7.5095588      0.012811616   
7.4956358      0.012402629   
7.4976584      0.013405825   
12.992046      0.012400824   

Stress
20.2105      -0.00155087  -0.033307     0.101606     0.0542735    0.0671948   
-0.00155087  20.211       -0.0237563    0.0542735    0.112336     0.0926575   
-0.033307    -0.0237563   20.2335       0.0671948    0.0926575    0.114456    

Stress Spherical
0            0            0             0            0            0           
0            0            0             0            0            0           
0            0            0             0            0            0           

Inertia
149.905      -56.3081     -56.2878      0.213393     0.200635     0.126029    
-56.3081     150.087      -56.2115      0.200635     0.237225     0.107101    
-56.2878     -56.2115     150.064       0.126029     0.107101     0.318828    

Bond Length
0.61901609    0.0020694578

BB bond length
0.61901609    0.0020694578

Water EE distance
0             0           

PEG EE distance
7.3161413     0.13929928  

BBB P2(x)
0.5117451     0.0099641236

BBB first bond length
0.61910129    0.002163044 

BBB second bond length
0.61892832    0.002338623 

BBB <phi**2>/<phi>**2
1.2238972     0.0053039946

Time = 9000
Temperature
1.0115566     0.010729425 

Pressure
23.255779     0.067595179 

CM Mom
3.0909768e-17  1.9762804e-17 
-1.0167248e-17 2.2007955e-17 
-9.8123994e-17 8.5375297e-18 
1.0720043e-16  1.1957435e-17 

CM Pos
7.5040665      0.014312088   
7.5043939      0.01879059    
7.5019632      0.010581069   
12.996412      0.01830811    

Stress
20.2523      -0.0665003   -0.0117627    0.130805     0.0617943    0.0588147   
-0.0665003   20.1979      0.0367508     0.0617943    0.125346     0.0914626   
-0.0117627   0.0367508    20.2311       0.0588147    0.0914626    0.0855542   

Stress Spherical
0            0            0             0            0            0           
0            0            0             0            0            0           
0            0            0             0            0            0           

Inertia
150.083      -56.2778     -56.2885      0.425092     0.197264     0.171248    
-56.2778     150.081      -56.2735      0.197264     0.277059     0.21666     
-56.2885     -56.2735     150.111       0.171248     0.21666      0.381544    

Bond Length
0.61807909    0.0022774368

BB bond length
0.61807909    0.0022774368

Water EE distance
0             0           

PEG EE distance
7.1582115     0.15962662  

BBB P2(x)
0.50668897    0.01338394  

BBB first bond length
0.61832511    0.0022071631

BBB second bond length
0.61784748    0.0020477839

BBB <phi**2>/<phi>**2
1.2246487     0.0097116388

Time = 10000
Temperature
1.0056531     0.0082969161

Pressure
23.260515     0.10439482  

CM Mom
3.9593926e-17  1.0376558e-17 
2.2095965e-17  2.1636538e-17 
-1.2607761e-16 1.61963e-17   
1.3625464e-16  1.4975998e-17 

CM Pos
7.5097073      0.014784641   
7.4937061      0.015935165   
7.5013695      0.010263945   
12.993162      0.013957912   

Stress
20.2314      0.00859333   0.0158679     0.113007     0.0960262    0.0677335   
0.00859333   20.2732      0.0223155     0.0960262    0.0830407    0.0731637   
0.0158679    0.0223155    20.2439       0.0677335    0.0731637    0.130921    

Stress Spherical
0            0            0             0            0            0           
0            0            0             0            0            0           
0            0            0             0            0            0           

Inertia
149.926      -56.287      -56.3574      0.266724     0.203016     0.123649    
-56.287      150.174      -56.1658      0.203016     0.249124     0.133978    
-56.3574     -56.1658     150.062       0.123649     0.133978     0.36035     

Bond Length
0.61756655    0.003229766 

BB bond length
0.61756655    0.003229766 

Water EE distance
0             0           

PEG EE distance
7.1601777     0.25548223  

BBB P2(x)
0.50689461    0.011774349 

BBB first bond length
0.61746027    0.0033478582

BBB second bond length
0.61723376    0.0035033338

BBB <phi**2>/<phi>**2
1.2267357     0.011227372 

Time = 11000
Temperature
1.0115779     0.0080581945

Pressure
23.291899     0.070951474 

CM Mom
3.3504454e-17  1.483408e-17  
8.50878e-18    2.1731316e-17 
-1.2683035e-16 2.7657922e-17 
1.3402366e-16  2.7853262e-17 

CM Pos
7.4938241      0.0099367054  
7.4975656      0.01292378    
7.5007757      0.014398812   
12.98587       0.013515095   

Stress
20.2725      0.00706689   0.00975248    0.143937     0.0472437    0.0580776   
0.00706689   20.2525      -0.000280137  0.0472437    0.127019     0.0416507   
0.00975248   -0.000280137 20.2644       0.0580776    0.0416507    0.134156    

Stress Spherical
0            0            0             0            0            0           
0            0            0             0            0            0           
0            0            0             0            0            0           

Inertia
149.97       -56.1918     -56.2437      0.319104     0.177778     0.15746     
-56.1918     149.902      -56.2803      0.177778     0.239242     0.170552    
-56.2437     -56.2803     149.86        0.15746      0.170552     0.238082    

Bond Length
0.61924487    0.0027332031

BB bond length
0.61924487    0.0027332031

Water EE distance
0             0           

PEG EE distance
7.6402182     0.12343661  

BBB P2(x)
0.51871733    0.01418826  

BBB first bond length
0.61934429    0.0027505307

BBB second bond length
0.61888647    0.0028509031

BBB <phi**2>/<phi>**2
1.2273198     0.010274983 

Time = 12000
Temperature
1.0150837     0.0047265157

Pressure
23.307094     0.05431964  

CM Mom
8.5061157e-17  2.2541337e-17 
-2.5217884e-17 1.5556808e-17 
-1.2855817e-16 1.1472502e-17 
1.5811819e-16  1.6701105e-17 

CM Pos
7.499168       0.0050753056  
7.5057298      0.016915153   
7.5049321      0.018552795   
12.996076      0.013027283   

Stress
20.2782      0.00976127   0.00833935    0.0676874    0.0460289    0.057494    
0.00976127   20.2519      0.0013066     0.0460289    0.0761595    0.0615073   
0.00833935   0.0013066    20.2735       0.057494     0.0615073    0.0968659   

Stress Spherical
0            0            0             0            0            0           
0            0            0             0            0            0           
0            0            0             0            0            0           

Inertia
150.164      -56.3096     -56.2644      0.286003     0.187673     0.137179    
-56.3096     150.068      -56.3103      0.187673     0.309281     0.164304    
-56.2644     -56.3103     150.076       0.137179     0.164304     0.276786    

Bond Length
0.61823801    0.0019267202

BB bond length
0.61823801    0.0019267202

Water EE distance
0             0           

PEG EE distance
7.6463459     0.21260215  

BBB P2(x)
0.51642116    0.012340935 

BBB first bond length
0.61852159    0.0019697903

BBB second bond length
0.61820663    0.0018129657

BBB <phi**2>/<phi>**2
1.2306878     0.0039095762

Time = 13000
Temperature
1.0108195     0.0078687563

Pressure
23.208883     0.060419297 

CM Mom
8.2601884e-17  2.3943071e-17 
-3.0371e-17    2.0315567e-17 
-1.1099868e-16 1.3475635e-17 
1.4449989e-16  1.8802723e-17 

CM Pos
7.505254       0.012613149   
7.5029095      0.018291446   
7.5009241      0.018635157   
12.995652      0.014790837   

Stress
20.1984      0.0048949    0.0294656     0.0868672    0.0328959    0.0748087   
0.0048949    20.1536      0.0218273     0.0328959    0.05884      0.0818392   
0.0294656    0.0218273    20.1952       0.0748087    0.0818392    0.11949     

Stress Spherical
0            0            0             0            0            0           
0            0            0             0            0            0           
0            0            0             0            0            0           

Inertia
150.059      -56.3123     -56.2941      0.430088     0.160819     0.106353    
-56.3123     150.096      -56.2853      0.160819     0.223083     0.250813    
-56.2941     -56.2853     150.121       0.106353     0.250813     0.283339    

Bond Length
0.61986446    0.0020809736

BB bond length
0.61986446    0.0020809736

Water EE distance
0             0           

PEG EE distance
7.6781528     0.071082546 

BBB P2(x)
0.51778387    0.0064157395

BBB first bond length
0.61995979    0.0021335039

BBB second bond length
0.61999806    0.0020044479

BBB <phi**2>/<phi>**2
1.2252683     0.0057956512

Time = 14000
Temperature
1.009204      0.0084448609

Pressure
23.229857     0.050959466 

CM Mom
1.2573674e-16  2.1333957e-17 
-1.8696079e-17 1.7737672e-17 
-1.0494959e-16 1.4750715e-17 
1.6670645e-16  1.9235192e-17 

CM Pos
7.5021368      0.011468477   
7.5033548      0.021112621   
7.4942443      0.01441105    
12.990257      0.010237659   

Stress
20.189       -0.0101091   -0.00429899   0.107209     0.0656539    0.0998481   
-0.0101091   20.2136      0.0141498     0.0656539    0.0862944    0.0422939   
-0.00429899  0.0141498    20.2221       0.0998481    0.0422939    0.0792388   

Stress Spherical
0            0            0             0            0            0           
0            0            0             0            0            0           
0            0            0             0            0            0           

Inertia
149.962      -56.2995     -56.2438      0.243533     0.206467     0.133914    
-56.2995     149.939      -56.2241      0.206467     0.293069     0.14923     
-56.2438     -56.2241     150.073       0.133914     0.14923      0.336355    

Bond Length
0.61947116    0.0013898377

BB bond length
0.61947116    0.0013898377

Water EE distance
0             0           

PEG EE distance
7.4282069     0.15217014  

BBB P2(x)
0.50807257    0.008305422 

BBB first bond length
0.61946809    0.0014603596

BBB second bond length
0.61953824    0.0015686472

BBB <phi**2>/<phi>**2
1.2206672     0.0081887133

Time = 15000
Temperature
1.0106268     0.009945318 

Pressure
23.303389     0.090706916 

CM Mom
1.3204732e-16  2.2831199e-17 
-8.233559e-18  1.5034848e-17 
-1.2190933e-16 8.4923745e-18 
1.8161234e-16  1.4232368e-17 

CM Pos
7.500207       0.012405294   
7.5020188      0.017713727   
7.494838       0.0080336818  
12.988701      0.013363941   

Stress
20.2786      0.0250314    -0.00887965   0.114511     0.0851825    0.0713236   
0.0250314    20.3061      -0.00960923   0.0851825    0.12984      0.0528165   
-0.00887965  -0.00960923  20.2478       0.0713236    0.0528165    0.115106    

Stress Spherical
0            0            0             0            0            0           
0            0            0             0            0            0           
0            0            0             0            0            0           

Inertia
149.96       -56.2711     -56.2202      0.318185     0.194174     0.115564    
-56.2711     149.947      -56.2312      0.194174     0.197906     0.144346    
-56.2202     -56.2312     150.074       0.115564     0.144346     0.412647    

Bond Length
0.61794162    0.001805044 

BB bond length
0.61794162    0.001805044 

Water EE distance
0             0           

PEG EE distance
7.5192242     0.17489253  

BBB P2(x)
0.51088634    0.010685853 

BBB first bond length
0.6180251     0.0017835922

BBB second bond length
0.61794991    0.0017119969

BBB <phi**2>/<phi>**2
1.2260122     0.013234255 

Time = 16000
Temperature
1.0079514     0.0080874252

Pressure
23.217011     0.11200918  

CM Mom
1.3680134e-16  1.5609308e-17 
-1.0962834e-17 1.8108375e-17 
-1.149957e-16  1.2308876e-17 
1.8074613e-16  1.061649e-17  

CM Pos
7.5030274      0.014164293   
7.4966749      0.0086860399  
7.49751        0.016029606   
12.988782      0.016882435   

Stress
20.1694      0.00595968   -0.0274275    0.116784     0.0584772    0.0617172   
0.00595968   20.2216      -0.0103328    0.0584772    0.161517     0.0755878   
-0.0274275   -0.0103328   20.2064       0.0617172    0.0755878    0.133735    

Stress Spherical
0            0            0             0            0            0           
0            0            0             0            0            0           
0            0            0             0            0            0           

Inertia
149.919      -56.2187     -56.2389      0.338918     0.135352     0.214742    
-56.2187     150.008      -56.2428      0.135352     0.388399     0.14673     
-56.2389     -56.2428     149.999       0.214742     0.14673      0.273578    

Bond Length
0.6201389     0.0029143891

BB bond length
0.6201389     0.0029143891

Water EE distance
0             0           

PEG EE distance
7.1638699     0.16079258  

BBB P2(x)
0.51089465    0.012502242 

BBB first bond length
0.62013377    0.0030934291

BBB second bond length
0.61982673    0.0027523592

BBB <phi**2>/<phi>**2
1.2230361     0.0082772174

Time = 17000
Temperature
1.0117237     0.010885772 

Pressure
23.252408     0.088493461 

CM Mom
1.463308e-16   1.610047e-17  
1.4352009e-17  1.8106433e-17 
-1.1068446e-16 1.1263306e-17 
1.8531219e-16  1.559019e-17  

CM Pos
7.5055509      0.019157565   
7.5009797      0.013294414   
7.4942443      0.0076630833  
12.990843      0.01725138    

Stress
20.2328      0.0268643    0.0242331     0.0807813    0.0678577    0.0603932   
0.0268643    20.1747      -0.0201652    0.0678577    0.0975879    0.079618    
0.0242331    -0.0201652   20.2623       0.0603932    0.079618     0.126452    

Stress Spherical
0            0            0             0            0            0           
0            0            0             0            0            0           
0            0            0             0            0            0           

Inertia
149.93       -56.2974     -56.2142      0.236506     0.267793     0.162935    
-56.2974     150.013      -56.1753      0.267793     0.319008     0.152213    
-56.2142     -56.1753     150.108       0.162935     0.152213     0.483278    

Bond Length
0.61924729    0.0018489009

BB bond length
0.61924729    0.0018489009

Water EE distance
0             0           

PEG EE distance
7.2486522     0.23228937  

BBB P2(x)
0.51590615    0.0061455342

BBB first bond length
0.61927147    0.0020344345

BBB second bond length
0.61906582    0.0018316451

BBB <phi**2>/<phi>**2
1.2203623     0.0061278674

Time = 18000
Temperature
1.0103609     0.010909452 

Pressure
23.222918     0.097167118 

CM Mom
1.3386125e-16  3.3385985e-17 
7.8778591e-18  1.0646822e-17 
-1.2562605e-16 1.5759745e-17 
1.8683719e-16  1.8193797e-17 

CM Pos
7.4910037      0.012423044   
7.4962296      0.0098788816  
7.5052289      0.013757079   
12.986048      0.0065136139  

Stress
20.2032      0.00298065   0.0272155     0.091605     0.0731042    0.0728996   
0.00298065   20.1703      -0.0172942    0.0731042    0.139003     0.0783591   
0.0272155    -0.0172942   20.22         0.0728996    0.0783591    0.104642    

Stress Spherical
0            0            0             0            0            0           
0            0            0             0            0            0           
0            0            0             0            0            0           

Inertia
150.013      -56.1271     -56.2133      0.169061     0.126337     0.14116     
-56.1271     149.942      -56.2764      0.126337     0.200312     0.123043    
-56.2133     -56.2764     149.804       0.14116      0.123043     0.263371    

Bond Length
0.62048071    0.0021426917

BB bond length
0.62048071    0.0021426917

Water EE distance
0             0           

PEG EE distance
7.7784776     0.10497043  

BBB P2(x)
0.51032219    0.013416858 

BBB first bond length
0.62027667    0.0020875334

BBB second bond length
0.62076604    0.0022220344

BBB <phi**2>/<phi>**2
1.2204979     0.0095998549

Time = 19000
Temperature
1.0071994     0.0084205376

Pressure
23.254171     0.098447708 

CM Mom
1.7564692e-16  2.1242927e-17 
-3.5913325e-18 1.7213821e-17 
-1.5493242e-16 2.2457259e-17 
2.3549269e-16  2.5766115e-17 

CM Pos
7.4985742      0.011329296   
7.5086987      0.015098027   
7.498846       0.0082967968  
12.993925      0.014562419   

Stress
20.2601      -0.00631428  -0.00229281   0.130774     0.0591591    0.0721005   
-0.00631428  20.1975      -0.0158797    0.0591591    0.148086     0.0726325   
-0.00229281  -0.0158797   20.258        0.0721005    0.0726325    0.149155    

Stress Spherical
0            0            0             0            0            0           
0            0            0             0            0            0           
0            0            0             0            0            0           

Inertia
150.112      -56.2836     -56.2323      0.280243     0.162388     0.175557    
-56.2836     149.974      -56.3017      0.162388     0.263003     0.182556    
-56.2323     -56.3017     150.099       0.175557     0.182556     0.256731    

Bond Length
0.61877364    0.00265753  

BB bond length
0.61877364    0.00265753  

Water EE distance
0             0           

PEG EE distance
7.7637326     0.14499379  

BBB P2(x)
0.52365687    0.0081121455

BBB first bond length
0.61859502    0.0026587469

BBB second bond length
0.61867382    0.0027750947

BBB <phi**2>/<phi>**2
1.2324906     0.0095978407

Time = 20000
Temperature
1.0043947     0.0057719693

Pressure
23.265164     0.11677473  

CM Mom
1.8368231e-16  2.1774148e-17 
2.2453038e-18  1.7104318e-17 
-1.7361724e-16 1.0568223e-17 
2.5399344e-16  1.5901727e-17 

CM Pos
7.500207       0.010521551   
7.5049876      0.018022029   
7.5015179      0.0075748743  
12.994267      0.01558504    

Stress
20.2504      0.0251899    -0.000662713  0.12501      0.0569364    0.0580281   
0.0251899    20.2902      -0.0289575    0.0569364    0.102284     0.0709366   
-0.000662713 -0.0289575   20.2332       0.0580281    0.0709366    0.153858    

Stress Spherical
0            0            0             0            0            0           
0            0            0             0            0            0           
0            0            0             0            0            0           

Inertia
150.096      -56.3021     -56.2762      0.269275     0.153868     0.11118     
-56.3021     150.019      -56.307       0.153868     0.223346     0.131258    
-56.2762     -56.307      150.081       0.11118      0.131258     0.392441    

Bond Length
0.6182053     0.0021471043

BB bond length
0.6182053     0.0021471043

Water EE distance
0             0           

PEG EE distance
7.6248923     0.28895395  

BBB P2(x)
0.51356273    0.0079569982

BBB first bond length
0.61808174    0.0022279453

BBB second bond length
0.61830815    0.0020900219

BBB <phi**2>/<phi>**2
1.2258863     0.008260862 

Time = 21000
Temperature
1.009537      0.008731008 

Pressure
23.249598     0.070889924 

CM Mom
1.7704981e-16  1.1208545e-17 
-1.1918555e-17 1.3352605e-17 
-2.15564e-16   1.6820353e-17 
2.7981713e-16  1.5676291e-17 

CM Pos
7.4973867      0.016990539   
7.5042454      0.017566955   
7.4954318      0.015469983   
12.988696      0.024822771   

Stress
20.2359      0.0103214    0.0139967     0.101298     0.0575924    0.110888    
0.0103214    20.2339      0.00425366    0.0575924    0.128305     0.0717631   
0.0139967    0.00425366   20.2111       0.110888     0.0717631    0.123355    

Stress Spherical
0            0            0             0            0            0           
0            0            0             0            0            0           
0            0            0             0            0            0           

Inertia
150.026      -56.2546     -56.1528      0.330611     0.236471     0.250226    
-56.2546     149.916      -56.2681      0.236471     0.380197     0.22996     
-56.1528     -56.2681     150.029       0.250226     0.22996      0.44149     

Bond Length
0.61916931    0.0033171744

BB bond length
0.61916931    0.0033171744

Water EE distance
0             0           

PEG EE distance
7.4914414     0.26087633  

BBB P2(x)
0.51194728    0.010593279 

BBB first bond length
0.61953443    0.003323945 

BBB second bond length
0.61913066    0.0033153146

BBB <phi**2>/<phi>**2
1.2278275     0.007974259 

Time = 22000
Temperature
1.0066775     0.0049964123

Pressure
23.250466     0.087640952 

CM Mom
1.8361254e-16  2.1247265e-17 
-1.606596e-17  1.0289458e-17 
-2.368148e-16  2.3784167e-17 
3.0049738e-16  2.9618563e-17 

CM Pos
7.492785       0.011032699   
7.5020188      0.012855399   
7.5013695      0.010684685   
12.988184      0.011046345   

Stress
20.1744      0.0114627    0.00559981    0.0999737    0.0741231    0.0555752   
0.0114627    20.2652      0.021921      0.0741231    0.15752      0.0505534   
0.00559981   0.021921     20.2695       0.0555752    0.0505534    0.0812109   

Stress Spherical
0            0            0             0            0            0           
0            0            0             0            0            0           
0            0            0             0            0            0           

Inertia
150.058      -56.2066     -56.2004      0.379547     0.143187     0.107431    
-56.2066     149.911      -56.3001      0.143187     0.180262     0.163751    
-56.2004     -56.3001     149.919       0.107431     0.163751     0.180616    

Bond Length
0.6169322     0.0028390032

BB bond length
0.6169322     0.0028390032

Water EE distance
0             0           

PEG EE distance
7.1336932     0.19147753  

BBB P2(x)
0.5141726     0.012305427 

BBB first bond length
0.61704147    0.0027411971

BBB second bond length
0.61718173    0.0026487389

BBB <phi**2>/<phi>**2
1.2278465     0.01010716  

Time = 23000
Temperature
1.0062872     0.0073750027

Pressure
23.215944     0.054210608 

CM Mom
1.833115e-16   1.9268777e-17 
-1.7415285e-17 2.3461956e-17 
-2.4303502e-16 1.6494822e-17 
3.0625508e-16  1.9340861e-17 

CM Pos
7.4939725      0.016059133   
7.4941514      0.006264507   
7.5006273      0.021854683   
12.983906      0.017131189   

Stress
20.18        0.00724536   -0.0206795    0.109431     0.0807511    0.0628835   
0.00724536   20.188       0.0275191     0.0807511    0.0788738    0.0787342   
-0.0206795   0.0275191    20.2411       0.0628835    0.0787342    0.09499     

Stress Spherical
0            0            0             0            0            0           
0            0            0             0            0            0           
0            0            0             0            0            0           

Inertia
149.923      -56.1312     -56.2084      0.389132     0.108928     0.270061    
-56.1312     149.922      -56.2128      0.108928     0.453789     0.205006    
-56.2084     -56.2128     149.821       0.270061     0.205006     0.230144    

Bond Length
0.61923871    0.0022490213

BB bond length
0.61923871    0.0022490213

Water EE distance
0             0           

PEG EE distance
7.4747095     0.09777028  

BBB P2(x)
0.50708753    0.016534228 

BBB first bond length
0.61942117    0.0022535316

BBB second bond length
0.61908416    0.0024092963

BBB <phi**2>/<phi>**2
1.2248373     0.0088254949

Time = 24000
Temperature
1.0119663     0.011087373 

Pressure
23.268578     0.087559216 

CM Mom
1.8133881e-16  1.8766155e-17 
-5.8270228e-18 1.8811464e-17 
-2.4883608e-16 2.4973598e-17 
3.0939429e-16  2.1023986e-17 

CM Pos
7.4979804      0.0053294378  
7.5015735      0.0090549233  
7.4989944      0.017387928   
12.989553      0.012338697   

Stress
20.2318      0.0117515    0.027467      0.0957797    0.0705173    0.062632    
0.0117515    20.175       0.00916828    0.0705173    0.125138     0.0509053   
0.027467     0.00916828   20.3093       0.062632     0.0509053    0.16155     

Stress Spherical
0            0            0             0            0            0           
0            0            0             0            0            0           
0            0            0             0            0            0           

Inertia
150.018      -56.2496     -56.2466      0.29492      0.106491     0.156073    
-56.2496     149.952      -56.2385      0.106491     0.271025     0.123697    
-56.2466     -56.2385     149.98        0.156073     0.123697     0.148416    

Bond Length
0.61858796    0.0022624634

BB bond length
0.61858796    0.0022624634

Water EE distance
0             0           

PEG EE distance
7.5653393     0.19345165  

BBB P2(x)
0.51283224    0.013324286 

BBB first bond length
0.61835075    0.0021092427

BBB second bond length
0.61848025    0.0022091027

BBB <phi**2>/<phi>**2
1.2317891     0.0068976638

Time = 25000
Temperature
1.0117277     0.0056194961

Pressure
23.212707     0.069794362 

CM Mom
1.6465154e-16  2.0973729e-17 
4.2555436e-17  2.3782687e-17 
-2.0282857e-16 2.3238543e-17 
2.6681346e-16  2.0411902e-17 

CM Pos
7.4930819      0.013682397   
7.5049876      0.0070255277  
7.5080493      0.0086249415  
12.993929      0.006910246   

Stress
20.1284      -0.0117566   -0.0155429    0.136557     0.0493354    0.083641    
-0.0117566   20.1963      -0.0271423    0.0493354    0.0835405    0.0654283   
-0.0155429   -0.0271423   20.2259       0.083641     0.0654283    0.128733    

Stress Spherical
0            0            0             0            0            0           
0            0            0             0            0            0           
0            0            0             0            0            0           

Inertia
150.178      -56.2636     -56.2882      0.143557     0.165998     0.108975    
-56.2636     150.015      -56.3711      0.165998     0.131817     0.104018    
-56.2882     -56.3711     149.952       0.108975     0.104018     0.239059    

Bond Length
0.61984809    0.00126534  

BB bond length
0.61984809    0.00126534  

Water EE distance
0             0           

PEG EE distance
7.6235365     0.16980493  

BBB P2(x)
0.50394533    0.01068621  

BBB first bond length
0.61980063    0.0010449296

BBB second bond length
0.61990101    0.0013400355

BBB <phi**2>/<phi>**2
1.2225207     0.0089131972

Time = 26000
Temperature
1.0109433     0.0083960698

Pressure
23.225953     0.092379511 

CM Mom
1.736697e-16   1.8414387e-17 
5.6827927e-17  2.2761441e-17 
-1.9938529e-16 1.2800883e-17 
2.7185105e-16  1.6220737e-17 

CM Pos
7.4948632      0.0090293358  
7.500386       0.016103665   
7.507604       0.013396782   
12.992046      0.012326901   

Stress
20.2322      -0.0263429   0.00416794    0.116884     0.0880242    0.0420725   
-0.0263429   20.1409      -0.00709515   0.0880242    0.0863225    0.0719441   
0.00416794   -0.00709515  20.2243       0.0420725    0.0719441    0.125898    

Stress Spherical
0            0            0             0            0            0           
0            0            0             0            0            0           
0            0            0             0            0            0           

Inertia
150.098      -56.1871     -56.276       0.275737     0.163612     0.133756    
-56.1871     150.006      -56.3193      0.163612     0.204519     0.166546    
-56.276      -56.3193     149.92        0.133756     0.166546     0.367525    

Bond Length
0.61877434    0.0020644013

BB bond length
0.61877434    0.0020644013

Water EE distance
0             0           

PEG EE distance
7.3961576     0.17260944  

BBB P2(x)
0.51751733    0.010168836 

BBB first bond length
0.61885285    0.0020727644

BBB second bond length
0.61867356    0.0022156045

BBB <phi**2>/<phi>**2
1.2266168     0.0085335829

Time = 27000
Temperature
1.0152464     0.0068458726

Pressure
23.279893     0.092989696 

CM Mom
1.7096487e-16  1.6652504e-17 
5.0398412e-17  2.2614518e-17 
-2.3345062e-16 1.8572575e-17 
2.9529989e-16  1.4135742e-17 

CM Pos
7.5040665      0.01329027    
7.4991984      0.01253341    
7.4973615      0.017591398   
12.99076       0.014965827   

Stress
20.2768      -0.0116317   -0.013794     0.104492     0.0425461    0.043191    
-0.0116317   20.1749      0.00762489    0.0425461    0.181357     0.107961    
-0.013794    0.00762489   20.2688       0.043191     0.107961     0.0685772   

Stress Spherical
0            0            0             0            0            0           
0            0            0             0            0            0           
0            0            0             0            0            0           

Inertia
149.936      -56.3047     -56.2672      0.351086     0.128318     0.15385     
-56.3047     150.014      -56.1748      0.128318     0.325206     0.170775    
-56.2672     -56.1748     150.051       0.15385      0.170775     0.281677    

Bond Length
0.6197037     0.0022372465

BB bond length
0.6197037     0.0022372465

Water EE distance
0             0           

PEG EE distance
7.1312008     0.12855697  

BBB P2(x)
0.51791393    0.0082188605

BBB first bond length
0.61986311    0.0022672236

BBB second bond length
0.61953671    0.0022811227

BBB <phi**2>/<phi>**2
1.2208787     0.0095189909

Time = 28000
Temperature
1.0136123     0.0081448148

Pressure
23.259881     0.073721367 

CM Mom
1.615597e-16   1.7878247e-17 
5.5801754e-17  1.95266e-17   
-2.3428343e-16 1.4644199e-17 
2.9138838e-16  1.0596124e-17 

CM Pos
7.5058478      0.011897555   
7.4954874      0.015810225   
7.4997366      0.014841167   
12.991018      0.013947961   

Stress
20.2338      0.0127037    -0.0703306    0.0478414    0.0693313    0.0614298   
0.0127037    20.2189      0.00781955    0.0693313    0.144088     0.054054    
-0.0703306   0.00781955   20.2224       0.0614298    0.054054     0.093746    

Stress Spherical
0            0            0             0            0            0           
