Time = 500
Temperature
   1.0376167   0.044010829

Pressure
   21.287756    0.17359183

CM Mom
-3.9905636e-17 1.5743337e-17 
2.4818138e-17  1.8217481e-17 
-3.4366868e-17 2.4920235e-17 
6.6249433e-17  1.4185959e-17 

CM Pos
7.5087614      0.024669792   
7.4968953      0.054727959   
7.484914       0.036794946   
12.985113      0.026101323   

Stress
18.1962      0.0226586    0.0249969     0.122989     0.0536683    0.0626075   
0.0226586    18.1382      -0.0337659    0.0536683    0.0974472    0.0227117   
0.0249969    -0.0337659   18.1985       0.0626075    0.0227117    0.0307898   

Stress Spherical
0            0            0             0            0            0           
0            0            0             0            0            0           
0            0            0             0            0            0           

Inertia
148.878      -56.2253     -56.2682      0.3166       0.625631     0.146663    
-56.2253     149.069      -56.015       0.625631     0.330388     0.169815    
-56.2682     -56.015      149.23        0.146663     0.169815     1.10023     

Bond Length
0.61298342    0.0034821915

BB bond length
0.61298342    0.0034821915

Water EE distance
0             0           

PEG EE distance
3.6916808     0.11137972  

Time = 1000
Temperature
1.0177196     0.0035625309

Pressure
21.222898     0.05018145  

CM Mom
-2.8001414e-17 1.1204438e-17 
4.2521783e-17  1.0305556e-17 
-3.061125e-17  1.4017993e-17 
6.0079529e-17  1.8652831e-17 

CM Pos
7.5330793      0.010383832   
7.4948194      0.018039035   
7.4769069      0.0079906249  
12.993235      0.0094660544  

Stress
18.1457      -0.0638399   -0.0379519    0.0904458    0.0525827    0.0197904   
-0.0638399   18.2112      0.0257737     0.0525827    0.0875199    0.0520388   
-0.0379519   0.0257737    18.1604       0.0197904    0.0520388    0.0698809   

Stress Spherical
0            0            0             0            0            0           
0            0            0             0            0            0           
0            0            0             0            0            0           

Inertia
148.852      -56.3996     -56.3225      0.117375     0.146045     0.0735228   
-56.3996     149.557      -55.9767      0.146045     0.170065     0.109565    
-56.3225     -55.9767     149.776       0.0735228    0.109565     0.23101     

Bond Length
0.61119007    0.00073412093

BB bond length
0.61119007    0.00073412093

Water EE distance
0             0           

PEG EE distance
4.0212282     0.23731278  

