Time = 500
Temperature
   1.0335171   0.047918691

Pressure
   23.335935    0.20732849

CM Mom
-3.2494065e-17 1.5785988e-17 
2.803121e-17   9.4897071e-18 
-5.9633582e-17 3.4014832e-17 
7.6815843e-17  3.1517677e-17 

CM Pos
7.5225345      0.040108773   
7.5120705      0.013290324   
7.5087179      0.017138907   
13.015446      0.028700116   

Stress
20.2207      0.00534051   -0.0289607    0.0683027    0.0656452    0.0861969   
0.00534051   20.2091      -0.0120049    0.0656452    0.15745      0.0388245   
-0.0289607   -0.0120049   20.2901       0.0861969    0.0388245    0.0645038   

Stress Spherical
0            0            0             0            0            0           
0            0            0             0            0            0           
0            0            0             0            0            0           

Inertia
150.117      -56.5195     -56.5023      0.252423     0.374519     0.305881    
-56.5195     150.271      -56.3954      0.374519     0.572433     0.128166    
-56.5023     -56.3954     150.294       0.305881     0.128166     0.738564    

Bond Length
0.61460709    0.0056315436

BB bond length
0.61460709    0.0056315436

Water EE distance
0             0           

PEG EE distance
3.7891976     0.17659339  

Time = 1000
Temperature
1.0061141     0.0040943679

Pressure
23.266585     0.029966289 

CM Mom
-3.3005799e-17 2.3529217e-17 
4.6601364e-17  1.3127498e-17 
-3.9740439e-17 2.7289771e-17 
7.3876808e-17  2.9210897e-17 

CM Pos
7.5133357      0.017030676   
7.505839       0.013899155   
7.5048604      0.011921252   
13.004276      0.013751158   

Stress
20.2572      0.0267065    2.69448e-05   0.111676     0.0361174    0.065256    
0.0267065    20.2733      -0.0316697    0.0361174    0.0585159    0.0525991   
2.69448e-05  -0.0316697   20.2276       0.065256     0.0525991    0.0634691   

Stress Spherical
0            0            0             0            0            0           
0            0            0             0            0            0           
0            0            0             0            0            0           

Inertia
150.026      -56.4163     -56.3771      0.2767       0.15417      0.110633    
-56.4163     150.126      -56.4026      0.15417      0.281298     0.16555     
-56.3771     -56.4026     150.098       0.110633     0.16555      0.383996    

Bond Length
0.61459414    0.0074382076

BB bond length
0.61459414    0.0074382076

Water EE distance
0             0           

PEG EE distance
3.5922142     0.29197329  

