Time = 500
Temperature
   1.0365914   0.045972602

Pressure
   23.292263    0.16546249

CM Mom
-6.1801042e-17 1.8509927e-17 
-6.4186484e-18 1.2051428e-17 
-5.6620276e-18 1.779245e-17  
6.6610853e-17  1.6125951e-17 

CM Pos
7.5095716      0.026597206   
7.5025016      0.015072315   
7.5059469      0.013578708   
13.000814      0.019885777   

Stress
20.1412      0.0054399    -0.0196811    0.0874126    0.0379788    0.0520571   
0.0054399    20.2526      0.000601549   0.0379788    0.0769765    0.0279525   
-0.0196811   0.000601549  20.1674       0.0520571    0.0279525    0.072446    

Stress Spherical
0            0            0             0            0            0           
0            0            0             0            0            0           
0            0            0             0            0            0           

Inertia
149.943      -56.3344     -56.3594      0.307207     0.202906     0.310371    
-56.3344     149.987      -56.25        0.202906     0.568293     0.145389    
-56.3594     -56.25       149.962       0.310371     0.145389     0.470573    

Bond Length
0.60709737    0.0032244441

BB bond length
0.60709737    0.0032244441

Water EE distance
0             0           

PEG EE distance
4.0258918     0.3093165   

Time = 1000
Temperature
1.0103223     0.0043862911

Pressure
23.313186     0.064640576 

CM Mom
-5.8167011e-17 1.5319232e-17 
-8.3393013e-18 2.6592619e-17 
5.4863247e-18  6.7530897e-18 
6.5658408e-17  1.2628097e-17 

CM Pos
7.5033402      0.013369591   
7.5039853      0.012413354   
7.503573       0.010549786   
12.996684      0.013282339   

Stress
20.2763      0.0490635    0.0232148     0.0364329    0.02679      0.0559155   
0.0490635    20.2847      -0.0140654    0.02679      0.13007      0.0594703   
0.0232148    -0.0140654   20.2991       0.0559155    0.0594703    0.0844178   

Stress Spherical
0            0            0             0            0            0           
0            0            0             0            0            0           
0            0            0             0            0            0           

Inertia
150.012      -56.2929     -56.3636      0.252027     0.176874     0.136023    
-56.2929     149.925      -56.2784      0.176874     0.307604     0.177487    
-56.3636     -56.2784     149.981       0.136023     0.177487     0.291584    

Bond Length
0.61558867    0.0069908982

BB bond length
0.61558867    0.0069908982

Water EE distance
0             0           

PEG EE distance
3.6646915     0.24499334  

