Time = 500
Temperature
   1.0325163   0.046491812

Pressure
   23.194458    0.18571247

CM Mom
1.2831257e-17  7.326352e-18  
3.0461401e-17  5.6664323e-18 
2.551701e-17   2.7805331e-17 
4.7650778e-17  1.8220306e-17 

CM Pos
7.5128726      0.0058900395  
7.5291886      0.032713704   
7.480744       0.01818582    
13.003633      0.021019017   

Stress
20.1095      0.0178658    -0.00820935   0.111746     0.0186729    0.059452    
0.0178658    20.0927      -0.0235193    0.0186729    0.0917937    0.0434972   
-0.00820935  -0.0235193   20.1022       0.059452     0.0434972    0.0486579   

Stress Spherical
0            0            0             0            0            0           
0            0            0             0            0            0           
0            0            0             0            0            0           

Inertia
149.96       -56.5649     -56.2026      0.550712     0.308806     0.184758    
-56.5649     149.739      -56.3275      0.308806     0.244802     0.297256    
-56.2026     -56.3275     150.424       0.184758     0.297256     0.434894    

Bond Length
0.61791837    0.006518469 

BB bond length
0.61791837    0.006518469 

Water EE distance
0             0           

PEG EE distance
3.1713194     0.26515606  

Time = 1000
Temperature
1.0094237     0.0060410152

Pressure
23.175166     0.10855902  

CM Mom
2.5443984e-18  1.2067032e-17 
1.0521312e-17  1.5970869e-17 
3.9336596e-17  1.1345527e-17 
4.3892533e-17  1.6352011e-17 

CM Pos
7.5042673      0.013949744   
7.5140551      0.0038231747  
7.480744       0.014765407   
12.989873      0.014499595   

Stress
20.1106      0.0565128    0.000975835   0.0976096    0.0468211    0.0583129   
0.0565128    20.1609      -0.0170498    0.0468211    0.191958     0.0306677   
0.000975835  -0.0170498   20.1827       0.0583129    0.0306677    0.162258    

Stress Spherical
0            0            0             0            0            0           
0            0            0             0            0            0           
0            0            0             0            0            0           

Inertia
149.758      -56.4344     -56.1015      0.26298      0.178414     0.242603    
-56.4344     149.6        -56.2075      0.178414     0.352102     0.101774    
-56.1015     -56.2075     150.11        0.242603     0.101774     0.175146    

Bond Length
0.61025229    0.003560606 

BB bond length
0.61025229    0.003560606 

Water EE distance
0             0           

PEG EE distance
3.7443543     0.13017469  

