Time = 1000
Temperature
   1.9547021     1.8596727

Pressure
   28.956948      2.009412

CM Mom
-6.2638349e-17 7.6834245e-17 
-2.6542795e-17 6.2412285e-17 
2.7239664e-16  1.0415035e-15 
7.9598277e-16  7.3468887e-16 

CM Pos
9.9952991      0.02012158    
9.998021       0.048303433   
10.005046      0.035034009   
17.319642      0.036228901   

Stress
23.0334      -0.0399436   -0.0295952    3.78486      0.139768     0.0523538   
-0.0399436   23.1779      -0.034902     0.139768     3.6416       0.0787458   
-0.0295952   -0.034902    23.0754       0.0523538    0.0787458    3.67767     

Stress Spherical
0            0            0             0            0            0           
0            0            0             0            0            0           
0            0            0             0            0            0           

Inertia
267.479      -99.9905     -99.9739      1.59998      0.402054     0.278679    
-99.9905     267.414      -100.077      0.402054     3.00902      0.710575    
-99.9739     -100.077     267.211       0.278679     0.710575     2.20221     

Bond Length
0.62481742    0.055291585 

BB bond length
0.62481742    0.055291585 

Water EE distance
0             0           

PEG EE distance
9.3662912     0.14296268  

BBB P2(x)
0.14523795    0.046719942 

BBB first bond length
0.62535683    0.056257218 

BBB second bond length
0.62528357    0.055917855 

BBB <phi**2>/<phi>**2
1.1397962     0.017229354 

Time = 2000
Temperature
1.019647      0.0064895066

Pressure
27.554689     0.048433402 

CM Mom
-7.6636697e-17 2.8435752e-17 
3.701052e-18   3.1198949e-17 
-3.5408404e-17 1.0437456e-16 
1.302789e-16   5.3329716e-17 

CM Pos
9.9951323      0.0073862672  
10.000272      0.012026616   
10.001961      0.018436991   
17.318993      0.018519396   

Stress
24.5017      -0.0332768   0.0137232     0.067427     0.0683918    0.0473858   
-0.0332768   24.5028      -0.00253658   0.0683918    0.0655969    0.0507735   
0.0137232    -0.00253658  24.487        0.0473858    0.0507735    0.101422    

Stress Spherical
0            0            0             0            0            0           
0            0            0             0            0            0           
0            0            0             0            0            0           

Inertia
266.965      -99.9638     -99.963       0.319729     0.207883     0.220806    
-99.9638     266.855      -100.03       0.207883     0.440279     0.296138    
-99.963      -100.03      266.793       0.220806     0.296138     0.42697     

Bond Length
0.59873792    0.00049891717

BB bond length
0.59873792    0.00049891717

Water EE distance
0             0           

PEG EE distance
8.855462      0.15714706  

BBB P2(x)
0.097732877   0.0059251446

BBB first bond length
0.5988666     0.00051336793

BBB second bond length
0.59889966    0.00050902653

BBB <phi**2>/<phi>**2
1.1250601     0.0020138588

Time = 3000
Temperature
1.0110082     0.0038099066

Pressure
27.538727     0.068552112 

CM Mom
-1.0329519e-16 1.3376922e-17 
6.1112249e-18  2.0092627e-17 
-6.8158572e-17 2.6842944e-17 
1.272226e-16   2.1689746e-17 

CM Pos
10.000301      0.0086195857  
9.9966037      0.010327645   
10.005212      0.016878363   
17.321737      0.017013812   

Stress
24.5363      -0.00662742  -0.0200453    0.101828     0.0550962    0.0661576   
-0.00662742  24.5077      6.757e-06     0.0550962    0.103841     0.0475301   
-0.0200453   6.757e-06    24.4773       0.0661576    0.0475301    0.0851766   

Stress Spherical
0            0            0             0            0            0           
0            0            0             0            0            0           
0            0            0             0            0            0           

Inertia
266.876      -99.9891     -100.044      0.392573     0.167572     0.244216    
-99.9891     266.938      -100.034      0.167572     0.389719     0.250105    
-100.044     -100.034     266.745       0.244216     0.250105     0.166916    

Bond Length
0.59811955    0.00030508961

BB bond length
0.59811955    0.00030508961

Water EE distance
0             0           

PEG EE distance
8.3516545     0.11403615  

BBB P2(x)
0.084497408   0.0043898635

BBB first bond length
0.59826286    0.0003307023

BBB second bond length
0.59826006    0.00036111993

BBB <phi**2>/<phi>**2
1.1212466     0.0016292631

Time = 4000
Temperature
1.013213      0.0027324929

Pressure
27.543464     0.054795383 

CM Mom
-1.1262511e-16 2.436651e-17  
1.8160701e-17  2.0504766e-17 
-5.2611562e-17 1.8728907e-17 
1.2947067e-16  1.9608518e-17 

CM Pos
9.9982171      0.010935347   
10.004607      0.010056212   
10.000794      0.010044801   
17.322605      0.0071954173  

Stress
24.4831      0.00652822   0.0293609     0.0985257    0.0722231    0.0727771   
0.00652822   24.4989      -0.00887784   0.0722231    0.0907559    0.0530669   
0.0293609    -0.00887784  24.5337       0.0727771    0.0530669    0.0777867   

Stress Spherical
0            0            0             0            0            0           
0            0            0             0            0            0           
0            0            0             0            0            0           

Inertia
266.882      -100.078     -99.9829      0.24777      0.0944385    0.15079     
-100.078     266.766      -100.074      0.0944385    0.341585     0.159793    
-99.9829     -100.074     266.817       0.15079      0.159793     0.199556    

Bond Length
0.59846721    0.00046502673

BB bond length
0.59846721    0.00046502673

Water EE distance
0             0           

PEG EE distance
7.9409453     0.14338026  

BBB P2(x)
0.07774194    0.0038093972

BBB first bond length
0.59859012    0.00048767994

BBB second bond length
0.59859601    0.00045218802

BBB <phi**2>/<phi>**2
1.1201291     0.0018802891

Time = 5000
Temperature
1.0104293     0.0069054397

Pressure
27.561172     0.068619078 

CM Mom
-9.9539386e-17 2.4957482e-17 
-1.0349362e-17 2.697651e-17  
-3.1800607e-17 1.2907133e-17 
1.1014789e-16  2.0276148e-17 

CM Pos
10.003053      0.0075973393  
10.00269       0.0060212498  
9.9997931      0.012365999   
17.323707      0.012734962   

Stress
24.544       0.0363802    0.00785051    0.107263     0.0546503    0.0383297   
0.0363802    24.5224      -0.0494139    0.0546503    0.0827512    0.0651068   
0.00785051   -0.0494139   24.5274       0.0383297    0.0651068    0.0992986   

Stress Spherical
0            0            0             0            0            0           
0            0            0             0            0            0           
0            0            0             0            0            0           

Inertia
266.781      -100.049     -100.027      0.320366     0.108431     0.219879    
-100.049     266.791      -100.011      0.108431     0.305477     0.211189    
-100.027     -100.011     266.834       0.219879     0.211189     0.307173    

Bond Length
0.59828544    0.00039336449

BB bond length
0.59828544    0.00039336449

Water EE distance
0             0           

PEG EE distance
7.4925323     0.10323931  

BBB P2(x)
0.070629637   0.0036180384

BBB first bond length
0.59841494    0.00044410775

BBB second bond length
0.59844246    0.00046935855

BBB <phi**2>/<phi>**2
1.1174218     0.001626385 

Time = 6000
Temperature
1.0129849     0.0053880177

Pressure
27.569471     0.048528193 

CM Mom
-1.0298199e-16 9.9458071e-18 
-3.041536e-17  1.8070979e-17 
-1.9761775e-17 2.177117e-17  
1.1276227e-16  1.0249189e-17 

CM Pos
9.9987173      0.010086234   
10.00219       0.011295537   
9.9985425      0.0055459313  
17.320195      0.010243447   

Stress
24.5331      0.0153147    0.00668883    0.105542     0.0573467    0.0379902   
0.0153147    24.5451      -0.0137627    0.0573467    0.0643895    0.0619412   
0.00668883   -0.0137627   24.5175       0.0379902    0.0619412    0.0938627   

Stress Spherical
0            0            0             0            0            0           
0            0            0             0            0            0           
0            0            0             0            0            0           

Inertia
266.706      -100.024     -99.9591      0.292284     0.159546     0.13371     
-100.024     266.672      -100.004      0.159546     0.19579      0.163282    
-99.9591     -100.004     266.72        0.13371      0.163282     0.303685    

Bond Length
0.59845823    0.00059174025

BB bond length
0.59845823    0.00059174025

Water EE distance
0             0           

PEG EE distance
7.2344434     0.056901817 

BBB P2(x)
0.064314956   0.0042208906

BBB first bond length
0.59858208    0.0005599087

BBB second bond length
0.59857182    0.00058785795

BBB <phi**2>/<phi>**2
1.1156383     0.0013847114

Time = 7000
Temperature
1.0129492     0.003415197 

Pressure
27.522199     0.051493654 

CM Mom
-1.1325996e-16 1.885621e-17  
-2.991109e-17  1.5296237e-17 
-1.7057374e-17 1.359107e-17  
1.200702e-16   1.925726e-17  

CM Pos
10.003636      0.014600498   
10.002273      0.0085026715  
9.9970418      0.013376132   
17.322219      0.014990482   

Stress
24.4602      -0.00379858  -0.020818     0.0776764    0.0547775    0.0763263   
-0.00379858  24.4662      0.0022667     0.0547775    0.0977022    0.0636398   
-0.020818    0.0022667    24.5279       0.0763263    0.0636398    0.0595504   

Stress Spherical
0            0            0             0            0            0           
0            0            0             0            0            0           
0            0            0             0            0            0           

Inertia
266.68       -100.046     -100.008      0.334672     0.225705     0.220879    
-100.046     266.719      -100.003      0.225705     0.440281     0.201866    
-100.008     -100.003     266.817       0.220879     0.201866     0.426749    

Bond Length
0.59840715    0.00049182998

BB bond length
0.59840715    0.00049182998

Water EE distance
0             0           

PEG EE distance
7.0016564     0.119792    

BBB P2(x)
0.064612898   0.0027287312

BBB first bond length
0.59851787    0.00046959511

BBB second bond length
0.59852046    0.00051693056

BBB <phi**2>/<phi>**2
1.1163446     0.0013847338

Time = 8000
Temperature
1.0124976     0.0081541359

Pressure
27.59727      0.070590161 

CM Mom
-1.4044307e-16 1.762199e-17  
-3.1387785e-17 9.3083384e-18 
-2.501658e-17  1.9534729e-17 
1.4792315e-16  1.5257932e-17 

CM Pos
10.008639      0.0096972971  
10.000355      0.0088625168  
9.9908724      0.0088157279  
17.320441      0.0065375352  

Stress
24.5701      0.00708317   -0.00575949   0.0721611    0.073585     0.0543659   
0.00708317   24.5904      -0.00543287   0.073585     0.0838771    0.0415499   
-0.00575949  -0.00543287  24.5231       0.0543659    0.0415499    0.12087     

Stress Spherical
0            0            0             0            0            0           
0            0            0             0            0            0           
0            0            0             0            0            0           

Inertia
266.5        -100.104     -99.9975      0.301129     0.132755     0.12445     
-100.104     266.714      -99.9312      0.132755     0.276225     0.171107    
-99.9975     -99.9312     266.87        0.12445      0.171107     0.225593    

Bond Length
0.59847216    0.00043002511

BB bond length
0.59847216    0.00043002511

Water EE distance
0             0           

PEG EE distance
6.821348      0.075405348 

BBB P2(x)
0.06140715    0.0032958372

BBB first bond length
0.59861697    0.00042111658

BBB second bond length
0.59863244    0.00042894276

BBB <phi**2>/<phi>**2
1.115659      0.0015614257

Time = 9000
Temperature
1.0093167     0.0057219922

Pressure
27.579955     0.063208239 

CM Mom
-1.4849054e-16 1.7112503e-17 
-2.0374414e-17 1.6467256e-17 
-8.3487716e-18 2.4163264e-17 
1.5263155e-16  1.9640266e-17 

CM Pos
9.9950489      0.0061694943  
9.9898506      0.0079286296  
10.003378      0.0096585135  
17.313746      0.0095759342  

Stress
24.5406      -0.00662469  0.00134195    0.0959038    0.0653472    0.0666673   
-0.00662469  24.5845      0.00856504    0.0653472    0.0786329    0.0697269   
0.00134195   0.00856504   24.535        0.0666673    0.0697269    0.0722246   

Stress Spherical
0            0            0             0            0            0           
0            0            0             0            0            0           
0            0            0             0            0            0           

Inertia
266.503      -99.8662     -100.005      0.322083     0.126635     0.117611    
-99.8662     266.625      -99.9328      0.126635     0.221558     0.147458    
-100.005     -99.9328     266.353       0.117611     0.147458     0.185886    

Bond Length
0.59832095    0.00065890915

BB bond length
0.59832095    0.00065890915

Water EE distance
0             0           

PEG EE distance
6.6393241     0.028119514 

BBB P2(x)
0.060927274   0.0023967862

BBB first bond length
0.59846078    0.00067453147

BBB second bond length
0.59842017    0.00060667245

BBB <phi**2>/<phi>**2
1.1156061     0.00077430538

Time = 10000
Temperature
1.0124039     0.0055693079

Pressure
27.564202     0.055907264 

CM Mom
-1.1873501e-16 3.5150437e-17 
-3.0311069e-17 1.4291782e-17 
1.9317945e-17  1.1613312e-17 
1.2556326e-16  3.4619243e-17 

CM Pos
9.9944653      0.017426249   
9.9953531      0.0090257159  
10.006379      0.0081299013  
17.318324      0.012937969   

Stress
24.4888      -0.0372107   0.011403      0.104094     0.0507843    0.0477132   
-0.0372107   24.5194      -0.003219     0.0507843    0.0887061    0.0743054   
0.011403     -0.003219    24.5769       0.0477132    0.0743054    0.159642    

Stress Spherical
0            0            0             0            0            0           
0            0            0             0            0            0           
0            0            0             0            0            0           

Inertia
266.707      -99.9502     -100.037      0.195656     0.200105     0.202282    
-99.9502     266.652      -100.05       0.200105     0.399067     0.154881    
-100.037     -100.05      266.466       0.202282     0.154881     0.435309    

Bond Length
0.59844215    0.00063647804

BB bond length
0.59844215    0.00063647804

Water EE distance
0             0           

PEG EE distance
6.4323282     0.085842109 

BBB P2(x)
0.060057518   0.0020688913

BBB first bond length
0.5985845     0.00064129094

BBB second bond length
0.5985758     0.00059912259

BBB <phi**2>/<phi>**2
1.1144005     0.0010432281

Time = 11000
Temperature
1.0100814     0.00362954  

Pressure
27.543215     0.040908343 

CM Mom
-1.2648971e-16 1.6947802e-17 
-2.3108434e-17 1.3531379e-17 
3.7754247e-17  1.7386658e-17 
1.3601686e-16  1.5200863e-17 

CM Pos
9.9888794      0.016741704   
9.9975208      0.0083886856  
10.001044      0.0096455509  
17.31327       0.01157459    

Stress
24.513       -0.00218817  0.0141702     0.0791804    0.0502889    0.0785111   
-0.00218817  24.5163      0.0290997     0.0502889    0.0574777    0.0636881   
0.0141702    0.0290997    24.5138       0.0785111    0.0636881    0.0461237   

Stress Spherical
0            0            0             0            0            0           
0            0            0             0            0            0           
0            0            0             0            0            0           

Inertia
266.619      -99.8756     -99.8644      0.198394     0.190083     0.22591     
-99.8756     266.406      -99.9884      0.190083     0.44777      0.197731    
-99.8644     -99.9884     266.376       0.22591      0.197731     0.322963    

Bond Length
0.59843295    0.00035832173

BB bond length
0.59843295    0.00035832173

Water EE distance
0             0           

PEG EE distance
6.2586296     0.029316425 

BBB P2(x)
0.059347256   0.0032756168

BBB first bond length
0.5985911     0.00033802064

BBB second bond length
0.59848795    0.0003435172

BBB <phi**2>/<phi>**2
1.1140517     0.0017942597

Time = 12000
Temperature
1.0126369     0.0052204808

Pressure
27.538292     0.027573937 

CM Mom
-1.1778701e-16 1.8240369e-17 
-3.9449155e-17 2.2066072e-17 
2.5518029e-17  2.1911334e-17 
1.3082741e-16  1.6281995e-17 

CM Pos
9.9944653      0.0089751318  
9.9916014      0.0080767193  
10.006129      0.009352489   
17.31601       0.0095966817  

Stress
24.4711      0.021817     -0.0108563    0.049902     0.0606452    0.0704358   
0.021817     24.5263      0.0441266     0.0606452    0.0867207    0.0645314   
-0.0108563   0.0441266    24.508        0.0704358    0.0645314    0.0643048   

Stress Spherical
0            0            0             0            0            0           
0            0            0             0            0            0           
0            0            0             0            0            0           

Inertia
266.612      -99.8528     -100.012      0.274497     0.149274     0.11749     
-99.8528     266.62       -99.975       0.149274     0.262195     0.138705    
-100.012     -99.975      266.387       0.11749      0.138705     0.319784    

Bond Length
0.598611      0.00053087237

BB bond length
0.598611      0.00053087237

Water EE distance
0             0           

PEG EE distance
6.1908317     0.050280728 

BBB P2(x)
0.057731651   0.0023835773

BBB first bond length
0.59871073    0.00053136208

BBB second bond length
0.59874033    0.00053572544

BBB <phi**2>/<phi>**2
1.1140242     0.0013002072

Time = 13000
Temperature
1.0130545     0.0055239887

Pressure
27.553707     0.047511189 

CM Mom
-9.8153083e-17 6.9023634e-18 
-8.61743e-18   1.6992657e-17 
2.5660573e-17  1.459695e-17  
1.0424098e-16  7.0734543e-18 

CM Pos
10.001385      0.012145949   
10.00219       0.011706505   
9.9942906      0.010992405   
17.319284      0.012179477   

Stress
24.5986      -0.00729447  -0.0316253    0.0558988    0.08048      0.0510263   
-0.00729447  24.4693      -0.0148003    0.08048      0.118589     0.0471482   
-0.0316253   -0.0148003   24.4799       0.0510263    0.0471482    0.069625    

Stress Spherical
0            0            0             0            0            0           
0            0            0             0            0            0           
0            0            0             0            0            0           

Inertia
266.609      -100.045     -99.9661      0.362879     0.150907     0.181107    
-100.045     266.55       -99.9724      0.150907     0.313033     0.155338    
-99.9661     -99.9724     266.729       0.181107     0.155338     0.336984    

Bond Length
0.59826134    0.00044215142

BB bond length
0.59826134    0.00044215142

Water EE distance
0             0           

PEG EE distance
5.9702127     0.050411945 

BBB P2(x)
0.05727813    0.0024737613

BBB first bond length
0.5984027     0.00043392159

BBB second bond length
0.59840847    0.000461329 

BBB <phi**2>/<phi>**2
1.1138185     0.0013806822

Time = 14000
Temperature
1.0125033     0.0050100381

Pressure
27.549446     0.050602256 

CM Mom
-8.4506234e-17 1.0111897e-17 
-2.6959551e-18 2.1977846e-17 
-7.9897795e-18 1.5235304e-17 
8.9131473e-17  9.2401104e-18 

CM Pos
9.9958827      0.0070329223  
10.001523      0.0068058966  
9.993707       0.010204418   
17.315382      0.0065807722  

Stress
24.4658      -0.00172841  0.0182078     0.112785     0.0489568    0.044665    
-0.00172841  24.5611      -0.0502138    0.0489568    0.0606768    0.0574683   
0.0182078    -0.0502138   24.5131       0.044665     0.0574683    0.0660062   

Stress Spherical
0            0            0             0            0            0           
0            0            0             0            0            0           
0            0            0             0            0            0           

Inertia
266.563      -99.9802     -99.9103      0.301629     0.086908     0.109373    
-99.9802     266.402      -99.9903      0.086908     0.243923     0.136278    
-99.9103     -99.9903     266.612       0.109373     0.136278     0.175979    

Bond Length
0.59840193    0.00057625754

BB bond length
0.59840193    0.00057625754

Water EE distance
0             0           

PEG EE distance
5.8965976     0.034924467 

BBB P2(x)
0.055525642   0.0033767771

BBB first bond length
0.59855555    0.00053854333

BBB second bond length
0.59851094    0.00056437212

BBB <phi**2>/<phi>**2
1.113872      0.0015090563

Time = 15000
Temperature
1.0105604     0.0058105715

Pressure
27.524787     0.065205789 

CM Mom
-1.1336687e-16 2.2308715e-17 
-2.135316e-17  2.1326876e-17 
-2.6249839e-17 1.6914084e-17 
1.2193246e-16  1.918683e-17  

CM Pos
9.9920476      0.011405764   
9.9931021      0.009730213   
9.9922063      0.010588186   
17.307441      0.010188056   

Stress
24.4742      -0.0103251   -0.0104388    0.081603     0.0732371    0.0609075   
-0.0103251   24.4905      -0.0211707    0.0732371    0.10761      0.0524162   
-0.0104388   -0.0211707   24.5188       0.0609075    0.0524162    0.0844882   

Stress Spherical
0            0            0             0            0            0           
0            0            0             0            0            0           
0            0            0             0            0            0           

Inertia
266.427      -99.8757     -99.8531      0.331515     0.179763     0.123398    
-99.8757     266.368      -99.8615      0.179763     0.232332     0.156241    
-99.8531     -99.8615     266.39        0.123398     0.156241     0.318785    

Bond Length
0.59844911    0.00073178023

BB bond length
0.59844911    0.00073178023

Water EE distance
0             0           

PEG EE distance
5.9012613     0.038160311 

BBB P2(x)
0.054143758   0.003578925 

BBB first bond length
0.59858493    0.00074754203

BBB second bond length
0.5986112     0.0007225169

BBB <phi**2>/<phi>**2
1.1130274     0.0010388232

Time = 16000
Temperature
1.0085332     0.0040048806

Pressure
27.609884     0.056092907 

CM Mom
-8.8242575e-17 1.4862101e-17 
-5.227383e-18  2.0022579e-17 
-3.7204435e-17 1.5800621e-17 
9.8632941e-17  1.8472569e-17 

CM Pos
10.000718      0.0065773756  
9.996437       0.0082200285  
9.9982924      0.01603597    
17.317884      0.015065321   

Stress
24.5981      -0.00371089  0.0199504     0.0858265    0.0977372    0.0658154   
-0.00371089  24.5656      -0.00269607   0.0977372    0.0864176    0.0575898   
0.0199504    -0.00269607  24.5933       0.0658154    0.0575898    0.131173    

Stress Spherical
0            0            0             0            0            0           
0            0            0             0            0            0           
0            0            0             0            0            0           

Inertia
266.586      -99.9655     -99.9865      0.41448      0.144008     0.241397    
-99.9655     266.656      -99.9569      0.144008     0.415493     0.249736    
-99.9865     -99.9569     266.592       0.241397     0.249736     0.284091    

Bond Length
0.59799405    0.0003224795

BB bond length
0.59799405    0.0003224795

Water EE distance
0             0           

PEG EE distance
5.856429      0.018043026 

BBB P2(x)
0.052747503   0.0036379085

BBB first bond length
0.59813542    0.00042364934

BBB second bond length
0.59806176    0.0003400765

BBB <phi**2>/<phi>**2
1.1128212     0.0015985001

Time = 17000
Temperature
1.0126773     0.0058129477

Pressure
27.591205     0.061294343 

CM Mom
-8.5569413e-17 3.8507516e-17 
1.8706696e-17  2.7891765e-17 
-3.6688407e-17 2.3214528e-17 
1.0190683e-16  3.7852302e-17 

CM Pos
9.9998011      0.0075611143  
9.9918515      0.0080900476  
9.9975421      0.0059894202  
17.314275      0.0048848738  

Stress
24.5334      -0.00175174  0.00384448    0.0969323    0.0611758    0.0490061   
-0.00175174  24.5564      -0.00485158   0.0611758    0.0779028    0.0528453   
0.00384448   -0.00485158  24.5739       0.0490061    0.0528453    0.0990843   

Stress Spherical
0            0            0             0            0            0           
0            0            0             0            0            0           
0            0            0             0            0            0           

Inertia
266.45       -99.9269     -99.9916      0.220585     0.122391     0.0953566   
-99.9269     266.615      -99.9216      0.122391     0.185821     0.11274     
-99.9916     -99.9216     266.494       0.0953566    0.11274      0.170484    

Bond Length
0.59837585    0.00052509729

BB bond length
0.59837585    0.00052509729

Water EE distance
0             0           

PEG EE distance
5.781102      0.055401035 

BBB P2(x)
0.055565721   0.0021346445

BBB first bond length
0.59850811    0.00055096922

BBB second bond length
0.59852229    0.00051816267

BBB <phi**2>/<phi>**2
1.1141292     0.0012655405

Time = 18000
Temperature
1.0143352     0.0043919107

Pressure
27.585055     0.060163706 

CM Mom
-7.4666074e-17 1.5984242e-17 
1.0868572e-17  1.9720121e-17 
-3.510087e-17  3.0074826e-17 
8.9657443e-17  2.0871912e-17 

CM Pos
10.002386      0.0091572172  
9.9913513      0.0099334668  
10.005879      0.0092090656  
17.320296      0.0076417374  

Stress
24.5237      -0.0167349   0.0310269     0.0792489    0.0724067    0.0330513   
-0.0167349   24.5581      -0.0314716    0.0724067    0.0975208    0.0460024   
0.0310269    -0.0314716   24.5486       0.0330513    0.0460024    0.0991462   

Stress Spherical
0            0            0             0            0            0           
0            0            0             0            0            0           
0            0            0             0            0            0           

Inertia
266.609      -99.9429     -100.068      0.240011     0.128141     0.178846    
-99.9429     266.85       -99.9136      0.128141     0.24836      0.124757    
-100.068     -99.9136     266.532       0.178846     0.124757     0.238664    

Bond Length
0.59826661    0.00064869988

BB bond length
0.59826661    0.00064869988

Water EE distance
0             0           

PEG EE distance
5.7224782     0.026418318 

BBB P2(x)
0.055685734   0.004584508 

BBB first bond length
0.59836386    0.00066628169

BBB second bond length
0.5984012     0.00065085597

BBB <phi**2>/<phi>**2
1.113664      0.0015380663

Time = 19000
Temperature
1.0109782     0.0069690698

Pressure
27.570691     0.051892812 

CM Mom
-9.6322226e-17 1.2050894e-17 
-1.3723211e-17 9.9815465e-18 
-5.8201958e-17 2.3151353e-17 
1.1542267e-16  1.7669568e-17 

CM Pos
10.000885      0.009334635   
9.9880998      0.014745455   
9.9983758      0.0097087587  
17.313223      0.0087656345  

Stress
24.5633      0.0172819    -0.0239461    0.067458     0.0394731    0.0442636   
0.0172819    24.5367      -0.0235383    0.0394731    0.077257     0.0382048   
-0.0239461   -0.0235383   24.5175       0.0442636    0.0382048    0.0837358   

Stress Spherical
0            0            0             0            0            0           
0            0            0             0            0            0           
0            0            0             0            0            0           

Inertia
266.338      -99.8928     -100.028      0.410418     0.17387      0.106566    
-99.8928     266.621      -99.8842      0.17387      0.256779     0.173883    
-100.028     -99.8842     266.434       0.106566     0.173883     0.246073    

Bond Length
0.59808247    0.0005666998

BB bond length
0.59808247    0.0005666998

Water EE distance
0             0           

PEG EE distance
5.7275814     0.050340413 

BBB P2(x)
0.055592687   0.0030391794

BBB first bond length
0.59824633    0.00062978831

BBB second bond length
0.59818493    0.00055239968

BBB <phi**2>/<phi>**2
1.113227      0.00047443037

Time = 20000
Temperature
1.009489      0.004411823 

Pressure
27.558556     0.11601278  

CM Mom
-9.8772431e-17 1.5434328e-17 
-2.1607789e-17 1.4654261e-17 
-7.4538976e-17 1.3305241e-17 
1.2681634e-16  1.8070953e-17 

CM Pos
10.002469      0.0063170109  
9.9977709      0.012569211   
9.9977088      0.0097459161  
17.31933       0.0087013185  

Stress
24.5676      0.0188567    -0.00855435   0.150673     0.0491514    0.0519526   
0.0188567    24.5062      -0.00209771   0.0491514    0.117436     0.0833681   
-0.00855435  -0.00209771  24.5206       0.0519526    0.0833681    0.119241    

Stress Spherical
0            0            0             0            0            0           
0            0            0             0            0            0           
0            0            0             0            0            0           

Inertia
266.558      -100.022     -99.9208      0.219182     0.157012     0.103257    
-100.022     266.667      -99.9711      0.157012     0.26988      0.134317    
-99.9208     -99.9711     266.727       0.103257     0.134317     0.369018    

Bond Length
0.59824894    0.000699285 

BB bond length
0.59824894    0.000699285 

Water EE distance
0             0           

PEG EE distance
5.6132136     0.020106715 

BBB P2(x)
0.054811383   0.0040573146

BBB first bond length
0.59841567    0.00066640537

BBB second bond length
0.59836208    0.00076474412

BBB <phi**2>/<phi>**2
1.1137577     0.0020091311

Time = 21000
Temperature
1.0122555     0.0040038009

Pressure
27.550118     0.040726732 

CM Mom
-1.1466539e-16 2.2791541e-17 
3.1681319e-17  2.5498308e-17 
-6.6020528e-17 2.092133e-17  
1.399296e-16   2.3186088e-17 

CM Pos
9.9915473      0.0080158175  
10.000355      0.01341738    
9.9962081      0.010074167   
17.313654      0.0065239779  

Stress
24.54        -0.0102348   -0.00379907   0.0803051    0.0440258    0.0612291   
-0.0102348   24.4931      0.0324091     0.0440258    0.0570253    0.0480759   
-0.00379907  0.0324091    24.5111       0.0612291    0.0480759    0.0515847   

Stress Spherical
0            0            0             0            0            0           
0            0            0             0            0            0           
0            0            0             0            0            0           

Inertia
266.624      -99.9233     -99.9077      0.268275     0.130794     0.0972353   
-99.9233     266.464      -99.9383      0.130794     0.263624     0.164044    
-99.9077     -99.9383     266.55        0.0972353    0.164044     0.206314    

Bond Length
0.59803552    0.00075377393

BB bond length
0.59803552    0.00075377393

Water EE distance
0             0           

PEG EE distance
5.6258161     0.025760573 

BBB P2(x)
0.05735177    0.0039280523

BBB first bond length
0.5981841     0.00076122179

BBB second bond length
0.59816711    0.00077632174

BBB <phi**2>/<phi>**2
1.1143489     0.0010938619

Time = 22000
Temperature
1.0134478     0.0027082058

Pressure
27.558244     0.04345843  

CM Mom
-7.9094192e-17 1.2421469e-17 
6.2242651e-18  3.1654585e-17 
-5.8764786e-17 1.6199151e-17 
1.0503548e-16  1.1584409e-17 

CM Pos
9.9900466      0.0067195604  
9.9982711      0.01005483    
10.003045      0.0096901266  
17.315528      0.008997231   

Stress
24.5292      -0.000486372 0.0281824     0.094786     0.070397     0.0415575   
-0.000486372 24.5085      0.000698461   0.070397     0.0840667    0.0768245   
0.0281824    0.000698461  24.5201       0.0415575    0.0768245    0.0672429   

Stress Spherical
0            0            0             0            0            0           
0            0            0             0            0            0           
0            0            0             0            0            0           

Inertia
266.723      -99.8994     -99.9302      0.310515     0.111476     0.113772    
-99.8994     266.602      -100.034      0.111476     0.265688     0.16765     
-99.9302     -100.034     266.479       0.113772     0.16765      0.302871    

Bond Length
0.59804473    0.00026620525

BB bond length
0.59804473    0.00026620525

Water EE distance
0             0           

PEG EE distance
5.5731205     0.041850134 

BBB P2(x)
0.05552057    0.0031655211

BBB first bond length
0.5982148     0.00029652547

BBB second bond length
0.59819345    0.00038154557

BBB <phi**2>/<phi>**2
1.1131459     0.0021600881

Time = 23000
Temperature
1.0124881     0.0067920888

Pressure
27.567338     0.06130964  

CM Mom
-7.8066071e-17 1.5778369e-17 
2.8666376e-17  1.8955969e-17 
-5.8097248e-17 2.2650577e-17 
1.0594558e-16  1.3719734e-17 

CM Pos
9.9911305      0.0093543468  
10.00344       0.0062171923  
9.9920396      0.0070156053  
17.312784      0.0068468822  

Stress
24.582       -0.0144378   0.00741876    0.085007     0.0482922    0.0731194   
-0.0144378   24.5238      -0.00228605   0.0482922    0.0838676    0.0486562   
0.00741876   -0.00228605  24.4881       0.0731194    0.0486562    0.0775231   

Stress Spherical
0            0            0             0            0            0           
0            0            0             0            0            0           
0            0            0             0            0            0           

Inertia
266.569      -99.9552     -99.8143      0.19512      0.137417     0.118184    
-99.9552     266.391      -99.9288      0.137417     0.19983      0.112257    
-99.8143     -99.9288     266.569       0.118184     0.112257     0.170846    

Bond Length
0.59799766    0.00028330738

BB bond length
0.59799766    0.00028330738

Water EE distance
0             0           

PEG EE distance
5.6029699     0.028336676 

BBB P2(x)
0.054922211   0.0030653546

BBB first bond length
0.59813318    0.00035350531

BBB second bond length
0.59813914    0.00023100029

BBB <phi**2>/<phi>**2
1.1128985     0.001184561 

Time = 24000
Temperature
1.0092107     0.0048021921

Pressure
27.589284     0.098111847 

CM Mom
-9.2401862e-17 1.5079163e-17 
2.7945673e-17  1.4488252e-17 
-5.7296422e-17 2.8652998e-17 
1.1584722e-16  2.0967875e-17 

CM Pos
9.9952157      0.0088625168  
10.009109      0.011535742   
10.000627      0.0075311783  
17.323376      0.0072741819  

Stress
24.5898      -0.0106846   0.0182798     0.101886     0.0529148    0.0334073   
-0.0106846   24.5304      -0.0227901    0.0529148    0.10213      0.0554612   
0.0182798    -0.0227901   24.5689       0.0334073    0.0554612    0.125738    

Stress Spherical
0            0            0             0            0            0           
0            0            0             0            0            0           
0            0            0             0            0            0           

Inertia
266.842      -100.046     -99.9497      0.308443     0.106402     0.106315    
-100.046     266.608      -100.125      0.106402     0.196171     0.166006    
-99.9497     -100.125     266.722       0.106315     0.166006     0.180257    

Bond Length
0.59807858    0.00064905386

BB bond length
0.59807858    0.00064905386

Water EE distance
0             0           

PEG EE distance
5.5824796     0.043121367 

BBB P2(x)
0.054932668   0.0031990193

BBB first bond length
0.59821506    0.00065449433

BBB second bond length
0.59813421    0.00061879323

BBB <phi**2>/<phi>**2
1.1138382     0.0014455986

Time = 25000
Temperature
1.0120265     0.0048250707

Pressure
27.593339     0.030082997 

CM Mom
-9.9076089e-17 1.5648019e-17 
6.3338168e-17  1.7040298e-17 
-1.8349121e-17 2.1663996e-17 
1.2249714e-16  1.2786558e-17 

CM Pos
9.9968831      0.0059422334  
10.000105      0.0087126257  
10.006296      0.010311142   
17.322409      0.0099139603  

Stress
24.5581      -0.0013725   0.0447324     0.0886048    0.0482909    0.0629354   
-0.0013725   24.579       0.0169214     0.0482909    0.0864596    0.0650222   
0.0447324    0.0169214    24.5389       0.0629354    0.0650222    0.0652432   

Stress Spherical
0            0            0             0            0            0           
0            0            0             0            0            0           
0            0            0             0            0            0           

Inertia
266.797      -99.9374     -100.053      0.294828     0.148958     0.184769    
-99.9374     266.719      -100.023      0.148958     0.289724     0.147193    
-100.053     -100.023     266.572       0.184769     0.147193     0.227711    

Bond Length
0.59820069    0.00024169891

BB bond length
0.59820069    0.00024169891

Water EE distance
0             0           

PEG EE distance
5.589665      0.021813774 

BBB P2(x)
0.053550665   0.0030785056

BBB first bond length
0.59830398    0.00022471319

BBB second bond length
0.5983685     0.00026265819

BBB <phi**2>/<phi>**2
1.1129456     0.0015342201

Time = 26000
Temperature
1.0136251     0.0051779842

Pressure
27.581224     0.068382918 

CM Mom
-1.323597e-16  3.2819743e-17 
6.8172919e-17  1.1478576e-17 
-1.3600452e-17 1.9668643e-17 
1.5202726e-16  2.8897558e-17 

CM Pos
10.007305      0.0082722892  
10.006858      0.015983871   
10.004295      0.016494929   
17.331177      0.013196584   

Stress
24.5505      -0.0110144   0.0118787     0.0819596    0.0619186    0.0403724   
-0.0110144   24.5661      -0.00829532   0.0619186    0.104603     0.0369222   
0.0118787    -0.00829532  24.5087       0.0403724    0.0369222    0.10101     

Stress Spherical
0            0            0             0            0            0           
0            0            0             0            0            0           
0            0            0             0            0            0           

Inertia
266.887      -100.1       -100.14       0.567344     0.149533     0.140768    
-100.1       266.883      -100.098      0.149533     0.249005     0.315059    
-100.14      -100.098     266.935       0.140768     0.315059     0.284039    

Bond Length
0.59798185    0.00070320282

BB bond length
0.59798185    0.00070320282

Water EE distance
0             0           

PEG EE distance
5.5162852     0.027544368 

BBB P2(x)
0.056476724   0.0032156676

BBB first bond length
0.59816661    0.00068008752

BBB second bond length
0.59809202    0.00068872931

BBB <phi**2>/<phi>**2
1.1143837     0.0012765534

Time = 27000
Temperature
1.0118792     0.0047803834

Pressure
27.598557     0.054497416 

CM Mom
-1.328873e-16  4.6335592e-17 
9.2548398e-17  3.5055049e-17 
-3.6301386e-17 1.1226345e-17 
1.7438934e-16  2.5144807e-17 

CM Pos
10.002969      0.011272437   
10.007775      0.01117583    
10.008297      0.0067710836  
17.33151       0.0044316447  

Stress
24.585       -0.00591772  0.0113943     0.0848158    0.0533367    0.0479579   
-0.00591772  24.568       -0.0218618    0.0533367    0.061005     0.0576608   
0.0113943    -0.0218618   24.5399       0.0479579    0.0576608    0.101388    

Stress Spherical
0            0            0             0            0            0           
0            0            0             0            0            0           
0            0            0             0            0            0           

Inertia
267.009      -100.106     -100.131      0.25179      0.118095     0.157303    
-100.106     266.935      -100.108      0.118095     0.195453     0.168685    
-100.131     -100.108     266.911       0.157303     0.168685     0.18924     

Bond Length
0.59827881    0.00030084497

BB bond length
0.59827881    0.00030084497

Water EE distance
0             0           

PEG EE distance
5.4436879     0.034132048 

BBB P2(x)
0.052908304   0.0023654134

BBB first bond length
0.59846177    0.00031455364

BBB second bond length
0.59846454    0.00029073847

BBB <phi**2>/<phi>**2
1.1129747     0.0012218678

Time = 28000
Temperature
1.0105609     0.0030791093

Pressure
27.574266     0.062227583 

CM Mom
-1.2671591e-16 2.0490328e-17 
6.3654669e-17  1.0206324e-17 
-3.8255465e-17 1.8342974e-17 
1.4875221e-16  1.7481017e-17 

CM Pos
10.005887      0.0084431957  
10.00294       0.010335718   
10.006213      0.0063935702  
17.329196      0.0087450506  

Stress
24.5523      -0.0220189   -0.0228717    0.0664625    0.0482464    0.0649724   
-0.0220189   24.5759      -0.0474513    0.0482464    0.0633924    0.0603016   
-0.0228717   -0.0474513   24.5037       0.0649724    0.0603016    0.100918    

Stress Spherical
