Time = 500
Temperature
   1.0378703   0.044029258

Pressure
     23.7188     0.1384638

CM Mom
3.9250946e-18  2.4486566e-17 
1.0082369e-17  1.3895733e-17 
-1.3687523e-17 2.6559469e-17 
4.0427175e-17  1.2966923e-17 

CM Pos
7.4969558      0.031730366   
7.5064921      0.025046084   
7.4952098      0.021916075   
12.989668      0.024020678   

Stress
20.5346      -0.00822877  0.00136003    0.0841279    0.0621353    0.0639719   
-0.00822877  20.6051      0.000577892   0.0621353    0.084792     0.0773909   
0.00136003   0.000577892  20.6768       0.0639719    0.0773909    0.087948    

Stress Spherical
0            0            0             0            0            0           
0            0            0             0            0            0           
0            0            0             0            0            0           

Inertia
149.994      -56.3039     -56.2549      0.370572     0.179986     0.432284    
-56.3039     149.814      -56.2462      0.179986     0.791283     0.224084    
-56.2549     -56.2462     150.02        0.432284     0.224084     0.333321    

Bond Length
0.61133797    0.014979184 

BB bond length
0.61133797    0.014979184 

Water EE distance
0             0           

PEG EE distance
2.9285355     0.56266743  

Time = 1000
Temperature
1.0112379     0.007152712 

Pressure
23.623122     0.044089455 

CM Mom
-1.6956014e-17 1.6658171e-17 
9.9984773e-18  1.780677e-17  
-3.071098e-17  1.0325113e-17 
4.383076e-17   1.0520852e-17 

CM Pos
7.5040676      0.014346565   
7.5070848      0.014559208   
7.5005436      0.0011853022  
12.997144      0.013308225   

Stress
20.5473      0.00827357   0.0488582     0.0357476    0.0435655    0.0471975   
0.00827357   20.6132      -0.00867684   0.0435655    0.0997861    0.0379657   
0.0488582    -0.00867684  20.6085       0.0471975    0.0379657    0.0797868   

Stress Spherical
0            0            0             0            0            0           
0            0            0             0            0            0           
0            0            0             0            0            0           

Inertia
150.059      -56.3776     -56.3084      0.220228     0.142036     0.121529    
-56.3776     150.012      -56.2831      0.142036     0.158627     0.119855    
-56.3084     -56.2831     150.143       0.121529     0.119855     0.313263    

Bond Length
0.6146577     0.012857633 

BB bond length
0.6146577     0.012857633 

Water EE distance
0             0           

PEG EE distance
4.0423338     0.3680404   

