Time = 500
Temperature
   1.0414637   0.043004329

Pressure
    21.44421    0.21273591

CM Mom
5.3567437e-18  1.8162846e-17 
1.2793371e-17  1.9322752e-17 
-1.7087112e-18 1.3653246e-17 
3.1876767e-17  8.2961034e-18 

CM Pos
7.5156827      0.01508983    
7.5262854      0.011928636   
7.5030235      0.028300579   
13.016412      0.0033962639  

Stress
18.3707      0.0420403    -0.0022568    0.0610884    0.0523755    0.0705871   
0.0420403    18.2765      -0.0100034    0.0523755    0.106644     0.0423054   
-0.0022568   -0.0100034   18.3261       0.0705871    0.0423054    0.1236      

Stress Spherical
0            0            0             0            0            0           
0            0            0             0            0            0           
0            0            0             0            0            0           

Inertia
149.646      -56.6133     -56.4572      0.110455     0.187529     0.156906    
-56.6133     149.502      -56.4056      0.187529     0.128802     0.190023    
-56.4572     -56.4056     149.889       0.156906     0.190023     0.747747    

Bond Length
0.61459495    0.0021251282

BB bond length
0.61459495    0.0021251282

Water EE distance
0             0           

PEG EE distance
3.6957522     0.24031621  

Time = 1000
Temperature
1.0098556     0.0026429795

Pressure
21.364805     0.10082831  

CM Mom
6.6437679e-19  2.7581287e-17 
2.297824e-17   2.6257477e-18 
2.6175073e-17  2.4775928e-17 
4.9421274e-17  1.2352391e-17 

CM Pos
7.5127154      0.012540384   
7.5040302      0.010558129   
7.5048039      0.01626914    
13.002843      0.0074266772  

Stress
18.3781      -0.0143849   0.0383886     0.158646     0.0874946    0.0760908   
-0.0143849   18.3079      -0.0132687    0.0874946    0.138537     0.0186194   
0.0383886    -0.0132687   18.3332       0.0760908    0.0186194    0.114007    

Stress Spherical
0            0            0             0            0            0           
0            0            0             0            0            0           
0            0            0             0            0            0           

Inertia
149.502      -56.4002     -56.3764      0.0802514    0.186606     0.0557537   
-56.4002     149.638      -56.3234      0.186606     0.119079     0.0673863   
-56.3764     -56.3234     149.623       0.0557537    0.0673863    0.406735    

Bond Length
0.61316986    0.0038235298

BB bond length
0.61316986    0.0038235298

Water EE distance
0             0           

PEG EE distance
3.6475165     0.18178985  

