Time = 1000
Temperature
   1.1116586    0.15727156

Pressure
   23.672073    0.77611555

CM Mom
2.0548633e-17  1.8666627e-17 
-3.7092685e-17 1.5316918e-17 
-1.2716524e-16 2.7282492e-16 
1.8562556e-16  2.4192716e-16 

CM Pos
7.4993915      0.015899921   
7.5082821      0.019498245   
7.4977447      0.024627755   
12.993553      0.012590952   

Stress
20.3421      -0.0104704   -0.0595549    0.320317     0.0464413    0.0552885   
-0.0104704   20.382       0.0143887     0.0464413    0.328407     0.0709669   
-0.0595549   0.0143887    20.3109       0.0552885    0.0709669    0.318461    

Stress Spherical
0            0            0             0            0            0           
0            0            0             0            0            0           
0            0            0             0            0            0           

Inertia
150.18       -56.3301     -56.2618      1.22517      0.21858      0.26578     
-56.3301     150.07       -56.2916      0.21858      1.0654       0.118395    
-56.2618     -56.2916     150.241       0.26578      0.118395     1.56923     

Bond Length
0.61977378    0.0066710821

BB bond length
0.61977378    0.0066710821

Water EE distance
0             0           

PEG EE distance
6.8412731     0.12026269  

BBB P2(x)
0.47559373    0.054030192 

BBB first bond length
0.61982778    0.0065886362

BBB second bond length
0.61979539    0.0065848884

BBB <phi**2>/<phi>**2
1.2197312     0.0098377235

Time = 2000
Temperature
1.011909      0.0050174505

Pressure
23.223527     0.084506432 

CM Mom
1.8505366e-17  3.0088141e-17 
-2.2329623e-17 2.9878481e-17 
6.0672215e-17  3.2068604e-17 
8.1051973e-17  2.7913641e-17 

CM Pos
7.5008765      0.010483732   
7.4995206      0.014662463   
7.5099217      0.019302735   
12.99636       0.014133596   

Stress
20.1653      -0.0174601   -0.0193809    0.106091     0.0920357    0.0690998   
-0.0174601   20.2406      -0.0205036    0.0920357    0.101768     0.0485657   
-0.0193809   -0.0205036   20.179        0.0690998    0.0485657    0.105526    

Stress Spherical
0            0            0             0            0            0           
0            0            0             0            0            0           
0            0            0             0            0            0           

Inertia
150.032      -56.2933     -56.3936      0.374182     0.137051     0.225352    
-56.2933     150.031      -56.3152      0.137051     0.366697     0.178874    
-56.3936     -56.3152     149.893       0.225352     0.178874     0.42886     

Bond Length
0.61759279    0.0027291642

BB bond length
0.61759279    0.0027291642

Water EE distance
0             0           

PEG EE distance
6.9357477     0.25239596  

BBB P2(x)
0.5100507     0.0096933532

BBB first bond length
0.61739725    0.0026534443

BBB second bond length
0.61774953    0.0027068543

BBB <phi**2>/<phi>**2
1.2223227     0.0081817343

