Time = 1000
Temperature
   1.1640998      0.239295

Pressure
    23.81998     1.1201323

CM Mom
-5.2961834e-17 2.2604764e-17 
-2.4841776e-18 4.7683443e-17 
-1.2879329e-16 1.9121839e-16 
1.9135219e-16  1.487694e-16  

CM Pos
7.4948438      0.031098111   
7.494308       0.024848664   
7.4998981      0.014889367   
12.984082      0.035122843   

Stress
20.3756      -0.00134843  0.0189981     0.436352     0.0660216    0.0495549   
-0.00134843  20.2916      -0.0557829    0.0660216    0.453749     0.0603645   
0.0189981    -0.0557829   20.3325       0.0495549    0.0603645    0.38409     

Stress Spherical
0            0            0             0            0            0           
0            0            0             0            0            0           
0            0            0             0            0            0           

Inertia
150.078      -56.121      -56.215       0.976615     0.382988     0.264981    
-56.121      150.119      -56.2102      0.382988     1.05248      0.243586    
-56.215      -56.2102     150.02        0.264981     0.243586     0.792392    

Bond Length
0.62148708    0.0085868284

BB bond length
0.62148708    0.0085868284

Water EE distance
0             0           

PEG EE distance
6.8979683     0.2686843   

BBB P2(x)
0.46385984    0.075298899 

BBB first bond length
0.62129649    0.0087969258

BBB second bond length
0.62138141    0.008401717 

BBB <phi**2>/<phi>**2
1.2173273     0.017509111 

Time = 2000
Temperature
1.0103151     0.009915246 

Pressure
23.11963      0.076594472 

CM Mom
-7.7886664e-17 1.5912895e-17 
-1.5952111e-17 1.320887e-17  
-7.7503649e-18 3.4848126e-17 
8.8758353e-17  1.2037925e-17 

CM Pos
7.5055273      0.017771259   
7.5075141      0.013716367   
7.4936661      0.012189974   
12.994277      0.012818384   

Stress
20.1141      -0.0156488   0.0106403     0.115346     0.0742079    0.0775992   
-0.0156488   20.0691      -0.031731     0.0742079    0.107656     0.0668341   
0.0106403    -0.031731    20.0972       0.0775992    0.0668341    0.112502    

Stress Spherical
0            0            0             0            0            0           
0            0            0             0            0            0           
0            0            0             0            0            0           

Inertia
149.907      -56.3123     -56.2272      0.364343     0.127481     0.167788    
-56.3123     149.894      -56.2888      0.127481     0.312844     0.176599    
-56.2272     -56.2888     150.088       0.167788     0.176599     0.324972    

Bond Length
0.61738355    0.0016662492

BB bond length
0.61738355    0.0016662492

Water EE distance
0             0           

PEG EE distance
7.1910921     0.12698697  

BBB P2(x)
0.50125459    0.012934564 

BBB first bond length
0.61746454    0.0016792112

BBB second bond length
0.6174987     0.0017213243

BBB <phi**2>/<phi>**2
1.2260317     0.0062651521

