Time = 500
Temperature
   1.0336816   0.046407099

Pressure
   23.436633    0.10964994

CM Mom
9.9335023e-18  1.9151693e-17 
7.78494e-18    2.1356304e-17 
5.4617676e-17  3.7657172e-17 
6.8676368e-17  2.5823797e-17 

CM Pos
7.5070162      0.005080925   
7.4896187      0.015471487   
7.4864011      0.015499838   
12.980612      0.010440737   

Stress
20.3339      0.0218099    0.0188166     0.114944     0.0547212    0.0656497   
0.0218099    20.3363      0.0581707     0.0547212    0.0968929    0.028944    
0.0188166    0.0581707    20.3374       0.0656497    0.028944     0.0600898   

Stress Spherical
0            0            0             0            0            0           
0            0            0             0            0            0           
0            0            0             0            0            0           

Inertia
149.524      -56.2565     -56.2166      0.287551     0.103025     0.137501    
-56.2565     149.734      -56.0655      0.103025     0.251868     0.136356    
-56.2166     -56.0655     149.809       0.137501     0.136356     0.274769    

Bond Length
0.61168016    0.0030137943

BB bond length
0.61168016    0.0030137943

Water EE distance
0             0           

PEG EE distance
3.6850618     0.24318205  

Time = 1000
Temperature
1.0097407     0.0041498776

Pressure
23.280852     0.09949585  

CM Mom
4.2949313e-18  1.4593043e-17 
2.2840503e-17  1.0470186e-17 
4.4830025e-17  1.2010715e-17 
5.3217683e-17  1.3586146e-17 

CM Pos
7.5073125      0.011514832   
7.4896187      0.010952026   
7.4858084      0.021572827   
12.980438      0.020296546   

Stress
20.2685      -0.0400196   0.0160654     0.161754     0.0534024    0.0331086   
-0.0400196   20.2018      0.0205606     0.0534024    0.0737492    0.0603963   
0.0160654    0.0205606    20.2855       0.0331086    0.0603963    0.133333    

Stress Spherical
0            0            0             0            0            0           
0            0            0             0            0            0           
0            0            0             0            0            0           

Inertia
149.523      -56.2549     -56.2507      0.500686     0.172449     0.236844    
-56.2549     149.757      -56.0631      0.172449     0.476035     0.253155    
-56.2507     -56.0631     149.813       0.236844     0.253155     0.237708    

Bond Length
0.61906457    0.0073392241

BB bond length
0.61906457    0.0073392241

Water EE distance
0             0           

PEG EE distance
3.6493923     0.22606197  

