Time = 1000
Temperature
   1.0209041   0.032971347

Pressure
   23.780495    0.13209117

CM Mom
-2.0394481e-17 1.6845672e-17 
-8.7750552e-18 2.5820886e-17 
4.6771051e-19  4.612635e-17  
5.5151117e-17  2.3014006e-17 

CM Pos
7.5035954      0.016407983   
7.4940179      0.044488574   
7.5054104      0.01790319    
12.992214      0.019325517   

Stress
20.6964      -0.0331008   -0.0123494    0.106668     0.0588143    0.0685705   
-0.0331008   20.7096      0.0171864     0.0588143    0.0927995    0.0692379   
-0.0123494   0.0171864    20.7482       0.0685705    0.0692379    0.0821579   

Stress Spherical
0            0            0             0            0            0           
0            0            0             0            0            0           
0            0            0             0            0            0           

Inertia
150.002      -56.2143     -56.3347      0.39463      0.306132     0.206816    
-56.2143     150.139      -56.288       0.306132     0.427071     0.227667    
-56.3347     -56.288      149.959       0.206816     0.227667     0.678142    

Bond Length
0.62080687    0.012102435 

BB bond length
0.62080687    0.012102435 

Water EE distance
0             0           

PEG EE distance
7.1036624     0.7426766   

BBB P2(x)
0.45131419    0.09076789  

BBB first bond length
0.6209829     0.012938292 

BBB second bond length
0.62119844    0.012703556 

BBB <phi**2>/<phi>**2
1.2084052     0.045376916 

Time = 2000
Temperature
1.0131766     0.0086213713

Pressure
23.740489     0.056321943 

CM Mom
-4.3936276e-18 2.1626204e-17 
1.4326856e-17  1.3124428e-17 
9.001097e-18   1.5198824e-17 
3.0808644e-17  1.5078379e-17 

CM Pos
7.4908534      0.017455563   
7.5083897      0.014981301   
7.4931129      0.010564328   
12.985987      0.01795249    

Stress
20.7316      0.0130357    -0.0252327    0.0574394    0.0666922    0.0704162   
0.0130357    20.6969      -0.0101995    0.0666922    0.0826558    0.0579843   
-0.0252327   -0.0101995   20.6752       0.0704162    0.0579843    0.104767    

Stress Spherical
0            0            0             0            0            0           
0            0            0             0            0            0           
0            0            0             0            0            0           

Inertia
150.005      -56.2427     -56.1374      0.308223     0.214846     0.183882    
-56.2427     149.743      -56.2357      0.214846     0.296926     0.137493    
-56.1374     -56.2357     149.976       0.183882     0.137493     0.399082    

Bond Length
0.61803364    0.013136246 

BB bond length
0.61803364    0.013136246 

Water EE distance
0             0           

PEG EE distance
8.230646      0.49661666  

BBB P2(x)
0.53759767    0.053553035 

BBB first bond length
0.61832331    0.012358372 

BBB second bond length
0.61875192    0.013433894 

BBB <phi**2>/<phi>**2
1.2400868     0.053988207 

Time = 3000
Temperature
1.0079091     0.0077251151

Pressure
23.684371     0.062921459 

CM Mom
-1.3058061e-18 2.3767379e-17 
2.9251509e-17  3.7383854e-17 
-1.764442e-17  7.547545e-18  
5.0119371e-17  2.6002625e-17 

CM Pos
7.5053733      0.010822984   
7.4957958      0.015602181   
7.4982986      0.01417183    
12.990085      0.017559096   

Stress
20.6641      -0.0118197   0.0178805     0.0844427    0.0594827    0.0549361   
-0.0118197   20.6073      -0.0130696    0.0594827    0.0743478    0.0736215   
0.0178805    -0.0130696   20.7114       0.0549361    0.0736215    0.12663     

Stress Spherical
0            0            0             0            0            0           
0            0            0             0            0            0           
0            0            0             0            0            0           

Inertia
149.908      -56.2294     -56.277       0.416853     0.18703      0.167309    
-56.2294     150.047      -56.1849      0.18703      0.307362     0.258479    
-56.277      -56.1849     150.016       0.167309     0.258479     0.351557    

Bond Length
0.6182559     0.011957894 

BB bond length
0.6182559     0.011957894 

Water EE distance
0             0           

PEG EE distance
8.1722779     0.40341505  

BBB P2(x)
0.52001349    0.05681263  

BBB first bond length
0.61806408    0.012597714 

BBB second bond length
0.61796217    0.014010403 

BBB <phi**2>/<phi>**2
1.2149882     0.042785331 

Time = 4000
Temperature
1.0074444     0.0076060815

Pressure
23.688291     0.081963061 

CM Mom
3.2565372e-17  2.8326146e-17 
4.2757404e-18  1.4957399e-17 
1.9893598e-17  1.2233598e-17 
4.9171472e-17  1.5246715e-17 

CM Pos
7.5018174      0.011091446   
7.5024631      0.013996482   
7.5037806      0.012293047   
12.995047      0.012859195   

Stress
20.6262      0.00448089   0.00304158    0.124786     0.0542989    0.073218    
0.00448089   20.684       -0.0279901    0.0542989    0.0694748    0.0967809   
0.00304158   -0.0279901   20.6886       0.073218     0.0967809    0.120255    

Stress Spherical
0            0            0             0            0            0           
0            0            0             0            0            0           
0            0            0             0            0            0           

Inertia
150.09       -56.285      -56.2542      0.273233     0.0976599    0.119915    
-56.285      150.075      -56.3128      0.0976599    0.303634     0.193731    
-56.2542     -56.3128     150.055       0.119915     0.193731     0.221043    

Bond Length
0.61858829    0.0104843   

BB bond length
0.61858829    0.0104843   

Water EE distance
0             0           

PEG EE distance
7.4285052     0.40411766  

BBB P2(x)
0.51257603    0.069086757 

BBB first bond length
0.61689223    0.011064231 

BBB second bond length
0.61730482    0.010967141 

BBB <phi**2>/<phi>**2
1.2031345     0.059167317 

Time = 5000
Temperature
1.0118599     0.0081701676

Pressure
23.73163      0.11674358  

CM Mom
5.1997839e-17  1.3872454e-17 
-3.9957035e-17 2.1909627e-17 
2.085616e-17   9.0096564e-18 
7.2355483e-17  1.592652e-17  

CM Pos
7.4948538      0.012763516   
7.5040929      0.011131946   
7.4981505      0.007282619   
12.988714      0.012439064   

Stress
20.6885      -0.00111738  0.00499678    0.185997     0.0543922    0.0547938   
-0.00111738  20.6798      0.00870673    0.0543922    0.123409     0.0370987   
0.00499678   0.00870673   20.7207       0.0547938    0.0370987    0.0831925   

Stress Spherical
0            0            0             0            0            0           
0            0            0             0            0            0           
0            0            0             0            0            0           

Inertia
150.024      -56.239      -56.1675      0.186548     0.130339     0.157996    
-56.239      149.892      -56.2833      0.130339     0.277207     0.0800989   
-56.1675     -56.2833     149.979       0.157996     0.0800989    0.28038     

Bond Length
0.61530308    0.0142135   

BB bond length
0.61530308    0.0142135   

Water EE distance
0             0           

PEG EE distance
6.33924       1.0979529   

BBB P2(x)
0.50075701    0.078277798 

BBB first bond length
0.61408813    0.014935298 

BBB second bond length
0.61539224    0.015905625 

BBB <phi**2>/<phi>**2
1.2231132     0.06591963  

Time = 6000
Temperature
1.010527      0.0082858009

Pressure
23.664981     0.09414593  

CM Mom
6.0238975e-17  1.5920861e-17 
-4.2501616e-17 1.6757122e-17 
3.5830025e-17  2.5181922e-17 
8.6710756e-17  1.9197948e-17 

CM Pos
7.4964836      0.015408929   
7.5026113      0.014012941   
7.4974096      0.011342923   
12.98838       0.011872777   

Stress
20.6237      -0.0270753   0.022179      0.101881     0.0327748    0.0838286   
-0.0270753   20.6324      -0.00361128   0.0327748    0.140333     0.0765491   
0.022179     -0.00361128  20.645        0.0838286    0.0765491    0.118278    

Stress Spherical
0            0            0             0            0            0           
0            0            0             0            0            0           
0            0            0             0            0            0           

Inertia
150.002      -56.247      -56.2201      0.285056     0.181733     0.154866    
-56.247      149.918      -56.2648      0.181733     0.281491     0.148821    
-56.2201     -56.2648     149.984       0.154866     0.148821     0.306568    

Bond Length
0.61878911    0.0097724448

BB bond length
0.61878911    0.0097724448

Water EE distance
0             0           

PEG EE distance
6.7334847     1.1824876   

BBB P2(x)
0.55659348    0.061082149 

BBB first bond length
0.61863128    0.010149999 

BBB second bond length
0.61857318    0.0091891113

BBB <phi**2>/<phi>**2
1.2461311     0.06416535  

