Time = 1000
Temperature
   1.0409439   0.051208742

Pressure
   23.605679    0.26976683

CM Mom
-9.4454595e-18 2.3332827e-17 
-1.6880616e-18 2.7560656e-17 
-3.2931749e-17 7.1922375e-17 
7.3728697e-17  4.7090171e-17 

CM Pos
7.4946474      0.049909053   
7.4900405      0.012322823   
7.5071953      0.016051444   
12.98578       0.028976377   

Stress
20.5096      -0.00438707  -0.0141462    0.165174     0.0602637    0.0905645   
-0.00438707  20.5009      -0.022298     0.0602637    0.153101     0.0564947   
-0.0141462   -0.022298    20.4501       0.0905645    0.0564947    0.151331    

Stress Spherical
0            0            0             0            0            0           
0            0            0             0            0            0           
0            0            0             0            0            0           

Inertia
149.981      -56.1258     -56.2848      0.798815     0.430029     0.298974    
-56.1258     150.042      -56.1995      0.430029     0.320409     0.155643    
-56.2848     -56.1995     149.806       0.298974     0.155643     0.340617    

Bond Length
0.61826627    0.0036033339

BB bond length
0.61826627    0.0036033339

Water EE distance
0             0           

PEG EE distance
6.8317899     0.26337659  

BBB P2(x)
0.46769244    0.052633034 

BBB first bond length
0.61839807    0.0040582988

BBB second bond length
0.61819786    0.0037048772

BBB <phi**2>/<phi>**2
1.2208279     0.013010607 

Time = 2000
Temperature
1.0140845     0.011526443 

Pressure
23.476872     0.063404782 

CM Mom
-1.9209867e-17 1.42871e-17   
5.8802185e-18  3.035258e-17  
-1.4087903e-17 2.2357671e-17 
4.3913666e-17  1.7289325e-17 

CM Pos
7.5044378      0.011325339   
7.5035393      0.014271377   
7.4994817      0.0099608022  
12.994696      0.014710246   

Stress
20.3949      0.00306962   0.0450027     0.0843965    0.0490524    0.0639334   
0.00306962   20.4862      0.00450063    0.0490524    0.0713526    0.0501526   
0.0450027    0.00450063   20.4345       0.0639334    0.0501526    0.115866    

Stress Spherical
0            0            0             0            0            0           
0            0            0             0            0            0           
0            0            0             0            0            0           

Inertia
149.974      -56.317      -56.226       0.294942     0.20225      0.10918     
-56.317      149.977      -56.2866      0.20225      0.120259     0.14423     
-56.226      -56.2866     150.008       0.10918      0.14423      0.168327    

Bond Length
0.61908525    0.0031984983

BB bond length
0.61908525    0.0031984983

Water EE distance
0             0           

PEG EE distance
6.8528597     0.24589041  

BBB P2(x)
0.50449872    0.018625373 

BBB first bond length
0.61918541    0.003066558 

BBB second bond length
0.61893229    0.0030769835

BBB <phi**2>/<phi>**2
1.2249942     0.016608844 

