Time = 500
Temperature
   1.0321752   0.039923591

Pressure
   22.761128    0.16298966

CM Mom
-1.7850516e-17 2.2680716e-17 
3.0157052e-18  2.1163078e-17 
-3.7270361e-17 2.8565942e-17 
5.6508478e-17  1.7375584e-17 

CM Pos
7.5041709      0.013895032   
7.5170996      0.024037632   
7.5174451      0.011319362   
13.012751      0.02386132    

Stress
19.6871      -0.0322358   -0.0186389    0.103452     0.0595806    0.087484    
-0.0322358   19.6282      -0.0241693    0.0595806    0.104436     0.0710325   
-0.0186389   -0.0241693   19.6895       0.087484     0.0710325    0.116717    

Stress Spherical
0            0            0             0            0            0           
0            0            0             0            0            0           
0            0            0             0            0            0           

Inertia
150.014      -56.4287     -56.3983      0.469511     0.281444     0.136407    
-56.4287     149.841      -56.6289      0.281444     0.484215     0.249843    
-56.3983     -56.6289     149.896       0.136407     0.249843     0.487738    

Bond Length
0.61205035    0.0035238149

BB bond length
0.61205035    0.0035238149

Water EE distance
0             0           

PEG EE distance
3.7374739     0.105858    

Time = 1000
Temperature
1.0204995     0.0049770185

Pressure
22.687163     0.038139113 

CM Mom
-3.6052333e-18 1.2194446e-17 
-1.5483621e-17 8.2730702e-18 
-3.3986789e-17 2.0892836e-17 
4.2519187e-17  1.5925437e-17 

CM Pos
7.4952715      0.0267049     
7.5126498      0.01449027    
7.519225       0.010386913   
13.006095      0.016382568   

Stress
19.6147      0.00102787   -0.00589469   0.100089     0.0265212    0.0405716   
0.00102787   19.6914      -0.0298772    0.0265212    0.0729987    0.0411445   
-0.00589469  -0.0298772   19.5818       0.0405716    0.0411445    0.0415869   

Stress Spherical
0            0            0             0            0            0           
0            0            0             0            0            0           
0            0            0             0            0            0           

Inertia
150.107      -56.3344     -56.3279      0.366605     0.170893     0.224459    
-56.3344     149.893      -56.5239      0.170893     0.472797     0.126209    
-56.3279     -56.5239     149.835       0.224459     0.126209     0.398618    

Bond Length
0.61264973    0.0058325724

BB bond length
0.61264973    0.0058325724

Water EE distance
0             0           

PEG EE distance
3.7700929     0.25117591  

