Time = 500
Temperature
    1.037313   0.040859826

Pressure
   23.470403    0.23913112

CM Mom
-2.0461375e-17 1.6761961e-17 
-1.7570672e-18 2.1559224e-17 
2.3336177e-17  1.8795007e-17 
4.0917348e-17  1.9776721e-17 

CM Pos
7.5083182      0.026882462   
7.5079448      0.021855894   
7.5196183      0.020581298   
13.01115       0.018295992   

Stress
20.3763      -0.0059284   -0.0645084    0.134472     0.0565857    0.031347    
-0.0059284   20.3755      -0.0599749    0.0565857    0.138699     0.0363165   
-0.0645084   -0.0599749   20.3245       0.031347     0.0363165    0.163716    

Stress Spherical
0            0            0             0            0            0           
0            0            0             0            0            0           
0            0            0             0            0            0           

Inertia
150.247      -56.4385     -56.4152      0.135072     0.355894     0.137461    
-56.4385     150.226      -56.514       0.355894     0.265203     0.095519    
-56.4152     -56.514      150.116       0.137461     0.095519     0.791332    

Bond Length
0.61238057    0.0093430395

BB bond length
0.61238057    0.0093430395

Water EE distance
0             0           

PEG EE distance
3.310694      0.33664975  

Time = 1000
Temperature
1.0100955     0.0082382092

Pressure
23.263464     0.073341667 

CM Mom
-7.7909714e-18 4.5320404e-18 
1.4280797e-17  1.2508235e-17 
9.6804561e-18  3.1884954e-17 
3.4668421e-17  1.8710902e-17 

CM Pos
7.5023917      0.010135894   
7.5088338      0.0033262462  
7.503024       0.020628176   
12.998618      0.017461797   

Stress
20.178       0.0515123    -0.0414328    0.0878883    0.049862     0.0300064   
0.0515123    20.2733      0.0307217     0.049862     0.0637458    0.0343871   
-0.0414328   0.0307217    20.2491       0.0300064    0.0343871    0.0853497   

Stress Spherical
0            0            0             0            0            0           
0            0            0             0            0            0           
0            0            0             0            0            0           

Inertia
150.029      -56.3707     -56.2506      0.305027     0.132853     0.219578    
-56.3707     149.904      -56.3908      0.132853     0.373855     0.166395    
-56.2506     -56.3908     150.065       0.219578     0.166395     0.125199    

Bond Length
0.61637775    0.0030539883

BB bond length
0.61637775    0.0030539883

Water EE distance
0             0           

PEG EE distance
4.1084028     0.18634725  

