Time = 500
Temperature
   1.0322035   0.037927811

Pressure
    23.32707   0.090060127

CM Mom
-7.5243819e-17 1.9051835e-17 
-8.0152312e-18 5.1486046e-18 
-4.7826004e-17 2.6545516e-17 
9.4737338e-17  1.1497157e-17 

CM Pos
7.4925979      0.0291907     
7.4920458      0.013854607   
7.5064614      0.016381203   
12.98527       0.02846183    

Stress
20.2283      0.0095105    0.00569174    0.144799     0.0425601    0.032802    
0.0095105    20.2278      -0.0245581    0.0425601    0.0750051    0.0986375   
0.00569174   -0.0245581   20.2361       0.032802     0.0986375    0.0675019   

Stress Spherical
0            0            0             0            0            0           
0            0            0             0            0            0           
0            0            0             0            0            0           

Inertia
149.749      -56.1404     -56.2335      0.373872     0.254334     0.265417    
-56.1404     149.765      -56.2502      0.254334     0.431261     0.241613    
-56.2335     -56.2502     149.544       0.265417     0.241613     0.502681    

Bond Length
0.61038025    0.0067533806

BB bond length
0.61038025    0.0067533806

Water EE distance
0             0           

PEG EE distance
3.4593136     0.42893212  

Time = 1000
Temperature
1.0082665     0.0062865513

Pressure
23.231644     0.02406697  

CM Mom
-1.1212331e-16 3.185562e-17  
-2.1103997e-17 3.5263733e-17 
-3.8013405e-17 1.2613567e-17 
1.2508491e-16  3.5117135e-17 

CM Pos
7.4914126      0.0075315676  
7.4932311      0.019395182   
7.507054       0.017655633   
12.985618      0.010147236   

Stress
20.2217      -0.0469581   -0.00718687   0.0602144    0.0727486    0.0847618   
-0.0469581   20.2293      0.077304      0.0727486    0.0455752    0.046327    
-0.00718687  0.077304     20.1705       0.0847618    0.046327     0.144273    

Stress Spherical
0            0            0             0            0            0           
0            0            0             0            0            0           
0            0            0             0            0            0           

Inertia
149.81       -56.1529     -56.3065      0.206942     0.190162     0.0906374   
-56.1529     149.727      -56.2491      0.190162     0.200175     0.105535    
-56.3065     -56.2491     149.532       0.0906374    0.105535     0.46048     

Bond Length
0.61082084    0.0092404499

BB bond length
0.61082084    0.0092404499

Water EE distance
0             0           

PEG EE distance
3.2371794     0.29905042  

