Time = 1000
Temperature
   1.0497169   0.053427575

Pressure
   23.699068    0.25110671

CM Mom
1.8335418e-18  1.0739064e-17 
-4.0546739e-17 1.9541811e-17 
-6.4360556e-17 1.0418635e-16 
1.0338201e-16  8.0335841e-17 

CM Pos
7.491499       0.011624822   
7.5006406      0.018304626   
7.498643       0.016540002   
12.985083      0.013079717   

Stress
20.5556      0.0133252    0.0597012     0.112093     0.0520531    0.0602796   
0.0133252    20.5467      0.00396176    0.0520531    0.113601     0.0591167   
0.0597012    0.00396176   20.5567       0.0602796    0.0591167    0.160545    

Stress Spherical
0            0            0             0            0            0           
0            0            0             0            0            0           
0            0            0             0            0            0           

Inertia
150.002      -56.1921     -56.1836      0.755025     0.182741     0.176164    
-56.1921     149.891      -56.2011      0.182741     0.547305     0.168855    
-56.1836     -56.2011     149.921       0.176164     0.168855     0.923134    

Bond Length
0.61881285    0.0043590109

BB bond length
0.61881285    0.0043590109

Water EE distance
0             0           

PEG EE distance
6.6642466     0.50528767  

BBB P2(x)
0.47359713    0.068619607 

BBB first bond length
0.61870344    0.0045594376

BBB second bond length
0.61841548    0.0043073954

BBB <phi**2>/<phi>**2
1.2231711     0.022261712 

Time = 2000
Temperature
1.0035863     0.0079543834

Pressure
23.474862     0.076893256 

CM Mom
2.9080928e-18  1.1330058e-17 
-7.5476506e-17 1.5927035e-17 
1.5795982e-17  2.5651611e-17 
8.2570923e-17  1.3295171e-17 

CM Pos
7.4981723      0.01272226    
7.5004923      0.0084943174  
7.5027953      0.016957539   
12.991239      0.011524528   

Stress
20.4353      0.016072     0.024927      0.0797038    0.0632631    0.0577592   
0.016072     20.4393      0.022059      0.0632631    0.171068     0.108872    
0.024927     0.022059     20.5267       0.0577592    0.108872     0.107688    

Stress Spherical
0            0            0             0            0            0           
0            0            0             0            0            0           
0            0            0             0            0            0           

Inertia
149.948      -56.2352     -56.2889      0.185083     0.11925      0.155007    
-56.2352     149.911      -56.2817      0.11925      0.19891      0.137271    
-56.2889     -56.2817     149.887       0.155007     0.137271     0.264477    

Bond Length
0.61996372    0.0036758145

BB bond length
0.61996372    0.0036758145

Water EE distance
0             0           

PEG EE distance
7.6147734     0.13099744  

BBB P2(x)
0.50234788    0.020316132 

BBB first bond length
0.61966755    0.0033217   

BBB second bond length
0.6202375     0.003795128 

BBB <phi**2>/<phi>**2
1.2264864     0.011259091 

Time = 3000
Temperature
1.0092874     0.0054099807

Pressure
23.443778     0.076928019 

CM Mom
-2.3759692e-17 1.8570353e-17 
-6.5933418e-17 1.4285133e-17 
4.9981714e-17  3.88902e-17   
9.0671436e-17  3.5354938e-17 

CM Pos
7.500545       0.011661653   
7.5046446      0.017724153   
7.5019055      0.016350111   
12.9945        0.01185177    

Stress
20.4099      -0.00803061  -0.0120428    0.0805526    0.0884166    0.0655284   
-0.00803061  20.4028      -0.00122993   0.0884166    0.124739     0.0578918   
-0.0120428   -0.00122993  20.444        0.0655284    0.0578918    0.112456    

Stress Spherical
0            0            0             0            0            0           
0            0            0             0            0            0           
0            0            0             0            0            0           

Inertia
150.036      -56.291      -56.2851      0.285018     0.189227     0.167154    
-56.291      149.995      -56.3341      0.189227     0.351334     0.152051    
-56.2851     -56.3341     150.016       0.167154     0.152051     0.255457    

Bond Length
0.61952281    0.0029558754

BB bond length
0.61952281    0.0029558754

Water EE distance
0             0           

PEG EE distance
6.8869747     0.19770326  

BBB P2(x)
0.50768503    0.016169113 

BBB first bond length
0.61959321    0.0030340019

BBB second bond length
0.61974024    0.002990889 

BBB <phi**2>/<phi>**2
1.225651      0.01265789  

Time = 4000
Temperature
1.0125949     0.0081017775

Pressure
23.523313     0.065985892 

CM Mom
-2.5440736e-17 2.0875394e-17 
-5.3773135e-17 2.7824873e-17 
4.1923867e-17  1.9275979e-17 
8.026873e-17   2.0854059e-17 

CM Pos
7.5032143      0.016234027   
7.4984162      0.012826412   
7.5054646      0.0079361867  
12.994489      0.015122305   

Stress
20.521       0.0168763    0.00421783    0.077423     0.0596906    0.0851577   
0.0168763    20.4514      -0.00112994   0.0596906    0.0750588    0.0663398   
0.00421783   -0.00112994  20.4932       0.0851577    0.0663398    0.144733    

Stress Spherical
0            0            0             0            0            0           
0            0            0             0            0            0           
0            0            0             0            0            0           

Inertia
150.015      -56.2723     -56.3038      0.254928     0.21625      0.163257    
-56.2723     150.11       -56.248       0.21625      0.262386     0.102134    
-56.3038     -56.248      149.988       0.163257     0.102134     0.357139    

Bond Length
0.61833388    0.0044390546

BB bond length
0.61833388    0.0044390546

Water EE distance
0             0           

PEG EE distance
7.0461417     0.20025591  

BBB P2(x)
0.50923036    0.019874092 

BBB first bond length
0.61845687    0.0045315237

BBB second bond length
0.61819164    0.0041120108

BBB <phi**2>/<phi>**2
1.2286299     0.011156607 

Time = 5000
Temperature
1.0078935     0.0056623201

Pressure
23.48591      0.056057234 

CM Mom
-1.7507553e-17 2.2156396e-17 
-6.1155288e-17 1.6256509e-17 
3.124622e-17   1.5354038e-17 
7.5410986e-17  1.8080917e-17 

CM Pos
7.5003967      0.0099754998  
7.4979713      0.010997823   
7.5022021      0.0092181534  
12.990717      0.011827816   

Stress
20.4865      -0.0026092   -0.00371991   0.071521     0.0809186    0.0693459   
-0.0026092   20.4369      -0.042        0.0809186    0.055138     0.0700928   
-0.00371991  -0.042       20.4723       0.0693459    0.0700928    0.0955836   

Stress Spherical
0            0            0             0            0            0           
0            0            0             0            0            0           
0            0            0             0            0            0           

Inertia
149.961      -56.2314     -56.2448      0.238034     0.140669     0.172325    
-56.2314     150.028      -56.2436      0.140669     0.237309     0.0862464   
-56.2448     -56.2436     149.946       0.172325     0.0862464    0.279677    

Bond Length
0.62023352    0.0020485979

BB bond length
0.62023352    0.0020485979

Water EE distance
0             0           

PEG EE distance
7.4112712     0.16582116  

BBB P2(x)
0.51111731    0.017670583 

BBB first bond length
0.62024315    0.0016799803

BBB second bond length
0.62012626    0.0021722274

BBB <phi**2>/<phi>**2
1.2279527     0.014655277 

Time = 6000
Temperature
1.0130851     0.0051136839

Pressure
23.507611     0.069143899 

CM Mom
6.6415813e-18  2.5909558e-17 
-6.5396417e-17 1.6844804e-17 
4.1175938e-17  2.0912822e-17 
8.2552452e-17  2.4367012e-17 

CM Pos
7.5051421      0.015792506   
7.5064241      0.013114644   
7.5038333      0.0095243939  
12.999288      0.010252809   

Stress
20.4762      0.0506252    -0.0229068    0.10392      0.0622027    0.0629141   
0.0506252    20.4699      0.0239556     0.0622027    0.0998772    0.0678812   
-0.0229068   0.0239556    20.468        0.0629141    0.0678812    0.101376    

Stress Spherical
0            0            0             0            0            0           
0            0            0             0            0            0           
0            0            0             0            0            0           

Inertia
150.132      -56.3346     -56.2748      0.24419      0.123722     0.12368     
-56.3346     150.124      -56.2934      0.123722     0.216989     0.165394    
-56.2748     -56.2934     150.133       0.12368      0.165394     0.245887    

Bond Length
0.61949505    0.0034971327

BB bond length
0.61949505    0.0034971327

Water EE distance
0             0           

PEG EE distance
7.4902105     0.13878497  

BBB P2(x)
0.51609934    0.010490504 

BBB first bond length
0.61945861    0.0035544095

BBB second bond length
0.61964377    0.0038051233

BBB <phi**2>/<phi>**2
1.2211499     0.013531556 

Time = 7000
Temperature
1.0096973     0.0069832585

Pressure
23.477761     0.085634621 

CM Mom
-2.3539143e-17 1.6593748e-17 
-6.5375837e-17 3.1843317e-17 
2.0204083e-17  1.4214634e-17 
7.7864227e-17  2.5784949e-17 

CM Pos
7.5027694      0.023934309   
7.495302       0.012856382   
7.5072441      0.019904651   
12.99348       0.020741504   

Stress
20.4776      0.0259797    -0.00991995   0.143138     0.0745645    0.0590855   
0.0259797    20.4626      -0.0153293    0.0745645    0.117536     0.0501496   
-0.00991995  -0.0153293   20.4148       0.0590855    0.0501496    0.170327    

Stress Spherical
0            0            0             0            0            0           
0            0            0             0            0            0           
0            0            0             0            0            0           

Inertia
150.001      -56.2579     -56.3365      0.431277     0.202181     0.253656    
-56.2579     150.127      -56.2867      0.202181     0.450295     0.223827    
-56.3365     -56.2867     149.943       0.253656     0.223827     0.40406     

Bond Length
0.61826325    0.0041863072

BB bond length
0.61826325    0.0041863072

Water EE distance
0             0           

PEG EE distance
7.0898298     0.23807454  

BBB P2(x)
0.50300131    0.011504629 

BBB first bond length
0.61812361    0.0040002336

BBB second bond length
0.61834605    0.0042251095

BBB <phi**2>/<phi>**2
1.2155803     0.018634902 

Time = 8000
Temperature
1.0090585     0.0090482243

Pressure
23.508263     0.063358068 

CM Mom
-1.7346069e-17 9.7694104e-18 
-7.3286793e-17 1.5537669e-17 
2.7763259e-17  1.0258381e-17 
8.176876e-17   1.4092678e-17 

CM Pos
7.4995069      0.012833269   
7.4981196      0.017120804   
7.498643       0.015253454   
12.988244      0.015882519   

Stress
20.4836      0.0125309    0.0136361     0.104754     0.0673512    0.0553482   
0.0125309    20.4714      0.0679129     0.0673512    0.121821     0.0744492   
0.0136361    0.0679129    20.4972       0.0553482    0.0744492    0.113929    

Stress Spherical
0            0            0             0            0            0           
0            0            0             0            0            0           
0            0            0             0            0            0           

Inertia
149.925      -56.2172     -56.208       0.314366     0.221319     0.183027    
-56.2172     149.959      -56.2283      0.221319     0.320049     0.152631    
-56.208      -56.2283     149.94        0.183027     0.152631     0.408531    

Bond Length
0.62005208    0.0033782964

BB bond length
0.62005208    0.0033782964

Water EE distance
0             0           

PEG EE distance
7.0705685     0.23446018  

BBB P2(x)
0.51479875    0.011663428 

BBB first bond length
0.6200315     0.0033214285

BBB second bond length
0.62016743    0.003414345 

BBB <phi**2>/<phi>**2
1.2238852     0.017414341 

Time = 9000
Temperature
1.0081727     0.007403248 

Pressure
23.442252     0.098282668 

CM Mom
-7.825618e-18  1.3202292e-17 
-7.018295e-17  1.3355926e-17 
1.2645457e-17  7.8176841e-18 
7.3499697e-17  1.2585168e-17 

CM Pos
7.5011382      0.0195951     
7.5013821      0.013753076   
7.4965669      0.011528893   
12.989871      0.016558791   

Stress
20.4107      -0.0209712   0.000399558   0.0999876    0.0665691    0.0870989   
-0.0209712   20.3837      0.0182968     0.0665691    0.174244     0.0842878   
0.000399558  0.0182968    20.4678       0.0870989    0.0842878    0.108472    

Stress Spherical
0            0            0             0            0            0           
0            0            0             0            0            0           
0            0            0             0            0            0           

Inertia
149.973      -56.2699     -56.2212      0.358421     0.196037     0.113992    
-56.2699     149.956      -56.2574      0.196037     0.300058     0.138726    
-56.2212     -56.2574     150.032       0.113992     0.138726     0.353839    

Bond Length
0.62018697    0.0043691841

BB bond length
0.62018697    0.0043691841

Water EE distance
0             0           

PEG EE distance
6.6998583     0.20959441  

BBB P2(x)
0.51433878    0.013965028 

BBB first bond length
0.62006584    0.0044644287

BBB second bond length
0.62038832    0.0039286715

BBB <phi**2>/<phi>**2
1.2244599     0.015428454 

Time = 10000
Temperature
1.0069034     0.0075200664

Pressure
23.464966     0.062988812 

CM Mom
-1.4052032e-17 2.5474948e-17 
-5.7743945e-17 1.1523762e-17 
-2.3859093e-18 7.4620815e-18 
6.5132911e-17  1.1518334e-17 

CM Pos
7.5069217      0.01323815    
7.4973781      0.016138924   
7.5070958      0.014084866   
12.996982      0.011539095   

Stress
20.5211      -0.00758565  0.00910891    0.109092     0.0451482    0.0691144   
-0.00758565  20.3978      -0.0286143    0.0451482    0.141075     0.0649126   
0.00910891   -0.0286143   20.4228       0.0691144    0.0649126    0.0786156   

Stress Spherical
0            0            0             0            0            0           
0            0            0             0            0            0           
0            0            0             0            0            0           

Inertia
150.05       -56.3222     -56.3526      0.25974      0.209095     0.111538    
-56.3222     150.205      -56.2849      0.209095     0.204153     0.163947    
-56.3526     -56.2849     150.038       0.111538     0.163947     0.391272    

Bond Length
0.61836385    0.0028418381

BB bond length
0.61836385    0.0028418381

Water EE distance
0             0           

PEG EE distance
7.2963209     0.32059202  

BBB P2(x)
0.51645212    0.01513692  

BBB first bond length
0.61851728    0.0027048664

BBB second bond length
0.61862496    0.0029681702

BBB <phi**2>/<phi>**2
1.2280005     0.0092060999

Time = 11000
Temperature
1.0115837     0.0080717575

Pressure
23.50357      0.082098967 

CM Mom
-1.130117e-17  2.3704679e-17 
-4.9545966e-17 1.6221969e-17 
-3.1588946e-18 1.3433764e-17 
5.6574185e-17  1.9934631e-17 

CM Pos
7.4947615      0.011564128   
7.5041997      0.011616306   
7.5065027      0.010776642   
12.993548      0.011473881   

Stress
20.4455      -0.000576157 -0.0114135    0.0886319    0.0462052    0.0803675   
-0.000576157 20.4682      -0.00862605   0.0462052    0.0912987    0.047779    
-0.0114135   -0.00862605  20.5017       0.0803675    0.047779     0.117791    

Stress Spherical
0            0            0             0            0            0           
0            0            0             0            0            0           
0            0            0             0            0            0           

Inertia
150.174      -56.2434     -56.2351      0.239096     0.139335     0.184041    
-56.2434     150.016      -56.3614      0.139335     0.302012     0.147733    
-56.2351     -56.3614     149.983       0.184041     0.147733     0.201817    

Bond Length
0.61978955    0.0034898546

BB bond length
0.61978955    0.0034898546

Water EE distance
0             0           

PEG EE distance
7.5579752     0.34082563  

BBB P2(x)
0.5223658     0.011678838 

BBB first bond length
0.61975597    0.0038752114

BBB second bond length
0.61993552    0.0034954873

BBB <phi**2>/<phi>**2
1.2331629     0.013273304 

Time = 12000
Temperature
1.0081205     0.010976329 

Pressure
23.429146     0.099467338 

CM Mom
-5.9676546e-18 1.5376974e-17 
-4.5678708e-17 1.233049e-17  
-6.9187255e-18 1.7076753e-17 
5.2465321e-17  9.8754217e-18 

CM Pos
7.4996552      0.0087229508  
7.5021236      0.014389927   
7.4995328      0.016688251   
12.991156      0.010731953   

Stress
20.4645      -0.0200928   -0.0392422    0.0989099    0.0814171    0.0749123   
-0.0200928   20.3781      0.0137966     0.0814171    0.147642     0.058931    
-0.0392422   0.0137966    20.3807       0.0749123    0.058931     0.112835    

Stress Spherical
0            0            0             0            0            0           
0            0            0             0            0            0           
0            0            0             0            0            0           

Inertia
150.037      -56.268      -56.2848      0.356113     0.126301     0.132077    
-56.268      149.991      -56.2571      0.126301     0.222469     0.168892    
-56.2848     -56.2571     150.012       0.132077     0.168892     0.234889    

Bond Length
0.61817746    0.0035414356

BB bond length
0.61817746    0.0035414356

Water EE distance
0             0           

PEG EE distance
7.1774429     0.22476493  

BBB P2(x)
0.52048285    0.021719837 

BBB first bond length
0.61806232    0.0036152132

BBB second bond length
0.61817791    0.0032181796

BBB <phi**2>/<phi>**2
1.2302657     0.014670961 

Time = 13000
Temperature
1.0074873     0.011029577 

Pressure
23.47867      0.077214282 

CM Mom
2.4162854e-17  1.3412589e-17 
-5.5293003e-17 1.5580465e-17 
5.6995656e-18  3.4076396e-17 
7.0548137e-17  1.6746771e-17 

CM Pos
7.50707        0.010569568   
7.5013821      0.01478565    
7.5056129      0.010296602   
12.998511      0.014756839   

Stress
20.4536      -0.0418324   0.0262619     0.132921     0.0870209    0.0821198   
-0.0418324   20.4524      -0.00793891   0.0870209    0.0797564    0.0617507   
0.0262619    -0.00793891  20.4716       0.0821198    0.0617507    0.102356    

Stress Spherical
0            0            0             0            0            0           
0            0            0             0            0            0           
0            0            0             0            0            0           

Inertia
150.116      -56.3385     -56.3353      0.283673     0.158558     0.116287    
-56.3385     150.195      -56.264       0.158558     0.255201     0.141923    
-56.3353     -56.264      150.105       0.116287     0.141923     0.286555    

Bond Length
0.62006669    0.0029690782

BB bond length
0.62006669    0.0029690782

Water EE distance
0             0           

PEG EE distance
6.3293766     0.17402419  

BBB P2(x)
0.50715456    0.01781162  

BBB first bond length
0.62000886    0.0032120163

BBB second bond length
0.620124      0.0027630398

BBB <phi**2>/<phi>**2
1.2196287     0.0099000744

Time = 14000
Temperature
1.0126518     0.0081106984

Pressure
23.519097     0.089937312 

CM Mom
-7.7188763e-19 2.1309854e-17 
-4.6736657e-17 2.5098744e-17 
1.0452588e-17  1.9673497e-17 
5.921671e-17   1.6082667e-17 

CM Pos
7.5069217      0.012730037   
7.4996026      0.0086584245  
7.5032402      0.010001919   
12.996026      0.012630962   

Stress
20.4374      0.0187871    -0.0237592    0.0928626    0.055579     0.084409    
0.0187871    20.5119      0.0642248     0.055579     0.117075     0.062133    
-0.0237592   0.0642248    20.5031       0.084409     0.062133     0.158679    

Stress Spherical
0            0            0             0            0            0           
0            0            0             0            0            0           
0            0            0             0            0            0           

Inertia
150.058      -56.3086     -56.3114      0.184968     0.127865     0.160651    
-56.3086     150.156      -56.2773      0.127865     0.267764     0.120747    
-56.3114     -56.2773     150.117       0.160651     0.120747     0.250121    

Bond Length
0.61997175    0.0032313373

BB bond length
0.61997175    0.0032313373

Water EE distance
0             0           

PEG EE distance
6.2167345     0.19049007  

BBB P2(x)
0.50683287    0.017037522 

BBB first bond length
0.61991863    0.003342772 

BBB second bond length
0.61951749    0.0027951088

BBB <phi**2>/<phi>**2
1.2217301     0.013625632 

Time = 15000
Temperature
1.0072082     0.0081842962

Pressure
23.490473     0.083479351 

CM Mom
-1.8520913e-17 1.5704207e-17 
-2.224075e-17  1.5039915e-17 
-4.8266987e-19 1.4137235e-17 
3.5811802e-17  1.5103165e-17 

CM Pos
7.5049938      0.012846114   
7.505386       0.0092847113  
7.5045748      0.012264601   
12.999025      0.012169427   

Stress
20.4971      -0.00389537  -0.00392267   0.0823399    0.0621969    0.0661596   
-0.00389537  20.4428      0.00910964    0.0621969    0.122531     0.0977389   
-0.00392267  0.00910964   20.4755       0.0661596    0.0977389    0.128283    

Stress Spherical
0            0            0             0            0            0           
0            0            0             0            0            0           
0            0            0             0            0            0           

Inertia
150.138      -56.3203     -56.3275      0.195965     0.118568     0.152934    
-56.3203     150.159      -56.3339      0.118568     0.27602      0.156181    
-56.3275     -56.3339     150.149       0.152934     0.156181     0.277063    

Bond Length
0.61996729    0.0040281004

BB bond length
0.61996729    0.0040281004

Water EE distance
0             0           

PEG EE distance
6.2048389     0.3943693   

BBB P2(x)
0.49908967    0.018891964 

BBB first bond length
0.6201506     0.0038403207

BBB second bond length
0.61995945    0.0039088396

BBB <phi**2>/<phi>**2
1.2225205     0.013180718 

Time = 16000
Temperature
1.012584      0.0082072523

Pressure
23.510078     0.068375008 

CM Mom
1.5188323e-17  2.5634017e-17 
-4.0077515e-17 1.6650317e-17 
-2.027433e-17  2.80962e-17   
6.0127614e-17  1.8877052e-17 

CM Pos
7.5049938      0.016529362   
7.5039031      0.011639002   
7.4967152      0.0075630252  
12.993637      0.0091889136  

Stress
20.4688      0.0100453    -0.0171797    0.121226     0.0794926    0.0433348   
0.0100453    20.4642      -0.00909715   0.0794926    0.134564     0.0558628   
-0.0171797   -0.00909715  20.4929       0.0433348    0.0558628    0.0423553   

Stress Spherical
0            0            0             0            0            0           
0            0            0             0            0            0           
0            0            0             0            0            0           

Inertia
149.99       -56.3151     -56.2582      0.224475     0.132342     0.113217    
-56.3151     150.024      -56.2577      0.132342     0.235113     0.156044    
-56.2582     -56.2577     150.112       0.113217     0.156044     0.208505    

Bond Length
0.61698855    0.0031101726

BB bond length
0.61698855    0.0031101726

Water EE distance
0             0           

PEG EE distance
5.8624985     0.14138461  

BBB P2(x)
0.49781903    0.025736579 

BBB first bond length
0.61675275    0.0032537497

BBB second bond length
0.61747563    0.0031861906

BBB <phi**2>/<phi>**2
1.2143005     0.015219272 

Time = 17000
Temperature
1.0100156     0.008548688 

Pressure
23.498194     0.084692474 

CM Mom
1.9009619e-17  1.1334025e-17 
-5.9547578e-17 2.4210185e-17 
-6.8204902e-18 2.6022271e-17 
7.0459991e-17  1.9517686e-17 

CM Pos
7.5052904      0.012243065   
7.5039031      0.011467691   
7.4956771      0.013493995   
12.993208      0.011898414   

Stress
20.4763      0.0416094    0.00884325    0.118322     0.0602418    0.0271218   
0.0416094    20.4473      -0.0186012    0.0602418    0.0995725    0.0645692   
0.00884325   -0.0186012   20.4898       0.0271218    0.0645692    0.132074    

Stress Spherical
0            0            0             0            0            0           
0            0            0             0            0            0           
0            0            0             0            0            0           

Inertia
150.014      -56.3675     -56.2245      0.246421     0.152761     0.170265    
-56.3675     150.04       -56.2743      0.152761     0.359078     0.120636    
-56.2245     -56.2743     150.149       0.170265     0.120636     0.191895    

Bond Length
0.62111889    0.0033806423

BB bond length
0.62111889    0.0033806423

Water EE distance
0             0           

PEG EE distance
6.0971685     0.12155867  

BBB P2(x)
0.50371259    0.021936527 

BBB first bond length
0.621004      0.0037070022

BBB second bond length
0.62101915    0.0035301195

BBB <phi**2>/<phi>**2
1.2211175     0.011509201 

Time = 18000
Temperature
1.0135854     0.006066775 

Pressure
23.534246     0.094790872 

CM Mom
3.9812856e-17  2.6515891e-17 
-6.6994798e-17 2.5674733e-17 
-9.4208433e-18 2.2284351e-17 
8.6860748e-17  2.1822141e-17 

CM Pos
7.5018797      0.014119174   
7.4972298      0.0069635335  
7.4995328      0.0097514279  
12.989604      0.012863872   

Stress
20.4943      -0.00153501  -0.0224101    0.12304      0.0653582    0.0642602   
-0.00153501  20.531       -0.00499867   0.0653582    0.134436     0.0796455   
-0.0224101   -0.00499867  20.4641       0.0642602    0.0796455    0.0895814   

Stress Spherical
0            0            0             0            0            0           
0            0            0             0            0            0           
0            0            0             0            0            0           

Inertia
149.974      -56.223      -56.2519      0.230811     0.135861     0.171702    
-56.223      150.04       -56.23        0.135861     0.303822     0.149098    
-56.2519     -56.23       149.993       0.171702     0.149098     0.226222    

Bond Length
0.6188878     0.0038073365

BB bond length
0.6188878     0.0038073365

Water EE distance
0             0           

PEG EE distance
6.983774      0.33168324  

BBB P2(x)
0.50958707    0.013710906 

BBB first bond length
0.61894264    0.0040986907

BBB second bond length
0.6191088     0.0036912293

BBB <phi**2>/<phi>**2
1.2241842     0.01138321  

Time = 19000
Temperature
1.013297      0.0081497084

Pressure
23.466752     0.09643658  

CM Mom
8.265797e-17   2.4122651e-17 
-7.8173311e-17 1.3146186e-17 
2.4089864e-17  1.7388277e-17 
1.1853468e-16  2.3028975e-17 

CM Pos
7.5014348      0.012787777   
7.4947088      0.014158835   
7.5019055      0.015663169   
12.989273      0.012486241   

Stress
20.4085      -0.041373    0.0215178     0.111841     0.061251     0.056557    
-0.041373    20.4505      -0.00909872   0.061251     0.104829     0.0627672   
0.0215178    -0.00909872  20.4305       0.056557     0.0627672    0.169883    

Stress Spherical
0            0            0             0            0            0           
0            0            0             0            0            0           
0            0            0             0            0            0           

Inertia
149.937      -56.2133     -56.265       0.214513     0.194236     0.15362     
-56.2133     150.048      -56.1904      0.194236     0.309816     0.144063    
-56.265      -56.1904     149.923       0.15362      0.144063     0.310008    

Bond Length
0.61940596    0.0028750166

BB bond length
0.61940596    0.0028750166

Water EE distance
0             0           

PEG EE distance
7.3012144     0.19695102  

BBB P2(x)
0.50339801    0.014433542 

BBB first bond length
0.6194787     0.0034061443

BBB second bond length
0.61968533    0.0031730195

BBB <phi**2>/<phi>**2
1.2209264     0.012712992 

Time = 20000
Temperature
1.0054099     0.0089859938

Pressure
23.534929     0.083581376 

CM Mom
1.0100779e-16  1.4775919e-17 
-6.6448193e-17 1.2430294e-17 
6.6155682e-17  1.6912998e-17 
1.3914701e-16  1.7073676e-17 

CM Pos
7.4981723      0.0073551736  
7.5031616      0.01359547    
7.5020538      0.01466618    
12.992349      0.011926186   

Stress
20.5486      -0.0230203   -0.0166288    0.0792576    0.0706732    0.0555449   
-0.0230203   20.5098      -0.0127664    0.0706732    0.120391     0.0564926   
-0.0166288   -0.0127664   20.5066       0.0555449    0.0564926    0.116489    

Stress Spherical
0            0            0             0            0            0           
0            0            0             0            0            0           
0            0            0             0            0            0           

Inertia
150.069      -56.2654     -56.2862      0.285141     0.106379     0.169402    
-56.2654     150.007      -56.2615      0.106379     0.29041      0.114997    
-56.2862     -56.2615     150.021       0.169402     0.114997     0.242845    

Bond Length
0.61907815    0.003076278 

BB bond length
0.61907815    0.003076278 

Water EE distance
0             0           

PEG EE distance
7.3906245     0.1358483   

BBB P2(x)
0.50746683    0.014424204 

BBB first bond length
0.618794      0.0028884618

BBB second bond length
0.61898814    0.0028730839

BBB <phi**2>/<phi>**2
1.225214      0.0074389646

Time = 21000
Temperature
1.0082929     0.0060716933

Pressure
23.44347      0.073986208 

CM Mom
1.0752638e-16  2.7011965e-17 
-6.8123131e-17 1.8129651e-17 
7.631672e-17   1.6241505e-17 
1.5118588e-16  2.2178165e-17 

CM Pos
7.4960962      0.013723463   
7.4938191      0.011386863   
7.4990879      0.0096345858  
12.984045      0.0087632421  

Stress
20.4352      0.000737402  -0.0681264    0.152255     0.0630316    0.0670708   
0.000737402  20.4306      -0.0416137    0.0630316    0.0948291    0.042433    
-0.0681264   -0.0416137   20.3989       0.0670708    0.042433     0.102642    

Stress Spherical
0            0            0             0            0            0           
0            0            0             0            0            0           
0            0            0             0            0            0           

Inertia
149.894      -56.2003     -56.2178      0.189852     0.150459     0.182467    
-56.2003     149.954      -56.213       0.150459     0.245967     0.158679    
-56.2178     -56.213      149.86        0.182467     0.158679     0.25863     

Bond Length
0.62011802    0.0032723506

BB bond length
0.62011802    0.0032723506

Water EE distance
0             0           

PEG EE distance
7.2593986     0.24222246  

BBB P2(x)
0.52935921    0.022907699 

BBB first bond length
0.6202678     0.0033098721

BBB second bond length
0.61959574    0.0033460919

BBB <phi**2>/<phi>**2
1.2328896     0.014962354 

Time = 22000
Temperature
1.0083542     0.00465129  

Pressure
23.509415     0.083323169 

CM Mom
1.0453205e-16  1.1514809e-17 
-7.3428933e-17 1.3262961e-17 
5.7443752e-17  1.2960168e-17 
1.41419e-16    9.7812847e-18 

CM Pos
7.4999518      0.014405202   
7.5058309      0.013975144   
7.5059095      0.011495463   
12.997146      0.013618973   

Stress
20.4676      -0.022551    -0.010763     0.0990707    0.0744422    0.0907424   
-0.022551    20.5086      -0.0158122    0.0744422    0.125637     0.0575335   
-0.010763    -0.0158122   20.4858       0.0907424    0.0575335    0.0883258   

Stress Spherical
0            0            0             0            0            0           
0            0            0             0            0            0           
0            0            0             0            0            0           

Inertia
150.157      -56.2951     -56.283       0.22787      0.201029     0.191889    
-56.2951     150.106      -56.3534      0.201029     0.33593      0.145201    
-56.283      -56.3534     150.066       0.191889     0.145201     0.382057    

Bond Length
0.61910192    0.002112233 

BB bond length
0.61910192    0.002112233 

Water EE distance
0             0           

PEG EE distance
7.3991002     0.27106874  

BBB P2(x)
0.51287254    0.021836741 

BBB first bond length
0.61939649    0.0020297585

BBB second bond length
0.61911271    0.0020137658

BBB <phi**2>/<phi>**2
1.2257025     0.012895117 

Time = 23000
Temperature
1.0064203     0.0060056388

Pressure
23.480479     0.058851828 

CM Mom
1.1191877e-16  1.7647888e-17 
-7.186101e-17  1.4931386e-17 
5.2934534e-17  1.4714478e-17 
1.4520887e-16  1.2536872e-17 

CM Pos
7.4959479      0.010801102   
7.4947088      0.011502157   
7.501164       0.01119698    
12.985671      0.0094152215  

Stress
20.4191      -0.0133858   -0.0144106    0.115827     0.0776548    0.0520616   
-0.0133858   20.5155      0.0749595     0.0776548    0.0558804    0.0586559   
-0.0144106   0.0749595    20.458        0.0520616    0.0586559    0.0851805   

Stress Spherical
0            0            0             0            0            0           
0            0            0             0            0            0           
0            0            0             0            0            0           

Inertia
149.898      -56.1864     -56.2049      0.243695     0.115721     0.141892    
-56.1864     149.936      -56.2313      0.115721     0.24643      0.115189    
-56.2049     -56.2313     149.836       0.141892     0.115189     0.194019    

Bond Length
0.61987045    0.0035624297

BB bond length
0.61987045    0.0035624297

Water EE distance
0             0           

PEG EE distance
7.0509788     0.35701298  

BBB P2(x)
0.52043982    0.010206449 

BBB first bond length
0.61979395    0.0034090772

BBB second bond length
0.61997962    0.0039234257

BBB <phi**2>/<phi>**2
1.2269584     0.0099781154

Time = 24000
Temperature
1.0103183     0.0085729683

Pressure
23.548028     0.068724271 

CM Mom
9.9259728e-17  1.5539327e-17 
-7.7150347e-17 1.7239292e-17 
6.3739863e-17  1.5697567e-17 
1.4290158e-16  1.5220237e-17 

CM Pos
7.5009899      0.0062371945  
7.5000474      0.012321846   
7.5062061      0.01176024    
12.994571      0.011588174   

Stress
20.5761      0.00574317   0.0376288     0.0931553    0.0431625    0.0822016   
0.00574317   20.5029      0.0317171     0.0431625    0.118843     0.0711958   
0.0376288    0.0317171    20.4813       0.0822016    0.0711958    0.0952466   

Stress Spherical
0            0            0             0            0            0           
0            0            0             0            0            0           
0            0            0             0            0            0           

Inertia
150.078      -56.2319     -56.2994      0.316419     0.0862395    0.117379    
-56.2319     150.116      -56.294       0.0862395    0.229954     0.170877    
-56.2994     -56.294      150.018       0.117379     0.170877     0.194455    

Bond Length
0.62119755    0.0021069302

BB bond length
0.62119755    0.0021069302

Water EE distance
0             0           

PEG EE distance
7.3111244     0.2678767   

BBB P2(x)
0.51226978    0.018533783 

BBB first bond length
0.62107247    0.0023547387

BBB second bond length
0.62130249    0.0022215414

BBB <phi**2>/<phi>**2
1.2273541     0.014853002 

Time = 25000
Temperature
1.0160147     0.0083698175

Pressure
23.517344     0.050196828 

CM Mom
1.184473e-16   1.9338785e-17 
-6.7471088e-17 1.369681e-17  
6.0513329e-17  2.1853871e-17 
1.5102869e-16  2.1759804e-17 

CM Pos
7.5024728      0.012918665   
7.5030133      0.016701424   
7.5017572      0.010305142   
12.994577      0.013874528   

Stress
20.4885      0.0116081    0.0235326     0.118233     0.0938249    0.0771129   
0.0116081    20.4367      -0.053442     0.0938249    0.0962259    0.0720557   
0.0235326    -0.053442    20.4917       0.0771129    0.0720557    0.092992    

Stress Spherical
0            0            0             0            0            0           
0            0            0             0            0            0           
0            0            0             0            0            0           

Inertia
150.078      -56.2735     -56.2597      0.226922     0.198156     0.143323    
-56.2735     150.084      -56.2878      0.198156     0.238733     0.153298    
-56.2597     -56.2878     150.099       0.143323     0.153298     0.370396    

Bond Length
0.61812598    0.0024227346

BB bond length
0.61812598    0.0024227346

Water EE distance
0             0           

PEG EE distance
7.5459966     0.20336563  

BBB P2(x)
0.51714593    0.015369294 

BBB first bond length
0.61822981    0.0028842176

BBB second bond length
0.61770286    0.0024992924

BBB <phi**2>/<phi>**2
1.234412      0.010299709 

Time = 26000
Temperature
1.0047348     0.0055974343

Pressure
23.531182     0.10354038  

CM Mom
1.094102e-16   1.8988162e-17 
-6.0062352e-17 1.6220925e-17 
5.9195797e-17  1.7391799e-17 
1.4021864e-16  1.8630516e-17 

CM Pos
7.4934269      0.014205354   
7.4982679      0.012822125   
7.496122       0.012139343   
12.983359      0.01447245    

Stress
20.5515      0.00912657   -0.00642658   0.0772042    0.0633691    0.0456173   
0.00912657   20.4894      -0.0618149    0.0633691    0.132721     0.0913764   
-0.00642658  -0.0618149   20.5189       0.0456173    0.0913764    0.138703    

Stress Spherical
0            0            0             0            0            0           
0            0            0             0            0            0           
0            0            0             0            0            0           

Inertia
149.895      -56.147      -56.1581      0.233509     0.203616     0.151968    
-56.147      149.831      -56.2         0.203616     0.25263      0.12235     
-56.1581     -56.2        149.871       0.151968     0.12235      0.335614    

Bond Length
0.61851347    0.0037891402

BB bond length
0.61851347    0.0037891402

Water EE distance
0             0           

PEG EE distance
7.6425381     0.25484626  

BBB P2(x)
0.51273883    0.015208665 

BBB first bond length
0.6183011     0.0037276639

BBB second bond length
0.61848264    0.0034786894

BBB <phi**2>/<phi>**2
1.2323797     0.0092953046

Time = 27000
Temperature
1.0036026     0.0058620057

Pressure
23.484828     0.07252833  

CM Mom
1.127834e-16   1.3151748e-17 
-7.2140075e-17 1.3180822e-17 
8.1209274e-17  2.0639817e-17 
1.5880456e-16  8.5469531e-18 

CM Pos
7.5015831      0.0090702493  
7.496785       0.013310216   
7.5004226      0.01442046    
12.989694      0.014100487   

Stress
20.5266      -0.0197439   -0.0033367    0.104128     0.0625675    0.063658    
-0.0197439   20.4348      -0.00490124   0.0625675    0.0885359    0.0642117   
-0.0033367   -0.00490124  20.4696       0.063658     0.0642117    0.0932801   

Stress Spherical
0            0            0             0            0            0           
0            0            0             0            0            0           
0            0            0             0            0            0           

Inertia
149.959      -56.2393     -56.2319      0.353283     0.150084     0.114308    
-56.2393     150.037      -56.2446      0.150084     0.215654     0.236268    
-56.2319     -56.2446     149.986       0.114308     0.236268     0.176713    

Bond Length
0.61940159    0.0023653886

BB bond length
0.61940159    0.0023653886

Water EE distance
0             0           

PEG EE distance
7.8845637     0.24269376  

BBB P2(x)
0.53131692    0.016870376 

BBB first bond length
0.61911738    0.0024918728

BBB second bond length
0.6192393     0.0022118536

BBB <phi**2>/<phi>**2
1.2337371     0.01596413  

Time = 28000
Temperature
1.0125783     0.0050652594

Pressure
23.468476     0.068045529 

CM Mom
1.1210618e-16  1.6229726e-17 
-7.8324231e-17 5.1059761e-17 
7.414594e-17   1.3949517e-17 
1.640993e-16   1.8347019e-17 

CM Pos
7.5039558      0.0096892118  
7.5085002      0.0089334427  
7.5070958      0.01834363    
13.001687      0.0071874673  

Stress
20.4314      0.00981798   0.0019047     0.06758      0.0656645    0.0464668   
0.00981798   20.4151      0.00419949    0.0656645    0.112294     0.0518775   
0.0019047    0.00419949   20.4547       0.0464668    0.0518775    0.151866    

Stress Spherical
0            0            0             0            0            0           
