Time = 1000
Temperature
   1.0542445   0.069537372

Pressure
   23.650618    0.28790844

CM Mom
-2.1837289e-17 1.7767717e-17 
2.7485383e-17  1.6265055e-17 
6.7516681e-17  8.778542e-17  
9.4652949e-17  7.1541307e-17 

CM Pos
7.5009536      0.020830928   
7.4943464      0.033058006   
7.5095146      0.018742632   
12.993219      0.021819609   

Stress
20.4985      -0.000679629 -0.0223916    0.131467     0.0810445    0.0497635   
-0.000679629 20.496       -0.0425939    0.0810445    0.161484     0.0522815   
-0.0223916   -0.0425939   20.4898       0.0497635    0.0522815    0.13832     

Stress Spherical
0            0            0             0            0            0           
0            0            0             0            0            0           
0            0            0             0            0            0           

Inertia
150.087      -56.1629     -56.3382      0.648415     0.284178     0.206107    
-56.1629     150.157      -56.2913      0.284178     1.05063      0.185964    
-56.3382     -56.2913     149.957       0.206107     0.185964     0.489252    

Bond Length
0.61773656    0.0045780876

BB bond length
0.61773656    0.0045780876

Water EE distance
0             0           

PEG EE distance
6.5324967     0.40243307  

BBB P2(x)
0.49160401    0.044875097 

BBB first bond length
0.61779457    0.0045306991

BBB second bond length
0.61765664    0.0049773137

BBB <phi**2>/<phi>**2
1.2240624     0.012612068 

Time = 2000
Temperature
1.0124434     0.0080627628

Pressure
23.431014     0.066110894 

CM Mom
-1.3106357e-17 3.2748021e-17 
1.5988783e-17  3.2940544e-17 
-6.6455551e-18 2.7363078e-17 
5.1226608e-17  2.745298e-17  

CM Pos
7.5005082      0.014082042   
7.5002852      0.030649772   
7.5020911      0.010303485   
12.992082      0.017582338   

Stress
20.4063      0.0148809    -0.0110994    0.0902449    0.0948571    0.0687267   
0.0148809    20.3847      -0.0256695    0.0948571    0.112168     0.036373    
-0.0110994   -0.0256695   20.4098       0.0687267    0.036373     0.10558     

Stress Spherical
0            0            0             0            0            0           
0            0            0             0            0            0           
0            0            0             0            0            0           

Inertia
149.931      -56.239      -56.2669      0.301735     0.263515     0.149121    
-56.239      149.938      -56.2893      0.263515     0.258713     0.167399    
-56.2669     -56.2893     149.893       0.149121     0.167399     0.399587    

Bond Length
0.61752794    0.0042031878

BB bond length
0.61752794    0.0042031878

Water EE distance
0             0           

PEG EE distance
6.9764709     0.18194266  

BBB P2(x)
0.51250686    0.014177663 

BBB first bond length
0.61757768    0.0046550645

BBB second bond length
0.61767259    0.0042123547

BBB <phi**2>/<phi>**2
1.2271564     0.0092474819

