Time = 1000
Temperature
   1.0806565    0.10609593

Pressure
   23.661504    0.59300004

CM Mom
-1.2520462e-16 1.6924612e-17 
-3.3575736e-17 3.3664009e-17 
-1.5030118e-17 2.4431926e-16 
2.395483e-16   1.4407515e-16 

CM Pos
7.4993406      0.016567459   
7.4965317      0.017226663   
7.497727       0.02092146    
12.986716      0.015071777   

Stress
20.4293      -0.0184322   -0.0350805    0.268875     0.0802134    0.069387    
-0.0184322   20.3863      0.017953      0.0802134    0.328862     0.0657044   
-0.0350805   0.017953     20.4574       0.069387     0.0657044    0.306295    

Stress Spherical
0            0            0             0            0            0           
0            0            0             0            0            0           
0            0            0             0            0            0           

Inertia
149.998      -56.2288     -56.2565      1.18695      0.204509     0.224758    
-56.2288     150.062      -56.1896      0.204509     1.11562      0.119427    
-56.2565     -56.1896     150.012       0.224758     0.119427     1.49582     

Bond Length
0.61972835    0.0054945848

BB bond length
0.61972835    0.0054945848

Water EE distance
0             0           

PEG EE distance
6.4115784     0.15640572  

BBB P2(x)
0.46713258    0.065006129 

BBB first bond length
0.61949901    0.0056186104

BBB second bond length
0.61973087    0.0052388494

BBB <phi**2>/<phi>**2
1.219391      0.013623301 

Time = 2000
Temperature
1.0101819     0.012967732 

Pressure
23.280161     0.057028309 

CM Mom
-1.4738952e-16 1.433486e-17  
-2.8051525e-17 1.3891735e-17 
3.971875e-17   6.5755618e-17 
1.6735245e-16  2.834719e-17  

CM Pos
7.501121       0.012798402   
7.5023181      0.011910168   
7.5041068      0.010194293   
12.994749      0.01041212    

Stress
20.252       -0.00996563  -0.0354997    0.0835983    0.0542142    0.0287581   
-0.00996563  20.2511      -0.042543     0.0542142    0.0901372    0.065021    
-0.0354997   -0.042543    20.2592       0.0287581    0.065021     0.112586    

Stress Spherical
0            0            0             0            0            0           
0            0            0             0            0            0           
0            0            0             0            0            0           

Inertia
149.969      -56.2409     -56.2977      0.227928     0.107567     0.198142    
-56.2409     149.955      -56.3252      0.107567     0.28205      0.116066    
-56.2977     -56.3252     149.923       0.198142     0.116066     0.341199    

Bond Length
0.61821488    0.0022018482

BB bond length
0.61821488    0.0022018482

Water EE distance
0             0           

PEG EE distance
6.6325162     0.23846101  

BBB P2(x)
0.51104878    0.017310518 

BBB first bond length
0.61779718    0.0023003092

BBB second bond length
0.61814776    0.0022927319

BBB <phi**2>/<phi>**2
1.2287611     0.0096576256

