Time = 500
Temperature
   1.0366594   0.048438094

Pressure
   23.097264    0.14865779

CM Mom
-3.6619462e-19 1.6427854e-17 
5.0079173e-17  3.2737971e-18 
4.2223832e-17  8.655233e-18  
6.7969126e-17  5.1587546e-18 

CM Pos
7.4898323      0.0055030868  
7.5023136      0.019242513   
7.5075507      0.011741485   
12.99022       0.018506111   

Stress
20.0402      0.0559467    0.0331689     0.110648     0.039108     0.0497158   
0.0559467    19.973       -0.0547037    0.039108     0.123619     0.0629551   
0.0331689    -0.0547037   19.9615       0.0497158    0.0629551    0.120692    

Stress Spherical
0            0            0             0            0            0           
0            0            0             0            0            0           
0            0            0             0            0            0           

Inertia
149.842      -56.1559     -56.2009      0.41041      0.231349     0.0623618   
-56.1559     149.603      -56.2776      0.231349     0.203005     0.223346    
-56.2009     -56.2776     149.562       0.0623618    0.223346     0.350324    

Bond Length
0.61079691    0.0018816304

BB bond length
0.61079691    0.0018816304

Water EE distance
0             0           

PEG EE distance
3.6598425     0.26470268  

Time = 1000
Temperature
1.016254      0.0034530752

Pressure
23.025945     0.08959307  

CM Mom
-1.8803298e-17 1.5199675e-17 
6.4006647e-17  7.7277486e-18 
3.1200934e-17  1.1305076e-17 
7.6188291e-17  6.1490136e-18 

CM Pos
7.4830081      0.017080611   
7.4883684      0.017121794   
7.5143749      0.0055508714  
12.982192      0.014431631   

Stress
19.9656      -0.0562073   -0.0165528    0.0970022    0.0382502    0.0935246   
-0.0562073   20.0032      0.0315806     0.0382502    0.140445     0.0849919   
-0.0165528   0.0315806    19.9753       0.0935246    0.0849919    0.0552781   

Stress Spherical
0            0            0             0            0            0           
0            0            0             0            0            0           
0            0            0             0            0            0           

Inertia
149.838      -56.0351     -56.155       0.273306     0.20049      0.0906579   
-56.0351     149.677      -56.2396      0.20049      0.225727     0.141403    
-56.155      -56.2396     149.388       0.0906579    0.141403     0.332093    

Bond Length
0.61266286    0.0057521436

BB bond length
0.61266286    0.0057521436

Water EE distance
0             0           

PEG EE distance
3.2384603     0.16570116  

