Time = 1000
Temperature
   1.0249943   0.040890061

Pressure
   23.648631     0.1037729

CM Mom
-7.4674671e-18 2.5082648e-17 
-1.636507e-17  2.3329225e-17 
-2.4573993e-17 5.3394183e-17 
5.8552468e-17  3.9030743e-17 

CM Pos
7.4927938      0.021807629   
7.4976672      0.021112027   
7.4983296      0.0095619535  
12.98394       0.015107383   

Stress
20.6009      0.0550638    0.0168914     0.138898     0.0774293    0.0884197   
0.0550638    20.5928      -0.0027167    0.0774293    0.16063      0.0825796   
0.0168914    -0.0027167   20.5281       0.0884197    0.0825796    0.0790167   

Stress Spherical
0            0            0             0            0            0           
0            0            0             0            0            0           
0            0            0             0            0            0           

Inertia
149.942      -56.2062     -56.1884      0.606094     0.180754     0.206115    
-56.2062     149.871      -56.1872      0.180754     0.125707     0.18446     
-56.1884     -56.1872     149.87        0.206115     0.18446      0.430907    

Bond Length
0.62029414    0.0036975563

BB bond length
0.62029414    0.0036975563

Water EE distance
0             0           

PEG EE distance
3.967901      0.36289211  

BBB P2(x)
0.49786149    0.056470051 

BBB first bond length
0.61937453    0.0035133952

BBB second bond length
0.6202503     0.0038123907

BBB <phi**2>/<phi>**2
1.2149909     0.01580017  

Time = 2000
Temperature
1.0072901     0.0051794508

Pressure
23.583521     0.098255929 

CM Mom
1.6794673e-17  1.8461977e-17 
-1.654053e-17  1.3117464e-17 
-2.6170953e-18 2.3138777e-17 
3.7387823e-17  1.4593336e-17 

CM Pos
7.5079064      0.018844069   
7.5009268      0.011830777   
7.4928476      0.011434481   
12.991372      0.013856389   

Stress
20.5504      -0.0061306   0.0348753     0.109951     0.0566978    0.0810741   
-0.0061306   20.5678      0.0243183     0.0566978    0.120335     0.0499927   
0.0348753    0.0243183    20.5676       0.0810741    0.0499927    0.123314    

Stress Spherical
0            0            0             0            0            0           
0            0            0             0            0            0           
0            0            0             0            0            0           

Inertia
149.862      -56.3319     -56.268       0.377162     0.196099     0.159176    
-56.3319     149.987      -56.1881      0.196099     0.225408     0.166959    
-56.268      -56.1881     150.088       0.159176     0.166959     0.24263     

Bond Length
0.61914536    0.003628713 

BB bond length
0.61914536    0.003628713 

Water EE distance
0             0           

PEG EE distance
4.1574262     0.094498836 

BBB P2(x)
0.51422298    0.017434075 

BBB first bond length
0.61936209    0.0046386058

BBB second bond length
0.61938989    0.004003587 

BBB <phi**2>/<phi>**2
1.2330515     0.0094316512

