Time = 1000
Temperature
   1.0623348   0.086937051

Pressure
   23.607818    0.45161869

CM Mom
1.071769e-18   2.1287888e-17 
-2.0887135e-17 2.155285e-17  
-6.1779159e-18 1.3400714e-16 
1.0844426e-16  8.7126591e-17 

CM Pos
7.4994764      0.019447519   
7.5015688      0.024609054   
7.4962142      0.014915218   
12.98884       0.012542833   

Stress
20.452       0.00760038   0.00855068    0.244811     0.0522633    0.063638    
0.00760038   20.4102      -0.012583     0.0522633    0.178337     0.0549979   
0.00855068   -0.012583    20.4191       0.063638     0.0549979    0.252396    

Stress Spherical
0            0            0             0            0            0           
0            0            0             0            0            0           
0            0            0             0            0            0           

Inertia
150.022      -56.2819     -56.226       1.43455      0.106562     0.097961    
-56.2819     149.986      -56.2938      0.106562     0.929297     0.25551     
-56.226      -56.2938     150.07        0.097961     0.25551      1.0551      

Bond Length
0.61860206    0.0036070976

BB bond length
0.61860206    0.0036070976

Water EE distance
0             0           

PEG EE distance
6.7610095     0.26323661  

BBB P2(x)
0.46252384    0.061031138 

BBB first bond length
0.61850928    0.0035576121

BBB second bond length
0.61836451    0.0036145015

BBB <phi**2>/<phi>**2
1.2182754     0.016855849 

Time = 2000
Temperature
1.011251      0.0085505986

Pressure
23.295054     0.05617301  

CM Mom
1.2388793e-17  1.9401395e-17 
-2.5458771e-17 1.55629e-17   
-2.3639345e-17 3.4710043e-17 
5.0418736e-17  2.533389e-17  

CM Pos
7.4982888      0.00993116    
7.4987484      0.012721867   
7.4858233      0.0097746131  
12.980501      0.0078900898  

Stress
20.2181      0.0414018    -0.0149224    0.0807482    0.0754589    0.0579058   
0.0414018    20.319       -0.0105233    0.0754589    0.106723     0.0489122   
-0.0149224   -0.0105233   20.2648       0.0579058    0.0489122    0.0940693   

Stress Spherical
0            0            0             0            0            0           
0            0            0             0            0            0           
0            0            0             0            0            0           

Inertia
149.653      -56.1869     -56.1086      0.43202      0.123992     0.151244    
-56.1869     149.634      -56.1648      0.123992     0.220018     0.113092    
-56.1086     -56.1648     149.847       0.151244     0.113092     0.401388    

Bond Length
0.61871537    0.0021585498

BB bond length
0.61871537    0.0021585498

Water EE distance
0             0           

PEG EE distance
6.956872      0.18231171  

BBB P2(x)
0.51177144    0.011988255 

BBB first bond length
0.61882156    0.0024241134

BBB second bond length
0.61884107    0.0023780498

BBB <phi**2>/<phi>**2
1.2227993     0.0071176213

