Time = 1000
Temperature
   1.2814401    0.34315174

Pressure
   26.625625     3.2075517

CM Mom
-5.6273024e-17 3.9755499e-17 
-7.4715334e-18 4.2508468e-17 
1.3775588e-16  6.8024258e-16 
4.9687277e-16  4.913594e-16  

CM Pos
10.001265      0.012924206   
9.9858447      0.052580913   
10.00694       0.014869136   
17.317151      0.025703985   

Stress
22.8249      -0.0255086   -0.0472964    2.24837      0.0441788    0.062298    
-0.0255086   22.7722      0.0345447     0.0441788    2.20652      0.0723835   
-0.0472964   0.0345447    22.7535       0.062298     0.0723835    2.22794     

Stress Spherical
0            0            0             0            0            0           
0            0            0             0            0            0           
0            0            0             0            0            0           

Inertia
268.187      -99.8592     -100.089      5.38445      0.407207     0.244642    
-99.8592     268.581      -99.9181      0.407207     6.66031      0.455445    
-100.089     -99.9181     268.08        0.244642     0.455445     5.46064     

Bond Length
0.61351287    0.0078491924

BB bond length
0.61351287    0.0078491924

Water EE distance
0             0           

PEG EE distance
3.8796498     0.23299012  

BBB P2(x)
0.065755962   0.0077221859

BBB first bond length
0.61379489    0.0080909831

BBB second bond length
0.61394469    0.0076667003

BBB <phi**2>/<phi>**2
1.1170759     0.0029132391

Time = 2000
Temperature
1.017783      0.0055279476

Pressure
24.374687     0.10097332  

CM Mom
-4.7827627e-17 1.9206201e-17 
-1.1380454e-17 2.2629455e-17 
2.9901235e-17  1.6334152e-16 
1.3257425e-16  1.1531076e-16 

CM Pos
10.000598      0.0096092071  
10.003688      0.015074391   
9.998935       0.0091811087  
17.322379      0.0052779017  

Stress
21.3365      -0.00425228  -0.0379549    0.0890047    0.0415059    0.0720789   
-0.00425228  21.3566      0.00281107    0.0415059    0.11803      0.0729059   
-0.0379549   0.00281107   21.2763       0.0720789    0.0729059    0.0991143   

Stress Spherical
0            0            0             0            0            0           
0            0            0             0            0            0           
0            0            0             0            0            0           

Inertia
266.829      -100.012     -99.9866      0.704993     0.175851     0.162233    
-100.012     266.761      -100.041      0.175851     1.07373      0.131341    
-99.9866     -100.041     266.866       0.162233     0.131341     0.746325    

Bond Length
0.61049156    0.00054824671

BB bond length
0.61049156    0.00054824671

Water EE distance
0             0           

PEG EE distance
3.601976      0.036138283 

BBB P2(x)
0.0580309     0.0051675826

BBB first bond length
0.61073127    0.00071227833

BBB second bond length
0.61066262    0.0005267688

BBB <phi**2>/<phi>**2
1.1146608     0.0024344401

Time = 3000
Temperature
1.009901      0.0037277577

Pressure
24.280704     0.10595753  

CM Mom
-3.9301576e-17 1.9113697e-17 
-1.808174e-17  8.6360031e-18 
2.7141704e-17  2.5678469e-17 
5.7310416e-17  2.0568159e-17 

CM Pos
9.999597       0.012096135   
10.003605      0.0085282273  
9.9996021      0.0098996562  
17.322132      0.012118525   

Stress
21.2502      -0.000415393 -0.0486425    0.116534     0.035833     0.0654237   
-0.000415393 21.2506      0.0475896     0.035833     0.106839     0.0412836   
-0.0486425   0.0475896    21.2575       0.0654237    0.0412836    0.102488    

Stress Spherical
0            0            0             0            0            0           
0            0            0             0            0            0           
0            0            0             0            0            0           

Inertia
266.825      -100.066     -99.997       0.365257     0.178415     0.183412    
-100.066     266.741      -100.03       0.178415     0.529269     0.159805    
-99.997      -100.03      266.819       0.183412     0.159805     0.478184    

Bond Length
0.61057027    0.00060386026

BB bond length
0.61057027    0.00060386026

Water EE distance
0             0           

PEG EE distance
3.5634825     0.031472604 

BBB P2(x)
0.054184954   0.0037274967

BBB first bond length
0.61076118    0.00058349066

BBB second bond length
0.61087373    0.00065595559

BBB <phi**2>/<phi>**2
1.11301       0.0020423613

Time = 4000
Temperature
1.0106904     0.0057112999

Pressure
24.264347     0.067221896 

CM Mom
-4.4522901e-17 1.2212047e-17 
-1.030142e-17  1.2317017e-17 
2.6108478e-17  1.6433368e-17 
5.6978155e-17  9.7184885e-18 

CM Pos
10.000514      0.008545737   
10.000937      0.011999184   
9.9987683      0.010486257   
17.320641      0.010573463   

Stress
21.2517      0.0106268    -0.0117035    0.0920302    0.0308167    0.0494366   
0.0106268    21.2237      -0.018823     0.0308167    0.0724364    0.0226708   
-0.0117035   -0.018823    21.2267       0.0494366    0.0226708    0.0880276   

Stress Spherical
0            0            0             0            0            0           
0            0            0             0            0            0           
0            0            0             0            0            0           

Inertia
266.718      -100.042     -100.013      0.334497     0.153849     0.116173    
-100.042     266.696      -99.9973      0.153849     0.361259     0.143402    
-100.013     -99.9973     266.731       0.116173     0.143402     0.26135     

Bond Length
0.61058606    0.00059716536

BB bond length
0.61058606    0.00059716536

Water EE distance
0             0           

PEG EE distance
3.5322976     0.026189286 

BBB P2(x)
0.050592402   0.0032644149

BBB first bond length
0.61087887    0.00055890564

BBB second bond length
0.61089835    0.00065480506

BBB <phi**2>/<phi>**2
1.1121599     0.0018687139

Time = 5000
Temperature
1.0103952     0.0057919173

Pressure
24.286568     0.11155481  

CM Mom
-4.3373959e-17 5.9367937e-18 
4.6023908e-18  3.8694189e-17 
1.8482175e-17  1.4261786e-17 
6.1366085e-17  1.4634242e-17 

CM Pos
9.9955113      0.013913551   
10.008775      0.012789012   
9.9977677      0.013077951   
17.321707      0.013591426   

Stress
21.2585      0.00911452   0.0256088     0.115261     0.0718839    0.0489531   
0.00911452   21.2651      0.00756137    0.0718839    0.123179     0.0789525   
0.0256088    0.00756137   21.2478       0.0489531    0.0789525    0.11116     

Stress Spherical
0            0            0             0            0            0           
0            0            0             0            0            0           
0            0            0             0            0            0           

Inertia
266.812      -100.087     -99.9434      0.423651     0.185485     0.19858     
-100.087     266.553      -100.085      0.185485     0.36033      0.233835    
-99.9434     -100.085     266.773       0.19858      0.233835     0.322009    

Bond Length
0.61067601    0.00044286976

BB bond length
0.61067601    0.00044286976

Water EE distance
0             0           

PEG EE distance
3.5222141     0.023700056 

BBB P2(x)
0.052412734   0.0057867241

BBB first bond length
0.61092463    0.00040629181

BBB second bond length
0.61086466    0.00045695731

BBB <phi**2>/<phi>**2
1.1127187     0.0022342343

Time = 6000
Temperature
1.0098515     0.0067043772

Pressure
24.2586       0.049224632 

CM Mom
-3.9480762e-17 1.5873383e-17 
-3.9441129e-18 1.0139692e-17 
3.318545e-17   9.6415595e-18 
5.4564918e-17  1.2081707e-17 

CM Pos
10.002766      0.016813619   
9.998352       0.0084869578  
9.9975175      0.010040865   
17.31973       0.01105633    

Stress
21.2309      -0.0447279   -0.00504643   0.10554      0.0511044    0.0747298   
-0.0447279   21.2299      -0.0199155    0.0511044    0.086641     0.0790093   
-0.00504643  -0.0199155   21.2316       0.0747298    0.0790093    0.056442    

Stress Spherical
0            0            0             0            0            0           
0            0            0             0            0            0           
0            0            0             0            0            0           

Inertia
266.603      -99.995      -100.061      0.241521     0.1867       0.243103    
-99.995      266.672      -99.9696      0.1867       0.409047     0.171325    
-100.061     -99.9696     266.696       0.243103     0.171325     0.316827    

Bond Length
0.61043044    0.00060789635

BB bond length
0.61043044    0.00060789635

Water EE distance
0             0           

PEG EE distance
3.4906763     0.031147377 

BBB P2(x)
0.052547426   0.0046489582

BBB first bond length
0.61067854    0.00062907304

BBB second bond length
0.61067781    0.00055829674

BBB <phi**2>/<phi>**2
1.1122911     0.001761682 

Time = 7000
Temperature
1.011756      0.0056450338

Pressure
24.284343     0.044566629 

CM Mom
-3.0640485e-17 1.890203e-17  
2.4638194e-18  1.0458956e-17 
1.5335575e-17  1.7887921e-17 
4.2528552e-17  1.2572433e-17 

CM Pos
9.9986798      0.012061311   
10.003105      0.010865602   
9.9981846      0.010056087   
17.320499      0.0087240032  

Stress
21.2981      -0.0213382   -0.00495967   0.0941267    0.0623251    0.0799126   
-0.0213382   21.2579      -0.0291289    0.0623251    0.0731867    0.0574994   
-0.00495967  -0.0291289   21.1965       0.0799126    0.0574994    0.0814782   

Stress Spherical
0            0            0             0            0            0           
0            0            0             0            0            0           
0            0            0             0            0            0           

Inertia
266.701      -100.086     -99.9509      0.397452     0.151223     0.11657     
-100.086     266.624      -100.024      0.151223     0.243945     0.154375    
-99.9509     -100.024     266.706       0.11657      0.154375     0.216874    

Bond Length
0.61057791    0.00036696249

BB bond length
0.61057791    0.00036696249

Water EE distance
0             0           

PEG EE distance
3.549835      0.038834069 

BBB P2(x)
0.055221614   0.0051295591

BBB first bond length
0.61073674    0.00044797828

BBB second bond length
0.61080392    0.00039993609

BBB <phi**2>/<phi>**2
1.1136226     0.0015124068

Time = 8000
Temperature
1.0079108     0.0030869841

Pressure
24.300004     0.050183171 

CM Mom
-1.6365329e-17 1.2672408e-17 
4.4025208e-18  1.6292928e-17 
-7.7914874e-18 1.7813008e-17 
3.0848445e-17  1.1816919e-17 

CM Pos
9.9991801      0.010273255   
10.001437      0.0093153003  
9.9950995      0.0067616559  
17.318039      0.010554545   

Stress
21.2636      -0.0235858   -0.0308167    0.0688073    0.0411043    0.0599225   
-0.0235858   21.2806      0.00342711    0.0411043    0.0638041    0.0519726   
-0.0308167   0.00342711   21.2899       0.0599225    0.0519726    0.0840915   

Stress Spherical
0            0            0             0            0            0           
0            0            0             0            0            0           
0            0            0             0            0            0           

Inertia
266.592      -99.9969     -99.9679      0.217009     0.148403     0.151238    
-99.9969     266.562      -100.013      0.148403     0.209063     0.0891393   
-99.9679     -100.013     266.679       0.151238     0.0891393    0.291945    

Bond Length
0.61055683    0.00059889132

BB bond length
0.61055683    0.00059889132

Water EE distance
0             0           

PEG EE distance
3.5057245     0.032158963 

BBB P2(x)
0.054805694   0.0046019082

BBB first bond length
0.61080458    0.00066405936

BBB second bond length
0.61085967    0.00061545556

BBB <phi**2>/<phi>**2
1.1138919     0.0016352836

Time = 9000
Temperature
1.0118151     0.0052552426

Pressure
24.301814     0.080114227 

CM Mom
-4.2805795e-17 1.3067975e-17 
-1.1906455e-17 2.9326618e-17 
-4.6683777e-18 1.7958583e-17 
5.4101392e-17  2.0549115e-17 

CM Pos
9.992593       0.010797563   
10.00127       0.016225241   
9.9937653      0.005713947   
17.313375      0.011487577   

Stress
21.2756      -0.0151804   0.0140879     0.110095     0.0531696    0.0734496   
-0.0151804   21.2703      -0.0119812    0.0531696    0.104998     0.0555531   
0.0140879    -0.0119812   21.2584       0.0734496    0.0555531    0.0955263   

Stress Spherical
0            0            0             0            0            0           
0            0            0             0            0            0           
0            0            0             0            0            0           

Inertia
266.55       -99.9446     -99.8951      0.405779     0.203343     0.152402    
-99.9446     266.401      -99.9427      0.203343     0.176264     0.207869    
-99.8951     -99.9427     266.558       0.152402     0.207869     0.333544    

Bond Length
0.6103451     0.00060105504

BB bond length
0.6103451     0.00060105504

Water EE distance
0             0           

PEG EE distance
3.5650567     0.029538029 

BBB P2(x)
0.056970858   0.0027468945

BBB first bond length
0.61061508    0.00052488398

BBB second bond length
0.61057907    0.00069879368

BBB <phi**2>/<phi>**2
1.1142849     0.00074484978

Time = 10000
Temperature
1.0115562     0.0039724266

Pressure
24.277054     0.052374602 

CM Mom
-3.5702701e-17 1.1438588e-17 
8.3353514e-18  1.9151082e-17 
4.156405e-17   2.4880643e-17 
6.1802939e-17  1.9203631e-17 

CM Pos
10.002515      0.0090882525  
10.002271      0.010736866   
9.9996855      0.0086174371  
17.323097      0.0053487737  

Stress
21.2501      -0.013115    0.00953325    0.0839334    0.042327     0.0555822   
-0.013115    21.2308      0.0104912     0.042327     0.0821025    0.0491884   
0.00953325   0.0104912    21.2515       0.0555822    0.0491884    0.0449197   

Stress Spherical
0            0            0             0            0            0           
0            0            0             0            0            0           
0            0            0             0            0            0           

Inertia
266.705      -100.072     -99.9808      0.174276     0.0695485    0.139753    
-100.072     266.725      -100.055      0.0695485    0.31262      0.147239    
-99.9808     -100.055     266.787       0.139753     0.147239     0.121514    

Bond Length
0.61059365    0.00060883067

BB bond length
0.61059365    0.00060883067

Water EE distance
0             0           

PEG EE distance
3.5938216     0.021054885 

BBB P2(x)
0.05038954    0.0035728812

BBB first bond length
0.6108204     0.00065272767

BBB second bond length
0.61075088    0.00063287805

BBB <phi**2>/<phi>**2
1.111882      0.0025447081

Time = 11000
Temperature
1.0105603     0.0035053524

Pressure
24.270714     0.053279191 

CM Mom
-3.2449584e-17 1.1506134e-17 
2.2302472e-17  1.1181597e-17 
3.5787867e-17  1.1433563e-17 
5.5930902e-17  9.5408082e-18 

CM Pos
10.006268      0.013615794   
10.006273      0.01004225    
10.00127       0.013177518   
17.32849       0.01397108    

Stress
21.269       0.0101473    -0.0140094    0.065863     0.0500813    0.0655308   
0.0101473    21.2168      0.00277371    0.0500813    0.0879414    0.0293315   
-0.0140094   0.00277371   21.2366       0.0655308    0.0293315    0.0580939   

Stress Spherical
0            0            0             0            0            0           
0            0            0             0            0            0           
0            0            0             0            0            0           

Inertia
266.808      -100.11      -100.04       0.362069     0.192231     0.200699    
-100.11      266.797      -100.077      0.192231     0.462962     0.142573    
-100.04      -100.077     266.919       0.200699     0.142573     0.331312    

Bond Length
0.61058448    0.00077522593

BB bond length
0.61058448    0.00077522593

Water EE distance
0             0           

PEG EE distance
3.5556038     0.04218062  

BBB P2(x)
0.054117457   0.0028164325

BBB first bond length
0.61089733    0.00076098426

BBB second bond length
0.61079117    0.00078467102

BBB <phi**2>/<phi>**2
1.1136793     0.00096731227

Time = 12000
Temperature
1.0099753     0.0043627306

Pressure
24.322562     0.066820534 

CM Mom
-2.6187975e-17 1.468691e-17  
2.8264956e-17  3.4415717e-17 
8.8364931e-17  1.3406815e-17 
1.0229071e-16  2.0238064e-17 

CM Pos
10.002932      0.014190867   
9.9951001      0.010235625   
9.9994353      0.0071046138  
17.319056      0.007124398   

Stress
21.3302      6.85441e-05  0.0339186     0.108864     0.0446042    0.0832091   
6.85441e-05  21.2633      -0.0163262    0.0446042    0.0776289    0.0661808   
0.0339186    -0.0163262   21.2897       0.0832091    0.0661808    0.0806047   

Stress Spherical
0            0            0             0            0            0           
0            0            0             0            0            0           
0            0            0             0            0            0           

Inertia
266.547      -99.9582     -100.045      0.314204     0.106077     0.149766    
-99.9582     266.684      -99.9602      0.106077     0.306841     0.192119    
-100.045     -99.9602     266.606       0.149766     0.192119     0.246784    

Bond Length
0.61023924    0.000655133 

BB bond length
0.61023924    0.000655133 

Water EE distance
0             0           

PEG EE distance
3.511194      0.02530982  

BBB P2(x)
0.052259686   0.0047733422

BBB first bond length
0.61064461    0.00060199579

BBB second bond length
0.61036632    0.00066059791

BBB <phi**2>/<phi>**2
1.1126846     0.0022339514

Time = 13000
Temperature
1.0121218     0.0025115909

Pressure
24.304101     0.068244617 

CM Mom
-3.1200202e-17 1.9548854e-17 
4.4381091e-17  2.8283334e-17 
9.6383452e-17  2.5493214e-17 
1.1649395e-16  2.2227728e-17 

CM Pos
9.9993469      0.0067616559  
10.000687      0.0069041079  
9.9980178      0.0079545703  
17.319386      0.0084240156  

Stress
21.2315      0.00479167   -0.0583121    0.117085     0.0388382    0.053894    
0.00479167   21.291       -0.00179844   0.0388382    0.0900133    0.0760795   
-0.0583121   -0.00179844  21.286        0.053894     0.0760795    0.0888423   

Stress Spherical
0            0            0             0            0            0           
0            0            0             0            0            0           
0            0            0             0            0            0           

Inertia
266.671      -100.006     -99.9691      0.216109     0.140661     0.118928    
-100.006     266.593      -99.9525      0.140661     0.236072     0.120533    
-99.9691     -99.9525     266.662       0.118928     0.120533     0.218594    

Bond Length
0.61034855    0.00071749402

BB bond length
0.61034855    0.00071749402

Water EE distance
0             0           

PEG EE distance
3.5104226     0.014783627 

BBB P2(x)
0.053450643   0.0045020738

BBB first bond length
0.61070187    0.00073274623

BBB second bond length
0.61061297    0.00079506067

BBB <phi**2>/<phi>**2
1.1132168     0.0020996964

Time = 14000
Temperature
1.009618      0.004270635 

Pressure
24.29266      0.071617653 

CM Mom
-1.870325e-17  1.3391003e-17 
3.2115744e-17  1.1978416e-17 
1.0010377e-16  8.0596247e-18 
1.0824442e-16  8.5382371e-18 

CM Pos
9.9940104      0.012878669   
10.003438      0.009784156   
10.004522      0.0044505982  
17.321652      0.011460695   

Stress
21.2717      0.0189414    0.0310505     0.109921     0.0599613    0.0484745   
0.0189414    21.2503      -0.00152955   0.0599613    0.0812895    0.0532318   
0.0310505    -0.00152955  21.2747       0.0484745    0.0532318    0.0715792   

Stress Spherical
0            0            0             0            0            0           
0            0            0             0            0            0           
0            0            0             0            0            0           

Inertia
266.834      -99.954      -99.9894      0.223757     0.169753     0.170493    
-99.954      266.643      -100.057      0.169753     0.301932     0.149329    
-99.9894     -100.057     266.625       0.170493     0.149329     0.351475    

Bond Length
0.61013083    0.00073258489

BB bond length
0.61013083    0.00073258489

Water EE distance
0             0           

PEG EE distance
3.5644644     0.026473997 

BBB P2(x)
0.054665713   0.002919887 

BBB first bond length
0.61038185    0.00073031788

BBB second bond length
0.61040744    0.00069225083

BBB <phi**2>/<phi>**2
1.1135827     0.0017609502

Time = 15000
Temperature
1.0105721     0.00280509  

Pressure
24.255987     0.067721845 

CM Mom
-3.0609126e-17 1.6007582e-17 
2.0169021e-17  1.2930427e-17 
9.8042932e-17  1.1301023e-17 
1.0664959e-16  1.153869e-17  

CM Pos
10.000514      0.0087943279  
9.9996861      0.0097610344  
9.9981846      0.010686238   
17.319583      0.0061350831  

Stress
21.1882      -0.00188597  0.00698595    0.107516     0.0544741    0.0418857   
-0.00188597  21.2497      0.0064118     0.0544741    0.0798051    0.0578394   
0.00698595   0.0064118    21.2402       0.0418857    0.0578394    0.124142    

Stress Spherical
0            0            0             0            0            0           
0            0            0             0            0            0           
0            0            0             0            0            0           

Inertia
266.636      -100.062     -99.9643      0.199609     0.119123     0.129141    
-100.062     266.652      -99.941       0.119123     0.266428     0.163391    
-99.9643     -99.941      266.697       0.129141     0.163391     0.239039    

Bond Length
0.61019219    0.00052149475

BB bond length
0.61019219    0.00052149475

Water EE distance
0             0           

PEG EE distance
3.5012657     0.025011233 

BBB P2(x)
0.052431338   0.0024806889

BBB first bond length
0.61038087    0.00061796072

BBB second bond length
0.61046389    0.00053652228

BBB <phi**2>/<phi>**2
1.1123807     0.0017924615

Time = 16000
Temperature
1.0124504     0.0045517269

Pressure
24.274165     0.058760757 

CM Mom
4.5961132e-18  1.652091e-17  
2.2664546e-17  1.3287499e-17 
1.1610407e-16  1.5981409e-17 
1.2024881e-16  1.612726e-17  

CM Pos
9.9991801      0.016538242   
10.000437      0.013544118   
10.00177       0.010433081   
17.321322      0.0097829651  

Stress
21.2549      0.0263574    -0.00386199   0.0916362    0.0446591    0.0436262   
0.0263574    21.2513      0.00893651    0.0446591    0.074828     0.0622733   
-0.00386199  0.00893651   21.2096       0.0436262    0.0622733    0.0894028   

Stress Spherical
0            0            0             0            0            0           
0            0            0             0            0            0           
0            0            0             0            0            0           

Inertia
266.716      -100.013     -99.9678      0.361562     0.134058     0.141128    
-100.013     266.702      -100.008      0.134058     0.403178     0.144969    
-99.9678     -100.008     266.666       0.141128     0.144969     0.282159    

Bond Length
0.61043487    0.00072857748

BB bond length
0.61043487    0.00072857748

Water EE distance
0             0           

PEG EE distance
3.5118876     0.022487522 

BBB P2(x)
0.052674449   0.0030161286

BBB first bond length
0.61071882    0.00067682643

BBB second bond length
0.61062819    0.00086223507

BBB <phi**2>/<phi>**2
1.11277       0.0011178703

Time = 17000
Temperature
1.0087174     0.0031810839

Pressure
24.277107     0.061094149 

CM Mom
1.529924e-17   1.3076085e-17 
4.7082417e-18  2.3303509e-17 
9.2250086e-17  1.0772018e-17 
9.7549706e-17  8.9689138e-18 

CM Pos
9.9965119      0.012012793   
9.9942663      0.015213269   
10.004271      0.0069041079  
17.317659      0.012765265   

Stress
21.2451      -0.00864134  0.0394492     0.0812711    0.0356648    0.0565799   
-0.00864134  21.2684      -0.01857      0.0356648    0.0779538    0.0381435   
0.0394492    -0.01857     21.2447       0.0565799    0.0381435    0.0733991   

Stress Spherical
0            0            0             0            0            0           
0            0            0             0            0            0           
0            0            0             0            0            0           

Inertia
266.661      -99.9194     -99.9958      0.334392     0.194445     0.213008    
-99.9194     266.696      -99.9897      0.194445     0.331853     0.200979    
-99.9958     -99.9897     266.492       0.213008     0.200979     0.374764    

Bond Length
0.61041899    0.00053276634

BB bond length
0.61041899    0.00053276634

Water EE distance
0             0           

PEG EE distance
3.5132914     0.019628574 

BBB P2(x)
0.052945889   0.0034443053

BBB first bond length
0.61071696    0.00058775262

BBB second bond length
0.61069602    0.00066972857

BBB <phi**2>/<phi>**2
1.1137325     0.0023959582

Time = 18000
Temperature
1.0093596     0.0050640274

Pressure
24.288166     0.05028048  

CM Mom
3.0758515e-17  2.0578864e-17 
3.344717e-17   2.6561119e-17 
8.7514941e-17  2.2606697e-17 
1.0278865e-16  2.8252484e-17 

CM Pos
9.9950944      0.0078436691  
9.9946832      0.013373387   
9.998935       0.013893549   
17.313999      0.013567325   

Stress
21.2729      -0.0235083   0.00809147    0.0679951    0.0480521    0.0681922   
-0.0235083   21.2251      -0.000270221  0.0480521    0.0731183    0.0365439   
0.00809147   -0.000270221 21.2876       0.0681922    0.0365439    0.0596548   

Stress Spherical
0            0            0             0            0            0           
0            0            0             0            0            0           
0            0            0             0            0            0           

Inertia
266.559      -99.8804     -99.979       0.416614     0.182782     0.174392    
-99.8804     266.557      -99.9027      0.182782     0.222165     0.256546    
-99.979      -99.9027     266.471       0.174392     0.256546     0.326625    

Bond Length
0.61015413    0.00059583447

BB bond length
0.61015413    0.00059583447

Water EE distance
0             0           

PEG EE distance
3.4910323     0.032424097 

BBB P2(x)
0.05058584    0.0052626941

BBB first bond length
0.61041983    0.00068063019

BBB second bond length
0.61032923    0.00062940061

BBB <phi**2>/<phi>**2
1.1119116     0.0019073744

Time = 19000
Temperature
1.0096828     0.0034854521

Pressure
24.296274     0.025771752 

CM Mom
4.6052316e-17  8.4475211e-18 
2.8261543e-17  1.9531701e-17 
1.0242185e-16  2.2600181e-17 
1.1844766e-16  1.8534672e-17 

CM Pos
10.002265      0.011673774   
9.997685       0.0091096475  
10.003771      0.010459703   
17.322663      0.011767972   

Stress
21.2512      0.0039339    -0.0394791    0.0880185    0.0646113    0.0578079   
0.0039339    21.2884      -0.0117089    0.0646113    0.0781999    0.044792    
-0.0394791   -0.0117089   21.2674       0.0578079    0.044792     0.0643074   

Stress Spherical
0            0            0             0            0            0           
0            0            0             0            0            0           
0            0            0             0            0            0           

Inertia
266.689      -99.9954     -100.082      0.234571     0.209928     0.189319    
-99.9954     266.758      -100.004      0.209928     0.336062     0.165455    
-100.082     -100.004     266.648       0.189319     0.165455     0.349182    

Bond Length
0.6106113     0.00093403796

BB bond length
0.6106113     0.00093403796

Water EE distance
0             0           

PEG EE distance
3.4779105     0.019521029 

BBB P2(x)
0.049726955   0.0041331773

BBB first bond length
0.61087807    0.00087057762

BBB second bond length
0.6108719     0.00079882361

BBB <phi**2>/<phi>**2
1.111372      0.0021680727

Time = 20000
Temperature
1.0108124     0.005885064 

Pressure
24.28716      0.062670939 

CM Mom
5.6382375e-17  1.8584989e-17 
4.2945348e-17  2.1546583e-17 
8.4823711e-17  2.0860651e-17 
1.1391436e-16  2.2060822e-17 

CM Pos
10.000181      0.0099136923  
9.9999363      0.011929452   
9.9987683      0.013628808   
17.319871      0.013807472   

Stress
21.2208      -0.018938    -0.0260795    0.0805987    0.0531859    0.0813851   
-0.018938    21.2992      -0.0235999    0.0531859    0.108095     0.0425379   
-0.0260795   -0.0235999   21.2495       0.0813851    0.0425379    0.0823529   

Stress Spherical
0            0            0             0            0            0           
0            0            0             0            0            0           
0            0            0             0            0            0           

Inertia
266.625      -100.013     -99.9854      0.280727     0.218175     0.189256    
-100.013     266.626      -99.9589      0.218175     0.356428     0.175742    
-99.9854     -99.9589     266.637       0.189256     0.175742     0.308024    

Bond Length
0.61048785    0.00066597515

BB bond length
0.61048785    0.00066597515

Water EE distance
0             0           

PEG EE distance
3.4925722     0.030851419 

BBB P2(x)
0.052192501   0.0032621789

BBB first bond length
0.61072885    0.00063536292

BBB second bond length
0.61071128    0.00077678374

BBB <phi**2>/<phi>**2
1.1126519     0.0019031081

Time = 21000
Temperature
1.0105909     0.0052375776

Pressure
24.272173     0.061770987 

CM Mom
2.3907565e-17  3.3342071e-17 
2.2526613e-17  2.0236408e-17 
8.2044364e-17  1.691306e-17  
9.6981126e-17  1.4567641e-17 

CM Pos
9.9986798      0.0088180132  
10.008358      0.012169198   
9.9961834      0.014034204   
17.322379      0.010854552   

Stress
21.2524      -0.0288235   0.0194811     0.101816     0.0518435    0.0478785   
-0.0288235   21.2095      -0.0128021    0.0518435    0.0681763    0.046494    
0.0194811    -0.0128021   21.2646       0.0478785    0.046494     0.0968769   

Stress Spherical
0            0            0             0            0            0           
0            0            0             0            0            0           
0            0            0             0            0            0           

Inertia
266.756      -100.079     -99.9826      0.404466     0.138726     0.184587    
-100.079     266.544      -100.069      0.138726     0.325763     0.203005    
-99.9826     -100.069     266.802       0.184587     0.203005     0.240034    

Bond Length
0.61084764    0.00041756033

BB bond length
0.61084764    0.00041756033

Water EE distance
0             0           

PEG EE distance
3.4901384     0.02997853  

BBB P2(x)
0.04935371    0.0038171648

BBB first bond length
0.61108807    0.00047785563

BBB second bond length
0.61112876    0.00048293078

BBB <phi**2>/<phi>**2
1.1116232     0.0015887817

Time = 22000
Temperature
1.0113223     0.0031980565

Pressure
24.312419     0.069873572 

CM Mom
4.681928e-17   2.9731933e-17 
2.3652296e-17  1.1370397e-17 
1.0212868e-16  2.7626e-17    
1.1980345e-16  2.4603811e-17 

CM Pos
10.004933      0.012559717   
10.00619       0.01348212    
10.002771      0.0063392238  
17.328538      0.010021519   

Stress
21.2694      -0.0110679   0.0320083     0.0917767    0.0455285    0.0514821   
-0.0110679   21.2893      0.0150126     0.0455285    0.0819329    0.0610569   
0.0320083    0.0150126    21.282        0.0514821    0.0610569    0.11201     

Stress Spherical
0            0            0             0            0            0           
0            0            0             0            0            0           
0            0            0             0            0            0           

Inertia
266.842      -100.098     -100.087      0.339619     0.145343     0.143253    
-100.098     266.803      -100.088      0.145343     0.30382      0.149373    
-100.087     -100.088     266.888       0.143253     0.149373     0.337374    

Bond Length
0.61038072    0.00068595719

BB bond length
0.61038072    0.00068595719

Water EE distance
0             0           

PEG EE distance
3.527828      0.029092058 

BBB P2(x)
0.051143339   0.0030443617

BBB first bond length
0.61077081    0.0007039056

BBB second bond length
0.61066144    0.00069062237

BBB <phi**2>/<phi>**2
1.112406      0.001380687 

Time = 23000
Temperature
1.0097516     0.0040128492

Pressure
24.295788     0.073758854 

CM Mom
1.1850217e-17  7.950274e-18  
1.5365776e-17  2.6704102e-17 
7.8929701e-17  1.4069855e-17 
8.6035117e-17  1.3366668e-17 

CM Pos
9.9992635      0.010105744   
9.9963509      0.0097752695  
10.001353      0.011124855   
17.318764      0.0092996866  

Stress
21.2775      0.0202982    0.00324504    0.099783     0.0776785    0.0371903   
0.0202982    21.2605      -0.0126184    0.0776785    0.108347     0.0513057   
0.00324504   -0.0126184   21.2669       0.0371903    0.0513057    0.0889458   

Stress Spherical
0            0            0             0            0            0           
0            0            0             0            0            0           
0            0            0             0            0            0           

Inertia
266.618      -99.9728     -99.9995      0.291146     0.158874     0.0976976   
-99.9728     266.668      -99.9754      0.158874     0.25493      0.178337    
-99.9995     -99.9754     266.572       0.0976976    0.178337     0.248747    

Bond Length
0.61067158    0.00090513898

BB bond length
0.61067158    0.00090513898

Water EE distance
0             0           

PEG EE distance
3.5375811     0.022556449 

BBB P2(x)
0.053870577   0.0038797731

BBB first bond length
0.61086505    0.0009778583

BBB second bond length
0.6108219     0.00095531763

BBB <phi**2>/<phi>**2
1.1128422     0.0020926933

Time = 24000
Temperature
1.0114533     0.0066134222

Pressure
24.294435     0.086353423 

CM Mom
3.4904956e-17  1.8612429e-17 
2.135071e-18   5.5365571e-17 
7.7786777e-17  1.3054463e-17 
1.0132396e-16  2.4276346e-17 

CM Pos
9.9964285      0.010782098   
9.9963509      0.0090591357  
9.9958499      0.01235095    
17.31395       0.010859574   

Stress
21.2821      -0.0115183   -0.00238385   0.0616777    0.0488326    0.033969    
-0.0115183   21.2707      -0.00442751   0.0488326    0.119217     0.0407321   
-0.00238385  -0.00442751  21.2328       0.033969     0.0407321    0.0991785   

Stress Spherical
0            0            0             0            0            0           
0            0            0             0            0            0           
0            0            0             0            0            0           

Inertia
266.508      -99.9144     -99.9283      0.305457     0.164134     0.140922    
-99.9144     266.511      -99.9631      0.164134     0.32982      0.138609    
-99.9283     -99.9631     266.514       0.140922     0.138609     0.297749    

Bond Length
0.6108109     0.00048673163

BB bond length
0.6108109     0.00048673163

Water EE distance
0             0           

PEG EE distance
3.5233878     0.028967294 

BBB P2(x)
0.054987737   0.0046912676

BBB first bond length
0.61104198    0.00055158747

BBB second bond length
0.61111262    0.00060854476

BBB <phi**2>/<phi>**2
1.1128696     0.0024974493

Time = 25000
Temperature
1.0120353     0.0039347725

Pressure
24.285023     0.072582044 

CM Mom
6.1808401e-17  1.5821461e-17 
7.8465681e-18  1.0593789e-17 
7.1735886e-17  1.9306988e-17 
9.6773792e-17  1.9950548e-17 

CM Pos
9.9985131      0.0083531926  
10.000603      0.010082325   
10.00227       0.012267072   
17.321315      0.010373197   

Stress
21.2399      -0.0106989   -0.0155957    0.0930912    0.0345965    0.0642702   
-0.0106989   21.2712      -0.000552091  0.0345965    0.0911729    0.0474842   
-0.0155957   -0.000552091 21.241        0.0642702    0.0474842    0.109534    

Stress Spherical
0            0            0             0            0            0           
0            0            0             0            0            0           
0            0            0             0            0            0           

Inertia
266.755      -99.9867     -99.9968      0.344718     0.116616     0.156923    
-99.9867     266.697      -100.024      0.116616     0.33917      0.194648    
-99.9968     -100.024     266.656       0.156923     0.194648     0.189678    

Bond Length
0.61074661    0.00058216356

BB bond length
0.61074661    0.00058216356

Water EE distance
0             0           

PEG EE distance
3.4612997     0.030000535 

BBB P2(x)
0.053300356   0.003059927 

BBB first bond length
0.61104298    0.00049092018

BBB second bond length
0.61101261    0.00057887787

BBB <phi**2>/<phi>**2
1.113247      0.0017393504

Time = 26000
Temperature
1.0132211     0.0027816269

Pressure
24.286916     0.044118709 

CM Mom
5.7734976e-17  1.5134656e-17 
1.9854968e-17  1.1889979e-17 
6.4568337e-17  1.2761005e-17 
9.0865115e-17  1.3168941e-17 

CM Pos
10.000264      0.013822558   
9.9981019      0.010839977   
10.006439      0.011816729   
17.323294      0.0096759991  

Stress
21.2446      -0.00445048  -0.0226728    0.0572039    0.0832667    0.0592135   
-0.00445048  21.2407      0.00930556    0.0832667    0.0689954    0.0569916   
-0.0226728   0.00930556   21.2618       0.0592135    0.0569916    0.100947    

Stress Spherical
0            0            0             0            0            0           
0            0            0             0            0            0           
0            0            0             0            0            0           

Inertia
266.725      -99.9447     -100.063      0.286837     0.126235     0.167331    
-99.9447     266.774      -100.047      0.126235     0.368744     0.140917    
-100.063     -100.047     266.612       0.167331     0.140917     0.31616     

Bond Length
0.61026657    0.00067314954

BB bond length
0.61026657    0.00067314954

Water EE distance
0             0           

PEG EE distance
3.5104321     0.015579958 

BBB P2(x)
0.049192749   0.0022259531

BBB first bond length
0.61050109    0.0006788513

BBB second bond length
0.61049293    0.00064994721

BBB <phi**2>/<phi>**2
1.1114812     0.0016251707

Time = 27000
Temperature
1.012948      0.0042200113

Pressure
24.316196     0.062478611 

CM Mom
4.6410456e-17  1.6194852e-17 
2.8993358e-17  1.1015556e-17 
6.3398104e-17  1.1680899e-17 
8.5469968e-17  1.5126419e-17 

CM Pos
10.000931      0.006654383   
10.004856      0.010953231   
10.002687      0.010951009   
17.325406      0.0094704174  

Stress
21.3046      0.00727369   0.0189647     0.102314     0.0576511    0.0450633   
0.00727369   21.2596      -0.011106     0.0576511    0.0929646    0.0288259   
0.0189647    -0.011106    21.2732       0.0450633    0.0288259    0.0915978   

Stress Spherical
0            0            0             0            0            0           
0            0            0             0            0            0           
0            0            0             0            0            0           

Inertia
266.783      -100.038     -100.043      0.359028     0.0858729    0.150738    
-100.038     266.735      -100.026      0.0858729    0.21475      0.177376    
-100.043     -100.026     266.784       0.150738     0.177376     0.159545    

Bond Length
0.61041568    0.00045500275

BB bond length
0.61041568    0.00045500275

Water EE distance
0             0           

PEG EE distance
3.5164765     0.013570637 

BBB P2(x)
0.0540489     0.0024914434

BBB first bond length
0.61067117    0.00044242924

BBB second bond length
0.61071933    0.00056758692

BBB <phi**2>/<phi>**2
1.1135159     0.0017902584

Time = 28000
Temperature
1.0110139     0.005085978 

Pressure
24.280136     0.047478218 

CM Mom
5.6843271e-17  1.0721815e-17 
4.6350862e-17  2.5333153e-17 
8.0113473e-17  1.4925364e-17 
1.1157838e-16  1.8096592e-17 

CM Pos
10.000431      0.0077795872  
10.000603      0.0093599746  
10.000769      0.013383781   
17.321555      0.01118728    

Stress
21.2671      0.0244476    -0.0289872    0.0412576    0.0880245    0.0518873   
0.0244476    21.2345      0.0289534     0.0880245    0.0527678    0.0665573   
-0.0289872   0.0289534    21.245        0.0518873    0.0665573    0.101582    

Stress Spherical
