Time = 500
Temperature
   1.0383469   0.050425576

Pressure
   23.002693   0.078359863

CM Mom
2.1698266e-17  1.6003153e-17 
-6.4147195e-18 1.5912661e-17 
-3.3586141e-17 4.9698839e-17 
6.1183346e-17  2.9595248e-17 

CM Pos
7.4923788      0.020824489   
7.517679       0.032162224   
7.4900749      0.015823113   
12.990536      0.012036334   

Stress
19.8389      -0.0249081   -0.0473309    0.11241      0.0679863    0.0830981   
-0.0249081   19.9416      0.0359985     0.0679863    0.119615     0.0596121   
-0.0473309   0.0359985    19.8954       0.0830981    0.0596121    0.14053     

Stress Spherical
0            0            0             0            0            0           
0            0            0             0            0            0           
0            0            0             0            0            0           

Inertia
149.856      -56.3835     -56.1624      0.422924     0.223198     0.288152    
-56.3835     149.519      -56.3002      0.223198     0.352696     0.147122    
-56.1624     -56.3002     149.863       0.288152     0.147122     0.344306    

Bond Length
0.6140041     0.0028530072

BB bond length
0.6140041     0.0028530072

Water EE distance
0             0           

PEG EE distance
3.3862853     0.24094559  

Time = 1000
Temperature
1.0135044     0.0047689928

Pressure
22.976899     0.078894265 

CM Mom
7.8948705e-18  9.7291959e-18 
-2.2328538e-17 8.0648196e-18 
-5.5253113e-18 1.738467e-17  
3.0804998e-17  1.0217587e-17 

CM Pos
7.5054339      0.012066877   
7.4936458      0.01448706    
7.5004597      0.0093544948  
12.99013       0.010961526   

Stress
19.9449      0.0385723    -0.0427855    0.0696034    0.0952177    0.0578681   
0.0385723    19.9458      -0.00777287   0.0952177    0.155587     0.0483783   
-0.0427855   -0.00777287  19.9311       0.0578681    0.0483783    0.074446    

Stress Spherical
0            0            0             0            0            0           
0            0            0             0            0            0           
0            0            0             0            0            0           

Inertia
149.657      -56.3191     -56.3016      0.196539     0.140073     0.119095    
-56.3191     149.86       -56.2479      0.140073     0.18235      0.131514    
-56.3016     -56.2479     149.669       0.119095     0.131514     0.344779    

Bond Length
0.61353306    0.0047839953

BB bond length
0.61353306    0.0047839953

Water EE distance
0             0           

PEG EE distance
3.7943723     0.16847423  

