Time = 1000
Temperature
   1.0669239   0.090776489

Pressure
   23.737736    0.47281466

CM Mom
-3.52811e-17   1.3410015e-17 
-8.4358516e-18 3.4019721e-17 
2.1513451e-17  1.2589112e-16 
1.1801586e-16  7.0970041e-17 

CM Pos
7.4992309      0.00981146    
7.5026438      0.022666355   
7.4888577      0.019953898   
12.985058      0.019765059   

Stress
20.558       -0.0317182   -0.0201739    0.247799     0.0559514    0.075683    
-0.0317182   20.5279      -0.00700512   0.0559514    0.197695     0.0499028   
-0.0201739   -0.00700512  20.5316       0.075683     0.0499028    0.22636     

Stress Spherical
0            0            0             0            0            0           
0            0            0             0            0            0           
0            0            0             0            0            0           

Inertia
149.91       -56.2608     -56.1268      1.20028      0.204779     0.210278    
-56.2608     149.852      -56.1895      0.204779     1.01216      0.305848    
-56.1268     -56.1895     150.065       0.210278     0.305848     1.0366      

Bond Length
0.61952438    0.0041638821

BB bond length
0.61952438    0.0041638821

Water EE distance
0             0           

PEG EE distance
7.5134522     0.25556204  

BBB P2(x)
0.48216179    0.059426082 

BBB first bond length
0.61926656    0.004201435 

BBB second bond length
0.61949236    0.004258171 

BBB <phi**2>/<phi>**2
1.2178546     0.015286426 

Time = 2000
Temperature
1.0109987     0.0055606311

Pressure
23.417172     0.09354267  

CM Mom
-4.7187496e-17 1.3780696e-17 
-1.3321469e-17 1.4476697e-17 
1.5238409e-19  3.5845952e-17 
6.1502543e-17  1.7492754e-17 

CM Pos
7.5072365      0.010211015   
7.5026438      0.0084333639  
7.4944912      0.009066348   
12.992916      0.0075773     

Stress
20.38        0.00904726   0.0126588     0.101577     0.086652     0.0426425   
0.00904726   20.4123      0.0192673     0.086652     0.110792     0.0398629   
0.0126588    0.0192673    20.3666       0.0426425    0.0398629    0.15027     

Stress Spherical
0            0            0             0            0            0           
0            0            0             0            0            0           
0            0            0             0            0            0           

Inertia
149.839      -56.3397     -56.2554      0.244848     0.114301     0.0937095   
-56.3397     149.919      -56.263       0.114301     0.261044     0.11598     
-56.2554     -56.263      150.042       0.0937095    0.11598      0.292797    

Bond Length
0.61832082    0.0029809057

BB bond length
0.61832082    0.0029809057

Water EE distance
0             0           

PEG EE distance
7.3308407     0.3432988   

BBB P2(x)
0.52043951    0.014986979 

BBB first bond length
0.6182435     0.0030343637

BBB second bond length
0.61839312    0.0030524616

BBB <phi**2>/<phi>**2
1.2292876     0.0075456321

Time = 3000
Temperature
1.0104845     0.0086678553

Pressure
23.386728     0.082688273 

CM Mom
-8.3103781e-17 2.3532484e-17 
-2.0382161e-17 1.9691455e-17 
2.7748443e-17  9.556164e-18  
9.2436301e-17  2.4083787e-17 

CM Pos
7.5018994      0.0097169221  
7.4981963      0.012040289   
7.4947877      0.0096715792  
12.987438      0.0078744857  

Stress
20.3575      -0.00386178  -0.00566999   0.0892269    0.0568216    0.0662964   
-0.00386178  20.3763      0.0621781     0.0568216    0.124947     0.0758415   
-0.00566999  0.0621781    20.3382       0.0662964    0.0758415    0.0855851   

Stress Spherical
0            0            0             0            0            0           
0            0            0             0            0            0           
0            0            0             0            0            0           

Inertia
149.849      -56.2238     -56.2016      0.204984     0.103207     0.108246    
-56.2238     149.902      -56.1708      0.103207     0.197449     0.134543    
-56.2016     -56.1708     149.968       0.108246     0.134543     0.269712    

Bond Length
0.61968616    0.002509534 

BB bond length
0.61968616    0.002509534 

Water EE distance
0             0           

PEG EE distance
6.9634701     0.18283524  

BBB P2(x)
0.51970677    0.012824561 

BBB first bond length
0.61937643    0.0024699708

BBB second bond length
0.61953636    0.0025638825

BBB <phi**2>/<phi>**2
1.237169      0.011008575 

Time = 4000
Temperature
1.0114295     0.0079756363

Pressure
23.402942     0.079134411 

CM Mom
-6.2955203e-17 1.7452952e-17 
-1.4568248e-17 1.8923676e-17 
6.3526746e-18  2.8725381e-17 
7.3635138e-17  1.6783117e-17 

CM Pos
7.5056057      0.013110756   
7.5056088      0.01292079    
7.4952324      0.014559542   
12.994122      0.011565419   

Stress
20.4086      0.0424424    0.000232316   0.0851455    0.0607252    0.0334237   
0.0424424    20.32        9.9483e-05    0.0607252    0.104933     0.0655735   
0.000232316  9.9483e-05   20.3837       0.0334237    0.0655735    0.0943337   

Stress Spherical
0            0            0             0            0            0           
0            0            0             0            0            0           
0            0            0             0            0            0           

Inertia
149.965      -56.3244     -56.2985      0.235392     0.19168      0.194573    
-56.3244     149.967      -56.3011      0.19168      0.341343     0.0878085   
-56.2985     -56.3011     150.106       0.194573     0.0878085    0.34249     

Bond Length
0.62019994    0.0019211745

BB bond length
0.62019994    0.0019211745

Water EE distance
0             0           

PEG EE distance
7.0855895     0.15055384  

BBB P2(x)
0.5295074     0.0096193243

BBB first bond length
0.62009924    0.0022191721

BBB second bond length
0.62019456    0.0020716457

BBB <phi**2>/<phi>**2
1.2264851     0.0061049712

Time = 5000
Temperature
1.0069954     0.0092302685

Pressure
23.403697     0.066352414 

CM Mom
-4.604441e-17  1.9030458e-17 
-5.6194479e-17 2.1170923e-17 
2.5279574e-17  2.3140836e-17 
8.1217537e-17  2.5817441e-17 

CM Pos
7.5011582      0.0092594365  
7.4993823      0.012544492   
7.4931569      0.0091975157  
12.986749      0.014152824   

Stress
20.3812      -0.0163792   0.0124636     0.13066      0.048133     0.0608286   
-0.0163792   20.3818      0.0133908     0.048133     0.0927337    0.0809411   
0.0124636    0.0133908    20.3913       0.0608286    0.0809411    0.117054    

Stress Spherical
0            0            0             0            0            0           
0            0            0             0            0            0           
0            0            0             0            0            0           

Inertia
149.863      -56.2324     -56.1763      0.295737     0.139076     0.139019    
-56.2324     149.89       -56.1671      0.139076     0.258347     0.171056    
-56.1763     -56.1671     149.983       0.139019     0.171056     0.280755    

Bond Length
0.61770812    0.0025204243

BB bond length
0.61770812    0.0025204243

Water EE distance
0             0           

PEG EE distance
7.6473155     0.26834409  

BBB P2(x)
0.50618483    0.013409261 

BBB first bond length
0.61747431    0.0027212952

BBB second bond length
0.61770733    0.0024945339

BBB <phi**2>/<phi>**2
1.2179936     0.010374615 

Time = 6000
Temperature
1.0055143     0.0058873565

Pressure
23.352163     0.073769969 

CM Mom
-3.1808087e-17 3.1428404e-17 
-6.0195419e-17 2.2559845e-17 
5.8022814e-17  2.7022776e-17 
9.5844478e-17  3.2290054e-17 

CM Pos
7.4999722      0.013063734   
7.5082773      0.012958158   
7.4950842      0.01670963    
12.992326      0.013660172   

Stress
20.3665      -0.00656641  -0.0236386    0.0975776    0.077682     0.0562257   
-0.00656641  20.294       0.00766413    0.077682     0.124725     0.0432679   
-0.0236386   0.00766413   20.3527       0.0562257    0.0432679    0.0907348   

Stress Spherical
0            0            0             0            0            0           
0            0            0             0            0            0           
0            0            0             0            0            0           

Inertia
150.024      -56.3164     -56.2585      0.413936     0.131483     0.146999    
-56.3164     149.901      -56.2547      0.131483     0.290472     0.238895    
-56.2585     -56.2547     150.095       0.146999     0.238895     0.238441    

Bond Length
0.61876893    0.0021987152

BB bond length
0.61876893    0.0021987152

Water EE distance
0             0           

PEG EE distance
7.5847074     0.26777453  

BBB P2(x)
0.50857152    0.0098207572

BBB first bond length
0.6185908     0.0022245833

BBB second bond length
0.61877013    0.0020564887

BBB <phi**2>/<phi>**2
1.2255968     0.0078065548

Time = 7000
Temperature
1.012829      0.0068957484

Pressure
23.407934     0.091021221 

CM Mom
-6.3006912e-17 1.9278213e-17 
-6.6599254e-17 1.3389413e-17 
6.7349653e-17  2.1164974e-17 
1.1612634e-16  2.1327508e-17 

CM Pos
7.5014547      0.01943441    
7.4965655      0.010151652   
7.5004212      0.011094062   
12.989499      0.012289385   

Stress
20.3715      -0.00285239  0.00575793    0.123954     0.0948891    0.0606494   
-0.00285239  20.4024      0.0114799     0.0948891    0.140579     0.0784702   
0.00575793   0.0114799    20.3407       0.0606494    0.0784702    0.0829634   

Stress Spherical
0            0            0             0            0            0           
0            0            0             0            0            0           
0            0            0             0            0            0           

Inertia
149.954      -56.2118     -56.2641      0.279617     0.174942     0.142286    
-56.2118     150.026      -56.2157      0.174942     0.310063     0.101314    
-56.2641     -56.2157     149.955       0.142286     0.101314     0.31512     

Bond Length
0.61849676    0.0031841464

BB bond length
0.61849676    0.0031841464

Water EE distance
0             0           

PEG EE distance
7.3888294     0.33852833  

BBB P2(x)
0.51020515    0.0097982962

BBB first bond length
0.61843704    0.0035192801

BBB second bond length
0.61846222    0.0032138853

BBB <phi**2>/<phi>**2
1.2199987     0.011962646 

Time = 8000
Temperature
1.013648      0.0054266927

Pressure
23.416706     0.083077378 

CM Mom
-7.6506963e-17 3.7427126e-17 
-5.6754364e-17 1.012689e-17  
8.0966427e-17  1.9254729e-17 
1.3023653e-16  2.3291006e-17 

CM Pos
7.4924114      0.0085472635  
7.492711       0.018953484   
7.502645       0.011659138   
12.983336      0.013473982   

Stress
20.4106      -0.002127    -0.0121238    0.072023     0.123162     0.0807995   
-0.002127    20.3294      -0.0107894    0.123162     0.126954     0.0959144   
-0.0121238   -0.0107894   20.3936       0.0807995    0.0959144    0.0992621   

Stress Spherical
0            0            0             0            0            0           
0            0            0             0            0            0           
0            0            0             0            0            0           

Inertia
149.934      -56.0728     -56.2409      0.452948     0.148537     0.143489    
-56.0728     149.925      -56.1909      0.148537     0.190781     0.199584    
-56.2409     -56.1909     149.766       0.143489     0.199584     0.282751    

Bond Length
0.61892101    0.0028137442

BB bond length
0.61892101    0.0028137442

Water EE distance
0             0           

PEG EE distance
7.1526209     0.18661766  

BBB P2(x)
0.51087183    0.01297949  

BBB first bond length
0.61880792    0.0029039706

BBB second bond length
0.61878437    0.0029528522

BBB <phi**2>/<phi>**2
1.2241217     0.009033805 

Time = 9000
Temperature
1.0091622     0.0050167772

Pressure
23.460573     0.063381919 

CM Mom
-8.4573307e-17 1.6038886e-17 
-7.7122672e-17 2.559708e-17  
8.3621147e-17  1.7922111e-17 
1.4537253e-16  1.3911581e-17 

CM Pos
7.5018994      0.025948521   
7.5001235      0.013230903   
7.4940464      0.013620515   
12.988142      0.016478362   

Stress
20.4135      0.0268128    0.0269666     0.131498     0.0668331    0.0690606   
0.0268128    20.4363      -0.0259876    0.0668331    0.0725969    0.0583149   
0.0269666    -0.0259876   20.4557       0.0690606    0.0583149    0.0800199   

Stress Spherical
0            0            0             0            0            0           
0            0            0             0            0            0           
0            0            0             0            0            0           

Inertia
149.912      -56.257      -56.2532      0.317442     0.183269     0.278251    
-56.257      149.942      -56.2275      0.183269     0.469053     0.172292    
-56.2532     -56.2275     150.016       0.278251     0.172292     0.280509    

Bond Length
0.6185898     0.0028462259

BB bond length
0.6185898     0.0028462259

Water EE distance
0             0           

PEG EE distance
6.7814126     0.1424354   

BBB P2(x)
0.51393627    0.012117651 

BBB first bond length
0.61879516    0.0028331177

BBB second bond length
0.6185684     0.0029274301

BBB <phi**2>/<phi>**2
1.2279817     0.010431567 

Time = 10000
Temperature
1.0131594     0.006250158 

Pressure
23.376724     0.050056708 

CM Mom
-4.7298047e-17 1.1599421e-17 
-8.3434061e-17 1.6241405e-17 
9.5735065e-17  1.9983937e-17 
1.3704489e-16  1.9491961e-17 

CM Pos
7.4935974      0.013696947   
7.505164       0.015341614   
7.4946394      0.016137544   
12.986593      0.014082311   

Stress
20.3545      -0.0327032   0.0276054     0.0841321    0.0629379    0.0748201   
-0.0327032   20.3231      0.0323804     0.0629379    0.0551497    0.0554604   
0.0276054    0.0323804    20.3404       0.0748201    0.0554604    0.0518608   

Stress Spherical
0            0            0             0            0            0           
0            0            0             0            0            0           
0            0            0             0            0            0           

Inertia
149.993      -56.2381     -56.1859      0.405174     0.172498     0.137722    
-56.2381     149.816      -56.2661      0.172498     0.252031     0.245323    
-56.1859     -56.2661     149.97        0.137722     0.245323     0.271341    

Bond Length
0.61994933    0.0020761308

BB bond length
0.61994933    0.0020761308

Water EE distance
0             0           

PEG EE distance
7.1238993     0.22550179  

BBB P2(x)
0.51166221    0.014967784 

BBB first bond length
0.61983876    0.0022357045

BBB second bond length
0.61984917    0.0020747192

BBB <phi**2>/<phi>**2
1.2252127     0.01261811  

Time = 11000
Temperature
1.0095911     0.0054411691

Pressure
23.346379     0.076296182 

CM Mom
-3.0708309e-17 1.895753e-17  
-6.6179135e-17 9.705771e-18  
7.561433e-17   1.3466614e-17 
1.0772619e-16  8.3793009e-18 

CM Pos
7.5002687      0.0096088834  
7.497455       0.011388313   
7.4962702      0.015588187   
12.986923      0.014650387   

Stress
20.3386      -0.000189915 0.0425627     0.13209      0.0890544    0.0317908   
-0.000189915 20.2911      0.0344254     0.0890544    0.12897      0.0758063   
0.0425627    0.0344254    20.3294       0.0317908    0.0758063    0.122236    

Stress Spherical
0            0            0             0            0            0           
0            0            0             0            0            0           
0            0            0             0            0            0           

Inertia
149.909      -56.2457     -56.2401      0.329883     0.15836      0.119685    
-56.2457     149.953      -56.2528      0.15836      0.283785     0.165954    
-56.2401     -56.2528     149.975       0.119685     0.165954     0.229453    

Bond Length
0.61950475    0.0020655567

BB bond length
0.61950475    0.0020655567

Water EE distance
0             0           

PEG EE distance
7.1220865     0.20789636  

BBB P2(x)
0.5101929     0.011284757 

BBB first bond length
0.61971434    0.0022105173

BBB second bond length
0.61957003    0.0020876887

BBB <phi**2>/<phi>**2
1.2245559     0.010449415 

Time = 12000
Temperature
1.0106998     0.0062215074

Pressure
23.409766     0.14244633  

CM Mom
3.1497284e-18  2.0063512e-17 
-8.4283729e-17 1.3003532e-17 
7.4483228e-17  2.0728552e-17 
1.1545669e-16  1.8234037e-17 

CM Pos
7.4987862      0.0074730677  
7.4959725      0.0093067876  
7.5004212      0.015967083   
12.987612      0.0067504997  

Stress
20.3547      -0.00407741  -0.00926049   0.140886     0.0856794    0.0884831   
-0.00407741  20.4184      0.0264079     0.0856794    0.179827     0.0723765   
-0.00926049  0.0264079    20.3663       0.0884831    0.0723765    0.163212    

Stress Spherical
0            0            0             0            0            0           
0            0            0             0            0            0           
0            0            0             0            0            0           

Inertia
149.945      -56.2017     -56.2047      0.121975     0.113769     0.10909     
-56.2017     149.987      -56.1998      0.113769     0.216151     0.093283    
-56.2047     -56.1998     149.92        0.10909      0.093283     0.218375    

Bond Length
0.61898483    0.0028945444

BB bond length
0.61898483    0.0028945444

Water EE distance
0             0           

PEG EE distance
7.1809338     0.29793978  

BBB P2(x)
0.5129185     0.0110278   

BBB first bond length
0.61881972    0.0026872647

BBB second bond length
0.61896692    0.0029970804

BBB <phi**2>/<phi>**2
1.2294925     0.008321266 

Time = 13000
Temperature
1.0103503     0.0062332252

Pressure
23.372282     0.083328616 

CM Mom
2.3029749e-17  1.429431e-17  
-1.2310495e-16 2.026753e-17  
6.2399845e-17  1.0306173e-17 
1.416538e-16   1.5311981e-17 

CM Pos
7.5112392      0.0097541713  
7.495083       0.016726063   
7.4993835      0.017251305   
12.993697      0.015691947   

Stress
20.3076      0.0500061    -0.0468691    0.183584     0.0622489    0.0622878   
0.0500061    20.3767      -0.0272688    0.0622489    0.125198     0.042014    
-0.0468691   -0.0272688   20.3457       0.0622878    0.042014     0.0865411   

Stress Spherical
0            0            0             0            0            0           
0            0            0             0            0            0           
0            0            0             0            0            0           

Inertia
149.911      -56.3092     -56.344       0.415631     0.151718     0.196295    
-56.3092     150.16       -56.2019      0.151718     0.329724     0.189203    
-56.344      -56.2019     150.086       0.196295     0.189203     0.275339    

Bond Length
0.6206326     0.0026298184

BB bond length
0.6206326     0.0026298184

Water EE distance
0             0           

PEG EE distance
7.545855      0.15777026  

BBB P2(x)
0.51490325    0.014153529 

BBB first bond length
0.62082411    0.0028875432

BBB second bond length
0.62081261    0.0025501194

BBB <phi**2>/<phi>**2
1.2233222     0.011243789 

Time = 14000
Temperature
1.0114989     0.0072000471

Pressure
23.416071     0.09391829  

CM Mom
2.7632269e-17  1.07661e-17   
-1.3313075e-16 2.2647854e-17 
6.5083094e-17  1.6140106e-17 
1.5216323e-16  2.1420454e-17 

CM Pos
7.5011582      0.015464326   
7.5023473      0.0094462536  
7.4953807      0.014483109   
12.989747      0.01803348    

Stress
20.3287      0.0016598    -0.0238934    0.106431     0.0319287    0.0525716   
0.0016598    20.3681      -0.00448293   0.0319287    0.0867045    0.0747562   
-0.0238934   -0.00448293  20.4542       0.0525716    0.0747562    0.161951    

Stress Spherical
0            0            0             0            0            0           
0            0            0             0            0            0           
0            0            0             0            0            0           

Inertia
149.988      -56.2595     -56.2452      0.290812     0.166764     0.243726    
-56.2595     149.964      -56.26        0.166764     0.390817     0.167199    
-56.2452     -56.26       150.062       0.243726     0.167199     0.328031    

Bond Length
0.61883728    0.0021367364

BB bond length
0.61883728    0.0021367364

Water EE distance
0             0           

PEG EE distance
8.0238006     0.21719268  

BBB P2(x)
0.51828647    0.013050693 

BBB first bond length
0.61880082    0.0019515198

BBB second bond length
0.61898721    0.0022861153

BBB <phi**2>/<phi>**2
1.2289657     0.0081382566

Time = 15000
Temperature
1.0060425     0.006852885 

Pressure
23.381772     0.05199418  

CM Mom
-7.7519748e-18 2.1778382e-17 
-1.1715113e-16 1.1418696e-17 
5.4602059e-17  1.5127891e-17 
1.3217789e-16  1.133179e-17  

CM Pos
7.4995274      0.01499898    
7.502792       0.018023889   
7.500273       0.012106732   
12.991896      0.015071557   

Stress
20.3761      -0.0163236   -0.0109896    0.0679918    0.0676524    0.076167    
-0.0163236   20.357       -0.0229111    0.0676524    0.10752      0.0499693   
-0.0109896   -0.0229111   20.3641       0.076167     0.0499693    0.084089    

Stress Spherical
0            0            0             0            0            0           
0            0            0             0            0            0           
0            0            0             0            0            0           

Inertia
150.069      -56.2969     -56.2573      0.33111      0.215952     0.123617    
-56.2969     150.008      -56.2741      0.215952     0.251755     0.219687    
-56.2573     -56.2741     150.059       0.123617     0.219687     0.326342    

Bond Length
0.61866833    0.0023009113

BB bond length
0.61866833    0.0023009113

Water EE distance
0             0           

PEG EE distance
8.0456112     0.30809426  

BBB P2(x)
0.51855181    0.011127625 

BBB first bond length
0.61860431    0.0024381085

BBB second bond length
0.61857308    0.0023850538

BBB <phi**2>/<phi>**2
1.2255315     0.011439094 

Time = 16000
Temperature
1.0112799     0.0086612664

Pressure
23.358711     0.10745815  

CM Mom
1.3165382e-17  3.1570866e-17 
-9.4720771e-17 1.9398104e-17 
3.5306749e-17  1.8087411e-17 
1.0900446e-16  1.4495066e-17 

CM Pos
7.5054575      0.016545728   
7.5013095      0.012368938   
7.5112435      0.010955512   
13.000797      0.011591211   

Stress
20.3191      -0.0442681   0.00202571    0.120894     0.0823793    0.0921166   
-0.0442681   20.3397      -0.0731141    0.0823793    0.141164     0.0720109   
0.00202571   -0.0731141   20.322        0.0921166    0.0720109    0.120239    

Stress Spherical
0            0            0             0            0            0           
0            0            0             0            0            0           
0            0            0             0            0            0           

Inertia
150.195      -56.3316     -56.3806      0.18952      0.176931     0.137661    
-56.3316     150.255      -56.3224      0.176931     0.302775     0.120819    
-56.3806     -56.3224     150.09        0.137661     0.120819     0.273186    

Bond Length
0.61946523    0.0028271836

BB bond length
0.61946523    0.0028271836

Water EE distance
0             0           

PEG EE distance
7.7413018     0.28387092  

BBB P2(x)
0.50975182    0.0096971947

BBB first bond length
0.61955952    0.0029056955

BBB second bond length
0.61938832    0.0028021387

BBB <phi**2>/<phi>**2
1.2272167     0.0095952789

Time = 17000
Temperature
1.0096971     0.0076617594

Pressure
23.400444     0.068870581 

CM Mom
1.1719448e-17  2.0672013e-17 
-9.4725846e-17 5.9658888e-18 
4.4593675e-17  1.1420974e-17 
1.0790553e-16  6.9775798e-18 

CM Pos
7.4993792      0.011549286   
7.50042        0.012890988   
7.509168       0.017820319   
12.995574      0.016635282   

Stress
20.3656      -0.0541411   -0.0236476    0.0664283    0.0837515    0.0670105   
-0.0541411   20.3569      -0.0155478    0.0837515    0.130123     0.0669408   
-0.0236476   -0.0155478   20.3979       0.0670105    0.0669408    0.0676134   

Stress Spherical
0            0            0             0            0            0           
0            0            0             0            0            0           
0            0            0             0            0            0           

Inertia
150.145      -56.26       -56.33        0.375484     0.207367     0.127749    
-56.26       150.139      -56.3271      0.207367     0.237675     0.165129    
-56.33       -56.3271     149.997       0.127749     0.165129     0.407432    

Bond Length
0.61805597    0.0034105863

BB bond length
0.61805597    0.0034105863

Water EE distance
0             0           

PEG EE distance
7.1866521     0.16649991  

BBB P2(x)
0.50531353    0.010128717 

BBB first bond length
0.61820414    0.0032146592

BBB second bond length
0.61811923    0.0036218685

BBB <phi**2>/<phi>**2
1.2235928     0.011140159 

Time = 18000
Temperature
1.0073785     0.0098199993

Pressure
23.382593     0.065609162 

CM Mom
2.6069338e-17  1.2218599e-17 
-1.1406313e-16 1.783516e-17  
6.7183142e-17  1.5130776e-17 
1.3680272e-16  1.3598755e-17 

CM Pos
7.4989344      0.016087756   
7.5024955      0.012197163   
7.5016072      0.01118875    
12.992147      0.01473761    

Stress
20.3392      0.00245171   0.0284679     0.136917     0.0697614    0.0736103   
0.00245171   20.3635      -0.0447595    0.0697614    0.105041     0.0435709   
0.0284679    -0.0447595   20.385        0.0736103    0.0435709    0.0737807   

Stress Spherical
0            0            0             0            0            0           
0            0            0             0            0            0           
0            0            0             0            0            0           

Inertia
150.072      -56.2933     -56.2838      0.233022     0.20128      0.151838    
-56.2933     150.023      -56.2752      0.20128      0.263468     0.170046    
-56.2838     -56.2752     150.038       0.151838     0.170046     0.37337     

Bond Length
0.61953106    0.0019322252

BB bond length
0.61953106    0.0019322252

Water EE distance
0             0           

PEG EE distance
7.1210233     0.18562437  

BBB P2(x)
0.51175067    0.010961616 

BBB first bond length
0.62000629    0.0019024104

BBB second bond length
0.61950979    0.0020493748

BBB <phi**2>/<phi>**2
1.2273322     0.0071186434

Time = 19000
Temperature
1.0013062     0.00681302  

Pressure
23.322251     0.072346253 

CM Mom
2.9643163e-17  1.8561235e-17 
-1.119816e-16  3.5255652e-17 
1.0404747e-16  2.1988344e-17 
1.5946601e-16  2.9766289e-17 

CM Pos
7.4924114      0.014604005   
7.5005683      0.016704368   
7.4943429      0.016191929   
12.983084      0.014989584   

Stress
20.3099      -0.0695537   -0.0239766    0.105285     0.0512938    0.0731163   
-0.0695537   20.3225      0.0118873     0.0512938    0.100917     0.0406542   
-0.0239766   0.0118873    20.3288       0.0731163    0.0406542    0.0913352   

Stress Spherical
0            0            0             0            0            0           
0            0            0             0            0            0           
0            0            0             0            0            0           

Inertia
149.922      -56.1986     -56.1542      0.360519     0.176896     0.100923    
-56.1986     149.801      -56.2211      0.176896     0.175146     0.261819    
-56.1542     -56.2211     149.892       0.100923     0.261819     0.335769    

Bond Length
0.6201859     0.0028332116

BB bond length
0.6201859     0.0028332116

Water EE distance
0             0           

PEG EE distance
6.8469447     0.2090744   

BBB P2(x)
0.51330445    0.013032659 

BBB first bond length
0.62009735    0.0030330317

BBB second bond length
0.62035549    0.002871905 

BBB <phi**2>/<phi>**2
1.2264886     0.0086199581

Time = 20000
Temperature
1.0050449     0.0049681545

Pressure
23.335584     0.050552062 

CM Mom
2.5220047e-17  7.5941487e-18 
-1.0072163e-16 1.3643498e-17 
1.280992e-16   2.3636937e-17 
1.6625866e-16  1.8731823e-17 

CM Pos
7.4984897      0.01482877    
7.4928592      0.012739208   
7.497308       0.012914835   
12.983846      0.014144807   

Stress
20.3402      -0.050233    0.0392757     0.0624936    0.0628717    0.0783354   
-0.050233    20.3099      -0.0103629    0.0628717    0.0692256    0.0519593   
0.0392757    -0.0103629   20.3175       0.0783354    0.0519593    0.0725078   

Stress Spherical
0            0            0             0            0            0           
0            0            0             0            0            0           
0            0            0             0            0            0           

Inertia
149.845      -56.1543     -56.2335      0.281472     0.15539      0.19841     
-56.1543     149.939      -56.1757      0.15539      0.30341      0.150555    
-56.2335     -56.1757     149.876       0.19841      0.150555     0.293308    

Bond Length
0.62074377    0.0018457634

BB bond length
0.62074377    0.0018457634

Water EE distance
0             0           

PEG EE distance
7.0542048     0.2077916   

BBB P2(x)
0.50788739    0.016336662 

BBB first bond length
0.62077548    0.0019257184

BBB second bond length
0.6206357     0.0018151737

BBB <phi**2>/<phi>**2
1.2248158     0.009757523 

Time = 21000
Temperature
1.0118613     0.0070041359

Pressure
23.380804     0.067185176 

CM Mom
5.5827715e-17  1.6756896e-17 
-1.1694869e-16 2.4241613e-17 
1.2137029e-16  2.0566928e-17 
1.8024298e-16  1.8121636e-17 

CM Pos
7.5024924      0.012203468   
7.4970103      0.012893545   
7.4981975      0.01730473    
12.989069      0.015090724   

Stress
20.362       -0.0263106   0.0327657     0.117032     0.0885327    0.063149    
-0.0263106   20.3286      -0.0132175    0.0885327    0.123988     0.0471819   
0.0327657    -0.0132175   20.3513       0.063149     0.0471819    0.130732    

Stress Spherical
0            0            0             0            0            0           
0            0            0             0            0            0           
0            0            0             0            0            0           

Inertia
149.938      -56.247      -56.231       0.347322     0.14272      0.215096    
-56.247      150.002      -56.2779      0.14272      0.342681     0.229658    
-56.231      -56.2779     150.006       0.215096     0.229658     0.194095    

Bond Length
0.62032179    0.0027742376

BB bond length
0.62032179    0.0027742376

Water EE distance
0             0           

PEG EE distance
7.2159537     0.1781861   

BBB P2(x)
0.51435994    0.014429179 

BBB first bond length
0.62047268    0.0027242563

BBB second bond length
0.62022299    0.0027624032

BBB <phi**2>/<phi>**2
1.220488      0.015214536 

Time = 22000
Temperature
1.0097158     0.00639203  

Pressure
23.395492     0.057837397 

CM Mom
6.9375223e-17  1.8002433e-17 
-1.0255381e-16 1.8896258e-17 
1.4932297e-16  1.2229503e-17 
1.9544338e-16  1.6129297e-17 

CM Pos
7.508719       0.014020467   
7.4901907      0.013273194   
7.5063512      0.012025677   
12.993439      0.013584463   

Stress
20.3615      -0.0611845   0.00504068    0.0947909    0.0687866    0.0583773   
-0.0611845   20.4213      -0.00866657   0.0687866    0.106282     0.0608126   
0.00504068   -0.00866657  20.3226       0.0583773    0.0608126    0.0977641   

Stress Spherical
0            0            0             0            0            0           
0            0            0             0            0            0           
0            0            0             0            0            0           

Inertia
149.947      -56.2412     -56.3718      0.255595     0.161098     0.174375    
-56.2412     150.211      -56.2145      0.161098     0.328938     0.121814    
-56.3718     -56.2145     149.976       0.174375     0.121814     0.242638    

Bond Length
0.61791601    0.0029100461

BB bond length
0.61791601    0.0029100461

Water EE distance
0             0           

PEG EE distance
6.8808677     0.15709549  

BBB P2(x)
0.50899462    0.013846779 

BBB first bond length
0.61810386    0.0028117533

BBB second bond length
0.61813706    0.0029532706

BBB <phi**2>/<phi>**2
1.2310283     0.0077160734

Time = 23000
Temperature
1.0081253     0.0048704714

Pressure
23.35627      0.07710871  

CM Mom
7.5191467e-17  2.1228806e-17 
-1.0187199e-16 1.4667045e-17 
1.6694274e-16  1.5767334e-17 
2.1112762e-16  1.5526079e-17 

CM Pos
7.4974519      0.012783986   
7.4900425      0.015690074   
7.5029415      0.0094241244  
12.98487       0.017069984   

Stress
20.3288      -0.00284044  -0.00787841   0.0600145    0.048855     0.0647858   
-0.00284044  20.3444      -6.36479e-05  0.048855     0.11462      0.0556553   
-0.00787841  -6.36479e-05 20.3288       0.0647858    0.0556553    0.113576    

Stress Spherical
0            0            0             0            0            0           
0            0            0             0            0            0           
0            0            0             0            0            0           

Inertia
149.898      -56.2214     -56.2476      0.311242     0.187503     0.151899    
-56.2214     150.018      -56.1685      0.187503     0.250719     0.135645    
-56.2476     -56.1685     149.854       0.151899     0.135645     0.401665    

Bond Length
0.62128898    0.0029807346

BB bond length
0.62128898    0.0029807346

Water EE distance
0             0           

PEG EE distance
6.817835      0.16501192  

BBB P2(x)
0.51257731    0.012284465 

BBB first bond length
0.62161608    0.0026315235

BBB second bond length
0.62103006    0.0029438233

BBB <phi**2>/<phi>**2
1.2243153     0.012162691 

Time = 24000
Temperature
1.0076888     0.0076295192

Pressure
23.431871     0.097524429 

CM Mom
3.0371617e-17  2.4204068e-17 
-9.8680083e-17 1.197856e-17  
1.5380287e-16  1.15096e-17   
1.8713551e-16  1.2554315e-17 

CM Pos
7.4989344      0.020604173   
7.4941935      0.013280643   
7.4993835      0.014465647   
12.986069      0.022747255   

Stress
20.43        -0.00956097  0.0425176     0.106842     0.0480938    0.0544282   
-0.00956097  20.3723      -0.00569637   0.0480938    0.150008     0.0859097   
0.0425176    -0.00569637  20.4304       0.0544282    0.0859097    0.0719669   

Stress Spherical
0            0            0             0            0            0           
0            0            0             0            0            0           
0            0            0             0            0            0           

Inertia
149.886      -56.2035     -56.2094      0.319758     0.187914     0.234451    
-56.2035     149.956      -56.2206      0.187914     0.497203     0.197067    
-56.2094     -56.2206     149.904       0.234451     0.197067     0.381183    

Bond Length
0.61829166    0.0024658157

BB bond length
0.61829166    0.0024658157

Water EE distance
0             0           

PEG EE distance
7.0966421     0.14043506  

BBB P2(x)
0.51642226    0.015679697 

BBB first bond length
0.61826711    0.002500667 

BBB second bond length
0.6182983     0.0027877112

BBB <phi**2>/<phi>**2
1.2253962     0.0074864831

Time = 25000
Temperature
1.009029      0.006327655 

Pressure
23.358984     0.072357876 

CM Mom
4.3767838e-17  1.1620634e-17 
-1.1450766e-16 2.0691321e-17 
1.5886103e-16  1.7834415e-17 
2.0254377e-16  1.1032363e-17 

CM Pos
7.5005652      0.013415659   
7.4919697      0.0098338351  
7.5011625      0.0077104588  
12.986754      0.0087515827  

Stress
20.3059      -0.0225275   -0.0195384    0.0901132    0.0560134    0.0850099   
-0.0225275   20.301       0.00477337    0.0560134    0.145556     0.0690993   
-0.0195384   0.00477337   20.3951       0.0850099    0.0690993    0.0854125   

Stress Spherical
0            0            0             0            0            0           
0            0            0             0            0            0           
0            0            0             0            0            0           

Inertia
149.907      -56.2006     -56.2327      0.208263     0.136198     0.143654    
-56.2006     150.036      -56.2076      0.136198     0.1978       0.140971    
-56.2327     -56.2076     149.921       0.143654     0.140971     0.257355    

Bond Length
0.61999726    0.0022104762

BB bond length
0.61999726    0.0022104762

Water EE distance
0             0           

PEG EE distance
7.297699      0.24175681  

BBB P2(x)
0.5124918     0.0076431752

BBB first bond length
0.62029407    0.002496877 

BBB second bond length
0.61972974    0.0022570688

BBB <phi**2>/<phi>**2
1.2217695     0.010599513 

Time = 26000
Temperature
1.0132944     0.0069453246

Pressure
23.397049     0.071325346 

CM Mom
6.6535749e-17  1.3490329e-17 
-8.9697857e-17 3.0352124e-17 
1.4533444e-16  1.8694653e-17 
1.8595354e-16  2.1652346e-17 

CM Pos
7.5021959      0.0092106491  
7.496862       0.016575589   
7.5042757      0.019847877   
12.992321      0.019632481   

Stress
20.2991      -0.0337452   -0.00294351   0.0869572    0.0502173    0.100932    
-0.0337452   20.3914      -0.0370712    0.0502173    0.110152     0.0601618   
-0.00294351  -0.0370712   20.3873       0.100932     0.0601618    0.103148    

Stress Spherical
0            0            0             0            0            0           
0            0            0             0            0            0           
0            0            0             0            0            0           

Inertia
150.01       -56.279      -56.2632      0.499972     0.0864247    0.204342    
-56.279      150.079      -56.2265      0.0864247    0.338781     0.306575    
-56.2632     -56.2265     149.993       0.204342     0.306575     0.246682    

Bond Length
0.61704438    0.0017875004

BB bond length
0.61704438    0.0017875004

Water EE distance
0             0           

PEG EE distance
7.5981344     0.19211738  

BBB P2(x)
0.52189049    0.0094496454

BBB first bond length
0.61710048    0.0018345756

BBB second bond length
0.61716806    0.0020564932

BBB <phi**2>/<phi>**2
1.2265094     0.012040161 

Time = 27000
Temperature
1.0110441     0.010610171 

Pressure
23.423673     0.080664035 

CM Mom
9.200817e-17   2.0020739e-17 
-1.2981479e-16 1.4608188e-17 
1.4925795e-16  1.3543134e-17 
2.1955382e-16  1.3750739e-17 

CM Pos
7.5002687      0.0092831422  
7.5050158      0.022275122   
7.5051652      0.010436677   
12.996428      0.018872974   

Stress
20.3764      -0.0313201   0.00100701    0.119198     0.0644612    0.0769798   
-0.0313201   20.3764      -0.0381724    0.0644612    0.0837179    0.0764885   
0.00100701   -0.0381724   20.4251       0.0769798    0.0764885    0.140286    

Stress Spherical
0            0            0             0            0            0           
0            0            0             0            0            0           
0            0            0             0            0            0           

Inertia
150.14       -56.2519     -56.3027      0.449572     0.247363     0.146792    
-56.2519     150.065      -56.3362      0.247363     0.256553     0.196138    
-56.3027     -56.3362     150.069       0.146792     0.196138     0.426228    

Bond Length
0.61938076    0.0020828627

BB bond length
0.61938076    0.0020828627

Water EE distance
0             0           

PEG EE distance
7.5187132     0.16652922  

BBB P2(x)
0.51984796    0.013563039 

BBB first bond length
0.6196268     0.0020745859

BBB second bond length
0.61946376    0.0022870527

BBB <phi**2>/<phi>**2
1.2240579     0.0054844965

Time = 28000
Temperature
1.0164599     0.0059886565

Pressure
23.423382     0.089820442 

CM Mom
1.080085e-16   1.8982272e-17 
-1.2324485e-16 1.6030443e-17 
1.4823145e-16  2.8620214e-17 
2.2261219e-16  2.6606847e-17 

CM Pos
7.4955247      0.010633819   
7.50042        0.016903824   
7.503238       0.012760755   
12.989927      0.011878007   

Stress
20.3643      -0.0425672   -0.0186022    0.0896038    0.0555404    0.0576642   
-0.0425672   20.3455      0.00726375    0.0555404    0.105053     0.0569255   
-0.0186022   0.00726375   20.4185       0.0576642    0.0569255    0.101875    

Stress Spherical
0            0            0             0            0            0           
