Time = 1000
Temperature
   1.1433342     0.2063578

Pressure
   23.864587    0.98390353

CM Mom
-3.8431705e-17 3.0192891e-17 
3.5833118e-18  2.7006165e-17 
1.1391968e-17  2.1997536e-16 
1.718864e-16   1.4867677e-16 

CM Pos
7.4936146      0.027851381   
7.5010036      0.026354233   
7.5008876      0.012793389   
12.987841      0.015997086   

Stress
20.4564      0.011613     -0.0145389    0.41837      0.0530179    0.0697717   
0.011613     20.3989      -0.012078     0.0530179    0.419521     0.0890238   
-0.0145389   -0.012078    20.4576       0.0697717    0.0890238    0.327922    

Stress Spherical
0            0            0             0            0            0           
0            0            0             0            0            0           
0            0            0             0            0            0           

Inertia
150.175      -56.25       -56.216       1.71023      0.20314      0.242573    
-56.25       150.101      -56.2965      0.20314      1.08399      0.245056    
-56.216      -56.2965     150.086       0.242573     0.245056     1.32879     

Bond Length
0.61878992    0.0081997844

BB bond length
0.61878992    0.0081997844

Water EE distance
0             0           

PEG EE distance
7.2917341     0.1143864   

BBB P2(x)
0.4791209     0.061967837 

BBB first bond length
0.61863294    0.0083827086

BBB second bond length
0.6188994     0.0081353585

BBB <phi**2>/<phi>**2
1.2198088     0.012982524 

Time = 2000
Temperature
1.0166022     0.0055449072

Pressure
23.161578     0.061314517 

CM Mom
-2.7571746e-18 2.7946418e-17 
-1.2346786e-19 2.6234977e-17 
1.7895706e-17  5.0351807e-17 
5.9885085e-17  2.7317228e-17 

CM Pos
7.4962836      0.013938316   
7.4981863      0.010208727   
7.5037049      0.011736618   
12.989341      0.010165945   

Stress
20.0893      -0.07777     -0.0353949    0.0863848    0.0781857    0.0307017   
-0.07777     20.1474      0.0246615     0.0781857    0.0833395    0.0921145   
-0.0353949   0.0246615    20.1067       0.0307017    0.0921145    0.0985338   

Stress Spherical
0            0            0             0            0            0           
0            0            0             0            0            0           
0            0            0             0            0            0           

Inertia
149.905      -56.174      -56.2164      0.483374     0.0912274    0.133579    
-56.174      149.909      -56.2863      0.0912274    0.266217     0.106326    
-56.2164     -56.2863     149.791       0.133579     0.106326     0.260229    

Bond Length
0.6182723     0.0027273465

BB bond length
0.6182723     0.0027273465

Water EE distance
0             0           

PEG EE distance
7.2508603     0.088516247 

BBB P2(x)
0.51267127    0.0092073796

BBB first bond length
0.61811789    0.0027580366

BBB second bond length
0.61829067    0.0026491749

BBB <phi**2>/<phi>**2
1.2252204     0.0089822677

Time = 3000
Temperature
1.0094645     0.0077432072

Pressure
23.187435     0.046338079 

CM Mom
1.3461838e-17  9.792865e-18  
2.7813674e-17  1.654927e-17  
5.6186109e-18  2.0411903e-17 
4.1752488e-17  5.4354818e-18 

CM Pos
7.5020665      0.013146839   
7.4921068      0.0075738985  
7.5062257      0.0081702119  
12.990624      0.008038505   

Stress
20.1735      -0.013726    0.00618648    0.0906459    0.0769865    0.0682048   
-0.013726    20.1079      0.00181063    0.0769865    0.109933     0.0569828   
0.00618648   0.00181063   20.2039       0.0682048    0.0569828    0.0994549   

Stress Spherical
0            0            0             0            0            0           
0            0            0             0            0            0           
0            0            0             0            0            0           

Inertia
149.932      -56.2521     -56.3224      0.221103     0.111708     0.15488     
-56.2521     150.085      -56.2481      0.111708     0.261447     0.0878631   
-56.3224     -56.2481     149.866       0.15488      0.0878631    0.200382    

Bond Length
0.61803232    0.0021071295

BB bond length
0.61803232    0.0021071295

Water EE distance
0             0           

PEG EE distance
7.3905587     0.14118801  

BBB P2(x)
0.50759973    0.011545975 

BBB first bond length
0.61794636    0.0021269598

BBB second bond length
0.61827014    0.0020708582

BBB <phi**2>/<phi>**2
1.2255142     0.0070837607

Time = 4000
Temperature
1.0132904     0.0068624892

Pressure
23.187587     0.13017271  

CM Mom
2.9999947e-18  1.7451578e-17 
3.9596418e-17  3.4029341e-17 
-2.0696232e-17 2.4154178e-17 
5.5391455e-17  3.1352432e-17 

CM Pos
7.4986561      0.013577133   
7.4975932      0.019221566   
7.4933253      0.014257254   
12.984386      0.012125796   

Stress
20.1572      -0.0424034   -0.0176428    0.14241      0.0585742    0.0687171   
-0.0424034   20.1539      0.0132658     0.0585742    0.140806     0.0806729   
-0.0176428   0.0132658    20.1401       0.0687171    0.0806729    0.160765    

Stress Spherical
0            0            0             0            0            0           
0            0            0             0            0            0           
0            0            0             0            0            0           

Inertia
149.824      -56.2368     -56.1549      0.248499     0.196556     0.1405      
-56.2368     149.84       -56.1573      0.196556     0.273743     0.132312    
-56.1549     -56.1573     149.886       0.1405       0.132312     0.342631    

Bond Length
0.61801059    0.0018263378

BB bond length
0.61801059    0.0018263378

Water EE distance
0             0           

PEG EE distance
7.1456436     0.084700147 

BBB P2(x)
0.50918152    0.0047530442

BBB first bond length
0.6180496     0.0019312212

BBB second bond length
0.61802604    0.0018025175

BBB <phi**2>/<phi>**2
1.22235       0.0092096278

Time = 5000
Temperature
1.0107209     0.01028578  

Pressure
23.146791     0.087856988 

CM Mom
-7.8705961e-18 1.844486e-17  
2.3867161e-17  2.5138327e-17 
-4.9186167e-18 8.9155451e-18 
3.7419955e-17  1.7526059e-17 

CM Pos
7.5008803      0.011417556   
7.5057486      0.016045097   
7.5063739      0.017917348   
12.997906      0.016218649   

Stress
20.1079      -0.0220006   -0.00288049   0.103761     0.0602485    0.0748584   
-0.0220006   20.158       0.0355078     0.0602485    0.0840863    0.0638651   
-0.00288049  0.0355078    20.0861       0.0748584    0.0638651    0.143136    

Stress Spherical
0            0            0             0            0            0           
0            0            0             0            0            0           
0            0            0             0            0            0           

Inertia
150.15       -56.2701     -56.3307      0.426866     0.151635     0.154935    
-56.2701     150.067      -56.3514      0.151635     0.289458     0.222336    
-56.3307     -56.3514     150.067       0.154935     0.222336     0.310825    

Bond Length
0.61744725    0.001186487 

BB bond length
0.61744725    0.001186487 

Water EE distance
0             0           

PEG EE distance
7.2054238     0.10275404  

BBB P2(x)
0.51401748    0.0058811448

BBB first bond length
0.61760241    0.0011308563

BBB second bond length
0.61749816    0.0010998865

BBB <phi**2>/<phi>**2
1.2229515     0.0069809507

Time = 6000
Temperature
1.010769      0.0053794891

Pressure
23.164313     0.070881402 

CM Mom
9.255151e-18   1.848272e-17  
1.9022831e-17  1.9550105e-17 
1.5739409e-17  2.6915985e-17 
4.3318436e-17  1.6341842e-17 

CM Pos
7.4991009      0.011136802   
7.4996691      0.012370494   
7.5011841      0.0093733574  
12.990363      0.011756941   

Stress
20.1087      -0.0221761   0.0181964     0.0876103    0.0565029    0.0576878   
-0.0221761   20.1379      -0.0129056    0.0565029    0.0954477    0.0805354   
0.0181964    -0.0129056   20.1576       0.0576878    0.0805354    0.0736393   

Stress Spherical
0            0            0             0            0            0           
0            0            0             0            0            0           
0            0            0             0            0            0           

Inertia
149.972      -56.2284     -56.2189      0.213295     0.17627      0.136565    
-56.2284     149.963      -56.2634      0.17627      0.318631     0.0990392   
-56.2189     -56.2634     149.949       0.136565     0.0990392    0.286254    

Bond Length
0.61814297    0.002127686 

BB bond length
0.61814297    0.002127686 

Water EE distance
0             0           

PEG EE distance
7.5269902     0.12577538  

BBB P2(x)
0.51118679    0.007560117 

BBB first bond length
0.61815221    0.0020655562

BBB second bond length
0.61810199    0.0020616543

BBB <phi**2>/<phi>**2
1.2249749     0.005293855 

Time = 7000
Temperature
1.007719      0.0076235743

Pressure
23.157453     0.075625905 

CM Mom
2.6000411e-17  2.6129506e-17 
6.2496689e-18  2.9745621e-17 
1.0610279e-17  1.3647349e-17 
4.5674816e-17  2.225471e-17  

CM Pos
7.504439       0.017520266   
7.4998174      0.012307236   
7.4997013      0.012455516   
12.992687      0.0091262681  

Stress
20.075       0.0256707    -0.0122094    0.100199     0.0533235    0.0712407   
0.0256707    20.1958      0.00763525    0.0533235    0.121266     0.066607    
-0.0122094   0.00763525   20.1402       0.0712407    0.066607     0.113884    

Stress Spherical
0            0            0             0            0            0           
0            0            0             0            0            0           
0            0            0             0            0            0           

Inertia
149.942      -56.2497     -56.2685      0.304299     0.138331     0.120438    
-56.2497     150.032      -56.2231      0.138331     0.184835     0.163265    
-56.2685     -56.2231     150.027       0.120438     0.163265     0.236708    

Bond Length
0.61750727    0.0023324983

BB bond length
0.61750727    0.0023324983

Water EE distance
0             0           

PEG EE distance
7.5636796     0.12478159  

BBB P2(x)
0.50889373    0.0087899256

BBB first bond length
0.6176601     0.0025029133

BBB second bond length
0.61747815    0.0023000416

BBB <phi**2>/<phi>**2
1.2265767     0.0074227767

Time = 8000
Temperature
1.0084167     0.0055604659

Pressure
23.133243     0.096326407 

CM Mom
3.0906064e-17  1.331656e-17  
3.6833893e-18  1.6417232e-17 
4.7854497e-17  2.7910284e-17 
6.378771e-17   2.039052e-17  

CM Pos
7.4942077      0.014801281   
7.5033761      0.010615229   
7.4977737      0.012777052   
12.987718      0.010040847   

Stress
20.0867      0.0585752    -0.00690974   0.138178     0.0698761    0.0789097   
0.0585752    20.1374      -0.0176186    0.0698761    0.115658     0.108985    
-0.00690974  -0.0176186   20.108        0.0789097    0.108985     0.145004    

Stress Spherical
0            0            0             0            0            0           
0            0            0             0            0            0           
0            0            0             0            0            0           

Inertia
149.996      -56.2355     -56.1748      0.300343     0.0852388    0.15002     
-56.2355     149.868      -56.293       0.0852388    0.28895      0.178525    
-56.1748     -56.293      149.961       0.15002      0.178525     0.155205    

Bond Length
0.61872886    0.0014618115

BB bond length
0.61872886    0.0014618115

Water EE distance
0             0           

PEG EE distance
7.677371      0.14636467  

BBB P2(x)
0.51127665    0.014622736 

BBB first bond length
0.61878418    0.0014007462

BBB second bond length
0.61884046    0.0015454288

BBB <phi**2>/<phi>**2
1.2272883     0.0066056514

Time = 9000
Temperature
1.0123953     0.0083176285

Pressure
23.195067     0.092726815 

CM Mom
1.154013e-17   1.9943129e-17 
1.4678683e-17  2.3120334e-17 
4.1299726e-17  1.3943116e-17 
5.5070295e-17  1.2176082e-17 

CM Pos
7.5029562      0.024821285   
7.4998174      0.011608531   
7.5123051      0.010527877   
12.999106      0.020897124   

Stress
20.1321      0.0413656    -0.0279194    0.12831      0.0403111    0.0981019   
0.0413656    20.178       0.0123773     0.0403111    0.132096     0.0589631   
-0.0279194   0.0123773    20.1716       0.0981019    0.0589631    0.109488    

Stress Spherical
0            0            0             0            0            0           
0            0            0             0            0            0           
0            0            0             0            0            0           

Inertia
150.141      -56.2652     -56.4127      0.291647     0.232656     0.213099    
-56.2652     150.207      -56.3551      0.232656     0.511968     0.109664    
-56.4127     -56.3551     150.025       0.213099     0.109664     0.435179    

Bond Length
0.61708193    0.0012332725

BB bond length
0.61708193    0.0012332725

Water EE distance
0             0           

PEG EE distance
7.624866      0.17873297  

BBB P2(x)
0.516417      0.010067677 

BBB first bond length
0.61705916    0.0014418524

BBB second bond length
0.61713708    0.0013453491

BBB <phi**2>/<phi>**2
1.2271647     0.0074221268

Time = 10000
Temperature
1.0128859     0.0078301305

Pressure
23.210189     0.082294246 

CM Mom
1.9345082e-17  9.0669953e-18 
3.3837054e-17  1.2428801e-17 
3.8509352e-17  1.1130549e-17 
5.7196341e-17  9.5552001e-18 

CM Pos
7.4979147      0.013932793   
7.502783       0.012711493   
7.5007393      0.018223962   
12.991227      0.016694862   

Stress
20.1551      0.0273828    0.0222749     0.111509     0.0696265    0.107731    
0.0273828    20.1994      -0.0582656    0.0696265    0.127365     0.0555257   
0.0222749    -0.0582656   20.1682       0.107731     0.0555257    0.0515611   

Stress Spherical
0            0            0             0            0            0           
0            0            0             0            0            0           
0            0            0             0            0            0           

Inertia
150.057      -56.2426     -56.2511      0.318483     0.200033     0.192153    
-56.2426     149.979      -56.2941      0.200033     0.361053     0.210003    
-56.2511     -56.2941     150.015       0.192153     0.210003     0.340419    

Bond Length
0.61813034    0.0020669324

BB bond length
0.61813034    0.0020669324

Water EE distance
0             0           

PEG EE distance
7.2940032     0.059936387 

BBB P2(x)
0.51600914    0.0075618192

BBB first bond length
0.61812893    0.0022257831

BBB second bond length
0.61813217    0.0022060103

BBB <phi**2>/<phi>**2
1.2284671     0.00977027  

Time = 11000
Temperature
1.0116188     0.0071864208

Pressure
23.153435     0.082350084 

CM Mom
2.6320536e-17  1.482692e-17  
-6.8788062e-18 1.093955e-17  
4.3066825e-17  1.4902266e-17 
5.3846032e-17  1.6032271e-17 

CM Pos
7.5038459      0.011702849   
7.4978897      0.012006099   
7.5041497      0.011481887   
12.993791      0.010811763   

Stress
20.0594      -0.0193468   -0.0315426    0.0712794    0.0653308    0.0446967   
-0.0193468   20.1657      0.0116934     0.0653308    0.137114     0.0768528   
-0.0315426   0.0116934    20.1387       0.0446967    0.0768528    0.135775    

Stress Spherical
0            0            0             0            0            0           
0            0            0             0            0            0           
0            0            0             0            0            0           

Inertia
150.013      -56.2805     -56.3432      0.239463     0.139372     0.198849    
-56.2805     150.089      -56.2754      0.139372     0.33674      0.138257    
-56.3432     -56.2754     150.01        0.198849     0.138257     0.183997    

Bond Length
0.61763225    0.0020753495

BB bond length
0.61763225    0.0020753495

Water EE distance
0             0           

PEG EE distance
7.1664937     0.09785679  

BBB P2(x)
0.51541478    0.0096859356

BBB first bond length
0.61757916    0.002073817 

BBB second bond length
0.61766434    0.0020078513

BBB <phi**2>/<phi>**2
1.227159      0.0073232274

Time = 12000
Temperature
1.0086785     0.0073191002

Pressure
23.131883     0.096294089 

CM Mom
-1.7609261e-18 1.9722423e-17 
-3.8227571e-17 2.4547693e-17 
9.8115795e-18  2.5502143e-17 
5.0866334e-17  2.4804308e-17 

CM Pos
7.5039942      0.0077048523  
7.5008553      0.0085128708  
7.5048911      0.016284488   
12.996015      0.011854779   

Stress
20.0927      0.0512118    -0.022684     0.10385      0.0800017    0.0735677   
0.0512118    20.1685      -0.0310266    0.0800017    0.126741     0.0623791   
-0.022684    -0.0310266   20.0644       0.0735677    0.0623791    0.0994983   

Stress Spherical
0            0            0             0            0            0           
0            0            0             0            0            0           
0            0            0             0            0            0           

Inertia
150.096      -56.3188     -56.308       0.302831     0.0537213    0.11179     
-56.3188     150.15       -56.3227      0.0537213    0.276931     0.168986    
-56.308      -56.3227     150.061       0.11179      0.168986     0.105061    

Bond Length
0.61882654    0.002244741 

BB bond length
0.61882654    0.002244741 

Water EE distance
0             0           

PEG EE distance
7.1245498     0.065364662 

BBB P2(x)
0.51221329    0.0076025122

BBB first bond length
0.61864357    0.0026360289

BBB second bond length
0.61864273    0.0022208778

BBB <phi**2>/<phi>**2
1.2280684     0.0077904497

Time = 13000
Temperature
1.010888      0.0056774539

Pressure
23.220291     0.10338137  

CM Mom
-2.6730861e-17 2.1545223e-17 
-4.8915772e-17 2.856141e-17  
5.0943526e-17  1.7317694e-17 
8.0326677e-17  2.8809943e-17 

CM Pos
7.5016217      0.011995106   
7.4986311      0.015679159   
7.4998496      0.014321878   
12.990448      0.019599345   

Stress
20.1807      -0.0158207   -0.0402328    0.109845     0.0662966    0.0851714   
-0.0158207   20.2334      0.012818      0.0662966    0.109662     0.0652201   
-0.0402328   0.012818     20.1569       0.0851714    0.0652201    0.137723    

Stress Spherical
0            0            0             0            0            0           
0            0            0             0            0            0           
0            0            0             0            0            0           

Inertia
149.97       -56.2695     -56.2285      0.399331     0.169032     0.174306    
-56.2695     150.007      -56.2446      0.169032     0.310404     0.243266    
-56.2285     -56.2446     149.991       0.174306     0.243266     0.3425      

Bond Length
0.61735466    0.0019750622

BB bond length
0.61735466    0.0019750622

Water EE distance
0             0           

PEG EE distance
7.3592737     0.18466914  

BBB P2(x)
0.51580163    0.0079967239

BBB first bond length
0.61739321    0.0021925339

BBB second bond length
0.61721875    0.0020699866

BBB <phi**2>/<phi>**2
1.2302571     0.0078193568

Time = 14000
Temperature
1.0134415     0.012070162 

Pressure
23.160908     0.096367862 

CM Mom
-4.1897996e-17 2.0304121e-17 
-3.7698031e-17 1.4596612e-17 
6.5864892e-17  2.2544136e-17 
9.0153589e-17  2.2817856e-17 

CM Pos
7.5014734      0.007931245   
7.4934413      0.01136641    
7.4924356      0.013035992   
12.983089      0.011253738   

Stress
20.1057      0.0158117    -0.0387795    0.11897      0.0658988    0.0527016   
0.0158117    20.131       -0.0232593    0.0658988    0.128845     0.0732471   
-0.0387795   -0.0232593   20.1331       0.0527016    0.0732471    0.122729    

Stress Spherical
0            0            0             0            0            0           
0            0            0             0            0            0           
0            0            0             0            0            0           

Inertia
149.763      -56.2504     -56.2202      0.3096       0.123364     0.111721    
-56.2504     149.89       -56.1415      0.123364     0.323409     0.152464    
-56.2202     -56.1415     149.913       0.111721     0.152464     0.245259    

Bond Length
0.61797909    0.0022729999

BB bond length
0.61797909    0.0022729999

Water EE distance
0             0           

PEG EE distance
7.6414322     0.15924076  

BBB P2(x)
0.50656508    0.0076648642

BBB first bond length
0.61801217    0.0023811231

BBB second bond length
0.61797733    0.0024790806

BBB <phi**2>/<phi>**2
1.2223376     0.0080085512

Time = 15000
Temperature
1.0101294     0.0084546342

Pressure
23.129094     0.086646863 

CM Mom
-4.4695366e-17 1.9675096e-17 
-3.9423289e-17 1.4837604e-17 
6.4764107e-17  1.3906246e-17 
9.1197617e-17  1.5162561e-17 

CM Pos
7.4953939      0.010030566   
7.4949241      0.012700245   
7.5068188      0.0073902348  
12.988738      0.012338249   

Stress
20.11        -0.0139011   0.0121395     0.117714     0.0502041    0.0419827   
-0.0139011   20.0906      -0.0100583    0.0502041    0.102156     0.0580889   
0.0121395    -0.0100583   20.1036       0.0419827    0.0580889    0.113924    

Stress Spherical
0            0            0             0            0            0           
0            0            0             0            0            0           
0            0            0             0            0            0           

Inertia
150.018      -56.1705     -56.2508      0.271853     0.176363     0.130153    
-56.1705     150.028      -56.2416      0.176363     0.215937     0.136047    
-56.2508     -56.2416     149.843       0.130153     0.136047     0.298106    

Bond Length
0.61834006    0.0011670824

BB bond length
0.61834006    0.0011670824

Water EE distance
0             0           

PEG EE distance
7.2470703     0.15836624  

BBB P2(x)
0.50775247    0.012520651 

BBB first bond length
0.61840209    0.0011640536

BBB second bond length
0.61853674    0.001294197 

BBB <phi**2>/<phi>**2
1.2266485     0.0053632792

Time = 16000
Temperature
1.0101935     0.0082854344

Pressure
23.133375     0.094877569 

CM Mom
-6.0212807e-17 2.3573327e-17 
-2.3251262e-17 1.9879668e-17 
5.8948497e-17  2.3513622e-17 
9.408199e-17   1.7131873e-17 

CM Pos
7.5010286      0.0094945496  
7.5001139      0.010144993   
7.4955495      0.011214514   
12.988482      0.0067746369  

Stress
20.0928      -0.0273268   -0.0545155    0.0847741    0.042059     0.0791231   
-0.0273268   20.1225      -0.0342851    0.042059     0.133501     0.0653438   
-0.0545155   -0.0342851   20.1011       0.0791231    0.0653438    0.112638    

Stress Spherical
0            0            0             0            0            0           
0            0            0             0            0            0           
0            0            0             0            0            0           

Inertia
149.919      -56.2778     -56.2143      0.195548     0.0719101    0.0917654   
-56.2778     149.937      -56.2209      0.0719101    0.263364     0.0922477   
-56.2143     -56.2209     150.026       0.0917654    0.0922477    0.160526    

Bond Length
0.61769683    0.0015967024

BB bond length
0.61769683    0.0015967024

Water EE distance
0             0           

PEG EE distance
7.4145333     0.13464287  

BBB P2(x)
0.50998927    0.009917965 

BBB first bond length
0.6175488     0.0016343405

BBB second bond length
0.61777445    0.0017299672

BBB <phi**2>/<phi>**2
1.2305241     0.0082820369

Time = 17000
Temperature
1.0099994     0.011338392 

Pressure
23.157256     0.13539282  

CM Mom
-2.5776386e-17 1.5501777e-17 
2.3744928e-18  1.6023041e-17 
4.5024065e-17  1.2960049e-17 
5.6516369e-17  1.2966593e-17 

CM Pos
7.4937629      0.012711493   
7.5030795      0.0060794781  
7.5054843      0.015637033   
12.991742      0.0078546778  

Stress
20.0941      0.0164567    0.000213911   0.184475     0.0868979    0.0515281   
0.0164567    20.1433      -0.0138768    0.0868979    0.189424     0.0445124   
0.000213911  -0.0138768   20.1525       0.0515281    0.0445124    0.132812    

Stress Spherical
0            0            0             0            0            0           
0            0            0             0            0            0           
0            0            0             0            0            0           

Inertia
150.106      -56.2557     -56.2225      0.223038     0.108625     0.149218    
-56.2557     149.988      -56.3453      0.108625     0.198308     0.1328      
-56.2225     -56.3453     149.941       0.149218     0.1328       0.216208    

Bond Length
0.6181977     0.0020522187

BB bond length
0.6181977     0.0020522187

Water EE distance
0             0           

PEG EE distance
7.3369678     0.15671441  

BBB P2(x)
0.51191176    0.011251801 

BBB first bond length
0.61823325    0.0018272565

BBB second bond length
0.61820522    0.0020122716

BBB <phi**2>/<phi>**2
1.2273013     0.0071772947

Time = 18000
Temperature
1.010051      0.0079140854

Pressure
23.152166     0.072400646 

CM Mom
-3.0384892e-17 1.4994746e-17 
3.5266263e-17  1.99222e-17   
6.7992106e-17  1.919182e-17  
8.6009763e-17  1.9551486e-17 

CM Pos
7.4913904      0.013929637   
7.490624       0.015287224   
7.4974771      0.011807591   
12.978558      0.012368451   

Stress
20.0983      0.00030878   0.0141938     0.0827459    0.0730826    0.0725009   
0.00030878   20.1387      0.00778725    0.0730826    0.176474     0.0722504   
0.0141938    0.00778725   20.1371       0.0725009    0.0722504    0.0618291   

Stress Spherical
0            0            0             0            0            0           
0            0            0             0            0            0           
0            0            0             0            0            0           

Inertia
149.801      -56.1451     -56.1797      0.211987     0.15918      0.177284    
-56.1451     149.822      -56.1334      0.15918      0.394079     0.135677    
-56.1797     -56.1334     149.714       0.177284     0.135677     0.249359    

Bond Length
0.61762807    0.0019731167

BB bond length
0.61762807    0.0019731167

Water EE distance
0             0           

PEG EE distance
7.2157033     0.064750638 

BBB P2(x)
0.51345752    0.013648233 

BBB first bond length
0.61780324    0.0020537231

BBB second bond length
0.61751346    0.0020520592

BBB <phi**2>/<phi>**2
1.2264832     0.0082353575

Time = 19000
Temperature
1.0120379     0.0097599784

Pressure
23.159538     0.084458931 

CM Mom
-4.4514829e-17 1.7222359e-17 
5.4497069e-17  1.3862168e-17 
8.3314468e-17  1.8209854e-17 
1.1179746e-16  1.4645721e-17 

CM Pos
7.5032528      0.0097741124  
7.502783       0.022276071   
7.5004427      0.019059022   
12.994142      0.020519196   

Stress
20.1489      0.00219897   -0.00242225   0.10775      0.0468911    0.0369098   
0.00219897   20.14        0.0246355     0.0468911    0.0921588    0.056624    
-0.00242225  0.0246355    20.0894       0.0369098    0.056624     0.147643    

Stress Spherical
0            0            0             0            0            0           
0            0            0             0            0            0           
0            0            0             0            0            0           

Inertia
150.044      -56.2839     -56.2966      0.532625     0.136147     0.189112    
-56.2839     150.068      -56.2385      0.136147     0.313709     0.293412    
-56.2966     -56.2385     150.073       0.189112     0.293412     0.3006      

Bond Length
0.61677707    0.0024249062

BB bond length
0.61677707    0.0024249062

Water EE distance
0             0           

PEG EE distance
7.2318287     0.073224668 

BBB P2(x)
0.50676705    0.0055782567

BBB first bond length
0.61652473    0.0026524386

BBB second bond length
0.61652184    0.0024090839

BBB <phi**2>/<phi>**2
1.2217718     0.0037569836

Time = 20000
Temperature
1.0093694     0.0051925844

Pressure
23.141291     0.066981844 

CM Mom
-7.7995747e-17 2.3032282e-17 
5.7639188e-17  1.7139874e-17 
8.7253024e-17  2.0126696e-17 
1.3423798e-16  1.5106681e-17 

CM Pos
7.5060701      0.015211529   
7.5104935      0.01206547    
7.4986634      0.0090790448  
12.999187      0.011916779   

Stress
20.1013      -0.00118825  0.0126278     0.138113     0.0598267    0.0760462   
-0.00118825  20.1292      0.0246267     0.0598267    0.148203     0.0704247   
0.0126278    0.0246267    20.1172       0.0760462    0.0704247    0.08503     

Stress Spherical
0            0            0             0            0            0           
0            0            0             0            0            0           
0            0            0             0            0            0           

Inertia
150.125      -56.3805     -56.2394      0.219915     0.208284     0.128907    
-56.3805     150.09       -56.3289      0.208284     0.269454     0.135825    
-56.2394     -56.3289     150.25        0.128907     0.135825     0.282431    

Bond Length
0.61727418    0.0022658135

BB bond length
0.61727418    0.0022658135

Water EE distance
0             0           

PEG EE distance
7.2170694     0.13776884  

BBB P2(x)
0.51316136    0.0098775009

BBB first bond length
0.61727895    0.0022585899

BBB second bond length
0.6171657     0.002289288 

BBB <phi**2>/<phi>**2
1.2251954     0.0076547387

Time = 21000
Temperature
1.0087285     0.0071756805

Pressure
23.17174      0.056718854 

CM Mom
-1.0354564e-16 2.0572352e-17 
4.4839138e-17  3.0021602e-17 
6.2510407e-17  1.2707556e-17 
1.3289804e-16  2.1538531e-17 

CM Pos
7.5008803      0.015558093   
7.4928482      0.01143199    
7.4958461      0.020841643   
12.984385      0.015103976   

Stress
20.1512      -0.00234692  0.0398159     0.107988     0.0760765    0.0722459   
-0.00234692  20.1664      -0.0370893    0.0760765    0.107218     0.077134    
0.0398159    -0.0370893   20.1271       0.0722459    0.077134     0.115478    

Stress Spherical
0            0            0             0            0            0           
0            0            0             0            0            0           
0            0            0             0            0            0           

Inertia
149.845      -56.2393     -56.2444      0.470424     0.144095     0.145619    
-56.2393     149.973      -56.1632      0.144095     0.331133     0.230085    
-56.2444     -56.1632     149.922       0.145619     0.230085     0.217578    

Bond Length
0.61696958    0.0021091303

BB bond length
0.61696958    0.0021091303

Water EE distance
0             0           

PEG EE distance
7.3219808     0.08845491  

BBB P2(x)
0.51320705    0.0085483738

BBB first bond length
0.61715572    0.0021876728

BBB second bond length
0.61712195    0.0021130273

BBB <phi**2>/<phi>**2
1.2293059     0.0087094488

Time = 22000
Temperature
1.0122212     0.0094505417

Pressure
23.154745     0.11949926  

CM Mom
-1.1250721e-16 1.2092767e-17 
5.4611482e-17  1.3145911e-17 
3.9648e-17     2.7583694e-17 
1.3433672e-16  1.5678199e-17 

CM Pos
7.4995458      0.014857622   
7.5030795      0.014769309   
7.4919908      0.014485972   
12.98729       0.016007256   

Stress
20.1329      -0.0130033   -0.042261     0.149218     0.0508113    0.0595902   
-0.0130033   20.115       -0.029076     0.0508113    0.108539     0.0549255   
-0.042261    -0.029076    20.1144       0.0595902    0.0549255    0.154433    

Stress Spherical
0            0            0             0            0            0           
0            0            0             0            0            0           
0            0            0             0            0            0           

Inertia
149.929      -56.2593     -56.1783      0.37753      0.127709     0.188305    
-56.2593     149.865      -56.208       0.127709     0.241653     0.229761    
-56.1783     -56.208      150.026       0.188305     0.229761     0.228566    

Bond Length
0.6188911     0.0011661971

BB bond length
0.6188911     0.0011661971

Water EE distance
0             0           

PEG EE distance
7.2895608     0.0950748   

BBB P2(x)
0.50390973    0.0096382494

BBB first bond length
0.61905792    0.0012004737

BBB second bond length
0.61902517    0.0013366509

BBB <phi**2>/<phi>**2
1.2251427     0.0091182391

Time = 23000
Temperature
1.0139377     0.0090105261

Pressure
23.191882     0.080577443 

CM Mom
-9.4749238e-17 2.7684777e-17 
5.9713174e-17  2.0625386e-17 
3.9775035e-17  2.3418904e-17 
1.2446862e-16  1.931308e-17  

CM Pos
7.5013251      0.010647285   
7.4978897      0.015016594   
7.4980703      0.010166643   
12.988825      0.012112131   

Stress
20.1884      0.0124096    0.021682      0.104272     0.077819     0.0722344   
0.0124096    20.1322      -0.0612437    0.077819     0.0900033    0.0822711   
0.021682     -0.0612437   20.1377       0.0722344    0.0822711    0.0955627   

Stress Spherical
0            0            0             0            0            0           
0            0            0             0            0            0           
0            0            0             0            0            0           

Inertia
149.956      -56.2366     -56.2627      0.268562     0.148804     0.120578    
-56.2366     149.996      -56.2271      0.148804     0.156586     0.173978    
-56.2627     -56.2271     149.994       0.120578     0.173978     0.292979    

Bond Length
0.61772801    0.0018042298

BB bond length
0.61772801    0.0018042298

Water EE distance
0             0           

PEG EE distance
7.3282293     0.15517243  

BBB P2(x)
0.51517997    0.0093426106

BBB first bond length
0.61769849    0.0018145561

BBB second bond length
0.61759393    0.001737248 

BBB <phi**2>/<phi>**2
1.2254666     0.006163801 

Time = 24000
Temperature
1.0100303     0.0067458434

Pressure
23.192897     0.088194738 

CM Mom
-9.3218031e-17 1.175249e-17  
3.2787989e-17  2.5490622e-17 
2.3557668e-17  1.4062112e-17 
1.0554846e-16  1.2836465e-17 

CM Pos
7.4922801      0.012449336   
7.499076       0.0091694097  
7.5004427      0.01073469    
12.985656      0.011035293   

Stress
20.1669      0.0174608    -0.0272401    0.0517437    0.0760483    0.107288    
0.0174608    20.1514      -0.0301558    0.0760483    0.151825     0.0771825   
-0.0272401   -0.0301558   20.1782       0.107288     0.0771825    0.0771544   

Stress Spherical
0            0            0             0            0            0           
0            0            0             0            0            0           
0            0            0             0            0            0           

Inertia
150.001      -56.1937     -56.2093      0.165368     0.182153     0.13031     
-56.1937     149.906      -56.2205      0.182153     0.199129     0.0819674   
-56.2093     -56.2205     149.863       0.13031      0.0819674    0.324839    

Bond Length
0.61746263    0.0016828776

BB bond length
0.61746263    0.0016828776

Water EE distance
0             0           

PEG EE distance
7.2938974     0.086476259 

BBB P2(x)
0.50734161    0.011165638 

BBB first bond length
0.61728534    0.0018520178

BBB second bond length
0.61735613    0.0018625087

BBB <phi**2>/<phi>**2
1.2214416     0.0087324261

Time = 25000
Temperature
1.0167427     0.0089394796

Pressure
23.208486     0.13014775  

CM Mom
-7.095753e-17  2.7234787e-17 
-1.5371749e-17 2.4547129e-17 
3.1303219e-17  2.0143501e-17 
8.6835147e-17  2.1467792e-17 

CM Pos
7.499694       0.010619371   
7.4940345      0.020100549   
7.4961426      0.017025742   
12.984561      0.010110858   

Stress
20.1797      -0.0262516   -0.0113744    0.176856     0.0640988    0.0533493   
-0.0262516   20.1332      -0.0152461    0.0640988    0.154451     0.0463114   
-0.0113744   -0.0152461   20.17         0.0533493    0.0463114    0.127513    

Stress Spherical
0            0            0             0            0            0           
0            0            0             0            0            0           
0            0            0             0            0            0           

Inertia
149.866      -56.2164     -56.2192      0.17748      0.182171     0.152665    
-56.2164     149.956      -56.1759      0.182171     0.290489     0.132609    
-56.2192     -56.1759     149.922       0.152665     0.132609     0.416288    

Bond Length
0.61888157    0.0017900055

BB bond length
0.61888157    0.0017900055

Water EE distance
0             0           

PEG EE distance
7.255637      0.097381642 

BBB P2(x)
0.50059619    0.011369836 

BBB first bond length
0.61885231    0.0018714944

BBB second bond length
0.61901541    0.0019544298

BBB <phi**2>/<phi>**2
1.2239387     0.0083668877

Time = 26000
Temperature
1.0094504     0.0058851421

Pressure
23.138395     0.14327903  

CM Mom
-5.9216285e-17 1.342414e-17  
-2.3930953e-17 1.7982631e-17 
7.4432464e-17  3.4600994e-17 
1.0263798e-16  2.8030476e-17 

CM Pos
7.5022148      0.016104595   
7.4934413      0.015001945   
7.4958461      0.013715695   
12.985493      0.015639847   

Stress
20.1129      -0.0416029   -0.00479271   0.184361     0.0705892    0.0751097   
-0.0416029   20.0839      -0.0294561    0.0705892    0.155932     0.0612417   
-0.00479271  -0.0294561   20.1414       0.0751097    0.0612417    0.131761    

Stress Spherical
0            0            0             0            0            0           
0            0            0             0            0            0           
0            0            0             0            0            0           

Inertia
149.847      -56.2128     -56.2759      0.316199     0.183744     0.18767     
-56.2128     149.991      -56.126       0.183744     0.304422     0.176088    
-56.2759     -56.126      149.956       0.18767      0.176088     0.330122    

Bond Length
0.61866688    0.002019475 

BB bond length
0.61866688    0.002019475 

Water EE distance
0             0           

PEG EE distance
7.2787912     0.16563022  

BBB P2(x)
0.50312989    0.0062492066

BBB first bond length
0.6186186     0.0022327574

BBB second bond length
0.61875223    0.0021810924

BBB <phi**2>/<phi>**2
1.2242071     0.0067255149

Time = 27000
Temperature
1.0106994     0.0079036741

Pressure
23.15817      0.088725481 

CM Mom
-3.1836874e-17 2.1792772e-17 
-4.8617666e-17 1.8944857e-17 
7.2788695e-17  2.1056196e-17 
9.8675107e-17  1.4692762e-17 

CM Pos
7.50177        0.013200247   
7.5004105      0.010941614   
7.5041497      0.0096507355  
12.994045      0.012038721   

Stress
20.1402      -0.0175292   0.00176341    0.141254     0.080021     0.0532509   
-0.0175292   20.0794      -0.0141749    0.080021     0.100461     0.0801238   
0.00176341   -0.0141749   20.1666       0.0532509    0.0801238    0.135498    

Stress Spherical
0            0            0             0            0            0           
0            0            0             0            0            0           
0            0            0             0            0            0           

Inertia
150.077      -56.2194     -56.3499      0.204448     0.121159     0.170157    
-56.2194     150.106      -56.2544      0.121159     0.252284     0.0967893   
-56.3499     -56.2544     150.037       0.170157     0.0967893    0.258697    

Bond Length
0.61846185    0.0017527989

BB bond length
0.61846185    0.0017527989

Water EE distance
0             0           

PEG EE distance
7.4765894     0.14267223  

BBB P2(x)
0.5114996     0.009585908 

BBB first bond length
0.61849817    0.0019656278

BBB second bond length
0.61844934    0.0017594116

BBB <phi**2>/<phi>**2
1.2231361     0.0061309732

Time = 28000
Temperature
1.0124901     0.0061586919

Pressure
23.172305     0.083311589 

CM Mom
-2.5236694e-17 1.1396471e-17 
-4.624626e-17  1.8941464e-17 
8.3378808e-17  8.0632237e-18 
1.0034183e-16  1.4588496e-17 

CM Pos
7.510815       0.0090729885  
7.4949241      0.01478047    
7.5035566      0.0098402491  
12.995763      0.01104568    

Stress
20.1674      -0.0359863   0.00458009    0.103878     0.0549025    0.0835208   
-0.0359863   20.0413      0.0208839     0.0549025    0.126099     0.0517927   
0.00458009   0.0208839    20.2039       0.0835208    0.0517927    0.143238    

Stress Spherical
0            0            0             0            0            0           
