Time = 1000
Temperature
   1.0444161    0.06202427

Pressure
   23.651703     0.2152608

CM Mom
-1.3519421e-17 2.6709428e-17 
3.7815085e-17  1.6967353e-17 
-8.7253761e-17 1.2821967e-16 
1.4421243e-16  7.6617999e-17 

CM Pos
7.5051308      0.028214974   
7.49461        0.019235475   
7.5013869      0.017181708   
12.991067      0.024725548   

Stress
20.4755      0.000520492  0.00848331    0.12488      0.0482755    0.0824913   
0.000520492  20.5698      -0.0118592    0.0482755    0.113849     0.0574313   
0.00848331   -0.0118592   20.5194       0.0824913    0.0574313    0.0598604   

Stress Spherical
0            0            0             0            0            0           
0            0            0             0            0            0           
0            0            0             0            0            0           

Inertia
149.963      -56.2706     -56.3376      0.654568     0.262543     0.339862    
-56.2706     150.124      -56.232       0.262543     1.15266      0.179367    
-56.3376     -56.232      150.027       0.339862     0.179367     0.91562     

Bond Length
0.61872814    0.0029971273

BB bond length
0.61872814    0.0029971273

Water EE distance
0             0           

PEG EE distance
7.1677919     0.2013178   

BBB P2(x)
0.47685903    0.061570782 

BBB first bond length
0.61862036    0.0030452261

BBB second bond length
0.61897876    0.0032567741

BBB <phi**2>/<phi>**2
1.2198946     0.01861139  

Time = 2000
Temperature
1.0074566     0.010828952 

Pressure
23.507244     0.10469373  

CM Mom
-2.9805894e-17 1.8384593e-17 
3.9339653e-17  1.7174516e-17 
-4.5096019e-17 3.0791248e-17 
7.3758044e-17  2.4707481e-17 

CM Pos
7.4962332      0.014514702   
7.5023213      0.014530602   
7.4999039      0.010840732   
12.98951       0.0088230967  

Stress
20.508       0.064878     -0.00113584   0.146988     0.0641954    0.0747929   
0.064878     20.483       -0.0234803    0.0641954    0.130838     0.0471806   
-0.00113584  -0.0234803   20.4726       0.0747929    0.0471806    0.1269      

Stress Spherical
0            0            0             0            0            0           
0            0            0             0            0            0           
0            0            0             0            0            0           

Inertia
149.928      -56.2481     -56.2278      0.218355     0.0800851    0.167302    
-56.2481     149.845      -56.2889      0.0800851    0.462529     0.0991236   
-56.2278     -56.2889     149.866       0.167302     0.0991236    0.299782    

Bond Length
0.61927342    0.0032279135

BB bond length
0.61927342    0.0032279135

Water EE distance
0             0           

PEG EE distance
7.0389321     0.17254595  

BBB P2(x)
0.50885848    0.013008915 

BBB first bond length
0.61929129    0.0030180312

BBB second bond length
0.61910782    0.0032897414

BBB <phi**2>/<phi>**2
1.224106      0.0082337214

