Time = 1000
Temperature
   1.3138983    0.48125472

Pressure
   24.968846     2.6200713

CM Mom
1.2418461e-17  3.2326848e-17 
2.966723e-17   5.0334691e-17 
2.2173317e-17  5.8393174e-16 
4.4763773e-16  3.8170849e-16 

CM Pos
9.9973373      0.031308241   
10.010143      0.037178906   
9.9961944      0.022040443   
17.322697      0.025272726   

Stress
21.0617      0.0303147    0.0291663     1.44854      0.0582565    0.0498041   
0.0303147    21.0252      -0.0461183    0.0582565    1.4267       0.060733    
0.0291663    -0.0461183   21.0073       0.0498041    0.060733     1.43778     

Stress Spherical
0            0            0             0            0            0           
0            0            0             0            0            0           
0            0            0             0            0            0           

Inertia
267.665      -100.054     -99.9503      6.82636      0.633054     0.282728    
-100.054     267.459      -100.089      0.633054     6.58206      0.302198    
-99.9503     -100.089     267.719       0.282728     0.302198     7.81818     

Bond Length
0.63093416    0.025835947 

BB bond length
0.63093416    0.025835947 

Water EE distance
0             0           

PEG EE distance
8.9557945     0.25649373  

BBB P2(x)
0.12336673    0.030011861 

BBB first bond length
0.63111617    0.026289758 

BBB second bond length
0.63113034    0.025890765 

BBB <phi**2>/<phi>**2
1.1341377     0.010254289 

Time = 2000
Temperature
1.0174173     0.013052041 

Pressure
22.995103     0.099622807 

CM Mom
3.7199001e-17  1.9961778e-17 
3.2926432e-17  1.8366296e-17 
-8.2041842e-18 1.2910679e-16 
1.1901599e-16  7.5991945e-17 

CM Pos
9.9991727      0.017318408   
9.9944588      0.012260731   
9.998864       0.013483966   
17.316191      0.0094112201  

Stress
20.0281      -0.0164584   0.00847884    0.117203     0.0353211    0.0606511   
-0.0164584   19.8731      0.000538134   0.0353211    0.0985325    0.0549137   
0.00847884   0.000538134  19.9374       0.0606511    0.0549137    0.0849789   

Stress Spherical
0            0            0             0            0            0           
0            0            0             0            0            0           
0            0            0             0            0            0           

Inertia
266.448      -99.9234     -99.9841      1.15655      0.1146       0.216034    
-99.9234     266.542      -99.927       0.1146       1.25175      0.19935     
-99.9841     -99.927      266.455       0.216034     0.19935      1.36114     

Bond Length
0.62132948    0.0011971869

BB bond length
0.62132948    0.0011971869

Water EE distance
0             0           

PEG EE distance
8.7253119     0.080384207 

BBB P2(x)
0.093310142   0.0084469152

BBB first bond length
0.62139656    0.0012806159

BBB second bond length
0.62146159    0.0012144938

BBB <phi**2>/<phi>**2
1.1238877     0.0040071488

Time = 3000
Temperature
1.0132046     0.0052584363

Pressure
22.870103     0.087864326 

CM Mom
3.2978588e-17  8.4775608e-18 
4.4951205e-17  1.2231124e-17 
5.5842032e-17  1.050882e-16  
1.1868373e-16  5.835838e-17  

CM Pos
10.001926      0.011812338   
10.001967      0.011541452   
9.9981131      0.0094324145  
17.321671      0.013818097   

Stress
19.8518      -0.00139816  -0.000448462  0.110976     0.0465447    0.0456669   
-0.00139816  19.8172      -0.00197113   0.0465447    0.104523     0.0421116   
-0.000448462 -0.00197113  19.8323       0.0456669    0.0421116    0.104568    

Stress Spherical
0            0            0             0            0            0           
0            0            0             0            0            0           
0            0            0             0            0            0           

Inertia
266.582      -100.039     -100.002      0.482545     0.23676      0.218424    
-100.039     266.602      -99.9902      0.23676      0.528295     0.140887    
-100.002     -99.9902     266.685       0.218424     0.140887     0.714316    

Bond Length
0.62197854    0.00076255088

BB bond length
0.62197854    0.00076255088

Water EE distance
0             0           

PEG EE distance
8.2975744     0.12993017  

BBB P2(x)
0.083712988   0.0061336513

BBB first bond length
0.62207984    0.00075618313

BBB second bond length
0.62207212    0.00078424533

BBB <phi**2>/<phi>**2
1.119798      0.0023954377

Time = 4000
Temperature
1.0109982     0.0047246932

Pressure
22.864929     0.053489713 

CM Mom
2.9349316e-17  1.789075e-17  
4.6537362e-17  1.9358901e-17 
6.7670279e-17  2.6309835e-17 
9.1683283e-17  2.4240545e-17 

CM Pos
9.9991727      0.0049325921  
10.003469      0.0056556107  
9.9996148      0.011869643   
17.321814      0.0086419896  

Stress
19.8224      -0.011548    -0.00799471   0.0897753    0.0603041    0.0366926   
-0.011548    19.8517      0.0131935     0.0603041    0.0765188    0.0404498   
-0.00799471  0.0131935    19.8316       0.0366926    0.0404498    0.0884837   

Stress Spherical
0            0            0             0            0            0           
0            0            0             0            0            0           
0            0            0             0            0            0           

Inertia
266.671      -100.043     -99.9642      0.230397     0.15034      0.170069    
-100.043     266.597      -100.009      0.15034      0.223556     0.161223    
-99.9642     -100.009     266.684       0.170069     0.161223     0.337741    

Bond Length
0.62257811    0.00082801945

BB bond length
0.62257811    0.00082801945

Water EE distance
0             0           

PEG EE distance
7.9378681     0.12267333  

BBB P2(x)
0.080599658   0.0046188473

BBB first bond length
0.62268179    0.00083940581

BBB second bond length
0.62263421    0.00093539736

BBB <phi**2>/<phi>**2
1.1200782     0.0025798403

Time = 5000
Temperature
1.0090346     0.0051659835

Pressure
22.831333     0.072227819 

CM Mom
3.8689008e-17  1.2943025e-17 
4.8089597e-17  2.3282515e-17 
6.4698717e-17  1.553378e-17  
9.3705448e-17  1.286691e-17  

CM Pos
9.9985887      0.0081006956  
9.9982963      0.0093061382  
9.9968618      0.011325057   
17.316904      0.008007236   

Stress
19.8307      0.0272246    -0.0140271    0.0985553    0.0433931    0.036693    
0.0272246    19.7852      0.0223284     0.0433931    0.0705174    0.0490336   
-0.0140271   0.0223284    19.8066       0.036693     0.0490336    0.0647506   

Stress Spherical
0            0            0             0            0            0           
0            0            0             0            0            0           
0            0            0             0            0            0           

Inertia
266.551      -99.9924     -99.9647      0.360995     0.116941     0.119342    
-99.9924     266.554      -99.9671      0.116941     0.163582     0.214332    
-99.9647     -99.9671     266.582       0.119342     0.214332     0.0786413   

Bond Length
0.62270483    0.00097385257

BB bond length
0.62270483    0.00097385257

Water EE distance
0             0           

PEG EE distance
7.4616212     0.1430074   

BBB P2(x)
0.074237027   0.0044347886

BBB first bond length
0.62279477    0.0010211838

BBB second bond length
0.62284235    0.0010217747

BBB <phi**2>/<phi>**2
1.1188421     0.0018628349

Time = 6000
Temperature
1.013376      0.0057952458

Pressure
22.863082     0.072942471 

CM Mom
3.6655907e-17  2.058334e-17  
5.661841e-17   1.1474909e-17 
7.050711e-17   1.2127188e-17 
9.9530105e-17  1.7796817e-17 

CM Pos
10.000257      0.010905556   
9.9984632      0.0053260665  
9.9981131      0.0032137082  
17.318683      0.0070776873  

Stress
19.8394      0.0109575    0.0172735     0.101801     0.0272776    0.0262867   
0.0109575    19.8006      0.0164778     0.0272776    0.0940351    0.0410972   
0.0172735    0.0164778    19.8388       0.0262867    0.0410972    0.0840996   

Stress Spherical
0            0            0             0            0            0           
0            0            0             0            0            0           
0            0            0             0            0            0           

Inertia
266.586      -99.9842     -99.9726      0.137309     0.131036     0.105321    
-99.9842     266.626      -99.9481      0.131036     0.264349     0.0833763   
-99.9726     -99.9481     266.633       0.105321     0.0833763    0.243401    

Bond Length
0.62280031    0.0006548377

BB bond length
0.62280031    0.0006548377

Water EE distance
0             0           

PEG EE distance
7.4536966     0.06303299  

BBB P2(x)
0.075586702   0.0050027407

BBB first bond length
0.62285537    0.0005688442

BBB second bond length
0.62286217    0.00075956162

BBB <phi**2>/<phi>**2
1.1186445     0.0032238479

Time = 7000
Temperature
1.012235      0.0042712357

Pressure
22.859156     0.069587672 

CM Mom
4.2459756e-17  1.5231749e-17 
5.0011092e-17  3.0368371e-17 
6.8049438e-17  2.4881638e-17 
1.0089341e-16  2.2989712e-17 

CM Pos
9.9979213      0.010670737   
10.00447       0.011565547   
10.001951      0.012333173   
17.323019      0.016371397   

Stress
19.8275      0.00326833   -0.0333656    0.0650242    0.0463444    0.0588342   
0.00326833   19.8118      0.00556014    0.0463444    0.115012     0.059906    
-0.0333656   0.00556014   19.8378       0.0588342    0.059906     0.104698    

Stress Spherical
0            0            0             0            0            0           
0            0            0             0            0            0           
0            0            0             0            0            0           

Inertia
266.773      -100.016     -99.9989      0.380782     0.192121     0.27719     
-100.016     266.641      -100.029      0.192121     0.441374     0.227619    
-99.9989     -100.029     266.698       0.27719      0.227619     0.36484     

Bond Length
0.62194357    0.00089783399

BB bond length
0.62194357    0.00089783399

Water EE distance
0             0           

PEG EE distance
7.3230047     0.039574944 

BBB P2(x)
0.076655564   0.0065716298

BBB first bond length
0.62202247    0.00089147217

BBB second bond length
0.62199733    0.00089363959

BBB <phi**2>/<phi>**2
1.1190034     0.0025049565

Time = 8000
Temperature
1.0104426     0.0041869988

Pressure
22.870487     0.063118627 

CM Mom
3.5689313e-17  1.411214e-17  
5.3400598e-17  1.3068406e-17 
9.3810812e-17  1.5962188e-17 
1.152629e-16   1.6279122e-17 

CM Pos
10.001342      0.011632747   
9.9980461      0.0099624117  
10.00095       0.016542314   
17.320711      0.014663195   

Stress
19.8664      0.0141698    0.0171812     0.0548362    0.0419083    0.043803    
0.0141698    19.8446      0.0122582     0.0419083    0.0717241    0.0391274   
0.0171812    0.0122582    19.8163       0.043803     0.0391274    0.0864833   

Stress Spherical
0            0            0             0            0            0           
0            0            0             0            0            0           
0            0            0             0            0            0           

Inertia
266.645      -99.9783     -99.9958      0.396082     0.22105      0.197755    
-99.9783     266.711      -100.03       0.22105      0.446925     0.267088    
-99.9958     -100.03      266.641       0.197755     0.267088     0.368298    

Bond Length
0.62244933    0.00072202635

BB bond length
0.62244933    0.00072202635

Water EE distance
0             0           

PEG EE distance
7.2562022     0.051325184 

BBB P2(x)
0.070940011   0.0045200076

BBB first bond length
0.62252492    0.00067653355

BBB second bond length
0.62262797    0.00062509724

BBB <phi**2>/<phi>**2
1.1168896     0.0027136485

Time = 9000
Temperature
1.0085978     0.0054696172

Pressure
22.854362     0.058200947 

CM Mom
5.3927599e-17  2.6975126e-17 
5.9051046e-17  1.4116469e-17 
9.5153787e-17  1.5301427e-17 
1.2758487e-16  1.8237893e-17 

CM Pos
9.9991727      0.010444968   
10.002801      0.0069397295  
9.9986971      0.0081058487  
17.320899      0.010498323   

Stress
19.8492      0.0265563    -0.0143019    0.0722582    0.0356013    0.0356394   
0.0265563    19.8232      0.0452217     0.0356013    0.0886556    0.0355283   
-0.0143019   0.0452217    19.8232       0.0356394    0.0355283    0.0829292   

Stress Spherical
0            0            0             0            0            0           
0            0            0             0            0            0           
0            0            0             0            0            0           

Inertia
266.683      -100.013     -99.9927      0.225493     0.162927     0.250777    
-100.013     266.618      -100.003      0.162927     0.318169     0.140691    
-99.9927     -100.003     266.686       0.250777     0.140691     0.244574    

Bond Length
0.62267679    0.0010100297

BB bond length
0.62267679    0.0010100297

Water EE distance
0             0           

PEG EE distance
7.0357666     0.14203573  

BBB P2(x)
0.07169039    0.0030115998

BBB first bond length
0.62268619    0.0010527685

BBB second bond length
0.62279129    0.0010410938

BBB <phi**2>/<phi>**2
1.1168828     0.0016376572

Time = 10000
Temperature
1.0118148     0.0044799106

Pressure
22.865339     0.050789165 

CM Mom
5.8938051e-17  1.2242609e-17 
6.2965585e-17  1.7025771e-17 
8.8907682e-17  1.759386e-17  
1.2593993e-16  1.5210857e-17 

CM Pos
10.003344      0.0078151587  
10.001884      0.0080920998  
10.002117      0.010143445   
17.324753      0.0096961291  

Stress
19.8675      0.0197014    0.00691874    0.11841      0.0528631    0.035303    
0.0197014    19.7921      -0.0125005    0.0528631    0.0574955    0.0394285   
0.00691874   -0.0125005   19.8399       0.035303     0.0394285    0.108388    

Stress Spherical
0            0            0             0            0            0           
0            0            0             0            0            0           
0            0            0             0            0            0           

Inertia
266.75       -100.052     -100.056      0.207329     0.153012     0.189211    
-100.052     266.788      -100.021      0.153012     0.340265     0.149299    
-100.056     -100.021     266.764       0.189211     0.149299     0.228368    

Bond Length
0.62266958    0.0006714407

BB bond length
0.62266958    0.0006714407

Water EE distance
0             0           

PEG EE distance
6.8517257     0.096930355 

BBB P2(x)
0.071969336   0.006844565 

BBB first bond length
0.62280116    0.00061801415

BBB second bond length
0.62278075    0.00067872851

BBB <phi**2>/<phi>**2
1.1179324     0.0022435017

Time = 11000
Temperature
1.0093299     0.0061137598

Pressure
22.867209     0.045450707 

CM Mom
5.8773725e-17  2.1065737e-17 
7.8588024e-17  1.8864668e-17 
6.4953766e-17  1.7867767e-17 
1.2115439e-16  1.702741e-17  

CM Pos
9.9981716      0.0067175514  
10.000882      0.012243975   
10.003452      0.010928187   
17.321961      0.011814713   

Stress
19.8591      -0.0147702   0.0169356     0.0675021    0.0763371    0.0435683   
-0.0147702   19.8034      0.0359022     0.0763371    0.0514661    0.0430469   
0.0169356    0.0359022    19.865        0.0435683    0.0430469    0.0815706   

Stress Spherical
0            0            0             0            0            0           
0            0            0             0            0            0           
0            0            0             0            0            0           

Inertia
266.744      -99.9809     -100.012      0.416273     0.168023     0.122766    
-99.9809     266.697      -100.049      0.168023     0.221629     0.193746    
-100.012     -100.049     266.649       0.122766     0.193746     0.183576    

Bond Length
0.62239328    0.0010398364

BB bond length
0.62239328    0.0010398364

Water EE distance
0             0           

PEG EE distance
6.7541083     0.051604232 

BBB P2(x)
0.071432937   0.0054659831

BBB first bond length
0.6225534     0.0010758651

BBB second bond length
0.62249684    0.0010471777

BBB <phi**2>/<phi>**2
1.1165804     0.0013542069

Time = 12000
Temperature
1.0111066     0.0038536856

Pressure
22.877193     0.068460801 

CM Mom
5.2743003e-17  1.6450518e-17 
8.1041268e-17  8.1791746e-18 
8.3024991e-17  1.2631046e-17 
1.2854438e-16  1.4699147e-17 

CM Pos
9.9972539      0.011899216   
9.9999648      0.012509106   
10.002034      0.0077816927  
17.320085      0.009316844   

Stress
19.8525      -0.0101318   0.0142214     0.104223     0.0245358    0.0563619   
-0.0101318   19.8326      0.00111158    0.0245358    0.0791865    0.0466014   
0.0142214    0.00111158   19.8563       0.0563619    0.0466014    0.106726    

Stress Spherical
0            0            0             0            0            0           
0            0            0             0            0            0           
0            0            0             0            0            0           

Inertia
266.698      -100.013     -100.021      0.31155      0.155539     0.148652    
-100.013     266.638      -100.019      0.155539     0.31831      0.110539    
-100.021     -100.019     266.609       0.148652     0.110539     0.304681    

Bond Length
0.62217272    0.00077884613

BB bond length
0.62217272    0.00077884613

Water EE distance
0             0           

PEG EE distance
6.6563575     0.057776627 

BBB P2(x)
0.069541097   0.0035078608

BBB first bond length
0.62229253    0.00084100357

BBB second bond length
0.62220516    0.00081465899

BBB <phi**2>/<phi>**2
1.1164269     0.0029162143

Time = 13000
Temperature
1.0108952     0.0045382095

Pressure
22.901124     0.071472081 

CM Mom
3.5482078e-17  2.4066073e-17 
8.5627352e-17  1.448241e-17  
9.4045717e-17  1.7902699e-17 
1.3467351e-16  2.0201139e-17 

CM Pos
9.9975876      0.0086972968  
10.000966      0.012196991   
10.000866      0.0095879214  
17.320181      0.0063227677  

Stress
19.8836      0.00846164   0.0283077     0.132662     0.0334446    0.041774    
0.00846164   19.8367      -0.00340349   0.0334446    0.0840774    0.0326737   
0.0283077    -0.00340349  19.8949       0.041774     0.0326737    0.0847698   

Stress Spherical
0            0            0             0            0            0           
0            0            0             0            0            0           
0            0            0             0            0            0           

Inertia
266.711      -99.985      -99.9853      0.213582     0.082981     0.166341    
-99.985      266.621      -100.036      0.082981     0.287773     0.199099    
-99.9853     -100.036     266.646       0.166341     0.199099     0.192384    

Bond Length
0.62198813    0.00093757789

BB bond length
0.62198813    0.00093757789

Water EE distance
0             0           

PEG EE distance
6.6630988     0.093549057 

BBB P2(x)
0.067829389   0.0047655359

BBB first bond length
0.62209385    0.00096643585

BBB second bond length
0.62213487    0.0010014398

BBB <phi**2>/<phi>**2
1.1168927     0.0031389802

Time = 14000
Temperature
1.0104684     0.0032355151

Pressure
22.847221     0.069193094 

CM Mom
2.1163308e-17  1.8242693e-17 
9.932708e-17   1.5685916e-17 
1.1691663e-16  2.5532086e-17 
1.5634003e-16  2.7780914e-17 

CM Pos
10.004595      0.016198169   
10.002801      0.0097144751  
9.998864       0.012642202   
17.324133      0.013286788   

Stress
19.8025      -0.00270539  -0.00527354   0.0631883    0.0563373    0.0478922   
-0.00270539  19.8337      0.000932921   0.0563373    0.0677143    0.0516445   
-0.00527354  0.000932921  19.8211       0.0478922    0.0516445    0.118231    

Stress Spherical
0            0            0             0            0            0           
0            0            0             0            0            0           
0            0            0             0            0            0           

Inertia
266.708      -100.067     -100.049      0.355004     0.196857     0.23812     
-100.067     266.733      -100.028      0.196857     0.326584     0.131081    
-100.049     -100.028     266.814       0.23812      0.131081     0.322337    

Bond Length
0.6227129     0.0011681897

BB bond length
0.6227129     0.0011681897

Water EE distance
0             0           

PEG EE distance
6.7328239     0.087880382 

BBB P2(x)
0.069002679   0.0057477854

BBB first bond length
0.62277244    0.0012615256

BBB second bond length
0.62274711    0.0011817375

BBB <phi**2>/<phi>**2
1.1165418     0.0020402107

Time = 15000
Temperature
1.0130367     0.0050317501

Pressure
22.859178     0.058984499 

CM Mom
2.9009925e-17  1.2715426e-17 
1.2221518e-16  1.3749956e-17 
1.0436323e-16  2.3414515e-17 
1.6545839e-16  1.3867814e-17 

CM Pos
10.003427      0.0067922475  
9.9998814      0.01445543    
9.9981966      0.011353289   
17.321384      0.012797186   

Stress
19.8373      -0.00530456  -0.0218908    0.0904809    0.0396794    0.0444239   
-0.00530456  19.8158      0.00294943    0.0396794    0.0852785    0.0433471   
-0.0218908   0.00294943   19.817        0.0444239    0.0433471    0.0819597   

Stress Spherical
0            0            0             0            0            0           
0            0            0             0            0            0           
0            0            0             0            0            0           

Inertia
266.609      -100.039     -99.9953      0.469645     0.142527     0.183961    
-100.039     266.685      -99.9478      0.142527     0.289475     0.21298     
-99.9953     -99.9478     266.726       0.183961     0.21298      0.377469    

Bond Length
0.6219655     0.0010234724

BB bond length
0.6219655     0.0010234724

Water EE distance
0             0           

PEG EE distance
6.5415564     0.058112953 

BBB P2(x)
0.069792483   0.0055986026

BBB first bond length
0.62197413    0.0010578733

BBB second bond length
0.62201136    0.0010218818

BBB <phi**2>/<phi>**2
1.1166274     0.0029945707

Time = 16000
Temperature
1.0104966     0.0035989006

Pressure
22.8787       0.039883046 

CM Mom
4.6828706e-17  1.9254958e-17 
1.233669e-16   1.5331118e-17 
1.3766043e-16  2.3549599e-17 
1.9240954e-16  2.2397863e-17 

CM Pos
9.9990892      0.0082251716  
9.9982963      0.011590793   
10.000532      0.0083611202  
17.31931       0.011362579   

Stress
19.858       0.0125625    0.0243887     0.0605825    0.0304917    0.0648007   
0.0125625    19.8358      0.0257489     0.0304917    0.0686379    0.0432336   
0.0243887    0.0257489    19.8577       0.0648007    0.0432336    0.0666618   

Stress Spherical
0            0            0             0            0            0           
0            0            0             0            0            0           
0            0            0             0            0            0           

Inertia
266.645      -99.9697     -99.9758      0.391767     0.12259      0.136745    
-99.9697     266.665      -99.9685      0.12259      0.269062     0.243643    
-99.9758     -99.9685     266.607       0.136745     0.243643     0.265283    

Bond Length
0.62192353    0.00076212051

BB bond length
0.62192353    0.00076212051

Water EE distance
0             0           

PEG EE distance
6.6230208     0.049768298 

BBB P2(x)
0.0683549     0.0060972891

BBB first bond length
0.62201636    0.00068028267

BBB second bond length
0.62201281    0.00075545564

BBB <phi**2>/<phi>**2
1.1172493     0.0031345133

Time = 17000
Temperature
1.0084698     0.004831642 

Pressure
22.858156     0.056169379 

CM Mom
7.5238982e-17  2.5373614e-17 
1.4426619e-16  1.2535044e-17 
1.3773626e-16  1.219493e-17  
2.1481062e-16  1.5842235e-17 

CM Pos
10.003928      0.010865918   
9.9988803      0.0089076054  
9.9993645      0.010013973   
17.321768      0.011455351   

Stress
19.8399      0.0067994    -0.0146563    0.0674132    0.0466003    0.0555822   
0.0067994    19.8412      0.0167409     0.0466003    0.0837596    0.0455844   
-0.0146563   0.0167409    19.8269       0.0555822    0.0455844    0.0900195   

Stress Spherical
0            0            0             0            0            0           
0            0            0             0            0            0           
0            0            0             0            0            0           

Inertia
266.611      -100.042     -99.9831      0.334703     0.147619     0.16759     
-100.042     266.723      -99.9894      0.147619     0.334731     0.214322    
-99.9831     -99.9894     266.71        0.16759      0.214322     0.355478    

Bond Length
0.62218863    0.00092208327

BB bond length
0.62218863    0.00092208327

Water EE distance
0             0           

PEG EE distance
6.4804575     0.071614089 

BBB P2(x)
0.068866738   0.0042944173

BBB first bond length
0.62225389    0.00096860529

BBB second bond length
0.62228046    0.00098129909

BBB <phi**2>/<phi>**2
1.1171022     0.0017618782

Time = 18000
Temperature
1.0126102     0.0049792198

Pressure
22.890852     0.035819777 

CM Mom
6.4419992e-17  1.4818313e-17 
1.62623e-16    1.5186282e-17 
1.3811531e-16  1.2140178e-17 
2.2361922e-16  1.6249513e-17 

CM Pos
10.003928      0.0094327834  
10.001884      0.010362353   
9.9979463      0.0071589015  
17.322682      0.010654534   

Stress
19.8484      0.00895634   -0.0166026    0.0736054    0.0583011    0.0517518   
0.00895634   19.8488      0.0279383     0.0583011    0.0975212    0.0525426   
-0.0166026   0.0279383    19.8718       0.0517518    0.0525426    0.0650835   

Stress Spherical
0            0            0             0            0            0           
0            0            0             0            0            0           
0            0            0             0            0            0           

Inertia
266.649      -100.011     -100.051      0.26665      0.168734     0.181667    
-100.011     266.698      -100.046      0.168734     0.300978     0.139491    
-100.051     -100.046     266.779       0.181667     0.139491     0.284406    

Bond Length
0.62194614    0.0011328988

BB bond length
0.62194614    0.0011328988

Water EE distance
0             0           

PEG EE distance
6.2693843     0.15240874  

BBB P2(x)
0.067702785   0.0053995463

BBB first bond length
0.62208644    0.0011653932

BBB second bond length
0.62199394    0.0011640987

BBB <phi**2>/<phi>**2
1.117588      0.0024518395

Time = 19000
Temperature
1.0072181     0.005413083 

Pressure
22.88581      0.061585755 

CM Mom
4.8274603e-17  2.2097048e-17 
1.5322516e-16  1.8809452e-17 
1.6434012e-16  2.7803695e-17 
2.3243042e-16  2.0181252e-17 

CM Pos
10.001509      0.013457876   
10.000632      0.009801487   
9.9978629      0.0096284839  
17.320516      0.013841896   

Stress
19.8517      -0.020786    0.00392412    0.0554405    0.0440422    0.0444602   
-0.020786    19.8782      -0.00719119   0.0440422    0.10144      0.0479988   
0.00392412   -0.00719119  19.8723       0.0444602    0.0479988    0.0557753   

Stress Spherical
0            0            0             0            0            0           
0            0            0             0            0            0           
0            0            0             0            0            0           

Inertia
266.644      -99.959      -99.9976      0.272334     0.195026     0.200759    
-99.959      266.656      -99.9897      0.195026     0.378315     0.128945    
-99.9976     -99.9897     266.714       0.200759     0.128945     0.417578    

Bond Length
0.6216925     0.00048896113

BB bond length
0.6216925     0.00048896113

Water EE distance
0             0           

PEG EE distance
6.0596598     0.090543952 

BBB P2(x)
0.066151342   0.0061832391

BBB first bond length
0.62179143    0.0005419863

BBB second bond length
0.62174223    0.00057069488

BBB <phi**2>/<phi>**2
1.116413      0.0028998203

Time = 20000
Temperature
1.0125889     0.002627603 

Pressure
22.870248     0.057754118 

CM Mom
3.7621806e-17  9.1778651e-18 
1.5525594e-16  1.5342833e-17 
1.6751579e-16  2.6241556e-17 
2.3241377e-16  2.3946678e-17 

CM Pos
10.008516      0.0094897907  
9.9981295      0.010143445   
9.9996982      0.015229112   
17.324182      0.0092868934  

Stress
19.8269      -0.00313593  0.014136      0.0819733    0.0457315    0.0501394   
-0.00313593  19.8406      -0.000277576  0.0457315    0.0851597    0.0403027   
0.014136     -0.000277576 19.8399       0.0501394    0.0403027    0.117101    

Stress Spherical
0            0            0             0            0            0           
0            0            0             0            0            0           
0            0            0             0            0            0           

Inertia
266.63       -100.063     -100.067      0.335897     0.167891     0.162889    
-100.063     266.829      -100.009      0.167891     0.372047     0.140016    
-100.067     -100.009     266.811       0.162889     0.140016     0.325837    

Bond Length
0.62247229    0.0013519026

BB bond length
0.62247229    0.0013519026

Water EE distance
0             0           

PEG EE distance
6.0819263     0.052067868 

BBB P2(x)
0.067341782   0.0071273326

BBB first bond length
0.62255596    0.0012004096

BBB second bond length
0.62250333    0.0013322975

BBB <phi**2>/<phi>**2
1.1163415     0.0024372291

Time = 21000
Temperature
1.0103461     0.003920282 

Pressure
22.856426     0.067569969 

CM Mom
6.0337639e-17  2.883178e-17  
1.403091e-16   1.5977312e-17 
1.7704396e-16  1.5133536e-17 
2.3582605e-16  1.9325691e-17 

CM Pos
9.9990892      0.015508959   
10.002217      0.012129761   
10.008041      0.0079864859  
17.325917      0.0074964585  

Stress
19.8321      0.0115648    0.00238026    0.0958064    0.0883926    0.0439919   
0.0115648    19.8435      -0.0132596    0.0883926    0.068901     0.0489983   
0.00238026   -0.0132596   19.8105       0.0439919    0.0489983    0.0784978   

Stress Spherical
0            0            0             0            0            0           
0            0            0             0            0            0           
0            0            0             0            0            0           

Inertia
266.877      -99.9868     -100.06       0.233219     0.14681      0.153777    
-99.9868     266.811      -100.105      0.14681      0.329925     0.170532    
-100.06      -100.105     266.705       0.153777     0.170532     0.318194    

Bond Length
0.62207732    0.00062713784

BB bond length
0.62207732    0.00062713784

Water EE distance
0             0           

PEG EE distance
6.1662964     0.059961662 

BBB P2(x)
0.065785033   0.0061114989

BBB first bond length
0.62207224    0.00064668152

BBB second bond length
0.62217562    0.00061032377

BBB <phi**2>/<phi>**2
1.1154095     0.0027711587

Time = 22000
Temperature
1.0128632     0.0029221111

Pressure
22.854686     0.066539423 

CM Mom
6.9441905e-17  1.268457e-17  
1.3088877e-16  1.2135683e-17 
1.4857302e-16  2.0058674e-17 
2.1068008e-16  1.8772881e-17 

CM Pos
9.9995898      0.014004503   
10.001717      0.01368276    
10.001784      0.011903602   
17.322306      0.0062144333  

Stress
19.8127      0.00508908   0.0110354     0.074256     0.0533792    0.0435086   
0.00508908   19.7877      0.0108554     0.0533792    0.0470596    0.0515613   
0.0110354    0.0108554    19.8578       0.0435086    0.0515613    0.118343    

Stress Spherical
0            0            0             0            0            0           
0            0            0             0            0            0           
0            0            0             0            0            0           

Inertia
266.725      -99.9797     -100.006      0.200692     0.183837     0.134484    
-99.9797     266.681      -100.033      0.183837     0.391518     0.167548    
-100.006     -100.033     266.674       0.134484     0.167548     0.36219     

Bond Length
0.62239622    0.0010857508

BB bond length
0.62239622    0.0010857508

Water EE distance
0             0           

PEG EE distance
6.1934944     0.12756806  

BBB P2(x)
0.06486137    0.0046918976

BBB first bond length
0.62256187    0.0011159924

BBB second bond length
0.62249902    0.0010808562

BBB <phi**2>/<phi>**2
1.1151482     0.0026988307

Time = 23000
Temperature
1.0104389     0.004345528 

Pressure
22.852215     0.070344554 

CM Mom
7.1676279e-17  1.5064884e-17 
1.2266844e-16  1.2693846e-17 
1.397476e-16   1.7667312e-17 
2.0041018e-16  1.582417e-17  

CM Pos
10.003511      0.010928187   
10.001133      0.0091614275  
10.001534      0.012580395   
17.32408       0.013607585   

Stress
19.8092      0.00607231   -0.031376     0.0821608    0.0471015    0.0400787   
0.00607231   19.8111      -0.0160642    0.0471015    0.10382      0.0553255   
-0.031376    -0.0160642   19.8522       0.0400787    0.0553255    0.085503    

Stress Spherical
0            0            0             0            0            0           
0            0            0             0            0            0           
0            0            0             0            0            0           

Inertia
266.72       -100.049     -100.088      0.402262     0.20531      0.179717    
-100.049     266.76       -99.9862      0.20531      0.359764     0.166556    
-100.088     -99.9862     266.758       0.179717     0.166556     0.362338    

Bond Length
0.62229372    0.0010827283

BB bond length
0.62229372    0.0010827283

Water EE distance
0             0           

PEG EE distance
6.0350201     0.1067591   

BBB P2(x)
0.06160207    0.0053382501

BBB first bond length
0.62240174    0.0011109653

BBB second bond length
0.62247457    0.0010804813

BBB <phi**2>/<phi>**2
1.1147726     0.0018907574

Time = 24000
Temperature
1.0102305     0.0056554234

Pressure
22.84053      0.054650615 

CM Mom
9.0183508e-17  2.0170299e-17 
1.3356297e-16  2.1078541e-17 
1.3346665e-16  2.1919419e-17 
2.1147456e-16  1.9889608e-17 

CM Pos
9.9977545      0.011652175   
9.9987969      0.013383202   
10.00145       0.010293282   
17.319365      0.0077370832  

Stress
19.8311      0.0190977    -0.019611     0.0799449    0.0348585    0.0319353   
0.0190977    19.7865      -0.000324789  0.0348585    0.0809567    0.059       
-0.019611    -0.000324789 19.8218       0.0319353    0.059        0.0744804   

Stress Spherical
0            0            0             0            0            0           
0            0            0             0            0            0           
0            0            0             0            0            0           

Inertia
266.661      -99.9672     -99.9791      0.345924     0.167775     0.0652332   
-99.9672     266.661      -100.012      0.167775     0.171896     0.168331    
-99.9791     -100.012     266.579       0.0652332    0.168331     0.358786    

Bond Length
0.62242206    0.0011381751

BB bond length
0.62242206    0.0011381751

Water EE distance
0             0           

PEG EE distance
6.1867571     0.096967536 

BBB P2(x)
0.066567899   0.0072421734

BBB first bond length
0.62248788    0.0011729164

BBB second bond length
0.62248329    0.0010285326

BBB <phi**2>/<phi>**2
1.1166001     0.0020271141

Time = 25000
Temperature
1.0087287     0.004777087 

Pressure
22.893646     0.057964883 

CM Mom
8.2232173e-17  1.6498126e-17 
1.3499419e-16  2.0412772e-17 
1.3496673e-16  2.3264993e-17 
2.098808e-16   1.9538676e-17 

CM Pos
9.9954186      0.010644617   
10.004637      0.016800301   
10.003119      0.008492845   
17.32235       0.013064648   

Stress
19.8902      -0.0252156   -0.0103116    0.0852708    0.0354093    0.0325993   
-0.0252156   19.8792      -0.0149919    0.0354093    0.0440477    0.0382208   
-0.0103116   -0.0149919   19.8428       0.0325993    0.0382208    0.0794316   

Stress Spherical
0            0            0             0            0            0           
0            0            0             0            0            0           
0            0            0             0            0            0           

Inertia
266.82       -100.01      -100.006      0.41071      0.209701     0.133522    
-100.01      266.631      -100.08       0.209701     0.291014     0.225181    
-100.006     -100.08      266.67        0.133522     0.225181     0.411863    

Bond Length
0.62251566    0.00091823886

BB bond length
0.62251566    0.00091823886

Water EE distance
0             0           

PEG EE distance
6.3003854     0.061106643 

BBB P2(x)
0.063481796   0.0038255529

BBB first bond length
0.62253761    0.00089943773

BBB second bond length
0.62263883    0.00096114945

BBB <phi**2>/<phi>**2
1.1153553     0.0022497109

Time = 26000
Temperature
1.0079584     0.0056680439

Pressure
22.848759     0.027922187 

CM Mom
1.017354e-16   1.0527708e-17 
1.1700548e-16  2.6767484e-17 
1.5400929e-16  1.5089145e-17 
2.1977408e-16  2.2662847e-17 

CM Pos
9.9990058      0.013637672   
10.003051      0.012891865   
10.007874      0.011236217   
17.326252      0.013172166   

Stress
19.8093      -0.0024522   -0.00390906   0.0746953    0.0632709    0.0349474   
-0.0024522   19.8257      0.0154478     0.0632709    0.0659145    0.0495995   
-0.00390906  0.0154478    19.8495       0.0349474    0.0495995    0.0663839   

Stress Spherical
0            0            0             0            0            0           
0            0            0             0            0            0           
0            0            0             0            0            0           

Inertia
266.872      -99.9954     -100.058      0.344567     0.182934     0.219897    
-99.9954     266.803      -100.049      0.182934     0.372572     0.201507    
-100.058     -100.049     266.688       0.219897     0.201507     0.351792    

Bond Length
0.62193125    0.0010129174

BB bond length
0.62193125    0.0010129174

Water EE distance
0             0           

PEG EE distance
6.4132539     0.043161155 

BBB P2(x)
0.063013231   0.0061147594

BBB first bond length
0.62197586    0.00098681398

BBB second bond length
0.62208368    0.0011180618

BBB <phi**2>/<phi>**2
1.1156314     0.0037897653

Time = 27000
Temperature
1.0085944     0.0046419798

Pressure
22.868224     0.070646797 

CM Mom
1.0501753e-16  3.2484428e-17 
1.1957608e-16  1.9722893e-17 
1.6227675e-16  1.4023839e-17 
2.2970347e-16  2.3196457e-17 

CM Pos
10.005596      0.0049389372  
9.999798       0.0087908166  
10.006122      0.013315428   
17.327162      0.010878072   

Stress
19.8729      -0.0202406   -0.0119511    0.0525253    0.0704739    0.0505423   
-0.0202406   19.84        -0.00912881   0.0704739    0.0817278    0.0664928   
-0.0119511   -0.00912881  19.8243       0.0505423    0.0664928    0.0975378   

Stress Spherical
0            0            0             0            0            0           
0            0            0             0            0            0           
0            0            0             0            0            0           

Inertia
266.79       -100.033     -100.123      0.399166     0.125265     0.183429    
-100.033     266.907      -100.054      0.125265     0.341849     0.198199    
-100.123     -100.054     266.775       0.183429     0.198199     0.176579    

Bond Length
0.62207697    0.0010109907

BB bond length
0.62207697    0.0010109907

Water EE distance
0             0           

PEG EE distance
6.5118707     0.089727621 

BBB P2(x)
0.067372802   0.0076000699

BBB first bond length
0.62211417    0.0010746055

BBB second bond length
0.62219787    0.0011027099

BBB <phi**2>/<phi>**2
1.1162638     0.0033951585

Time = 28000
Temperature
1.0101297     0.0029579249

Pressure
22.850596     0.031264346 

CM Mom
1.2668752e-16  1.7856252e-17 
1.227779e-16   2.0921925e-17 
1.9720913e-16  1.0481191e-17 
2.659756e-16   1.1789415e-17 

CM Pos
10.003678      0.011600396   
9.9998814      0.0087276511  
9.9956939      0.0095704848  
17.320084      0.0097273895  

Stress
19.8112      -0.00561357  0.00826088    0.0659314    0.0585074    0.0420909   
-0.00561357  19.8207      0.021013      0.0585074    0.0349941    0.0352319   
0.00826088   0.021013     19.8386       0.0420909    0.0352319    0.0859258   

Stress Spherical
0            0            0             0            0            0           
