Time = 1000
Temperature
   1.1879145    0.30425289

Pressure
   23.804476     1.2910958

CM Mom
-6.1316688e-18 1.6126149e-17 
-1.568168e-17  3.2745607e-17 
-1.14199e-16   2.5747036e-16 
2.2503658e-16  1.7408841e-16 

CM Pos
7.5056203      0.026330536   
7.4984322      0.02300135    
7.5042864      0.01992418    
12.995233      0.026107886   

Stress
20.2987      0.0582541    -0.0331329    0.496753     0.0812912    0.0785847   
0.0582541    20.177       -0.0102818    0.0812912    0.339996     0.0795783   
-0.0331329   -0.0102818   20.2707       0.0785847    0.0795783    0.368549    

Stress Spherical
0            0            0             0            0            0           
0            0            0             0            0            0           
0            0            0             0            0            0           

Inertia
150.218      -56.2609     -56.2862      1.47271      0.27651      0.241569    
-56.2609     150.319      -56.2497      0.27651      1.77184      0.282976    
-56.2862     -56.2497     150.254       0.241569     0.282976     1.61914     

Bond Length
0.61970866    0.010904022 

BB bond length
0.61970866    0.010904022 

Water EE distance
0             0           

PEG EE distance
7.226703      0.29039527  

BBB P2(x)
0.46836775    0.064684441 

BBB first bond length
0.61956987    0.011122877 

BBB second bond length
0.61980994    0.010852515 

BBB <phi**2>/<phi>**2
1.2174165     0.014070781 

Time = 2000
Temperature
1.0089418     0.0084926466

Pressure
22.982533     0.086821699 

CM Mom
2.2281391e-17  1.5412445e-17 
-3.746855e-17  1.4626436e-17 
7.1293941e-17  5.3838207e-17 
9.6684122e-17  3.1390887e-17 

CM Pos
7.5056203      0.018369636   
7.505708       0.0088108317  
7.5001288      0.016428289   
12.997014      0.015190399   

Stress
19.991       0.0545304    -0.00844659   0.107826     0.0509142    0.0913201   
0.0545304    19.9521      0.0242832     0.0509142    0.104475     0.0789574   
-0.00844659  0.0242832    19.9447       0.0913201    0.0789574    0.119688    

Stress Spherical
0            0            0             0            0            0           
0            0            0             0            0            0           
0            0            0             0            0            0           

Inertia
149.994      -56.3616     -56.2909      0.35009      0.174402     0.194834    
-56.3616     150          -56.3047      0.174402     0.415415     0.162999    
-56.2909     -56.3047     150.067       0.194834     0.162999     0.336531    

Bond Length
0.61707026    0.001169359 

BB bond length
0.61707026    0.001169359 

Water EE distance
0             0           

PEG EE distance
7.59785       0.1243093   

BBB P2(x)
0.51401536    0.0074732992

BBB first bond length
0.61700807    0.0011050391

BBB second bond length
0.61713812    0.0011831647

BBB <phi**2>/<phi>**2
1.231378      0.0067128971

