Time = 500
Temperature
    1.032602   0.046690136

Pressure
   23.281502    0.15513709

CM Mom
5.1530381e-19  1.5701697e-17 
2.0601583e-17  1.0696172e-17 
1.6053759e-17  1.9816389e-17 
3.692614e-17   8.5155592e-18 

CM Pos
7.498498       0.021752988   
7.4948791      0.0075653109  
7.5014954      0.0079622599  
12.987435      0.015677262   

Stress
20.2221      0.0302841    0.022492      0.125867     0.0693442    0.0766224   
0.0302841    20.1658      -0.0112941    0.0693442    0.0529771    0.0571801   
0.022492     -0.0112941   20.1769       0.0766224    0.0571801    0.0636222   

Stress Spherical
0            0            0             0            0            0           
0            0            0             0            0            0           
0            0            0             0            0            0           

Inertia
149.782      -56.2203     -56.2888      0.303794     0.251322     0.201003    
-56.2203     149.754      -56.2036      0.251322     0.281407     0.0690619   
-56.2888     -56.2036     149.701       0.201003     0.0690619    0.275847    

Bond Length
0.6117553     0.0073094385

BB bond length
0.6117553     0.0073094385

Water EE distance
0             0           

PEG EE distance
3.6258137     0.17436728  

Time = 1000
Temperature
1.0090671     0.0071411238

Pressure
23.162675     0.08873965  

CM Mom
-6.9578369e-18 1.2662474e-17 
2.5645493e-17  8.404881e-18  
-2.8980006e-18 7.0351087e-18 
3.0664496e-17  7.3934355e-18 

CM Pos
7.4943437      0.019458275   
7.5055616      0.0071709472  
7.5032758      0.011507845   
12.992231      0.017294238   

Stress
20.1817      -0.024654    0.0296434     0.0870042    0.0504019    0.0237489   
-0.024654    20.1199      0.00367677    0.0504019    0.0957196    0.0712526   
0.0296434    0.00367677   20.1183       0.0237489    0.0712526    0.100612    

Stress Spherical
0            0            0             0            0            0           
0            0            0             0            0            0           
0            0            0             0            0            0           

Inertia
149.956      -56.2699     -56.2529      0.336691     0.224716     0.194606    
-56.2699     149.779      -56.3632      0.224716     0.36878      0.210839    
-56.2529     -56.3632     149.826       0.194606     0.210839     0.328122    

Bond Length
0.6118212     0.0030384614

BB bond length
0.6118212     0.0030384614

Water EE distance
0             0           

PEG EE distance
3.5781366     0.35549685  

