Time = 500
Temperature
    1.037922   0.050498525

Pressure
   20.251499    0.23424565

CM Mom
-1.2588102e-16 3.0767373e-17 
1.7978068e-17  7.2402812e-18 
2.053622e-17   3.0898016e-17 
1.3248826e-16  3.1489351e-17 

CM Pos
7.4836354      0.024714334   
7.4988103      0.01191214    
7.5050176      0.0053502973  
12.983169      0.01857796    

Stress
17.1151      0.0222325    0.0382355     0.0699803    0.0170272    0.0587948   
0.0222325    17.1206      0.00687143    0.0170272    0.0915313    0.0852193   
0.0382355    0.00687143   17.1785       0.0587948    0.0852193    0.145747    

Stress Spherical
0            0            0             0            0            0           
0            0            0             0            0            0           
0            0            0             0            0            0           

Inertia
149.058      -56.0132     -56.101       0.559373     0.270382     0.197994    
-56.0132     148.791      -56.3522      0.270382     0.887932     0.126375    
-56.101      -56.3522     148.66        0.197994     0.126375     0.804399    

Bond Length
0.6123107     0.0011432287

BB bond length
0.6123107     0.0011432287

Water EE distance
0             0           

PEG EE distance
3.8063835     0.093876441 

Time = 1000
Temperature
1.0102953     0.0035033505

Pressure
20.109075     0.0802854   

CM Mom
-1.0068716e-16 2.5131108e-17 
1.4682162e-17  1.3938287e-17 
4.2663368e-17  1.3350733e-17 
1.129654e-16   2.0409388e-17 

CM Pos
7.5002296      0.016056362   
7.5038479      0.011376741   
7.5150927      0.0070498087  
13.001463      0.014214675   

Stress
17.0658      -0.0295254   -0.0372105    0.0435123    0.0868707    0.0873034   
-0.0295254   17.1493      0.0113204     0.0868707    0.182859     0.119354    
-0.0372105   0.0113204    17.0204       0.0873034    0.119354     0.104771    

Stress Spherical
0            0            0             0            0            0           
0            0            0             0            0            0           
0            0            0             0            0            0           

Inertia
149.573      -56.1554     -56.2222      0.333968     0.138059     0.273432    
-56.1554     149.381      -56.4386      0.138059     0.575371     0.113266    
-56.2222     -56.4386     149.244       0.273432     0.113266     0.391347    

Bond Length
0.61250672    0.0023608229

BB bond length
0.61250672    0.0023608229

Water EE distance
0             0           

PEG EE distance
3.7258348     0.065893896 

