Time = 500
Temperature
   1.0412137   0.041965942

Pressure
   22.804318   0.090441178

CM Mom
-5.0060486e-19 1.1133016e-17 
-1.3724917e-17 1.7356284e-17 
-1.5529729e-17 3.6015148e-17 
4.2106541e-17  1.9470777e-17 

CM Pos
7.4953242      0.017931867   
7.5482448      0.023757773   
7.4932104      0.02913499    
13.011749      0.014361605   

Stress
19.6753      0.0151208    -0.0397806    0.0791904    0.0966822    0.0540846   
0.0151208    19.648       -0.00312127   0.0966822    0.0716471    0.0836912   
-0.0397806   -0.00312127  19.7299       0.0540846    0.0836912    0.118066    

Stress Spherical
0            0            0             0            0            0           
0            0            0             0            0            0           
0            0            0             0            0            0           

Inertia
150.216      -56.4449     -56.1495      0.171316     0.0535699    0.380613    
-56.4449     149.396      -56.6031      0.0535699    0.463144     0.147945    
-56.1495     -56.6031     150.228       0.380613     0.147945     0.235545    

Bond Length
0.61173202    0.0087491327

BB bond length
0.61173202    0.0087491327

Water EE distance
0             0           

PEG EE distance
3.6020449     0.171451    

Time = 1000
Temperature
1.0134963     0.0033789462

Pressure
22.662208     0.067013263 

CM Mom
1.1588563e-17  1.6769109e-17 
-2.8157926e-17 1.4739155e-17 
5.9534653e-18  3.0624548e-17 
4.732286e-17   1.2627864e-17 

CM Pos
7.5000705      0.016182951   
7.5363789      0.0067254726  
7.5136791      0.015201576   
13.019368      0.0050338207  

Stress
19.592       -0.0112585   0.031204      0.136598     0.0772708    0.0695213   
-0.0112585   19.6139      -0.0540997    0.0772708    0.0478356    0.0710385   
0.031204     -0.0540997   19.6701       0.0695213    0.0710385    0.124429    

Stress Spherical
0            0            0             0            0            0           
0            0            0             0            0            0           
0            0            0             0            0            0           

Inertia
150.344      -56.5147     -56.2872      0.212704     0.137156     0.0738515   
-56.5147     149.757      -56.6657      0.137156     0.15902      0.168162    
-56.2872     -56.6657     150.154       0.0738515    0.168162     0.270569    

Bond Length
0.61403288    0.0048690576

BB bond length
0.61403288    0.0048690576

Water EE distance
0             0           

PEG EE distance
3.6335499     0.14663681  

