Time = 1000
Temperature
   1.1247472    0.18549398

Pressure
   23.776447    0.92928784

CM Mom
-5.7677601e-17 7.0219059e-18 
3.4217335e-17  2.2119338e-17 
7.9999493e-17  2.623338e-16  
2.1605567e-16  1.8323481e-16 

CM Pos
7.4898803      0.013182747   
7.4977656      0.025642144   
7.501616       0.026537141   
12.984239      0.010221436   

Stress
20.4         0.00334326   -0.0231652    0.394308     0.0871404    0.0693942   
0.00334326   20.4026      -0.020602     0.0871404    0.37944      0.0972316   
-0.0231652   -0.020602    20.413        0.0693942    0.0972316    0.404815    

Stress Spherical
0            0            0             0            0            0           
0            0            0             0            0            0           
0            0            0             0            0            0           

Inertia
150.118      -56.1865     -56.1531      1.39578      0.227832     0.209343    
-56.1865     149.991      -56.2396      0.227832     1.51948      0.110833    
-56.1531     -56.2396     149.952       0.209343     0.110833     0.925907    

Bond Length
0.61985062    0.0071953508

BB bond length
0.61985062    0.0071953508

Water EE distance
0             0           

PEG EE distance
6.8351857     0.075144085 

BBB P2(x)
0.46985056    0.063130278 

BBB first bond length
0.6198869     0.0074954515

BBB second bond length
0.61993502    0.0073182429

BBB <phi**2>/<phi>**2
1.2187949     0.012030556 

Time = 2000
Temperature
1.0070959     0.0065540986

Pressure
23.242787     0.13035141  

CM Mom
-6.2436601e-17 1.641665e-17  
2.508867e-17   1.1083359e-17 
1.1640001e-17  4.9278215e-17 
8.2748496e-17  2.5231651e-17 

CM Pos
7.4978875      0.0080890757  
7.5066624      0.0098413663  
7.4910881      0.011112096   
12.987877      0.0063522947  

Stress
20.2688      0.0138757    0.0352208     0.157253     0.0737516    0.0610484   
0.0138757    20.1859      0.0348495     0.0737516    0.130222     0.0406994   
0.0352208    0.0348495    20.2179       0.0610484    0.0406994    0.136671    

Stress Spherical
0            0            0             0            0            0           
0            0            0             0            0            0           
0            0            0             0            0            0           

Inertia
149.834      -56.3045     -56.1478      0.350101     0.115177     0.152434    
-56.3045     149.714      -56.2257      0.115177     0.26794      0.106468    
-56.1478     -56.2257     149.943       0.152434     0.106468     0.296147    

Bond Length
0.61786519    0.0023616548

BB bond length
0.61786519    0.0023616548

Water EE distance
0             0           

PEG EE distance
6.9988695     0.079005545 

BBB P2(x)
0.50975329    0.0079041175

BBB first bond length
0.6178017     0.0026586596

BBB second bond length
0.61796849    0.00260915  

BBB <phi**2>/<phi>**2
1.2310027     0.0075040358

Time = 3000
Temperature
1.0104006     0.0065400162

Pressure
23.170274     0.072873828 

CM Mom
-8.4020018e-17 1.2077433e-17 
-1.1720976e-17 1.3270206e-17 
4.3789935e-18  2.0880942e-17 
8.8476753e-17  1.207315e-17  

CM Pos
7.4932908      0.014917435   
7.5016209      0.011417556   
7.4964262      0.014875369   
12.9854        0.0089706258  

Stress
20.1681      -0.0427893   0.0137507     0.136116     0.0412781    0.0698706   
-0.0427893   20.1217      -0.012633     0.0412781    0.0900133    0.0522652   
0.0137507    -0.012633    20.1355       0.0698706    0.0522652    0.121703    

Stress Spherical
0            0            0             0            0            0           
0            0            0             0            0            0           
0            0            0             0            0            0           

Inertia
149.922      -56.2023     -56.1978      0.229492     0.104852     0.133229    
-56.2023     149.783      -56.2273      0.104852     0.283518     0.104559    
-56.1978     -56.2273     149.872       0.133229     0.104559     0.347824    

Bond Length
0.61888273    0.0024165772

BB bond length
0.61888273    0.0024165772

Water EE distance
0             0           

PEG EE distance
7.0551221     0.13405925  

BBB P2(x)
0.5084783     0.010996451 

BBB first bond length
0.61894102    0.0022871137

BBB second bond length
0.61889324    0.002468897 

BBB <phi**2>/<phi>**2
1.2227682     0.0065254123

Time = 4000
Temperature
1.010183      0.0085238932

Pressure
23.160368     0.07590028  

CM Mom
-9.3537058e-17 2.2280436e-17 
-4.7128232e-17 1.2663523e-17 
-3.1294439e-17 1.884499e-17  
1.1176201e-16  2.1697069e-17 

CM Pos
7.4949219      0.014585804   
7.5028071      0.016167955   
7.4973158      0.010315852   
12.987538      0.012774141   

Stress
20.1217      -0.0066181   0.00100825    0.0721781    0.0500017    0.0613021   
-0.0066181   20.1162      -0.0182917    0.0500017    0.0853537    0.0981087   
0.00100825   -0.0182917   20.1597       0.0613021    0.0981087    0.0961655   

Stress Spherical
0            0            0             0            0            0           
0            0            0             0            0            0           
0            0            0             0            0            0           

Inertia
149.963      -56.2306     -56.1796      0.289971     0.209386     0.130593    
-56.2306     149.816      -56.2032      0.209386     0.184204     0.13948     
-56.1796     -56.2032     149.92        0.130593     0.13948      0.391991    

Bond Length
0.61757874    0.0016651422

BB bond length
0.61757874    0.0016651422

Water EE distance
0             0           

PEG EE distance
6.9997138     0.093899839 

BBB P2(x)
0.51526536    0.0091150158

BBB first bond length
0.61756138    0.0015550523

BBB second bond length
0.61781694    0.0016914396

BBB <phi**2>/<phi>**2
1.224929      0.007346099 

Time = 5000
Temperature
1.0065303     0.012194841 

Pressure
23.170929     0.1168798   

CM Mom
-7.652449e-17  3.023783e-17  
-4.07422e-17   2.0269778e-17 
-4.1090379e-17 1.8633366e-17 
1.0040096e-16  2.8220253e-17 

CM Pos
7.4958115      0.015723269   
7.5047348      0.0089902173  
7.4973158      0.018353201   
12.989158      0.020185904   

Stress
20.1774      -0.0406007   -0.0259006    0.165613     0.109245     0.0778135   
-0.0406007   20.1688      -0.0134466    0.109245     0.0992592    0.0472494   
-0.0259006   -0.0134466   20.1159       0.0778135    0.0472494    0.153425    

Stress Spherical
0            0            0             0            0            0           
0            0            0             0            0            0           
0            0            0             0            0            0           

Inertia
150.008      -56.2755     -56.2001      0.432023     0.128719     0.266726    
-56.2755     149.87       -56.2665      0.128719     0.429204     0.189649    
-56.2001     -56.2665     149.981       0.266726     0.189649     0.34366     

Bond Length
0.61871245    0.0022105185

BB bond length
0.61871245    0.0022105185

Water EE distance
0             0           

PEG EE distance
6.6337911     0.12084963  

BBB P2(x)
0.5048688     0.010834982 

BBB first bond length
0.61845291    0.0022727557

BBB second bond length
0.61885117    0.0023312499

BBB <phi**2>/<phi>**2
1.2236089     0.0060235021

Time = 6000
Temperature
1.0102008     0.0078627108

Pressure
23.159878     0.088957416 

CM Mom
-8.3654416e-17 1.4931508e-17 
-4.1121109e-17 5.7348952e-18 
-4.0476332e-17 1.4286751e-17 
1.0339101e-16  9.8787566e-18 

CM Pos
7.4974426      0.013626436   
7.4988036      0.010268855   
7.5008746      0.012672515   
12.988735      0.0062519982  

Stress
20.1727      0.00191911   -0.011233     0.100626     0.0555168    0.0453885   
0.00191911   20.1396      0.0131419     0.0555168    0.106982     0.0901495   
-0.011233    0.0131419    20.0836       0.0453885    0.0901495    0.114796    

Stress Spherical
0            0            0             0            0            0           
0            0            0             0            0            0           
0            0            0             0            0            0           

Inertia
149.967      -56.1867     -56.2631      0.166168     0.150897     0.101216    
-56.1867     149.938      -56.2467      0.150897     0.168051     0.109256    
-56.2631     -56.2467     149.914       0.101216     0.109256     0.288069    

Bond Length
0.61800026    0.0017266633

BB bond length
0.61800026    0.0017266633

Water EE distance
0             0           

PEG EE distance
6.679613      0.094177912 

BBB P2(x)
0.51026476    0.0085010849

BBB first bond length
0.61803876    0.0018271386

BBB second bond length
0.61820081    0.0018460593

BBB <phi**2>/<phi>**2
1.2280069     0.0051209771

Time = 7000
Temperature
1.0076277     0.0053865114

Pressure
23.17407      0.097316354 

CM Mom
-6.804067e-17  1.8817174e-17 
-3.9896308e-17 1.8686508e-17 
-7.8412416e-17 1.9680394e-17 
1.1418299e-16  2.0556988e-17 

CM Pos
7.4926977      0.016868107   
7.499545       0.018233611   
7.5048781      0.018489862   
12.988755      0.0093248131  

Stress
20.1376      -0.0347172   -0.0161706    0.115779     0.0749595    0.0761178   
-0.0347172   20.1661      0.00339284    0.0749595    0.106462     0.0765719   
-0.0161706   0.00339284   20.1579       0.0761178    0.0765719    0.171771    

Stress Spherical
0            0            0             0            0            0           
0            0            0             0            0            0           
0            0            0             0            0            0           

Inertia
150.041      -56.1887     -56.2229      0.314051     0.157938     0.13259     
-56.1887     149.945      -56.2833      0.157938     0.326544     0.189183    
-56.2229     -56.2833     149.863       0.13259      0.189183     0.310668    

Bond Length
0.61873206    0.0013933283

BB bond length
0.61873206    0.0013933283

Water EE distance
0             0           

PEG EE distance
6.9281186     0.14836851  

BBB P2(x)
0.50798795    0.0098897096

BBB first bond length
0.61872084    0.0014411124

BBB second bond length
0.61871207    0.0013295202

BBB <phi**2>/<phi>**2
1.2239032     0.010646529 

Time = 8000
Temperature
1.0112879     0.0062782107

Pressure
23.221376     0.079579306 

CM Mom
-7.7112265e-17 1.7114884e-17 
-5.1449882e-17 1.609547e-17  
-7.5177078e-17 1.6015339e-17 
1.2168673e-16  1.5677998e-17 

CM Pos
7.4971461      0.012083679   
7.5029554      0.0085951226  
7.4961296      0.015815293   
12.988218      0.013159568   

Stress
20.1749      -0.0111174   0.0100338     0.11227      0.0769779    0.0550249   
-0.0111174   20.1995      -0.00290161   0.0769779    0.0749595    0.0768324   
0.0100338    -0.00290161  20.1962       0.0550249    0.0768324    0.107313    

Stress Spherical
0            0            0             0            0            0           
0            0            0             0            0            0           
0            0            0             0            0            0           

Inertia
149.955      -56.246      -56.2119      0.274253     0.121949     0.161522    
-56.246      149.885      -56.2105      0.121949     0.332387     0.181605    
-56.2119     -56.2105     149.983       0.161522     0.181605     0.204905    

Bond Length
0.61796042    0.00254306  

BB bond length
0.61796042    0.00254306  

Water EE distance
0             0           

PEG EE distance
7.1441266     0.10683075  

BBB P2(x)
0.50956292    0.0088157766

BBB first bond length
0.61807324    0.0026342354

BBB second bond length
0.61789142    0.0027338512

BBB <phi**2>/<phi>**2
1.2235207     0.0055999881

Time = 9000
Temperature
1.0111877     0.0065262973

Pressure
23.172625     0.099924025 

CM Mom
-4.844927e-17  2.3909673e-17 
-4.8829619e-17 3.0769359e-17 
-7.6427705e-17 2.2919289e-17 
1.1071297e-16  1.8953003e-17 

CM Pos
7.4964047      0.015016594   
7.5075521      0.011320861   
7.5008746      0.015820853   
12.993186      0.015942564   

Stress
20.117       -0.0411112   0.0567926     0.127404     0.0714802    0.0456792   
-0.0411112   20.1701      0.00959616    0.0714802    0.112594     0.0460343   
0.0567926    0.00959616   20.1381       0.0456792    0.0460343    0.134732    

Stress Spherical
0            0            0             0            0            0           
0            0            0             0            0            0           
0            0            0             0            0            0           

Inertia
150.105      -56.2828     -56.2002      0.364345     0.168919     0.171046    
-56.2828     149.947      -56.2937      0.168919     0.331608     0.185488    
-56.2002     -56.2937     150.044       0.171046     0.185488     0.301395    

Bond Length
0.61764082    0.0021640038

BB bond length
0.61764082    0.0021640038

Water EE distance
0             0           

PEG EE distance
7.6489406     0.10624118  

BBB P2(x)
0.51345879    0.011086569 

BBB first bond length
0.61738269    0.002129244 

BBB second bond length
0.61744581    0.00220408  

BBB <phi**2>/<phi>**2
1.2280421     0.0076859269

Time = 10000
Temperature
1.0137066     0.012084587 

Pressure
23.183202     0.074802054 

CM Mom
-3.908629e-17  2.2170406e-17 
-3.3046585e-17 1.8985405e-17 
-6.6018266e-17 1.2396727e-17 
8.8318127e-17  1.3556777e-17 

CM Pos
7.5015945      0.013607059   
7.5007312      0.014667728   
7.5004297      0.01198135    
12.991982      0.016512846   

Stress
20.1397      -0.0693563   -0.0115793    0.111592     0.0913737    0.0694665   
-0.0693563   20.1681      0.0202723     0.0913737    0.123366     0.05149     
-0.0115793   0.0202723    20.1266       0.0694665    0.05149      0.140836    

Stress Spherical
0            0            0             0            0            0           
0            0            0             0            0            0           
0            0            0             0            0            0           

Inertia
150.001      -56.2404     -56.2688      0.249975     0.139017     0.149497    
-56.2404     150.022      -56.2505      0.139017     0.366293     0.144642    
-56.2688     -56.2505     150.032       0.149497     0.144642     0.33289     

Bond Length
0.61831723    0.0014838389

BB bond length
0.61831723    0.0014838389

Water EE distance
0             0           

PEG EE distance
8.1172446     0.21000644  

BBB P2(x)
0.51447211    0.0073526611

BBB first bond length
0.61849206    0.0015969511

BBB second bond length
0.61827149    0.0015495485

BBB <phi**2>/<phi>**2
1.2244359     0.010944788 

Time = 11000
Temperature
1.0111413     0.0078893719

Pressure
23.121034     0.10336196  

CM Mom
-1.6886288e-17 1.9331286e-17 
-6.9971982e-18 2.925405e-17  
-4.9530231e-17 2.6078767e-17 
6.633591e-17   1.721913e-17  

CM Pos
7.5023359      0.015619447   
7.5028071      0.013980055   
7.4965744      0.01872383    
12.991394      0.016420584   

Stress
20.0942      -0.0343469   -0.0146599    0.11326      0.0721044    0.047793    
-0.0343469   20.0831      0.0807574     0.0721044    0.131473     0.0557008   
-0.0146599   0.0807574    20.0936       0.047793     0.0557008    0.168391    

Stress Spherical
0            0            0             0            0            0           
0            0            0             0            0            0           
0            0            0             0            0            0           

Inertia
149.983      -56.2742     -56.2422      0.314714     0.232213     0.185167    
-56.2742     149.971      -56.2789      0.232213     0.405556     0.165622    
-56.2422     -56.2789     150.089       0.185167     0.165622     0.348495    

Bond Length
0.61913847    0.0021169294

BB bond length
0.61913847    0.0021169294

Water EE distance
0             0           

PEG EE distance
7.5527935     0.20023116  

BBB P2(x)
0.51291776    0.011246438 

BBB first bond length
0.61924332    0.002120877 

BBB second bond length
0.61903625    0.0022622036

BBB <phi**2>/<phi>**2
1.2280521     0.0098476405

Time = 12000
Temperature
1.0136994     0.0054947635

Pressure
23.218165     0.053907375 

CM Mom
-3.1162466e-17 1.1111561e-17 
-5.0019575e-18 1.0275404e-17 
-3.8705872e-17 2.9399817e-17 
5.6226144e-17  2.0646645e-17 

CM Pos
7.5042635      0.016912367   
7.5053279      0.012981061   
7.4946468      0.0090632899  
12.992844      0.013971587   

Stress
20.1819      -0.0189467   0.0119179     0.112054     0.0386216    0.0486818   
-0.0189467   20.2076      0.0267394     0.0386216    0.132228     0.0380515   
0.0119179    0.0267394    20.1498       0.0486818    0.0380515    0.0734021   

Stress Spherical
0            0            0             0            0            0           
0            0            0             0            0            0           
0            0            0             0            0            0           

Inertia
149.985      -56.3254     -56.2474      0.257006     0.208272     0.118931    
-56.3254     149.984      -56.2269      0.208272     0.317124     0.147719    
-56.2474     -56.2269     150.119       0.118931     0.147719     0.347215    

Bond Length
0.61837371    0.0014176083

BB bond length
0.61837371    0.0014176083

Water EE distance
0             0           

PEG EE distance
7.3652317     0.17579007  

BBB P2(x)
0.51351636    0.014116453 

BBB first bond length
0.61845492    0.0014920512

BBB second bond length
0.61840512    0.0014360246

BBB <phi**2>/<phi>**2
1.224539      0.0048567993

Time = 13000
Temperature
1.0082313     0.0088187155

Pressure
23.158865     0.074278445 

CM Mom
1.6456894e-18  1.9548249e-17 
-2.3039926e-17 3.7179671e-17 
-2.9689357e-17 1.5685818e-17 
5.1766963e-17  2.7307375e-17 

CM Pos
7.5023359      0.0133089     
7.4959862      0.0075912964  
7.4899018      0.014020103   
12.983598      0.010407367   

Stress
20.1267      0.0349514    0.0321725     0.0628996    0.0653147    0.0396988   
0.0349514    20.1019      0.0464441     0.0653147    0.12503      0.0650545   
0.0321725    0.0464441    20.1819       0.0396988    0.0650545    0.130026    

Stress Spherical
0            0            0             0            0            0           
0            0            0             0            0            0           
0            0            0             0            0            0           

Inertia
149.786      -56.272      -56.1886      0.261188     0.107287     0.155491    
-56.272      149.869      -56.1305      0.107287     0.214087     0.133731    
-56.1886     -56.1305     149.964       0.155491     0.133731     0.194858    

Bond Length
0.61864314    0.0025940641

BB bond length
0.61864314    0.0025940641

Water EE distance
0             0           

PEG EE distance
6.940838      0.1006709   

BBB P2(x)
0.50552161    0.0092562848

BBB first bond length
0.61850265    0.0024856434

BBB second bond length
0.61860798    0.0026163666

BBB <phi**2>/<phi>**2
1.2230712     0.0075488691

Time = 14000
Temperature
1.0079088     0.007052589 

Pressure
23.191162     0.10055573  

CM Mom
1.2400289e-17  3.8198857e-17 
-2.0399086e-17 1.1861405e-17 
-3.9312168e-17 8.5537363e-18 
5.9539447e-17  1.5601368e-17 

CM Pos
7.4958115      0.0096142142  
7.5013243      0.0098234769  
7.4976124      0.01491375    
12.987363      0.0086483159  

Stress
20.1723      0.000663405  0.0242336     0.127404     0.0658886    0.0759914   
0.000663405  20.2039      0.0155864     0.0658886    0.0905467    0.0448962   
0.0242336    0.0155864    20.1342       0.0759914    0.0448962    0.145957    

Stress Spherical
0            0            0             0            0            0           
0            0            0             0            0            0           
0            0            0             0            0            0           

Inertia
149.998      -56.2663     -56.2226      0.157761     0.113409     0.13655     
-56.2663     149.889      -56.255       0.113409     0.320431     0.085872    
-56.2226     -56.255      149.945       0.13655      0.085872     0.218042    

Bond Length
0.61880177    0.0017556958

BB bond length
0.61880177    0.0017556958

Water EE distance
0             0           

PEG EE distance
6.9231924     0.14687745  

BBB P2(x)
0.51811077    0.010144943 

BBB first bond length
0.61886113    0.0016194481

BBB second bond length
0.61873904    0.0017304409

BBB <phi**2>/<phi>**2
1.2282387     0.0071071713

Time = 15000
Temperature
1.0129169     0.0090091521

Pressure
23.189158     0.099290269 

CM Mom
4.6342702e-17  1.2775292e-17 
-1.1058605e-17 3.0085348e-17 
-1.0400933e-17 1.6005453e-17 
5.8493616e-17  1.6766809e-17 

CM Pos
7.502929       0.012837996   
7.5066624      0.014757394   
7.4956848      0.014183038   
12.993447      0.011190332   

Stress
20.1212      -0.00916841  0.0133146     0.117605     0.0830277    0.0578041   
-0.00916841  20.1714      0.0301921     0.0830277    0.120637     0.0688911   
0.0133146    0.0301921    20.1668       0.0578041    0.0688911    0.0983763   

Stress Spherical
0            0            0             0            0            0           
0            0            0             0            0            0           
0            0            0             0            0            0           

Inertia
150.016      -56.3232     -56.202       0.20645      0.198668     0.131634    
-56.3232     149.957      -56.255       0.198668     0.284731     0.0761616   
-56.202      -56.255      150.114       0.131634     0.0761616    0.387058    

Bond Length
0.6175954     0.0020625333

BB bond length
0.6175954     0.0020625333

Water EE distance
0             0           

PEG EE distance
7.1500128     0.17588355  

BBB P2(x)
0.51470831    0.0068533363

BBB first bond length
0.61753051    0.0020349394

BBB second bond length
0.61778801    0.0022015622

BBB <phi**2>/<phi>**2
1.2253053     0.0086009678

Time = 16000
Temperature
1.0101278     0.011646222 

Pressure
23.198269     0.075092017 

CM Mom
3.260265e-17   2.0972048e-17 
-5.0314526e-18 1.305628e-17  
2.8823435e-17  1.537946e-17  
5.1007058e-17  1.2811706e-17 

CM Pos
7.5001117      0.012192364   
7.502214       0.019819101   
7.4947951      0.0087233488  
12.988729      0.019482305   

Stress
20.1698      0.0413563    -0.00275597   0.0688832    0.0804433    0.0706128   
0.0413563    20.1629      -0.0328772    0.0804433    0.0804886    0.0746171   
-0.00275597  -0.0328772   20.179        0.0706128    0.0746171    0.108349    

Stress Spherical
0            0            0             0            0            0           
0            0            0             0            0            0           
0            0            0             0            0            0           

Inertia
149.957      -56.2853     -56.2072      0.358013     0.259875     0.119288    
-56.2853     149.921      -56.2516      0.259875     0.205347     0.214222    
-56.2072     -56.2516     150.029       0.119288     0.214222     0.423714    

Bond Length
0.61870101    0.0017509646

BB bond length
0.61870101    0.0017509646

Water EE distance
0             0           

PEG EE distance
7.1498757     0.12577117  

BBB P2(x)
0.5175606     0.005960915 

BBB first bond length
0.61866874    0.0018570509

BBB second bond length
0.61870123    0.0017471635

BBB <phi**2>/<phi>**2
1.2268319     0.0060320551

Time = 17000
Temperature
1.0090201     0.01004753  

Pressure
23.157583     0.10711866  

CM Mom
5.9183771e-17  2.0125767e-17 
-7.2959904e-18 1.6243826e-17 
5.9272257e-17  1.3833556e-17 
8.7570512e-17  1.6150289e-17 

CM Pos
7.4916597      0.011884617   
7.5001381      0.0094585874  
7.4983538      0.010380656   
12.984704      0.012461441   

Stress
20.1497      0.0173437    0.00641325    0.137253     0.0811205    0.0517496   
0.0173437    20.1994      -0.0332167    0.0811205    0.125684     0.0666262   
0.00641325   -0.0332167   20.0505       0.0517496    0.0666262    0.104897    

Stress Spherical
0            0            0             0            0            0           
0            0            0             0            0            0           
0            0            0             0            0            0           

Inertia
149.954      -56.1798     -56.1586      0.249481     0.174451     0.160344    
-56.1798     149.863      -56.2558      0.174451     0.254888     0.145743    
-56.1586     -56.2558     149.865       0.160344     0.145743     0.245577    

Bond Length
0.61844508    0.0017791196

BB bond length
0.61844508    0.0017791196

Water EE distance
0             0           

PEG EE distance
7.0396081     0.18045879  

BBB P2(x)
0.51505787    0.011096386 

BBB first bond length
0.61840317    0.0019161349

BBB second bond length
0.61845747    0.0019307611

BBB <phi**2>/<phi>**2
1.2221209     0.0056612842

Time = 18000
Temperature
1.0081513     0.0068141987

Pressure
23.146822     0.11296656  

CM Mom
6.3921233e-17  1.5685899e-17 
6.4326757e-18  2.2915632e-17 
6.1096837e-17  1.7337142e-17 
9.3040014e-17  1.6596167e-17 

CM Pos
7.5014462      0.011858689   
7.4976173      0.015369702   
7.5025056      0.011680282   
12.991302      0.012190727   

Stress
20.1013      0.00429762   0.0165502     0.160591     0.0743623    0.0267327   
0.00429762   20.1279      -0.00425386   0.0743623    0.131396     0.0703485   
0.0165502    -0.00425386  20.146        0.0267327    0.0703485    0.0949391   

Stress Spherical
0            0            0             0            0            0           
0            0            0             0            0            0           
0            0            0             0            0            0           

Inertia
150.005      -56.2514     -56.2603      0.313897     0.11825      0.168016    
-56.2514     150.065      -56.2293      0.11825      0.26657      0.155656    
-56.2603     -56.2293     149.985       0.168016     0.155656     0.246282    

Bond Length
0.61880459    0.002043978 

BB bond length
0.61880459    0.002043978 

Water EE distance
0             0           

PEG EE distance
7.1676437     0.099166249 

BBB P2(x)
0.51054851    0.0093870557

BBB first bond length
0.61852446    0.0021747071

BBB second bond length
0.61883603    0.0019893591

BBB <phi**2>/<phi>**2
1.2182833     0.0067704524

Time = 19000
Temperature
1.0148681     0.0067056689

Pressure
23.175502     0.062996054 

CM Mom
5.9869841e-17  1.268847e-17  
2.6257362e-17  1.3839939e-17 
7.3163489e-17  2.4036311e-17 
1.0128887e-16  1.7250898e-17 

CM Pos
7.5012979      0.018274564   
7.4976173      0.012374049   
7.5035436      0.010247421   
12.991817      0.013217879   

Stress
20.0933      0.00715733   0.0254975     0.129078     0.0711213    0.0768864   
0.00715733   20.1442      0.003976      0.0711213    0.07586      0.0540821   
0.0254975    0.003976     20.1634       0.0768864    0.0540821    0.130108    

Stress Spherical
0            0            0             0            0            0           
0            0            0             0            0            0           
0            0            0             0            0            0           

Inertia
149.999      -56.2233     -56.2831      0.2339       0.175154     0.120199    
-56.2233     150.094      -56.2778      0.175154     0.308506     0.13205     
-56.2831     -56.2778     149.99        0.120199     0.13205      0.348691    

Bond Length
0.61764963    0.0021702408

BB bond length
0.61764963    0.0021702408

Water EE distance
0             0           

PEG EE distance
7.2109167     0.097124124 

BBB P2(x)
0.51229561    0.0081431893

BBB first bond length
0.61775474    0.0021462361

BBB second bond length
0.61760635    0.0020781302

BBB <phi**2>/<phi>**2
1.2266812     0.006552338 

Time = 20000
Temperature
1.0104263     0.0043729606

Pressure
23.175943     0.0837985   

CM Mom
2.3238024e-17  2.3535515e-17 
5.4176601e-17  2.1136017e-17 
9.2382222e-17  1.4917634e-17 
1.1248216e-16  2.4094334e-17 

CM Pos
7.5014462      0.016588809   
7.4965794      0.012083679   
7.5010228      0.011885542   
12.989843      0.016433164   

Stress
20.1215      -0.00632799  0.00578947    0.120192     0.0736549    0.0668205   
-0.00632799  20.1794      -0.017426     0.0736549    0.0951833    0.0709408   
0.00578947   -0.017426    20.1411       0.0668205    0.0709408    0.120687    

Stress Spherical
0            0            0             0            0            0           
0            0            0             0            0            0           
0            0            0             0            0            0           

Inertia
149.977      -56.2651     -56.2991      0.307073     0.16382      0.221736    
-56.2651     150.054      -56.2332      0.16382      0.404568     0.193475    
-56.2991     -56.2332     149.977       0.221736     0.193475     0.274954    

Bond Length
0.61747357    0.0010519491

BB bond length
0.61747357    0.0010519491

Water EE distance
0             0           

PEG EE distance
7.2021121     0.061924869 

BBB P2(x)
0.50322389    0.007878389 

BBB first bond length
0.61743181    0.00095135834

BBB second bond length
0.61750325    0.0010520306

BBB <phi**2>/<phi>**2
1.2250522     0.0062472503

Time = 21000
Temperature
1.0087507     0.0040680808

Pressure
23.150618     0.053328405 

CM Mom
1.5497137e-17  1.4637295e-17 
7.656544e-17   1.8356803e-17 
1.0502465e-16  1.0767862e-17 
1.3273776e-16  1.3433518e-17 

CM Pos
7.4977392      0.0096564295  
7.5051796      0.014757394   
7.5036919      0.011807591   
12.994208      0.014336625   

Stress
20.0797      -0.0366166   0.00162135    0.0946296    0.0712558    0.0785635   
-0.0366166   20.1273      0.0121552     0.0712558    0.0457032    0.048309    
0.00162135   0.0121552    20.1742       0.0785635    0.048309     0.132813    

Stress Spherical
0            0            0             0            0            0           
0            0            0             0            0            0           
0            0            0             0            0            0           

Inertia
150.127      -56.2653     -56.2426      0.344268     0.139306     0.190652    
-56.2653     150.028      -56.2814      0.139306     0.251622     0.165424    
-56.2426     -56.2814     150.054       0.190652     0.165424     0.246934    

Bond Length
0.61861649    0.0019238728

BB bond length
0.61861649    0.0019238728

Water EE distance
0             0           

PEG EE distance
7.1229066     0.13878427  

BBB P2(x)
0.50874729    0.0093014029

BBB first bond length
0.61862928    0.0018152396

BBB second bond length
0.61880957    0.002022888 

BBB <phi**2>/<phi>**2
1.2228246     0.0062477268

Time = 22000
Temperature
1.0076567     0.0078060096

Pressure
23.140579     0.089453468 

CM Mom
2.1222068e-17  1.3823841e-17 
9.3543094e-17  1.8226162e-17 
1.3653351e-16  1.7127459e-17 
1.6824913e-16  1.8733872e-17 

CM Pos
7.4984806      0.010564361   
7.5054762      0.013910683   
7.4973158      0.013460031   
12.991131      0.011839012   

Stress
20.0998      -0.00352474  -0.0120305    0.161491     0.0733859    0.0930614   
-0.00352474  20.141       0.00797292    0.0733859    0.0674909    0.0480785   
-0.0120305   0.00797292   20.1201       0.0930614    0.0480785    0.0977463   

Stress Spherical
0            0            0             0            0            0           
0            0            0             0            0            0           
0            0            0             0            0            0           

Inertia
150.054      -56.3011     -56.2271      0.30846      0.14148      0.11398     
-56.3011     149.949      -56.2733      0.14148      0.243781     0.127548    
-56.2271     -56.2733     150.076       0.11398      0.127548     0.289533    

Bond Length
0.6185069     0.0022114606

BB bond length
0.6185069     0.0022114606

Water EE distance
0             0           

PEG EE distance
6.9342517     0.14773791  

BBB P2(x)
0.51088415    0.0084989989

BBB first bond length
0.61845209    0.002166525 

BBB second bond length
0.61851105    0.0021020528

BBB <phi**2>/<phi>**2
1.2261623     0.0066792324

Time = 23000
Temperature
1.0070084     0.0044435332

Pressure
23.149028     0.10548138  

CM Mom
1.3295294e-17  1.0549993e-17 
8.2343187e-17  1.4339164e-17 
1.3009891e-16  1.8430726e-17 
1.5605298e-16  1.3673493e-17 

CM Pos
7.5032255      0.016110056   
7.5002864      0.013651423   
7.501616       0.012711493   
12.993356      0.015048226   

Stress
20.0957      0.0516679    -0.00900152   0.16286      0.0677668    0.0855246   
0.0516679    20.1631      0.03348       0.0677668    0.108381     0.0574952   
-0.00900152  0.03348      20.1332       0.0855246    0.0574952    0.105534    

Stress Spherical
0            0            0             0            0            0           
0            0            0             0            0            0           
0            0            0             0            0            0           

Inertia
150.042      -56.2675     -56.2764      0.322607     0.135454     0.168295    
-56.2675     150.094      -56.2085      0.135454     0.38386      0.142155    
-56.2764     -56.2085     150.051       0.168295     0.142155     0.31792     

Bond Length
0.61765893    0.0017667862

BB bond length
0.61765893    0.0017667862

Water EE distance
0             0           

PEG EE distance
7.045091      0.14627667  

BBB P2(x)
0.5120773     0.0095824301

BBB first bond length
0.61756404    0.0019249504

BBB second bond length
0.61760963    0.0015214007

BBB <phi**2>/<phi>**2
1.2281195     0.0051994198

Time = 24000
Temperature
1.0078244     0.0052680774

Pressure
23.186607     0.074588688 

CM Mom
5.0873218e-17  2.8353209e-17 
1.0932695e-16  1.8829485e-17 
1.3586733e-16  1.4665456e-17 
1.8476536e-16  1.535218e-17  

CM Pos
7.4961081      0.019392388   
7.5036968      0.014949826   
7.5017642      0.011637851   
12.991308      0.014470139   

Stress
20.1551      -0.0167937   -0.0174018    0.0994348    0.0663177    0.0766389   
-0.0167937   20.1467      0.0217626     0.0663177    0.0847733    0.106291    
-0.0174018   0.0217626    20.1957       0.0766389    0.106291     0.100362    

Stress Spherical
0            0            0             0            0            0           
0            0            0             0            0            0           
0            0            0             0            0            0           

Inertia
150.095      -56.2284     -56.234       0.294404     0.170766     0.174415    
-56.2284     149.962      -56.28        0.170766     0.389037     0.122971    
-56.234      -56.28       150.005       0.174415     0.122971     0.304504    

Bond Length
0.61849635    0.0017398733

BB bond length
0.61849635    0.0017398733

Water EE distance
0             0           

PEG EE distance
7.2348185     0.24575367  

BBB P2(x)
0.50951876    0.0069584403

BBB first bond length
0.61827394    0.0018213644

BBB second bond length
0.61845058    0.0019275394

BBB <phi**2>/<phi>**2
1.2275515     0.0086518964

Time = 25000
Temperature
1.0094296     0.00582106  

Pressure
23.17686      0.10312462  

CM Mom
7.6453359e-17  1.5116654e-17 
7.5883623e-17  1.6085271e-17 
1.0910567e-16  3.1960071e-17 
1.563386e-16   2.3967193e-17 

CM Pos
7.4967012      0.011292665   
7.5041416      0.01095266    
7.5020608      0.015378283   
12.992074      0.0094295518  

Stress
20.148       -0.0358459   -0.00387941   0.147886     0.0705349    0.054661    
-0.0358459   20.1417      0.00135301    0.0705349    0.134323     0.0591869   
-0.00387941  0.00135301   20.1641       0.054661     0.0591869    0.128914    

Stress Spherical
0            0            0             0            0            0           
0            0            0             0            0            0           
0            0            0             0            0            0           

Inertia
150.098      -56.3022     -56.2308      0.33776      0.0904627    0.130394    
-56.3022     149.987      -56.3358      0.0904627    0.147735     0.13865     
-56.2308     -56.3358     150.027       0.130394     0.13865      0.175354    

Bond Length
0.61756754    0.0025872231

BB bond length
0.61756754    0.0025872231

Water EE distance
0             0           

PEG EE distance
7.2827085     0.15585368  

BBB P2(x)
0.51080539    0.0081233207

BBB first bond length
0.61742426    0.0027555315

BBB second bond length
0.61742067    0.0026690911

BBB <phi**2>/<phi>**2
1.2301606     0.0068078224

Time = 26000
Temperature
1.0093099     0.004843178 

Pressure
23.211204     0.068077824 

CM Mom
6.3731093e-17  1.53723e-17   
6.4702099e-17  2.3523874e-17 
7.7491723e-17  3.1382947e-17 
1.243935e-16   2.3533096e-17 

CM Pos
7.5007048      0.010188246   
7.4982104      0.017592278   
7.5004297      0.012253524   
12.990014      0.016329734   

Stress
20.2066      0.00200183   -0.0144997    0.0931007    0.0842069    0.0526261   
0.00200183   20.1587      -0.00516448   0.0842069    0.108686     0.0641491   
-0.0144997   -0.00516448  20.1926       0.0526261    0.0641491    0.118735    

Stress Spherical
0            0            0             0            0            0           
0            0            0             0            0            0           
0            0            0             0            0            0           

Inertia
149.972      -56.2181     -56.2528      0.430385     0.157428     0.155413    
-56.2181     150.018      -56.2252      0.157428     0.294418     0.208702    
-56.2528     -56.2252     149.99        0.155413     0.208702     0.333357    

Bond Length
0.61738291    0.0016321295

BB bond length
0.61738291    0.0016321295

Water EE distance
0             0           

PEG EE distance
6.9557262     0.15448557  

BBB P2(x)
0.50706204    0.006888469 

BBB first bond length
0.61717188    0.0018435729

BBB second bond length
0.61749539    0.0015763672

BBB <phi**2>/<phi>**2
1.2228444     0.0063197232

Time = 27000
Temperature
1.0117907     0.0049536161

Pressure
23.223427     0.11973296  

CM Mom
6.3255879e-17  2.1974553e-17 
5.3504387e-17  2.2050554e-17 
1.1263136e-16  1.7512358e-17 
1.4342114e-16  1.6000479e-17 

CM Pos
7.4922528      0.012824287   
7.5054762      0.011409851   
7.5030988      0.0084519573  
12.990873      0.010390966   

Stress
20.209       -0.0123678   0.0160105     0.139568     0.0562681    0.0599459   
-0.0123678   20.1448      0.0162031     0.0562681    0.162993     0.0730975   
0.0160105    0.0162031    20.2185       0.0599459    0.0730975    0.137522    

Stress Spherical
0            0            0             0            0            0           
0            0            0             0            0            0           
0            0            0             0            0            0           

Inertia
150.145      -56.2632     -56.2036      0.19295      0.18098      0.13643     
-56.2632     149.946      -56.3748      0.18098      0.156833     0.110392    
-56.2036     -56.3748     149.966       0.13643      0.110392     0.317284    

Bond Length
0.61749961    0.0020029641

BB bond length
0.61749961    0.0020029641

Water EE distance
0             0           

PEG EE distance
7.0676775     0.24519645  

BBB P2(x)
0.50574599    0.011788252 

BBB first bond length
0.61748373    0.0021123627

BBB second bond length
0.61741147    0.0020705672

BBB <phi**2>/<phi>**2
1.2247983     0.012250171 

Time = 28000
Temperature
1.0140633     0.0061015465

Pressure
23.163447     0.098434447 

CM Mom
8.5983843e-17  1.564491e-17  
5.4027342e-17  1.3186566e-17 
9.1257567e-17  1.2149436e-17 
1.3780736e-16  1.4680204e-17 

CM Pos
7.4967012      0.017594777   
7.4991001      0.010940609   
7.496871       0.014799052   
12.986168      0.013736647   

Stress
20.1165      0.0189853    -0.0313257    0.142971     0.0763276    0.073868    
0.0189853    20.074       -0.00544896   0.0763276    0.127827     0.0752244   
-0.0313257   -0.00544896  20.1814       0.073868     0.0752244    0.134163    

Stress Spherical
0            0            0             0            0            0           
