Time = 1000
Temperature
   1.1206001    0.17119573

Pressure
   23.802203    0.86541763

CM Mom
-1.4612381e-17 2.2161247e-17 
2.2492752e-17  1.6679493e-17 
1.7973966e-16  3.4063314e-16 
2.3163412e-16  3.101156e-16  

CM Pos
7.5054073      0.035583689   
7.4931096      0.027118321   
7.5012258      0.0082362385  
12.990268      0.035121567   

Stress
20.4509      -0.0264541   -0.0176702    0.376153     0.075398     0.0635364   
-0.0264541   20.4016      -0.0381609    0.075398     0.42196      0.0648159   
-0.0176702   -0.0381609   20.4846       0.0635364    0.0648159    0.330624    

Stress Spherical
0            0            0             0            0            0           
0            0            0             0            0            0           
0            0            0             0            0            0           

Inertia
150.031      -56.2429     -56.3459      1.6294       0.445576     0.282069    
-56.2429     150.249      -56.1992      0.445576     1.91465      0.243917    
-56.3459     -56.1992     150.112       0.282069     0.243917     2.1354      

Bond Length
0.62015795    0.0073918418

BB bond length
0.62015795    0.0073918418

Water EE distance
0             0           

PEG EE distance
6.703226      0.13912414  

BBB P2(x)
0.47328298    0.059821342 

BBB first bond length
0.62008399    0.0075231639

BBB second bond length
0.62023901    0.0071267938

BBB <phi**2>/<phi>**2
1.2193682     0.015216915 

Time = 2000
Temperature
1.0074914     0.0089167152

Pressure
23.119912     0.11485019  

CM Mom
-4.0255881e-17 1.1622618e-17 
-1.5047975e-17 1.2178928e-17 
-1.3641114e-17 4.5172726e-17 
6.4125133e-17  1.5652845e-17 

CM Pos
7.5011042      0.015517163   
7.498303       0.02067583    
7.5004839      0.01536029    
12.990345      0.015033101   

Stress
20.1351      -0.0235952   -0.0178705    0.137016     0.0719966    0.0654816   
-0.0235952   20.0938      -0.0125009    0.0719966    0.110775     0.0900275   
-0.0178705   -0.0125009   20.0778       0.0654816    0.0900275    0.138732    

Stress Spherical
0            0            0             0            0            0           
0            0            0             0            0            0           
0            0            0             0            0            0           

Inertia
149.868      -56.2285     -56.2344      0.453065     0.235306     0.146448    
-56.2285     149.903      -56.2551      0.235306     0.41733      0.139871    
-56.2344     -56.2551     149.864       0.146448     0.139871     0.752897    

Bond Length
0.61758841    0.0011188162

BB bond length
0.61758841    0.0011188162

Water EE distance
0             0           

PEG EE distance
6.9379272     0.093342851 

BBB P2(x)
0.51574395    0.0063707199

BBB first bond length
0.61752346    0.0012475144

BBB second bond length
0.6175034     0.0010379629

BBB <phi**2>/<phi>**2
1.2259529     0.0038366213

