Time = 1000
Temperature
   1.0944344    0.12486469

Pressure
    23.70242    0.66801647

CM Mom
-2.2437291e-17 2.1687746e-17 
-3.6438293e-17 2.1788972e-17 
-6.8876575e-17 4.0054034e-16 
2.8265843e-16  2.967441e-16  

CM Pos
7.4962188      0.018089076   
7.4970816      0.015572452   
7.506938       0.018196603   
12.990544      0.017643934   

Stress
20.4463      0.0574816    0.0301589     0.306475     0.0534437    0.0649275   
0.0574816    20.442       -0.00407328   0.0534437    0.326497     0.0706968   
0.0301589    -0.00407328  20.3905       0.0649275    0.0706968    0.356905    

Stress Spherical
0            0            0             0            0            0           
0            0            0             0            0            0           
0            0            0             0            0            0           

Inertia
150.159      -56.1678     -56.2755      0.868382     0.205805     0.147041    
-56.1678     150.105      -56.2691      0.205805     1.00616      0.217905    
-56.2755     -56.2691     149.984       0.147041     0.217905     0.967501    

Bond Length
0.61907405    0.0076123018

BB bond length
0.61907405    0.0076123018

Water EE distance
0             0           

PEG EE distance
6.98757       0.11609093  

BBB P2(x)
0.48557683    0.063933271 

BBB first bond length
0.6189302     0.0075324174

BBB second bond length
0.61926561    0.0074173311

BBB <phi**2>/<phi>**2
1.2197131     0.016226371 

Time = 2000
Temperature
1.0140175     0.0055438515

Pressure
23.196265     0.11816653  

CM Mom
-2.2100614e-17 1.2756257e-17 
-4.3035016e-17 1.5174381e-17 
-3.1033882e-17 4.5228512e-17 
7.2556345e-17  2.1857049e-17 

CM Pos
7.4993367      0.013099967   
7.5019812      0.010648572   
7.5110952      0.015130182   
12.997562      0.01492538    

Stress
20.1496      -0.03319     -0.000363966  0.128032     0.0542003    0.054151    
-0.03319     20.1159      -0.0495644    0.0542003    0.168241     0.0713678   
-0.000363966 -0.0495644   20.2169       0.054151     0.0713678    0.103373    

Stress Spherical
0            0            0             0            0            0           
0            0            0             0            0            0           
0            0            0             0            0            0           

Inertia
150.068      -56.2323     -56.3789      0.25801      0.158842     0.191668    
-56.2323     150.024      -56.3326      0.158842     0.270657     0.119111    
-56.3789     -56.3326     149.887       0.191668     0.119111     0.334458    

Bond Length
0.6183343     0.0015745128

BB bond length
0.6183343     0.0015745128

Water EE distance
0             0           

PEG EE distance
7.1936339     0.19131736  

BBB P2(x)
0.51944996    0.012515148 

BBB first bond length
0.61846017    0.0017170066

BBB second bond length
0.61818795    0.0017277952

BBB <phi**2>/<phi>**2
1.2283035     0.012660968 

