Time = 1000
Temperature
   1.0281677   0.042506953

Pressure
   23.573751     0.1698423

CM Mom
-8.635807e-17  2.5081929e-17 
2.144839e-17   1.666995e-17  
4.4596908e-17  7.1355206e-17 
1.2111327e-16  3.5167675e-17 

CM Pos
7.4918133      0.013433511   
7.4960292      0.0069285496  
7.498609       0.019664887   
12.982572      0.017462728   

Stress
20.4619      -0.00291925  0.0368082     0.123001     0.0807476    0.0738995   
-0.00291925  20.5133      -0.0462346    0.0807476    0.119152     0.100394    
0.0368082    -0.0462346   20.5163       0.0738995    0.100394     0.127625    

Stress Spherical
0            0            0             0            0            0           
0            0            0             0            0            0           
0            0            0             0            0            0           

Inertia
149.924      -56.1644     -56.1956      0.272501     0.137973     0.201348    
-56.1644     149.881      -56.2142      0.137973     0.428359     0.162019    
-56.1956     -56.2142     149.831       0.201348     0.162019     0.399507    

Bond Length
0.61737936    0.0058597922

BB bond length
0.61737936    0.0058597922

Water EE distance
0             0           

PEG EE distance
6.983573      0.41624016  

BBB P2(x)
0.4713021     0.058248574 

BBB first bond length
0.61779732    0.0058515707

BBB second bond length
0.61684323    0.0056942782

BBB <phi**2>/<phi>**2
1.2170361     0.022866681 

Time = 2000
Temperature
1.0093993     0.008286796 

Pressure
23.510067     0.11234642  

CM Mom
-8.1494042e-17 2.178348e-17  
4.0293268e-17  1.4962966e-17 
1.185143e-17   2.3698528e-17 
9.5693724e-17  2.25394e-17   

CM Pos
7.4956751      0.011811602   
7.502713       0.010608172   
7.5027678      0.019570425   
12.991067      0.013491371   

Stress
20.4921      0.0146821    0.019533      0.123329     0.0760693    0.0705739   
0.0146821    20.4825      -0.00410539   0.0760693    0.188142     0.0822976   
0.019533     -0.00410539  20.4944       0.0705739    0.0822976    0.125265    

Stress Spherical
0            0            0             0            0            0           
0            0            0             0            0            0           
0            0            0             0            0            0           

Inertia
150.022      -56.1982     -56.2231      0.338821     0.1216       0.175056    
-56.1982     149.923      -56.2672      0.1216       0.312309     0.143741    
-56.2231     -56.2672     149.938       0.175056     0.143741     0.180918    

Bond Length
0.62113439    0.0031165815

BB bond length
0.62113439    0.0031165815

Water EE distance
0             0           

PEG EE distance
7.771405      0.34869847  

BBB P2(x)
0.52291024    0.023854468 

BBB first bond length
0.6215331     0.0029631338

BBB second bond length
0.62097445    0.0035362972

BBB <phi**2>/<phi>**2
1.2221788     0.020460034 

