Time = 1000
Temperature
   1.1198256    0.16261426

Pressure
   23.822834    0.78461523

CM Mom
-4.600344e-17  2.7502189e-17 
1.2468334e-17  1.8576011e-17 
-2.7979985e-16 4.5067298e-16 
3.0270103e-16  4.3947627e-16 

CM Pos
7.5098057      0.017100478   
7.5001702      0.02953564    
7.5103142      0.010426095   
13.002135      0.01735693    

Stress
20.4552      -0.000702335 -0.00286088   0.308372     0.073887     0.0689168   
-0.000702335 20.4977      -0.0512972    0.073887     0.34311      0.0590266   
-0.00286088  -0.0512972   20.4461       0.0689168    0.0590266    0.338533    

Stress Spherical
0            0            0             0            0            0           
0            0            0             0            0            0           
0            0            0             0            0            0           

Inertia
150.285      -56.3582     -56.4042      1.25594      0.267819     0.154988    
-56.3582     150.422      -56.3023      0.267819     1.24962      0.208634    
-56.4042     -56.3023     150.262       0.154988     0.208634     0.993067    

Bond Length
0.61993725    0.0085928796

BB bond length
0.61993725    0.0085928796

Water EE distance
0             0           

PEG EE distance
6.7658112     0.10858353  

BBB P2(x)
0.47090617    0.065614996 

BBB first bond length
0.62006719    0.0086966991

BBB second bond length
0.61988744    0.0083790434

BBB <phi**2>/<phi>**2
1.2184        0.016195069 

Time = 2000
Temperature
1.0066293     0.010196886 

Pressure
23.168085     0.12144318  

CM Mom
-8.0458245e-17 2.4527869e-17 
3.1983115e-17  1.6072246e-17 
-3.4428756e-17 5.3746618e-17 
1.0883685e-16  2.4185975e-17 

CM Pos
7.5049125      0.016080686   
7.5136637      0.024527225   
7.5003794      0.010714189   
13.001347      0.022530649   

Stress
20.1371      0.037184     0.0445907     0.182013     0.0540139    0.0673738   
0.037184     20.2271      -0.0047119    0.0540139    0.129541     0.0520318   
0.0445907    -0.0047119   20.0884       0.0673738    0.0520318    0.0917806   

Stress Spherical
0            0            0             0            0            0           
0            0            0             0            0            0           
0            0            0             0            0            0           

Inertia
150.098      -56.4036     -56.2643      0.407506     0.268315     0.197057    
-56.4036     149.954      -56.378       0.268315     0.386585     0.241429    
-56.2643     -56.378      150.149       0.197057     0.241429     0.377177    

Bond Length
0.61953591    0.0021954841

BB bond length
0.61953591    0.0021954841

Water EE distance
0             0           

PEG EE distance
7.0787764     0.11979188  

BBB P2(x)
0.5127869     0.008145584 

BBB first bond length
0.6196895     0.0022411204

BBB second bond length
0.6195075     0.0021129199

BBB <phi**2>/<phi>**2
1.2271112     0.010976736 

Time = 3000
Temperature
1.0087601     0.0055577456

Pressure
23.158951     0.086937639 

CM Mom
-1.1520402e-16 1.5756084e-17 
5.4701202e-17  1.2463305e-17 
-4.4517161e-17 2.0453586e-17 
1.3738334e-16  1.3918355e-17 

CM Pos
7.4986847      0.014148891   
7.5040255      0.015801384   
7.5060141      0.011680282   
12.995439      0.0088997457  

Stress
20.1111      0.0324419    0.00410143    0.0880255    0.0886021    0.0474662   
0.0324419    20.2182      -0.0194419    0.0886021    0.12863      0.0558467   
0.00410143   -0.0194419   20.0768       0.0474662    0.0558467    0.105216    

Stress Spherical
0            0            0             0            0            0           
0            0            0             0            0            0           
0            0            0             0            0            0           

Inertia
150.1        -56.2715     -56.3221      0.198941     0.105503     0.162052    
-56.2715     149.99       -56.3517      0.105503     0.349051     0.089306    
-56.3221     -56.3517     149.967       0.162052     0.089306     0.260858    

Bond Length
0.61927516    0.0016753407

BB bond length
0.61927516    0.0016753407

Water EE distance
0             0           

PEG EE distance
7.1792026     0.20672187  

BBB P2(x)
0.51996796    0.011604814 

BBB first bond length
0.61925226    0.0017626842

BBB second bond length
0.61927632    0.0015556761

BBB <phi**2>/<phi>**2
1.2262739     0.0060651808

Time = 4000
Temperature
1.0130384     0.0070434933

Pressure
23.201767     0.10101575  

CM Mom
-1.023159e-16  1.7473823e-17 
7.3579164e-17  1.1666229e-17 
-4.5222711e-17 2.3069498e-17 
1.3693275e-16  1.2271498e-17 

CM Pos
7.506247       0.0070864787  
7.4940907      0.0094353133  
7.5052727      0.012977673   
12.993631      0.011153909   

Stress
20.1631      0.0126653    0.0367252     0.0833847    0.0559801    0.0552306   
0.0126653    20.173       -0.0480248    0.0559801    0.156102     0.0622535   
0.0367252    -0.0480248   20.16         0.0552306    0.0622535    0.09813     

Stress Spherical
0            0            0             0            0            0           
0            0            0             0            0            0           
0            0            0             0            0            0           

Inertia
149.961      -56.2664     -56.3679      0.27206      0.128863     0.151151    
-56.2664     150.132      -56.2288      0.128863     0.312546     0.130267    
-56.3679     -56.2288     149.962       0.151151     0.130267     0.22314     

Bond Length
0.61878672    0.001882454 

BB bond length
0.61878672    0.001882454 

Water EE distance
0             0           

PEG EE distance
7.49403       0.15141272  

BBB P2(x)
0.51675436    0.013689989 

BBB first bond length
0.61850864    0.0020293287

BBB second bond length
0.61882793    0.0017687151

BBB <phi**2>/<phi>**2
1.2208725     0.0051242404

Time = 5000
Temperature
1.0120686     0.006445192 

Pressure
23.149132     0.069066112 

CM Mom
-8.1831756e-17 1.5669159e-17 
5.5743271e-17  1.4633744e-17 
7.0799216e-18  1.6096973e-17 
1.0141232e-16  1.6976368e-17 

CM Pos
7.5044676      0.0089264039  
7.4952769      0.015416124   
7.5060141      0.009001216   
12.993716      0.014162226   

Stress
20.0862      0.0475117    0.0265929     0.135232     0.068438     0.0617707   
0.0475117    20.229       -0.00507849   0.068438     0.105339     0.056124    
0.0265929    -0.00507849  20.0317       0.0617707    0.056124     0.0963644   

Stress Spherical
0            0            0             0            0            0           
0            0            0             0            0            0           
0            0            0             0            0            0           

Inertia
149.98       -56.2886     -56.2952      0.297004     0.175033     0.131302    
-56.2886     150.098      -56.2789      0.175033     0.212179     0.146976    
-56.2952     -56.2789     149.954       0.131302     0.146976     0.324769    

Bond Length
0.61884541    0.001646078 

BB bond length
0.61884541    0.001646078 

Water EE distance
0             0           

PEG EE distance
7.601339      0.10749179  

BBB P2(x)
0.52020794    0.007223519 

BBB first bond length
0.61882757    0.0015101144

BBB second bond length
0.61871946    0.0014020515

BBB <phi**2>/<phi>**2
1.2295344     0.0073224421

Time = 6000
Temperature
1.0078531     0.007689378 

Pressure
23.170752     0.08418859  

CM Mom
-7.2498409e-17 2.4974488e-17 
4.0477155e-17  1.5317077e-17 
-6.3813679e-18 1.5554395e-17 
8.7413486e-17  1.9857009e-17 

CM Pos
7.498833       0.015681262   
7.4980943      0.018753751   
7.5048278      0.013751717   
12.99142       0.01237553    

Stress
20.1479      -0.013591    0.00755715    0.131806     0.0480612    0.104974    
-0.013591    20.1257      -0.0463901    0.0480612    0.135762     0.0588834   
0.00755715   -0.0463901   20.176        0.104974     0.0588834    0.141865    

Stress Spherical
0            0            0             0            0            0           
0            0            0             0            0            0           
0            0            0             0            0            0           

Inertia
150.015      -56.1943     -56.3044      0.229895     0.174127     0.184258    
-56.1943     150.013      -56.2766      0.174127     0.400111     0.0996424   
-56.3044     -56.2766     149.916       0.184258     0.0996424    0.317426    

Bond Length
0.61812935    0.002514837 

BB bond length
0.61812935    0.002514837 

Water EE distance
0             0           

PEG EE distance
7.548373      0.10168024  

BBB P2(x)
0.50960319    0.0084715854

BBB first bond length
0.61794544    0.0025774703

BBB second bond length
0.61828596    0.002676877 

BBB <phi**2>/<phi>**2
1.2220787     0.0058547465

Time = 7000
Temperature
1.005136      0.0072568625

Pressure
23.168776     0.085476415 

CM Mom
-8.9003867e-17 1.7756986e-17 
2.1553785e-17  2.6091257e-17 
-1.0710426e-17 2.4497973e-17 
9.8886451e-17  1.7850828e-17 

CM Pos
7.5060987      0.021663595   
7.4970563      0.013837785   
7.500676       0.012900356   
12.992618      0.014594156   

Stress
20.2037      0.0368115    0.0394442     0.0857851    0.0539354    0.0825475   
0.0368115    20.116       -0.0230752    0.0539354    0.120582     0.0823785   
0.0394442    -0.0230752   20.1484       0.0825475    0.0823785    0.1242      

Stress Spherical
0            0            0             0            0            0           
0            0            0             0            0            0           
0            0            0             0            0            0           

Inertia
149.937      -56.2817     -56.2785      0.355775     0.123063     0.171305    
-56.2817     150.058      -56.2343      0.123063     0.371547     0.168263    
-56.2785     -56.2343     150.012       0.171305     0.168263     0.292141    

Bond Length
0.61854668    0.0029412328

BB bond length
0.61854668    0.0029412328

Water EE distance
0             0           

PEG EE distance
7.3772829     0.099773268 

BBB P2(x)
0.51517187    0.0099337512

BBB first bond length
0.61851114    0.0030533878

BBB second bond length
0.61847989    0.0032124661

BBB <phi**2>/<phi>**2
1.2256164     0.01013377  

Time = 8000
Temperature
1.010921      0.008689082 

Pressure
23.173687     0.063569257 

CM Mom
-1.0935123e-16 1.0717649e-17 
3.0689035e-17  1.7144893e-17 
-4.1557088e-17 2.1256722e-17 
1.2367322e-16  1.3859942e-17 

CM Pos
7.5017986      0.011773092   
7.4975011      0.011641629   
7.4944482      0.020331663   
12.986793      0.01264733    

Stress
20.2017      -0.0210117   0.0138054     0.129489     0.0616923    0.0735981   
-0.0210117   20.1313      -0.0109037    0.0616923    0.0795513    0.0809441   
0.0138054    -0.0109037   20.0978       0.0735981    0.0809441    0.0860191   

Stress Spherical
0            0            0             0            0            0           
0            0            0             0            0            0           
0            0            0             0            0            0           

Inertia
149.873      -56.2482     -56.2085      0.327698     0.116063     0.183903    
-56.2482     149.903      -56.1965      0.116063     0.347504     0.144414    
-56.2085     -56.1965     149.959       0.183903     0.144414     0.151029    

Bond Length
0.61682819    0.0014258537

BB bond length
0.61682819    0.0014258537

Water EE distance
0             0           

PEG EE distance
7.2319029     0.097861567 

BBB P2(x)
0.51402876    0.0043958433

BBB first bond length
0.61698972    0.0014981803

BBB second bond length
0.61692037    0.0015905528

BBB <phi**2>/<phi>**2
1.2282409     0.0087684493

Time = 9000
Temperature
1.0093079     0.011376456 

Pressure
23.183655     0.072928196 

CM Mom
-1.1726882e-16 1.1361013e-17 
2.80733e-17    1.9653922e-17 
-9.2018266e-17 1.0610691e-17 
1.5324215e-16  1.2338015e-17 

CM Pos
7.5010572      0.015600432   
7.4992805      0.0072095171  
7.4963759      0.013112509   
12.988498      0.010045109   

Stress
20.1905      0.0376023    -0.0212358    0.118388     0.0776311    0.0431085   
0.0376023    20.1875      0.0455839     0.0776311    0.12144      0.0572052   
-0.0212358   0.0455839    20.0973       0.0431085    0.0572052    0.0922382   

Stress Spherical
0            0            0             0            0            0           
0            0            0             0            0            0           
0            0            0             0            0            0           

Inertia
149.925      -56.2388     -56.188       0.155493     0.135029     0.168132    
-56.2388     149.941      -56.2403      0.135029     0.314921     0.0781813   
-56.188      -56.2403     149.975       0.168132     0.0781813    0.288078    

Bond Length
0.6193522     0.0014576902

BB bond length
0.6193522     0.0014576902

Water EE distance
0             0           

PEG EE distance
7.4659185     0.11529238  

BBB P2(x)
0.51551012    0.0049922342

BBB first bond length
0.61941434    0.0017095903

BBB second bond length
0.61921456    0.0016777486

BBB <phi**2>/<phi>**2
1.223739      0.0068075791

Time = 10000
Temperature
1.007281      0.0076631616

Pressure
23.147211     0.098823609 

CM Mom
-1.0990176e-16 1.2359209e-17 
2.9085187e-17  1.4769104e-17 
-1.1343075e-16 2.8534405e-17 
1.6236774e-16  2.4752504e-17 

CM Pos
7.5009089      0.017151831   
7.5044703      0.010577881   
7.5018622      0.010897316   
12.99458       0.0085233082  

Stress
20.1135      0.0456316    0.00234697    0.0966587    0.0443422    0.0676681   
0.0456316    20.1309      0.0501199     0.0443422    0.117715     0.0904388   
0.00234697   0.0501199    20.1397       0.0676681    0.0904388    0.140917    

Stress Spherical
0            0            0             0            0            0           
0            0            0             0            0            0           
0            0            0             0            0            0           

Inertia
150.085      -56.2808     -56.306       0.246977     0.143683     0.135573    
-56.2808     150.001      -56.3461      0.143683     0.190461     0.111269    
-56.306      -56.3461     150.064       0.135573     0.111269     0.285786    

Bond Length
0.61997321    0.0020238175

BB bond length
0.61997321    0.0020238175

Water EE distance
0             0           

PEG EE distance
7.7781512     0.16519188  

BBB P2(x)
0.51158511    0.0072266824

BBB first bond length
0.62016734    0.0018536519

BBB second bond length
0.61973922    0.0019309235

BBB <phi**2>/<phi>**2
1.2251901     0.0067231157

Time = 11000
Temperature
1.0095552     0.003844392 

Pressure
23.184271     0.087901981 

CM Mom
-9.0938745e-17 8.7190442e-18 
3.4035151e-17  1.7076006e-17 
-1.1175159e-16 1.1564236e-17 
1.4935688e-16  1.0513339e-17 

CM Pos
7.5017986      0.015182593   
7.5009116      0.012721867   
7.4897033      0.014517054   
12.986022      0.012205289   

Stress
20.1624      0.0219828    -0.00767952   0.112157     0.0682402    0.0655184   
0.0219828    20.1117      -0.0166871    0.0682402    0.12187      0.0726105   
-0.00767952  -0.0166871   20.2008       0.0655184    0.0726105    0.0953674   

Stress Spherical
0            0            0             0            0            0           
0            0            0             0            0            0           
0            0            0             0            0            0           

Inertia
149.827      -56.2468     -56.2025      0.377592     0.141376     0.0904265   
-56.2468     149.821      -56.1582      0.141376     0.16491      0.197163    
-56.2025     -56.1582     150.026       0.0904265    0.197163     0.286774    

Bond Length
0.61781311    0.0014766363

BB bond length
0.61781311    0.0014766363

Water EE distance
0             0           

PEG EE distance
7.6684508     0.14197575  

BBB P2(x)
0.50889921    0.0079842165

BBB first bond length
0.61771209    0.0015982139

BBB second bond length
0.61775465    0.001430037 

BBB <phi**2>/<phi>**2
1.2230495     0.0055050624

Time = 12000
Temperature
1.0068836     0.009777142 

Pressure
23.170783     0.088160909 

CM Mom
-1.2238865e-16 2.8166211e-17 
3.8800873e-17  1.3283701e-17 
-1.2702237e-16 1.3333758e-17 
1.8257721e-16  2.0792154e-17 

CM Pos
7.5044676      0.012672515   
7.5001702      0.012940347   
7.5086831      0.014619681   
12.998086      0.014136263   

Stress
20.1406      0.0488416    0.0349215     0.111052     0.0529503    0.0469943   
0.0488416    20.2252      -0.0357028    0.0529503    0.125597     0.0346145   
0.0349215    -0.0357028   20.0927       0.0469943    0.0346145    0.0846974   

Stress Spherical
0            0            0             0            0            0           
0            0            0             0            0            0           
0            0            0             0            0            0           

Inertia
150.132      -56.3429     -56.333       0.3311       0.164484     0.148253    
-56.3429     150.171      -56.2847      0.164484     0.26071      0.159373    
-56.333      -56.2847     150.071       0.148253     0.159373     0.369554    

Bond Length
0.61887164    0.0024778025

BB bond length
0.61887164    0.0024778025

Water EE distance
0             0           

PEG EE distance
7.4749777     0.083616747 

BBB P2(x)
0.5170911     0.012597586 

BBB first bond length
0.61882345    0.0026629275

BBB second bond length
0.61853722    0.0025182346

BBB <phi**2>/<phi>**2
1.2291395     0.0069170484

Time = 13000
Temperature
1.0125245     0.0074703426

Pressure
23.183162     0.10745536  

CM Mom
-1.2928732e-16 1.8979712e-17 
3.1523815e-17  2.7416835e-17 
-1.2840493e-16 2.4780596e-17 
1.8814345e-16  2.2908954e-17 

CM Pos
7.4995744      0.016086154   
7.5012081      0.01380597    
7.4928171      0.014546558   
12.986708      0.010815724   

Stress
20.1599      0.0206871    0.0157819     0.155195     0.0633263    0.0820172   
0.0206871    20.1632      0.0420344     0.0633263    0.11459      0.0663358   
0.0157819    0.0420344    20.1219       0.0820172    0.0663358    0.104635    

Stress Spherical
0            0            0             0            0            0           
0            0            0             0            0            0           
0            0            0             0            0            0           

Inertia
149.919      -56.2631     -56.1847      0.358749     0.182514     0.135323    
-56.2631     149.869      -56.2374      0.182514     0.25683      0.147203    
-56.1847     -56.2374     150.007       0.135323     0.147203     0.282805    

Bond Length
0.61925484    0.0012462235

BB bond length
0.61925484    0.0012462235

Water EE distance
0             0           

PEG EE distance
7.0944363     0.15102844  

BBB P2(x)
0.50728348    0.015289589 

BBB first bond length
0.6191856     0.001146857 

BBB second bond length
0.61900496    0.0013307707

BBB <phi**2>/<phi>**2
1.2253249     0.0091389618

Time = 14000
Temperature
1.007586      0.006385336 

Pressure
23.135483     0.049997927 

CM Mom
-1.1612729e-16 2.2793741e-17 
3.7453016e-17  1.7841047e-17 
-1.4574654e-16 1.5673977e-17 
1.9192892e-16  1.9420328e-17 

CM Pos
7.5037262      0.015315963   
7.494239       0.018553372   
7.4944482      0.014269586   
12.986016      0.021156545   

Stress
20.1372      0.0186223    -0.0133206    0.109561     0.0777432    0.0667084   
0.0186223    20.1086      0.017453      0.0777432    0.0849513    0.0816085   
-0.0133206   0.017453     20.1004       0.0667084    0.0816085    0.0902035   

Stress Spherical
0            0            0             0            0            0           
0            0            0             0            0            0           
0            0            0             0            0            0           

Inertia
149.836      -56.2528     -56.2101      0.46257      0.2325       0.16737     
-56.2528     149.965      -56.1557      0.2325       0.351159     0.237007    
-56.2101     -56.1557     149.96        0.16737      0.237007     0.420104    

Bond Length
0.61945397    0.0016406848

BB bond length
0.61945397    0.0016406848

Water EE distance
0             0           

PEG EE distance
6.8797849     0.24105888  

BBB P2(x)
0.51752873    0.010952303 

BBB first bond length
0.6194425     0.0015359071

BBB second bond length
0.61946072    0.0017156159

BBB <phi**2>/<phi>**2
1.2258696     0.0041628331

Time = 15000
Temperature
1.0081638     0.008176058 

Pressure
23.131817     0.10789382  

CM Mom
-9.1168807e-17 2.1329361e-17 
3.1460572e-17  1.631815e-17  
-1.6919542e-16 1.4508989e-17 
1.9650606e-16  1.5675242e-17 

CM Pos
7.5038745      0.011543001   
7.5009116      0.0055501089  
7.4937068      0.015075047   
12.989523      0.011082643   

Stress
20.1511      -0.0152285   -0.00308542   0.174502     0.0824843    0.0546116   
-0.0152285   20.1101      -0.0100749    0.0824843    0.121657     0.065258    
-0.00308542  -0.0100749   20.0689       0.0546116    0.065258     0.163333    

Stress Spherical
0            0            0             0            0            0           
0            0            0             0            0            0           
0            0            0             0            0            0           

Inertia
149.933      -56.2711     -56.2304      0.277148     0.112101     0.140469    
-56.2711     149.956      -56.1856      0.112101     0.327887     0.177282    
-56.2304     -56.1856     150.063       0.140469     0.177282     0.170385    

Bond Length
0.61869373    0.0020016458

BB bond length
0.61869373    0.0020016458

Water EE distance
0             0           

PEG EE distance
7.0373979     0.24488217  

BBB P2(x)
0.51160521    0.0078190892

BBB first bond length
0.61876523    0.001919722 

BBB second bond length
0.6189128     0.0021468907

BBB <phi**2>/<phi>**2
1.2248223     0.0080364077

Time = 16000
Temperature
1.0096746     0.0088170123

Pressure
23.162128     0.091105638 

CM Mom
-9.5726006e-17 2.1220057e-17 
2.3290703e-17  1.151073e-17  
-1.5842834e-16 1.4515399e-17 
1.8784556e-16  1.769165e-17  

CM Pos
7.5065436      0.014765586   
7.4915699      0.021356432   
7.4990449      0.009038998   
12.988765      0.014900243   

Stress
20.1297      0.0168052    0.00355649    0.123867     0.0675822    0.0858049   
0.0168052    20.1607      0.042266      0.0675822    0.0727661    0.0593217   
0.00355649   0.042266     20.117        0.0858049    0.0593217    0.0875485   

Stress Spherical
0            0            0             0            0            0           
0            0            0             0            0            0           
0            0            0             0            0            0           

Inertia
149.856      -56.2196     -56.2489      0.309242     0.261358     0.127628    
-56.2196     150.083      -56.2368      0.261358     0.211403     0.13371     
-56.2489     -56.2368     149.971       0.127628     0.13371      0.517956    

Bond Length
0.61871604    0.0012572681

BB bond length
0.61871604    0.0012572681

Water EE distance
0             0           

PEG EE distance
6.9640755     0.072215418 

BBB P2(x)
0.50988023    0.0064649576

BBB first bond length
0.61845492    0.0013130651

BBB second bond length
0.61884405    0.0014762852

BBB <phi**2>/<phi>**2
1.2283143     0.0052378451

Time = 17000
Temperature
1.0093839     0.0080391772

Pressure
23.222276     0.082349995 

CM Mom
-6.7380528e-17 1.9186276e-17 
1.7273977e-17  1.5400039e-17 
-1.7283964e-16 8.3494384e-18 
1.8763283e-16  1.34528e-17   

CM Pos
7.5029848      0.0094760055  
7.4921631      0.012508361   
7.5009725      0.01190772    
12.988155      0.009376846   

Stress
20.2541      0.000752494  0.00513787    0.0768949    0.0670267    0.0799297   
0.000752494  20.1676      -0.0146792    0.0670267    0.128236     0.0663918   
0.00513787   -0.0146792   20.1688       0.0799297    0.0663918    0.118393    

Stress Spherical
0            0            0             0            0            0           
0            0            0             0            0            0           
0            0            0             0            0            0           

Inertia
149.885      -56.1889     -56.2706      0.277789     0.157288     0.133937    
-56.1889     150.059      -56.1763      0.157288     0.222903     0.111082    
-56.2706     -56.1763     149.92        0.133937     0.111082     0.29566     

Bond Length
0.61733449    0.0020076901

BB bond length
0.61733449    0.0020076901

Water EE distance
0             0           

PEG EE distance
7.2097643     0.14983481  

BBB P2(x)
0.51623528    0.0070678688

BBB first bond length
0.61736145    0.0020293728

BBB second bond length
0.61726413    0.0020520726

BBB <phi**2>/<phi>**2
1.2275003     0.0070481235

Time = 18000
Temperature
0.9998147     0.0080535593

Pressure
23.170413     0.080987007 

CM Mom
-2.8882151e-17 1.154628e-17  
1.7555484e-17  2.1874296e-17 
-1.9549627e-16 2.5502136e-17 
1.9996716e-16  2.5228165e-17 

CM Pos
7.4989813      0.013639338   
7.4973529      0.014453303   
7.4983035      0.01331303    
12.9873        0.013352073   

Stress
20.112       0.0287058    -0.00565483   0.0983291    0.0706499    0.063226    
0.0287058    20.2281      -0.0067506    0.0706499    0.107933     0.0716473   
-0.00565483  -0.0067506   20.1808       0.063226     0.0716473    0.102774    

Stress Spherical
0            0            0             0            0            0           
0            0            0             0            0            0           
0            0            0             0            0            0           

Inertia
149.949      -56.2722     -56.2347      0.278062     0.201552     0.106683    
-56.2722     149.958      -56.2023      0.201552     0.239744     0.168592    
-56.2347     -56.2023     149.943       0.106683     0.168592     0.329017    

Bond Length
0.61850685    0.0016714564

BB bond length
0.61850685    0.0016714564

Water EE distance
0             0           

PEG EE distance
7.2085568     0.12437806  

BBB P2(x)
0.5121778     0.008507388 

BBB first bond length
0.61860539    0.0017623424

BBB second bond length
0.61835617    0.0017358332

BBB <phi**2>/<phi>**2
1.2240825     0.0061895826

Time = 19000
Temperature
1.0059149     0.0043583214

Pressure
23.19623      0.084652808 

CM Mom
-1.9463748e-17 2.1222811e-17 
4.1011634e-17  1.3268155e-17 
-2.0870857e-16 1.532071e-17  
2.1510545e-16  1.4521609e-17 

CM Pos
7.4991296      0.011746917   
7.5035806      0.018127186   
7.4984518      0.014302676   
12.991059      0.022474106   

Stress
20.1751      0.0505309    -0.00540397   0.0896465    0.0688009    0.0749681   
0.0505309    20.2273      0.0125381     0.0688009    0.0562806    0.0619497   
-0.00540397  0.0125381    20.1411       0.0749681    0.0619497    0.138655    

Stress Spherical
0            0            0             0            0            0           
0            0            0             0            0            0           
0            0            0             0            0            0           

Inertia
150.034      -56.2452     -56.2319      0.441657     0.212631     0.182696    
-56.2452     149.961      -56.2136      0.212631     0.383289     0.210592    
-56.2319     -56.2136     150.028       0.182696     0.210592     0.401808    

Bond Length
0.61824567    0.0018512883

BB bond length
0.61824567    0.0018512883

Water EE distance
0             0           

PEG EE distance
7.0605331     0.20209948  

BBB P2(x)
0.51592881    0.0080899828

BBB first bond length
0.61820798    0.0018859976

BBB second bond length
0.61799176    0.0019958797

BBB <phi**2>/<phi>**2
1.2305989     0.0054964774

Time = 20000
Temperature
1.0104346     0.010053688 

Pressure
23.137083     0.096845308 

CM Mom
-5.593053e-17  2.6313965e-17 
3.0463637e-17  2.633933e-17  
-2.1630637e-16 1.2354576e-17 
2.2842975e-16  1.4260867e-17 

CM Pos
7.4986847      0.016844629   
7.5018013      0.016605369   
7.5034933      0.0095821438  
12.992694      0.015984095   

Stress
20.0958      0.00936437   -0.0465639    0.126493     0.0448402    0.0623729   
0.00936437   20.1205      0.0123112     0.0448402    0.134842     0.0506399   
-0.0465639   0.0123112    20.1091       0.0623729    0.0506399    0.128891    

Stress Spherical
0            0            0             0            0            0           
0            0            0             0            0            0           
0            0            0             0            0            0           

Inertia
150.069      -56.2498     -56.2459      0.330409     0.180506     0.150049    
-56.2498     150.032      -56.2866      0.180506     0.316174     0.155182    
-56.2459     -56.2866     150.009       0.150049     0.155182     0.337252    

Bond Length
0.61734916    0.0016435059

BB bond length
0.61734916    0.0016435059

Water EE distance
0             0           

PEG EE distance
6.7575349     0.12978641  

BBB P2(x)
0.51319405    0.010968693 

BBB first bond length
0.61739561    0.0017195176

BBB second bond length
0.61723899    0.0017286002

BBB <phi**2>/<phi>**2
1.2265044     0.008777784 

Time = 21000
Temperature
1.0093924     0.005602642 

Pressure
23.14608      0.098349284 

CM Mom
-5.2882109e-17 2.2530277e-17 
6.7741329e-18  8.4444886e-18 
-2.2348479e-16 2.6436063e-17 
2.3104025e-16  2.6192484e-17 

CM Pos
7.5069884      0.016113467   
7.4975011      0.015904019   
7.4963759      0.012263389   
12.990899      0.015801527   

Stress
20.1372      -0.00253456  -0.00512304   0.142053     0.0535883    0.112447    
-0.00253456  20.1215      -0.0166345    0.0535883    0.111947     0.0682876   
-0.00512304  -0.0166345   20.1031       0.112447     0.0682876    0.11345     

Stress Spherical
0            0            0             0            0            0           
0            0            0             0            0            0           
0            0            0             0            0            0           

Inertia
149.899      -56.3055     -56.296       0.291772     0.232453     0.147285    
-56.3055     150.033      -56.2153      0.232453     0.231493     0.158133    
-56.296      -56.2153     150.037       0.147285     0.158133     0.381793    

Bond Length
0.61891399    0.0021746773

BB bond length
0.61891399    0.0021746773

Water EE distance
0             0           

PEG EE distance
6.8637995     0.1301954   

BBB P2(x)
0.5188074     0.012693589 

BBB first bond length
0.61886651    0.0022079896

BBB second bond length
0.61914258    0.0022185341

BBB <phi**2>/<phi>**2
1.2263595     0.0094530885

Time = 22000
Temperature
1.0079129     0.010107835 

Pressure
23.150601     0.044765121 

CM Mom
-2.9827092e-17 2.3357735e-17 
8.716008e-18   2.5533317e-17 
-1.8591969e-16 2.032118e-17  
1.9150886e-16  2.1600827e-17 

CM Pos
7.4936432      0.010494408   
7.4957218      0.015263475   
7.4999346      0.011903103   
12.984219      0.010325223   

Stress
20.1405      0.0146287    0.00488422    0.0963755    0.0429868    0.0287307   
0.0146287    20.1262      0.0537056     0.0429868    0.0692415    0.095534    
0.00488422   0.0537056    20.122        0.0287307    0.095534     0.0502394   

Stress Spherical
0            0            0             0            0            0           
0            0            0             0            0            0           
0            0            0             0            0            0           

Inertia
149.92       -56.16       -56.1949      0.345561     0.134859     0.11458     
-56.16       149.899      -56.2206      0.134859     0.24714      0.144093    
-56.1949     -56.2206     149.846       0.11458      0.144093     0.20744     

Bond Length
0.61880399    0.0016918393

BB bond length
0.61880399    0.0016918393

Water EE distance
0             0           

PEG EE distance
7.3227998     0.17746076  

BBB P2(x)
0.52000842    0.0043087647

BBB first bond length
0.61870655    0.0019894797

BBB second bond length
0.61884017    0.0018356842

BBB <phi**2>/<phi>**2
1.2287065     0.0080798902

Time = 23000
Temperature
1.0108329     0.0069386819

Pressure
23.181892     0.1274838   

CM Mom
-1.6718921e-17 2.4268093e-17 
-1.1937285e-17 2.4768676e-17 
-1.4812028e-16 2.4880924e-17 
1.5358017e-16  2.4418403e-17 

CM Pos
7.4933467      0.015796513   
7.497946       0.013590891   
7.4944482      0.01073469    
12.982164      0.012265582   

Stress
20.1758      -0.0314968   -0.00798966   0.13348      0.0737516    0.0469411   
-0.0314968   20.1613      -0.00980566   0.0737516    0.163726     0.0933861   
-0.00798966  -0.00980566  20.1192       0.0469411    0.0933861    0.123388    

Stress Spherical
0            0            0             0            0            0           
0            0            0             0            0            0           
0            0            0             0            0            0           

Inertia
149.903      -56.1829     -56.1731      0.311152     0.135952     0.150349    
-56.1829     149.827      -56.1953      0.135952     0.330808     0.160906    
-56.1731     -56.1953     149.872       0.150349     0.160906     0.22041     

Bond Length
0.61746574    0.0018728214

BB bond length
0.61746574    0.0018728214

Water EE distance
0             0           

PEG EE distance
7.360801      0.1025718   

BBB P2(x)
0.51577782    0.0090691597

BBB first bond length
0.61732846    0.0018502987

BBB second bond length
0.61763055    0.0018606921

BBB <phi**2>/<phi>**2
1.2291792     0.0076274474

Time = 24000
Temperature
1.0121746     0.0090663273

Pressure
23.175374     0.082006036 

CM Mom
-6.130591e-18  1.792631e-17  
6.4038665e-19  1.4119368e-17 
-1.3653845e-16 2.0643245e-17 
1.3852966e-16  2.0907593e-17 

CM Pos
7.4997227      0.014720847   
7.4980943      0.0097414399  
7.5039381      0.014819838   
12.991412      0.0098869318  

Stress
20.1421      0.0016453    -0.0549741    0.0985429    0.0657159    0.0512967   
0.0016453    20.1517      0.00837191    0.0657159    0.136568     0.0637892   
-0.0549741   0.00837191   20.1308       0.0512967    0.0637892    0.118909    

Stress Spherical
0            0            0             0            0            0           
0            0            0             0            0            0           
0            0            0             0            0            0           

Inertia
150.048      -56.2381     -56.3189      0.276302     0.118444     0.186987    
-56.2381     150.051      -56.2595      0.118444     0.257898     0.139678    
-56.3189     -56.2595     149.962       0.186987     0.139678     0.199716    

Bond Length
0.61759678    0.0021686219

BB bond length
0.61759678    0.0021686219

Water EE distance
0             0           

PEG EE distance
7.3696024     0.090877814 

BBB P2(x)
0.51612324    0.0086185573

BBB first bond length
0.61775808    0.0021988588

BBB second bond length
0.61759024    0.0022790813

BBB <phi**2>/<phi>**2
1.2275533     0.0092541378

Time = 25000
Temperature
1.0115173     0.0070590025

Pressure
23.174506     0.067235745 

CM Mom
3.6431937e-17  1.4693475e-17 
1.9436585e-18  3.1091444e-17 
-1.3894634e-16 1.4211338e-17 
1.4733077e-16  1.7757615e-17 

CM Pos
7.5007607      0.0040581056  
7.4988357      0.012617744   
7.4960793      0.014464707   
12.987895      0.010352687   

Stress
20.1489      -0.00396358  -0.0046195    0.127        0.0858709    0.0620402   
-0.00396358  20.1842      0.0258757     0.0858709    0.0957714    0.0750124   
-0.0046195   0.0258757    20.0949       0.0620402    0.0750124    0.0926438   

Stress Spherical
0            0            0             0            0            0           
0            0            0             0            0            0           
0            0            0             0            0            0           

Inertia
149.941      -56.2406     -56.2533      0.201191     0.105603     0.151072    
-56.2406     149.964      -56.2442      0.105603     0.192892     0.103048    
-56.2533     -56.2442     149.991       0.151072     0.103048     0.238063    

Bond Length
0.6175846     0.0013874696

BB bond length
0.6175846     0.0013874696

Water EE distance
0             0           

PEG EE distance
7.2963328     0.15705179  

BBB P2(x)
0.51082945    0.0085886613

BBB first bond length
0.61785211    0.0014730434

BBB second bond length
0.61772482    0.0015359247

BBB <phi**2>/<phi>**2
1.2256048     0.0088280623

Time = 26000
Temperature
1.014347      0.0072986602

Pressure
23.177863     0.14802392  

CM Mom
8.2477699e-17  2.5611626e-17 
2.9569044e-17  1.3972812e-17 
-1.3731931e-16 2.0850843e-17 
1.6477782e-16  2.584015e-17  

CM Pos
7.4957191      0.013464114   
7.5075842      0.0067885665  
7.499638       0.019968856   
12.992096      0.015844384   

Stress
20.1979      -0.0533229   -0.0275306    0.149398     0.057709     0.0582586   
-0.0533229   20.1224      -0.0212975    0.057709     0.184396     0.0582739   
-0.0275306   -0.0212975   20.0923       0.0582586    0.0582739    0.167979    

Stress Spherical
0            0            0             0            0            0           
0            0            0             0            0            0           
0            0            0             0            0            0           

Inertia
150.122      -56.2694     -56.2109      0.320214     0.126407     0.203239    
-56.2694     149.952      -56.2942      0.126407     0.370688     0.225448    
-56.2109     -56.2942     150.057       0.203239     0.225448     0.206279    

Bond Length
0.61862574    0.0013745004

BB bond length
0.61862574    0.0013745004

Water EE distance
0             0           

PEG EE distance
7.6222729     0.13995406  

BBB P2(x)
0.51651976    0.0063655918

BBB first bond length
0.61888172    0.0010754947

BBB second bond length
0.61861756    0.0016413165

BBB <phi**2>/<phi>**2
1.2277161     0.0063384984

Time = 27000
Temperature
1.0082584     0.0063235713

Pressure
23.165435     0.1130363   

CM Mom
8.2086237e-17  1.4007322e-17 
2.4402188e-17  1.9270776e-17 
-1.4033062e-16 1.7070979e-17 
1.6631084e-16  1.5032973e-17 

CM Pos
7.5060987      0.017193443   
7.5013564      0.017965755   
7.4894067      0.012477562   
12.988593      0.017681361   

Stress
20.1442      -0.0243931   0.0314868     0.135731     0.0654876    0.0784509   
-0.0243931   20.1443      0.03189       0.0654876    0.145184     0.0633618   
0.0314868    0.03189      20.1416       0.0784509    0.0633618    0.164075    

Stress Spherical
0            0            0             0            0            0           
0            0            0             0            0            0           
0            0            0             0            0            0           

Inertia
149.859      -56.2898     -56.1992      0.329294     0.227093     0.25727     
-56.2898     149.94       -56.228       0.227093     0.409409     0.153645    
-56.1992     -56.228      150.112       0.25727      0.153645     0.369298    

Bond Length
0.61790317    0.0028817485

BB bond length
0.61790317    0.0028817485

Water EE distance
0             0           

PEG EE distance
7.2343105     0.12877384  

BBB P2(x)
0.50631334    0.007487432 

BBB first bond length
0.61785785    0.0028397644

BBB second bond length
0.61799871    0.0030090489

BBB <phi**2>/<phi>**2
1.2233027     0.0063864141

Time = 28000
Temperature
1.0133818     0.0068028406

Pressure
23.178388     0.07510958  

CM Mom
7.4498588e-17  1.4948909e-17 
2.6224574e-17  2.8616237e-17 
-1.3964407e-16 1.4294561e-17 
1.6357368e-16  1.5118805e-17 

CM Pos
7.4973502      0.0076245315  
7.4994288      0.012910578   
7.4980069      0.01474547    
12.987384      0.0094948266  

Stress
20.1749      0.0141844    0.0393248     0.132443     0.0594724    0.0999984   
0.0141844    20.1733      -0.00512841   0.0594724    0.0776479    0.0636327   
0.0393248    -0.00512841  20.0747       0.0999984    0.0636327    0.0849628   

Stress Spherical
0            0            0             0            0            0           
