Time = 1000
Temperature
   1.0813185    0.10819151

Pressure
   23.635168    0.57179094

CM Mom
1.2572451e-18  1.4282888e-17 
1.2382559e-17  4.6568213e-17 
-1.8904158e-16 2.5863094e-16 
2.413764e-16   2.1654474e-16 

CM Pos
7.5048346      0.020154292   
7.5047251      0.017785235   
7.4975182      0.017797632   
12.994503      0.012352569   

Stress
20.4355      0.0255332    -0.00439677   0.307116     0.0825211    0.0472748   
0.0255332    20.3562      0.0321691     0.0825211    0.246793     0.0743566   
-0.00439677  0.0321691    20.4059       0.0472748    0.0743566    0.234938    

Stress Spherical
0            0            0             0            0            0           
0            0            0             0            0            0           
0            0            0             0            0            0           

Inertia
150.136      -56.3043     -56.2891      1.19747      0.287303     0.0920078   
-56.3043     150.136      -56.2743      0.287303     1.25859      0.138706    
-56.2891     -56.2743     150.238       0.0920078    0.138706     1.59975     

Bond Length
0.61846466    0.0056149917

BB bond length
0.61846466    0.0056149917

Water EE distance
0             0           

PEG EE distance
6.7058746     0.13058781  

BBB P2(x)
0.47406413    0.064713011 

BBB first bond length
0.61822002    0.0057048121

BBB second bond length
0.61863224    0.0054367721

BBB <phi**2>/<phi>**2
1.2188654     0.014973785 

Time = 2000
Temperature
1.0093803     0.005547192 

Pressure
23.234448     0.069317739 

CM Mom
-7.3229376e-18 2.505596e-17  
3.6511223e-17  1.8100862e-17 
-3.4849736e-17 3.7258881e-17 
6.7674659e-17  1.910513e-17  

CM Pos
7.4944386      0.0060800464  
7.498042       0.011109864   
7.5018251      0.012160093   
12.987102      0.011124162   

Stress
20.1877      -0.0577669   -0.0100406    0.139717     0.0628389    0.0726571   
-0.0577669   20.2031      -0.00310811   0.0628389    0.0631815    0.0848016   
-0.0100406   -0.00310811  20.2505       0.0726571    0.0848016    0.0900853   

Stress Spherical
0            0            0             0            0            0           
0            0            0             0            0            0           
0            0            0             0            0            0           

Inertia
149.873      -56.2195     -56.2458      0.300247     0.110273     0.162622    
-56.2195     149.807      -56.2559      0.110273     0.314282     0.134115    
-56.2458     -56.2559     149.745       0.162622     0.134115     0.334102    

Bond Length
0.61779095    0.0027433866

BB bond length
0.61779095    0.0027433866

Water EE distance
0             0           

PEG EE distance
6.9494934     0.191446    

BBB P2(x)
0.51761767    0.013377709 

BBB first bond length
0.61805696    0.002838412 

BBB second bond length
0.61783414    0.0029716065

BBB <phi**2>/<phi>**2
1.2263        0.0074653366

