Time = 1000
Temperature
   1.0344569   0.044904696

Pressure
   23.525605    0.16787633

CM Mom
-1.6062265e-17 1.4831902e-17 
9.2982275e-17  2.8026836e-17 
4.2702573e-18  8.821143e-17  
1.2448949e-16  4.702178e-17  

CM Pos
7.4949757      0.020099962   
7.5034996      0.02884764    
7.498101       0.013630976   
12.988434      0.026479296   

Stress
20.4051      -0.0195318   -0.0134732    0.111064     0.0810189    0.0753442   
-0.0195318   20.4196      0.00806952    0.0810189    0.100198     0.0789773   
-0.0134732   0.00806952   20.4429       0.0753442    0.0789773    0.111828    

Stress Spherical
0            0            0             0            0            0           
0            0            0             0            0            0           
0            0            0             0            0            0           

Inertia
149.998      -56.2275     -56.184       0.347101     0.325948     0.248889    
-56.2275     149.837      -56.2306      0.325948     0.592491     0.224743    
-56.184      -56.2306     149.922       0.248889     0.224743     0.349326    

Bond Length
0.57040504    0.0049176555

BB bond length
0.57040504    0.0049176555

Water EE distance
0             0           

PEG EE distance
2.3216694     0.10251138  

Time = 2000
Temperature
1.0070075     0.0056258481

Pressure
23.403303     0.063274058 

CM Mom
-3.3176192e-17 9.0354747e-18 
9.0903074e-17  1.7071914e-17 
-1.1221214e-17 1.7055168e-17 
9.9354304e-17  1.6811761e-17 

CM Pos
7.5022357      0.017730696   
7.4983139      0.020521481   
7.5006197      0.0092159156  
12.991078      0.016030591   

Stress
20.4506      -0.0105967   0.0344809     0.113989     0.0693342    0.0529485   
-0.0105967   20.3983      0.000143962   0.0693342    0.0830524    0.0969214   
0.0344809    0.000143962  20.2987       0.0529485    0.0969214    0.0847209   

Stress Spherical
0            0            0             0            0            0           
0            0            0             0            0            0           
0            0            0             0            0            0           

Inertia
149.896      -56.2666     -56.2541      0.285511     0.230925     0.104047    
-56.2666     149.941      -56.2395      0.230925     0.233052     0.151509    
-56.2541     -56.2395     149.918       0.104047     0.151509     0.306882    

Bond Length
0.56858263    0.003963142 

BB bond length
0.56858263    0.003963142 

Water EE distance
0             0           

PEG EE distance
2.2967948     0.073732044 

Time = 3000
Temperature
1.010882      0.0084558682

Pressure
23.390595     0.08831776  

CM Mom
-2.1387475e-17 1.0144514e-17 
1.0101341e-16  1.9843027e-17 
-1.0527599e-17 1.8271699e-17 
1.0649575e-16  1.6159542e-17 

CM Pos
7.5004577      0.0080459348  
7.4954988      0.01527227    
7.5105467      0.015607105   
12.994158      0.0089169091  

Stress
20.3476      0.0313697    0.0459557     0.0908558    0.0499069    0.0498019   
0.0313697    20.3945      -0.0126391    0.0499069    0.123785     0.105656    
0.0459557    -0.0126391   20.3327       0.0498019    0.105656     0.0738527   

Stress Spherical
0            0            0             0            0            0           
0            0            0             0            0            0           
0            0            0             0            0            0           

Inertia
150.04       -56.231      -56.3451      0.206967     0.105412     0.137331    
-56.231      150.095      -56.251       0.105412     0.220622     0.158134    
-56.3451     -56.251      149.861       0.137331     0.158134     0.264273    

Bond Length
0.56954587    0.0031111253

BB bond length
0.56954587    0.0031111253

Water EE distance
0             0           

PEG EE distance
2.2468551     0.081956589 

