Time = 1000
Temperature
   1.0284053   0.038651405

Pressure
   23.641529    0.15588326

CM Mom
-1.1400101e-16 2.0093802e-17 
2.0424364e-17  2.3131327e-17 
2.2368406e-17  1.0763338e-16 
1.5118811e-16  5.983018e-17  

CM Pos
7.5004003      0.014990091   
7.5065453      0.018718419   
7.4991898      0.010330038   
12.993936      0.019234194   

Stress
20.5771      -0.00609956  -0.0264587    0.09353      0.0801197    0.0520847   
-0.00609956  20.5467      -0.0148873    0.0801197    0.0981076    0.0409166   
-0.0264587   -0.0148873   20.5461       0.0520847    0.0409166    0.116161    

Stress Spherical
0            0            0             0            0            0           
0            0            0             0            0            0           
0            0            0             0            0            0           

Inertia
150.107      -56.3197     -56.2426      0.533583     0.19776      0.140591    
-56.3197     149.994      -56.2787      0.19776      0.516876     0.22854     
-56.2426     -56.2787     150.085       0.140591     0.22854      0.545165    

Bond Length
0.62005514    0.002963694 

BB bond length
0.62005514    0.002963694 

Water EE distance
0             0           

PEG EE distance
4.0089061     0.16954125  

BBB P2(x)
0.48704693    0.047392835 

BBB first bond length
0.61988712    0.0032958056

BBB second bond length
0.62081335    0.0028577232

BBB <phi**2>/<phi>**2
1.221978      0.024513178 

Time = 2000
Temperature
1.0140746     0.0083740277

Pressure
23.604509     0.078234065 

CM Mom
-1.1643607e-16 1.9075085e-17 
2.9232181e-17  3.1644879e-17 
3.3948765e-17  2.373731e-17  
1.3090983e-16  1.8860794e-17 

CM Pos
7.4955109      0.016462079   
7.4930625      0.0076472666  
7.4944486      0.010188817   
12.980589      0.013451913   

Stress
20.5875      0.0182541    0.0265995     0.0969837    0.0655033    0.0810908   
0.0182541    20.5743      0.0365925     0.0655033    0.118742     0.0517975   
0.0265995    0.0365925    20.526        0.0810908    0.0517975    0.114041    

Stress Spherical
0            0            0             0            0            0           
0            0            0             0            0            0           
0            0            0             0            0            0           

Inertia
149.785      -56.1503     -56.1991      0.231541     0.155994     0.163711    
-56.1503     149.814      -56.1497      0.155994     0.335194     0.112458    
-56.1991     -56.1497     149.804       0.163711     0.112458     0.297331    

Bond Length
0.6210888     0.0027768554

BB bond length
0.6210888     0.0027768554

Water EE distance
0             0           

PEG EE distance
4.141243      0.096883855 

BBB P2(x)
0.51124566    0.017129354 

BBB first bond length
0.62167123    0.0029334575

BBB second bond length
0.62001264    0.0035079926

BBB <phi**2>/<phi>**2
1.2183817     0.0095383327

