Time = 500
Temperature
   1.0331718  0.0067723731

Pressure
   23.793689   0.021194842

CM Mom
-7.0986823e-17 2.1104288e-17 
6.4698881e-17  6.969116e-18  
9.4103442e-17  8.7835997e-17 
1.5421447e-16  5.0075464e-17 

CM Pos
24.993234      0.025987823   
24.998877      0.0033548122  
24.99648       0.0082225094  
43.29469       0.013480292   

Stress
20.6913      -0.00544703  0.000442511   0.00541013   0.0133135    0.00653874  
-0.00544703  20.6942      0.00631863    0.0133135    0.0117709    0.00771342  
0.000442511  0.00631863   20.6974       0.00653874   0.00771342   0.00932975  

Stress Spherical
0            0            0             0            0            0           
0            0            0             0            0            0           
0            0            0             0            0            0           

Inertia
1666.85      -624.74      -624.832      1.97149      0.622237     0.645746    
-624.74      1666.49      -624.938      0.622237     0.588076     0.309597    
-624.832     -624.938     1666.7        0.645746     0.309597     0.828427    

Bond Length
0.62749382    0.00092950052

BB bond length
0.62749382    0.00092950052

Water EE distance
0             0           

PEG EE distance
8.5129689     0.89861903  

BBB P2(x)
0.097773396   0.0098386319

BBB first bond length
0.62754042    0.00096322457

BBB second bond length
0.62749554    0.0010518848

BBB <phi**2>/<phi>**2
1.1245469     0.0020515417

Time = 1000
Temperature
1.0295015     0.0010026473

Pressure
23.780984     0.0079584742

CM Mom
-6.1022904e-17 3.7202109e-17 
5.4889806e-17  1.5829685e-17 
-8.9861544e-17 8.8034026e-17 
1.4978389e-16  4.1965888e-17 

CM Pos
25.009715      0.028134373   
24.999437      0.004935725   
25.000346      0.0090885005  
43.306763      0.011427158   

Stress
20.6989      -0.00760641  -0.00827835   0.00709107   0.00829486   0.0127797   
-0.00760641  20.691       -0.00180813   0.00829486   0.00881033   0.00446826  
-0.00827835  -0.00180813  20.6878       0.0127797    0.00446826   0.0125508   

Stress Spherical
0            0            0             0            0            0           
0            0            0             0            0            0           
0            0            0             0            0            0           

Inertia
1665.98      -625.211     -625.301      2.05967      0.717637     0.626853    
-625.211     1666.52      -625.021      0.717637     0.588228     0.207461    
-625.301     -625.021     1666.41       0.626853     0.207461     0.419928    

Bond Length
0.62688544    0.00070667815

BB bond length
0.62688544    0.00070667815

Water EE distance
0             0           

PEG EE distance
7.0279268     0.18449037  

BBB P2(x)
0.086000604   0.0039586632

BBB first bond length
0.62695112    0.00077526278

BBB second bond length
0.62701978    0.00067993402

BBB <phi**2>/<phi>**2
1.1202327     0.00095490154

Time = 1500
Temperature
1.0297489     0.0020092311

Pressure
23.777691     0.015268953 

CM Mom
-7.5896505e-17 6.3965929e-18 
7.620193e-17   6.9489858e-18 
-5.6480422e-17 1.6151217e-16 
1.8148857e-16  8.9411042e-17 

CM Pos
24.999528      0.025039793   
24.99589       0.0009652021  
25.005813      0.0070242471  
43.301988      0.011799735   

Stress
20.6858      0.00171001   0.00227682    0.0112951    0.0125119    0.00973205  
0.00171001   20.6927      0.00762037    0.0125119    0.013258     0.00723223  
0.00227682   0.00762037   20.6871       0.00973205   0.00723223   0.0174428   

Stress Spherical
0            0            0             0            0            0           
0            0            0             0            0            0           
0            0            0             0            0            0           

Inertia
1666.66      -624.816     -625.11       1.83563      0.648538     0.507184    
-624.816     1666.8       -625.024      0.648538     0.628167     0.165604    
-625.11      -625.024     1666.36       0.507184     0.165604     0.498971    

Bond Length
0.62773247    0.00082260349

BB bond length
0.62773247    0.00082260349

Water EE distance
0             0           

PEG EE distance
6.5708757     0.10894195  

BBB P2(x)
0.086036104   0.0043568258

BBB first bond length
0.62770396    0.00081202049

BBB second bond length
0.62787664    0.00076646657

BBB <phi**2>/<phi>**2
1.120801      0.0017764471

Time = 2000
Temperature
1.0299038     0.0011711252

Pressure
23.778981     0.011578419 

CM Mom
-8.6472798e-17 2.3806199e-17 
6.1480597e-17  1.390972e-17  
6.6526692e-17  8.9707428e-17 
1.4691167e-16  5.3924096e-17 

CM Pos
24.997581      0.018443555   
25.000557      0.0031833916  
25.000026      0.0070840298  
43.300214      0.0079554908  

Stress
20.6898      -0.0083444   0.00343369    0.0121529    0.0064922    0.00670627  
-0.0083444   20.6888      0.00143099    0.0064922    0.0159244    0.00836675  
0.00343369   0.00143099   20.6894       0.00670627   0.00836675   0.0072146   

Stress Spherical
0            0            0             0            0            0           
0            0            0             0            0            0           
0            0            0             0            0            0           

Inertia
1666.6       -624.935     -624.943      1.57019      0.473368     0.380607    
-624.935     1666.47      -625.006      0.473368     0.682448     0.188459    
-624.943     -625.006     1666.51       0.380607     0.188459     0.523497    

Bond Length
0.6273323     0.00048054564

BB bond length
0.6273323     0.00048054564

Water EE distance
0             0           

PEG EE distance
6.2933925     0.050161204 

BBB P2(x)
0.088739887   0.0036394692

BBB first bond length
0.6274194     0.00048720675

BBB second bond length
0.62735141    0.00025456577

BBB <phi**2>/<phi>**2
1.1233766     0.0032259179

Time = 2500
Temperature
1.0288486     0.00042699566

Pressure
23.774526     0.0065452771

CM Mom
-7.4754123e-17 1.4663911e-17 
6.8796801e-17  1.8348529e-17 
-4.7803796e-17 9.4146791e-17 
1.3537514e-16  6.0788741e-17 

CM Pos
25.007848      0.017687141   
25.000717      0.0056836237  
24.995173      0.0044474836  
43.303433      0.0062710494  

Stress
20.6834      0.00288111   -0.000756395  0.0155723    0.00523721   0.00864591  
0.00288111   20.6921      -0.00142782   0.00523721   0.00858277   0.00288073  
-0.000756395 -0.00142782  20.6888       0.00864591   0.00288073   0.00829368  

Stress Spherical
0            0            0             0            0            0           
0            0            0             0            0            0           
0            0            0             0            0            0           

Inertia
1665.9       -625.244     -625.091      1.50945      0.295853     0.326355    
-625.244     1666.27      -624.925      0.295853     0.433387     0.234815    
-625.091     -624.925     1666.52       0.326355     0.234815     0.578134    

Bond Length
0.62797333    0.0011893144

BB bond length
0.62797333    0.0011893144

Water EE distance
0             0           

PEG EE distance
6.2095249     0.051733872 

BBB P2(x)
0.07838092    0.0024563555

BBB first bond length
0.62800132    0.0012095392

BBB second bond length
0.62819652    0.0011209477

BBB <phi**2>/<phi>**2
1.1168818     0.0031199   

Time = 3000
Temperature
1.0295302     0.0012392541

Pressure
23.775159     0.0056800822

CM Mom
-7.4305549e-17 1.9013647e-17 
6.8665421e-17  1.1213317e-17 
7.1931476e-17  3.5378592e-17 
1.2882992e-16  2.3497774e-17 

CM Pos
24.996861      0.022393414   
25.003543      0.0050263854  
25.003627      0.0061685611  
43.303603      0.011992492   

Stress
20.685       -0.00276001  -0.00189746   0.013101     0.0046013    0.00571295  
-0.00276001  20.6875      8.7176e-05    0.0046013    0.0153981    0.00429181  
-0.00189746  8.7176e-05   20.6875       0.00571295   0.00429181   0.00852799  

Stress Spherical
0            0            0             0            0            0           
0            0            0             0            0            0           
0            0            0             0            0            0           

Inertia
1667.12      -624.991     -624.937      1.28         0.563467     0.622805    
-624.991     1666.69      -625.2        0.563467     0.608191     0.302835    
-624.937     -625.2       1666.76       0.622805     0.302835     0.464688    

Bond Length
0.62700682    0.00062717019

BB bond length
0.62700682    0.00062717019

Water EE distance
0             0           

PEG EE distance
6.3017977     0.030198395 

BBB P2(x)
0.085043666   0.0044523739

BBB first bond length
0.62715955    0.00059332185

BBB second bond length
0.62708853    0.00074861189

BBB <phi**2>/<phi>**2
1.1198677     0.0026498408

Time = 3500
Temperature
1.0297362     0.0010023727

Pressure
23.774465     0.0079926546

CM Mom
-6.7021779e-17 1.0750893e-17 
5.7490609e-17  9.2443621e-18 
3.5070181e-17  2.8990458e-17 
9.9365686e-17  1.3962581e-17 

CM Pos
25.002941      0.02112273    
25.00485       0.003018735   
24.99576       0.0033748903  
43.303325      0.011680872   

Stress
20.689       -0.00484224  -0.00350565   0.0136118    0.00297121   0.013688    
-0.00484224  20.6805      -0.00111758   0.00297121   0.0126717    0.00906005  
-0.00350565  -0.00111758  20.6866       0.013688     0.00906005   0.00954859  

Stress Spherical
0            0            0             0            0            0           
0            0            0             0            0            0           
0            0            0             0            0            0           

Inertia
1666.35      -625.226     -624.99       1.08507      0.565333     0.508133    
-625.226     1666.27      -624.998      0.565333     0.479222     0.147248    
-624.99      -624.998     1666.72       0.508133     0.147248     0.421295    

Bond Length
0.62755949    0.0010090297

BB bond length
0.62755949    0.0010090297

Water EE distance
0             0           

PEG EE distance
6.2470847     0.078708907 

BBB P2(x)
0.080727621   0.0055777792

BBB first bond length
0.62754466    0.0010520404

BBB second bond length
0.62772194    0.00100208  

BBB <phi**2>/<phi>**2
1.1197761     0.0009055765

Time = 4000
Temperature
1.0296069     0.0011367386

Pressure
23.781058     0.0093365174

CM Mom
-8.9484234e-17 1.6144923e-17 
6.3202786e-17  3.1334766e-18 
2.0310034e-17  5.7639267e-17 
1.2460412e-16  2.1933815e-17 

CM Pos
25.009128      0.018853578   
24.996503      0.0062578391  
24.999253      0.0046880256  
43.304095      0.0069589679  

Stress
20.6916      -0.0027298   -0.0029118    0.012889     0.00966524   0.00712326  
-0.0027298   20.6848      -0.00496203   0.00966524   0.0117808    0.00559484  
-0.0029118   -0.00496203  20.7006       0.00712326   0.00559484   0.0120025   

Stress Spherical
0            0            0             0            0            0           
0            0            0             0            0            0           
0            0            0             0            0            0           

Inertia
1666.17      -625.13      -625.232      1.16359      0.368792     0.357511    
-625.13      1666.8       -624.837      0.368792     0.322851     0.132227    
-625.232     -624.837     1666.69       0.357511     0.132227     0.187334    

Bond Length
0.62775272    0.00097430842

BB bond length
0.62775272    0.00097430842

Water EE distance
0             0           

PEG EE distance
6.3158819     0.060084398 

BBB P2(x)
0.083184806   0.0057317747

BBB first bond length
0.62764924    0.0009360765

BBB second bond length
0.62783224    0.0011046599

BBB <phi**2>/<phi>**2
1.1208735     0.0020970979

Time = 4500
Temperature
1.0284369     0.0014189389

Pressure
23.783132     0.0064954978

CM Mom
-8.3935369e-17 7.2287444e-18 
5.8196408e-17  6.7316658e-18 
-5.1179663e-17 4.061194e-17  
1.2005869e-16  1.9599415e-17 

CM Pos
24.997741      0.013341918   
25.001437      0.0054473591  
25.003733      0.0060250893  
43.302954      0.0046983848  

Stress
20.6999      0.0044754    -0.00545633   0.0109769    0.0118851    0.0100432   
0.0044754    20.6964      0.00685528    0.0118851    0.0078948    0.00449895  
-0.00545633  0.00685528   20.6975       0.0100432    0.00449895   0.00758469  

Stress Spherical
0            0            0             0            0            0           
0            0            0             0            0            0           
0            0            0             0            0            0           

Inertia
1666.82      -624.944     -624.994      0.940353     0.228113     0.300421    
-624.944     1666.62      -625.136      0.228113     0.506658     0.218792    
-624.994     -625.136     1666.55       0.300421     0.218792     0.27386     

Bond Length
0.62699956    0.00090810141

BB bond length
0.62699956    0.00090810141

Water EE distance
0             0           

PEG EE distance
6.2473207     0.066431158 

BBB P2(x)
0.076254384   0.0045027816

BBB first bond length
0.6271609     0.0011718966

BBB second bond length
0.62711536    0.00091608712

BBB <phi**2>/<phi>**2
1.1175493     0.0014003894

Time = 5000
Temperature
1.0282045     0.0018237617

Pressure
23.770655     0.017888312 

CM Mom
-7.0712397e-17 5.1312188e-18 
5.8740094e-17  1.1069306e-17 
3.7622665e-17  6.610264e-17  
1.1639023e-16  2.8945431e-17 

CM Pos
25.003155      0.011508325   
24.99421       0.0032339247  
25.003227      0.011307028   
43.301614      0.0077354916  

Stress
20.693       -0.000395701 0.00167496    0.0191761    0.00827483   0.0045473   
-0.000395701 20.683       -0.00411965   0.00827483   0.0136739    0.00715301  
0.00167496   -0.00411965  20.6825       0.0045473    0.00715301   0.0127055   

Stress Spherical
0            0            0             0            0            0           
0            0            0             0            0            0           
0            0            0             0            0            0           

Inertia
1666.16      -624.951     -625.146      0.94398      0.25438      0.389296    
-624.951     1666.62      -624.982      0.25438      0.712475     0.282451    
-625.146     -624.982     1666.15       0.389296     0.282451     0.259692    

Bond Length
0.62773897    0.0011707971

BB bond length
0.62773897    0.0011707971

Water EE distance
0             0           

PEG EE distance
6.4570328     0.049493946 

BBB P2(x)
0.082133375   0.0049253246

BBB first bond length
0.62780572    0.0011475907

BBB second bond length
0.62809482    0.0010840452

BBB <phi**2>/<phi>**2
1.1196103     0.0013617048

Time = 5500
Temperature
1.0279709     0.0010365668

Pressure
23.766348     0.0055320544

CM Mom
-7.7173287e-17 2.3552823e-17 
6.1145269e-17  6.4456474e-18 
-7.0293874e-18 4.6450829e-17 
1.084881e-16   2.6984556e-17 

CM Pos
25.000781      0.012686174   
24.99725       0.0057216592  
25.000987      0.0082563434  
43.300706      0.0056131387  

Stress
20.6808      0.0051247    0.000136408   0.00610825   0.00356917   0.00435602  
0.0051247    20.6833      -0.0010314    0.00356917   0.00981005   0.00891792  
0.000136408  -0.0010314   20.6835       0.00435602   0.00891792   0.00951377  

Stress Spherical
0            0            0             0            0            0           
0            0            0             0            0            0           
0            0            0             0            0            0           

Inertia
1666.46      -624.854     -625.029      0.867222     0.355506     0.387809    
-624.854     1666.61      -624.995      0.355506     0.476252     0.143903    
-625.029     -624.995     1666.46       0.387809     0.143903     0.261643    

Bond Length
0.62794308    0.00064699904

BB bond length
0.62794308    0.00064699904

Water EE distance
0             0           

PEG EE distance
6.4476212     0.050081203 

BBB P2(x)
0.087565754   0.0027418715

BBB first bond length
0.62794368    0.00059499466

BBB second bond length
0.62789037    0.0007638247

BBB <phi**2>/<phi>**2
1.1213794     0.0014915576

Time = 6000
Temperature
1.0292901     0.00096556208

Pressure
23.77877      0.017058941 

CM Mom
-7.473362e-17  6.6366036e-18 
5.8553171e-17  8.2087546e-18 
1.8843338e-17  3.1999052e-17 
1.0197992e-16  1.0204071e-17 

CM Pos
25.002088      0.009575608   
25.000237      0.0052002348  
24.996426      0.0065085141  
43.300551      0.0017441409  

Stress
20.6874      -0.00970122  0.00521559    0.0209785    0.00374825   0.00636229  
-0.00970122  20.6908      -0.00222522   0.00374825   0.0167175    0.00667767  
0.00521559   -0.00222522  20.6948       0.00636229   0.00667767   0.0155127   

Stress Spherical
0            0            0             0            0            0           
0            0            0             0            0            0           
0            0            0             0            0            0           

Inertia
1666.28      -625.077     -624.96       0.902127     0.269264     0.254377    
-625.077     1666.36      -624.902      0.269264     0.380847     0.240443    
-624.96      -624.902     1666.55       0.254377     0.240443     0.287027    

Bond Length
0.62748981    0.00094808307

BB bond length
0.62748981    0.00094808307

Water EE distance
0             0           

PEG EE distance
6.4731969     0.088005295 

BBB P2(x)
0.084106804   0.0030715669

BBB first bond length
0.62763134    0.00097351413

BBB second bond length
0.6276027     0.0009944787

BBB <phi**2>/<phi>**2
1.1191425     0.0018790013

Time = 6500
Temperature
1.0283421     0.00051683326

Pressure
23.764422     0.012711645 

CM Mom
-8.945519e-17  1.0838761e-17 
7.4299864e-17  8.1006175e-18 
7.6077285e-18  1.7222119e-17 
1.1829012e-16  8.229529e-18  

CM Pos
25.007501      0.006033228   
24.99717       0.0068741191  
25.005013      0.0041766819  
43.306863      0.00069387557 

Stress
20.6836      -0.00464103  -0.00336858   0.0156939    0.00255336   0.00978985  
-0.00464103  20.674       -0.000231615  0.00255336   0.0124888    0.00694099  
-0.00336858  -0.000231615 20.6809       0.00978985   0.00694099   0.0130844   

Stress Spherical
0            0            0             0            0            0           
0            0            0             0            0            0           
0            0            0             0            0            0           

Inertia
1666.48      -625.029     -625.266      0.616887     0.133171     0.236906    
-625.029     1667.01      -625.054      0.133171     0.164527     0.16202     
-625.266     -625.054     1666.63       0.236906     0.16202      0.584343    

Bond Length
0.62699989    0.00072340909

BB bond length
0.62699989    0.00072340909

Water EE distance
0             0           

PEG EE distance
6.3534536     0.12226589  

BBB P2(x)
0.082823862   0.0012633102

BBB first bond length
0.62699769    0.00068489561

BBB second bond length
0.62704153    0.00070853096

BBB <phi**2>/<phi>**2
1.1196791     0.0016207341

Time = 7000
Temperature
1.0297031     0.0018594492

Pressure
23.776986     0.01285139  

CM Mom
-7.6799915e-17 7.2118198e-18 
6.2200829e-17  1.4042024e-17 
1.1320984e-17  1.3530455e-17 
1.0114974e-16  9.8145823e-18 

CM Pos
24.997901      0.0081142914  
25.000023      0.0042534485  
24.998826      0.0051126581  
43.299395      0.0073486954  

Stress
20.6842      -0.00596214  -0.00443896   0.0129201    0.00612147   0.00671227  
-0.00596214  20.6968      -0.00424745   0.00612147   0.00915915   0.00531903  
-0.00443896  -0.00424745  20.6829       0.00671227   0.00531903   0.0150152   

Stress Spherical
0            0            0             0            0            0           
0            0            0             0            0            0           
0            0            0             0            0            0           

Inertia
1666.49      -624.911     -624.929      0.202468     0.193536     0.30545     
-624.911     1666.38      -624.982      0.193536     0.416376     0.248096    
-624.929     -624.982     1666.5        0.30545      0.248096     0.222251    

Bond Length
0.62686092    0.0015548999

BB bond length
0.62686092    0.0015548999

Water EE distance
0             0           

PEG EE distance
6.2909259     0.11332595  

BBB P2(x)
0.078688505   0.0046268136

BBB first bond length
0.62691684    0.0016386519

BBB second bond length
0.62692558    0.0015859429

BBB <phi**2>/<phi>**2
1.118064      0.0025502394

Time = 7500
Temperature
1.028305      0.0010416805

Pressure
23.776113     0.0065856948

CM Mom
-9.0516745e-17 3.3999325e-17 
6.0988471e-17  1.2885827e-17 
2.5673367e-17  3.0646974e-17 
1.1718792e-16  3.3169628e-17 

CM Pos
25.002968      0.0064109739  
24.997863      0.0062560206  
25.002427      0.0076264445  
43.303152      0.0058165314  

Stress
20.6948      -0.00121061  -0.00179643   0.0053538    0.0108721    0.00294355  
-0.00121061  20.6965      0.0052927     0.0108721    0.00977487   0.0116782   
-0.00179643  0.0052927    20.6826       0.00294355   0.0116782    0.0139799   

Stress Spherical
0            0            0             0            0            0           
0            0            0             0            0            0           
0            0            0             0            0            0           

Inertia
1666.42      -625.006     -625.206      0.0989481    0.191714     0.29302     
-625.006     1666.68      -624.987      0.191714     0.462226     0.21094     
-625.206     -624.987     1666.4        0.29302      0.21094      0.272545    

Bond Length
0.62708444    0.00069635713

BB bond length
0.62708444    0.00069635713

Water EE distance
0             0           

PEG EE distance
6.1875478     0.14577227  

BBB P2(x)
0.083819302   0.0047245963

BBB first bond length
0.62713731    0.0007016064

BBB second bond length
0.62711161    0.00080450028

BBB <phi**2>/<phi>**2
1.1210277     0.0018577626

Time = 8000
Temperature
1.0282306     0.0019490831

Pressure
23.77813      0.012812476 

CM Mom
-8.8696469e-17 1.8207369e-17 
8.1364573e-17  2.0581043e-17 
9.9669243e-18  3.0361234e-17 
1.2537506e-16  2.3336281e-17 

CM Pos
25.000301      0.0084403438  
24.999917      0.0043308249  
25.001093      0.0042905711  
43.302028      0.0050986936  

Stress
20.7007      0.00170567   -0.00156018   0.0203236    0.00564617   0.00565543  
0.00170567   20.6926      0.00319742    0.00564617   0.0130493    0.00681222  
-0.00156018  0.00319742   20.6873       0.00565543   0.00681222   0.013081    

Stress Spherical
0            0            0             0            0            0           
0            0            0             0            0            0           
0            0            0             0            0            0           

Inertia
1666.55      -625.007     -625.044      0.22018      0.293999     0.182826    
-625.007     1666.54      -625.029      0.293999     0.184755     0.20577     
-625.044     -625.029     1666.53       0.182826     0.20577      0.413825    

Bond Length
0.62683236    0.00098804971

BB bond length
0.62683236    0.00098804971

Water EE distance
0             0           

PEG EE distance
6.1459625     0.069673664 

BBB P2(x)
0.087493899   0.0052551223

BBB first bond length
0.62708711    0.00098574979

BBB second bond length
0.62707073    0.00093401103

BBB <phi**2>/<phi>**2
1.1216331     0.0037408656

Time = 8500
Temperature
1.0287876     0.00087815122

Pressure
23.771086     0.0095454771

CM Mom
-9.2885533e-17 8.9132647e-18 
6.3343211e-17  2.1917485e-17 
2.8439554e-17  1.5310368e-17 
1.1879969e-16  1.1391025e-17 

CM Pos
24.998754      0.0082472944  
25.000477      0.0037387825  
25.000293      0.0042203825  
43.300996      0.0050708055  

Stress
20.6843      -0.00643814  -0.00593379   0.0174898    0.00507724   0.00792582  
-0.00643814  20.6933      0.00360679    0.00507724   0.00998274   0.00726437  
-0.00593379  0.00360679   20.6768       0.00792582   0.00726437   0.0118712   

Stress Spherical
0            0            0             0            0            0           
0            0            0             0            0            0           
0            0            0             0            0            0           

Inertia
1666.58      -624.955     -624.905      0.275706     0.368076     0.180576    
-624.955     1666.48      -625.017      0.368076     0.131391     0.0994022   
-624.905     -625.017     1666.45       0.180576     0.0994022    0.352463    

Bond Length
0.62761051    0.0012749142

BB bond length
0.62761051    0.0012749142

Water EE distance
0             0           

PEG EE distance
6.1709836     0.087740092 

BBB P2(x)
0.08142258    0.003380238 

BBB first bond length
0.62771731    0.0013755394

BBB second bond length
0.62773558    0.0013225777

BBB <phi**2>/<phi>**2
1.1185153     0.00188101  

Time = 9000
Temperature
1.0283925     0.0010120991

Pressure
23.766287     0.0078662858

CM Mom
-9.5000531e-17 2.5115715e-17 
6.5491695e-17  3.36803e-17   
2.3870885e-17  8.4838515e-18 
1.2245042e-16  2.6965069e-17 

CM Pos
25.002568      0.0057235233  
24.997703      0.0069035406  
24.99624       0.0027834044  
43.299257      0.0055000182  

Stress
20.6783      -0.00322153  -0.000908836  0.0168695    0.0105188    0.00746995  
-0.00322153  20.6776      -0.00607747   0.0105188    0.00921918   0.0122693   
-0.000908836 -0.00607747  20.6877       0.00746995   0.0122693    0.0100191   

Stress Spherical
0            0            0             0            0            0           
0            0            0             0            0            0           
0            0            0             0            0            0           

Inertia
1666.15      -624.97      -624.958      0.30317      0.309171     0.225324    
-624.97      1666.4       -624.83       0.309171     0.128654     0.184316    
-624.958     -624.83      1666.48       0.225324     0.184316     0.410668    

Bond Length
0.62703397    0.00083458712

BB bond length
0.62703397    0.00083458712

Water EE distance
0             0           

PEG EE distance
6.0121872     0.064240052 

BBB P2(x)
0.078421408   0.0063084754

BBB first bond length
0.62708496    0.00088160805

BBB second bond length
0.62716192    0.00085742423

BBB <phi**2>/<phi>**2
1.1179408     0.0020203267

Time = 9500
Temperature
1.0279588     0.0010056751

Pressure
23.774206     0.012686463 

CM Mom
-9.9702758e-17 1.4495757e-17 
5.0878871e-17  8.3601741e-18 
1.8797121e-17  1.2765397e-17 
1.1437767e-16  1.5599794e-17 

CM Pos
24.998754      0.0048159799  
24.99797       0.0032184946  
25.002053      0.0040376422  
43.300565      0.0047615574  

Stress
20.6897      0.00302661   0.00580866    0.00996824   0.0054843    0.00518665  
0.00302661   20.6942      -0.00135714   0.0054843    0.0119125    0.00926864  
0.00580866   -0.00135714  20.6874       0.00518665   0.00926864   0.0208482   

Stress Spherical
0            0            0             0            0            0           
0            0            0             0            0            0           
0            0            0             0            0            0           

Inertia
1666.56      -624.902     -625.012      0.379661     0.0971912    0.19041     
-624.902     1666.58      -624.976      0.0971912    0.234593     0.319959    
-625.012     -624.976     1666.39       0.19041      0.319959     0.195473    

Bond Length
0.62791403    0.00064150139

BB bond length
0.62791403    0.00064150139

Water EE distance
0             0           

PEG EE distance
5.9760165     0.042855278 

BBB P2(x)
0.079799118   0.0058596431

BBB first bond length
0.62784141    0.00058721283

BBB second bond length
0.62806669    0.00085700709

BBB <phi**2>/<phi>**2
1.1178489     0.0028481903

Time = 10000
Temperature
1.0277681     0.0018793907

Pressure
23.769519     0.0028401457

CM Mom
-9.591309e-17  1.4259691e-17 
6.3477789e-17  1.5005788e-17 
1.8382758e-17  2.3079263e-18 
1.1704335e-16  1.7359993e-17 

CM Pos
25.000968      0.0046766345  
24.999197      0.0049139202  
25.002907      0.0057834713  
43.303044      0.0028059957  

Stress
20.677       -0.00967079  -0.00123269   0.00857483   0.0080536    0.00563935  
-0.00967079  20.6874      -0.00526847   0.0080536    0.00728091   0.0103036   
-0.00123269  -0.00526847  20.6946       0.00563935   0.0103036    0.0107293   

Stress Spherical
0            0            0             0            0            0           
0            0            0             0            0            0           
0            0            0             0            0            0           

Inertia
1666.59      -624.901     -625.05       0.308253     0.151367     0.0794077   
-624.901     1666.67      -625.049      0.151367     0.175797     0.173123    
-625.05      -625.049     1666.49       0.0794077    0.173123     0.517711    

Bond Length
0.62807013    0.00062692374

BB bond length
0.62807013    0.00062692374

Water EE distance
0             0           

PEG EE distance
6.0937698     0.094684923 

BBB P2(x)
0.080362904   0.0049701479

BBB first bond length
0.62816928    0.0006743641

BBB second bond length
0.62804517    0.00047727062

BBB <phi**2>/<phi>**2
1.1200325     0.0023600392

