Time = 1000
Temperature
   1.0445737   0.059148161

Pressure
   23.703303    0.28278415

CM Mom
-1.3511453e-16 1.5193923e-17 
5.4803549e-18  1.7236865e-17 
-2.2030851e-17 1.5712958e-16 
1.9764398e-16  7.0184439e-17 

CM Pos
7.4992938      0.021532435   
7.4955402      0.019044568   
7.5028952      0.01828357    
12.989104      0.017096472   

Stress
20.5846      0.0224101    -0.008589     0.171592     0.0626267    0.0485074   
0.0224101    20.5786      0.00180018    0.0626267    0.174264     0.0824602   
-0.008589    0.00180018   20.5502       0.0485074    0.0824602    0.18094     

Stress Spherical
0            0            0             0            0            0           
0            0            0             0            0            0           
0            0            0             0            0            0           

Inertia
149.999      -56.1641     -56.2527      0.467994     0.164062     0.223137    
-56.1641     150.09       -56.2397      0.164062     0.906977     0.227897    
-56.2527     -56.2397     149.961       0.223137     0.227897     0.710407    

Bond Length
0.61847483    0.0057906361

BB bond length
0.61847483    0.0057906361

Water EE distance
0             0           

PEG EE distance
7.2719455     0.26363002  

BBB P2(x)
0.48161744    0.057408883 

BBB first bond length
0.6185833     0.0059810972

BBB second bond length
0.61857569    0.0059314144

BBB <phi**2>/<phi>**2
1.2260554     0.017810234 

Time = 2000
Temperature
1.0142482     0.0087257316

Pressure
23.518125     0.10876036  

CM Mom
-1.4008982e-16 1.5714447e-17 
3.0804849e-17  2.1015257e-17 
1.3603523e-17  2.6283806e-17 
1.4807157e-16  1.4607778e-17 

CM Pos
7.4951436      0.012538509   
7.5057675      0.015098219   
7.5025988      0.016824265   
12.992426      0.015374418   

Stress
20.4936      0.00162734   -0.0028019    0.127604     0.0398748    0.0436411   
0.00162734   20.4436      -0.0642835    0.0398748    0.199714     0.0383742   
-0.0028019   -0.0642835   20.4935       0.0436411    0.0383742    0.101987    

Stress Spherical
0            0            0             0            0            0           
0            0            0             0            0            0           
0            0            0             0            0            0           

Inertia
150.04       -56.2516     -56.2298      0.337276     0.11705      0.167841    
-56.2516     149.893      -56.3325      0.11705      0.416435     0.198987    
-56.2298     -56.3325     149.941       0.167841     0.198987     0.277086    

Bond Length
0.61890763    0.0027776891

BB bond length
0.61890763    0.0027776891

Water EE distance
0             0           

PEG EE distance
7.3512032     0.2221349   

BBB P2(x)
0.51499087    0.018910203 

BBB first bond length
0.61889958    0.0030506393

BBB second bond length
0.61924161    0.0028108762

BBB <phi**2>/<phi>**2
1.2255479     0.0099636513

Time = 3000
Temperature
1.0084808     0.0079259375

Pressure
23.47549      0.11852978  

CM Mom
-1.0645347e-16 1.3545208e-17 
1.1983168e-17  1.3788839e-17 
-1.6993433e-18 1.0439668e-17 
1.08451e-16    1.4134947e-17 

CM Pos
7.5029994      0.012212755   
7.4925758      0.01162286    
7.5003754      0.017150817   
12.988063      0.010805279   

Stress
20.4829      -0.061286    -0.0366922    0.148843     0.0545902    0.0594959   
-0.061286    20.4425      0.00486768    0.0545902    0.134871     0.050629    
-0.0366922   0.00486768   20.4291       0.0594959    0.050629     0.136826    

Stress Spherical
0            0            0             0            0            0           
0            0            0             0            0            0           
0            0            0             0            0            0           

Inertia
149.854      -56.2387     -56.3056      0.356138     0.0926436    0.151614    
-56.2387     150.011      -56.2037      0.0926436    0.313804     0.184267    
-56.3056     -56.2037     149.907       0.151614     0.184267     0.16988     

Bond Length
0.62119588    0.003590207 

BB bond length
0.62119588    0.003590207 

Water EE distance
0             0           

PEG EE distance
7.130526      0.17427934  

BBB P2(x)
0.51729829    0.014107105 

BBB first bond length
0.62089621    0.0036582392

BBB second bond length
0.62114373    0.0035486734

BBB <phi**2>/<phi>**2
1.2281498     0.0061947118

Time = 4000
Temperature
1.0114734     0.0078245291

Pressure
23.488601     0.11073905  

CM Mom
-1.0397631e-16 4.0602978e-17 
-6.9394424e-18 1.5979915e-17 
1.1605231e-17  1.5092986e-17 
1.0752698e-16  3.9542588e-17 

CM Pos
7.504778       0.01607433    
7.4990975      0.011539391   
7.5017094      0.011500295   
12.993617      0.015229065   

Stress
20.4634      0.033294     0.00419167    0.118631     0.0645337    0.0619543   
0.033294     20.4293      -0.0190099    0.0645337    0.141111     0.0559021   
0.00419167   -0.0190099   20.4743       0.0619543    0.0559021    0.121297    

Stress Spherical
0            0            0             0            0            0           
0            0            0             0            0            0           
0            0            0             0            0            0           

Inertia
149.982      -56.2832     -56.2967      0.23146      0.209623     0.202985    
-56.2832     150.048      -56.234       0.209623     0.417826     0.155799    
-56.2967     -56.234      150.054       0.202985     0.155799     0.282621    

Bond Length
0.6206114     0.0023883035

BB bond length
0.6206114     0.0023883035

Water EE distance
0             0           

PEG EE distance
7.6084119     0.38355597  

BBB P2(x)
0.52928126    0.014440887 

BBB first bond length
0.62083853    0.0027813408

BBB second bond length
0.62043278    0.0019068077

BBB <phi**2>/<phi>**2
1.2300716     0.011638942 

Time = 5000
Temperature
1.0114018     0.0040103464

Pressure
23.457275     0.055305216 

CM Mom
-6.0411711e-17 1.6144958e-17 
1.3062125e-17  2.1688359e-17 
-3.7678468e-18 4.1067079e-17 
7.6118068e-17  2.1400465e-17 

CM Pos
7.5019618      0.018774444   
7.4928722      0.01673589    
7.5017094      0.01062655    
12.9884        0.020663518   

Stress
20.401       -0.00595154  0.0560532     0.0953368    0.046346     0.0711992   
-0.00595154  20.444       0.0192756     0.046346     0.108615     0.0478189   
0.0560532    0.0192756    20.4287       0.0711992    0.0478189    0.100835    

Stress Spherical
0            0            0             0            0            0           
0            0            0             0            0            0           
0            0            0             0            0            0           

Inertia
149.882      -56.1969     -56.3084      0.332306     0.191146     0.233304    
-56.1969     150.027      -56.1736      0.191146     0.395726     0.18815     
-56.3084     -56.1736     149.91        0.233304     0.18815      0.446305    

Bond Length
0.62031661    0.0017347957

BB bond length
0.62031661    0.0017347957

Water EE distance
0             0           

PEG EE distance
7.8905408     0.16673522  

BBB P2(x)
0.51515686    0.012748041 

BBB first bond length
0.62042385    0.0021339357

BBB second bond length
0.62031845    0.0019114878

BBB <phi**2>/<phi>**2
1.2252233     0.010266465 

Time = 6000
Temperature
1.0087108     0.0068911114

Pressure
23.485641     0.094578272 

CM Mom
-5.7732557e-17 2.4324072e-17 
1.2247148e-17  2.4437101e-17 
-1.1188898e-17 1.0710723e-17 
6.5865262e-17  2.3948934e-17 

CM Pos
7.5093729      0.011446681   
7.5007279      0.013110678   
7.5068972      0.0087751542  
13.000205      0.012924764   

Stress
20.3961      0.00342716   -0.000917025  0.104034     0.0797775    0.0836053   
0.00342716   20.5131      0.0253038     0.0797775    0.157877     0.0817838   
-0.000917025 0.0253038    20.4739       0.0836053    0.0817838    0.169334    

Stress Spherical
0            0            0             0            0            0           
0            0            0             0            0            0           
0            0            0             0            0            0           

Inertia
150.078      -56.3263     -56.33        0.286294     0.18708      0.136651    
-56.3263     150.217      -56.2817      0.18708      0.20904      0.182432    
-56.33       -56.2817     150.15        0.136651     0.182432     0.314521    

Bond Length
0.62145642    0.0029202643

BB bond length
0.62145642    0.0029202643

Water EE distance
0             0           

PEG EE distance
7.1944739     0.37530145  

BBB P2(x)
0.52098829    0.017465586 

BBB first bond length
0.62174135    0.0030176229

BBB second bond length
0.62123621    0.00292107  

BBB <phi**2>/<phi>**2
1.2314361     0.0097801433

Time = 7000
Temperature
1.0118673     0.0071369479

Pressure
23.47474      0.079068362 

CM Mom
-4.8393917e-17 1.0239228e-17 
-1.1340018e-17 6.2499411e-18 
-8.5325083e-18 3.1610479e-17 
5.8194929e-17  1.7316093e-17 

CM Pos
7.5019618      0.010035362   
7.5032477      0.016391029   
7.5018577      0.0088549073  
12.994468      0.016242652   

Stress
20.4414      0.0256554    0.00127456    0.110451     0.0600432    0.0553879   
0.0256554    20.471       0.012536      0.0600432    0.0918123    0.0852495   
0.00127456   0.012536     20.4094       0.0553879    0.0852495    0.105204    

Stress Spherical
0            0            0             0            0            0           
0            0            0             0            0            0           
0            0            0             0            0            0           

Inertia
150.047      -56.2817     -56.2568      0.345126     0.126688     0.174025    
-56.2817     150.032      -56.3181      0.126688     0.249573     0.166255    
-56.2568     -56.3181     150.062       0.174025     0.166255     0.389298    

Bond Length
0.61916958    0.0033975644

BB bond length
0.61916958    0.0033975644

Water EE distance
0             0           

PEG EE distance
7.5120692     0.19546422  

BBB P2(x)
0.5224319     0.010921871 

BBB first bond length
0.61912292    0.0032431489

BBB second bond length
0.61916728    0.0031540794

BBB <phi**2>/<phi>**2
1.2209109     0.017588034 

Time = 8000
Temperature
1.0111526     0.0063593833

Pressure
23.510208     0.079645386 

CM Mom
-2.2771914e-17 1.9496833e-17 
-3.3521714e-17 2.3300366e-17 
-1.1561349e-17 1.9467623e-17 
5.2343587e-17  1.8387522e-17 

CM Pos
7.5044816      0.018963645   
7.5106588      0.0054439825  
7.5103063      0.010413538   
13.005085      0.014076325   

Stress
20.5007      -0.0188274   0.0245081     0.117782     0.0513285    0.0635614   
-0.0188274   20.4662      -0.0222358    0.0513285    0.146538     0.0935194   
0.0245081    -0.0222358   20.4678       0.0635614    0.0935194    0.0627844   

Stress Spherical
0            0            0             0            0            0           
0            0            0             0            0            0           
0            0            0             0            0            0           

Inertia
150.309      -56.3673     -56.3595      0.175314     0.168857     0.171809    
-56.3673     150.214      -56.4264      0.168857     0.336828     0.108994    
-56.3595     -56.4264     150.227       0.171809     0.108994     0.334645    

Bond Length
0.61974155    0.0023123227

BB bond length
0.61974155    0.0023123227

Water EE distance
0             0           

PEG EE distance
7.771728      0.15919622  

BBB P2(x)
0.51570518    0.016581159 

BBB first bond length
0.61952213    0.0024573511

BBB second bond length
0.62027383    0.002356216 

BBB <phi**2>/<phi>**2
1.2264028     0.0081758096

Time = 9000
Temperature
1.0112        0.0082855672

Pressure
23.484229     0.05743985  

CM Mom
-1.4192644e-17 1.9284992e-17 
-2.5688032e-17 3.0500636e-17 
-2.6712822e-17 1.3203232e-17 
5.0108061e-17  2.3250554e-17 

CM Pos
7.5018136      0.012419675   
7.4952437      0.014417145   
7.502747       0.024891038   
12.990288      0.022419851   

Stress
20.4831      0.0297278    -0.00136169   0.0620178    0.0769675    0.0717492   
0.0297278    20.4165      -0.0423704    0.0769675    0.110297     0.072461    
-0.00136169  -0.0423704   20.4567       0.0717492    0.072461     0.127731    

Stress Spherical
0            0            0             0            0            0           
0            0            0             0            0            0           
0            0            0             0            0            0           

Inertia
149.964      -56.2492     -56.2682      0.529331     0.162797     0.271877    
-56.2492     150.046      -56.2211      0.162797     0.455709     0.249261    
-56.2682     -56.2211     149.939       0.271877     0.249261     0.329418    

Bond Length
0.62119169    0.0029673085

BB bond length
0.62119169    0.0029673085

Water EE distance
0             0           

PEG EE distance
7.8782181     0.22419435  

BBB P2(x)
0.50990344    0.0090327263

BBB first bond length
0.62092419    0.0033747701

BBB second bond length
0.6211585     0.0030660042

BBB <phi**2>/<phi>**2
1.2298012     0.010985436 

Time = 10000
Temperature
1.0074671     0.0044398857

Pressure
23.440625     0.1026792   

CM Mom
-3.4848058e-17 1.1544542e-17 
-3.5010971e-17 1.5687928e-17 
-2.0579306e-17 1.5920735e-17 
5.7773654e-17  1.2598624e-17 

CM Pos
7.4954401      0.010543529   
7.4947991      0.018467689   
7.502747       0.011191448   
12.98635       0.011492604   

Stress
20.4539      -0.0223189   0.0172967     0.118976     0.0641753    0.0576903   
-0.0223189   20.4403      0.0040347     0.0641753    0.117311     0.0858249   
0.0172967    0.0040347    20.365        0.0576903    0.0858249    0.134932    

Stress Spherical
0            0            0             0            0            0           
0            0            0             0            0            0           
0            0            0             0            0            0           

Inertia
149.944      -56.1495     -56.1762      0.22672      0.166368     0.106409    
-56.1495     149.972      -56.2307      0.166368     0.2763       0.107133    
-56.1762     -56.2307     149.853       0.106409     0.107133     0.387077    

Bond Length
0.62134396    0.0031003298

BB bond length
0.62134396    0.0031003298

Water EE distance
0             0           

PEG EE distance
7.4055128     0.15114902  

BBB P2(x)
0.50854518    0.016528894 

BBB first bond length
0.62161946    0.0030914629

BBB second bond length
0.62162436    0.0031072237

BBB <phi**2>/<phi>**2
1.2285496     0.017130546 

Time = 11000
Temperature
1.0084575     0.0077604133

Pressure
23.509981     0.051279191 

CM Mom
-3.7417094e-17 2.111644e-17  
-5.4747873e-17 8.4592556e-18 
-2.0275832e-17 2.0007576e-17 
7.5226134e-17  8.2019952e-18 

CM Pos
7.4901041      0.012958988   
7.4992457      0.014142522   
7.4965217      0.014736661   
12.982237      0.017279686   

Stress
20.4954      0.0344197    0.0760096     0.111805     0.0704256    0.0715274   
0.0344197    20.5025      -0.00838506   0.0704256    0.0911601    0.0533479   
0.0760096    -0.00838506  20.4605       0.0715274    0.0533479    0.150016    

Stress Spherical
0            0            0             0            0            0           
0            0            0             0            0            0           
0            0            0             0            0            0           

Inertia
149.924      -56.1719     -56.1499      0.374551     0.139658     0.178943    
-56.1719     149.768      -56.203       0.139658     0.32473      0.208576    
-56.1499     -56.203      149.849       0.178943     0.208576     0.31876     

Bond Length
0.6204151     0.00377876  

BB bond length
0.6204151     0.00377876  

Water EE distance
0             0           

PEG EE distance
7.7289213     0.16928879  

BBB P2(x)
0.51870762    0.013603918 

BBB first bond length
0.62030483    0.0038374519

BBB second bond length
0.62044801    0.0037122395

BBB <phi**2>/<phi>**2
1.2285427     0.011572784 

Time = 12000
Temperature
1.0083764     0.0081588534

Pressure
23.47717      0.06824433  

CM Mom
-7.8637141e-18 1.9226617e-17 
-8.0865952e-17 9.0140978e-18 
-2.0692166e-17 1.6228994e-17 
8.7710466e-17  7.1047222e-18 

CM Pos
7.5010725      0.015386489   
7.4973188      0.012266604   
7.5061561      0.012972543   
12.993024      0.012334714   

Stress
20.4712      -0.0169688   0.0633864     0.0818522    0.0507703    0.0720835   
-0.0169688   20.4617      0.00814284    0.0507703    0.0814845    0.0567968   
0.0633864    0.00814284   20.4278       0.0720835    0.0567968    0.11785     

Stress Spherical
0            0            0             0            0            0           
0            0            0             0            0            0           
0            0            0             0            0            0           

Inertia
150.023      -56.2208     -56.3222      0.287004     0.211297     0.09645     
-56.2208     150.089      -56.3086      0.211297     0.186809     0.171707    
-56.3222     -56.3086     149.973       0.09645      0.171707     0.326285    

Bond Length
0.61844473    0.0030948175

BB bond length
0.61844473    0.0030948175

Water EE distance
0             0           

PEG EE distance
7.6022559     0.19807077  

BBB P2(x)
0.51137197    0.011976836 

BBB first bond length
0.61831331    0.003195411 

BBB second bond length
0.61900711    0.0033798105

BBB <phi**2>/<phi>**2
1.2289518     0.018860838 

Time = 13000
Temperature
1.0085553     0.0053894486

Pressure
23.470387     0.08157007  

CM Mom
2.6600922e-18  1.3765928e-17 
-5.4800943e-17 1.5432119e-17 
-2.5922391e-17 1.4079495e-17 
6.4149042e-17  1.3891491e-17 

CM Pos
7.5004796      0.02168494    
7.4979117      0.010486071   
7.4997826      0.011709486   
12.989346      0.014520485   

Stress
20.4565      0.0138667    -0.00274255   0.117125     0.0626038    0.0708444   
0.0138667    20.4665      -0.0299559    0.0626038    0.0632835    0.0701553   
-0.00274255  -0.0299559   20.4156       0.0708444    0.0701553    0.118746    

Stress Spherical
0            0            0             0            0            0           
0            0            0             0            0            0           
0            0            0             0            0            0           

Inertia
149.931      -56.231      -56.2286      0.225147     0.191092     0.134699    
-56.231      149.999      -56.2727      0.191092     0.283567     0.145211    
-56.2286     -56.2727     149.97        0.134699     0.145211     0.404584    

Bond Length
0.61967566    0.003275455 

BB bond length
0.61967566    0.003275455 

Water EE distance
0             0           

PEG EE distance
7.4876786     0.12505909  

BBB P2(x)
0.51353309    0.017002497 

BBB first bond length
0.62004414    0.0032702675

BBB second bond length
0.61958445    0.0030737448

BBB <phi**2>/<phi>**2
1.2275007     0.011817147 

Time = 14000
Temperature
1.0058533     0.0092520546

Pressure
23.455328     0.079133624 

CM Mom
3.4531556e-17  1.6778732e-17 
-6.7528328e-17 2.0371737e-17 
-4.2497023e-17 2.5574855e-17 
9.299324e-17   1.6166768e-17 

CM Pos
7.4899559      0.018866079   
7.5048781      0.014878352   
7.4965217      0.015220679   
12.98541       0.020015134   

Stress
20.4541      0.0223714    0.011534      0.0594019    0.0746434    0.0660008   
0.0223714    20.4231      0.00315738    0.0746434    0.146861     0.0917971   
0.011534     0.00315738   20.4406       0.0660008    0.0917971    0.130254    

Stress Spherical
0            0            0             0            0            0           
0            0            0             0            0            0           
0            0            0             0            0            0           

Inertia
149.981      -56.1845     -56.1678      0.327734     0.224542     0.235288    
-56.1845     149.769      -56.2856      0.224542     0.446153     0.211736    
-56.1678     -56.2856     149.907       0.235288     0.211736     0.352919    

Bond Length
0.62045836    0.0025006425

BB bond length
0.62045836    0.0025006425

Water EE distance
0             0           

PEG EE distance
7.3834035     0.1972306   

BBB P2(x)
0.50870359    0.010951212 

BBB first bond length
0.62056033    0.0023134661

BBB second bond length
0.62036275    0.0026243911

BBB <phi**2>/<phi>**2
1.2266447     0.008772133 

Time = 15000
Temperature
1.0124602     0.0083917058

Pressure
23.496412     0.10467706  

CM Mom
3.5913301e-17  1.4895996e-17 
-5.4039447e-17 1.7473266e-17 
-4.6121978e-17 1.0832686e-17 
8.2810254e-17  1.1148028e-17 

CM Pos
7.4961812      0.010816096   
7.4977635      0.010589271   
7.4953359      0.012259437   
12.984204      0.008464348   

Stress
20.5228      -0.0104638   -0.0409128    0.135336     0.100473     0.0671954   
-0.0104638   20.4579      0.00489786    0.100473     0.138767     0.0739965   
-0.0409128   0.00489786   20.4009       0.0671954    0.0739965    0.0864869   

Stress Spherical
0            0            0             0            0            0           
0            0            0             0            0            0           
0            0            0             0            0            0           

Inertia
149.885      -56.213      -56.1619      0.224462     0.111989     0.101457    
-56.213      149.87       -56.2168      0.111989     0.208452     0.14387     
-56.1619     -56.2168     149.908       0.101457     0.14387      0.224902    

Bond Length
0.62090042    0.0026511485

BB bond length
0.62090042    0.0026511485

Water EE distance
0             0           

PEG EE distance
7.7386679     0.18836082  

BBB P2(x)
0.52068605    0.017510848 

BBB first bond length
0.62098087    0.0030847571

BBB second bond length
0.62084881    0.0025148647

BBB <phi**2>/<phi>**2
1.2193794     0.010258209 

Time = 16000
Temperature
1.0114992     0.005309363 

Pressure
23.517843     0.12407223  

CM Mom
2.8410519e-17  1.3755079e-17 
-4.4108601e-17 1.9083305e-17 
-4.1734293e-17 1.3982391e-17 
7.0609243e-17  1.6052859e-17 

CM Pos
7.4930685      0.015758933   
7.4956884      0.0089915519  
7.5033399      0.010615173   
12.985832      0.011465467   

Stress
20.4995      0.0218244    0.00274756    0.119351     0.0614006    0.0695236   
0.0218244    20.4742      -0.0165884    0.0614006    0.13303      0.0572382   
0.00274756   -0.0165884   20.4809       0.0695236    0.0572382    0.189884    

Stress Spherical
0            0            0             0            0            0           
0            0            0             0            0            0           
0            0            0             0            0            0           

Inertia
149.944      -56.1749     -56.2596      0.243316     0.183904     0.123193    
-56.1749     149.926      -56.2413      0.183904     0.262892     0.158301    
-56.2596     -56.2413     149.816       0.123193     0.158301     0.262746    

Bond Length
0.62018517    0.0030721141

BB bond length
0.62018517    0.0030721141

Water EE distance
0             0           

PEG EE distance
7.3861826     0.17109874  

BBB P2(x)
0.51635443    0.010286869 

BBB first bond length
0.62012134    0.0031260456

BBB second bond length
0.62005844    0.0032176153

BBB <phi**2>/<phi>**2
1.2228859     0.012167003 

Time = 17000
Temperature
1.0096116     0.0085980501

Pressure
23.490301     0.10741422  

CM Mom
4.7360556e-17  2.3517278e-17 
-6.2119145e-17 1.6338054e-17 
-7.3373798e-17 1.8818842e-17 
1.1062207e-16  2.0553e-17    

CM Pos
7.5001832      0.011068076   
7.5057675      0.0056944781  
7.494743       0.013007215   
12.990792      0.010737529   

Stress
20.4917      0.00931211   -0.0443125    0.113436     0.0434455    0.0711336   
0.00931211   20.4332      0.0468633     0.0434455    0.107161     0.0652379   
-0.0443125   0.0468633    20.464        0.0711336    0.0652379    0.157237    

Stress Spherical
0            0            0             0            0            0           
0            0            0             0            0            0           
0            0            0             0            0            0           

Inertia
150.009      -56.2844     -56.2167      0.211289     0.140513     0.143344    
-56.2844     149.928      -56.2089      0.140513     0.255498     0.136535    
-56.2167     -56.2089     150.098       0.143344     0.136535     0.193604    

Bond Length
0.61666411    0.0032305357

BB bond length
0.61666411    0.0032305357

Water EE distance
0             0           

PEG EE distance
7.0160694     0.23315598  

BBB P2(x)
0.51851361    0.018488855 

BBB first bond length
0.61657875    0.0031825855

BBB second bond length
0.61681729    0.0034214371

BBB <phi**2>/<phi>**2
1.2298625     0.015593798 

Time = 18000
Temperature
1.0120424     0.0057512991

Pressure
23.445835     0.090776287 

CM Mom
4.5171308e-17  1.1313134e-17 
-8.3248625e-17 2.031216e-17  
-7.3891815e-17 1.6792556e-17 
1.2246148e-16  1.6016496e-17 

CM Pos
7.5044816      0.010235862   
7.5051746      0.013891748   
7.4959288      0.013297859   
12.993623      0.0088333851  

Stress
20.4458      0.0382762    0.0486507     0.0974977    0.066196     0.0693874   
0.0382762    20.4123      -0.0282054    0.066196     0.116693     0.059819    
0.0486507    -0.0282054   20.3755       0.0693874    0.059819     0.117311    

Stress Spherical
0            0            0             0            0            0           
0            0            0             0            0            0           
0            0            0             0            0            0           

Inertia
149.993      -56.3196     -56.2596      0.347762     0.117444     0.104468    
-56.3196     149.995      -56.2594      0.117444     0.218316     0.174144    
-56.2596     -56.2594     150.155       0.104468     0.174144     0.160557    

Bond Length
0.61983357    0.0036322057

BB bond length
0.61983357    0.0036322057

Water EE distance
0             0           

PEG EE distance
6.8500682     0.25019304  

BBB P2(x)
0.52110625    0.011902986 

BBB first bond length
0.61956422    0.0035571191

BBB second bond length
0.62004065    0.0036669337

BBB <phi**2>/<phi>**2
1.222571      0.011061689 

Time = 19000
Temperature
1.0061739     0.0065546547

Pressure
23.505939     0.066471269 

CM Mom
2.0151624e-17  2.8860309e-17 
-8.7216137e-17 2.1185e-17    
-4.5581128e-17 1.3843441e-17 
1.0475157e-16  2.4307445e-17 

CM Pos
7.4981081      0.008457713   
7.5119928      0.014969622   
7.4993379      0.0093555734  
12.995845      0.010906195   

Stress
20.5007      -0.0524632   0.00630051    0.108307     0.047164     0.078933    
-0.0524632   20.5211      0.00665648    0.047164     0.149951     0.0752539   
0.00630051   0.00665648   20.4449       0.078933     0.0752539    0.109794    

Stress Spherical
0            0            0             0            0            0           
0            0            0             0            0            0           
0            0            0             0            0            0           

Inertia
150.154      -56.2822     -56.2189      0.275513     0.12379      0.154457    
-56.2822     149.95       -56.3501      0.12379      0.237473     0.156515    
-56.2189     -56.3501     150.166       0.154457     0.156515     0.301323    

Bond Length
0.61965576    0.0032626857

BB bond length
0.61965576    0.0032626857

Water EE distance
0             0           

PEG EE distance
7.1079175     0.30580089  

BBB P2(x)
0.51144776    0.0088662624

BBB first bond length
0.61964376    0.0029821669

BBB second bond length
0.61965195    0.0033457146

BBB <phi**2>/<phi>**2
1.2257814     0.0098016948

Time = 20000
Temperature
1.0187732     0.0049185399

Pressure
23.527583     0.064739507 

CM Mom
-2.7958806e-17 2.1038951e-17 
-1.0897656e-16 3.1309511e-17 
-2.8368728e-17 1.1959529e-17 
1.2109064e-16  1.9114971e-17 

CM Pos
7.4961812      0.013144985   
7.5016173      0.012347825   
7.4971146      0.013064515   
12.987458      0.011867856   

Stress
20.4325      -0.00554632  0.0166244     0.0712952    0.0850009    0.06301     
-0.00554632  20.4547      0.00127437    0.0850009    0.0723581    0.0653807   
0.0166244    0.00127437   20.5311       0.06301      0.0653807    0.101158    

Stress Spherical
0            0            0             0            0            0           
0            0            0             0            0            0           
0            0            0             0            0            0           

Inertia
149.967      -56.2234     -56.2121      0.318994     0.161149     0.137872    
-56.2234     149.894      -56.2754      0.161149     0.261504     0.162071    
-56.2121     -56.2754     150.002       0.137872     0.162071     0.270987    

Bond Length
0.61968245    0.0030789141

BB bond length
0.61968245    0.0030789141

Water EE distance
0             0           

PEG EE distance
7.546516      0.19944491  

BBB P2(x)
0.51655011    0.013529153 

BBB first bond length
0.61936839    0.0029217103

BBB second bond length
0.61998008    0.0029966267

BBB <phi**2>/<phi>**2
1.2331482     0.012308726 

Time = 21000
Temperature
1.0084934     0.0060523006

Pressure
23.5057       0.082052347 

CM Mom
-4.5983337e-17 1.734517e-17  
-1.3760547e-16 1.8923558e-17 
-4.2699704e-17 1.286321e-17  
1.5295488e-16  1.7384462e-17 

CM Pos
7.504778       0.0097206536  
7.5023584      0.011485959   
7.500079       0.01162286    
12.994558      0.0091871678  

Stress
20.4514      -0.000904506 -0.0011932    0.146122     0.0810208    0.0685055   
-0.000904506 20.4595      0.0227917     0.0810208    0.114667     0.0559083   
-0.0011932   0.0227917    20.5342       0.0685055    0.0559083    0.121349    

Stress Spherical
0            0            0             0            0            0           
0            0            0             0            0            0           
0            0            0             0            0            0           

Inertia
150.009      -56.2827     -56.303       0.262697     0.117262     0.0849305   
-56.2827     150.06       -56.2472      0.117262     0.162159     0.156901    
-56.303      -56.2472     150.127       0.0849305    0.156901     0.241906    

Bond Length
0.6193745     0.0027356097

BB bond length
0.6193745     0.0027356097

Water EE distance
0             0           

PEG EE distance
7.4971806     0.21385991  

BBB P2(x)
0.52149831    0.014821369 

BBB first bond length
0.61962942    0.0030447937

BBB second bond length
0.61901837    0.0027175155

BBB <phi**2>/<phi>**2
1.2291219     0.0093133164

Time = 22000
Temperature
1.0137304     0.010093965 

Pressure
23.420394     0.062869495 

CM Mom
-5.0692391e-17 1.514613e-17  
-1.2979763e-16 2.1737473e-17 
-2.85109e-17   3.0860735e-17 
1.4660691e-16  1.9767081e-17 

CM Pos
7.5059638      0.013832316   
7.4989493      0.010113867   
7.496077       0.014715028   
12.990961      0.018554568   

Stress
20.4034      -0.00513479  -0.01706      0.120498     0.0695303    0.0818193   
-0.00513479  20.3339      0.0537079     0.0695303    0.080601     0.0619024   
-0.01706     0.0537079    20.4048       0.0818193    0.0619024    0.0854431   

Stress Spherical
0            0            0             0            0            0           
0            0            0             0            0            0           
0            0            0             0            0            0           

Inertia
149.914      -56.2758     -56.278       0.286336     0.156886     0.203896    
-56.2758     150.022      -56.215       0.156886     0.396138     0.228561    
-56.278      -56.215      150.079       0.203896     0.228561     0.28063     

Bond Length
0.61973306    0.0029906986

BB bond length
0.61973306    0.0029906986

Water EE distance
0             0           

PEG EE distance
7.4684734     0.40644314  

BBB P2(x)
0.51325494    0.011409453 

BBB first bond length
0.6194978     0.0029182834

BBB second bond length
0.61985855    0.0031241089

BBB <phi**2>/<phi>**2
1.2237408     0.0090254189

Time = 23000
Temperature
1.0105082     0.0096742636

Pressure
23.517357     0.088249319 

CM Mom
-5.565322e-17  1.1865334e-17 
-1.688634e-16  1.4507695e-17 
-3.3963006e-17 1.4794629e-17 
1.8202518e-16  1.4233384e-17 

CM Pos
7.5000349      0.012013246   
7.5013208      0.011147191   
7.4966699      0.012117945   
12.989246      0.017210252   

Stress
20.5083      0.00167838   -0.0109043    0.0959452    0.0701551    0.0806778   
0.00167838   20.4334      -0.0391534    0.0701551    0.138339     0.0746254   
-0.0109043   -0.0391534   20.5203       0.0806778    0.0746254    0.0955099   

Stress Spherical
0            0            0             0            0            0           
0            0            0             0            0            0           
0            0            0             0            0            0           

Inertia
149.968      -56.2398     -56.2788      0.295441     0.141069     0.188489    
-56.2398     149.938      -56.2414      0.141069     0.347034     0.140613    
-56.2788     -56.2414     150.04        0.188489     0.140613     0.333349    

Bond Length
0.61923725    0.0025930785

BB bond length
0.61923725    0.0025930785

Water EE distance
0             0           

PEG EE distance
7.0785369     0.26277586  

BBB P2(x)
0.51549442    0.016195362 

BBB first bond length
0.61918878    0.0026312809

BBB second bond length
0.61942495    0.0028379184

BBB <phi**2>/<phi>**2
1.2249517     0.010303425 

Time = 24000
Temperature
1.0097925     0.010736427 

Pressure
23.490108     0.078684884 

CM Mom
-4.9566466e-17 1.571467e-17  
-1.6661162e-16 2.1412141e-17 
-3.129304e-17  1.9682512e-17 
1.7850604e-16  2.0589915e-17 

CM Pos
7.5000349      0.012194753   
7.5030995      0.017374172   
7.5024505      0.015364342   
12.993626      0.012486642   

Stress
20.4392      0.00720417   -0.0249524    0.104914     0.0802345    0.07134     
0.00720417   20.44        -0.0377589    0.0802345    0.143096     0.0606201   
-0.0249524   -0.0377589   20.5074       0.07134      0.0606201    0.143076    

Stress Spherical
0            0            0             0            0            0           
0            0            0             0            0            0           
0            0            0             0            0            0           

Inertia
150.091      -56.2316     -56.2771      0.238746     0.156189     0.212346    
-56.2316     150.048      -56.3125      0.156189     0.359781     0.168881    
-56.2771     -56.3125     150.069       0.212346     0.168881     0.236134    

Bond Length
0.6193133     0.0032800647

BB bond length
0.6193133     0.0032800647

Water EE distance
0             0           

PEG EE distance
7.0691745     0.24158059  

BBB P2(x)
0.51815288    0.012592546 

BBB first bond length
0.61925444    0.0031375746

BBB second bond length
0.61918007    0.0030987197

BBB <phi**2>/<phi>**2
1.2243633     0.015835045 

Time = 25000
Temperature
1.0088167     0.0060118384

Pressure
23.51173      0.053429047 

CM Mom
-5.4840574e-17 1.9039365e-17 
-1.7636419e-16 1.9221321e-17 
-1.5353331e-18 2.8891796e-17 
1.8795632e-16  1.8796009e-17 

CM Pos
7.5018136      0.011765638   
7.5016173      0.014477212   
7.4972628      0.011500295   
12.990797      0.0094676056  

Stress
20.4981      -0.00196163  -0.0174278    0.0568183    0.0597133    0.065529    
-0.00196163  20.4788      0.0125608     0.0597133    0.0692391    0.0614567   
-0.0174278   0.0125608    20.4835       0.065529     0.0614567    0.105145    

Stress Spherical
0            0            0             0            0            0           
0            0            0             0            0            0           
0            0            0             0            0            0           

Inertia
149.999      -56.3307     -56.237       0.220809     0.0980755    0.147062    
-56.3307     149.994      -56.243       0.0980755    0.304625     0.121       
-56.237      -56.243      150.049       0.147062     0.121        0.250118    

Bond Length
0.61914886    0.0031850494

BB bond length
0.61914886    0.0031850494

Water EE distance
0             0           

PEG EE distance
7.0611102     0.24644164  

BBB P2(x)
0.50489219    0.011702568 

BBB first bond length
0.61915572    0.0033597605

BBB second bond length
0.61900478    0.002913244 

BBB <phi**2>/<phi>**2
1.2239437     0.0086562679

Time = 26000
Temperature
1.0091652     0.0069265288

Pressure
23.432255     0.055129852 

CM Mom
-6.5041297e-17 2.0801828e-17 
-1.6717002e-16 3.0093406e-17 
5.8610341e-19  1.5084099e-17 
1.8165328e-16  2.7285099e-17 

CM Pos
7.4992938      0.013986316   
7.4976153      0.011033285   
7.4984486      0.0093696525  
12.987713      0.0098792351  

Stress
20.4145      0.0375339    -0.0107939    0.10382      0.10849      0.0916836   
0.0375339    20.3573      0.00786483    0.10849      0.112683     0.0732612   
-0.0107939   0.00786483   20.447        0.0916836    0.0732612    0.0987326   

Stress Spherical
0            0            0             0            0            0           
0            0            0             0            0            0           
0            0            0             0            0            0           

Inertia
149.937      -56.25       -56.2667      0.223948     0.112089     0.154697    
-56.25       149.979      -56.2257      0.112089     0.253065     0.135961    
-56.2667     -56.2257     149.964       0.154697     0.135961     0.213197    

Bond Length
0.62180317    0.0039115252

BB bond length
0.62180317    0.0039115252

Water EE distance
0             0           

PEG EE distance
6.6697791     0.21632904  

BBB P2(x)
0.51307081    0.011855189 

BBB first bond length
0.62194102    0.0039715637

BBB second bond length
0.62197772    0.0037420023

BBB <phi**2>/<phi>**2
1.2258712     0.010180071 

Time = 27000
Temperature
1.0088298     0.0054737688

Pressure
23.482865     0.077626274 

CM Mom
-6.5377271e-17 2.948698e-17  
-1.6061194e-16 3.151233e-17  
1.7355463e-18  1.4251034e-17 
1.7768025e-16  2.3847961e-17 

CM Pos
7.5062602      0.013074601   
7.5002833      0.014559682   
7.4935573      0.0099042474  
12.990456      0.010907828   

Stress
20.4654      -0.027566    -0.00459711   0.106437     0.0537552    0.0392335   
-0.027566    20.432       0.0409382     0.0537552    0.0789092    0.0527622   
-0.00459711  0.0409382    20.4762       0.0392335    0.0527622    0.167093    

Stress Spherical
0            0            0             0            0            0           
0            0            0             0            0            0           
0            0            0             0            0            0           

Inertia
149.917      -56.2822     -56.2299      0.314957     0.120443     0.168099    
-56.2822     150.009      -56.1405      0.120443     0.248075     0.200503    
-56.2299     -56.1405     150.112       0.168099     0.200503     0.176682    

Bond Length
0.61816315    0.0026176006

BB bond length
0.61816315    0.0026176006

Water EE distance
0             0           

PEG EE distance
7.1527353     0.082546163 

BBB P2(x)
0.51172954    0.021003411 

BBB first bond length
0.61854315    0.0026175069

BBB second bond length
0.61819028    0.0028259237

BBB <phi**2>/<phi>**2
1.2251153     0.0081813818

Time = 28000
Temperature
1.0133376     0.0030916538

Pressure
23.521887     0.093779465 

CM Mom
-6.1351067e-17 1.1138863e-17 
-1.3886564e-16 1.4773454e-17 
-3.9852701e-17 1.3331836e-17 
1.5809337e-16  1.2744081e-17 

CM Pos
7.4989974      0.014327722   
7.496726       0.012455003   
7.5051185      0.0098106408  
12.990874      0.017660059   

Stress
20.4753      -0.0308749   0.0665294     0.112568     0.055359     0.112136    
-0.0308749   20.4601      0.0286188     0.055359     0.118841     0.0384463   
0.0665294    0.0286188    20.5148       0.112136     0.0384463    0.124916    

Stress Spherical
0            0            0             0            0            0           
