Time = 1000
Temperature
   1.1030446    0.13488611

Pressure
   23.706279    0.65175058

CM Mom
-2.0357477e-17 3.8769882e-17 
3.5312191e-17  2.5935949e-17 
-3.0622892e-17 1.4562196e-16 
1.423309e-16   7.5647764e-17 

CM Pos
7.5074173      0.018023151   
7.5012179      0.01989785    
7.5011174      0.026215075   
12.996059      0.013904044   

Stress
20.3834      -0.0301031   0.0279989     0.268732     0.0434399    0.0837748   
-0.0301031   20.3987      -0.00462015   0.0434399    0.321717     0.0627283   
0.0279989    -0.00462015  20.4309       0.0837748    0.0627283    0.245825    

Stress Spherical
0            0            0             0            0            0           
0            0            0             0            0            0           
0            0            0             0            0            0           

Inertia
150.142      -56.349      -56.3311      1.30821      0.0784406    0.285098    
-56.349      150.237      -56.2254      0.0784406    1.68714      0.195766    
-56.3311     -56.2254     150.231       0.285098     0.195766     1.24133     

Bond Length
0.62063588    0.0068752085

BB bond length
0.62063588    0.0068752085

Water EE distance
0             0           

PEG EE distance
6.938835      0.24724484  

BBB P2(x)
0.46865121    0.063116179 

BBB first bond length
0.62057772    0.0071496764

BBB second bond length
0.62080755    0.0068977064

BBB <phi**2>/<phi>**2
1.2201345     0.015806687 

Time = 2000
Temperature
1.0030898     0.0076133893

Pressure
23.222902     0.079963597 

CM Mom
-1.5678617e-18 1.5072045e-17 
6.3818044e-17  2.4309686e-17 
-8.3107935e-17 3.8250579e-17 
1.0816181e-16  3.9552329e-17 

CM Pos
7.5072688      0.010444788   
7.5022572      0.010091643   
7.4991872      0.01241219    
12.995421      0.012128846   

Stress
20.2256      -0.0296208   0.0365927     0.131687     0.0838698    0.0703481   
-0.0296208   20.189       -0.0026769    0.0838698    0.0898311    0.0699192   
0.0365927    -0.0026769   20.2459       0.0703481    0.0699192    0.110516    

Stress Spherical
0            0            0             0            0            0           
0            0            0             0            0            0           
0            0            0             0            0            0           

Inertia
149.899      -56.3335     -56.269       0.307307     0.128504     0.0979134   
-56.3335     149.972      -56.2546      0.128504     0.304539     0.157219    
-56.269      -56.2546     150.026       0.0979134    0.157219     0.310593    

Bond Length
0.61985277    0.001599428 

BB bond length
0.61985277    0.001599428 

Water EE distance
0             0           

PEG EE distance
6.9879481     0.24838738  

BBB P2(x)
0.51687421    0.0080416743

BBB first bond length
0.61983524    0.0014912003

BBB second bond length
0.62000312    0.001730626 

BBB <phi**2>/<phi>**2
1.2236379     0.010755026 

