Time = 1000
Temperature
   1.3590526    0.62336985

Pressure
   25.066091     2.8795078

CM Mom
-5.4138951e-17 3.3963717e-17 
4.0641319e-17  8.4195312e-17 
2.4227083e-16  4.929169e-16  
4.0088547e-16  3.9214562e-16 

CM Pos
10.000927      0.026405226   
9.9943424      0.023074583   
9.992769       0.022178778   
17.313638      0.022656245   

Stress
20.9892      0.0105274    -0.00343531   1.36495      0.0452595    0.0643827   
0.0105274    21.0184      -0.00800219   0.0452595    1.38447      0.0773      
-0.00343531  -0.00800219  20.9776       0.0643827    0.0773       1.39101     

Stress Spherical
0            0            0             0            0            0           
0            0            0             0            0            0           
0            0            0             0            0            0           

Inertia
267.329      -99.9578     -99.8795      6.2529       0.357504     0.494609    
-99.9578     267.455      -99.8467      0.357504     6.07733      0.272509    
-99.8795     -99.8467     267.479       0.494609     0.272509     6.16938     

Bond Length
0.63256917    0.030728226 

BB bond length
0.63256917    0.030728226 

Water EE distance
0             0           

PEG EE distance
9.5606193     0.19004085  

BBB P2(x)
0.14016067    0.037875336 

BBB first bond length
0.63287143    0.031398114 

BBB second bond length
0.63283331    0.030971773 

BBB <phi**2>/<phi>**2
1.1382078     0.013105816 

Time = 2000
Temperature
1.0260439     0.011922769 

Pressure
22.985362     0.10110821  

CM Mom
-3.3866342e-17 1.9456036e-17 
3.2716549e-17  2.5902647e-17 
-3.2343284e-17 1.9641084e-16 
1.8052946e-16  1.01485e-16   

CM Pos
9.9986741      0.0099185809  
10.001603      0.012919638   
10.007207      0.014174196   
17.324838      0.01458507    

Stress
19.9085      -0.00303583  0.00380763    0.0935045    0.0516341    0.058987    
-0.00303583  19.9282      -0.0022392    0.0516341    0.0959728    0.0356201   
0.00380763   -0.0022392   19.8988       0.058987     0.0356201    0.0885213   

Stress Spherical
0            0            0             0            0            0           
0            0            0             0            0            0           
0            0            0             0            0            0           

Inertia
266.747      -99.9688     -100.034      0.757495     0.233551     0.168377    
-99.9688     266.682      -100.084      0.233551     0.967824     0.291243    
-100.034     -100.084     266.589       0.168377     0.291243     1.0855      

Bond Length
0.62115337    0.00079208944

BB bond length
0.62115337    0.00079208944

Water EE distance
0             0           

PEG EE distance
9.3409104     0.10470601  

BBB P2(x)
0.10341801    0.0054619925

BBB first bond length
0.62122576    0.0008884688

BBB second bond length
0.62126379    0.0008606082

BBB <phi**2>/<phi>**2
1.1257399     0.0019842047

Time = 3000
Temperature
1.0108576     0.00416517  

Pressure
22.848351     0.065108173 

CM Mom
-4.5069685e-17 1.4981119e-17 
3.1938515e-17  1.774551e-17  
-2.935056e-17  1.2676513e-16 
1.0745493e-16  9.4736338e-17 

CM Pos
10.002847      0.0067925188  
9.9999341      0.008288906   
10.004203      0.010772294   
17.324544      0.010091989   

Stress
19.8006      0.0115849    -0.0176251    0.0656201    0.0523912    0.0460155   
0.0115849    19.8378      0.0318128     0.0523912    0.127755     0.0411813   
-0.0176251   0.0318128    19.8226       0.0460155    0.0411813    0.0673003   

Stress Spherical
0            0            0             0            0            0           
0            0            0             0            0            0           
0            0            0             0            0            0           

Inertia
266.671      -100.033     -100.083      0.496352     0.158586     0.142054    
-100.033     266.729      -100.035      0.158586     0.455268     0.138611    
-100.083     -100.035     266.631       0.142054     0.138611     0.464948    

Bond Length
0.62193688    0.00059208403

BB bond length
0.62193688    0.00059208403

Water EE distance
0             0           

PEG EE distance
9.1104966     0.07612586  

BBB P2(x)
0.094116752   0.0071793446

BBB first bond length
0.62198181    0.00059710216

BBB second bond length
0.62196379    0.00062315689

BBB <phi**2>/<phi>**2
1.1232964     0.0023071182

Time = 4000
Temperature
1.0109818     0.0039989212

Pressure
22.788141     0.053636306 

CM Mom
-7.5489919e-17 1.4871991e-17 
1.4533358e-17  1.9821607e-17 
3.4725741e-18  3.3802858e-17 
8.5787307e-17  1.7867526e-17 

CM Pos
10.003348      0.0088466032  
10.003439      0.011703254   
9.9977765      0.015032036   
17.323155      0.0072163962  

Stress
19.7464      -0.00383931  0.00351871    0.0811544    0.0321883    0.0432112   
-0.00383931  19.7729      0.0134824     0.0321883    0.0951917    0.0405116   
0.00351871   0.0134824    19.7599       0.0432112    0.0405116    0.0677831   

Stress Spherical
0            0            0             0            0            0           
0            0            0             0            0            0           
0            0            0             0            0            0           

Inertia
266.65       -100.047     -100.027      0.270155     0.125474     0.201121    
-100.047     266.63       -100.005      0.125474     0.4467       0.208746    
-100.027     -100.005     266.758       0.201121     0.208746     0.271434    

Bond Length
0.6217641     0.00075576467

BB bond length
0.6217641     0.00075576467

Water EE distance
0             0           

PEG EE distance
8.9372707     0.075776832 

BBB P2(x)
0.082840824   0.0050776063

BBB first bond length
0.62179966    0.00072928646

BBB second bond length
0.62185826    0.00073403742

BBB <phi**2>/<phi>**2
1.1209692     0.0028107878

Time = 5000
Temperature
1.0108017     0.0041727565

Pressure
22.820997     0.072285469 

CM Mom
-8.0039116e-17 9.3617223e-18 
1.0240746e-17  2.7348492e-17 
-1.0106625e-18 2.4656215e-17 
8.8662937e-17  9.7236184e-18 

CM Pos
9.9995921      0.0092638958  
10.002855      0.010473629   
10.001365      0.014614538   
17.322716      0.013610233   

Stress
19.8272      0.0110351    -0.0113817    0.0781608    0.0467216    0.042391    
0.0110351    19.8164      -0.00761566   0.0467216    0.0922092    0.0581639   
-0.0113817   -0.00761566  19.7358       0.042391     0.0581639    0.0920596   

Stress Spherical
0            0            0             0            0            0           
0            0            0             0            0            0           
0            0            0             0            0            0           

Inertia
266.72       -100.042     -100.02       0.443236     0.160808     0.220009    
-100.042     266.643      -100.029      0.160808     0.43217      0.216998    
-100.02      -100.029     266.686       0.220009     0.216998     0.297204    

Bond Length
0.62226409    0.00078942498

BB bond length
0.62226409    0.00078942498

Water EE distance
0             0           

PEG EE distance
8.5068601     0.21964458  

BBB P2(x)
0.081961018   0.0054526091

BBB first bond length
0.62223334    0.00088147181

BBB second bond length
0.62233754    0.00071697824

BBB <phi**2>/<phi>**2
1.1203109     0.0024089908

Time = 6000
Temperature
1.0105064     0.0034618963

Pressure
22.791833     0.048489852 

CM Mom
-8.6749262e-17 1.5194528e-17 
1.0794911e-17  1.092074e-17  
-1.6782661e-17 3.2070961e-17 
9.4568521e-17  1.894993e-17  

CM Pos
9.9996756      0.0031845742  
9.9985988      0.012528789   
9.9996126      0.0067415684  
17.319292      0.0085717993  

Stress
19.7508      0.0100413    -0.00324494   0.123104     0.0405903    0.0405469   
0.0100413    19.8241      0.0170051     0.0405903    0.062192     0.0522209   
-0.00324494  0.0170051    19.7197       0.0405469    0.0522209    0.0790297   

Stress Spherical
0            0            0             0            0            0           
0            0            0             0            0            0           
0            0            0             0            0            0           

Inertia
266.608      -99.9683     -99.9964      0.406165     0.154084     0.0958927   
-99.9683     266.62       -99.9561      0.154084     0.205295     0.119304    
-99.9964     -99.9561     266.609       0.0958927    0.119304     0.333818    

Bond Length
0.62253752    0.0010683898

BB bond length
0.62253752    0.0010683898

Water EE distance
0             0           

PEG EE distance
8.0319815     0.17968733  

BBB P2(x)
0.076438512   0.005590139 

BBB first bond length
0.62261739    0.0010320768

BBB second bond length
0.62264344    0.0011210318

BBB <phi**2>/<phi>**2
1.1180148     0.002247253 

Time = 7000
Temperature
1.0127143     0.006936934 

Pressure
22.837244     0.062693151 

CM Mom
-1.0233704e-16 1.8539895e-17 
5.7399049e-18  2.1374367e-17 
-2.8752455e-17 2.4388995e-17 
1.1118117e-16  1.9148963e-17 

CM Pos
9.9958365      0.0087992358  
9.9977642      0.011202111   
9.9986946      0.012914245   
17.316067      0.010957373   

Stress
19.8         0.0123738    0.019401      0.0771993    0.0615329    0.066135    
0.0123738    19.8107      0.00560294    0.0615329    0.0835324    0.0676184   
0.019401     0.00560294   19.8002       0.066135     0.0676184    0.0826226   

Stress Spherical
0            0            0             0            0            0           
0            0            0             0            0            0           
0            0            0             0            0            0           

Inertia
266.591      -99.9164     -99.9234      0.482927     0.124705     0.169039    
-99.9164     266.546      -99.9803      0.124705     0.28417      0.21545     
-99.9234     -99.9803     266.529       0.169039     0.21545      0.166442    

Bond Length
0.62209089    0.00074700103

BB bond length
0.62209089    0.00074700103

Water EE distance
0             0           

PEG EE distance
7.7362305     0.065420397 

BBB P2(x)
0.073789825   0.006606784 

BBB first bond length
0.62216629    0.00073263417

BBB second bond length
0.62221504    0.00079152172

BBB <phi**2>/<phi>**2
1.117523      0.0023788369

Time = 8000
Temperature
1.0093625     0.0045423846

Pressure
22.855269     0.049124432 

CM Mom
-8.9978204e-17 9.10131e-18   
5.1184622e-18  2.0599232e-17 
-3.905783e-17  1.3721054e-17 
1.0130371e-16  8.9876759e-18 

CM Pos
10.004349      0.015963065   
9.9989326      0.0071482601  
9.9946051      0.010902443   
17.319298      0.0113186     

Stress
19.8582      -0.031591    -0.0187367    0.077391     0.0446427    0.0492034   
-0.031591    19.8043      0.0125229     0.0446427    0.0702186    0.0376856   
-0.0187367   0.0125229    19.8327       0.0492034    0.0376856    0.0961706   

Stress Spherical
0            0            0             0            0            0           
0            0            0             0            0            0           
0            0            0             0            0            0           

Inertia
266.54       -100.027     -100.011      0.25971      0.199514     0.18895     
-100.027     266.627      -99.9008      0.199514     0.333652     0.175121    
-100.011     -99.9008     266.727       0.18895      0.175121     0.361383    

Bond Length
0.62176156    0.00096566487

BB bond length
0.62176156    0.00096566487

Water EE distance
0             0           

PEG EE distance
7.6670527     0.040033959 

BBB P2(x)
0.072684221   0.0049240007

BBB first bond length
0.62187292    0.00094129398

BBB second bond length
0.62177536    0.00096979605

BBB <phi**2>/<phi>**2
1.1176771     0.0018777389

Time = 9000
Temperature
1.0112536     0.005051187 

Pressure
22.834437     0.049619035 

CM Mom
-8.7526427e-17 1.2387974e-17 
7.1796878e-18  1.7763218e-17 
-1.7284691e-17 1.3983455e-17 
9.238917e-17   1.1830298e-17 

CM Pos
10.004683      0.011164741   
10.000184      0.011809012   
10.001699      0.0097256933  
17.324306      0.012321629   

Stress
19.8046      -0.00548369  0.0484826     0.0696936    0.0479916    0.0751855   
-0.00548369  19.8046      0.00511837    0.0479916    0.0799974    0.0467262   
0.0484826    0.00511837   19.8065       0.0751855    0.0467262    0.0779397   

Stress Spherical
0            0            0             0            0            0           
0            0            0             0            0            0           
0            0            0             0            0            0           

Inertia
266.688      -100.094     -100.051      0.379574     0.226429     0.132482    
-100.094     266.769      -99.9767      0.226429     0.295291     0.153042    
-100.051     -99.9767     266.743       0.132482     0.153042     0.467767    

Bond Length
0.62210927    0.00058500542

BB bond length
0.62210927    0.00058500542

Water EE distance
0             0           

PEG EE distance
7.5821215     0.089544293 

BBB P2(x)
0.072393786   0.0038614455

BBB first bond length
0.62213658    0.00053583803

BBB second bond length
0.62217961    0.0005889927

BBB <phi**2>/<phi>**2
1.1169466     0.0031554901

Time = 10000
Temperature
1.0064968     0.0048560817

Pressure
22.835624     0.085403105 

CM Mom
-9.1286558e-17 1.2182046e-17 
-2.7379965e-17 1.8428702e-17 
-9.4286029e-18 1.2573566e-17 
9.8475465e-17  1.0976949e-17 

CM Pos
10.000009      0.0094849425  
9.9981815      0.009768926   
9.9921848      0.010773587   
17.31496       0.0066425728  

Stress
19.8188      0.00565845   -0.0047966    0.0981087    0.05424      0.0552756   
0.00565845   19.8228      0.0185494     0.05424      0.120589     0.0519181   
-0.0047966   0.0185494    19.8204       0.0552756    0.0519181    0.0794995   

Stress Spherical
0            0            0             0            0            0           
0            0            0             0            0            0           
0            0            0             0            0            0           

Inertia
266.465      -100.019     -99.9153      0.279742     0.111087     0.138581    
-100.019     266.507      -99.9252      0.111087     0.18567      0.117276    
-99.9153     -99.9252     266.619       0.138581     0.117276     0.37083     

Bond Length
0.62183475    0.00091292936

BB bond length
0.62183475    0.00091292936

Water EE distance
0             0           

PEG EE distance
7.5063798     0.086257848 

BBB P2(x)
0.066784226   0.0056894006

BBB first bond length
0.62188608    0.00092052395

BBB second bond length
0.62198       0.00090749405

BBB <phi**2>/<phi>**2
1.1162324     0.0017867551

Time = 11000
Temperature
1.0125786     0.0056445381

Pressure
22.835704     0.053587351 

CM Mom
-1.0214026e-16 2.035153e-17  
-4.2020788e-17 2.0528601e-17 
-1.5298807e-17 1.7626938e-17 
1.1415972e-16  2.3373249e-17 

CM Pos
9.9965041      0.004794327   
10.002187      0.016785125   
10.004119      0.011427724   
17.32214       0.011821025   

Stress
19.7668      0.00337579   0.0195809     0.0684877    0.0539551    0.039996    
0.00337579   19.792       0.027247      0.0539551    0.0723828    0.0549349   
0.0195809    0.027247     19.8488       0.039996     0.0549349    0.109433    

Stress Spherical
0            0            0             0            0            0           
0            0            0             0            0            0           
0            0            0             0            0            0           

Inertia
266.793      -99.9816     -99.9886      0.378111     0.209589     0.183119    
-99.9816     266.682      -100.074      0.209589     0.27298      0.193167    
-99.9886     -100.074     266.634       0.183119     0.193167     0.481879    

Bond Length
0.62200348    0.00074126537

BB bond length
0.62200348    0.00074126537

Water EE distance
0             0           

PEG EE distance
7.5650453     0.064915011 

BBB P2(x)
0.070624952   0.0050712606

BBB first bond length
0.62206824    0.00080444081

BBB second bond length
0.62214818    0.00082708648

BBB <phi**2>/<phi>**2
1.1169866     0.0020443327

Time = 12000
Temperature
1.0121138     0.0056240569

Pressure
22.850774     0.065228404 

CM Mom
-9.0270481e-17 3.2591288e-17 
-6.0321006e-17 3.3002008e-17 
-7.4463099e-18 1.9827612e-17 
1.1491959e-16  3.4362459e-17 

CM Pos
9.9972553      0.011162558   
10.000101      0.0088418779  
9.9969419      0.0059019987  
17.317221      0.0087871473  

Stress
19.7882      0.0125349    -0.000307224  0.073323     0.0488596    0.0435605   
0.0125349    19.8558      0.00641716    0.0488596    0.09207      0.0260845   
-0.000307224 0.00641716   19.813        0.0435605    0.0260845    0.1083      

Stress Spherical
0            0            0             0            0            0           
0            0            0             0            0            0           
0            0            0             0            0            0           

Inertia
266.604      -99.9351     -99.93        0.264097     0.116856     0.176448    
-99.9351     266.531      -99.9754      0.116856     0.265316     0.144182    
-99.93       -99.9754     266.613       0.176448     0.144182     0.311162    

Bond Length
0.62165702    0.0010358577

BB bond length
0.62165702    0.0010358577

Water EE distance
0             0           

PEG EE distance
7.3742208     0.081153106 

BBB P2(x)
0.070678569   0.0042424582

BBB first bond length
0.62172218    0.0010106003

BBB second bond length
0.62176403    0.0010235103

BBB <phi**2>/<phi>**2
1.1176789     0.001519651 

Time = 13000
Temperature
1.0079544     0.0041819481

Pressure
22.793339     0.046481819 

CM Mom
-9.2196542e-17 2.1399178e-17 
-6.9876434e-17 3.5344134e-17 
1.5522952e-17  1.807404e-17  
1.2344681e-16  2.0458987e-17 

CM Pos
10.001345      0.013574779   
9.9988491      0.012296757   
10.001282      0.010927968   
17.32137       0.010134917   

Stress
19.7795      0.0345546    0.0354318     0.0559564    0.0690643    0.0425245   
0.0345546    19.7701      -0.0140222    0.0690643    0.0653742    0.0443024   
0.0354318    -0.0140222   19.7725       0.0425245    0.0443024    0.087479    

Stress Spherical
0            0            0             0            0            0           
0            0            0             0            0            0           
0            0            0             0            0            0           

Inertia
266.676      -99.9913     -100.066      0.372896     0.191383     0.228137    
-99.9913     266.716      -99.9494      0.191383     0.293611     0.173954    
-100.066     -99.9494     266.68        0.228137     0.173954     0.300904    

Bond Length
0.62211167    0.00065678411

BB bond length
0.62211167    0.00065678411

Water EE distance
0             0           

PEG EE distance
7.334037      0.039841251 

BBB P2(x)
0.06978485    0.0056669434

BBB first bond length
0.62219505    0.00065766147

BBB second bond length
0.62223551    0.00062190501

BBB <phi**2>/<phi>**2
1.1165917     0.0021214404

Time = 14000
Temperature
1.0098643     0.0050238251

Pressure
22.796888     0.049788096 

CM Mom
-9.4059365e-17 1.0698586e-17 
-1.0574708e-16 2.8199977e-17 
8.3652993e-18  3.1752399e-17 
1.4627312e-16  2.4933387e-17 

CM Pos
9.9979229      0.0089580973  
9.9952604      0.011245552   
10.002283      0.013606811   
17.317899      0.011631505   

Stress
19.7697      -0.0231468   0.0201778     0.0810383    0.0390971    0.0430653   
-0.0231468   19.7727      0.0339466     0.0390971    0.0723942    0.0551801   
0.0201778    0.0339466    19.7731       0.0430653    0.0551801    0.102482    

Stress Spherical
0            0            0             0            0            0           
0            0            0             0            0            0           
0            0            0             0            0            0           

Inertia
266.616      -99.9571     -99.9808      0.372725     0.162049     0.162429    
-99.9571     266.668      -100.024      0.162049     0.271732     0.229278    
-99.9808     -100.024     266.535       0.162429     0.229278     0.263749    

Bond Length
0.62124593    0.00060499306

BB bond length
0.62124593    0.00060499306

Water EE distance
0             0           

PEG EE distance
7.3037714     0.045033884 

BBB P2(x)
0.070634991   0.0044435375

BBB first bond length
0.62139224    0.00069311552

BBB second bond length
0.62127854    0.00058675349

BBB <phi**2>/<phi>**2
1.116922      0.0020445486

Time = 15000
Temperature
1.0134354     0.0054770454

Pressure
22.835997     0.060648188 

CM Mom
-9.5357729e-17 1.3695634e-17 
-8.4518994e-17 2.405336e-17  
-8.0869791e-18 2.1749647e-17 
1.315861e-16   1.5041167e-17 

CM Pos
10.002096      0.0074931624  
9.9998507      0.011467881   
10.0022        0.010863722   
17.322908      0.010822622   

Stress
19.8232      0.0176695    -0.00621925   0.0550075    0.0346058    0.0543935   
0.0176695    19.7604      -0.0207686    0.0346058    0.0931925    0.0545834   
-0.00621925  -0.0207686   19.8171       0.0543935    0.0545834    0.0776287   

Stress Spherical
0            0            0             0            0            0           
0            0            0             0            0            0           
0            0            0             0            0            0           

Inertia
266.695      -99.9935     -100.033      0.331593     0.131646     0.162213    
-99.9935     266.738      -99.9939      0.131646     0.308679     0.207174    
-100.033     -99.9939     266.694       0.162213     0.207174     0.254916    

Bond Length
0.62135151    0.0012512954

BB bond length
0.62135151    0.0012512954

Water EE distance
0             0           

PEG EE distance
7.349864      0.10887658  

BBB P2(x)
0.068553969   0.0054034213

BBB first bond length
0.62133233    0.0013389328

BBB second bond length
0.62134735    0.0012901997

BBB <phi**2>/<phi>**2
1.1166889     0.0021310509

Time = 16000
Temperature
1.01034       0.0051577432

Pressure
22.862767     0.075500565 

CM Mom
-8.4439193e-17 1.4098913e-17 
-7.9069281e-17 1.8624897e-17 
-2.599624e-17  1.5946468e-17 
1.2088311e-16  1.5651319e-17 

CM Pos
10.003598      0.0091443274  
9.9988491      0.012736383   
10.004537      0.01338046    
17.324549      0.012141137   

Stress
19.844       0.0148721    -0.0181424    0.113976     0.0530544    0.029945    
0.0148721    19.8058      -0.0166155    0.0530544    0.110274     0.0291785   
-0.0181424   -0.0166155   19.8591       0.029945     0.0291785    0.0570329   

Stress Spherical
0            0            0             0            0            0           
0            0            0             0            0            0           
0            0            0             0            0            0           

Inertia
266.731      -100.054     -100.089      0.40436      0.174768     0.138698    
-100.054     266.818      -100.012      0.174768     0.273977     0.198362    
-100.089     -100.012     266.713       0.138698     0.198362     0.30391     

Bond Length
0.62154601    0.00077049304

BB bond length
0.62154601    0.00077049304

Water EE distance
0             0           

PEG EE distance
7.2217445     0.099267427 

BBB P2(x)
0.066992974   0.0077624791

BBB first bond length
0.62155729    0.00077461163

BBB second bond length
0.62171139    0.00070606695

BBB <phi**2>/<phi>**2
1.1160252     0.0033138555

Time = 17000
Temperature
1.0100018     0.004761879 

Pressure
22.838443     0.061002804 

CM Mom
-7.6924591e-17 1.8069643e-17 
-7.8292405e-17 2.5390591e-17 
-3.9820402e-17 1.5622057e-17 
1.1936931e-16  2.4473853e-17 

CM Pos
9.9987575      0.010740239   
9.9985988      0.009731421   
10.002784      0.011606737   
17.320594      0.013672982   

Stress
19.8122      0.0121142    -0.0149934    0.0742659    0.0516527    0.0487758   
0.0121142    19.8165      0.018902      0.0516527    0.104661     0.0584632   
-0.0149934   0.018902     19.8103       0.0487758    0.0584632    0.0889313   

Stress Spherical
0            0            0             0            0            0           
0            0            0             0            0            0           
0            0            0             0            0            0           

Inertia
266.704      -99.9819     -99.9936      0.353061     0.176751     0.209682    
-99.9819     266.704      -100.044      0.176751     0.33         0.225838    
-99.9936     -100.044     266.623       0.209682     0.225838     0.29384     

Bond Length
0.62126629    0.00086768947

BB bond length
0.62126629    0.00086768947

Water EE distance
0             0           

PEG EE distance
7.0535983     0.070489891 

BBB P2(x)
0.066091233   0.0054698155

BBB first bond length
0.62132922    0.00088713651

BBB second bond length
0.62132108    0.00092845937

BBB <phi**2>/<phi>**2
1.1155317     0.0021860505

Time = 18000
Temperature
1.0087576     0.0066527927

Pressure
22.875988     0.073520099 

CM Mom
-4.2667538e-17 1.262096e-17  
-6.1598797e-17 1.6262544e-17 
-4.3889112e-17 1.6940764e-17 
8.9840345e-17  1.3440447e-17 

CM Pos
10.00026       0.0091443274  
10.004107      0.0073727467  
9.9960239      0.01432864    
17.320743      0.0073527856  

Stress
19.8541      -0.00582271  -0.0345071    0.074326     0.0506511    0.0690156   
-0.00582271  19.8952      0.0233768     0.0506511    0.0758355    0.0640383   
-0.0345071   0.0233768    19.8135       0.0690156    0.0640383    0.0797786   

Stress Spherical
0            0            0             0            0            0           
0            0            0             0            0            0           
0            0            0             0            0            0           

Inertia
266.678      -100.019     -99.9843      0.241319     0.153485     0.145388    
-100.019     266.599      -100.016      0.153485     0.251145     0.128714    
-99.9843     -100.016     266.758       0.145388     0.128714     0.252055    

Bond Length
0.62169627    0.00090616941

BB bond length
0.62169627    0.00090616941

Water EE distance
0             0           

PEG EE distance
6.96978       0.067397641 

BBB P2(x)
0.067064696   0.0073534387

BBB first bond length
0.62176839    0.0009086297

BBB second bond length
0.62172531    0.00089944173

BBB <phi**2>/<phi>**2
1.1165403     0.0028699891

Time = 19000
Temperature
1.0055824     0.0043173747

Pressure
22.837342     0.045155546 

CM Mom
-3.4801721e-17 1.474805e-17  
-7.717426e-17  2.0532916e-17 
-5.0638579e-17 3.2138587e-17 
1.0463311e-16  2.1335402e-17 

CM Pos
10.005267      0.0074577556  
9.9965123      0.014358989   
10.003786      0.0091290805  
17.323728      0.012231758   

Stress
19.8582      0.0372443    -0.0295122    0.0748523    0.064818     0.0469444   
0.0372443    19.7849      0.00216238    0.064818     0.0698817    0.0421198   
-0.0295122   0.00216238   19.8323       0.0469444    0.0421198    0.0582661   

Stress Spherical
0            0            0             0            0            0           
0            0            0             0            0            0           
0            0            0             0            0            0           

Inertia
266.657      -100.031     -100.11       0.413312     0.189563     0.154452    
-100.031     266.839      -100.024      0.189563     0.224488     0.193719    
-100.11      -100.024     266.684       0.154452     0.193719     0.312241    

Bond Length
0.62154639    0.00059477065

BB bond length
0.62154639    0.00059477065

Water EE distance
0             0           

PEG EE distance
6.9045741     0.050815558 

BBB P2(x)
0.062756274   0.0044615969

BBB first bond length
0.62159575    0.00060144807

BBB second bond length
0.62163861    0.0006480722

BBB <phi**2>/<phi>**2
1.1147266     0.0020820325

Time = 20000
Temperature
1.0102372     0.0040479453

Pressure
22.83459      0.053430547 

CM Mom
-1.5842939e-17 2.1453789e-17 
-7.44459e-17   2.3271807e-17 
-6.0068166e-17 2.7597734e-17 
1.0315477e-16  2.2889849e-17 

CM Pos
10.005017      0.010342124   
9.9959281      0.009932616   
9.9994457      0.010510805   
17.320741      0.0098455453  

Stress
19.7708      0.0136934    -0.0333439    0.0847292    0.0496402    0.0504823   
0.0136934    19.8403      -0.00208781   0.0496402    0.0521604    0.0305144   
-0.0333439   -0.00208781  19.8141       0.0504823    0.0305144    0.0771581   

Stress Spherical
0            0            0             0            0            0           
0            0            0             0            0            0           
0            0            0             0            0            0           

Inertia
266.581      -99.997      -100.031      0.269062     0.146363     0.160048    
-99.997      266.749      -99.965       0.146363     0.254436     0.17146     
-100.031     -99.965      266.687       0.160048     0.17146      0.260669    

Bond Length
0.62154885    0.00074464317

BB bond length
0.62154885    0.00074464317

Water EE distance
0             0           

PEG EE distance
6.851548      0.041036071 

BBB P2(x)
0.063619192   0.0042910742

BBB first bond length
0.62163498    0.00073679779

BBB second bond length
0.62167279    0.0007243517

BBB <phi**2>/<phi>**2
1.1148947     0.0017664466

Time = 21000
Temperature
1.0098272     0.005155415 

Pressure
22.822037     0.070215587 

CM Mom
-2.2167166e-17 1.0916605e-17 
-9.2501444e-17 2.3234191e-17 
-8.8554231e-17 1.9360512e-17 
1.3260677e-16  1.8412631e-17 

CM Pos
10.005768      0.012856134   
10.005025      0.0076877032  
9.9982773      0.010142528   
17.325751      0.011593856   

Stress
19.805       -0.0101594   -0.00536973   0.0963017    0.0386273    0.0580777   
-0.0101594   19.7986      -0.0403426    0.0386273    0.0757793    0.0507742   
-0.00536973  -0.0403426   19.7877       0.0580777    0.0507742    0.0888675   

Stress Spherical
0            0            0             0            0            0           
0            0            0             0            0            0           
0            0            0             0            0            0           

Inertia
266.726      -100.095     -100.059      0.260188     0.177977     0.224607    
-100.095     266.748      -100.013      0.177977     0.461556     0.182479    
-100.059     -100.013     266.89        0.224607     0.182479     0.365889    

Bond Length
0.62139775    0.00074314832

BB bond length
0.62139775    0.00074314832

Water EE distance
0             0           

PEG EE distance
6.9189938     0.031717915 

BBB P2(x)
0.068370694   0.0022722059

BBB first bond length
0.62142864    0.00072417564

BBB second bond length
0.62147516    0.00071356035

BBB <phi**2>/<phi>**2
1.1162173     0.0013928883

Time = 22000
Temperature
1.0083874     0.0036061595

Pressure
22.798264     0.048382901 

CM Mom
-1.0698127e-17 1.6145224e-17 
-1.1364579e-16 9.4272469e-18 
-7.6530869e-17 1.9173805e-17 
1.3962596e-16  1.0418997e-17 

CM Pos
9.9978395      0.013871198   
10.000101      0.0074385845  
9.9996961      0.0065524241  
17.319148      0.012397178   

Stress
19.7718      -0.00212956  -0.0123011    0.0815442    0.0290684    0.0474824   
-0.00212956  19.7608      -0.009588     0.0290684    0.0794851    0.0469005   
-0.0123011   -0.009588    19.8003       0.0474824    0.0469005    0.0799837   

Stress Spherical
0            0            0             0            0            0           
0            0            0             0            0            0           
0            0            0             0            0            0           

Inertia
266.668      -99.9881     -99.9617      0.285858     0.218505     0.167082    
-99.9881     266.62       -99.9897      0.218505     0.38926      0.127979    
-99.9617     -99.9897     266.624       0.167082     0.127979     0.416673    

Bond Length
0.62171291    0.00074125843

BB bond length
0.62171291    0.00074125843

Water EE distance
0             0           

PEG EE distance
7.007204      0.076811881 

BBB P2(x)
0.069369944   0.0049447123

BBB first bond length
0.62178554    0.00072950278

BBB second bond length
0.62173531    0.00070249992

BBB <phi**2>/<phi>**2
1.1177632     0.0018788741

Time = 23000
Temperature
1.0086577     0.0045822013

Pressure
22.830002     0.060620102 

CM Mom
-1.5035776e-17 1.4342095e-17 
-1.1458244e-16 1.5221731e-17 
-7.7087509e-17 1.0625365e-17 
1.403859e-16   1.1823212e-17 

CM Pos
9.997756       0.010959791   
9.9953439      0.011573082   
10.003118      0.012684872   
17.318335      0.0097630767  

Stress
19.8292      0.00149804   0.0202759     0.0883013    0.0288553    0.0308035   
0.00149804   19.7844      -0.00993866   0.0288553    0.0797353    0.0360528   
0.0202759    -0.00993866  19.8121       0.0308035    0.0360528    0.0631908   

Stress Spherical
0            0            0             0            0            0           
0            0            0             0            0            0           
0            0            0             0            0            0           

Inertia
266.633      -99.9174     -99.9989      0.301592     0.162449     0.201935    
-99.9174     266.688      -99.9672      0.162449     0.306288     0.165491    
-99.9989     -99.9672     266.527       0.201935     0.165491     0.281094    

Bond Length
0.62173096    0.0008333693

BB bond length
0.62173096    0.0008333693

Water EE distance
0             0           

PEG EE distance
6.9399257     0.060674925 

BBB P2(x)
0.064834779   0.0028794455

BBB first bond length
0.62175808    0.00087250281

BBB second bond length
0.62176565    0.00077112367

BBB <phi**2>/<phi>**2
1.1153064     0.0012756678

Time = 24000
Temperature
1.0046099     0.0065843981

Pressure
22.836885     0.054380845 

CM Mom
-3.4199215e-17 1.8118958e-17 
-8.5401152e-17 2.9204794e-17 
-7.2555627e-17 1.6849484e-17 
1.2111037e-16  2.2905526e-17 

CM Pos
9.9981733      0.011642389   
10.004024      0.010490905   
9.9988615      0.010418619   
17.321129      0.0059384505  

Stress
19.8156      -0.00178554  0.0176141     0.0691032    0.039372     0.052486    
-0.00178554  19.8205      0.00657678    0.039372     0.0728493    0.0437119   
0.0176141    0.00657678   19.8467       0.052486     0.0437119    0.0440807   

Stress Spherical
0            0            0             0            0            0           
0            0            0             0            0            0           
0            0            0             0            0            0           

Inertia
266.713      -100.019     -99.9958      0.247144     0.15646      0.0904398   
-100.019     266.605      -100.023      0.15646      0.147162     0.138555    
-99.9958     -100.023     266.7         0.0904398    0.138555     0.303083    

Bond Length
0.62133186    0.0010256818

BB bond length
0.62133186    0.0010256818

Water EE distance
0             0           

PEG EE distance
6.7554065     0.05044545  

BBB P2(x)
0.069589042   0.0061118304

BBB first bond length
0.62141988    0.0010525147

BBB second bond length
0.62146762    0.00097054704

BBB <phi**2>/<phi>**2
1.116298      0.0020033723

Time = 25000
Temperature
1.0123307     0.0044399638

Pressure
22.824574     0.058204195 

CM Mom
-1.3841521e-17 2.5321943e-17 
-8.0919711e-17 2.078636e-17  
-7.5407396e-17 2.2843451e-17 
1.1666968e-16  2.0227338e-17 

CM Pos
10.003682      0.009052076   
10.001103      0.0082939464  
9.9961074      0.0083712683  
17.321028      0.0074071389  

Stress
19.8026      0.019466     -0.0190524    0.0941486    0.0358452    0.0384637   
0.019466     19.7742      -0.00437635   0.0358452    0.071625     0.0481409   
-0.0190524   -0.00437635  19.7996       0.0384637    0.0481409    0.0687254   

Stress Spherical
0            0            0             0            0            0           
0            0            0             0            0            0           
0            0            0             0            0            0           

Inertia
266.611      -100.035     -100.024      0.291654     0.0818129    0.127364    
-100.035     266.66       -99.9486      0.0818129    0.243592     0.190748    
-100.024     -99.9486     266.773       0.127364     0.190748     0.152595    

Bond Length
0.62189722    0.00090592616

BB bond length
0.62189722    0.00090592616

Water EE distance
0             0           

PEG EE distance
6.7978756     0.082131281 

BBB P2(x)
0.064635447   0.0040758545

BBB first bond length
0.621889      0.00081491684

BBB second bond length
0.62202843    0.00094173474

BBB <phi**2>/<phi>**2
1.114577      0.0015257824

Time = 26000
Temperature
1.0113937     0.005673122 

Pressure
22.86899      0.057268141 

CM Mom
-1.4411611e-17 1.3570224e-17 
-7.1216494e-17 2.5655179e-17 
-8.733173e-17  1.9912642e-17 
1.1674996e-16  2.268513e-17  

CM Pos
10.000761      0.0097717776  
9.9979311      0.011576392   
10.003368      0.0084783342  
17.321704      0.0083813918  

Stress
19.8063      0.0304681    -0.0106501    0.0640209    0.0580913    0.0292573   
0.0304681    19.8504      0.0157016     0.0580913    0.0765143    0.0579497   
-0.0106501   0.0157016    19.8614       0.0292573    0.0579497    0.0936093   

Stress Spherical
0            0            0             0            0            0           
0            0            0             0            0            0           
0            0            0             0            0            0           

Inertia
266.693      -100.004     -100.04       0.320771     0.157825     0.111222    
-100.004     266.754      -100.02       0.157825     0.169999     0.16518     
-100.04      -100.02      266.634       0.111222     0.16518      0.260746    

Bond Length
0.62124551    0.0005714468

BB bond length
0.62124551    0.0005714468

Water EE distance
0             0           

PEG EE distance
6.789466      0.076803097 

BBB P2(x)
0.066614283   0.0050252871

BBB first bond length
0.62129452    0.00061315688

BBB second bond length
0.62130481    0.00059656846

BBB <phi**2>/<phi>**2
1.1165563     0.0021112485

Time = 27000
Temperature
1.0128781     0.0051132905

Pressure
22.871078     0.050538284 

CM Mom
-1.4236604e-17 1.5796031e-17 
-9.7797635e-17 2.3589661e-17 
-8.9442962e-17 3.39991e-17   
1.3556886e-16  3.6743865e-17 

CM Pos
10.002346      0.0079963542  
10.001436      0.011387119   
10.004871      0.01181933    
17.325511      0.01059276    

Stress
19.8575      -0.0117217   0.00713381    0.0697229    0.0482782    0.0529986   
-0.0117217   19.8172      0.0253787     0.0482782    0.100017     0.0409329   
0.00713381   0.0253787    19.8364       0.0529986    0.0409329    0.0572061   

Stress Spherical
0            0            0             0            0            0           
0            0            0             0            0            0           
0            0            0             0            0            0           

Inertia
266.801      -100.028     -100.09       0.323779     0.100841     0.144609    
-100.028     266.816      -100.032      0.100841     0.361301     0.125684    
-100.09      -100.032     266.737       0.144609     0.125684     0.287605    

Bond Length
0.62148694    0.00084734014

BB bond length
0.62148694    0.00084734014

Water EE distance
0             0           

PEG EE distance
6.8585907     0.058712762 

BBB P2(x)
0.070660153   0.004180259 

BBB first bond length
0.621536      0.00076767416

BBB second bond length
0.62152511    0.00086365646

BBB <phi**2>/<phi>**2
1.1177702     0.0023079093

Time = 28000
Temperature
1.0121657     0.0045302204

Pressure
22.81775      0.060199352 

CM Mom
-2.1935522e-17 2.8973699e-17 
-7.8617633e-17 1.6158076e-17 
-5.3762124e-17 1.6434785e-17 
1.0324359e-16  1.6238443e-17 

CM Pos
10.000427      0.015211675   
9.9970965      0.010875257   
9.9976931      0.0092016568  
17.317754      0.01315444    

Stress
19.7889      0.0100728    0.00154154    0.0758176    0.0435243    0.0459827   
0.0100728    19.7672      -0.00970776   0.0435243    0.0784859    0.062845    
0.00154154   -0.00970776  19.8014       0.0459827    0.062845     0.0810739   

Stress Spherical
