Time = 500
Temperature
   1.0344262   0.045724299

Pressure
   23.435784    0.12651508

CM Mom
-4.7659317e-18 4.2409298e-18 
-2.5220179e-17 2.3531882e-17 
5.1936154e-17  1.810655e-17  
6.0842247e-17  2.3535903e-17 

CM Pos
7.5061766      0.031633361   
7.4810624      0.016851522   
7.5008428      0.020636687   
12.983557      0.024159748   

Stress
20.3425      0.0171433    0.0216956     0.131599     0.0378941    0.0188468   
0.0171433    20.3557      -0.0107091    0.0378941    0.0825403    0.0626382   
0.0216956    -0.0107091   20.3002       0.0188468    0.0626382    0.1182      

Stress Spherical
0            0            0             0            0            0           
0            0            0             0            0            0           
0            0            0             0            0            0           

Inertia
149.582      -56.1686     -56.256       0.26378      0.2681       0.434966    
-56.1686     149.964      -56.1282      0.2681       0.782498     0.129662    
-56.256      -56.1282     149.667       0.434966     0.129662     0.430954    

Bond Length
0.61503095    0.011715801 

BB bond length
0.61503095    0.011715801 

Water EE distance
0             0           

PEG EE distance
3.8597515     0.23476072  

Time = 1000
Temperature
1.0088424     0.011113396 

Pressure
23.266114     0.063329341 

CM Mom
1.2413794e-17  1.2723936e-17 
-1.4473529e-17 2.3615934e-17 
4.9004876e-17  2.3049287e-17 
5.7538691e-17  2.6556406e-17 

CM Pos
7.515659       0.01773998    
7.4932118      0.0083076921  
7.4818779      0.019953077   
12.98509       0.0090638327  

Stress
20.2309      -0.0338421   -0.0160315    0.181223     0.0468267    0.0498345   
-0.0338421   20.209       0.0317202     0.0468267    0.0758369    0.0320104   
-0.0160315   0.0317202    20.2797       0.0498345    0.0320104    0.0979639   

Stress Spherical
0            0            0             0            0            0           
0            0            0             0            0            0           
0            0            0             0            0            0           

Inertia
149.485      -56.3281     -56.1807      0.405755     0.0891089    0.134495    
-56.3281     149.817      -56.0669      0.0891089    0.175429     0.199916    
-56.1807     -56.0669     150.018       0.134495     0.199916     0.2292      

Bond Length
0.60455265    0.0031137854

BB bond length
0.60455265    0.0031137854

Water EE distance
0             0           

PEG EE distance
3.1410567     0.37030343  

