Time = 500
Temperature
   1.0367055   0.040625843

Pressure
   23.308908    0.16288601

CM Mom
4.2126979e-17  1.9652714e-17 
1.5767144e-17  1.2794733e-17 
1.3611042e-17  2.9656634e-17 
5.4554691e-17  2.5725118e-17 

CM Pos
7.4895766      0.0096336398  
7.5277953      0.03989305    
7.4904453      0.025318373   
12.995017      0.00994294    

Stress
20.1913      0.0579368    0.0140879     0.0753982    0.0586869    0.0703052   
0.0579368    20.2649      -0.0432081    0.0586869    0.0793769    0.089035    
0.0140879    -0.0432081   20.154        0.0703052    0.089035     0.123228    

Stress Spherical
0            0            0             0            0            0           
0            0            0             0            0            0           
0            0            0             0            0            0           

Inertia
150.04       -56.347      -56.0714      0.273248     0.302887     0.329334    
-56.347      149.529      -56.4108      0.302887     0.387785     0.129202    
-56.0714     -56.4108     150.051       0.329334     0.129202     0.538664    

Bond Length
0.61130467    0.0048316237

BB bond length
0.61130467    0.0048316237

Water EE distance
0             0           

PEG EE distance
3.5566045     0.14281938  

Time = 1000
Temperature
1.0108727     0.0078818979

Pressure
23.220221     0.056772186 

CM Mom
5.8344361e-18  1.592348e-17  
8.3382032e-18  9.5411804e-18 
-6.9940756e-18 3.31239e-17   
3.7576373e-17  1.3501246e-17 

CM Pos
7.4889831      0.0025868836  
7.5150356      0.033707945   
7.4919289      0.022889093   
12.988094      0.026526864   

Stress
20.2085      -0.00495647  -0.0107675    0.0630286    0.0983132    0.0389905   
-0.00495647  20.1142      0.041502      0.0983132    0.147251     0.0569613   
-0.0107675   0.041502     20.2536       0.0389905    0.0569613    0.0216671   

Stress Spherical
0            0            0             0            0            0           
0            0            0             0            0            0           
0            0            0             0            0            0           

Inertia
149.877      -56.2287     -56.0873      0.728983     0.231993     0.155413    
-56.2287     149.551      -56.2793      0.231993     0.347884     0.325969    
-56.0873     -56.2793     149.904       0.155413     0.325969     0.593352    

Bond Length
0.61765574    0.010729011 

BB bond length
0.61765574    0.010729011 

Water EE distance
0             0           

PEG EE distance
3.9758506     0.33060481  

