Time = 1000
Temperature
   1.1084885    0.16161068

Pressure
   23.706924    0.81267315

CM Mom
-2.8000437e-17 2.0940628e-17 
-2.9537137e-17 3.3380343e-17 
-1.0908153e-17 1.9828284e-16 
1.5445706e-16  1.3706682e-16 

CM Pos
7.5002363      0.020675998   
7.5002849      0.028875585   
7.5002794      0.017827102   
12.990891      0.018582324   

Stress
20.4045      0.00943899   0.0159994     0.332939     0.0528901    0.0746123   
0.00943899   20.3875      -0.0355074    0.0528901    0.334764     0.0785942   
0.0159994    -0.0355074   20.3662       0.0746123    0.0785942    0.400888    

Stress Spherical
0            0            0             0            0            0           
0            0            0             0            0            0           
0            0            0             0            0            0           

Inertia
150.131      -56.2529     -56.2433      1.41747      0.375126     0.125959    
-56.2529     150.1        -56.3327      0.375126     1.24124      0.150537    
-56.2433     -56.3327     150.107       0.125959     0.150537     1.81152     

Bond Length
0.62029966    0.0068000661

BB bond length
0.62029966    0.0068000661

Water EE distance
0             0           

PEG EE distance
7.1000598     0.075000135 

BBB P2(x)
0.48295633    0.061119475 

BBB first bond length
0.61995242    0.0068285034

BBB second bond length
0.62004673    0.0067353487

BBB <phi**2>/<phi>**2
1.2249036     0.015565101 

Time = 2000
Temperature
1.010726      0.0081153894

Pressure
23.233615     0.10983417  

CM Mom
-3.8287926e-17 3.2410384e-17 
-3.2605595e-17 2.0222677e-17 
-6.0886032e-18 4.2826301e-17 
7.1344586e-17  2.7741538e-17 

CM Pos
7.4981593      0.012933139   
7.5031036      0.011816225   
7.4959771      0.01140392    
12.988803      0.0084133225  

Stress
20.2014      0.00608845   0.0374302     0.0821282    0.079065     0.0838271   
0.00608845   20.2336      0.0185818     0.079065     0.141967     0.0597202   
0.0374302    0.0185818    20.1819       0.0838271    0.0597202    0.160372    

Stress Spherical
0            0            0             0            0            0           
0            0            0             0            0            0           
0            0            0             0            0            0           

Inertia
149.856      -56.242      -56.199       0.380357     0.1188       0.0710112   
-56.242      149.796      -56.279       0.1188       0.23989      0.0948      
-56.199      -56.279      149.904       0.0710112    0.0948       0.405072    

Bond Length
0.61793942    0.0016903452

BB bond length
0.61793942    0.0016903452

Water EE distance
0             0           

PEG EE distance
7.0127724     0.098790271 

BBB P2(x)
0.51570208    0.012482764 

BBB first bond length
0.61773391    0.0017181219

BBB second bond length
0.61786905    0.0017329151

BBB <phi**2>/<phi>**2
1.2264263     0.0058979207

