Time = 1000
Temperature
   1.1653268    0.27091032

Pressure
   23.856213     1.0635771

CM Mom
-1.3757321e-16 2.4247404e-17 
2.3200339e-18  2.6333068e-17 
5.5463107e-17  2.7554287e-16 
2.6689514e-16  1.672727e-16  

CM Pos
7.4995711      0.028583848   
7.4942684      0.016054619   
7.495079       0.011111759   
12.984008      0.023993954   

Stress
20.405       0.0122132    0.0103208     0.255585     0.0886108    0.0549264   
0.0122132    20.3413      -7.28773e-05  0.0886108    0.326795     0.060389    
0.0103208    -7.28773e-05 20.3499       0.0549264    0.060389     0.257176    

Stress Spherical
0            0            0             0            0            0           
0            0            0             0            0            0           
0            0            0             0            0            0           

Inertia
149.978      -56.1585     -56.1999      1.33283      0.30127      0.261421    
-56.1585     150.025      -56.1826      0.30127      1.05931      0.134659    
-56.1999     -56.1826     150.049       0.261421     0.134659     1.29133     

Bond Length
0.62360939    0.013130153 

BB bond length
0.62360939    0.013130153 

Water EE distance
0             0           

PEG EE distance
7.2528036     0.14500915  

BBB P2(x)
0.48615722    0.066552191 

BBB first bond length
0.62357576    0.013346568 

BBB second bond length
0.62363815    0.013116291 

BBB <phi**2>/<phi>**2
1.2222943     0.01623051  

Time = 2000
Temperature
1.0115541     0.0081854477

Pressure
23.128929     0.065736134 

CM Mom
-1.1118208e-16 1.9204435e-17 
2.2043308e-17  1.5988136e-17 
4.1059858e-17  2.4820868e-17 
1.2429141e-16  1.803956e-17  

CM Pos
7.4939331      0.009706485   
7.4994612      0.013207248   
7.4989365      0.011833216   
12.985964      0.012707249   

Stress
20.1011      0.00426414   0.0437504     0.128422     0.0622575    0.061709    
0.00426414   20.0808      -0.00538015   0.0622575    0.110437     0.0796817   
0.0437504    -0.00538015  20.1145       0.061709     0.0796817    0.0850582   

Stress Spherical
0            0            0             0            0            0           
0            0            0             0            0            0           
0            0            0             0            0            0           

Inertia
149.831      -56.2382     -56.1559      0.366349     0.160901     0.130372    
-56.2382     149.751      -56.2534      0.160901     0.259515     0.164691    
-56.1559     -56.2534     149.766       0.130372     0.164691     0.404923    

Bond Length
0.61881101    0.0016972984

BB bond length
0.61881101    0.0016972984

Water EE distance
0             0           

PEG EE distance
7.1292885     0.17706913  

BBB P2(x)
0.5275942     0.0091670971

BBB first bond length
0.61867537    0.0016708126

BBB second bond length
0.61883506    0.0017523444

BBB <phi**2>/<phi>**2
1.2262264     0.0053744117

