Time = 500
Temperature
   1.0390858   0.044395381

Pressure
   20.831689    0.21818771

CM Mom
-1.018549e-16  2.1470269e-17 
-1.5490145e-18 2.064919e-17  
-4.3564901e-17 2.0837194e-17 
1.1371012e-16  2.5812377e-17 

CM Pos
7.5122732      0.028076822   
7.4924227      0.0057010623  
7.4882084      0.0078973993  
12.986321      0.015941794   

Stress
17.7321      -0.0260191   0.0208283     0.168338     0.0607342    0.0608331   
-0.0260191   17.7188      0.0201563     0.0607342    0.0722851    0.039399    
0.0208283    0.0201563    17.6952       0.0608331    0.039399     0.131668    

Stress Spherical
0            0            0             0            0            0           
0            0            0             0            0            0           
0            0            0             0            0            0           

Inertia
148.737      -56.2022     -56.2747      0.261644     0.197504     0.213208    
-56.2022     149.097      -56.2152      0.197504     0.8305       0.12107     
-56.2747     -56.2152     149.149       0.213208     0.12107      0.58564     

Bond Length
0.61294464    0.0013403899

BB bond length
0.61294464    0.0013403899

Water EE distance
0             0           

PEG EE distance
3.6332831     0.08788478  

Time = 1000
Temperature
1.015005      0.010559666 

Pressure
20.807244     0.12994402  

CM Mom
-8.0595369e-17 1.6236054e-17 
9.0632018e-18  1.847638e-17  
-1.9994873e-17 2.183063e-17  
8.815193e-17   1.6980868e-17 

CM Pos
7.4986395      0.011348067   
7.4873841      0.0090676103  
7.4970999      0.0062872565  
12.980647      0.0086466214  

Stress
17.7784      -0.00868191  -0.0207772    0.16953      0.0243935    0.0923288   
-0.00868191  17.7762      -0.0302752    0.0243935    0.149154     0.0411535   
-0.0207772   -0.0302752   17.7348       0.0923288    0.0411535    0.153774    

Stress Spherical
0            0            0             0            0            0           
0            0            0             0            0            0           
0            0            0             0            0            0           

Inertia
149.039      -56.0948     -56.167       0.255677     0.087604     0.158416    
-56.0948     149.225      -56.1366      0.087604     0.329267     0.0968045   
-56.167      -56.1366     149.017       0.158416     0.0968045    0.22295     

Bond Length
0.61615886    0.0020000107

BB bond length
0.61615886    0.0020000107

Water EE distance
0             0           

PEG EE distance
3.7431852     0.17009189  

