Time = 1000
Temperature
   1.0614867   0.078212659

Pressure
   23.660426    0.39152357

CM Mom
7.264897e-18   2.160232e-17  
-1.4379426e-17 1.5371836e-17 
9.9137061e-17  1.4743345e-16 
1.4111877e-16  1.1230659e-16 

CM Pos
7.5060618      0.017400773   
7.498012       0.032313411   
7.5021704      0.012369385   
12.994026      0.022026036   

Stress
20.4572      0.0134856    -0.0115494    0.173888     0.0344568    0.061264    
0.0134856    20.5292      -0.0127389    0.0344568    0.178071     0.072       
-0.0115494   -0.0127389   20.4594       0.061264     0.072        0.23189     

Stress Spherical
0            0            0             0            0            0           
0            0            0             0            0            0           
0            0            0             0            0            0           

Inertia
150.049      -56.2837     -56.3161      1.24551      0.322713     0.230683    
-56.2837     150.158      -56.2487      0.322713     0.864072     0.231243    
-56.3161     -56.2487     150.117       0.230683     0.231243     1.35848     

Bond Length
0.61942394    0.0042015396

BB bond length
0.61942394    0.0042015396

Water EE distance
0             0           

PEG EE distance
6.3998991     0.16837105  

BBB P2(x)
0.48216607    0.06342551  

BBB first bond length
0.61911787    0.0044659108

BBB second bond length
0.61919378    0.0042308622

BBB <phi**2>/<phi>**2
1.2206821     0.017252619 

Time = 2000
Temperature
1.0095828     0.0088284097

Pressure
23.398696     0.045153346 

CM Mom
1.6372109e-17  2.0311838e-17 
9.2980904e-19  1.665339e-17  
-8.1530973e-18 3.6483434e-17 
4.4051925e-17  2.0390158e-17 

CM Pos
7.4980468      0.024790366   
7.4962309      0.016326934   
7.4972723      0.0085212943  
12.985527      0.017691229   

Stress
20.3873      -0.0216703   -0.024798     0.0923644    0.0648894    0.0713838   
-0.0216703   20.3635      -0.0038909    0.0648894    0.0820232    0.0482822   
-0.024798    -0.0038909   20.376        0.0713838    0.0482822    0.11047     

Stress Spherical
0            0            0             0            0            0           
0            0            0             0            0            0           
0            0            0             0            0            0           

Inertia
149.79       -56.2087     -56.2364      0.402461     0.23755      0.252525    
-56.2087     149.822      -56.2019      0.23755      0.548246     0.105025    
-56.2364     -56.2019     149.804       0.252525     0.105025     0.643054    

Bond Length
0.61858697    0.0023882536

BB bond length
0.61858697    0.0023882536

Water EE distance
0             0           

PEG EE distance
6.7045294     0.1686758   

BBB P2(x)
0.50459572    0.012162126 

BBB first bond length
0.61846353    0.0022166864

BBB second bond length
0.61884995    0.0027225701

BBB <phi**2>/<phi>**2
1.2244765     0.012904304 

