Time = 1000
Temperature
   1.0180513   0.028681855

Pressure
    23.74968    0.11105546

CM Mom
-2.0669186e-17 1.7425422e-17 
1.4816499e-17  2.1061326e-17 
-5.085543e-17  3.791076e-17  
6.8813252e-17  2.6119065e-17 

CM Pos
7.5032004      0.015343971   
7.4974003      0.012055936   
7.5015988      0.019106106   
12.991666      0.019096053   

Stress
20.6792      -0.00669723  -0.00673127   0.113308     0.072462     0.0695612   
-0.00669723  20.6853      0.0371716     0.072462     0.0903913    0.0658959   
-0.00673127  0.0371716    20.7229       0.0695612    0.0658959    0.0879348   

Stress Spherical
0            0            0             0            0            0           
0            0            0             0            0            0           
0            0            0             0            0            0           

Inertia
149.971      -56.2544     -56.2525      0.471941     0.170477     0.167509    
-56.2544     150.044      -56.2295      0.170477     0.497257     0.198889    
-56.2525     -56.2295     150.012       0.167509     0.198889     0.361082    

Bond Length
0.57017911    0.030877775 

BB bond length
0.57017911    0.030877775 

Water EE distance
0             0           

PEG EE distance
2.7338746     0.43491733  

Time = 2000
Temperature
1.0118685     0.0069806336

Pressure
23.715833     0.090363433 

CM Mom
-5.2738609e-17 1.301328e-17  
5.473104e-17   2.3354625e-17 
-7.5092005e-17 1.3951477e-17 
1.104408e-16   1.1309938e-17 

CM Pos
7.5074972      0.01241742    
7.4978448      0.013205618   
7.5004135      0.0086760664  
12.993718      0.0092071652  

Stress
20.7061      -0.0318692   0.0216135     0.128696     0.0686802    0.0449079   
-0.0318692   20.6653      0.00851839    0.0686802    0.107384     0.0866964   
0.0216135    0.00851839   20.6702       0.0449079    0.0866964    0.0830736   

Stress Spherical
0            0            0             0            0            0           
0            0            0             0            0            0           
0            0            0             0            0            0           

Inertia
149.972      -56.2289     -56.2851      0.186388     0.139823     0.139604    
-56.2289     150.131      -56.2343      0.139823     0.260153     0.161232    
-56.2851     -56.2343     150.082       0.139604     0.161232     0.267652    

Bond Length
0.56953549    0.017196656 

BB bond length
0.56953549    0.017196656 

Water EE distance
0             0           

PEG EE distance
2.1015338     0.58203276  

Time = 3000
Temperature
1.012731      0.0088945665

Pressure
23.726063     0.049695153 

CM Mom
-6.5389274e-17 1.9207712e-17 
2.1670952e-17  2.5811426e-17 
-6.7716175e-17 8.0363516e-18 
1.0132159e-16  1.282775e-17  

CM Pos
7.4993482      0.024849421   
7.4981411      0.015621164   
7.4984874      0.013974507   
12.988089      0.016071828   

Stress
20.687       0.0239441    -0.0135337    0.0688885    0.0516554    0.0457159   
0.0239441    20.682       -0.0279612    0.0516554    0.0754613    0.0422491   
-0.0135337   -0.0279612   20.6955       0.0457159    0.0422491    0.101343    

Stress Spherical
0            0            0             0            0            0           
0            0            0             0            0            0           
0            0            0             0            0            0           

Inertia
149.96       -56.2262     -56.2594      0.256863     0.268654     0.156705    
-56.2262     149.976      -56.2578      0.268654     0.285354     0.151013    
-56.2594     -56.2578     149.954       0.156705     0.151013     0.54786     

Bond Length
0.56607014    0.019154375 

BB bond length
0.56607014    0.019154375 

Water EE distance
0             0           

PEG EE distance
2.4922213     0.59923036  

