Time = 1000
Temperature
   1.0300766   0.043140281

Pressure
   23.618207    0.20246274

CM Mom
7.5308336e-18  1.1006139e-17 
-1.246339e-17  1.5405041e-17 
-2.7383727e-18 2.9389239e-17 
3.6427964e-17  1.071118e-17  

CM Pos
7.4923895      0.013361011   
7.5061394      0.011415961   
7.4939624      0.024576418   
12.986079      0.012932679   

Stress
20.5415      -0.0284842   -0.000284835  0.12059      0.0815224    0.057669    
-0.0284842   20.522       -0.0103502    0.0815224    0.131911     0.0481916   
-0.000284835 -0.0103502   20.5305       0.057669     0.0481916    0.101783    

Stress Spherical
0            0            0             0            0            0           
0            0            0             0            0            0           
0            0            0             0            0            0           

Inertia
149.995      -56.2819     -56.1521      0.22803      0.132613     0.176771    
-56.2819     149.766      -56.2613      0.132613     0.242415     0.175591    
-56.1521     -56.2613     149.994       0.176771     0.175591     0.654884    

Bond Length
0.62017358    0.0037160604

BB bond length
0.62017358    0.0037160604

Water EE distance
0             0           

PEG EE distance
4.3434857     0.2833012   

BBB P2(x)
0.50282335    0.048773026 

BBB first bond length
0.62029134    0.0038780039

BBB second bond length
0.61979108    0.0034911885

BBB <phi**2>/<phi>**2
1.2280766     0.022096541 

Time = 2000
Temperature
1.0138623     0.0065828473

Pressure
23.559615     0.091389729 

CM Mom
3.7455482e-17  2.009091e-17  
-8.5637779e-18 1.9684256e-17 
-1.6168707e-17 2.0182309e-17 
5.2122392e-17  1.481131e-17  

CM Pos
7.5058857      0.011891593   
7.4957578      0.011103403   
7.4982634      0.022161694   
12.990345      0.0188558     

Stress
20.5634      -0.0510547   -0.00499941   0.142584     0.0414041    0.0594191   
-0.0510547   20.5169      -0.0150497    0.0414041    0.0758269    0.0733013   
-0.00499941  -0.0150497   20.4837       0.0594191    0.0733013    0.100469    

Stress Spherical
0            0            0             0            0            0           
0            0            0             0            0            0           
0            0            0             0            0            0           

Inertia
149.859      -56.2888     -56.2816      0.404288     0.171379     0.210024    
-56.2888     150.028      -56.2125      0.171379     0.368798     0.181455    
-56.2816     -56.2125     149.974       0.210024     0.181455     0.361038    

Bond Length
0.61951127    0.0026486975

BB bond length
0.61951127    0.0026486975

Water EE distance
0             0           

PEG EE distance
4.6382644     0.13586891  

BBB P2(x)
0.52422881    0.02512912  

BBB first bond length
0.61962072    0.0032992867

BBB second bond length
0.6191741     0.0034269028

BBB <phi**2>/<phi>**2
1.2243129     0.01901947  

