Time = 1000
Temperature
   1.1025787    0.13655408

Pressure
   23.696943    0.70703024

CM Mom
-4.6386832e-17 2.4046797e-17 
2.5445175e-17  2.76709e-17   
1.687916e-16   2.9586145e-16 
2.6591591e-16  2.2238806e-16 

CM Pos
7.5042723      0.013524467   
7.4989946      0.027270016   
7.5038973      0.0090549233  
12.994544      0.018553924   

Stress
20.3832      0.0123038    -0.0390202    0.308379     0.0356104    0.0584349   
0.0123038    20.3843      0.0167455     0.0356104    0.341294     0.0642208   
-0.0390202   0.0167455    20.4198       0.0584349    0.0642208    0.326872    

Stress Spherical
0            0            0             0            0            0           
0            0            0             0            0            0           
0            0            0             0            0            0           

Inertia
150.161      -56.2397     -56.2985      1.0482       0.308235     0.14257     
-56.2397     150.228      -56.2594      0.308235     1.20914      0.208504    
-56.2985     -56.2594     150.155       0.14257      0.208504     0.80497     

Bond Length
0.6197723     0.0054458387

BB bond length
0.6197723     0.0054458387

Water EE distance
0             0           

PEG EE distance
7.0240299     0.17136487  

BBB P2(x)
0.46643135    0.063959797 

BBB first bond length
0.61992018    0.0056120065

BBB second bond length
0.61968786    0.005474263 

BBB <phi**2>/<phi>**2
1.2176803     0.01666227  

Time = 2000
Temperature
1.0065146     0.0079445273

Pressure
23.172505     0.10244307  

CM Mom
-5.4905775e-17 2.3652524e-17 
-1.5318304e-17 2.62255e-17   
3.4843479e-17  6.0968308e-17 
8.7350242e-17  4.2398716e-17 

CM Pos
7.5020456      0.013552949   
7.5016665      0.011506839   
7.502116       0.010522598   
12.993759      0.009989263   

Stress
20.1492      0.0182681    -0.0387577    0.101014     0.0773159    0.0614917   
0.0182681    20.1317      -0.0114321    0.0773159    0.110843     0.0928846   
-0.0387577   -0.0114321   20.1959       0.0614917    0.0928846    0.144977    

Stress Spherical
0            0            0             0            0            0           
0            0            0             0            0            0           
0            0            0             0            0            0           

Inertia
149.946      -56.2685     -56.2563      0.393057     0.191        0.105091    
-56.2685     149.927      -56.2707      0.191        0.270852     0.127433    
-56.2563     -56.2707     149.932       0.105091     0.127433     0.25286     

Bond Length
0.6179401     0.0027658998

BB bond length
0.6179401     0.0027658998

Water EE distance
0             0           

PEG EE distance
7.1421916     0.13618414  

BBB P2(x)
0.50874222    0.0064653279

BBB first bond length
0.61781904    0.0027516948

BBB second bond length
0.61814672    0.0027356583

BBB <phi**2>/<phi>**2
1.2204569     0.008708836 

Time = 3000
Temperature
1.0071291     0.0079017201

Pressure
23.126125     0.10548958  

CM Mom
-8.2704474e-17 1.9962883e-17 
-2.7828089e-17 1.2307529e-17 
3.9506718e-17  1.6108494e-17 
9.8765273e-17  1.5169368e-17 

CM Pos
7.4950689      0.013530982   
7.5003306      0.012383961   
7.5022645      0.017095909   
12.989049      0.014972855   

Stress
20.1188      -0.0237364   -0.00103818   0.141602     0.0931455    0.0607922   
-0.0237364   20.1388      0.00786057    0.0931455    0.159471     0.082899    
-0.00103818  0.00786057   20.0745       0.0607922    0.082899     0.131086    

Stress Spherical
0            0            0             0            0            0           
0            0            0             0            0            0           
0            0            0             0            0            0           

Inertia
149.999      -56.2162     -56.1986      0.347864     0.105908     0.233313    
-56.2162     149.92       -56.2683      0.105908     0.368296     0.198704    
-56.1986     -56.2683     149.876       0.233313     0.198704     0.244245    

Bond Length
0.61935271    0.0016386645

BB bond length
0.61935271    0.0016386645

Water EE distance
0             0           

PEG EE distance
6.943464      0.16220695  

BBB P2(x)
0.50993331    0.011082811 

BBB first bond length
0.61916257    0.0016576347

BBB second bond length
0.61932066    0.0016904818

BBB <phi**2>/<phi>**2
1.2287437     0.0070371416

Time = 4000
Temperature
1.0116724     0.0073853636

Pressure
23.163161     0.11032783  

CM Mom
-7.011366e-17  2.0228671e-17 
-2.445567e-17  1.8367116e-17 
3.1837472e-17  2.7219723e-17 
8.791645e-17   1.6905354e-17 

CM Pos
7.5059051      0.0081358869  
7.4984008      0.014575249   
7.4952877      0.01450554    
12.990158      0.015852245   

Stress
20.1046      -0.0109998   8.45784e-05   0.121013     0.0447441    0.0807275   
-0.0109998   20.1473      0.0330803     0.0447441    0.120381     0.0682879   
8.45784e-05  0.0330803    20.1505       0.0807275    0.0682879    0.106413    

Stress Spherical
0            0            0             0            0            0           
0            0            0             0            0            0           
0            0            0             0            0            0           

Inertia
149.858      -56.324      -56.2778      0.324892     0.162687     0.168908    
-56.324      149.974      -56.2122      0.162687     0.286269     0.162493    
-56.2778     -56.2122     150.033       0.168908     0.162493     0.248677    

Bond Length
0.61938119    0.0017029556

BB bond length
0.61938119    0.0017029556

Water EE distance
0             0           

PEG EE distance
7.4345671     0.10640384  

BBB P2(x)
0.50825036    0.010593008 

BBB first bond length
0.61948839    0.0016904665

BBB second bond length
0.61944991    0.0017933392

BBB <phi**2>/<phi>**2
1.2222052     0.0064128638

Time = 5000
Temperature
1.0121749     0.0038670239

Pressure
23.203293     0.085763301 

CM Mom
-5.7939043e-17 1.4807449e-17 
7.764557e-18   2.7926475e-17 
4.006334e-17   3.0827024e-17 
8.1236481e-17  1.9297161e-17 

CM Pos
7.5044207      0.016927523   
7.4984008      0.0059395099  
7.50078        0.01654572    
12.992478      0.012961543   

Stress
20.1946      -0.00416498  0.00585991    0.0986683    0.0831676    0.0821476   
-0.00416498  20.1269      0.00425693    0.0831676    0.133516     0.0771136   
0.00585991   0.00425693   20.1968       0.0821476    0.0771136    0.154682    

Stress Spherical
0            0            0             0            0            0           
0            0            0             0            0            0           
0            0            0             0            0            0           

Inertia
149.959      -56.2715     -56.2939      0.306429     0.170754     0.17616     
-56.2715     150.061      -56.2167      0.170754     0.338206     0.155136    
-56.2939     -56.2167     150.009       0.17616      0.155136     0.367826    

Bond Length
0.61861384    0.0026395691

BB bond length
0.61861384    0.0026395691

Water EE distance
0             0           

PEG EE distance
7.2461865     0.13578393  

BBB P2(x)
0.51176302    0.0090233154

BBB first bond length
0.61868224    0.0025462289

BBB second bond length
0.61851499    0.0025566182

BBB <phi**2>/<phi>**2
1.218438      0.009636379 

Time = 6000
Temperature
1.006352      0.0059182917

Pressure
23.139796     0.063753277 

CM Mom
-4.2294361e-17 7.9795985e-18 
3.366912e-17   2.0723543e-17 
4.7059778e-17  2.0416541e-17 
7.5656592e-17  1.7974974e-17 

CM Pos
7.4943267      0.014394986   
7.4985493      0.012834814   
7.5004832      0.010180957   
12.986558      0.014140475   

Stress
20.1568      0.0462774    -0.0244844    0.107466     0.0763486    0.0533579   
0.0462774    20.107       0.00548239    0.0763486    0.0708706    0.0613502   
-0.0244844   0.00548239   20.1163       0.0533579    0.0613502    0.111991    

Stress Spherical
0            0            0             0            0            0           
0            0            0             0            0            0           
0            0            0             0            0            0           

Inertia
149.95       -56.1895     -56.197       0.201608     0.171957     0.169792    
-56.1895     149.922      -56.2094      0.171957     0.391841     0.102151    
-56.197      -56.2094     149.87        0.169792     0.102151     0.339156    

Bond Length
0.61833122    0.0034087956

BB bond length
0.61833122    0.0034087956

Water EE distance
0             0           

PEG EE distance
7.4313142     0.15997976  

BBB P2(x)
0.51338886    0.010991269 

BBB first bond length
0.61819579    0.0030939859

BBB second bond length
0.61834912    0.0034234454

BBB <phi**2>/<phi>**2
1.2268287     0.0068909704

Time = 7000
Temperature
1.0087638     0.0099826061

Pressure
23.175885     0.086996774 

CM Mom
-3.0773256e-17 2.592366e-17  
6.0889773e-17  2.147983e-17  
6.9455135e-17  2.7923709e-17 
1.0515644e-16  1.8271534e-17 

CM Pos
7.5002643      0.013494292   
7.5050807      0.013389378   
7.5080537      0.010585233   
12.998127      0.015159527   

Stress
20.1318      -0.0105264   -0.0125939    0.0799558    0.067571     0.051907    
-0.0105264   20.1749      0.0343424     0.067571     0.139326     0.0500433   
-0.0125939   0.0343424    20.16         0.051907     0.0500433    0.128146    

Stress Spherical
0            0            0             0            0            0           
0            0            0             0            0            0           
0            0            0             0            0            0           

Inertia
150.172      -56.252      -56.2742      0.223137     0.205256     0.145918    
-56.252      150.127      -56.332       0.205256     0.216545     0.169883    
-56.2742     -56.332      150.056       0.145918     0.169883     0.32779     

Bond Length
0.61811951    0.0021781666

BB bond length
0.61811951    0.0021781666

Water EE distance
0             0           

PEG EE distance
7.3046464     0.23997787  

BBB P2(x)
0.50431205    0.011409695 

BBB first bond length
0.61806027    0.0023247304

BBB second bond length
0.61798991    0.0022388563

BBB <phi**2>/<phi>**2
1.2225136     0.0085064444

Time = 8000
Temperature
1.010753      0.0084124628

Pressure
23.155066     0.06800246  

CM Mom
-1.1699641e-17 1.0785707e-17 
6.5784148e-17  1.6736118e-17 
5.214917e-17   2.1168734e-17 
8.731654e-17   2.0108153e-17 

CM Pos
7.5076864      0.014501741   
7.501815       0.012041148   
7.4992956      0.013363021   
12.995479      0.0083517603  

Stress
20.1285      0.00845066   -0.00168593   0.0972762    0.0499723    0.102694    
0.00845066   20.1369      -0.0841619    0.0499723    0.103986     0.0612646   
-0.00168593  -0.0841619   20.121        0.102694     0.0612646    0.0765907   

Stress Spherical
0            0            0             0            0            0           
0            0            0             0            0            0           
0            0            0             0            0            0           

Inertia
150.001      -56.3078     -56.2943      0.260183     0.143533     0.085026    
-56.3078     150.094      -56.2116      0.143533     0.146233     0.153804    
-56.2943     -56.2116     150.1         0.085026     0.153804     0.208551    

Bond Length
0.61772216    0.0019410873

BB bond length
0.61772216    0.0019410873

Water EE distance
0             0           

PEG EE distance
6.8459548     0.14074007  

BBB P2(x)
0.50185725    0.0091263835

BBB first bond length
0.61776407    0.0020462651

BBB second bond length
0.61781578    0.0019019533

BBB <phi**2>/<phi>**2
1.2236629     0.0061024867

Time = 9000
Temperature
1.0107178     0.0087798498

Pressure
23.207978     0.087218392 

CM Mom
-5.5569931e-17 2.4365464e-17 
6.1089734e-17  1.4776993e-17 
6.8519603e-17  1.6066436e-17 
1.0984994e-16  2.2761058e-17 

CM Pos
7.507538       0.0061293883  
7.5010728      0.0106475     
7.497069       0.012897325   
12.993673      0.0071225199  

Stress
20.1345      0.0147386    -0.0041498    0.117687     0.0795198    0.0666429   
0.0147386    20.1954      -0.0240911    0.0795198    0.153121     0.0700145   
-0.0041498   -0.0240911   20.2156       0.0666429    0.0700145    0.109071    

Stress Spherical
0            0            0             0            0            0           
0            0            0             0            0            0           
0            0            0             0            0            0           

Inertia
149.96       -56.32       -56.2873      0.165387     0.147113     0.133443    
-56.32       150.066      -56.2311      0.147113     0.180388     0.0827546   
-56.2873     -56.2311     150.102       0.133443     0.0827546    0.215688    

Bond Length
0.61860686    0.0019045802

BB bond length
0.61860686    0.0019045802

Water EE distance
0             0           

PEG EE distance
6.7632751     0.127439    

BBB P2(x)
0.50314548    0.0092786641

BBB first bond length
0.61866063    0.0020564483

BBB second bond length
0.6184067     0.0020482046

BBB <phi**2>/<phi>**2
1.2201539     0.012384145 

Time = 10000
Temperature
1.0070035     0.0082885119

Pressure
23.098049     0.093231372 

CM Mom
-6.2131563e-17 2.158769e-17  
6.5476378e-17  1.3617302e-17 
7.521555e-17   2.9445376e-17 
1.2114526e-16  2.5439749e-17 

CM Pos
7.4993737      0.012872528   
7.5001821      0.012462888   
7.5049364      0.012280327   
12.992988      0.011658705   

Stress
20.0994      0.00143947   0.0337415     0.0789458    0.0794428    0.100599    
0.00143947   20.0777      0.0445231     0.0794428    0.147035     0.0652961   
0.0337415    0.0445231    20.072        0.100599     0.0652961    0.133958    

Stress Spherical
0            0            0             0            0            0           
0            0            0             0            0            0           
0            0            0             0            0            0           

Inertia
150.058      -56.2583     -56.2836      0.287462     0.161052     0.116911    
-56.2583     150.052      -56.3017      0.161052     0.267426     0.15911     
-56.2836     -56.3017     149.965       0.116911     0.15911      0.224791    

Bond Length
0.61883987    0.0015002627

BB bond length
0.61883987    0.0015002627

Water EE distance
0             0           

PEG EE distance
7.0671632     0.090294385 

BBB P2(x)
0.51251128    0.0072683341

BBB first bond length
0.61863465    0.001742635 

BBB second bond length
0.6190282     0.0014261245

BBB <phi**2>/<phi>**2
1.2229466     0.0088889392

Time = 11000
Temperature
1.0106948     0.0052462207

Pressure
23.203235     0.11347117  

CM Mom
-1.0083336e-16 1.8691967e-17 
8.2240828e-17  2.0165618e-17 
9.7583989e-17  1.3130941e-17 
1.639304e-16   2.2557486e-17 

CM Pos
7.5030847      0.010973623   
7.5043385      0.013589481   
7.4966237      0.010407846   
12.992729      0.011932937   

Stress
20.174       0.0219491    -0.00427751   0.122741     0.0449325    0.0348635   
0.0219491    20.1425      -0.00639931   0.0449325    0.145943     0.0961232   
-0.00427751  -0.00639931  20.2149       0.0348635    0.0961232    0.124268    

Stress Spherical
0            0            0             0            0            0           
0            0            0             0            0            0           
0            0            0             0            0            0           

Inertia
150          -56.2906     -56.2668      0.270241     0.143055     0.187832    
-56.2906     149.988      -56.2969      0.143055     0.287582     0.15212     
-56.2668     -56.2969     150.094       0.187832     0.15212      0.225596    

Bond Length
0.61800635    0.0020476485

BB bond length
0.61800635    0.0020476485

Water EE distance
0             0           

PEG EE distance
6.8573105     0.17232618  

BBB P2(x)
0.5094251     0.011410282 

BBB first bond length
0.61790605    0.0019471301

BBB second bond length
0.61806411    0.0019945078

BBB <phi**2>/<phi>**2
1.2275633     0.0078483823

Time = 12000
Temperature
1.0096632     0.0091503809

Pressure
23.236152     0.12071455  

CM Mom
-1.0854662e-16 3.563616e-17  
6.9478482e-17  2.8058423e-17 
1.0146483e-16  2.8308119e-17 
1.7078968e-16  2.4375913e-17 

CM Pos
7.501155       0.010741248   
7.496768       0.017364468   
7.4963268      0.015068078   
12.987071      0.01986694    

Stress
20.1533      0.0182992    0.0206006     0.134839     0.094639     0.0726566   
0.0182992    20.1825      0.0292608     0.094639     0.135548     0.0771659   
0.0206006    0.0292608    20.3036       0.0726566    0.0771659    0.162707    

Stress Spherical
0            0            0             0            0            0           
0            0            0             0            0            0           
0            0            0             0            0            0           

Inertia
149.866      -56.2222     -56.2465      0.430437     0.168085     0.17615     
-56.2222     149.935      -56.2351      0.168085     0.352586     0.260452    
-56.2465     -56.2351     149.953       0.17615      0.260452     0.318212    

Bond Length
0.61883478    0.0025188134

BB bond length
0.61883478    0.0025188134

Water EE distance
0             0           

PEG EE distance
6.9476597     0.10377077  

BBB P2(x)
0.51936839    0.011878953 

BBB first bond length
0.61921251    0.0023806434

BBB second bond length
0.61893422    0.0027517093

BBB <phi**2>/<phi>**2
1.2283258     0.011035983 

Time = 13000
Temperature
1.0134238     0.0065910647

Pressure
23.162281     0.071672779 

CM Mom
-1.174032e-16  4.7289022e-17 
4.8288659e-17  1.5367828e-17 
1.1543627e-16  2.5822082e-17 
1.7814371e-16  2.9066425e-17 

CM Pos
7.4999675      0.0065449008  
7.5073073      0.012596542   
7.4979597      0.014499462   
12.993416      0.0107128     

Stress
20.1144      0.0128749    0.0361757     0.112799     0.0606987    0.0595409   
0.0128749    20.1333      0.0075146     0.0606987    0.0701524    0.0764781   
0.0361757    0.0075146    20.1364       0.0595409    0.0764781    0.0922871   

Stress Spherical
0            0            0             0            0            0           
0            0            0             0            0            0           
0            0            0             0            0            0           

Inertia
150.072      -56.3185     -56.2231      0.257984     0.149783     0.119003    
-56.3185     149.963      -56.2875      0.149783     0.252048     0.116516    
-56.2231     -56.2875     150.101       0.119003     0.116516     0.24245     

Bond Length
0.6172572     0.002040831 

BB bond length
0.6172572     0.002040831 

Water EE distance
0             0           

PEG EE distance
7.0223588     0.16458026  

BBB P2(x)
0.51266854    0.012627616 

BBB first bond length
0.61712048    0.0016914192

BBB second bond length
0.61750572    0.0021358201

BBB <phi**2>/<phi>**2
1.2244466     0.0088216476

Time = 14000
Temperature
1.0078673     0.0082958001

Pressure
23.181533     0.066694857 

CM Mom
-9.5398839e-17 2.103409e-17  
4.2946294e-17  1.3842455e-17 
1.2445073e-16  2.684713e-17  
1.6476657e-16  2.5300144e-17 

CM Pos
7.4987799      0.017490903   
7.5010728      0.016731785   
7.4998894      0.015904715   
12.990248      0.020742813   

Stress
20.1956      0.0156839    -0.0134229    0.129563     0.0479128    0.0766648   
0.0156839    20.1441      -0.010871     0.0479128    0.0844655    0.119595    
-0.0134229   -0.010871    20.152        0.0766648    0.119595     0.0873176   

Stress Spherical
0            0            0             0            0            0           
0            0            0             0            0            0           
0            0            0             0            0            0           

Inertia
150.008      -56.2762     -56.2255      0.351472     0.25778      0.190403    
-56.2762     149.981      -56.2775      0.25778      0.327067     0.207189    
-56.2255     -56.2775     149.997       0.190403     0.207189     0.465487    

Bond Length
0.61808824    0.0020592612

BB bond length
0.61808824    0.0020592612

Water EE distance
0             0           

PEG EE distance
7.410272      0.1202062   

BBB P2(x)
0.51640804    0.009637011 

BBB first bond length
0.618072      0.0024227714

BBB second bond length
0.61809049    0.0023538752

BBB <phi**2>/<phi>**2
1.2305964     0.011849514 

Time = 15000
Temperature
1.0066458     0.0071954195

Pressure
23.130091     0.097551207 

CM Mom
-8.4728804e-17 1.1564701e-17 
5.8155244e-17  1.2392125e-17 
1.5424111e-16  2.5543427e-17 
1.8621747e-16  2.4782008e-17 

CM Pos
7.498483       0.017503497   
7.4886037      0.014322092   
7.4994441      0.01575228    
12.98263       0.013348799   

Stress
20.0885      -0.0312536   -0.0125208    0.0581093    0.0616561    0.0563596   
-0.0312536   20.1035      -0.0218642    0.0616561    0.145608     0.0611338   
-0.0125208   -0.0218642   20.1564       0.0563596    0.0611338    0.147472    

Stress Spherical
0            0            0             0            0            0           
0            0            0             0            0            0           
0            0            0             0            0            0           

Inertia
149.793      -56.1625     -56.2466      0.300247     0.183356     0.214516    
-56.1625     149.969      -56.2094      0.183356     0.341081     0.168117    
-56.2466     -56.2094     149.806       0.214516     0.168117     0.314135    

Bond Length
0.61852495    0.0021779325

BB bond length
0.61852495    0.0021779325

Water EE distance
0             0           

PEG EE distance
7.5879609     0.12197194  

BBB P2(x)
0.51285483    0.010549026 

BBB first bond length
0.61853919    0.0020348627

BBB second bond length
0.61845351    0.0022722113

BBB <phi**2>/<phi>**2
1.2256854     0.0064688088

Time = 16000
Temperature
1.009268      0.008307586 

Pressure
23.155485     0.083336282 

CM Mom
-9.7901785e-17 2.289768e-17  
6.5022483e-17  1.9776184e-17 
1.6392709e-16  1.0713269e-17 
2.0328969e-16  1.9704116e-17 

CM Pos
7.4919516      0.015596943   
7.5079011      0.012621008   
7.4936549      0.014915218   
12.986655      0.013609903   

Stress
20.1066      0.0454817    -0.000941019  0.0782031    0.0505474    0.0812185   
0.0454817    20.1533      0.0257666     0.0505474    0.118511     0.0807412   
-0.000941019 0.0257666    20.1411       0.0812185    0.0807412    0.150929    

Stress Spherical
0            0            0             0            0            0           
0            0            0             0            0            0           
0            0            0             0            0            0           

Inertia
150.013      -56.2065     -56.1488      0.296331     0.165237     0.158608    
-56.2065     149.8        -56.259       0.165237     0.322191     0.156959    
-56.1488     -56.259      150           0.158608     0.156959     0.286306    

Bond Length
0.61819751    0.0017669236

BB bond length
0.61819751    0.0017669236

Water EE distance
0             0           

PEG EE distance
7.3996307     0.16459538  

BBB P2(x)
0.51311577    0.0086920843

BBB first bond length
0.61809514    0.0016499472

BBB second bond length
0.61811709    0.0017516071

BBB <phi**2>/<phi>**2
1.2252794     0.013336959 

Time = 17000
Temperature
1.0095958     0.0089133493

Pressure
23.127424     0.066294194 

CM Mom
-8.4787859e-17 1.7292182e-17 
6.2025265e-17  8.6928462e-18 
1.9465599e-16  1.7631799e-17 
2.2207615e-16  1.7167396e-17 

CM Pos
7.4978893      0.018168156   
7.5007759      0.014514651   
7.5006316      0.011445397   
12.989987      0.018805562   

Stress
20.1148      -0.00652338  -0.0261774    0.0701635    0.0548516    0.0639894   
-0.00652338  20.0737      0.0038295     0.0548516    0.099234     0.0642482   
-0.0261774   0.0038295    20.1254       0.0639894    0.0642482    0.0556398   

Stress Spherical
0            0            0             0            0            0           
0            0            0             0            0            0           
0            0            0             0            0            0           

Inertia
150.013      -56.2991     -56.2558      0.291623     0.261909     0.211264    
-56.2991     149.994      -56.2667      0.261909     0.402157     0.186236    
-56.2558     -56.2667     149.972       0.211264     0.186236     0.411748    

Bond Length
0.61927312    0.0013985837

BB bond length
0.61927312    0.0013985837

Water EE distance
0             0           

PEG EE distance
7.2354488     0.17980548  

BBB P2(x)
0.51284063    0.010657085 

BBB first bond length
0.61919202    0.0014571493

BBB second bond length
0.61917586    0.0015796524

BBB <phi**2>/<phi>**2
1.2276457     0.0069656905

Time = 18000
Temperature
1.0090108     0.0079207223

Pressure
23.10842      0.11313071  

CM Mom
-8.8536029e-17 2.9983593e-17 
7.522585e-17   1.8988898e-17 
2.2466442e-16  2.1872713e-17 
2.5537282e-16  2.2234894e-17 

CM Pos
7.5018972      0.020267004   
7.5064167      0.012603537   
7.5000378      0.014026727   
12.995224      0.015393255   

Stress
20.0504      0.00117567   -0.0214081    0.164652     0.0657615    0.0377908   
0.00117567   20.1226      -0.0340322    0.0657615    0.107725     0.0701914   
-0.0214081   -0.0340322   20.0891       0.0377908    0.0701914    0.106908    

Stress Spherical
0            0            0             0            0            0           
0            0            0             0            0            0           
0            0            0             0            0            0           

Inertia
150.086      -56.3413     -56.2704      0.243946     0.131036     0.222638    
-56.3413     150.032      -56.2856      0.131036     0.422793     0.132897    
-56.2704     -56.2856     150.129       0.222638     0.132897     0.222231    

Bond Length
0.61869378    0.0026586486

BB bond length
0.61869378    0.0026586486

Water EE distance
0             0           

PEG EE distance
7.340074      0.13592491  

BBB P2(x)
0.51159938    0.010457004 

BBB first bond length
0.61879659    0.0025779401

BBB second bond length
0.61872154    0.002707378 

BBB <phi**2>/<phi>**2
1.2274834     0.0086223651

Time = 19000
Temperature
1.0083277     0.0083743314

Pressure
23.181583     0.052378443 

CM Mom
-1.0743454e-16 1.0538645e-17 
8.2468806e-17  1.77172e-17   
2.2231062e-16  1.3219983e-17 
2.6134418e-16  8.0155534e-18 

CM Pos
7.4958111      0.019000495   
7.4948382      0.011632538   
7.4952877      0.013482039   
12.982281      0.013365593   

Stress
20.1596      0.0319381    -0.0363424    0.133495     0.0615472    0.0430686   
0.0319381    20.1725      0.0446434     0.0615472    0.0898174    0.0971134   
-0.0363424   0.0446434    20.1556       0.0430686    0.0971134    0.0447334   

Stress Spherical
0            0            0             0            0            0           
0            0            0             0            0            0           
0            0            0             0            0            0           

Inertia
149.838      -56.1584     -56.1597      0.273594     0.176495     0.151768    
-56.1584     149.891      -56.1699      0.176495     0.255168     0.154912    
-56.1597     -56.1699     149.855       0.151768     0.154912     0.362901    

Bond Length
0.61771457    0.002260085 

BB bond length
0.61771457    0.002260085 

Water EE distance
0             0           

PEG EE distance
7.1749347     0.064233127 

BBB P2(x)
0.50257861    0.0060235096

BBB first bond length
0.61780751    0.0023419077

BBB second bond length
0.61775664    0.0023578033

BBB <phi**2>/<phi>**2
1.2271319     0.0050369929

Time = 20000
Temperature
1.0087622     0.0060545077

Pressure
23.195812     0.093127721 

CM Mom
-9.8577752e-17 1.3319784e-17 
1.2324547e-16  2.4548143e-17 
1.9377594e-16  1.8660067e-17 
2.5131739e-16  2.0589501e-17 

CM Pos
7.5021941      0.0093988121  
7.4982524      0.018073308   
7.4952877      0.0094455843  
12.987932      0.012681279   

Stress
20.123       -0.0218154   -0.0443437    0.110679     0.0488388    0.0707237   
-0.0218154   20.1866      0.0385102     0.0488388    0.0707486    0.0338797   
-0.0443437   0.0385102    20.217        0.0707237    0.0338797    0.128774    

Stress Spherical
0            0            0             0            0            0           
0            0            0             0            0            0           
0            0            0             0            0            0           

Inertia
149.902      -56.2525     -56.2303      0.258342     0.194342     0.116738    
-56.2525     149.972      -56.199       0.194342     0.28072      0.183143    
-56.2303     -56.199      149.99        0.116738     0.183143     0.287286    

Bond Length
0.6189736     0.0015046639

BB bond length
0.6189736     0.0015046639

Water EE distance
0             0           

PEG EE distance
7.1515826     0.13995759  

BBB P2(x)
0.51446299    0.0072277341

BBB first bond length
0.61909646    0.0015812416

BBB second bond length
0.6189666     0.0016211566

BBB <phi**2>/<phi>**2
1.2258916     0.0085527107

Time = 21000
Temperature
1.0092733     0.010029811 

Pressure
23.173426     0.087054129 

CM Mom
-1.1277333e-16 1.3600841e-17 
1.3453132e-16  1.6788557e-17 
1.9974401e-16  1.3694271e-17 
2.6641888e-16  1.9736322e-17 

CM Pos
7.5005612      0.012055779   
7.5044869      0.011417448   
7.5059755      0.020860634   
12.996766      0.013928874   

Stress
20.1401      0.0383207    -0.00234052   0.114216     0.0568962    0.087361    
0.0383207    20.1578      0.00806531    0.0568962    0.0923675    0.0584696   
-0.00234052  0.00806531   20.1568       0.087361     0.0584696    0.122985    

Stress Spherical
0            0            0             0            0            0           
0            0            0             0            0            0           
0            0            0             0            0            0           

Inertia
150.169      -56.2787     -56.2656      0.311744     0.102384     0.22644     
-56.2787     150.122      -56.3265      0.102384     0.454855     0.158425    
-56.2656     -56.3265     150.114       0.22644      0.158425     0.249301    

Bond Length
0.61842664    0.0018353178

BB bond length
0.61842664    0.0018353178

Water EE distance
0             0           

PEG EE distance
7.0839678     0.17319618  

BBB P2(x)
0.50248522    0.01114936  

BBB first bond length
0.61836813    0.0017850623

BBB second bond length
0.61804259    0.0022039684

BBB <phi**2>/<phi>**2
1.2265627     0.010169083 

Time = 22000
Temperature
1.009889      0.0094889726

Pressure
23.209243     0.089603278 

CM Mom
-9.7496644e-17 5.3772743e-18 
1.1665994e-16  2.6740435e-17 
2.0630482e-16  1.7893472e-17 
2.5740892e-16  2.1945556e-17 

CM Pos
7.4904672      0.020919175   
7.4937991      0.010810772   
7.4972174      0.013072957   
12.979714      0.011926564   

Stress
20.1752      -0.00350107  -0.0199347    0.111609     0.0727643    0.0465801   
-0.00350107  20.1531      -0.0223521    0.0727643    0.102129     0.0646913   
-0.0199347   -0.0223521   20.2284       0.0465801    0.0646913    0.100903    

Stress Spherical
0            0            0             0            0            0           
0            0            0             0            0            0           
0            0            0             0            0            0           

Inertia
149.868      -56.1306     -56.1098      0.152032     0.135763     0.129676    
-56.1306     149.814      -56.1582      0.135763     0.274113     0.0783973   
-56.1098     -56.1582     149.772       0.129676     0.0783973    0.336226    

Bond Length
0.61831679    0.0024177839

BB bond length
0.61831679    0.0024177839

Water EE distance
0             0           

PEG EE distance
7.2429779     0.15710014  

BBB P2(x)
0.50681707    0.0063707761

BBB first bond length
0.6182027     0.0023577187

BBB second bond length
0.61824637    0.002536499 

BBB <phi**2>/<phi>**2
1.2222861     0.008597783 

Time = 23000
Temperature
1.012663      0.009311387 

Pressure
23.214173     0.072074219 

CM Mom
-9.6861877e-17 1.4857684e-17 
1.3058058e-16  1.7159192e-17 
1.5470012e-16  1.8392585e-17 
2.2562131e-16  1.7723892e-17 

CM Pos
7.5050145      0.020609308   
7.4975102      0.016401931   
7.4988503      0.016057075   
12.991205      0.013980179   

Stress
20.2295      0.0134989    -0.0294553    0.125761     0.0502841    0.0594381   
0.0134989    20.1599      -0.00745089   0.0502841    0.0975409    0.0462833   
-0.0294553   -0.00745089  20.1571       0.0594381    0.0462833    0.102892    

Stress Spherical
0            0            0             0            0            0           
0            0            0             0            0            0           
0            0            0             0            0            0           

Inertia
149.938      -56.2949     -56.3109      0.311879     0.233007     0.171031    
-56.2949     150.042      -56.213       0.233007     0.271565     0.146571    
-56.3109     -56.213      150.041       0.171031     0.146571     0.417394    

Bond Length
0.61887227    0.0015793128

BB bond length
0.61887227    0.0015793128

Water EE distance
0             0           

PEG EE distance
6.9368697     0.099562624 

BBB P2(x)
0.51422769    0.0095057876

BBB first bond length
0.61895777    0.0014924909

BBB second bond length
0.61893606    0.00179226  

BBB <phi**2>/<phi>**2
1.2279316     0.0069944747

Time = 24000
Temperature
1.0113187     0.0070570547

Pressure
23.206981     0.096302238 

CM Mom
-1.0240201e-16 1.4371924e-17 
1.3398925e-16  1.3410586e-17 
1.4429109e-16  2.6072329e-17 
2.2355441e-16  1.8676054e-17 

CM Pos
7.5054598      0.014120668   
7.4984008      0.016503716   
7.4979597      0.015512655   
12.991452      0.015466368   

Stress
20.1544      0.0126641    -0.00535449   0.105532     0.0740859    0.0523986   
0.0126641    20.1969      0.00512705    0.0740859    0.140947     0.0663685   
-0.00535449  0.00512705   20.1858       0.0523986    0.0663685    0.100268    

Stress Spherical
0            0            0             0            0            0           
0            0            0             0            0            0           
0            0            0             0            0            0           

Inertia
149.946      -56.2614     -56.2641      0.334141     0.171322     0.181402    
-56.2614     150.032      -56.2375      0.171322     0.36571      0.176578    
-56.2641     -56.2375     150.055       0.181402     0.176578     0.329998    

Bond Length
0.61740348    0.0016317603

BB bond length
0.61740348    0.0016317603

Water EE distance
0             0           

PEG EE distance
7.2544374     0.16093572  

BBB P2(x)
0.51302781    0.013524636 

BBB first bond length
0.61722429    0.0018612817

BBB second bond length
0.6171345     0.0014289316

BBB <phi**2>/<phi>**2
1.221634      0.012044022 

Time = 25000
Temperature
1.0098121     0.0089939986

Pressure
23.237253     0.087955407 

CM Mom
-1.0300216e-16 2.4107266e-17 
1.0116396e-16  2.1412741e-17 
1.4907202e-16  1.919412e-17  
2.0922861e-16  2.6410756e-17 

CM Pos
7.4999675      0.011804589   
7.4960258      0.012880229   
7.5065693      0.01730154    
12.991878      0.014733992   

Stress
20.1997      0.044203     -0.0439575    0.0973483    0.073146     0.0794211   
0.044203     20.2175      -0.0265309    0.073146     0.121756     0.0799527   
-0.0439575   -0.0265309   20.2242       0.0794211    0.0799527    0.130281    

Stress Spherical
0            0            0             0            0            0           
0            0            0             0            0            0           
0            0            0             0            0            0           

Inertia
150.015      -56.2082     -56.2782      0.346668     0.17406      0.203895    
-56.2082     150.073      -56.2614      0.17406      0.36098      0.1897      
-56.2782     -56.2614     149.919       0.203895     0.1897       0.264338    

Bond Length
0.61800885    0.0020156396

BB bond length
0.61800885    0.0020156396

Water EE distance
0             0           

PEG EE distance
7.3619727     0.18074663  

BBB P2(x)
0.51088521    0.0091593922

BBB first bond length
0.61827308    0.001904399 

BBB second bond length
0.61795059    0.002143957 

BBB <phi**2>/<phi>**2
1.2248545     0.011493005 

Time = 26000
Temperature
1.0138635     0.0064959305

Pressure
23.188254     0.074543104 

CM Mom
-6.8669299e-17 2.7510083e-17 
7.0905539e-17  1.9937155e-17 
1.5726905e-16  2.8619146e-17 
1.8818276e-16  3.220592e-17  

CM Pos
7.5050145      0.0063257622  
7.4985493      0.017946064   
7.5049364      0.010972619   
12.9953        0.014433563   

Stress
20.1546      0.0422696    -0.0515247    0.0883133    0.074288     0.0475673   
0.0422696    20.1682      -0.0246628    0.074288     0.100318     0.0567581   
-0.0515247   -0.0246628   20.1352       0.0475673    0.0567581    0.118173    

Stress Spherical
0            0            0             0            0            0           
0            0            0             0            0            0           
0            0            0             0            0            0           

Inertia
150.056      -56.26       -56.3383      0.40187      0.15211      0.0997125   
-56.26       150.142      -56.2695      0.15211      0.223047     0.176335    
-56.3383     -56.2695     150.052       0.0997125    0.176335     0.327531    

Bond Length
0.61887573    0.0025739563

BB bond length
0.61887573    0.0025739563

Water EE distance
0             0           

PEG EE distance
7.5691278     0.24687379  

BBB P2(x)
0.51512812    0.011950382 

BBB first bond length
0.61859984    0.0023523035

BBB second bond length
0.61899535    0.0026340476

BBB <phi**2>/<phi>**2
1.2218793     0.0093285517

Time = 27000
Temperature
1.0117299     0.0054993501

Pressure
23.200758     0.1014342   

CM Mom
-8.1385397e-17 1.9971653e-17 
9.7666116e-17  1.4844184e-17 
1.8852367e-16  1.468754e-17  
2.2873776e-16  1.4744633e-17 

CM Pos
7.5036785      0.010336679   
7.4997368      0.022504416   
7.4958815      0.01120806    
12.989997      0.014312556   

Stress
20.185       -0.00125297  -0.0260907    0.115019     0.0541311    0.0639467   
-0.00125297  20.1281      -0.0160892    0.0541311    0.131495     0.0439034   
-0.0260907   -0.0160892   20.2016       0.0639467    0.0439034    0.156965    

Stress Spherical
0            0            0             0            0            0           
0            0            0             0            0            0           
0            0            0             0            0            0           

Inertia
149.929      -56.2519     -56.2499      0.446686     0.159992     0.134286    
-56.2519     149.995      -56.208       0.159992     0.22591      0.214407    
-56.2499     -56.208      150.045       0.134286     0.214407     0.313667    

Bond Length
0.6177147     0.0017315974

BB bond length
0.6177147     0.0017315974

Water EE distance
0             0           

PEG EE distance
7.4670301     0.22154324  

BBB P2(x)
0.51072354    0.011669094 

BBB first bond length
0.61756372    0.0016700461

BBB second bond length
0.61763272    0.0019051954

BBB <phi**2>/<phi>**2
1.2276369     0.010350474 

Time = 28000
Temperature
1.0101767     0.0079733846

Pressure
23.119813     0.066549225 

CM Mom
-1.1159273e-16 2.4233039e-17 
5.7881156e-17  2.9672899e-17 
1.9578695e-16  1.8681097e-17 
2.3602291e-16  1.5671249e-17 

CM Pos
7.5050145      0.0090244537  
7.4924632      0.013734637   
7.5004832      0.0098955962  
12.989217      0.010390189   

Stress
20.0941      -0.00493376  -0.0301834    0.124022     0.0671359    0.0693741   
-0.00493376  20.0862      0.0487582     0.0671359    0.101958     0.0478309   
-0.0301834   0.0487582    20.1055       0.0693741    0.0478309    0.0624921   

Stress Spherical
0            0            0             0            0            0           
