Time = 500
Temperature
    1.035529   0.048880801

Pressure
   21.862005    0.10476668

CM Mom
-9.7818034e-19 8.2086348e-18 
1.0264158e-16  1.6238363e-17 
-2.0198443e-17 2.7749415e-17 
1.0802671e-16  1.937923e-17  

CM Pos
7.5208257      0.019723186   
7.4885322      0.015634785   
7.5129693      0.016279502   
13.003297      0.028462231   

Stress
18.8046      -0.008175    -0.00150442   0.114483     0.0742281    0.0424578   
-0.008175    18.8025      -0.010844     0.0742281    0.12         0.053558    
-0.00150442  -0.010844    18.6665       0.0424578    0.053558     0.134891    

Stress Spherical
0            0            0             0            0            0           
0            0            0             0            0            0           
0            0            0             0            0            0           

Inertia
149.391      -56.31       -56.4722      0.424524     0.325937     0.294494    
-56.31       149.954      -56.3599      0.325937     0.361282     0.203559    
-56.4722     -56.3599     149.45        0.294494     0.203559     0.345883    

Bond Length
0.61408295    0.0044428461

BB bond length
0.61408295    0.0044428461

Water EE distance
0             0           

PEG EE distance
3.4914561     0.078028124 

Time = 1000
Temperature
1.013373      0.0067080507

Pressure
21.714408     0.065558911 

CM Mom
-9.8128045e-18 8.2413362e-18 
1.0045944e-16  1.1239877e-17 
-5.460581e-17  3.8209462e-17 
1.2064869e-16  1.6379725e-17 

CM Pos
7.5362453      0.017229423   
7.4923871      0.0046509006  
7.5156381      0.010254987   
13.015992      0.0076374175  

Stress
18.6438      -0.0175346   -0.0382947    0.126802     0.0819878    0.0691936   
-0.0175346   18.7308      -0.0354772    0.0819878    0.146752     0.0484966   
-0.0382947   -0.0354772   18.6555       0.0691936    0.0484966    0.0997752   

Stress Spherical
0            0            0             0            0            0           
0            0            0             0            0            0           
0            0            0             0            0            0           

Inertia
149.477      -56.4505     -56.6506      0.271902     0.104898     0.129358    
-56.4505     150.285      -56.3324      0.104898     0.137355     0.123298    
-56.6506     -56.3324     149.761       0.129358     0.123298     0.230352    

Bond Length
0.61100679    0.0018234123

BB bond length
0.61100679    0.0018234123

Water EE distance
0             0           

PEG EE distance
3.6119629     0.10544474  

