Time = 1000
Temperature
   1.3539394    0.59267264

Pressure
   25.046835     2.8675586

CM Mom
-4.1085178e-17 3.7179075e-17 
-3.5631469e-17 4.182472e-17  
2.0360123e-16  3.6895845e-16 
3.5564648e-16  2.3914131e-16 

CM Pos
10.013089      0.034948698   
9.9985744      0.029216324   
9.9908771      0.04108296    
17.322077      0.022096006   

Stress
20.9545      0.0340027    0.0403895     1.45351      0.111067     0.0498574   
0.0340027    21.0062      -0.0623485    0.111067     1.41749      0.0399185   
0.0403895    -0.0623485   21.0127       0.0498574    0.0399185    1.38376     

Stress Spherical
0            0            0             0            0            0           
0            0            0             0            0            0           
0            0            0             0            0            0           

Inertia
267.44       -100.126     -100.033      5.42509      0.222203     0.185636    
-100.126     267.684      -99.9233      0.222203     6.56104      0.593602    
-100.033     -99.9233     267.823       0.185636     0.593602     6.84534     

Bond Length
0.63243569    0.029073455 

BB bond length
0.63243569    0.029073455 

Water EE distance
0             0           

PEG EE distance
9.0880413     0.16693926  

BBB P2(x)
0.1355914     0.033320298 

BBB first bond length
0.63271708    0.029605107 

BBB second bond length
0.63256112    0.029145468 

BBB <phi**2>/<phi>**2
1.1373725     0.010897604 

Time = 2000
Temperature
1.0217002     0.0098536271

Pressure
22.946203     0.091531563 

CM Mom
-1.9958036e-17 1.7014806e-17 
-1.2703816e-17 2.879866e-17  
5.4549713e-17  8.4334677e-17 
9.8577435e-17  4.5266707e-17 

CM Pos
10.002072      0.0098537621  
9.9997428      0.010817783   
9.9984718      0.011467881   
17.320679      0.013577948   

Stress
19.8951      -0.000768526 0.0364002     0.0998777    0.0577761    0.036631    
-0.000768526 19.8738      -0.0241824    0.0577761    0.108345     0.0587084   
0.0364002    -0.0241824   19.8882       0.036631     0.0587084    0.130526    

Stress Spherical
0            0            0             0            0            0           
0            0            0             0            0            0           
0            0            0             0            0            0           

Inertia
266.543      -99.9727     -100.063      1.15192      0.155961     0.198592    
-99.9727     266.576      -100.006      0.155961     1.2424       0.228957    
-100.063     -100.006     266.606       0.198592     0.228957     1.18041     

Bond Length
0.62127957    0.0010483238

BB bond length
0.62127957    0.0010483238

Water EE distance
0             0           

PEG EE distance
9.0074181     0.071909923 

BBB P2(x)
0.098617504   0.0068738601

BBB first bond length
0.62137858    0.0011533654

BBB second bond length
0.62133107    0.0010567381

BBB <phi**2>/<phi>**2
1.1239469     0.0020597555

Time = 3000
Temperature
1.0122674     0.0031224981

Pressure
22.811175     0.069546798 

CM Mom
-6.555639e-18  1.0927858e-17 
-3.5206229e-17 2.2641044e-17 
4.2169214e-17  3.8200666e-17 
6.3852728e-17  3.2784942e-17 

CM Pos
10.002406      0.0097771221  
10.000744      0.01081907    
10.002394      0.0090812689  
17.323714      0.012131378   

Stress
19.7699      -0.00249698  0.0139012     0.107168     0.0276877    0.0497494   
-0.00249698  19.8285      -0.0132891    0.0276877    0.0840378    0.0713258   
0.0139012    -0.0132891   19.7384       0.0497494    0.0713258    0.0538452   

Stress Spherical
0            0            0             0            0            0           
0            0            0             0            0            0           
0            0            0             0            0            0           

Inertia
266.682      -100.039     -100.088      0.665923     0.189379     0.0970347   
-100.039     266.701      -100.051      0.189379     0.579818     0.121579    
-100.088     -100.051     266.667       0.0970347    0.121579     0.758802    

Bond Length
0.62236292    0.0008134595

BB bond length
0.62236292    0.0008134595

Water EE distance
0             0           

PEG EE distance
9.0003139     0.10427604  

BBB P2(x)
0.088121265   0.0069299264

BBB first bond length
0.62239934    0.00078785026

BBB second bond length
0.62255344    0.00084266673

BBB <phi**2>/<phi>**2
1.1224941     0.0023273606

Time = 4000
Temperature
1.01038       0.0049024182

Pressure
22.846483     0.065935525 

CM Mom
-4.443278e-18  1.4270642e-17 
-1.1799768e-17 1.5163859e-17 
2.4681628e-17  3.1219316e-17 
4.1348137e-17  2.1603961e-17 

CM Pos
9.9972318      0.010206537   
9.9982405      0.014447005   
10.003145      0.011710691   
17.319722      0.0079934917  

Stress
19.8269      0.0141042    -0.00328235   0.105139     0.0396707    0.0319539   
0.0141042    19.8154      0.0163322     0.0396707    0.0882815    0.0301157   
-0.00328235  0.0163322    19.8174       0.0319539    0.0301157    0.0887991   

Stress Spherical
0            0            0             0            0            0           
0            0            0             0            0            0           
0            0            0             0            0            0           

Inertia
266.644      -99.9646     -99.9881      0.283895     0.141963     0.170478    
-99.9646     266.626      -100.034      0.141963     0.326409     0.136078    
-99.9881     -100.034     266.533       0.170478     0.136078     0.411484    

Bond Length
0.62202662    0.00078609567

BB bond length
0.62202662    0.00078609567

Water EE distance
0             0           

PEG EE distance
8.5648747     0.1233116   

BBB P2(x)
0.083802147   0.0058473293

BBB first bond length
0.62205569    0.00079279568

BBB second bond length
0.62207422    0.00083444165

BBB <phi**2>/<phi>**2
1.1207854     0.0025229509

Time = 5000
Temperature
1.0075939     0.0038382171

Pressure
22.792654     0.064334636 

CM Mom
-1.8573963e-17 9.1844723e-18 
-5.5206539e-19 2.3109135e-17 
2.2741179e-17  2.1231999e-17 
4.1250628e-17  1.5166682e-17 

CM Pos
10.003658      0.012482281   
10.000744      0.0067208728  
10.000475      0.007767025   
17.323329      0.0093186689  

Stress
19.7779      -0.00700525  0.00921729    0.0764269    0.0521437    0.0456064   
-0.00700525  19.7708      0.00525211    0.0521437    0.0896573    0.0669629   
0.00921729   0.00525211   19.7745       0.0456064    0.0669629    0.083446    

Stress Spherical
0            0            0             0            0            0           
0            0            0             0            0            0           
0            0            0             0            0            0           

Inertia
266.667      -100.051     -100.019      0.259393     0.125573     0.213866    
-100.051     266.728      -99.9534      0.125573     0.357043     0.0889522   
-100.019     -99.9534     266.739       0.213866     0.0889522    0.26122     

Bond Length
0.62213502    0.00076609601

BB bond length
0.62213502    0.00076609601

Water EE distance
0             0           

PEG EE distance
8.340385      0.044171189 

BBB P2(x)
0.076293144   0.0053442091

BBB first bond length
0.62228393    0.00082468097

BBB second bond length
0.62223308    0.00076989479

BBB <phi**2>/<phi>**2
1.1187453     0.001940473 

Time = 6000
Temperature
1.0113282     0.0043563331

Pressure
22.855856     0.060602358 

CM Mom
-1.9441412e-17 1.4887508e-17 
1.0543968e-17  2.295454e-17  
-2.613291e-18  1.4632015e-17 
3.5510321e-17  1.4058267e-17 

CM Pos
10.000069      0.006157859   
9.9989082      0.0060534761  
9.9980545      0.0077916475  
17.318797      0.00604827    

Stress
19.8665      -0.00600836  0.015153      0.0792067    0.0338203    0.0401205   
-0.00600836  19.8252      0.00514938    0.0338203    0.103395     0.0345159   
0.015153     0.00514938   19.7876       0.0401205    0.0345159    0.0639854   

Stress Spherical
0            0            0             0            0            0           
0            0            0             0            0            0           
0            0            0             0            0            0           

Inertia
266.599      -99.9828     -100.026      0.122826     0.0883088    0.142214    
-99.9828     266.613      -99.9574      0.0883088    0.195509     0.114451    
-100.026     -99.9574     266.639       0.142214     0.114451     0.194714    

Bond Length
0.62186203    0.00072616068

BB bond length
0.62186203    0.00072616068

Water EE distance
0             0           

PEG EE distance
7.9348396     0.21384545  

BBB P2(x)
0.074130034   0.0038984205

BBB first bond length
0.62190757    0.00074906631

BBB second bond length
0.62191191    0.00076676189

BBB <phi**2>/<phi>**2
1.11731       0.0030586036

Time = 7000
Temperature
1.0105502     0.0063487775

Pressure
22.82639      0.062093647 

CM Mom
-2.4311725e-17 1.7631299e-17 
7.5641009e-18  2.0426707e-17 
2.3418955e-17  9.6964618e-18 
4.3657085e-17  1.0626214e-17 

CM Pos
9.9963138      0.013624204   
9.9999932      0.0079544334  
9.9962184      0.010411931   
17.316199      0.01221573    

Stress
19.813       1.26069e-07  0.0285406     0.068842     0.0465202    0.044262    
1.26069e-07  19.8136      -0.0264189    0.0465202    0.0572065    0.0526552   
0.0285406    -0.0264189   19.7713       0.044262     0.0526552    0.0639463   

Stress Spherical
0            0            0             0            0            0           
0            0            0             0            0            0           
0            0            0             0            0            0           

Inertia
266.589      -99.9679     -99.9595      0.250518     0.178662     0.20583     
-99.9679     266.503      -99.9933      0.178662     0.379831     0.168156    
-99.9595     -99.9933     266.586       0.20583      0.168156     0.374614    

Bond Length
0.62219242    0.0010363783

BB bond length
0.62219242    0.0010363783

Water EE distance
0             0           

PEG EE distance
7.6027095     0.15299346  

BBB P2(x)
0.070899751   0.0055698308

BBB first bond length
0.6222558     0.0010304114

BBB second bond length
0.622285      0.00088342496

BBB <phi**2>/<phi>**2
1.1176308     0.001870951 

Time = 8000
Temperature
1.0124969     0.0072255944

Pressure
22.835325     0.057708607 

CM Mom
-8.6524799e-18 1.4952718e-17 
1.7179814e-17  1.6280697e-17 
1.6595898e-17  7.5262226e-18 
3.3170789e-17  9.5090947e-18 

CM Pos
10.000069      0.0090904682  
9.9970721      0.010380106   
10.004397      0.012043501   
17.321403      0.011586992   

Stress
19.8367      0.0221874    -0.0248048    0.101354     0.0457596    0.0509438   
0.0221874    19.8066      -0.0144063    0.0457596    0.0603493    0.0509526   
-0.0248048   -0.0144063   19.7639       0.0509438    0.0509526    0.0384484   

Stress Spherical
0            0            0             0            0            0           
0            0            0             0            0            0           
0            0            0             0            0            0           

Inertia
266.679      -99.9496     -100          0.329354     0.134876     0.188646    
-99.9496     266.746      -100.009      0.134876     0.356542     0.129869    
-100         -100.009     266.599       0.188646     0.129869     0.251319    

Bond Length
0.62180412    0.00095298131

BB bond length
0.62180412    0.00095298131

Water EE distance
0             0           

PEG EE distance
7.5851623     0.13334303  

BBB P2(x)
0.07257323    0.0053358901

BBB first bond length
0.62190088    0.00095907808

BBB second bond length
0.62183098    0.0009536928

BBB <phi**2>/<phi>**2
1.1189562     0.0022525152

Time = 9000
Temperature
1.0088566     0.0047959853

Pressure
22.826912     0.069555228 

CM Mom
-1.0145541e-17 1.86612e-17   
8.3595661e-18  8.5361261e-18 
1.7804674e-17  1.352466e-17  
3.199023e-17   8.394533e-18  

CM Pos
9.998901       0.01464596    
9.9998263      0.0079017195  
10.000976      0.0075855486  
17.320343      0.010593451   

Stress
19.795       -0.0156615   -0.00161911   0.114935     0.0613897    0.0465826   
-0.0156615   19.806       0.00178489    0.0613897    0.0832079    0.0430624   
-0.00161911  0.00178489   19.8137       0.0465826    0.0430624    0.0838891   

Stress Spherical
0            0            0             0            0            0           
0            0            0             0            0            0           
0            0            0             0            0            0           

Inertia
266.677      -99.9873     -99.9647      0.285136     0.119377     0.17357     
-99.9873     266.659      -99.971       0.119377     0.367581     0.217503    
-99.9647     -99.971      266.634       0.17357      0.217503     0.330628    

Bond Length
0.62164509    0.000756714 

BB bond length
0.62164509    0.000756714 

Water EE distance
0             0           

PEG EE distance
7.3224544     0.054230208 

BBB P2(x)
0.066870025   0.0030974389

BBB first bond length
0.62167891    0.00079665575

BBB second bond length
0.62169271    0.00079994271

BBB <phi**2>/<phi>**2
1.1159058     0.0013705814

Time = 10000
Temperature
1.0128861     0.0043469534

Pressure
22.817516     0.064365624 

CM Mom
9.0584359e-18  1.9624799e-17 
3.4789588e-18  2.5125282e-17 
3.3322732e-17  1.5465988e-17 
4.677779e-17   1.6492742e-17 

CM Pos
10.000236      0.012315718   
9.999409       0.0092593835  
10.000475      0.011534499   
17.320585      0.010950749   

Stress
19.7695      0.0118752    -0.00213059   0.0710732    0.035446     0.0437036   
0.0118752    19.783       -0.0142169    0.035446     0.075066     0.0424842   
-0.00213059  -0.0142169   19.7977       0.0437036    0.0424842    0.104596    

Stress Spherical
0            0            0             0            0            0           
0            0            0             0            0            0           
0            0            0             0            0            0           

Inertia
266.679      -99.9915     -99.9889      0.310584     0.191099     0.205244    
-99.9915     266.689      -100.036      0.191099     0.350686     0.154123    
-99.9889     -100.036     266.669       0.205244     0.154123     0.335423    

Bond Length
0.62168451    0.0007884365

BB bond length
0.62168451    0.0007884365

Water EE distance
0             0           

PEG EE distance
7.2188385     0.048974258 

BBB P2(x)
0.067245396   0.0063741384

BBB first bond length
0.62184731    0.00082116429

BBB second bond length
0.6218196     0.00083473326

BBB <phi**2>/<phi>**2
1.1169506     0.0025774959

Time = 11000
Temperature
1.0104839     0.0051125078

Pressure
22.826352     0.054295146 

CM Mom
1.9614218e-17  1.7151689e-17 
8.1217836e-18  3.810525e-17  
2.4657917e-17  1.4231211e-17 
5.1191747e-17  1.9667657e-17 

CM Pos
9.9959799      0.011510319   
9.9969887      0.0086087778  
10.00398       0.010755793   
17.318752      0.013303234   

Stress
19.8026      0.0198975    -0.00164611   0.0768327    0.0490237    0.0410036   
0.0198975    19.7891      0.0119856     0.0490237    0.0878158    0.0460931   
-0.00164611  0.0119856    19.8066       0.0410036    0.0460931    0.0679792   

Stress Spherical
0            0            0             0            0            0           
0            0            0             0            0            0           
0            0            0             0            0            0           

Inertia
266.673      -99.9129     -99.968       0.344744     0.14928      0.180919    
-99.9129     266.654      -100.018      0.14928      0.318737     0.190251    
-99.968      -100.018     266.512       0.180919     0.190251     0.306862    

Bond Length
0.62163715    0.0008411332

BB bond length
0.62163715    0.0008411332

Water EE distance
0             0           

PEG EE distance
7.2451499     0.049889536 

BBB P2(x)
0.069289847   0.0039576326

BBB first bond length
0.62169853    0.00089947325

BBB second bond length
0.62172525    0.00084920201

BBB <phi**2>/<phi>**2
1.1155702     0.0014110548

Time = 12000
Temperature
1.0104214     0.0054149584

Pressure
22.822382     0.05609538  

CM Mom
3.271623e-17   2.2872099e-17 
2.1893363e-17  2.5414666e-17 
4.0796202e-17  1.8941375e-17 
6.705397e-17   1.5670996e-17 

CM Pos
10.008081      0.004906339   
9.9995759      0.012861551   
9.9998906      0.014010098   
17.324875      0.010977162   

Stress
19.7762      -0.00200217  0.0127168     0.0691282    0.042631     0.0423634   
-0.00200217  19.7915      0.00764799    0.042631     0.0521835    0.0341197   
0.0127168    0.00764799   19.8192       0.0423634    0.0341197    0.0828895   

Stress Spherical
0            0            0             0            0            0           
0            0            0             0            0            0           
0            0            0             0            0            0           

Inertia
266.639      -100.087     -100.096      0.448062     0.109064     0.161297    
-100.087     266.811      -100.009      0.109064     0.254855     0.212111    
-100.096     -100.009     266.799       0.161297     0.212111     0.244821    

Bond Length
0.62165422    0.0007648297

BB bond length
0.62165422    0.0007648297

Water EE distance
0             0           

PEG EE distance
7.1141549     0.098373125 

BBB P2(x)
0.066262162   0.0036206392

BBB first bond length
0.62175585    0.00075164708

BBB second bond length
0.62169483    0.00082203043

BBB <phi**2>/<phi>**2
1.1161075     0.0017918104

Time = 13000
Temperature
1.0061172     0.0052009615

Pressure
22.778492     0.039686813 

CM Mom
4.8520601e-17  1.5245587e-17 
2.26835e-17    2.7549139e-17 
5.4034827e-17  2.0661425e-17 
8.338095e-17   1.5951394e-17 

CM Pos
9.9941438      0.010991522   
9.9967383      0.010194587   
9.9993899      0.0065311292  
17.314896      0.010863314   

Stress
19.7631      0.0120579    0.0203194     0.0686436    0.0454586    0.0445266   
0.0120579    19.8115      0.0059777     0.0454586    0.0505405    0.0459783   
0.0203194    0.0059777    19.7194       0.0445266    0.0459783    0.0645339   

Stress Spherical
0            0            0             0            0            0           
0            0            0             0            0            0           
0            0            0             0            0            0           

Inertia
266.583      -99.9262     -99.9756      0.329123     0.213239     0.131934    
-99.9262     266.528      -99.9421      0.213239     0.212292     0.161412    
-99.9756     -99.9421     266.473       0.131934     0.161412     0.319985    

Bond Length
0.62176698    0.00074850811

BB bond length
0.62176698    0.00074850811

Water EE distance
0             0           

PEG EE distance
6.9164265     0.077019518 

BBB P2(x)
0.069466798   0.003724724 

BBB first bond length
0.62180168    0.00075777706

BBB second bond length
0.62184579    0.00069438608

BBB <phi**2>/<phi>**2
1.1165139     0.0024786241

Time = 14000
Temperature
1.0083828     0.0055783506

Pressure
22.836256     0.047596516 

CM Mom
4.9834253e-17  2.0085546e-17 
1.1393638e-17  1.2497918e-17 
7.5092244e-17  1.2391447e-17 
9.3769794e-17  1.3134452e-17 

CM Pos
10.002907      0.0077396248  
9.9971556      0.011677037   
9.9973869      0.0080657382  
17.319039      0.012123261   

Stress
19.791       -0.00680226  0.0268284     0.0808122    0.0386105    0.0451837   
-0.00680226  19.828       -0.00266344   0.0386105    0.0722379    0.0593662   
0.0268284    -0.00266344  19.8279       0.0451837    0.0593662    0.04442     

Stress Spherical
0            0            0             0            0            0           
0            0            0             0            0            0           
0            0            0             0            0            0           

Inertia
266.55       -99.9836     -99.9972      0.319441     0.135008     0.16831     
-99.9836     266.67       -99.9335      0.135008     0.27126      0.144968    
-99.9972     -99.9335     266.67        0.16831      0.144968     0.311831    

Bond Length
0.62131542    0.00083761132

BB bond length
0.62131542    0.00083761132

Water EE distance
0             0           

PEG EE distance
6.7628196     0.065475787 

BBB P2(x)
0.067111205   0.0061547618

BBB first bond length
0.6214664     0.00086440474

BBB second bond length
0.62132633    0.00088322478

BBB <phi**2>/<phi>**2
1.115831      0.0023712195

Time = 15000
Temperature
1.0140515     0.0078525693

Pressure
22.869613     0.06097764  

CM Mom
5.5836379e-17  1.6357194e-17 
-1.0298889e-18 2.1137114e-17 
5.7650151e-17  1.2344059e-17 
8.4018495e-17  1.58084e-17   

CM Pos
9.9966476      0.015787785   
9.9979902      0.011399346   
9.9956342      0.010658212   
17.314904      0.008313949   

Stress
19.8112      -0.00618019  -0.0128211    0.0726968    0.0598024    0.0488651   
-0.00618019  19.8528      0.00724305    0.0598024    0.0929959    0.0295095   
-0.0128211   0.00724305   19.8321       0.0488651    0.0295095    0.0599649   

Stress Spherical
0            0            0             0            0            0           
0            0            0             0            0            0           
0            0            0             0            0            0           

Inertia
266.521      -99.9314     -99.9091      0.340471     0.140438     0.137024    
-99.9314     266.492      -99.9043      0.140438     0.314776     0.152212    
-99.9091     -99.9043     266.546       0.137024     0.152212     0.278167    

Bond Length
0.62151147    0.00072518008

BB bond length
0.62151147    0.00072518008

Water EE distance
0             0           

PEG EE distance
6.7647039     0.072812963 

BBB P2(x)
0.066007846   0.0037888707

BBB first bond length
0.62161083    0.00072752806

BBB second bond length
0.62156164    0.00073616615

BBB <phi**2>/<phi>**2
1.1163215     0.001389194 

Time = 16000
Temperature
1.009934      0.0079934117

Pressure
22.807861     0.060872447 

CM Mom
6.2660783e-17  1.4265123e-17 
-2.0783788e-17 1.4719261e-17 
6.5140358e-17  1.7461967e-17 
9.562966e-17   1.347756e-17  

CM Pos
10.003825      0.021068773   
9.9999932      0.010002496   
10.007235      0.0083107256  
17.326905      0.0095965243  

Stress
19.7419      0.0326055    0.0111277     0.110211     0.0540263    0.0435411   
0.0326055    19.8113      0.0302591     0.0540263    0.0572957    0.0521563   
0.0111277    0.0302591    19.7946       0.0435411    0.0521563    0.0738737   

Stress Spherical
0            0            0             0            0            0           
0            0            0             0            0            0           
0            0            0             0            0            0           

Inertia
266.805      -100.061     -100.103      0.241563     0.230012     0.192562    
-100.061     266.872      -100.043      0.230012     0.334811     0.113076    
-100.103     -100.043     266.73        0.192562     0.113076     0.415456    

Bond Length
0.62214849    0.00090072771

BB bond length
0.62214849    0.00090072771

Water EE distance
0             0           

PEG EE distance
6.9025724     0.13087415  

BBB P2(x)
0.064960028   0.0055249017

BBB first bond length
0.62230522    0.00093308826

BBB second bond length
0.62229337    0.00094243708

BBB <phi**2>/<phi>**2
1.116524      0.0025478694

Time = 17000
Temperature
1.0100892     0.006307084 

Pressure
22.824571     0.067905748 

CM Mom
8.3755553e-17  1.1943255e-17 
-1.7704603e-17 1.2244393e-17 
6.1606282e-17  1.6484824e-17 
1.0759329e-16  1.0572635e-17 

CM Pos
10.000654      0.01104084    
10.002831      0.0059601306  
10.004481      0.015102303   
17.325115      0.010271433   

Stress
19.783       -0.00396667  -0.0197373    0.096234     0.0446208    0.0352022   
-0.00396667  19.8095      -0.0191036    0.0446208    0.0673       0.0513089   
-0.0197373   -0.0191036   19.804        0.0352022    0.0513089    0.0754029   

Stress Spherical
0            0            0             0            0            0           
0            0            0             0            0            0           
0            0            0             0            0            0           

Inertia
266.818      -100.012     -100.052      0.377956     0.146557     0.165111    
-100.012     266.766      -100.051      0.146557     0.338568     0.201888    
-100.052     -100.051     266.739       0.165111     0.201888     0.219642    

Bond Length
0.62193446    0.0008698657

BB bond length
0.62193446    0.0008698657

Water EE distance
0             0           

PEG EE distance
6.9337222     0.036849114 

BBB P2(x)
0.068667949   0.0053549232

BBB first bond length
0.62204026    0.0008776697

BBB second bond length
0.62207209    0.00077133769

BBB <phi**2>/<phi>**2
1.1173163     0.0015616011

Time = 18000
Temperature
1.0141604     0.0049067818

Pressure
22.851968     0.066197324 

CM Mom
9.002239e-17   1.9889783e-17 
-2.3233481e-17 3.079113e-17  
4.8132597e-17  1.5799355e-17 
1.0999713e-16  2.1319471e-17 

CM Pos
10.000737      0.0079893827  
9.9986578      0.0087372741  
9.9991395      0.0069970899  
17.319665      0.0093852981  

Stress
19.8145      -0.0256993   0.00692033    0.0685998    0.0412614    0.0420569   
-0.0256993   19.8333      0.00920433    0.0412614    0.103539     0.0525881   
0.00692033   0.00920433   19.7944       0.0420569    0.0525881    0.0817333   

Stress Spherical
0            0            0             0            0            0           
0            0            0             0            0            0           
0            0            0             0            0            0           

Inertia
266.619      -99.9945     -99.9548      0.22631      0.156501     0.115406    
-99.9945     266.672      -99.9798      0.156501     0.267508     0.0987268   
-99.9548     -99.9798     266.651       0.115406     0.0987268    0.279198    

Bond Length
0.62166645    0.00086383487

BB bond length
0.62166645    0.00086383487

Water EE distance
0             0           

PEG EE distance
7.0089081     0.083593001 

BBB P2(x)
0.068153661   0.0043565718

BBB first bond length
0.62166871    0.00092752802

BBB second bond length
0.62179455    0.00084385884

BBB <phi**2>/<phi>**2
1.1157732     0.001923396 

Time = 19000
Temperature
1.0120191     0.0033019658

Pressure
22.87005      0.063100145 

CM Mom
1.2447248e-16  1.362318e-17  
-2.6096079e-17 1.0195865e-17 
4.0982444e-17  2.4133522e-17 
1.3635854e-16  1.1501553e-17 

CM Pos
10.001739      0.0090597675  
9.9973225      0.0074479424  
9.9998906      0.0096031713  
17.319908      0.0087225164  

Stress
19.819       0.031437     0.00325944    0.0997049    0.0515245    0.0467041   
0.031437     19.8695      0.00894114    0.0515245    0.102264     0.064685    
0.00325944   0.00894114   19.8271       0.0467041    0.064685     0.0731799   

Stress Spherical
0            0            0             0            0            0           
0            0            0             0            0            0           
0            0            0             0            0            0           

Inertia
266.617      -99.9796     -100.039      0.249873     0.16892      0.100008    
-99.9796     266.719      -100.032      0.16892      0.229135     0.176462    
-100.039     -100.032     266.646       0.100008     0.176462     0.255714    

Bond Length
0.62157748    0.00089770297

BB bond length
0.62157748    0.00089770297

Water EE distance
0             0           

PEG EE distance
7.1665746     0.11067096  

BBB P2(x)
0.0681059     0.0041359165

BBB first bond length
0.62155939    0.00087102671

BBB second bond length
0.62169652    0.00092125426

BBB <phi**2>/<phi>**2
1.1163444     0.002403644 

Time = 20000
Temperature
1.0099269     0.0055965413

Pressure
22.816277     0.047182508 

CM Mom
1.2667188e-16  9.7262112e-18 
-1.0994053e-17 1.4838919e-17 
4.2561676e-17  1.8561071e-17 
1.3571076e-16  1.4833245e-17 

CM Pos
9.997816       0.007991562   
10.00208       0.011305164   
9.9983049      0.0085229908  
17.319475      0.0086423657  

Stress
19.749       0.0247661    0.00622382    0.0412137    0.0454389    0.0563596   
0.0247661    19.8219      -0.0156278    0.0454389    0.101626     0.0272327   
0.00622382   -0.0156278   19.8021       0.0563596    0.0272327    0.0696503   

Stress Spherical
0            0            0             0            0            0           
0            0            0             0            0            0           
0            0            0             0            0            0           

Inertia
266.681      -99.9931     -99.9537      0.235562     0.174017     0.146306    
-99.9931     266.591      -99.9798      0.174017     0.189997     0.148548    
-99.9537     -99.9798     266.672       0.146306     0.148548     0.292781    

Bond Length
0.62223331    0.0010529833

BB bond length
0.62223331    0.0010529833

Water EE distance
0             0           

PEG EE distance
6.9173109     0.05497618  

BBB P2(x)
0.065874697   0.0040014275

BBB first bond length
0.62229251    0.0010815412

BBB second bond length
0.62234877    0.0011153307

BBB <phi**2>/<phi>**2
1.1158157     0.0019677997

Time = 21000
Temperature
1.0107902     0.0057460674

Pressure
22.833655     0.076418064 

CM Mom
1.3046464e-16  2.1965711e-17 
-5.5084926e-18 1.1323177e-17 
3.8819353e-17  1.360527e-17  
1.3763997e-16  2.0232557e-17 

CM Pos
9.9973987      0.0080154947  
9.9969887      0.017338495   
10.005983      0.0065188531  
17.32073       0.013015287   

Stress
19.7507      0.0317856    -0.0203058    0.114798     0.0367246    0.0429658   
0.0317856    19.8304      0.00189961    0.0367246    0.0710819    0.0328024   
-0.0203058   0.00189961   19.8364       0.0429658    0.0328024    0.0659907   

Stress Spherical
0            0            0             0            0            0           
0            0            0             0            0            0           
0            0            0             0            0            0           

Inertia
266.741      -99.9276     -100.006      0.409811     0.185888     0.104835    
-99.9276     266.729      -100.019      0.185888     0.201571     0.225661    
-100.006     -100.019     266.554       0.104835     0.225661     0.380992    

Bond Length
0.62122489    0.0010628917

BB bond length
0.62122489    0.0010628917

Water EE distance
0             0           

PEG EE distance
7.0425237     0.046560331 

BBB P2(x)
0.067732026   0.0063514093

BBB first bond length
0.62133717    0.0010992164

BBB second bond length
0.62127303    0.0010782607

BBB <phi**2>/<phi>**2
1.1158838     0.0019622144

Time = 22000
Temperature
1.0138433     0.0054208027

Pressure
22.847784     0.06304376  

CM Mom
1.2914473e-16  2.3490464e-17 
-6.5387001e-18 2.0022047e-17 
3.2788503e-17  1.8387023e-17 
1.3584087e-16  2.5183853e-17 

CM Pos
9.9988175      0.009100041   
10.003999      0.0096408139  
10.000475      0.0071701508  
17.322413      0.0095450263  

Stress
19.7965      -0.000464737 0.00148954    0.10059      0.060756     0.0539291   
-0.000464737 19.8285      -0.0217177    0.060756     0.0718964    0.0489744   
0.00148954   -0.0217177   19.8074       0.0539291    0.0489744    0.0561393   

Stress Spherical
0            0            0             0            0            0           
0            0            0             0            0            0           
0            0            0             0            0            0           

Inertia
266.763      -100.023     -100.033      0.199617     0.150357     0.153948    
-100.023     266.652      -100.052      0.150357     0.23932      0.146241    
-100.033     -100.052     266.73        0.153948     0.146241     0.257905    

Bond Length
0.62207507    0.00097946081

BB bond length
0.62207507    0.00097946081

Water EE distance
0             0           

PEG EE distance
6.9624806     0.058838909 

BBB P2(x)
0.068394497   0.0051702253

BBB first bond length
0.62219033    0.0010414954

BBB second bond length
0.62216382    0.0010518203

BBB <phi**2>/<phi>**2
1.1163824     0.0027359331

Time = 23000
Temperature
1.0091233     0.0041898192

Pressure
22.828119     0.071843446 

CM Mom
1.2720524e-16  2.4154941e-17 
-1.3724092e-17 1.4254803e-17 
4.657178e-17   2.1290643e-17 
1.3851771e-16  2.4315636e-17 

CM Pos
10.00683       0.01137641    
10.000995      0.0097528701  
9.9998906      0.0090889357  
17.32497       0.0091013604  

Stress
19.7973      0.0114952    0.010186      0.0984127    0.0582024    0.0325158   
0.0114952    19.8303      0.014605      0.0582024    0.0715233    0.0403661   
0.010186     0.014605     19.7883       0.0325158    0.0403661    0.0928056   

Stress Spherical
0            0            0             0            0            0           
0            0            0             0            0            0           
0            0            0             0            0            0           

Inertia
266.68       -100.036     -100.064      0.245604     0.129036     0.188393    
-100.036     266.792      -100.009      0.129036     0.384715     0.0891553   
-100.064     -100.009     266.82        0.188393     0.0891553    0.215701    

Bond Length
0.62151275    0.00081930662

BB bond length
0.62151275    0.00081930662

Water EE distance
0             0           

PEG EE distance
6.8217162     0.09699745  

BBB P2(x)
0.0653037     0.0067669983

BBB first bond length
0.62160215    0.00075940256

BBB second bond length
0.62168192    0.00084723971

BBB <phi**2>/<phi>**2
1.1166719     0.0028209304

Time = 24000
Temperature
1.009655      0.0026204397

Pressure
22.819121     0.063742359 

CM Mom
1.5256706e-16  1.5201367e-17 
3.8440441e-18  2.6228627e-17 
4.517103e-17   1.6769032e-17 
1.6255585e-16  1.0379068e-17 

CM Pos
9.9974822      0.010637279   
10.002497      0.011048093   
10.001142      0.0074950213  
17.321161      0.010878473   

Stress
19.7908      0.0142635    -0.00744895   0.0610726    0.0373453    0.0480137   
0.0142635    19.8093      0.0110097     0.0373453    0.104611     0.0629656   
-0.00744895  0.0110097    19.784        0.0480137    0.0629656    0.0950694   

Stress Spherical
0            0            0             0            0            0           
0            0            0             0            0            0           
0            0            0             0            0            0           

Inertia
266.741      -99.9971     -99.9837      0.25369      0.187413     0.161681    
-99.9971     266.622      -100.032      0.187413     0.342287     0.153676    
-99.9837     -100.032     266.66        0.161681     0.153676     0.268335    

Bond Length
0.62190722    0.0010136862

BB bond length
0.62190722    0.0010136862

Water EE distance
0             0           

PEG EE distance
6.8002153     0.036350633 

BBB P2(x)
0.066003174   0.0037129233

BBB first bond length
0.62193624    0.0010829974

BBB second bond length
0.62195383    0.0010404249

BBB <phi**2>/<phi>**2
1.1163499     0.0024348504

Time = 25000
Temperature
1.0140446     0.0051781135

Pressure
22.869248     0.087194153 

CM Mom
1.5237005e-16  1.2516746e-17 
2.4904618e-19  1.0513598e-17 
3.6279493e-17  1.1017787e-17 
1.573395e-16   1.2875325e-17 

CM Pos
10.002156      0.0085962277  
9.9956533      0.0076235602  
9.9974703      0.011018105   
17.317789      0.0082927912  

Stress
19.8375      0.000457318  0.00887106    0.130284     0.0386458    0.0614176   
0.000457318  19.8347      0.0138953     0.0386458    0.0993028    0.0423919   
0.00887106   0.0138953    19.8228       0.0614176    0.0423919    0.0972963   

Stress Spherical
0            0            0             0            0            0           
0            0            0             0            0            0           
0            0            0             0            0            0           

Inertia
266.533      -100.018     -100.017      0.290376     0.108847     0.134823    
-100.018     266.668      -99.9145      0.108847     0.313446     0.155288    
-100.017     -99.9145     266.625       0.134823     0.155288     0.189994    

Bond Length
0.62164664    0.0011124676

BB bond length
0.62164664    0.0011124676

Water EE distance
0             0           

PEG EE distance
6.6371735     0.076494708 

BBB P2(x)
0.069285818   0.0032928451

BBB first bond length
0.62169038    0.0011068837

BBB second bond length
0.62175603    0.0011011417

BBB <phi**2>/<phi>**2
1.1171302     0.0017792455

Time = 26000
Temperature
1.0086216     0.0036818087

Pressure
22.796478     0.047194412 

CM Mom
1.4750194e-16  1.0264058e-17 
9.5168592e-18  1.4468527e-17 
4.1181194e-17  2.3956419e-17 
1.5580937e-16  1.2462765e-17 

CM Pos
9.998901       0.012716406   
10.001078      0.010018152   
9.9992229      0.011423761   
17.320052      0.015543538   

Stress
19.805       -0.0202064   -0.00340007   0.0636451    0.0505886    0.0407177   
-0.0202064   19.7615      -0.00715301   0.0505886    0.106701     0.0561742   
-0.00340007  -0.00715301  19.7589       0.0407177    0.0561742    0.0962632   

Stress Spherical
0            0            0             0            0            0           
0            0            0             0            0            0           
0            0            0             0            0            0           

Inertia
266.674      -100.001     -99.9811      0.373858     0.245692     0.231067    
-100.001     266.637      -99.9736      0.245692     0.464222     0.177707    
-99.9811     -99.9736     266.673       0.231067     0.177707     0.406456    

Bond Length
0.6219867     0.00095413262

BB bond length
0.6219867     0.00095413262

Water EE distance
0             0           

PEG EE distance
6.6662333     0.10357995  

BBB P2(x)
0.067952827   0.0039059806

BBB first bond length
0.62202657    0.0010358115

BBB second bond length
0.62200927    0.00097465609

BBB <phi**2>/<phi>**2
1.1168539     0.00098829732

Time = 27000
Temperature
1.0119808     0.0054475547

Pressure
22.793721     0.068849651 

CM Mom
1.2901212e-16  2.4709035e-17 
1.6359273e-17  1.211681e-17  
5.4890114e-17  1.9081605e-17 
1.4271803e-16  2.6032691e-17 

CM Pos
9.9957296      0.009748584   
9.9997428      0.0091199201  
9.9999741      0.009504383   
17.317885      0.0086060702  

Stress
19.7571      -0.00159409  0.00608664    0.0660855    0.0472304    0.0556857   
-0.00159409  19.752       0.0033936     0.0472304    0.118135     0.0451021   
0.00608664   0.0033936    19.778        0.0556857    0.0451021    0.0708562   

Stress Spherical
0            0            0             0            0            0           
0            0            0             0            0            0           
0            0            0             0            0            0           

Inertia
266.655      -99.9711     -99.9498      0.316688     0.128748     0.158175    
-99.9711     266.582      -100.011      0.128748     0.250175     0.150651    
-99.9498     -100.011     266.563       0.158175     0.150651     0.246226    

Bond Length
0.62195015    0.00063811599

BB bond length
0.62195015    0.00063811599

Water EE distance
0             0           

PEG EE distance
6.6585471     0.07838855  

BBB P2(x)
0.070133733   0.0064398361

BBB first bond length
0.62201051    0.00068823042

BBB second bond length
0.62198538    0.00069390417

BBB <phi**2>/<phi>**2
1.1170267     0.0027853723

Time = 28000
Temperature
1.0108994     0.0078087388

Pressure
22.843759     0.05700394  

CM Mom
1.4160503e-16  1.2868413e-17 
3.6560361e-18  3.1696794e-17 
4.1919212e-17  2.3367e-17    
1.5260697e-16  1.5810947e-17 

CM Pos
10.001488      0.013068922   
9.9990751      0.015194265   
10.000058      0.013574779   
17.320882      0.0079491369  

Stress
19.8046      0.00638858   0.00410226    0.0733       0.0530748    0.0337053   
0.00638858   19.8065      0.0189316     0.0530748    0.0842607    0.0383167   
0.00410226   0.0189316    19.8357       0.0337053    0.0383167    0.0669171   

Stress Spherical
