Time = 1000
Temperature
   1.1111336     0.1499327

Pressure
   23.724515    0.76802794

CM Mom
7.4655769e-18  1.776914e-17  
-1.7464176e-17 2.4815317e-17 
3.2935335e-17  2.2158611e-16 
1.7803398e-16  1.4064606e-16 

CM Pos
7.5012801      0.016665808   
7.5000859      0.026793975   
7.4946531      0.010417369   
12.988099      0.02651042    

Stress
20.3781      -0.00890803  0.00260974    0.328204     0.0661542    0.0511793   
-0.00890803  20.4208      -0.0555356    0.0661542    0.379487     0.086861    
0.00260974   -0.0555356   20.3942       0.0511793    0.086861     0.335043    

Stress Spherical
0            0            0             0            0            0           
0            0            0             0            0            0           
0            0            0             0            0            0           

Inertia
150.052      -56.2591     -56.2112      1.70984      0.261796     0.20068     
-56.2591     150.058      -56.1824      0.261796     1.56533      0.252911    
-56.2112     -56.1824     150.162       0.20068      0.252911     1.77158     

Bond Length
0.61910739    0.0067630983

BB bond length
0.61910739    0.0067630983

Water EE distance
0             0           

PEG EE distance
6.9651409     0.18421382  

BBB P2(x)
0.46706811    0.065489657 

BBB first bond length
0.61891453    0.0068305467

BBB second bond length
0.61907503    0.0068099542

BBB <phi**2>/<phi>**2
1.2166449     0.015962416 

Time = 2000
Temperature
1.0137633     0.0067573137

Pressure
23.197948     0.095305512 

CM Mom
1.5092249e-17  1.4400325e-17 
-1.8128744e-17 1.6074332e-17 
1.3339431e-18  5.3969701e-17 
5.8247048e-17  2.3323169e-17 

CM Pos
7.497569       0.015297385   
7.4965233      0.015729883   
7.4982157      0.014089424   
12.985951      0.019673905   

Stress
20.1614      -0.0063299   0.00771669    0.134179     0.0712377    0.0432017   
-0.0063299   20.1669      0.0141471     0.0712377    0.165891     0.0949799   
0.00771669   0.0141471    20.1596       0.0432017    0.0949799    0.0898463   

Stress Spherical
0            0            0             0            0            0           
0            0            0             0            0            0           
0            0            0             0            0            0           

Inertia
149.781      -56.1936     -56.2306      0.586509     0.157929     0.213607    
-56.1936     149.8        -56.2391      0.157929     0.619526     0.182427    
-56.2306     -56.2391     149.782       0.213607     0.182427     0.63673     

Bond Length
0.61787944    0.0024300094

BB bond length
0.61787944    0.0024300094

Water EE distance
0             0           

PEG EE distance
6.7969343     0.15575637  

BBB P2(x)
0.5095954     0.012069482 

BBB first bond length
0.61783322    0.0023328538

BBB second bond length
0.61773859    0.0025920336

BBB <phi**2>/<phi>**2
1.2271315     0.0081600052

Time = 3000
Temperature
1.0061765     0.0057612409

Pressure
23.180391     0.070383041 

CM Mom
1.6456543e-17  1.8481248e-17 
-1.7430117e-17 1.8453543e-17 
-1.0325253e-18 6.4345287e-18 
3.1456697e-17  1.7597217e-17 

CM Pos
7.4986081      0.010888961   
7.4904372      0.010150611   
7.4937624      0.013579748   
12.980462      0.016392924   

Stress
20.1703      -0.00867736  -0.0438953    0.0946177    0.0584306    0.069765    
-0.00867736  20.2335      0.0237767     0.0584306    0.110448     0.0529283   
-0.0438953   0.0237767    20.0997       0.069765     0.0529283    0.134088    

Stress Spherical
0            0            0             0            0            0           
0            0            0             0            0            0           
0            0            0             0            0            0           

Inertia
149.714      -56.1849     -56.213       0.315574     0.112285     0.134947    
-56.1849     149.829      -56.1518      0.112285     0.35608      0.172791    
-56.213      -56.1518     149.791       0.134947     0.172791     0.314366    

Bond Length
0.61970459    0.0023433023

BB bond length
0.61970459    0.0023433023

Water EE distance
0             0           

PEG EE distance
6.8135898     0.12555345  

BBB P2(x)
0.51626307    0.012253265 

BBB first bond length
0.61952153    0.0023143912

BBB second bond length
0.61973058    0.0023809748

BBB <phi**2>/<phi>**2
1.2290284     0.011217169 

Time = 4000
Temperature
1.0130127     0.0064936184

Pressure
23.152263     0.077551608 

CM Mom
3.4953897e-17  1.464268e-17  
-1.3708315e-17 2.0413262e-17 
2.4981941e-17  2.2205465e-17 
5.4865706e-17  1.2154692e-17 

CM Pos
7.4965299      0.016275159   
7.4944451      0.015156292   
7.4988094      0.013409934   
12.984499      0.016212868   

Stress
20.1469      -0.0138586   0.00399837    0.0654168    0.0679517    0.0309886   
-0.0138586   20.0773      -0.0136964    0.0679517    0.109498     0.0521931   
0.00399837   -0.0136964   20.1335       0.0309886    0.0521931    0.113795    

Stress Spherical
0            0            0             0            0            0           
0            0            0             0            0            0           
0            0            0             0            0            0           

Inertia
149.844      -56.1673     -56.2267      0.313911     0.207349     0.0944842   
-56.1673     149.882      -56.1931      0.207349     0.254464     0.160663    
-56.2267     -56.1931     149.807       0.0944842    0.160663     0.40722     

Bond Length
0.61969338    0.0037548171

BB bond length
0.61969338    0.0037548171

Water EE distance
0             0           

PEG EE distance
6.9115268     0.14772338  

BBB P2(x)
0.5122082     0.0080395381

BBB first bond length
0.61963807    0.003778077 

BBB second bond length
0.6196085     0.0037809749

BBB <phi**2>/<phi>**2
1.2247278     0.0039219218

Time = 5000
Temperature
1.0146309     0.0059874045

Pressure
23.150013     0.08634618  

CM Mom
5.9598266e-17  2.0083385e-17 
4.5411473e-18  1.6269982e-17 
5.8686356e-17  3.1317091e-17 
8.7360042e-17  3.2151232e-17 

CM Pos
7.5015769      0.015710259   
7.5040938      0.0075690542  
7.5005907      0.016705425   
12.994013      0.012651472   

Stress
20.0977      -0.0109043   0.00272358    0.0922906    0.0640532    0.0764385   
-0.0109043   20.1394      -0.0171091    0.0640532    0.182591     0.0998517   
0.00272358   -0.0171091   20.0993       0.0764385    0.0998517    0.112423    

Stress Spherical
0            0            0             0            0            0           
0            0            0             0            0            0           
0            0            0             0            0            0           

Inertia
150.034      -56.2675     -56.2905      0.271643     0.183733     0.13999     
-56.2675     149.998      -56.2553      0.183733     0.294532     0.151448    
-56.2905     -56.2553     150.066       0.13999      0.151448     0.325471    

Bond Length
0.61919815    0.002149037 

BB bond length
0.61919815    0.002149037 

Water EE distance
0             0           

PEG EE distance
6.7414101     0.12093676  

BBB P2(x)
0.51252111    0.010892353 

BBB first bond length
0.61930886    0.0021588888

BBB second bond length
0.61917875    0.0021753965

BBB <phi**2>/<phi>**2
1.2231486     0.011791164 

Time = 6000
Temperature
1.008091      0.0055871357

Pressure
23.140867     0.11990516  

CM Mom
6.1779159e-17  1.6010115e-17 
4.0404208e-18  1.3031427e-17 
3.3422877e-17  3.4448046e-17 
7.7655564e-17  2.3075989e-17 

CM Pos
7.4972721      0.012679361   
7.4974139      0.011033698   
7.4931687      0.01258254    
12.983383      0.0098636428  

Stress
20.1408      0.0518267    -0.02393      0.113917     0.0606986    0.0902889   
0.0518267    20.1108      -0.000338807  0.0606986    0.146941     0.0772174   
-0.02393     -0.000338807 20.1161       0.0902889    0.0772174    0.191929    

Stress Spherical
0            0            0             0            0            0           
0            0            0             0            0            0           
0            0            0             0            0            0           

Inertia
149.816      -56.2164     -56.2005      0.223081     0.135837     0.177214    
-56.2164     149.829      -56.1756      0.135837     0.236302     0.0880158   
-56.2005     -56.1756     149.903       0.177214     0.0880158    0.275709    

Bond Length
0.61836499    0.0017044495

BB bond length
0.61836499    0.0017044495

Water EE distance
0             0           

PEG EE distance
6.7773008     0.071445722 

BBB P2(x)
0.51468594    0.010946247 

BBB first bond length
0.61855418    0.0018127537

BBB second bond length
0.61860052    0.0018592601

BBB <phi**2>/<phi>**2
1.2280579     0.010641591 

Time = 7000
Temperature
1.0093109     0.0080394187

Pressure
23.186741     0.081187142 

CM Mom
6.2408158e-17  1.3500033e-17 
-8.3980873e-18 2.5290699e-17 
4.6938373e-17  1.350745e-17  
8.4027781e-17  1.0591053e-17 

CM Pos
7.4977175      0.013916329   
7.4986015      0.010787307   
7.4965828      0.015251222   
12.986295      0.015317714   

Stress
20.2004      0.00534147   -0.00837806   0.12245      0.0609042    0.0905654   
0.00534147   20.2108      -0.0497716    0.0609042    0.0900341    0.0402729   
-0.00837806  -0.0497716   20.0832       0.0905654    0.0402729    0.0764663   

Stress Spherical
0            0            0             0            0            0           
0            0            0             0            0            0           
0            0            0             0            0            0           

Inertia
149.896      -56.2329     -56.2441      0.254675     0.183753     0.1795      
-56.2329     149.885      -56.207       0.183753     0.350506     0.175843    
-56.2441     -56.207      149.943       0.1795       0.175843     0.285789    

Bond Length
0.61820716    0.0014603307

BB bond length
0.61820716    0.0014603307

Water EE distance
0             0           

PEG EE distance
6.9299119     0.10136473  

BBB P2(x)
0.51384684    0.012150378 

BBB first bond length
0.61806205    0.0014685151

BBB second bond length
0.61828568    0.0017506879

BBB <phi**2>/<phi>**2
1.2240003     0.0052981681

Time = 8000
Temperature
1.0080875     0.0098373698

Pressure
23.128636     0.093086229 

CM Mom
3.6120771e-17  2.070162e-17  
5.574888e-17   2.3548125e-17 
6.7565943e-17  1.4266741e-17 
1.0017715e-16  1.1355775e-17 

CM Pos
7.4986081      0.010848413   
7.5036485      0.010664043   
7.4974735      0.011132113   
12.990236      0.01040002    

Stress
20.1377      -0.0645005   -0.0231389    0.119982     0.0918188    0.0420442   
-0.0645005   20.1305      -0.0105264    0.0918188    0.136036     0.0483551   
-0.0231389   -0.0105264   20.0629       0.0420442    0.0483551    0.0761994   

Stress Spherical
0            0            0             0            0            0           
0            0            0             0            0            0           
0            0            0             0            0            0           

Inertia
150.001      -56.2562     -56.25        0.246079     0.169202     0.165245    
-56.2562     149.929      -56.2625      0.169202     0.263408     0.157166    
-56.25       -56.2625     150.04        0.165245     0.157166     0.185768    

Bond Length
0.61886076    0.0026736219

BB bond length
0.61886076    0.0026736219

Water EE distance
0             0           

PEG EE distance
7.2394044     0.088721867 

BBB P2(x)
0.50928747    0.0087802411

BBB first bond length
0.61873572    0.0024287663

BBB second bond length
0.61880189    0.0025640182

BBB <phi**2>/<phi>**2
1.2283882     0.0093326978

Time = 9000
Temperature
1.0104803     0.0097541456

Pressure
23.184286     0.071518156 

CM Mom
2.2997712e-17  1.585525e-17  
5.8501227e-17  1.9668383e-17 
5.5291963e-17  2.0838804e-17 
8.7757236e-17  1.9484534e-17 

CM Pos
7.5032098      0.01628531    
7.4941482      0.012473492   
7.511427       0.013810632   
12.995476      0.012498635   

Stress
20.1937      0.0124912    0.0157808     0.0555062    0.0732237    0.0827606   
0.0124912    20.183       -0.00294351   0.0732237    0.113903     0.0563264   
0.0157808    -0.00294351  20.0998       0.0827606    0.0563264    0.0626975   

Stress Spherical
0            0            0             0            0            0           
0            0            0             0            0            0           
0            0            0             0            0            0           

Inertia
150.08       -56.2368     -56.3704      0.222874     0.19454      0.175017    
-56.2368     150.208      -56.261       0.19454      0.274405     0.141678    
-56.3704     -56.261      149.971       0.175017     0.141678     0.290179    

Bond Length
0.61745654    0.0021674065

BB bond length
0.61745654    0.0021674065

Water EE distance
0             0           

PEG EE distance
7.0268215     0.13262986  

BBB P2(x)
0.50612139    0.0070756879

BBB first bond length
0.61776234    0.0018474096

BBB second bond length
0.61745557    0.0021908121

BBB <phi**2>/<phi>**2
1.2200089     0.0054696578

Time = 10000
Temperature
1.01125       0.010036474 

Pressure
23.184154     0.073599045 

CM Mom
2.5134933e-17  1.4087811e-17 
2.8624088e-17  2.0053231e-17 
7.0130553e-17  2.1900821e-17 
8.2588344e-17  2.5076035e-17 

CM Pos
7.498905       0.014746587   
7.5005312      0.017108793   
7.4998485      0.015973836   
12.989986      0.017105715   

Stress
20.1484      -0.049118    0.00695165    0.0558076    0.074232     0.0874183   
-0.049118    20.1592      -0.00746846   0.074232     0.144424     0.0679779   
0.00695165   -0.00746846  20.1615       0.0874183    0.0679779    0.0920163   

Stress Spherical
0            0            0             0            0            0           
0            0            0             0            0            0           
0            0            0             0            0            0           

Inertia
149.982      -56.2466     -56.2187      0.310162     0.180418     0.19777     
-56.2466     149.966      -56.2186      0.180418     0.397621     0.166834    
-56.2187     -56.2186     149.974       0.19777      0.166834     0.337057    

Bond Length
0.61846462    0.0013146365

BB bond length
0.61846462    0.0013146365

Water EE distance
0             0           

PEG EE distance
6.8718654     0.13894698  

BBB P2(x)
0.50648751    0.0077229368

BBB first bond length
0.61815961    0.0012016552

BBB second bond length
0.61842278    0.0013685088

BBB <phi**2>/<phi>**2
1.2207892     0.0070878704

Time = 11000
Temperature
1.0094484     0.008475372 

Pressure
23.144779     0.13367448  

CM Mom
-4.3205859e-19 2.7913543e-17 
1.9327549e-17  2.2022076e-17 
1.4508022e-17  2.0099122e-17 
4.5271493e-17  1.4241767e-17 

CM Pos
7.502616       0.010331348   
7.5033516      0.017377787   
7.5035596      0.0097847522  
12.995899      0.0073513527  

Stress
20.0971      -0.0449508   0.0306389     0.160395     0.0711936    0.0934405   
-0.0449508   20.1262      0.00273853    0.0711936    0.114638     0.0623841   
0.0306389    0.00273853   20.144        0.0934405    0.0623841    0.153297    

Stress Spherical
0            0            0             0            0            0           
0            0            0             0            0            0           
0            0            0             0            0            0           

Inertia
150.089      -56.3589     -56.3049      0.178746     0.145164     0.188916    
-56.3589     150.076      -56.3326      0.145164     0.287121     0.115404    
-56.3049     -56.3326     150.083       0.188916     0.115404     0.217881    

Bond Length
0.61840998    0.0030096006

BB bond length
0.61840998    0.0030096006

Water EE distance
0             0           

PEG EE distance
7.1229775     0.20025164  

BBB P2(x)
0.50149052    0.0060270141

BBB first bond length
0.6182828     0.0031855221

BBB second bond length
0.61843314    0.0029756511

BBB <phi**2>/<phi>**2
1.2229357     0.0069132565

Time = 12000
Temperature
1.0067196     0.0088357849

Pressure
23.156868     0.1088895   

CM Mom
6.4303392e-18  2.1523651e-17 
5.2607871e-17  1.4083152e-17 
3.5561471e-17  2.5364894e-17 
6.9600675e-17  2.3114545e-17 

CM Pos
7.5015769      0.013194592   
7.5021641      0.011460789   
7.505044       0.013560263   
12.995463      0.015466799   

Stress
20.1069      -0.0122458   0.0119526     0.115205     0.0818273    0.0710349   
-0.0122458   20.1398      -0.0550848    0.0818273    0.112573     0.0885078   
0.0119526    -0.0550848   20.1813       0.0710349    0.0885078    0.140247    

Stress Spherical
0            0            0             0            0            0           
0            0            0             0            0            0           
0            0            0             0            0            0           

Inertia
150.108      -56.2832     -56.2697      0.281911     0.171146     0.195353    
-56.2832     150.097      -56.288       0.171146     0.343284     0.167307    
-56.2697     -56.288      150.057       0.195353     0.167307     0.291012    

Bond Length
0.61793781    0.0025507531

BB bond length
0.61793781    0.0025507531

Water EE distance
0             0           

PEG EE distance
6.6795433     0.10194117  

BBB P2(x)
0.51104632    0.0099480164

BBB first bond length
0.61787429    0.0028020879

BBB second bond length
0.61782082    0.0024157745

BBB <phi**2>/<phi>**2
1.2240618     0.0082417725

Time = 13000
Temperature
1.0083832     0.0060469809

Pressure
23.204751     0.052752585 

CM Mom
-1.2565132e-17 2.660225e-17  
5.8328184e-17  1.4747103e-17 
1.24245e-17    1.6927343e-17 
6.8630504e-17  1.4696035e-17 

CM Pos
7.4923736      0.0088381845  
7.5023125      0.016094768   
7.5043018      0.0098240824  
12.989813      0.0094442628  

Stress
20.1817      -0.0237117   0.0181731     0.105183     0.0618188    0.0481332   
-0.0237117   20.1667      -0.0176876    0.0618188    0.123718     0.053961    
0.0181731    -0.0176876   20.2083       0.0481332    0.053961     0.0669787   

Stress Spherical
0            0            0             0            0            0           
0            0            0             0            0            0           
0            0            0             0            0            0           

Inertia
150.109      -56.1951     -56.2107      0.316059     0.0964992    0.138826    
-56.1951     149.945      -56.333       0.0964992    0.209343     0.113835    
-56.2107     -56.333      149.913       0.138826     0.113835     0.189966    

Bond Length
0.61885785    0.0021935209

BB bond length
0.61885785    0.0021935209

Water EE distance
0             0           

PEG EE distance
6.8049867     0.12418933  

BBB P2(x)
0.5048206     0.0091898244

BBB first bond length
0.61884923    0.0020933964

BBB second bond length
0.61880941    0.0022410484

BBB <phi**2>/<phi>**2
1.2239493     0.0098956147

Time = 14000
Temperature
1.014405      0.0068535251

Pressure
23.157851     0.11809142  

CM Mom
-2.6021298e-17 1.7322012e-17 
3.6690097e-17  1.7940339e-17 
-5.1937672e-18 2.3936018e-17 
5.1588219e-17  2.4160772e-17 

CM Pos
7.5049911      0.013845689   
7.5017187      0.014817393   
7.505044       0.013849667   
12.997184      0.013153471   

Stress
20.1539      -0.0449949   -0.0349572    0.165404     0.0663706    0.0892329   
-0.0449949   20.1045      0.0175737     0.0663706    0.146078     0.0699189   
-0.0349572   0.0175737    20.1035       0.0892329    0.0699189    0.11755     

Stress Spherical
0            0            0             0            0            0           
0            0            0             0            0            0           
0            0            0             0            0            0           

Inertia
150.095      -56.3469     -56.339       0.30411      0.18253      0.123053    
-56.3469     150.166      -56.3034      0.18253      0.223881     0.152621    
-56.339      -56.3034     150.102       0.123053     0.152621     0.313259    

Bond Length
0.61764253    0.0021228934

BB bond length
0.61764253    0.0021228934

Water EE distance
0             0           

PEG EE distance
6.937449      0.2522176   

BBB P2(x)
0.50680643    0.0077073573

BBB first bond length
0.61774763    0.0023474945

BBB second bond length
0.61749467    0.0020098751

BBB <phi**2>/<phi>**2
1.2235423     0.0052472743

Time = 15000
Temperature
1.012523      0.0078167786

Pressure
23.214509     0.067956428 

CM Mom
-2.7706409e-17 1.1821497e-17 
1.9004398e-17  1.372338e-17  
-4.1994557e-18 1.1090175e-17 
3.840148e-17   1.1083542e-17 

CM Pos
7.5021707      0.018980189   
7.5033516      0.010480633   
7.5051924      0.0088618376  
12.996581      0.014212899   

Stress
20.1976      0.00292013   -0.0505203    0.0829436    0.104654     0.0753575   
0.00292013   20.1865      0.00249565    0.104654     0.134772     0.0914947   
-0.0505203   0.00249565   20.1647       0.0753575    0.0914947    0.0985649   

Stress Spherical
0            0            0             0            0            0           
0            0            0             0            0            0           
0            0            0             0            0            0           

Inertia
150.124      -56.3095     -56.318       0.198826     0.198322     0.184965    
-56.3095     150.103      -56.3207      0.198322     0.285435     0.138637    
-56.318      -56.3207     150.079       0.184965     0.138637     0.382928    

Bond Length
0.61698264    0.002159987 

BB bond length
0.61698264    0.002159987 

Water EE distance
0             0           

PEG EE distance
7.6452683     0.21645078  

BBB P2(x)
0.50711603    0.0079237914

BBB first bond length
0.61703359    0.0020985671

BBB second bond length
0.61677493    0.0021428944

BBB <phi**2>/<phi>**2
1.221249      0.005181613 

Time = 16000
Temperature
1.0113381     0.009561965 

Pressure
23.183258     0.083318606 

CM Mom
-6.8392155e-17 1.5922496e-17 
1.8035219e-17  2.5431701e-17 
-1.1691264e-17 1.2715452e-17 
7.7139131e-17  1.5842227e-17 

CM Pos
7.5030614      0.012873384   
7.4937029      0.01824078    
7.5017783      0.0070270957  
12.989552      0.016974878   

Stress
20.1877      -0.00134343  -0.0265869    0.102659     0.0472311    0.071728    
-0.00134343  20.144       0.022374      0.0472311    0.124951     0.0621148   
-0.0265869   0.022374     20.134        0.071728     0.0621148    0.135021    

Stress Spherical
0            0            0             0            0            0           
0            0            0             0            0            0           
0            0            0             0            0            0           

Inertia
149.942      -56.2009     -56.291       0.321544     0.214236     0.138834    
-56.2009     150.078      -56.2009      0.214236     0.241887     0.178951    
-56.291      -56.2009     149.937       0.138834     0.178951     0.333316    

Bond Length
0.61880925    0.0017613358

BB bond length
0.61880925    0.0017613358

Water EE distance
0             0           

PEG EE distance
7.3863015     0.0914065   

BBB P2(x)
0.50828891    0.0097555556

BBB first bond length
0.61891504    0.0018069953

BBB second bond length
0.61883901    0.0017451519

BBB <phi**2>/<phi>**2
1.2235        0.0069236753

Time = 17000
Temperature
1.0118042     0.0077354948

Pressure
23.221312     0.062651095 

CM Mom
-5.5396613e-17 1.8075799e-17 
-3.1570766e-18 2.0270014e-17 
-3.3061134e-17 1.0542027e-17 
6.8528873e-17  1.8009064e-17 

CM Pos
7.500241       0.012000821   
7.5046876      0.010521551   
7.49495        0.0098922556  
12.990322      0.010299437   

Stress
20.1939      -0.0200632   -0.00123325   0.0958639    0.0727007    0.0890714   
-0.0200632   20.2102      -0.00551809   0.0727007    0.119747     0.0460597   
-0.00123325  -0.00551809  20.1715       0.0890714    0.0460597    0.0783911   

Stress Spherical
0            0            0             0            0            0           
0            0            0             0            0            0           
0            0            0             0            0            0           

Inertia
150.006      -56.2966     -56.235       0.250685     0.142907     0.113243    
-56.2966     149.924      -56.2448      0.142907     0.160468     0.114915    
-56.235      -56.2448     150.079       0.113243     0.114915     0.229136    

Bond Length
0.61739222    0.0022158019

BB bond length
0.61739222    0.0022158019

Water EE distance
0             0           

PEG EE distance
7.4816956     0.16617477  

BBB P2(x)
0.51169608    0.0095621562

BBB first bond length
0.61739105    0.0021954101

BBB second bond length
0.6175703     0.0021140546

BBB <phi**2>/<phi>**2
1.2228105     0.008274325 

Time = 18000
Temperature
1.0038439     0.0050889279

Pressure
23.08961      0.082629108 

CM Mom
-7.9679514e-17 1.2726738e-17 
-1.3849222e-17 2.2659166e-17 
-3.9659298e-17 3.130574e-17  
9.7802003e-17  1.4272741e-17 

CM Pos
7.5009832      0.013670313   
7.5054298      0.020358126   
7.5081613      0.0091070925  
12.998808      0.01942105    

Stress
20.1144      -0.0429742   -0.0225827    0.0835138    0.0539384    0.0500083   
-0.0429742   20.039       0.0142819     0.0539384    0.157922     0.0578811   
-0.0225827   0.0142819    20.0987       0.0500083    0.0578811    0.100043    

Stress Spherical
0            0            0             0            0            0           
0            0            0             0            0            0           
0            0            0             0            0            0           

Inertia
150.201      -56.3169     -56.3186      0.354925     0.236868     0.157244    
-56.3169     150.134      -56.3375      0.236868     0.279243     0.202448    
-56.3186     -56.3375     150.09        0.157244     0.202448     0.428497    

Bond Length
0.61807824    0.0020318368

BB bond length
0.61807824    0.0020318368

Water EE distance
0             0           

PEG EE distance
7.0593755     0.25924851  

BBB P2(x)
0.51339548    0.0066389607

BBB first bond length
0.61805713    0.001956759 

BBB second bond length
0.61775456    0.0018120331

BBB <phi**2>/<phi>**2
1.2276887     0.0058853097

Time = 19000
Temperature
1.0127465     0.0072336264

Pressure
23.21057      0.097549381 

CM Mom
-8.3398569e-17 1.4478987e-17 
-4.0668442e-17 3.2209138e-17 
-6.6418365e-17 1.7693883e-17 
1.193492e-16   1.8345397e-17 

CM Pos
7.5014285      0.013445215   
7.5017187      0.014501741   
7.5004423      0.014742851   
12.992469      0.01463292    

Stress
20.2096      0.00739094   0.0348507     0.12616      0.0765621    0.0396472   
0.00739094   20.1647      0.0488981     0.0765621    0.104744     0.060591    
0.0348507    0.0488981    20.1607       0.0396472    0.060591     0.0989042   

Stress Spherical
0            0            0             0            0            0           
0            0            0             0            0            0           
0            0            0             0            0            0           

Inertia
150.03       -56.2521     -56.2402      0.376947     0.158803     0.162693    
-56.2521     150.027      -56.2783      0.158803     0.286419     0.210469    
-56.2402     -56.2783     150.052       0.162693     0.210469     0.265677    

Bond Length
0.61816547    0.0021041567

BB bond length
0.61816547    0.0021041567

Water EE distance
0             0           

PEG EE distance
6.9367401     0.12717471  

BBB P2(x)
0.50772957    0.0055115406

BBB first bond length
0.61803924    0.0018909679

BBB second bond length
0.61816748    0.0021850539

BBB <phi**2>/<phi>**2
1.2260081     0.0083315252

Time = 20000
Temperature
1.0102077     0.0066216956

Pressure
23.176923     0.06884121  

CM Mom
-1.1222015e-16 1.9430453e-17 
-1.0381423e-17 1.4057413e-17 
-6.7520347e-17 1.9447097e-17 
1.3391981e-16  1.6702072e-17 

CM Pos
7.5081084      0.011391364   
7.4972655      0.0096475468  
7.5083097      0.013194592   
12.998291      0.015205297   

Stress
20.1696      -0.0219828   0.0299985     0.0727392    0.0786029    0.0934247   
-0.0219828   20.1303      -0.0213675    0.0786029    0.119739     0.0624192   
0.0299985    -0.0213675   20.157        0.0934247    0.0624192    0.0938857   

Stress Spherical
0            0            0             0            0            0           
0            0            0             0            0            0           
0            0            0             0            0            0           

Inertia
150.091      -56.3403     -56.4045      0.281636     0.181748     0.172834    
-56.3403     150.256      -56.2958      0.181748     0.270162     0.17377     
-56.4045     -56.2958     150.094       0.172834     0.17377      0.31144     

Bond Length
0.61837138    0.0021006704

BB bond length
0.61837138    0.0021006704

Water EE distance
0             0           

PEG EE distance
6.8242877     0.092809221 

BBB P2(x)
0.50980345    0.013930317 

BBB first bond length
0.6181546     0.0020904325

BBB second bond length
0.61852648    0.0021033243

BBB <phi**2>/<phi>**2
1.2216745     0.0094640554

Time = 21000
Temperature
1.0090293     0.0097239069

Pressure
23.149678     0.12748416  

CM Mom
-7.324533e-17  4.0247759e-17 
-6.2946514e-18 1.8032364e-17 
-5.9993244e-17 2.7275993e-17 
1.011232e-16   3.8299056e-17 

CM Pos
7.5012801      0.018012857   
7.5086955      0.012122308   
7.5041533      0.013449312   
12.998553      0.017547913   

Stress
20.1248      -0.0121023   -0.0277413    0.141438     0.0534256    0.0644539   
-0.0121023   20.1082      -0.0132372    0.0534256    0.133855     0.0452513   
-0.0277413   -0.0132372   20.1527       0.0644539    0.0452513    0.137635    

Stress Spherical
0            0            0             0            0            0           
0            0            0             0            0            0           
0            0            0             0            0            0           

Inertia
150.204      -56.3522     -56.298       0.178049     0.216876     0.191562    
-56.3522     150.072      -56.3411      0.216876     0.415762     0.117645    
-56.298      -56.3411     150.162       0.191562     0.117645     0.32427     

Bond Length
0.61814376    0.0012888039

BB bond length
0.61814376    0.0012888039

Water EE distance
0             0           

PEG EE distance
7.0261861     0.11535279  

BBB P2(x)
0.51601074    0.0081002094

BBB first bond length
0.6180882     0.0015029455

BBB second bond length
0.61823705    0.0012124129

BBB <phi**2>/<phi>**2
1.2246692     0.008451028 

Time = 22000
Temperature
1.0091643     0.0079288455

Pressure
23.096802     0.10688008  

CM Mom
-3.1441121e-17 2.4151205e-17 
2.4742427e-17  1.3944306e-17 
-4.7955207e-17 1.7092918e-17 
6.5509336e-17  2.6054803e-17 

CM Pos
7.497569       0.012543076   
7.4962264      0.013244597   
7.5028174      0.013604876   
12.988439      0.013721543   

Stress
20.0869      0.0143897    0.0342997     0.144054     0.0859569    0.0883645   
0.0143897    20.0644      -0.0338803    0.0859569    0.125258     0.0879979   
0.0342997    -0.0338803   20.0746       0.0883645    0.0879979    0.113348    

Stress Spherical
0            0            0             0            0            0           
0            0            0             0            0            0           
0            0            0             0            0            0           

Inertia
150.017      -56.1936     -56.2743      0.274549     0.191927     0.148792    
-56.1936     150.007      -56.2727      0.191927     0.300631     0.158627    
-56.2743     -56.2727     149.892       0.148792     0.158627     0.244085    

Bond Length
0.61880621    0.0021443594

BB bond length
0.61880621    0.0021443594

Water EE distance
0             0           

PEG EE distance
7.186596      0.21178104  

BBB P2(x)
0.50554199    0.0086879363

BBB first bond length
0.6187563     0.002183466 

BBB second bond length
0.61876542    0.0019649149

BBB <phi**2>/<phi>**2
1.223976      0.0066022868

Time = 23000
Temperature
1.0113312     0.0074324045

Pressure
23.21824      0.11851394  

CM Mom
-1.3366898e-18 1.6534398e-17 
2.5817217e-17  1.4977065e-17 
-1.4386754e-17 1.6306561e-17 
3.9316425e-17  9.649643e-18  

CM Pos
7.5023192      0.015265663   
7.4969686      0.0096840216  
7.4997001      0.005804418   
12.989805      0.012201327   

Stress
20.1712      -0.0190801   0.0312128     0.05821      0.071316     0.0886056   
-0.0190801   20.1795      0.0165016     0.071316     0.161892     0.0599649   
0.0312128    0.0165016    20.22         0.0886056    0.0599649    0.170323    

Stress Spherical
0            0            0             0            0            0           
0            0            0             0            0            0           
0            0            0             0            0            0           

Inertia
149.966      -56.2423     -56.2784      0.172983     0.173623     0.16939     
-56.2423     150.052      -56.2157      0.173623     0.289291     0.0851743   
-56.2784     -56.2157     149.999       0.16939      0.0851743    0.297476    

Bond Length
0.61793022    0.0014383529

BB bond length
0.61793022    0.0014383529

Water EE distance
0             0           

PEG EE distance
7.5135385     0.065851504 

BBB P2(x)
0.50918366    0.0114191   

BBB first bond length
0.61803591    0.0013987721

BBB second bond length
0.61810577    0.001569831 

BBB <phi**2>/<phi>**2
1.2256596     0.0061675024

Time = 24000
Temperature
1.0123923     0.0071201593

Pressure
23.16119      0.082257494 

CM Mom
-3.2999058e-17 1.5662614e-17 
3.6851054e-17  1.2392085e-17 
-1.0142527e-17 1.3917569e-17 
5.4265456e-17  1.4058776e-17 

CM Pos
7.4999441      0.017478301   
7.5067657      0.0071437166  
7.4925749      0.0088680517  
12.989985      0.0098418432  

Stress
20.11        0.0146221    -0.00807212   0.0734701    0.0915845    0.0692498   
0.0146221    20.1187      -0.0225774    0.0915845    0.15804      0.0465672   
-0.00807212  -0.0225774   20.1614       0.0692498    0.0465672    0.118751    

Stress Spherical
0            0            0             0            0            0           
0            0            0             0            0            0           
0            0            0             0            0            0           

Inertia
149.997      -56.302      -56.2001      0.192561     0.136167     0.113292    
-56.302      149.885      -56.2523      0.136167     0.257005     0.119593    
-56.2001     -56.2523     150.085       0.113292     0.119593     0.214149    

Bond Length
0.61877039    0.0022905837

BB bond length
0.61877039    0.0022905837

Water EE distance
0             0           

PEG EE distance
7.2921785     0.18087941  

BBB P2(x)
0.50966514    0.011514733 

BBB first bond length
0.61883921    0.002313121 

BBB second bond length
0.61899209    0.0023188729

BBB <phi**2>/<phi>**2
1.2283082     0.0072314183

Time = 25000
Temperature
1.012104      0.0064044038

Pressure
23.187837     0.095416767 

CM Mom
-7.1546485e-18 1.8606535e-17 
3.5413423e-17  1.9546269e-17 
-3.5854614e-17 3.4888326e-17 
6.4558775e-17  1.9195637e-17 

CM Pos
7.5000925      0.0094362484  
7.5033516      0.017109437   
7.4906452      0.011646736   
12.986986      0.012755042   

Stress
20.0957      0.0192157    0.0658538     0.136074     0.0715234    0.0982359   
0.0192157    20.1652      0.0207809     0.0715234    0.105372     0.0802892   
0.0658538    0.0207809    20.2117       0.0982359    0.0802892    0.0877494   

Stress Spherical
0            0            0             0            0            0           
0            0            0             0            0            0           
0            0            0             0            0            0           

Inertia
149.918      -56.2775     -56.162       0.313312     0.162538     0.107579    
-56.2775     149.863      -56.2379      0.162538     0.203739     0.201231    
-56.162      -56.2379     150.064       0.107579     0.201231     0.287373    

Bond Length
0.61804363    0.0019243296

BB bond length
0.61804363    0.0019243296

Water EE distance
0             0           

PEG EE distance
6.7755628     0.26173603  

BBB P2(x)
0.51654118    0.01415852  

BBB first bond length
0.61811612    0.0019880702

BBB second bond length
0.61788392    0.0019983977

BBB <phi**2>/<phi>**2
1.2297452     0.011848702 

Time = 26000
Temperature
1.0078959     0.0077559425

Pressure
23.183827     0.08382738  

CM Mom
-1.2805744e-17 1.8584585e-17 
5.1204574e-17  1.6382494e-17 
-8.9612467e-17 1.8745197e-17 
1.0700715e-16  1.8191084e-17 

CM Pos
7.5023192      0.016094768   
7.5000859      0.0089324214  
7.4927234      0.014601681   
12.987584      0.014387172   

Stress
20.1264      0.0149073    0.00717743    0.129074     0.097435     0.0670003   
0.0149073    20.1612      -0.017486     0.097435     0.114399     0.0771464   
0.00717743   -0.017486    20.2107       0.0670003    0.0771464    0.0482917   

Stress Spherical
0            0            0             0            0            0           
0            0            0             0            0            0           
0            0            0             0            0            0           

Inertia
149.907      -56.2752     -56.2074      0.285886     0.171834     0.113335    
-56.2752     149.934      -56.2023      0.171834     0.291064     0.166857    
-56.2074     -56.2023     150.025       0.113335     0.166857     0.3034      

Bond Length
0.61825019    0.0023534226

BB bond length
0.61825019    0.0023534226

Water EE distance
0             0           

PEG EE distance
6.750539      0.25556103  

BBB P2(x)
0.51028308    0.011218502 

BBB first bond length
0.61812022    0.002378513 

BBB second bond length
0.61846773    0.0026575074

BBB <phi**2>/<phi>**2
1.2233995     0.01234024  

Time = 27000
Temperature
1.0124021     0.0091849743

Pressure
23.119252     0.063960868 

CM Mom
1.5543672e-17  3.286985e-17  
2.996943e-17   1.8048046e-17 
-8.0707199e-17 1.3164637e-17 
9.5238621e-17  1.2747393e-17 

CM Pos
7.5051395      0.013033287   
7.5015703      0.01037073    
7.4976219      0.011730625   
12.992893      0.012438123   

Stress
20.0949      0.0497384    0.00435259    0.099659     0.076324     0.0498207   
0.0497384    20.0812      0.00966142    0.076324     0.0834617    0.0971865   
0.00435259   0.00966142   20.0881       0.0498207    0.0971865    0.101933    

Stress Spherical
0            0            0             0            0            0           
0            0            0             0            0            0           
0            0            0             0            0            0           

Inertia
149.989      -56.3127     -56.2557      0.276864     0.129676     0.126221    
-56.3127     150.054      -56.2601      0.129676     0.286202     0.13792     
-56.2557     -56.2601     150.097       0.126221     0.13792      0.248016    

Bond Length
0.61795738    0.0014875259

BB bond length
0.61795738    0.0014875259

Water EE distance
0             0           

PEG EE distance
6.8452306     0.11617763  

BBB P2(x)
0.50274688    0.0088865059

BBB first bond length
0.61804215    0.001651794 

BBB second bond length
0.61797115    0.0013674591

BBB <phi**2>/<phi>**2
1.2280851     0.0081655042

Time = 28000
Temperature
1.0103434     0.0054172036

Pressure
23.189838     0.067274243 

CM Mom
8.7411523e-18  1.8562883e-17 
2.6948315e-17  2.4113211e-17 
-5.8567149e-17 3.0968877e-17 
7.2087484e-17  3.0351672e-17 

CM Pos
7.4946002      0.012168571   
7.5005312      0.01249379    
7.4992548      0.011897555   
12.98715       0.013897467   

Stress
20.1543      -0.00566348  -0.0156611    0.0941611    0.0990464    0.0782349   
-0.00566348  20.1627      -0.000149568  0.0990464    0.119274     0.0801153   
-0.0156611   -0.000149568 20.1774       0.0782349    0.0801153    0.0553155   

Stress Spherical
0            0            0             0            0            0           
