Time = 500
Temperature
   1.0370205   0.037082959

Pressure
    22.88699    0.10589032

CM Mom
2.8862834e-17  1.2588498e-17 
4.3450431e-18  1.1357058e-17 
3.6687206e-18  1.6655444e-17 
3.549992e-17   1.3038967e-17 

CM Pos
7.4986234      0.0095029375  
7.4998313      0.023540547   
7.5198422      0.037686182   
13.001         0.030223615   

Stress
19.7974      -0.0275537   -0.0160344    0.0343506    0.0625166    0.0436865   
-0.0275537   19.7358      -0.0111991    0.0625166    0.0534417    0.067319    
-0.0160344   -0.0111991   19.8066       0.0436865    0.067319     0.129396    

Stress Spherical
0            0            0             0            0            0           
0            0            0             0            0            0           
0            0            0             0            0            0           

Inertia
149.801      -56.202      -56.461       1.21875      0.102306     0.280555    
-56.202      149.829      -56.3507      0.102306     0.642819     0.414108    
-56.461      -56.3507     149.509       0.280555     0.414108     0.473977    

Bond Length
0.61305564    0.0066600682

BB bond length
0.61305564    0.0066600682

Water EE distance
0             0           

PEG EE distance
3.7271675     0.18973237  

Time = 1000
Temperature
1.0143884     0.0062260206

Pressure
22.74255      0.066717092 

CM Mom
1.557079e-17   1.4451647e-17 
2.5069774e-18  1.4169649e-17 
-1.8296941e-18 2.8996231e-17 
3.6002444e-17  1.4363729e-17 

CM Pos
7.4891297      0.016330727   
7.4832173      0.012746767   
7.5287425      0.012289744   
12.991076      0.0098773852  

Stress
19.6814      -0.00738823  -0.0272816    0.0375825    0.0514846    0.0565505   
-0.00738823  19.7408      0.0143305     0.0514846    0.0846719    0.0674263   
-0.0272816   0.0143305    19.6877       0.0565505    0.0674263    0.114743    

Stress Spherical
0            0            0             0            0            0           
0            0            0             0            0            0           
0            0            0             0            0            0           

Inertia
149.779      -56.0316     -56.3933      0.313031     0.0946286    0.1713      
-56.0316     149.977      -56.3003      0.0946286    0.366805     0.185017    
-56.3933     -56.3003     149.227       0.1713       0.185017     0.167836    

Bond Length
0.61316325    0.0024790351

BB bond length
0.61316325    0.0024790351

Water EE distance
0             0           

PEG EE distance
3.5899308     0.1671964   

