Time = 1000
Temperature
   1.0543563   0.069554906

Pressure
   23.652979    0.39736699

CM Mom
-8.1654359e-17 2.119416e-17  
5.6884782e-18  2.3385188e-17 
-1.3266248e-16 2.058955e-16  
2.2585027e-16  1.2915028e-16 

CM Pos
7.4952679      0.020467973   
7.4965463      0.013382149   
7.4958997      0.014788313   
12.983311      0.014737096   

Stress
20.4781      0.00509151   0.00903402    0.226988     0.074629     0.0780686   
0.00509151   20.4861      0.00354584    0.074629     0.213995     0.0361508   
0.00903402   0.00354584   20.5262       0.0780686    0.0361508    0.208199    

Stress Spherical
0            0            0             0            0            0           
0            0            0             0            0            0           
0            0            0             0            0            0           

Inertia
149.936      -56.2051     -56.2222      0.86695      0.194629     0.16442     
-56.2051     149.926      -56.1661      0.194629     0.777079     0.117557    
-56.2222     -56.1661     149.932       0.16442      0.117557     0.561902    

Bond Length
0.61846422    0.0038592705

BB bond length
0.61846422    0.0038592705

Water EE distance
0             0           

PEG EE distance
6.6103424     0.24746307  

BBB P2(x)
0.47528373    0.050791189 

BBB first bond length
0.61839823    0.0037338527

BBB second bond length
0.61832486    0.0043248574

BBB <phi**2>/<phi>**2
1.2132801     0.017046454 

Time = 2000
Temperature
1.012039      0.0072888598

Pressure
23.43782      0.04875738  

CM Mom
-7.0063392e-17 2.8251747e-17 
-2.9133052e-17 2.0751346e-17 
-2.76814e-18   2.8438249e-17 
8.5988854e-17  2.0216497e-17 

CM Pos
7.5026914      0.011974698   
7.5026336      0.01148611    
7.4939696      0.013545871   
12.989989      0.010219797   

Stress
20.3726      -0.0266838   0.0242313     0.0843375    0.0677564    0.0987045   
-0.0266838   20.4841      -0.0369683    0.0677564    0.076195     0.0479743   
0.0242313    -0.0369683   20.3682       0.0987045    0.0479743    0.0932872   

Stress Spherical
0            0            0             0            0            0           
0            0            0             0            0            0           
0            0            0             0            0            0           

Inertia
149.829      -56.3028     -56.269       0.412262     0.181737     0.141003    
-56.3028     149.829      -56.2208      0.181737     0.397697     0.108459    
-56.269      -56.2208     149.954       0.141003     0.108459     0.217583    

Bond Length
0.61772767    0.0017095318

BB bond length
0.61772767    0.0017095318

Water EE distance
0             0           

PEG EE distance
6.8168612     0.35233628  

BBB P2(x)
0.50673099    0.0065548978

BBB first bond length
0.61782293    0.0018742979

BBB second bond length
0.6176124     0.0016929544

BBB <phi**2>/<phi>**2
1.225595      0.010477695 

