Time = 1000
Temperature
   1.0247803   0.033487066

Pressure
   23.782538    0.17752598

CM Mom
-3.6943236e-18 1.4933402e-17 
2.9806264e-18  2.1688392e-17 
-2.0212561e-17 1.4265437e-17 
3.4698553e-17  1.1134889e-17 

CM Pos
7.4975913      0.014119066   
7.5023514      0.01025325    
7.4950897      0.014535819   
12.987527      0.013588883   

Stress
20.6921      0.00830576   -0.0176717    0.163519     0.0883838    0.0645884   
0.00830576   20.6837      -0.0300966    0.0883838    0.11912      0.0688891   
-0.0176717   -0.0300966   20.7497       0.0645884    0.0688891    0.0897586   

Stress Spherical
0            0            0             0            0            0           
0            0            0             0            0            0           
0            0            0             0            0            0           

Inertia
149.949      -56.2152     -56.1628      0.286602     0.157009     0.153469    
-56.2152     149.899      -56.2377      0.157009     0.363331     0.137995    
-56.1628     -56.2377     149.994       0.153469     0.137995     0.271392    

Bond Length
0.62141439    0.0062207524

BB bond length
0.62141439    0.0062207524

Water EE distance
0             0           

PEG EE distance
7.3423907     0.68474685  

BBB P2(x)
0.4957438     0.048567151 

BBB first bond length
0.62146026    0.0067991313

BBB second bond length
0.62142263    0.0069318221

BBB <phi**2>/<phi>**2
1.2094665     0.017052689 

Time = 2000
Temperature
1.0058258     0.0057891105

Pressure
23.686554     0.10185298  

CM Mom
-4.5328989e-18 9.3421788e-18 
8.7017184e-19  2.8658012e-17 
-6.7241199e-17 2.5436624e-17 
7.4214209e-17  2.4300497e-17 

CM Pos
7.5015917      0.013930454   
7.498351       0.01139602    
7.5004235      0.015389685   
12.990603      0.016905605   

Stress
20.6594      0.0278702    -0.0362668    0.116668     0.0763728    0.0516894   
0.0278702    20.6934      0.0193437     0.0763728    0.119965     0.0612429   
-0.0362668   0.0193437    20.6553       0.0516894    0.0612429    0.143308    

Stress Spherical
0            0            0             0            0            0           
0            0            0             0            0            0           
0            0            0             0            0            0           

Inertia
149.954      -56.2756     -56.2977      0.403454     0.113353     0.199421    
-56.2756     150.007      -56.2512      0.113353     0.314758     0.194496    
-56.2977     -56.2512     149.979       0.199421     0.194496     0.275495    

Bond Length
0.62594066    0.0080248208

BB bond length
0.62594066    0.0080248208

Water EE distance
0             0           

PEG EE distance
5.3232083     0.53480857  

BBB P2(x)
0.46790725    0.044562354 

BBB first bond length
0.62713307    0.0081545109

BBB second bond length
0.62647803    0.0087265815

BBB <phi**2>/<phi>**2
1.2016067     0.036584626 

Time = 3000
Temperature
1.0123212     0.010373554 

Pressure
23.698497     0.093173017 

CM Mom
-3.0074937e-18 3.072512e-17  
-9.162575e-18  2.3677643e-17 
-7.7269285e-17 1.4787992e-17 
8.6464743e-17  1.7627735e-17 

CM Pos
7.499073       0.02352991    
7.5029441      0.01281501    
7.4979048      0.017520836   
12.990351      0.02561082    

Stress
20.6946      0.0177491    0.0315501     0.149336     0.0699316    0.0646131   
0.0177491    20.6147      -0.00215327   0.0699316    0.0815026    0.0657762   
0.0315501    -0.00215327  20.6762       0.0646131    0.0657762    0.064324    

Stress Spherical
0            0            0             0            0            0           
0            0            0             0            0            0           
0            0            0             0            0            0           

Inertia
150.012      -56.2756     -56.2076      0.504849     0.22772      0.293792    
-56.2756     149.936      -56.2612      0.22772      0.472249     0.271053    
-56.2076     -56.2612     150.025       0.293792     0.271053     0.449402    

Bond Length
0.61906851    0.011068865 

BB bond length
0.61906851    0.011068865 

Water EE distance
0             0           

PEG EE distance
8.5715484     0.72870237  

BBB P2(x)
0.51401622    0.036282593 

BBB first bond length
0.61997591    0.012008659 

BBB second bond length
0.61992997    0.011415677 

BBB <phi**2>/<phi>**2
1.2216786     0.031370609 

Time = 4000
Temperature
1.0142298     0.0085623023

Pressure
23.704824     0.1043366   

CM Mom
1.365435e-17   3.5421244e-17 
-3.3861172e-17 2.3288371e-17 
-9.2495236e-17 1.8157959e-17 
1.0861918e-16  1.4730445e-17 

CM Pos
7.5004064      0.017390044   
7.5007216      0.013752827   
7.4993864      0.022087687   
12.990696      0.022799128   

Stress
20.658       0.00100684   -0.00706521   0.118612     0.0604809    0.0443619   
0.00100684   20.6346      -0.0198838    0.0604809    0.170056     0.0733771   
-0.00706521  -0.0198838   20.6947       0.0443619    0.0733771    0.0606747   

Stress Spherical
0            0            0             0            0            0           
0            0            0             0            0            0           
0            0            0             0            0            0           

Inertia
150.014      -56.2959     -56.2555      0.430237     0.171649     0.282096    
-56.2959     150.013      -56.252       0.171649     0.491313     0.185456    
-56.2555     -56.252      150.018       0.282096     0.185456     0.306852    

Bond Length
0.62515365    0.012466078 

BB bond length
0.62515365    0.012466078 

Water EE distance
0             0           

PEG EE distance
6.8410622     0.72086068  

BBB P2(x)
0.49914967    0.048875447 

BBB first bond length
0.62371784    0.011622458 

BBB second bond length
0.62496042    0.012778877 

BBB <phi**2>/<phi>**2
1.2150462     0.053099065 

Time = 5000
Temperature
1.0067601     0.0082225211

Pressure
23.697467     0.076334938 

CM Mom
4.362552e-17   2.5525566e-17 
1.7626326e-17  2.5647235e-17 
-8.7182226e-17 3.2236678e-17 
1.0561412e-16  3.1761761e-17 

CM Pos
7.5011472      0.013236336   
7.5008698      0.016650359   
7.4999791      0.015550741   
12.991557      0.0096768647  

Stress
20.6711      -0.00943062  -0.0416403    0.073317     0.0736988    0.0789459   
-0.00943062  20.7121      0.000190697   0.0736988    0.0965302    0.0910134   
-0.0416403   0.000190697  20.6493       0.0789459    0.0910134    0.101349    

Stress Spherical
0            0            0             0            0            0           
0            0            0             0            0            0           
0            0            0             0            0            0           

Inertia
149.997      -56.2407     -56.2666      0.224054     0.1366       0.153736    
-56.2407     150.003      -56.2463      0.1366       0.293875     0.1345      
-56.2666     -56.2463     150.026       0.153736     0.1345       0.279308    

Bond Length
0.62506502    0.0091941851

BB bond length
0.62506502    0.0091941851

Water EE distance
0             0           

PEG EE distance
7.6686429     0.72843368  

BBB P2(x)
0.52796437    0.032721921 

BBB first bond length
0.62452927    0.0095985756

BBB second bond length
0.62387245    0.0096960129

BBB <phi**2>/<phi>**2
1.2358962     0.051411387 

Time = 6000
Temperature
1.0048954     0.0057491705

Pressure
23.707934     0.11909102  

CM Mom
1.9766663e-19  2.0057418e-17 
-1.6277272e-17 3.6575335e-17 
-7.0199619e-17 2.8370274e-17 
8.5116538e-17  2.2205352e-17 

CM Pos
7.5001101      0.015138728   
7.4996845      0.010548732   
7.4942007      0.0079083403  
12.986927      0.0095632386  

Stress
20.7285      -0.00549279  -0.00868062   0.148899     0.0453253    0.0428206   
-0.00549279  20.6642      -0.0149233    0.0453253    0.138881     0.091833    
-0.00868062  -0.0149233   20.6879       0.0428206    0.091833     0.164624    

Stress Spherical
0            0            0             0            0            0           
0            0            0             0            0            0           
0            0            0             0            0            0           

Inertia
149.915      -56.2725     -56.2157      0.188065     0.168533     0.143461    
-56.2725     149.91       -56.1674      0.168533     0.224764     0.110261    
-56.2157     -56.1674     149.989       0.143461     0.110261     0.211014    

Bond Length
0.61615022    0.012518504 

BB bond length
0.61615022    0.012518504 

Water EE distance
0             0           

PEG EE distance
6.7192799     0.81658328  

BBB P2(x)
0.53170343    0.029061608 

BBB first bond length
0.61540621    0.012899456 

BBB second bond length
0.61638316    0.013143835 

BBB <phi**2>/<phi>**2
1.2173687     0.02896008  

Time = 7000
Temperature
1.0092772     0.0092285826

Pressure
23.6956       0.067581989 

CM Mom
1.5526837e-17  1.6748575e-17 
-1.6443959e-17 5.9484699e-17 
-3.1593489e-17 1.5736169e-17 
7.0126058e-17  2.5662076e-17 

CM Pos
7.4952207      0.015875557   
7.49924        0.006815488   
7.5084243      0.0094464667  
12.992061      0.0099576264  

Stress
20.6875      -0.014463    0.0126056     0.0464713    0.0848057    0.0520387   
-0.014463    20.6941      0.0348851     0.0848057    0.117683     0.068526    
0.0126056    0.0348851    20.6226       0.0520387    0.068526     0.0804529   

Stress Spherical
0            0            0             0            0            0           
0            0            0             0            0            0           
0            0            0             0            0            0           

Inertia
150.122      -56.1975     -56.2908      0.255805     0.136486     0.172612    
-56.1975     150.054      -56.3185      0.136486     0.240276     0.0916147   
-56.2908     -56.3185     149.913       0.172612     0.0916147    0.1981      

Bond Length
0.61907397    0.0065058549

BB bond length
0.61907397    0.0065058549

Water EE distance
0             0           

PEG EE distance
7.1612137     0.5116555   

BBB P2(x)
0.54046942    0.063091183 

BBB first bond length
0.61893814    0.0067503136

BBB second bond length
0.61810313    0.0057157574

BBB <phi**2>/<phi>**2
1.2321927     0.030789623 

Time = 8000
Temperature
1.0088004     0.0068717957

Pressure
23.717879     0.059332425 

CM Mom
4.2169613e-17  1.5269707e-17 
-3.055663e-17  2.3508855e-17 
-5.8663125e-17 1.5337776e-17 
8.368073e-17   1.3113317e-17 

CM Pos
7.4996656      0.0086912343  
7.4943506      0.0096305808  
7.4979048      0.011763789   
12.985727      0.0072731723  

Stress
20.7091      0.0173175    -0.0124642    0.0925573    0.0595922    0.0541599   
0.0173175    20.6965      -0.0139805    0.0595922    0.0877558    0.0596464   
-0.0124642   -0.0139805   20.6698       0.0541599    0.0596464    0.0842405   

Stress Spherical
0            0            0             0            0            0           
0            0            0             0            0            0           
0            0            0             0            0            0           

Inertia
149.868      -56.1617     -56.248       0.174952     0.104969     0.126348    
-56.1617     149.954      -56.1439      0.104969     0.223304     0.109342    
-56.248      -56.1439     149.892       0.126348     0.109342     0.145186    

Bond Length
0.6148779     0.010186181 

BB bond length
0.6148779     0.010186181 

Water EE distance
0             0           

PEG EE distance
5.7363277     0.74593256  

BBB P2(x)
0.52474027    0.040367418 

BBB first bond length
0.61469388    0.01121393  

BBB second bond length
0.61546661    0.0088690515

BBB <phi**2>/<phi>**2
1.2274578     0.038943762 

Time = 9000
Temperature
1.0117289     0.0065620327

Pressure
23.654685     0.077028883 

CM Mom
4.493818e-17   1.4690478e-17 
-3.6084442e-17 1.712166e-17  
-5.7799259e-17 2.1051678e-17 
8.4621634e-17  2.1297764e-17 

CM Pos
7.4978877      0.014626151   
7.497462       0.013806991   
7.5032386      0.01090784    
12.98958       0.01303597    

Stress
20.6456      -0.0172827   0.00976015    0.115567     0.0660651    0.0665957   
-0.0172827   20.6242      -0.00468667   0.0660651    0.0999416    0.0621692   
0.00976015   -0.00468667  20.5896       0.0665957    0.0621692    0.105905    

Stress Spherical
0            0            0             0            0            0           
0            0            0             0            0            0           
0            0            0             0            0            0           

Inertia
150.02       -56.1947     -56.2311      0.305599     0.0977638    0.152945    
-56.1947     150.034      -56.2291      0.0977638    0.247518     0.142145    
-56.2311     -56.2291     149.922       0.152945     0.142145     0.178029    

Bond Length
0.62039172    0.012329937 

BB bond length
0.62039172    0.012329937 

Water EE distance
0             0           

PEG EE distance
7.6152724     0.60100842  

BBB P2(x)
0.54335408    0.037639024 

BBB first bond length
0.6207926     0.012392996 

BBB second bond length
0.62162279    0.012671489 

BBB <phi**2>/<phi>**2
1.222481      0.030496979 

Time = 10000
Temperature
1.0089204     0.0074230233

Pressure
23.746487     0.067470251 

CM Mom
7.1023458e-17  3.5845075e-17 
-5.3814947e-17 2.9768025e-17 
-5.7518797e-17 1.0633203e-17 
1.1371399e-16  2.4535496e-17 

CM Pos
7.497295       0.013747239   
7.5032404      0.020111426   
7.5047203      0.011127015   
12.99344       0.010070005   

Stress
20.7079      0.0320287    -0.00931014   0.108449     0.0852482    0.0697986   
0.0320287    20.7384      -0.0296556    0.0852482    0.12947      0.0517606   
-0.00931014  -0.0296556   20.7138       0.0697986    0.0517606    0.108553    

Stress Spherical
0            0            0             0            0            0           
0            0            0             0            0            0           
0            0            0             0            0            0           

Inertia
150.116      -56.2773     -56.2991      0.288069     0.166322     0.167699    
-56.2773     150.051      -56.2795      0.166322     0.241294     0.166216    
-56.2991     -56.2795     150.024       0.167699     0.166216     0.321806    

Bond Length
0.61528887    0.0047197414

BB bond length
0.61528887    0.0047197414

Water EE distance
0             0           

PEG EE distance
7.8052395     0.50777007  

BBB P2(x)
0.51574023    0.057072506 

BBB first bond length
0.61443354    0.0043855358

BBB second bond length
0.61504081    0.0054794287

BBB <phi**2>/<phi>**2
1.21818       0.041355177 

Time = 11000
Temperature
1.0103424     0.0051844053

Pressure
23.673517     0.078978259 

CM Mom
6.8796213e-17  1.8312401e-17 
-6.5604624e-17 1.9000717e-17 
-5.2719693e-17 1.5677176e-17 
1.1210292e-16  1.3832318e-17 

CM Pos
7.501888       0.0093189561  
7.4999808      0.011458454   
7.5010162      0.0095848838  
12.992055      0.010355613   

Stress
20.681       0.0126043    -0.0158149    0.121682     0.0551321    0.0589812   
0.0126043    20.624       -0.0126056    0.0551321    0.0710254    0.0707494   
-0.0158149   -0.0126056   20.6233       0.0589812    0.0707494    0.11346     

Stress Spherical
0            0            0             0            0            0           
0            0            0             0            0            0           
0            0            0             0            0            0           

Inertia
150.014      -56.2957     -56.304       0.267262     0.0923738    0.0949522   
-56.2957     150.029      -56.2617      0.0923738    0.194738     0.160693    
-56.304      -56.2617     150.017       0.0949522    0.160693     0.144874    

Bond Length
0.62109024    0.014127483 

BB bond length
0.62109024    0.014127483 

Water EE distance
0             0           

PEG EE distance
7.9232729     0.58372851  

BBB P2(x)
0.54242416    0.039005851 

BBB first bond length
0.62152835    0.014367535 

BBB second bond length
0.62230218    0.013840569 

BBB <phi**2>/<phi>**2
1.2205887     0.030363542 

Time = 12000
Temperature
1.0094991     0.0084472352

Pressure
23.689091     0.071864314 

CM Mom
5.3574512e-17  3.4225726e-17 
-5.5468383e-17 1.4339548e-17 
-7.8475847e-17 1.8318314e-17 
1.159005e-16   1.962359e-17  

CM Pos
7.496406       0.017115848   
7.500129       0.012540559   
7.5070909      0.01120957    
12.992495      0.010475109   

Stress
20.6595      -0.00109911  0.00840306    0.068223     0.0690996    0.0411156   
-0.00109911  20.7025      0.0307173     0.0690996    0.11128      0.0824091   
0.00840306   0.0307173    20.6208       0.0411156    0.0824091    0.11954     

Stress Spherical
0            0            0             0            0            0           
0            0            0             0            0            0           
0            0            0             0            0            0           

Inertia
150.091      -56.2059     -56.3084      0.158805     0.184536     0.139469    
-56.2059     150.042      -56.2978      0.184536     0.190913     0.125996    
-56.3084     -56.2978     149.947       0.139469     0.125996     0.420198    

Bond Length
0.62385901    0.010737786 

BB bond length
0.62385901    0.010737786 

Water EE distance
0             0           

PEG EE distance
6.9563311     0.56701018  

BBB P2(x)
0.52580249    0.042237425 

BBB first bond length
0.62376593    0.010378778 

BBB second bond length
0.62358028    0.011039352 

BBB <phi**2>/<phi>**2
1.2420812     0.038058942 

Time = 13000
Temperature
1.009095      0.010522876 

Pressure
23.779778     0.076031092 

CM Mom
2.647554e-17   1.6309826e-17 
-5.1139182e-17 1.8723969e-17 
-1.1319307e-16 1.6487447e-17 
1.2911696e-16  1.860336e-17  

CM Pos
7.5055921      0.010393595   
7.5011661      0.0108564     
7.5013125      0.015066778   
12.995056      0.0088505251  

Stress
20.7566      -0.0042942   0.0124765     0.12086      0.101114     0.107799    
-0.0042942   20.754       0.010221      0.101114     0.154663     0.0454701   
0.0124765    0.010221     20.7477       0.107799     0.0454701    0.0854264   

Stress Spherical
0            0            0             0            0            0           
0            0            0             0            0            0           
0            0            0             0            0            0           

Inertia
150.04       -56.3387     -56.2977      0.198427     0.128932     0.129332    
-56.3387     150.099      -56.2943      0.128932     0.24283      0.114663    
-56.2977     -56.2943     150.103       0.129332     0.114663     0.199129    

Bond Length
0.61528927    0.0079338435

BB bond length
0.61528927    0.0079338435

Water EE distance
0             0           

PEG EE distance
7.8104284     0.61544382  

BBB P2(x)
0.50589847    0.034091492 

BBB first bond length
0.61500002    0.0077093631

BBB second bond length
0.61544058    0.007537864 

BBB <phi**2>/<phi>**2
1.2182975     0.053272971 

Time = 14000
Temperature
1.011904      0.0072829815

Pressure
23.704801     0.076059671 

CM Mom
-1.0596138e-18 2.6550642e-17 
-3.7575029e-17 2.575197e-17  
-1.5371172e-16 1.3131571e-17 
1.6228139e-16  1.5671204e-17 

CM Pos
7.5029252      0.015630296   
7.4965731      0.010725184   
7.5069427      0.018953836   
12.994125      0.010823959   

Stress
20.6098      -0.00832661  0.00197287    0.120531     0.0807464    0.0480312   
-0.00832661  20.664       0.00268198    0.0807464    0.10485      0.062516    
0.00197287   0.00268198   20.7344       0.0480312    0.062516     0.12274     

Stress Spherical
0            0            0             0            0            0           
0            0            0             0            0            0           
0            0            0             0            0            0           

Inertia
150.04       -56.2334     -56.3457      0.251667     0.171473     0.111422    
-56.2334     150.149      -56.2627      0.171473     0.245537     0.125803    
-56.3457     -56.2627     149.991       0.111422     0.125803     0.325161    

Bond Length
0.62053387    0.0061658662

BB bond length
0.62053387    0.0061658662

Water EE distance
0             0           

PEG EE distance
7.7417493     0.39385181  

BBB P2(x)
0.5273399     0.049637436 

BBB first bond length
0.620383      0.0062887297

BBB second bond length
0.6191525     0.0071492469

BBB <phi**2>/<phi>**2
1.2082044     0.047509653 

Time = 15000
Temperature
1.0092518     0.0064834355

Pressure
23.710604     0.10325046  

CM Mom
1.2060543e-17  3.2591122e-17 
-2.2062722e-17 3.1045141e-17 
-1.71627e-16   2.1046059e-17 
1.7819159e-16  2.8367684e-17 

CM Pos
7.4996656      0.020261497   
7.5008698      0.014062982   
7.5067945      0.014937278   
12.994638      0.014167029   

Stress
20.7076      0.00929329   0.01662       0.096711     0.0700773    0.0583006   
0.00929329   20.6704      -0.0125247    0.0700773    0.14125      0.0668588   
0.01662      -0.0125247   20.6714       0.0583006    0.0668588    0.103804    

Stress Spherical
0            0            0             0            0            0           
0            0            0             0            0            0           
0            0            0             0            0            0           

Inertia
150.094      -56.2387     -56.3153      0.214265     0.238722     0.191236    
-56.2387     150.083      -56.3121      0.238722     0.32367      0.130404    
-56.3153     -56.3121     150           0.191236     0.130404     0.434818    

Bond Length
0.62219995    0.0064085161

BB bond length
0.62219995    0.0064085161

Water EE distance
0             0           

PEG EE distance
6.9276096     0.68650687  

BBB P2(x)
0.52202992    0.034774018 

BBB first bond length
0.62248017    0.0065221047

BBB second bond length
0.62135265    0.0064593814

BBB <phi**2>/<phi>**2
1.2400179     0.057003073 

Time = 16000
Temperature
1.0143691     0.0053005102

Pressure
23.695862     0.078382588 

CM Mom
2.7144756e-17  2.3941794e-17 
-3.799531e-17  2.336046e-17  
-1.9119847e-16 1.1592142e-17 
1.9965633e-16  1.1312955e-17 

CM Pos
7.5024807      0.011403723   
7.5066481      0.013429794   
7.4982011      0.017102375   
12.994631      0.013194047   

Stress
20.653       0.0151127    0.0101034     0.12696      0.0914076    0.0718904   
0.0151127    20.6806      0.0492781     0.0914076    0.0971518    0.0482913   
0.0101034    0.0492781    20.6256       0.0718904    0.0482913    0.0982522   

Stress Spherical
0            0            0             0            0            0           
0            0            0             0            0            0           
0            0            0             0            0            0           

Inertia
150.063      -56.3384     -56.2725      0.288194     0.149779     0.168114    
-56.3384     150.01       -56.2738      0.149779     0.388071     0.146333    
-56.2725     -56.2738     150.117       0.168114     0.146333     0.275122    

Bond Length
0.62023242    0.011176863 

BB bond length
0.62023242    0.011176863 

Water EE distance
0             0           

PEG EE distance
7.115807      0.59817127  

BBB P2(x)
0.49773843    0.025688459 

BBB first bond length
0.62230038    0.012205533 

BBB second bond length
0.61885675    0.011966736 

BBB <phi**2>/<phi>**2
1.2288364     0.040959814 

Time = 17000
Temperature
1.0069503     0.007816483 

Pressure
23.709226     0.11240543  

CM Mom
2.8005606e-17  1.0660888e-17 
-6.7571009e-17 2.3114851e-17 
-1.8876094e-16 1.582535e-17  
2.0392181e-16  1.7179509e-17 

CM Pos
7.4978877      0.0086456506  
7.4952396      0.012117687   
7.5019052      0.013715265   
12.987526      0.010000144   

Stress
20.7341      0.0157198    0.0268152     0.136163     0.0903055    0.0668419   
0.0157198    20.7086      0.0203686     0.0903055    0.11344      0.0584245   
0.0268152    0.0203686    20.6234       0.0668419    0.0584245    0.11239     

Stress Spherical
0            0            0             0            0            0           
0            0            0             0            0            0           
0            0            0             0            0            0           

Inertia
149.944      -56.2073     -56.2273      0.281047     0.148762     0.110584    
-56.2073     149.992      -56.2233      0.148762     0.239032     0.134353    
-56.2273     -56.2233     149.895       0.110584     0.134353     0.213502    

Bond Length
0.62072492    0.0073604457

BB bond length
0.62072492    0.0073604457

Water EE distance
0             0           

PEG EE distance
5.9866844     0.83619662  

BBB P2(x)
0.45484425    0.048474448 

BBB first bond length
0.62133069    0.0066127521

BBB second bond length
0.62088588    0.0081456217

BBB <phi**2>/<phi>**2
1.2017121     0.028041655 

Time = 18000
Temperature
1.0092408     0.005739596 

Pressure
23.710444     0.058333211 

CM Mom
5.8329477e-18  1.4584077e-17 
-5.9614447e-17 2.2135944e-17 
-1.9503506e-16 1.3931761e-17 
2.0570483e-16  1.4453092e-17 

CM Pos
7.5015917      0.011067671   
7.5033885      0.013806991   
7.501757       0.013546973   
12.994288      0.0079714717  

Stress
20.712       0.0048441    0.0253789     0.0550698    0.0483277    0.0853281   
0.0048441    20.6769      0.0228529     0.0483277    0.127959     0.0782139   
0.0253789    0.0228529    20.6602       0.0853281    0.0782139    0.0963193   

Stress Spherical
0            0            0             0            0            0           
0            0            0             0            0            0           
0            0            0             0            0            0           

Inertia
150.059      -56.2923     -56.2641      0.233644     0.113276     0.118023    
-56.2923     150.037      -56.3066      0.113276     0.248645     0.105413    
-56.2641     -56.3066     150.068       0.118023     0.105413     0.239198    

Bond Length
0.62103843    0.0098374908

BB bond length
0.62103843    0.0098374908

Water EE distance
0             0           

PEG EE distance
6.0659704     0.64878663  

BBB P2(x)
0.48028027    0.0181826   

BBB first bond length
0.62119562    0.0097703433

BBB second bond length
0.62107451    0.0097728495

BBB <phi**2>/<phi>**2
1.2082783     0.029450004 

Time = 19000
Temperature
1.010624      0.0061960653

Pressure
23.702729     0.080864859 

CM Mom
-1.9222018e-17 1.6837536e-17 
-2.3508347e-17 1.5778836e-17 
-1.7601652e-16 2.5319315e-17 
1.8005291e-16  2.5659952e-17 

CM Pos
7.4984803      0.0092871003  
7.4958322      0.011269141   
7.5010162      0.015613433   
12.987699      0.0090228938  

Stress
20.6465      -0.00360406  0.00654953    0.0492412    0.0777321    0.0545062   
-0.00360406  20.6688      0.00989643    0.0777321    0.0778337    0.094497    
0.00654953   0.00989643   20.6982       0.0545062    0.094497     0.143157    

Stress Spherical
0            0            0             0            0            0           
0            0            0             0            0            0           
0            0            0             0            0            0           

Inertia
149.96       -56.2159     -56.2188      0.198245     0.0946487    0.160929    
-56.2159     149.994      -56.2421      0.0946487    0.300866     0.122316    
-56.2188     -56.2421     149.912       0.160929     0.122316     0.156576    

Bond Length
0.62176077    0.004541546 

BB bond length
0.62176077    0.004541546 

Water EE distance
0             0           

PEG EE distance
6.4430286     0.37242221  

BBB P2(x)
0.52330661    0.025796054 

BBB first bond length
0.62218631    0.0056771843

BBB second bond length
0.62164581    0.0039192663

BBB <phi**2>/<phi>**2
1.2341164     0.046423931 

Time = 20000
Temperature
1.0098065     0.0085985081

Pressure
23.711808     0.072583269 

CM Mom
-4.0222967e-17 1.4156779e-17 
-2.9400102e-17 2.1922462e-17 
-1.6322274e-16 2.0755553e-17 
1.7278021e-16  1.9563148e-17 

CM Pos
7.4924056      0.010556013   
7.5005735      0.017618916   
7.5014607      0.0099346432  
12.987185      0.014376081   

Stress
20.6606      0.0212721    -0.00871217   0.104335     0.039579     0.0429059   
0.0212721    20.6839      0.0132126     0.039579     0.0799484    0.0532768   
-0.00871217  0.0132126    20.7036       0.0429059    0.0532768    0.099079    

Stress Spherical
0            0            0             0            0            0           
0            0            0             0            0            0           
0            0            0             0            0            0           

Inertia
150.015      -56.1971     -56.2128      0.281986     0.175124     0.167484    
-56.1971     149.891      -56.2718      0.175124     0.226232     0.18691     
-56.2128     -56.2718     149.878       0.167484     0.18691      0.339273    

Bond Length
0.62001346    0.0095293025

BB bond length
0.62001346    0.0095293025

Water EE distance
0             0           

PEG EE distance
7.1630773     1.062062    

BBB P2(x)
0.54829874    0.044762835 

BBB first bond length
0.62014481    0.0096654724

BBB second bond length
0.62070686    0.010398919 

BBB <phi**2>/<phi>**2
1.2287025     0.028158194 

Time = 21000
Temperature
1.0090997     0.0052854808

Pressure
23.661038     0.062095616 

CM Mom
-5.5844525e-17 1.8837502e-17 
-3.8891527e-17 1.8513338e-17 
-1.558585e-16  2.9279727e-17 
1.7230779e-16  2.8070524e-17 

CM Pos
7.4961097      0.01143928    
7.4934616      0.0099269064  
7.501757       0.011380599   
12.985386      0.010241305   

Stress
20.6143      0.0157361    0.0102587     0.0816262    0.0691313    0.0482901   
0.0157361    20.6524      0.0129966     0.0691313    0.104256     0.0523104   
0.0102587    0.0129966    20.6354       0.0482901    0.0523104    0.0969749   

Stress Spherical
0            0            0             0            0            0           
0            0            0             0            0            0           
0            0            0             0            0            0           

Inertia
149.915      -56.1505     -56.2326      0.261957     0.0981557    0.114977    
-56.1505     149.969      -56.1846      0.0981557    0.240085     0.142702    
-56.2326     -56.1846     149.837       0.114977     0.142702     0.225232    

Bond Length
0.6263641     0.0071030988

BB bond length
0.6263641     0.0071030988

Water EE distance
0             0           

PEG EE distance
7.6121522     0.51895053  

BBB P2(x)
0.5159487     0.040951496 

BBB first bond length
0.62462393    0.007887863 

BBB second bond length
0.62591324    0.0086736312

BBB <phi**2>/<phi>**2
1.2284364     0.037641795 

Time = 22000
Temperature
1.0117304     0.0093609446

Pressure
23.719993     0.072976571 

CM Mom
-8.2494155e-17 1.357027e-17  
-4.9479166e-17 1.2469058e-17 
-1.8224158e-16 6.9537421e-18 
2.0680883e-16  9.1409044e-18 

CM Pos
7.505444       0.016869749   
7.4989437      0.018531605   
7.4984974      0.01476879    
12.992072      0.014388255   

Stress
20.6752      0.0350994    -0.023578     0.0931805    0.0672784    0.0818739   
0.0350994    20.7036      -0.0281881    0.0672784    0.10259      0.0779866   
-0.023578    -0.0281881   20.6766       0.0818739    0.0779866    0.0900144   

Stress Spherical
0            0            0             0            0            0           
0            0            0             0            0            0           
0            0            0             0            0            0           

Inertia
149.944      -56.3085     -56.2666      0.394922     0.183849     0.139182    
-56.3085     150.06       -56.2379      0.183849     0.239917     0.207869    
-56.2666     -56.2379     150.056       0.139182     0.207869     0.348162    

Bond Length
0.6249065     0.0080352156

BB bond length
0.6249065     0.0080352156

Water EE distance
0             0           

PEG EE distance
8.2591516     0.66261166  

BBB P2(x)
0.50029589    0.054627312 

BBB first bond length
0.62549036    0.0087704341

BBB second bond length
0.62592376    0.0084197192

BBB <phi**2>/<phi>**2
1.2177068     0.051844215 

Time = 23000
Temperature
1.0060032     0.0094297899

Pressure
23.702745     0.10470141  

CM Mom
-1.0438635e-16 2.5592758e-17 
-3.0741411e-17 1.7024478e-17 
-1.5994932e-16 1.8106598e-17 
1.9574466e-16  1.9545563e-17 

CM Pos
7.5021844      0.011670112   
7.4998326      0.010239324   
7.4989419      0.0099930277  
12.990944      0.010725261   

Stress
20.7017      -0.034879    0.011448      0.139493     0.0785963    0.051838    
-0.034879    20.6712      0.0264013     0.0785963    0.149575     0.0829908   
0.011448     0.0264013    20.6822       0.051838     0.0829908    0.128632    

Stress Spherical
0            0            0             0            0            0           
0            0            0             0            0            0           
0            0            0             0            0            0           

Inertia
149.974      -56.2887     -56.2474      0.290584     0.114197     0.158685    
-56.2887     150.027      -56.2432      0.114197     0.211876     0.162607    
-56.2474     -56.2432     150.027       0.158685     0.162607     0.182019    

Bond Length
0.62089866    0.0098217073

BB bond length
0.62089866    0.0098217073

Water EE distance
0             0           

PEG EE distance
6.4612631     0.72991425  

BBB P2(x)
0.51138628    0.030011711 

BBB first bond length
0.62173631    0.0095635345

BBB second bond length
0.61995446    0.010414617 

BBB <phi**2>/<phi>**2
1.2432862     0.051977896 

Time = 24000
Temperature
1.0133658     0.0066810734

Pressure
23.70366      0.070746161 

CM Mom
-1.2608033e-16 2.4476334e-17 
-2.905069e-17  2.062141e-17  
-1.6231666e-16 2.3463802e-17 
2.0995991e-16  2.4054328e-17 

CM Pos
7.5007027      0.013271945   
7.4955359      0.012308217   
7.5029423      0.010535197   
12.989923      0.0097551779  

Stress
20.6423      -0.0246766   0.0361496     0.104075     0.0666605    0.0852531   
-0.0246766   20.6587      0.007279      0.0666605    0.0888017    0.0619416   
0.0361496    0.007279     20.6906       0.0852531    0.0619416    0.094576    

Stress Spherical
0            0            0             0            0            0           
0            0            0             0            0            0           
0            0            0             0            0            0           

Inertia
149.964      -56.1947     -56.2632      0.153162     0.134873     0.165744    
-56.1947     150.063      -56.2312      0.134873     0.250827     0.110623    
-56.2632     -56.2312     149.929       0.165744     0.110623     0.246011    

Bond Length
0.62185392    0.003584858 

BB bond length
0.62185392    0.003584858 

Water EE distance
0             0           

PEG EE distance
6.6329296     0.92777489  

BBB P2(x)
0.53199727    0.046908254 

BBB first bond length
0.62249943    0.0044789557

BBB second bond length
0.62063327    0.004441553 

BBB <phi**2>/<phi>**2
1.2395543     0.035130784 

Time = 25000
Temperature
1.0119514     0.011439786 

Pressure
23.738513     0.098841249 

CM Mom
-1.1711076e-16 1.3435571e-17 
-3.658039e-17  1.8627102e-17 
-1.8675302e-16 1.519036e-17  
2.250122e-16   7.5819717e-18 

CM Pos
7.5001101      0.012572029   
7.4999808      0.0057018613  
7.5070909      0.0078176053  
12.994535      0.0097996495  

Stress
20.6818      0.0199505    0.0279718     0.126512     0.0704967    0.0441757   
0.0199505    20.6932      0.00998749    0.0704967    0.0905059    0.0774693   
0.0279718    0.00998749   20.7338       0.0441757    0.0774693    0.117621    

Stress Spherical
0            0            0             0            0            0           
0            0            0             0            0            0           
0            0            0             0            0            0           

Inertia
150.101      -56.2507     -56.3332      0.142941     0.141168     0.13218     
-56.2507     150.118      -56.3102      0.141168     0.240358     0.094271    
-56.3332     -56.3102     149.992       0.13218      0.094271     0.204034    

Bond Length
0.62216833    0.0068786287

BB bond length
0.62216833    0.0068786287

Water EE distance
0             0           

PEG EE distance
6.1905511     0.89266838  

BBB P2(x)
0.51126807    0.062838286 

BBB first bond length
0.62260228    0.0072173698

BBB second bond length
0.62330125    0.006913001 

BBB <phi**2>/<phi>**2
1.2269127     0.037956413 

Time = 26000
Temperature
1.0133945     0.004820339 

Pressure
23.77675      0.089190031 

CM Mom
-7.2281835e-17 1.7775622e-17 
-6.8366062e-17 1.3014644e-17 
-2.1639479e-16 1.5537045e-17 
2.3934837e-16  1.2821778e-17 

CM Pos
7.502777       0.0071610308  
7.4986473      0.016908743   
7.5038313      0.01066772    
12.993429      0.010836678   

Stress
20.75        0.0155561    -0.0162263    0.148786     0.0404536    0.0782362   
0.0155561    20.7108      -0.0236044    0.0404536    0.158304     0.0536485   
-0.0162263   -0.0236044   20.7498       0.0782362    0.0536485    0.0822023   

Stress Spherical
0            0            0             0            0            0           
0            0            0             0            0            0           
0            0            0             0            0            0           

Inertia
150.038      -56.2517     -56.2818      0.318533     0.134293     0.102877    
-56.2517     150.105      -56.2674      0.134293     0.165578     0.153551    
-56.2818     -56.2674     150.035       0.102877     0.153551     0.254139    

Bond Length
0.62031287    0.0088671494

BB bond length
0.62031287    0.0088671494

Water EE distance
0             0           

PEG EE distance
5.6000052     0.50602202  

BBB P2(x)
0.48964751    0.048382389 

BBB first bond length
0.62062036    0.009194402 

BBB second bond length
0.61987489    0.0087189578

BBB <phi**2>/<phi>**2
1.22777       0.031196108 

Time = 27000
Temperature
1.0067439     0.0091513657

Pressure
23.675194     0.12592765  

CM Mom
-8.2383396e-17 2.1107813e-17 
-6.2918304e-17 1.6342998e-17 
-2.0064945e-16 3.7322659e-17 
2.270947e-16   3.923714e-17  

CM Pos
7.4952207      0.0078414374  
7.4958322      0.013567213   
7.4998309      0.015369702   
12.985128      0.014909387   

Stress
20.6125      -0.0146769   0.0142693     0.135046     0.0695878    0.0714897   
-0.0146769   20.6624      0.00115513    0.0695878    0.164545     0.0749847   
0.0142693    0.00115513   20.6909       0.0714897    0.0749847    0.131068    

Stress Spherical
0            0            0             0            0            0           
0            0            0             0            0            0           
0            0            0             0            0            0           

Inertia
149.923      -56.1718     -56.2222      0.307897     0.184147     0.104257    
-56.1718     149.92       -56.2192      0.184147     0.211252     0.191909    
-56.2222     -56.2192     149.865       0.104257     0.191909     0.279392    

Bond Length
0.61950547    0.011516915 

BB bond length
0.61950547    0.011516915 

Water EE distance
0             0           

PEG EE distance
5.2958325     0.68221402  

BBB P2(x)
0.48516718    0.052351802 

BBB first bond length
0.61916889    0.010816368 

BBB second bond length
0.62021345    0.011019216 

BBB <phi**2>/<phi>**2
1.2178626     0.033991494 

Time = 28000
Temperature
1.012424      0.0088981494

Pressure
23.692854     0.078869149 

CM Mom
-5.4895671e-17 2.1211482e-17 
-6.9712443e-17 1.6659649e-17 
-1.4996592e-16 2.4633509e-17 
1.7670417e-16  2.1749769e-17 

CM Pos
7.4999619      0.0086760664  
7.4990918      0.0073202011  
7.502646       0.012310892   
12.99137       0.0091625297  

Stress
20.6289      0.023059     -0.0372727    0.108293     0.085196     0.0792843   
0.023059     20.6851      -0.0160242    0.085196     0.117616     0.0902138   
-0.0372727   -0.0160242   20.6537       0.0792843    0.0902138    0.0973647   

Stress Spherical
0            0            0             0            0            0           
