Time = 1000
Temperature
   1.0313794   0.049962524

Pressure
   23.555806    0.15783562

CM Mom
2.8656795e-17  1.4060465e-17 
-3.0554597e-17 1.4332282e-17 
-5.1191048e-17 9.5460276e-17 
1.0574739e-16  5.2044056e-17 

CM Pos
7.4939187      0.016534322   
7.5018592      0.022938128   
7.4976665      0.011921151   
12.986629      0.010771122   

Stress
20.4765      -0.0096376   0.0394052     0.126789     0.0731041    0.0870664   
-0.0096376   20.4504      0.00303562    0.0731041    0.146445     0.0692993   
0.0394052    0.00303562   20.4682       0.0870664    0.0692993    0.0667126   

Stress Spherical
0            0            0             0            0            0           
0            0            0             0            0            0           
0            0            0             0            0            0           

Inertia
150.001      -56.2551     -56.194       0.525708     0.191837     0.178541    
-56.2551     149.881      -56.2859      0.191837     0.138094     0.113317    
-56.194      -56.2859     149.94        0.178541     0.113317     0.487368    

Bond Length
0.6201691     0.0027925538

BB bond length
0.6201691     0.0027925538

Water EE distance
0             0           

PEG EE distance
4.2829843     0.36272659  

BBB P2(x)
0.48852973    0.051598467 

BBB first bond length
0.62052314    0.0029924481

BBB second bond length
0.61970806    0.0031538336

BBB <phi**2>/<phi>**2
1.2286923     0.023604732 

Time = 2000
Temperature
1.0046928     0.0074444234

Pressure
23.49779      0.084095801 

CM Mom
3.5529826e-17  1.127374e-17  
-3.1159297e-17 1.2285822e-17 
-3.9055394e-17 2.3432667e-17 
6.5941153e-17  1.541061e-17  

CM Pos
7.4986646      0.022437875   
7.5026007      0.016418848   
7.5035988      0.014425698   
12.993221      0.013346966   

Stress
20.4459      -0.00761902  0.0198049     0.130506     0.103126     0.0737146   
-0.00761902  20.5095      0.0475814     0.103126     0.0365619    0.065752    
0.0198049    0.0475814    20.5055       0.0737146    0.065752     0.146418    

Stress Spherical
0            0            0             0            0            0           
0            0            0             0            0            0           
0            0            0             0            0            0           

Inertia
150.048      -56.2544     -56.2696      0.359361     0.0968195    0.235361    
-56.2544     149.991      -56.2999      0.0968195    0.325677     0.202513    
-56.2696     -56.2999     149.978       0.235361     0.202513     0.107719    

Bond Length
0.61825501    0.0043582777

BB bond length
0.61825501    0.0043582777

Water EE distance
0             0           

PEG EE distance
4.5005463     0.073452986 

BBB P2(x)
0.52100749    0.018321022 

BBB first bond length
0.61794639    0.0042195985

BBB second bond length
0.61849676    0.0039606396

BBB <phi**2>/<phi>**2
1.2382375     0.013059941 

