Time = 1000
Temperature
   1.7550919     1.5213736

Pressure
   29.425221      4.048969

CM Mom
-3.6342949e-18 3.8296751e-17 
3.6586864e-17  5.8076274e-17 
-5.8036219e-16 1.2093908e-15 
7.3875797e-16  1.1224412e-15 

CM Pos
9.9942057      0.039207292   
10.002647      0.044956598   
9.9927741      0.036240138   
17.314645      0.023666389   

Stress
24.1662      0.0195574    0.062696      0.91215      0.04576      0.0902408   
0.0195574    24.1743      0.100007      0.04576      0.685775     0.106151    
0.062696     0.100007     24.1551       0.0902408    0.106151     0.887158    

Stress Spherical
0            0            0             0            0            0           
0            0            0             0            0            0           
0            0            0             0            0            0           

Inertia
267.542      -99.9855     -99.8537      6.18668      0.177762     0.779953    
-99.9855     267.241      -99.9603      0.177762     3.95943      0.393392    
-99.8537     -99.9603     267.492       0.779953     0.393392     5.66353     

Bond Length
0.61773101    0.038790271 

BB bond length
0.61773101    0.038790271 

Water EE distance
0             0           

PEG EE distance
7.7920702     0.35728616  

BBB P2(x)
0.11902001    0.038593703 

BBB first bond length
0.61815773    0.0396292   

BBB second bond length
0.61812585    0.039089237 

BBB <phi**2>/<phi>**2
1.1324545     0.013693227 

Time = 2000
Temperature
1.0142247     0.0029855717

Pressure
26.844351     0.058375695 

CM Mom
-9.00586e-18   1.9502681e-17 
1.1480779e-17  1.8248961e-17 
-7.1890136e-17 5.6042964e-17 
9.1115223e-17  3.0550196e-17 

CM Pos
9.9938721      0.0087472317  
9.9997269      0.011235279   
9.9935249      0.011785402   
17.313081      0.010492947   

Stress
23.7921      0.00257106   -0.0206845    0.0900839    0.0610274    0.0725036   
0.00257106   23.8105      0.0276        0.0610274    0.0910995    0.0554988   
-0.0206845   0.0276       23.8115       0.0725036    0.0554988    0.0729247   

Stress Spherical
0            0            0             0            0            0           
0            0            0             0            0            0           
0            0            0             0            0            0           

Inertia
266.843      -99.9526     -99.8719      1.00753      0.172653     0.163762    
-99.9526     266.779      -99.9413      0.172653     0.985614     0.128608    
-99.8719     -99.9413     266.87        0.163762     0.128608     1.17453     

Bond Length
0.6009858     0.00033096842

BB bond length
0.6009858     0.00033096842

Water EE distance
0             0           

PEG EE distance
7.0600042     0.18236203  

BBB P2(x)
0.082363      0.0038552564

BBB first bond length
0.60114984    0.00035538138

BBB second bond length
0.60112449    0.000379981 

BBB <phi**2>/<phi>**2
1.1212175     0.0012321492

Time = 3000
Temperature
1.0119094     0.0044238541

Pressure
26.747954     0.024825493 

CM Mom
5.4277686e-18  1.1652874e-17 
7.4767334e-18  1.3963268e-17 
-8.7294967e-17 3.7916768e-17 
9.1733065e-17  3.2546303e-17 

CM Pos
9.9986268      0.014526255   
9.9957229      0.008993935   
10.00487       0.0088315453  
17.320065      0.012157866   

Stress
23.6994      -0.00959533  -0.0216086    0.0713222    0.0792432    0.0703959   
-0.00959533  23.7362      -0.00554048   0.0792432    0.0699764    0.0309836   
-0.0216086   -0.00554048  23.7101       0.0703959    0.0309836    0.0617986   

Stress Spherical
0            0            0             0            0            0           
0            0            0             0            0            0           
0            0            0             0            0            0           

Inertia
266.755      -99.9291     -100.015      0.21111      0.196919     0.183853    
-99.9291     266.854      -100.027      0.196919     0.334062     0.126704    
-100.015     -100.027     266.692       0.183853     0.126704     0.401779    

Bond Length
0.60080181    0.00048590171

BB bond length
0.60080181    0.00048590171

Water EE distance
0             0           

PEG EE distance
6.5157129     0.14104498  

BBB P2(x)
0.072284531   0.0043801334

BBB first bond length
0.60092851    0.00043608066

BBB second bond length
0.60096271    0.0005055424

BBB <phi**2>/<phi>**2
1.1182355     0.0018461506

Time = 4000
Temperature
1.0115793     0.0039143189

Pressure
26.789684     0.048800502 

CM Mom
1.7923161e-17  2.3597894e-17 
2.0297596e-17  1.8868435e-17 
-1.090502e-16  1.0924088e-17 
1.1600433e-16  1.4155878e-17 

CM Pos
9.997459       0.01330203    
10.006901      0.013380265   
9.997946       0.010651244   
17.321849      0.013981816   

Stress
23.7892      -0.00810601  -0.0177533    0.0813147    0.0634365    0.0306639   
-0.00810601  23.7354      0.0207039     0.0634365    0.0603224    0.0263254   
-0.0177533   0.0207039    23.7493       0.0306639    0.0263254    0.0860529   

Stress Spherical
0            0            0             0            0            0           
0            0            0             0            0            0           
0            0            0             0            0            0           

Inertia
266.802      -100.066     -99.9248      0.454937     0.184452     0.207558    
-100.066     266.614      -100.021      0.184452     0.332111     0.244816    
-99.9248     -100.021     266.85        0.207558     0.244816     0.321354    

Bond Length
0.60046434    0.0005686708

BB bond length
0.60046434    0.0005686708

Water EE distance
0             0           

PEG EE distance
6.1201693     0.090554713 

BBB P2(x)
0.067750437   0.0052395522

BBB first bond length
0.60061506    0.00054547563

BBB second bond length
0.60063251    0.00061268681

BBB <phi**2>/<phi>**2
1.1169268     0.0023102807

Time = 5000
Temperature
1.0105535     0.0030869811

Pressure
26.80976      0.062905936 

CM Mom
2.7144342e-17  1.2493739e-17 
2.8571017e-17  2.9273368e-17 
-1.1645927e-16 3.2091537e-17 
1.2707412e-16  3.1795269e-17 

CM Pos
9.9926208      0.0091610431  
10.004815      0.0069711653  
10.002784      0.0084015204  
17.320642      0.0076497129  

Stress
23.7777      0.0278144    -0.0295896    0.105934     0.0682136    0.0759984   
0.0278144    23.7598      0.0235344     0.0682136    0.0773845    0.0531696   
-0.0295896   0.0235344    23.8059       0.0759984    0.0531696    0.109022    

Stress Spherical
0            0            0             0            0            0           
0            0            0             0            0            0           
0            0            0             0            0            0           

Inertia
266.832      -100.006     -99.972       0.299383     0.123152     0.141842    
-100.006     266.579      -100.109      0.123152     0.248481     0.087242    
-99.972      -100.109     266.624       0.141842     0.087242     0.196811    

Bond Length
0.60059014    0.00035293926

BB bond length
0.60059014    0.00035293926

Water EE distance
0             0           

PEG EE distance
5.9062814     0.04774949  

BBB P2(x)
0.06086598    0.0033290454

BBB first bond length
0.60081686    0.00034032947

BBB second bond length
0.6007636     0.00037617997

BBB <phi**2>/<phi>**2
1.1155376     0.0015480486

Time = 6000
Temperature
1.0147587     0.0039629253

Pressure
26.810707     0.058572779 

CM Mom
1.5090531e-17  8.3439895e-18 
4.3690953e-17  1.9930014e-17 
-1.2610587e-16 2.5377496e-17 
1.3715674e-16  1.8389891e-17 

CM Pos
9.9982931      0.012015777   
9.9943049      0.010752675   
10.007539      0.0073808506  
17.320595      0.010995236   

Stress
23.7433      0.0232461    -0.00519325   0.0571621    0.0472303    0.041504    
0.0232461    23.8053      0.0170197     0.0472303    0.0726198    0.065392    
-0.00519325  0.0170197    23.7598       0.041504     0.065392     0.0704969   

Stress Spherical
0            0            0             0            0            0           
0            0            0             0            0            0           
0            0            0             0            0            0           

Inertia
266.704      -99.9501     -100.133      0.178302     0.236433     0.13726     
-99.9501     266.768      -100.022      0.236433     0.233705     0.0789076   
-100.133     -100.022     266.498       0.13726      0.0789076    0.414453    

Bond Length
0.6002825     0.00054587705

BB bond length
0.6002825     0.00054587705

Water EE distance
0             0           

PEG EE distance
5.8109027     0.050359573 

BBB P2(x)
0.059760077   0.0031506147

BBB first bond length
0.60051038    0.00056571142

BBB second bond length
0.60036938    0.00059660268

BBB <phi**2>/<phi>**2
1.1146212     0.0012419342

Time = 7000
Temperature
1.0130339     0.0035803444

Pressure
26.810083     0.058244122 

CM Mom
2.8522396e-17  2.3210717e-17 
3.9979327e-17  1.0159842e-17 
-1.3033289e-16 2.8442139e-17 
1.419443e-16   2.6481437e-17 

CM Pos
10.000379      0.010696877   
10.000394      0.005437467   
9.9971952      0.0096709482  
17.319341      0.0070013332  

Stress
23.7672      -0.00189362  -0.0395773    0.0759773    0.0500623    0.0661292   
-0.00189362  23.7759      0.0303672     0.0500623    0.0707603    0.0420316   
-0.0395773   0.0303672    23.7789       0.0661292    0.0420316    0.10131     

Stress Spherical
0            0            0             0            0            0           
0            0            0             0            0            0           
0            0            0             0            0            0           

Inertia
266.592      -100.038     -99.898       0.309401     0.12937      0.071628    
-100.038     266.6        -99.9659      0.12937      0.160117     0.105231    
-99.898      -99.9659     266.659       0.071628     0.105231     0.244173    

Bond Length
0.60047499    0.00041289277

BB bond length
0.60047499    0.00041289277

Water EE distance
0             0           

PEG EE distance
5.6256872     0.022540992 

BBB P2(x)
0.058664381   0.0033124726

BBB first bond length
0.60064203    0.00044187533

BBB second bond length
0.60063424    0.00046586597

BBB <phi**2>/<phi>**2
1.1147035     0.001451699 

Time = 8000
Temperature
1.010644      0.0042866786

Pressure
26.812268     0.068152608 

CM Mom
2.9605716e-17  1.0441133e-17 
1.7764506e-17  3.5088424e-17 
-1.409352e-16  3.8375406e-17 
1.4970779e-16  3.8148011e-17 

CM Pos
9.9961243      0.0054731814  
10.000478      0.0087631271  
9.9998646      0.0075209349  
17.318472      0.0069725287  

Stress
23.7967      0.0188488    0.00202792    0.0770094    0.0361363    0.0551673   
0.0188488    23.7557      0.0154131     0.0361363    0.12405      0.061626    
0.00202792   0.0154131    23.7976       0.0551673    0.061626     0.105233    

Stress Spherical
0            0            0             0            0            0           
0            0            0             0            0            0           
0            0            0             0            0            0           

Inertia
266.681      -99.9735     -99.9577      0.196152     0.138944     0.125434    
-99.9735     266.573      -99.9999      0.138944     0.217299     0.141636    
-99.9577     -99.9999     266.593       0.125434     0.141636     0.238655    

Bond Length
0.60055947    0.0004558624

BB bond length
0.60055947    0.0004558624

Water EE distance
0             0           

PEG EE distance
5.5873095     0.025636129 

BBB P2(x)
0.058446722   0.0026289341

BBB first bond length
0.60074822    0.00046828144

BBB second bond length
0.6007139     0.00046942984

BBB <phi**2>/<phi>**2
1.1141802     0.0012795755

Time = 9000
Temperature
1.0122536     0.0031485993

Pressure
26.836188     0.070579344 

CM Mom
2.6746114e-17  1.7695921e-17 
2.3623032e-17  1.1545549e-17 
-9.9584241e-17 1.685706e-17  
1.073689e-16   1.9822939e-17 

CM Pos
10.000962      0.010378934   
10.001562      0.0067896315  
9.9948595      0.0069836312  
17.319004      0.005302738   

Stress
23.807       0.00293734   0.000449094   0.0954376    0.0698423    0.0701535   
0.00293734   23.7828      0.0185332     0.0698423    0.11499      0.0451184   
0.000449094  0.0185332    23.8176       0.0701535    0.0451184    0.0609266   

Stress Spherical
0            0            0             0            0            0           
0            0            0             0            0            0           
0            0            0             0            0            0           

Inertia
266.649      -100.02      -99.9589      0.243052     0.107223     0.0930843   
-100.02      266.632      -99.9402      0.107223     0.185205     0.122852    
-99.9589     -99.9402     266.75        0.0930843    0.122852     0.148695    

Bond Length
0.60065792    0.00057994601

BB bond length
0.60065792    0.00057994601

Water EE distance
0             0           

PEG EE distance
5.539249      0.037906703 

BBB P2(x)
0.057941711   0.0054985433

BBB first bond length
0.60074833    0.00056854817

BBB second bond length
0.60079982    0.0005824068

BBB <phi**2>/<phi>**2
1.1141105     0.0017208148

Time = 10000
Temperature
1.0101459     0.0038270326

Pressure
26.804684     0.061198871 

CM Mom
5.1127516e-17  1.3990484e-17 
2.1863391e-17  1.6646523e-17 
-1.0690793e-16 1.4197904e-17 
1.2236251e-16  1.4939017e-17 

CM Pos
9.9970419      0.0141179     
9.9945551      0.010827803   
9.9971952      0.0092817769  
17.314047      0.0085796469  

Stress
23.7924      -0.0196887   0.0120492     0.0657225    0.058245     0.0534251   
-0.0196887   23.7345      0.0186503     0.058245     0.0933608    0.0633988   
0.0120492    0.0186503    23.805        0.0534251    0.0633988    0.0506267   

Stress Spherical
0            0            0             0            0            0           
0            0            0             0            0            0           
0            0            0             0            0            0           

Inertia
266.521      -99.9325     -99.9152      0.301309     0.174527     0.149051    
-99.9325     266.559      -99.8898      0.174527     0.220461     0.197827    
-99.9152     -99.8898     266.531       0.149051     0.197827     0.309643    

Bond Length
0.60059501    0.00038005855

BB bond length
0.60059501    0.00038005855

Water EE distance
0             0           

PEG EE distance
5.3118986     0.069797609 

BBB P2(x)
0.055920525   0.0028447665

BBB first bond length
0.60076414    0.00038641487

BBB second bond length
0.60068053    0.0004299279

BBB <phi**2>/<phi>**2
1.1136024     0.0013579121

Time = 11000
Temperature
1.0084476     0.0046362668

Pressure
26.800924     0.059969814 

CM Mom
7.398257e-17   2.0070109e-17 
2.4710404e-17  1.578423e-17  
-1.0904381e-16 1.236655e-17  
1.3600507e-16  1.6795285e-17 

CM Pos
9.9943726      0.011174109   
10.007401      0.0080552252  
9.9962776      0.0063110712  
17.319391      0.0063020069  

Stress
23.7879      0.0195013    -0.0150378    0.09177      0.0693923    0.041914    
0.0195013    23.7728      -0.0115344    0.0693923    0.0816034    0.0472093   
-0.0150378   -0.0115344   23.775        0.041914     0.0472093    0.0840816   

Stress Spherical
0            0            0             0            0            0           
0            0            0             0            0            0           
0            0            0             0            0            0           

Inertia
266.712      -100.028     -99.9667      0.213321     0.151338     0.127987    
-100.028     266.466      -100.034      0.151338     0.214423     0.140942    
-99.9667     -100.034     266.709       0.127987     0.140942     0.226357    

Bond Length
0.60038925    0.00072671938

BB bond length
0.60038925    0.00072671938

Water EE distance
0             0           

PEG EE distance
5.2658085     0.026788742 

BBB P2(x)
0.055159184   0.0023013422

BBB first bond length
0.60053331    0.00073333209

BBB second bond length
0.6005483     0.00075321242

BBB <phi**2>/<phi>**2
1.1136664     0.0012526428

Time = 12000
Temperature
1.0087328     0.0044426216

Pressure
26.839498     0.051603183 

CM Mom
7.0785979e-17  1.6828789e-17 
2.5416911e-17  1.2421421e-17 
-8.9133183e-17 3.5434874e-17 
1.1997225e-16  3.0019801e-17 

CM Pos
9.9976258      0.0069496717  
9.998142       0.011886228   
9.9987801      0.0096070604  
17.317365      0.011505386   

Stress
23.8577      0.0490108    0.0141273     0.0886304    0.0575463    0.0708974   
0.0490108    23.802       -0.00495016   0.0575463    0.0999876    0.0577852   
0.0141273    -0.00495016  23.7893       0.0708974    0.0577852    0.0944461   

Stress Spherical
0            0            0             0            0            0           
0            0            0             0            0            0           
0            0            0             0            0            0           

Inertia
266.618      -99.9361     -99.9512      0.314975     0.112811     0.146619    
-99.9361     266.641      -99.9158      0.112811     0.289991     0.195308    
-99.9512     -99.9158     266.613       0.146619     0.195308     0.248813    

Bond Length
0.60039417    0.00036733586

BB bond length
0.60039417    0.00036733586

Water EE distance
0             0           

PEG EE distance
5.2367116     0.025951708 

BBB P2(x)
0.056064259   0.002759621 

BBB first bond length
0.60047579    0.00043677833

BBB second bond length
0.60055641    0.00036330383

BBB <phi**2>/<phi>**2
1.1143903     0.00085660704

Time = 13000
Temperature
1.0104943     0.0039105913

Pressure
26.850177     0.092017244 

CM Mom
9.5525208e-17  2.2632493e-17 
4.4713959e-17  2.0850181e-17 
-8.1286352e-17 2.2000111e-17 
1.3788484e-16  1.2272298e-17 

CM Pos
10.000796      0.0069034606  
10.002563      0.012071242   
9.9970284      0.011650009   
17.320737      0.012479398   

Stress
23.8552      -0.0281955   -0.00841681   0.0989252    0.0631907    0.038802    
-0.0281955   23.8061      -0.0188657    0.0631907    0.0972782    0.0664438   
-0.00841681  -0.0188657   23.8039       0.038802     0.0664438    0.0953927   

Stress Spherical
0            0            0             0            0            0           
0            0            0             0            0            0           
0            0            0             0            0            0           

Inertia
266.697      -100.031     -99.9875      0.445999     0.151772     0.150199    
-100.031     266.691      -99.9747      0.151772     0.282689     0.179775    
-99.9875     -99.9747     266.776       0.150199     0.179775     0.370045    

Bond Length
0.60032612    0.00066176908

BB bond length
0.60032612    0.00066176908

Water EE distance
0             0           

PEG EE distance
5.2491664     0.034527124 

BBB P2(x)
0.054904686   0.0031749689

BBB first bond length
0.60045842    0.00066282848

BBB second bond length
0.60047122    0.00068264428

BBB <phi**2>/<phi>**2
1.1144466     0.0012595647

Time = 14000
Temperature
1.0130681     0.0031721203

Pressure
26.821069     0.055775885 

CM Mom
1.0181177e-16  8.9385253e-18 
4.6105905e-17  1.1895199e-17 
-6.8399388e-17 1.3851399e-17 
1.3232886e-16  8.4968205e-18 

CM Pos
10.005133      0.01072838    
9.9932204      0.011248896   
10.001783      0.011065225   
17.320596      0.011003013   

Stress
23.8305      -0.00946705  0.0266761     0.0654042    0.0545685    0.0641868   
-0.00946705  23.7323      0.0023723     0.0545685    0.0815722    0.048676    
0.0266761    0.0023723    23.792        0.0641868    0.048676     0.120052    

Stress Spherical
0            0            0             0            0            0           
0            0            0             0            0            0           
0            0            0             0            0            0           

Inertia
266.564      -100.045     -100.087      0.380432     0.16934      0.206722    
-100.045     266.81       -99.9293      0.16934      0.303583     0.192504    
-100.087     -99.9293     266.643       0.206722     0.192504     0.271035    

Bond Length
0.60046359    0.00044863157

BB bond length
0.60046359    0.00044863157

Water EE distance
0             0           

PEG EE distance
5.2414036     0.032612521 

BBB P2(x)
0.054281623   0.0026636412

BBB first bond length
0.60067603    0.00044831614

BBB second bond length
0.60064269    0.00046719939

BBB <phi**2>/<phi>**2
1.1133636     0.0012464902

Time = 15000
Temperature
1.011677      0.0047808333

Pressure
26.799601     0.066633674 

CM Mom
9.9437568e-17  2.6727231e-17 
5.4287642e-17  2.3809406e-17 
-7.2843452e-17 1.4563047e-17 
1.3788951e-16  2.4918749e-17 

CM Pos
9.9987937      0.010100318   
9.9972244      0.010786595   
9.9965279      0.0081428593  
17.31621       0.009891425   

Stress
23.7735      -0.024342    0.0138379     0.102334     0.0650417    0.0441051   
-0.024342    23.7607      0.0175871     0.0650417    0.103338     0.0403495   
0.0138379    0.0175871    23.7686       0.0441051    0.0403495    0.0907581   

Stress Spherical
0            0            0             0            0            0           
0            0            0             0            0            0           
0            0            0             0            0            0           

Inertia
266.553      -99.9993     -99.9847      0.282882     0.199173     0.142859    
-99.9993     266.573      -99.9101      0.199173     0.207088     0.169598    
-99.9847     -99.9101     266.585       0.142859     0.169598     0.322172    

Bond Length
0.60064626    0.00046066249

BB bond length
0.60064626    0.00046066249

Water EE distance
0             0           

PEG EE distance
5.2112167     0.026845419 

BBB P2(x)
0.054236171   0.0030385632

BBB first bond length
0.6008258     0.00051570774

BBB second bond length
0.60079662    0.00044913003

BBB <phi**2>/<phi>**2
1.1134166     0.0015352263

Time = 16000
Temperature
1.0105685     0.0054178122

Pressure
26.789106     0.031359092 

CM Mom
1.0479559e-16  2.2873447e-17 
5.6612761e-17  1.9985416e-17 
-9.6386781e-17 2.1730706e-17 
1.5551195e-16  2.6237354e-17 

CM Pos
10.004216      0.016703358   
10.004899      0.0093727916  
10.007038      0.0082683632  
17.329842      0.012234966   

Stress
23.7658      0.00313355   0.00684368    0.0498029    0.0587777    0.0422648   
0.00313355   23.7453      -0.0399302    0.0587777    0.0373028    0.0566446   
0.00684368   -0.0399302   23.7702       0.0422648    0.0566446    0.102887    

Stress Spherical
0            0            0             0            0            0           
0            0            0             0            0            0           
0            0            0             0            0            0           

Inertia
266.926      -100.11      -100.096      0.281355     0.168092     0.199025    
-100.11      266.883      -100.126      0.168092     0.395363     0.15356     
-100.096     -100.126     266.847       0.199025     0.15356      0.329664    

Bond Length
0.60070038    0.00053033154

BB bond length
0.60070038    0.00053033154

Water EE distance
0             0           

PEG EE distance
5.1557843     0.033490492 

BBB P2(x)
0.052914536   0.003994669 

BBB first bond length
0.60089008    0.00059243506

BBB second bond length
0.60080759    0.00053333721

BBB <phi**2>/<phi>**2
1.1128801     0.0018614353

Time = 17000
Temperature
1.0127607     0.0039934647

Pressure
26.813634     0.070920914 

CM Mom
1.0421017e-16  2.0247426e-17 
4.8624351e-17  2.0881186e-17 
-1.1995442e-16 3.003061e-17  
1.6875485e-16  2.9711471e-17 

CM Pos
9.9977092      0.016671668   
10.0059        0.010127838   
9.9990304      0.0062026398  
17.322043      0.0089909055  

Stress
23.7778      0.0148197    0.00770857    0.0852174    0.055223     0.0619734   
0.0148197    23.7857      0.0077577     0.055223     0.0759166    0.0561334   
0.00770857   0.0077577    23.7717       0.0619734    0.0561334    0.127502    

Stress Spherical
0            0            0             0            0            0           
0            0            0             0            0            0           
0            0            0             0            0            0           

Inertia
266.79       -100.028     -99.9865      0.309817     0.176892     0.153331    
-100.028     266.615      -100.064      0.176892     0.220352     0.153383    
-99.9865     -100.064     266.767       0.153331     0.153383     0.320157    

Bond Length
0.6005453     0.00055371831

BB bond length
0.6005453     0.00055371831

Water EE distance
0             0           

PEG EE distance
5.1417435     0.029507706 

BBB P2(x)
0.05446803    0.0038738543

BBB first bond length
0.60079561    0.00053914695

BBB second bond length
0.60073323    0.00049777704

BBB <phi**2>/<phi>**2
1.1133297     0.0012093802

Time = 18000
Temperature
1.0103776     0.0032433615

Pressure
26.819019     0.050513201 

CM Mom
7.6262542e-17  1.7525492e-17 
6.5647215e-17  2.7675017e-17 
-1.0870011e-16 2.1911435e-17 
1.5225222e-16  1.7710657e-17 

CM Pos
9.9993776      0.010985704   
10.000227      0.011811352   
9.9962776      0.0090398513  
17.318135      0.013894973   

Stress
23.7824      -0.0214142   -0.00553638   0.0763211    0.0495396    0.0675453   
-0.0214142   23.7841      0.00455228    0.0495396    0.0642346    0.0295538   
-0.00553638  0.00455228   23.8062       0.0675453    0.0295538    0.0891236   

Stress Spherical
0            0            0             0            0            0           
0            0            0             0            0            0           
0            0            0             0            0            0           

Inertia
266.628      -100.01      -99.9897      0.313019     0.212092     0.177544    
-100.01      266.621      -99.9484      0.212092     0.360422     0.194559    
-99.9897     -99.9484     266.683       0.177544     0.194559     0.500811    

Bond Length
0.60044157    0.00050693046

BB bond length
0.60044157    0.00050693046

Water EE distance
0             0           

PEG EE distance
5.0497568     0.042564542 

BBB P2(x)
0.05282948    0.0034348424

BBB first bond length
0.60058136    0.00050544911

BBB second bond length
0.60055443    0.00046928601

BBB <phi**2>/<phi>**2
1.1134378     0.0015666025

Time = 19000
Temperature
1.0107723     0.0051399192

Pressure
26.853        0.046922166 

CM Mom
6.6435105e-17  3.200755e-17  
6.9703354e-17  1.9049119e-17 
-1.1876333e-16 1.9544008e-17 
1.5771096e-16  1.6537303e-17 

CM Pos
9.9922871      0.015067984   
10.002146      0.008331659   
9.9987801      0.0072067438  
17.316596      0.013268835   

Stress
23.8508      -0.0214717   0.02413       0.0618027    0.0485352    0.0415285   
-0.0214717   23.8152      0.0502608     0.0485352    0.0890818    0.0529487   
0.02413      0.0502608    23.8052       0.0415285    0.0529487    0.0977369   

Stress Spherical
0            0            0             0            0            0           
0            0            0             0            0            0           
0            0            0             0            0            0           

Inertia
266.677      -99.9551     -99.9626      0.229597     0.257914     0.173495    
-99.9551     266.498      -100.046      0.257914     0.400044     0.133681    
-99.9626     -100.046     266.559       0.173495     0.133681     0.481791    

Bond Length
0.60021278    0.00053304272

BB bond length
0.60021278    0.00053304272

Water EE distance
0             0           

PEG EE distance
5.0301229     0.026410655 

BBB P2(x)
0.053394614   0.0027273186

BBB first bond length
0.60034364    0.00052139063

BBB second bond length
0.60026712    0.00050190041

BBB <phi**2>/<phi>**2
1.1132327     0.0012304782

Time = 20000
Temperature
1.0134082     0.0040640666

Pressure
26.838483     0.065094784 

CM Mom
6.7315259e-17  2.3676649e-17 
8.2612718e-17  1.2350269e-17 
-1.1203616e-16 1.2372309e-17 
1.5677549e-16  1.3997873e-17 

CM Pos
9.9977092      0.0044641602  
10.001479      0.0048953623  
9.9992806      0.0079469505  
17.319626      0.0058663806  

Stress
23.7698      -0.0202284   -0.0158135    0.0641899    0.0424316    0.0478214   
-0.0202284   23.8095      -0.00637579   0.0424316    0.0931744    0.0503627   
-0.0158135   -0.00637579  23.8246       0.0478214    0.0503627    0.0938541   

Stress Spherical
0            0            0             0            0            0           
0            0            0             0            0            0           
0            0            0             0            0            0           

Inertia
266.686      -100.033     -99.9728      0.167005     0.0851455    0.104416    
-100.033     266.612      -100.012      0.0851455    0.192428     0.116391    
-99.9728     -100.012     266.661       0.104416     0.116391     0.130624    

Bond Length
0.60052254    0.00040074303

BB bond length
0.60052254    0.00040074303

Water EE distance
0             0           

PEG EE distance
5.0501709     0.020277531 

BBB P2(x)
0.053168201   0.0029614886

BBB first bond length
0.60064819    0.0003862835

BBB second bond length
0.60068533    0.0003811375

BBB <phi**2>/<phi>**2
1.1133579     0.0013954674

Time = 21000
Temperature
1.0123633     0.0044017804

Pressure
26.814482     0.098620616 

CM Mom
7.3752431e-17  1.8651525e-17 
9.281442e-17   1.5195703e-17 
-9.7354858e-17 2.5691003e-17 
1.5584012e-16  2.201317e-17  

CM Pos
9.9988771      0.015909654   
9.9952224      0.011169437   
9.9966113      0.00923631    
17.315153      0.01399755    

Stress
23.7718      -0.00828411  -0.00640668   0.108317     0.0646875    0.0523857   
-0.00828411  23.7993      -0.0016662    0.0646875    0.101805     0.0514684   
-0.00640668  -0.0016662   23.7702       0.0523857    0.0514684    0.111403    

Stress Spherical
0            0            0             0            0            0           
0            0            0             0            0            0           
0            0            0             0            0            0           

Inertia
266.536      -99.9365     -99.9834      0.315168     0.204732     0.196914    
-99.9365     266.586      -99.9339      0.204732     0.413176     0.128679    
-99.9834     -99.9339     266.539       0.196914     0.128679     0.436312    

Bond Length
0.60064289    0.00067094458

BB bond length
0.60064289    0.00067094458

Water EE distance
0             0           

PEG EE distance
5.1346544     0.064777734 

BBB P2(x)
0.052942509   0.0036577116

BBB first bond length
0.60080253    0.00073389485

BBB second bond length
0.60088466    0.00061667013

BBB <phi**2>/<phi>**2
1.1129256     0.0018374325

Time = 22000
Temperature
1.0112265     0.0063766237

Pressure
26.816885     0.099028706 

CM Mom
5.7969515e-17  1.7688441e-17 
9.9945888e-17  1.7293188e-17 
-9.4584047e-17 2.0000082e-17 
1.5152902e-16  1.8619414e-17 

CM Pos
10.000295      0.0088220854  
9.9968908      0.010930141   
9.9976957      0.0067875815  
17.317558      0.0083578117  

Stress
23.7864      -0.00967508  -0.00855901   0.0788528    0.0699973    0.0507532   
-0.00967508  23.834       -0.020575     0.0699973    0.132396     0.0600267   
-0.00855901  -0.020575    23.7383       0.0507532    0.0600267    0.100139    

Stress Spherical
0            0            0             0            0            0           
0            0            0             0            0            0           
0            0            0             0            0            0           

Inertia
266.561      -99.9637     -99.958       0.179583     0.170171     0.0993769   
-99.9637     266.611      -99.9233      0.170171     0.222146     0.10873     
-99.958      -99.9233     266.585       0.0993769    0.10873      0.324295    

Bond Length
0.60067064    0.00061878559

BB bond length
0.60067064    0.00061878559

Water EE distance
0             0           

PEG EE distance
5.0723667     0.029159256 

BBB P2(x)
0.052085195   0.0037199002

BBB first bond length
0.6008398     0.00072045374

BBB second bond length
0.60081444    0.00062994092

BBB <phi**2>/<phi>**2
1.1133826     0.0013829642

Time = 23000
Temperature
1.0110383     0.0041386954

Pressure
26.806917     0.087786205 

CM Mom
4.988178e-17   1.3245361e-17 
9.7978421e-17  1.1877e-17    
-8.3603484e-17 1.4719752e-17 
1.3929984e-16  1.4360857e-17 

CM Pos
9.9973756      0.0095838549  
10.004231      0.0091306101  
10.0022        0.012344834   
17.322712      0.01240378    

Stress
23.7829      0.00686894   0.0347903     0.105928     0.0549428    0.0557452   
0.00686894   23.7712      -0.0228433    0.0549428    0.136714     0.0571633   
0.0347903    -0.0228433   23.7765       0.0557452    0.0571633    0.0770567   

Stress Spherical
0            0            0             0            0            0           
0            0            0             0            0            0           
0            0            0             0            0            0           

Inertia
266.823      -99.9881     -99.9936      0.335249     0.150175     0.197434    
-99.9881     266.647      -100.065      0.150175     0.392254     0.16949     
-99.9936     -100.065     266.668       0.197434     0.16949      0.203771    

Bond Length
0.6005298     0.0006063866

BB bond length
0.6005298     0.0006063866

Water EE distance
0             0           

PEG EE distance
5.080662      0.03298642  

BBB P2(x)
0.055323708   0.0020473723

BBB first bond length
0.60067428    0.00057305179

BBB second bond length
0.60061873    0.00064492989

BBB <phi**2>/<phi>**2
1.1134123     0.001661591 

Time = 24000
Temperature
1.0082017     0.0031371122

Pressure
26.783331     0.046007445 

CM Mom
5.8464001e-17  1.1997874e-17 
8.860009e-17   1.6495912e-17 
-9.2690611e-17 1.4357119e-17 
1.424963e-16   1.3287578e-17 

CM Pos
9.9912027      0.0036589443  
10.002063      0.0046511851  
9.9978625      0.011168191   
17.315391      0.006653467   

Stress
23.7253      -0.00271205  0.000401563   0.0876089    0.0584338    0.0707826   
-0.00271205  23.7736      -0.0125917    0.0584338    0.0810603    0.0555749   
0.000401563  -0.0125917   23.7863       0.0707826    0.0555749    0.0851569   

Stress Spherical
0            0            0             0            0            0           
0            0            0             0            0            0           
0            0            0             0            0            0           

Inertia
266.676      -99.9289     -99.9181      0.22239      0.0774111    0.134991    
-99.9289     266.473      -100          0.0774111    0.258018     0.123073    
-99.9181     -100         266.557       0.134991     0.123073     0.0550089   

Bond Length
0.60050585    0.00048231553

BB bond length
0.60050585    0.00048231553

Water EE distance
0             0           

PEG EE distance
4.9502831     0.027655843 

BBB P2(x)
0.053732257   0.0037097439

BBB first bond length
0.60070031    0.00046758221

BBB second bond length
0.60065561    0.00051215383

BBB <phi**2>/<phi>**2
1.113178      0.0016433239

Time = 25000
Temperature
1.0119885     0.0061287971

Pressure
26.823408     0.047019431 

CM Mom
6.3632574e-17  1.5598334e-17 
8.9230888e-17  1.1124303e-17 
-9.6832183e-17 1.5711343e-17 
1.4768064e-16  1.3858553e-17 

CM Pos
9.9990439      0.012612215   
10.00323       0.013738463   
10.00537       0.0086064906  
17.32493       0.012812204   

Stress
23.7852      -0.0466105   0.0120491     0.109568     0.0412673    0.0527501   
-0.0466105   23.7951      -0.00728836   0.0412673    0.0975684    0.0535905   
0.0120491    -0.00728836  23.7912       0.0527501    0.0535905    0.0785666   

Stress Spherical
0            0            0             0            0            0           
0            0            0             0            0            0           
0            0            0             0            0            0           

Inertia
266.82       -100.026     -100.069      0.370828     0.213028     0.14594     
-100.026     266.742      -100.117      0.213028     0.31171      0.151782    
-100.069     -100.117     266.744       0.14594      0.151782     0.360742    

Bond Length
0.60062687    0.00048882404

BB bond length
0.60062687    0.00048882404

Water EE distance
0             0           

PEG EE distance
5.0372165     0.027874058 

BBB P2(x)
0.054510248   0.0043588885

BBB first bond length
0.60077726    0.00049337117

BBB second bond length
0.6008155     0.00055964949

BBB <phi**2>/<phi>**2
1.1135533     0.0013364785

Time = 26000
Temperature
1.0151998     0.005005171 

Pressure
26.838523     0.064565423 

CM Mom
6.8578953e-17  1.8047822e-17 
6.6981222e-17  1.172706e-17  
-1.1372342e-16 1.7428816e-17 
1.5053548e-16  1.5121313e-17 

CM Pos
9.9942057      0.007496377   
10.004482      0.0092136812  
9.9991138      0.007617918   
17.319244      0.0079728732  

Stress
23.8098      -0.00997271  0.0119399     0.0898299    0.0656906    0.047169    
-0.00997271  23.8036      0.0152393     0.0656906    0.0787583    0.0534633   
0.0119399    0.0152393    23.7745       0.047169     0.0534633    0.0964778   

Stress Spherical
0            0            0             0            0            0           
0            0            0             0            0            0           
0            0            0             0            0            0           

Inertia
266.743      -100         -99.9015      0.294166     0.129015     0.0878228   
-100         266.477      -100.039      0.129015     0.177765     0.151468    
-99.9015     -100.039     266.638       0.0878228    0.151468     0.249239    

Bond Length
0.60016382    0.0004964657

BB bond length
0.60016382    0.0004964657

Water EE distance
0             0           

PEG EE distance
4.9700107     0.0382235   

BBB P2(x)
0.052656584   0.0020105193

BBB first bond length
0.60032531    0.0005403024

BBB second bond length
0.6003201     0.00050087493

BBB <phi**2>/<phi>**2
1.1128211     0.0011081027

Time = 27000
Temperature
1.0114081     0.0038470826

Pressure
26.846785     0.070384328 

CM Mom
7.4340397e-17  1.5156531e-17 
6.835453e-17   1.457646e-17  
-1.2763493e-16 2.1297084e-17 
1.644849e-16   1.816562e-17  

CM Pos
9.9969585      0.011469424   
10.00248       0.0096864053  
9.9985299      0.014889598   
17.319343      0.013852735   

Stress
23.827       -0.0426447   -0.0199743    0.0505251    0.0216466    0.0529071   
-0.0426447   23.7887      -0.0148125    0.0216466    0.0949527    0.0553995   
-0.0199743   -0.0148125   23.8312       0.0529071    0.0553995    0.0930501   

Stress Spherical
0            0            0             0            0            0           
0            0            0             0            0            0           
0            0            0             0            0            0           

Inertia
266.657      -100.019     -99.9386      0.371097     0.14744      0.212483    
-100.019     266.554      -100.004      0.14744      0.438397     0.188066    
-99.9386     -100.004     266.646       0.212483     0.188066     0.25235     

Bond Length
0.60055074    0.00049501456

BB bond length
0.60055074    0.00049501456

Water EE distance
0             0           

PEG EE distance
4.9330771     0.063842884 

BBB P2(x)
0.054385658   0.0030262125

BBB first bond length
0.60070869    0.0004470664

BBB second bond length
0.60073193    0.00055396366

BBB <phi**2>/<phi>**2
1.1131299     0.0021241912

Time = 28000
Temperature
1.0106566     0.0048762652

Pressure
26.831067     0.066317225 

CM Mom
5.3337566e-17  2.1648903e-17 
6.2519084e-17  1.0633863e-17 
-1.1965471e-16 6.5256478e-18 
1.4681084e-16  1.1903608e-17 

CM Pos
10.000629      0.01330726    
9.9997269      0.010432431   
10.002617      0.014447242   
17.322229      0.019033252   

Stress
23.7943      -0.00576239  0.039579      0.0754073    0.0733543    0.0536932   
-0.00576239  23.8331      -0.0128776    0.0733543    0.071431     0.0765029   
0.039579     -0.0128776   23.779        0.0536932    0.0765029    0.11696     

Stress Spherical
