Time = 1000
Temperature
   1.0264172   0.034984418

Pressure
   23.629908    0.11105896

CM Mom
-3.1757096e-17 3.1631703e-17 
-5.9402417e-17 1.8641487e-17 
9.0869341e-18  4.8439915e-17 
8.8614113e-17  2.1488756e-17 

CM Pos
7.5010979      0.014480247   
7.5024393      0.010385018   
7.4922591      0.01558863    
12.987973      0.011902613   

Stress
20.5774      0.00365793   0.0381135     0.119284     0.0528465    0.0489603   
0.00365793   20.5432      -0.0162223    0.0528465    0.0810198    0.0671382   
0.0381135    -0.0162223   20.536        0.0489603    0.0671382    0.0827092   

Stress Spherical
0            0            0             0            0            0           
0            0            0             0            0            0           
0            0            0             0            0            0           

Inertia
149.889      -56.2582     -56.1905      0.401427     0.217812     0.159528    
-56.2582     149.854      -56.2207      0.217812     0.309546     0.135914    
-56.1905     -56.2207     150.015       0.159528     0.135914     0.399028    

Bond Length
0.56904171    0.0064971347

BB bond length
0.56904171    0.0064971347

Water EE distance
0             0           

PEG EE distance
2.2781591     0.10231866  

Time = 2000
Temperature
1.0131895     0.0067845896

Pressure
23.550445     0.045477229 

CM Mom
-3.1788636e-17 1.7495819e-17 
-4.8538249e-17 2.9621002e-17 
-3.9341746e-17 2.6823129e-17 
8.1130074e-17  1.5334626e-17 

CM Pos
7.5046552      0.015054503   
7.4999195      0.014074005   
7.5029311      0.017503303   
12.994732      0.01666053    

Stress
20.5784      0.0576417    -0.00567835   0.0638848    0.101131     0.0711652   
0.0576417    20.5092      0.00684898    0.101131     0.115643     0.0519014   
-0.00567835  0.00684898   20.4495       0.0711652    0.0519014    0.0341984   

Stress Spherical
0            0            0             0            0            0           
0            0            0             0            0            0           
0            0            0             0            0            0           

Inertia
150          -56.2968     -56.2809      0.31663      0.175442     0.181674    
-56.2968     150.056      -56.3063      0.175442     0.294383     0.267015    
-56.2809     -56.3063     150.017       0.181674     0.267015     0.303962    

Bond Length
0.57036628    0.0036607975

BB bond length
0.57036628    0.0036607975

Water EE distance
0             0           

PEG EE distance
2.2563015     0.1888081   

Time = 3000
Temperature
1.0058168     0.0071039414

Pressure
23.56922      0.096360433 

CM Mom
-3.8925275e-17 2.3584051e-17 
-4.5344163e-17 2.2899987e-17 
-5.7281529e-17 1.586792e-17  
8.8303123e-17  1.9682732e-17 

CM Pos
7.5010979      0.0075053294  
7.5019946      0.016158166   
7.5017453      0.015217792   
12.993186      0.015613945   

Stress
20.5558      -0.0157346   0.000442426   0.113739     0.0442681    0.0624085   
-0.0157346   20.5794      -0.0215488    0.0442681    0.132197     0.0653147   
0.000442426  -0.0215488   20.5246       0.0624085    0.0653147    0.119759    

Stress Spherical
0            0            0             0            0            0           
0            0            0             0            0            0           
0            0            0             0            0            0           

Inertia
150.022      -56.303      -56.2825      0.444676     0.114848     0.111391    
-56.303      149.995      -56.2439      0.114848     0.264299     0.180815    
-56.2825     -56.2439     150.007       0.111391     0.180815     0.26457     

Bond Length
0.56799935    0.0044993758

BB bond length
0.56799935    0.0044993758

Water EE distance
0             0           

PEG EE distance
2.2152335     0.10138214  

