Time = 500
Temperature
    1.036647   0.041021463

Pressure
   23.132696    0.17610227

CM Mom
-1.387065e-16  2.6338846e-17 
-1.2779095e-17 1.8652606e-17 
1.3794878e-17  2.7619412e-17 
1.4342544e-16  2.8752861e-17 

CM Pos
7.492741       0.015344431   
7.4817033      0.0047477745  
7.5118202      0.007109287   
12.982475      0.012183162   

Stress
20.062       -0.0361357   0.0160263     0.0685836    0.11602      0.0464582   
-0.0361357   20.0223      -0.0105365    0.11602      0.116143     0.0826208   
0.0160263    -0.0105365   19.9978       0.0464582    0.0826208    0.119386    

Stress Spherical
0            0            0             0            0            0           
0            0            0             0            0            0           
0            0            0             0            0            0           

Inertia
149.675      -56.0148     -56.2721      0.195752     0.0749868    0.187173    
-56.0148     149.857      -56.2187      0.0749868    0.466428     0.0682847   
-56.2721     -56.2187     149.333       0.187173     0.0682847    0.17772     

Bond Length
0.61407169    0.0084577655

BB bond length
0.61407169    0.0084577655

Water EE distance
0             0           

PEG EE distance
3.9052069     0.23953467  

Time = 1000
Temperature
1.0106082     0.0063584375

Pressure
23.037944     0.091057895 

CM Mom
-1.2754607e-16 1.5271405e-17 
-1.7921701e-17 8.1039854e-18 
3.169242e-18   2.6564621e-17 
1.3200423e-16  1.3367267e-17 

CM Pos
7.4942247      0.012776884   
7.4825935      0.0048758685  
7.5118202      0.010674247   
12.983848      0.0058036272  

Stress
20.0089      0.0504391    -0.0544483    0.100697     0.0600678    0.054626    
0.0504391    19.9892      -0.0357655    0.0600678    0.170489     0.0309564   
-0.0544483   -0.0357655   20.0338       0.054626     0.0309564    0.0648357   

Stress Spherical
0            0            0             0            0            0           
0            0            0             0            0            0           
0            0            0             0            0            0           

Inertia
149.756      -56.0621     -56.3302      0.105592     0.133051     0.132316    
-56.0621     149.894      -56.1934      0.133051     0.1326       0.0570583   
-56.3302     -56.1934     149.397       0.132316     0.0570583    0.229216    

Bond Length
0.62009591    0.0052506208

BB bond length
0.62009591    0.0052506208

Water EE distance
0             0           

PEG EE distance
3.8865926     0.073638728 

