Time = 1000
Temperature
   1.0333868   0.042185597

Pressure
   23.655372    0.18150795

CM Mom
-5.1533622e-17 1.6519716e-17 
2.2402361e-17  2.5826452e-17 
-6.8824304e-17 7.8683958e-17 
1.1135231e-16  5.1245486e-17 

CM Pos
7.5086577      0.018827656   
7.4983923      0.014041952   
7.4998643      0.016684636   
12.994391      0.020816109   

Stress
20.5767      0.0248559    -0.0209264    0.0846686    0.0823224    0.0758172   
0.0248559    20.5538      0.0209059     0.0823224    0.125314     0.0601882   
-0.0209264   0.0209059    20.5599       0.0758172    0.0601882    0.0977325   

Stress Spherical
0            0            0             0            0            0           
0            0            0             0            0            0           
0            0            0             0            0            0           

Inertia
149.986      -56.3449     -56.3306      0.543365     0.182538     0.282167    
-56.3449     150.143      -56.2748      0.182538     0.777857     0.171332    
-56.3306     -56.2748     150.103       0.282167     0.171332     0.589965    

Bond Length
0.61854505    0.003702249 

BB bond length
0.61854505    0.003702249 

Water EE distance
0             0           

PEG EE distance
6.7834679     0.4516586   

BBB P2(x)
0.49302882    0.060434612 

BBB first bond length
0.61894374    0.0037580486

BBB second bond length
0.61894258    0.0038515898

BBB <phi**2>/<phi>**2
1.2229425     0.021221109 

Time = 2000
Temperature
1.0094225     0.0040727697

Pressure
23.511733     0.076177984 

CM Mom
-6.1237628e-17 1.6339199e-17 
3.1847448e-17  2.324092e-17  
-4.9078278e-17 2.9725179e-17 
9.3270099e-17  1.2820656e-17 

CM Pos
7.4981111      0.01073637    
7.5004719      0.01286088    
7.4946652      0.016541856   
12.9865        0.011377684   

Stress
20.5393      -0.0226833   0.00884279    0.127661     0.0750847    0.0609416   
-0.0226833   20.4591      -0.0243272    0.0750847    0.125533     0.0858974   
0.00884279   -0.0243272   20.4762       0.0609416    0.0858974    0.0827988   

Stress Spherical
0            0            0             0            0            0           
0            0            0             0            0            0           
0            0            0             0            0            0           

Inertia
149.87       -56.2159     -56.2241      0.293502     0.1558       0.131002    
-56.2159     149.821      -56.224       0.1558       0.220262     0.162905    
-56.2241     -56.224      149.904       0.131002     0.162905     0.315199    

Bond Length
0.61881161    0.003039752 

BB bond length
0.61881161    0.003039752 

Water EE distance
0             0           

PEG EE distance
7.0010184     0.26469845  

BBB P2(x)
0.52360601    0.022078841 

BBB first bond length
0.61861053    0.0035565042

BBB second bond length
0.61872008    0.00328383  

BBB <phi**2>/<phi>**2
1.2287088     0.022249742 

