Time = 1000
Temperature
    1.080025    0.10300944

Pressure
   23.785388    0.51151875

CM Mom
1.0993116e-17  1.961025e-17  
3.1912332e-17  4.1800549e-17 
-4.299592e-17  1.8261477e-16 
1.5277625e-16  1.2299315e-16 

CM Pos
7.5046613      0.01476879    
7.4943927      0.039672228   
7.5006908      0.012037713   
12.990261      0.035712437   

Stress
20.5617      0.00802162   0.0161399     0.220865     0.0620338    0.0777801   
0.00802162   20.5511      -0.01577      0.0620338    0.195869     0.0502212   
0.0161399    -0.01577     20.5241       0.0777801    0.0502212    0.262159    

Stress Spherical
0            0            0             0            0            0           
0            0            0             0            0            0           
0            0            0             0            0            0           

Inertia
150          -56.2905     -56.2547      0.538868     0.362674     0.189897    
-56.2905     150.132      -56.2048      0.362674     0.719479     0.351191    
-56.2547     -56.2048     150.076       0.189897     0.351191     0.550401    

Bond Length
0.61699529    0.0065685826

BB bond length
0.61699529    0.0065685826

Water EE distance
0             0           

PEG EE distance
7.133559      0.12919327  

BBB P2(x)
0.48087227    0.062492739 

BBB first bond length
0.61694657    0.0068422968

BBB second bond length
0.61702269    0.0067881752

BBB <phi**2>/<phi>**2
1.2215249     0.014595427 

Time = 2000
Temperature
1.006614      0.008248886 

Pressure
23.389805     0.065614598 

CM Mom
-9.9924459e-18 1.313669e-17  
1.411764e-17   1.9296107e-17 
-6.9035003e-17 3.7750217e-17 
7.7624633e-17  3.1770993e-17 

CM Pos
7.504365       0.011480465   
7.5071347      0.012339389   
7.5020243      0.011707673   
12.998199      0.013273826   

Stress
20.3309      0.0102962    -0.0152793    0.0934119    0.0714757    0.0793203   
0.0102962    20.3933      0.00161815    0.0714757    0.12962      0.0443265   
-0.0152793   0.00161815   20.3866       0.0793203    0.0443265    0.0612693   

Stress Spherical
0            0            0             0            0            0           
0            0            0             0            0            0           
0            0            0             0            0            0           

Inertia
150.02       -56.3588     -56.3318      0.289654     0.115631     0.153657    
-56.3588     149.972      -56.2962      0.115631     0.365939     0.192728    
-56.3318     -56.2962     150.061       0.153657     0.192728     0.349051    

Bond Length
0.61912876    0.0024894593

BB bond length
0.61912876    0.0024894593

Water EE distance
0             0           

PEG EE distance
7.4742974     0.10634421  

BBB P2(x)
0.51863959    0.015849826 

BBB first bond length
0.61887966    0.0027765732

BBB second bond length
0.61907772    0.0023899863

BBB <phi**2>/<phi>**2
1.2249667     0.00759318  

