Time = 1000
Temperature
    1.022957   0.030192236

Pressure
   23.599444    0.12059452

CM Mom
1.5805144e-17  1.1395483e-17 
1.3652416e-16  2.1682759e-17 
-1.6623926e-17 2.4790306e-17 
1.4098216e-16  2.2440902e-17 

CM Pos
7.4983357      0.019672679   
7.5029533      0.018741588   
7.496583       0.019456006   
12.989178      0.021678401   

Stress
20.545       0.0177539    0.000829022   0.105158     0.0800799    0.0542025   
0.0177539    20.511       0.032337      0.0800799    0.0925427    0.0630096   
0.000829022  0.032337     20.5631       0.0542025    0.0630096    0.0817861   

Stress Spherical
0            0            0             0            0            0           
0            0            0             0            0            0           
0            0            0             0            0            0           

Inertia
150.023      -56.2608     -56.2026      0.189244     0.200281     0.262643    
-56.2608     149.932      -56.2507      0.200281     0.490988     0.178428    
-56.2026     -56.2507     150.02        0.262643     0.178428     0.263662    

Bond Length
0.6212602     0.010016088 

BB bond length
0.6212602     0.010016088 

Water EE distance
0             0           

PEG EE distance
5.8498753     0.59796354  

BBB P2(x)
0.47801301    0.044603657 

BBB first bond length
0.62091601    0.0099851891

BBB second bond length
0.62101118    0.010213439 

BBB <phi**2>/<phi>**2
1.2192694     0.020044557 

Time = 2000
Temperature
1.0028248     0.0095777258

Pressure
23.474403     0.075131247 

CM Mom
2.1321479e-17  1.3259352e-17 
1.5781389e-16  1.6901063e-17 
-6.2164791e-18 1.0074363e-17 
1.6025391e-16  1.6736395e-17 

CM Pos
7.5044279      0.009303106   
7.4915119      0.010447784   
7.4980689      0.013895201   
12.986934      0.012194575   

Stress
20.4549      0.0128242    0.0135768     0.0914214    0.0735713    0.0641075   
0.0128242    20.4724      0.030626      0.0735713    0.141186     0.0494821   
0.0135768    0.030626     20.4972       0.0641075    0.0494821    0.0888572   

Stress Spherical
0            0            0             0            0            0           
0            0            0             0            0            0           
0            0            0             0            0            0           

Inertia
149.824      -56.2385     -56.2364      0.184295     0.101235     0.171169    
-56.2385     150.008      -56.1652      0.101235     0.246343     0.121902    
-56.2364     -56.1652     149.905       0.171169     0.121902     0.148447    

Bond Length
0.61687765    0.0040226384

BB bond length
0.61687765    0.0040226384

Water EE distance
0             0           

PEG EE distance
6.550165      0.32878768  

BBB P2(x)
0.49122027    0.033769501 

BBB first bond length
0.61746097    0.0050253115

BBB second bond length
0.61622541    0.003530584 

BBB <phi**2>/<phi>**2
1.2312654     0.031358147 

