Time = 1000
Temperature
   1.1250561    0.17594092

Pressure
     23.7531    0.83840621

CM Mom
-6.3997403e-18 2.2490671e-17 
-3.048552e-17  2.3266026e-17 
-5.9416881e-17 4.5246935e-16 
2.8463331e-16  3.5952778e-16 

CM Pos
7.491544       0.020168157   
7.4933393      0.031518785   
7.4974489      0.014592359   
12.980218      0.025800571   

Stress
20.4496      -0.00666417  0.0142109     0.341795     0.070255     0.0668255   
-0.00666417  20.376       0.0231792     0.070255     0.28812      0.0798595   
0.0142109    0.0231792    20.3322       0.0668255    0.0798595    0.36772     

Stress Spherical
0            0            0             0            0            0           
0            0            0             0            0            0           
0            0            0             0            0            0           

Inertia
150.004      -56.1271     -56.1572      1.05033      0.282035     0.148464    
-56.1271     149.969      -56.1741      0.282035     1.1573       0.28308     
-56.1572     -56.1741     149.878       0.148464     0.28308      0.699452    

Bond Length
0.6202135     0.0075591786

BB bond length
0.6202135     0.0075591786

Water EE distance
0             0           

PEG EE distance
6.7125021     0.11000196  

BBB P2(x)
0.46935744    0.071121736 

BBB first bond length
0.62018977    0.0076434402

BBB second bond length
0.62050347    0.0076082831

BBB <phi**2>/<phi>**2
1.219495      0.018459165 

Time = 2000
Temperature
1.0122121     0.0052141422

Pressure
23.125223     0.10724743  

CM Mom
-9.01225e-18   2.1351471e-17 
-1.8412353e-17 1.9525e-17    
-1.0038005e-17 4.3231769e-17 
5.1423419e-17  2.4139712e-17 

CM Pos
7.4940685      0.010517334   
7.5021008      0.013295533   
7.5042799      0.014682753   
12.990659      0.0092787198  

Stress
20.1255      -0.00713097  0.0328762     0.176844     0.0753342    0.0467812   
-0.00713097  20.0688      -0.00400111   0.0753342    0.0967985    0.0870683   
0.0328762    -0.00400111  20.093        0.0467812    0.0870683    0.119795    

Stress Spherical
0            0            0             0            0            0           
0            0            0             0            0            0           
0            0            0             0            0            0           

Inertia
149.984      -56.2027     -56.2313      0.339029     0.144828     0.140117    
-56.2027     149.844      -56.2767      0.144828     0.325511     0.130832    
-56.2313     -56.2767     149.797       0.140117     0.130832     0.248485    

Bond Length
0.61883804    0.0017938226

BB bond length
0.61883804    0.0017938226

Water EE distance
0             0           

PEG EE distance
7.1593825     0.095801028 

BBB P2(x)
0.51950925    0.0096645725

BBB first bond length
0.61868331    0.0017209693

BBB second bond length
0.61873189    0.0017748193

BBB <phi**2>/<phi>**2
1.2248031     0.0056615378

