Time = 1000
Temperature
   1.5568441     1.1225016

Pressure
   29.255614     4.5036279

CM Mom
-6.6783498e-17 2.8183198e-17 
-4.4529487e-17 4.0028365e-17 
-3.0554691e-16 9.1108878e-16 
4.179961e-16   8.7037947e-16 

CM Pos
10.01147       0.052973      
9.9986572      0.010580418   
10.005849      0.015673839   
17.329814      0.020528107   

Stress
24.6168      -0.00458687  -0.0575785    1.34556      0.0747942    0.0674675   
-0.00458687  24.5451      0.0253641     0.0747942    1.38289      0.110276    
-0.0575785   0.0253641    24.6003       0.0674675    0.110276     1.3879      

Stress Spherical
0            0            0             0            0            0           
0            0            0             0            0            0           
0            0            0             0            0            0           

Inertia
268.063      -100.15      -100.182      6.69366      0.565892     0.527756    
-100.15      268.241      -100.056      0.565892     7.93967      0.179243    
-100.182     -100.056     268.167       0.527756     0.179243     8.13616     

Bond Length
0.61507628    0.028737643 

BB bond length
0.61507628    0.028737643 

Water EE distance
0             0           

PEG EE distance
6.7638729     0.45470141  

BBB P2(x)
0.1029521     0.033827209 

BBB first bond length
0.61542458    0.02950244  

BBB second bond length
0.61541898    0.028883932 

BBB <phi**2>/<phi>**2
1.1279507     0.010923364 

Time = 2000
Temperature
1.018712      0.0081935896

Pressure
26.239018     0.059907736 

CM Mom
-7.4754346e-17 1.6395687e-17 
-5.5449133e-17 2.8475188e-17 
9.4848443e-17  1.6811349e-16 
1.9909668e-16  8.5798372e-17 

CM Pos
10.014639      0.010805351   
9.9934879      0.015417843   
10.001513      0.010151572   
17.326088      0.01313659    

Stress
23.1987      -0.0498277   -0.0228601    0.0689952    0.0360556    0.0590421   
-0.0498277   23.1604      -0.00210883   0.0360556    0.0759273    0.0506779   
-0.0228601   -0.00210883  23.1942       0.0590421    0.0506779    0.0999579   

Stress Spherical
0            0            0             0            0            0           
0            0            0             0            0            0           
0            0            0             0            0            0           

Inertia
266.926      -100.116     -100.158      0.454879     0.184703     0.14812     
-100.116     267.311      -99.9799      0.184703     0.488038     0.224185    
-100.158     -99.9799     267.166       0.14812      0.224185     0.381672    

Bond Length
0.60297318    0.00043056396

BB bond length
0.60297318    0.00043056396

Water EE distance
0             0           

PEG EE distance
6.0028268     0.15171116  

BBB P2(x)
0.074404147   0.00469188  

BBB first bond length
0.60313264    0.00043244509

BBB second bond length
0.6030922     0.00036450665

BBB <phi**2>/<phi>**2
1.1193828     0.0019889017

Time = 3000
Temperature
1.0151521     0.0044323931

Pressure
26.233322     0.080801613 

CM Mom
-7.2319311e-17 1.5518608e-17 
-7.3549036e-17 1.8939289e-17 
4.4402326e-17  3.5338137e-17 
1.1957898e-16  1.2660371e-17 

CM Pos
10.011304      0.010996656   
9.9914035      0.010279501   
9.9922587      0.0089735695  
17.317616      0.0086570495  

Stress
23.1922      -0.0282054   -0.00325559   0.0936479    0.0408194    0.0523613   
-0.0282054   23.1448      -0.0106009    0.0408194    0.120425     0.0359134   
-0.00325559  -0.0106009   23.2312       0.0523613    0.0359134    0.135727    

Stress Spherical
0            0            0             0            0            0           
0            0            0             0            0            0           
0            0            0             0            0            0           

Inertia
266.422      -100.031     -100.056      0.463381     0.085979     0.171116    
-100.031     266.81       -99.8594      0.085979     0.583768     0.145642    
-100.056     -99.8594     266.816       0.171116     0.145642     0.462273    

Bond Length
0.60251444    0.00042491485

BB bond length
0.60251444    0.00042491485

Water EE distance
0             0           

PEG EE distance
5.6356214     0.080479461 

BBB P2(x)
0.064837348   0.0032217901

BBB first bond length
0.60269712    0.00047318563

BBB second bond length
0.60268662    0.00039519251

BBB <phi**2>/<phi>**2
1.1155203     0.0015602024

Time = 4000
Temperature
1.0117611     0.0041330914

Pressure
26.210268     0.061628213 

CM Mom
-5.6109062e-17 2.9203132e-17 
-8.2306598e-17 1.8852323e-17 
7.0483287e-17  2.0442521e-17 
1.2700783e-16  1.9637631e-17 

CM Pos
10.006385      0.0072632038  
9.9974065      0.010456504   
10.000846      0.013505981   
17.323193      0.011829936   

Stress
23.2086      0.0278284    -0.0239517    0.130243     0.0489129    0.0684217   
0.0278284    23.1802      -0.0194374    0.0489129    0.102695     0.0477154   
-0.0239517   -0.0194374   23.1407       0.0684217    0.0477154    0.105317    

Stress Spherical
0            0            0             0            0            0           
0            0            0             0            0            0           
0            0            0             0            0            0           

Inertia
266.685      -100         -100.055      0.336562     0.143719     0.150926    
-100         266.876      -99.9481      0.143719     0.266852     0.212627    
-100.055     -99.9481     266.809       0.150926     0.212627     0.27517     

Bond Length
0.60259966    0.00084776492

BB bond length
0.60259966    0.00084776492

Water EE distance
0             0           

PEG EE distance
5.4495238     0.074924612 

BBB P2(x)
0.061627621   0.0029545753

BBB first bond length
0.60273204    0.00079982449

BBB second bond length
0.60276677    0.00085957869

BBB <phi**2>/<phi>**2
1.1154866     0.0013273435

Time = 5000
Temperature
1.0112045     0.0044553125

Pressure
26.222736     0.055261308 

CM Mom
-5.8710193e-17 1.5947102e-17 
-8.8465054e-17 1.6187984e-17 
6.4302962e-17  1.8303444e-17 
1.2678731e-16  1.3571281e-17 

CM Pos
10.005801      0.007863816   
10.003826      0.012031452   
10.002097      0.011283693   
17.327285      0.007321013   

Stress
23.1978      0.00152795   -0.0114503    0.0626371    0.0353876    0.057729    
0.00152795   23.1948      -0.0212396    0.0353876    0.0722094    0.0637423   
-0.0114503   -0.0212396   23.1794       0.057729     0.0637423    0.106437    

Stress Spherical
0            0            0             0            0            0           
0            0            0             0            0            0           
0            0            0             0            0            0           

Inertia
266.832      -100.088     -100.09       0.366323     0.0801051    0.172546    
-100.088     266.893      -100.085      0.0801051    0.199778     0.180142    
-100.09      -100.085     266.924       0.172546     0.180142     0.159397    

Bond Length
0.60251835    0.00052836454

BB bond length
0.60251835    0.00052836454

Water EE distance
0             0           

PEG EE distance
5.198885      0.052399623 

BBB P2(x)
0.058462934   0.0027995158

BBB first bond length
0.60268783    0.00056137392

BBB second bond length
0.6027118     0.0005593443

BBB <phi**2>/<phi>**2
1.1149241     0.0010242514

Time = 6000
Temperature
1.0135259     0.0037422027

Pressure
26.231222     0.049945791 

CM Mom
-5.4289179e-17 2.4843653e-17 
-9.0164198e-17 2.2628107e-17 
4.1968448e-17  1.7676672e-17 
1.182231e-16   1.7414095e-17 

CM Pos
10.001632      0.013286745   
10.001992      0.012760465   
10.003097      0.0094269095  
17.324396      0.013707084   

Stress
23.1964      0.00146778   -0.00903927   0.0806569    0.052992     0.0482012   
0.00146778   23.1955      -0.0122196    0.052992     0.108931     0.0504916   
-0.00903927  -0.0122196   23.1846       0.0482012    0.0504916    0.0700672   

Stress Spherical
0            0            0             0            0            0           
0            0            0             0            0            0           
0            0            0             0            0            0           

Inertia
266.797      -100.088     -100.084      0.333107     0.208319     0.151111    
-100.088     266.84       -100.027      0.208319     0.300595     0.179467    
-100.084     -100.027     266.793       0.151111     0.179467     0.438123    

Bond Length
0.60282227    0.0004691966

BB bond length
0.60282227    0.0004691966

Water EE distance
0             0           

PEG EE distance
4.9920591     0.055466272 

BBB P2(x)
0.056412228   0.003362769 

BBB first bond length
0.60292542    0.00056049082

BBB second bond length
0.60305117    0.00047654536

BBB <phi**2>/<phi>**2
1.1136737     0.0017123191

Time = 7000
Temperature
1.0129562     0.0049298532

Pressure
26.220195     0.044901876 

CM Mom
-5.8997028e-17 1.8524396e-17 
-8.8973698e-17 2.0209251e-17 
2.1097847e-17  1.4579486e-17 
1.1130014e-16  2.0457164e-17 

CM Pos
10.006468      0.011297238   
10.001659      0.0092241565  
10.002764      0.011198355   
17.326804      0.0082433989  

Stress
23.1614      -0.00513421  0.0180403     0.0712922    0.0684984    0.0442245   
-0.00513421  23.1713      0.0354521     0.0684984    0.0874018    0.0815325   
0.0180403    0.0354521    23.2158       0.0442245    0.0815325    0.0576524   

Stress Spherical
0            0            0             0            0            0           
0            0            0             0            0            0           
0            0            0             0            0            0           

Inertia
266.768      -100.109     -100.141      0.213311     0.112915     0.182617    
-100.109     266.856      -100.044      0.112915     0.33649      0.153195    
-100.141     -100.044     266.83        0.182617     0.153195     0.267174    

Bond Length
0.60267245    0.00047565085

BB bond length
0.60267245    0.00047565085

Water EE distance
0             0           

PEG EE distance
4.9227311     0.026193443 

BBB P2(x)
0.053909261   0.0039083477

BBB first bond length
0.60280415    0.00050074943

BBB second bond length
0.60281603    0.00049884089

BBB <phi**2>/<phi>**2
1.112962      0.0013553722

Time = 8000
Temperature
1.0122249     0.0048786424

Pressure
26.203511     0.085310129 

CM Mom
-5.4890793e-17 3.4040181e-17 
-1.0101974e-16 1.8262939e-17 
4.4244734e-17  2.4359423e-17 
1.2787777e-16  3.0141485e-17 

CM Pos
9.9995477      0.0043809587  
9.999741       0.0088945948  
10.004265      0.0055027514  
17.322562      0.0077671858  

Stress
23.1569      0.0222012    -0.00944994   0.102884     0.0495604    0.081237    
0.0222012    23.1578      -0.00903994   0.0495604    0.0933415    0.0565278   
-0.00944994  -0.00903994  23.1904       0.081237     0.0565278    0.111365    

Stress Spherical
0            0            0             0            0            0           
0            0            0             0            0            0           
0            0            0             0            0            0           

Inertia
266.732      -100.01      -100.014      0.272387     0.116614     0.100893    
-100.01      266.762      -100.056      0.116614     0.167903     0.153388    
-100.014     -100.056     266.657       0.100893     0.153388     0.203148    

Bond Length
0.60266528    0.00043783116

BB bond length
0.60266528    0.00043783116

Water EE distance
0             0           

PEG EE distance
4.7774891     0.043419328 

BBB P2(x)
0.05365285    0.0023727049

BBB first bond length
0.60277446    0.00040668826

BBB second bond length
0.60286064    0.00042737274

BBB <phi**2>/<phi>**2
1.1133865     0.0017803394

Time = 9000
Temperature
1.0087042     0.005060308 

Pressure
26.216535     0.030069819 

CM Mom
-3.2624025e-17 2.5996212e-17 
-1.0570885e-16 1.1565804e-17 
2.3513675e-17  1.6179281e-17 
1.1692997e-16  1.379498e-17  

CM Pos
9.9969631      0.0073180284  
9.9998244      0.0085336279  
9.9981783      0.012485392   
17.317606      0.012155997   

Stress
23.2192      -0.00145231  0.0180679     0.070165     0.0624055    0.0697201   
-0.00145231  23.1972      0.011305      0.0624055    0.0680327    0.0342067   
0.0180679    0.011305     23.1594       0.0697201    0.0342067    0.0717737   

Stress Spherical
0            0            0             0            0            0           
0            0            0             0            0            0           
0            0            0             0            0            0           

Inertia
266.646      -100.025     -99.9727      0.354332     0.18924      0.158716    
-100.025     266.607      -99.9623      0.18924      0.319267     0.200212    
-99.9727     -99.9623     266.625       0.158716     0.200212     0.286002    

Bond Length
0.60273986    0.00061285331

BB bond length
0.60273986    0.00061285331

Water EE distance
0             0           

PEG EE distance
4.7316444     0.021202081 

BBB P2(x)
0.055751939   0.0031531331

BBB first bond length
0.60295387    0.00061377111

BBB second bond length
0.60288479    0.00057861498

BBB <phi**2>/<phi>**2
1.1140345     0.0014526967

Time = 10000
Temperature
1.0127904     0.0046249562

Pressure
26.210631     0.042414186 

CM Mom
-5.0793467e-17 2.4776008e-17 
-1.1315129e-16 1.1196156e-17 
2.7152747e-17  1.4821415e-17 
1.2970874e-16  1.5968229e-17 

CM Pos
10.000465      0.0092000095  
10.004744      0.010074587   
9.9930924      0.0086179287  
17.319535      0.0078379953  

Stress
23.2043      0.020016     0.0052271     0.0515619    0.0556928    0.0726745   
0.020016     23.1586      0.0296698     0.0556928    0.0637035    0.0550052   
0.0052271    0.0296698    23.1585       0.0726745    0.0550052    0.076149    

Stress Spherical
0            0            0             0            0            0           
0            0            0             0            0            0           
0            0            0             0            0            0           

Inertia
266.621      -100.021     -99.9274      0.267953     0.157057     0.123039    
-100.021     266.537      -99.9767      0.157057     0.247197     0.111625    
-99.9274     -99.9767     266.766       0.123039     0.111625     0.260024    

Bond Length
0.6027535     0.00062680234

BB bond length
0.6027535     0.00062680234

Water EE distance
0             0           

PEG EE distance
4.7007336     0.031264315 

BBB P2(x)
0.052660054   0.0016112592

BBB first bond length
0.60295785    0.00061410566

BBB second bond length
0.60291503    0.00057932402

BBB <phi**2>/<phi>**2
1.1133545     0.0010851626

Time = 11000
Temperature
1.0116048     0.0023500154

Pressure
26.237057     0.049092782 

CM Mom
-6.2170384e-17 3.3521438e-17 
-1.1791159e-16 1.1180093e-17 
1.8095969e-17  1.474934e-17  
1.3799003e-16  2.2819699e-17 

CM Pos
9.9985472      0.006186067   
10.000075      0.0057213735  
9.9975113      0.012732378   
17.318281      0.007595849   

Stress
23.2225      0.0206463    -0.025408     0.0772177    0.0619175    0.0635404   
0.0206463    23.2026      0.0261879     0.0619175    0.0792207    0.0550699   
-0.025408    0.0261879    23.1862       0.0635404    0.0550699    0.112036    

Stress Spherical
0            0            0             0            0            0           
0            0            0             0            0            0           
0            0            0             0            0            0           

Inertia
266.607      -99.9799     -99.9731      0.244183     0.134201     0.145961    
-99.9799     266.579      -99.9463      0.134201     0.247395     0.119045    
-99.9731     -99.9463     266.608       0.145961     0.119045     0.164769    

Bond Length
0.60263133    0.00048037112

BB bond length
0.60263133    0.00048037112

Water EE distance
0             0           

PEG EE distance
4.7145473     0.031223722 

BBB P2(x)
0.055528174   0.0046063982

BBB first bond length
0.60281583    0.00048728699

BBB second bond length
0.6028097     0.00051490485

BBB <phi**2>/<phi>**2
1.1136577     0.0016067522

Time = 12000
Temperature
1.0120476     0.0071803498

Pressure
26.227757     0.05450113  

CM Mom
-7.8997172e-17 2.0958832e-17 
-1.0448815e-16 1.4175173e-17 
2.1031953e-17  1.4813379e-17 
1.3407645e-16  2.19959e-17   

CM Pos
9.9995477      0.012019023   
9.9999912      0.0096657507  
10.000429      0.015570383   
17.320498      0.013510438   

Stress
23.2186      0.00646504   -0.0182736    0.0655057    0.0541133    0.0268986   
0.00646504   23.163       0.0201137     0.0541133    0.0945963    0.0724106   
-0.0182736   0.0201137    23.1979       0.0268986    0.0724106    0.0748569   

Stress Spherical
0            0            0             0            0            0           
0            0            0             0            0            0           
0            0            0             0            0            0           

Inertia
266.654      -99.9895     -99.9708      0.27462      0.13905      0.255988    
-99.9895     266.678      -100.024      0.13905      0.501999     0.129884    
-99.9708     -100.024     266.624       0.255988     0.129884     0.291115    

Bond Length
0.60267525    0.00052876984

BB bond length
0.60267525    0.00052876984

Water EE distance
0             0           

PEG EE distance
4.7419425     0.020447909 

BBB P2(x)
0.055643556   0.003601728 

BBB first bond length
0.60283953    0.00058441059

BBB second bond length
0.60283028    0.00054487372

BBB <phi**2>/<phi>**2
1.1140538     0.0015903022

Time = 13000
Temperature
1.0131616     0.004979677 

Pressure
26.189471     0.069329095 

CM Mom
-6.4719967e-17 1.3774601e-17 
-9.6946889e-17 1.5680487e-17 
3.895442e-17   9.6251084e-18 
1.2435824e-16  1.2965641e-17 

CM Pos
9.9962127      0.0071045107  
10.000241      0.0076509927  
10.002597      0.016345757   
17.319968      0.011716441   

Stress
23.1698      0.00782628   -0.00539493   0.0940623    0.0563633    0.0698065   
0.00782628   23.1289      0.0254896     0.0563633    0.0770462    0.0390783   
-0.00539493  0.0254896    23.1558       0.0698065    0.0390783    0.0830938   

Stress Spherical
0            0            0             0            0            0           
0            0            0             0            0            0           
0            0            0             0            0            0           

Inertia
266.71       -99.9963     -99.9288      0.338392     0.138789     0.210944    
-99.9963     266.617      -100.059      0.138789     0.361129     0.169471    
-99.9288     -100.059     266.608       0.210944     0.169471     0.235732    

Bond Length
0.6025028     0.00052314532

BB bond length
0.6025028     0.00052314532

Water EE distance
0             0           

PEG EE distance
4.7404946     0.019032036 

BBB P2(x)
0.057411769   0.0042304984

BBB first bond length
0.60267091    0.00050014041

BBB second bond length
0.60271188    0.00050209572

BBB <phi**2>/<phi>**2
1.114228      0.0015675454

Time = 14000
Temperature
1.0104921     0.0045980182

Pressure
26.22283      0.08334418  

CM Mom
-4.9661804e-17 1.2350412e-17 
-7.2757375e-17 1.5041486e-17 
5.1134684e-17  2.2254135e-17 
1.0394166e-16  2.1091325e-17 

CM Pos
10.002966      0.010636771   
10.003826      0.011261493   
10.003264      0.0090660512  
17.326319      0.012913029   

Stress
23.1731      0.026283     -0.00217873   0.0936945    0.0575637    0.0712079   
0.026283     23.2178      -0.0198071    0.0575637    0.154069     0.0430059   
-0.00217873  -0.0198071   23.1877       0.0712079    0.0430059    0.0534603   

Stress Spherical
0            0            0             0            0            0           
0            0            0             0            0            0           
0            0            0             0            0            0           

Inertia
266.813      -100.086     -100.072      0.382515     0.201861     0.134772    
-100.086     266.778      -100.075      0.201861     0.270217     0.167518    
-100.072     -100.075     266.809       0.134772     0.167518     0.367866    

Bond Length
0.60277047    0.00057855525

BB bond length
0.60277047    0.00057855525

Water EE distance
0             0           

PEG EE distance
4.7335957     0.023087578 

BBB P2(x)
0.055866001   0.0034838706

BBB first bond length
0.60290086    0.0005371619

BBB second bond length
0.60291941    0.0006197281

BBB <phi**2>/<phi>**2
1.1136564     0.0012703796

Time = 15000
Temperature
1.0111872     0.0051260852

Pressure
26.207577     0.055195091 

CM Mom
-7.5223187e-17 1.3695547e-17 
-6.9326342e-17 2.4279333e-17 
4.6220647e-17  1.3771967e-17 
1.1529237e-16  1.6595423e-17 

CM Pos
10.001632      0.012415882   
9.9989907      0.012780061   
10.003598      0.011588828   
17.32295       0.016379761   

Stress
23.1558      0.00213545   0.0386759     0.0998647    0.0360934    0.0621592   
0.00213545   23.2003      -0.0156113    0.0360934    0.081226     0.0711229   
0.0386759    -0.0156113   23.1704       0.0621592    0.0711229    0.103677    

Stress Spherical
0            0            0             0            0            0           
0            0            0             0            0            0           
0            0            0             0            0            0           

Inertia
266.703      -99.9817     -100.033      0.475804     0.177196     0.212258    
-99.9817     266.756      -100.009      0.177196     0.41581      0.224295    
-100.033     -100.009     266.692       0.212258     0.224295     0.381672    

Bond Length
0.60301606    0.0005971175

BB bond length
0.60301606    0.0005971175

Water EE distance
0             0           

PEG EE distance
4.7165265     0.025979747 

BBB P2(x)
0.053720977   0.0038669253

BBB first bond length
0.60322061    0.00056977143

BBB second bond length
0.60313048    0.00058775352

BBB <phi**2>/<phi>**2
1.1129719     0.0016513425

Time = 16000
Temperature
1.012615      0.0053080818

Pressure
26.225209     0.055233353 

CM Mom
-5.3978161e-17 2.599298e-17  
-7.1675986e-17 1.3549578e-17 
6.014518e-17   2.7997815e-17 
1.1177873e-16  2.8585844e-17 

CM Pos
10.001382      0.0089832474  
9.9984904      0.0077390705  
10.004682      0.011148896   
17.323143      0.0092093688  

Stress
23.1856      0.0116991    0.0445388     0.0893788    0.0580421    0.0437004   
0.0116991    23.194       0.0161033     0.0580421    0.0882673    0.0541441   
0.0445388    0.0161033    23.1871       0.0437004    0.0541441    0.120024    

Stress Spherical
0            0            0             0            0            0           
0            0            0             0            0            0           
0            0            0             0            0            0           

Inertia
266.7        -100.005     -100.033      0.23832      0.0935408    0.178831    
-100.005     266.78       -100.021      0.0935408    0.26685      0.161697    
-100.033     -100.021     266.646       0.178831     0.161697     0.141647    

Bond Length
0.60246375    0.00054070017

BB bond length
0.60246375    0.00054070017

Water EE distance
0             0           

PEG EE distance
4.6645311     0.0097252715

BBB P2(x)
0.050991312   0.0022321557

BBB first bond length
0.60261565    0.00056935704

BBB second bond length
0.60263294    0.00047729103

BBB <phi**2>/<phi>**2
1.1123186     0.0011712008

Time = 17000
Temperature
1.0103925     0.0047419093

Pressure
26.18446      0.058601689 

CM Mom
-6.2402143e-17 1.8238084e-17 
-6.1071118e-17 3.1305605e-17 
4.9626918e-17  1.6395208e-17 
1.0491472e-16  2.5708233e-17 

CM Pos
10.00305       0.013111103   
9.9912368      0.005276394   
9.9978448      0.012525415   
17.315975      0.0090033022  

Stress
23.143       -0.00715218  -0.00882664   0.0983913    0.0427851    0.0587767   
-0.00715218  23.1665      -0.00342472   0.0427851    0.088672     0.0588479   
-0.00882664  -0.00342472  23.1549       0.0587767    0.0588479    0.0754091   

Stress Spherical
0            0            0             0            0            0           
0            0            0             0            0            0           
0            0            0             0            0            0           

Inertia
266.459      -99.9349     -100.012      0.304958     0.152566     0.187223    
-99.9349     266.692      -99.8964      0.152566     0.396699     0.137613    
-100.012     -99.8964     266.552       0.187223     0.137613     0.254669    

Bond Length
0.60269087    0.00059712986

BB bond length
0.60269087    0.00059712986

Water EE distance
0             0           

PEG EE distance
4.6772578     0.018292816 

BBB P2(x)
0.050415327   0.0032778648

BBB first bond length
0.60294272    0.00056694838

BBB second bond length
0.60283123    0.00056125256

BBB <phi**2>/<phi>**2
1.1128508     0.0013827146

Time = 18000
Temperature
1.0119893     0.0054722946

Pressure
26.246069     0.071789731 

CM Mom
-5.6308713e-17 2.7254005e-17 
-6.8426727e-17 2.336628e-17  
3.5104127e-17  2.7023639e-17 
1.0187866e-16  2.6925229e-17 

CM Pos
9.9992976      0.0093380023  
10.002326      0.011009292   
9.9945932      0.013484089   
17.318332      0.011030836   

Stress
23.2041      -0.00440343  0.00949006    0.0969406    0.043984     0.0493894   
-0.00440343  23.234       0.00715616    0.043984     0.108585     0.0607519   
0.00949006   0.00715616   23.1967       0.0493894    0.0607519    0.110005    

Stress Spherical
0            0            0             0            0            0           
0            0            0             0            0            0           
0            0            0             0            0            0           

Inertia
266.648      -100.025     -99.9734      0.45917      0.12339      0.103296    
-100.025     266.546      -99.9488      0.12339      0.287454     0.207056    
-99.9734     -99.9488     266.741       0.103296     0.207056     0.237835    

Bond Length
0.60232265    0.0006458411

BB bond length
0.60232265    0.0006458411

Water EE distance
0             0           

PEG EE distance
4.7128564     0.036430296 

BBB P2(x)
0.050500122   0.0037400789

BBB first bond length
0.60249918    0.00063510202

BBB second bond length
0.60252798    0.00065478417

BBB <phi**2>/<phi>**2
1.1121397     0.0021010481

Time = 19000
Temperature
1.009938      0.0044075049

Pressure
26.186442     0.086896701 

CM Mom
-4.9187814e-17 1.1390015e-17 
-3.7951133e-17 2.373031e-17  
5.3828438e-17  1.7629026e-17 
8.6701085e-17  1.5613924e-17 

CM Pos
10.000798      0.010169019   
9.9921539      0.01708354    
9.9979282      0.012155609   
17.315256      0.011362318   

Stress
23.1885      0.0285319    -0.0200971    0.10603      0.0295687    0.0723726   
0.0285319    23.154       0.0157732     0.0295687    0.0711866    0.0380656   
-0.0200971   0.0157732    23.1319       0.0723726    0.0380656    0.107461    

Stress Spherical
0            0            0             0            0            0           
0            0            0             0            0            0           
0            0            0             0            0            0           

Inertia
266.482      -99.9236     -99.9796      0.406326     0.147199     0.146464    
-99.9236     266.633      -99.8903      0.147199     0.320993     0.266675    
-99.9796     -99.8903     266.508       0.146464     0.266675     0.260636    

Bond Length
0.60246688    0.00057952293

BB bond length
0.60246688    0.00057952293

Water EE distance
0             0           

PEG EE distance
4.5932342     0.035389329 

BBB P2(x)
0.048994816   0.0022901412

BBB first bond length
0.60263129    0.00065287851

BBB second bond length
0.60262853    0.00062708118

BBB <phi**2>/<phi>**2
1.1116756     0.001011502 

Time = 20000
Temperature
1.009183      0.0048811571

Pressure
26.235687     0.059154576 

CM Mom
-3.4997909e-17 1.6844275e-17 
-4.8462337e-17 1.0566557e-17 
4.2434841e-17  1.135235e-17  
7.618245e-17   9.7293068e-18 

CM Pos
10.002466      0.010038297   
10.000075      0.0099174228  
10.002847      0.012244779   
17.323626      0.010267153   

Stress
23.2188      -0.0112818   -0.00969767   0.101462     0.0619762    0.0401118   
-0.0112818   23.2068      0.0196176     0.0619762    0.0668351    0.0663168   
-0.00969767  0.0196176    23.2034       0.0401118    0.0663168    0.0665766   

Stress Spherical
0            0            0             0            0            0           
0            0            0             0            0            0           
0            0            0             0            0            0           

Inertia
266.699      -100.065     -100.021      0.35059      0.189799     0.159296    
-100.065     266.76       -100.037      0.189799     0.214062     0.206013    
-100.021     -100.037     266.678       0.159296     0.206013     0.300313    

Bond Length
0.60259689    0.00043110177

BB bond length
0.60259689    0.00043110177

Water EE distance
0             0           

PEG EE distance
4.6306532     0.040668371 

BBB P2(x)
0.05028935    0.0029952772

BBB first bond length
0.60272843    0.00036081894

BBB second bond length
0.60276325    0.0004180034

BBB <phi**2>/<phi>**2
1.1127884     0.0016391884

Time = 21000
Temperature
1.0098039     0.0055951756

Pressure
26.207411     0.070827278 

CM Mom
-3.0396278e-17 2.3852633e-17 
-3.5125243e-17 1.8440511e-17 
5.0511954e-17  1.2882996e-17 
7.4289571e-17  1.628514e-17  

CM Pos
10.001549      0.0068087332  
9.9982403      0.0096905306  
10.000096      0.0095193683  
17.320447      0.0074785674  

Stress
23.1405      -0.021087    -0.0147586    0.0670926    0.0615177    0.072705    
-0.021087    23.2254      0.020673      0.0615177    0.0793214    0.0633791   
-0.0147586   0.020673     23.1727       0.072705     0.0633791    0.0859408   

Stress Spherical
0            0            0             0            0            0           
0            0            0             0            0            0           
0            0            0             0            0            0           

Inertia
266.621      -100.008     -100.015      0.248752     0.158335     0.10931     
-100.008     266.711      -100.04       0.158335     0.177687     0.147455    
-100.015     -100.04      266.67        0.10931      0.147455     0.253995    

Bond Length
0.6025611     0.00060198395

BB bond length
0.6025611     0.00060198395

Water EE distance
0             0           

PEG EE distance
4.5297207     0.039000999 

BBB P2(x)
0.051054529   0.0031557543

BBB first bond length
0.60270167    0.00065325911

BBB second bond length
0.60276547    0.00067160046

BBB <phi**2>/<phi>**2
1.1125214     0.0014538307

Time = 22000
Temperature
1.0108489     0.0028563208

Pressure
26.211094     0.068707716 

CM Mom
-4.4409789e-17 7.6587627e-18 
-4.5621984e-17 1.8651205e-17 
1.5586998e-17  1.6689189e-17 
6.9166141e-17  1.4058711e-17 

CM Pos
9.9992976      0.013972221   
9.9971564      0.0095659893  
9.9935927      0.011731905   
17.314773      0.0067048495  

Stress
23.1577      0.00521028   -0.0325331    0.083244     0.0532733    0.0630476   
0.00521028   23.1916      -0.0420376    0.0532733    0.0679286    0.0450013   
-0.0325331   -0.0420376   23.1909       0.0630476    0.0450013    0.102574    

Stress Spherical
0            0            0             0            0            0           
0            0            0             0            0            0           
0            0            0             0            0            0           

Inertia
266.481      -99.968      -99.9183      0.164433     0.174482     0.199375    
-99.968      266.52       -99.924       0.174482     0.29682      0.084002    
-99.9183     -99.924      266.59        0.199375     0.084002     0.336538    

Bond Length
0.60278699    0.00066319223

BB bond length
0.60278699    0.00066319223

Water EE distance
0             0           

PEG EE distance
4.5585903     0.032270929 

BBB P2(x)
0.05196944    0.0041120937

BBB first bond length
0.6029903     0.00071911506

BBB second bond length
0.60293674    0.00068098047

BBB <phi**2>/<phi>**2
1.1125499     0.0020959271

Time = 23000
Temperature
1.0103486     0.0050652478

Pressure
26.237529     0.06012823  

CM Mom
-5.1455161e-17 3.1957136e-17 
-2.7185897e-17 2.8717984e-17 
9.1889723e-18  1.1381925e-17 
6.672028e-17   3.1544847e-17 

CM Pos
10.000465      0.011515415   
9.9929877      0.0094195326  
9.9994289      0.014252008   
17.316405      0.015048281   

Stress
23.1983      -0.0142204   -0.00872417   0.0730736    0.0599232    0.0530818   
-0.0142204   23.227       -0.0386196    0.0599232    0.0827405    0.0545086   
-0.00872417  -0.0386196   23.1988       0.0530818    0.0545086    0.0689617   

Stress Spherical
0            0            0             0            0            0           
0            0            0             0            0            0           
0            0            0             0            0            0           

Inertia
266.48       -99.9254     -99.9948      0.453072     0.188249     0.208457    
-99.9254     266.623      -99.8845      0.188249     0.371682     0.238896    
-99.9948     -99.8845     266.493       0.208457     0.238896     0.329271    

Bond Length
0.60277483    0.00054208793

BB bond length
0.60277483    0.00054208793

Water EE distance
0             0           

PEG EE distance
4.5580861     0.028444257 

BBB P2(x)
0.049501364   0.0047702156

BBB first bond length
0.60294385    0.00060394215

BBB second bond length
0.60293534    0.00055624321

BBB <phi**2>/<phi>**2
1.1123895     0.0025205264

Time = 24000
Temperature
1.0121872     0.0033168838

Pressure
26.250964     0.053287828 

CM Mom
-5.1325368e-17 1.7588825e-17 
-3.0182048e-17 1.8294908e-17 
1.2814854e-17  2.1632029e-17 
6.7342872e-17  1.6924021e-17 

CM Pos
9.9995477      0.0098371926  
9.9974899      0.0078920524  
10.00093       0.012714622   
17.319342      0.0079604401  

Stress
23.1817      0.017728     -0.0267378    0.0600463    0.0370559    0.0642999   
0.017728     23.2575      -0.00937914   0.0370559    0.0750234    0.048225    
-0.0267378   -0.00937914  23.2086       0.0642999    0.048225     0.111243    

Stress Spherical
0            0            0             0            0            0           
0            0            0             0            0            0           
0            0            0             0            0            0           

Inertia
266.603      -99.9452     -100.038      0.331438     0.117665     0.138859    
-99.9452     266.611      -99.9791      0.117665     0.277996     0.17434     
-100.038     -99.9791     266.576       0.138859     0.17434      0.186351    

Bond Length
0.60264497    0.00036179951

BB bond length
0.60264497    0.00036179951

Water EE distance
0             0           

PEG EE distance
4.502268      0.016775576 

BBB P2(x)
0.051479108   0.0036386906

BBB first bond length
0.60284433    0.00038023592

BBB second bond length
0.60281287    0.00040959957

BBB <phi**2>/<phi>**2
1.1125371     0.0019289846

Time = 25000
Temperature
1.0107562     0.0064356471

Pressure
26.209047     0.08139092  

CM Mom
-6.3040378e-17 1.0393811e-17 
-3.5144566e-17 1.4662033e-17 
2.9947396e-17  1.9382843e-17 
8.1713065e-17  1.1302761e-17 

CM Pos
10.000298      0.014446752   
9.9999078      0.010660598   
9.9955937      0.011891979   
17.318093      0.011563033   

Stress
23.1844      -0.00040286  0.00634683    0.109542     0.0479274    0.0753049   
-0.00040286  23.1863      -0.0242489    0.0479274    0.0692471    0.0799699   
0.00634683   -0.0242489   23.1642       0.0753049    0.0799699    0.108989    

Stress Spherical
0            0            0             0            0            0           
0            0            0             0            0            0           
0            0            0             0            0            0           

Inertia
266.539      -99.9852     -99.9689      0.382725     0.161149     0.17461     
-99.9852     266.571      -100.001      0.161149     0.268442     0.26011     
-99.9689     -100.001     266.676       0.17461      0.26011      0.315402    

Bond Length
0.60254231    0.00056352274

BB bond length
0.60254231    0.00056352274

Water EE distance
0             0           

PEG EE distance
4.4954621     0.021282586 

BBB P2(x)
0.051063657   0.0026352258

BBB first bond length
0.60268492    0.00055734233

BBB second bond length
0.60270672    0.00055864812

BBB <phi**2>/<phi>**2
1.1128061     0.0012734199

Time = 26000
Temperature
1.009228      0.0051234723

Pressure
26.186594     0.051715373 

CM Mom
-7.0633127e-17 1.1914721e-17 
-4.8963807e-17 1.5254958e-17 
3.6591586e-17  1.6812094e-17 
9.5918597e-17  1.3504843e-17 

CM Pos
9.9987974      0.0095193683  
9.9933212      0.011016866   
10.003764      0.0093647631  
17.318137      0.012518995   

Stress
23.1408      -0.00305496  -0.0171319    0.0707959    0.0543752    0.0635428   
-0.00305496  23.1528      -0.0150487    0.0543752    0.0796309    0.0345561   
-0.0171319   -0.0150487   23.1876       0.0635428    0.0345561    0.0681323   

Stress Spherical
0            0            0             0            0            0           
0            0            0             0            0            0           
0            0            0             0            0            0           

Inertia
266.578      -99.9351     -100.043      0.340428     0.140503     0.176352    
-99.9351     266.722      -99.8812      0.140503     0.336429     0.185276    
-100.043     -99.8812     266.478       0.176352     0.185276     0.303659    

Bond Length
0.602733      0.00051826238

BB bond length
0.602733      0.00051826238

Water EE distance
0             0           

PEG EE distance
4.5088741     0.031502363 

BBB P2(x)
0.048845514   0.0041477374

BBB first bond length
0.60290088    0.00046462139

BBB second bond length
0.60297245    0.0004797918

BBB <phi**2>/<phi>**2
1.111768      0.0018747816

Time = 27000
Temperature
1.0124393     0.0033471376

Pressure
26.219436     0.044017185 

CM Mom
-8.4666308e-17 1.2931904e-17 
-3.3547359e-17 9.6721985e-18 
2.9069823e-17  1.9000121e-17 
9.8206012e-17  1.0781138e-17 

CM Pos
9.9982971      0.014768444   
9.9988239      0.0079201881  
10.006432      0.0095222888  
17.322568      0.010424151   

Stress
23.1616      -0.0151914   0.0156116     0.103355     0.0784656    0.0444417   
-0.0151914   23.2068      0.0198258     0.0784656    0.0905393    0.0409487   
0.0156116    0.0198258    23.1825       0.0444417    0.0409487    0.0851435   

Stress Spherical
0            0            0             0            0            0           
0            0            0             0            0            0           
0            0            0             0            0            0           

Inertia
266.809      -99.9777     -100.041      0.273139     0.15465      0.150513    
-99.9777     266.794      -100.069      0.15465      0.325894     0.143244    
-100.041     -100.069     266.621       0.150513     0.143244     0.271851    

Bond Length
0.60251658    0.00045163695

BB bond length
0.60251658    0.00045163695

Water EE distance
0             0           

PEG EE distance
4.592442      0.026169132 

BBB P2(x)
0.052079816   0.0020705811

BBB first bond length
0.60273162    0.00048931233

BBB second bond length
0.60275057    0.00041318909

BBB <phi**2>/<phi>**2
1.1135188     0.0011659355

Time = 28000
Temperature
1.0123695     0.0048860978

Pressure
26.23753      0.056408854 

CM Mom
-9.5371377e-17 1.4902138e-17 
-2.8584957e-17 1.3652518e-17 
2.4460498e-17  1.8139225e-17 
1.0462775e-16  1.7367966e-17 

CM Pos
10.002049      0.0095939256  
10.000742      0.013195661   
10.002681      0.011287697   
17.323676      0.0094249242  

Stress
23.2272      0.0206782    0.00352003    0.0999777    0.041998     0.0520387   
0.0206782    23.1556      0.0146915     0.041998     0.0861122    0.0441086   
0.00352003   0.0146915    23.223        0.0520387    0.0441086    0.0864417   

Stress Spherical
