Time = 1000
Temperature
   1.0961371    0.12223179

Pressure
   23.815804    0.64852989

CM Mom
-1.4626857e-17 2.0555059e-17 
2.3163828e-17  2.3072672e-17 
-1.937105e-18  1.7039979e-16 
1.2389881e-16  1.2407373e-16 

CM Pos
7.5022343      0.030642646   
7.5077715      0.020568926   
7.4976638      0.0370799     
12.994902      0.019014331   

Stress
20.4924      0.00285348   0.0163844     0.235588     0.0871402    0.0588465   
0.00285348   20.5115      0.0330131     0.0871402    0.287378     0.0514367   
0.0163844    0.0330131    20.5802       0.0588465    0.0514367    0.389581    

Stress Spherical
0            0            0             0            0            0           
0            0            0             0            0            0           
0            0            0             0            0            0           

Inertia
150.181      -56.3587     -56.2664      1.00059      0.397671     0.211679    
-56.3587     150.1        -56.3197      0.397671     1.05136      0.197021    
-56.2664     -56.3197     150.258       0.211679     0.197021     1.92751     

Bond Length
0.61806199    0.0048457322

BB bond length
0.61806199    0.0048457322

Water EE distance
0             0           

PEG EE distance
6.4564522     0.16398891  

BBB P2(x)
0.47262414    0.065907574 

BBB first bond length
0.61802776    0.0050567521

BBB second bond length
0.61797123    0.0049013644

BBB <phi**2>/<phi>**2
1.2151919     0.013796509 

Time = 2000
Temperature
1.0093327     0.0085208582

Pressure
23.362233     0.047436496 

CM Mom
-2.4447554e-18 2.5582408e-17 
9.0403718e-18  2.1692819e-17 
-2.7097262e-17 6.3955155e-17 
7.111027e-17   3.1314471e-17 

CM Pos
7.5041606      0.013100091   
7.4957691      0.010132562   
7.5089253      0.021769477   
12.995513      0.018386918   

Stress
20.3559      0.0350917    -0.0110517    0.0357271    0.0862253    0.0863214   
0.0350917    20.3655      0.0272678     0.0862253    0.170945     0.0554231   
-0.0110517   0.0272678    20.2831       0.0863214    0.0554231    0.0606618   

Stress Spherical
0            0            0             0            0            0           
0            0            0             0            0            0           
0            0            0             0            0            0           

Inertia
149.94       -56.2351     -56.3845      0.311886     0.113513     0.222413    
-56.2351     150.081      -56.2685      0.113513     0.33223      0.219632    
-56.3845     -56.2685     149.865       0.222413     0.219632     0.374102    

Bond Length
0.61823219    0.0020219446

BB bond length
0.61823219    0.0020219446

Water EE distance
0             0           

PEG EE distance
7.1388065     0.20627277  

BBB P2(x)
0.51715573    0.012802774 

BBB first bond length
0.61812763    0.0020835538

BBB second bond length
0.61817801    0.0023503255

BBB <phi**2>/<phi>**2
1.2209358     0.0065003567

