Time = 500
Temperature
    1.036904   0.037792671

Pressure
   23.489422     0.1836844

CM Mom
5.9560439e-18  1.1929451e-17 
-9.2631903e-18 1.8925409e-17 
7.5007497e-17  2.8887598e-17 
7.8850657e-17  2.9410131e-17 

CM Pos
7.4959975      0.014254461   
7.5064123      0.012620825   
7.5011955      0.012095021   
12.992475      0.015495985   

Stress
20.3714      0.0317238    -0.00732613   0.116772     0.0277591    0.0238452   
0.0317238    20.4028      0.00708018    0.0277591    0.165665     0.0666632   
-0.00732613  0.00708018   20.3628       0.0238452    0.0666632    0.0859683   

Stress Spherical
0            0            0             0            0            0           
0            0            0             0            0            0           
0            0            0             0            0            0           

Inertia
149.949      -56.2227     -56.1776      0.256975     0.16935      0.196986    
-56.2227     149.787      -56.3439      0.16935      0.315445     0.105388    
-56.1776     -56.3439     149.849       0.196986     0.105388     0.24884     

Bond Length
0.61707081    0.0058163229

BB bond length
0.61707081    0.0058163229

Water EE distance
0             0           

PEG EE distance
3.6211549     0.44003706  

Time = 1000
Temperature
1.0133809     0.0037657842

Pressure
23.381388     0.082518785 

CM Mom
-9.0405755e-18 1.3864582e-17 
-6.9712443e-18 1.0242986e-17 
7.4237118e-17  1.4303519e-17 
7.7195801e-17  1.3565555e-17 

CM Pos
7.4862188      0.010075069   
7.5001895      0.0080935403  
7.4884535      0.015763852   
12.975887      0.0034848254  

Stress
20.3286      -0.0144972   -0.0421429    0.0837223    0.040555     0.0470695   
-0.0144972   20.3198      -0.0436686    0.040555     0.137857     0.0514378   
-0.0421429   -0.0436686   20.3763       0.0470695    0.0514378    0.117809    

Stress Spherical
0            0            0             0            0            0           
0            0            0             0            0            0           
0            0            0             0            0            0           

Inertia
149.651      -56.1582     -56.0329      0.107772     0.141533     0.105501    
-56.1582     149.454      -56.0991      0.141533     0.06338      0.0367058   
-56.0329     -56.0991     149.62        0.105501     0.0367058    0.293912    

Bond Length
0.61477965    0.0084064957

BB bond length
0.61477965    0.0084064957

Water EE distance
0             0           

PEG EE distance
3.5433798     0.48885337  

