Time = 1000
Temperature
   1.0461952   0.064830206

Pressure
   23.670839    0.29978037

CM Mom
-3.1286333e-17 3.1029893e-17 
7.1896899e-17  2.1285e-17    
-3.7925122e-17 1.462884e-16  
1.4210312e-16  1.0104067e-16 

CM Pos
7.4950379      0.032471967   
7.505471       0.021526994   
7.4999363      0.020166447   
12.990698      0.020448966   

Stress
20.5065      -0.002954    -0.0115186    0.173991     0.0728492    0.0903565   
-0.002954    20.5329      -0.00126684   0.0728492    0.130334     0.0507982   
-0.0115186   -0.00126684  20.5638       0.0903565    0.0507982    0.136731    

Stress Spherical
0            0            0             0            0            0           
0            0            0             0            0            0           
0            0            0             0            0            0           

Inertia
150.115      -56.2627     -56.2395      0.755218     0.188911     0.335178    
-56.2627     149.966      -56.2502      0.188911     1.34799      0.230171    
-56.2395     -56.2502     150.041       0.335178     0.230171     0.917295    

Bond Length
0.61887925    0.0060685675

BB bond length
0.61887925    0.0060685675

Water EE distance
0             0           

PEG EE distance
6.3051528     0.16942018  

BBB P2(x)
0.46652323    0.062860721 

BBB first bond length
0.61872662    0.0061227086

BBB second bond length
0.61928341    0.0060487573

BBB <phi**2>/<phi>**2
1.2112387     0.015884443 

Time = 2000
Temperature
1.0109889     0.011624493 

Pressure
23.479214     0.10133429  

CM Mom
-2.0045983e-17 4.502737e-17  
8.3322139e-17  1.5973936e-17 
-3.7163339e-17 2.3748706e-17 
1.0568583e-16  2.006665e-17  

CM Pos
7.5017091      0.017466543   
7.5047298      0.010731544   
7.5008258      0.01091028    
12.994589      0.013787122   

Stress
20.4115      0.0121449    -0.00231858   0.108323     0.0790096    0.0480754   
0.0121449    20.5145      0.0424494     0.0790096    0.159039     0.0752244   
-0.00231858  0.0424494    20.419        0.0480754    0.0752244    0.128755    

Stress Spherical
0            0            0             0            0            0           
0            0            0             0            0            0           
0            0            0             0            0            0           

Inertia
150.001      -56.273      -56.3076      0.222865     0.194719     0.14698     
-56.273      149.96       -56.3033      0.194719     0.440137     0.110841    
-56.3076     -56.3033     150.015       0.14698      0.110841     0.483273    

Bond Length
0.6187446     0.0026581232

BB bond length
0.6187446     0.0026581232

Water EE distance
0             0           

PEG EE distance
6.9441153     0.44359842  

BBB P2(x)
0.5103294     0.014189772 

BBB first bond length
0.61821732    0.0028801633

BBB second bond length
0.61881835    0.0029392897

BBB <phi**2>/<phi>**2
1.219747      0.016454746 

