Time = 1000
Temperature
   1.1093516    0.14860212

Pressure
   23.713614    0.78618952

CM Mom
-3.3514816e-17 2.0475901e-17 
-4.3020043e-17 3.0159124e-17 
7.5160406e-17  1.8906235e-16 
1.4533998e-16  1.5675698e-16 

CM Pos
7.5064161      0.029032228   
7.4982567      0.01950762    
7.4942069      0.027395465   
12.989789      0.024969482   

Stress
20.331       -0.0785823   -0.0519025    0.392976     0.0647336    0.0522098   
-0.0785823   20.4233      -0.00376452   0.0647336    0.38692      0.0749687   
-0.0519025   -0.00376452  20.425        0.0522098    0.0749687    0.31117     

Stress Spherical
0            0            0             0            0            0           
0            0            0             0            0            0           
0            0            0             0            0            0           

Inertia
150.005      -56.2522     -56.2201      1.43275      0.229699     0.3639      
-56.2522     150.109      -56.1401      0.229699     1.84895      0.164092    
-56.2201     -56.1401     150.185       0.3639       0.164092     1.2927      

Bond Length
0.61905756    0.0073042111

BB bond length
0.61905756    0.0073042111

Water EE distance
0             0           

PEG EE distance
6.1295905     0.11264142  

BBB P2(x)
0.4674367     0.075446679 

BBB first bond length
0.6188875     0.0073967433

BBB second bond length
0.61893927    0.0074678297

BBB <phi**2>/<phi>**2
1.2219334     0.019680522 

Time = 2000
Temperature
1.0119288     0.008173695 

Pressure
23.161652     0.063976886 

CM Mom
-4.3725335e-17 4.8825825e-18 
-3.3601776e-17 2.3958287e-17 
-2.8722295e-17 4.4827243e-17 
7.6893438e-17  2.3678566e-17 

CM Pos
7.5055252      0.017722098   
7.5093931      0.014658003   
7.4999978      0.0089695535  
12.999011      0.013269324   

Stress
20.2014      -0.0179821   -0.0439195    0.133542     0.0624117    0.0533913   
-0.0179821   20.1258      0.00604273    0.0624117    0.0997515    0.0937794   
-0.0439195   0.00604273   20.0711       0.0533913    0.0937794    0.140125    

Stress Spherical
0            0            0             0            0            0           
0            0            0             0            0            0           
0            0            0             0            0            0           

Inertia
150.024      -56.3696     -56.2833      0.278701     0.142227     0.182158    
-56.3696     149.937      -56.3154      0.142227     0.570158     0.131502    
-56.2833     -56.3154     150.108       0.182158     0.131502     0.413384    

Bond Length
0.61924499    0.0022492721

BB bond length
0.61924499    0.0022492721

Water EE distance
0             0           

PEG EE distance
6.6834638     0.16951206  

BBB P2(x)
0.51171266    0.0099226493

BBB first bond length
0.61912573    0.0025075922

BBB second bond length
0.61915449    0.0023670197

BBB <phi**2>/<phi>**2
1.2289062     0.0085011449

