Time = 500
Temperature
   1.0314285   0.036222355

Pressure
   23.407634    0.15214099

CM Mom
8.2279764e-18  3.5567036e-17 
1.7475814e-17  5.266511e-18  
-2.3090533e-17 3.6158747e-17 
5.2315252e-17  2.7741593e-17 

CM Pos
7.4936829      0.015437396   
7.5170113      0.022594703   
7.5109859      0.012239358   
13.002925      0.0222031     

Stress
20.3576      -0.00135752  0.00895226    0.121387     0.0623586    0.0489601   
-0.00135752  20.2893      -0.014859     0.0623586    0.0597007    0.067226    
0.00895226   -0.014859    20.294        0.0489601    0.067226     0.135709    

Stress Spherical
0            0            0             0            0            0           
0            0            0             0            0            0           
0            0            0             0            0            0           

Inertia
150.301      -56.358      -56.2997      0.743218     0.245308     0.184079    
-56.358      149.912      -56.4925      0.245308     0.362051     0.308821    
-56.2997     -56.4925     150.039       0.184079     0.308821     0.612512    

Bond Length
0.62285563    0.0093524541

BB bond length
0.62285563    0.0093524541

Water EE distance
0             0           

PEG EE distance
3.5687845     0.27690414  

Time = 1000
Temperature
1.0061944     0.0050501776

Pressure
23.350392     0.12146753  

CM Mom
1.3049836e-17  3.8574481e-17 
5.9919583e-18  3.3215371e-17 
1.364969e-17   2.2325541e-17 
5.7114442e-17  1.4837035e-17 

CM Pos
7.4972388      0.01355993    
7.5060472      0.016214181   
7.4985402      0.0070746759  
12.991454      0.0069158362  

Stress
20.3399      -0.0304656   0.0146595     0.175228     0.0756158    0.0319371   
-0.0304656   20.3144      -0.00596549   0.0756158    0.0979854    0.0611378   
0.0146595    -0.00596549  20.342        0.0319371    0.0611378    0.125528    

Stress Spherical
0            0            0             0            0            0           
0            0            0             0            0            0           
0            0            0             0            0            0           

Inertia
149.966      -56.3249     -56.2094      0.266896     0.143891     0.171445    
-56.3249     149.749      -56.3134      0.143891     0.354527     0.080407    
-56.2094     -56.3134     149.982       0.171445     0.080407     0.208505    

Bond Length
0.61540055    0.006843752 

BB bond length
0.61540055    0.006843752 

Water EE distance
0             0           

PEG EE distance
3.9322803     0.20834958  

