Time = 1000
Temperature
    1.085262    0.23316374

Pressure
   23.568966    0.65798477

CM Mom
-1.0196374e-17 2.1413573e-17 
1.1366244e-17  2.3458746e-17 
-2.138871e-17  7.5150792e-17 
7.2429742e-17  4.5837347e-17 

CM Pos
7.5012795      0.025005035   
7.5009366      0.026961494   
7.5011905      0.024267864   
12.992403      0.022282778   

Stress
20.3271      -0.0102474   0.00127931    0.138922     0.0727719    0.0803509   
-0.0102474   20.3093      0.0119241     0.0727719    0.144597     0.0719515   
0.00127931   0.0119241    20.3128       0.0803509    0.0719515    0.170276    

Stress Spherical
0            0            0             0            0            0           
0            0            0             0            0            0           
0            0            0             0            0            0           

Inertia
149.913      -56.2683     -56.2716      0.567345     0.26533      0.368546    
-56.2683     149.935      -56.2543      0.26533      0.297678     0.20116     
-56.2716     -56.2543     149.939       0.368546     0.20116      0.655206    

Bond Length
0.57377273    0.019081821 

BB bond length
0.57377273    0.019081821 

Water EE distance
0             0           

PEG EE distance
2.2384059     0.25448718  

Time = 2000
Temperature
1.0124237     0.0070267878

Pressure
23.310889     0.096783948 

CM Mom
-2.873515e-17  1.9121527e-17 
1.6404341e-17  1.6539099e-17 
-2.4480761e-17 2.6125267e-17 
5.2179514e-17  1.7120789e-17 

CM Pos
7.5018727      0.015369068   
7.5006252      0.015820881   
7.4968307      0.013492129   
12.990012      0.013838544   

Stress
20.2844      0.00375909   0.00405638    0.12905      0.0689905    0.0771464   
0.00375909   20.2688      0.00703474    0.0689905    0.127399     0.078628    
0.00405638   0.00703474   20.2766       0.0771464    0.078628     0.132354    

Stress Spherical
0            0            0             0            0            0           
0            0            0             0            0            0           
0            0            0             0            0            0           

Inertia
149.888      -56.2507     -56.2421      0.339735     0.184571     0.153922    
-56.2507     149.927      -56.2291      0.184571     0.261961     0.158296    
-56.2421     -56.2291     149.98        0.153922     0.158296     0.378842    

Bond Length
0.56998833    0.0028609435

BB bond length
0.56998833    0.0028609435

Water EE distance
0             0           

PEG EE distance
2.2294567     0.052899734 

Time = 3000
Temperature
1.0130897     0.0071574312

Pressure
23.313457     0.095270988 

CM Mom
-1.7787805e-17 1.7189988e-17 
1.7502017e-17  1.6633933e-17 
-2.1915339e-17 2.4773105e-17 
4.4241346e-17  1.8209948e-17 

CM Pos
7.5018134      0.013267943   
7.4960874      0.01109548    
7.4975277      0.013348163   
12.987755      0.012109387   

Stress
20.2801      0.0078801    -0.00540817   0.126078     0.0745133    0.0846625   
0.0078801    20.277       -0.00268987   0.0745133    0.118256     0.0688868   
-0.00540817  -0.00268987  20.2745       0.0846625    0.0688868    0.129122    

Stress Spherical
0            0            0             0            0            0           
0            0            0             0            0            0           
0            0            0             0            0            0           

Inertia
149.846      -56.2297     -56.2524      0.298872     0.139071     0.155212    
-56.2297     149.944      -56.2017      0.139071     0.290504     0.145634    
-56.2524     -56.2017     149.92        0.155212     0.145634     0.253405    

Bond Length
0.56952775    0.0032109873

BB bond length
0.56952775    0.0032109873

Water EE distance
0             0           

PEG EE distance
2.2774122     0.089837193 

