Time = 1000
Temperature
   1.1201237    0.16722766

Pressure
   23.813239    0.79100796

CM Mom
3.3025868e-17  3.3411886e-17 
6.325916e-18   1.952537e-17  
1.805334e-17   2.4644312e-16 
1.9269179e-16  1.6296726e-16 

CM Pos
7.4978212      0.01057479    
7.5014666      0.018826259   
7.504642       0.02012143    
12.992678      0.012548831   

Stress
20.4729      -0.0211985   -0.00765153   0.262677     0.0882967    0.0711266   
-0.0211985   20.477       0.00604054    0.0882967    0.33544      0.0968834   
-0.00765153  0.00604054   20.4226       0.0711266    0.0968834    0.330778    

Stress Spherical
0            0            0             0            0            0           
0            0            0             0            0            0           
0            0            0             0            0            0           

Inertia
150.199      -56.2749     -56.2663      1.23296      0.144408     0.190941    
-56.2749     150.153      -56.2778      0.144408     1.07562      0.166619    
-56.2663     -56.2778     150.117       0.190941     0.166619     1.51825     

Bond Length
0.61970007    0.0067192215

BB bond length
0.61970007    0.0067192215

Water EE distance
0             0           

PEG EE distance
6.9527512     0.16162124  

BBB P2(x)
0.46323658    0.066132981 

BBB first bond length
0.61990266    0.0069874347

BBB second bond length
0.61966065    0.0066585758

BBB <phi**2>/<phi>**2
1.2142099     0.014296972 

Time = 2000
Temperature
1.0094025     0.008673462 

Pressure
23.212973     0.078624284 

CM Mom
2.0999367e-17  2.9636772e-17 
-2.0588153e-20 1.3791217e-17 
3.670154e-17   4.677574e-17  
6.516084e-17   2.8258585e-17 

CM Pos
7.4926288      0.010611149   
7.4964226      0.012514547   
7.5058288      0.013105566   
12.98744       0.011792891   

Stress
20.1683      -0.00379958  0.0531324     0.100834     0.0651517    0.0923683   
-0.00379958  20.1824      -0.00519885   0.0651517    0.0966317    0.0779572   
0.0531324    -0.00519885  20.2162       0.0923683    0.0779572    0.116998    

Stress Spherical
0            0            0             0            0            0           
0            0            0             0            0            0           
0            0            0             0            0            0           

Inertia
149.905      -56.1449     -56.2119      0.304286     0.170512     0.126467    
-56.1449     149.878      -56.2618      0.170512     0.429563     0.12985     
-56.2119     -56.2618     149.729       0.126467     0.12985      0.420022    

Bond Length
0.61812961    0.0016622067

BB bond length
0.61812961    0.0016622067

Water EE distance
0             0           

PEG EE distance
7.29024       0.13876983  

BBB P2(x)
0.51468167    0.010602142 

BBB first bond length
0.61809551    0.001682052 

BBB second bond length
0.61814544    0.0018090198

BBB <phi**2>/<phi>**2
1.2275846     0.0071887188

Time = 3000
Temperature
1.0127119     0.0043826886

Pressure
23.205526     0.07950315  

CM Mom
5.4263235e-17  2.2569246e-17 
-6.1511912e-18 1.6807809e-17 
2.5430487e-17  2.2002785e-17 
6.5017905e-17  2.6032928e-17 

CM Pos
7.5044971      0.013609746   
7.4989446      0.01243781    
7.5043453      0.010388967   
12.994887      0.014199651   

Stress
20.1769      0.0400057    0.0438465     0.124614     0.08238      0.0506451   
0.0400057    20.1992      -0.00318656   0.08238      0.118178     0.0677167   
0.0438465    -0.00318656  20.1387       0.0506451    0.0677167    0.0985199   

Stress Spherical
0            0            0             0            0            0           
0            0            0             0            0            0           
0            0            0             0            0            0           

Inertia
150.014      -56.288      -56.3124      0.272021     0.118191     0.165809    
-56.288      150.082      -56.27        0.118191     0.331265     0.122559    
-56.3124     -56.27       150.019       0.165809     0.122559     0.21846     

Bond Length
0.61705474    0.0013622721

BB bond length
0.61705474    0.0013622721

Water EE distance
0             0           

PEG EE distance
7.2410209     0.071672251 

BBB P2(x)
0.51412635    0.0087141504

BBB first bond length
0.6171373     0.0014013374

BBB second bond length
0.6169815     0.0013633596

BBB <phi**2>/<phi>**2
1.2280369     0.0043638653

Time = 4000
Temperature
1.011707      0.0077855043

Pressure
23.164667     0.085716166 

CM Mom
8.380847e-17   4.0562524e-17 
-2.4870489e-17 1.2049843e-17 
2.4509785e-17  1.559971e-17  
9.3734661e-17  3.8611032e-17 

CM Pos
7.4994531      0.013453606   
7.5001314      0.014475662   
7.504197       0.015449411   
12.992584      0.011985823   

Stress
20.1086      0.0228828    -0.0105337    0.11875      0.0507392    0.0827529   
0.0228828    20.1534      0.0187674     0.0507392    0.138036     0.0646248   
-0.0105337   0.0187674    20.1393       0.0827529    0.0646248    0.113801    

Stress Spherical
0            0            0             0            0            0           
0            0            0             0            0            0           
0            0            0             0            0            0           

Inertia
150.021      -56.2172     -56.2669      0.362177     0.0938668    0.124452    
-56.2172     150.023      -56.2451      0.0938668    0.281854     0.196335    
-56.2669     -56.2451     149.957       0.124452     0.196335     0.206809    

Bond Length
0.61799194    0.0018026516

BB bond length
0.61799194    0.0018026516

Water EE distance
0             0           

PEG EE distance
7.282849      0.076423642 

BBB P2(x)
0.51077346    0.0085833845

BBB first bond length
0.61814708    0.0016739157

BBB second bond length
0.61780545    0.0017720166

BBB <phi**2>/<phi>**2
1.2281845     0.0071587977

Time = 5000
Temperature
1.0097863     0.0067844369

Pressure
23.153943     0.088128668 

CM Mom
1.066502e-16   1.7182597e-17 
-3.7617164e-17 2.1645388e-17 
2.9471804e-17  3.7612532e-17 
1.2322048e-16  2.555551e-17  

CM Pos
7.4945574      0.012205608   
7.4982029      0.010946019   
7.4998947      0.013551404   
12.986151      0.014291313   

Stress
20.0841      -0.0088442   0.00774314    0.122714     0.0511103    0.0795002   
-0.0088442   20.18        0.0272272     0.0511103    0.111635     0.0472471   
0.00774314   0.0272272    20.1221       0.0795002    0.0472471    0.125149    

Stress Spherical
0            0            0             0            0            0           
0            0            0             0            0            0           
0            0            0             0            0            0           

Inertia
149.955      -56.1813     -56.2213      0.259869     0.181191     0.129385    
-56.1813     149.906      -56.2507      0.181191     0.263349     0.169707    
-56.2213     -56.2507     149.899       0.129385     0.169707     0.27583     

Bond Length
0.61755187    0.0024044824

BB bond length
0.61755187    0.0024044824

Water EE distance
0             0           

PEG EE distance
7.5849835     0.06905309  

BBB P2(x)
0.51544884    0.0077393963

BBB first bond length
0.61755555    0.0026244108

BBB second bond length
0.61760493    0.0025148581

BBB <phi**2>/<phi>**2
1.2261781     0.0075394954

Time = 6000
Temperature
1.0112468     0.0087521776

Pressure
23.241621     0.097040691 

CM Mom
1.1313904e-16  1.8675627e-17 
-5.638601e-17  1.1811702e-17 
3.774632e-17   6.8281786e-18 
1.3310374e-16  1.4930611e-17 

CM Pos
7.5055356      0.01266228    
7.4974611      0.011326459   
7.4963342      0.0075878025  
12.990007      0.0082227623  

Stress
20.2026      0.0208013    0.0101059     0.159121     0.0820154    0.0560411   
0.0208013    20.2225      -0.0403235    0.0820154    0.133241     0.0587152   
0.0101059    -0.0403235   20.2111       0.0560411    0.0587152    0.0765849   

Stress Spherical
0            0            0             0            0            0           
0            0            0             0            0            0           
0            0            0             0            0            0           

Inertia
149.917      -56.3121     -56.2503      0.174578     0.139699     0.107799    
-56.3121     150.053      -56.2271      0.139699     0.157686     0.132615    
-56.2503     -56.2271     150.055       0.107799     0.132615     0.236919    

Bond Length
0.61850595    0.0015030027

BB bond length
0.61850595    0.0015030027

Water EE distance
0             0           

PEG EE distance
7.1590899     0.12214474  

BBB P2(x)
0.51410932    0.0072841337

BBB first bond length
0.61853586    0.0013410021

BBB second bond length
0.6183773     0.001531339 

BBB <phi**2>/<phi>**2
1.2249532     0.0042725407

Time = 7000
Temperature
1.0079325     0.0059329447

Pressure
23.19981      0.086888286 

CM Mom
1.3726588e-16  2.2177259e-17 
-4.1959343e-17 2.0410219e-17 
4.1713794e-17  2.9916653e-17 
1.5330692e-16  2.5356519e-17 

CM Pos
7.4955959      0.013348498   
7.4953841      0.01250487    
7.5027134      0.0050636084  
12.98675       0.011658086   

Stress
20.1421      -0.0185549   -0.000377819  0.138902     0.064645     0.0731453   
-0.0185549   20.1966      -0.0648728    0.064645     0.120992     0.0399036   
-0.000377819 -0.0648728   20.2019       0.0731453    0.0399036    0.115397    

Stress Spherical
0            0            0             0            0            0           
0            0            0             0            0            0           
0            0            0             0            0            0           

Inertia
149.927      -56.1691     -56.2754      0.260264     0.137688     0.15408     
-56.1691     149.971      -56.2453      0.137688     0.245219     0.134266    
-56.2754     -56.2453     149.846       0.15408      0.134266     0.322961    

Bond Length
0.61851345    0.0021802642

BB bond length
0.61851345    0.0021802642

Water EE distance
0             0           

PEG EE distance
6.990568      0.068509276 

BBB P2(x)
0.51043241    0.0074962424

BBB first bond length
0.61840504    0.0019794779

BBB second bond length
0.61856249    0.0021740433

BBB <phi**2>/<phi>**2
1.2263698     0.0053026883

Time = 8000
Temperature
1.0083572     0.0074681205

Pressure
23.159488     0.084330729 

CM Mom
1.4659753e-16  2.0923559e-17 
-5.3832668e-17 1.1121539e-17 
7.1935694e-17  2.0552065e-17 
1.7376338e-16  1.8806799e-17 

CM Pos
7.5062773      0.017121794   
7.4947907      0.013732899   
7.4976694      0.013126541   
12.98967       0.016308074   

Stress
20.1009      0.0191088    -0.0178508    0.0771693    0.0741478    0.057189    
0.0191088    20.1676      -0.00843697   0.0741478    0.130159     0.0468995   
-0.0178508   -0.00843697  20.1473       0.057189     0.0468995    0.120082    

Stress Spherical
0            0            0             0            0            0           
0            0            0             0            0            0           
0            0            0             0            0            0           

Inertia
149.89       -56.2784     -56.2898      0.404666     0.161114     0.168522    
-56.2784     150.046      -56.1369      0.161114     0.3656       0.188206    
-56.2898     -56.1369     150.036       0.168522     0.188206     0.383898    

Bond Length
0.61837477    0.0020955785

BB bond length
0.61837477    0.0020955785

Water EE distance
0             0           

PEG EE distance
7.3220375     0.14172272  

BBB P2(x)
0.51562533    0.0092075062

BBB first bond length
0.61844795    0.0019863122

BBB second bond length
0.61793462    0.0023966107

BBB <phi**2>/<phi>**2
1.2219011     0.010689329 

Time = 9000
Temperature
1.0076646     0.0081827594

Pressure
23.191587     0.094469812 

CM Mom
1.6135238e-16  2.0240392e-17 
-6.0665601e-17 1.5997138e-17 
7.9170233e-17  1.9278878e-17 
1.912575e-16   2.0991795e-17 

CM Pos
7.5021235      0.015641249   
7.4953841      0.012075082   
7.4979661      0.0097293062  
12.987779      0.014892048   

Stress
20.1112      -0.0182158   0.0314239     0.128581     0.0819079    0.0555606   
-0.0182158   20.153       -0.0509213    0.0819079    0.118149     0.0570652   
0.0314239    -0.0509213   20.2541       0.0555606    0.0570652    0.181743    

Stress Spherical
0            0            0             0            0            0           
0            0            0             0            0            0           
0            0            0             0            0            0           

Inertia
149.905      -56.2028     -56.2402      0.263127     0.233423     0.20542     
-56.2028     150.011      -56.1935      0.233423     0.328536     0.112638    
-56.2402     -56.1935     149.977       0.20542      0.112638     0.366205    

Bond Length
0.61801801    0.0016323065

BB bond length
0.61801801    0.0016323065

Water EE distance
0             0           

PEG EE distance
7.4955178     0.19119409  

BBB P2(x)
0.51510256    0.009539319 

BBB first bond length
0.61785985    0.0018046642

BBB second bond length
0.61791325    0.0013584566

BBB <phi**2>/<phi>**2
1.2251269     0.0051200957

Time = 10000
Temperature
1.0113452     0.0084741797

Pressure
23.209184     0.062533139 

CM Mom
1.7332288e-16  2.450667e-17  
-6.818961e-17  1.1143954e-17 
8.1054049e-17  1.632896e-17  
2.041235e-16   2.4195003e-17 

CM Pos
7.4988597      0.0093826852  
7.4953841      0.012220024   
7.5015266      0.017877032   
12.987953      0.014453214   

Stress
20.1369      0.00695491   0.0223184     0.0857108    0.0764141    0.0630205   
0.00695491   20.1791      0.0286791     0.0764141    0.0797837    0.0228427   
0.0223184    0.0286791    20.222        0.0630205    0.0228427    0.0801787   

Stress Spherical
0            0            0             0            0            0           
0            0            0             0            0            0           
0            0            0             0            0            0           

Inertia
149.949      -56.2138     -56.273       0.27084      0.179151     0.154969    
-56.2138     150.008      -56.2478      0.179151     0.286915     0.19435     
-56.273      -56.2478     149.91        0.154969     0.19435      0.310281    

Bond Length
0.61851355    0.002184305 

BB bond length
0.61851355    0.002184305 

Water EE distance
0             0           

PEG EE distance
7.5259726     0.1121999   

BBB P2(x)
0.5212091     0.0087791661

BBB first bond length
0.61854692    0.0023248658

BBB second bond length
0.61837526    0.0021456628

BBB <phi**2>/<phi>**2
1.2281204     0.0076770358

Time = 11000
Temperature
1.015288      0.0076710427

Pressure
23.198352     0.095206796 

CM Mom
1.5047524e-16  1.5283754e-17 
-5.1464207e-17 3.1054815e-17 
4.4447215e-17  9.7970328e-18 
1.6825186e-16  1.5881044e-17 

CM Pos
7.5003432      0.010861243   
7.4983512      0.010240675   
7.4998947      0.0072738507  
12.989573      0.0098509966  

Stress
20.0783      -0.0665688   -0.00202114   0.150849     0.0344805    0.0420463   
-0.0665688   20.2068      0.0344653     0.0344805    0.0994772    0.102056    
-0.00202114  0.0344653    20.185        0.0420463    0.102056     0.0859952   

Stress Spherical
0            0            0             0            0            0           
0            0            0             0            0            0           
0            0            0             0            0            0           

Inertia
149.956      -56.2696     -56.2311      0.244042     0.0947281    0.127296    
-56.2696     149.988      -56.2366      0.0947281    0.206382     0.107826    
-56.2311     -56.2366     149.973       0.127296     0.107826     0.205067    

Bond Length
0.61947615    0.00222394  

BB bond length
0.61947615    0.00222394  

Water EE distance
0             0           

PEG EE distance
7.4834005     0.14662083  

BBB P2(x)
0.51034294    0.0072849768

BBB first bond length
0.61960256    0.002395106 

BBB second bond length
0.61946381    0.0024529556

BBB <phi**2>/<phi>**2
1.2214399     0.0080059293

Time = 12000
Temperature
1.0162665     0.0053903915

Pressure
23.184067     0.094248732 

CM Mom
1.1943572e-16  2.0647469e-17 
-1.9388001e-17 2.5515962e-17 
1.6163622e-17  2.016638e-17  
1.2582439e-16  2.3544328e-17 

CM Pos
7.5001949      0.010520538   
7.4953841      0.011419348   
7.5018233      0.0079739025  
12.98889       0.0095080121  

Stress
20.1134      -0.0026128   0.004037      0.124132     0.0632314    0.0532373   
-0.0026128   20.1466      -0.0188785    0.0632314    0.101007     0.103688    
0.004037     -0.0188785   20.1584       0.0532373    0.103688     0.122099    

Stress Spherical
0            0            0             0            0            0           
0            0            0             0            0            0           
0            0            0             0            0            0           

Inertia
149.947      -56.1967     -56.2751      0.23969      0.15491      0.106868    
-56.1967     150.03       -56.2139      0.15491      0.166415     0.125606    
-56.2751     -56.2139     149.943       0.106868     0.125606     0.239464    

Bond Length
0.61859932    0.0017476697

BB bond length
0.61859932    0.0017476697

Water EE distance
0             0           

PEG EE distance
7.0409691     0.1489543   

BBB P2(x)
0.512042      0.0062803787

BBB first bond length
0.61864209    0.0015213463

BBB second bond length
0.61834246    0.0018553096

BBB <phi**2>/<phi>**2
1.2271988     0.0096026203

Time = 13000
Temperature
1.0115974     0.0053326281

Pressure
23.206714     0.073173389 

CM Mom
1.2879921e-16  1.1790752e-17 
-3.3897708e-17 2.0645643e-17 
6.0408387e-18  1.4773757e-17 
1.3557482e-16  1.3333398e-17 

CM Pos
7.4981179      0.018896854   
7.5085876      0.014523475   
7.4993013      0.01405525    
12.993874      0.013213614   

Stress
20.1533      -0.0048919   -0.025533     0.140298     0.0428599    0.0755484   
-0.0048919   20.1616      -0.0315637    0.0428599    0.117126     0.0503806   
-0.025533    -0.0315637   20.2134       0.0755484    0.0503806    0.122647    

Stress Spherical
0            0            0             0            0            0           
0            0            0             0            0            0           
0            0            0             0            0            0           

Inertia
150.115      -56.2843     -56.2384      0.249143     0.172668     0.14097     
-56.2843     149.946      -56.3361      0.172668     0.259342     0.17664     
-56.2384     -56.3361     150.11        0.14097      0.17664      0.382286    

Bond Length
0.6185675     0.0017745345

BB bond length
0.6185675     0.0017745345

Water EE distance
0             0           

PEG EE distance
6.9483871     0.10556738  

BBB P2(x)
0.50992897    0.0082298086

BBB first bond length
0.61867901    0.0018359818

BBB second bond length
0.61866943    0.002168804 

BBB <phi**2>/<phi>**2
1.2246915     0.0074602546

Time = 14000
Temperature
1.0082715     0.010049728 

Pressure
23.159327     0.074422468 

CM Mom
1.1881533e-16  2.1341544e-17 
-2.863016e-17  2.0696527e-17 
-7.8432628e-18 2.2641964e-17 
1.2639268e-16  2.0485144e-17 

CM Pos
7.5012333      0.013355091   
7.4977578      0.016135082   
7.4981145      0.016402265   
12.988731      0.012673816   

Stress
20.1176      0.0327792    -0.0256272    0.104311     0.0535785    0.0476698   
0.0327792    20.1285      -0.0339861    0.0535785    0.0687491    0.0804113   
-0.0256272   -0.0339861   20.17         0.0476698    0.0804113    0.0927434   

Stress Spherical
0            0            0             0            0            0           
0            0            0             0            0            0           
0            0            0             0            0            0           

Inertia
149.926      -56.2417     -56.2712      0.279345     0.185036     0.162501    
-56.2417     149.992      -56.2384      0.185036     0.181639     0.139472    
-56.2712     -56.2384     149.987       0.162501     0.139472     0.304861    

Bond Length
0.61792121    0.0014777617

BB bond length
0.61792121    0.0014777617

Water EE distance
0             0           

PEG EE distance
6.9939243     0.18739948  

BBB P2(x)
0.50889922    0.012443434 

BBB first bond length
0.61804449    0.0014402582

BBB second bond length
0.61799097    0.0017005961

BBB <phi**2>/<phi>**2
1.2274456     0.0075108786

Time = 15000
Temperature
1.016693      0.008258544 

Pressure
23.235168     0.058912029 

CM Mom
8.9273252e-17  2.9369014e-17 
-2.6640521e-17 1.4380053e-17 
-2.2079422e-17 2.3009388e-17 
1.0079937e-16  2.4600333e-17 

CM Pos
7.5012333      0.0099562625  
7.5013183      0.011419348   
7.5006365      0.013652532   
12.992234      0.00928635    

Stress
20.1437      -0.0378191   0.0326453     0.111489     0.0917323    0.0743068   
-0.0378191   20.1737      -0.00838191   0.0917323    0.122522     0.0567825   
0.0326453    -0.00838191  20.2505       0.0743068    0.0567825    0.106473    

Stress Spherical
0            0            0             0            0            0           
0            0            0             0            0            0           
0            0            0             0            0            0           

Inertia
150.043      -56.2656     -56.2296      0.373054     0.118426     0.10927     
-56.2656     150.033      -56.2938      0.118426     0.167826     0.16629     
-56.2296     -56.2938     150.062       0.10927      0.16629      0.189059    

Bond Length
0.61849649    0.0018550463

BB bond length
0.61849649    0.0018550463

Water EE distance
0             0           

PEG EE distance
6.9872271     0.10843689  

BBB P2(x)
0.5083999     0.012618711 

BBB first bond length
0.61851396    0.0018867749

BBB second bond length
0.61855977    0.0020051749

BBB <phi**2>/<phi>**2
1.2265397     0.004786356 

Time = 16000
Temperature
1.0083294     0.0061052528

Pressure
23.158109     0.078350258 

CM Mom
8.292963e-17   1.492144e-17  
-7.297265e-18  1.8400799e-17 
-9.8827939e-18 1.4575683e-17 
8.6785932e-17  1.643577e-17  

CM Pos
7.4979696      0.014568866   
7.5029502      0.012834059   
7.4960375      0.012813464   
12.988641      0.012083196   

Stress
20.1764      -0.030567    -0.00263893   0.127941     0.0630345    0.0791222   
-0.030567    20.1602      0.0365939     0.0630345    0.136357     0.0742114   
-0.00263893  0.0365939    20.0753       0.0791222    0.0742114    0.104334    

Stress Spherical
0            0            0             0            0            0           
0            0            0             0            0            0           
0            0            0             0            0            0           

Inertia
149.972      -56.2654     -56.1835      0.245762     0.131586     0.222857    
-56.2654     149.9        -56.2388      0.131586     0.312409     0.131147    
-56.1835     -56.2388     150.008       0.222857     0.131147     0.249098    

Bond Length
0.6194952     0.00098668868

BB bond length
0.6194952     0.00098668868

Water EE distance
0             0           

PEG EE distance
6.7433885     0.097967988 

BBB P2(x)
0.51082575    0.0094456886

BBB first bond length
0.61983619    0.0010689007

BBB second bond length
0.61957878    0.00069857523

BBB <phi**2>/<phi>**2
1.2260079     0.0059623247

Time = 17000
Temperature
1.0098186     0.0092199815

Pressure
23.1905       0.091509477 

CM Mom
7.7630102e-17  2.136013e-17  
-3.4343785e-17 1.5860911e-17 
6.3725824e-18  7.806374e-18  
8.7137619e-17  2.0550832e-17 

CM Pos
7.496486       0.012001038   
7.5022084      0.014190051   
7.5009332      0.014490858   
12.990181      0.013878075   

Stress
20.1424      -0.0346772   -0.00687458   0.149883     0.0601433    0.0954909   
-0.0346772   20.2056      0.0402773     0.0601433    0.113269     0.0658103   
-0.00687458  0.0402773    20.1476       0.0954909    0.0658103    0.0764415   

Stress Spherical
0            0            0             0            0            0           
0            0            0             0            0            0           
0            0            0             0            0            0           

Inertia
150.043      -56.2283     -56.196       0.314152     0.123153     0.162924    
-56.2283     149.949      -56.2646      0.123153     0.324576     0.164792    
-56.196      -56.2646     150.009       0.162924     0.164792     0.234879    

Bond Length
0.61794479    0.0018824493

BB bond length
0.61794479    0.0018824493

Water EE distance
0             0           

PEG EE distance
6.8839593     0.082435319 

BBB P2(x)
0.50680933    0.0054922816

BBB first bond length
0.61798185    0.0021293468

BBB second bond length
0.61799218    0.0020466022

BBB <phi**2>/<phi>**2
1.2267622     0.0067628353

Time = 18000
Temperature
1.0108407     0.0090839316

Pressure
23.195839     0.09885605  

CM Mom
5.4033059e-17  2.0033396e-17 
-5.6939146e-17 1.541457e-17  
-8.0669874e-18 1.6751562e-17 
8.3012366e-17  1.5975664e-17 

CM Pos
7.5052389      0.0081809805  
7.5008732      0.01113737    
7.4967793      0.0079683804  
12.992057      0.010754014   

Stress
20.1639      0.0235693    0.0123115     0.164556     0.0894754    0.124153    
0.0235693    20.177       -0.00768177   0.0894754    0.122812     0.0606162   
0.0123115    -0.00768177  20.1617       0.124153     0.0606162    0.11327     

Stress Spherical
0            0            0             0            0            0           
0            0            0             0            0            0           
0            0            0             0            0            0           

Inertia
149.963      -56.2989     -56.2552      0.210174     0.163383     0.110874    
-56.2989     150.019      -56.2393      0.163383     0.166458     0.134055    
-56.2552     -56.2393     150.108       0.110874     0.134055     0.21694     

Bond Length
0.61916774    0.0025501274

BB bond length
0.61916774    0.0025501274

Water EE distance
0             0           

PEG EE distance
7.1611263     0.15314441  

BBB P2(x)
0.50594586    0.012049619 

BBB first bond length
0.61896149    0.0027923388

BBB second bond length
0.61900237    0.002725784 

BBB <phi**2>/<phi>**2
1.229099      0.01024041  

Time = 19000
Temperature
1.0119802     0.004442899 

Pressure
23.201135     0.065608108 

CM Mom
4.2117048e-17  1.4719954e-17 
-2.7761066e-17 2.7088583e-17 
3.5214664e-18  1.7709256e-17 
6.0380601e-17  1.3236025e-17 

CM Pos
7.4958926      0.0042996865  
7.5019117      0.011307012   
7.4949991      0.01387004    
12.986235      0.011134833   

Stress
20.1767      -0.0308997   0.0134345     0.091479     0.0658931    0.0635469   
-0.0308997   20.1702      -0.0295865    0.0658931    0.0746231    0.0637696   
0.0134345    -0.0295865   20.1613       0.0635469    0.0637696    0.105034    

Stress Spherical
0            0            0             0            0            0           
0            0            0             0            0            0           
0            0            0             0            0            0           

Inertia
149.946      -56.2187     -56.2064      0.279126     0.104944     0.146269    
-56.2187     149.859      -56.2197      0.104944     0.219161     0.150226    
-56.2064     -56.2197     149.975       0.146269     0.150226     0.175753    

Bond Length
0.6189682     0.0017331427

BB bond length
0.6189682     0.0017331427

Water EE distance
0             0           

PEG EE distance
7.021482      0.14050766  

BBB P2(x)
0.51407224    0.010475956 

BBB first bond length
0.6190675     0.0017402546

BBB second bond length
0.6190858     0.0016977559

BBB <phi**2>/<phi>**2
1.2264331     0.011676533 

Time = 20000
Temperature
1.0130311     0.0079496054

Pressure
23.148773     0.044102892 

CM Mom
2.1428699e-17  2.0138268e-17 
-4.2823359e-19 1.3480428e-17 
2.9905528e-17  1.5724995e-17 
4.4694718e-17  1.3807335e-17 

CM Pos
7.5047938      0.014997629   
7.4999831      0.01232672    
7.5036035      0.016645344   
12.995236      0.015116378   

Stress
20.1048      -0.00862681  0.034068      0.0930133    0.0774522    0.0835236   
-0.00862681  20.1183      0.0213885     0.0774522    0.104528     0.0750107   
0.034068     0.0213885    20.1186       0.0835236    0.0750107    0.115556    

Stress Spherical
0            0            0             0            0            0           
0            0            0             0            0            0           
0            0            0             0            0            0           

Inertia
150.043      -56.3023     -56.3452      0.259412     0.173133     0.211054    
-56.3023     150.12       -56.2926      0.173133     0.365327     0.137938    
-56.3452     -56.2926     150.071       0.211054     0.137938     0.276419    

Bond Length
0.61948714    0.0016169975

BB bond length
0.61948714    0.0016169975

Water EE distance
0             0           

PEG EE distance
7.1835479     0.10223171  

BBB P2(x)
0.51578942    0.0099871613

BBB first bond length
0.61949029    0.001723092 

BBB second bond length
0.61977568    0.0016394137

BBB <phi**2>/<phi>**2
1.2252051     0.0089933724

Time = 21000
Temperature
1.0055316     0.0035998769

Pressure
23.172932     0.061394352 

CM Mom
-2.0201096e-18 1.0337488e-17 
2.7039108e-19  1.016264e-17  
4.8916491e-17  8.8007986e-18 
5.1171958e-17  8.1243285e-18 

CM Pos
7.5053872      0.012521579   
7.5023567      0.011658718   
7.5040486      0.01298748    
12.997206      0.0055776539  

Stress
20.1414      -0.0179965   0.0278815     0.0580718    0.0692476    0.0610819   
-0.0179965   20.1348      -0.00489951   0.0692476    0.109539     0.0740475   
0.0278815    -0.00489951  20.2053       0.0610819    0.0740475    0.100427    

Stress Spherical
0            0            0             0            0            0           
0            0            0             0            0            0           
0            0            0             0            0            0           

Inertia
150.082      -56.3182     -56.3021      0.224764     0.131381     0.114405    
-56.3182     150.146      -56.3167      0.131381     0.187063     0.0910237   
-56.3021     -56.3167     150.121       0.114405     0.0910237    0.19591     

Bond Length
0.61886598    0.0016250272

BB bond length
0.61886598    0.0016250272

Water EE distance
0             0           

PEG EE distance
7.5437316     0.15693315  

BBB P2(x)
0.51348899    0.011940268 

BBB first bond length
0.61894907    0.0015295471

BBB second bond length
0.61900023    0.0016334378

BBB <phi**2>/<phi>**2
1.2213357     0.0055653739

Time = 22000
Temperature
1.0156954     0.0060484395

Pressure
23.198276     0.083728555 

CM Mom
-9.2606886e-18 2.0572872e-17 
1.205203e-17   1.7864586e-17 
5.2370223e-17  1.7104303e-17 
5.971313e-17   2.1046089e-17 

CM Pos
7.50153        0.016477235   
7.497016       0.017366841   
7.4951474      0.012183047   
12.986764      0.011068086   

Stress
20.2025      0.00173992   0.0436967     0.112229     0.059307     0.0772915   
0.00173992   20.1155      0.00111293    0.059307     0.129896     0.0571238   
0.0436967    0.00111293   20.1482       0.0772915    0.0571238    0.085837    

Stress Spherical
0            0            0             0            0            0           
0            0            0             0            0            0           
0            0            0             0            0            0           

Inertia
149.893      -56.2344     -56.2223      0.286338     0.201033     0.122476    
-56.2344     149.956      -56.1963      0.201033     0.175524     0.170314    
-56.2223     -56.1963     149.981       0.122476     0.170314     0.359287    

Bond Length
0.61805801    0.0015035509

BB bond length
0.61805801    0.0015035509

Water EE distance
0             0           

PEG EE distance
7.3963084     0.15796666  

BBB P2(x)
0.51398257    0.015215474 

BBB first bond length
0.61817703    0.0014419553

BBB second bond length
0.6179348     0.0017639637

BBB <phi**2>/<phi>**2
1.2295028     0.011440667 

Time = 23000
Temperature
1.0116643     0.0065802413

Pressure
23.149473     0.068660491 

CM Mom
-2.4760686e-19 1.3505165e-17 
2.2297793e-17  1.5927864e-17 
3.7093813e-17  1.9548548e-17 
4.8126732e-17  1.9371464e-17 

CM Pos
7.4982663      0.017568436   
7.4941973      0.016719224   
7.5006365      0.013457695   
12.986412      0.020161173   

Stress
20.1584      -0.0274574   0.00873961    0.0757869    0.07912      0.0581807   
-0.0274574   20.0987      -0.0347842    0.07912      0.104139     0.0734057   
0.00873961   -0.0347842   20.099        0.0581807    0.0734057    0.130477    

Stress Spherical
0            0            0             0            0            0           
0            0            0             0            0            0           
0            0            0             0            0            0           

Inertia
149.931      -56.2194     -56.2268      0.439938     0.195098     0.21335     
-56.2194     149.985      -56.2188      0.195098     0.389017     0.215622    
-56.2268     -56.2188     149.892       0.21335      0.215622     0.431733    

Bond Length
0.61927168    0.0016577957

BB bond length
0.61927168    0.0016577957

Water EE distance
0             0           

PEG EE distance
7.3111707     0.16211126  

BBB P2(x)
0.51528437    0.0074384474

BBB first bond length
0.61926588    0.0015523578

BBB second bond length
0.61926126    0.0016963516

BBB <phi**2>/<phi>**2
1.2308025     0.012073429 

Time = 24000
Temperature
1.0095936     0.005542143 

Pressure
23.208671     0.059599596 

CM Mom
-4.0896308e-18 1.9481051e-17 
3.0165831e-17  1.9320088e-17 
4.3945001e-17  1.6509414e-17 
6.0862188e-17  1.3378996e-17 

CM Pos
7.4998982      0.014121643   
7.5035436      0.009568499   
7.4927738      0.01425736    
12.988204      0.018515006   

Stress
20.1911      -0.00580387  -0.0126992    0.0996904    0.070813     0.0673894   
-0.00580387  20.171       -0.00337068   0.070813     0.136029     0.0992985   
-0.0126992   -0.00337068  20.1902       0.0673894    0.0992985    0.106988    

Stress Spherical
0            0            0             0            0            0           
0            0            0             0            0            0           
0            0            0             0            0            0           

Inertia
149.962      -56.316      -56.185       0.341566     0.158873     0.207566    
-56.316      149.899      -56.204       0.158873     0.364391     0.161559    
-56.185      -56.204      150.081       0.207566     0.161559     0.298654    

Bond Length
0.61798164    0.0015572176

BB bond length
0.61798164    0.0015572176

Water EE distance
0             0           

PEG EE distance
7.0191134     0.14216948  

BBB P2(x)
0.50456012    0.01001139  

BBB first bond length
0.61804352    0.0014573387

BBB second bond length
0.61799733    0.0016107131

BBB <phi**2>/<phi>**2
1.2223512     0.0083811228

Time = 25000
Temperature
1.0167503     0.0056742198

Pressure
23.270928     0.074618728 

CM Mom
-1.5152744e-17 3.3835278e-17 
1.8638043e-17  2.9812756e-17 
5.7093419e-17  1.0591775e-17 
7.5098999e-17  1.8509278e-17 

CM Pos
7.5024202      0.016253996   
7.4986479      0.0096155358  
7.499598       0.013322091   
12.990782      0.010200226   

Stress
20.1918      0.00836291   -0.0167151    0.0950773    0.0664708    0.0437301   
0.00836291   20.2805      0.0157842     0.0664708    0.11678      0.0742879   
-0.0167151   0.0157842    20.2024       0.0437301    0.0742879    0.111685    

Stress Spherical
0            0            0             0            0            0           
0            0            0             0            0            0           
0            0            0             0            0            0           

Inertia
149.976      -56.2372     -56.2733      0.265686     0.102401     0.210106    
-56.2372     150.029      -56.2782      0.102401     0.351523     0.133027    
-56.2733     -56.2782     150.011       0.210106     0.133027     0.203227    

Bond Length
0.61722492    0.0025542828

BB bond length
0.61722492    0.0025542828

Water EE distance
0             0           

PEG EE distance
7.214305      0.095232951 

BBB P2(x)
0.50374773    0.0097012199

BBB first bond length
0.61713727    0.0025684382

BBB second bond length
0.61735961    0.002811275 

BBB <phi**2>/<phi>**2
1.2251635     0.0087737521

Time = 26000
Temperature
1.0093316     0.006474373 

Pressure
23.19625      0.078021157 

CM Mom
1.9648235e-17  1.505782e-17  
1.492449e-17   1.4233185e-17 
5.2441869e-17  1.1368518e-17 
6.120955e-17   1.3072833e-17 

CM Pos
7.4958926      0.014306672   
7.5019117      0.010645317   
7.497076       0.0088776764  
12.987438      0.0093387569  

Stress
20.2061      -0.0305873   0.0319797     0.0833687    0.0394126    0.0817841   
-0.0305873   20.1505      0.0173395     0.0394126    0.126915     0.0667066   
0.0319797    0.0173395    20.1607       0.0817841    0.0667066    0.0827579   

Stress Spherical
0            0            0             0            0            0           
0            0            0             0            0            0           
0            0            0             0            0            0           

Inertia
149.989      -56.2402     -56.1684      0.179674     0.121749     0.108889    
-56.2402     149.884      -56.227       0.121749     0.232701     0.141588    
-56.1684     -56.227      149.971       0.108889     0.141588     0.274823    

Bond Length
0.61838753    0.0014912397

BB bond length
0.61838753    0.0014912397

Water EE distance
0             0           

PEG EE distance
7.3848283     0.10078889  

BBB P2(x)
0.5145577     0.011658465 

BBB first bond length
0.61817782    0.0015389351

BBB second bond length
0.61839319    0.0015573631

BBB <phi**2>/<phi>**2
1.229429      0.0069426893

Time = 27000
Temperature
1.0137549     0.0098468856

Pressure
23.16957      0.086388005 

CM Mom
-1.6788129e-17 1.9778691e-17 
2.3237162e-17  1.7653111e-17 
4.493584e-17   3.2984334e-17 
6.1862228e-17  2.8370702e-17 

CM Pos
7.5009366      0.016891439   
7.504582       0.0085750248  
7.4930705      0.011586761   
12.989579      0.015225192   

Stress
20.128       0.0136061    0.0166661     0.157318     0.078398     0.0651101   
0.0136061    20.1555      -0.0186098    0.078398     0.0729596    0.0524836   
0.0166661    -0.0186098   20.114        0.0651101    0.0524836    0.161813    

Stress Spherical
0            0            0             0            0            0           
0            0            0             0            0            0           
0            0            0             0            0            0           

Inertia
149.966      -56.3083     -56.2236      0.142668     0.146499     0.223067    
-56.3083     149.895      -56.2311      0.146499     0.392929     0.112628    
-56.2236     -56.2311     150.091       0.223067     0.112628     0.210544    

Bond Length
0.61764651    0.0016172731

BB bond length
0.61764651    0.0016172731

Water EE distance
0             0           

PEG EE distance
7.2887558     0.13207634  

BBB P2(x)
0.51602745    0.0080253581

BBB first bond length
0.61769209    0.0015132665

BBB second bond length
0.61763446    0.0020048959

BBB <phi**2>/<phi>**2
1.2189513     0.0082020598

Time = 28000
Temperature
1.0137639     0.0064059353

Pressure
23.202028     0.0916453   

CM Mom
-2.7043226e-17 1.9512698e-17 
1.4069669e-17  2.6298655e-17 
8.0786266e-17  2.4761308e-17 
9.3102964e-17  2.1749426e-17 

CM Pos
7.4991564      0.013098847   
7.4947907      0.01247315    
7.5039003      0.010862256   
12.989152      0.011332734   

Stress
20.1539      -0.0143364   0.0162507     0.0700059    0.0654484    0.0586174   
-0.0143364   20.1697      0.018523      0.0654484    0.152396     0.0510817   
0.0162507    0.018523     20.1712       0.0586174    0.0510817    0.091738    

Stress Spherical
0            0            0             0            0            0           
