Time = 1000
Temperature
   1.1994503    0.21803737

Pressure
    24.39615     1.5074062

CM Mom
-4.5412151e-17 2.3123861e-17 
1.0285646e-16  3.8089781e-17 
-1.8779074e-16 3.7634364e-16 
3.3448255e-16  2.8222081e-16 

CM Pos
9.99681        0.024556031   
10.005569      0.018823007   
9.9936834      0.023291346   
17.318273      0.016146845   

Stress
20.8052      0.0298935    0.00632812    0.905038     0.0429034    0.0622841   
0.0298935    20.792       -0.00547      0.0429034    0.927968     0.054736    
0.00632812   -0.00547     20.8017       0.0622841    0.054736     0.946703    

Stress Spherical
0            0            0             0            0            0           
0            0            0             0            0            0           
0            0            0             0            0            0           

Inertia
267.157      -100.001     -99.902       4.53385      0.12797      0.445247    
-100.001     266.973      -99.9762      0.12797      3.79072      0.172393    
-99.902      -99.9762     267.19        0.445247     0.172393     4.51844     

Bond Length
0.62490343    0.010937347 

BB bond length
0.62490343    0.010937347 

Water EE distance
0             0           

PEG EE distance
6.6061136     0.29434827  

BBB P2(x)
0.09425033    0.018350218 

BBB first bond length
0.62497085    0.011144836 

BBB second bond length
0.62520537    0.010821949 

BBB <phi**2>/<phi>**2
1.124943      0.0054699823

Time = 2000
Temperature
1.0143994     0.0064701087

Pressure
23.143223     0.057986548 

CM Mom
-5.2244074e-17 2.7950865e-17 
1.0865704e-16  2.6166435e-17 
3.8953726e-17  1.1562547e-16 
1.6616691e-16  5.7244475e-17 

CM Pos
9.9968934      0.010027211   
9.9963978      0.0064952298  
9.9998532      0.012965821   
17.316556      0.0098797622  

Stress
20.0805      0.00868516   0.0031201     0.0716657    0.0570856    0.0343169   
0.00868516   20.1253      0.0016585     0.0570856    0.112743     0.062473    
0.0031201    0.0016585    20.0988       0.0343169    0.062473     0.0852432   

Stress Spherical
0            0            0             0            0            0           
0            0            0             0            0            0           
0            0            0             0            0            0           

Inertia
266.514      -99.9599     -99.9836      1.13433      0.150903     0.207126    
-99.9599     266.522      -99.9663      0.150903     1.00368      0.149938    
-99.9836     -99.9663     266.431       0.207126     0.149938     1.20574     

Bond Length
0.62297435    0.00099096842

BB bond length
0.62297435    0.00099096842

Water EE distance
0             0           

PEG EE distance
6.1250541     0.16796985  

BBB P2(x)
0.080093027   0.009363884 

BBB first bond length
0.62298561    0.0011435548

BBB second bond length
0.62307439    0.00097560554

BBB <phi**2>/<phi>**2
1.1195066     0.0028496831

Time = 3000
Temperature
1.0100204     0.0050627385

Pressure
23.047856     0.060068172 

CM Mom
-5.6216496e-17 1.6302687e-17 
9.4834443e-17  1.7342722e-17 
3.9284761e-17  3.5780804e-17 
1.2262012e-16  2.254502e-17  

CM Pos
9.9923077      0.010146093   
9.9982321      0.006784186   
10.00077       0.010521452   
17.315498      0.00778801    

Stress
19.982       0.0286326    -0.00599893   0.093309     0.0260234    0.0508281   
0.0286326    20.001       -0.00389004   0.0260234    0.0692411    0.0518875   
-0.00599893  -0.00389004  20.0749       0.0508281    0.0518875    0.089337    

Stress Spherical
0            0            0             0            0            0           
0            0            0             0            0            0           
0            0            0             0            0            0           

Inertia
266.565      -99.9321     -99.9403      0.538787     0.0909968    0.161092    
-99.9321     266.44       -99.9983      0.0909968    0.497804     0.143394    
-99.9403     -99.9983     266.372       0.161092     0.143394     0.481119    

Bond Length
0.62366098    0.0011147349

BB bond length
0.62366098    0.0011147349

Water EE distance
0             0           

PEG EE distance
5.6116211     0.10601592  

BBB P2(x)
0.079365002   0.0075909105

BBB first bond length
0.62372172    0.0011285305

BBB second bond length
0.62371016    0.001205612 

BBB <phi**2>/<phi>**2
1.118782      0.0023880943

Time = 4000
Temperature
1.011561      0.0052823899

Pressure
23.013533     0.06189295  

CM Mom
-8.2339183e-17 2.9556324e-17 
7.1000436e-17  1.5379782e-17 
3.3403913e-17  2.9949462e-17 
1.2041683e-16  2.1059322e-17 

CM Pos
9.998811       0.012635924   
9.9982321      0.0077771512  
9.9982691      0.0091123215  
17.317805      0.012962244   

Stress
19.9852      -0.0223128   -0.00387787   0.0805836    0.0415273    0.071402    
-0.0223128   20.002       -0.000652788  0.0415273    0.0813744    0.0374715   
-0.00387787  -0.000652788 19.9539       0.071402     0.0374715    0.055381    

Stress Spherical
0            0            0             0            0            0           
0            0            0             0            0            0           
0            0            0             0            0            0           

Inertia
266.52       -99.9962     -99.9627      0.335124     0.190309     0.178761    
-99.9962     266.54       -99.9005      0.190309     0.302243     0.139072    
-99.9627     -99.9005     266.53        0.178761     0.139072     0.379243    

Bond Length
0.62359936    0.0012652605

BB bond length
0.62359936    0.0012652605

Water EE distance
0             0           

PEG EE distance
5.4803159     0.062048997 

BBB P2(x)
0.075073415   0.0056002172

BBB first bond length
0.62368287    0.0012892879

BBB second bond length
0.62379469    0.0013059842

BBB <phi**2>/<phi>**2
1.1190872     0.0020188367

Time = 5000
Temperature
1.0077142     0.0042105984

Pressure
23.049008     0.056288461 

CM Mom
-8.3741932e-17 2.8264185e-17 
5.2765735e-17  2.0421508e-17 
1.2390502e-17  2.8099731e-17 
1.0744592e-16  2.028129e-17  

CM Pos
10.002146      0.011934283   
10.000567      0.0089366978  
10.003105      0.007605429   
17.323873      0.0071380916  

Stress
20.0158      -0.00069215  0.00608307    0.0714993    0.0429878    0.0395332   
-0.00069215  20.0349      0.0120441     0.0429878    0.0830758    0.0687582   
0.00608307   0.0120441    20.0314       0.0395332    0.0687582    0.0885748   

Stress Spherical
0            0            0             0            0            0           
0            0            0             0            0            0           
0            0            0             0            0            0           

Inertia
266.696      -100.019     -100.065      0.189579     0.149561     0.14311     
-100.019     266.733      -100.068      0.149561     0.306753     0.0867031   
-100.065     -100.068     266.665       0.14311      0.0867031    0.258444    

Bond Length
0.62336594    0.0011392807

BB bond length
0.62336594    0.0011392807

Water EE distance
0             0           

PEG EE distance
5.3617547     0.060962751 

BBB P2(x)
0.073841405   0.0055550861

BBB first bond length
0.62357762    0.0012222996

BBB second bond length
0.62340668    0.0011923363

BBB <phi**2>/<phi>**2
1.118166      0.0033870789

Time = 6000
Temperature
1.0094594     0.0043896753

Pressure
23.044563     0.086411115 

CM Mom
-8.4068049e-17 3.8694843e-17 
5.5848319e-17  2.3542964e-17 
4.2665462e-18  1.2953348e-17 
1.08092e-16    2.7205623e-17 

CM Pos
9.997477       0.016745931   
9.9995661      0.0092651371  
10.001854      0.0068326834  
17.319882      0.0085205904  

Stress
20.019       0.00263141   -0.01044      0.115982     0.0580742    0.0588137   
0.00263141   20.0192      -0.0174579    0.0580742    0.0860316    0.0569211   
-0.01044     -0.0174579   20.0149       0.0588137    0.0569211    0.123978    

Stress Spherical
0            0            0             0            0            0           
0            0            0             0            0            0           
0            0            0             0            0            0           

Inertia
266.654      -99.9972     -99.9762      0.260986     0.202826     0.137268    
-99.9972     266.616      -100.037      0.202826     0.232035     0.159542    
-99.9762     -100.037     266.559       0.137268     0.159542     0.337708    

Bond Length
0.62369574    0.0014436389

BB bond length
0.62369574    0.0014436389

Water EE distance
0             0           

PEG EE distance
5.2655445     0.065538156 

BBB P2(x)
0.079321323   0.0036884065

BBB first bond length
0.62385746    0.001509962 

BBB second bond length
0.623781      0.0013443922

BBB <phi**2>/<phi>**2
1.120322      0.0024825407

Time = 7000
Temperature
1.0115433     0.0053342152

Pressure
23.035325     0.077415104 

CM Mom
-9.1409138e-17 1.8317947e-17 
7.0264805e-17  1.910392e-17  
-7.8847911e-19 2.8471778e-17 
1.205012e-16   1.6852471e-17 

CM Pos
9.9948924      0.010747296   
10.001484      0.010264274   
9.9980189      0.010182681   
17.317275      0.015475884   

Stress
20.0353      0.00426654   -0.0244381    0.100519     0.0480441    0.053288    
0.00426654   19.9871      0.0175172     0.0480441    0.084727     0.042593    
-0.0244381   0.0175172    19.9842       0.053288     0.042593     0.0998311   

Stress Spherical
0            0            0             0            0            0           
0            0            0             0            0            0           
0            0            0             0            0            0           

Inertia
266.616      -99.9842     -99.9635      0.35539      0.213502     0.151768    
-99.9842     266.504      -99.9954      0.213502     0.3681       0.168788    
-99.9635     -99.9954     266.559       0.151768     0.168788     0.435613    

Bond Length
0.62341322    0.0009979078

BB bond length
0.62341322    0.0009979078

Water EE distance
0             0           

PEG EE distance
5.2586183     0.051233925 

BBB P2(x)
0.074759865   0.0072819899

BBB first bond length
0.62361167    0.001130767 

BBB second bond length
0.62352125    0.0010616019

BBB <phi**2>/<phi>**2
1.1184834     0.0035176665

Time = 8000
Temperature
1.013072      0.0049020422

Pressure
23.042153     0.037084828 

CM Mom
-8.9125042e-17 2.6474706e-17 
8.5540496e-17  1.6572477e-17 
1.1901962e-18  1.302799e-17  
1.2676295e-16  1.8393097e-17 

CM Pos
9.9958095      0.012053675   
9.9994827      0.011166029   
10.002188      0.0082182568  
17.31906       0.011164882   

Stress
20.0127      0.00134885   0.0207813     0.0564595    0.0525703    0.0603442   
0.00134885   20.0121      -0.0147209    0.0525703    0.0590208    0.051671    
0.0207813    -0.0147209   19.9885       0.0603442    0.051671     0.0412178   

Stress Spherical
0            0            0             0            0            0           
0            0            0             0            0            0           
0            0            0             0            0            0           

Inertia
266.674      -99.9538     -99.9449      0.320925     0.180795     0.141626    
-99.9538     266.606      -99.9933      0.180795     0.263224     0.171522    
-99.9449     -99.9933     266.56        0.141626     0.171522     0.340039    

Bond Length
0.62368453    0.0010378668

BB bond length
0.62368453    0.0010378668

Water EE distance
0             0           

PEG EE distance
5.3532664     0.047648007 

BBB P2(x)
0.074183724   0.0063468089

BBB first bond length
0.62373434    0.00097992674

BBB second bond length
0.62393325    0.0010857638

BBB <phi**2>/<phi>**2
1.1162712     0.0022092854

Time = 9000
Temperature
1.0065829     0.0047727616

Pressure
23.022551     0.063783781 

CM Mom
-7.6134488e-17 1.7235413e-17 
8.8110762e-17  9.1353663e-18 
-1.6328096e-17 1.1403706e-17 
1.1928474e-16  1.0405958e-17 

CM Pos
9.9997281      0.0097872474  
9.998649       0.011296008   
10.007023      0.012007161   
17.323635      0.0094150496  

Stress
19.9868      0.0205673    -0.0152277    0.0549914    0.0354949    0.0524277   
0.0205673    20.0192      -0.00116918   0.0354949    0.0529649    0.0555064   
-0.0152277   -0.00116918  20.0069       0.0524277    0.0555064    0.0914946   

Stress Spherical
0            0            0             0            0            0           
0            0            0             0            0            0           
0            0            0             0            0            0           

Inertia
266.758      -100.006     -100.091      0.320312     0.157438     0.096914    
-100.006     266.792      -100.05       0.157438     0.244946     0.214603    
-100.091     -100.05      266.625       0.096914     0.214603     0.311728    

Bond Length
0.62401362    0.00084694683

BB bond length
0.62401362    0.00084694683

Water EE distance
0             0           

PEG EE distance
5.4696037     0.077107885 

BBB P2(x)
0.074567835   0.003834572 

BBB first bond length
0.62417517    0.00095388808

BBB second bond length
0.62408502    0.00091554509

BBB <phi**2>/<phi>**2
1.1176014     0.0016480609

Time = 10000
Temperature
1.0101304     0.0046128679

Pressure
22.992251     0.089254719 

CM Mom
-9.9297096e-17 1.7652177e-17 
7.3438652e-17  1.0757714e-17 
-1.2656741e-17 1.1602228e-17 
1.2569319e-16  1.3285492e-17 

CM Pos
10.001062      0.005706166   
9.998649       0.0084928008  
9.9966016      0.012744384   
17.318384      0.010035773   

Stress
19.9678      0.018442     -0.0139653    0.101997     0.0623362    0.0419501   
0.018442     19.9468      -0.0152121    0.0623362    0.100986     0.0502013   
-0.0139653   -0.0152121   19.9755       0.0419501    0.0502013    0.109814    

Stress Spherical
0            0            0             0            0            0           
0            0            0             0            0            0           
0            0            0             0            0            0           

Inertia
266.559      -99.9956     -99.9464      0.349788     0.109789     0.169693    
-99.9956     266.615      -99.9598      0.109789     0.260039     0.147948    
-99.9464     -99.9598     266.655       0.169693     0.147948     0.239662    

Bond Length
0.62383852    0.0012910629

BB bond length
0.62383852    0.0012910629

Water EE distance
0             0           

PEG EE distance
5.4733604     0.11348207  

BBB P2(x)
0.0807822     0.006656737 

BBB first bond length
0.62379767    0.001330262 

BBB second bond length
0.62388255    0.0012793033

BBB <phi**2>/<phi>**2
1.1199869     0.0020613381

Time = 11000
Temperature
1.0082718     0.0045317531

Pressure
23.021338     0.057000876 

CM Mom
-1.062146e-16  2.1178911e-17 
8.0066991e-17  7.1022143e-18 
-2.3405576e-17 1.0880744e-17 
1.365309e-16   1.4723386e-17 

CM Pos
9.9997281      0.0057522722  
9.9988157      0.0083956617  
10.00052       0.01055147    
17.319972      0.0080725459  

Stress
20.0017      -0.028393    0.0128955     0.050504     0.0336333    0.0445549   
-0.028393    20.022       -0.014369     0.0336333    0.0732755    0.041343    
0.0128955    -0.014369    19.9704       0.0445549    0.041343     0.0953348   

Stress Spherical
0            0            0             0            0            0           
0            0            0             0            0            0           
0            0            0             0            0            0           

Inertia
266.626      -100.012     -99.9756      0.268732     0.0817739    0.175614    
-100.012     266.655      -100.032      0.0817739    0.319055     0.158436    
-99.9756     -100.032     266.616       0.175614     0.158436     0.202039    

Bond Length
0.62337219    0.0013623534

BB bond length
0.62337219    0.0013623534

Water EE distance
0             0           

PEG EE distance
5.3787564     0.075318816 

BBB P2(x)
0.079640929   0.0057999785

BBB first bond length
0.62346676    0.0013379654

BBB second bond length
0.62344788    0.0014471643

BBB <phi**2>/<phi>**2
1.1192879     0.0023827756

Time = 12000
Temperature
1.0124712     0.0050063391

Pressure
22.967405     0.031671698 

CM Mom
-9.5264985e-17 2.1867525e-17 
8.6943866e-17  1.978822e-17  
-4.795323e-18  1.2459094e-17 
1.3211723e-16  1.5088965e-17 

CM Pos
9.9975604      0.0094563594  
10.003985      0.0080903848  
10.00052       0.0080817881  
17.321705      0.0096554341  

Stress
19.9383      -0.0251913   0.00328816    0.0230759    0.0293467    0.0405743   
-0.0251913   19.9251      -0.0110593    0.0293467    0.0561166    0.0587066   
0.00328816   -0.0110593   19.9311       0.0405743    0.0587066    0.0419001   

Stress Spherical
0            0            0             0            0            0           
0            0            0             0            0            0           
0            0            0             0            0            0           

Inertia
266.766      -100.027     -99.9952      0.287348     0.2086       0.157717    
-100.027     266.635      -100.063      0.2086       0.271866     0.145165    
-99.9952     -100.063     266.715       0.157717     0.145165     0.270816    

Bond Length
0.62405868    0.00088661399

BB bond length
0.62405868    0.00088661399

Water EE distance
0             0           

PEG EE distance
5.4813716     0.09782257  

BBB P2(x)
0.078686391   0.0049957977

BBB first bond length
0.62409252    0.00087997351

BBB second bond length
0.62418375    0.00086749789

BBB <phi**2>/<phi>**2
1.1184789     0.0021048622

Time = 13000
Temperature
1.0087422     0.0047554289

Pressure
23.009891     0.078724686 

CM Mom
-1.0587275e-16 2.2815386e-17 
9.4490145e-17  1.5047581e-17 
-2.6205577e-17 1.7440466e-17 
1.4737656e-16  1.2467855e-17 

CM Pos
10.004564      0.0086710022  
10.002317      0.0057739836  
9.9971852      0.018601414   
17.322866      0.012188994   

Stress
20.0254      0.00130761   -0.00358514   0.0804222    0.0631412    0.0318002   
0.00130761   19.9899      0.00582746    0.0631412    0.11418      0.0560034   
-0.00358514  0.00582746   19.9402       0.0318002    0.0560034    0.105957    

Stress Spherical
0            0            0             0            0            0           
0            0            0             0            0            0           
0            0            0             0            0            0           

Inertia
266.653      -100.064     -100.036      0.396729     0.130457     0.162821    
-100.064     266.689      -99.985       0.130457     0.33424      0.199162    
-100.036     -99.985      266.799       0.162821     0.199162     0.214288    

Bond Length
0.62300848    0.00058007798

BB bond length
0.62300848    0.00058007798

Water EE distance
0             0           

PEG EE distance
5.4078345     0.069850711 

BBB P2(x)
0.074940408   0.0077042232

BBB first bond length
0.62320231    0.00064454969

BBB second bond length
0.62319547    0.00063528122

BBB <phi**2>/<phi>**2
1.1170972     0.0027129056

Time = 14000
Temperature
1.0109435     0.0048421537

Pressure
23.031717     0.072532838 

CM Mom
-1.0856355e-16 1.051851e-17  
7.9994327e-17  2.0388987e-17 
-2.1802266e-17 1.056445e-17  
1.3789826e-16  1.6807776e-17 

CM Pos
10.00273       0.0058147726  
10.003818      0.0077498416  
9.9992696      0.010559702   
17.323872      0.005730616   

Stress
20.0279      -0.0108116   -0.0119959    0.094855     0.0358717    0.0481987   
-0.0108116   19.9663      -0.00447457   0.0358717    0.105944     0.0246264   
-0.0119959   -0.00447457  20.007        0.0481987    0.0246264    0.0613539   

Stress Spherical
0            0            0             0            0            0           
0            0            0             0            0            0           
0            0            0             0            0            0           

Inertia
266.721      -100.114     -100.011      0.201154     0.119823     0.100755    
-100.114     266.709      -99.9992      0.119823     0.188231     0.138793    
-100.011     -99.9992     266.788       0.100755     0.138793     0.235103    

Bond Length
0.62347955    0.00049853661

BB bond length
0.62347955    0.00049853661

Water EE distance
0             0           

PEG EE distance
5.4536501     0.12219682  

BBB P2(x)
0.073141568   0.0068292825

BBB first bond length
0.62360746    0.00054502228

BBB second bond length
0.62366064    0.00052177993

BBB <phi**2>/<phi>**2
1.1167538     0.0034205241

Time = 15000
Temperature
1.0103191     0.0041199539

Pressure
23.000919     0.084323082 

CM Mom
-1.09501e-16   2.2610665e-17 
8.5820476e-17  2.5629922e-17 
-1.446812e-17  7.4491302e-18 
1.4172251e-16  2.6519868e-17 

CM Pos
9.9959762      0.0049641406  
10.005319      0.0085580306  
10.003021      0.012201273   
17.323006      0.010160327   

Stress
19.9367      -0.0205634   0.0139435     0.0940086    0.0514588    0.0630408   
-0.0205634   19.9817      -0.0275585    0.0514588    0.0944786    0.0480392   
0.0139435    -0.0275585   19.996        0.0630408    0.0480392    0.098399    

Stress Spherical
0            0            0             0            0            0           
0            0            0             0            0            0           
0            0            0             0            0            0           

Inertia
266.83       -99.99       -99.9558      0.325373     0.168195     0.153327    
-99.99       266.663      -100.078      0.168195     0.277165     0.168465    
-99.9558     -100.078     266.692       0.153327     0.168465     0.23164     

Bond Length
0.62402303    0.001769108 

BB bond length
0.62402303    0.001769108 

Water EE distance
0             0           

PEG EE distance
5.5654799     0.072046954 

BBB P2(x)
0.076428575   0.0070501748

BBB first bond length
0.62408495    0.0017883025

BBB second bond length
0.62417791    0.0018161548

BBB <phi**2>/<phi>**2
1.1171168     0.0036660537

Time = 16000
Temperature
1.0116111     0.0056050381

Pressure
23.011403     0.097319813 

CM Mom
-1.0536277e-16 1.217694e-17  
7.8136666e-17  1.1791529e-17 
-2.7240684e-17 2.2739553e-17 
1.3651976e-16  1.0745549e-17 

CM Pos
10.001145      0.0067224261  
10.000066      0.010846767   
10.002188      0.014275401   
17.322476      0.013837376   

Stress
20.0255      -0.0104708   -0.0152576    0.114928     0.0385531    0.038547    
-0.0104708   19.9734      0.00674569    0.0385531    0.116818     0.038365    
-0.0152576   0.00674569   19.9354       0.038547     0.038365     0.081923    

Stress Spherical
0            0            0             0            0            0           
0            0            0             0            0            0           
0            0            0             0            0            0           

Inertia
266.692      -99.9796     -100.077      0.383498     0.168768     0.155417    
-99.9796     266.722      -100.027      0.168768     0.371583     0.195439    
-100.077     -100.027     266.685       0.155417     0.195439     0.225993    

Bond Length
0.62392417    0.00129896  

BB bond length
0.62392417    0.00129896  

Water EE distance
0             0           

PEG EE distance
5.4724027     0.052879929 

BBB P2(x)
0.074867264   0.0062319442

BBB first bond length
0.62415978    0.0013407536

BBB second bond length
0.62400678    0.0015364135

BBB <phi**2>/<phi>**2
1.1171134     0.0031500396

Time = 17000
Temperature
1.009615      0.0046735242

Pressure
22.997496     0.030690141 

CM Mom
-1.0929944e-16 1.1307164e-17 
7.6864825e-17  1.6723455e-17 
-4.478809e-17  9.4738126e-18 
1.4208439e-16  1.3032579e-17 

CM Pos
10.001479      0.016793186   
9.9950638      0.010521452   
10.004522      0.014532149   
17.321131      0.018921075   

Stress
19.9649      0.000757664  -0.00346117   0.0683907    0.0442742    0.0585402   
0.000757664  19.941       -0.014326     0.0442742    0.071541     0.0495034   
-0.00346117  -0.014326    20.0046       0.0585402    0.0495034    0.0782719   

Stress Spherical
0            0            0             0            0            0           
0            0            0             0            0            0           
0            0            0             0            0            0           

Inertia
266.655      -99.927      -100.059      0.392514     0.194213     0.337       
-99.927      266.799      -99.9613      0.194213     0.55973      0.298055    
-100.059     -99.9613     266.597       0.337        0.298055     0.4292      

Bond Length
0.62424477    0.00097351408

BB bond length
0.62424477    0.00097351408

Water EE distance
0             0           

PEG EE distance
5.4415642     0.076999961 

BBB P2(x)
0.078361404   0.0069595912

BBB first bond length
0.62439165    0.0011435719

BBB second bond length
0.62436276    0.001134359 

BBB <phi**2>/<phi>**2
1.1178174     0.0029838848

Time = 18000
Temperature
1.012335      0.0055817074

Pressure
23.036576     0.060316376 

CM Mom
-9.7870686e-17 1.0150083e-17 
8.3238379e-17  2.0188848e-17 
-3.8378551e-17 1.5668215e-17 
1.3629304e-16  1.2669893e-17 

CM Pos
9.9932249      0.010024438   
10.001067      0.010729494   
10.003105      0.012088228   
17.319015      0.0089240248  

Stress
19.9866      -0.0142388   -0.0232498    0.0966719    0.0404281    0.0492623   
-0.0142388   20.0035      -0.0051097    0.0404281    0.0311913    0.0397075   
-0.0232498   -0.0051097   20.0132       0.0492623    0.0397075    0.0866188   

Stress Spherical
0            0            0             0            0            0           
0            0            0             0            0            0           
0            0            0             0            0            0           

Inertia
266.76       -99.9633     -99.9764      0.321122     0.144822     0.195614    
-99.9633     266.617      -99.999       0.144822     0.308177     0.182638    
-99.9764     -99.999      266.568       0.195614     0.182638     0.199721    

Bond Length
0.62387397    0.0011147236

BB bond length
0.62387397    0.0011147236

Water EE distance
0             0           

PEG EE distance
5.4381419     0.068932571 

BBB P2(x)
0.077905206   0.0074669804

BBB first bond length
0.62395409    0.001165116 

BBB second bond length
0.6239907     0.0011855866

BBB <phi**2>/<phi>**2
1.1201293     0.0026334488

Time = 19000
Temperature
1.0105994     0.0049776836

Pressure
23.005224     0.047127527 

CM Mom
-9.5862144e-17 1.5974686e-17 
8.9755929e-17  1.861381e-17  
-4.3416394e-17 1.1520206e-17 
1.3961157e-16  1.9329995e-17 

CM Pos
10.000228      0.0078850028  
10.001567      0.012986446   
10.006356      0.010216758   
17.325221      0.011670722   

Stress
20.0031      -0.0158917   0.0325777     0.0757064    0.0401608    0.0696833   
-0.0158917   19.9536      -0.00178119   0.0401608    0.0498296    0.0398276   
0.0325777    -0.00178119  19.968        0.0696833    0.0398276    0.0825029   

Stress Spherical
0            0            0             0            0            0           
0            0            0             0            0            0           
0            0            0             0            0            0           

Inertia
266.827      -99.9718     -100.064      0.337058     0.21807      0.204348    
-99.9718     266.804      -100.069      0.21807      0.29079      0.184703    
-100.064     -100.069     266.712       0.204348     0.184703     0.336079    

Bond Length
0.62347905    0.00086644129

BB bond length
0.62347905    0.00086644129

Water EE distance
0             0           

PEG EE distance
5.2987486     0.087647997 

BBB P2(x)
0.073940344   0.0073957698

BBB first bond length
0.62355531    0.00082371959

BBB second bond length
0.6235708     0.00098127945

BBB <phi**2>/<phi>**2
1.1176819     0.0036184689

Time = 20000
Temperature
1.0110473     0.0038519417

Pressure
23.037586     0.048970525 

CM Mom
-1.0417123e-16 2.0132249e-17 
9.1351227e-17  1.9972084e-17 
-4.0544511e-17 1.2231497e-17 
1.4643438e-16  1.8743613e-17 

CM Pos
9.9963931      0.013443818   
10.00165       0.016613192   
10.004272      0.0080235192  
17.321852      0.018114945   

Stress
20.0056      -0.0440259   0.00968016    0.0762257    0.0470467    0.0459289   
-0.0440259   20.0204      -0.00460283   0.0470467    0.0785858    0.0398604   
0.00968016   -0.00460283  19.9919       0.0459289    0.0398604    0.0591842   

Stress Spherical
0            0            0             0            0            0           
0            0            0             0            0            0           
0            0            0             0            0            0           

Inertia
266.782      -99.9687     -99.9644      0.436997     0.307516     0.203149    
-99.9687     266.679      -100.09       0.307516     0.415672     0.2344      
-99.9644     -100.09      266.636       0.203149     0.2344       0.553225    

Bond Length
0.62363276    0.0012257955

BB bond length
0.62363276    0.0012257955

Water EE distance
0             0           

PEG EE distance
5.2658933     0.097766374 

BBB P2(x)
0.071624225   0.0049040553

BBB first bond length
0.62377245    0.0012858952

BBB second bond length
0.6237474     0.0013261419

BBB <phi**2>/<phi>**2
1.1173335     0.0022163652

Time = 21000
Temperature
1.0075459     0.0044077261

Pressure
22.989589     0.085092449 

CM Mom
-1.1024846e-16 2.0163404e-17 
1.0388541e-16  2.0933816e-17 
-2.916152e-17  1.9199163e-17 
1.5741501e-16  1.5205421e-17 

CM Pos
9.9997281      0.012467284   
10.000233      0.0098654178  
10.000353      0.010129293   
17.320697      0.010699221   

Stress
19.9752      0.0146136    0.00367206    0.0843125    0.0678749    0.0413035   
0.0146136    20.0018      0.024455      0.0678749    0.0955008    0.0323898   
0.00367206   0.024455     19.9284       0.0413035    0.0323898    0.0869276   

Stress Spherical
0            0            0             0            0            0           
0            0            0             0            0            0           
0            0            0             0            0            0           

Inertia
266.681      -100.039     -99.9923      0.265513     0.217317     0.167771    
-100.039     266.665      -99.9789      0.217317     0.25966      0.174929    
-99.9923     -99.9789     266.68        0.167771     0.174929     0.295343    

Bond Length
0.62374816    0.001006916 

BB bond length
0.62374816    0.001006916 

Water EE distance
0             0           

PEG EE distance
5.5040385     0.067178823 

BBB P2(x)
0.079395703   0.009286116 

BBB first bond length
0.62394747    0.0011576504

BBB second bond length
0.62369135    0.00092590253

BBB <phi**2>/<phi>**2
1.1197899     0.003284432 

Time = 22000
Temperature
1.0096304     0.0065702767

Pressure
22.999785     0.051013214 

CM Mom
-1.2721745e-16 1.4834146e-17 
9.5497554e-17  1.896962e-17  
-2.4920661e-17 1.2910438e-17 
1.6256059e-16  1.5675944e-17 

CM Pos
10.001145      0.016431649   
10.002234      0.01265791    
10.000937      0.013996329   
17.323016      0.0094346282  

Stress
19.9522      -0.0183085   0.00842848    0.0984946    0.0503416    0.0461172   
-0.0183085   19.9647      0.00402874    0.0503416    0.0612295    0.0683976   
0.00842848   0.00402874   20.0003       0.0461172    0.0683976    0.0510743   

Stress Spherical
0            0            0             0            0            0           
0            0            0             0            0            0           
0            0            0             0            0            0           

Inertia
266.733      -100.062     -100.012      0.300647     0.199364     0.12447     
-100.062     266.707      -99.992       0.199364     0.286443     0.159178    
-100.012     -99.992      266.731       0.12447      0.159178     0.485237    

Bond Length
0.62361558    0.0010802344

BB bond length
0.62361558    0.0010802344

Water EE distance
0             0           

PEG EE distance
5.3248116     0.034002094 

BBB P2(x)
0.078186812   0.008470215 

BBB first bond length
0.62364805    0.0010082506

BBB second bond length
0.62377761    0.0010724061

BBB <phi**2>/<phi>**2
1.1191146     0.0043765015

Time = 23000
Temperature
1.0095619     0.0058445297

Pressure
23.012473     0.064623899 

CM Mom
-1.5505148e-16 2.001019e-17  
1.1065702e-16  2.1616219e-17 
-1.3849093e-17 2.373315e-17  
1.9411349e-16  1.5120047e-17 

CM Pos
10.002896      0.012246766   
9.9961477      0.0098918059  
10.003438      0.012105467   
17.321951      0.0098246347  

Stress
19.9605      0.00166992   -0.0125162    0.0996943    0.0418205    0.0454659   
0.00166992   19.9944      -0.0179669    0.0418205    0.0602759    0.0596002   
-0.0125162   -0.0179669   20.001        0.0454659    0.0596002    0.080177    

Stress Spherical
0            0            0             0            0            0           
0            0            0             0            0            0           
0            0            0             0            0            0           

Inertia
266.668      -99.983      -100.079      0.256547     0.209396     0.204801    
-99.983      266.785      -100.038      0.209396     0.406065     0.155055    
-100.079     -100.038     266.64        0.204801     0.155055     0.312588    

Bond Length
0.62350785    0.0008738772

BB bond length
0.62350785    0.0008738772

Water EE distance
0             0           

PEG EE distance
5.4622226     0.053624655 

BBB P2(x)
0.073626024   0.0057731292

BBB first bond length
0.62353872    0.00084928396

BBB second bond length
0.62372651    0.00094790295

BBB <phi**2>/<phi>**2
1.1162563     0.0023199495

Time = 24000
Temperature
1.0065584     0.0038644898

Pressure
22.992866     0.050144368 

CM Mom
-1.5220606e-16 2.2012442e-17 
9.4995621e-17  1.5429065e-17 
-1.7193404e-17 1.8406539e-17 
1.826996e-16   1.2989417e-17 

CM Pos
10.00423       0.0085612791  
9.9997328      0.010931034   
10.001521      0.0085124222  
17.323678      0.012689836   

Stress
19.9599      -0.0044297   0.015538      0.0870001    0.0552204    0.0456231   
-0.0044297   19.9989      0.0157767     0.0552204    0.0701146    0.0619867   
0.015538     0.0157767    19.9653       0.0456231    0.0619867    0.0782908   

Stress Spherical
0            0            0             0            0            0           
0            0            0             0            0            0           
0            0            0             0            0            0           

Inertia
266.702      -100.066     -100.052      0.311333     0.170527     0.205448    
-100.066     266.775      -100.002      0.170527     0.349109     0.133249    
-100.052     -100.002     266.745       0.205448     0.133249     0.32344     

Bond Length
0.62386594    0.00082255725

BB bond length
0.62386594    0.00082255725

Water EE distance
0             0           

PEG EE distance
5.2748696     0.05794743  

BBB P2(x)
0.072888496   0.0059775963

BBB first bond length
0.62394909    0.00088294745

BBB second bond length
0.62396959    0.00090966438

BBB <phi**2>/<phi>**2
1.1177683     0.002338143 

Time = 25000
Temperature
1.0115546     0.0040489252

Pressure
23.010429     0.042870014 

CM Mom
-1.3813154e-16 1.0823735e-17 
8.2961147e-17  2.2922919e-17 
-1.6234952e-17 1.5236542e-17 
1.6390226e-16  1.5403398e-17 

CM Pos
9.9958095      0.0097377599  
10.000567      0.011716786   
10.000187      0.011387941   
17.318532      0.0089991388  

Stress
19.9765      0.00980531   0.0167268     0.0752685    0.0281989    0.0375163   
0.00980531   19.987       0.0164036     0.0281989    0.0910333    0.0326251   
0.0167268    0.0164036    19.9684       0.0375163    0.0326251    0.0528942   

Stress Spherical
0            0            0             0            0            0           
0            0            0             0            0            0           
0            0            0             0            0            0           

Inertia
266.687      -99.9679     -99.9331      0.239716     0.162541     0.1702      
-99.9679     266.59       -100.003      0.162541     0.38264      0.115281    
-99.9331     -100.003     266.602       0.1702       0.115281     0.300841    

Bond Length
0.62349248    0.00086904094

BB bond length
0.62349248    0.00086904094

Water EE distance
0             0           

PEG EE distance
5.3437721     0.040420301 

BBB P2(x)
0.074850567   0.0049920957

BBB first bond length
0.62361567    0.00088927947

BBB second bond length
0.6235819     0.00088631374

BBB <phi**2>/<phi>**2
1.1193807     0.0031260656

Time = 26000
Temperature
1.0105195     0.0036276659

Pressure
23.025145     0.062303289 

CM Mom
-1.4707403e-16 2.2941e-17    
1.1304722e-16  2.398753e-17  
-2.196385e-17  2.4148185e-17 
1.8952087e-16  2.5681154e-17 

CM Pos
9.9971435      0.0114102     
10.000483      0.01051319    
10.001604      0.012401596   
17.320071      0.012030908   

Stress
19.9969      0.0171629    -0.0223735    0.0929878    0.0626518    0.0370341   
0.0171629    20.0022      -0.00776141   0.0626518    0.0555873    0.0406021   
-0.0223735   -0.00776141  19.9862       0.0370341    0.0406021    0.0808159   

Stress Spherical
0            0            0             0            0            0           
0            0            0             0            0            0           
0            0            0             0            0            0           

Inertia
266.712      -100.036     -99.9464      0.307277     0.172237     0.196924    
-100.036     266.646      -100.019      0.172237     0.448152     0.141296    
-99.9464     -100.019     266.624       0.196924     0.141296     0.343763    

Bond Length
0.6237545     0.00092206526

BB bond length
0.6237545     0.00092206526

Water EE distance
0             0           

PEG EE distance
5.22164       0.09899621  

BBB P2(x)
0.075874759   0.0078078227

BBB first bond length
0.62398959    0.00090291174

BBB second bond length
0.62382512    0.00096151198

BBB <phi**2>/<phi>**2
1.1186302     0.0023159381

Time = 27000
Temperature
1.0077137     0.0060859907

Pressure
23.026294     0.063011338 

CM Mom
-1.3107758e-16 2.9048303e-17 
1.1425987e-16  1.378851e-17  
-2.1212512e-17 4.110906e-17  
1.810867e-16   2.4861828e-17 

CM Pos
10.003313      0.010019236   
10.004485      0.010452182   
9.9980189      0.010325046   
17.323874      0.0088794977  

Stress
19.9699      -0.00989172  0.0117439     0.0611496    0.0404148    0.0499287   
-0.00989172  20.0303      0.020997      0.0404148    0.0768178    0.0377926   
0.0117439    0.020997     20.0138       0.0499287    0.0377926    0.114277    

Stress Spherical
0            0            0             0            0            0           
0            0            0             0            0            0           
0            0            0             0            0            0           

Inertia
266.7        -100.08      -100.01       0.237908     0.131256     0.191356    
-100.08      266.673      -100.034      0.131256     0.389961     0.136904    
-100.01      -100.034     266.811       0.191356     0.136904     0.248936    

Bond Length
0.62341157    0.0011273082

BB bond length
0.62341157    0.0011273082

Water EE distance
0             0           

PEG EE distance
5.1416186     0.050227409 

BBB P2(x)
0.073213037   0.0042034919

BBB first bond length
0.62342271    0.0012544977

BBB second bond length
0.62359584    0.0010813999

BBB <phi**2>/<phi>**2
1.1173683     0.0024645249

Time = 28000
Temperature
1.0080795     0.0033727397

Pressure
23.009378     0.047062765 

CM Mom
-1.5242472e-16 1.619914e-17  
1.133436e-16   1.3484256e-17 
-6.0782865e-17 8.4306452e-18 
2.002593e-16   1.3643545e-17 

CM Pos
10.000645      0.010152942   
10.005069      0.011439405   
9.9992696      0.010447193   
17.323393      0.0098699026  

Stress
19.9575      -0.012314    -0.000593554  0.0676473    0.0543161    0.0456794   
-0.012314    20.0012      -0.0121101    0.0543161    0.0659328    0.0178399   
-0.000593554 -0.0121101   20.0013       0.0456794    0.0178399    0.0588454   

Stress Spherical
0            0            0             0            0            0           
