Time = 1000
Temperature
   1.1781271    0.27611397

Pressure
   23.846368     1.2158398

CM Mom
-1.2969385e-17 2.1939057e-17 
5.0894472e-17  3.8735326e-17 
2.7507034e-16  6.7064133e-16 
4.2255851e-16  5.9296542e-16 

CM Pos
7.4984144      0.035474041   
7.4982068      0.020830873   
7.4925483      0.015394583   
12.984175      0.027057655   

Stress
20.2709      -0.00693341  -0.00262843   0.447083     0.0964039    0.0712475   
-0.00693341  20.3737      -0.0105163    0.0964039    0.456868     0.0877094   
-0.00262843  -0.0105163   20.3155       0.0712475    0.0877094    0.38273     

Stress Spherical
0            0            0             0            0            0           
0            0            0             0            0            0           
0            0            0             0            0            0           

Inertia
150.051      -56.2017     -56.2013      1.69005      0.270058     0.355205    
-56.2017     150.033      -56.1989      0.270058     2.09737      0.202212    
-56.2013     -56.1989     150.137       0.355205     0.202212     1.8453      

Bond Length
0.61944899    0.010102633 

BB bond length
0.61944899    0.010102633 

Water EE distance
0             0           

PEG EE distance
7.1663284     0.10944223  

BBB P2(x)
0.47855412    0.060591937 

BBB first bond length
0.61931881    0.010246158 

BBB second bond length
0.61943096    0.010057095 

BBB <phi**2>/<phi>**2
1.2228758     0.012824571 

Time = 2000
Temperature
1.010035      0.006788517 

Pressure
23.008645     0.093947355 

CM Mom
3.2893462e-18  1.879911e-17  
3.9671282e-17  1.4900366e-17 
-7.2865942e-17 6.1900523e-17 
9.5304282e-17  4.7098533e-17 

CM Pos
7.4926234      0.01195377    
7.5031069      0.0087644157  
7.4946271      0.0061240123  
12.98482       0.012528673   

Stress
19.9653      -0.0310423   -0.00514437   0.190531     0.0911094    0.0785459   
-0.0310423   19.9654      -0.0222179    0.0911094    0.113442     0.0958383   
-0.00514437  -0.0222179   20.0256       0.0785459    0.0958383    0.113566    

Stress Spherical
0            0            0             0            0            0           
0            0            0             0            0            0           
0            0            0             0            0            0           

Inertia
149.851      -56.2343     -56.1483      0.292681     0.169039     0.16045     
-56.2343     149.703      -56.2427      0.169039     0.337645     0.113736    
-56.1483     -56.2427     149.823       0.16045      0.113736     0.433295    

Bond Length
0.6172756     0.0020630258

BB bond length
0.6172756     0.0020630258

Water EE distance
0             0           

PEG EE distance
7.0657415     0.14300178  

BBB P2(x)
0.51862076    0.0059771983

BBB first bond length
0.61724109    0.0021797066

BBB second bond length
0.61733607    0.0020267836

BBB <phi**2>/<phi>**2
1.2254224     0.004683713 

