Time = 1000
Temperature
   1.0381837    0.03805592

Pressure
    23.64071    0.16800099

CM Mom
-8.2112763e-17 1.3965327e-17 
-2.1751118e-17 2.3541755e-17 
-2.8057804e-17 3.7713571e-17 
9.8596942e-17  2.1285171e-17 

CM Pos
7.5038945      0.012551193   
7.505213       0.0213654     
7.4990199      0.014696309   
12.995099      0.013533269   

Stress
20.5055      0.0266101    -0.0277592    0.124769     0.101475     0.0714057   
0.0266101    20.5184      0.0399043     0.101475     0.0984215    0.0605481   
-0.0277592   0.0399043    20.5758       0.0714057    0.0605481    0.086988    

Stress Spherical
0            0            0             0            0            0           
0            0            0             0            0            0           
0            0            0             0            0            0           

Inertia
150.085      -56.32       -56.2709      0.525586     0.179549     0.194257    
-56.32       150.077      -56.2988      0.179549     0.416255     0.156372    
-56.2709     -56.2988     150.155       0.194257     0.156372     0.69031     

Bond Length
0.61803918    0.0051095471

BB bond length
0.61803918    0.0051095471

Water EE distance
0             0           

PEG EE distance
6.272774      0.25421738  

BBB P2(x)
0.48303994    0.040437346 

BBB first bond length
0.61759978    0.0050815087

BBB second bond length
0.61823727    0.0048409516

BBB <phi**2>/<phi>**2
1.2146738     0.0088583396

Time = 2000
Temperature
1.0108294     0.007453108 

Pressure
23.48082      0.091975742 

CM Mom
-8.2897321e-17 1.2187066e-17 
-2.1001728e-17 2.3150736e-17 
-9.9048555e-18 2.4344096e-17 
9.1514248e-17  1.7703196e-17 

CM Pos
7.4986975      0.01543106    
7.5016493      0.015839994   
7.5028805      0.013852984   
12.992263      0.014450484   

Stress
20.4511      0.0194261    0.012679      0.119683     0.0887798    0.0874909   
0.0194261    20.4529      -0.0115002    0.0887798    0.085148     0.0710837   
0.012679     -0.0115002   20.4616       0.0874909    0.0710837    0.148399    

Stress Spherical
0            0            0             0            0            0           
0            0            0             0            0            0           
0            0            0             0            0            0           

Inertia
150.015      -56.307      -56.2472      0.262148     0.24778      0.136606    
-56.307      149.967      -56.2874      0.24778      0.347937     0.16381     
-56.2472     -56.2874     149.945       0.136606     0.16381      0.508721    

Bond Length
0.61907545    0.0044444236

BB bond length
0.61907545    0.0044444236

Water EE distance
0             0           

PEG EE distance
6.3705451     0.20078967  

BBB P2(x)
0.52088868    0.019899742 

BBB first bond length
0.61889038    0.0043714453

BBB second bond length
0.61886325    0.0046215064

BBB <phi**2>/<phi>**2
1.2209869     0.010493427 

