Time = 1000
Temperature
   1.0258125   0.035505086

Pressure
   23.597068    0.16371432

CM Mom
2.7512274e-17  1.7462433e-17 
2.3962827e-17  1.380707e-17  
-3.1367429e-17 2.0424403e-17 
5.2456963e-17  2.1818638e-17 

CM Pos
7.4977113      0.010217075   
7.5004096      0.021160149   
7.5033291      0.018875877   
12.991235      0.022363676   

Stress
20.5371      0.0165108    0.00894791    0.148084     0.0676466    0.0471833   
0.0165108    20.5041      0.024585      0.0676466    0.124432     0.0724896   
0.00894791   0.024585     20.5441       0.0471833    0.0724896    0.143878    

Stress Spherical
0            0            0             0            0            0           
0            0            0             0            0            0           
0            0            0             0            0            0           

Inertia
150.047      -56.244      -56.2416      0.367227     0.213291     0.150439    
-56.244      149.988      -56.2725      0.213291     0.307515     0.244824    
-56.2416     -56.2725     149.968       0.150439     0.244824     0.337003    

Bond Length
0.61714224    0.0067770691

BB bond length
0.61714224    0.0067770691

Water EE distance
0             0           

PEG EE distance
7.1192407     0.29021363  

BBB P2(x)
0.4699376     0.051417397 

BBB first bond length
0.61644939    0.0068109482

BBB second bond length
0.61704032    0.0069719088

BBB <phi**2>/<phi>**2
1.216748      0.028572413 

Time = 2000
Temperature
1.0054309     0.0072859224

Pressure
23.514436     0.085069493 

CM Mom
6.9194436e-17  1.8898712e-17 
7.8623386e-18  6.529433e-18  
-2.1831674e-17 2.8085494e-17 
7.8785452e-17  1.7542822e-17 

CM Pos
7.5043971      0.01116183    
7.5032325      0.0201453     
7.4993176      0.012676741   
12.994404      0.019566291   

Stress
20.4857      -0.0162789   -0.0118534    0.109967     0.0841252    0.0848129   
-0.0162789   20.5394      -0.0357073    0.0841252    0.113687     0.0918336   
-0.0118534   -0.0357073   20.4952       0.0848129    0.0918336    0.106276    

Stress Spherical
0            0            0             0            0            0           
0            0            0             0            0            0           
0            0            0             0            0            0           

Inertia
150.027      -56.3295     -56.3089      0.417183     0.236933     0.0933609   
-56.3295     150.025      -56.2805      0.236933     0.265141     0.199162    
-56.3089     -56.2805     150.094       0.0933609    0.199162     0.386242    

Bond Length
0.62043984    0.0059504289

BB bond length
0.62043984    0.0059504289

Water EE distance
0             0           

PEG EE distance
7.8896111     0.21819973  

BBB P2(x)
0.51938892    0.035219368 

BBB first bond length
0.62073091    0.0062006242

BBB second bond length
0.62043533    0.0065208707

BBB <phi**2>/<phi>**2
1.2232604     0.017568459 

Time = 3000
Temperature
1.0137533     0.0049043195

Pressure
23.548975     0.12518413  

CM Mom
1.0167047e-16  1.1491507e-17 
3.0702131e-17  2.9221458e-17 
5.9289329e-17  1.0269519e-17 
1.2501019e-16  1.6080819e-17 

CM Pos
7.4966713      0.019719485   
7.5020439      0.0052759353  
7.498129       0.021103741   
12.988585      0.014669422   

Stress
20.5238      0.00100026   -0.0157826    0.150124     0.0459655    0.0598683   
0.00100026   20.4999      0.0127551     0.0459655    0.12511      0.062063    
-0.0157826   0.0127551    20.5255       0.0598683    0.062063     0.155516    

Stress Spherical
0            0            0             0            0            0           
0            0            0             0            0            0           
0            0            0             0            0            0           

Inertia
150.012      -56.2481     -56.2271      0.348417     0.180554     0.234069    
-56.2481     149.892      -56.2526      0.180554     0.343138     0.211728    
-56.2271     -56.2526     149.979       0.234069     0.211728     0.254008    

Bond Length
0.62387364    0.0056595918

BB bond length
0.62387364    0.0056595918

Water EE distance
0             0           

PEG EE distance
7.9392687     0.20889811  

BBB P2(x)
0.52168915    0.03017456  

BBB first bond length
0.62378713    0.0055178785

BBB second bond length
0.62376519    0.0056341367

BBB <phi**2>/<phi>**2
1.2202896     0.018156951 

Time = 4000
Temperature
1.0128721     0.0083016151

Pressure
23.525186     0.10561086  

CM Mom
9.3997132e-17  1.7522624e-17 
2.0302863e-17  1.862613e-17  
5.4487087e-17  1.8409385e-17 
1.1321318e-16  1.980318e-17  

CM Pos
7.5017228      0.011512304   
7.4968438      0.0084517409  
7.5000604      0.011759868   
12.989599      0.0094452191  

Stress
20.5164      0.036233     -0.00115444   0.117848     0.0637608    0.0771134   
0.036233     20.4743      0.0164254     0.0637608    0.109462     0.0598907   
-0.00115444  0.0164254    20.4951       0.0771134    0.0598907    0.120363    

Stress Spherical
0            0            0             0            0            0           
0            0            0             0            0            0           
0            0            0             0            0            0           

Inertia
149.945      -56.2484     -56.2853      0.238711     0.111893     0.135999    
-56.2484     150.027      -56.2189      0.111893     0.241807     0.0982269   
-56.2853     -56.2189     149.973       0.135999     0.0982269    0.151759    

Bond Length
0.62079935    0.0048105905

BB bond length
0.62079935    0.0048105905

Water EE distance
0             0           

PEG EE distance
8.0128357     0.36047305  

BBB P2(x)
0.52057712    0.023345514 

BBB first bond length
0.62053445    0.0048583881

BBB second bond length
0.62136751    0.0051485219

BBB <phi**2>/<phi>**2
1.2157894     0.016344735 

Time = 5000
Temperature
1.0073098     0.0069320241

Pressure
23.505256     0.089797672 

CM Mom
7.390733e-17   1.4206075e-17 
1.1845605e-17  1.4489838e-17 
4.5292778e-17  1.0402734e-17 
8.942669e-17   1.3300359e-17 

CM Pos
7.5024657      0.011127168   
7.5073926      0.015440946   
7.5034776      0.0102462     
12.998096      0.0082354719  

Stress
20.4878      0.0158055    -0.0051301    0.0962868    0.0991142    0.0836684   
0.0158055    20.5082      -0.0112054    0.0991142    0.110035     0.0497667   
-0.0051301   -0.0112054   20.4799       0.0836684    0.0497667    0.135936    

Stress Spherical
0            0            0             0            0            0           
0            0            0             0            0            0           
0            0            0             0            0            0           

Inertia
150.161      -56.3402     -56.3323      0.220415     0.0730913    0.200071    
-56.3402     150.071      -56.3564      0.0730913    0.248586     0.127784    
-56.3323     -56.3564     150.135       0.200071     0.127784     0.269864    

Bond Length
0.62052223    0.0057208929

BB bond length
0.62052223    0.0057208929

Water EE distance
0             0           

PEG EE distance
8.014787      0.44959529  

BBB P2(x)
0.50913698    0.016040259 

BBB first bond length
0.62120526    0.0056648763

BBB second bond length
0.62073122    0.0056924724

BBB <phi**2>/<phi>**2
1.2249259     0.018261532 

Time = 6000
Temperature
1.0071218     0.0051254244

Pressure
23.535494     0.092222398 

CM Mom
6.439343e-17   1.0297377e-17 
1.5787083e-17  2.6631546e-17 
6.6345063e-17  1.7392414e-17 
9.8235289e-17  1.6279206e-17 

CM Pos
7.4926598      0.021003612   
7.4999639      0.017454089   
7.5016947      0.022758464   
12.987119      0.028743833   

Stress
20.5444      0.0023608    0.0335242     0.195204     0.0522254    0.0508769   
0.0023608    20.5398      -0.00464826   0.0522254    0.0738063    0.0576976   
0.0335242    -0.00464826  20.4841       0.0508769    0.0576976    0.111463    

Stress Spherical
0            0            0             0            0            0           
0            0            0             0            0            0           
0            0            0             0            0            0           

Inertia
150.028      -56.1822     -56.1829      0.506019     0.319555     0.293705    
-56.1822     149.909      -56.2985      0.319555     0.538447     0.246779    
-56.1829     -56.2985     149.889       0.293705     0.246779     0.498185    

Bond Length
0.61776803    0.0072859074

BB bond length
0.61776803    0.0072859074

Water EE distance
0             0           

PEG EE distance
7.5918629     0.35741854  

BBB P2(x)
0.50540325    0.026230757 

BBB first bond length
0.61787701    0.0074291268

BBB second bond length
0.61780246    0.0076599324

BBB <phi**2>/<phi>**2
1.2358455     0.014674309 

Time = 7000
Temperature
1.0108818     0.0036802169

Pressure
23.570344     0.092357126 

CM Mom
5.6506899e-17  1.2907707e-17 
-8.3508653e-18 1.221764e-17  
7.7860493e-17  4.8843357e-17 
1.0335314e-16  3.6670201e-17 

CM Pos
7.4993456      0.0061617793  
7.4926838      0.01183378    
7.4994661      0.015911264   
12.985485      0.0093550027  

Stress
20.5805      0.0349201    0.0381695     0.0692527    0.0739096    0.0796364   
0.0349201    20.5487      -0.00674035   0.0739096    0.138059     0.0779981   
0.0381695    -0.00674035  20.51         0.0796364    0.0779981    0.0936637   

Stress Spherical
0            0            0             0            0            0           
0            0            0             0            0            0           
0            0            0             0            0            0           

Inertia
149.88       -56.1972     -56.2176      0.272844     0.121595     0.130932    
-56.1972     149.967      -56.1792      0.121595     0.276151     0.125488    
-56.2176     -56.1792     149.88        0.130932     0.125488     0.17402     

Bond Length
0.61640042    0.0064026156

BB bond length
0.61640042    0.0064026156

Water EE distance
0             0           

PEG EE distance
7.4430921     0.48510989  

BBB P2(x)
0.52973515    0.027101087 

BBB first bond length
0.61688066    0.0071250991

BBB second bond length
0.61662591    0.0062402289

BBB <phi**2>/<phi>**2
1.2292576     0.016877745 

Time = 8000
Temperature
1.0106992     0.0079010681

Pressure
23.505845     0.09230746  

CM Mom
3.1685095e-17  1.0315271e-17 
-1.1289174e-17 1.0783452e-17 
9.7455102e-17  1.910678e-17  
1.0436289e-16  1.8028646e-17 

CM Pos
7.4968199      0.01649168    
7.495061       0.0094901264  
7.5058548      0.0087696243  
12.989084      0.015622087   

Stress
20.4727      -0.0161134   0.0103734     0.163132     0.0657631    0.0530824   
-0.0161134   20.4897      -0.0254227    0.0657631    0.141071     0.0544607   
0.0103734    -0.0254227   20.4849       0.0530824    0.0544607    0.103648    

Stress Spherical
0            0            0             0            0            0           
0            0            0             0            0            0           
0            0            0             0            0            0           

Inertia
150.031      -56.1968     -56.2789      0.24178      0.186952     0.16918     
-56.1968     150.044      -56.2769      0.186952     0.316066     0.133839    
-56.2789     -56.2769     149.88        0.16918      0.133839     0.36089     

Bond Length
0.62136157    0.0030896211

BB bond length
0.62136157    0.0030896211

Water EE distance
0             0           

PEG EE distance
7.2285721     0.19666683  

BBB P2(x)
0.50629328    0.036056576 

BBB first bond length
0.62146986    0.003235164 

BBB second bond length
0.62178235    0.003736375 

BBB <phi**2>/<phi>**2
1.2230022     0.02770894  

Time = 9000
Temperature
1.0118791     0.0061783339

Pressure
23.505234     0.088681781 

CM Mom
5.7094808e-17  2.6110301e-17 
-5.1953044e-17 1.808203e-17  
1.3248463e-16  2.7530399e-17 
1.5739845e-16  2.2438124e-17 

CM Pos
7.5075172      0.014223555   
7.4974381      0.011740142   
7.4984261      0.015810363   
12.992353      0.011494155   

Stress
20.4763      0.0349088    0.0466341     0.101978     0.0768305    0.0592034   
0.0349088    20.4819      -0.0245317    0.0768305    0.0977793    0.0466526   
0.0466341    -0.0245317   20.4768       0.0592034    0.0466526    0.147551    

Stress Spherical
0            0            0             0            0            0           
0            0            0             0            0            0           
0            0            0             0            0            0           

Inertia
149.939      -56.3019     -56.3164      0.265734     0.168014     0.16563     
-56.3019     150.093      -56.2273      0.168014     0.259798     0.157024    
-56.3164     -56.2273     150.073       0.16563      0.157024     0.383428    

Bond Length
0.62098004    0.0049818121

BB bond length
0.62098004    0.0049818121

Water EE distance
0             0           

PEG EE distance
7.0737881     0.38407184  

BBB P2(x)
0.52507975    0.022158614 

BBB first bond length
0.62041848    0.0055545867

BBB second bond length
0.62093778    0.0055132585

BBB <phi**2>/<phi>**2
1.225532      0.017052707 

Time = 10000
Temperature
1.0107961     0.008201196 

Pressure
23.510318     0.084694923 

CM Mom
7.3361483e-17  1.9106846e-17 
-7.8838096e-17 1.625895e-17  
1.5493307e-16  2.0766378e-17 
1.9029621e-16  2.1204447e-17 

CM Pos
7.4953342      0.015050009   
7.5018953      0.014575375   
7.5051119      0.023259732   
12.991765      0.014319754   

Stress
20.4593      0.025678     -0.00833811   0.140472     0.0758216    0.0782738   
0.025678     20.483       0.039786      0.0758216    0.116021     0.0764685   
-0.00833811  0.039786     20.5176       0.0782738    0.0764685    0.0824236   

Stress Spherical
0            0            0             0            0            0           
0            0            0             0            0            0           
0            0            0             0            0            0           

Inertia
150.112      -56.2661     -56.2569      0.483662     0.12894      0.22785     
-56.2661     150.001      -56.2799      0.12894      0.299997     0.242953    
-56.2569     -56.2799     149.979       0.22785      0.242953     0.229579    

Bond Length
0.62383049    0.0034438708

BB bond length
0.62383049    0.0034438708

Water EE distance
0             0           

PEG EE distance
8.1737773     0.34887207  

BBB P2(x)
0.51774197    0.025730716 

BBB first bond length
0.62392323    0.0033808621

BBB second bond length
0.62356652    0.0032382874

BBB <phi**2>/<phi>**2
1.2124297     0.029770372 

Time = 11000
Temperature
1.0070524     0.0056955066

Pressure
23.509403     0.054433675 

CM Mom
3.1551761e-17  1.1091005e-17 
-8.0967875e-17 7.9070619e-18 
2.0023637e-16  1.422478e-17  
2.1871282e-16  1.408869e-17  

CM Pos
7.4993456      0.013617004   
7.508284       0.0083637884  
7.5008033      0.0086377428  
12.995259      0.011866876   

Stress
20.4993      -0.0133051   -0.0292806    0.0998189    0.0653205    0.0501112   
-0.0133051   20.4788      0.00102781    0.0653205    0.0973647    0.0499271   
-0.0292806   0.00102781   20.5126       0.0501112    0.0499271    0.0837186   

Stress Spherical
0            0            0             0            0            0           
0            0            0             0            0            0           
0            0            0             0            0            0           

Inertia
150.142      -56.3566     -56.3005      0.199262     0.125638     0.138471    
-56.3566     149.994      -56.3408      0.125638     0.279465     0.165321    
-56.3005     -56.3408     150.11        0.138471     0.165321     0.266783    

Bond Length
0.61938444    0.0037688558

BB bond length
0.61938444    0.0037688558

Water EE distance
0             0           

PEG EE distance
7.7345887     0.20628329  

BBB P2(x)
0.4867263     0.024712919 

BBB first bond length
0.61937045    0.0040934633

BBB second bond length
0.6195589     0.0039113719

BBB <phi**2>/<phi>**2
1.2124471     0.020440875 

Time = 12000
Temperature
1.0085193     0.0052518975

Pressure
23.53943      0.064568322 

CM Mom
4.2810556e-17  1.533264e-17  
-8.6045583e-17 1.4647565e-17 
1.6685648e-16  1.2718833e-17 
1.9342609e-16  1.6596056e-17 

CM Pos
7.5002371      0.013175396   
7.5007068      0.009578107   
7.4948604      0.0094668378  
12.987965      0.014481218   

Stress
20.4917      -0.0457549   0.0495323     0.122952     0.0791291    0.0729086   
-0.0457549   20.5263      0.0204483     0.0791291    0.0913049    0.0757609   
0.0495323    0.0204483    20.5497       0.0729086    0.0757609    0.105748    

Stress Spherical
0            0            0             0            0            0           
0            0            0             0            0            0           
0            0            0             0            0            0           

Inertia
149.954      -56.2743     -56.219       0.247859     0.182729     0.173119    
-56.2743     149.954      -56.2407      0.182729     0.306398     0.147351    
-56.219      -56.2407     150.012       0.173119     0.147351     0.267755    

Bond Length
0.62166624    0.0046508591

BB bond length
0.62166624    0.0046508591

Water EE distance
0             0           

PEG EE distance
8.5923377     0.46669155  

BBB P2(x)
0.51387989    0.024418435 

BBB first bond length
0.62235606    0.0048194591

BBB second bond length
0.62203882    0.0044641146

BBB <phi**2>/<phi>**2
1.2187957     0.020669384 

Time = 13000
Temperature
1.015488      0.0083782569

Pressure
23.556236     0.079488636 

CM Mom
3.8314708e-17  1.8545624e-17 
-1.0156022e-16 2.090029e-17  
1.4562014e-16  2.3159307e-17 
1.8399819e-16  2.1201487e-17 

CM Pos
7.5079629      0.015206864   
7.4889694      0.0080408434  
7.491146       0.010760059   
12.983519      0.0097153375  

Stress
20.4918      0.012652     0.0138691     0.0786681    0.072938     0.0478531   
0.012652     20.531       -0.00101592   0.072938     0.0472693    0.0689488   
0.0138691    -0.00101592  20.5327       0.0478531    0.0689488    0.12536     

Stress Spherical
0            0            0             0            0            0           
0            0            0             0            0            0           
0            0            0             0            0            0           

Inertia
149.708      -56.188      -56.2695      0.117443     0.157111     0.165136    
-56.188      149.989      -56.0527      0.157111     0.252155     0.0821718   
-56.2695     -56.0527     149.955       0.165136     0.0821718    0.267237    

Bond Length
0.61933839    0.0055515291

BB bond length
0.61933839    0.0055515291

Water EE distance
0             0           

PEG EE distance
8.048968      0.39800837  

BBB P2(x)
0.51794155    0.024248306 

BBB first bond length
0.61870497    0.005767183 

BBB second bond length
0.61897656    0.0058814717

BBB <phi**2>/<phi>**2
1.2339521     0.014732931 

Time = 14000
Temperature
1.0094252     0.008568981 

Pressure
23.515926     0.089475096 

CM Mom
3.6979301e-17  1.4772212e-17 
-8.1812143e-17 1.7771424e-17 
1.6752477e-16  1.2975e-17    
1.9147101e-16  1.2903014e-17 

CM Pos
7.4965227      0.0098204851  
7.5011525      0.014148865   
7.5021405      0.016008083   
12.990288      0.014896631   

Stress
20.5199      0.017522     -0.0272393    0.12259      0.0884339    0.103188    
0.017522     20.5141      0.0305653     0.0884339    0.102562     0.0687417   
-0.0272393   0.0305653    20.455        0.103188     0.0687417    0.101159    

Stress Spherical
0            0            0             0            0            0           
0            0            0             0            0            0           
0            0            0             0            0            0           

Inertia
150.058      -56.2105     -56.2092      0.310991     0.155179     0.21004     
-56.2105     149.992      -56.2943      0.155179     0.292878     0.156054    
-56.2092     -56.2943     149.953       0.21004      0.156054     0.301929    

Bond Length
0.61996961    0.0063981748

BB bond length
0.61996961    0.0063981748

Water EE distance
0             0           

PEG EE distance
7.4952035     0.42663764  

BBB P2(x)
0.50935577    0.031444312 

BBB first bond length
0.61975949    0.0061751595

BBB second bond length
0.61924773    0.0059974849

BBB <phi**2>/<phi>**2
1.2285171     0.020986441 

Time = 15000
Temperature
1.0137662     0.0084041914

Pressure
23.552127     0.097507197 

CM Mom
3.6929404e-17  1.9260862e-17 
-4.7522626e-17 1.6569006e-17 
1.919987e-16   9.0218655e-18 
2.0273887e-16  1.0466038e-17 

CM Pos
7.5023171      0.012341458   
7.4955067      0.016927624   
7.5031805      0.0082775683  
12.990975      0.013513873   

Stress
20.4941      -0.020945    0.00813918    0.149365     0.0401794    0.0674537   
-0.020945    20.541       -0.0473494    0.0401794    0.0863271    0.0528258   
0.00813918   -0.0473494   20.5235       0.0674537    0.0528258    0.104558    

Stress Spherical
0            0            0             0            0            0           
0            0            0             0            0            0           
0            0            0             0            0            0           

Inertia
149.983      -56.2615     -56.2562      0.258703     0.176524     0.10457     
-56.2615     150.096      -56.2065      0.176524     0.169704     0.133038    
-56.2562     -56.2065     149.96        0.10457      0.133038     0.434465    

Bond Length
0.62246794    0.0044868626

BB bond length
0.62246794    0.0044868626

Water EE distance
0             0           

PEG EE distance
8.1617027     0.37918661  

BBB P2(x)
0.49137565    0.031769633 

BBB first bond length
0.62212723    0.0042166445

BBB second bond length
0.62182888    0.0044945757

BBB <phi**2>/<phi>**2
1.2283387     0.013696094 

Time = 16000
Temperature
1.0061        0.0063894124

Pressure
23.555886     0.065444729 

CM Mom
4.1021674e-17  2.4749516e-17 
-2.0173102e-17 1.5991383e-17 
1.8111407e-16  2.0312435e-17 
1.894034e-16   1.7298693e-17 

CM Pos
7.4969685      0.011279865   
7.5035297      0.017928234   
7.497089       0.01360484    
12.989007      0.012986441   

Stress
20.5724      0.023442     0.0224978     0.103277     0.0583663    0.0687177   
0.023442     20.5138      0.0209308     0.0583663    0.109793     0.0818495   
0.0224978    0.0209308    20.5525       0.0687177    0.0818495    0.0895628   

Stress Spherical
0            0            0             0            0            0           
0            0            0             0            0            0           
0            0            0             0            0            0           

Inertia
150.007      -56.2425     -56.18        0.303747     0.162674     0.172974    
-56.2425     149.911      -56.2464      0.162674     0.270711     0.136843    
-56.18       -56.2464     150           0.172974     0.136843     0.278053    

Bond Length
0.6209897     0.0051482705

BB bond length
0.6209897     0.0051482705

Water EE distance
0             0           

PEG EE distance
8.4218263     0.2340845   

BBB P2(x)
0.50527802    0.032314183 

BBB first bond length
0.62094773    0.005270254 

BBB second bond length
0.62108084    0.0053727289

BBB <phi**2>/<phi>**2
1.2188899     0.020737255 

Time = 17000
Temperature
1.010898      0.0051808052

Pressure
23.517147     0.085751454 

CM Mom
7.2872682e-17  1.7169307e-17 
-2.3643099e-17 2.4416174e-17 
1.6936839e-16  2.2262912e-17 
1.8836214e-16  2.1479134e-17 

CM Pos
7.5002371      0.017942388   
7.496101       0.013055055   
7.4978318      0.020054697   
12.987046      0.010534124   

Stress
20.4721      -9.9224e-05  0.00601165    0.0922722    0.0400299    0.0686907   
-9.9224e-05  20.5058      0.0427248     0.0400299    0.111286     0.0944285   
0.00601165   0.0427248    20.5016       0.0686907    0.0944285    0.0786583   

Stress Spherical
0            0            0             0            0            0           
0            0            0             0            0            0           
0            0            0             0            0            0           

Inertia
149.925      -56.2245     -56.2607      0.272278     0.200904     0.169892    
-56.2245     149.997      -56.2016      0.200904     0.352992     0.146915    
-56.2607     -56.2016     149.952       0.169892     0.146915     0.333089    

Bond Length
0.61917614    0.0050240569

BB bond length
0.61917614    0.0050240569

Water EE distance
0             0           

PEG EE distance
7.9989979     0.49997247  

BBB P2(x)
0.51224863    0.025230582 

BBB first bond length
0.61921955    0.0047788909

BBB second bond length
0.61950879    0.0052622445

BBB <phi**2>/<phi>**2
1.2098832     0.016450375 

Time = 18000
Temperature
1.0119883     0.0087905158

Pressure
23.533453     0.061317425 

CM Mom
5.9870228e-17  2.3288656e-17 
-3.5312482e-17 1.6825885e-17 
1.2805998e-16  2.2631127e-17 
1.481083e-16   2.5146502e-17 

CM Pos
7.5018714      0.010186783   
7.5041239      0.011574453   
7.5077863      0.024575813   
12.998367      0.010664409   

Stress
20.4729      -0.0152404   0.0131587     0.0884189    0.0649198    0.0566417   
-0.0152404   20.5392      -0.0153839    0.0649198    0.0818588    0.0860406   
0.0131587    -0.0153839   20.5064       0.0566417    0.0860406    0.0987473   

Stress Spherical
0            0            0             0            0            0           
0            0            0             0            0            0           
0            0            0             0            0            0           

Inertia
150.17       -56.3081     -56.3377      0.312607     0.0955543    0.19216     
-56.3081     150.152      -56.3053      0.0955543    0.405562     0.172638    
-56.3377     -56.3053     150.071       0.19216      0.172638     0.236591    

Bond Length
0.62123011    0.0041903046

BB bond length
0.62123011    0.0041903046

Water EE distance
0             0           

PEG EE distance
8.0880672     0.37004197  

BBB P2(x)
0.52347055    0.03026589  

BBB first bond length
0.62168461    0.0043863602

BBB second bond length
0.62125964    0.0041125948

BBB <phi**2>/<phi>**2
1.2260057     0.01785053  

Time = 19000
Temperature
1.0138338     0.0081702701

Pressure
23.545673     0.12197665  

CM Mom
4.754187e-17   2.4076682e-17 
-4.1377141e-17 1.6487725e-17 
9.6168011e-17  1.5102157e-17 
1.1765061e-16  2.1413207e-17 

CM Pos
7.5012771      0.01264274    
7.5021925      0.010332016   
7.5064491      0.017118888   
12.996119      0.016559382   

Stress
20.5371      -0.0196485   -0.0306393    0.132711     0.0560462    0.0656838   
-0.0196485   20.5404      -0.0120407    0.0560462    0.103258     0.0469654   
-0.0306393   -0.0120407   20.4612       0.0656838    0.0469654    0.140234    

Stress Spherical
0            0            0             0            0            0           
0            0            0             0            0            0           
0            0            0             0            0            0           

Inertia
150.12       -56.2962     -56.3074      0.365974     0.153983     0.220237    
-56.2962     150.106      -56.3319      0.153983     0.417803     0.188142    
-56.3074     -56.3319     150.051       0.220237     0.188142     0.306723    

Bond Length
0.61722046    0.0056365884

BB bond length
0.61722046    0.0056365884

Water EE distance
0             0           

PEG EE distance
7.1849918     0.62613645  

BBB P2(x)
0.50473523    0.036411492 

BBB first bond length
0.61700483    0.0053626555

BBB second bond length
0.61720712    0.0057681998

BBB <phi**2>/<phi>**2
1.222004      0.015520426 

Time = 20000
Temperature
1.0145355     0.0047693092

Pressure
23.548793     0.11339946  

CM Mom
3.2062968e-17  1.0195262e-17 
-2.3954854e-17 1.7779011e-17 
8.525946e-17   2.570368e-17  
9.7749355e-17  1.9920434e-17 

CM Pos
7.4931055      0.010480502   
7.4974381      0.012680223   
7.4964947      0.018798536   
12.982918      0.0099764854  

Stress
20.5408      -0.0148286   -0.0220077    0.134498     0.0778496    0.0819472   
-0.0148286   20.4604      0.0334593     0.0778496    0.151129     0.0515396   
-0.0220077   0.0334593    20.5405       0.0819472    0.0515396    0.112897    

Stress Spherical
0            0            0             0            0            0           
0            0            0             0            0            0           
0            0            0             0            0            0           

Inertia
149.903      -56.1725     -56.1978      0.319339     0.0916789    0.129046    
-56.1725     149.854      -56.2165      0.0916789    0.178329     0.177203    
-56.1978     -56.2165     149.851       0.129046     0.177203     0.259817    

Bond Length
0.61933498    0.0048529826

BB bond length
0.61933498    0.0048529826

Water EE distance
0             0           

PEG EE distance
6.9884419     0.41649272  

BBB P2(x)
0.48923743    0.030602967 

BBB first bond length
0.61931726    0.0048403028

BBB second bond length
0.62018292    0.0041520714

BBB <phi**2>/<phi>**2
1.2183789     0.020276851 

Time = 21000
Temperature
1.01054       0.0101473   

Pressure
23.485545     0.093209591 

CM Mom
3.4781893e-17  3.3463388e-17 
-2.5522703e-17 1.8072176e-17 
6.6830566e-17  2.6920489e-17 
8.8841996e-17  2.4611529e-17 

CM Pos
7.4997914      0.012970237   
7.4966953      0.010947169   
7.498129       0.0096926544  
12.987283      0.010775275   

Stress
20.4836      0.00414819   0.0357861     0.117361     0.0710934    0.0806386   
0.00414819   20.506       -0.0229034    0.0710934    0.111865     0.057927    
0.0357861    -0.0229034   20.3982       0.0806386    0.057927     0.129283    

Stress Spherical
0            0            0             0            0            0           
0            0            0             0            0            0           
0            0            0             0            0            0           

Inertia
149.928      -56.2279     -56.2116      0.254359     0.0972535    0.10014     
-56.2279     149.971      -56.2019      0.0972535    0.219949     0.137973    
-56.2116     -56.2019     149.941       0.10014      0.137973     0.254464    

Bond Length
0.61829353    0.0066055506

BB bond length
0.61829353    0.0066055506

Water EE distance
0             0           

PEG EE distance
6.4326365     0.2295931   

BBB P2(x)
0.49597689    0.029586483 

BBB first bond length
0.61862269    0.0070519449

BBB second bond length
0.6182858     0.0066612772

BBB <phi**2>/<phi>**2
1.2280425     0.022512809 

Time = 22000
Temperature
1.0063888     0.0067904406

Pressure
23.542692     0.038549805 

CM Mom
7.299227e-17   2.513237e-17  
-1.1362301e-17 1.2900534e-17 
9.4489096e-17  1.7057702e-17 
1.2303175e-16  1.8367793e-17 

CM Pos
7.4983056      0.015724264   
7.4895637      0.010077853   
7.4956032      0.01853602    
12.980852      0.01992711    

Stress
20.5068      -0.00169849  0.0149403     0.0672134    0.0506264    0.046682    
-0.00169849  20.5587      -0.00532643   0.0506264    0.0997547    0.0594369   
0.0149403    -0.00532643  20.531        0.046682     0.0594369    0.0972515   

Stress Spherical
0            0            0             0            0            0           
0            0            0             0            0            0           
0            0            0             0            0            0           

Inertia
149.759      -56.1801     -56.1789      0.386326     0.15766      0.213532    
-56.1801     149.891      -56.1167      0.15766      0.390996     0.212806    
-56.1789     -56.1167     149.792       0.213532     0.212806     0.283494    

Bond Length
0.61910799    0.0057205791

BB bond length
0.61910799    0.0057205791

Water EE distance
0             0           

PEG EE distance
7.2548423     0.24668171  

BBB P2(x)
0.5157209     0.030290939 

BBB first bond length
0.6192716     0.0056306779

BBB second bond length
0.61854195    0.0055659939

BBB <phi**2>/<phi>**2
1.2290526     0.028395492 

Time = 23000
Temperature
1.0068352     0.0055691308

Pressure
23.554358     0.079690913 

CM Mom
7.3009521e-17  2.167951e-17  
1.2525198e-18  1.856057e-17  
1.0991968e-16  1.3632789e-17 
1.3440425e-16  1.8712045e-17 

CM Pos
7.4980085      0.013608085   
7.4987753      0.010531978   
7.4999119      0.013325329   
12.988488      0.0090134278  

Stress
20.5588      0.0233031    0.0243658     0.0891238    0.0967489    0.0780869   
0.0233031    20.5244      0.0392131     0.0967489    0.123904     0.0596518   
0.0243658    0.0392131    20.5443       0.0780869    0.0596518    0.12107     

Stress Spherical
0            0            0             0            0            0           
0            0            0             0            0            0           
0            0            0             0            0            0           

Inertia
149.978      -56.2051     -56.228       0.204497     0.14784      0.11202     
-56.2051     149.964      -56.2032      0.14784      0.198729     0.134813    
-56.228      -56.2032     149.948       0.11202      0.134813     0.323604    

Bond Length
0.61960624    0.0064516971

BB bond length
0.61960624    0.0064516971

Water EE distance
0             0           

PEG EE distance
6.4616885     0.32282934  

BBB P2(x)
0.52915888    0.028553647 

BBB first bond length
0.61963905    0.0063815935

BBB second bond length
0.61952204    0.0063314663

BBB <phi**2>/<phi>**2
1.2287162     0.012362531 

Time = 24000
Temperature
1.0150567     0.013032393 

Pressure
23.55117      0.078141485 

CM Mom
6.7070808e-17  3.7106149e-17 
2.3158696e-17  1.8391511e-17 
1.2589859e-16  2.0737807e-17 
1.5047212e-16  1.9712578e-17 

CM Pos
7.5011285      0.01215765    
7.5026382      0.010324535   
7.501249       0.021448711   
12.993301      0.010133405   

Stress
20.5124      0.00633831   0.00209232    0.0920065    0.0798112    0.0375607   
0.00633831   20.5418      -0.0312156    0.0798112    0.0873885    0.0390109   
0.00209232   -0.0312156   20.49         0.0375607    0.0390109    0.0869344   

Stress Spherical
0            0            0             0            0            0           
0            0            0             0            0            0           
0            0            0             0            0            0           

Inertia
150.058      -56.2715     -56.2595      0.244528     0.14554      0.142604    
-56.2715     150.029      -56.2547      0.14554      0.285059     0.152364    
-56.2595     -56.2547     150.054       0.142604     0.152364     0.285167    

Bond Length
0.62004565    0.0062422045

BB bond length
0.62004565    0.0062422045

Water EE distance
0             0           

PEG EE distance
6.7538156     0.26481041  

BBB P2(x)
0.51560308    0.018188035 

BBB first bond length
0.62006938    0.0062531383

BBB second bond length
0.62019298    0.0059332546

BBB <phi**2>/<phi>**2
1.2277331     0.019141754 

Time = 25000
Temperature
1.0066114     0.0062629107

Pressure
23.490469     0.087590399 

CM Mom
1.1016264e-16  1.9416841e-17 
2.4642421e-17  1.2515816e-17 
8.3010505e-17  2.0593642e-17 
1.4205443e-16  2.0300151e-17 

CM Pos
7.5054372      0.009752819   
7.4913466      0.0097256207  
7.4978318      0.012571828   
12.987287      0.0081373985  

Stress
20.471       0.0264325    -0.0437311    0.100914     0.0672058    0.0745749   
0.0264325    20.4825      -0.0147022    0.0672058    0.0815246    0.0584801   
-0.0437311   -0.0147022   20.4843       0.0745749    0.0584801    0.116305    

Stress Spherical
0            0            0             0            0            0           
0            0            0             0            0            0           
0            0            0             0            0            0           

Inertia
149.84       -56.1821     -56.2857      0.220585     0.140351     0.109929    
-56.1821     150.052      -56.1657      0.140351     0.15704      0.114169    
-56.2857     -56.1657     149.963       0.109929     0.114169     0.245502    

Bond Length
0.62007102    0.0046768605

BB bond length
0.62007102    0.0046768605

Water EE distance
0             0           

PEG EE distance
7.1708576     0.26549574  

BBB P2(x)
0.51728627    0.019953089 

BBB first bond length
0.62051243    0.0050332402

BBB second bond length
0.62117687    0.005458681 

BBB <phi**2>/<phi>**2
1.2203495     0.011265655 

Time = 26000
Temperature
1.0090419     0.0097615986

Pressure
23.563909     0.054084405 

CM Mom
1.0979178e-16  1.1099486e-17 
1.6764412e-17  1.8011799e-17 
1.0667189e-16  2.1445945e-17 
1.5609526e-16  1.5999753e-17 

CM Pos
7.5015742      0.0095654231  
7.499221       0.015235868   
7.499169       0.0072618955  
12.990371      0.0097803916  

Stress
20.5751      0.0308089    -0.000474147  0.0674009    0.100276     0.0512504   
0.0308089    20.5042      0.00519694    0.100276     0.0926623    0.0651437   
-0.000474147 0.00519694   20.5571       0.0512504    0.0651437    0.0816668   

Stress Spherical
0            0            0             0            0            0           
0            0            0             0            0            0           
0            0            0             0            0            0           

Inertia
149.987      -56.2305     -56.2461      0.207646     0.139108     0.166339    
-56.2305     150.012      -56.2342      0.139108     0.241549     0.105943    
-56.2461     -56.2342     150.037       0.166339     0.105943     0.255917    

Bond Length
0.61931886    0.0060859328

BB bond length
0.61931886    0.0060859328

Water EE distance
0             0           

PEG EE distance
6.6804637     0.21621461  

BBB P2(x)
0.51037392    0.034264947 

BBB first bond length
0.61985807    0.0065097472

BBB second bond length
0.61938308    0.0059241813

BBB <phi**2>/<phi>**2
1.2157632     0.026284526 

Time = 27000
Temperature
1.0064864     0.0066912716

Pressure
23.495573     0.071403016 

CM Mom
1.0729773e-16  9.2861576e-18 
-1.5202886e-19 1.3956221e-17 
1.1484832e-16  1.9739584e-17 
1.5854073e-16  1.5442155e-17 

CM Pos
7.5042486      0.012833362   
7.4958038      0.016032884   
7.489066       0.0096618604  
12.984119      0.010547646   

Stress
20.5073      0.0242798    -0.00229447   0.09481      0.0611767    0.0291391   
0.0242798    20.4642      -0.0208271    0.0611767    0.0991374    0.047294    
-0.00229447  -0.0208271   20.4828       0.0291391    0.047294     0.139976    

Stress Spherical
0            0            0             0            0            0           
0            0            0             0            0            0           
0            0            0             0            0            0           

Inertia
149.753      -56.2618     -56.1343      0.253999     0.177303     0.0618884   
-56.2618     149.885      -56.1392      0.177303     0.196901     0.16924     
-56.1343     -56.1392     149.995       0.0618884    0.16924      0.401492    

Bond Length
0.62013317    0.0056571191

BB bond length
0.62013317    0.0056571191

Water EE distance
0             0           

PEG EE distance
6.2686893     0.64317875  

BBB P2(x)
0.51226695    0.036378045 

BBB first bond length
0.62003553    0.0047686077

BBB second bond length
0.61977131    0.0059181606

BBB <phi**2>/<phi>**2
1.2244498     0.021961498 

Time = 28000
Temperature
1.0099678     0.0073115286

Pressure
23.568054     0.072537433 

CM Mom
1.1588283e-16  1.2129364e-17 
1.4436418e-17  1.2629956e-17 
1.1417175e-16  2.0636398e-17 
1.6429193e-16  2.032457e-17  

CM Pos
7.5049914      0.0091297295  
7.5032325      0.011983      
7.5073405      0.016981655   
12.99938       0.01363918    

Stress
20.4778      0.0092657    0.0390439     0.108713     0.0593566    0.0737113   
0.0092657    20.603       -0.00369481   0.0593566    0.162356     0.0661595   
0.0390439    -0.00369481  20.5598       0.0737113    0.0661595    0.0707968   

Stress Spherical
0            0            0             0            0            0           
