Time = 1000
Temperature
   1.0319098   0.039849039

Pressure
   23.419623    0.16199098

CM Mom
1.5248005e-17  2.7647465e-17 
5.064878e-18   1.4442941e-17 
-2.0524308e-17 5.1268989e-17 
6.0361283e-17  2.524693e-17  

CM Pos
7.4978404      0.01914322    
7.5009071      0.021143816   
7.5012117      0.0064299012  
12.990381      0.015845256   

Stress
20.3104      0.0112168    -0.0114731    0.143354     0.0693618    0.0821699   
0.0112168    20.3206      0.0233415     0.0693618    0.167181     0.116029    
-0.0114731   0.0233415    20.3499       0.0821699    0.116029     0.177291    

Stress Spherical
0            0            0             0            0            0           
0            0            0             0            0            0           
0            0            0             0            0            0           

Inertia
149.964      -56.2332     -56.2315      0.747512     0.163444     0.185621    
-56.2332     149.884      -56.2704      0.163444     0.317949     0.215616    
-56.2315     -56.2704     149.903       0.185621     0.215616     0.595245    

Bond Length
0.57159844    0.0043283484

BB bond length
0.57159844    0.0043283484

Water EE distance
0             0           

PEG EE distance
2.2202857     0.14076935  

Time = 2000
Temperature
1.0131703     0.0092127073

Pressure
23.302071     0.1285524   

CM Mom
5.7293552e-17  2.4199542e-17 
1.2119157e-17  2.2881448e-17 
8.5354912e-18  1.7050043e-17 
6.6972961e-17  2.0415303e-17 

CM Pos
7.5009546      0.012319168   
7.5020935      0.010715248   
7.4992839      0.015411942   
12.991744      0.0082052667  

Stress
20.2988      0.0136059    -0.019392     0.166868     0.094861     0.0761205   
0.0136059    20.2419      0.00549065    0.094861     0.13257      0.087965    
-0.019392    0.00549065   20.256        0.0761205    0.087965     0.139929    

Stress Spherical
0            0            0             0            0            0           
0            0            0             0            0            0           
0            0            0             0            0            0           

Inertia
149.925      -56.2403     -56.2549      0.127858     0.112692     0.205128    
-56.2403     149.893      -56.2326      0.112692     0.239504     0.0606449   
-56.2549     -56.2326     149.954       0.205128     0.0606449    0.309041    

Bond Length
0.56926801    0.0019008698

BB bond length
0.56926801    0.0019008698

Water EE distance
0             0           

PEG EE distance
2.3175155     0.049039771 

Time = 3000
Temperature
1.0108531     0.0073699292

Pressure
23.304783     0.063222198 

CM Mom
5.4596301e-17  8.9978317e-18 
3.7812478e-17  1.4583577e-17 
1.3178616e-17  1.4900614e-17 
7.0231467e-17  1.293934e-17  

CM Pos
7.5008063      0.021987646   
7.49631        0.012890547   
7.4955766      0.010832614   
12.986184      0.014796074   

Stress
20.2653      -0.011262    -0.000466249  0.117441     0.067551     0.0665559   
-0.011262    20.279       -0.00999837   0.067551     0.108567     0.0640022   
-0.000466249 -0.00999837  20.2814       0.0665559    0.0640022    0.0873513   

Stress Spherical
0            0            0             0            0            0           
0            0            0             0            0            0           
0            0            0             0            0            0           

Inertia
149.814      -56.1975     -56.2453      0.189815     0.197166     0.182761    
-56.1975     149.863      -56.1892      0.197166     0.365554     0.143669    
-56.2453     -56.1892     149.895       0.182761     0.143669     0.415862    

Bond Length
0.56975988    0.0016994364

BB bond length
0.56975988    0.0016994364

Water EE distance
0             0           

PEG EE distance
2.2669152     0.07081528  

