Time = 1000
Temperature
   1.1778764    0.29077993

Pressure
   23.783119     1.2561281

CM Mom
2.4303907e-17  1.5115668e-17 
6.9377957e-18  4.1154342e-17 
1.8279857e-17  2.2105439e-16 
1.8904792e-16  1.2657431e-16 

CM Pos
7.4977957      0.027648984   
7.5086257      0.011242861   
7.4974042      0.025642304   
12.992616      0.030639473   

Stress
20.2972      0.0238882    0.0120478     0.458797     0.0382743    0.0888312   
0.0238882    20.2301      -0.0318225    0.0382743    0.315243     0.0623093   
0.0120478    -0.0318225   20.2379       0.0888312    0.0623093    0.418316    

Stress Spherical
0            0            0             0            0            0           
0            0            0             0            0            0           
0            0            0             0            0            0           

Inertia
150.318      -56.2683     -56.2206      1.27119      0.223915     0.415403    
-56.2683     150.151      -56.3198      0.223915     0.844654     0.254575    
-56.2206     -56.3198     150.316       0.415403     0.254575     1.17827     

Bond Length
0.61940147    0.010348127 

BB bond length
0.61940147    0.010348127 

Water EE distance
0             0           

PEG EE distance
7.2265648     0.07224017  

BBB P2(x)
0.46819669    0.063179823 

BBB first bond length
0.61931875    0.010384249 

BBB second bond length
0.61944454    0.01007211  

BBB <phi**2>/<phi>**2
1.21824       0.013149191 

Time = 2000
Temperature
1.0107581     0.0039114186

Pressure
22.939204     0.12368533  

CM Mom
2.7812136e-17  2.6220904e-17 
-2.5365779e-17 3.206784e-17  
-1.1022367e-17 6.1961756e-17 
7.8065478e-17  3.161254e-17  

CM Pos
7.5072922      0.017151517   
7.5012065      0.0096631161  
7.5002234      0.006503494   
12.995428      0.012985147   

Stress
19.887       -0.0184353   0.0112093     0.183609     0.0857205    0.0585523   
-0.0184353   19.8922      -0.0433267    0.0857205    0.116513     0.0552399   
0.0112093    -0.0433267   19.956        0.0585523    0.0552399    0.172379    

Stress Spherical
0            0            0             0            0            0           
0            0            0             0            0            0           
0            0            0             0            0            0           

Inertia
149.936      -56.3149     -56.2976      0.297134     0.179348     0.157448    
-56.3149     150.02       -56.2783      0.179348     0.328041     0.0838195   
-56.2976     -56.2783     150.026       0.157448     0.0838195    0.474554    

Bond Length
0.61608679    0.0020609203

BB bond length
0.61608679    0.0020609203

Water EE distance
0             0           

PEG EE distance
7.4437988     0.12789862  

BBB P2(x)
0.5100424     0.011700323 

BBB first bond length
0.61609489    0.0021490826

BBB second bond length
0.61605966    0.002133125 

BBB <phi**2>/<phi>**2
1.222051      0.0070802687

