Time = 1000
Temperature
     1.04148   0.055062932

Pressure
   23.660888    0.24440449

CM Mom
-1.8616953e-17 2.1159544e-17 
1.0759148e-16  1.5374081e-17 
1.0727043e-16  1.6093872e-16 
1.8423608e-16  1.2677496e-16 

CM Pos
7.4970796      0.017847181   
7.5063098      0.026256523   
7.4898498      0.03597818    
12.98651       0.039895217   

Stress
20.5001      0.00480768   -0.0301151    0.0776551    0.0911295    0.0461515   
0.00480768   20.5882      0.0140411     0.0911295    0.150041     0.0744563   
-0.0301151   0.0140411    20.5303       0.0461515    0.0744563    0.146904    

Stress Spherical
0            0            0             0            0            0           
0            0            0             0            0            0           
0            0            0             0            0            0           

Inertia
149.986      -56.3123     -56.1434      0.31871      0.292881     0.338139    
-56.3123     149.825      -56.1774      0.292881     0.344834     0.414625    
-56.1434     -56.1774     150.084       0.338139     0.414625     0.255608    

Bond Length
0.61845733    0.0063125784

BB bond length
0.61845733    0.0063125784

Water EE distance
0             0           

PEG EE distance
6.2636945     0.22208626  

BBB P2(x)
0.47373491    0.045691918 

BBB first bond length
0.61841799    0.0064230117

BBB second bond length
0.61874471    0.0069172596

BBB <phi**2>/<phi>**2
1.2161669     0.010855402 

Time = 2000
Temperature
1.0119539     0.007495996 

Pressure
23.451032     0.088781581 

CM Mom
-5.7787301e-17 1.9025702e-17 
9.2730514e-17  2.2169795e-17 
4.5024812e-17  2.137166e-17  
1.2128044e-16  2.3808297e-17 

CM Pos
7.4975245      0.010154662   
7.5002298      0.010913516   
7.4997855      0.017347301   
12.988972      0.015077751   

Stress
20.404       -0.0293261   -0.062139     0.141811     0.0555552    0.0712003   
-0.0293261   20.4503      0.0078802     0.0555552    0.107399     0.0486675   
-0.062139    0.0078802    20.4002       0.0712003    0.0486675    0.108177    

Stress Spherical
0            0            0             0            0            0           
0            0            0             0            0            0           
0            0            0             0            0            0           

Inertia
149.922      -56.2384     -56.2251      0.219486     0.121893     0.188318    
-56.2384     149.867      -56.2872      0.121893     0.21742      0.1689      
-56.2251     -56.2872     149.889       0.188318     0.1689       0.212292    

Bond Length
0.61967687    0.0043917201

BB bond length
0.61967687    0.0043917201

Water EE distance
0             0           

PEG EE distance
7.1249806     0.29787536  

BBB P2(x)
0.50775887    0.013210259 

BBB first bond length
0.61998048    0.004270805 

BBB second bond length
0.61959775    0.0044834071

BBB <phi**2>/<phi>**2
1.217179      0.0093007898

Time = 3000
Temperature
1.011255      0.0087082855

Pressure
23.499598     0.046580058 

CM Mom
-7.7502403e-17 1.314327e-17  
7.0030967e-17  2.4106317e-17 
5.7772689e-17  2.0840399e-17 
1.222998e-16   2.1899394e-17 

CM Pos
7.4996006      0.012301304   
7.5046786      0.017506303   
7.5137252      0.011132966   
13.000792      0.01614736    

Stress
20.4796      -0.00834975  -0.00321784   0.0852329    0.0841442    0.0564338   
-0.00834975  20.4695      -0.0142851    0.0841442    0.0708566    0.0698772   
-0.00321784  -0.0142851   20.4574       0.0564338    0.0698772    0.0805249   

Stress Spherical
0            0            0             0            0            0           
0            0            0             0            0            0           
0            0            0             0            0            0           

Inertia
150.238      -56.2949     -56.3232      0.331799     0.145706     0.147399    
-56.2949     150.133      -56.3691      0.145706     0.246637     0.192471    
-56.3232     -56.3691     150.022       0.147399     0.192471     0.234158    

Bond Length
0.61879064    0.0029401832

BB bond length
0.61879064    0.0029401832

Water EE distance
0             0           

PEG EE distance
7.7553001     0.36704791  

BBB P2(x)
0.52624189    0.013925285 

BBB first bond length
0.61898319    0.0027819866

BBB second bond length
0.61872618    0.0027502321

BBB <phi**2>/<phi>**2
1.23115       0.014222901 

Time = 4000
Temperature
1.0096254     0.0074579251

Pressure
23.458626     0.083113623 

CM Mom
-9.9101262e-17 2.5330808e-17 
6.7261652e-17  2.312175e-17  
6.9040176e-17  2.1432976e-17 
1.4155003e-16  2.6663883e-17 

CM Pos
7.4957449      0.013608404   
7.5000815      0.017534545   
7.5082383      0.013981437   
12.992742      0.01989544    

Stress
20.4508      -0.0199745   0.0133633     0.0874444    0.0669832    0.0574945   
-0.0199745   20.4316      0.0289413     0.0669832    0.123005     0.0754523   
0.0133633    0.0289413    20.4158       0.0574945    0.0754523    0.147521    

Stress Spherical
0            0            0             0            0            0           
0            0            0             0            0            0           
0            0            0             0            0            0           

Inertia
150.088      -56.2475     -56.2424      0.388972     0.197784     0.228195    
-56.2475     150.026      -56.2974      0.197784     0.401293     0.171922    
-56.2424     -56.2974     149.888       0.228195     0.171922     0.375885    

Bond Length
0.61862008    0.0015331444

BB bond length
0.61862008    0.0015331444

Water EE distance
0             0           

PEG EE distance
7.2675762     0.56508797  

BBB P2(x)
0.52100484    0.015450416 

BBB first bond length
0.61901044    0.0016598761

BBB second bond length
0.61849968    0.001613534 

BBB <phi**2>/<phi>**2
1.2347519     0.016822205 

Time = 5000
Temperature
1.0096763     0.0099820653

Pressure
23.544409     0.050218331 

CM Mom
-5.7679461e-17 3.0378363e-17 
6.1148702e-17  2.0135918e-17 
7.7106169e-17  1.81905e-17   
1.1837587e-16  2.5647467e-17 

CM Pos
7.5065704      0.016553293   
7.4990434      0.016054219   
7.5028997      0.015097673   
12.995319      0.014181078   

Stress
20.5266      0.0381769    0.0197084     0.0779181    0.0613863    0.0701994   
0.0381769    20.4899      0.0028505     0.0613863    0.114557     0.0683556   
0.0197084    0.0028505    20.5386       0.0701994    0.0683556    0.0789697   

Stress Spherical
0            0            0             0            0            0           
0            0            0             0            0            0           
0            0            0             0            0            0           

Inertia
149.982      -56.2834     -56.2966      0.333746     0.218793     0.159773    
-56.2834     150.089      -56.2528      0.218793     0.273257     0.157847    
-56.2966     -56.2528     150.035       0.159773     0.157847     0.352162    

Bond Length
0.61857692    0.0028915637

BB bond length
0.61857692    0.0028915637

Water EE distance
0             0           

PEG EE distance
7.1863737     0.28048968  

BBB P2(x)
0.50768556    0.018025913 

BBB first bond length
0.61872133    0.0027482869

BBB second bond length
0.61837979    0.0031978913

BBB <phi**2>/<phi>**2
1.2230978     0.01701788  

Time = 6000
Temperature
1.012861      0.0082413652

Pressure
23.47489      0.061154871 

CM Mom
-6.8591532e-17 1.5149183e-17 
5.4167688e-17  1.1982367e-17 
3.2668573e-17  1.2452386e-17 
9.4948256e-17  1.4803304e-17 

CM Pos
7.5034563      0.010132983   
7.4965224      0.0058590449  
7.4947435      0.011176338   
12.987343      0.0088591498  

Stress
20.4437      -0.0252486   0.0159433     0.07651      0.0540132    0.101773    
-0.0252486   20.4867      0.00973862    0.0540132    0.13927      0.0638168   
0.0159433    0.00973862   20.3875       0.101773     0.0638168    0.060234    

Stress Spherical
0            0            0             0            0            0           
0            0            0             0            0            0           
0            0            0             0            0            0           

Inertia
149.845      -56.2217     -56.2189      0.206051     0.0928958    0.132904    
-56.2217     149.951      -56.1921      0.0928958    0.194084     0.125809    
-56.2189     -56.1921     149.985       0.132904     0.125809     0.173607    

Bond Length
0.62073967    0.0033298913

BB bond length
0.62073967    0.0033298913

Water EE distance
0             0           

PEG EE distance
7.0929996     0.25701078  

BBB P2(x)
0.51119374    0.017173801 

BBB first bond length
0.62065229    0.0034112847

BBB second bond length
0.62096466    0.0034266125

BBB <phi**2>/<phi>**2
1.222046      0.011601729 

Time = 7000
Temperature
1.010866      0.008270883 

Pressure
23.511354     0.07228411  

CM Mom
-6.6463559e-17 2.0443156e-17 
5.7017608e-17  1.70992e-17   
4.8872039e-17  2.2110036e-17 
1.0543548e-16  1.1807053e-17 

CM Pos
7.5015284      0.017785464   
7.508386       0.014845024   
7.4977094      0.0088976767  
12.994795      0.018777634   

Stress
20.4813      0.015759     0.00330091    0.0784167    0.081358     0.0650664   
0.015759     20.4815      -0.00559981   0.081358     0.113066     0.0650821   
0.00330091   -0.00559981  20.4824       0.0650664    0.0650821    0.115792    

Stress Spherical
0            0            0             0            0            0           
0            0            0             0            0            0           
0            0            0             0            0            0           

Inertia
150.071      -56.3436     -56.2581      0.272631     0.218016     0.198646    
-56.3436     149.959      -56.2952      0.218016     0.371603     0.184691    
-56.2581     -56.2952     150.127       0.198646     0.184691     0.408968    

Bond Length
0.61943965    0.0033941799

BB bond length
0.61943965    0.0033941799

Water EE distance
0             0           

PEG EE distance
7.3043924     0.1671483   

BBB P2(x)
0.521433      0.011301781 

BBB first bond length
0.61947402    0.0035395999

BBB second bond length
0.61927002    0.0034597943

BBB <phi**2>/<phi>**2
1.231038      0.014644055 

Time = 8000
Temperature
1.0103259     0.0077495811

Pressure
23.472002     0.097384421 

CM Mom
-8.2667986e-17 2.1249497e-17 
8.0201266e-17  1.0215075e-17 
5.1930504e-17  1.5170472e-17 
1.2902143e-16  1.0125218e-17 

CM Pos
7.5056807      0.011996292   
7.5000815      0.008648259   
7.5042344      0.010384859   
12.996162      0.009250721   

Stress
20.41        0.00676185   -0.0354766    0.0936226    0.0520747    0.0516575   
0.00676185   20.4429      -0.0115102    0.0520747    0.107246     0.0595346   
-0.0354766   -0.0115102   20.4792       0.0516575    0.0595346    0.12077     

Stress Spherical
0            0            0             0            0            0           
0            0            0             0            0            0           
0            0            0             0            0            0           

Inertia
150.051      -56.2803     -56.3159      0.206081     0.1027       0.104828    
-56.2803     150.111      -56.3087      0.1027       0.221944     0.143398    
-56.3159     -56.3087     150.057       0.104828     0.143398     0.221759    

Bond Length
0.62040238    0.0046678982

BB bond length
0.62040238    0.0046678982

Water EE distance
0             0           

PEG EE distance
7.202187      0.20958829  

BBB P2(x)
0.50609727    0.010390558 

BBB first bond length
0.62035423    0.0046771492

BBB second bond length
0.62052778    0.004878489 

BBB <phi**2>/<phi>**2
1.2250099     0.0075394291

Time = 9000
Temperature
1.0104365     0.0066250491

Pressure
23.501842     0.12309629  

CM Mom
-9.9605061e-17 1.8969926e-17 
7.4133455e-17  1.9249986e-17 
5.1886325e-17  8.0949305e-18 
1.3664436e-16  1.5277235e-17 

CM Pos
7.4991557      0.010123212   
7.5079411      0.0093083667  
7.4962265      0.012407217   
12.992314      0.0070947383  

Stress
20.4813      -0.031306    -0.00295236   0.139175     0.0600113    0.0570561   
-0.031306    20.4246      -0.0447425    0.0600113    0.161865     0.0774525   
-0.00295236  -0.0447425   20.5147       0.0570561    0.0774525    0.176627    

Stress Spherical
0            0            0             0            0            0           
0            0            0             0            0            0           
0            0            0             0            0            0           

Inertia
150.062      -56.278      -56.2052      0.211832     0.105162     0.122666    
-56.278      149.909      -56.3114      0.105162     0.187972     0.129352    
-56.2052     -56.3114     150.098       0.122666     0.129352     0.216152    

Bond Length
0.62084309    0.0023828437

BB bond length
0.62084309    0.0023828437

Water EE distance
0             0           

PEG EE distance
7.1937799     0.19809655  

BBB P2(x)
0.49486818    0.01421373  

BBB first bond length
0.62070463    0.0021897477

BBB second bond length
0.62096465    0.0027343271

BBB <phi**2>/<phi>**2
1.2260408     0.012943954 

Time = 10000
Temperature
1.0099662     0.0067656651

Pressure
23.466448     0.055223248 

CM Mom
-1.0235126e-16 1.8026195e-17 
7.6557643e-17  5.7321735e-18 
6.8951271e-17  1.3575824e-17 
1.4637733e-16  1.4384491e-17 

CM Pos
7.5013801      0.015228203   
7.5057167      0.013399959   
7.4932606      0.015325371   
12.990604      0.017011247   

Stress
20.4774      -0.00484273  0.0646511     0.103576     0.0522763    0.0437473   
-0.00484273  20.431       0.0109469     0.0522763    0.120767     0.0720318   
0.0646511    0.0109469    20.4103       0.0437473    0.0720318    0.106784    

Stress Spherical
0            0            0             0            0            0           
0            0            0             0            0            0           
0            0            0             0            0            0           

Inertia
149.97       -56.2963     -56.2227      0.342488     0.220272     0.164242    
-56.2963     149.884      -56.2861      0.220272     0.366799     0.185153    
-56.2227     -56.2861     150.083       0.164242     0.185153     0.387542    

Bond Length
0.61953112    0.0032056242

BB bond length
0.61953112    0.0032056242

Water EE distance
0             0           

PEG EE distance
7.0762982     0.2166229   

BBB P2(x)
0.51338227    0.013095745 

BBB first bond length
0.61988432    0.0029124088

BBB second bond length
0.61917077    0.0033967184

BBB <phi**2>/<phi>**2
1.2177341     0.01168943  

Time = 11000
Temperature
1.0098949     0.005069165 

Pressure
23.511932     0.10101955  

CM Mom
-9.6525056e-17 2.0092567e-17 
6.8194201e-17  1.1821993e-17 
7.2729761e-17  1.9445948e-17 
1.4078816e-16  1.8906681e-17 

CM Pos
7.5076085      0.012247555   
7.4994883      0.016326557   
7.4938537      0.0073909654  
12.990943      0.015080259   

Stress
20.48        0.00621351   0.00189015    0.108984     0.0771022    0.037506    
0.00621351   20.5276      -0.0227447    0.0771022    0.112585     0.0621126   
0.00189015   -0.0227447   20.4482       0.037506     0.0621126    0.131469    

Stress Spherical
0            0            0             0            0            0           
0            0            0             0            0            0           
0            0            0             0            0            0           

Inertia
149.894      -56.3214     -56.2878      0.371893     0.136266     0.126904    
-56.3214     150.002      -56.2013      0.136266     0.281575     0.204155    
-56.2878     -56.2013     150.083       0.126904     0.204155     0.37757     

Bond Length
0.62099509    0.0035714731

BB bond length
0.62099509    0.0035714731

Water EE distance
0             0           

PEG EE distance
7.5339215     0.11844046  

BBB P2(x)
0.51206108    0.01995845  

BBB first bond length
0.6209218     0.0036827388

BBB second bond length
0.62132061    0.0033009741

BBB <phi**2>/<phi>**2
1.2238837     0.01449246  

Time = 12000
Temperature
1.0145737     0.0092282244

Pressure
23.500421     0.075181387 

CM Mom
-1.2611733e-16 3.0947718e-17 
7.2801105e-17  1.3011717e-17 
1.1196459e-16  1.12541e-17   
1.8617585e-16  1.8273591e-17 

CM Pos
7.4981176      0.0084423798  
7.5012678      0.011624822   
7.4997855      0.0084982     
12.98991       0.0090535296  

Stress
20.4602      -0.0268003   -0.00679563   0.0891269    0.0704704    0.0507678   
-0.0268003   20.4747      -0.0171738    0.0704704    0.112491     0.0768217   
-0.00679563  -0.0171738   20.4442       0.0507678    0.0768217    0.101822    

Stress Spherical
0            0            0             0            0            0           
0            0            0             0            0            0           
0            0            0             0            0            0           

Inertia
150.018      -56.2393     -56.2777      0.267256     0.115608     0.112218    
-56.2393     149.953      -56.2477      0.115608     0.174384     0.155973    
-56.2777     -56.2477     149.981       0.112218     0.155973     0.23264     

Bond Length
0.61901972    0.0017032693

BB bond length
0.61901972    0.0017032693

Water EE distance
0             0           

PEG EE distance
7.5219175     0.18982228  

BBB P2(x)
0.5022987     0.019037812 

BBB first bond length
0.61882693    0.0018851357

BBB second bond length
0.61864378    0.0018690615

BBB <phi**2>/<phi>**2
1.2319911     0.011254818 

Time = 13000
Temperature
1.0130908     0.0067116677

Pressure
23.475958     0.07121179  

CM Mom
-1.2387328e-16 1.3890947e-17 
8.5999478e-17  1.7073108e-17 
9.4718817e-17  2.3300128e-17 
1.8041909e-16  1.3727844e-17 

CM Pos
7.4948552      0.018264334   
7.5034922      0.016460034   
7.5003787      0.015091117   
12.989668      0.016857338   

Stress
20.4212      -0.06367     -0.0138064    0.0805293    0.0755631    0.0831415   
-0.06367     20.4696      -0.00841528   0.0755631    0.0833363    0.0378692   
-0.0138064   -0.00841528  20.4283       0.0831415    0.0378692    0.110228    

Stress Spherical
0            0            0             0            0            0           
0            0            0             0            0            0           
0            0            0             0            0            0           

Inertia
150.057      -56.2531     -56.2569      0.319405     0.192831     0.239384    
-56.2531     149.908      -56.2678      0.192831     0.46517      0.17722     
-56.2569     -56.2678     149.955       0.239384     0.17722      0.322761    

Bond Length
0.61790891    0.003461452 

BB bond length
0.61790891    0.003461452 

Water EE distance
0             0           

PEG EE distance
7.1585145     0.10757713  

BBB P2(x)
0.51297689    0.015187598 

BBB first bond length
0.61771513    0.0037290356

BBB second bond length
0.61844241    0.0035596454

BBB <phi**2>/<phi>**2
1.2274743     0.013494595 

Time = 14000
Temperature
1.0138869     0.0089781369

Pressure
23.487835     0.063334481 

CM Mom
-9.7279794e-17 2.0308685e-17 
1.2203954e-16  1.4824739e-17 
8.1437713e-17  3.3537035e-17 
1.8029013e-16  1.5541046e-17 

CM Pos
7.5056807      0.01638236    
7.4974122      0.010219425   
7.4935572      0.014450928   
12.988466      0.013056569   

Stress
20.5033      0.0159003    0.0119962     0.0994286    0.0658056    0.0909759   
0.0159003    20.4416      -0.0449095    0.0658056    0.134941     0.0725281   
0.0119962    -0.0449095   20.4026       0.0909759    0.0725281    0.0913891   

Stress Spherical
0            0            0             0            0            0           
0            0            0             0            0            0           
0            0            0             0            0            0           

Inertia
149.857      -56.2492     -56.2519      0.236251     0.124059     0.208176    
-56.2492     150.006      -56.1953      0.124059     0.448196     0.115569    
-56.2519     -56.1953     150.035       0.208176     0.115569     0.195452    

Bond Length
0.61879482    0.0024697212

BB bond length
0.61879482    0.0024697212

Water EE distance
0             0           

PEG EE distance
7.2772812     0.25121973  

BBB P2(x)
0.51071019    0.015335695 

BBB first bond length
0.61851034    0.0026979543

BBB second bond length
0.61863937    0.0021572384

BBB <phi**2>/<phi>**2
1.2174439     0.015995989 

Time = 15000
Temperature
1.0067364     0.0066413559

Pressure
23.44913      0.050164305 

CM Mom
-8.0690521e-17 1.3797503e-17 
1.0664932e-16  1.474566e-17  
5.394268e-17   1.831066e-17  
1.454976e-16   1.9193406e-17 

CM Pos
7.5065704      0.016764507   
7.5063098      0.012236777   
7.5009719      0.012770569   
12.998397      0.011335344   

Stress
20.4057      -0.0256272   -0.0264863    0.0823471    0.0684098    0.078842    
-0.0256272   20.4518      -0.0133977    0.0684098    0.111229     0.0740754   
-0.0264863   -0.0133977   20.4381       0.078842     0.0740754    0.133174    

Stress Spherical
0            0            0             0            0            0           
0            0            0             0            0            0           
0            0            0             0            0            0           

Inertia
150.089      -56.3343     -56.2571      0.281302     0.159744     0.188209    
-56.3343     150.109      -56.2969      0.159744     0.275478     0.142506    
-56.2571     -56.2969     150.182       0.188209     0.142506     0.226113    

Bond Length
0.61978929    0.0026825805

BB bond length
0.61978929    0.0026825805

Water EE distance
0             0           

PEG EE distance
6.9831494     0.36234105  

BBB P2(x)
0.51790008    0.011105114 

BBB first bond length
0.61967841    0.0031177223

BBB second bond length
0.62001565    0.0029118509

BBB <phi**2>/<phi>**2
1.2327129     0.017992572 

Time = 16000
Temperature
1.0081531     0.0070913207

Pressure
23.470459     0.054419144 

CM Mom
-6.6540665e-17 1.6549205e-17 
1.2681321e-16  1.3593057e-17 
7.2217181e-17  1.3402827e-17 
1.6177592e-16  1.3835013e-17 

CM Pos
7.4941137      0.012250248   
7.5070513      0.016315103   
7.5031963      0.013214872   
12.992921      0.01067043    

Stress
20.443       -0.00249474  0.00263511    0.0762218    0.0713401    0.0386782   
-0.00249474  20.4289      -0.000689142  0.0713401    0.0640505    0.0978775   
0.00263511   -0.000689142 20.4751       0.0386782    0.0978775    0.0734942   

Stress Spherical
0            0            0             0            0            0           
0            0            0             0            0            0           
0            0            0             0            0            0           

Inertia
150.14       -56.2633     -56.2385      0.283247     0.140244     0.174321    
-56.2633     149.958      -56.2992      0.140244     0.292674     0.121719    
-56.2385     -56.2992     149.979       0.174321     0.121719     0.196806    

Bond Length
0.62031033    0.0028299205

BB bond length
0.62031033    0.0028299205

Water EE distance
0             0           

PEG EE distance
6.9254799     0.2637757   

BBB P2(x)
0.51671782    0.017110593 

BBB first bond length
0.62026863    0.0028494678

BBB second bond length
0.62042845    0.0027015983

BBB <phi**2>/<phi>**2
1.2302625     0.015229695 

Time = 17000
Temperature
1.0118988     0.0064217089

Pressure
23.563572     0.083326602 

CM Mom
-5.5531731e-17 1.5623568e-17 
1.1599855e-16  2.415307e-17  
9.2459818e-17  1.8189518e-17 
1.6132047e-16  1.4909258e-17 

CM Pos
7.4984142      0.014533629   
7.4923701      0.011529846   
7.4999338      0.012052074   
12.985036      0.012626367   

Stress
20.5413      0.0334596    -0.0354543    0.0724159    0.083337     0.0774051   
0.0334596    20.5036      -0.0294942    0.083337     0.164934     0.0530202   
-0.0354543   -0.0294942   20.5477       0.0774051    0.0530202    0.103804    

Stress Spherical
0            0            0             0            0            0           
0            0            0             0            0            0           
0            0            0             0            0            0           

Inertia
149.896      -56.1898     -56.2915      0.281827     0.171279     0.0978798   
-56.1898     149.986      -56.1992      0.171279     0.211568     0.121914    
-56.2915     -56.1992     149.867       0.0978798    0.121914     0.337204    

Bond Length
0.61753503    0.0030937741

BB bond length
0.61753503    0.0030937741

Water EE distance
0             0           

PEG EE distance
7.2649255     0.17437948  

BBB P2(x)
0.52058578    0.013678108 

BBB first bond length
0.61721596    0.0028719855

BBB second bond length
0.61753151    0.0029055835

BBB <phi**2>/<phi>**2
1.2246879     0.010465859 

Time = 18000
Temperature
1.0106016     0.0098337085

Pressure
23.429272     0.078616736 

CM Mom
-6.3923162e-17 2.1668955e-17 
1.2334356e-16  2.9861352e-17 
1.0644352e-16  1.7787416e-17 
1.7702894e-16  3.1119426e-17 

CM Pos
7.4991557      0.011863569   
7.4971156      0.019729872   
7.4984509      0.013931014   
12.987348      0.018864743   

Stress
20.4034      -0.032282    0.0266061     0.129245     0.0792558    0.0581747   
-0.032282    20.385       0.0275643     0.0792558    0.086945     0.060148    
0.0266061    0.0275643    20.413        0.0581747    0.060148     0.104459    

Stress Spherical
0            0            0             0            0            0           
0            0            0             0            0            0           
0            0            0             0            0            0           

Inertia
149.93       -56.2276     -56.1598      0.411691     0.185627     0.168695    
-56.2276     149.942      -56.1875      0.185627     0.321121     0.190325    
-56.1598     -56.1875     149.935       0.168695     0.190325     0.372607    

Bond Length
0.62109964    0.0041078643

BB bond length
0.62109964    0.0041078643

Water EE distance
0             0           

PEG EE distance
6.9921914     0.26889967  

BBB P2(x)
0.51848818    0.015923595 

BBB first bond length
0.62089078    0.0038177478

BBB second bond length
0.62113496    0.0040711297

BBB <phi**2>/<phi>**2
1.2269954     0.0072980001

Time = 19000
Temperature
1.0060071     0.0086549956

Pressure
23.480927     0.086184933 

CM Mom
-4.7966176e-17 2.7437841e-17 
1.1126377e-16  1.4531472e-17 
8.5841149e-17  2.1610322e-17 
1.5128753e-16  2.4334595e-17 

CM Pos
7.4964864      0.013143956   
7.5020093      0.015722027   
7.4942986      0.012372606   
12.986237      0.01371106    

Stress
20.5028      -0.00846766  -0.0244981    0.10475      0.0504231    0.0499674   
-0.00846766  20.4356      -0.00958335   0.0504231    0.142144     0.0638158   
-0.0244981   -0.00958335  20.4593       0.0499674    0.0638158    0.0919743   

Stress Spherical
0            0            0             0            0            0           
0            0            0             0            0            0           
0            0            0             0            0            0           

Inertia
149.956      -56.2203     -56.1761      0.345498     0.18584      0.15725     
-56.2203     149.888      -56.2093      0.18584      0.272301     0.142554    
-56.1761     -56.2093     149.996       0.15725      0.142554     0.301017    

Bond Length
0.61909035    0.0027392985

BB bond length
0.61909035    0.0027392985

Water EE distance
0             0           

PEG EE distance
7.4740359     0.22102424  

BBB P2(x)
0.51342033    0.017648529 

BBB first bond length
0.61874166    0.002699746 

BBB second bond length
0.61939658    0.003007209 

BBB <phi**2>/<phi>**2
1.2287156     0.012579688 

Time = 20000
Temperature
1.0074452     0.0069151717

Pressure
23.447074     0.078116916 

CM Mom
-2.5645438e-18 1.6330676e-17 
1.0902995e-16  1.2337906e-17 
7.523524e-17   2.339709e-17  
1.3484563e-16  1.8369647e-17 

CM Pos
7.5074602      0.016206912   
7.5017127      0.017656403   
7.503048       0.016780241   
12.997464      0.01269652    

Stress
20.4044      0.00121456   -0.0223643    0.109994     0.065575     0.0905966   
0.00121456   20.4199      0.0328647     0.065575     0.0985831    0.0643115   
-0.0223643   0.0328647    20.4588       0.0905966    0.0643115    0.0834592   

Stress Spherical
0            0            0             0            0            0           
0            0            0             0            0            0           
0            0            0             0            0            0           

Inertia
150.07       -56.3222     -56.3297      0.25228      0.114369     0.213238    
-56.3222     150.182      -56.2667      0.114369     0.514999     0.16339     
-56.3297     -56.2667     150.152       0.213238     0.16339      0.188373    

Bond Length
0.61868738    0.0024178957

BB bond length
0.61868738    0.0024178957

Water EE distance
0             0           

PEG EE distance
7.5515328     0.29640161  

BBB P2(x)
0.51698137    0.020001556 

BBB first bond length
0.61844107    0.0028249497

BBB second bond length
0.61858821    0.0026992127

BBB <phi**2>/<phi>**2
1.2256238     0.015327681 

Time = 21000
Temperature
1.0098206     0.006871159 

Pressure
23.503129     0.089343247 

CM Mom
-2.3105865e-17 2.0252182e-17 
1.2780352e-16  2.2411991e-17 
7.2883288e-17  1.790569e-17  
1.512516e-16   2.3143214e-17 

CM Pos
7.4963381      0.018562908   
7.5070513      0.010800084   
7.5033446      0.0088927322  
12.994287      0.010906516   

Stress
20.503       0.0284564    -0.0045598    0.0803136    0.0958927    0.0665047   
0.0284564    20.4434      -0.0447489    0.0958927    0.137827     0.0683737   
-0.0045598   -0.0447489   20.4836       0.0665047    0.0683737    0.105523    

Stress Spherical
0            0            0             0            0            0           
0            0            0             0            0            0           
0            0            0             0            0            0           

Inertia
150.167      -56.2669     -56.2677      0.196982     0.149965     0.156447    
-56.2669     150.03       -56.3029      0.149965     0.253943     0.0867455   
-56.2677     -56.3029     150.083       0.156447     0.0867455    0.331973    

Bond Length
0.61971155    0.0040361812

BB bond length
0.61971155    0.0040361812

Water EE distance
0             0           

PEG EE distance
7.0661389     0.13383167  

BBB P2(x)
0.50735796    0.013516377 

BBB first bond length
0.61940344    0.0039641465

BBB second bond length
0.61960261    0.0041517348

BBB <phi**2>/<phi>**2
1.2251149     0.015019932 

Time = 22000
Temperature
1.0067866     0.0081932497

Pressure
23.498245     0.058245701 

CM Mom
-1.618124e-17  1.7537353e-17 
1.120926e-16   1.3895794e-17 
6.6017384e-17  1.8752998e-17 
1.3299879e-16  1.8668903e-17 

CM Pos
7.5021216      0.014590261   
7.5027508      0.023515336   
7.5021582      0.011601151   
12.994463      0.017808977   

Stress
20.4642      0.00648441   0.0049109     0.116426     0.0970328    0.0636236   
0.00648441   20.4568      0.0104289     0.0970328    0.0690903    0.058467    
0.0049109    0.0104289    20.5216       0.0636236    0.058467     0.0997601   

Stress Spherical
0            0            0             0            0            0           
0            0            0             0            0            0           
0            0            0             0            0            0           

Inertia
150.089      -56.2782     -56.3196      0.327323     0.238827     0.145394    
-56.2782     150.093      -56.2923      0.238827     0.324062     0.18354     
-56.3196     -56.2923     150.094       0.145394     0.18354      0.444129    

Bond Length
0.61898476    0.0031289763

BB bond length
0.61898476    0.0031289763

Water EE distance
0             0           

PEG EE distance
7.2649172     0.23501607  

BBB P2(x)
0.51643637    0.020075662 

BBB first bond length
0.61924682    0.0033609047

BBB second bond length
0.61905863    0.0029567828

BBB <phi**2>/<phi>**2
1.2332292     0.010934929 

Time = 23000
Temperature
1.0105465     0.0080441639

Pressure
23.484358     0.065303818 

CM Mom
-3.0093465e-17 2.3791996e-17 
1.4276217e-16  1.8105521e-17 
5.8366285e-17  8.8815256e-18 
1.59178e-16    1.8121535e-17 

CM Pos
7.499304       0.012918665   
7.5040854      0.013267189   
7.498006       0.015120234   
12.991205      0.010373063   

Stress
20.4683      -0.0422465   0.0410221     0.0969515    0.0719944    0.114739    
-0.0422465   20.475       -0.0152704    0.0719944    0.0793751    0.065778    
0.0410221    -0.0152704   20.4238       0.114739     0.065778     0.1088      

Stress Spherical
0            0            0             0            0            0           
0            0            0             0            0            0           
0            0            0             0            0            0           

Inertia
150.031      -56.2505     -56.2559      0.26695      0.133551     0.176715    
-56.2505     149.976      -56.2469      0.133551     0.313428     0.106404    
-56.2559     -56.2469     150.057       0.176715     0.106404     0.205716    

Bond Length
0.62001897    0.0034914568

BB bond length
0.62001897    0.0034914568

Water EE distance
0             0           

PEG EE distance
7.6813279     0.084744288 

BBB P2(x)
0.50619513    0.016400409 

BBB first bond length
0.6199422     0.0036941309

BBB second bond length
0.61979326    0.0036694924

BBB <phi**2>/<phi>**2
1.2297803     0.018989786 

Time = 24000
Temperature
1.011343      0.0075691696

Pressure
23.52267      0.10577137  

CM Mom
-7.2125532e-17 1.9699127e-17 
1.5023432e-16  2.0214097e-17 
4.2114044e-17  1.504056e-17  
1.7382746e-16  1.8786565e-17 

CM Pos
7.5022699      0.012432891   
7.492815       0.0096060117  
7.4957816      0.0088493497  
12.98512       0.0066253862  

Stress
20.5277      0.038349     0.0112501     0.167622     0.0916618    0.0733573   
0.038349     20.5208      -0.0271282    0.0916618    0.128136     0.0531242   
0.0112501    -0.0271282   20.4264       0.0733573    0.0531242    0.133973    

Stress Spherical
0            0            0             0            0            0           
0            0            0             0            0            0           
0            0            0             0            0            0           

Inertia
149.815      -56.2085     -56.2161      0.173221     0.119495     0.126421    
-56.2085     149.965      -56.1652      0.119495     0.224375     0.0730062   
-56.2161     -56.1652     149.928       0.126421     0.0730062    0.155144    

Bond Length
0.62116099    0.0033674062

BB bond length
0.62116099    0.0033674062

Water EE distance
0             0           

PEG EE distance
7.9354345     0.22221499  

BBB P2(x)
0.50977492    0.01661774  

BBB first bond length
0.62107702    0.0033686818

BBB second bond length
0.62120855    0.0029836258

BBB <phi**2>/<phi>**2
1.2284241     0.010505886 

Time = 25000
Temperature
1.0123405     0.0059103554

Pressure
23.484242     0.075928337 

CM Mom
-8.7773749e-17 1.2071165e-17 
1.6288091e-16  2.1431816e-17 
2.6564405e-17  1.5549171e-17 
1.8790578e-16  2.187054e-17  

CM Pos
7.5007869      0.0090069904  
7.4922219      0.014608337   
7.4984509      0.012932276   
12.985467      0.0077561232  

Stress
20.435       -0.000491992 -0.0323853    0.142944     0.0764949    0.042532    
-0.000491992 20.4815      -0.0466743    0.0764949    0.100531     0.0680556   
-0.0323853   -0.0466743   20.4342       0.042532     0.0680556    0.0835276   

Stress Spherical
0            0            0             0            0            0           
0            0            0             0            0            0           
0            0            0             0            0            0           

Inertia
149.841      -56.2072     -56.2757      0.188549     0.191812     0.132074    
-56.2072     149.994      -56.1818      0.191812     0.14704      0.0647703   
-56.2757     -56.1818     149.88        0.132074     0.0647703    0.309018    

Bond Length
0.61941168    0.0031927328

BB bond length
0.61941168    0.0031927328

Water EE distance
0             0           

PEG EE distance
7.2364439     0.22396893  

BBB P2(x)
0.5209573     0.01208102  

BBB first bond length
0.61920527    0.0033241913

BBB second bond length
0.61970625    0.003243716 

BBB <phi**2>/<phi>**2
1.2298021     0.010723831 

Time = 26000
Temperature
1.0080449     0.0075969858

Pressure
23.470531     0.044637093 

CM Mom
-9.3851987e-17 1.5216508e-17 
1.6850365e-16  1.9885434e-17 
9.0919747e-18  3.5904028e-17 
1.9771654e-16  1.0420123e-17 

CM Pos
7.5050875      0.013330028   
7.4972639      0.010502777   
7.4990441      0.0070949325  
12.991197      0.0096915394  

Stress
20.4453      0.00511274   0.0123056     0.0659849    0.0549711    0.0690424   
0.00511274   20.4493      -0.0315961    0.0549711    0.0872686    0.0788317   
0.0123056    -0.0315961   20.4535       0.0690424    0.0788317    0.118487    

Stress Spherical
0            0            0             0            0            0           
0            0            0             0            0            0           
0            0            0             0            0            0           

Inertia
149.947      -56.2676     -56.2949      0.15051      0.15382      0.13471     
-56.2676     150.079      -56.2311      0.15382      0.22516      0.0829438   
-56.2949     -56.2311     150.013       0.13471      0.0829438    0.308591    

Bond Length
0.61888049    0.0033410784

BB bond length
0.61888049    0.0033410784

Water EE distance
0             0           

PEG EE distance
7.6521571     0.25097622  

BBB P2(x)
0.51884409    0.012340039 

BBB first bond length
0.61880484    0.0034800246

BBB second bond length
0.61894127    0.0033609545

BBB <phi**2>/<phi>**2
1.2208511     0.014705582 

Time = 27000
Temperature
1.0141291     0.0075241468

Pressure
23.522152     0.053033048 

CM Mom
-7.6975143e-17 1.6315649e-17 
1.760941e-16   1.9916273e-17 
-2.1733864e-17 1.1114476e-17 
1.9476793e-16  1.6078228e-17 

CM Pos
7.5039011      0.014313311   
7.4991917      0.0058740392  
7.4925191      0.017385923   
12.987862      0.015150094   

Stress
20.4998      0.0217546    -0.0151964    0.0959848    0.0721938    0.0463013   
0.0217546    20.4343      -0.00678754   0.0721938    0.0824082    0.0678376   
-0.0151964   -0.00678754  20.5142       0.0463013    0.0678376    0.0564962   

Stress Spherical
0            0            0             0            0            0           
0            0            0             0            0            0           
0            0            0             0            0            0           

Inertia
149.874      -56.2497     -56.2371      0.262001     0.141697     0.209549    
-56.2497     149.947      -56.184       0.141697     0.360565     0.200356    
-56.2371     -56.184      150.041       0.209549     0.200356     0.195988    

Bond Length
0.62229811    0.0030240469

BB bond length
0.62229811    0.0030240469

Water EE distance
0             0           

PEG EE distance
7.7653367     0.40349414  

BBB P2(x)
0.53107656    0.013369118 

BBB first bond length
0.62223212    0.0029183876

BBB second bond length
0.62214171    0.0031189885

BBB <phi**2>/<phi>**2
1.2307675     0.012286802 

Time = 28000
Temperature
1.0104453     0.0040593401

Pressure
23.525899     0.11233554  

CM Mom
-8.5426119e-17 1.3410732e-17 
1.5405703e-16  1.7246337e-17 
-1.1629079e-17 1.220345e-17  
1.774059e-16   1.7882392e-17 

CM Pos
7.503308       0.012839265   
7.4911838      0.011864496   
7.5011202      0.0124435     
12.987864      0.01072414    

Stress
20.5338      -0.000851284 0.00362348    0.0923936    0.0831431    0.0542308   
-0.000851284 20.5266      -0.0338261    0.0831431    0.160044     0.0585234   
0.00362348   -0.0338261   20.4323       0.0542308    0.0585234    0.141486    

Stress Spherical
0            0            0             0            0            0           
