Time = 1000
Temperature
   1.1025787    0.13655408

Pressure
   23.696943    0.70703024

CM Mom
-4.6386832e-17 2.4046797e-17 
2.5445175e-17  2.76709e-17   
1.687916e-16   2.9586145e-16 
2.6591591e-16  2.2238806e-16 

CM Pos
7.5042723      0.013524467   
7.4989946      0.027270016   
7.5038973      0.0090549233  
12.994544      0.018553924   

Stress
20.3832      0.0123038    -0.0390202    0.308379     0.0356104    0.0584349   
0.0123038    20.3843      0.0167455     0.0356104    0.341294     0.0642208   
-0.0390202   0.0167455    20.4198       0.0584349    0.0642208    0.326872    

Stress Spherical
0            0            0             0            0            0           
0            0            0             0            0            0           
0            0            0             0            0            0           

Inertia
150.161      -56.2397     -56.2985      1.0482       0.308235     0.14257     
-56.2397     150.228      -56.2594      0.308235     1.20914      0.208504    
-56.2985     -56.2594     150.155       0.14257      0.208504     0.80497     

Bond Length
0.6197723     0.0054458387

BB bond length
0.6197723     0.0054458387

Water EE distance
0             0           

PEG EE distance
7.0240299     0.17136487  

BBB P2(x)
0.46643135    0.063959797 

BBB first bond length
0.61992018    0.0056120065

BBB second bond length
0.61968786    0.005474263 

BBB <phi**2>/<phi>**2
1.2176803     0.01666227  

Time = 2000
Temperature
1.0065146     0.0079445273

Pressure
23.172505     0.10244307  

CM Mom
-5.4905775e-17 2.3652524e-17 
-1.5318304e-17 2.62255e-17   
3.4843479e-17  6.0968308e-17 
8.7350242e-17  4.2398716e-17 

CM Pos
7.5020456      0.013552949   
7.5016665      0.011506839   
7.502116       0.010522598   
12.993759      0.009989263   

Stress
20.1492      0.0182681    -0.0387577    0.101014     0.0773159    0.0614917   
0.0182681    20.1317      -0.0114321    0.0773159    0.110843     0.0928846   
-0.0387577   -0.0114321   20.1959       0.0614917    0.0928846    0.144977    

Stress Spherical
0            0            0             0            0            0           
0            0            0             0            0            0           
0            0            0             0            0            0           

Inertia
149.946      -56.2685     -56.2563      0.393057     0.191        0.105091    
-56.2685     149.927      -56.2707      0.191        0.270852     0.127433    
-56.2563     -56.2707     149.932       0.105091     0.127433     0.25286     

Bond Length
0.6179401     0.0027658998

BB bond length
0.6179401     0.0027658998

Water EE distance
0             0           

PEG EE distance
7.1421916     0.13618414  

BBB P2(x)
0.50874222    0.0064653279

BBB first bond length
0.61781904    0.0027516948

BBB second bond length
0.61814672    0.0027356583

BBB <phi**2>/<phi>**2
1.2204569     0.008708836 

