Time = 1000
Temperature
   1.0167498   0.033838248

Pressure
    23.75314   0.090612566

CM Mom
1.5492568e-17  2.7055078e-17 
-1.0922932e-17 2.0410543e-17 
-1.3995675e-17 3.2621655e-17 
4.7915318e-17  2.1727198e-17 

CM Pos
7.5010195      0.017079898   
7.4931373      0.017791876   
7.497695       0.012902928   
12.985701      0.013410935   

Stress
20.7119      0.00878311   0.0129305     0.138234     0.0271772    0.0679993   
0.00878311   20.6779      -0.037543     0.0271772    0.131289     0.0566255   
0.0129305    -0.037543    20.7198       0.0679993    0.0566255    0.11183     

Stress Spherical
0            0            0             0            0            0           
0            0            0             0            0            0           
0            0            0             0            0            0           

Inertia
149.901      -56.1987     -56.2388      0.278121     0.211109     0.177247    
-56.1987     150.01       -56.193       0.211109     0.350692     0.162669    
-56.2388     -56.193      149.928       0.177247     0.162669     0.402941    

Bond Length
0.61115275    0.012869656 

BB bond length
0.61115275    0.012869656 

Water EE distance
0             0           

PEG EE distance
7.8691627     0.46184743  

BBB P2(x)
0.45598931    0.057887828 

BBB first bond length
0.61170165    0.012498603 

BBB second bond length
0.61168585    0.012494904 

BBB <phi**2>/<phi>**2
1.2103232     0.03046655  

Time = 2000
Temperature
1.0072389     0.0061232776

Pressure
23.672829     0.10542731  

CM Mom
9.8115028e-18  2.0507642e-17 
-1.6666505e-17 2.2031735e-17 
-3.609294e-17  1.1581701e-17 
4.9015404e-17  1.7729213e-17 

CM Pos
7.4973154      0.0089193502  
7.4999528      0.01113096    
7.5003619      0.018269138   
12.989027      0.012978926   

Stress
20.6655      -0.00115469  0.00503423    0.141053     0.073164     0.0465961   
-0.00115469  20.6285      -0.0307409    0.073164     0.119411     0.0681946   
0.00503423   -0.0307409   20.6603       0.0465961    0.0681946    0.116202    

Stress Spherical
0            0            0             0            0            0           
0            0            0             0            0            0           
0            0            0             0            0            0           

Inertia
149.993      -56.2192     -56.2189      0.279495     0.0965997    0.108545    
-56.2192     149.938      -56.2152      0.0965997    0.337369     0.146775    
-56.2189     -56.2152     149.945       0.108545     0.146775     0.207984    

Bond Length
0.62250252    0.0099541045

BB bond length
0.62250252    0.0099541045

Water EE distance
0             0           

PEG EE distance
8.2754772     0.51110997  

BBB P2(x)
0.52568382    0.045481417 

BBB first bond length
0.62134393    0.0095906716

BBB second bond length
0.62191251    0.009251122 

BBB <phi**2>/<phi>**2
1.2315299     0.040673674 

Time = 3000
Temperature
1.0107642     0.0049143375

Pressure
23.74478      0.057540787 

CM Mom
-2.2986628e-18 2.0020057e-17 
-1.3107546e-17 1.1484155e-17 
-4.8975541e-17 3.2852343e-17 
5.6838633e-17  3.0935902e-17 

CM Pos
7.4968709      0.014668115   
7.4937299      0.014245218   
7.5034733      0.017307163   
12.986976      0.018288429   

Stress
20.7303      0.0406839    -0.0191405    0.0765992    0.070714     0.052828    
0.0406839    20.6906      0.0278143     0.070714     0.0752028    0.0518855   
-0.0191405   0.0278143    20.7175       0.052828     0.0518855    0.101585    

Stress Spherical
0            0            0             0            0            0           
0            0            0             0            0            0           
0            0            0             0            0            0           

Inertia
149.957      -56.1799     -56.2435      0.486829     0.142031     0.171735    
-56.1799     150.007      -56.244       0.142031     0.318703     0.253864    
-56.2435     -56.244      149.86        0.171735     0.253864     0.350044    

Bond Length
0.62052619    0.010992358 

BB bond length
0.62052619    0.010992358 

Water EE distance
0             0           

PEG EE distance
7.7156973     0.53493829  

BBB P2(x)
0.50164029    0.060164073 

BBB first bond length
0.62091052    0.011045872 

BBB second bond length
0.61998729    0.010945822 

BBB <phi**2>/<phi>**2
1.2317213     0.04151145  

Time = 4000
Temperature
1.0070985     0.0088276156

Pressure
23.635391     0.076105428 

CM Mom
-6.7269711e-18 3.162437e-17  
-2.696957e-17  1.9453176e-17 
-3.9247656e-17 1.9276912e-17 
6.136592e-17   1.72435e-17   

CM Pos
7.4899073      0.0082280384  
7.4998046      0.0095619535  
7.5015472      0.0083498634  
12.985343      0.0092624775  

Stress
20.569       -0.0266716   0.029514      0.113542     0.0623984    0.0761271   
-0.0266716   20.6502      0.000239132   0.0623984    0.1109       0.0642295   
0.029514     0.000239132  20.6239       0.0761271    0.0642295    0.135072    

Stress Spherical
0            0            0             0            0            0           
0            0            0             0            0            0           
0            0            0             0            0            0           

Inertia
150.023      -56.1789     -56.2279      0.220671     0.117262     0.158328    
-56.1789     149.872      -56.2368      0.117262     0.186886     0.139084    
-56.2279     -56.2368     149.838       0.158328     0.139084     0.193081    

Bond Length
0.61910231    0.0064143423

BB bond length
0.61910231    0.0064143423

Water EE distance
0             0           

PEG EE distance
7.9321704     0.69309733  

BBB P2(x)
0.53972971    0.064597115 

BBB first bond length
0.61867655    0.0058092943

BBB second bond length
0.61884254    0.006406745 

BBB <phi**2>/<phi>**2
1.2425776     0.037533424 

Time = 5000
Temperature
1.0078749     0.010826087 

Pressure
23.687096     0.091366162 

CM Mom
-6.6055199e-18 9.1166991e-18 
-2.6908433e-17 7.0725441e-18 
-1.4397862e-17 1.8538543e-17 
3.7003547e-17  9.0854425e-18 

CM Pos
7.4974636      0.0073799345  
7.5005454      0.017151082   
7.4975468      0.01273252    
12.987831      0.010186348   

Stress
20.6844      -0.00334421  0.0592449     0.108591     0.0408107    0.0510292   
-0.00334421  20.6534      0.0027745     0.0408107    0.139112     0.0615472   
0.0592449    0.0027745    20.6535       0.0510292    0.0615472    0.115609    

Stress Spherical
0            0            0             0            0            0           
0            0            0             0            0            0           
0            0            0             0            0            0           

Inertia
149.976      -56.2408     -56.2257      0.269772     0.191453     0.110877    
-56.2408     149.918      -56.2034      0.191453     0.250672     0.0794643   
-56.2257     -56.2034     149.963       0.110877     0.0794643    0.266259    

Bond Length
0.62032158    0.010391316 

BB bond length
0.62032158    0.010391316 

Water EE distance
0             0           

PEG EE distance
8.5585594     1.195066    

BBB P2(x)
0.50976832    0.041316225 

BBB first bond length
0.62047133    0.010547538 

BBB second bond length
0.62044622    0.01042433  

BBB <phi**2>/<phi>**2
1.2021811     0.040911129 

Time = 6000
Temperature
1.0166151     0.0077847561

Pressure
23.71263      0.078208979 

CM Mom
6.1575487e-18  1.2784623e-17 
-4.3947242e-17 3.3996581e-17 
-2.2275193e-17 2.0944415e-17 
5.8344168e-17  2.8623424e-17 

CM Pos
7.4983526      0.0099622257  
7.5045458      0.016176906   
7.5034733      0.010248967   
12.994075      0.0091326617  

Stress
20.6332      0.000296832  0.00665977    0.0504306    0.0687712    0.0761007   
0.000296832  20.6977      -0.0321589    0.0687712    0.145674     0.0289556   
0.00665977   -0.0321589   20.6583       0.0761007    0.0289556    0.0802684   

Stress Spherical
0            0            0             0            0            0           
0            0            0             0            0            0           
0            0            0             0            0            0           

Inertia
150.109      -56.2946     -56.2886      0.280149     0.130849     0.136282    
-56.2946     150.01       -56.322       0.130849     0.25024      0.137299    
-56.2886     -56.322      150.032       0.136282     0.137299     0.176839    

Bond Length
0.61985794    0.011987541 

BB bond length
0.61985794    0.011987541 

Water EE distance
0             0           

PEG EE distance
7.3534099     0.61296468  

BBB P2(x)
0.48878088    0.042153857 

BBB first bond length
0.62013403    0.01292425  

BBB second bond length
0.61998089    0.012351782 

BBB <phi**2>/<phi>**2
1.200751      0.017396014 

Time = 7000
Temperature
1.0112639     0.0067241511

Pressure
23.696642     0.05982063  

CM Mom
1.4682025e-17  1.1403103e-17 
-4.8702276e-17 1.6925058e-17 
-1.3808289e-17 2.3415216e-17 
5.8549619e-17  1.7743878e-17 

CM Pos
7.5063533      0.0088166192  
7.5021752      0.010631647   
7.4982876      0.013530759   
12.99433       0.0074336619  

Stress
20.6602      0.00302659   0.000336024   0.10571      0.0422402    0.0767534   
0.00302659   20.6397      0.00567757    0.0422402    0.122836     0.0684209   
0.000336024  0.00567757   20.6896       0.0767534    0.0684209    0.10949     

Stress Spherical
0            0            0             0            0            0           
0            0            0             0            0            0           
0            0            0             0            0            0           

Inertia
150.008      -56.3029     -56.2746      0.17001      0.112879     0.136929    
-56.3029     150.069      -56.2075      0.112879     0.237625     0.122304    
-56.2746     -56.2075     150.114       0.136929     0.122304     0.195578    

Bond Length
0.62038392    0.0082533199

BB bond length
0.62038392    0.0082533199

Water EE distance
0             0           

PEG EE distance
6.0432061     0.6668356   

BBB P2(x)
0.50789138    0.032764884 

BBB first bond length
0.62039199    0.0085902728

BBB second bond length
0.62024652    0.0077372377

BBB <phi**2>/<phi>**2
1.2191882     0.045520266 

Time = 8000
Temperature
1.0080413     0.0089416825

Pressure
23.717179     0.080635762 

CM Mom
2.798148e-17   1.6796577e-17 
-5.7579386e-17 1.6486156e-17 
-1.2446418e-17 3.3341247e-17 
7.5440004e-17  1.5087248e-17 

CM Pos
7.5025011      0.0189793     
7.5041013      0.0098101217  
7.4978431      0.016539241   
12.992965      0.017565811   

Stress
20.7249      0.0236681    -0.0232691    0.133286     0.0627216    0.0402379   
0.0236681    20.6557      -0.0243452    0.0627216    0.0921576    0.0815866   
-0.0232691   -0.0243452   20.6995       0.0402379    0.0815866    0.0871889   

Stress Spherical
0            0            0             0            0            0           
0            0            0             0            0            0           
0            0            0             0            0            0           

Inertia
150.006      -56.2671     -56.2097      0.306366     0.141264     0.209858    
-56.2671     149.978      -56.2583      0.141264     0.374953     0.145178    
-56.2097     -56.2583     150.085       0.209858     0.145178     0.339139    

Bond Length
0.62152248    0.009851639 

BB bond length
0.62152248    0.009851639 

Water EE distance
0             0           

PEG EE distance
7.5133857     0.91740508  

BBB P2(x)
0.50111429    0.045985731 

BBB first bond length
0.62189075    0.010608893 

BBB second bond length
0.62140905    0.0093277618

BBB <phi**2>/<phi>**2
1.2194222     0.02038117  

Time = 9000
Temperature
1.0113338     0.0056735487

Pressure
23.703271     0.07563242  

CM Mom
1.4502042e-17  1.6968217e-17 
-8.5418442e-17 2.2280455e-17 
-2.1499057e-17 1.7898846e-17 
9.2503298e-17  2.2730519e-17 

CM Pos
7.4953893      0.012642549   
7.4987675      0.011415267   
7.4962133      0.0089928828  
12.984829      0.012802858   

Stress
20.641       0.0279145    -0.0115891    0.0990454    0.0928738    0.0422457   
0.0279145    20.7232      1.99734e-05   0.0928738    0.0966766    0.0373836   
-0.0115891   1.99734e-05  20.6445       0.0422457    0.0373836    0.104864    

Stress Spherical
0            0            0             0            0            0           
0            0            0             0            0            0           
0            0            0             0            0            0           

Inertia
149.924      -56.2285     -56.1952      0.279175     0.11681      0.161572    
-56.2285     149.875      -56.2228      0.11681      0.251786     0.132554    
-56.1952     -56.2228     149.905       0.161572     0.132554     0.247182    

Bond Length
0.6166597     0.0082111345

BB bond length
0.6166597     0.0082111345

Water EE distance
0             0           

PEG EE distance
9.05277       0.58408344  

BBB P2(x)
0.49536429    0.057808332 

BBB first bond length
0.61674968    0.0091350014

BBB second bond length
0.61571636    0.0068122445

BBB <phi**2>/<phi>**2
1.2072326     0.034183501 

Time = 10000
Temperature
1.0093673     0.0055917884

Pressure
23.737206     0.069699967 

CM Mom
1.8070459e-17  1.2458481e-17 
-5.868259e-17  1.6815067e-17 
-3.8943206e-17 3.4048186e-17 
8.1108863e-17  1.7474344e-17 

CM Pos
7.5027974      0.009716813   
7.5063238      0.013309109   
7.4984358      0.0097032483  
12.994756      0.0088293121  

Stress
20.7207      -0.0157409   -0.00530883   0.133799     0.0612282    0.0503654   
-0.0157409   20.6963      -0.00980729   0.0612282    0.122045     0.090181    
-0.00530883  -0.00980729  20.7112       0.0503654    0.090181     0.0662111   

Stress Spherical
0            0            0             0            0            0           
0            0            0             0            0            0           
0            0            0             0            0            0           

Inertia
150.054      -56.2911     -56.2662      0.263557     0.145234     0.0802335   
-56.2911     150.011      -56.2758      0.145234     0.125732     0.162385    
-56.2662     -56.2758     150.141       0.0802335    0.162385     0.214965    

Bond Length
0.62127257    0.011686835 

BB bond length
0.62127257    0.011686835 

Water EE distance
0             0           

PEG EE distance
9.41589       0.82498156  

BBB P2(x)
0.50689751    0.043699177 

BBB first bond length
0.62203636    0.012839718 

BBB second bond length
0.62195952    0.012099095 

BBB <phi**2>/<phi>**2
1.2356054     0.04127926  

Time = 11000
Temperature
1.0130321     0.0047816126

Pressure
23.72849      0.049253349 

CM Mom
1.2814062e-17  1.9920554e-17 
-4.3560133e-17 1.2557408e-17 
-2.1369792e-17 2.8760781e-17 
6.0126841e-17  1.6876488e-17 

CM Pos
7.5007232      0.018898161   
7.5061756      0.017045804   
7.4914721      0.017025187   
12.989463      0.021260554   

Stress
20.6932      -0.0220493   0.029382      0.100215     0.0565012    0.0645858   
-0.0220493   20.6894      -0.00282502   0.0565012    0.0914668    0.04984     
0.029382     -0.00282502  20.6865       0.0645858    0.04984      0.0862925   

Stress Spherical
0            0            0             0            0            0           
0            0            0             0            0            0           
0            0            0             0            0            0           

Inertia
149.977      -56.3017     -56.2274      0.39998      0.287051     0.14589     
-56.3017     149.894      -56.1953      0.287051     0.317823     0.232423    
-56.2274     -56.1953     150.096       0.14589      0.232423     0.482366    

Bond Length
0.61856851    0.010135326 

BB bond length
0.61856851    0.010135326 

Water EE distance
0             0           

PEG EE distance
7.942947      0.39652582  

BBB P2(x)
0.54107394    0.048478571 

BBB first bond length
0.6185534     0.010193374 

BBB second bond length
0.61924733    0.0099674199

BBB <phi**2>/<phi>**2
1.2305891     0.022083995 

Time = 12000
Temperature
1.0120907     0.0040763851

Pressure
23.755872     0.047055896 

CM Mom
-6.0818816e-18 2.061667e-17  
-1.8875382e-17 8.7363784e-18 
-2.4646644e-17 9.7783784e-18 
3.868605e-17   1.0055048e-17 

CM Pos
7.5076868      0.019769602   
7.4955079      0.020532176   
7.501399       0.0120085     
12.993067      0.012701863   

Stress
20.727       -0.0394295   0.0150652     0.0807576    0.0512738    0.0776245   
-0.0394295   20.7142      0.0214034     0.0512738    0.113832     0.0887099   
0.0150652    0.0214034    20.7186       0.0776245    0.0887099    0.109021    

Stress Spherical
0            0            0             0            0            0           
0            0            0             0            0            0           
0            0            0             0            0            0           

Inertia
149.941      -56.2867     -56.3097      0.311547     0.187898     0.197201    
-56.2867     150.115      -56.235       0.187898     0.433201     0.148746    
-56.3097     -56.235      150.028       0.197201     0.148746     0.29314     

Bond Length
0.62041159    0.010081721 

BB bond length
0.62041159    0.010081721 

Water EE distance
0             0           

PEG EE distance
7.0597755     1.1037444   

BBB P2(x)
0.51841783    0.036186484 

BBB first bond length
0.62135753    0.0099033404

BBB second bond length
0.62028886    0.0094559874

BBB <phi**2>/<phi>**2
1.2378395     0.044203972 

Time = 13000
Temperature
1.0096042     0.008715763 

Pressure
23.690673     0.081340448 

CM Mom
-2.5141633e-17 1.4266402e-17 
-1.20382e-17   2.0366849e-17 
-2.9937859e-17 1.4736519e-17 
4.7280353e-17  1.6533823e-17 

CM Pos
7.5013158      0.015985796   
7.497434       0.011350662   
7.5024362      0.013720866   
12.991087      0.0048774972  

Stress
20.684       -0.0129158   0.0278812     0.113977     0.0584259    0.0663065   
-0.0129158   20.6682      0.0528467     0.0584259    0.139847     0.0523012   
0.0278812    0.0528467    20.6343       0.0663065    0.0523012    0.135915    

Stress Spherical
0            0            0             0            0            0           
0            0            0             0            0            0           
0            0            0             0            0            0           

Inertia
150.001      -56.2309     -56.2599      0.212743     0.136274     0.128508    
-56.2309     150.039      -56.2795      0.136274     0.224526     0.130687    
-56.2599     -56.2795     149.972       0.128508     0.130687     0.258243    

Bond Length
0.62088346    0.010334373 

BB bond length
0.62088346    0.010334373 

Water EE distance
0             0           

PEG EE distance
7.687197      0.54926819  

BBB P2(x)
0.51258875    0.039439705 

BBB first bond length
0.62102384    0.010122967 

BBB second bond length
0.62070499    0.0098562763

BBB <phi**2>/<phi>**2
1.228457      0.028070859 

Time = 14000
Temperature
1.0101697     0.0074551137

Pressure
23.688619     0.10566685  

CM Mom
-1.2815707e-17 1.8716226e-17 
-1.5776594e-17 1.6798187e-17 
-2.6329689e-17 1.1950888e-17 
4.1023049e-17  1.4099828e-17 

CM Pos
7.500575       0.011812207   
7.4977303      0.0097933245  
7.503177       0.0085640138  
12.991247      0.007560514   

Stress
20.6218      0.0233314    -0.00387009   0.137161     0.0554379    0.0671487   
0.0233314    20.685       -0.00552725   0.0554379    0.143032     0.0743823   
-0.00387009  -0.00552725  20.6685       0.0671487    0.0743823    0.106003    

Stress Spherical
0            0            0             0            0            0           
0            0            0             0            0            0           
0            0            0             0            0            0           

Inertia
150.01       -56.2565     -56.2637      0.166462     0.139142     0.0969168   
-56.2565     150.052      -56.2467      0.139142     0.220825     0.0858999   
-56.2637     -56.2467     149.972       0.0969168    0.0858999    0.265869    

Bond Length
0.62205377    0.010223604 

BB bond length
0.62205377    0.010223604 

Water EE distance
0             0           

PEG EE distance
9.2245721     0.63688519  

BBB P2(x)
0.5121518     0.03844328  

BBB first bond length
0.62180157    0.0089491175

BBB second bond length
0.62332319    0.010860392 

BBB <phi**2>/<phi>**2
1.2289403     0.041416025 

Time = 15000
Temperature
1.0128145     0.0076314431

Pressure
23.69689      0.09441059  

CM Mom
2.9648076e-17  1.3664629e-17 
1.2189397e-17  1.6301953e-17 
-2.6756276e-17 1.4863362e-17 
4.6164249e-17  1.690401e-17  

CM Pos
7.5007232      0.010957036   
7.5052866      0.016694468   
7.4957688      0.013035799   
12.991426      0.012190836   

Stress
20.6922      0.0326216    -0.000159131  0.123028     0.054539     0.0682507   
0.0326216    20.6447      0.000592566   0.054539     0.116386     0.0715241   
-0.000159131 0.000592566  20.6393       0.0682507    0.0715241    0.126386    

Stress Spherical
0            0            0             0            0            0           
0            0            0             0            0            0           
0            0            0             0            0            0           

Inertia
150.022      -56.2886     -56.1925      0.267147     0.130177     0.128236    
-56.2886     149.942      -56.2545      0.130177     0.306957     0.180006    
-56.1925     -56.2545     150.082       0.128236     0.180006     0.328844    

Bond Length
0.61395944    0.007017984 

BB bond length
0.61395944    0.007017984 

Water EE distance
0             0           

PEG EE distance
8.0041458     1.186908    

BBB P2(x)
0.56010413    0.024553579 

BBB first bond length
0.61329342    0.0081663377

BBB second bond length
0.61349836    0.0069137377

BBB <phi**2>/<phi>**2
1.2337597     0.05907435  

Time = 16000
Temperature
1.0108031     0.0098566   

Pressure
23.734819     0.089020674 

CM Mom
3.4061991e-17  1.4444351e-17 
-1.3334958e-18 7.2211548e-18 
-1.8647832e-17 1.8480888e-17 
4.4367388e-17  1.1983387e-17 

CM Pos
7.5054644      0.0075388508  
7.4998046      0.0071133567  
7.4984358      0.011175246   
12.992529      0.0046989145  

Stress
20.7337      -0.00786592  -0.00609589   0.0622747    0.0757016    0.0865462   
-0.00786592  20.6498      -0.0272404    0.0757016    0.136055     0.0484379   
-0.00609589  -0.0272404   20.7247       0.0865462    0.0484379    0.13936     

Stress Spherical
0            0            0             0            0            0           
0            0            0             0            0            0           
0            0            0             0            0            0           

Inertia
149.965      -56.2867     -56.2511      0.161602     0.0896905    0.0823891   
-56.2867     150.043      -56.2333      0.0896905    0.136989     0.0899103   
-56.2511     -56.2333     150.069       0.0823891    0.0899103    0.167086    

Bond Length
0.62020035    0.0093100178

BB bond length
0.62020035    0.0093100178

Water EE distance
0             0           

PEG EE distance
8.0764889     0.88184098  

BBB P2(x)
0.52973457    0.025109627 

BBB first bond length
0.62022488    0.0083193955

BBB second bond length
0.61941675    0.0092587278

BBB <phi**2>/<phi>**2
1.2078131     0.037035158 

Time = 17000
Temperature
1.0130039     0.008016636 

Pressure
23.66627      0.085473978 

CM Mom
2.1586924e-17  1.3341848e-17 
1.3776624e-17  2.1167973e-17 
-2.5488304e-18 2.152457e-17  
4.0319816e-17  1.1224739e-17 

CM Pos
7.4952411      0.018252308   
7.5081017      0.011350662   
7.4928056      0.010477738   
12.988177      0.013553109   

Stress
20.6078      -0.00464138  0.000958487   0.107584     0.0893516    0.0675083   
-0.00464138  20.6302      0.0303106     0.0893516    0.0917007    0.0737969   
0.000958487  0.0303106    20.6446       0.0675083    0.0737969    0.133921    

Stress Spherical
0            0            0             0            0            0           
0            0            0             0            0            0           
0            0            0             0            0            0           

Inertia
150.023      -56.2808     -56.165       0.257871     0.1645       0.177597    
-56.2808     149.822      -56.2603      0.1645       0.272488     0.112808    
-56.165      -56.2603     150.052       0.177597     0.112808     0.240928    

Bond Length
0.62043747    0.010403732 

BB bond length
0.62043747    0.010403732 

Water EE distance
0             0           

PEG EE distance
7.3117764     0.9656911   

BBB P2(x)
0.53644016    0.044501309 

BBB first bond length
0.62030237    0.010752514 

BBB second bond length
0.6206263     0.01045356  

BBB <phi**2>/<phi>**2
1.2220315     0.04817492  

Time = 18000
Temperature
1.0114199     0.0093005319

Pressure
23.674557     0.0829426   

CM Mom
1.9756794e-17  2.4671984e-17 
-1.5196205e-17 2.0169256e-17 
-4.4183016e-18 2.2293104e-17 
4.0407128e-17  2.2815107e-17 

CM Pos
7.5007232      0.014094167   
7.4968413      0.010689306   
7.4987321      0.01259035    
12.988257      0.010557554   

Stress
20.6494      0.0136746    0.0255686     0.12952      0.0464231    0.0895919   
0.0136746    20.6575      -0.024425     0.0464231    0.0660144    0.0436318   
0.0255686    -0.024425    20.6149       0.0895919    0.0436318    0.103248    

Stress Spherical
0            0            0             0            0            0           
0            0            0             0            0            0           
0            0            0             0            0            0           

Inertia
149.903      -56.265      -56.267       0.306595     0.117733     0.166634    
-56.265      150.003      -56.2102      0.117733     0.261783     0.132692    
-56.267      -56.2102     149.955       0.166634     0.132692     0.245471    

Bond Length
0.61870268    0.015197373 

BB bond length
0.61870268    0.015197373 

Water EE distance
0             0           

PEG EE distance
7.0082289     0.57419955  

BBB P2(x)
0.5117049     0.05244278  

BBB first bond length
0.6184805     0.015849946 

BBB second bond length
0.61970195    0.016123587 

BBB <phi**2>/<phi>**2
1.2277595     0.056275689 

Time = 19000
Temperature
1.0144239     0.0082618352

Pressure
23.721571     0.043393015 

CM Mom
-1.0607104e-18 2.1310686e-17 
3.5368037e-17  1.8289619e-17 
8.3298255e-18  8.8040553e-18 
4.2975218e-17  1.8458242e-17 

CM Pos
7.4983526      0.015168425   
7.5017307      0.019087139   
7.5043623      0.0082080041  
12.992958      0.020601863   

Stress
20.6728      -0.0293802   0.00975355    0.0708629    0.0528725    0.0480953   
-0.0293802   20.662       -0.00364307   0.0528725    0.102174     0.0501616   
0.00975355   -0.00364307  20.701        0.0480953    0.0501616    0.0618413   

Stress Spherical
0            0            0             0            0            0           
0            0            0             0            0            0           
0            0            0             0            0            0           

Inertia
150.082      -56.2668     -56.277       0.32337      0.263522     0.14491     
-56.2668     150.015      -56.2975      0.263522     0.281176     0.202265    
-56.277      -56.2975     149.977       0.14491      0.202265     0.486934    

Bond Length
0.61900458    0.010297331 

BB bond length
0.61900458    0.010297331 

Water EE distance
0             0           

PEG EE distance
7.735687      0.46409216  

BBB P2(x)
0.53192278    0.047003142 

BBB first bond length
0.61873085    0.0097276623

BBB second bond length
0.61811397    0.0096367789

BBB <phi**2>/<phi>**2
1.2385268     0.04677223  

Time = 20000
Temperature
1.0111999     0.0056088068

Pressure
23.730625     0.050072462 

CM Mom
-1.2286585e-17 1.9277211e-17 
5.2249309e-17  1.7467442e-17 
-2.1266572e-17 1.8644861e-17 
6.3963315e-17  1.6317632e-17 

CM Pos
7.5041309      0.010324724   
7.5048421      0.013554263   
7.4988803      0.0094916737  
12.994924      0.012978114   

Stress
20.6584      -0.00912719  0.0158942     0.088387     0.0483594    0.0712632   
-0.00912719  20.7281      0.0926216     0.0483594    0.0857069    0.0579875   
0.0158942    0.0926216    20.7055       0.0712632    0.0579875    0.0993577   

Stress Spherical
0            0            0             0            0            0           
0            0            0             0            0            0           
0            0            0             0            0            0           

Inertia
150.032      -56.2683     -56.2854      0.25975      0.131821     0.161281    
-56.2683     150.027      -56.2751      0.131821     0.297374     0.158227    
-56.2854     -56.2751     150.118       0.161281     0.158227     0.311246    

Bond Length
0.62047117    0.0041808959

BB bond length
0.62047117    0.0041808959

Water EE distance
0             0           

PEG EE distance
6.700516      1.1596001   

BBB P2(x)
0.53849716    0.035304708 

BBB first bond length
0.62009543    0.0044414059

BBB second bond length
0.62096866    0.0037801566

BBB <phi**2>/<phi>**2
1.2328826     0.031316837 

Time = 21000
Temperature
1.0057975     0.0072096714

Pressure
23.68838      0.068830748 

CM Mom
-2.6138054e-17 2.280786e-17  
5.5915532e-17  1.1085488e-17 
-4.2000733e-18 1.2106697e-17 
6.6510644e-17  1.3906046e-17 

CM Pos
7.4967228      0.016562452   
7.4986193      0.015153946   
7.5002137      0.012625173   
12.987829      0.017690082   

Stress
20.6589      -0.0172433   -0.00420383   0.124482     0.0529487    0.0716377   
-0.0172433   20.6736      -0.0246944    0.0529487    0.0979025    0.057877    
-0.00420383  -0.0246944   20.6813       0.0716377    0.057877     0.101004    

Stress Spherical
0            0            0             0            0            0           
0            0            0             0            0            0           
0            0            0             0            0            0           

Inertia
149.996      -56.2254     -56.2189      0.332291     0.162325     0.144526    
-56.2254     149.977      -56.2107      0.162325     0.286825     0.154541    
-56.2189     -56.2107     149.944       0.144526     0.154541     0.411004    

Bond Length
0.61638952    0.008812969 

BB bond length
0.61638952    0.008812969 

Water EE distance
0             0           

PEG EE distance
7.6108383     0.42481079  

BBB P2(x)
0.51701743    0.030089604 

BBB first bond length
0.61669235    0.0087711239

BBB second bond length
0.61564344    0.0099478489

BBB <phi**2>/<phi>**2
1.2111998     0.03095354  

Time = 22000
Temperature
1.0122238     0.0092087981

Pressure
23.736038     0.096086863 

CM Mom
-3.7094707e-17 1.5267536e-17 
3.8820795e-17  1.4103238e-17 
6.7546609e-18  1.5436899e-17 
5.8932574e-17  1.1222541e-17 

CM Pos
7.5001305      0.019206949   
7.5052866      0.012178224   
7.5003619      0.015357557   
12.993737      0.015997411   

Stress
20.666       0.0255974    0.00933578    0.1426       0.112223     0.0649549   
0.0255974    20.7231      0.0233647     0.112223     0.101491     0.0605961   
0.00933578   0.0233647    20.71         0.0649549    0.0605961    0.134511    

Stress Spherical
0            0            0             0            0            0           
0            0            0             0            0            0           
0            0            0             0            0            0           

Inertia
150.069      -56.2516     -56.2692      0.320391     0.156197     0.206695    
-56.2516     149.995      -56.3128      0.156197     0.374544     0.154786    
-56.2692     -56.3128     150.067       0.206695     0.154786     0.253172    

Bond Length
0.6200167     0.011468253 

BB bond length
0.6200167     0.011468253 

Water EE distance
0             0           

PEG EE distance
7.9519575     0.55889802  

BBB P2(x)
0.53957103    0.048041876 

BBB first bond length
0.61916643    0.01147123  

BBB second bond length
0.62070639    0.01211924  

BBB <phi**2>/<phi>**2
1.228091      0.040211485 

Time = 23000
Temperature
1.0096429     0.0070476068

Pressure
23.676455     0.097857385 

CM Mom
-5.2237589e-17 1.5951607e-17 
6.0996195e-17  2.2914813e-17 
4.8783358e-18  1.5731451e-17 
8.3370608e-17  2.3440614e-17 

CM Pos
7.4973154      0.019747381   
7.4989156      0.011805701   
7.4956207      0.013014732   
12.985699      0.010941282   

Stress
20.6558      -0.00188771  -0.0420438    0.110819     0.0634156    0.0740071   
-0.00188771  20.6387      0.000614884   0.0634156    0.127847     0.0644828   
-0.0420438   0.000614884  20.649        0.0740071    0.0644828    0.0991131   

Stress Spherical
0            0            0             0            0            0           
0            0            0             0            0            0           
0            0            0             0            0            0           

Inertia
149.914      -56.2661     -56.208       0.300732     0.152094     0.113945    
-56.2661     149.905      -56.2098      0.152094     0.276099     0.165791    
-56.208      -56.2098     149.947       0.113945     0.165791     0.320469    

Bond Length
0.62596715    0.012857175 

BB bond length
0.62596715    0.012857175 

Water EE distance
0             0           

PEG EE distance
5.5292568     0.86937935  

BBB P2(x)
0.50149117    0.053830951 

BBB first bond length
0.62605786    0.012659321 

BBB second bond length
0.62610319    0.013273678 

BBB <phi**2>/<phi>**2
1.2174841     0.023820127 

Time = 24000
Temperature
1.0163427     0.0044992704

Pressure
23.754724     0.084236988 

CM Mom
-7.2795296e-17 1.6032672e-17 
6.6052458e-17  1.6480113e-17 
-1.8436183e-17 1.8759072e-17 
1.0243748e-16  1.972516e-17  

CM Pos
7.5033901      0.0092301964  
7.5017307      0.0085061439  
7.50051        0.01262865    
12.993642      0.0086431176  

Stress
20.701       0.00562516   0.0116312     0.100329     0.0563629    0.0724113   
0.00562516   20.7537      0.0869442     0.0563629    0.10536      0.0806157   
0.0116312    0.0869442    20.6633       0.0724113    0.0806157    0.12044     

Stress Spherical
0            0            0             0            0            0           
0            0            0             0            0            0           
0            0            0             0            0            0           

Inertia
150.028      -56.2385     -56.3117      0.228917     0.121556     0.0929538   
-56.2385     150.052      -56.2719      0.121556     0.134053     0.165202    
-56.3117     -56.2719     150.076       0.0929538    0.165202     0.190738    

Bond Length
0.61719503    0.0055665887

BB bond length
0.61719503    0.0055665887

Water EE distance
0             0           

PEG EE distance
7.8895455     0.75531505  

BBB P2(x)
0.53794885    0.04406706  

BBB first bond length
0.61651586    0.0058587544

BBB second bond length
0.61626087    0.0057563439

BBB <phi**2>/<phi>**2
1.2248326     0.041957781 

Time = 25000
Temperature
1.0066813     0.0089481481

Pressure
23.667064     0.076066616 

CM Mom
-4.4770807e-17 2.6589902e-17 
3.9055747e-17  1.2576976e-17 
-4.3247184e-17 1.4575622e-17 
7.8713406e-17  1.679128e-17  

CM Pos
7.5011676      0.0093189561  
7.5058793      0.013996482   
7.4965097      0.014498771   
12.99245       0.011777897   

Stress
20.6648      -0.00395524  -0.0295184    0.088531     0.0653176    0.0633904   
-0.00395524  20.6288      0.0104823     0.0653176    0.093603     0.0793091   
-0.0295184   0.0104823    20.6484       0.0633904    0.0793091    0.127874    

Stress Spherical
0            0            0             0            0            0           
0            0            0             0            0            0           
0            0            0             0            0            0           

Inertia
150.023      -56.3007     -56.2517      0.337432     0.0915486    0.122078    
-56.3007     149.954      -56.2639      0.0915486    0.23016      0.185543    
-56.2517     -56.2639     150.096       0.122078     0.185543     0.156177    

Bond Length
0.62035445    0.010300881 

BB bond length
0.62035445    0.010300881 

Water EE distance
0             0           

PEG EE distance
8.3699826     0.31055421  

BBB P2(x)
0.50490538    0.044423138 

BBB first bond length
0.62205198    0.0098520073

BBB second bond length
0.62005535    0.010081499 

BBB <phi**2>/<phi>**2
1.2218706     0.033349453 

Time = 26000
Temperature
1.013256      0.011319243 

Pressure
23.677918     0.096128254 

CM Mom
-7.4094282e-17 1.7010376e-17 
2.578357e-17   2.3798614e-17 
-1.1223407e-17 2.5905135e-17 
8.7037841e-17  1.5229485e-17 

CM Pos
7.4980562      0.011731087   
7.5027679      0.011404685   
7.5021398      0.020446464   
12.992112      0.013324738   

Stress
20.681       -0.0320175   -0.0259603    0.193475     0.0791108    0.076466    
-0.0320175   20.6426      0.00826852    0.0791108    0.10462      0.0524248   
-0.0259603   0.00826852   20.5918       0.076466     0.0524248    0.101539    

Stress Spherical
0            0            0             0            0            0           
0            0            0             0            0            0           
0            0            0             0            0            0           

Inertia
150.07       -56.2274     -56.2534      0.335416     0.164649     0.142008    
-56.2274     150.002      -56.2712      0.164649     0.270842     0.162185    
-56.2534     -56.2712     150.006       0.142008     0.162185     0.317199    

Bond Length
0.61485924    0.017188005 

BB bond length
0.61485924    0.017188005 

Water EE distance
0             0           

PEG EE distance
7.7819645     0.47605584  

BBB P2(x)
0.51644425    0.045122332 

BBB first bond length
0.61406469    0.018007542 

BBB second bond length
0.61366625    0.017611028 

BBB <phi**2>/<phi>**2
1.2311015     0.043257231 

Time = 27000
Temperature
1.0162541     0.006627641 

Pressure
23.74182      0.066711128 

CM Mom
-7.1910217e-17 1.4080026e-17 
6.5032597e-18  2.2663606e-17 
1.8778056e-17  3.3716767e-17 
8.4338942e-17  1.7367684e-17 

CM Pos
7.4936113      0.018427662   
7.5055829      0.011651286   
7.50777        0.010522687   
12.994419      0.016353722   

Stress
20.694       -0.00487102  -0.0395899    0.11357      0.0721851    0.0804993   
-0.00487102  20.6884      0.0299252     0.0721851    0.089899     0.0706109   
-0.0395899   0.0299252    20.6976       0.0804993    0.0706109    0.0906942   

Stress Spherical
0            0            0             0            0            0           
0            0            0             0            0            0           
0            0            0             0            0            0           

Inertia
150.176      -56.1904     -56.2536      0.241823     0.167793     0.182083    
-56.1904     149.995      -56.3314      0.167793     0.395361     0.140212    
-56.2536     -56.3314     149.973       0.182083     0.140212     0.315272    

Bond Length
0.61911355    0.0088805633

BB bond length
0.61911355    0.0088805633

Water EE distance
0             0           

PEG EE distance
5.7171333     0.38686712  

BBB P2(x)
0.52082977    0.027774676 

BBB first bond length
0.61988825    0.0089801741

BBB second bond length
0.61969642    0.0083343812

BBB <phi**2>/<phi>**2
1.2327805     0.0417169   

Time = 28000
Temperature
1.0060581     0.0062633777

Pressure
23.714906     0.054445045 

CM Mom
-6.1809342e-17 1.098963e-17  
2.0138145e-17  1.4071818e-17 
5.8781835e-18  3.3847484e-17 
7.4513062e-17  1.3142924e-17 

CM Pos
7.5017603      0.015738765   
7.4980266      0.009648799   
7.5064366      0.011308034   
12.99399       0.0094577586  

Stress
20.68        -0.0194276   -0.00543866   0.128869     0.055901     0.0441484   
-0.0194276   20.6894      0.0345802     0.055901     0.14127      0.0654681   
-0.00543866  0.0345802    20.7216       0.0441484    0.0654681    0.0996791   

Stress Spherical
0            0            0             0            0            0           
