Time = 500
Temperature
   1.0415504   0.042862402

Pressure
   23.229106    0.16239815

CM Mom
4.5188603e-19  5.1233528e-17 
-1.2181705e-17 1.8500624e-17 
8.968263e-18   5.4068264e-17 
7.5745224e-17  1.9550284e-17 

CM Pos
7.5024052      0.0088325674  
7.5004574      0.023805544   
7.498168       0.017986211   
12.991         0.018633495   

Stress
20.1238      0.0211862    0.0194199     0.0691675    0.031067     0.0641045   
0.0211862    20.1399      0.0821324     0.031067     0.197838     0.051915    
0.0194199    0.0821324    20.0635       0.0641045    0.051915     0.0240904   

Stress Spherical
0            0            0             0            0            0           
0            0            0             0            0            0           
0            0            0             0            0            0           

Inertia
149.768      -56.3219     -56.2177      0.657709     0.289672     0.202602    
-56.3219     149.744      -56.1994      0.289672     0.244385     0.285023    
-56.2177     -56.1994     149.778       0.202602     0.285023     0.542321    

Bond Length
0.61866569    0.0048510251

BB bond length
0.61866569    0.0048510251

Water EE distance
0             0           

PEG EE distance
3.9338095     0.11870347  

Time = 1000
Temperature
1.0186006     0.0075200108

Pressure
23.133148     0.070991408 

CM Mom
-3.8858904e-17 1.9706074e-17 
-1.113188e-17  1.0096794e-17 
-3.2982738e-17 3.0800775e-17 
6.2967791e-17  1.3993351e-17 

CM Pos
7.5006248      0.008732308   
7.4927422      0.014062903   
7.4862986      0.012879842   
12.978656      0.011947433   

Stress
20.1029      -0.0176131   0.0167515     0.067409     0.0855989    0.0339831   
-0.0176131   20.078       -0.0312896    0.0855989    0.131327     0.0621841   
0.0167515    -0.0312896   20.0648       0.0339831    0.0621841    0.0933298   

Stress Spherical
0            0            0             0            0            0           
0            0            0             0            0            0           
0            0            0             0            0            0           

Inertia
149.51       -56.2806     -56.1519      0.405442     0.187724     0.0856277   
-56.2806     149.562      -56.0668      0.187724     0.192946     0.222216    
-56.1519     -56.0668     149.671       0.0856277    0.222216     0.120679    

Bond Length
0.61597791    0.0042748718

BB bond length
0.61597791    0.0042748718

Water EE distance
0             0           

PEG EE distance
3.5575807     0.18228983  

