Time = 1000
Temperature
   1.0220514   0.028536387

Pressure
    23.75564    0.13833348

CM Mom
-3.7383394e-17 1.0997647e-17 
1.7491852e-17  1.9254024e-17 
-9.3769652e-18 3.0745108e-17 
5.5754385e-17  1.0944697e-17 

CM Pos
7.4883046      0.014532798   
7.4975213      0.043911209   
7.5045514      0.022236267   
12.984918      0.01877825    

Stress
20.6786      0.00339022   -0.0223506    0.110789     0.0891381    0.0610543   
0.00339022   20.6814      -0.0176387    0.0891381    0.144349     0.0374207   
-0.0223506   -0.0176387   20.7095       0.0610543    0.0374207    0.130291    

Stress Spherical
0            0            0             0            0            0           
0            0            0             0            0            0           
0            0            0             0            0            0           

Inertia
150.032      -56.1377     -56.1624      0.418964     0.378865     0.170995    
-56.1377     149.859      -56.2753      0.378865     0.222372     0.223958    
-56.1624     -56.2753     149.783       0.170995     0.223958     0.831316    

Bond Length
0.56593476    0.022216367 

BB bond length
0.56593476    0.022216367 

Water EE distance
0             0           

PEG EE distance
2.3260976     0.69070965  

Time = 2000
Temperature
1.012399      0.0050613591

Pressure
23.739396     0.064780642 

CM Mom
-3.1327831e-17 2.513046e-17  
3.6455992e-17  1.2242607e-17 
-2.1575272e-17 2.5597704e-17 
6.2578501e-17  1.7220913e-17 

CM Pos
7.5060841      0.014103509   
7.4967805      0.016971592   
7.4929947      0.015135827   
12.988014      0.014142688   

Stress
20.6513      0.00486981   0.00192788    0.100372     0.0916371    0.0606751   
0.00486981   20.7019      0.0144        0.0916371    0.124832     0.0942718   
0.00192788   0.0144       20.7543       0.0606751    0.0942718    0.128275    

Stress Spherical
0            0            0             0            0            0           
0            0            0             0            0            0           
0            0            0             0            0            0           

Inertia
149.836      -56.2577     -56.2491      0.323593     0.222845     0.148215    
-56.2577     149.988      -56.2155      0.222845     0.220212     0.158393    
-56.2491     -56.2155     150.036       0.148215     0.158393     0.426978    

Bond Length
0.55852154    0.026855873 

BB bond length
0.55852154    0.026855873 

Water EE distance
0             0           

PEG EE distance
1.9546036     0.498137    

Time = 3000
Temperature
1.0126641     0.0031632445

Pressure
23.724638     0.042721246 

CM Mom
-5.4633851e-17 4.9189524e-17 
6.3015629e-17  2.7129362e-17 
-2.6129281e-17 2.793697e-17  
1.0361893e-16  2.8944269e-17 

CM Pos
7.5007503      0.011155585   
7.5073         0.010822984   
7.4974395      0.0036773035  
12.993558      0.010672988   

Stress
20.6758      0.0193025    -0.00566926   0.0654703    0.0403395    0.0585552   
0.0193025    20.693       -0.0515486    0.0403395    0.0731043    0.0682293   
-0.00566926  -0.0515486   20.6921       0.0585552    0.0682293    0.120337    

Stress Spherical
0            0            0             0            0            0           
0            0            0             0            0            0           
0            0            0             0            0            0           

Inertia
150.095      -56.3428     -56.225       0.194945     0.146201     0.0961403   
-56.3428     149.985      -56.2747      0.146201     0.178546     0.149138    
-56.225      -56.2747     150.137       0.0961403    0.149138     0.257208    

Bond Length
0.57052508    0.020827931 

BB bond length
0.57052508    0.020827931 

Water EE distance
0             0           

PEG EE distance
2.0344218     0.44692145  

