Time = 1000
Temperature
   1.1757351    0.27469472

Pressure
   23.809377      1.181392

CM Mom
2.2540417e-18  2.5741347e-17 
3.4818839e-17  2.8234803e-17 
1.3168076e-16  4.4040918e-16 
3.1961895e-16  3.3439654e-16 

CM Pos
7.5049885      0.022554086   
7.4900492      0.040548891   
7.4989166      0.015212219   
12.986931      0.038070428   

Stress
20.2582      0.00129137   -0.0254191    0.32523      0.0833388    0.0776848   
0.00129137   20.3252      -0.0151212    0.0833388    0.474471     0.0720128   
-0.0254191   -0.0151212   20.285        0.0776848    0.0720128    0.358651    

Stress Spherical
0            0            0             0            0            0           
0            0            0             0            0            0           
0            0            0             0            0            0           

Inertia
150.018      -56.199      -56.2856      1.08544      0.482179     0.248995    
-56.199      150.247      -56.1578      0.482179     1.25896      0.344212    
-56.2856     -56.1578     150.116       0.248995     0.344212     0.751265    

Bond Length
0.61955992    0.010055051 

BB bond length
0.61955992    0.010055051 

Water EE distance
0             0           

PEG EE distance
7.0817351     0.19808613  

BBB P2(x)
0.46653046    0.059996475 

BBB first bond length
0.61939555    0.010203144 

BBB second bond length
0.61957831    0.010012098 

BBB <phi**2>/<phi>**2
1.220928      0.012561087 

Time = 2000
Temperature
1.0118467     0.0092277425

Pressure
23.011738     0.051104214 

CM Mom
-6.7260023e-18 1.6430639e-17 
5.2339959e-17  1.8786556e-17 
1.7092314e-17  7.5971032e-17 
9.38317e-17    2.5825722e-17 

CM Pos
7.5066215      0.011983632   
7.5037071      0.0095104616  
7.5054487      0.0091079939  
12.999502      0.0047838503  

Stress
19.956       -0.0331322   0.0209494     0.119334     0.0709758    0.0539465   
-0.0331322   19.9969      -0.0246986    0.0709758    0.122707     0.0884547   
0.0209494    -0.0246986   19.9945       0.0539465    0.0884547    0.16211     

Stress Spherical
0            0            0             0            0            0           
0            0            0             0            0            0           
0            0            0             0            0            0           

Inertia
150.008      -56.3687     -56.3813      0.338851     0.100596     0.13647     
-56.3687     150.05       -56.3239      0.100596     0.443871     0.108367    
-56.3813     -56.3239     150.039       0.13647      0.108367     0.365504    

Bond Length
0.61847648    0.0012748087

BB bond length
0.61847648    0.0012748087

Water EE distance
0             0           

PEG EE distance
7.1128718     0.062837887 

BBB P2(x)
0.51567523    0.0062311689

BBB first bond length
0.61864155    0.0012785705

BBB second bond length
0.61858265    0.0013339174

BBB <phi**2>/<phi>**2
1.227665      0.00672256  

