Time = 1000
Temperature
   1.0720429    0.19879417

Pressure
   23.763283    0.59709923

CM Mom
5.2876291e-18  1.6351193e-17 
-3.2762947e-17 2.6163005e-17 
2.0659055e-17  2.2404626e-17 
5.0640359e-17  2.0434088e-17 

CM Pos
7.5023087      0.019106617   
7.500881       0.020613513   
7.4978064      0.016197623   
12.990982      0.020005471   

Stress
20.5498      0.00403701   -0.00234334   0.124638     0.074132     0.0653795   
0.00403701   20.5479      -0.00497383   0.074132     0.118432     0.0674287   
-0.00234334  -0.00497383  20.5485       0.0653795    0.0674287    0.128136    

Stress Spherical
0            0            0             0            0            0           
0            0            0             0            0            0           
0            0            0             0            0            0           

Inertia
149.944      -56.276      -56.2605      0.47397      0.218307     0.235163    
-56.276      149.96       -56.238       0.218307     0.368259     0.208456    
-56.2605     -56.238      150.014       0.235163     0.208456     0.554227    

Bond Length
0.57401521    0.019970995 

BB bond length
0.57401521    0.019970995 

Water EE distance
0             0           

PEG EE distance
2.3002102     0.28729306  

Time = 2000
Temperature
1.012499      0.0073733491

Pressure
23.537215     0.081930272 

CM Mom
3.2589749e-17  2.3587586e-17 
-1.6278145e-17 2.7614873e-17 
2.993168e-17   1.5157132e-17 
5.7274649e-17  2.2164924e-17 

CM Pos
7.5042504      0.01846926    
7.4996804      0.016746329   
7.4996592      0.011200631   
12.992472      0.016629799   

Stress
20.4889      0.00310036   -0.00151921   0.115733     0.0769886    0.0644646   
0.00310036   20.5117      -0.00212639   0.0769886    0.124606     0.0689953   
-0.00151921  -0.00212639  20.503        0.0644646    0.0689953    0.0983007   

Stress Spherical
0            0            0             0            0            0           
0            0            0             0            0            0           
0            0            0             0            0            0           

Inertia
149.981      -56.2919     -56.2779      0.343489     0.212493     0.167587    
-56.2919     150.026      -56.2541      0.212493     0.306324     0.17252     
-56.2779     -56.2541     150.056       0.167587     0.17252      0.466789    

Bond Length
0.57018795    0.0050041524

BB bond length
0.57018795    0.0050041524

Water EE distance
0             0           

PEG EE distance
2.1858728     0.11693159  

Time = 3000
Temperature
1.0104627     0.0083562057

Pressure
23.535767     0.092725012 

CM Mom
4.4656568e-17  2.3220257e-17 
-4.4321739e-17 1.8502281e-17 
4.0689501e-17  2.1386318e-17 
8.0575843e-17  2.146355e-17  

CM Pos
7.5014786      0.01306148    
7.4982723      0.011325081   
7.5015416      0.016237775   
12.991142      0.013781804   

Stress
20.5251      -0.00302836  0.00133135    0.117268     0.0690896    0.0681078   
-0.00302836  20.5023      -0.00930135   0.0690896    0.11128      0.0697968   
0.00133135   -0.00930135  20.4903       0.0681078    0.0697968    0.11865     

Stress Spherical
0            0            0             0            0            0           
0            0            0             0            0            0           
0            0            0             0            0            0           

Inertia
149.97       -56.2547     -56.2865      0.303496     0.15425      0.174613    
-56.2547     150.019      -56.2466      0.15425      0.305724     0.173782    
-56.2865     -56.2466     149.982       0.174613     0.173782     0.26127     

Bond Length
0.56965514    0.0043055371

BB bond length
0.56965514    0.0043055371

Water EE distance
0             0           

PEG EE distance
2.2033499     0.13965848  

